sequence_id,sequence,length,gc_content,source_organism
SEQ_453171,GGGGCAGACCGACTCGTTATTTACAATACTTGGCACCCTGTGCCTTAGTGATTCGGTCATATAGGGGTTTACACTGAACTAAGAGAACAGTCCCTGCGGCGGCTTACAAAAGCTGCAATTGTGCCAGTACTCCAAAAGGACCCCTTATTGGCGTCACTAATGTCTTTGCTGGTCTCGGTGGTGCGTGTAATTCAGGTCTCCCACCTCACCGATACTATGGATCTATTGAGCCGTGATTTGCCCTGGCCCTCTGAGCAAAGTAGACATGGGTCGTCACTCATTTACAGGTAAACCTGCATTACGAGTGTTTACATAAATAGACAACATGATCACGAACGGCTCAGCTAGAGGCAGTTACCTGCTTAAACTTCTAAACTTAGCGCCGTACGGCCGAGTCCAGCCGCTGCGGAACGTGTACCGGGACTTCGTTAGATGCCCATGTGCACTTCGTGAATGTGTGTCGTTAAAGGTGAGGTGCGCCGCTTGAGCGCTCGGCTTACGTTATTTTGATCACTGTCTGGACTAAGTGGTGGGCTGGCCGTACGTCGGATAGCTATAAAAGCTCACATTGAGATATAATTTATGCCCTAGCCTAGAGATTTGAGCAGTAACTCCTTTGGGCGCACCCAAGTCTGAGGTCTTCGCCCGTCTGGTAATCACAACTCACTGGATTATTGTTAATAATGGACTAGGCTGATTGATTCGCATATTTTATGAACTGGTCCCGATGTCGTACGCTGTGCTCCACGATGCACCTTGCGTAATGATTTTACGTACAGGTTTCGTAGATGAAACAAACATTAGCTAAGAACGTACCATTGGACACTATGCTTGATTAACAAACATTCGAATTGGTATGAGTCTGTGCAGAGACCCCCAAGAACTTCCGGTGTCCCCGTGTATACTATGTAGACGAGGACGCTGTACAGGTTGGCAGGTAGACGGCGTAGTCTGCATCCGTCTGGCCTTGTATCCCAAACCATAGACTAAGTAGGTGACGTCAGATTGCCCTCTTTCCTCTCTCGGACAACATTGGTATGAATGATCCCGCCTCATAGGCATGGATACTGAAACTTACCAACTCGTAAACGCTCGGGATATGGTACAAAAAGCTTTTTCTACCCCGGGTAGGTCCACAAACTAACGCTGAAACCGAGATAGGTTGAGGGCTGACCGTTCAAGAATATGATTACTAACATCACCCTCGCGGTACAACTAGGGCTCCCGGTTGCCCGCGCTAGCTTGGGAAATCGGCCGACTGACAGAGGATGGAATGGAAACGCGATTGCAAATGTCATGACGCGCCATCAACCACTTAAATAGCCCCTTGTGAACGTACGAGCCGTGATTAGGAGCGATTACCATTCGAGTTACGAGTAGCAACATATTCTGCGGGAGAGATGAGTCGGCTATATTAACTTACGGTGAGAACAATGTGACTGTAGGGTAAACAATCTTCCGGGACTGGTTGGAATGGGCTCACTGGATGTACCCCGTGGGGTATAAGCCGGGGCGTGAGTTGGTCTATGTTGTCAGGAACCAGACACGAAACTTGGGATCCTTGATTTGGCTCCAATACTCTGGGGCCGCAGTGGACTATGTCCAGTCGGCATAAGTGGGCTATTCAATGTGCACGGATGGACACCAGAATTGCTTGGTCGCTAGCGCTGCGGCAGCTGACCACCTTATCTTCTCCTCTGAACTGATAAACTAGGTTAGTTATATAACTGGAAGTGCCATGTAGGCCCGTCTAAGCGGCTCTTGCACTTATACTCTGGTTTTGTGTACCGGGGCCTTAAAGACATGGCGCGTCCGCTTATGGCGAGGAATCCGATCCCTATGTGTCCCGTCTTTACACGCGCCGATAGAAAACCGAATATGCACAGCTGGGCCATAGCTGCGGCGTGTCCTATCTCCCCCGACTAC,1926,49.53,Homo sapiens
SEQ_246618,GGCTGTGGGGTTCGGCCCTCGGGCTTGGGAAGACGCGGTGCCGAAGCAGGAAGGGTGGATCCTTGCTACTAGCGTGTCGTGTCGCTCAGGGGCATGTAGGGCTTTTGTCAAAAACCCTTTTATGACATAATACTGCATGGCTGGCGAAGAACTGCACCTTCGACTCTCGTCGTGTACGATCGCAGTCTACCACGTATAAAAGTATCCATGCGAACGGTTATGCTGCGCAG,230,54.78,Mus musculus
SEQ_492964,TATAGGTTTTCAGGGGTTTCGACCTTGCAACACAACGATAGCGCAGATGACATTGATTTTTCTAGCGACTAGTCTCGCCTGCCTTCCTCGGACAAAAACATCAAAACGCATGTCAGACGTTAACCCATGGGGCGGTATCTATAATCCCTGTTCAGATGTATCGCCGTCGTACGCGGGGGTGAACGGGGCGTGGATTTGGATTACAGTGCAACGTAACAGAGATCCATTGATGCCAATATAAATATCCCGAAGACGAATATAGGGACACCCGAGACCTTCACATGGTCGACGACGTTGACCAATGGATGCCTGTTGGTAAGAACAGTGTTGAATTCAAGAATAGGCATAACCTCACGCCGTACTATATATCTGCAGGGCCGGTGTGCAATCTTACCCAGATCACCAAGTCTTAATCTTGCCCGGATTGCCTACGCCCGTGCGTAGAAGTCCAATACGGGGGCTGACGGTGAGTGGAGTGTCCTTCCGTCTCGTTACTGACCCCCCATTGTTTACGCCTGCAAGGTGCACAGGCTTGGTGTCGTGGGCGAGATCTCTGCCGTGAGCTACTACCAATCGCTTCCGAAAAAGGGTCAGATAGGAGCTCTTACGACCCCCAATTGACGTGATTTACGCCAAGTGGATTGTATCCAGGCAAGGATTGGTTTAGAAGGCATATGGGACCGTACACTTATATCCCATGCGGTCGCAAATATATCGCCACAATGTCTATGCGTAACCGAGTTGCGCTCCGCACGTGTGCGACTTTCGGGGCCAAACTCGTCCCTGATGGACTGCGCGTCGACTTTTTTTGCACGAAGTTGAATAAGCAGCGAGTTGCTCACCAGGTGCAGCCGGCAATTTCGTCTGACCTAAA,874,50.69,Escherichia coli
SEQ_829898,CAGTGAAAGCAATGATTACTTTTCTGACCAACCTTGCCTGATCTAGATTTCCATCCACCATAGTCCAGTTAAACATTACTTGCCAGCTAGCGCAGTCCCCACAAAACCTGCACACTTGCCAAAAAATTACTGCGGTCCGCTACGGGTACGAACACTTCGATCGCACAGGCGATATCCGTAAAACTCAACAATGGGCTCTCAAAGGATTACTGCCATAAGGGAGTTCGTGCCTACCAAGAGCCCAGACTGCCGACAGTATAAAAGTACTGCAAAAGACATTCCAGGTTGTTCTCGCCTTACGTGTTGACAGCTATTCTAACAATGTGTAACCTTCTTGGCCTACACCATAGGCAGTAAACATATGCGAGGTCATTATGCTCAACTATCGGACTTTGAATTAGGGTCATCTAACAGAACAGAGTTCGCGAGTGTCACAGCGTACCGTGCTCCACACTGATGAAACCCCTGAAGAACAACTTATAATGCCACCGAACTGGCCGCTCTCGTTAGTCTCGCATGATATTGCCAGCGATACATTCTATGTCACACGCGCAATCTATACGCTCCAAGCCTGGATTTTTACAGTGTCACGACTGTACTATGCGTACGTATTACAGAATCGCAGCCCGCTTATAATTCCATGCGACTTTCCCCGAGATGCTACTTGACATCTGCTGCCTGCTGAAGCACCCCCGAACGGTTGAAGAACAATAAGCCAAGTTCGTCCTCTCGCCGCCATAGGTCAACGAGTTCTATTCTCGGCATAACTATTGTCAGTCACAGGAGCAAATAACGCAGATTAAACTAACCACGACCCACAATGGACCCTATTTCCGATATAAATGGTGCGACTTCGCAAAGTAGGGTCTTGATCTAGCGGCAATCAATCCCTCCCTATCCCTGATACGCCCCACGGACGCGTAGATGACCAATTAGTAACTGGGCGAACTACAGGAAATCCTAAGTTGGTCAACCCGGTCCGTTTAAGGTCCCCATTACTAAATATCATGACTTGCACTGGAAAGGTCTAGCCCTCCGCGGCAGGGAAGGGCTAGTGTGTGTTCCTTAAGATCCCATATCCTAGAAAGGATGAATATTCATCTCATCGTGCATTTTAAGCTCCGTGGCGACTGAGCAGGGTGCAACGGAGGATGAGTCCGACATCCCCACAATGTACGT,1179,47.84,Mus musculus
SEQ_866277,TTATCTCCACACTTCAGCCCACAGAAGTTCCTGAGCTTACACCAGACTGAGTTGGGCCCAATATGTGTCTATAGTCTAGCCACCCTGTCCAAGAGTCATGAGCGTTGTCCTATGATCGAGCCCGCAGGAACCTGGTAATATCACGCGCATGTCTACATAGCCGACGTGTACCGTGCCGATCTAGCTTGAGACAAGAAAATAAGAGGCTGCTATTGCGGGGGACAGCGACAATGCTTTGGTCGCCTTGCAATGACGAGTGCAACTCGGCGAATCAGTTTTTCGACCGCAGGCGTTAGGGCCCCTCAACAGGCTCTCGGTGCCAATGCTACGTAGGTACGAGTGGGTGAACAATTATACGATGCGGTGAAGTTTGTGCCCACCTTAATGGGCCTCGCTCGACGCCCGTCTATATTGTCCATCGCTTCAACGTGAACGCCAAACAATATACAAGCGTATTGAGGACCTCTCGAGGCGAGGTAGCATATGTTATAGCTTCTTTCGCCGCCGCTAGGGCATTCAGGACGGCGATTTTAGTTTGGTATGTACATTCTTACTGCTGAATAGAGGCGTCACTACGGTAAGTGGATGGCTTGCTCGTTTTCCCCGTTATAGATGAGCTGGGGAACCACTCTGTATAAGCCTAACGGGAACACGGCCCGGACCCTGTTGCCGGACTCCAGTCCTGCTATAACCCGGCAGTTATAGCTGAGGTACCCGCTGGCATAAGGATTCCAACAGTCTCCCTTCGGTCGAGATCCGAAACGTGCCGACTTGCAATAAGGATCTTTACTTCGAATAAGGTAGCAAAGCGATTTCCTGCAATATGGAGCGTCGCTCGCTCCGCGTGCCATACCCCTCTGTCCTCCCCTCGATCTCACGCTAGAAGATGACGATATAAGTCGGGGATGTAGCACACGAATGTTTCAGTCAACCCTCTTGCACGTATTGCCCTCTG,955,51.94,Mus musculus
SEQ_691894,GAGACGAACTGTGCCTGTGGGCCTGTTAAATCAATCGGCGGTACCTATTGCCGCATCGCGAACGCAAACGAGGTAGTCCCCCATGGTTCTTAACATAGCCATAGACATTAGGCGAGACGGTCCAGCCCCGCGGTATTCCTCGGCGGCCAGCCCCAATACATGGTTTAGGCTGCCGCCCTTCTGGTTAGTTCCAAGACGGTTGTATAGTGCACTTCGAGATGAGGCTCCATGGGAGAAAGAGATACAGAGGCAGAGGTGTGGGTTTTTTAATTAAAGCCCTAATACGGGTGGGAGTTATCGGGGAACCCCAGCGGAGAGCGCTGAACCATTCGACAGACCTTTATTAAATAACTAGTATTAAGCGCGCTGGAGCAGTAATTCACCCAAACCCCCGTTGGTTGTAGGCGAAATGCAGGGACCCCCGTGCGGCCCAGGAGCTACCCATATGAATACGGCGGAGCCTCAGCGACCCCTTCGTGCAAAGTGTTATATCAGTTAATACTTTTAAAATCCCCGACCTTTATGTATATCAGTGGCCCGTACGGTTCCCAACCCGCCTAGACTATTGTAAGCGTCGTGCTGCCGCACTTGTATTATCGCAGTCGAAGACACACGGCGCACATAGCCAGCGTGTGAAGGGTAGAGGGTACTTATTATACTTGGTAAGGCCCCTATAGAGTTAGACCACAATGTACCTGAGATACGAACTCCTGAGTCTATCATAAATCTTCGGGACGAGCGAGATATAGCAATAAAATAGCCCTTGGCGAAAAAGAGTATCTTTTATCAAAGTTTTGCCACTTAGCTTATATCGTAGGGCGACTACATTAAGGCCTGTACGGTGATCTCGGGAACGCGCTTCTAGACAGAAGCCGCACTTCATTAAGATACAAGGACTTTATGTGTGTATAGAAGATAAGACAACGCGATTGCTTTGTGATTTAGGTTAGCATTTGTATCTTTGTCGCAGGCGAATCTGGTGAACATTATCAGTTCCAAGACTAGAAGATCTACACATCTCCGTTCTTAAGCCGAGGATTGATGAGTACTCCACTCCTCGCGACAGAGAGCTTGGTTACGTAGATATACGGTACATGTTGCATGTACATTAGCCCATCT,1119,48.35,Saccharomyces cerevisiae
SEQ_163672,ACTTGCTTCCGCAATAAAAATGAAGGAAAATCCGCTCGAATCCAAGGAGATAGCTGATAGACGTCAGATAAGCTCAAATAAGGGGCGATTCAGATAATTAACTGGATATCCTGGGTACCCATATACGATCAGAAGGAGCGACAGAATAACCACTGGGTGTAAACGCTTTGAAGTTTCGCAAAATCGGAATACCGTTTTTCCCGCTTCCTGGCGGCATCAGTCACTTTTTTTGAGTTAGCTAAGCGAGCTCACATTAAAACGTTCACAGACCAGGCGATGCGAGCGCTCCCCGACCATAACTCTGAGGGTAAAACTTACTGTTCGCCCAATCAAATGAGCTGCGAAGAACACGCTTTATTGGAGGCTACATCTTGACTCAATTTACTCCGTGTTACACGTCCGCTATCCACGGTATACATAACGAAAAATCGGCGGATCAGGTCAACGAGGCTATCTGATTGTATACCGAAGGTAACGACAATCGTGCAGATAGTCGTTGGGGGTTGATTTATGAGACTCCACAGGTCAACAAGCCTATCTAGCCGGGCCGTAATTCAGTGATGCGTTAGGGCAATTCTAGCGCAGGTTGGTTTGAGATTCTGATTAGCAAATTTCTTATGTTCTGCCAGTAGGCATGCGAATTATTAAGCAGGGCCTTCCCTATCGTGCCCTACTAGGCACTGAGATTAAGCGTCTGCGAAATGCCTGACTATGCCCAAAAGAAACGGACCTGACACGACAGACGTCTATGGTAGGAGGAAAATCGGCGCTCATCGCTGGCCGCATTTGTTCAGCTAAACCCTTGCTCCGATGGGTGTGAGTTGTCTATCGACGGTAACGTTTAAAGCGTCCAGAGGACCGACATTCTCGTG,872,47.25,Homo sapiens
SEQ_549020,ATTTCCCACTAGTAGTGCAGCTGGTCTGACGCGAGGTGGGCACATTTATCTCTTTGTACCTAGATGCACTTGTGAGAATGGAGATCAGAGTGCTTTTAGGGTAATCGTAGTGCAGAGACCCGATTCTCGCCCGTCGTATACGGCGGGTGGAACGCATACAGGTAGAGAAATAAACTGTTCCAGGGATTCAAGCGGAGCTGCGGCGCGCCAGTCGATGAGTTATCTCGTATAGACATAATTGTCTCCCGCCCATCCTCGGTAGAAGCTCGTTAGTCACGAACTGCGCTTAATTTGACCCCACTCGTCGCATCATACGCCCCACGCGCATTTGGCTTTTAGAATTCGTTAGCTAGACAGTTGAAGCGTAAGGGGAGTCTCTGATGCTGTTTTAATGCCCTCTGCCCCTTGGAGTGCAAGAAGGCCTGAAGGGTCGGTGACTGCATGCCGCAATGGCGTTGGTCCAACTGCTCCGCCGAGGCCAGTGACTCTAGCTGTTAGTTAGGCCGCATAATGCAGTTCTGTGGGCGCCGGATGGGACGACAATTCAACGGTATACCACTAGGCTCCTCAAGACCTAGCGGTTACCACCTTTCTAACATGGCCGTGAGTGCCTTTTCTTATAATATATGACGGGAATCGTTATTGAGGCCCCGGCGATTACTTTGCTCGTACAACAACTAAGCAAGCAGCGAAATTCCGACTTTAGCCCATGTGGCCCTTAGAATTGTACTTCATTTTCTCGCCGCTCAGAATTGACAAGGACCTCACCGCGAATTAGTCACTACGTATAAAATACCGTTCAGGCGATCTATGGAACACGTTGACACTAAGTACAACGGAGTATGGGGCTTTGGCCCAACGTGCCTTCGGTTTAGAAAAGTTACGCTATCGGGAAGGTACGCCCCCATGCTTAGGCTGTGGGTTGAGTTAACTACCTTGGCTGCGATTTATGGCATCTCCGCAAGCGATCTATAGAGGAATTAAACTTATAATAACCGCATGACTTTTGCCCTGCATTGAAAGGGTACCGATCTTACGCTAGCCAGACGATAAACTCGGATGCATCGTCATTAGTGTGGGGCGGATTACGCAGGAGTGCCCTGTAACCTTGGTATTGCTATCTCCAGAGAAGTGAAGATCTGCCAGACACCGAGCACTTTCAGTCCTCGGAAAAGTTCATAACACAACCGCGGTGTGCACGGGTTATGTGAGAGAGGATAATGTAGAGAGCCACGGGACGGAGTTGAAGATATGGAGGGGGTATTGAGTGTGTACGCCTTGTATTGGAGCTCCTGCCTACTGGATGGCAATTTCCACTCGCATACGCCTTATTAATCAGGTTCTGATTTCGCTACTCCCAGTTTGCTGTATCGAGTACCATGTTTGTTTGATAGCGGTAAGAGAAGACGGAATGACGCGACCCAAGATGAATGACA,1436,49.65,Drosophila melanogaster
SEQ_363645,TCTGATGGCGCCAGGAAGTGATTCTTGTGTATCGGTGATTTATCATAGGAGTGGTCTCTACCTAGGTCGGCACCAAAACAAACGCAAGAATTACGAGTCTGACTTTGTTCAACTTGCTCGTCCAGCGTCTGGCGTAGGGCACTTTTGAGTAAGTTCGCGCCTGGCGGCCGCATAGGATATCGTGAATCGTTGCTCAGTCGCCCCGCACACATCGCTTGAGCCATCTAAGTATGGGCAAGTTGGTCTGGCGGTTTACATTGTTACTGTGTGGATTCAGGTTTTGTGTCGACGCGTTTATTATGGACTGGCCATACGTTTGTACGGAAGAAGGAATCCGGGAGTATATAGAAGCCCCAATATTTGAAGTTGTAGACAGACTTTTTAACACAGAGTGGAGCCGCACATGTGAGAGGCAAACCCAGCTTCAATCATCGCCATCATCACGCAGTCGGTTAATTTGTCTTGCCTGGTTCTGGCGACCCAAAGGGGGATGTATTTAAAGCTTCGGTATTCTCCGGCCTAATCTGGCAGGTCTCGCTAAGTCTAGCCAACGACCGTTTTGAAGGACTCCGTGATCTAAACCATAAGCTTCACGTCTTCCATCGCACTGGAGGCTCCGTTACACGGTTTTTCACCTTTCACTACGATCGGGCGACCTAGCAACGCGTCGACGTGCCGATCAAGATGGACCGAGCTGTAGGTACCCCCGAAGGAACAATGCAGGGCCTTTCATCGGGCCATCTAGAGCCGTCAATAGGCTGGACTGCAGAACAGGCGCAGATACACTTCGTGAAATGGCCTGGATCATGCTTACTTAAGAGTTCCCTTTAACCCGGCAATCTAGACTAGTACCCTTGCGGCCGTGGCAATCTCCAGAAACAACCTGCTAGAGCAGTGAGCCAGGGGTTTGCAGGGGGTTCAATATACAGATCGGTTAAACGAGCCATGAGGACAGACCGCCGGGCCCGTGGCACATTGGGAGGGCACATTTCGACTTACCGTATCAATACGAGATTCATGGTGTTCTCCACCTACTTATACGCGCTCATGATTCGAGGCGATAAGTCCAACGGGTTCTCGGCATGACTTGTTCGTTCCGCACCCCTGAATAATTGAACTTTCGTGTATGCTGGCGTTCTCCTCGTTGGGCATTGCTAGGTCTTTAAAAGCCCTGGCTTTTTGAATACTGCATACGGTACGCCTTGCCCTGCCCCTAAGCCTTTACAGTCTAAGTACTCGGTATCAACAGGATAAAGAGTGAAAGCTTTTTGACATAATGCGGTGAAAGAAACATTCTTTCAACCCGGGCGAGAGGGCTTTGCATATTCAAAGGATGTTGACTAGGTATTCCGCCGCAGTTTCATCCAAGTCCTCGTTACCAAGCGTTGAGGACCTGGTGGCGTGATGTCTGTTTACAGCGTT,1422,50.14,Homo sapiens
SEQ_755418,CGCGTTGTTTCTGCAGTAGCACGAGACGGCGTAGCAATGTTTTGGTAACTTGTCCACTATTCATTGAAGTCCGTTATCTACTGCGGCAGTATACCGTGCTCCGTGCGAAATTTTCACAGAAGTACATCGATGGTTGTTCCTTAAACATAACTGCGTTGCGTCTGTAGGAATGTATTCAGCAAGCTCTGTTCTATCCTCTAGGCCCTTCGATGACACACGGGATCAGAAACCGGCCGCAGCAGTGGGAGGCTACCTCCCGGGTGGCATGCGAAAGTATGGGAGGGCAGAACTCGTAGACCGGTAACGCTAGCTGCTTCCTTATGGTGCTTCTATGCCACGTGTGGTGCAGGCCCTAAGACAGGTTTGTTCGGAGCAAACCGAGTGAAGCGTTTCGTGGGAGTTCATCTAGTAGGCGACCAGGATCACGGGAGACCTGAAGACCGCCTGTGATAACCAATAATAGCATCACCTTTCTGAAATTCGGTGCAGAACGTTAATTACCGTGGCGCAGCGTCGATTTACGAAGGTGAGTTCTTGCCTTTTGAGCCCGAGTCCGTTTCTCGGTGTAATATTGTTTATCGATTAGCACCTCATCGACCATAGAGTACCGTGCCAAGAGAGGGTAAGTAGGACTTAATATTATTGTATGTTTGTGGGCCAGGGGTTGCTACGATGGCGAAATAAACGCTAAAACCAAAGTTCCCGTGTCTTAATGCTAAATTCCCGGGTTCGAGGGCGTCACAGGGAAGTCCGCTTCGATGCTGTACGGTGTAATCCTAGTTTCGTAAACCTGGCCCGAGCCAGCGCGAGCATGCGCCTGCTTAATCTCACGGATTGGAGCAAGGCACTCTTGGAGTACCTTGCAGATCCTCCTTAACCTGGGCCGCTACGTACGCCTTCCGGGCGAACTGCCCCTGTGCCCCGAACAAGCCGTAGGGAGGAAAACAGCACTGCTTAATGCTCTCAGGGTTGCTTTATAGTTAGCTTTATAAACGGTTCGGTCTGTACATCAGTCTAACATTAACTCTTCACAGGCAGACCGCCTCACTGGACTGAAACCAATGATCCATGACATCATCCCGCGAGGCCGATCCTGAACACTCGATATACCTGTCGAGGTCGTAGTGGCGT,1131,50.93,Escherichia coli
SEQ_743127,CCCGGTCAATCAGACAGAAGCAGCCGAGTGGAACACCTCTAGATACAACGCAATGACAGTTGAACGTCTAAGCCATTAAGAGGCTAACGTATGTATGAACTGATTAGGAGTCGTAAAACCTAACATAGGCTAGCCGTAACCACCGTTCTCATGAGCATCCTCCGGGATGCAGGATACGAACCCAGACCGTTACTGCTGATCCTGACGCATAATCAGAATCTTTCTACAGGTCGGATCCCGGACTGTCGTTTCCCGTGAAACGTGCTCCCTAGACAGGCCGGGCTATTGAAGGGGGAGCAAGCCCGTTAGTTTTGACAGAACGTTCTCATTTGCGTTTAAAGGCGGGGAACTCATCTGCGTGTATGTGGATTGTTGGGACTTTCTATCCTCGGAGTTCTTCCGGAACGGTGATAGATGGGACCTGAGGGGAGGATTAGACAAAACCACACCGGGTGTGAAGCTGACGTGTTCCTTGTGTTGCTAAAAAGGATTACGTTGAGACGCTTCTAGCCGTTACACGTTCATAACACGAAGCACATACACGATTACTCGACTCACCATAAGCCACCCAGTTACAGTACCCGTCCATGTTGATCCTCGCAAAGTACCAATCTTGATGCTAAACTTGATCCTAGAACATAATAATGGGGACACGAGATCACGGTTATGCGAGAAAAGGTATCTAATACCGGATCACTGAACCGTTGAGAGTACGTAATTCCCGTTGCCGCCCTCAAATGTACGAACGGTATCTCGATGGTCGACCATCCGGAAGATGCGGCTGCTACCGGCACAGCAGATACGGGCGAAATCTAAGTGCCACTATTGACTACTTGCCAACGCGCGTTTATCGATCTCGATCTAAAGACATGTTCCACGCCTTCGTGTGTTTGACAGCGCAAAGTATCAGACCCTTGGCTACGAGCGCTCATCTAGGGTGGAGGCAATTTGGAGGGTCCGCGCCAACTAGCGCAGGCCGCGACTTCACTGTTAACTTCGTTCAGTACATCGAGGTATATTACTCGGCAGCGGGTCCGAGACTTAAACAGTCTGGGCGTGAGTAAATACTACTGCATAGGTTGGCTTGGCTCGCAATTCG,1099,49.86,Saccharomyces cerevisiae
SEQ_117900,TGCACCTAACCTAATCTACCTAGTGATTGTGGATATTTACCAAAGAAGAAGTTGACCAGAAGCCGAAGTGAATACGCGGCGGGGCTGCATTATACATAGGGCGGTCGCAGGTGTATTCCCCCGATTCTATGCATAAGTAAACCTTTCGCGATCTAAAGCCGGGGCGCGAGCCTATTTCTAACTGGTACCTTGGCAGCGGTTAAATGAGGAGGAATCGGCCGTAAGTTCTTAGGGCGGTACCTTTTGTATCGGATTTCCGCCTCCCGAAAGCTTCAGGGATGGACTCAAAACGCCCTGACTTCGTTCGTATATGACTGTGAAACCTGCGTGCCGAACAGCGAGGAGCGCAAGACCAAACTTCTTGGTGAGGGATCTGACTAAAACTTAGTTGAGTGTGGCGGCCACTGAATGTGGGGGAGAAACTCGAAGGTAAGAATTAATTAGCAACTCTTTACAGGGGGTCTCGTGTCATGCGCAACTTTAAAGATCGACGTGTCTGCCTACTGCGCCCCCCACCTTATAAATCTGTGGGTCACCGTCTAAACGGGTCATCCGAGTCCCGTTTCCTTTAGTGCTGAACACTTTCTTGGTGCCCAAAGGGGTAATACTATACTAACATAGACAACCGCTCCCAGAGCATCGGAAAGCTTAGAGCCAAGGGGCGAGCAGATCTACCTAAGACGGCGTTGTGGATGGAGGATACTTCGCTGAAGCCTCGACTGCGGCTACTTACAAATCAATTACGGGTTACTTGAAACGTGTGGCTCATTAAACTATCCTAAACTGCCAAGAAATGACCGGACGGTTAGGTCTCAGCTCCACCGGTTCCATGAAAGCCTTGCGTGGAAGCTGAAACTCGGGTTGAGGAATACTATAAGCTGAATTAAAGGATTACACGGAGAATGAATCACCGGGAAATGCTAATTGACCACTATTACGTGGCAAGACATATGGCCTTCCAAACTTGATGACAACTATACAATAGTCGGTCAAACATAATGACTCATTCTTCGCAGCTGTGAAACCTGTGATCCAGTACCCGATGAACAGTCCACTTGGGACCCGGCTAGTTGTCATTGACCTTCTTTGTTACATAATTCCACGGGGATCGCGTGAACATTTGTTATCTGCTCGACCCTAGGGCGCCAAAAGTGTCTTAGTCTTGATTAAATCGTAAACGGGATGCGTCAATGGGTCCTGGCGTCATCGGGTCTCTTGATTGACTTGAGGATGTCACTAATCACTATTAAAGAATCTGGAGGCCCATCTGTAACAACAAAATGTATGTAGGTTCAAATCTTGTGACATTCCTCCTTCGAGCCTGAAGCTGGCTACTAAGTTTAGATAGCTAATCCGGCGTGGATATGAGCCCACTGCGCACCAGAGGGTTTGGCAGACAGCTCTGACCGACCTACGCTTCGCCCCTGGACACTCTAGGCCGGTAACTATTTCAAGAGGTCGCTATGACTTGCCAAGGCCAGGGGTTTAGCAGGGGAACGGATATACCGGACCGATACGCTAGTTCCGAACAACGATACGGAGACCTCCGCCGTGGATATGATAGGTATATTCTTCCGTTTAACGGCTAGCCAGACCCCTGAAGCGCTGACGTGATTAGGAGACGCCACCGCCCCGCAATTGTCGAGCAAACTCAGTCCCGACCCCGAGGAGTGTATGATAGGTGGAAGGTTTAAACGGTAACGCGTCGCGCTCCCACAAAGTGCAGGTATCCATCACTGTGAACTGTCATTAGCTACA,1758,49.26,Drosophila melanogaster
SEQ_609793,ATTTTCGCGCGCTACTGTAATAGCGGTAGCAGCGCCTGTCATCAAACGGTTTCCCCGCGGAGACGCACTACAAGAAGTGTAAATGCAAGGCTAGAGCAACTCTAAAATCTGGGTCTTAAAGTTATATATACTAGGTACACCCTCACAGCTTGAAGTCACGGAGCAGAAATTGTCGAACACTTTTCCCACCAACTGAGGTTGATGCTTGCCGCTCCGCGAATAAGAATCAATTGGCTTCGAAAAACCACGTGCTAAACTAGGAATAAGGATCTCGAAGATTTTCACTAGCGGCATTGCCATCACCTCAGCTCATGTGTCACGCAGCAAGGCTCCTAAACATGCATCATATGGACAAGCGCTGGAAATTTGACGTATAACGGGACGCCTCGGGGATTGGAATGATATATGCGAAAGGCCTGTGTTAGGCAGTCTCTGATGTTGACCTACGACGTAATAGCTCAATGTCTGTGTCTATATGACGGCCTCGGTGTTGAGTAATCTCGTTCGCTATCATAAAGTCAAAGTAGCGTACGCGTGCCACTCATAGGTAGGTGTTGGTAGCACTTACACCCCAACTGTTGTTAGCCCACATCGTTGACTTGCAA,605,47.11,Mus musculus
SEQ_397118,GTGAATCGCTGTTAATTATCCCATTGCTCAACGCCCCCTTTAGCTCCGTGATCAACAACTAAACGGCCTCCCCTTATAAGACCACTGCACCACAGCCCCCCGTTGCTTGGTTGATACAGACTGGGGTGGGATCTTGAACAGACCGGTAGCCAACGAAAGCCGTTATAATACCATTTCGTTAGGTTGGCATGCCCGCTACTCTGCCAGCCCAGAAGAATAAACGAATGTCTCCGATCTACGTTTGGTTTGAGGAGAATGGGAGCCCCAGCGCAGGTACGTACAAGCCGATGCTCACTAACATATCACCAGTGGGCAATACAGCCCTAGCCTGCTTTCAGAACAGTGGCGCCAAATCACCTAGACGTACCCAGTGTACTTCTTTCTGGCAAAAACGTTGAGATCATACCTGACCAAGGCCGAGTTAATACTTCCAGAACAGGTCCTAGCTATTACAAGACTTCTTATGAACTAAGACTCAGCTGCTGATAGCAGACGGCACCACTGCTGATGCGCCAATGGAACTCACGAGATTACGGCATCTACACGGGTTAGGACCTGAGTGGAGACCGAATCGCCTGGGGATTCGTTACAAATAGGCAGGTATGCACAGTACTTGGACCGCGCTCGCGTCGCGTGTGGCCACCGCAGTCCCTTTACAAGTGTTATCACAGAGCCTTAGAGTCTAAGGCCCGTAAGCCTGGCGTCCAAATCCGAACAAGGCGCGACCCGGCCCTACGTATGGCAAGGTACCAAGTAGGTAGCCCTGCTCCACTGGATGTCTCCCTTTACTGGGAATACTCCTTTTGTAATACAATGAATGTTGGCTAAGTACGCACTGGCAGAATAATACCGACGCTTCGCCTCGCCCGCACGACTATTCTTCGCTTACTTTCATAGTGGACCTACCTGGCTGAAGGGACGGACATGCATCTCTTTAAGTGGTTGTGGGATGTGCGGATCAACTGACCTCTCAGCAAGAGGATAGCGGGCCACATTCGAGACGGGCCAGGCGAATCCGTGCTGACATCTTTTTCTCAATTAATCGCCGATTTGCTAAGTTATCCCTTTCGGGTAACTTACAGGACGCGTTAGGTAACAATCGCTGTCGCTAATGGCCGAATGCGAGTTCGGCGTCGCATCAACAAGTGCGATCTTTTCTCGACTCTGGACCCGCTCACTCTATGCGCCCACCCGGGATGCAATAACCGAGGTTAGAGCGTCACGCCGGAATGGGTGGACGAAACGAGAGTGCGGTGGATTCTATTTGAGTATGTACACTTCGCCACAGTAATACATGAGCCCCCCGAAGAATATACTTTGCCGGTACCCGGTAGTACGTCAGCGGGTTCTGTGTCTTTACTGGAATACTGGAAAGCGGGTGTGCATGGATATAGAGGGATTACCCGCAGCGTAACCCAAGCAATTGTTACAGTAGAGGGTGTGATCATTGTCTGTTAAGACTAGCCAGTAAGTAGGGATCATTTTGAAGGTGGCGTGCAAGGGCGAAAGAAGGGAAGTAGATTTATCCGAGGAGGGAGCTGTGGTACCCTCCAGACATCGGTCGGCCGCCGCGCCTCCAAGGGGAGAAGTTCACATCTTCTGCGTTAGCCGGTTTTGGAGTATATATAATCTCCATACCGACCTAGTTCACTTAGTGATTCTCAGTGGCGGCCAGTGGCGATAATAGGACTGGATTCCAAAAGATTTAGGTCATAAATACGAATCGCAAGGGTTGCGCAATCTCTCGAGATTCCGATACACCGCCTACCCGCGCCATGGAGGGCGCTTACGATAAGCGACTTGCTGGTACGGC,1813,51.46,Arabidopsis thaliana
SEQ_281941,TACGTGACTGATGATTTGCCGCACAGGTAGACTGCTAGCAATCTTATCTGACCTTCTGTATCGTTCTAGGCCAAAGTGTATCATGACCAACAGCCCATCGTCTGGTCAATGCCGGTCAGTGTTGGGTCAAACCAGTATGTGTGCTGACCGCAGAACGTTTAATCAAATTTCAAGTGCTTTAGGGCTAAAAGAAATATCTAGGCTACTTGCGCGACAGGACCTCGGGGTCGGGCGGATTAGGTAGCGTGCAGCGGGTTGAAAACCGCATGCATCTGAACTGGGAGGAGCTATGTATACCCGTTTCATTAGGTCAACTGGGTGCGCTTTTCCGAGTTTCACGCATTGGGCCTGGATCAGCGCTTCTATCCGCCCCTCTGCTTTGGGACGATTTTTAGCCACAACTCAAAACACCCGTGATGGTGACGGTGGATCCAGTTTGAGGGCCTGCTAAACGTGTGGGATTGTAGCTCGATCCGCCTGACTAATCCGCGGAAATCGGTGGCAAAAGAGTGAAAGTCACCCCATAACTGTGAGTCAATCGTGCAGTCGAGGCACCCGGTTCAGGTGGCGCAGCAATGACTCTCGCAGGAACTCGCCATCGCTATTGTAATTTGGGAGTAGGGAGTATGATTACATGTCCCCTGCTTTAAATGGCATACAGCTTAAGCAAGACATACACCTGAATGCCGCGACAGGAGCCCGTTAGAGGTTGGTGATTCAGTTCGATATTGGTCTTAAGCGCGGTGAAGAGTGCAGAGGAGTAAATACTTCGATTGCCACCAATTATATCGTGTACTGTCCTGCTTAAGTCCTAGGCTCGTGATACGTCACCTTTATTGAAACCGGGTTCAGAAAGGGGATTCCGGATTTGGTACCCGGTTCGGACTTCAAATCTAAAGGAGTAAATCGAGCGTATAGATCATTCATTAGGGACACCAAAAACTAGTATTCGACTCATGCCTCGAGGGAGAACGTCGGGCGTTTTTCTCCTCTTGATCTAGCCCGTGGTGGCACCATGAGAAGGAGAATTAGACCATCCTCAGTCGTTCTTTTCGATTACCAATTACGGGCCTTCGCATGTCTCAGCCGCCTATGCACATATGCTACGCGCCACTCCCAAGACAGAGAGCACCTCACCTCCCGTCATCACCTTCGAAGGTTTCCTCTAAAGCAAAATTGATAGAGCAGCGGACCCTTCCGCCCCGACCAACTATCATGATTGTACGCTCGTTTTAGAGCGGTCGGATAAAAGGACCAGCTTAAAGCTGAAAACCACTGTCACTTTGCCTGGCCATCTGGGCACCGTAAAACACTCCTATTCATAGGTGTGGGATTCGAAACATAAGACTGCGCATTAATAGAGATTACATACTCAC,1376,49.35,Arabidopsis thaliana
SEQ_552287,AGTGTGGATGTGTCGGATCCTTAATTGACAAAGAGGCCGTAGGGGCAGTTACGGTGCCGTTTGCCGAAAGACGTAGATCTTTTTTTACTCTTTGATCGATCGCACTGATTTACGCGGTATGTTCTTGCCCCCCACGACGGCCGACGCAGTCCCTATCATGGTGTGGCGCTGATTTG,176,51.7,Arabidopsis thaliana
SEQ_951352,ATTAATTTACGATTCAGTTCCCAGATACGAAGCAAAAACAAACGCTAAAGCACCGTGGCTGGCCGCGTGGGGGACGCAAACTTGCCAAACCCATTGGGGCGGTGCTATACTTAAGTGGGATTGATATGGTACAACTAAAGGGGGCGCGAGCGTCGGGGCGTCTGCAACTGGACATGTAGTCATGGGGTTGTGTAGCGACATCCGGACGTGCAGTCTTAGAGAGCGCGCGTTGCGGGTGCAAGTTAGAAGGTCTATCCTCCAAGACAGTGCCGAATTCATAACCTAGGGCACCCAATCTCGTAATGGGCCAGAAGCTTCAGGTTGGCAAATAACGGCAAGTCTAGTAGACGTGAACCGGCCACAAACGGAGTTTGAAGAGTGTCCAACGGTCAGCTCGAAAAGAATAACCCCCATCGCCAAGAATAATCCTGAGTATCGGGAACGCTGAAATTCGCTCTCGGGGCTTGACGTAGACACACGGTAGGGACCTTATGGAAACAACTCTTTATATCCGAAATGAGTATTGTACACCGGTTTTTATATGGGAGCCCAGGGGAGTCCGCGTGATGACTAGCCGGGAAGATTCATTTGCAATGAGACATGTAGGTGACTAATCACAGTGACGCTACTAAAACGACGGCAGGGGTGACTGGGAGCGTCGACAGGAGAACTATCGAAGACATTTCCCGTCTCATCGGTGCGTCAACCTCGATATCGCCACCATAGTTCGTTACGAAAGTTTATCTATATAAGTAATCCACGTACTCCTGGATCCTAATCCACGCACTACCTGCGTGGAATACCAATAATCTTCGCATAGCAAAAAGGTGTCCGTCAACAACTAACGATAGATGCCATTTGTATCGAGCGTGTACTTTTGTCTAACCACAGCGCGTGAAGACTAATAAGTAAGCGATTTGGTTCGGCTCAGCGTCACATGGCTAGGTCATCTCAACAAGCGCAACGATTATATTGTCTTTGGTCCCGGAGATACGACGCTCGTGCGTGTCTAGTCAACACAGACCTCTGGGTTAGGTACAGAGCTGCGCAATAGCACGTGAGCAATTCCCAACGAAGCAAGCGCATCCTCTAACCGGTCACTTCATTGGCCATCTCCCCGACCTTTCAGAGCTTGTGCCACGCTATCGCCGCATTCTCTTCTGCTATACGAAACGAATACGAGGAGGCTAAAATTTTTTATAACTTCAATCTCCGGAGGATCCTAGGTGCCACCGGACCGCTGGGTTTACCATAGAAATGTGTCTCATGGTAGACTAATAGAGATGAGAGAATCGTACGCGCCACCTATCACTGAACAATAACACCGTCCTGCTTCAGATCTTTGGCATCCTAAGTTAGCATACCTCCTGCACCGCCTTGATAAGAACAATGCGGCGCACATCACCCAGGACCACACCTCTCGGTTTGCAGATGATTCGCAACTCGAGTTTGACGAGGGAATGCCATATTGATTTACCAATCTGGCCCCGAGGCGGGGGGCTGGGTTGTGCGCATGTGCGACCCGATCCACTCGCTTACTAATTGTAGTGAGAATCCTAT,1560,49.74,Mus musculus
SEQ_432405,TAGGCGCGGAGAAGCTAAGAGTATAGATTTAAATCAGCAGAGATCCAGTGACCACTCAATTGGTACCCGTCCACTATCCTGCGCCAAGGGGTCGGATGTGTACAAGAGTTTTCCAAGTGAACGATCAATATGGAAAGTTGTTCAGATTGGGCGTTGTTAACTCTCAAATGTCCGGATCTTTTGGAGGAGCAATAATTCACTAATCTCACGGTCGATACTAAAGCGGCCGGGAGTCGTGTTAAAGGGTCTTTCGTCTCAAATGGTGCACACACTTTCCTATACGTCCATCAAAATCATGGTACGCCAGTAACCTTCCTCACTTCCTGAGCACACCGTTGTCAATAGCTGGCTCGTAAGCATTCGTCTGTTCATCCCCTCTGTTAGCAGTCATTAGAGTCCCAAGCGCATAGGGGGTATCGGCCGAACTTGTTAGTTTGTACGCGTCGATGCTAAAATGCCCCATCAGCCGACGGTGTAACACATTTAGGCTTTCCCAGGGGGTA,503,47.91,Mus musculus
SEQ_294346,TGCAGATACTGGTGTTGTCTACGAGTTACGACCCACGTTTGGCCTGTTCAAGGCTCCCAGGTGTTGTATTCAGATCGATTAATCGAACCTTATCTATCAGCACGGTCCGGCGTGCTAGCTGAAGGAGTGTCCCAAACAAAACAAGGCGCTAAAGTTCATGTAGGGCAGCCCTGGCAGGATCTTAGCCTTGGGTATGAATGTTTCGTACTCTGTTGTGAAGGATACGCACGAGGACTGGA,239,49.79,Mus musculus
SEQ_950786,CTTAAATTGAAGTATATCGGTTGCTGGAGGGTCCATTATTAACGGTCGAATTCACACCACCTTCTTGATCCGACCAGAACTAGGCGCATTATCAAACTTCCGACCGGTATCAACAAACGGAGAATGGTGCGGACAGAATGGATCACAAACGCCGTGATCGGCCGAGCTAATGCACTCACTAGTGATCGAAAAGGGATGGCTTCAGTAATCTCTTTGGCCGTAAAAGAGCCGAGCCCGGGTCGTCGGAGCTGGGGTAGAGATCCAGAGGATCGGATCTCGAGGCACGCGGGCCCCTAGGGCGTACATCGGTATGGGACATGTTTGGGCCAACTGTGATTCCGGGTGACCGATTTGTTCACTAGCAGGTGAAGAGATAATCGTTCGATGCAAGACTAGCTCTTAGGCAAATGTGATTTTTCATAGATATTCCAGTTGGGGATGAGGAGTCTCGAGATTAGCTCGATGCTGGTGCCGATCGCCATTGTGTCGTAGAATAGTTTAATCCCATTGTAATGCCCTAGTCATGAAACCGCTGGGGTTATAGTTGCGAAGAGTAGGATGATATAACAACCAGCCAACCTACCCCTTGTATAATTACGCGAGTATGGTATCGTCATCGAGTCTCAATCACAGACTGCACACGGACGACCCCCCTCGCTGTCTTTTTGGTAGGCAACTGTCATAATCCTGAATACCTGAAAGATTCAACCCCCCAGCCCCTCCAGACCATATCTGGCAAATAGAAGAACTCGCAGTAGCCCCGAGGTCGACTTAAAGATCAATAGATACCATAGAAATAGGCGAGCCCTTCTGCCAAGCCTTGCGAACCTGTTGCGTCATTAGCTGGAGCTGAGACTAGAGAGGCTTCAGCTAAAGGCCTGTCTAAACTAGGCATAATGATTAAAGCAATATATTGTCCTAGAGCCGATCGAGGGAATTTACCTAAAGAGAACGACCTTCACCCACTTCCGGGTTAACAAGAAAGTGAGGCTTCTGCAAACCTCCAAGATAAAACGTCGGCTGTCCTGAAGGAAGCATCAGTCGAAAAGCTAGGTCGTGAGTCTACACCCTCGCTATGTTACACGCACTCGCTTGGCTGAAATATTTCAGTATCGGTTTGGTAGGTCACTTAAGGACCCAACCATCATGCCCTTGGACTGGGTTTCCAACGGTTCGAGCATATAGGCAACGCAAAATACCCAGGAATATACTTTGCACCCGTAGTTTATATGTTAACCATTCCTGGCAGCGTTCAAGTCTTTGATGCTCGCCGTCAAGCTGGGCCCGGCAATAACCCCTACTGGCACCTTTTAAGGGAAATGTCTCTTGCTATACGGACCCACCTCGATTGACTACTAGGGAAAGATTCTGCTCTATCAGTTATCGTCAGCATCTGTCCTTCCTTCAAGTGCGCAAACCATCCCCGCTAGCTCAGTTATCCTAAGGGTCCGGCTGCTCCCAAACGTACGTCCAATGTCGATACACTATTTAGTTTGTCATGATTTACAAAATCGTGTCCAAAGCTGCCTATTTGTACCTCTCGAGTTCAAGGAGCGATTACGTGGTTAGGTATCTATAAGAGTCAAGTTAGTAGTAGCTGAGCCTGATAACAGT,1614,47.96,Arabidopsis thaliana
SEQ_689651,AGGATTGGATACCCCGGAGTAACGCCTAAAGGACTGGGCTAGGCACTACTGGGCCTGGCGGCATTTAAACGTGCGATGCATAGTTGTCGGATGCTGGGGAGTACGGAACTATGGATACGCAACTAATACGGGAGCACTGCGTGCCTGTCACACGGAGCTGCCAGGCTTACGGTTAGTCAAGAAACCAAGACCGAAGTATTGCATCAATAACCTGAGCACACAGGGTGAACATTGACCACTGGTCTGTGCGGCGACATTGTTTAAGCGGCGCAGATGTACGTATCCCTCCGCAACCCTTTGGGTTCCCTTAGACTCAGCCCTCATTTAGTAACGTGCCCCTCAGCCAAAAGGCGGAGGGTCCGTTCCTCTTCCCCTGCGCTGTTGATCCCACCATCCGATTTGGTGTCCCTAAGGTGCCCCAACGATTGTCTGAATGCTGCGGCAACCAATCGCATTCAGAACAATGGAACTATTAAGAACCTATGTGAGCTTCCCGAACATAGCCCAGAGCACGAATGGCGGACTATACCAGGGCGGTTTCCGACTTGCCGGTGAAGTTTACATTTATTCATCACCAATTGACAAAGTCTTGCCACAAAATAGACGCG,608,52.14,Caenorhabditis elegans
SEQ_507098,TTAAGTTCTGGCACAACCATCAATGTCGAACTTTCTGGAGGTTAGACAAATCAGGGTAAGGGTGAGGGCCCGTAAGGTTCGGAGTGACAATGACTGCCATCCGGCTGCCCCGGGAAAAAAAGGTCTCGGTCTGCCAGGAATAAACGCGTGGAATAAACTTAATCAGATGGCCAATCCTTTTGTGAGAAAACCTCAGAGCCGTATCATCGATAGCTCTCTTAACTCCATACAGTGTGCCACCCGGATCCGAAGTGCTCGATGCAATACTGTAAGTAGCTTATGCAACTTATAATGGCGTGGTGAGGCACATACCGACAGGGGTTGAGCGGGAAAGATTACAGAGGATGTGTATCTCTCTGGCCCTGGACTGCTACCGAGAGCTCTTTGAACCCCGGAAAGAGTTGGTGCATTATGGTCTACAAGACCCCGCGGGCGATACCTGAGTTGCGGCCCTGCGGGCCCGGCTATGTTCATACTGGACAAGCGAGGCCAACTACACCATGC,504,51.59,Drosophila melanogaster
SEQ_406301,AGATGCGCCAACTTATGAAATTTCGAGTGTTCGGGAGGCGTGGCCCATGTGAGAGCCAGATGGACAAGCAGGGTTGGTGCACATCCGGCATGTAACTTAGTTGGTTGGAATACGTACATTGAAGGGGTCCATTAAGAACACTGGACCTTCTTTCCGCCGCAACAATCGACGGCCAACACCCAAGTACTATCGTTCTGATACTCTTAGAAACTGATTTTATGTTACGTGAAAGAAGCTCGGGCGAATTCGGCGGGTAAAGAGCTATCCGCAGATTCCACACTCAATCACCGCCTGCGATGAATAGTACTTCATAGATCACGCAGCATACAAGGATGAGCATTGTGTATAGGGATTATCTTTAGTGATACACGGAAATTGAACCCGTGCGTTTGAGGACAGGATATACCTTAGGGATGACCGTGGCTCTGCCGCTCGGGTGCCCTAAAAAGCTCCGGCCAATAAATTTCCGGTTGCTGTCGTCATAATCGCACTACTGCACAGTCATATGTAACAATATAGAACAGGAAGGTACCGTTCTCGAATTAGCGTTGGACATCAAATCACCGTGCAGTCCGAAAGTGCTCTCCCTACATTAAAGCTAGGCGTCCGCCTCCCGCATGCCAGATTTATGGTAAGAGTGGCCAGGGGGCCGGATGTTAGTTTCGGGGCTTGTAAATACTAATTTAAAAGCGAGTATCAGCGGGAGCAGGAGCACCCATTCAAACAAGTAGGTGGACTCGAACCTCCCCCCTGGAAAACGCATTAACGGGATCCTGGATATTCACATCTAAGGAGTTCTAACGAACACCCATAATCCACAAAAAGTAAACGATCTACGGCCGCCGCCAGCGTACTATAGTGCAGTACACCTATCAACTATACGTGTCGCTTATAACGTCTCATGGCCTCGCCACCTAGTCAATGAAGGACACAGCAGGATATTCGGGCATAATTGTAGAGACTTAGGGCGATCACCGACACGTCGACATCTGGCCTCAAGTGCGGACGTATAGATCTAATCAAGATTGGGTAGAATATTCAACTACACAGAGGGCAGGCGGTCGAATTAGGCTTAGGGACGCAACTGAAGCTGGACGTTTAATCCTATATCCTGAAATCTGACGGTAGGGTCCTGTCATCATCAAATTAGGCTGACTAGCCGTCTGACTTTTTTTGTAGGTTTGAAATACCCTGGCTCCGGCACCGTCAAAGGTCGTTTAAGACGTTTCTATAGACCGCCACTGGACCACGGAGATCTTCAACGTCGCTCGTGAAGCCTAATATCTTTCGAAGTCACTGTGTCTAGCTCATAGTGTCGGCACCCGCTATATGAGTCTTAAGAGTAAAGCAAGTAGCGAAGAGGAGATTATTGTCTGGCGTGTCTTACTGGGATTGATCCAATCGTTCGGATGGCCCAGGTGGGTTTTCCATTAGTAGTACAAACCGTTGGTTGGTGTATATACAAAGCTAACGATGAAGATCCGCCAA,1488,47.85,Caenorhabditis elegans
SEQ_922546,GGCAATCTTCCTTTCTTCTACTACATAGATGGGTCCCTCACTAATCAGCTTCCGTAGGAGTGCTTCTACACTCTTATGCGCGGATGTTATCTCACGCTCGGTTACGCGCCAACCATCCAATTAGTCCCTAGAAGCCTCAAGACCTTTATGCTGTTGTACTGAAACTCCGGTGGAGAAATAGAGTACCATGTACCTCATTTCTGTAGTGGGCCTGAACCTACTCCTGTTGGTTATTGTCAAAAGCGTGACTAGTAAGATCGTAGAGACGCTTAAAGAATAAATGAGTTCATAATTGCCTCCAAGCATGGTGGGAGATATTAGCAGCCTTATGTGCACTGCGTAGGGGGTCCGTTGGTGTGCCGGGCTTAAAAGACTTTTGAGAGTAGCTAAACTGCTTGAAATTTCGTGACATTAACAAGCTCGTGGCGCATTACTCGATGTTACTGAGGTCGGTTTTGCGCTTATTGAATTCCTGCGATCTTACGTCTTGTACGGCGATTAACGAGAGAGAACACATAGTACTCCGGATGGTTCTGTCATACATCTGCCTACTAGGATCCGCGGCGCTCCTTCACCTTCGCCACCTAAAGGTAATTGACGAAGCCCCTGATTGACCGACCAAATTTCGCCCCTGATTCGTCGTTTAAAAAGTCACCTCAGCCGTGGTTTTGCACTCAATGCGTACGACACATACCGCAAGCACTCCATATAGTTTAGACCATCACGTAGTGTGGAGGTCGGCCTCGCCATATTCGCTGGCTATCATACTCTGCATACTTTACCAAAGACACCGGTTTCAACCGGGACGGGGCCTACTGTTGGAGGTCAGCGTATCGTTAGTACGTCTCAAGGATGAGACAGAATCCGAAGGGCCACTAAGTTGAATGGGTGCGCAACATTTTTAGTCCGCGAGCGAGAACCCACTGGGCATTGTACGATTTGACTGCCACACTATTGGCCTTCATGAGTCGCGTAGACACAAGGTCGGGTAGATTGATTCCTGACTAAATCTTGAATTGGCCGAGAGACACTGTGCTTGCCAAACCAGTGAAATGGGGTAGTTTCGATTAGCTAGTCGGTAGTGTCCGAAAGAAAAATTCGCCTCTCATATACTATGCCAATCCGTGGCCGTGGGCTTGAATAGTCCTTCTTGAGGTGGCCACGCACTGATTTGCCAATGAAGGTATTGAGAGAAGTAAGCCACCTATTACAGGACTTCGTCATGCCTCGTGCTGTCGACAGACGCGTCGCCGGACCGCAGGAGGGATGTTATGACTTGACATGCTCCCGCAGGCTCCCTCTGTACTGGGGGCCTTATAGGCGCATAAGAAATCTGCCACATACAGGAATCGTGCCATCGGTGCATAGCGATGGCGATCATCCTAAGGTCCGTCACTGCGACAACCTAGTCCCATGTGGTCACAGGAAAAACCCGCCGGCGTTGTCCCGTTTTTGAGTGAGGTAGACTCTCCCTCAGGACGTGTAGCAATTTCTCTTAGATTCGTACTCGCTGAGTGACCCGTGGGATTCTCGCCGTTGAGAGTTCATGAATCTAGCCACACTCGGCATTCATGGTCGCGAGTTAAGCTTTTCCCGTCCCACTTGCTCGGCTATTTTGACCCCGGGAAATACCGGCCGGATGATGCATACTAGTAAGGGTAATGTGTTACAAGTCGTTCGCGTGCTCCTGTGGATTGAGAATGCGGCTACCATTTTCTTGGTTGCTGCTAAGCACTAATTCGTGCGCGCGTAAGTACGGGATGCCAGCTGGCTGTAACTATAT,1783,49.64,Mus musculus
SEQ_232315,GGCAATCTTATCGCCCGCTATCCAGTTACCACTTAAGCGTCGGACAGTAAGAATCTTATCCTCCCTTCCGAAAATTTCCCTCTATGTAACATCTAAATCGATTTGCGCAATTTGAATTCTAGCCGGGGTTGACGATTGACGACTGAAGCGATTTTGCAGAAAACGCTGACGCGCCCATCTGATCTTTGGTCTATAAATTGAAGTCCCCGGTTGCTGGGGTTGTGCCCCCTCTGATTTTCTTCCCGTTACTTCTGCAACTACTGCCTGATCAATGACTAATCATAAGGTATACCCCTAAATGCTGTCAAAACGTGACAGTACCCCCGTCATAACGAATTTAAGAGCCGTAGTTCTCAGATGTGGAAATACCAACTTGGTAAGGAATTGACCATGGCAAAGAAGTGCGGAGCTCAGAGTAGGTCCTCTTGATAGCAACGAGATGAC,444,45.72,Mus musculus
SEQ_863614,TGTCATGAATCCTATCCATAACGCGGACAGCAGATGTACATATGTCATGGTTACCCCAGACGCAACCTAAGGTGTAACGTCGCGCAACCCCTCGGGCCCAAGCAATAAAATCAGATATAACTTTGGATCTTCCCCCATCCCACACCTGCATGCCCCACCACTGCGCAATCGACATCTTGTGTTGTCAATCCTACCGGAGTTGGCAATCTAGGGACCGGCGATTCGTCTAAATCCAGAGAGTTTATATCAGATGGAAAAGGTTCCGGTCCCTCCTACTCATCATTCATCCAATAGTAAAACTCGATGTGGAGGAAGTAATATTAATCGGCCGTAGTGGGGACCCATGTTCACAGGAGCCACGGGGACTGGCTGGTAACCGCGTGGATATTCTCAGCTGACGACCGCTCGCCGCGCCCACGCTGATCGTATACTGCTGTATCGCGTCCCCTGCGGTGAGCGAGGCACGCACTTTAAGAATGCTAGGTATGCCAGTTTTCGACTTCCATGAAACACTGCCCTTGTCCTTATCGTACCGGACAATAAGCCACTTCATACCACAATAATGATAACATCTGTGTAGTTGAGGGTGGGTGCCAGTACCCGATCGCGCATAATTTTCTCGCCATATGCCCGGTACCTAATTCGTGCCCTGGCAGAAACCCCCGCCACGTCTAAGGAGAGGTCATCTTTGTATACCGAACGCTAGTGTGCCGTGCTGGTCTCGTCGATAGTTATGCTTCGCCTTTGGTTGGTGTAACTCACTGTGTCTCCCGTGGTGTATTGTCGGCAGGTTTATTTTGTCCGGTGACGATTTGTGTCAATGGCGGGTACAACTGTTTGCCGCCTCGACCGACCCGGCGGTACAGAAGTAC,872,51.61,Drosophila melanogaster
SEQ_841013,TACCCGGCACAAATGTGGCGCTCAGGGGCATTAAATCTAGACATATCCTTCGGAAGTGTGAAACTGCGGTTCAATCCGACCTGCGACATTATAGGTCAAGTCGAATGGTTGTCCGCACACAGTTACATCAGGGACATGTAGGACGCGCTTGGGTGTGTACTGGGAGTCGGTACCTGCGTATGGGCCGTCCGTCTCACAGTACTTAGACTGATGGTTGCACTCAACGTTATGCGTTTATGTTTATTGTGGACTAGGGAGCTACGGTCTGGGTCAGTTGCATGGCTCTTCCCGTAACAGGCTCAGTCGTTGTACCATTGATCTGCCGTTCATCCTATAAGCTGCACGGTATAAGCAGTTCTCTTCGATCGGCTGCAGCGAGACTTGTTAAGCAACCCGGTGATATGTTTCAGATACGGAGTCGCGCCGCTTAAGGGATGGTCTCGCTTTTATATTTAGCTCGCCTTCAAGTGAAGAACACCCGGCACTACAACACAGAGCGGATACTGTGAGTCTGCAGACCCAAGCCACAGTACATGTTGGATTGCTGCCGGAGGCTCGCCCCTCACCGGGAGTGGTCATTTTGTAGATCAAGGTATTATTTATTCTCTTTAACGGAGGGCATGTTAGCGTCCCCTGGTCCACGACAACCTCACTACACATTAGATGAACCTGCTCATATCGAGCACCGAGTTAGCTCGCGTTGACTCGGTGTAGTCAGTATTAGTCTAATAGACCCCCATTGCTCTGAGAACTCTGGTGAAGCAATAAATGTGGTGGGGACGCGTGCTGTAAGTACCGTGCCTGGACATCGAATTCGGGGGCATTCACTCTGTCGGCTGAACACCGTAGTCTAAAAGCGCAATCCGTTTACGATAAGAGGGCTGTCTGGAGAGAGACACAAGGCGGGCTCGGGTGTTGCTACAGTTTGTTTTCTGCAATACATGCTTGTTTACACGCGATGGAGATAAAGCTCACTGCTCCCGCCCATCCGACACAGACCCATAAGGTGATCAGCTGCGCCCACCCATCAGTTTGTAAGCAGTTCTGAGCTGCGCCTCTCAGCAGGTTAAACTAGATTTGGTTCAAACACGGGACTCCCTATTATAAAGGGAAATTGGATCTAAAGGTTGGGCTAAGGATTCAAGCCGTTGGTTTCAATTATAGCTTTCGCTAAACGACTGGGATCTTGATTTCAATATAGCAAGTATGATGTGATGTGAGACCTAATCTTCCGACATCCTACGTTGAGCTAGGGTTTATTGAATTGGCATCACTTAAAACAACTGGGCCTCGGTTGGGGTTGGCATATAAGCTGGGCCTATCCACGGTATACGTTGCAGGTGTTCATCGTGACGCAAGGCTAGTGCAACGAGTTATCTAGTAGGGTTACAGGACCGCATCAGGTCTTACGCGTTCGCCGAAATCTTGTGGCCTTGAAAAGATAACGTAACGTTGGGGGAAACCACTCAAAGACGTCCTTAGCGGGAATGAACAACCGAGCCCCAAGATCCCACCTTATTGACCTGTCTGCACACGGATAATTAGGGGACCCCCTGTCCTTTGCGACTTACGCTTGACGGCAGTGTCGATTCAAACCCGACACAGTATGTAACGTTATGCACTTGGGTGCTCTAATCGAGTCACTTCCGTGGATTCGCGCTAGAGGGGGGTAGACCACTATGTGCTGTAGCAAACAGCAACTGCATTATGACTCACTGTATAACCCCCTAAGGCTGTGAACCTGTCGGCGGA,1752,49.83,Drosophila melanogaster
SEQ_921248,GCACCGGCTAAGACCAGAGGTCCATCCTGGTGCTAGCTTCCCGACAGATTGGCTAGAGAAGTAGTGTAATCCTTAAGCCATATTTCCGGGGCTAGTTTGATCTTTTGGGGAAATGCACTAAGTGGAGTAAAAGGTTTCGGATTCATTCCCTGACAACGCTTCAACTAAGTCTCGCGCTTTCGCGATCAGTAGCGACCGCGGTGTTTTTGTCTATTGTCCTCCGCCAGGAGGCATAAGTGAACCAGGAGGTACCCTAAAACCACCATTACCCCAAGGTTGGCAGTAGAGTTGGCCCAAACACAGGTGCATCCGCGCACCGTTTACAACGTGCCCACAGCAAGTTGAGCAGTTTATAGGCTCAATAGTTCATCTCCGCTCAACGAAAATCATAATTCATCTGGGCGTTAAGGTGGAGAGGAACGCTCTACAAGTCACCCATTAATAGGCGGCAGACATTATGTAGCCTAACCCGTTGAACACCGCTCCTTCTCCGGGCATAGGTTCCGCGAAGAAGTCAGCTATGCCATGATGAATACGGCTGGACACGGTAACTCGATTAGCGCATGACAGCAAGGCTTGCGCTACCAAACTGCGGAGTTCTGCAAAATGTTGCCACTCTAGGAACTCAGTATTTCAGACGTATTACAGAGGATGATTTGCGAATCGCACAAGATAATTCGAGAGCCAATGACCGGCGTCGCCGAAGTGTTGAAGCGGACTCGAAACGTGTTAGTTTATCCTTGTTAGCGGCTAGTCAAGAGCTTGGCCCATATATGTCTCGTCTGTAACTTCAGGCCAGCAGGAGCTTCATAAGTCAGCAGGCGAACCGGGGCATTGCATTCCGAGCTTAATTCTAATCTTCAGGATTGTCAGGTACGTCGCTACAGGGCGGCAGTTAAAGTTATCTTCCGTTGCGAATGAGGCCGGAGCTTTCCTAGGATACTTTCCGACACAGAGAGAGTGCAGACAGTGAGGGAACTCTT,983,49.75,Escherichia coli
SEQ_122887,GGCCTGAAGCCAGAAGAGCTCGAGTTCCGCTCACTACCGTTATTCATTGTTAGTGTCTGAGCTTCTAGAGGGACGAATTACCAGCAATGACTGACCCAGCCTAAACCTTAATAAGGATTTTAAGGGAATATGGTCTCCTACACTTCAGAAGCTTTTGCCCAAGTGAATCTTATGGGACTCGAGAGGGTCAGCTTGCCAGGTGATAGCGTATGTCCCCTGAGGGCAGATATTTTGCCCTATGAATCGTGTACTCAGTGACCTCACGCTCACCTGTACTCGTAGGATGGAAGTAGACCAAATACACTGGCTCGTCAGACGAATTTTATGTCACTGCAGTAATAAGGCGACCACGGCAGAGACGTGGTTGTTAGCCGCGCGCCAAAGGGCGACAACTAAAGCGTGATCCCATGTTAGCCACCCATTGAGAGAATAATGTAAACTCGGGCGGGCTGGAGCTCGTTCGCACGATATCCTAGCTACTAGTTATTTAGGTTGTTCCTTTAGCTTCCGAAGACGTTAGATCGGAGTCGTACACCACTGAGTGGGTACCCTTGGAAGAGGGGGCGTTGTGTCCATTTATGATAAGAGCATCCGTTCAGCTCGTATACGACAGTTCTCGTTTAC,624,48.88,Saccharomyces cerevisiae
SEQ_291331,CGAAATCCTTTAGAGTGATCACTGTATGAGGCGGTCTGCATTTTTATATGGTAGTAAGGACCTCCCACTATTAGGTATAGCGATAATGCCAGCAATAACTCGGCAGATGCCTACTCGGCTTCGCCCCTGGCAGACCTGGTGTTGATTCGCTCACATTTGTTCCAAGCTGCCTCCGCTTTTTACTTGCGCACATCACGTGTGCACCACCCGCCGATACAGTTGTACACGCGAACTATAGGTTGTTACAGGGGCTTCCACTCTTTTCGAATGCGTTGAGCTGATGTCGAATCTGCGAATAGACGGCTACTCGTCTGAGTTAAGCTTGGCAGACACTATGAGCAAAACTAATCCCTAAGAAAACTTCTTATCGGGGGTGAAGCAGATCCTACCCTCATGGCACGGCGACATGAATACGAAGACGTGCGTCCGAACGCCCTGGTATATTTGACGGCGCAACACGGGCGCCCTACCAACCAGACAGTAGTGCACGTATGGTCACCCCTCGCCCCATTGGTAGAGACACCGAGGGAGTGTATTCGGGGTCGTATCCAGTTTGTGGCCACTGATTGCTTACTGGCGTGACCGAGTATATGTCTTACATGGCTTCGGTTAACCCGAGTGCTCCTCGGCTGTGCCCGTCATCCTATTAAACGCACGAGTGAGTGTACTATATGCCCTGTTAATAACTACGTGCACCGCCATGTCGGGCCCCCGGATATCGCTGAGGCTGCCCTCGGGTGAAATTGTTGAAGCTGATTCCTTCAACGGTCTAGCA,775,51.74,Caenorhabditis elegans
SEQ_825742,TTAGCCATCTATTATACGTGTAAACCATGAACAGCGCGAATCCGGTCTCTGCTGTGCGTGTAACCCTTACCAGCTCCGGTCTCATTTCGGAGTATACTTCCCGTCGAGGGCGTAACCACGATACTCCGGGTGTTACTTAATTCTATAATCACGACTCGAACTGTCGGTTAGGATTGTGTGATCGCAATGTGAGCGGAACGCTTAACCACAACGCGCCGGTATGGTGGGCTGGAATTCATACTGACGTTACTGTTAGATCCTCTGCACTTCTGAAGGTGACAATGTAGTTTTGCGAGTGGCCTCCTTAGAGATCAAAAAATCGATTGGTCAACGCCAAAGATTCGATAAGGTTGTGAGCGGCCCCTTAGCGAGATCGATACCCACGTATACTACACGGTATTTGTCTCCCAGACTTGCGGCATACCGCCCATTTGTCGAACTCACGAGCGTTGGACCCATGGCTTTAAGAGGGTTAACATGTGAAGAGACCTTGTCTCGTACCTTCCCGTTTGAAAAGACGCAATCGGCCAGAATGTCGACAACATGCCCTATAAGTAATAGACAAGTTGCGGACCGCTATAGGGTGCGAAGTTAAAGAATGCAAGGGTCTGCTATGTAGATCTCACAGATAGGAGGAGTTCTCCGTTCAGAAGCATCCCCCTTTGTAGAGATTATCACGCGTAACCGCCGTGTACCCTCCGAGATTAGGTAAACTAAGTGTCGACACGTTCAGAAGCGTGATAGCCCCGTTGAACTATGTGCGGCGATCTAGGGTTCGCTGTAACCTCCACGGGAGCCCATTCGACCCCAAAGCTCGTCCGCACCCAACTCAAGCTACGCCCGGCGGCGTGTGCGTCTCTTCACATGAGCTTGCTAGTGGACCCCTGGGTCGTATAATGTGTGCGCCTATAGTGGCTGTAGAGGAGCATGGTAAGATCCCCACGTTCTGGACCCAACGCCGAACACAGGATGGATGCTAGCCGCATTGCGTGTCAGTGATGCTAAGATTAAAACGTAGCAATGATGTTCATGATATGAAACCGTCTGATTTTAATAATCTTGGCAGATACATAAGCGTGAGATGACTTAATGTGTTATAGTCGTAGCTTGGCCCAGGTGGTACATATTTGATGATGATGTAGCCGTGGGAAGCCGCGTTACGTCACGCAGATGCTTCGGTGCGTGTGCCTGCAGAGAGAGTAACACGCCATTGAAGATATATACACTTGCATAACCATTTGAGGCAGACGCGGACCCAATCACTTAGAACTTCGACTATTATAAGCCTTGTTGGCGAGGCCCGGCCTACAGATTCTCGGAGCGCTCAGTGACGGGTCAATTCAACTTCACAGTCCGAAGTCCCCCAATATTTATAACTTGCAAAGCGTTAAGCCCCTATTGGCAAGATGCAATTCGAATGCATAGTCCCTATTCTACAGCTTTACGGTTATCTGGCACGCAGTAACATGCAGTAAGTAGCCCACCACTTTGGAATCCGTGCATTTACACTTTAGTGATAGTACTATAGCCTGATACGGTAGAACTGCTTTTGTACCGTCAAAATGGCATCCCAATGTAGAGATTAGCCTCGCTATGCCCCCCAAGAAAGTTCATGTGGCGTTGCTAGTTGAGGCGTACTATTGGTGCCGTTCGAAGTTTTCCGGGGCATACATCTCTATTTTCCCAGTATGAAACAGGTCCCACCATTCAAACGTCAGACATGTTGCCTAGGACCAG,1737,48.82,Caenorhabditis elegans
SEQ_264707,CGTCCCACAGATGGTTGCGTAAGTACAACTACAGGCTCTGAAAAGTGATGCCGTTTGTGAAAACCCTCACTGCCCAGGGTATGGGTTCCGGTGTTAAGCCTATTGCGTCCACACATATGATTATTTTCGTTAAAGTGAGTCGAAAATGTCTATACCAACATGTAATATACCCCTGCATCACCACGTAATACCCGAACGATAGGCCACGCCGAACGGCCAGAAGGTCTAGGCTAGCTCTGTTAAATATACTATGACCCGAACATCGAGCTACAATCGTGTCTGACGTTAGTGGTGCTCCACCCCATAAGCTTGATGGGTACTGACAGTTGAAGCTGCTCAGGCCAGTAGGTCACAAGCGCCTCGCAATACGACAGTATAGCGGTATACATCCATACAAGCGCGTAGAGAGATGATCACCAAGACGACTGCGTTGTGTAGAAGCGCGATGTGCTACTATTTGTGTACAGTAAAGCACCTTGGGTGCAAAGCCGGTCAAGGAAAGAGATCCGCTCTTTGATAAGATACTACAATATAGATATGCCGCTCGCCTGCTATCTTCTTTCTCGAATAATCCCGACATTTTAAAGGGCGGAGATATATAGAGGAATAATGTGGCCTATTTGTCTTACCCACGTCTCCCCTAGCGGAGTGATCGTTCACAAGCTGAAGTAAAATCCTCCCGCTAACCCGGACTGCGCTTTAGTCGCTGATTGCGTTCCGTTTTGACGCATTGGGAAATTTTTTTGACGATGGCTTAGTCTCAACCCGTGGGACACCATTATTAAATACGTTGATGCTAGCGGGACGTGGGGCTCGTGTACGTTAAGGTTATGCCCATCAAGCAAGTCCCGTACTGTGAGTTTCACCAAGCCCAAGTACGTTGGTGAACCCGTGAGCGAGCAAGCCTTTCTATCCATAGCAAAGAGTCCTTGTATTACAGCCACCATCTTGACTCCTCGCGTCTAGGAGTCACATTCTTGCCATAATTAACGTTCTGCTTACCACCGAGTCACCTGTTCCCGGTTGCCTCGAAGCACTCTTCTCCGCCGCATGCGTTAGAGCAGATTCGCCTTGGCACTCGACGCTGCATCAAGTGCACGCGACCAAGCGACTTGCATCGCCGTCAGTCTATCGTGTCAGCCTATTCACCCGCCTTCTTCAGTGGGAGCTGCATGGCAGCGGCGCGACGACCCGCAGAGCGTGAGCTGAAATCTATATGTCATCAGCCGGGCTAATCATTAGAGTCCCTGCCGAGGTTAGAACCGTGTCGGTCGTCTTATGGACACCACTCTTCTTTGTGCCCGGACGTACACGGTCACTCGCCGCTGATTATCTAATGATTCTTTGAGTGGGAAACTCGGCAAGGTAGTATTAGGTCCGGGCGGGTCGTACATACGACTTTTCCCAAATCCTTTCGAGTATCACGATTCGCAATTGTAGCAAGGCTCCGACAGGTCAACCGGCAATTTTTTCGCTAGTCCAAGCGAGGGACTAGGAAGATCAGGCGGCGTGCAAGTAATTCTACTCGCAGCCGAATACCGGCGCTCACGCATATGTCACTAACGAACTGCTTCGCGGCCTGACCCGTATCCAGCTCGCATTCATGGTTTCCGTTATCTGCTCTCTTACATGATCCTAAGGAATACGCTAAGACGCTGCATCCTGCAACAGATCACTGCTTATTTGCGGGTTAGTCTGGTAAAACATTCGTGATTCCGGTGAAAAAGCGCATTGAGTTATGGTTCCCCCGTTACTCGAGATCCAACCGACCCTATCGCGCCGGACAAACTTAGTCGCAAAGAAAACAAGATCTCTTGTAGCCATGCTCAACGGATCGCAGGCCTCCGAACAGCTTTGGTCTTCCTGCGAAGTCCACCGTAGTGTACGGATTAGATACTCACTCCCACTCTCTCGGAACT,1919,50.13,Homo sapiens
SEQ_455647,GCTCCGTCTGTTAATAGTGTTTGGGATCATCGCCTATTCTCTGGGCACTCCAGATCTGCATTGATGTGATACAGGGACAAACTCGCTATTACAGGATGTCGTACGACCCGATGGCTCCTACATTACTGGAGCCCTAATAAGGGCATCCGTAATTATTCCAGAACTATTGCGCGCGCAACCCCAGCGTACAATAGCGACTCGCTTCAACTTGCGAAGACTACATCAGTCACACCTATTTTATGAGTCATCGTCGCATGGAACACGTTCGCTCCGGTCCCTCATGCATGCGTAATTAACCATGTAAAAAGCCCTTGCACCTAGTTGGCCCAAGCGGGGTTCGTGCCTAATATACCACACTTACGGGCTCCGGGTTTACAGGCTAAACTTCAAATTTTTACATGAGTTGCTTTTGGCCGCATAGTATACCAGCGCATTATTCACCTATTAAACAATTTTGTCAGACAACCAAAATTAATCACGCGATTGTACTCTCGATTGGGGCCGCTTAGTACAGTTACAACAGGAAAATAGTAGCAGTATGTGAAAAGAGGTCTAGCAACCAACGACAGACTGCATCCTCCGTTGGTCCAGATTCCGTACAGACAACCTTTAACACTGTAGCGGTGGATGGACGTAGCTCTGATTGGCTGCCTTGAAACTAACGGCTGTTGGCAGAATAGAACCAAGGTCCACTAATTTGGCAGCTCACTCCTTCGCCATACACTAGGCAACGTTCACGCGCGAACGGCTGGAATCACTCCCGAGGGCGTATTGATCTATCTCGGGACACAGAAACTCTGTTACCTTGTGCCCTGAATCGAAAAGAGATTGCCCCAACGTAAGGCTATTTCGCCACACCGCGCGCATACACGTGATCGGATCTTATCCCCTTACGTGAAAATCATCTCTTCGTGGGGATACAGCACTGCCTCGTATAATTAAAACTGGCCATAGATCCTTACCGCGAATTTAACCCGTGTTAAGAATCAAACGAGTTGCTATGTTGATGAGGCCTGGCCTATCAGCACAGGTAGGAAAAGTCCCATTTGACAGCTTAGGTGACCCGAGCCTCATGCGGAACACGATACAGTCATGCAGAGAGAAATAAGATCTGTCCAAACGACGTAATTACGTTTTCGTTATAACAGCGGAAACTTTCCTCTCTGAGGTGGCCCACTGAGGTGCCTTTGGATCATCACGGTAGGGTCAACCCCACAAGTCCGGCGGGGATACGACAAAAATGACGACCGAACCGGTAACGACGGTTAACGCCCAGGTTATATGCCTCTGTCCAGCACCCGCGGAAGAGGGGGTGGAAGCGATAAGTATCGCTATAACGTGCGGTTTCTTCAGGCA,1356,48.67,Homo sapiens
SEQ_812319,AAGAGTGCGGCATGCAAAATTCAGAGCATGCGAAATTACCTAGACTCGCAATTCTTAGGTCTTACTAATAACGCCCGATTAGTTGATGAAGTTTCTCCCGACCTATGTGACCTGTCTCTCCTTGCCGTCCACACAAGTGGTCCGCGCAAAGACACAACTCTAGGAGATTCACAAATGTGGTCATGACCCTCAGCAGTCGTGCCACTTTCAAGTCCCAGGAGGACGCATTGTAATTCGAGTAAGAACCTTGTCGCTGTGCCCGTTTTAGGGTAGAACAACCCGACTTACTTGTCCAATCTTTCTCGACTTCAACCGGATATCCTCTCTACGTGGGTTTCCTTTTCGAGAAGTCATAGTCAGCTAAACTAGTTATTACGCTGGTTAGGATGCTGGTCCCGGCTGAGCTATTTGCTAGGTCGAGTTCCGTGCTGTTATACAACCTATAGAGACGCCATACAACGCGGATTTAGGGGACAGGACTCATCGGTATGCACGGTTAATGCTATGCCACGGTTAATGTAGAGTCTTACGGAATGTTATCATTGATAATATGGGACTCGACAAGAGTTAGTTATAAGAGAGCTTAATAGCGTAGCTCCAGTTTAGCGCTTTTCTATTACTCCCGATGGCATCCACACTAGACGCATCACGCTGCCTACTGTTCTCGATTCAGCGACATTGGGTGTTCTGAGGTAGTAGTAAGTTCTTAACGTTAGATTGCGCTGTAGGCGTAGTTCGTTCGTAGCTCACACGGGCCTGTCTCAACGCGCTAGGTACTAGATCACGACCTAGACAGCGTCACCACATTCAGCGCGTTAATTATACCGACAATACCATAGGACGCGGAAAAAGACATCGGTCACTGACCGTGAAGGTGGACTTACCCACTACTACTCATTCACTCCGATTCACTGACGTGCAATTATCTTTTATTGTATAATTCCCTGCGATGGGCCCTTGTTAGAACTCCCGTGCTGATAGCAAATAGCTATCACACCGAACACTAGCGTTGGCGGCGGTAATCAAGATGCTAATCCAAGACATACGATGGCATTGTTATCTTAAGTCCGGGCAGAGTTTTTGTCGAACCGTAGTCCGACGT,1102,47.1,Mus musculus
SEQ_566993,GACCCCGATGCCCGATATGTAGATGCGTTGCTTACTGACCGGACTAAGAACGTCCCAACTTGATACGAGATGTTCCAGCTGTGGGCTCATAAGAGTAATCCAGAGCTAGAATCTTTTTATCAACTTGGCCGGGTAGAACCGTAATCGCACTTGAGAGTCAAATTCGAGCACAACTCCTTTGAGCCTACTGTCTTCAATCAGCATGATTACGGAATGAAAACTGCCCCAGAAGCGAGGTAAAAGGACCGGTGAAACTCAACCACGTTATTAGCATTATTAAACCGCGCCTTACCTTTGAAACTGGTCTTAAGGCAAGAACCTTCGCGTGTCCACTGAACCTAGTACCATCACGACGTCCTATCGAGTGCATGTAACATAACCCTCGATAGGACGCCATCGAATATAGAAACTATATGACCCGCCGGAAGGGTTGGACGCAAAGAAGGCGAGCAGCATTATTACACCCATGTTGCCAGGTCTCTCGTGACGGGTATGAGCACCTATTAGAGAGTCCACGTAAAAAATGAATGGAAGCTGGGATGCCGGGCATCAGCCCTAGCACAGTACAAACTGTTGTGGTAAGCCTACTATAACCGAATGCCATTCCATTATTAATTGAGCAATGACCGACTTAACACGCCAGCAGTGCTCTTGGCAAGCGGTCAATAAGCCTGCGATGCTTTGCCATACCGCACCTAAGAACTATGTCGACGGACGTAGGGCGGTAAGCTCGGCAAGGGGCCTGCGGCGCAGGAGTCTTATATCCTATAATAAACAATAATACTGCCATGCGGTTAAACGGCCTCTCTGC,811,48.46,Homo sapiens
SEQ_745695,AATTAGCCTCAGGGCAGCAGGAGTTGGTTTTCTTCAATTGCAGTAGGAGCCACGCTGCCACAGACGTGGGTTGCGAACTGTAACCACATTAACGGCCAGGAATGCGGAACAATATGGTTACTCTAGATCAAGATGCGTGATTACTAAGCCTG,152,48.68,Mus musculus
SEQ_440746,ATTACTTACAGAAATGTTGTCAGCTTTGACAGTAGATACGTAAGCTTGGCGCGGAGGTGTTCTAACTTCGCGTCCACTGATTAAGCCAGCACTTAAGATATCACTAATACGACTGTAAGGGACAATCGCCTATGCCGTGCTTGCACGGAATCTGAAGCAT,160,45.0,Mus musculus
SEQ_211451,GGCCATCCGGATCCACACAGCCTGTCCTCTCCTCACACCGTGGATGGGATTTGGGTTTCACAGCGTTATAGCAATCTGTGATTATAGGTGAATAGTCCAAGATCGGCCCTCCTTGCCATTAAGCATGAGTGATGTATTGTTTTTCTATTTTTCTTTCGCAGCTGCGTTTCGGTAGTATTGGCTAAATTATGCATACTCTCAGCTTATACTCAGTATGTAAGTCAGGATGACGGTAACTACGATCAACGCTCCCGACTGAGTTCTGATCGGAACGATTAAGACCATGAAGTACGGACCTACATCCTGCGGACTGAGAAGTC,320,46.25,Saccharomyces cerevisiae
SEQ_464831,ACATGCCGACAGAGTCATTATGTACCAGAGGCGGTCTGTGTCTCCTGTGAGCAACTGTGAACGCTTCTCCGGGATTTGTGCGTCTCAGACGTTGGTTAATAAAAATAATCAGTGCAGCAATAATTATAGCTATTGAATAAATGGGTGATACTGGAGTATTCCCGCGACATCTATGATTGGTCTCGCGGTGATCCGTGCATCGATACGGACCAAGATGCTTTTGTTACGGGTTGATCTCCTTAGCGTTACCGGTCTATGAAGAACTG,266,45.86,Homo sapiens
SEQ_967595,GATAACAATAAACTAGTCGACCATCATTCTATCTAAGGCACTGCACCTGTCGTACTACACAACAGAGGGTACCGCCCGGACTGACTTCAGGGTGTGGGTGAGGACCACCAGCGAAAGCGTATGTGTTTCAGGTGAGTCGTTCGAGTTTTTGCTCAGCTAGGCAACATCGGACAGAGAGGTCGGACATTTCAAGATAAGCCCGCAGTACCCGCCCCGTTAGCCACTCATGCGAATTCTGCGGTTTCCCAGCTTTCGAACATGTATTCGACGGTTAGTTAACACTCAGCTCCTGGATAAGTGCCGGCTATACAAGAGAGTCGGCACAGGTGGGCTGCCTTGTGCCTCTAGATCTAGGGTTATACGAGACTTCTCTTTATCTAGAAGTTAACTATTTAGCTGGGTTTCGATTCTCATATTTGAGGCATGTCCCCTAGAGTTGATAATGCCGATCAGATCCAGCATAAAGGGGGATAATAGGGCAGGCTACGATGAGTATGTATAGTATCTACTTCCACAGAGTTGGCCCATCGCCTACATAGATGTCGTACCAGTGCAGAGTTGGGACAGTCCAATGTTTCTCGCATTTCGGGTCTGATCTGAACGCGTTGGAGAGTGCTGGATCAGGAGCAACCGTATAAACTTCGTGGTACCCTAAGCAGGCCATTTAATTAGCCCTGAAATTTTGATACATTTAGTAAAGCTGGCAACTTCCCCTTAATGCACTATATGTCTGTCGGGTTTAGTCAACACGGGCTACTCTCCCTCCTACTGTGTATATTGATGGGGGTTACATTCGAGCGCAAAGACAGGGAAATCCACCTCGCAGAGGGACTCGGGCTAGAGCGGGCCGACAACGTGATCTGGTGATTACACTCGCTCAATGATTAGGGTATGGTAAGCCTTTTGTAAGGGCATATTAAATCACGGTCTTGGACCAGATCTTCGCTGGGGTGATAGTCTTCATACAGGTCGCACATTTAAGGGGCGTCCTTAGTATGGCGGCTTACAGCTCGCGAATTCCCGCATATGCGGCCTACTGCGGGTGAAGTGAAGAAGTTCGTCCACTGACATTCAAAAGGTAACTGGTCACAATCAGATCTTTCTGCCGGCGGTTCGACGATACCACAAGGAATGAGGAGTCGCAAGGGGTCGCCACCATGTCTCATGAGTACCACCCTAGTGCCTTATGTCAATGGAACCTGCCATCTCTTACAGAGAGCTATAACTCCACGACTTTTACCCGGGACGTGAGTAATCCGGTATCTTAGTGATAAACCATATAGAGAGGGAGGCCATTTAATAGCGGGTCAGTTTACGGTACCCCCCGTAAGGCAGTTGTCGTGGTACTGTAGAAGAGCCGATCGAGTCCTAACATGATACGTGATCGGAACGGGGAGAATCCGCAGCACGAGCCTATTGCTACACGATCCGCCCTTACTATGTTTATAGTCTGATAAGAGGGGAGCAAGAGCGAACCTCGTTCGACTGAGAAGGGACTGCAGCTGTAGTCAATCGACTATGGTGCTCACAGTCGGTTGACCATAGCATTTAAGAAGATAGTCGCGTTGTGTCGGTAAAGGCCCCACGTACCGAG,1594,49.37,Homo sapiens
SEQ_157553,TTGAATTTTACCCGAGATGTGGTACCGGGCAGATCGTGGTGCTCTTCCTGCGAAGATATATGCCGACTAACTTACTACTGTATTTTGTCCAACACGCTGTAACAAATTGTCGCGGTCAGCGCCTGTTCGTGTCCCCCGAGCGGGTGGCCGATGTCACCCGTGCCTGTACTGTGACAAAGACCCTCACTGTCGTGACCTCCCTAGTCAGTGCTAACAAGCTTGTATGAAGCCACCAGGAGTGAATTTCTAGTCAGTGTTGGTCGCCCACATTGCAGCTCCTGACGCCTAGTTAAATGGGAACATCGCATGGTGCGGTGAGAACGGGCCCCAAGGATACATAATTGTTAGTCATCTCGCGTATTTGGATCATCATATCGTTCTGATCGGAACCAGCTGCTACAAATTTAGGTACCACAGAAATCTAAATACGGCTAAAAGTCTCCGGTCATGCCTCGC,456,50.0,Homo sapiens
SEQ_712380,GAGCTGCATTATAAGACCGCATATGAATAAGCGAGGAAGCCGACGGTTTCTTTACTCCGCTTACGTATTTTCGTGAGGAATTCACGGAAACTGATCCGTGGACAGCTTATATCTCAGTGAATGTCATGGGCGGTCCGTTAATGACGGACTCGTCGACTTTTGCGGATTATCATACGGACCTAAAAAACGTCATCTGCGGTCTCTGCCGTTCCATGGCAGACTTAGCTACTTAATCGTTGCCGGTAACGCCAACCCCCCTAATCGGGAATGGTCGGGGCTTTGCTTATAGATCAACGCTCAACGGGTCCCGTAGGGCTACTCAAATACAGTGAATTCATCGGTTTGCGGGCTGAGCCGTACTTCCTAGTGGCCTGCCACAGACTAGGGTAACTTCTGGCTAGTTGTTACCGTTTTAGCTGTCAGGAGAGACCCCCATTTCAAAGGGCTACAGGCAAATGGGGGAGGGTTTTGTGTGCCGCTGCACGCATTTAGTTCTTCATGGTGCGGTAAGCATAACTCTTCGCAACATTTTGTCAAGAACGATCCGGAGATAGAAATTAGTATAAGGGATGACATTACCACTAGTCAATCATCATTGAAAAGAGGTTTTATTCCAAAGGATTTCCTTATTGTGCCACTGAATGAACATTAGGGGCGATCGCGTACTTCATCCCGTGCGTAATTAAAGAGCATGAGCGGGTAAGGCGCTCAAATTCCTGATCTATCTAAACCTCGCGCTCGACCGTGATCCAACCGGATACGTAGTTACTAGACGAGGTCAGCGAGCACAAGGTTAACCTGCTTCTTTACAGGGATTCGAGTGCTCTACGAGTTTCTCGTGATGCGGGGGCGCACAGGTGGGAACTCTTCTTCATGTGTCGTATTTGCAATACCATGGTTGTCAGTTGATGGAGCGTGACAGCCCTCAGCGTATGTAACCCTAGACTGTTGGAACATCGCCGTCACCAGGGGCGTTTATGCGCTATCTTAAGAGGTCCAAACTCGGTGGCCACCATGTATCAGGGGCGCGCAGGGTTATCAGTGGAATTTCTCAACAGAAACGTCGGGCGGTATGATAGGAATTGAAAGTACCCGTGGCGAGTACAGCTTATCTGGCTCAATTGAATTGGGCCTTTCAAGCTGGTCGTGATGCGTTAACGCCGATGTGACTGTCAGCGCGAGGGGTAGCTCAATCCCACGCTACGTTGGAAGGACCGAACTAGGGTTACGTAATCTGCTGTGCCGCGGTATGTATCCCCCATTTAAGCGACCGAGCCTGAGATACTGTTTTCACATAAAAAGCGGCATGTATTGGACTAATCACTTCTTGGTTTCGGCAGAGATACCTGGAACTCCTGACTCGTGGACCTAGCACCAACGACTGGGCAACTGACTCAGTTACTTAACCAAAGATCGTTTATAGAGTGCCATGTTAGTTGTATTACGCACACAGCGTGGTCCTATCCCATGCAATAGAATGTGTCGAACGACCGGACACGTTACCAACGCGATGAAGGGCCATATATACGACATATTACATCGCGGGTGGTCTTCGCGCCATGTGCTGAGAGTTTTGTAAATCAGCGTCTACACATTAGGGCCCCTTACTCGTCTGATCTGGTGAAGGTCGTGGCACGTACTTTCAGTCGACGACGGCTTGCAAACATGACTCTTTATGGTGACGGATAGGATTATCACCTATAACTAAAACTTCCCTATGGTGTTCTTCTGCCCGAGTTCCTAGTCGAATTGTGGCTAGCAGAACGTTATCACGTACTTCTGGTGTGACGGTTGGTCACCACATTGGCGTACAATGCCCCGATTCGAGCTTAGAGCCCCTGCAAGTTG,1848,49.19,Arabidopsis thaliana
SEQ_441310,AGAATATGGCTTAAATCAAGTGCCTGCTTCCCTCCATCGTCTGGGCCTAGATTCTTAAGAGGGGAATCGACTCTATAGCGGTACCAGCCGGACTTTTCTCTTCTACGGATACCATAGGCCCGTGTGCGGGAAGCTCGATATAGCCACGTCACCTTTGCTAAAGGGTTTTGAACCAACTCCCCCTATTGCTATCCTTATCCCGCGTGTTAATCCGGTTTAGCCAATGGCCAGACGGCTCTACGGAGTAATGCCTCTGTAATTAGCAGCATGCCTTCACACATATTCCCGAGTAGTCTAATGCTCCTTCCGGGCGCCACCAGACATATACGGACGGATTTCTTATCATCGTGTGATTGCCTCAGCAAGCGCAAATTATGCCTGTGACACTAAAGATAAGCATAGTTGGACGACCCGACTTAAAAACGATAGGGCGACGCAACGTAGGGCAAGTCCCGAATAAGGACCGGCGAAATCTTCGTGGAAATTTATCACTTGGAGAACAAGGAAGTATGACAGGGACTCGGCTTTTACAGACCGGATACGGGATAATTTCTACGAATTCCTGCGAATACCAAAGCCAACTCGTTGCCCTAAAAGCAAGGTAGGTGTCTTTGGACTGAATCCCTCACACTGACAGCGTGATACTGGGTACCGCGAAAGGCGGATTTCGATTGGCCAAGCACCCTCATTCAGAAACCGCATTGTCGCGTGTTAGATTCTTGGAATGTCCAC,732,49.04,Homo sapiens
SEQ_554889,GGCGGTACATATCCCCCGACGAACCACCACACGTCAGCACAGGTGGCGCTCTCGAATGCTAAGATCATGGCTGAGACGTAGACGTATACTTTCTAACAGCATGCTTACATGTACACCAACTTGTTCCACTCGGGTTGACATAGCGATGGCTTTTACGTTTCGTACGGATGAAGTCGGTGCTTGTTACCTGCTCCTAACATTAAGGCCTATTAATAGCACTGCGGCTACCTAGAGTTGTGTGATGTCCATGGCATCTGGATCTCAGCAAGTAATGTTTGCAGCCATGGTATACTAAACCGCGCTGGTTCAGTACACTACCGATGCTCTATGTCACGTAGCAACAGAAGTTATCGGAATGCATGTGTGGGCTCATTCGGTGTTGTGGGTTGCCGCATGATAGCGTAAGGTGCTGTATACGATGATATAAACCCGCGTCTCGTTCGGCACATGTACTCTAGGCGAGTAACGGGTAAAAGATTTTAATCGGGCCGATTTCAAGCGCTCTTCTAGACAAGCCGGCTGCAGGGAAAATGAGCGCCGGTTTTATTACACTACGCGTAGAAAGTATCAGCGGTCTAGTTACATCACTAAGAGCCTCAATTCCAACGCCGGCTTGTGTGTCTGCAATGGCGCGACGGACACATTAAGAGATCGGATACCGAGCCAGCTTTCGTCTTGGTGCCCCCTTTTAATGAAACCCGGAGATTTGGATGACTGAAGACGACGTTGTCAGGGGGCGGGAGCCTTCTCCGGCCGACGCGCAACAGAACTCATTAAGCATTGAATATTCTGATTCAAACTGCCTCGGGCAGACAAATAGTAGATGGGACCACAGTTAAACAGGAGTGTGTACGCCGGATCGTGATCACGTCTTCCAAAGGGGTACAGTCGTCGGCTACGCATGTGTTTGCAGTACGCTCATGGTAAGATGGCAGCCGCGAGCACATACATATGCGAATTTAGGGTCGCCTAGGACCTTGCTAATTCTCCTGCCTCCGCATAAATTCTTATGGTCGGGTCGTCTCTAGACTAAAATCGATACGGGTTTATTCAGACGCCGCGACGAGACTCCTATAAGACGAACACGTGCTCCGTAGATCCTTTTCACACGCATTAATTAAACCCTTTCTTCGGGGAGCTTGGTCACGGATAGCTTAAGCATACAATGGAAGTGCGTCACCCACTGCCGTCTTCCTGGGTTAACTACCCCCCGGGTTCTTCTCTGGATTTTAAGGTCGGGGAACGGGGTGGCAAGGTAGTCAGGAGGTCCGTGGATTACAAAAGCTAGGAGTCGACAGCGGGACCATA,1308,50.23,Arabidopsis thaliana
SEQ_761501,TCCGTAGTAGGCTGGCCATAGAAGCTCGTTCGGCATAAAGATAATCTCTAGACTACAAGGCGAGTGTTGCGCGGACGACGTGGCAACTGATCTGAGCTTTCTCAGCACCACGCATATACTCTGTTGACGAGTTGAATGGTGATTCCGCGGTGCTTAAGGACAGTACAGCGCCGTCCCAGAAATTTGGTGTTGATAGCACCTGAGCCCCCCCGTTTATGCGTTTCATTGGCAACGGAACAGAATTACTAATCGTTTATTGGGACAAGCCAAATCCACGTCGCCCCTGCACACCTCTTGAAGGGATTGCACATCCTGGTAACGGCAGCTAAGAGTAAACTAATGTGTCGTTTACTCAGGAATCGGTATGGGCAGAGATATCATTGCTTACCCGGTGCCATCCTTCCTCGTAACTGCGGACCACCATTATCCCTCCGTCCCCGGTGAACGTATCTCTACTATCACAAAATGTGAGTCGTCTGATCTGAAACCGACGTTTCATGCGGCTTTCAGCCGCACTGGACGTCGAGGAATCACTAACACCGTTCCATCGGATTTTCTTTCGAGTGCGGCGGACAAATGTCTTGCTTGCCACAGCAGATTTGTAATCTGAGTTCTCTGGCCTGTTCCACTTAGAGTATCGAGTCGGGATACTTAGCCAGACGCTGCGAGTAGGCGCGGGCGTAACCGTCCAGGCCCAGGATGACCAAGGGATCCCGAGGATGCTGAACCCAAACGGGAATCAATCCATGTAAGGGGCCACCTAACTGGGTTAGTTTAATGTTTGTTCTGGTTCTCCGCTAGGTAGACATCACGGGCCCTCCAAAGTGGTAGATATGCCGAGTCTTGGAGCGTCGTTAGGCACGGATCTTCGGACGACGCTGATGTTTCATAGCTCTCAGGTCATACATAGGCCGTTGTGCACATGCAGACTCAGTTATGCTGACCGAGTACCGCCATACCCCCCTCAAAGAGTACGCGTTTGTATGTTCACGTTACGAGCTGTCATCGGAAACCTGATACGTCATGATATTTACCCCCTAATACCGTGCACACCGCTGGGTCCCCTTTGGAAACCTGAATCATACTTAAGACGGGTACAAAACCACATTAATCTTCATCGTTCGCCCTGAACACGAACGTGTTGTGTTTGCATAACGTATTAAGTACAATGAATTGAAGGAACAGGAACAAGCAGTCATACCGGAGGACACAGGCCTTGCCTACACGGCCTACACTAAATACGCGTAGCGCGGTGTAGCTTATGTTACGCGAGCACAGATGCTGGAAAACTCGGCTTACACGACGATGGGCTTAGCCAGGTATACCTTTCATACTTGACTAAAAACCAGCATTCGGGGTTAACGCCACTAAGCAACTGGGCATTTACTTCTTTTGCTGGAAGTTCGTCCGCCGTCTAATGGTACAGAAGGCCCTGTGCAAAACTGGTGAGGACGTCTATGACCGCGAGTATCGTTAGCCCCCCTTATCTAATACATTCCCATCATCCATCAACGGAGTTGGCGAGGCAGATTATGAACGTTTATCCCCCATCATAACTTCCGACTGCCTGTGTGGCGCTGATATGGCAGGGACTGGTGTCTATAATGCCGTCCGGAGATGTGGTTTATAGCATTGAGCCTCATCCCTAGCAGTTCCTTGAGTACTCAAATGCGAGACTCAGCAATGACGTTTTAAGGCAATCAACATACCGTTTCGACGCCGCAACAATATTACAGGTTACGTTTAGAGCATGCTGCGATTGGGAGTAAGTTGCGGCGACCATTGAGCTATACAGA,1796,49.83,Caenorhabditis elegans
SEQ_942822,AGATTCCGTTGTTAACGACGATCCCCTCATAGACAGCTGAATCCGCGCGCCACCTATACTTCATATGCCCTATACACGCCACTTGAAGGGCTCTGAGCACGGACCCGGACCGCCTGTGCGCCGCCTAAAAATTAAACGATGGGATTTTTCCTTCGCGGCACGAAGTAGCAGTACTCATTATACGGACAGGCATGTTTTGGCTCCCGCTAGGAATCATTACACCACAAGATCCCGCGACACAGTTAGAATCGACCCACTAGGTGAGGTATCAAATCGACATTAACACGGTACCTGTTTGTATTCCGAATTTCCACCCAGTTGTCCGGGGGGCCTTTACGGAAAACCTACTTGTCTTCTGGTAAAGAAATGAAGAGACTAACTACGTGGGGGGAGCCGCTAACGCTTGATATACGATGTGAAGCCCTAAAGACGAACATAAGGGGAGGGTCTCCTTTCCCCCGAGGCCAGGTACTGGCTTCATAAGGATGCACTTAGCAGGCGTCGAGTGTAGTACACCAGTGATCGTTCTCTCGCCCGATCCACTACAACATGGTGACGCGACGTTCGGCTTCATAGCGGTTCCTGCAAATACATTTCATGTGGTCACTCCATAATACAGGTGGACAACTGTCAGCCGGCGTTATCGCCAGGACTTACTATCACCTGAACTACGAATGAGGGACATACATACCTCGGTGAGCGTCGCGCACCGGCGGCGCCCTTTCATCTCATGCCCTCCGATACATCCGATCCTCGTTCACTTTCAGTGTTGACCCGAGGCGAAGAAATGCCATCATTGTGTAGTATTTGGACGCGCGACAAGAT,825,51.39,Arabidopsis thaliana
SEQ_553099,CCATCTCTTTCAGTCTTAGGTCGGCTACGGATGCCAGCGCTGGGTCTAAACGAGGCTTAGTTATTCATGGAGTAAAGTTGTGGGACCCGTCAATTGGGGTCGACATTCTGGCATACTCATCGATTATGGGTGGCTAATAGGGCCGATGTGGCAGGTGCGGCCGGCGGATAGACTGTATCTAAAATGGTGGCATGGGGACGGCCCGCCGAGATGACTCCACCGCGACTAAAGTTAATTGTCGTACAGCTTGTTGATATTGACATGTGAGAACGTAGTTTTGGGGCGGCAATATAGTTCTAGAGAATGAGGGCACAATACTTTCGCACCACACGGGCAACCTAGTCACGCAATACGAGGGAGTGGTACCCCGTGAACCCGCGCTGACGCTCTTATGTGGGACAGAGATGCGCCTCAGAAGGCCTTGGAGATTGAGTCTACTTGGGTTTTTGCATATGTTAAAACCGGTCGCACCCCGCGCGATGAGTTATTCGTCGAACTCCAGAGCGGATTGCCACCGCGGGATTATCGTGCGTGGTAAAATATAGAAAAAGTGCACTGCGATTGCAGACTTCGGTTGTCCTATGCAGGCAGTTTCCTAATGCGGAGGCCCGGGATAATGGCTTTGTAGTAGGCCCTTAACAGCGAATACCATACTAAGGGGTTCTGATTTGGTTACCGCAGAACCCTTAAAGGGTGGACTAGATGTAGAACGCGAGTCAACCGGAGGGTATACCTTTAGGGCCGTATTAGGACAATCTAATCATCGAGTCGTTGAGAGCCACCCATCAGAGATCCCTGTCCGAATATTGTTATTCCAGAACATGTAGCTTGTTATGAAAACAATGCGTTAGGTTTTAGTTTTCGCGCTACTAAAAAGTCGGTTCCGACCAACCTCGCTTGAGCGGTCTAGCGTTATTCAGCTACAAATTGCATTAGCTAAGGTGCGCACGGCCCGGCGGGCCTGTGTGTTGATCGGGCCGAGGGAACCTCTGGAAACTGCGCCCTGCACGACTACGTTGTATTGCGACACTGCTCGAGGGCATACTAGACCCCACCGAACGTGCCCGACGATATAAGGGTCATCCGCAATCATTTTCAGTGGCTAGGGCTCGCACATTTCGACACTAACAACGCTTGAGTTTAACCCGTTAAACTCTTAGCTATTGACACTCTACCTTAGATATTCAGTATCATTACCGCAATACCTAGCCTCCATCCGTAGGCACCATCGCCAGTTTACGAAGGGAAAGAAGCTATAACGTGACACCTCGACTACAGGGTTACATTTTGATACCTGTAGCATCAGCTCCCTCGTAGTAAATCAATCATATCAATATAAGGTAATCATCGCAATTAGGAAGGCGAACTACATCTTTGATGGAGCTTCATTTATCAAGCCTATGGCACGACCAGCTTAGGCTGCTGGCCGGCCGAGAAGTCAGATTAGTCCGCGGAGCAACAAAACGAGCCGCGACAATGATCAGATCAAGGAAGGCGCTACGGCTAGGCCAACGATGGCAGTGCTAGGTGACAGGCCCGCGGAAACACACTGACGTCCATAGTCGAGGTGGTTTCATTGGGACGGCCCTATTCTTCAAAAGCAGCTAGCTAAGTATAGGTCTGAGCCCCCACATAGGATTAGTAAGCATGTGCAATCGAAGATCCACCGATTAACTATGACGATTGTAGGCATTCAATAAGAGTTGTAAGGTTCTCCCGATTGTGTGTGCCAGCGTCCTACAGGAACTATTGAGAGTAAGTATGAGTTCGTTAGTGCTTGCACACGACGTTTTAGTAGGTTTTGTCGACATCGCATGCGTACCTTCACGTGTTTTACGTTGCCCTTCATATGGCTTGCAACAGTTGGAAGCGGCATCCTCACTTGCACCTGCAAGGACCAGAAGTGAAAGACACTGGTACGGGAATCCAGCATGAGTAAATAGGAGATAAAATGTTTCTCCGAT,1964,49.34,Caenorhabditis elegans
SEQ_664805,TTAAATGTTCACCCATTACCGTGAATGTTAATGGATACACCCGATAGAATTGTTGGTCCGGGCTTGGTTGCCCTTGTGTCAGTTCCGAAAAACAAATATAATAACTCTTCCGAGAGATTTTTGAAGTTGCCCGTGCTATTGTTATGCAAACTTACCACCAATCTCTAAACCATTTGCGGTCTAGAGATTTTAGCCGGCCAGTGGTATCTTGTTGCAATGAGCGGACCCTGCCTAGGTTTAAAGGTCGCTGCTGTGAAAAACCACCCAGCCCACGGTGGAAATTATTAGATTAGCCGTCAGCTTAAAAATGGATGGAATTACGCCAAGGATAAGGGTCAAACTCTTGTATGGGTATAGAATATAACCTGCGTGGTGGATATGACGCGCTTAAAGCAAGGAGTCCGTTTTATACATGCGACCAAAGCTTAGCGATGATAGAGAACCAAAATTGTGCAGTATTCTTGCCTCCGAACTGTAAAGCCCGCGTATGAATGCTAAACCCGGTAAGTTAAATTGAGGAGCGTGACTAGATGGTGGATCCGGCCAGAACAGTCCTTATTTACTTGACTACCGCATAATGTAAAGTTACTTTTGAGGCTACGAATTATTACAGTCATGGGGACGAATTACTACCCGAGTCTGCAGGTGTAAACGATGTGCTAACCGATGTAGCACAATTCCGTTGGAAGGACGAGTGGGACACTCCAGGTATAACTTGGCCCCGATAGCTGTAGATGACAATGGACAACGCTACCAAAGAGTGCAATCACAAGGCAAGTTTTGGCCGATTGACTGCACTAACATTGATTCCACTACGCACGGGTCTAACCGCTTCGCTAGACTCCCGTCATCGCTTAGAATTAGGTCCTTGGTCTCCATGTGTAAACAGATTTATGCCTCTCGGCTATTATCACACTTAGCCACTTAGAGGCCCATTTAGGCATCTCCCACGCAGATGGGCTGGACTCTGCGATTGCGAGGAGTGGCGAGGAACAGAAAATCTAAGCTTAATAACAAGTGTTCGCTTTATTCGGCCGTCTCTAGCACACACTGGGCGCAGTTCTTTCGTCGGATGCGTTTACTCTCGGTCTCTCATGTAGTTGCGGGATTTCAATTGCTCGTTTCAGTCCTTAAAAAAACTAAGAAGCGGGGTCCGTAAGTGTTCCCGCACCGGCTGTTAGTTTGAGAGAGCTGCCGGTACTCGATCTCGTATCGTCGCCTACGTCCAGTAATGGCCCGGCGCTTGCTGAATCCGCACTACTAAGAATCGCGCTCCATAGACTAATTGGAGGCCATGAGGGAGATCACAGACACCGTAAGCAATTCGTCCGTTTCACGTGGCACGTGTCTCCCTAGTTAGGGAGGTCCCATGCTGGCAACCCATACCGGGGGTATAGCATACCGCTACTACAAAGATCTGTTACGGGTTGTTCTGAGTGATCCTCCTATCGGATTACCAAACCTGTAGCCTGGGAAGTATGACTTAATAGGCGGTCTGCGCACCGGATTTCCTTCCCTTTCGTTATCACGTTAAAATGAAGGAGGTCCCGAGTTGCCGTTCCGCCCGATGTCATTATTTCGAAGAACTTGAGCACAAACGGCACGAGTGTGCACCTCACGGTATGTTCCTAGATGAACGAAACTTGACGTCAGCTTATCCGGCTAGCATGTAACGCCTAAGTTGTGCTTATCTAATTGGTTCCATGCGAAATCGACCACTTAGTGTTAATCATAACGATCGATCACGCTGGGAAAAGGTGAGAGGTTATCGAGTCGAGAGCCGCCTCTCGGTATCATAACCAAGAGAACATTGTTTTCTAGACAGAATGGTGGCCA,1836,47.44,Homo sapiens
SEQ_356539,TACCGGGCCCTAAGACGAGATACACTTCAGTCTGAATAGGGACTCACATTGACTTTTCCTGTAACATCGTCTTAGATTGGACTTGATCATAAGCCAGAAACGGGTCGTCACTGTCAATGACCGTAACAGCTATCCGTATGTCAATCATTCCGCCAACGTCCTTTAAATCGCTACTTCAAGCAGTTTATGTCTAAGAGAGGGGACAAGTCTGTGAGCCCTTCTCGAACATTCACAACCTTATTGGATTAGGAAGTCTTAGATGCTGCTCTTACTTGGATCCGGCGGTGCCCCTGAACAACCTAGCCGCTTGTCCGCCGGCAATCTACCGGAGGATTCGCAGGCCACCATGCACCATCTGTACGGGCGCTAGATACACTATAAATGGTAGTCAGTTATATAGTATATTTCACAGCATCGGAGGGTACAGGGACACCCACTGCATTTTCTCCGGCAGAGAGATGTGCGGGGTGGTTGATGCCCTATTCGAATACCAAGTCAGTGCTACGTACCTGTCCTCCCACGACGCCAGTACCGATGGGAGGGTAGCGGATGGTGGTCGAAGTGGACGTGGTAGACCAGGACGCGCGTCGACTCGACGCCCAGTTAATCCAAGCTTGAAGTATAGACAGAGGTCACTCCCCAAAACCTGTATTCTCTCCAAGCGGTTCAGTACCCACTGTTCGTTTTCCGACTCCTTATAGAATGAGATGTCCTGGAAATAAGGCTCAAAGTGGGTAGGGGAGCGGTGAGAGGGCAGCGCCGGTCTCTATAATCGCTCGACAGCTACAACTCCAGCGCTAGAAGATGATGTTACGCGGGGTAACTGTTCGGTGGAGTACGCTCTTCGGCTCGCGCAACGCTGTCGGCAGTGTTTGTGTAACACCGATAACTCATGATGATACACGATCTTTTAAGGCATATTGGTTGGACAAACCAACCTAAGATACTTTAGAAGGTCTCCTGGGGGCGGAATGTGCGGATTCAGCGAGTGCTGTAGTGCCTGAGCTTTAGACCAGGTCAGGAACAGGTTGTATCTTTAGAGAGTGGGTCGCCGTATCCCACTCAGCTAGTTAAACCTTAGGCAAACGCTCCTGGTCGAGCCCTGAGTCCTTCCCTTCATTATGCTTAGTCGCCGCTAGGTCCTGTCATTAGCATTTAGTCAAGGCCAACGGTCATGGTACAACGTTACCTTTAGTTTGTTGTTCTGATATTGGGCGAGTCTGGACGTTGCTCATTGCCACATAGTGCAGCATAAATCTCCATGCTGCTAATTTGTTGGGAGTAATTATTTATCAAGAAGCCTTTTTAAGCGACGTCTGCGTCCCGGTGTTAATTAGTGAACTTCGTCTCCTGCCTTCCATTCTTGAGGTTGACTCAGTGGGAAAGTGACTAACGCTACCCGGTATGACGTACATTGAACTTAAAGCACCGAAGTTTTCACATGCCCTCAGAATGGTAGATCGGGTCTATTTTCGGTGCAGGCGCGGGACCTTCTAAGGCAACGCCCCTGTATAGGAATGGCTAGGAACCACACTGTTTCTGCGTGCTGTGGGCCAATGATTCTTGAACCCAACGCGAACTCATCTCTTAACTGGCACTTTTTGGTTTAGATCACAAGGCGTCGTAGGCAGCTCTTTATTAGCTCGCGTCGCGCCTAAGGGACGCTATTGTACTGTTACTTGAGCCGCCCGAACGAGTGGAGTAGACGGCCAGTCCATCCGACAAATTTTGTCGCACTCTCAAAATGAACCGATCTGAGGATCGGTCAGTCTCATCGTCCCCTATCCTCGATTGGGAGCTAGTTATAGGATAATCGAAAAAATCC,1825,49.64,Caenorhabditis elegans
SEQ_202467,TGTGCGAGCGCCCGCGCTGCGGGAGAAAGACCGGCTAGCCCTCTGGGATTGAGAGAGGCAGAAACAACTGACACGATCAAGAGCCTGTCCGAATGGCGAAGTACCCGAGCGCGCAATGGAGTGACGACGTGTTCAGCTGAGTAAAAGTTTGACCCTTCGCGTCTAGCGTCTTTGATACTTGTGACTTAGCTGAACTCAAGGAGAAAGGGGGTGCTAGGGTTCGCCGGACGTGTTTGCGGGCCGTACTAACCTGGTAGGAGCCGCATATCTAAAGGAGGCACGCCATCAAGGATCATTCGCCTTCTAGGCCTGCTGCCCCCCGAGTAATGCACACTTGATACCCGATAGTGAGGAATCTCAGCTTGACCCGGAGGGATAAGCATGCACAGCAGACCAAACACGGATGTCATCGCCCATTCATCATGTCCAAATCAGGAGGTCGCCTTTGTTTAGCCTTGCGCGCTACATCGGGCACGCATGCATAACGGTGGGCCGGCTACAAAAGCTCATCGTTCAATCGTGCCGCATTCAACCTCCGTCCCGCATTCGCCCACGCCGACAAATGTCCTTCTAAGTGTCTCCAGTAGAAATTGTGGACTGAAAAAACATCACGATTTGCCAAGACAAGTTGCACTTCGGGGCACAGAGCAGGTACATGCATAACATCAAGGTCGCCACCAATGCCGAGCCTAATTATTTGAATACGTGACAATGACTTGCATAGACACGTATTCCCTGCCTCTCCGTCTTATAATGAAAGGACAAGAAAATAGGCAGCTTCCACGGGATTTCAGGTGGCGTCCAGCTTACGCACACTACCCCGCTTTGAATTAGACCGGAGTCTAGAAACATGCCAGCGGACCTCACACAAAATCAAATGGGCTTACAGGGCGAATTTCGGCGACTACTCTGGTTTCGTAAACGGCATGGGTGCGCAGCACGTGTGTAGCCAGCCCTGGTAGCTTTAGCCCCCGTGTACGGCGACACCAAGTGTATACTAAGGTGAGACACATTGTTGGCCGTTCGGAAAACCTAGGGCCCTGCCTAACAAGTGTCTCTCGAACTTTCAAGTATATAACCATAGTACGACGTGTGCGGAGCTCTGTTTGGGACTCTGTGTTTCTGATTCCCTGGAAACACTCTATTCAACTTTCCGATCCTAACAAATTGTTTATCAACAT,1181,51.57,Arabidopsis thaliana
SEQ_759242,CAACACAGAAATGCAACACTAAGCTCGATCGCGCCAGTCCAAAACTCCCTCCCAAATCCCATTTAGGGTCAAGGCCGAGGACAATCGCCGTGGAAGGACCTTCGCCGGGATCGCTTGTCTTGAGCGGCCACGAACAATCAGTTTGGAAGCACGTATGAATTACACGTGCGACGGAATAGGAGGACACTGCAAGGCGGAGGGCATACCTCTCGGGTCGGGACAGAGATTCACTTGTTCGCCTTGCGTACAATCAAAGGCAAACAGTAGCATGGGCACCAGCAGTGAGCAATAGAAACGGTCCGAGTCACCCATAATTGGTCAATTCTAAAGAGGTTTAGGACTGTGCCCCGTAGATCCAACTCTACAAAGCTCTGCCTCATGTGACCAATTAGAGTCTCATCAAAGGTTGCCTGCCTATCCTAGTGAATCAATCTTGGGATGAGTCTTGCAGCGCGGAGACCAATCCTGCTAGGGCTGTTTAGGCACGCGGAGACTTCCGCTGGTCAGAAAGGCCCATAGACTACATCAGCTTTAATCATAGCTCTTCTGCGTTAACCGCGTACTCCGCCACTTTAGTTTGCCTGTACAATACTCCAGGCTCACGAACCGCGGACTAGCGCTCTGTCCGCATTTGGGCGCAAGTATCCGGGGCTGGCATTGGCAGTGTACCTGCGTGAGGTCCTCCGGGTCCTAGTGAGAGAATCAAGCAGCGTCTCTTAAGGAGGCTACTGCACCTGCCCTAGACGATCAGTCTGGTACTAAACCTTCGGCAGAAACCTGTGCCTTCACCCAACGCATCTTCGACTCCCCTACTAATATTGAGAAGTCTCTCACTCACACATACCCTGAACTTTTGGACTGTGTGTTGGTGCCCTGTGCCCACCTACTACATACGGAATTTGGAGCTCAAACTCGGCGTCTTATGCCACACATTTTGGCGTAGCTTGAAGCAAGGGGTGAGCTGTCCATGCTGTGACAAGAAACCAGGTAGGTGCGACTCACCCATTCAATATGCTATTCGCATCCAATCAGCGGTCGAATGTAAGTTCACGTGACATTTAGAGGAACTAAGAGATCAGACGGGCGTATCAGTCGTGGTCCACCATTTCCCGCCTGTCAGGCTGGGGTCAATTGCAATTTTGTCGGTTTAAGGTCAACTAAGCCGATATCAGGAGCCTAGCCTATGATGCGGCGCTAATACGAGATGGCCGTCATCACCGCCCCCGGGGGCCTCATGAAGTTTTTATGAAGGACCACGGCTATTTAGCAACGTGCGCTTCCCCGGGTCTCTATTACGTACCTGGTTTTACCGTGCAAGCCGAAGTGGCTATGTCTCGATTAAGTTGTTTGCAGCATAAATCGACAGGGGAAAGGTACACACGTCCCTGAAGCTTTGCTGTCCCTATCCCGAGCTGTACCGGGGTCACAGCTAGTAAAGCGAGCGAATTCCGCCGAGCTCTAAAAAGATGCTCGTGTTCAGTGAACCCCGGTGGCGGGCGCAGAGCTACGGCATGTGCGGAAGTGTAACAAGGTGTATTGCGAAGAGTACCCTCTCCACGAGGCACCTCTCGCACTAAATACGCTACCACAAGCCCTGCTAGAGAGAGGGCTTGCCGTGGGGACCCCACGGCAGGTGAGTGGGATAAATACCGAACTTAAAAGTTGGCACTTTTAGCAAATGACGAAAGAACGCCCAGAGCTACAAGGTAACTGATCCCAAACACTTTGCGCCGCTCACTCTCCGTTCTCTAATGTGGACCCG,1762,52.33,Escherichia coli
SEQ_989436,CCTGAAAGCCATCGCTCACGCTCCGTGCTCCTTCGCGAACTCCTTGAAGCCAAATAATGTTGTGACATAGGAGATGCCCCTTGTCCAATCGACGCAAATTGCTCGGCCTTAGGTCACCTGGAAAATGTTCTACGTTACCCAGTTAATTAAGGAACCCCGCCGCAGAGGATATACGCGGCAGCGGCGTCACGGTTACTCCGCATACCAGAGGTGATGTCGTCGAGTAGGTCTGTACAGCGTCCCCTCCAACAACACGACACGGAGTTTTAGTTGACGCGTGTGGCGAGCGCAGCGGATGAGATCAACACACCAGTACCTCCTGTCAATCCCCATAGACAAGAAAGTGCCAACAATTTTAACGCGAATCTTAAGAAACCACATTATTCCCAGTGTCAAGCCCGAGTACTGTCAGTAGCCGATCGACATCCTGAGCAGATTTTTACCATCTCTGACACTGGACAACATATAGGTCGAGCACAAGGTATATGATCTCTAGGTTCCAACATTTTCCAGTGTAGCCTTAGGATGCCTTCCAGGCTTGGACCCTCTACGCCTCGTTTTGACCCTCAGAGACGCTTACATGTCCGCGCGTGCATTACGTGAAGGTTATAGTGTGTATCGATGAATATACATAGATAATAATCATACTGGGGGTGAGGGGGGGCTCTAGTCGAGCGCGCCGATCCGCACATTTGCACCGAAGCCCCGCCATGAACAGGCTGATTCGTTGTAGTTCCTATAGTGCACTCGGGCGACCCCTAGTGTGATGTGTCTCGTACGTGCCTGCCCAAGCGATTCACGAGCGGTTTAGATTGAGGGCGTTAGTGAGCCGTACGTCAGACCCGTTTGAGCCTGCTAACCGTATCCTGCGCGAGTTCTTTTTGAGCTGGGCTACTAGGGGCTCCCAGTCCAGTCAGTTGAATCCAAGATGTCCAGTATGCATGCTAAAAGGTTATACTGCCCTGGAAGTAACGTGATGTATCCCGAAGGGATCTATTCGGAATGCCGCCTTTTTTCCAAGAGGAATGTTAACTGGTGAGATATGCCCCCTCCAACAGCATACTACGGACATATAAGGGCCTCCTTCAGAAATATATCGCGAAGACATGCGCTATGATTATTACTGGGTATACGTGTCCCCCGTCTGCAGGCGCCCGAACATCTAGTCGAGCGATGGTTCAGGGGCCTCATTTTTCCTTGCTATACGGATGAGTGCAGGTTTTGCACGCTGCTGTGATGATGACTGCA,1248,50.96,Caenorhabditis elegans
SEQ_686513,TTCATCGTATCCCGCACGGGCCAACGATAGGAGTAGCAATAAGAGTCATCTCGGCACTCAGAAGTAGTATCACTGTTAGAATACAAGCAGCATATCCTTCGCGAGCTCCCAGACAGTGCACTAGCGCGCGTCGAATTATCCTTGAGGATGGTTCTTTGTACCTCCACTTCTAATTATAGTCTCGCTAACAGAGCCCTGTACGTAAGTAGTAAGCACCCCGGCTACGAGTGTAGCTGTCTTTTTAGTAATCTGTGTCTGATGCTTTAACCAGGCTGGGACCTGGTGCAACAATTGGCTGATCACCTAGCTCCCTTGATAAAAT,322,47.52,Mus musculus
SEQ_374957,CCATTATGTCGCATTCAGCTCTGGAGAGAAATTAATTGTCATATGACTGGTGACGCTTCTAATCCAAGCTGCCTCAGCGCCATGTCGCAGATGCATTTAGAACTATGGATTGTCTCACCCTACCACGTGATCTTATGCAGGCTTCCCTGTGGATAGGGAGTTTTTCCGGCGATCCTCGCGGTTGGCGTGGTCTATGCAGATGCTAACCATGAAGGCTTCTTACGATGCCCGTTCGTAAGTTAGTGGCTGGACTACTCTCGCCTAGAAGGCCCAAAAGGAAGACTTGTCATTGGACGCGATTTTTACGTGCTGACTCGCAGCCGGGCTCCCGGTTCGCCGAACTGACATGGTGTTTACCACTTTCATGCTGTGGTTACAGCGGATTTTTATTTAGTGTTCGTCAAGCCGAAATTCTTCACTGATAGCGAAGACTTGAGTAGAGTCGATTGAAATGGACCGGGTTAGTCACGCTGTTGTACAAACCAACACGCGCACGGGTAGAGCGTGGGGGGCGCCTCATTGGGGGCTTCTAAATGCGGGAACCACGGAAGCCGAGGACATCAATCCAACTACGGTGAGTTTCACAGCAAGCCCTGAATCATTATTGTATTTAAAGGGGCAGGGCCGCTGATTCCTTAATTAGGCTATATGCTGGTGCAGACAAACATTTCGAGCGAGGTCGGGCATCCAGCGATGGTCGTTTGCCAACGAGCCTAGTCTAAACTGACCGCCCCTAATTAGTGCGGTCCGTCAGAACCATTGATTCACCGTCGCAATAAAGCCAATACTGCTTGAGGC,798,50.5,Caenorhabditis elegans
SEQ_411675,CAATCTACTACACAACTCTATGAAAAGTCTGAATCTCAGGCTAACCTCACATCGATGGTGTTGCTCTTGTTTACGAGCGCGCGCCTATATCACAGCTAATAGCCGACTTATGCCTGGTCCGATGTTATGCGACATGGGTCCGCAACCACAATAACACCTTTATAGGTCTTGGTTCCAAGTCATGCTCCCGATGCTTTATAGTAATCACCTAAAGAACTAACGCTGCTGCCCTACCCTCACAGGGACGTGCAAGGTGCGAATAATCGAACCGCGTGCAGGTTACGACCTCATCGAACTTGGCCGGAGCCTATAACGTAGATCGCGAAACGGGCCCTCCAAATCAGGTCCACCTCCTAAATATGACGGACTAGAACAGTGAATAACGCGAAGGGCGCGGGTCAATAGAACACGCTCACTATGCTAGGTCATCTCTGGTTAAGGGTAGTTAACACGCGCGGATACTACCGATAACCGCTTCTTAGAATACCGCCCGACGTACGTCCCCGTTAGCCGTCTCTTAGCTCAGTTTACATCAACCCTGACGTCGCACATAGGTCCTTTAGCTAGTTTACGCCTAAGTAGCGCGCTCGATCCGATATAGCATAATTTTCCTTCCACGCCAGACGCTCCGTTAACCATACTCCCCAGTCAAAAGGGGTGAGGGATATTCTCATTCGTAACCCTCTCAACCCGCCTGAGTCAAGGGTCT,709,50.07,Caenorhabditis elegans
SEQ_691999,GTCTTGTTCCCGGCGGGCTGTCAAATCCCGTTCGTCGAGGTTGCTTTGCACAAATTAGGAGAGCAGCTCTGAAACAGCTATCCGTCAAGGTATCCGGGTCCATGTATTAAACGCAACTACAGCTAGTCCTAACGCAGACGTGGTCGGTAACTTAAGCGTCGATGGTAGGCGTTTTTATTGACAGGTGGAACGGGGATTAATTACCTTGACGTGGACACCGCAGGATGAGATTGTCTATCTCTCTTAAGCCCGGCTAAAAAGAGTCAGTAAACGTTACCTCTTTAAGTTCCGTGCCTTCTATTCCGAACTTACACATTACAAACCCAACCAGCAGATTGACATTCCGCGCCCCGTTAAATCGTACGAAAATCCCACAAAGATTCAGGCAGCTGCTTGCGCAATCACTTGTCCCTCCAGCGCCCGCACAGCCTGTACGCTTTCTCACCTATGACATTCTCATAAGAACGGCGTGTTACAGCCATCCCTACCGGGGTCTCACCAGGAATTCCATTCGCTACAATTATTATATCTAGCATAGCTGCATCTCTTTGTAGGATGCGACGGGTCTATCCTCACGTAGCGGAGGCGCGTTATCGGTTCAAACCTATAGCACGTGTCGCGTCGTGCTTGGAGCACGCTCCCTACCGTTCCCTGCAAGCGTGCTATTTAAAAGACCCGCAAATTGAGTACGAAGATAACTAGTAGATGAAAGCGCTCCATCAACAGAATGAAGCTGTACTTACAGACGCCGCATATTCTCTTCTACCGGCTCTTGAACGCGGTTCAAGACACTGCGACCCAGATCGCCGTTACCTATAACCAACCGCCGGAATCGAGCCGCCTCGTGTGGGGTTCGATGAGAGGATATGCCCGCCCTTATCCACGTATAGACATCCCGTGATCCACAGAATAATGGTCGTGTCGAAGTTAGAGTCGGGAACACGTTGAATAGTATGTAGGAATCGCTAATCCAGCTCGGCAAGGCACGTCCCCAGGGCACTAGTCGGCTTTATGCTGTACTGCGATCCCTTATCTCTCGTATAACCCTTTCCGTCAGCTACTTTATTTTGCTTGACAGTCACGCTAAAAAGGTACGTCAACCGACCCGTCCCAGCCTTGAAGAAGAGGAGCGACGCATATTACTACAAAAGTCTCGAGTTGACCTCCGTCACTTCCTGAGGGACAAACCCACAGCATCATTATCTAGTCGGTATGAAAGAAGCGGTGAATTTAACCCCAATGCCGCTGGCGATCGTCCTTGTGAATTGGATCAGCGGCTAGTGATAAAAGGTGGCTAAGTTGAGAGAAGGACCAACATTTTGGGCGAATCAGAACGAATAGATACTAAGACTTTGTACTCCACTGGTTCCCGTCTCGGTCTGGAGGTCCAGCTGGAGTCGTGCGATATACTGTTAAAGCCACCGGTATCACGTGAATTCGAATTGATAAATCGACTTGGGCAGCTCATATCCGGGTGATCGAATAAAGTGGGGCGGTAACTGTAACCGAGCTAGAGTAATGGCGGAGTGGTCACCCATTTTTGGCTGTGGAATGTGCACACTTGAGTGTCCAGGCCGTTGAAGTACACTTGTATACAATGCCTCGTGGGAAATGATGGTGCCGCGCTGCCCAGGTTCCCGCTATGTAAACCGGGACGGTCTTCTTAGGGCGAACGTCTGGAAGTACCCTGCACCTTGACCGCAGGCGATTGAAGTGCTCAACTAGTTCGGCTAGGTCGCGATGTCAATGTACGCGGGCGGTTCGATCAACATAGCCCATTCGTCATAGTCCTGCCAGACCGGGCGTTTCCTCTTTGGCAGTCTTACAACAATGTAGCCACGCGTGGGAGTTTGACTATTGAGTAATCTAGGTAACCTAGTTCCGTCTAGGCACTATTCTTCCTGTACGCTGGACAACACCGCATAGACGACCGTATGAGGCTCTAGGAAGGTCCCCTGAGATCT,1964,50.31,Caenorhabditis elegans
SEQ_566992,TTTCCCCGCTAGACCACATTATATCGTGGATAGTGGTATTCCAGATACATGCCTGATGTATTGTAAGAAGGTGCTTGCCATGCCCCGACAGGCGTGCAGCTTTTTGAAGTTCATCCAATGCCACGTAGTGGAGAGCATCACCTTAGGCTGCATTGCATTACTAGCAGCTAAATGGAGCTTTACGGGGGGTCAGCCGACCATAACGAGCTAAGTCAATAAGGGCATTCTCGAGCTCTGCATTGTGGGGTAGCACTTGCATTGTTCTTTTGATACAGGGGCTGGAGACTAGATGATTGACAGTTGCTATTTGCTGATTAGTTTATTTGCCTCGTGAAGATTGATTTGAGCGGCTTAGCCCTTAAAGAACAAAAATTCAACTCTCGAGAGCGAAAAGAGCTCACATACTTAATCGATTTTAGGCGCACCAGGAGTTGTTACAACTTCCACAGGTCTCGGCGTACGCGCTCGTCTAGGCCTACGAGTTGCTGGGTTCGCATGACGACCGCGACCTCACCGCTTTCACCATCATACATTAGGCACATCTTCTATGTGCTTATGCCCATCTGGGCATTTTTGACCAGTAGTTTTGATACTCGAGTTGCTCTTTCGTAGCAACACGGTTAATGCGCGGAACCATGACATCAGCTATCGCTCGCCTCCCCTAAATCTCTAAGTCATCATGGCAAGGTAAGGAGCGTGGGCGGATCGATTTGTCAGACCTGATGTGTGTAGGACGGGGCTGTCGAACGTTTTCGGTAAGCTGCGCACCTATCAAGGACCGACGCTCGTAAGTCGACGGAGAGGGGTTTTCTGGCTATCGCAAATCGGTCGACTCGTATGCCCGTAGCAGCGAGATTGGAGTGCGATCATAGCGACCGTCCGAATGCACCTGTATCGATAGTGCAGCCGGCAGTCTGTCTTCACGGCAATGGACCCTATTGTCTAGTATCGGCGATGCCTCTCTCAGTGGAGCTTAATCAGAAAAGACACTTAATCCGGGTTCTCTCGCGAGTGCGAGACACACAAATAAAATAATTCCACCGGTACCGTACTAAAGTCTATCAGTAAAAATGCCGGCAGCCCGGACGACACATTCTTTAGTCGTACATCTACTCTGCAACCAGGCGTGAACGGGCCTCGCCTCAGATAAATCTAAGTCCAGTTATGGCAGTTATTCCAGGTTATTTAACGGAGTGCTAGCATAGGTCTGTGCAAATGGTATTTTCAATCGTACTGCCACGTTGAAGATTCCTGGCACATAGGCAGGGTAAAAGTATACCATCGAGCGAATCCCCTGGTGCCCAACGACGCTAGCGTCTGTTGGATTCTATGTAACAATTATGTTACCTTTGGCTTATTATATGTATAAGGATTGTCAGTGCGTCCCGCAAA,1392,48.49,Saccharomyces cerevisiae
SEQ_354691,GGCTCTACTGTATCTTGGGCGACGGCGTGACGGGGAACTGTTTGGCAAAGAGTGGTTCGGGCCTCAGGGGTTTCGCCCCCGATTGTTTTGGAAGCCCTTGGAACTTGTGCAGAAGAGCATCCTAGTCTTTGGCGCCGGCCGCATGGGTGGTCGAGCAGTGCACCGGAAATATTACCTAGCAACGATACCTCCATCTAGGACCGAATGTTCGTACTATAGAATAGGACTAATGGGAACTCCGTATAAAACTGATTTCCGGTCCTCGCATAGCGCTCGGTACTAACCGTGGGCACAA,295,53.56,Caenorhabditis elegans
SEQ_904579,ATTACGAATAAGCGCGGTCTTGATCAAATCTACGCGTCAAAGTGTTCTAAGGCAGGGGTGCACTCAGAGAGCTGAGTCGTTGACAGGGACACGATGTGCGCTGCAAGTATGAACTGAAATCCCCCCGAGCTTGATGTGTGAGGCAACTAAACGGTTCGGTAGTCAGAGATCTCGGCTAAGTGATTTCCAGCCCAAGACAGTGGCTCAGCCATGGTGCTTTTATCGTACGGTTCGACTAGAGCGGAGGTGAAATAAATGGAGAGTTCTTCATCAATGAGGCGTCTCGATGTGCCATACGACGATCGGGGACGCGGGGACGTTAACATCTATATAGTTGCTCGGAACTATATACGCACATTGTCCACATGTCGTTAAAGATGCGTAGCGTATTAGTTAGCGAAGGCCGTGGGATCCCAAGCGGCCGGGGTTGTTGACTACTGGGGTGCGTCGAGGAAGTACTTGCCGCTTTTATCAATGAGTGCGTTAAAAGCGGCCCTTGCAAGTTAGAGCAGCATGTCCTGCATGTGTAAATAACATTGTATATTGTTAACCGCGCGAACATTCCAGTGGCCGGCAAAGACAGAGACATCGCACAGCGATTGCCGGCCGTTAATATTCCGATTACTCCAAGCTTTTGGACTGCACTAAGTGATAAACAACTTAGACTAACGGCTCGAGATCTGTACCTACGTTCTAGCCGCGTCTGACTTGTGGTCTCCTTAGGAGAATAATGCTTATAGCACGAGGACTTATGTCCTACATAGAGGTGGACCAGGTGGGAGGGTATAAGGAAGTGAGATAAACGATCAGA,811,48.95,Escherichia coli
SEQ_526705,ACCTTACACGCTTAAATGACAGTAACCCCGGACTTGAGAATAAGATGTTCTTTCCGGATATTACCAATTTCAACGGATACGGATACCAAAGGACAGGAGAGTATGGAGAACCAACGTATTACTTCCCCCACAGCGACTAGCAGCCTCCAGAATGGGTTGGAAGTCCCTTTTTAAAACGGTGAACTTCCTTGCCTGTTTCTGGAGACCCGAATGGTCAAGGTCTCCAGGCCGGTTGACACGTATAGCTGCGCGCACATTCAGGACCCACAACTTGATGTTTATTCTGTAACCCTACGCAATCCCTGCCCCGAACGAATGCTACTCGGTGCTAGGTTCATAGGGTCGATCGTATATCTCAAGCTGAATAGCGCATGTTTGCAAGCATGGCTATAGACATCTCCAGGAATATACTGTCCGCAGTACTGCATAAGCAAGCGTCACAAGTAAGTGCTCAAGGCCGTGACTAAAATCCAGCGGAAACCTCGAGACAGCGTCGTGTCGAACTAGCTCGACACGCACATACAAAAGACCAGTACCTACCCTCGTGCTGACCACAGACTAGTAAG,566,48.76,Homo sapiens
SEQ_877324,ATGTTTGCTCCCCACGGTACACAGCACGCGGCGAAAGCAGAGTCTCTGTCGCCAGATCCGCCAGCAGACGCTACCAGCGCTCTATATCCCACCTTCGACGCTGAAATCATCCATCATAGTGTAGTGACGGGGCGTTGAATTTGTTTGCCCCATTATTGGGCGAGCATACAAATCCACGAATATTTCCGTCATGATGTGTCCTCGGCGTTTACTTGAGCACTTGGGGGGTTGCATTGCCCCCATACTCTCGTATCACTGTATTCTAAACCACTAAAGACTCTAGATATGGAGAAAATATTTAGAACAAGAACCACAGTAAACTCCATGCGAAACCAGTCCGTACCCATGCGCCATTATCGGCGCATCGCGTTGACAGGCCTGACAGACGTCGAACCAAGGCACAATCACTCTGGCGCACCCTGTTAATGATGGTGCGGAAGGCAGGCCTGCCTCATGAGCAGCGTTCGTAACATATAATATGCTTATGACGAGTGTCCGACTCCACCGACTAACACTTTGAGTCAGTCGGATGCCGCCATTTTTCAAGTGCGCACATTTTCCGAGCTTATGCAATTTGGCTGTCCGGTCTAAGTAACGATAAGTCTATGGTGATAGGCAGCTTCGTCACCTGCAGGCATTCTGCGACCGACTATGGAATACGATAATAGTTGTACATCCTGTTTCATCCCACGATGAATTTACTCAGTTGCACGAGCACATTAAACTCAGGTGATCCCAAGCTTGTGCCCAAGATATCGGCAATCTCTCGATCTGCTAGTTGCGCGGGGCTAGCGTGTTCGACGATACCAGGCTGCAAAAGAGTCCCACACAACCGACTATGCCCTCACTTACTGCGCGGCGGGAGCATTTGTGGAAATAGGCACGATCGCCCCCGCCCCACCCGATAGCCAGGTAGAAGAGCTTTCTTCGAATTGACGAACTAGCTTCTGGACAAGTAGTCATCGCTAAGCAACGAAGGGCTCCTCGACAGTACGAAGACTCACCATCCCATTTATCTTTCCGGTTAATCTGCGCGTTTACCCAAGTAGGGACTCGTTGGACGGGGCTATCACCAGCAGAGCGCGGGATTAATTGATTAGTATCGCCGCCCGGAAAATGGATCACCGTCCACTACAGTACTTACCCCTGTGAAGCTGTTTAAGGCAAGCCCAACCAGAGTGAGGCGAAATGACTCCTCCATCGTGTGAAGACTACTGTATTGGTGTATTTAGACCTGAACTACTCTCTCTATGGAGAATATTAGAACGAGCATAAAGGACGCTTTGTTCAGGAGCACCCCCTTGATTACGGATTATACGTGCGGGTAACCTCACCGCTCCCAGTTATACAGTGAGATGGTTATCACGATGATTCTATTTACTCGCAGTGGACTTCGTTGGTTCAGCAACCGGCAAAGGAGGTTAAAATGCGAGGGCTAAGACCAGATGTCACGACGTTACTCGTTTACTTACATTGACTCACCAACCTTCTAGTATCCCGGAATTAAATAACGCGAGTAGCGTGGCCAGAATGAATCGAGGAAGATCCTAGGCACAGCTAATAGTGCTTGGGATCCTCAGGAGAGTCGCGTTGAGGTAGTATGGTAACAGTGAAACAGGTCTCGCAGAACAAGCATAAGCGGCTCGCACGACTACCCCTCCGCTCAGTAGAGCAGGTTTAACTCAAATCTGCCCCATAGTCAATAGGTCTAAAGTGTTAGCTGACAGACCGTGACGCTAATATCAGCCGATCCTGAGATCTGCTAGCCGGACATTTCCTGTTATTCATCGTCATTTAAACGCATTTTGGAACTAGCC,1817,49.42,Caenorhabditis elegans
SEQ_522239,TTGATCTACGCGCGCTGTCTATGCTGCTCCCTGCTCCACATGTACTAAAGCTCCTTGCCGATTGGATTTCGTTGGGTCGAAACTGAGACCGGCGTCGATGGTTCGCGCACGCCCGACGTTCATAACCTAGGGCCAAACCGGATAGTCAAAGCCCGTTGGAGCTCTGTTTAACAGGGATGTTCCGGCCCCGTTTGTAGGATACAATTCAAAATAGAGGAGTCGAGGTGGTGGCATGGACATTGCATCCTTTCCCTTTGATTAATCCAGTGCGTGATTCATCGACTCGACAACGATAGCACCATCTGACAAGCAATCCATATGGCATCTTTCAAGGTTAGTTGTACAGTCGGAAAGTAGCATAATTCTTAACGATTCGATGGCTACATTAATCGCGACGTGAAAAACTCGCTCAAGTCTCCCGCACGAAGAGGCCAAAACAGATGAAACACACTATGTCCCTGGGATTATACTGCGGTGTCCAACTCGATCGGCCCGGTCTGAAACACGTCAAATCGAATGGTTGCCGTAGTTGCCGTGCAGTCCGAATCAAGCGCACGGGTCAGGTATTCTTAAGCAGAAACTTTCAACAGCTCTGAAGCTATTCACCAGGTGCTGAAAACGTAATCGTATAGAATCGATGTTGGGCTCCAACGTGTCACGTCAGGGGCCCGACTGCCTCGAAAGGCAGTTCCACCTTTCGTCATCCAGCCAGAACACGCAGTTCTTCGCATTAGCTAATGCAAAGTACACTCTGAATTGACTCGACGTATAACGAACCGCTTGTTGTCAATGACCTACCGGCCATGAGAACAAGTAGGTATTATTCTTCGCAGTTCGCCAGTGAGGATAGTATCAGTAATGTATATGCTCTCATAAAAAAAATTAGCTCCCTTGTGCGGATTCCCTCGTTACGTCTCTTGCATTGGGACCGGATTCTGATGTCATCACTTGAACTCGGACATGATTGGACAATGGTTTCTCCGACCGACTTAAGAGAGAGCTCTCGCATGGATAAGTACGCATGTTGTATTTATGTGCGTCCTCAAAATTTACGGCGCACACGTGCGATGTCCACGTGGGATGAACATGGTTGACGATATTCTTGGCCCGGATTGTCCAGGCCTATAATTCATGGGGAGAGCGATCATGTGTAGCGAGTAAAAATGTCCCTTAACTCGGTGACCACCTTGCTATGGTAGTTACATACGGCTAGTGGTCCAAAAATGGGAGCTAGAATAGATTGTACCGCGATGCTCCCTAGCTGATCTGGAACTCGCTGCTGTGAATCTAGTTCACAATGAAGATAAGGCCCTCTGCGCCTGCCCAAGCAGATCGAGAATATTATCCAGCAGTAGAAAACCGTGTAAGGCTGCTGATACATTTTTGATGACCTTATCGCACGCGCGAGATTCCACAATTTGAATATACGCACCGCCCTACTTACACCTTCTAAACGGATCACTACCCAGAGGAACAGGCCTATGTCTACCGAGGAGCTGTTTTTATTATGGTGCCGCGGGTAGGGGTTTTGAAGGCCTTTTCCCAACCCGGGCACGGACATGGAATATGGGGTGCAGTAAGAGAGACCGGGTTGGGTTCCTTGCCGCATTCTTGCATGCGCATCTTCTCTCTCGTAAACACCTAGCTTACAGCAAATCCTAAAGAAGCTAATTTCCTCAATAAACATCGGAGGTACACAGAGGGTTCAGTTTCTACTGATTCTCCATAAGTCCTGCATTACCGTCTAGGAGCTCGGACCCGATATGTATGCAAGCGTCGCCAACGGTACGTTCGT,1795,48.47,Mus musculus
SEQ_153740,CTTTTGGCTGTCCGCTACGAAATAGCCCATCCCATTAGAAATGGCCGAGTCTGGTAAGGCTATAGACGTAACGAGACGACCTGAGGTCCCGCCGTTAACCCGGGTCGGTACCCCTCCGATCACTGAACGAAGTACCTTATACATAACTTCGCCGTCCGCACTATCTTCAAGATTACGAAAGGTAGAGGACAAGTTTCAGAGCCATGTCCAAAGGGAGGTGCGTCTCGTTCTTCTAATGACGTCGTTCGTTACTACGACTTGAGACGCTCCCATTCGCCCGCGGACATCAATAGGTACCAATCATCTTCTTTCCGAGGTACGTTCCGACCCAATAGTCGTTTGGTCGAGTTTATTGTTACCGTCGTTCCTGGCGTACCTGGTCTTCTCGTTTCGTAGCAACCAACGAGATCTAAGGCACTCTGTGGGACCTTTGTCCAGGTTCCTTGAGCAACACCAGGAAGTAGCTTCTATCCAAGTGTGCAACGAATAAGCGGATCCAGTGGGGGACGGTTCGACGCTTATTGCACCTTATCATATTGCTCACGGGATAGCGCGAACCTTTTTCGTCATGGCTACTTGCATACCTCGTGCTCCAGGCTGGGCTGACTCAAGTCCGAAAGACGACCGCGTAGCTCAATTTATTCCGCAACCACAGCTTGCCGAAGTAAACATCCCGTGGTACATTCTAACTATCTGGATAACACAAAGGGACGCCCAACGACTGACGTTGGCGTGGACCGGCGATTTCACGCTTAACCCAAAGGTGACTTACCGACCATGCCCGACTCCCGAAAGAGACTGTTCTAACCGCGTGTATCCCGCAGTAGCGGCTTTGACTTAGTTAGGTGAGACGTGGAAGGTTGGGCGAAGCCGCCTACGCGTTGGAAGCACGATAAGGGCACGGGATATTCGCAATTAAGTTCTTGCAGAAAGGACCCCCGGTTTGCGTTGCCTTAGGAGTAAGGATCGCGACGCCTATTGTGTGACATAGATGATCTTCCTCCTGCAACCATTGGCAGCACCATTGGATCCGCGGTACGATAAACTGACACTCCCGGCAGGCCACGGACTAAGGCCCTATGCTGTTCGGGAGCGGTAACACGGTTGCGCCTTAGTCACGATCACCCGGTACGTGATAGGTCCAGGCCGACCTCAAACGTGACTCGTGTCTTCACGGATGTGCTTCTCTACCAGCGAAGCCGGGCGAGAAATTGTCGCGGTGCAGTTCACCTGAAGGCTCCGAGATAGAACCTTTCCTATACTGGTCTCTGTGGTTTTGCGCGGGACCACCATTTAGGTGGTACAGAGCGCGGTGGGACATTCGATCCGGGTATGCGACTCAAAATAAGCGTGGCGGCTTCTCGCACCATTACCGAAGTTCCATTAAGCTTAACCTGCAGTTAGGTAGCTCAGTGAAGCGCAGCGAGAAGGCATTTAGTCGGCCACATATCACACGTCGCCAGGAGATTCAGCTAAGCTGCTATCTCACTTATGGAGCGCTACTTCAGGTCCCGTGCCCGGCTGAGATTACGGCTAAGAGTTGTGCCATAAACGTAAAGGCAGTGTAAGAAAGGGTAAAATACTCGCAGCCATGTTTCGGCCACTGTAGAAACCGCTTTGATCTTCCAGCACCTATTAACCATATTCTGCGTACTGACATTTTGGAATATTACACTGGCAGTTTTGATTATATGAACCATATTCTTTTATTTGTTCTTGCACTATTACTTTTCATAGGGTCCTGCTAATTATTGGGCGTGGATCAAAATGAATTTCCATGTATTGGGTCCCTGCTGGCGCAATGTACGCGACCACTGCAGATGTTAGTACTAAGAGTTTGGGCCG,1845,50.95,Caenorhabditis elegans
SEQ_896880,GGGAGTACTTTGTAGCCATATCGGAGGTGGTTACGGAACTAGGTATGTTTACAAGATAAAACTTGCGACTGACTCCCTGTTTGTCTCGACATGACAGGAAAACGTAGCGATTTTTATTAATGGCGGTGGAGTAACATTCTCCTACTACGTGGTCGTCAGTAGCAAGCCCGGTTAGCTGCCATGGTTGCAGCTCTAGCAGCCGGGACTCAGCACATGATGGAGATAAGGTTCGATTGTATTGTAGCCGAGATAGACTAAAGAATGAAGGCCCATGCTCGAGAGGAACCCCAACATATGTACTCCGTGAAGAGTGCTGATAGGGTCGATCTTTGAATGAAGGGGATCCTAATCTGGTACGCCGCCCAACCGTTCGTTAGGCGCCTTGTACCCTACGCGTGCTATTGGGCGTACCCGTCCGTGCACACACGAGGTCTCTTACTGGATATGCGCAAGGTGATGTACAGGAATGAGATTGTCAGGTGTTTCATTATAACACCCGCAAAAGGGCACCAACCACGCAAGAGAAAGACAGGGAGTGACTCTAGTACGAGTCAGTCCTGTAGTGACGAGGCACGACAGATCTGCGCCAACCATAGTCTGTCTCGGGAAGTGGGGGCTGTGTGTCACCCAATCTGATGTAAGTTGACTAAGTACCAGCCGTGTAGTTGACTCTCATGCGAAAGACCTAGAGTGTCTGGACCATCATTCTTGCTCGAGAGCTAGTTGCGTAGTGCAATACTAGTCCGGCGTAAGAGTAACCCCCCACCAGCTATCGCCAGGCTAAATACTGGCGAAGCTGTGCAGCACAGAACAACGACGGAACTATACGTGTTTACCAACGGCATGCCTAGGGGCACACGAAGGCCTGCACGCTTGAAACGGCGGTTTCTAGTAAGTTACACCAAGGGTATTCGTCGGTCTTAGTGCCTGACTTCGGATTAGACCATAGAATAATAGTTACATTTAAGTAAAATTTTTGCTAGCCGTGCAACCTCGTGTGGTAACCCTGTGACTCTTGGAAAAAAGCATCCGGTACTACCCATGAATATAAGCGTCCATGGCTACTAGGCATTTTCCTTTGTCTCTTCTGCGGGGTGAAACTTTGGCCGGGGGGACTCTAGACTAGTCGTTATCCTGTGTGCCGCCATAAAGACAAGCATACCTTGACACA,1171,49.53,Drosophila melanogaster
SEQ_255217,TCCACTAATTTTTTCACTGCCGCAATGAACCCCATATATCTTCTTCGTTCGCGCGTGGTCGTTTCTCGTCAAGTGGAGTATCGAGCGTACCGGTTATTGCACCCGCGACCAGTAACCCTCCGCAAGTTAACAACACGCGTGTTCTAAGATATTTACACCAACCTCTTGTCAACGTTTAAGATCTGAACTGACACGACCTTACGTTCGGCGTTAACCCTGTTTGGAACGACATCGTTTTAACTAACAACGGTCTAGGGCAAGTATTTATGGCGGGGAAAAGATTTATCTTATTATGACAAACCACCTCCCCGGTGCCAGCTGGTGTCCGTTAATACCTTTATCATGGTCGCGAATACTCAAAACGCAGAATTAAGGCCTGTTTCAGCGACTCCTCTCTGCACGTATGTTCACAAAATCTACGTCCCGAATGAAAGGGTTAGGTTTGATGCTCATCTACCACCATCACTGATTCTTAAGTGGTACGCCATTTTGCAGAGGAGGCGGGGGCAACGCACCGGGCGTCGGGACCTGGTGCAAAAGGGTGAATCTAAGGGATATGGCACACTCGTGAGTGTGTTTCTGGTCACAGTTTACAGTTCAGAGTCGCCGGATTCCTTTACAGTACCAGCTACAAAGATTAAACGTGGCCACCTCCATCGCCCCCGCGGCCTACCTAACTAATGCCTCCGTACGTCACCCTCGCTTCCGTGCTTCGACACTAATGTATGCGGGAACTTTCTTTTAAAACGTTAACTATACTCCACGGAACTTAAGTTAAAGACACGCTACTGCATTAATTGGATCGAATGATCGCGCGCTAGTGACGTTGGGAGGGCTAGATTGGACTAGTAAGTCAGTCAGCTCCCAACCGAGGGACACGGTATTTGATACACGCGTGAAAGGACCAGAGATATACACACCATATAGGAATGCTAGCGCCCAAAGTAACGAGTCCTCTTTTTGGTCTACATAACTGAACGTTACTAAGGGAAGTAAGGTCCCCGCGCCTCGGTAGAGACATGTGGCAAGCCGATTGCCCTCGATCTTTTTAATTACTACATGGAGCTGCACGCGTACTACAAACTACTATCGGCAAGTCCCCAACCCGTCTCCGAATAACACCACGTTATGCTCTATCCGGCCCCAACATCTCTAGGTGAAACTGCCAACGAGACAATAGGAGATGACGA,1190,48.4,Arabidopsis thaliana
SEQ_168702,AACGTTTGGTGTCCCTTTGACGATATCGAGTCCCAACAAGTGCGATTAAGAAGGATTAAGGTTGCATTCTAGACTGTTATTTAATCGAAGGTTCGAGGTTTTGTAGGCATAGGCCACCGACATATTGGGTTCAAAGTTCTCGCGTTGACGTCGCATGTAGAATCCTTTGTCTCACTGCTTATCATCACCTTAACTTTTAGTAGGGAGATGCACACGCCTAATCCAGGGCATGTGATGCGAGGAGTCTCACGCCGGCCAAATGGCTTGAAAATTTAGTGTACGGCCAATTATTGCGGCTACACGGCCGACGATACTGTAAGACGACCAGTCTAGAGGAGCGTGTTATGGTGGCCTTGAATAATAAACCACAGACTCCACCCGGCGCCCTACGCGAACGGCGGTATTCACCCTCGCGGCGCATTGATAGACCTTGGTCTCGAAGCCAACATCTCGAGCACGTCATGCATCGTGGTAAGACTCCTATAACTGCAAGTAATGATGACTGGACGTACAATATCAAGTGGGATAATTTTTACCGGGACATGAGACTGTATAGAGCAGTGCAGTGCGTAGCTAGCGATCGGCAGCACACACCGAGGAGAGGCGTCATGTGGCGTACCAAGATGAGGACTACCCCCAAGTGAGGGGCAATTGGGACTGTTTGAATGACGAGAAGCGATCTGAGCAGAGTGAGCTTTTTTCTCCTCGAACATTTCAACTGCAAGAAGACCCCCACCCAATACTGTCTGGGTAGAATCGTTTACCTAGCCTTGCGTGATATGATAGTAACACAAGCTCTCAGCGCCATATCGCATTGTATGGTTAACTCGCTATACCGGGAAAACGTCAGCTCTGTATCGTGGTAACGTCTGTGTAAGAGCTACTTATGCGAGTAAGATGACGGTTGCTACAAACGGTCGGATTAGCGGTACCGTAAAGCCGCACGTTCAGCGTTTACGATGTCCCACACTTTGGGAGCACAACAAAAAATGGTGCAGACGCAGAAGGTAAGTACTACTGGCAGTTCAACCTAAGCAGCTGTTTGAGCCGAATTACGGAATTCTCGTACGAAAAATCTCAGACATAGCCTCGGTATTAGCAGGAAACATAATGCAATTGACAGGTTTTATGTTTCCACCTTCACTAGCGACTCTACGATTCCAACCGTTCACATTTTAGGCACTGCACAGGTATTCGCGACTAAGGCGCTTGGGTGTTTTTCTCGCCGTACAACCGCAGGCGTGCTATTCCCGAGGCTTATGCCTATCGTCGCACAACAGAGGCCGTACACAGACTTTCGGCATTGCGAATGGCGTTCCTTGCCGACCGCTGGGAGGCTAGCTTTCCTGAGTATAAATGACACTACGAAAGTTGCCCCTCGCCCAGCGATTGGAGTAACCTGCTCCAAGTTTCACGGCGAGAATTCCCTCATCAGCCAAATTTCCCAGAAACTCTCTTGTGGACAGGGTGGGTGCCCCGGAACTGCACATTTAGGAGTGAGGCACTATAGCTCCAGACACACAGACTCGCTGAAGCTCGCTTAGTGGTCAATAGCGAGG,1559,49.45,Drosophila melanogaster
SEQ_250107,GTTTACCTATGTTCTACGTGCAGTACTACGTGGATGTAAAGATCCTATCTCGATCAAATACTCCGAAATGTACATATCTCGACAAAGCTAGAACGTCGGTGGCCCCGTCCCACAGATGATTGGACTTGCGTTTTTCTGAGGCACCTTATCTCCGCAACCCGGTAGGCTAGGAACGGCAAAAGTCTACAGAACAGGACTGCCTAACGCCCATAGTAGTAAAGCATGACCTCGTATTTCTTACGATCACGAGATAATTGTCCGTCGGACAGTAACTCAGCCAACGCCATGTACAACCGTAGAACAGGATTTGCTTGCTTTATGGTCATAGTTAGTATTTCGAAAGGTAGAGGTTAGGATGGCTGAATGAATCGCTATGAAGTCATTTGTTTACATCACGACATTGCCCTATGGCAGGTTGGCATTGCCCGTGACTTGCCGCAGGTAACGATCCCCAAGGCGCAATTACCGTACTATTAGGTTTACTGCCGACCTAGTCAGTCAGTACATTAACAGCGTAGGTCGATCCCCTGCGGCGCGCTCTCAATATGTCACCGGGGACGTCTCATCGTACTCCACTGGGCGCAAGCCGCGTAGTGGTACATATTCAATAGGTGGGTGGTCGAGGGTACTTCGTATGCCTGCTTGTAGCGGGCTAGCAGTAACTCAGCTTGCCATCAATGGGTCAAGGCACTGGACGTTAATCTTTGGTTAAGGACGTACTATTGAGTGCACCATGTAACGGCCTCGGGTCGCGCCGTACTCGAAGTAGTTGATAGTGTCCCGCGAACAACGATCGTGATTACACGAGTCTGGGATTGTGGATACACACCAGCAAGGTCCTGGACCAACGTAGTGCCAGGTCTTTCATATGCTTGGTTAAGGGTCAAAATACAAGGTTTCAGCTCCTGTAGTTATCGGTCTGCGAGAAGTAATAATTGTAATAGCTGGCCGTCGACCACCAGCTTCTATCAAGTTAATCCGTTCTTTGATACGAGTTACTATCGCCAGCAAATCGTATCCTACGCTAATCGGTCTGCCGCAGTAGACTGTA,1051,48.62,Saccharomyces cerevisiae
SEQ_645351,GTATAGCGCGCGCTATCTACATAAACTACTATTATCCCTGCCTGTGAGCAAGGGGTTAAGGTGGGGTATACTCACAGCCAGTGTGATAGATAAGTAAGTTGCGTCAGCTGCCACGCAATGAGCGTAGTCTAGGATTAAGGCACATTCTAATAGGTGCAACAAACGTGGCAATGTCATCAAGGTGGTCTAACTAATTTAGACTGGGCCCCGTTGGTAGTAGTAGCCCTGATACGAGCATCTTTCGACGAAGGTTGTGCTGCGAGTGACGCGAATGATCGCATATATTCCGAGTTGGTGTGGAGACGCCATTTTCCGCCGGCTACGTCCCTAGTTGGGTCGGGCTGCCTAGATAGTCTCAGGCTGCTCAGTTAAGGGGGTACGGGTTTCCTTCAAAAAATTTTCCAGATTGACATCCGTATGTATAGCAAGGGTGGGTATAACCAGTCATGGGCAGCATAGCAACCCGACCGAGGGTTCAGTTCCCTCGCGGGGTATAGCTATTGCGTCCGACCATAGAGCCGCCAATCCTGCAATCGCCGAACATCCCATATACTTGAGAGTCCGCAGCGGACTTACGCAAAAAGCACGCTAAATTCAAGCCCACATTACAATCGTGCCCCTCCCTGCGGGTTTAAACCCCTTCAGGAAAGCCTAATTGTTTGTCGAGCTAGGATAGGAAAGGCAAACTAAGTTTCTGGTTAGGGTCAAATTGTATACATAAGCGCTCTCCAGCTTCTCCTCGTGTCCAAATGGGAGTTCACTTGTGGCAATTCCTGCGAGATGACCTGACGGTAGGTGACTATATCGCGCATGATTTGATTCCCGCTACTGAGACGTATATGTGTTAAAATCACAGACTTGTTCCTTATAGTCAGACCCGGGCGCAAAGTTCTTAGATTATCGAGCTAGCACCGCAGGAAACTAAACATAGCTCCCAATTCGACTCCGGCAGTACGTGAGACGGCGATATCTATTCTTGTATGACGCTAGGTTGCTGACGACGGATGAGGCCGTCAACGTCGTTGTATTTTTGCACGAATTGGTATATCCACGCTTCGATGCGTTAAGATTGCCGATACCTTGGTACAGCTGTCATGAGGGATCTAAAGTGCACAGAGACGCCTCACCGCCTCGCACGACATTGATGTATCAAGTGGAAGATACTGCACAACCCTAAACCCGCTAAACGAGACGTGCAACGATCTGGTGATTGCGGATTTCATAGACGAATGGTGGGTCCACCTGGTTTCGGCATCGAGGCGCCTGATCTCGGCTTCTTGATCAGACAGACACAGCCTGGGTACTGAGAATACAGACATGACGTACATGACTGTAGCATAGTAGCTATGTACCTTGGCACCCAATAGGGCGCCTCGAGACTGCATGAGACGCCAGGGGCAAGCAGGAGTGCCAACGGTATTAGTGTATAATTTAGGAAACAGAATTTTTCTGTGTCCGGCCGGGCTATGGACTTACATGTCCTTTGAGGGATCCTTACAAGATGTGTTAGCACAAGGTAGCCTTGCCCCCTGAATTTTAAACTGTGTTAAAGCTCCAATGCAGCCGGTTATCACGAGGACTAAATCCAATTTGAGGTATGTAGAGAACTAATCCGTCCGGCAACGAGAGAGAGGATTACGCTCGTAGTTTAAAATTATAGTTCAGGTGCCGGTAGGCCCGCAGGTACTCATCCTAGGATCTAGGCTACGTTGTAGATAGAGTTCCTGTGGTTTAGACCTAGCCAGCATAGGATTGACGAGGTGCACTCCAGATGATTACGAGCCCCAGCGGAAGTGAAAACGTCTCGGAGTTGCACC,1817,49.2,Saccharomyces cerevisiae
SEQ_461543,CTCCTAGTCAACGATGTGGCATGATACCCAAGCTCAACTTCCGGAGTGAGCTGTTAACGCCTCCGCTCGGGAGGGCGAAGGGACGTAAGGTAACCTTGTCCGGGCCGAGATCTCTAAACAACCTCGTGCCTACTGTAGGATGTGCTCTCCGCGAAGTGAGGGTTAGCTCAAGAAATACACGGATAGCGTCGGATATGAGCGCAACAGGATTAGACTCTTGTGTTCACGGACCTGACAACAGTACCCCCGAAAAGATAAACGAACTCCCTGGGCGTCCTTAATCCGGGACGGTGGGAAAACGAGTGGCAGGA,311,54.02,Drosophila melanogaster
SEQ_268233,ATCGCGCTCTGCAGGCATCTCAAGGCCGGCTTACCAAGCTTCCTACGACCAGCATGGGTCCGCGGATTTACCTAACCTCAAACGCACTCCGGAATGGGGAGTTTCCTCATATCCATTAAAGCATTCGTGCATCCCTACGGCTCCAACGCACCTTTCTGTCGCAGTCTTGTTCGAACCATGAGAAAGCCCCACCCAAACTGAGACCGTATATCCAGTTGGGGCGTCCTATGGCAAAGGGGGGTGTTGGTCACGCGGAGTTGAAAATCTTGACAAAACGCGTGGACGAAGGCGATTCTATAACCTTATTTTCCTCCCGCACAATCTTCAGCCAGGATAACTCTTGTAGCTCAGTGGTAGAGGGCAGGTGTACATGTACGCATCAAACCGGCGTTTTGTGCACCACTCGCTGCCGGCACGAGCCTCTACGATACATTCGCATGTCAATTTGCGTAGCTTAGTAGGCTGGGTTTGTTGGGCTTCACTGCGTCTTATGTCGGAACGAATTGAGTTTGCTGGCGTCACCGTGTACGAGTACTCAGGGCCAAAAGAGTAGTAGCAGGGAGGCTGATGGGTAACGAGGCGGGCATGTTCTTAGACGGCAATGAAGGTGTCGTTCTCCTTCCTCCGGCACTGCCGACAAGATCCTTCACGACAATTGGCTTATTATAGCATTTCGGACGCTACAGCGGTGAATTCTGAGAGGCTCGGAGGGGTCCAAGGCACGTGTGGTACTCGTGGAGCATGAAATAGGCCAGTTAAATGTTCATCCGATGAGATAGTGTCGGTTCTCGTCTGAAACGGCAGTAAATTGATCATCACATGTCTGCGTCGAACGAGGCTTTATTGCACGGTAGTAACTTCCATATCTTGAATCGAGGCCCTCACCCCATTCAATCTCGGACTTACGGCGTAAGAGCCCATCAGGGTTGACACCTGTATACCAGACTGCTACGTATCTCCCAGTGAGGACTACATAACTAAACTAAGTCGTCCCACGATAATTTACTTCGGTCTCGACTCCAGACGTTCAGGCAATGCCTCAGACACCGGACCAAGACGCTTTAACAAGCTAGCGAAAGTAGCGCTGACTCGGTTTCAAGAAGGTCGGGACTCCCATACTGCGATAGTGGAAACTCCACCGTGTGGGGCTGGGAAGTACTTACTAATGCTAGAATCCATGGCTTCATACCAGTCTTACGTTCCTTCGCTGGCCCTTTGCGTGTGA,1225,51.35,Mus musculus
SEQ_711405,TGAGCATAGCAACCTGCGTTGACCAAGACTGATTTGTCTGTAATAAGATGGGGGCGACACCTTCTGCTTATGCGACTCCTAATTTAGTTCGGACAAAATCGTCTAGAACCAGACCTACCTTGAAAGTTGGAGCCATTTGATGACCAATGAATTAAGAATCTATGACGAACGCTGCCCAGACCGCTCTTTAGGACCCACGATAACAGCGTGATCTCCGGACATCATCGTGCAGACCGCCCGCCTCTTTAGCATTAACGCGCTATATAATGGGTTGGTGTGAAGGTGCGACGATTGTAACTGCTCCAGAAAGTTTAGTTAAGTGTTATCCGGTAGAGTCGTGTGTACCAGACCACCAATACCGGCTCGAGTGTGGGTGAACTGTGGGGTTGTCTGTTGTCTTCTCAGTCAACAGGACATAACCGCACATTTTGAAGCCGGTACCCGAGAATCGGACAACGTTTATCCCCAATCTGAACTGG,479,48.23,Drosophila melanogaster
SEQ_664776,GCATACGCCCAAAGGATCGGTTATCTGATCGTAGGACGAGAAATGATACTAGCTGTTAGTCTCCTGTGAAGCCACACTTAGCGGAGTCGATGCTCACAGGTCGGATATGCGAATTAAGCCTAAACGCCTAAATTGTGCAATCTATTTCTTATCTGTGGGATATATGCCGTACACTCCAAGAAAGGAGCGTAGACCCCGCAGGCGTTTTTTCCATCTATGAGGAATCACTACCGGCTGGATGATTGCAGCACTGCACCGACCCCTTTGTCACACGATCGTATAGCTCGCGCCCTATCAGGGCAGGTAAGGTGCAGTTCAACCTCCTTGAGGGCCTGCGGTAATACCTCCGAGCTCCCTGCTGTCCTTGAGACCCAACTAGGCATCGCTGATACGTCGCAGGGGATTTGGATTCCTTGACACCTTAACCTACCTTCCTTGTGGTCACTATGCTTCTCGACCCAAATAATGGTTAACCGTCCAGTAGCCGCGGGTCGGATTGGGTCATGGGGGTGTGGTCTTCCATGTACTTGTGTTCTCCGATGTTAACCATTCAATGCACCTTTACAGCATATCAGGCGTCTTGCGAGGGGCCCGTTCGTCATGGACGTGAAGTCAGTCAGCCTAGAAGAGAAGGGAGAGTTCCCTAACTTAATTTTCTCTGACGTCCAGACTTTAAGCTGGATTGCCAGATGGCGTTGGAGGTATAGTGGGTGATCCACCCCCTCACGTGTTCTGGCGCTCTTAAATGTGT,751,50.87,Caenorhabditis elegans
SEQ_537753,GGTGAGTCTAGACTCCCACCAGCATAGCTAGTCGTAGGTAGATCGTAAGAAATAGCGCGGCCCGCTGCACGTATCTCTGTGTAATTCTAGTTACGGCTTAGGCGTATCCCGAACCAATTTGTACCAAGGCGCGAACGTATCCCAAGCCGTCCCCTCGGCCTAAACCTTGCGAAACGTCTCACTCCCTGCTACACTGGCGGCATATTAACTGTCCAGAGCCCGGTCTGATGAGGGTCATCCGCCGTCAACTGTCGCTTTCTTGTCAGCATATGGGTGCAATTCTTGAAACGTGCAGATCGACCCTGGCCTAGCTGCCGCCGCCTTCACTCCGGTCCTAAACTGGTTCACTGAGCTGCTACTACGCAGGCCAGGGTGGCCCTATACTACCGGTACAATCATGCCGTGCCATTCATCTTTCGTGAACCAGTCCTCGATCGAAATGCCCCGAACAAATAGTCGAGAAGAATATGCGCGCCCGTAAGGATTTAACAATAATAAGGTTAAGACTGCTATTAACCCACTCCTTTCTCGCAGAGGAATAGAGTCCCTCTACGGGATACAGTATGATCAGCAACCGCAATGCATCAAGCCGACATTCTAGTCCCGGCGACCTGCTTCCGTATCTGCTACTGCGAAAGCAGAGGTAACCTTCTGCGCGTAACTCGTACTCCAGGTACTGTAAAAGCAGAATCCCACGCCTCTTGCCCTCTGTGCGTAAAGGTGTGATCTCGACATGTCTAAGGAATTCGTGTGAGCTCGAACTCTATATATGATCCAAGTTCGGCTCACAAGTACCGAGGCGATAAACCTCCAGTAGTTG,820,51.59,Drosophila melanogaster
SEQ_146612,CAACACATCGTGTATGGTTCTATCGAGACATATACGCATGAACAATCACCAAGACGGTG,59,44.07,Mus musculus
SEQ_254400,ACAAGCAATGCTCAGGCGGTCTTAGTGAAGTGGAGAACATATGAACACCGAATATATGTCCGCAGGCATTAATTGCTAGGACATCTCCTCCCGGGGCAGTCCGCTTCCACTGCCGTAGTACACTATACTGTGGATATCAACTGGGTACGTCTGGAGATCAGGACAATATAGTATGAGTATCAGTTCTTAAAGTCTATACCCCGCTAGCTGAAACATACCTAGTAGGTAAGTTCCGTCGATTGTAAGCACGAATTACACATCGGTAGAAGGCCTTACCCAGTGCGGGTTCTCCGGCAGAATCGTTCCGCTGCCCACTGGGGGACGCTCTTCAACGCGCCTGAGCCCTAGAAGCTACTGACATGGAGAGTGTCATGGAGTTCGGAGAAAAGATAGACAGTAATCCTTTGGCCCTTGGGTTGGACCTGCCTCCGCGTAACACTACGGCATGCTACGACACCGCCATCCCGTACGCGTGCTAATGTAGAGCACCTGTGCACTTAATTAGTCAGGACCACTGGAAATCACTCGGACTATAGCGTGGGGGCCTTAGATTGTCCGCACCGATATTGGGCCGACTAGACGCGACGGCGCGAGGCTTCACGAGTATACGCCCTGGACGGTTCACATCTCCGTATTCATTCGAGTTAGTCAGCCTTCTCACGTCGGAGGGCCATGATGCGAACTGAATCCTACGTTTGTTCCGCAGGATCTCGGGGGCTAGGGTGTAAGATCCACTGAGGCGCGATTTCCCCACCTGATCTAGATCCTATTATCCTGGCCCGAGTGTCTTGTCCATCAAAGTACCGACCCGTGTGCATCGGCCATGTAAATATGTATCTGTACCTTCGCCTCGCATGGCGATACTCCTCACCTCGACTAGCGGTATCCTAAACTTTTCCTCAGTTTTCGGGCGGAGGCCACCACGAGATATATTTTGTGCATAGGGGAGTCTAGCTACTCCTGATATTGCGGTGTTCTGTTTAGGATCGGTTGACTCTATACGACCTCCGGGTTATGGACAACCTAAGAGAGGTAGGAAATCATGCGCATATGAAACGTTGCTCTTGGCATGAGCAGCTCTGGTAATAAATTCACATTTGTTGTTGACTGTAGTTGGTTTTCGTCACAATAGCAGACTGAGTAGGGAGCGTGTTGCAAACGTCACAAAGTAAGCGACCGCGGGCTCACTCCCCGACATATTTTTTTAGTGGCCTAACCCTCAACTCTAGAATTATAAACCAACTAGACGCAAAACTAACCGCATTTACGGGTGGCAGCTTAGCTTCTGGTCGAATACGCTAAATGTTTCGGCGAGGTGTCTCGCCAAGTTTGCGTCTCGCGGGAAGGAGGTAAACTGAGACCAGAC,1366,50.59,Mus musculus
SEQ_574042,CACCTGAATGGAGTGACAGGAATACCTAGCGTGTCCTCGGAATTGAAATCGCAGATAGTGCTGCGCAGTGTTACCCCAAGGGTCGAGCCCTCCATACTACGGGTGGTCCCGAATGCTAACACAGGGTTTGGAAGGCCTTTGATCTTCTGAGACACCAACACGATACAGGGAAGTGTGGTTCATTGGTCAGTCTTTGGGGGAGAATAACGTGACGGTCCGATGCCAATCTTGTTAAAATGTAGATCTCAATGAGCCAATTAGGAATTTGATTATAGGGACGGTTGCAATGACATTCCTATCTTTACGTGGGGAAGAACACGTTATCTCATTGCCGCTTGCTGTCAGGGTTGGGCGCAAATGAGTGCACGTCATCGATGGGCTGGGAACTTTATTTTACCAAGAGGGTGACGATCGGTGACGCGATCCAATTACGGCGCGACAAACGGGCATACTTGGTCAGCGGTAGCCACGTAGTGAGCCCAGTAACTAGTTGTGTCACGGATGGAATTCTACTCGTCCGCGGACCGCGGCTTGACATTAGCATGCACGCGTCTACTCCTCTCCGCCAAATCTCTTGTTGGTGCCGTTGACTTGTCGGGCACCCTAGACCACGGCTCGCGGGGAACTATACCTAATTGGGAATAACAGTCCTTTTTGGGTGAGGCTTGTGTGAGAATCCCGACCTTGGGATCCTGTCGGGTGATGTTATTCACATGGCTCTATAAAAGGTTGTAGGGCTTAGAGTAGATCTATGGTAGCCGAGGAAGATACATAGAGGTGGTGAGCGACCACACCTACAATGGGCCTAATCGCGCCGGCGCGAAAATCTCGATTTGACTTCCCAACAGACGGGCTGCCCATTTACGATTCTGTCCCTCATCATTGTGTGGATCCCTATGTGTCGTCAGCAAATCTCCTGTGAAGGCCGAGGCCCGTCCACACACCACCCGTGTTGTAGACGACCCACTATCTCCACGTCGCAGCTGATTCTAGCGGAACACGCCGTTGCTCGAGCGAATTCGCTAAACCAATGTCGTGTCCATACCTCTGTACTGCGAGAGGAACATCTTAGATTTTATGCCATCGCTCCGGCCTTTACTACCAATGCAGTGAGGAGACGCAACATGGTAGGGCGTTGCATAACCTTTAGACGCGGAATCCTGCCCTTATTCCCCATCTAGGGGACGTCGGGAGTCAGTATTGGTAAGGCTCATTAATATTATGTATCCGTGATTACTTCCCCGCTGGTGTCTTGACTCACTATGCCATCACCCTGAATGTTTCATGGGCAGCCAAAGACTAGCGGCGCTCGGTACTGGCCAAGGATGGAGTACCGAAGACTTTTAAAGGGTATGAATTCGCAGACATTTAAGGTGCTTTAAACCTCACCTGCGAATAAACCTAAGAGTTCTCTACGCTCGTAGCGAATTCAGAGCTGCGACGGATATTTCCTAGCGAGTGTCGGCCGTGCGTTTTCGATTTCGCTCTACCTGGTCCAATCAGGCCCGAATGGTTACGGACATGCAGTCCCGGTGAATTTAAATGACAGGAAGCTTAAGTATTCACCAACCATATACATTGCTTGGTCTTCATGCCTCGCCAGTTAGCTTTTTTTCAAGCATACGCAACCTATATTATAGTAATTGGCCTTGTGATCTTCTCTTTCGCAAAACCGACAGCTATACCCGCATTGCTATT,1698,49.94,Escherichia coli
SEQ_703133,TTGGCACGCATACTAGGGTAGAGTCCGTGAATAGCTCCGCGACCCGAAAATACCAGGCCACATTGTTGCTGTTGGAGCCGCAGCGGTCTGCCTCACCGTTGCACGTATCCAAGTTCCGTGATATCATTTGTACATTATACTGCAGACGTTGGTTATCATCGTTTGGCCCGTAGCGCGTACATTTTCCGAGCTAAGCGGCTTTTTTGTGCGCTTAAGTCGCTGGGCGTCATTTTTGGGTTTTTTGTTGAGGGTACCTGAAAATGAGAATGACGTTTCGGTCCAGCGTAACACGGCCTCGCTTGAGTTCCGCGCCGTGTCGTAGCGTCAGAATAGCCCCTTGGATCGCACTTGTTAGTAGTATCCATACAGCGGCCCGGGTGAATCATGTATTACGATGTAAATATCGCGTACAGGTGCGTGTGACGCTTAAGCCGCACCATTATCGAAACCCTGGCTCAGTTAGGCTTTTTAGGGCCATGTCACTCCGGCCATGCTCCAATGGGAACTGGGGTCGCTCTTTAACTAAT,527,51.04,Arabidopsis thaliana
SEQ_747976,GGCAAACCTGGGCCTCTGCTAGCCGTGTAAATTCGAACACTTCGCTACAGCTTGTGCAAAGTGTTCGAGCAGCTAGTGCTGACGGCAGTATCCAAGCCATCGATCGTGCCCGGTTCCGCTTGCAATCAGGTGTTGCTCCCCCTATCTCAGGCAACGTTTACCGACTCCCATCCTGTGTATATGATGCTACAGACGGATTTTTATACGGGTAACACTCGGCGATATAGCTGGAATCTGCCAGGACTAAGGTAGATCTGTCGCGACAGCTAGAATGACTAATCCATGTGATCCGTAAAAGCCGCACCACCCATTGGTCACATAACCGGCGATCGATCCAATAGCGGCTTTTGCTTTTGCCTGTTCACATGTAGAAACAGCTTATTTAGTTCACGAAGAACAGTGGTGTCCTTGCGGTGACAGGGAGGTTAACCCCGAACACCCCGACCAAATAACAGAGTCGACCACAACCCCTCACAAGATTGGATGCGCTGTTCAGAGTTACGTGTAAGAACAAGGTGTTGGAGTACTACAGGCCCTGTCTCCCAAAGCCCATTGAAGACGGTACCCTACGGGCTCATAGCATGCTTTGCACAAGTCTCAGTGTGGCACGTCCAAATGCAGTGCATTCGCATTTTCATGAACAAACGCACCCATTACTACCGCTGCCGGTGCCATCCAGGCGCTCACACGTTGGGTACGTCATCAGATAAACGCCTAGGATAGGGGATGGCTCCTAAGAGTTTCACACTTTCGTATCGTTTATCCATACTGTAGGCTTCAGATGGACCATGATGAGCATTCCGGCTTAGCAAAACGGGCGAAGCAAGATCCACAAGGAGTAGACGACACCTCGATGGGTAGAATGTGGATATACTGGAATCAGCAGATTCTCGCTACTTAACGGACCTGTTTGGGGATGAATCACGTAATCGTAAAATTCAGGATAGGACGACAACAAGCACTGGAGCGCGATGATTTTTTAGCTGCGCCACTGGCGACATCAGCTTGGCGTCAAACGCAGAAAGGTTCTATTTTCCTTCCATTTTCCTACGTCACTTTGCGGCAAACAGTATTGACACAGAGGGGTCGGTATCCTGAGCGCCAAAGCTTTATACCCCCGATGCCATATGAAAAGGCCGAGCCAGTAAGCCGGCCGCATGTTAATTAGGCACTCAGATATTTCTGATCAGTCGTTTACTGTTGATGCCGGCTGGTCGCCTCATACTGCATGCTGCAGCGGGCACGGTCGATGTCCCTAGGCTCGAAAGGTCAATGCGTCAGGACCTTGGAAACCGTAGTAGTAATAGGCGGCATAGCAACGGAGGCACGGAGGCCAGCTTCGGGACGTCACTTCGCGCCCCGCGATGACCCTTACTGCACGATCTTGCTAGTAGCATATCCATGCTAGGACACTTGGGCTCGGAGCTTCGGGACGAAGTCAGCACCCGGCGGTCTCT,1457,51.48,Escherichia coli
SEQ_628505,TACCCGTATGTAAGCAAGACCGATAGGGCGTTCGTAATGTGGAACGTCTGATTGAAACCATGACTCATCGATGCCGGCCTGGAGGACAGTAACCACTATGGGCATGAAAGAGGGACGTTAAAAGCATTAGGCTCTGGCGATGTCATAACAAGCGCAACGTTAACCGCGAGCGAAGCGCCAGACTCCCCTTTCCGTGCCGAAACCTTAGGTCCTACCCACAACTACTGTCCCACAGGTTCTGCCCCCGTGAACGTAGCCCAACGAATGGCTCAATCGGATATTGCGATGCCTGGCGCCTGCCAAAACCACGACGAACGAAAGGCATCAAAATTAATCTCTTCCAATTTAAAACGTCCAACTGTAATGGGTGCCTGTAATACCCTCATAAGTTAATGCCAATAAGCCCGCTGATATCTGTCAGGTTCTGTAGTTGATCGAATCCCCCTAACAGTAGATTTTGTGGTTGGGACCTTATGTGTGCCCCTTATGGTGGTAGGAATTCTTTATCCAAGGACCGTCAATTCTAGGACTGCGTGACTCCATTGTGGCGGCAGGCAACGTATTAAGAGACCGGCTACGCGACATGGCACCCGAAAGCCCCCTTTTCTTTCACAAGTTCGTGGCGTTGCCTTAACTGAACACGCAGAAAGTTACAGAGGAGACTTAGTACATTAGGTGGCCGCTCGAATCTGAAGGTATGCAGGGTTTCGACTGCAGGTTAGAACCTCAGGATTCGACGTGCACACCATTGATCGGAGAGCAAATATTCCTCCCCAGTGGGGGTAAAAGTGTGGACCGACAAAGTTCAAGGCTCGCGCTCGCCTTGTTGTAAGGGTAGTGAGCTTTTCACCCATTAGCCGTGTTCTGAGGTATCGAAGACTGTTTCTACCATAAGTTACAGACGAGTATATTCCAACGATAGTTTTGTTGACCGGCTATGACGTTTGCAGTTTCCACATGGAAGTCCTCTGACTACAATGGTACGGACCGTCATGAGGCCCGTCTGTCGTGCTGGGCCCGTACAATTCGGGTCATTCCCACAGAGCCGGTTGAATGATTTAGATAATAACGCACTCGTAGCGCGTTGGCAATCCTATCCTGGTAACTTCTACGGTGGAGCGGATTTTGAGTTAAAGCAGTGGCTTGAGGGGCGGTTGACAACACGTATGTGTAATCTAATGCGCAGCACTGTTGAAAAGTCGACAAAATGCGTCTGGATCCCGCACTCACCTCGTTTCCGTTACCCCATCCTTAAAGTGCTTGCCTATAAGCTTAAGCATAGGCTTCTCTGAGAAATTCTAGCGGGATAATCGAATGCCCCCAGTTGACCCTTCCCCCGAAAGAAATCAGACGCGGCCCACCCGTGCTGAGTTCGAGACAAAACGACCACTTTAAGACGGCCCCCCTGATACATAGAGTCCGTTAGCAGGGGACGTAGGCTGTATCCCTCTCCTCGAAAACTTAGGTCCAGCGTCCCTCCC,1481,50.24,Caenorhabditis elegans
SEQ_969587,AATGATACCTCAATGCGGTCTTGTAACACCCCGAGTTCCGTATTAACACGAGCTTTTTGGCCTCAAGCATACACTGTCGCGGTATGGCGCATCCAGTGAAGTTCTGACCGAACCTGATAAAATCAAAGAACGAGCCAAGATTTAGCTAGTGTCCTAGGGGGGCTCAGAGTCACTACAGAGTGACAACGCGTCATGTTACGGAGTAGGGGCCAGTATCACTGTATTACCCAGGGATGTAAGTGTTCCAAGCCCAACACAAACATGCTCACTTAGACGCGTGACACGTTGAAACTTCCCGTGAGCGGGTCAGAGTACAACGAGATGGATCGGTCCGCGCCATGTTGCGGTGTATGTACCAAGGACCGAGAGACGGGCCTATAGAATCGCCAGTCTTATTATTTGAGTGCGCGAATGGAATTAATCAGTAGGCCTCCTGTCCGAACATACCTGCTTTAAGCAATTCCTCTCCACTGAAGCTATGCCTTGTGTGTGGTCCACGTAGGAAGGAACAGCAATTATTTATAGCGAGATAGTGCATCTCGGATCGTTGCAACACCATATGGATTAAGCCCACAGACATCACGGCTAGTTAGAATAGGCTCCTTTTATGGTAAAGGGTTGGATCATCAGGATAAATAGAAGAGGGCGACGTGAATGTAGTCTGCGGTGGCCATCCTCCTGGGCACCTCCGGTGACCTGCCACCACGCCGCCCGGTTATTGGACGAGAGACTAGCCTTTAACTCGATCTTTTTCAGTAGTAGTTGGACTAGCGGTGGGGGTAAGTAAGTGCCGATAATAACGGGGTCGCCCTAGCTATATGGCACGCCGACCTTCCTGACCCGCGGGTCATGACTTGAAAATGGTGAATCAGGTCCGGGGTGATCCTTCTATCATGTTGACACCCGTCAAACTCTGGGCCCCATGGCCATGTTGCGAGAGGATAGACCCACTTCACTCTTGCCATCGTATAATAGCAATTTTTGCCGATCCTTAGCAGCAGGCAATCAAGCCATTAACGGGATCGTCGCCCAGGACCCAGTTCAGAATTCCTGATCATCACCCGCTACGTTAATTCCCGTGGACGCGATTACGATCGGCCTGTGTCCAGGATGTCTATACAAATAGTGTCCGAACGAGAAAGCTTCGGAAGTCTCGAGCGACACTGCACGTATCCCTTAGCACAGGCC,1188,50.67,Saccharomyces cerevisiae
SEQ_845156,GTGTGAGCGTGTGAGAAGAATGGAGATCGCTTGTCAGCTAGTAAATCGGAGTCATCGTGGCGTGCCGTCCTTGCAACGTTCAGCGAAAAGCACGCTCATTGAGCAATATTACTCAGAAGTCGGCCTCTAATCTCAAGTTCATTATGCGAAAGGACGAGATAATGCGGCCAGTTAATGGGACAATTCAGTTATCGAGGACTCCCTCCGACGGAATCACCTTAAGTGCCATTCTGTGGACTGAGTTTGTAGGTAACA,255,47.84,Saccharomyces cerevisiae
SEQ_661386,ACGAAAACGCTACGATTATTAGGCACAGCCTTTTATCGATGCGACCCCCGTTAGTGTGTCCACGCTGTCTGTGCGACCTGTGCACCAGCAGCATGCCACTAACGTATCGACCCGACACTGCGGTTACGTGCCTCACATTGGTAGCAACTCCGCGATTATCCCGGTTAAATCTCGCCCGATGGTAGCCTATCACTCGGGTGGCGCTCCATTTTACCACCAACGTATCCTAGTACTTAGCTAATATCTGATTCGACGCCTGGGTTGCAAAAGTAGGCCCGGTCGACGTCTAATTGTTGGGCCAAATAAGAGCTACATGGAAGTCCGGAGCGCTGATCTAGTACATCTTATTGTATCCGCGCTACAATAAACCCTATATAATCAGCTTAGCAATGCCTGGCTCGGCATTCAATTATCTCTTGTCAAATCTGGGCCTAAAAAACATAACTGGTTCAATAGGGTTGTCCAGAGCAAGAAACAATTCAGTTACGTTAGCGCTGGTACAATTTCTTTCCAACGTAGCATGGGCCCTAAACCTAATAGGTGGAGGAAATGGCGAAAAATTTCCCTATCCCCCCTTAAATCCGAACGCGCTCCAGATCGATGCTTCCGGAAGACTCCCTGGTATGACTCTTATGGTGAGGATCAAAGTTCACTTCTCTGATGAGACCTCGGTAGCTTAAACTTATGCTACCAGCACTCTGGCGGAATCATCTCTCATAAGCTACTCTCGCGACTTGCAAAATTATCGGGCGCATCTGTTCGACCG,766,48.3,Arabidopsis thaliana
SEQ_600466,ATTACCCCGATGCTCACGTGGGTCTTGGGTTGACACAGAACGACATAGATAAGTTTATACGATATACGAGTGACTGAAGCATGTTAGAACTCGCCGTTGGCCGATAACAGACCGTGGCCTAGTCTTGCGATAGATAACTTCACCAAATTATATACGAGGTCGCTCCAGGCCGATCAACGACGTTGATCTGACAACGCAGGTGTATTAGCAATAGACAGTCACTAACATACTTGCCACGAAGCCTAACAGGGGTCCGATCAGGGCCATCTCACCGGGAAAAGGTGTCTTATGCATCCTGTTTTTTAACGACCTAAGATCCCTGTACCGGCCCTTGCGTGCTGTCCGTACGAATGACTGCACCCAGAGACATTGAGAGTTGTAAGAGCAGCTCACGGTCTTTTGAAGCACCATAATGTTCCATTGTCCGTAGATCCATCATTCTGACTTTGGCACGTCCTGTATCCCCCTCCAGCACGGCGTGGCGGAAGTGGTGCCCGCCAGCGCGCTTAGAGTGGAGATATATAAATACTCGGGGGCTATTGAAATCCAGCGGAACCTCATGCACCCGGAAACTGTCATTCGCCGTTGATCTAAAAGAAACCCCACTCGTGAAGATTATGGACTGACTCACACTTGTGCGATCGTGCGCACAAAAACAAAGCGTGTCGGTGTTGGGCAAACGTAGTCTATATAAACACTAGAGATACAAATCCCAGAATGGTAAAAAACTTAAGTGTCTTGGGAAAATCGCATGTCGATGGAGCATACTTCCTTAATGAGAAAACAGGATTCTGATGGCCATGTCCCACATCTGAGGGTTCCGAGGCATGGCCCTGCCAGTCAGACGCGGACAGTCCCTACGGCTTCCGAAGAGGAGCAGCAACCTTTTACTCGGGGTGTTAGTAAAATCGCTACAATGCACTCTCTACTTTTACGCCATGGGGTGTATCGGGCCGAAATCGAACTTATGTAGATTGACAGCTCTTTTAGTGTGGAGTTGCATCGGACCACGCTTTGTGATGACCCCACGAGGGTTTCTCGATGACGAGATGGGGAAAACTTGAATCCGACGTACATGTCGGCTTGTCTACTTCCGCTCGACCGAGCCGAGGAGCCCGACTAAAGTGTCCTGAGCGTTGGGTTGTGGTGTACAGGTAATTAGAGTGGACTATTCAACAGTCCGCGTATCGGAATCACTGAATTGCCCGCTGGTGCGGTCAGTTTAGGTCCCGTCCGGCAATGTGCAGCTCAAGCAGACTTACTTACTATGATCGCAACTAGCAGGCCCGGCTCTGCATGTGAGTCATGGCAGTGGACTAACATTTTGTAGTAGTGGATGGCTCGAACCGCCACCCCGAAATCACCACAGCGATAGCTTGAATCATAGCCATCGGTGTGAGCCGCCTCACGTTAAAGTATCTCGTTCGATCGTCGAAAACTAACTGCTACATACCTCCTCAGAGTTTAAGTTATCACTATAGGTACCGGGCGACCCAATCTTATAGCGAATCGGAATTGATGAATGCTATCCAGTAATTCAACCTCAATCCTAGAAATATGCGACCCAATAAAGCCTTCATGGACAGCTCAACTTCGGTTCTTATTGTTTACGTCCTGTCACGGTGAAGCCACGACTGTAGACACGGCATCTTGGTATGACGAGCATTGAATTAACTAGAATGGTGGCAGTGGTGGATAATAGTGAACAGTCGCAGAGAGTATTCCCGTAGAGGGAGCTCCGGGGCGGTCAGCCACGCAAACAATACCGCTCTCTTAAATAAATGCGCAAA,1790,49.16,Escherichia coli
SEQ_723339,CGTACCTTCTCGCCTAAAAGGCTGCCTGAATCATTACGTGGTTACATTTTCGCGTGACTTATTCTTGCCCATTGGAACGCATCAGAGGAGCACGCCTTTCGACGCAAACATCAGCCATCAGAAGCAGCCGGGGAGCCGTTTCTCCTCTTGCCCGCGAGGTCCCTTACGGGGTACCAAACAGACGTAAGCTGATTCCGAGTTGAATACAGCCTGGGACGTGCGAAGCTTCGAAGCGACGCCCCGTTCAAAAACATGGCGTGAATGCCTAGGTGCTAGCAATTGCGACGGTGTTTATTCGCATCTCGCTATCTGTTGCGGGTTAGGCGCATAACCATAAGAGCTCATAATTTCGCTATGCAGTTTGCTATCCTAAAAACCAGTTGTCAGGTGTACGTCGGTGAATCCATAAACATTGCATACATTATCCATCGTCGGATACTCATACAGCAGTTTTGACTTTGTCTCTAAAGGCACCCAAGCCCCGCTGTCTAGCACCGATTACAGATGCCGCACATGCATATACCTTTTGGGAGTGTCGACATGTCAAATAGAGTCTTGGTTGCATGGTGGTCCGGGGTCATAATTGTCTCGGGCGCCAGCCTAAGGTCATATACAAGCCTTACGGCTTTCGTGCGCTCCCGGTAGACTAACACTGCTCAGCCAAACTGAACCCAACGAATCACATCGACTAGTAAGCCAGAGGGTGTGGGCTGGTTCATGCCGAACCGGGTGCTGGTATGGCCAAGAGGTGGTTCGCTGCGTGCTTCAGGAGTGCTGAGTTCTTCGCTAAATGATAGTTACAGTAGCTGGCGGGTAGAAACTATAGGAGGGATGCATAAGCTGGGTGTGCGCAAACGGCCTGGCTCGACTCAAATGCAGCCGTCCTAAGGTTGCCTCGTCGACTCCGCGAAACGAGGTAGCTTATACGAACTCCGGGGCGATGTGATGCCTCTATAGTGGGCGGGAAGGTCTACTGAGTCTGAAGCCATAAACTAAAGGGACAAAATTGTGGAGCCGGGGAGCGTGTTAAATACGCTCGTCGAGCCAGCGTAACGCAAACGCCCGGAGCCTAGACAAGCAATCGAGAGCTATGAGCTATGGAACAGAACGCGTGCCTGGCTGTCTGGCCACACCATCTTGATTACATTGGAAGCACTAGGGACCATAGGAATTCGGACATTCATTGTAGCGCTCTGCGAGCGCGGATGGGGATCCCCACCATGTCCCAGCGAACGTGCTCACGTAGGAAGGTTCAAATGTCGCTAACACCTCGGAATGTACGTGCACGCCATTCAATGGATCGTGTAATGGTCACAGATGCCAAGTCACAGGCCATTGCCTATGGCTTCATAGGG,1355,52.18,Drosophila melanogaster
SEQ_413951,TAAAATTTATCCGGGAGTCTACCGCAACAATTAAGGTTGAATAGTATCGAGATATATCACTAAAGTTTCCAGCGGGATTCATATGATTTATTTTAATTCAGCCGGCTGGTTACAGGCAGCGCTACGCCTGGAGCAAGCTTCGATCGGATCGTAGTCACATATCTTTATGGGACAAGTGAGGCTAATCTGGACATATCTGCTTACACCCTTCCGCTGTTTCGAGTCCCAGAGTTCGCTGTATTGCGCCACCCGCGATAGGGTGTCCGGTGTGAGCCACGGGTGTAAGTTCTGTGAGCTCCACTTGGCGTAGTCGTTAAACACGCTCTTTAGGGTGGGGCTGCGCCTTGGCTCCGATACCGGCGATTAGGACTGGGTGGTGCTCTAGGTTTCGCGCTCTGTAAAAACGTAGTCGGACACTAGTTCGGTTATACTCTTGACCATCTGGAGACATAGTCTCACACGCAATGACAAACCTGATGTAACTCGGGCGGTGGGAGTTTTTTAGGAGTCCACCACAGCTAAATCAGTATCAGAGCCCGCCTCATGCTTCAAGCTCGGGGTGACACAACTTTTTTATTTCGTGACAGCCAAGCCTCGTTGACGAGACACATGTCAACACTAGCCCAAGCAGATGGGATTCGTGGCGTACTTCTAGAATAGGCATACCCAAGTCTACACAGTTCCAGTAGGCAATCGAAACGGAGGCCTCCCAAGCATTCCGCGAATGTGCTAGGGTGTCTCAGGCGACTAATAGCCCGACCTCAGAAACATCAACCGTATGACTATGCTAAATATAATAAGCTTTTGATCCACTGGGTCCGTGCATCAATCCAGGGGAACCGGCGGGGCTGCGACTTAGGCGCCTATGATCTCTCTAGGCGCCCTGACGTCCATGGATGAGTACTATCAATGGGCCGATGCGGCGTAACGGAAATTAGTCAAAGGTTTGTAACCCGGTTACGGCCTATTTCCTAGAGCAAACAGGGTTTTACTTCTGCAATCCAAGATTGCTCCGCAGGGGGGCAAACTTAGTAGATTCCTTCTGCGATCGCGCCATCATGCTCACGCTGCGCGCGGCATTACCAGGGTTTGCCGACTCGCCGGATTTTGAGTTTTAATGATGGCATGGCGGCCAAATGCAATGGGTACCAAGACGTGGGCGTGGAGAGAAGTGGAGCTCGCAACAAATCATGGGCTTGTAGTTGTGGAGATAGCCAGCTCTTGCCGGTAGGCCTATAAATACGGTACCGCCCCGCCGTGCTCGTCTATGTACGCTGTCTAGTAGGATCTATGTGCTTAGTACCTGTCAACACTCCAACCACAAGGGTATAGGTAAAGACGGTACCGGGGATGAAAAACTAATATCGTGACAGCGGCCCAGTCATAGTCTTGTGATTTTCTTACACAGTCGCGTCGAGAGTGAGTTTGGCATCAAGGCTACCATTTCATTTGTGGGTTACTTCGAGATGATGTTTTTTCAGGTTGACCTCCAGAGGCGCTGAGGTGCCCAGAACCCAATTGACGATCAG,1529,50.43,Homo sapiens
SEQ_430445,TTTGGGACAGGTTTCAAGCTTAAAATAAAGTATCAGGATGACCTGGTCGTTTTCACTGGAGGGAACTGAACCGTTAGCCGCCCAGGTACTTACTTGCTGGTCGGTTGTTTCTATAGTCGTTATCACGACGCCTAGCGCAGGATCCATATCTCGCTGTTAATTGGGACCAGCTAGTCCTGGTCAGGATACCAGCCTCGGTTATGAGCATTGTTTGAAAAAACTCACAGGCCATAGACTCCCCGCTGTGATGCGCAGTGAGAATGGTACTGTGCACCCCGCGCCTTCCCAAATCGCCCTGCTAACACTGTGCCCGCTTCTAGGGGATTTGATTTTGAGTATTGCATCTCATGTGTGATCGCCTCGAATCGAAAATTTTACTTATAAGCGTTAGAGATTTGCGTAGTCTGAGACGTACCCATAGACTTTGTCAACCGTTTTATAGAAGCTATGTCATTATCACTACGCTGAAGGGGGGGTGAGCCCCTCCGTAGTCCGAAGCAGAAGTCTCGTGGTGACAGAGCCCATGCATAAATTATCTGCAACTTTGAGTAGCTCGGCTCCCGTTCCCCGCTCGAATAATGTATGCGACCTGGTTTTCGACAGATGACGACCCTCTAGCCTCGTCCTAAACAATGTTAGTTCCTGTCAGCCATCGTCATGCGCAGCGGGAGTTCTCCTTAACTGTTTGCGAATTGTGACTGACATGGAAGGTCTCCTACTGGTGCCCGCACTTAACCGTCCTATGCTGGAGCTCGTACGCCTCGCTACTTGGTCACAAGAGATGCATAACTATCAAGTTGAGTGCAGCACTCTGAGGCGCGGACGTCGGTAGGATACAACTCTCTTACGCTGCAATCTGATGGCTTTACCAACATAGGCTAGTCAGCAGGCGCAAACGTGGTGCCGCCCTGTCTTGTATGTAAACCGATTTACTATGTGGTCAACCCCCTACATGCCTTCATCAAGCCAATCGATTAGGAAGCCGCTTGCAATCCTCCTTTGTAAGAATAGAGTTGGCGCGGGGCAGAAAGTGGAGGATTGGAGGGATGATCAACTGGTGATCAAACAGTCGTACAGTCAGTCCACCTCGTGTCCTGTATGCTTCGGTTTCGTATGTATATCAAAGGCGTCGGATGCGAGCTGGCTCAGTTGTGGGTTATTAGTTACTATAGGATTTCAACCCTTTAGAAGAGAGTGCAGCTGCGCGTGGTAGGTCAGAAAAGGACTTCAATGGAGCGGGATGTTGTTCTCCCCTACAATTCCGGTCCCAGTTTCGACATCGCTTGACGCCCTAACATATAAGCCGATGTGGTGTGCCTGAAGTTCCGTATCAGGGCCGACAGGTCCTAGCTGAAAGTTGACTATTTGTTGTTCGAAAGCCACCTGTGACTATCGCAATTACTAGTTCCCACTACGGAGAACATTCTCCAACGTCGCCTGGCCAATATCATGGCCACGCTAATACCCGAGGTCCCCGTAGACCGTAAAGGATCCTAAGGGTTCAAGAGACCGAACCAGGTTCCTAGTTCGTAATTTGGATCCGGTCCCCGCGCCCGTTTCTGATTTTAGCTTGGTAATGTCACGGCACGAGACTATCTGAGCGTTATGAGATCATAAGTACTAGTCGAGGATCCATAGCTCCTTACAACCTCGCGGACGCTGAACCAGGCCCACCGGACAGTTGTTATCGATCGTGCCTAAGTCCTTACATGTGTTA,1717,49.8,Escherichia coli
SEQ_473673,CATGCTTGGCCTCAGAAAACGACCGAGGTACCAGGCATCGAGCGACTGGTGGCTAATTATACATGCACATAGTATGGACGGGCGTCTTAGTTAGTCAGGTTGAACCCTTCACCAGTGTTCGCGGAGGTACCCTAAGGAGTGCAGAAGTTTTGTCAATATCGGAGTTGATTCCGACCTCGTAGGATGCCGGTCGTTGACTAGACGCAGCAACTTCCATAGCATATTAGCCAAAAAGTGCCAGAGAGTGCCAGACGGAGTCAATAATTCTCTTCGGAGAGTCCTGAGGTACCTAACAACCCCGGTGGTTTCCTAAAATATCACTGCCTAAGCTATCGGTCAGACGAAAGAAATACGTTGAAAAAGATAGACTGGACTATAGCGGACGTACATAGCCTATATTAGGTTACGCATGGTATGGTCACCTAGCTGACTATAGTCGAACCTAACTACAGTATGCATGTCTTACAGTCCTGGGAAGAACGCCACCCGGGCAGAACATAGCCCTTAGGTTGGGTGCATAGATAACAATAGTCTATTCCTGAGCAGCACTACCGTTGTCATTCAATGATCAGGGACGATTTAGTGCTCATTAGTGCTACTTGGATCCTTAGTGGGTTACCGAGCATCGTACATGGTTTAGGTAAAATCAGACCATACCGAACATACATTCGATCCTCGCATCTTGCATAAATTTACCTTGCGTTCTCATGAGGATAACAGATACTAACGAACGTACGGGCTCAGGTTTCCAACAGCCAAGTTTGAAAGAGGATTCCGAAACCAAAGACTCGATGTGTCGCGCCGTATAGTGCTAAGTGTTATTAAACGTCGTTTATTCAAATCTTTGTCTACACGGAATGAATAACGACTAGCTCGTAAGTCGAGACCAGCGCTTCGGGTATAAGTGGCTTTAGATGGGTAAACCATGATTAAGGTTCCGATGAGAAACGCATGTCTTGATGCAGTTGAGGTTCGATACGCAGCATTGGCTCGGCTGACACGATGATCCTATTTGCCCTATTGTCCAAATGTTCGGCGTGGCCTTGCCATTTGACGGAGGGGGGAGCAACGATTCCCACATTTTAGTCTTTACCCCTGCTACTTGACCGAGTACCTGATCGGTCGTGGTAACAAACGCAACCAGATCAATTGCCCGCTGCACAAATCCCTGGCTATCATCTAGCGCCATCTGTATTCGGCAAGTTTGCAGCACGTCTACCGGTCAATAGTTCTTGCGCAATCAGCATTTCGAAGCATAGCGGCGTCTATTTATGCTAAGGACGGTGAGATGAAGAACAGATAGCACCGAGCGCTGTTCTTAATCCGCTTCCTCCTGCACTAACAACCCACTTGGTGGATAGCCCAACGACGGCATTGAGTAGTCCATCCGGGCAGTCCGGAAGGCCGTCCGGCAATCTCCGAGGGTACACCTGTCACAATATGTGGCAAAGCCAGTTTTGGTCATGCGAATGGTCCCGCGTGACGAATCTGCCAGTCGCGCGGTCATGTGGTTGAGTGCGTCGAAGTTCTTTGTTGCCGTGATTGCGCCAACGGTGTCGTACCTTTTGTGAGCCATGTTTGCATGCGAGACACAAGTTCACTTCAAGACTACCAGTAACCCCTCAATGTAATCACGGTGAGGGCTTGACGGGGCCTTCCCCTCAGTGGCCTGGCGACATCGGTCCCCGAGTAACCGGGCGCCAACCCACTTTCCCGTAATCCCGTCAAGGGCTTATCGTATCGCTCGGGGCATGAGGATTACCGCACAGGATTAT,1775,49.41,Arabidopsis thaliana
SEQ_716770,CGTTAGCGTCAGGGGACCCTCATCACAGTTAATGGGGCTACCCTTGGTAGGCGAGGGTCAAACCGTCGTAAAGCTGTCAGACCGGTACACACGCGCGGGAGCTAACCTCCCAGAATGTATCAGCCAATAGTTCGCGTAAGCGAGATTCAGCCCCGGAAACACCCGTGTGAATAGTTCGAGTAGATCAATCGGGCGCCTTCCGCAGCCGACGACACGAGGAGGTCAGGAGCCCAAATATTGTACAGGCGGACAGAGGCACAGCGTGTAGCTCCCACGCAAGACCGGATCTAGTAGTGTGGTTCGGACTTGCTGACCTACGGAATGAGGACAGCGCCCGGGGATTTGAACCCATATTCTGAATACGCCAAGGAAACTTCTGCATGTCAATCCGCGGGCTACCGCTTGCGCGTAAACGGTGTAAGAGTCGATGCCAGAAAGTCTACTACGGATACCAGGGACATAATTTTGTCCCTGATCCACATGTGAGCCTTGACTGACGATTCGTTAAATATAGTCGACACCCGTGTGCGGCGCTCTCCTAGTCCTCCTGGGTGATAGTCTAGCGAGATCAGGGATTCCGGCGCGTCGCATACTGAAGGTTGTGGATGACCCGCCATAGATAGTCCCATATGGGAATTGCTTATCAGTCCAGTCGCTCGATCACTACCACACAAGCAAATTGCCAAGTTAGTGATCGGTGCACTAAGTTCCCGAACCCGTGGCTGCGCTTACATCTCGGCGGTAATTTATCATCTAGAGTATTATACCGCTCACGCCACCTGTAGTCACGAGCGTTTTTCACAAATGTTAAAGAGATGGAGTATCGTAATTCTAGCCCTACCGTGATAGAACATCTGAACGGTCTCGTGCGCCTGGGAGGGTAAAGGTATTACTTTATGAGGCGTACCTCAAAGTTTGACGTCTGGGATGGAAACACAAAATCTGAGACAGGACTCGTTCGACCTTAATACCGTTACCCGCTCCATAGAGAGAGTTAAATGCGCCCTTATAGGCACCTCTGGGTCAGCCACGATCGCTGAATAGCACACTCCGATTTACCGGACTGCAGTCGGGACCTCTAGATCATCATCTGATCTCGAGGCTATAGAGAAGAGGTACTAGGGCTGAAATCCACATTATATTCCCTTATACGATATAACACGCCATAATGACCTGCAGACTGGGATGGGAGTGTCAGGATTTCCGCAAAACGTTGGAGGAGTGGCGAATAGGAACATTGAACAATTCAAAGCGTTATGGGAACACCTCAAAGGGAGTGTGCCTTTCTTTCGAAAGCCTTCGACCTAGAACGTGAGGTCACGCGGCGAGTTAAAATCGAGGGTGTGTAGTAGGAAGCCTACGTCCAGTCTGTGGGACGATGTTAACACTTTGGACTAGGTAGCTACCTCACAGTTGTAGATGCTGGGTAATTGCAGTGAGACGAGATGGAAACTAGAGATTACCCTCTTCGCGCGAAACGAGACGTTACCCCTTGGTTTAGCTAAAGGAGCTAGCAATTAGTACGTGTGTGGGGGCCCCTCAACCAGGATTAGCAGCTCCCGTGATGTACGAATAGCGGAGTAATCCATTCCCGTCCGACGCGCGGACTCGCATCTACTCCTGGTATGGCGGCCTGCTGTAGCGTCCGGCTACCCCCACCGTCACTCTTTTTTACGGCATTGGGAGTGCACTCTTTGAAGAGTGCATCCTGAAACTGGTTAAAATATATGAACGGTCACCTTAT,1744,50.97,Escherichia coli
SEQ_387863,AGTTCAGATCTCAACCACTCGAGTATAGGTCTGGATGGTCGCGCCAGCAGAGCCCATGTAGACTCGTCGTGGCAGTTTGAACCAGTGACCGCGATTTACACCGCAGAGTGGAGGGTTCTGAGTAGATGTTATTTTA,136,50.74,Saccharomyces cerevisiae
SEQ_979558,GACCCCTGGTCGGAAGCTCAGTCTGGCACTACAAACTGTATTCTCTTCCGACCCGGCATTCTGACGGACCTAGAGACAGACCCCCCCCATCTCTCAAGGAGAAATAGCTACGTCATAACCTCCTATTTCCCAGGAGCTCAGGGTGTCTCCAGAGGCCCTACTGACCAACCGGGGTAGCTGCTTATGGTAGTACCCAGACGGTGACAGTCTCACGCGACGATCATCTCTTCGCATGAGCGCCAGGTTACTTGAATTCTTAACTGGGGCCGAGCAAGACACTTCGAACGACTAGTGCGCTGTTTGGCGGCCTACTTTCCAAGATAGATCGCC,330,54.55,Drosophila melanogaster
SEQ_374971,CATCGTTGACCCTCTCTCCCAAGGGACCAAACTCTGACACGCTAGATGTGCAGTTCACCTAAGTTTCGAATGGGAACTACAACTCCATTGGAAATCTGCTCGAAGAGGAAATGACTCGAAAGAGAAGACCAGAGGCGACCCCGAACCGTGAACACAGACCCACTGAACACTTAGTATCCATCAAGAGGAACAGGTGCGGAGTCGAGATGGTCCAATTGGTCATAAGGCTTATCGTCGCGCTTCAAAACAAAATCCGTTTACAGGCTCTGTCTCGGTCAACATACGACCCGACGATGGAGAGCGGACTGGTTTCTCGAGGGCTGATCGCCACAACTTGTAAAATAGTTTGACCATTCTTAACTCGGTTCTGTTTATTGTCATTGGCAACTGAACCCCATTTTTTACAGAGGAAAGGATACCGCTCTTAAGCGATAATGCGGCCAAACCCGGGTCGCGGGGCATGCTCGTGAACTTCCGCGGTTAGGTCCAGGTGGCTGTTCCCGTCTTTCGATGCTCATCGCTTTAACGCCATAAGATACCGTCCATACCTGGCGTTCGCTCAACACGTTCAGGGACCAGCGGGCATCGGTTCGGGTAAGGGTTCGTGCATAATTCCACCTGAGGACCCTACTGTTCCACCATCCGACTATTTGCGGCAATGTGATGTTCCTAAGGGGGGAAGAAGAATCGTCATGGGAACATGACCCGGAACGAGAAGACGGGGCGCGTATGAGCCGTTCCTAAACGGCTGAGTCGAGATGGCGAGAGTGAACTTATCCCGTAGACACCGCCGCTTAAGTTATGAACCATGACAGATTGCCCGTGCCGAACGTTAAGTACTAAACTATCTGGCTTACGCAGCTCGCTAGCTCTTCGTGCTAGTAAATACCATACTTAGTAAGTTCAAAGGGAACTCTTCTCAGGCCGACACAATATGTATAGCTGCTCCTTCACCATGGTATCTTCTGACAAAGTGAACCTCTCAATGTACCCAAGTTACCATAGTCCTACGTCCGTGCCGTCCTATGATCGATTCACGCACCCGGGGCCGTCACACATCTTAAGGGGAAGAGTTACGGCTATTGGGGAGCAACGTGCCGCACTGAGGAAAGCCGCCCTCGTTGACTTGTCATGGACACAGTTTGGTTGATGCATTGGATTTGACTTAACAACAAAATTATCAATCGAGATAGAAAGTTCCGGTCGTGCTCGCAATTGTGCTTAAAGAGAGGTCATCCATAGTTACGCGGGTGGCTTAAACAGTCGGGGTGACAATTTATTCAGTAATGGCCTCTCGTACACCTTTTCAGCCCCGTTTCGAAACGCAACGCGCTAGAGATTATATGCATGGGCTGGGCTTAAGTATGCATGACCATGGATTTAGGTTGCACATCACGGGGGTTAACCGTATCACCGC,1417,49.96,Arabidopsis thaliana
SEQ_533420,CTGGTCTGTTGGGATGTACTGCATAAATTCGACGCCATTCACTACGGCCTGCGGGGAACGGGTTCCTATCTTTAGGTTATACAATGTAAATCGTACTATCCCAGGTATTGAAATTGCACAATAGCCAACTCTTATTAGCTATCTCGTCGGCCTTATTCTTGATGGAGACTGCAGAGAAGGCCAACTGTCCACCTACGAAACCCAAAAATTGAACAAGGACTTGTCTTGCGGCGTATACAAGACGAGATTGTATACCAGTATCCGACCTCTTGCGCTCTTGGGTTCCCCTGACTGCTCGGAGGGGTTATTGTAGCTACGCGTCTTGCAAGAACTCGTTCTGAAACATAGAATGCTGGACCTGAAGGGTGTCGGTGAAGGGGGGCCAATTGTATTGCGTCAACTGAACCCTTTGATTCAACGGCATAAAATTTGCCCTGCCGCTTAATGCAGTGCAATTATGTCTAACGTATGCCGCATCTACCTTTCACAGTGTTGATGTGAGATGTCCGTCAGCATCGATGGACTACGCTTACGATCCTGATGCGGTTCTCAAGGATGCATAAAGCGACCGGCCTAGCCGTCCCATGCGAAACCTAAGAAATAGACCTATCGGTGAGATGCCTGGAAGATATCCCATATACCTACCGTTCTTTACATTGAGACTACGATCAAGATATCATCGGACTCGAGTGGCCATTAGGAAAAGGACGGAGAATGAGCAATAGTATTATATAAAACGTACGATGGCTTCCATGGCGCTCGATAAGCCACACTTCGTCTCACCATATGTCAAGTTTAGACTCATCTTGACCTTGTGAGTTTTCTAGATTTCATGCGTCTCAAGCAGAAATACCCAATACTACTACTACCAGATATTCACGATTTGAAACACCCAGAGTATGAAAATAAATGTCAAGCCACCTCATGATCACATATCTAAGATTTCCACTGGGGTTTGCATCAGACACTTATTTATAGTACCTTAGGGAAAACGTGCATCTTTGATGTAGGTAGCCTTCGTCTTGAATTGACCTGTGTGTGGCGTACCAAATTCAGTCTGTCTGTAGTTCACGGATGCACACGATGTAATAATGTATCTATACAACGCTCATATTGCACGCTCGAAGCCGGAGCGGATTGACAGAATCCTTTTTTGGCGATTTAATTGTTGGGAAAGTCAATAGCATATAGA,1192,44.63,Drosophila melanogaster
SEQ_807915,AAAACACATAGACGGTTTCGGGTGAGGCATAGTTCGAGGAACACACCTTCACGGCACGAAGGCAATAGTCTACATCGGAGTTCCGGTGTCTGTTACGAGGTTAAACTGTACATATGATTTCCGTAAACATGCGCGATGCTAAGGTTCGTAACTAGTAAGGAGCAAAGTCATAGTTAGGGGCATGGATACGCGTAGGGCTTGGGTTGCGCTGTCTGTGACGTAGTAAAGCAGACAATGAAGGTCCCATACTCGCCGGGCTTCGGCAATTAGCGTGGGAATAGATGTAGGTGCTGATAGTCACAGAAAGAAGTGCTAGCAGAATCCGCCCAGGCTAGGTACATAGAATTCACCTACCGAATATCCTTACTAGGTCCGCTAGAGGGGTTCCTTAGCAAACTCCGTAAATCGGCCTTTATCTGTATCAATCATTAGCGGCCTGTCTAAAAGCTTCGAGCTCGGAGGCAGCAGAGGCAAATGACAATACCGTAAGTGAAGGTACGCGTAGCAGAGGTGTGGCTGCATTTACAAATCGCAATCATCCTCCTTATGAGATTGGAGTAGAACTTACCCGCGCTACTTGGACCTCCAGGTCGATCAGGCAACCAAGGCGTCTATCGAGAATAGTCTCCGCCCATTAAGGTCGAGTGCTAAAGTGCTTTGTTTATGTACCTAACGGCGATCCCGGGACGGGTGTGGGTGAGTTCGGATAATGACTTCTGGACGAGTAACTAAGATACCCGGGATATCCATTCTAAGTAAGTTTACATGGGAAGTACAGGTAGCGATTTCATCGAGCTGTTACAGCACGCCGTAGCTGACCATCCACGTTGCGTTTCGGGTGTCGATAGAATCGTCGGGTTTGACAGGACGTTTAGGGTAGCTCGGGCCACGTTACCACCCTGAAGATATTGATAAGGTTGCTATCGCGAAACTATTATGCCCGTTCGTATGACCGAGCAGTTTAGCCAAGTGATTACCTATAGTAAGGTCCTACCAGCTCCGTACGGCTGCCATCCGCGTCACGAGTTGTCTGTTCACATATCCGTAATGGGAATAGTGCCTAGAATGTCCGCGTGGGATCTCATAAAGTCACAGAGGGGTGTATGCTTATTGGCAGTAGGATTTTATAATTATTTAGTTGAGAGAATATGTGGATAAAGGGGCCCGGTGCTGCCGATCAATCGGGTACCTTACGTCAACTGAACCGTAATGCGGACATTCTATGGAATGACCCGCGTGTGAATGCGGGCAAAAGCAGGAGACTTTCACCTGGCCTCCTCCTCGTTTGGTAAACACAAAAATGGGGATTGGTACTCAGCGACTGTTAATGCCCTGGTTAAGTACTAACCAGAGAGAGATGCTGCGTGGAAATAAGTATGGTCCGCCCTAACCTCAAGTTCTGTTTTCAAGCCTCCAGGGAACGGTTGTGCCCCGCTCGGCAGGCAGGCTGACTGTCATCGTCCATTTCACTGATAATGTGTAAATACTAGCCGAAGCTCACGTTTTTGGATCCAGCCTAGGACCCCTAATCGACACTAGAGAGTAGGTCGTGTCTGCCCGGTGAGCGCGTCGTGTTCTGGTTATGGCCTTGGGGCGGTGGCCTCGATGCAAATATGACTTAACCTCACTAGGTGGGGGCGCTTTGTAGTCAGCGGCCAAATGGGAATCTGCATTTAGCACAGGCCTTAATATTCAAACAGCTGCCCAAAAAGCTCCAAGACGTGTTTGGTGTCGCTTGGACAGCAAGGGTAATTGCATGGAGTAATCCAAGTTGCCGCCCACTATCCACACAACCGCATAAGTCCCCTCCCTGTGTGGTAGACGAC,1826,49.62,Arabidopsis thaliana
SEQ_209248,CGGATTCCAACGGATGGTGAAGAAACGTTATGACTATGTCCGTGGCACTGACAGATAACCAGGTTCCAAAGCTGAGACAAGAAGCGGCGCGTCCGCATGGATTCCCCGCCGGATTATGTTCCAGGATATAAGCACTCTCAACCGAGCATATAACAACTTAGTTCGGAGTTAGATTAAAAAATATGGAACTCAAACTGATGCGACCCTCTAGGGAGGTCTTATTGGCTGTACACGGCCTTCTGTTGCTCATTTGCGATAACCACTGGACGCGCCGGGCTTGGCCGCCCGCTTTGCTCCGCCGAGGGTGACGCAAGGTGTCTCAGATGATTTGAATTAGGAATTTCAGTCCTGAGATGGGCCTGTCACCCGCGATCCTTGGTCATCGGCTATAGACCTCGTGCCCTTACTTAACGCGTTGGTATTAACCCTGGACGTTTCTAGACGGTAAACGGTACGCCGTAGACAAAGCTACGTGCATACGCTTGGAGCGGGGGTTCTACTCCCTTTTGTGTAAGAATGCTAAGGTACAGAGAGCCATCCACTTAAAAGAGAAGCGTCCGCCCAGAAAATGTTTTTCTGTATCTAAACTTCGCGTGCACGCGGCAACAGATACAACAGAACCCTTCGTATTCGTTGGGTCAACCGGCTCGCCCGTCTAAAGAAGACGCTCGATACTACTCTC,682,50.59,Escherichia coli
SEQ_705378,AACACTCAAACTGTTTAAAGGATAGTCCTTTCCTGTCAGGGAATAACTTCAACTAGCGTCGTAGTCTCTGGGGAAATGAACTTTCGGTCATTAGTTCAAGGCGTGATGTCCAGGTCGACGATGTTCGATAGAGTAGTTCCAGGGAGAATACTAGTCGATACGCAACGTGGAGTCTCTACTTTGTGTCAGCTCTGGACACGATCTCACATCTGTCGATATTGGGGTCGCGTAGTCGATCGGCACGGGGTACACTTCGAGCAAAAAGTGATCTCGGGATACATCATATCAGAAGAATGAAAAGTGCAAGCGAGTCGAATCCGGCCTGCGGACAGCACCAGTCCTGCTCCTTGAGGCATGTGGCTATCAATTCCATGCTAGGCATCGCTCGAGAACAGATGAAAGGGACCTAACCATGGCTGGGGAGAACAACACCTACGCACGCTATGGACGCGCGATGTGACAGTAAAAAGGCGACCTACGTCTCCTAGGGTCATCCAGCACATAACCAATGAATACCGACGATAGTCTCATAACATTAAAGTCTACGTGTGATTGGATATGCGATGCATGTAGTCGGTTACCACAGCGAGGGAATCTTACATTGATTTAGACTGATAAAAAGTTGCGAAAGATTACGAAGCGAGCTCGCGGCGCCTGTCCATACTGCGGTGTGGGGTGTTGTACAAAGTTCAGGCACGAGGATAAGGCACACGTAATTCATATGCCTTAGAAGTGCCATTGTGCTACATAGACTAGGAGGTATAGCGACATCTTATACACTTGAGGGTAGTACACAGTTTACAATCTCCATACGTTGCCGCTCACATTAGGTTGTCCCCGATGTAGAACAGGTGCAATGCCTTTAGTTCCATCGGCACAAGTGATCAGATTAGCGTTTCGCGAGTCTGACTACGAGTATCGACAGGACGGGCGAGTGAAACCCTAGTTTTATCTAGAGTCCGCTTATGCCTCCAACGCATCCAGAAGAGATTAAGCTAAAAATGAGGAGCCAACGAACCGGACACCGTGGGGGAAACCCAGGGCCTAGAGAGCCACGCTGACGAATGGGCTAGCCATGCTTGCTAGTGTCAGTTAATTCGACGACTCGGAATCTCTCTGGGGACATTGATTTTTCTATTTGGAAGGGTGGTCCGCCGGGTAAAAGTGGCTCCACCGCCTCCTCATGGCGCGTAGATTTTTCGGATGAGCTAGGTGTATTGACCCAGGGACAGTCCTCTGCAGGGAAAGGGATTAAAGGACACGGCCACACGCGTGGGTTTACGGGTTTGTGTGAAATTA,1299,49.19,Mus musculus
SEQ_599136,TCCCGGTTGGCTCTTCACCTTGGCGGAGCTAATATAATGGATCCCTAAAGAGGTTCGGATGCAGCACCTCGTAAATCGAAGGCTCAAGCCACCGTTAGCGACCAGCGAGAAAATCCGTGTGCTGGCACAGCGAAAGAATGATCCCTTACCTAGTCTGGATGTTCTGTTGCACAACGCTAGTAGGGTAGACGTTACCTACTAACAAACGGTGGAGCCAGCGTAAGCTTGCGCTTACAGTCTTGAGCTGACGCATATGAGCTTGTGACACTGCACGGCCGATAGTGGAGGACGGGCGGTTAATCGGGCTGCTAGATGGGGCGAGCTGTCCAGGCAAACCATTATCCACGCCCCACCGTGCGGCCGTGGGGCCTCAAAGTAGGGGGAACGAGTCCTTCGGGAATCCAAAGCTTTCCGCCAACGATAAGTGGGACTCACACAACGGGTACATCCCCGTACAGCACCCTCGGGCTTCGCAAACAATTGTGTCAACACAATCCACGTATTTACAGTTCCCACCAGTCCGCCACACCAACTGCTCCGAGCCGTGTATTTGAATGGGATTGGACGTGGAATAATATAAAA,582,53.44,Drosophila melanogaster
SEQ_166826,GCGAGCGGCGATCGCGACCGAAATCGAATTGCAAGAATGCTTTAGTCTCCCCTGTATGCGCCGTTTCTCTGGCAGATTAAAACGCCACGACCATAAAACTTCTGTTAGCATCTCGTGACTTGCACTGTAATAACAATCTGGGGCGATTTAAGGGACAGGGTTGACCTCAGGGGTCCCTTTGCTTAAGATCAGCTAAAGATGAAATCTACCGCGCTACCGGAAGCCCCTATTAAGCCCGGAGTGCTTTTTGAACCGCCCTGACTAATGAATCCATTTCGCACGATGTCTCTATGACGCTCGTATTCACCCAGGACAGTTGTCTCATTTTCTATTTATATGAATGACGGGAT,350,47.71,Homo sapiens
SEQ_713197,TTGGCATCGCCTGTCCCGGCACTCCACGGGGCTCATAATCGCCTACAGGTGAGGTCCCGAAAAAAGTAGTTTGTATGAGAATGAGGCGAGCGTCTCTACTTTAGTTCTTAGAGCTGACAACCCGACGACTTACGACAAACGTGCGCCCCTCCGATTCGTTAAGCCAGCCGAATCCGATTGAAAGCGGCCGCTAATAAACAACAATGACACCACAATGTACGCACTTGGCACACTGGTAGAGTTCAAGTTTATCAAATCTTGACGAATTTGGCCTTAACATGCTATGTCAACATAATAGATGAATGAGAATCGGGCCTTATATAACCAGGTTGGAGCAAACGCCAAACCGAATTCGCCCGCATGCTGGGAGTTTCAAGGTTACGCAGATAAGTAATGTTCAACATGTCCTCCGCCCCGTCCCAACGGTTTCATTGTCGACTTGTTGTTGTGTCCCATATTGTCTCTCATCCCCCGAAAGGAGTTCAAAGCGAGTATTCACTTGATGAGCCAACTAAACCGGGTCCAGTGTAGCGCTTGTTAGTTGCCATGTCTCTCGGAAACACGATTTGGTTACGACAGGTATGTGCAGCTAGACACGGTCCGATTTGTTGTTAAGTGCGGCAGGGGTCGATCTAAGGCTCGGTGGTCTCAGGCTGGGTCGTGGAGATACCGTGACGGAGATTTAGCCGGGTTATCGGTCCCAACTTAATGCCATCTTGGAAGAGAATAGACCGAGGGTTGTACACAATTATGCGCCAGCATTGGTTCGTATGCGGTCGTGGCACGTCCCTAGCGTGTTAAAACTCTCTGTGAAGGGTTCCGCGTCTAACGGGACCTTAGAGTTGGGCAAACCGCACAGACGTGTTCTACTAGCGGTATCAGTACTAGCCCCACCTTGCACCGAGCCCTTGCATAGACTACAACGGGCTTCTTTACTGTTAGTTACGCAGGAGTAGTTGCAGCCACACGGTTGCCCGCACTGGGATTTATGCTATCCACAACAAGCCATGTCGTCCTGTCACGACGATTCAAAAGTACCAGAGCTTATGAAGCTACGCAGCTTATATAGATTTTGAACGGAAGTGTGCACGGATTAAGACGAGGTATGAGCTCTACATCACTAACAGCTCGGTCTCTGTGCCTGAAATAACTAACTGGAATCCTGTCAAATCGTGGATAGTAACTGCACCGCGGCGCTATATACAAATTCCCTAAGAGAGAGCGGGATGACGGACCGTAGCAAGTGTGAACGTGTGAAATGATTGGTCTGGCCATTTCCTTCTGTGTCCATAGACGTTGGTCCGTAAGATACTACAAACGGCTTCACGAGAATTGATGCACCGTTCTCTCACACGGGCCTAAGGTGTTAACCCAACCACGGTTATGCCTGGAAAAGAATACTTGATTCGGGCCAATGCTACTTGCGTTTGTCTAAACCACCATCAGAGTCTCTAAGCGGTTTCATCGTTGTTCTACAGATACGATAAGTCTATTTCTACTCCCCTTACATTACGAAGGTATCGGAAAGAAGAACATAAGTTCTACGCTAGTGACTTCAGTCGATTGCAACATCTTCCGTTTATGGTAAGACTGCAATATGGGCCACCAGTCTTGTTCGAGTCGTTCGCTAGCGGACGTAGCTATTTCGAGTCGCTAGACAACGCCGTACGGGGCGCAATATGCCGCAAACATCTTCCTACTAGATATAACTTTTTAGATTTTTTGGTTGAGCTTATGCCCCGAAGATAGTAGAATATCCGAGTATGCGGACACTACGGACTTCGTAATCGAGGGTCTGGACACGGTTTAAGGTAATAGTTTGCCCCATCTGGGTCAGG,1838,48.31,Homo sapiens
SEQ_747613,CACGTTTGAAAATAAAAACTCGATAGAGGGTCTCCCCGCTTTGTGAAATCACCTAATACCAGGCGCGGTGACGTCACCCTAGATACCACAACACGGTCAGAAAGCCACTCCTCGTCTAGTCCGCCGCCTTACTATATCCACAAACCCTTTCTTGTCCTCGGACGTTGATACTGTGTATGTCTATCTCTCGTTCTTCCGTATCCCTCGGGAGATCTAACCAAACATCCACACGTTTCGCCAAATGCAAGTAGGCAGGCGCTAGAGTAGGGCGGAGCCATCCCCGGCAACATCTCCATAGTAGTATCTCATCCGAGGCAGCAGAGGCCCAGATGGGGCGCTCAGACCAAGGCAGTTGCCGTATGCGAATAAAGTGCGCAACTCGTATTTATTAACCCTTGTCACGTCCCCCACCGGGACCTTCGATCCATCTCTTCAAAACCCCTCTAACGATGGGAGTAGATCGGGCCTGGAAAATTGGTTTACCAGACGCGAGTGGTTGCGTGGGCATGCCCACGGCTGTGAGACCGGCGCTCAAAGCGAGTCTGTAGGGCGTGAGTATCGATTTG,566,53.0,Saccharomyces cerevisiae
SEQ_955237,TTCTGCTCAGCATTAGGTGTTACTACCTCGTTAAACGCGACAAAGAAGTCTGGGGTGGAATTTAGCATAAGGTGTGTATCCTCTGTGCAATGTTTCCTATTGCTATGAAAGCCGATACTGAACTGGAGTAGCGACATCGTGACTGACGTCCAGGGTACCAAATCCAGGGGCTTAGTAAGATAATATGTACACGTGCATGATGGTACATGAATCCCGTGGAAGACGTAATTGAGCGGGCACCTTAGGATCTGTCCCCATGACGTTATGCTTTCTTTGCATCTGGCACGCTAGGTTAACTAGTTGGCTGACCCACCGCCTTTTGTCGCCCTGTAGATCGTGGCGAAGGAAAATAAATGCGGCATAAACGGTACGGGACAATGGTCTACTCTCGTTCGATCATGCTAGGGGCGGGCAAGTTGAATTTGAATTGTTCCACGCCTAAGTCGCTGAGGAGAAAGGTATTACTCGCTTGCGCAGGATTATCAATGCCAGCGAACGAGGAGCCGCGGTCCAGAAGCGTGCCATTCACCTACGCCCTAACTCGGCCATAACATGCTACTAGCTCAAAGGGTCCCATGGCACCTACGATCTTGATCGGAGGTGATACGGGCGTACAAGAACTACCATGAGTAATCGCGTGATTGCCTGTGTTCTCGTACTCTTGGCAAGTGTAAAGTTGAGGAACTCTCACCCGTTAGACACCTTCGATTCCCCTTCTGATGAACCGGAGGTTCGATGCACAAGCAGATCTGGTTAAGGCGGTGTGTGGCCAAATGGCCGTAGCCGCCGGGAATCACTTAGAGCATTGCAGGTCTAGATAAATGCCAAGTGACCGGGGCTTCGTCTTGAATTAATAGGCTCGTTGGGTGGTACATTTTGGCGAGTGTGGATCTTTAAGTACCGGCACTCGACCAAATTCTTCGCTGACCTCCGGTCTACATCGCACGTACACGTGTAAGGGGTGACTCTAGGTAGAGCTTGAAGGCTATTTCTGGTGGACAGGCACTCATCGCGCACAAGGTTATTCCTTCGACAGAGCTATACCCCCATGTTCACGACATTAGTCCGTGTTAAAGTGACTCATTAGGTGGGCTCAAAACGCGCTACCATCGTTTCGCAGCATCTGTGCACTTGTCAGCCGGTAAGCCGGATGCAGGTTTGCACCATTTCGCGGAGGGTATGGCGACCAATACCATAACTTGGAGAGTAGTAGGACGTCAACCGGCACATTAGGGCGGAACGTGCGCTAAGAGCCTAATGGGCACGTTGCCTCAGAATTCGCCGCGGGACCAATATGGCCGGGACCCCTAGGCAAAGCGTCCCCGTATGTGCATGACGATGCACGCTACCTGCGAGGTGCGTTGCGACGACGTCACGTCCCTGACGCAATGGTTCGCCTGAAAGGAATTGTAATGCCCAGGCATGACAGGTGATGGCGTTACACTAAGCGCCGAGAAGGGTAAGAACCCTTGAGGCGATCCGGTGCCGGTCGCCTAGCTAATGAGGCCGGATGATTGTTGTTTGAGAAGCCGTCCATAAGTCTTAAGAAGAGCGGTCAAATAGTCCCTTCTGCAATAGTTCAAAGTCACATTGGCCGCTTAGATACTTACCTACCCGCCCTTATCCGCTGTGAATGGGGTCCTTCGCGCATCTGTCCTCGGCAACTTGCTTCAAGGATGCTAACCAACA,1689,51.63,Escherichia coli
SEQ_320486,TTGTCAATTCACCGGTACCGAATAAATCACTGGTGGGATCTTCTATGCTATCGAGCTCGTGTCGCAGAACGTTTATGTTCCGAGCTCTTCCGTCTAACGTTTCAAGGGCAATAAGCCGTAGTGAAAAAACGTAGTGCCGCTCATTAATTGAATTGGCTCACAGAGATCCTGAACCGTTTCATGCTCTAACGGCTCTTCGGCCCCTAGCGCGAGTCTAGGTTACTTACAGATCGACTCGAAATCTGCCTCACAAACCTGATAGTTCGAACGTAGCGGATTCAGGACTACGGCAGGTGCGTTGACTACTCGGGACATTGCTGTCAGTCGTGCACGAGGCGACAGCACATCTAAGCTACCCTACAGGTCAGCTAGACCCGATGGCGAACAGACTCCACAAGGTTAGTCAGCCGATTGGTATTGCGGCCGTCGCTATTCGGGCGACCGACCCTTTTATGAGTATCCCGATTTAAAAGAAGCCGTGCTGAGAGAACAGATCGACAGTATTCCGCTCATGTCCGAACCGGCGCTCGTGTCTGAACGGGTGTAAGTTTATCCCGCGCCAGATAGTTCCCGGGGTCAGCCGCCGCACAGATCTCAGCCTCTTGTTAGTGCTGGAGCAGGGGCGATTTGAGCTACCAGGTCCAGCCCTCTTCGACGTCCCGCAGTGGAATAGGCACCCAACCCACCCAGTTCAGTCCGTAGGGGTACGAGATCTACCGCGAATCCTGAATGGAGCTAAAGGATTCCCGGCCCGATCCTCGTTATGCGCTGCCATGTAGTAATCGATGTGATGCAGAAACACGAGCACCAGCCGGGTACCGGAAGTCGAATTGACGACCGGCATCCTTCACCCCATTGGCCATTCGAAGCTGTGTGTTCTTAACGTAATCCGACTCAAACCAAATCGTGAACCCACAACCTAGGTTGGATAGTCGTTGCCCTCGTTTAAGGTGGTCCTGTTTGAAGTAAAAACTGTACCATCGAGTCCATGTGTCCCTCCTCGAAAACTTGCTCAGTCGCTTAGCATAAATCCTGTCCGGTATATCGACCCCTTCGTTCGATTTCCTAAAGCATTCGGAAAGGCGACGACTGCTTGCATGGGACCAATAAGGCTACCGCTCGCCTTCAACCACAA,1135,52.25,Escherichia coli
SEQ_300416,ATGCTAGGAGCTTACTGGTCGACTGAGTGCCGCCGCCTTCAGGTCGTGGGGAAAGGTATCGGGCGACCAGGGAGCTGTAGCAGGGTTTCCGCGCATTGTTTCGCTTGAGTACAAAAAGTTAGTACTGAGAGAACGATCATCACCATAACAGTTCTTACCCTTTCCGGAACACTCTAAGTTAACCCGACTCCGACCACCACAGGCCCCCCCGATTCGAGAGGAGGATGTCTTTAGTCCCCGTGAATGGGTTAAGAGTACGGACCTGAGCCCATGAATTTTCCAACATTATTAGAAACCAAGGCTGGCCTCTACCGGGAACTGACACTCGTAGTTTAGGTGAGCGTCGATGGATGTAATTCCACTTCGGCAGACGCCATCACCAAGAATCCAAGTAAGCACCGCAAACACAGCTTGCAACTGGTTTTATAAGGATCCCTGCTCAGAATTAATTGGAGAACCCGCTTGCCGTGAGACAGCTGCCATGCTATGCTTTATTCCGAATCTTCTTGGCATAGCTTATGTGGTCGCAGATACGTCGGCACGCTCTGAAATCCAGTGAGGTTGCAGTAGAGTGCCTTACACATTAAACTACTAAATTATGCGTAATCCGCTAGCGCCCCCGATCCATACGTACTATCCGAACCCTTCTTCCCGTAATGCCGGCGGTTAATGGACGCGGAACGCCGACCATATCCACTTGAAATTCGCCCGCTGAGCTGTGAGCTTCTGGGCACCATTACCTCCGGTCAGTATTATGCAGACTTCGGAAGGGATAGTTTTACTGCTTCTCTCTGCTGAGAGATAGGCTTATGTGGCACAATCCCTGCCCCATAGACAACGCAGCAACCTTGCCTCATACTCTATCGGGGGATCGGAATTCAGCCCTCCTATAGGGAATGCATTTTAGGGCGTAGGCCAAAAACTAGATGATCCACCAGCACCAGTAGCTCCCTATCGCAGTCCCCACTAGGACCACACCTCTCGTA,986,51.01,Mus musculus
SEQ_681336,AACCGTTATGATTGCGGCAGTACCGATGTCATTTATCTGTATCAGGGGAGTCTCCCTGTGGCCCTGGCTTGTGAGTTTTACGTGACACCGAGTTTGACACAAGATAGTAAATGGGTTACTTGGGAGTCACGATTTCTCTAGGTCATCCTGCGGGCCTGTGGACAACATACACTACCAGGGCTTTGGAGTTTTGACAAAGATATTACCCCAGCCACGGTAATTTCCCCATACATTCTCGCTGAGGAAGACGTTAGCCAAACCGTCTTCGCGCGAACCCTCGTTTGTGAATGGTGTTTGACACCAGTTAGCGCATTGGTGATTAACAGGTTTCCCATCCTCAGAAGCTGAATTGCGGGTTCGACAAAAGGGACAGGATTCTCCCATACGATTTCTTCTTTGCTATCCGATTTGCGCCTGTTGTCTTATGCAGGACGCTGAGAAGCTGCGAAGTGTATTAACTTATCTTAGAAGAACTTCTGTTGTAGTAATGCCCAACGGATTACCACGGGTTTTACACACTTCAAGGACTTTCCCCTAGACGATCTTCCTTAGTTCGGCTTGGTATCAGAGCGTACTGAGATTGTGGTGGGGTGTCTCGCTTGCGCACCGTCACCATATGTGGACGATTCTGAAGATCTGTTCGACGTCGATTCAACGTTGACTGGTACCTATTAAATAGAATTGCGGAAGCTGAGACCGCGTAGTCAGCACATCGTGGTTCTAGAGTTACCAGTTCGTCCTCGTCCCAATTGTAGGGAGACTCAAGTTTAGAAGGAGAGTTCAGAGAAAACTACCATTGACCTAAACACTACATTGGACGAATTTATATAGAATATTCTTACACGCAAAGCCACTTGGGAAAATGCTCTGTCAAAGTCCGGTACAGTCTGCGGTTCGGGATCCGGGACACCCGGCCCTGCGGCGGCTGGATTCCGATGGTCTGCGTAGGAAATGTGGGCAAAGAATGAACAGTATTGGAAAGCCTTACGGTCTAGAATACCGCATCATTTTAATTTCCGGGGCCGCCCCTCCTCCCGGCAGCAGCAGTAGGACCCCCTACTACTAGGTCATTTCGTCTGCCCTAGCTACGAGAAACAGGGTATAGAGCCCTTTGAGTATTATAGAACACTTTGAAGATGGCCGGTCAGCCGATCACTTCTGATGTGCAGACCCTTCAGTAATCATGTCCTTGGTCGGAGGTACCACTAACAGGTCAAGGCTAATGGGCGGCACCTGTCGCCAATCAAGATCCCAGCAAGAGCTTGGCATTGGCCTTGAGATTATATAATAGGATAAGCCCGGCAGATGAAGGTGATCGAAAAGTATAATGATTTCACCAACTGCTTGGCGTGCCTAGCCTAAAGCCGCAGAGTAAACCCGGATCTAAGTGCCGAAGAAGAGGGCGTAATAACGGCAGCTTGCTTAGATCCTCCGACCCAGGTGCCGTAAGAGGTTTTAGATGACTCGCGCAAAAGCCTTGTCAGAGATGGTACCGGACCCACCGGTTTCAGTCTGTGTTCATGACGTCCGGAAGTGGCTCTGCCTCCCATCCGTTAGGATAGACCTGGTGATCACCTTTTTTTGAGATTGGTTAGGGATTCGAATACGTCGAAACCGATAGATATGCTAGTAGATCGATTTTTCATCG,1648,48.67,Escherichia coli
SEQ_486748,GCTCAGTAGACTGGTCGCGGCAGTCTATCCTTGTACGGCTTCACCTACGGCCCATACAAAAATGCGGACTATTGGGTCGGGCGTCGCACAAGGGCGGTACATGTTCGTATACGAACAATAGACGATACCGGCTGACGTCTGCCTACGCAAGATCATATGGAGAGCGGTCCCCAACTAGTATATTCTAGATAAGCGATGGAGGAGGTAACTACCTTATAAGCTACTGC,227,51.1,Escherichia coli
SEQ_924639,TGCACCACCAGTCATGACCCTTCTATTGTTGCCCACTTTGAGAGAAGCGATACCGGGGGTATTGTAATGTCACATTGGATGTTGGAACTCACCTCCTGAGAACATGATTTAATGTATCATTCTTTCAGACATAACGAAGTGGGCTAAAGCTTTCACTGTGCGTACGGCTATAGTCGCGTCTAGTTCTTGCGTCCTGGGATTCCTCGCACGCTTTGGAAATCACCTTCCGAGGCCAATGCAATCAGATATCGCACGCCAGTTCCTACAATGCTAAATTACGTTTCATGTGACACCGGGTGTGTACCTACTACATACGGCACTGCCTAATTTAGCCAGTGCGTAGGAGGATGGTAAGATTTGCTCCCGGTTAGGGTCGTCTTCTGACCGTGCATCCTAGCGCGACCTTGGGTCCCGCAACGACTATGTTTCTCGTTAAATCGGTCGCAACTCCAAATGGCGTAAGACCTTATGAACAATACGGGTGAAGTGCTCACGTGGAACGTCATCTCACTTGAGGGCATTCTTACTGTCAGTAGGTTCTAGTACAACAGATTGGTACATTAGCCAGAGCATGCGAGACATCAGTTGCTTGAGAGACAATTGTCTACAGGTAATTACAGCGTGTTCTCAGGGTCCGAGCACAAACGAAATTAACTGGATTGACAGCCAACCTTGTTAACTCCACGCTTCTCGCTTTGGGGGGATGAGGAGCGGAGCTATGGCCGTGAATCTCTGTGTGGGTTCAAATCCATTTGCAATCAGGATCCGACCATTATATCTTAAGGCGGCCTAGTGCGTGTGGCCATCTTCATCAGGGAATGCCTGACGGACCACAAGGTCGATACCATATCTAAAATAGTCCCACCAGCTCTGGTATCGAGCGTCCTACAACATGGGAGTAATGCGGCTGAGACCGCGTATTATTTCGTACAAGGCGTAGACGGTTAGAATCCCGTCCACACCCAGCGAACCAGATAGCGAGGCAATCGGACTATCACGGCAGATTCCAGTCTCCTGTGTTCTCGATGCTCTCACCTGCTAAGAAAGGCGAGGTTCAA,1058,49.15,Homo sapiens
SEQ_123048,TGTTGGGCGACGGAGCTCGGTGCTGGCCGGTTCGCTCTCGCACACTAACTTCCACAGAATAAGCAATGAAGGCGTAGAGCGTGACCGCCGTACCAGCTCGCTCTCCATCGGTATCCTGGATGGTCTGCAAATTCTTGCGGTTTCAATCTGGTCAGACCATGAGTCCGGATCGTATTCCCACCCGTGCTGGGGTGGTAGAGCAGTATTGTATTACATACTACCTGTTCGCAATATTAGGGCAGAGGGGCGCGCCCCGGTGGCATATACCCACGATTTGCAACTTCGAGTGACCCGGATCAGCATTAATAGGATACGCCTCTGAGCCGTGCCAACTAGGAGTCAGGGTTGGGTACAACGTACCATCTATAACGTGTCAATGCTGTCGAGTGGAGAAACCCCGGACGAAGATACGAGGTGGGACAAAGTGAGCATTAGTAGTTAGTACAAGTCGATTGACTGCATGGGTCACAATCCGGTCACATGTGTAAGAGACGGGCCTTTAAAGATGTGAGAGAGGTATAGATGCGCAACATGGCTCATGTCACCACTGGTTGTACAGGACTTGACGATGACGGAACCCGGAGGTTGCCCCCGTTCAGTGAACTATGGTACCGCCGCAGGAATCCTTACAAGTCTCTTTTGGCTAATGCAGCATGATCCTGGGGGGCAAGTGAGCCCAGGATTTGTGTCTCTACGCTACGTAGACGACTGTTGCGTGCTGATAGTAAGGAGCCACTGTGCTACTTTCGGCAGAATGAGGCGCGGAGATAACTGCGTCTCAGAACTGCCGGTACGCTCCTGTTCTAAAGATCCTACAGAACTCCCCCATGGGCCGCAGACCCTTGAGCGCAACTCTGGAGATGGCGTACGTGATTTGCCCCACGGAGTCCAAGAGTGTGTTCAATAGTTGCCAGTTTAAAAGGCTTCCAAGTCGGTCCGTTTTTTGCTCCCACTCTGCCTATGGCATGACTGGATTTCCGCTTACTGTTCTAACCCCGCGTCAAGAAATCATTTCGGATTTGCCCGTAATAGGAGCGAATATAAGCCCTAATAATACTTTTTCCGCAGTACAACTAACGGAATGAAGCCTCCTGACACTCGTTTCCACCAGGTCCCTATGGCATTAGACACAGAGCTTGATCTCTCGGGCAATATTCATTTTATAAGCCCAGCAGCAATTATCAGCGGAACGTAACGAATGGCGTATCTTGATTCCATTGTTTGACACCTCCCAAGTACCGACGACCGCAACTCCAACTACCGGTGGCTCATACGACCAATCCCTTGAGCGTATGAGGATACCCGGAACAGAAATTACTCACCATGTCGACTTCCGTTGATACGATTAGGGCGTTAAGCACCAGCCGGGCCCCGCGCAAGCCCGGGGAGTGTCCTGTGCGATTTGATCGGGGTCACAGTCCTTGGGTCGAGTCGACAGGTGTCATAGATTCGATAAGTAGTAATCGTAGCATTCGAACTGGGTAGTTCACAAATACTGATCAGTGGAATGGGAATATCAGCCACCTGGCTAGCCTCGAACAAAACTGTCTGCCTGAGTGTTTGCATCGATCCCCTACCGTGAGATTTGGTAGCTTAATTGTCTAATCGGATCATTAAGATTGGTGGACTCATGTTGGGGTCTTTGCGCGCTCCTCCTCATGTCGGCTGTAGTACATTGCACGTTCAAAGAACACAGGACTCCTGATCTGTCCTTGTTTTGAGGTGCATGCTATAGC,1736,50.98,Saccharomyces cerevisiae
SEQ_265436,GACGATTGATCGCAGAATACTTTTCCATACGGTTAAAGAATATCGATACGATTAATGCGGACAGCGTAGGGACCAGGCAATGACCCATCATGTCTTACCGGCTTCTGTGGTTAGGAGTACGTTCTTGCGGGTCGTAGATCGCTAGCCAACTAACGTGGAACTGGGTGTTGCCTCTTCTGGATAAATTAGGTTCTTTTAGGCTTAGTGGGGGTTAGGTTGCAGAACACGGCATAAGACCTCGTATTTCAAAACGTCGGTCCAAAACAAGCCTCTGGTTGCTGGCGGAAGACGACCACCGTCTCATGTACATGAGAGACTTATCTACAATTATGGGGAAGCTCGGTTTCCGGGTAGTCAAGGCCACTTACCCCGGACTCAGGAGTCCACTACATTGTCATAGCACTCGTAGTATTGACATTGAGAATGTAGAGACCATGCCCGCCTCTCATGTGAAGACGATCCAGAGCTACACATTGATGTCCTATTCGGTTGCGGCCTGGCACGTAACCTAATTCTGCACATCTTGACTACACATTTCCATCAAAATTGTCAAGAAACGCAAGATTCATCAAAGATGTGGGCAAAGCACGGGTGGTGATCAGTCACACTATCCATAAGTCTTCCAAGTGTAAATTGTTGTCGTCCTTATGCTAACTACGATGTCCGTAAGGGGACTATCCCACTAAATGAAGAGAGGCGATCGTAACCCGCGGCTGGCTAGACGAGACGTATAGTAAAGTCAATCGTTTCTCCCTACGGGACACACTTCCTATTCCGAGAATCATTAACACACACTCTCCCCGCGTAACCAGTACGTTAGGCGATCCGCGGTGCTGATACGCTAGGTGTGCAACATGAAATGCCGTCGGAAACGAAGCCCGACATGTTGCTGTGCTTGACTAAGCGAAACAAACAGGTACCCTCAGCTCAGTTATTAATCAGATCAAGCTCTGCATGCGATAACTGCGTAGAAATCCACAAAATTTAACCAGTCCTTCCGGGCGCTTCACCAGGTATTCGCTATACAACCCCAACTGGGTAGCTCCGCGGCCTCAAACCGCTACTCTTCAAAAACGAGCTTTGATGTTGCCAGTAGGTTGGCGATCGTAAGACCGTGCTAAGTATCATGTTGTCACTTGGCAAACCTTACCCTTCGACTTCAACCAATGGTAATTGGACACGTGTGTGTAGAGCGGAGGTCGGTACACACGGGCTCATATCAGAACGGGTCTCTAATCTACACGCGGTCACTCCAATTTACCTGAGGGGGGGCTTCTCTGCTACGACGCAGAACTGTGGGCAATTCGATAAGCCACCTTGTCCAGACCTCCGTCCGTCAACAAAAACCTTCATTCCGCTCAAGATATAATCTTGATTCGCAAGAGGCGCACAACTTGCTAAAGCGGCAGTGCTAGATGTGAGCTCATTGATCTGTTTTCAGGATCCGCTAGAGAGGCTAGCCCAGGTACTTAAAGTAGAAGATGTTATCCAGTACATGGCGCAAGTCCTTCTCAGATGAAACCTGTTAACTTCTCCTGTGGAAAGAACCTGAGTATCCGAGCAAGTGAACACGTTTTTACAACTCTATGGCAATGGGTGGGACATCATCATACAGATTAGGCATCTTCCCCCCACGAGTTAATCAAATATATAGAATCCAAGCACCAAAAAGGGAAAGAAATGAAAATCGGGCGCACCAGGAGGTCCCGGTTTAACTAGTTAGACTCCGGAGTTCAGCGTATAATAAATTTCTCGAGGCCGAACACCTTTGAGGAAATCGTCTCACGCGGTACATGGATGAGTGGGCTGGTCTACTCACAGTGGAGTTCGTGTTAGATGAGAGAGTACGACGCAATCGTATGACTTCTACTGAGAAATTTGTAGTAACAAAGCCGCCGAACTA,1903,47.71,Saccharomyces cerevisiae
SEQ_592356,AGTCAACTGACCTCGCGTTCTGAACGATGTGTAGAGCCGAGCGTGTTGACTTAGTAGTCCTACGGTTTACACTCAGGCGTACTAGCGCACAAGAACCGGAAAACACGAACGGGCGTGGCAGTATTCTCCCCGGAGTATAGCGTCTGTGTCTATCCGCTCGGAGCTAACTGCGGATAGCACATTCGGCCTGACTCCGTATCAATCTATGTCCATTCCCGCGACTCGCTTAGAGATAGGAACAATAGTTTGGGCTCAGTAGACGTCAATAGTAGCGGCTAACCCATCTCAAATAGATCACCTCGATTGACCCACAACCAATAACCTGGGGTCGTGTGTTTACTGCGACATACATAAGAGTTCTGCGAACGCAGCGTTCGTCATTCATGAGGGAGCGTTAATTCCCTGCCACTCTGTAACTTCGTTAAACGACGGTGCGAGATACGAAACAGGCCCACCCTCAAATACCGCGAATCGCTTACATTCACCAATGTTTAGGTGCACGATTCGAATGGATCTTCAGAGTCCTTCAAAGAGCATTTAAACATCTAGTCGCGTAGCACCGAAAAGCGGGCATTTGAGGTTGATCTTGTGTGGCTACACACTAATAGGCGTGAGAGCACATACGGTAATCGAGGATTTACGC,643,49.3,Escherichia coli
SEQ_628562,AACTAGAGACCTCCTTATAGCCAATGTATCATGGCCCGCGGAATGTTTAACTACTACTTTGTATCGTCTCTAGCGTGGGAATACGGACAACCAACCCACTCATTCCAAGCTTAGCGTTCCAAGTCCCGAGTTCCGTAGATAAGCTCTCTGGGAAAACCTGCTCTCTATGGGGTGTGGGGGATCATATTCCGTCACCGCTCGCCATTTATAAACCCTGAGCCCAGGTATCTGAAAAGTAATGTGATACAGCGATTGTCGTTGCCAATTTGTTGCGGAAGAAGCTGACATGCTGCGTCGTTCTCGGCGAAGGGAGGACGGATAGCGCTGGTCACGGGTGCACACAATTTTCACAGTAACATGACGTCTGACCTTAGGTTTCACTGCGAGTCCATGCACGACTAGGCCGAGAGAAAACTAATTCAGAGGGGAGCTCTATCTGAGCAGGTCCCGAGCAGCCCCGTAGGTTCCTGCACGGAATTCGAATTTTTAAAGTGGGGCCAGGCGATGTAGATGTTAATGTTCGGGGAACCGCCTCAAAAGCCTCCTAATAGGTCTTCGGTCGCAACGTGACGCTAGCTCAGGTGCAATGAGTGTTCAGCTGATTCGAATTTATTCTTCGATTGATGTGGGGTTACCCCGTATACCAAACCAACCGTTAGAATAAGAGTTACGCCAAGTCCTATTTTCGTAACAGGCATGGCGGGGGGGCCTATGTACGCGGGAATACGGCTCTGGTCCACTCCTTCAAGAGTCCCAACAACTTTGCCTGTGACGAATTCCTTCTAAGTGTAAGCAACTGCGCCCGTTGGGTTTACATAACCCGGTGTTGGAGGCTTGGTTGCCGTAAGCCGTTTGTGTCCAGTTGATTAGAATCACTGGGGACCGAAGCCGTATATCCTGCGGGAGGGTTGGCCTCACCGTTACTTTCTGCTCGAACTAGGCAATCTTGAGAGTCGCTAAACCCGGAGGATTATTAACTCTTTTTAGGGTGTTTCTAACCCTCCCCATGCGGAACATACCGGAGGGCATGCCGGTGAGGGCGAGAGTCCTTGCAGAATAGTTGTGTGTACGAAGTTAACATGATTTCTCATTAACGCAATGTAATTGGGACGCGGAGCCCCGACCTACAGCTCGGAATAAGTATCGA,1147,50.31,Drosophila melanogaster
SEQ_993017,CGGTTCAACAGTTTATAACTCTCGGCGAGTCGACCAAATCCTAGTGTGGACTCGGTGCATCAATAAACCAGACACCCTGATCTTTGCGTAATCAACGTCTTCTCGAAATCGACCCGGATTCAGCAGACGCCATAGACGGCGAACCAAGTCGAGCTCACCACTATCTAGCGTCTATTTCAAGCTGGACAGCAAGAGTTTCATTAAGTCTCTTTGCTGAGAGTGAAGGGATCTAATGGATTATTCTTTCTCGGTCCAGTGAGGATCCAGGGATAAATCTAACAGGATCTTCGGTGGGCCTCAGTGGCTAAATGACTGGGTATTCCTATTACCGTCTCATGGCCGTCAATAGCTACCCGTACAATTCAGACAATTATGACTATAGACGAGAGATATCGAATGCGTCATTTCTAAAGGAACCCCATCCGATGGTCTAGGTTTTGCCCCAAAGAAGCGACGCCGTTGACGCCGTATAGCATTTATCCAAAAGCGAAAGCCCGGCGGTCGGTAAGAGCAAGATCTATCCAACAATAGGTCGCGTGTACTTAAGATAACTCATCATAAACCCGTGGAGATTTTGGTACATTCGATCGCCGGTTCGGACCGAAACGCAAGCCGACCACTTAGAATCTACTAAAAGTGATAGCCGGATTCGTCGTTTATATGAGTGACCTGGGACTCAAAAATATGTGGTTTATTTAGACGCCGGCAAGTCTTTGGAAAGCCGAAAAGGCCAATATTTGACTTTAAGCAATGGGGAATGGCGGGGTTGTAGTTCTACACCTTCCATTGTGGTTAAGCCC,800,46.62,Mus musculus
SEQ_662744,GCCGTAGGACTGCATGCGCCGCTTCACGAATTTTACCGTTGGATCCAGGGTTTGCTTAGAATTACCAATGGTCATGATCCAGTGTTAAAGTGAGTATCAATTCCGGACGTGAGTGTATTTCAGACACGTGTGGTCGGTCGTCGTGAAGCGGACTAAAAAGCCATGAATGGACCGTACCCCGTAACGTAATACTTCGCCTAATTAGCAAGATGGATACAATCCTGCGGGTGGCCTCAGATCTGGTGCTGTATACTTCGGGTATGTTTTAATAATTCTGGAGACTGCGTCCGTGACGCGCATGATACTTCCCCGACTCTAGAGTGAT,325,48.31,Arabidopsis thaliana
SEQ_134260,CCAACGTTAGTTCAGTTCACCAACCACCATTGAGTGCAGTCCAATTAGCTATTGGGGGACTCGGGGATACCGTAGCGTACCGAATGTTGCGGGAGCGGGGGTTGCAGGCCATGCTACCTAGTCCACGCCTTACGCGCATGTAGTGTCCTTGTAGTGACGTGCTTGGTGTACACTAAAGAAAGTGATGATAAACCTTCCCCGCGACCGAGGGCGTCCAACCGTAAAGATATTAGCCCTTTGAAGTGCTGATCTGCCATTGCTCAGGCCTGCAGAATTAAAAAGAAAAAGTCGGTTGACTTTGTCAATAGCAAATAATTGCGCGTTACCAATTACAGAGGAGAGCATCAACGTTCATGATAGTTCTGAATCGGTCCCCCTTTTATGAAGTGGACGGGGTTGTGACAGTGTTACCGAGTGTGTGCTTTTCCCTCGCCGCGTTCCTAAATTGTTATAGCTGTTTAAGTAGACTTAAAACAGGAGTAGATTAACTAGAGATGACTCCTACAAGTGAAGAACCCGGTAGCCGAATACTCACTGCCAAAAACAA,547,47.35,Arabidopsis thaliana
SEQ_456584,ATCTCCACAGTATCCCTGAGTCGTTTTTGATAAGCACTGTGGCTGCGTTGGGGTTAGGGCCTAGGATCGGTAATGTGGAAATGATGAGACCATGAGTTCCCTTACTAGTCACTACGGCATGTCTGAATGATACACGTCTGTCCCCATAGACACCTGCACTCCTCAGACAGAATTCCATACAAGACACAACACGCTAGTGAAACTAAAGAAACGTGCGTGCGTCCGCTCCCGCTGTTATCGCCCAATTAGACAAGTGAATGATCTGGTAATTATCTATTTTAATGTCTATATCCTCGGAGACGAACGAGATAATAATGCCACGCACGTAGGGCAGTCCTCAAATCGAAGTCCACGCACTTTGTGTGGTCGCCTACTAGGGAGAACTTCGACCTCTATTGCTGCTCGGATGTGTACCCGAGAGTAGCTGGTAGGGCAAGGAGAATCATTTTTTTAAGCCACCAGGAAATTGACGTGGTTAGGCCGAGTGCGAACTGCCTGGAAGCGCTAGCCCATATAGAGAGGACCATCAACCGTGGTTTTTTATCCACCTCTCCTGGTAATAGCTAGGGCCAACTTGCTGGCCACGAAACCTCATCATTGACTAGTGGAGCATTTGAAATGTTAAAGGAAGTATAATACAAGGTAAGATAGCCGCGGCTCTCCCTCTCAACAATGTGAGGAACTTCGCGAACGGTGAAACATGTCCGGTTGAATCGGCGCATCCGTGACTTACCACAGCTACCCGAGTATGACCTATGCTTTAGAACGAGCGCACTTCCAGCCAGTGCAATATCGTGCACCCATGTGCTAGCACGTTTGAGAGACTTTCAGATTTGACATCTCCTGGTAACCACGTCACGCTGAAGGTGGCGCGTTACCTCAGTGACGAAAAAACTACATCCCTCTACGACGATAGATGGAAATTTCGGAACCAGTGTAATTGACAGGACAGCGCTTGAATCTAAATTCGGGTACTTGCTGCAGTCAGATCAGCTATTTCCTTGGTTTTTCGGGAAACCAGCGGTCAGCGCCTCAGCAATTTCCATTGACCAACTCCCGTTCCACAATAATTGCTAAATCCTTGTATGCCAGTATAGAAACCTAAAGCTAAATTATGTCCTCGTTGCTAGCAGAAAGCCTGGGTGGGACTCCCACTCTGTTTTCTCACGTGAATATGCACTTGACGAGCAAGAGGCTGTTTCTATCTGTGATCAGACGTCTCCGAGGAAATTACGTAATGTACTATATTCACCGGTCTAGCTTACTCCATTAACCCATTTTCATGGGTGCGTACTTTACTTTCCACGATGTCCTGACTCTCGAGGTTGCGGGGCTGGTGGCACCTACAGGGGTCGGCGTGACATTCCACTCGGA,1374,48.11,Caenorhabditis elegans
SEQ_242831,AAACGGGAACATGGAGCCCACACCTATGAATTTCGAGATCCTTCTGAAGTGAGCACCTTGGAATAATGAATATTTCTGCTTGCCTGAATGATATGGGGCCTTCAATCTAGTGTATTTTAGGGGCCTCTGACAATCCCACACACATATACGGGGCTCGCCAAACGGCCGGGAGGGTGGTAGAGAGGA,186,48.92,Caenorhabditis elegans
SEQ_979327,CTGTTGCGCTTCGTTTGGCTCTCGCCACCGTTGTTGCCCGGAACACATCTCCTGCTAGTTGCTACACCGGATTGAGTACATTGAAGGGACAGGCTAACTCAACCCAATGACGAAACCAAGGTTCAGTAGTAATATCACCCACATTGCAGAAATCTGATTAATCTACATTCGACGCGAGAGCACCACCAACATGCTGACGTTAGAACGCAAACACATGAAACTTAAGCGGATAGATAGTACGTAATTTTTGGGCTCTCGGCCGCGGGACGAAACCGCGGTTACGCTTCCGTAGCATATCCATCATAATGCAGATCAAGCCTTAAGACTGAGCAATACCGTGACTCCTGTACGGGACCGCCTGGTACTGTTGTGCAAGTGGTCGGCCTGACACGTAGCCTGTGTCAATGTCCATCCCCCCCAATGCCGGCTAAGGTTGTTAGTAGGATGTGGACCGATACCCCATCCTTCCTCTGTGACCCGGCTGGATTAGCACTTTGATGAGAGATAGCGGTAGGGGACCATGGCAGGTCCTCTTCTTTTTCCTTAGTTAGGTTCTTGTAGGTGCATGCTCTGGTTCAGGTCAGTTTAGAACCGCCCACGGCTCAGCGCGTGTAGATTCTCTCCTGATCAACGGAAACATTGATTTCTCACGATGAGTCCTGTAATCTATAGTCATATCGACCTCGGGCCGTGACTTCACTGGTAACTTTGGTATTGGTCACGTCTACACCGCCACGTCTCAATCGAGGAAAGGAGGGAGGCTTATGATTAACTAAGGCGGCAGGCCCGTCCTCGAATATAATGATATCGTGAATTCTCCCACCTCAATATTAACGTAGAAGACCTCTACTGCAACGGTGTCGAGCCAATGCATAAGCTACATACAAAAAATCTTTCTGCGGCTAAACTGAGTCATTATTGGCATATCAAAAACCGTCTACACGGGTCCTGTCAGGAAATTAATTTTTGGGTCACCGCGTAATTATTAGCCCCGCTTCAGCCCTGCCGTGCAAGAGGGCTCCCAAGGAGCCCGAGCGGTCTACTTTCCTTGTGGTAGTACTTCGCCGTAGCAGACACTTATGCGGCTTTTTCTGGTTCGGTCGACCAGGGAAATGGCTTCGATCTAGGGCTCGGGCTACGCCGCACCGATCCTTCAGATGAGCCTTCTCCGCTTTGATTCAGACTGTCACCCGACAGGGATTCGGGACCGTTGTTGAGTAGGCCCATCATACCCATTGTATTGCGGGCGGTAAATCAACATGGGACGCAGAAAGCTTCGAGATACCTCATGTCTTATCAGGTATGAACGTGTTTCCGGTAGGGCGAAAATTTCGAGCAGTTAAGTAGAAATCTTTCACCACCACGCTAGGGATACAGTGAAGAGGCTTCCAGTGAACATGCTAATGTCTTTTCATG,1416,49.72,Saccharomyces cerevisiae
SEQ_545234,GCACATAGTTGATAGGTGCCATGTTGGAGCGTACGGACAAGTTCGCCCTCTAGCTCTAAGCTATAGCCATCATAGCAGCGTTGGGGTACTCGATGCCTTTCATTCCCGTCAGAGGCGCACTGAATACCACTACGTCCTTCTGTACATATATGGCTTTAGCGGCCCTCCACCCCAGGGGGTATTAGGTCCCTAGCTTAAACGGAGTCATGAGGATCGGTGTTTGGCTAGGGCGGCGAAAGATACCTCCCGTAGATCCCAACTTGAGCCCTGTGCCCTTGTGACACGCCATCACTTAGGCGTTTGACTCACTGGGCGAATGGGCGTCGCTTGGAATTGTTTTTACGATAGAGGGACAAAGTAGAGGAAAGGTATTAGGTGTGAATTAGGAAGCGCAGACATAGAGGACGCGCACATGACTCCTTCATACGTACAGACGCACTATGCAAAAGTTCCTACAGTTGGTCTACTGCATCAATTAGAAAGAAAATAGGGTGGCGGCGCTCTTCCTTCTAGCCTTCCTAACCGATGGGAGTCCGGGTGTTCGGGTACCGCCAGTAATAGGGACAGAGACCATTGAGTGGTTGGCGATGGGATCCTAATGCGAGGAGGAGTCTCGGGAAGCCAAGATGCGATTTCGTTTTGGTGGTCTCTTGTAAAGATATACTCGTACCCTAACCGGTCCTTAACCAGTTACGCGTTTGCGGAGAAGGATCGCTTAG,719,51.18,Arabidopsis thaliana
SEQ_576168,GGGGCAAGTCTCTAGCGTCCGAGGGCGGCTACATACGAAATCGTTTGAGAAATTTGACGAAAGACAATCGCACATACAGGTGTGTAAGACGTCGATCATGCTAGGATCTAGCTGGGCGCCGACATAGGTCGCCCTAAGCTGACCTCGATGGAGTTTTAGGGATCCGATCTTGCATCCTTCGGGTCTCAGCCGAGTACCTGCCCCCCCGTCTACTCAACTATCCCACACCGGGCC,234,55.13,Drosophila melanogaster
SEQ_172734,TATGCAACTTTATATCCTCGATCGGAATTAGATCGGACCCCCGGCGTTCATAGACACCTTTACCTAGTGGACTTAGCACGCACCGAAATTGTTGCCGTTATCACGGGGCAACCTGCAGCTTGCAGATCGCACTGGGAACCAGTAAAACGGTGCATGTCCGATGGGTGGAAAACATTTGGAGGATGTCAGGACTCACCACCTACGAGACTTACGGTGTAGGGTAGCACCCTTCTATAAATCCAGACTGGCAATAGGAACCTACCCCTCTTTCATCGGTTGCCCTGTCCTCCGACGATACGTATCTAAAAGACCATACATTGCCGAAGTCGCGTACGTACGTGTGCCATGGCGGGCGGGTCAGAGATAACGTGTCTATCCAGTTGGCAATCCGCTGCGGGGATTTGCTGTGGTTTGTGTCAGACAAGCTAAACTTCTGCCATATTAATGTTATTACGGGATCGCACGGGCGGGAGCGCGGTTTTGAATCTACCTGAGCGTTGCTTAGATAATGCTGTAAATGTTGAGCCATTACCTATCTATGTCCAATAGAATACCTGCAAGATCAGTCCATTACGAGTGAGTCCAGACCCATCCATGTTTCAAGATTACGATGATAGCCTTGCCAGTTAGCTTGGATGTAAGGGACCGACCGGGTAGTGGCCTTTTCGGCTTTGGTAGCTTCCTCGGACGACCACCCAGTGTGGGGTTGCTCCCTTCCATACTCGATTCGTTGAATCTCTGGGTCGATTGGATCCCGGGTTCAATACAGGTTCCAATTTACCGACCACGTCATCCTTATTGGCCCAAGCTTGTCCCTGTAGGTCTACCCTGGAGCGACACCCATTTATTTGATGTTGCCAACGGCGATCCACGGTAGACCAACAATCACCTCTCCACGTTATAGCCACGGCCGAATCTTGAGACGGAGCATCCAAGTGATTTTCCACTTGACATGCCTGTCGGGTCGTGCTCACCCTCTGGGGTTGCCCTGCACGTAAGCGGAGCCAGACAAGCTGAGAACACAGGCTAACAATGGAACTCCCTGCCCGAGCTCATGTGCTGGTGTCGTGTCCTCGCTGCTGCGCTGCTAAGCTCGCGCCTTTCATAGGGAATCT,1115,51.66,Mus musculus
SEQ_362866,GCTCACTGCTCCTGAACTTCAGTCTGCGGAGTATAATACACGCATTCACGTACGAGGGCTTCGCCGATCAGAGGGTACCCACCCTACGGCTCAGCACCGCATTCCATCGAATCTTGCCGATGCTCCATGGTACATGACCCCCGCCAAATGCTGGTCGCTCCTACTTTGATTGTATTAGCAGTGCATTTGGGCTTTTTACCCCTCCTTGGTGGGATGTACCCGAATGTGGGATATCTAGCCCGTCCGATTACCTCTCAGTAACCAGCCGCCTCGTATTATTCAGCACCTGCTAGTGTACTGCTAGCACACAGTCTACATTTAAAAAGCGTCCTGTTAACGTAGATCAGGCTAACCCCCGATAGAAGTACGGAAATTCAACTTGTCAGTCACTATAATATACAAAAACCTCTCTCCTAAGCTTGGCCATGCTCACGATCCCAGTTTCATTGCCAGTCCTCCACAACTTGGTATCGCGGGCATGAGATTCCGCCATTATTTGGCGCTTCTCCCCGTAGCATGACTCCTGCAGTTTTTTGCGACACACGGCGTGACGAAACCACCTAAAAGAGCTAGGAACGTACCCCTAGCGTAAACAGTGGAGTTCTGTTAAAGCCAAAATAAGGTCCCGAACAATTACAAGTTTACGGCGCAATCATATTTTGCTACACAATGGTTAGAATATCTCTCCGTGGAATCGGAATTCGTCAAGCTCTAGGCGAGAATTACCGCGCGGCGTAGTACCGCTGCGAGCTCTGACAAAGCGGTCCACACCGCTGGAAGGGTGGCG,787,50.19,Homo sapiens
SEQ_134898,CACGAATCTCCACATGCTCTTTGTGATTTTACGGTTGTGCCGATTTAAGGTAGTCACAATTGACGCCTGTTCACTCCGTTTGCCGTATCCAACATGGATTGGACCCGTAGTGATCCGGGCTCTCTAAGGCCGCTAATGTTTGTAGGCTCATCTTAATGCTTGCCTACAAGCGTGAACAGTTCGCGCGGAGCACAGATTATCTGAAAGCAAGAGCCGAGGTCCTCGCATTGTCCATTAGGCTCGGTGCCCCTCTCGTGTCCTAGTTTTACGAGTATTCTGGTCGGATGATGCGCATGTTACTAAATGCTACTCGCGGCAGGCAGATGTAAAATTTGGAGCTGTATTATGTCTACTTGTGTCTATTTCCCATATCTCTTTGAGAGAACGCTTACAGAGTAAGAGCTGGGCGCTAAAATGCGGCATGCGGTGTTAATAAGTATAACAGCCGTGAATACTCGACACTGGGGATAAGCCGATTGACATGGCGCGAACGTGGATATCCGAAGAATCCAGTGGTAACCGAATAGAATTTTCCTCATCGGGGTCTACCCTGTAAAGGTCGTGGTTTGTGTGCAATACCATGCTCCTTTGGGGGTAGGGCTCGACCTCGAAGCCCATCACTCGGTAGATGAATACGGAGCCCCAGGCATCTGTGCGTCGATATTTTCAAAGGGCCCCCGAGTGGCAGCTCCATCAGAGACCGTTGGTGGGGTTTACCTCACACTTGTGTTCCCCGTCATAGTCAGGAAGTTCGCTGAGCGGGTGCTCCTAGCCTCAGCCTTTTAGCGGACTGACATCGCTCGTTTATGCGGAAAGATCGCTGCTCCTACTCTTGGTGACGACAAGCAAATGTTGATATACAATGTGGACCTAAGAAATGTATGCCACTCAACGGCTCGAACTTCTGTCTGGTTATCGCTGTAAATTAAGGTACTTTTAGATGCATGAACAGTTCAAGATTGAATTGATTAGCCGCAGTTCACAAAAGAGTCCTTAGAACGGCCAGATATAGAATGTTTTACTTCATGCGAT,1032,48.26,Homo sapiens
SEQ_497185,TCCTAGCCGCGCCCAGAGCTGTGGTGGCATACAAAGTTAGTACGCCACTATCATTCGGCATAGCTGGGGAGCGTCCCAACTCCGAATCCCGCTATTGTGCCCATTATGATAACTAGTTCCGTGACCGCTCCAGGCGAGACCGCCGCATTTCCTGAACAGAGGTGGAAGACATTTAAGGTACTTTCTTGCCAGGACCGCTCTTTCTACGGCTTATGAGGGCACGCTAACTAAACAGGATCTCAGTTCACGTAGTTACTAAGTGGGCAGATAGTACCATAATCTGTGACGTACCGGAATATGGAACACGATAATTCAAGCACATACTGTTATCACCTAGAGTTTTGGCAAATTGGAATTCCTTATTAACCGAAGCGGTCTATCTTTCCGCGCAACTTATCTATGGTCACACTTCACACTGAGTTCGCGGATATGGAACTCCACGGATGTATGAATCGTGAAGGGTTCGTAGAGAGTAGCCACAATACCCGGCGCTCTGCGTCTCTAGTAGAAAATCCCTTGGACTATCTCTAGCTGCCGATGTGACTCTCTGATGGTAGTCCCTCCGCGGGTACTTGACAAGAGGGTGGATAGTTATTTCGTCTTACCGGGCACATATGTGGGCCCCCCATTTTGGACGGTCCAGTGTTGAGATCGGAGTTAACTGTCCCCCTCGCCTTGGACTTTAGGTTATCGCTCCCCCGATCTCTGGTCTCCTAACCTGGGTTGGCCAATCCTAGCTACTGCCTGGCTATTAAGAGACAGGCGCCAGAAGGAGTTCAGTGAGGTTGTTGTAAATGCGCTTACAACGTGGGATGTCGACCATTCGGCCCACTGCATAACTTGAGTCGAATGCACAAGACGACGGCCAAGTCGACTAGCTGGGCCTAATATACATAAGCTGGAAGTGTGATATTAACTCGCCGTGCCGACGTTCCATAGGCAGTTCGGCAGAAGTGCGCCTAAATCTGCTCGGGGGAACCCAGCTCGTCGGTCCGGATGCGGGTATAGATGTTGAAGCTCATTACTTTGCTGTGTATGCGTTTCGCTAGAACTCTGGAACAGTAACGAGGCCGTTCTTGAGATGGTTTTTTGTATTGTGGCTGTAATCGAGCGATGACGCCCTCCGAATTGGTGTACCGAAAGGACGGTTAGAAGTTTGCGCGCTCTGCGCATTTCTTATCGGCATGGGAATTCCGCCTACATGGAGGAATAAC,1214,50.49,Saccharomyces cerevisiae
SEQ_710949,TTCACACGTTTTAGCCAGCTATATTCACCCTGTCTACAATGACCAGGATAATTTTCTACGGGGATATGCGTCTCCCGAGTAGGTTACAATCAATTCAGAAGAAAATGACCGTGTACTACAAGTCATCTCCCTTTGCAAGTTGTGAAAAAAGATACCCCAGCTCGAACGTATCAGACTACCACACAAATCGGCCTTCAGGAGATGCCGACATGTCATCCTGTCACAGATGTAGTCTTAAATATGACGCACCTGACCCTGCAAAACTGCTTACTTCAGAGGTGACTCGTGATGAGCTCAGCTCGTAGAGCAATTGCAGTTGGCTGAATGGAGGCTGAGGCCCTCCCAGTCTACTGGCAATGACGGATTAACCAGTTGGCTGCAAGGGTTTCTTAGAGCCCCCAAACGTAATCTAGCCTCAGACATTTCTCGCAGACACGGCGCAAGCCTCAGTAATCTCGATGCACGAGAGGCGGATAGTCCGTGCGCAGAGGCAAAGTAGTACCAGGGGTCGTAATAGCCTTGATGTGTCCCCGTTTTAGGACTAATTTCGTACAGGTCCATTGAGATCAACAGGACGTTGAATCTTACGGGCCAATGATATTACCGCAGAAAACAACAAGCGACCGAACCGGCCGGGTGCTCAGTCACTTGTTCTGTCCAAAGGCTCGGGTCCGGTAAGAATTTTGTACTGATTCGTGATCGCCCAGGCCCTCCGCCGCGGAAACAATCGTTCTCTCTAGAACGCTGCTACCAGGTGCGCCGTACTTGCCGCCGAGGGCGGCGCTACCGTGACAAGCCGGGATCTGCGGTACCTCACGCAAAGCTCAACAACTTGTCTGTGGCTGCGTCTGAGGTTTCTTCAATTCCACTTCTGACCGTAATATAGGCATGTGAATTATAGCAACGTGGACGACTAGGGTATTAGTAAGCGCTTTAATTATCTAGACAACTATGAGTATACCCCCAAGGTTATGTGGCCAAATTTAGTGGATTGCGATGCATGTTGAAACGGGAGCGATTCGCCTGCGGCACTCCGGGTCGGTTTATCTGTTTACTGGTGTTTATTATAGAGGCTTGAACGCCCTTGGGCAGAGTGGTGGACCCTCCGAACGACATGGCACGGGGTTTGTGGTCCTCAATTTCCGAGCTGGGCTATAATGCGGAAGACGGATCAGACCAGCCTCTCTGTACGGTTGCGGGCGTTACCCGCTAATTGCGCAATCGCATCACCAGCCCCTTTCCTGGCCAGCTTTTCTCGGATCATGAACTGTTGATCGCGTTTAGACAAGGTCCTGTGTAAATCACTAATGTTCCGCAGTCCCCAACGCTGTAGTATGCCCAGGCTCAGAAGGTTAGCCCCGACGGAGCTGAAGCGAGGCTCTCTACTTGAAGACGGGGTCCGATGTTAGGCCGCTTCACTTGTGATACATGCCGCGCGGACAGCTATAAGGGGATTAGTTGAGATCCAAATTTCACTTTATTGGCCTGTTAATTCGGTGTGGCAAGGACTGCCGGGGGACCGCGATTCCTCATTAGCTTCCACAGTCTGCTAGGAGTAAAGAATGCTTGAGATTTCTGTTTTTCCGGTGATTGTTTAGTTGCACTTATGAAGACTCGGAATGTGGCGGGCGAAGCACCGCACTAAAAATGCGTCGCCCCGGGTAGCTTTACCTAGACCAGGTAGCCTGTACCACAGGACTCTTCACACGGGGTGCACAAATTAGTGAACAATGCGGATCATCTATGTGTTAGGGCGCCGGTCCCCGCCAATCGTGAGCAAGCGACTCTAGTGGGCACCCAAGCTGCCAAAGACCGTGGGTGTATACTTCGTAGATTTATTATGGCACAGTTCAGGGAGGATGACTACGACGTTTTAAGCTG,1881,50.93,Homo sapiens
SEQ_961346,GATCCGTGTTCCCTGAGCACTATGAGTCCTCCCTCGTTTGCGTCTCATGGCGCTTTGACCATTGCGATATCTTATGGGAAGACAGGTCAATCCTCACATCTTGAGCCACACGTCCCTCGAGGCGGTGGTATCTCATACGTCTTACAGGCAGACTGGACGACTTAAACCTTGGCATTGGTTGGTGTGATCTCCTCCAGGTTAACGCGACTATGAGCTTCCCCTTTAGGTACGAAAAAAGCGTATGGTTTTATCGGTCCGGCACAGGCTCGAATAATTAACGACGTAGACGGGACACGGACTGATTTCACCGGTTTTTCCTTTGGTGACTAAGATCCAGGGTATTTGGCGGTTCCGAATATGTAGGCTTTGACGAGCGGAGCGGTAGCTAACAGACCTAGCGAGAGAATACATATCTATAAACGACTTTATTGTACCGCATGGCCCAGCTTCCCCTTAAAACAGGTCCCCACTGGTGCCTACCCAGGCACAACAGCTGCGTATTCACATCGTAATTTAAAAATATTAAGCTCAGGACCATATGTTACCCTATACACGGCTGTAGGTGCAATCCGAAGAAAGTCGACGAGCGTCACCTAACCTTTAAAAGTTGGCAATTACCCCCTTTCTCCATTCTACCTCTGCATAAACTTTACTACCGGACCCATCGTGAGTTTGCACCATTACAACGTGCATAGATCGCGTAGACGTTCGTGCGCCCAGGAGCACTAGCGAGGCCACGGTCATAGGGTCGTAGGGGAGAATGAGCGCAATCCTTATACGGTAACGTGCGGAATTACCCCACAGGTTGTGGATCGACAGGCTCTTCTCTTACACCTTATATATCTGCAGGATTAACAATCGGTTCCCTTGCCATGGACGGGAGCTGCCTACGATTAAGTACGCCAGCCGGGAGGTATCATTACTTGAATCGCGTCGATGTCGGTAAGTGATCTACGTAATGCACCCGCAATCACCTGAGCGACGATCGCAGGGACGGTGGCCAATTCAATAGGACTTGGGGCCATCACCACTAATATCTTAACGAACACCGACACTGAGTGGACCGTGCGTTATTTCTTCGACCCGGAATGGCTCCATGTGCTGCCGAGCATTAGTAGCTTAGTCGCGGACCAACACTACCTCACAATCGGGAACGATACGTGCACTAAGTAAGCAGCATTATAGAAGAGCCCGCTCCCGGACCAGCGGACTTGCAAGGGAAGCTGTGTCAATACGCTACAGGCACGATACTGACAACTGCGGCAAGCGCCATACATCTGACTTGCAAATATAATCTTCATAGTTTACCGCGTCAATGCTGCCGTCCAGCACACTTGAGAACTAACAGAGTTTGTGACCCACCTCGCCACGTCGTGTCATTTTGCGACGTGAATTAAATTAGATCCTGCAGTTCCCTCGAAACGTATTCTACCCGAGTATATTCCAGATATCCTACCCTGTCGACGGCGTGA,1472,49.93,Mus musculus
SEQ_160642,GTAACTCGATGTAGTGTTATCTGCATGTGTATTGCACATTCCCGGGAAAATTCTGTGGCCCAGAATCGGGAGGTAGGACCCTCGAGGTCCATTACTCTGATTTATCCGCGGACTCAATCCCCTTGGGTGCTGTGACAACATATAGTGACTACTAGTACTATAGTAGATGTACTGTGTAACTCCGGGTGGGTTAAACGCGTGAAATGAAGTACGTGCAAGTGGTGGAATTACCTAATTAACGGAAGAAGGCCCCTTGACTATAGGTTTAGGATGCGATTGGGCTGGATACTAGCTCGCTTTCGGAGCATGCCGAGGACGTAGAATTTCGTTCATGCGAGAACTTTTTTACGTCTGTCGATTGCTCGCTGGTTAGAGGTGTGACAAGTAGCGGAGACCATTCATCCCGCGTCATTCCAATACTAGGCAGACAGCATCATCGACAGCAACACCTTCACCGGCCGTATACGTTGAGCCTGCCGTTAGCTCGGACGTATACACGGATCTCTCAACCAAGGGATGCGTGCCGGCATGCGTCTATGGGATCTCTCCAGCAGCGCGGCCAAGCAGACGCAAATAACTAAACAGTGTGGATTCGATAATGCGAGGTGGGTGCGTTTCCTTGAGACGAAAGGTGTTTTTTTGGATAACGCCAGCTCAAATCGATCGGAATTAGATCGCCATAGCCTGGCGAGCTATGTCCCTCGTGGTCAGTGCCTGCAGGGAAACAGTACTGCCGCACACGGAATCAAACCCCGTCGGAGTTGTATGGACAGTTAGTACACAGTTAGAACAGGAGGCTACGTAACGAATGCACAAATGGACCGTTGACGGTCTAGTCGAGATCAGAATAAAGTCATCGCCTAGTCCTTGGGGGTACTCACCGGAGTTCTTATTTTATAGTTCAGGCCACTTAATGGATCCGCAGTGCCGACGGCAAAACAAGTCACTCAAGTCGGAGGCACGCTGACCTTCATCGCAAGCGTAGTACTCATCCGTTTCCTCTGACCCGCGCTGTCATCTTGTCAATCCGAGCGGTGCGTAGGTTAAGGAAGCTATTATACGTTAGTTTGCATGAGCGACCTGCGATAGTATGAGTGCGCTGCCACACTTCGGATCCAAACTGATTAGGCATCCTGGACACCGG,1144,50.35,Caenorhabditis elegans
SEQ_563584,GCCCGCACTCCATTCACTCACCGAACGTAGTCCGGCAAGGTGTCCTTATAAAGAGAGAGCGTACGGCTACTGAGGTTCCACGAGGCTGAATTGAATCTGTTCAGCCTTATAATGCAATATCGTGTTCCTACTGTCCGAGACTACTATTTCGAGTCGTCGAAAAACGATAAATCCTTGGTAGCACCGTCCTCCTTGTAGTATATCAAGCAGCATCTCCACCACCTCCCATGAGACTTGTCGATGATGACTACTGTCATTTAGCGGAACCATTCGCACTCTATTTTTAATAACATGCTCAACGCACCTTATTCCGCGAGGTGCTTAGATTGAGGGTCACAGCTCAACTGCAAGTCTCAATTAGAAGTTTGCCAAGAACGTAAGTGTTGTGTTCTTACTCTGATATGTTTCAGGATCATACTATGAGCTGGGGGGATCTAAAGGCTTGGGCTTTTATCTGAATTTTCGCAAGAGTAATGTGTCTGGAAGAACAACGTCCAAGCGTTTCCATTGGAGTATGCCTAGTGAGAGTTCGAGGGCAATAGAAGATAGACCACCTTGCACCCATTGGTCTTGGGAGCGCCTCAATGTCGCGAGGCGCCGACTGCGCCGGGCGACACTTCCAAATGAAGACTGAGCCTTTACGCCTGGAGTGTCAGAATCTTGGGCACCCTTCTCGGGGGACACTAACAACCCTCGTCGTAAAGGACCGTGTTAATGATTTTATGCGGGGAGGACGGCATGACATACGTAGTAGGGCGTCTCCCTCAGTCACTCTGCTGGTGAGATACTCTCCTGTAGAAAATCAAGTCGCCGGGCCACCATTGGGTACAGTGCAGCTTTATTTGGACATACGATACTGCGTTTCCTGTCAACAGGATCCTTCGCCCTCGCGTGATCAACCTCAGTTAACTACGCCCAAGCCGTTAGATCTACTCACAAGCATCTAGTGACGGCTGTGAGACCCTGTATGTAAGGGCTGATGTCAAGAACCTTTCGTATGACGTCAGAATACTAAAATTTTAGGTAAGACTTATTCGCGAACAAGCGTACCGCCGCTGTCTGCGTAGAGAGAAACACTCGGGACTTCGCCTTCGTGCGATCTTGCATTACAGATGCCATACGGCGTCTACGGATTTGGCAAGAACCTCACGGTGCTCCCCATCGCAACATGGACTTGATACGTTGAGCTGCAGGCCGGTCGGCCGATATAGCGGTTCACGCGTCTAACAATGGCGTACCGGCTATCTATTCAACCCCGAAGAAGCAGAGGCTGTAGACGAATCTATTATCGACCTTCTGGCCTCCCGTAAACAAGAAAGATTCAACGATGGTCGAAACGATCGGGCGGAACCTTTCATTCTGACATTGTTCGAGAAGTTAAGCACCGCACATACCCGGATTGTCCCACGAAGCCCCCTATTATGCTCAACTCGTTAGGCATTATTTGCGGAGTAGGCCTTCTACCCATTCAAACGCCTTACCCTGTAGAAAGGAGGTCCCGTGGGCATCGATGGCTCTCCGCACCAGTGGATGGGCTGTATAACGTACGCGTTGTTCTACGCGGATCATACCTTCGATGCGCGTATTCAAAATAACAAATGGTAGAAATGCAAGAAGGTCCCCATGACTCAAAACAAGGGATACGGTACCTCGGTTCGTTATGTCACCAGTGTGAATCTACGATCACGCATGGCACGAGGACTTTAGCACGGCGCCGAATAGCCATTTTACAGAGTTCTGGAGGATATTGAGT,1753,49.4,Caenorhabditis elegans
SEQ_903909,GGTTGCATCGTGGGGGTGTAATCGGGCTTTGTAAATTAATTACATTACTACAAAAGATGGGTACGGAAACACTACGAATACGTACACCTTTGTCAATTTCCCTTACTATCTGGCGTATCGCCGGAGACCAAGATCTAGAGTCACATTCATTTGTACCCTAGTACTAATTGTGCCCAATTATAAAGTTAGAAAGACCCGTACTCCGGTCTGTGTGACTATGACCACACGAGAGGAGGATCACTTAAACGGAGCTCGGTTTGATCCAACGATATTTGGAGCTGATCACCCTTCAGTATCTAAGATGGCTATCAGCTTCTTTCACCCATTCTAAATTACTTCGTGATTAGACTAAGCAGGATAGCGACGATCCGTACCGTCATTGAACCTGTCTGGTCCACCTCTGATTATTTCTAAGTCACTCCAGAAATACAGGGAACATTCGCCAGAGCTTGAAGACGTGATGTATTTACTAGAGGCACCCGTCACCTCTCCTGCGCATACATGGCTGATATGAAGGAGAATTGTGGGAGTCGGCATTGGTATAATAGGCTCCCCCCACATTTGGCGTCGTGACGGCAATCAGATGAGCCGTCGAGGAGCATCGCACCGGAGCGCTTGACGCCGGCACTCGGAGTATAGGAGACCTCCATTGCCTCTAATTAGAACAGATTGGACGTCAGCATGTTGCGAGATCCGTAGTGTATAAGCATTGGATTGGATATTAGCCATTCCAGGAATCCGCTCGAGCAACAGCTACCACTTTCTGTGCCTCCTCAGAATTAATAACCGATTCCACATTCGGCCCGCAAATGTCCACATTCGTGCACCAAAATCGGTAGGAGCGGTAAACAATGGTGGTACTTTTCTTAGCAAGCCGCGTGTACATATTACGCCAAGTTTTCACAGGTGAAGACTCCGTTGCGTAGGATTATTGCTGGAAACCCGACAATGATGCCCATCGAACAGTCTAGGCCTCCGACTCCGCGGCTCGCCATCTGCCTGAGTACTATCACCTAGAAGGGTAAATCACGTAAATTGTCTGACGACCAAATCTCCCCTTGTCGGCACCCTTCGTGAGTTGGCAACAGGTGAAACACAGAGTAGTTGAATCTAAGAGATGGAGCCCCTGTGAAGCAAAAGCATTGGAAGGGGTTAATGGGTAAGAGGTACACCCAGTGAAACACCAATCACGGCCCCTGGCACGGCGTACGAGCCAAATCCTAGACTGTTAAAATTGAGCCAATTGAGAGTATCCAAAAGGACCTATCCCACTCTATATGCTTGTTTCCTGAATCCAATGTAACTCAGTGATGGACGCGAGTCCCCTTACAAGCGCCGTAGGGCAGCTAATTTCATTATGCCAGTGTTGTCCTACCACGCCCCCTTCTACGAGAAGACGGTAACCCTTATTGTCCCGGACTTCGGGAATATCGCGTCCAACATGCCACATGCGGATTGTCACGTGTTACATATCTGGCATCTGGTATGATATGAACTTCATAACCCGATGAATCGTCGTATTTGAGCCTGAGTTAACGAGACCTCCAATGGCGAGATTACCCATCGTCAGCCTGTATCTCC,1581,48.01,Mus musculus
SEQ_315927,AGCCAGTTTAGTCCGGCTATGGGATGTGGTTTTGGTTGAGAGAAAGAAGACTCCAGAGGTGGCCGGGAGCGCAAGCACAATGTATGGATATTTGAGTGAGTCACGTTGCCGCATGTAATGGTTCTTAGTGTGGTTTCATCTCTACCCGTGTGTCGTGAAGCTGAGATAGCTTAGCTTGTGGCCTTTCTGAAACTGCACAAAGCTGAAAATGCTCTCTCTGCTGGAGACTGACAAAGTGGTAGTTAGTCGCGTTTCGCGTGGGCCAGAAGATATAATAAATACTCTATTCTGTGAAGACAAACAGGAACCGGTTTCATCAGGGGGAAATAGCTGCTCTCATGGCGTGTGAGGTCTTCATGCCCGGCTCGGGCCGCTTAGACTGGCAAGACAAGAGACGAATCCGTGTAACGTAACACAGCGTAATGCATCCCTTCTTAGCATCTTAAGCAGCACCATAATGTACTGTTTAACCTGACAAAGGAGAAAATTGTTCCAGACCAACTCCGGATTTGAAAGCCCATGTACGGCAACGACTAAGGGTCCATCGATGTATCAGCTGATATCAACCTCAAAACGCAGCCCGTAAACAGCTTCTGATTGTCCCCTGATGGTAGTGTAAGGGAGGTAATTATGACAATATACAACGAATATATGGTAAGTTAAGCACTGAGACAAAATAAGTGGTTGGGGCCTGGACGCACGTTGAGATACACTATGGGCAGGACTACTGGGAGCAGTTTCGTGACAAAAGGGGACTCCATGAAATCGAGCAGTTACTTTCAAGGTCACCTATGGACTGACAATCTACAAGCTCAGATAGTACCATGTTATGTCTGCTGTCCCTCCTTTGCGCTCTACATTTTCCCGTTTATTTCTACGGGCACCTTTGGCGTGCGTTTCAGTGCCGGATTTATTCCATAGGCTCTAACTTACGGAGGGTGTGTAAGCCGACATGTCTCCCACGTAGGTCGCCCTATACGGCGAGACCTACAACAAAATTCACAGCTATCGTTACAATTCCTCACATCCCGCTAGTGAGAGGCTTTACGGCTAAGCGGCAATCACGCTTACGGCGCAGCCCACATGAGTGGGACGTATGCTCAAAAACCTTACAACTAATTACCCCTTCAGCTGAAGACTTTTTTAATCGTCGCCAACCGCCCTTTACCCACCCGAAAAAGACCCCCCTGCACCCAACTACACATCGCCGGTTGGTTGCCTTTGTGCTGGCGATGGCAGCTGTGGACTCTTGGCCTAAGGAGACGGTAGCGATTTCCACTGACA,1284,48.52,Mus musculus
SEQ_220122,AAGAATAAGGCCTTTACCTAAGCAGACTTCTGTGATTTAGCATTATCAAGCTACGGCTGACCGTTAGGGGTGCAGCCGCCAGAACGTGCCGATTTACAGAGTCACGTGCCTTCCTCCCTACGCCCGACCCGGTCCCGAAAGGCGAATACGCCGCGGAGTTAAGACACTCTCTTAAATATCAATGGAGCGCTCGCAGCGTACGGACATACTTACGCTTTAAGCACAGGGGCATCCGCTCTTACAGAAGCTGTGGTATCGGCTGCCTACAGATAAAAGATAGGTTTACTATAAAGTGAGGTCCAGCTCAACACAGGAAACCTGACGTACTCCGCCGTGCCTCTTATAACCCAGTACAGATTTAGGATCGGTTTCCCTC,376,50.8,Drosophila melanogaster
SEQ_103936,ATACACCTGGCTGCGGCGACCTCGATCTTGACATTTTTCTTGGCCTTGGATCCCATTGCGACATCGCACTTAAGTGCAGTGCGGGGTCCTTTGGCGTGGAGATGTTGCCTGCGGTACACTCTGTTATTAGTACTAGCAAGCTGCAGACGAGTAACTGCCTTTAACATGGTATTACCTGGGTGCAGAATTTACATTACCTCCGACTACTGTGTGGACGGAGCTTAAAGTGATGACCGTAAGACCGATCCTAGGTAGACGAGGCTATAAAACATTACGCGCTGCACTGTCGGAGAGAGAGCGTTATACACGGCAATATCATAGAGGATAGACCGTGTAATAGACATACATGGCTTGGAATGACATTGGCTCGAACCGCATAGAATAGAAATTGACAACTCTCAAGCGCTCCTCGCCTTAACTTGTTTCTAATAAATTGGGTAGTTAGCAAGGTGATCGCATGACTAGATGCCCATGCAGATGTGCCCAATCTAGGGCATCCTAACGGTGAGTTCGGCCCTGAGTTCCCAACTGAAACAGGCAAAAAGGTGGTACGTCCTGTATGATTCAATCGTTTGTTGGTGCGGTGGAAAGGAACGATGCTATGAGCGTCCCATGATATTTAGATTATTAATTAGGACTCTCTTTGCTAGTGGTTCCTCAAGCGGTAGGTCGTGCACGAGCGAGACGCTAGTTCAAGTCGCATCGTGATTGTACATTATGAGTAACCAGGCTCTTTCCGTCGACAAGGCCGTCATGAATATACAGTTGCATTTGCAACCCCGTCTTGGAGTGAACTGTCGGTAACTGTCTGTGTAGTTCGGATCGCAGGAGGGGCTCGCGGCCAAGCCGTGCATTCCTCAGGTCCTACGGCCCCCGAGCACGGGGCACCAATATCCAGGGTGTCGAGTCTGTCTACATCCTGTGACACAAATATACGTGCATACCGGGCCTGCAT,955,49.42,Mus musculus
SEQ_339382,CGGGACGCCGGTGATCCCAAAATTAACCCGACTGACCCCCGGTGCAAAAGAGTATACACTCTGGGCTCGAGATAGAGGAATATAGTCGCGCGGTTATTTAAGCGTACTGACGGCCATAGCAATCTCCTGTTGCCGGCATATACTCCCTTACCCCTCCCGGAAGGTACCCTTAGTCGATGCTACTGCCGCGTAAAAGGATGCACTTTTTTTCATTCCAAGAGCTCAGGAGGTCCCGTGATTGTATTAGGTTACACAGTAGAACTAAGCCAAGCCTCAGCGTGCACGCTGTGAATGTGCAGCATATCAGCAATTATCAATGAACAAGGCTCGCGCGGCTGTCCGTCTTGTTGATAGTTGGGACTTGCCCCCCGCTTGGCCTGAGGTTCACCCATGCCTGCGCACATAGGGATCAACACGCGGTCGACACTTTGATCATAGATGCGGACTGATCTTGGATTTTGCCATGCGGCTGATAGGTTCAGTTGTGAGGGATCGTGTACTAACAGCCCATACCGGCAGATGGATGAATCCTGCAAAGCCCCAACCGTACCCCGACCCTGGGCGGTCTAGGTACTGTCAAGCTTTAGTACTATCATACAAGGTTCTTGCCCGGAGAATCGGTGTGTTCCCACCCACCCGATGTTGCGGCCCGATCGCCTCGCCCGGGAATCTCGGGTAAAGGTTCCGGCTATGACGGGTTGTGATGACTTGAAACACGCTACCCCTGCTAAGACGTGAATCCTCATTCGTTTGCCCCCGGCGATCACCGGGGGTATGGGACGTTTACTTATTCCACCTCGACTAGACTTAGCTGAAGCCCGATTTTAGCGTGAACTTCCTCTAGCGGCCAGTAAAGAAAGATTTCCCCAGCGGTCAATTTCGTACGGAATACATTATGTCACTCCACGCGGACTTGCGCGCTTACCCTGTATGAAAATTAGATTAAGGGACGCGTCCCCATCTAGGGGTGACGGGCCCCGACTAGAACGCGTCTTGGCATTATTAATTTTCCCACCTCAGGTCAAATAAGTAGGAACAAGGCTATCTGTTTTGACTATCAAATCCCGGTAGGTACGTTAGTGCAAGAATCAGCCGAGTGCTCTCCAGGCGTTCGCACTTTACAAATAACCGCGTTGTGCTCTGGTTTGGTAGCCCCATCAAGACCTGAGTATACGTGGCGCATTTCTCCTATGTGGAAGCTTTCGCGGGATCGGCTTATCCAAAGCCGTTACAACTGGCATATTGATGATCGAGAAGGGGCAAGAATTTAGACGTGACTTGACCGTAGAAGCCACGAGACACGACGATACAGTAAGCCTTACTGCCAAAACATGCTCAAACGGTCGCTAACTCGCACGAATATATATAACTACCAACCTGCGAGTGGAAATAAAGACGTGCGTACTTCTCCCTATCTTATGCTCTAGTCAAATAATACCACGTTGACGGCTCACTCGTTGGCAGTGCCCCTGGGTGAATGGTGAAAGTGGAAGTTGAAGGACCACGCTTAGTTTTCCAGATTGTATAGGGAAGGAAAAGTCCGCAAATCGTCCGCGTATTTTGTTATTCGTGTCCCAAACTCTCCGTCGATCAACAGGCTTGCGAATTGATAACCATTACGGACCAGCCGCCTGGAGCCTAGGATTACTCATCTATGTGACCTGCTGATCGCCCCCCGCGATTAGCAAGCTTTGCTCTGAGAAGACTTTGGTCCCTTTTAGCCCCGTTGGTTGACCCCGTACCTATCTGACCCTACGTGTCAGCCGAATCGAATGATAATTGGTACAATCAGCTTCCGGCTCAAAGACTACAACCCAGCTAGCTGGGCACTCGAATAGACATTATACCTCTGCCCGTGGCATTTCGACTGCCAATCGAGGCATCGGGTATATTCTAGAGAGACTGGGGGCAGCGCCTCAATCTCCGTTAATTAATGGTTGTCGCACCCGGGCTCTCGTTACGTGACTCGGACGTTT,1976,51.01,Arabidopsis thaliana
SEQ_384629,ACGAGTCGGCGGAGACAGGGGAGAGTGCGACCATGTACCGCTGGCGATAAATTTTTACTAGATATCTAACATCCTGCTTGTATATTATACCGGCACTATTGTCACGACGCACCTGGGGCTAGGTCCAATGGTTACTGACTTAACGTAGGGCCGCATAAAAACCGCCTTCCGTCTCTATGACAAAAACTACAGTGGTCGGATCAATCGGCATCAGGCCCCACCCCCTGCCTGAATGGTGGACAACGCAATAATGAGACGAACATAGCCCTATCCACTTGAGGAAGGGTAACCGAAGAGCTCTTCAGTAGTATTCCTTCCAGCAACCCTTACTAGCAAGAATACAACCGTATGGCTCCCTCAGGTTAGTTACTCTCCAAATTGCCGAGCGAAAATTTT,396,48.74,Drosophila melanogaster
SEQ_316550,CCATCTGAACTCTAAGAATACGTGGGATTGAATCCCTACACCCTCGATCACAGAGCTTCTGTTGAATAAGCCGCTGAGCTGTAACTGACGTAGCCAGTGGTGTCATACCCTGCACCCGGAACAGCATCGACAGGTACCTGGGCGAATGTGACGTGTGTCCCCATATAGGGCGTGCTAACGTAGCAGACAGATCACTCTCGCGAAAAGAGTCGTTGGTCTTGGAGGCGCGATTCTCAAGGCAGCGATAAACTGCATCCACTAAGATAGATGCAGGCAACCACTTGACAAAGTATTTCCGGCATGTCGCCCAGGAGCTTGTGGCTATGTCCAGCGATGGCCCATGGGCAGGTCTCTGCCCAGTGTCTTACGACTGCCCTTGCGGCCCTCCTTAGGTAGTTGGGTACGAGCCCGCGGCCAGTCTATGCGCACACGACGGATTTCATTGTTTTTCCCGCTATCTACTTCTTTAGTAAAACTAGTTTGGGGAGCTGTTAAACACCGTCAAGTTTTTCCACGACTAGTCTGCATCTCCCGCCAACTCAACGTGTACAACCGCCGGTACCACGACTATCATGGTGCAAAGACCCTATCCTTGCTTCGTCAGCCTACGACAAGAGGGTAAGACACGCACTCGGTTCTAGGCTACCGCTTTGTCTAGGGTGGAAAGGGGAGTAGCCAAATTCAGAGCGGGCATTTTCTCGCAATGTTTGCCGGCCCGCTAAGATGGTGAGTGTCCATTGGACTAGTGCTCATCGACCGAGAGCGGTAGACCCTTTCCTTGGCGACAGTTACTGTGTACAAACAGAGAGACTTCGTTAAATACGTCTACTTCTTACGGTAAAGATTACCGCGTGTAGCCGCGTGTGCGACTGTGCTTACGATATTGTAGCGCGTAACCCATCTATCCGCGTGACAAGGACCGAATGATTTTAGCGTTGACCTGTTCCAATTGACCTCACTCGCCAGCAGCATAGGGTGTTGTTCCGGTCACCCCGTTCAGTATCAGTTAAGGGATTTTAAGATGACGCGACGGGTGTGGTCTGTTCACTGCATGATGTAATTATCCCTTCCACGATGCTTAGCTTGTTCGTTTAATCAGGGTGCTAGTCGGACCCCTTAATGGACGCTCATTTTGAGGAAGCCTCAGGATTACTCCATAGAACGACGAAGGGCAAAACTCGTCCGGTTAAGACACTTTAGATATACGATAACCAAAGAAAAGGTCGAAGACGAATATGCGCCAGTAAAGGGAGTTACTATATCACATAACTACAAGTCTTTCATTACCTCTTCAAATAGCATAGCAGTACGCTGCATGAATCCTCAAAAACAGAACACCACGGCTTCTCAATACACCTATCCATGAAGACTTAAAACTTGCCTTAGGCGTTGGAAAGGATCGCAAGAACGAGATAGTCGAAAACATACGAGCCCGCTTCCTCGAGTCACACACTGCGGAATGTCACGATATATAGTTCTGAGTTAGTACATGCGGCGGTCAACAGCCCGCCTACCCGTCTATAGGGTCCAACGAAGAAGGGAGACTAATTGGGTACTGGTGCGCAAGAAGGAACTTGGCAGGCAAGATTCGCGTTTGTCCCGATGATCGATAAGTGGACAGGTTCCCCCCTCATTTCCCCCTTTCACATTCCCTGCTGCATCTAATGCTAATTGACAACACGGTTGCAACGCCCAAAGGGGCGCGGGCTCCTGGGCAGCAGATTTATTGGGAAATAAATCATTAGCGATCCCCACCTCCATTCCTCGACATTATCAACTACGTGTGCCAAAGGAAATTAAGAGTTCAGGAGTTCCTGCTGCACGGAACTGGGTATCACGTTGTCGCCAAACGCAAACATGATGTGCTAAGGATTGGGCTGTGCGTTCTGCATCGTGAGGGGTTTTAATCAGGACGAGCACGTCCTGCATACCTCAGAATAGAGGGGTCGACAGTCGTGAACAGCGTGTGCGAAAGC,1976,50.05,Arabidopsis thaliana
SEQ_522097,GAGCTCCCTCCACACACGCTACGTAGACAGCGTCTCTGAGGCGCCACAGATGCTAACGGAGGACCCGTATGTAATGCCGAGTCGGACGGCCGTGGGTCACACGCTTCAGGTATTTGTACGCGCTCCGGGAAGTGATTGTAACAGTTGGACTCCCGGTTCAATGGTGAGGCTCACGGCGTGGACATTGACTCACTTAATCGACTACAGCGGTCTGCGCCCGCCCGGCCTAGCGTTGCAGAGAATGAGCTTGGGAGCCCTTTCCCGGGGAGAACGGTAGTCCTCCGCTTGAGAGAAGGATCGAGGTTAAAGAAGACGGGGCGAATAAGTTATAAGCAATCACCGGTGTGGACTATCCGGGCAGGTCTGTGAGCGGCCGGTCTATGAAGGTCATCCCCGAAGGGATAGTGCGACGAGACGAAGCATCAAATACCAATCTGAAGCTAACAATGACCGAACCTAAATATCGCAACAAGGAATGAAAGCTAGTACATTTCTTGTTACGTGAGGACGGATGCAAAGTAGCTTACGTTGCGGAGCAGAAAAGGCTCAACCGCTCTACTTGACGCGCGAAATGGTGTCGAACAATCCCACCTCGCTCCATTAGTCGGCACTAACCTAGCAAGGGGACACTCACTTATAAATAGAGAATTCAATAGTGGGCCCAGCCTTCGAATACCCGCAGGCGGACTCCTTACTCCAACAAGAGAGACATTTGCCGCTACTGCCGGTCGAGTCTACTCGAACCTGTAAGCGCTAATGTCGCTGATAGAGATAATAGAGACTTAGTTGAGGATAGATATCTCGGTGGGAGACCGATGTCCAATTTTTGGCTGCAATGAGACATACACGACGCCTGAATAGCGAAGCCGGACTCAACTCAGTACGTACAGGTCTTAGATGATGTGCCTCAATGCGGACGTGCTAATGGACGGCGGCGACGTCAGAAAAACACCCCTGGTGACAATAGTTGATAGTAGGGACCTTAGC,987,52.28,Homo sapiens
SEQ_195707,TTTTGACGAGCCGGCCCCACTGGTGGTTCGAGTCGGCGCATAGCCGCTCCCTTAGCTTTCTCCTGGTTAAACGTGAGGTCGTGGGACTGCTGATCACACAGGACACTATGTTTCTATACTAGAGTCTAGACAGACGCGCTGTTGTCGAGCTTCGTCAATATATGTATCACCAATGCAACCAGAGACGGCCCGGTCTAGTCGAGATGTCAACAGCCTTCAGCTCGGTTGCCCATCCCGGTTTACAAGAGGCGCACCCTTCGGAGCAGGCGTGTGCTCTTGTCGAACCTCTCAGTGTACCGGCTAAAATATTTCCTCGGTAGCAGATTTCTTAAGCCGTATGTTTAATTGCTTCTCAATTGGTCATGTTCAAGTCCACACCTTCCTTGGCTTCACCGTTCAATATACAATTATTGCTGGTCCTAACCTCACACTTCGTGGATTCCAATCGTCCGACATAACTTCCGCGGGGACTATCACAAGGACAGTCACCTCCAACCACCTATGATTACTCCCCGACCGGGGAGTACGGACTAAGCGTCGCTGATCGATACTGGAACCGACTGTGAAGCCTGAAACAGCGTTCGTGGTGCGGATGACTCTGCGTCGTGACGCACGCGAATCTCGAGACGTCGAAAGTCTTTGTGTTGGTCACGGTGCCACGTCGCGATGAACTTGTAAATGAGAACTCAATCCAGTGTCCTTCGCTTTAACATACTCGTCCCTATTCTTATCATAGCCAATGTATCCCAGGCTGATTCCTCTTTTTAGGGTATTATCGCGCTTTGCATGTGATGAACCAACAGTATCGACCTTAACCTTATTTCGAGTGAGTCAGGCCACAACAGTACGATTAGTATACTATCCGCCTCGTCACATAGATTTTGCATGACCGCCTCCCGGCTTTTTGTGAGAGCAGGTTGCTAGTGTGCTATGCTCTAGTTGTGCTGAACAACGATACGAAGGCACTTCTTCGGGAAGGTCCGCTTGCCCGCGTCGGCGCACAGGACATCCTCGGTGCCTAACGGGGCATAAAAGCCTGCAGTTAGCGAGGCTTAGAGTTTGGCCATTCTGAACACATTGGGCCGGGCAGAACTACGACACCAGGTCAATTGATCTTAGCCTCAGGTTAGCAGCAGGGGGGGGATGTTAGTCACTGGTACCACAATTCACTATCGAAATGCCACGTACATGTTTTCTCATGGTATCGGAACCAACGTGTCGGCCCTCCTGAATTAATACAGAGTCTGTTCCATAGAGCCGTATCAACCAGAGCTCCATACCATCGGGATGATTACCCCTGATGTCATGTGTAGACACATGACTACAATCTTCCTAACCAGTTAACGAACGGTGCACGACGGCGCATGTGCCCCCTACTTAACCTGAGGAGTGTGGTGGGCCCTCACCAGGATATGAGTTACGGGTGCTTAACAGGTTGTATGCTCAGCTACGTACCCGCAGCCAGCGGCTATCTGTTTGGCTTACCAACTGTCATCCTGAACATGAGCAGACTGAAGGCGTAACAAGCACCGGGCATCGCGCACGCAGTATGTCCACCTCAATCAACGCTATCATTGGACGAGATTCTGCCCCCTGTTCCAGAGAACCTGCTGAACCGAGCAAGCCTGACCGTCATAAGGTAAAAGTTTTGTTAACTACACGTTAGGTGGATCATGAGGCCCCTCGTACTGAGTTGCGGCTGTGGAAGGGGAAGAACCGTGATCTGTTTGGGAAACAACGTTTCGTCAACAGACCAAGAGCTGCAATCTATACTCGATCCCTAACCCACCAATATGAATTGACCTCACGAACGT,1814,50.72,Escherichia coli
SEQ_973271,GGCCTGACCCAGCCGGGGCTTTGTCGGACGGCCGCCTTCGTAGAACTTGTCCTCGCCTGGCTTAATTTCTGGGGTTTAGCTGCGCCAAAGGAAGATGCCAAATTTTTATGTGAAAAGTTAAGCGGGTTTCTCCGCTCCGAGCGAAGTGGTTGGACTCTGCATAAATGGAATTCTGCGAGTAGTTCGTCCACCCGCAGTGTGCGTCGAGCGACCACTTCTATTGCCTCCCGCACGGGGATCACCAGAGGAACAACTACCAAACGCAGAAGCGGCCGGATCGAGTTTACCCTAGTGCATTGCGCGTAGCGGC,310,55.81,Caenorhabditis elegans
SEQ_344616,GTTAGCGCCGTGCGATGTGCGCGCGGAGAACGAGTTCTGGCACCTGAAGGACATCTATCCCCATTAGGCGCCACCGACGGGCCAGACGGCATATAAGATAA,101,58.42,Escherichia coli
SEQ_420363,GAATGGTAAACCTTGCGCCCGCACTTTCTAAAAATTTACTGCAGCTACTCTTCAAGAACCCAAGGGACGAGACACGTCAATACGTCATAGTTTTTCTACGCGCAGCTAAGTTGGTACAGGGATTCCCTTGCTCTCCTCGCGCTCGAAGAAGTAACAATCGGTCTGGAATGCGACTTTAAATTGTGCGGCAGCTACAATTCGAGAGTGATATATATCATTGCAACTTAAATGTCGCTGGTAGGCATGTATCATAGCAACCTTTGACACATGGCTCCTTACCAGCCCTGGCGGCCATCCTGGTTACCGGCCAGCCCAGATCGCACCCCTTGTATGTCAAGTGCAAACCTCCACTTACCCAGGAACCTGCAGCAACGAGTTATAACTTTAGTCCGGGTCTGCCCGGACCTAAGCTGCTGCGTCAATCATTGTGAAAAGTATTTGGGTGTTATCTACCACTAAACTCAAACAAATGGGCGGTTCAACTCAT,487,47.84,Homo sapiens
SEQ_351203,CGCGTTAGCACGCCGAGACTTATCTAGTCTTGAGGCCCAATCGTCGGGTCAGACAACGCATTCTGTAGCGTCTGAACGCCTCCTGGTAAAGCTTTTTGAATCCAAAATGGGCCCGAACCCGCCTGGCAAAGTCGTCGCCCAAACCTGCCAGCCCCAATACCCGTTGAAAGTTAGAGTATTTTTAGAATTTTCAGTGGTGCGCCCAGACAAGTCCACGATCGTCTTCACCTTGGTGTTTGTATTACGGTATAGCGTTACAACCCAGGCTGTGGGTGTCGAGGGTACAGTCCTGCGTAGTAGAGCGGAATATAAACAGGCGACTGAGCTCGATTAATCCGCATCCAAATTGCCGAGCTTTTGCGAGCCATTTAAACCCTTCGTAACACAGAAAACGCCGTAACAGGGCCACCCCGACCGCGGCCGAGTTCGGGGTAATAGGCGGAAATATCCCCATATGAGTGTTCCACATCACAGAGACCCCGAATGCCACCGTTCGATCTAGGCAAGAACTTTCTCCGCCGATTTATTTCTCGGCACAGATGAACCTATGGCTAACCGCTGTCAGCCCACTCATTAGGATACAGCTCCGCTTGTGCAAATACACGTCCGTTGTATTAAATGGTAACCGTGAATCCCTATACCCTATCTGATACCTCCGTATAGTCTTCTCCAATCGACCGGCCATAAGTTGATATTGCAGTCCCATAGTGGACTTCAATACTGTCAGAGGCAGCAATATGTCGTTTCTCCGTTTGATGGCCACCCCTTAACGCGTCCAGCGGCACCGCCGCCGCAACTCTCGTATCATCTTCCAAAGGACATTCGGTAGCGCCGACCTCAGAGAATTCTTCCGTACTTTGCTTAAGGCAGACCGGATTGGTTCATTACCGTTTTGTACGATAATCGAGGAAACATCCCCGTCCCTTTGGGCAACCTTGGTAATTCAAATAGCCCGGCGAGGGAATTACCGGGGAGCTGGATGTTACACGAGTATGGATAAAGCCGTAATGCATCCTCAAAATATTAATATTGTTCGGGTTCACAGCACTGGGTAGCTGACGCGGAGCGGCTGATTACAATATACGACCCCTATGATCGGGACGAAGACTTACTCATAGGTGATGAGCCACGACCATACACGTGTAGTAACTCTTCCCGATTACAGTGGCGTCAGGGGTGTAAATGCGCACGACAACGGCACATAATTGCCCAGCGCCAGATCGCCGATGCCCAATAATCGATTTACACAATGCCACAAACACTCTCGCCTGACACCGATGGCTACGCGTAAGGTGAACAGCCGTGTCTGACGAAAGTTTGATTACGTCAACGAGCACGGCCATGGGGCTGGATGAGCTCAGGCGCTTGCTGCGCCGCGAATGTACTGTGAAAAGACTAATCCTGCGAACAGACCGGTAGATTACACGCTAGAAGCGTCCCTACGACTTGTAACCCCGGTGCTGAAAGGCGTCTGAACCTCACCGCTGTGAAAATATCTGGGACATTGCTCAGATCGATCCACAACCCTCAGATGGCAATGGCACAAAGGAGGAGCTAGACGGCAACCAAGTCTGTGAACCGCCTACTGTCCATTTTTCGGATCGGACACTAGGCTTGTACATGCGAAGATTTCTATGCCAAGACTTTGCAAAGTTACTTAGGTAGCTTCTGTAGTATCTGGTATTAGATAAACCGG,1696,50.53,Drosophila melanogaster
SEQ_258332,AGTCACCCTGTGATAGTTTGCTCTGCCACGCCAGCCGTTAAAACCCGAAAAGTAAGGACCTTACCTGTACGAAGCTAGGCTGAAAACACTAGATATATAGCCAAAGCAGTACAAAGATGCAACACGGTTTTACCTATCGACTTTTACAAGCGTACAGTTGCCGATAGAGCAGGTAAAAACAGACTTCCGTCAGAACCCAGCAATGACACTATCGGACCCGGCACTGCCTCTGGCGCCGTTTGCCCGAGTTACCACAGGAGACCAGGAGCATCACCCGTGGCGTGGTAAAGACGACCTTTTAGAAACATGAGGGCAAGGTAGTGTATATTAGTAGGTCTACCCAACCGGGATTGTAAGCCAAGCCATCCCGTAAATCTACGGAGCCACTAGGACTTTAATCTCGCCACAATTTACTCACCTGAGCAACATCATCTGACAGGGTCCAAATCTCGTGGTCCAAGTGAGAACAGCGATCCTTTTGTGAGGTAGCTAGTAGTGGTTCCTAAGCTCCTTATATGGTGTGACGTTCCACCGTCTCAGTTGCTTAATTACGTGTGAGTATTTTGCGTTTAGCTTCGAGGGGCAAAGACCTCTATCTTAAATATAGAGTTATCCATCGCCGACGAGGCCACATCGATTGTGTTCAAAATCTGGGGATCGCACCCCGCGATTGCCCAGTTCTAATCATCGCAGTAGTCTTTGCTACTCCCCTGTGTTTGGGATCTCTCCCAAGCCCCGAGATACGGACATCTACGATACGTGTGTGTGTTACGTAGAGGAATAGGAAAACCTTTAAGGAATTGAGTAGCGACCCATATTACGGCGAGTCAAAGCCTAGTACCTAGTACAACAGTTTGTTGGCGTGGTTTGTTTGAGGCACCACATATTACAAAAAATTGCACACACACAGCTACCCTAGCGGCAATGATGTATAGCACTGTCGAAATGGAATACTTAATGTTGAAATGTTTTTTCAACCATACACTTCGATCGACCTTAAACCTCGGGTTACACTCAGGATCACAGGATAGGTGAGAGAGTCCACTAATATTAAGGGGTATCCGGTAAACTCGCATACATACACCAGGTGCAAATTGCTTGGATGCCAGGCGCGTCACTTCCTCCCTAGTATGAGCATACAGCTGGGGGTACTTGGTGCGCCCTGAAAATAAGAGATTCCTTCCAAGTTTGGCGAGCCGGGCAACCACGCCAACAATTGTCCCATCCGTTCTCAGCGAACAGTAGGCAACTAGTATATGTTCGTTGACCCTCTGCGCGTTAAAAGTCAAGAGCATACACTTCGCCGTTATCACTCTTCGAGTCTTTTAGTAGCCGACAAAAACCCAAGTCCTACCTAGATTTATTACGGACCACACGCCGTCCGTTGAGTGACTTGTTTAGTCGGACCCATTAAGGCGAGGCAGCGGTAGATACTTGAGCGATACTGACCCAGGTTACCCGTACGCATAGGGTTGTAGTTCTCCGGAACAGACCATCGAGAATGAGAACTTCTCTGTCATCTATGCAATACAGAGTCATAAGTCCAAAGCTACGTGGGGAAGGCTTGAGACGATCTGCTGGGGCCCTCCAGGTCCGTTCGGGCATTGTAACACTTAGAAACCATTATAGGACACCAATATCATTAGCTTATCCCTCACAGAGAATCTGGATGTTACATTTTAAGTGCTAAAAGGATCGAGGCTT,1704,47.42,Mus musculus
SEQ_438481,TTGCAGCTACTGGTACTTGCCTTAAAATCTAGGAGGTGGTGTGTCATACTCTATGCCTGCGTTTAATATCATTATCTAGGGGTGTGTGATGCCCGCACGGCGATCAACAATACGATACAGCGAAATATGTAGTGCGTCCGGTCGTACAGGTGTAGCACCAACAGCGGGAGTTTTCACTGAGAACCATGCTGCAAAAATCTTAGCCCAGTCCATGCCGAGCTTGTGTGCGATGATAATTTAAGCTCGACGCAGTGACATTGAATTGACTTGGCGCACTCTTCGCCACTTGTTTACACGTGTGGCTGGATGACCGGGTGCGAGCCCTCGACCCAACTAGTTCCTTGTATCATGGCTTATGGTTAAGAGAACTCCAATGCGTGTTTCAGTGAAGTCGGTTACCACTTGCCATGCATAATCTTGGTAGGAACAGAGTGAGCATTTTGGGGGGCATCGGTCTTCAAATACGGACACTTGTCGATCTGACTCTAAGGGTGTCCAACAATTCGTTCCGCGCATATAATGGTGCCCGACACTGCTGGGCATTAGCGGGACCTAAAAATTACGGTGTGACTCATTTGGCGTTAAGGCGAAAGCTCCTCATCGGACGGTCTCTAATTTACACATTGCATCAGAGCATCGAGGTCGACTGGACCACGATCATCATGCCGTCTATAAAGGTAGTCAGAGACCCACTCTTTACGACTTCCACTGTGCCGCCTGGCCACTGCGTTGCGCAGTTGGAAACTCAAACCAGGTAGTAACGCACGGTTAACCTCAGACTGCAGGCCTATATCACGCCTACTTCGACCACTAAGTCCTGCATAGACAGGCGTGTGGCTCCTTAATTTGGGCGAATTGCGGATGCCAAATATGGGTCAGTGAAGCGAAGAAGTAGACAGCCTCTTTAGGCCCACCAAAGGCTCGGGTCAGCACCTAAAATTCTGTGAATGTTCTATTGGTACTACGCAATATTATCGAGCAGGGTATTATCCATAATTTGGCTCAACGGTAGGCGAGGACGGCGATGCTGATACGATTTTGGACTGGTTGCGATCGCATGCTGGCAGTGAACA,1073,49.39,Homo sapiens
SEQ_368974,CAAAGAGCGGTTTCTGGAAAGCCTGCGCTATAAGGGATGGGGTCAGTAGGTTCACCAGGAAGGAAAACTACTGGGCGGTGCCCCTGACCATTCGCACAGCGAGGTAATGTACGGCAGCAGCGGTCGGAAGATTGCTACCTTAGACACAAGGACATGTTCACATCGAGTAAAACTTGGTCTTTATCTTGCGCGACCCGGCCGGGCCTTACAATTTCCACTCCCGTTCGGCTTGTCGCTTTTCTCCTAACCCGATTGACGATCAAGTATAGGCTGCTATCCTACTGATAAGCGCGCAAGGTAGAGCTCCTGCCCGCTCTGCTCCGGAGAAATTGAGGACTGCCGATTGACACCAACAGGGCAGCCGCGCTGATAGAGCTCCGGCAAGTGCTGCCCGGGTTTAGCTGTTACGCCCCGGTGAGAGGAGTCAAACGTACTTTTCGTCACAACATCGGAACAGGGAGGCATGAGGCATCACGTACTAAATCGACTATTTGCGCTAGTTCATGAGCTAGAGCCTATCCTATCCGAGGTTGATTGCCAGTGGAGACGACATAGTCCGGGGCGCAATAGATAAGGTACCGTGCGGTTAAAGTCGAGAAGGGGCAAGAGTGCCATTCCGTCACAAACGCTCCACTAGTGCGAAGACGGCAGTATCGAGAAAGGGAACCAGGTAGGGAACAAAGGGAGGGTTCGGGCTTCTGCCGGCCCTCGAGCACGAACGCAATGGCCCATCTAGTGTAAAGAGCGTCATATCTTTTGCTAGGGACCCTAGTCCGACGCTTGTAAAACTCGGTCCGAGGAATGGATACGGTTAGGGCTCTCGGGTTGAGTAGTACCTGACGAAGTTTTGGAGATTTTTATTGATATGTTACGCTCGCCACTCTCAGAATATCAAAATTTCCATAGCGACTTGACAAATGGACCTGTCATAGCTCTGCGCACATATACGTGGCCTTGTAACTGTATGAGTAAAAAAACCCCGTACCGAGACCTGTCATGTGGAAGGTTCCTCTGACCGGCCTTTGCTAACGACTGTAATGAGACTCCAGAGAAATCAGGTTAATAATGCGAGCCGATAAATGTTTTGACGCAAGGGGTACCCTACCAACACGTGAGAGGATTTTGTAATCACGACTAGACAAAGAGGCCTCCACCCTAGCTATTAATGAGACGCACGCCATATCTTCCCTTCGTATGTAGGCGAAGCGGAACGTGTTGATCTTCATTCCAATTGATGCCGCACTGTTCACGCGCGCAGGCGAAAGGGGTGAAGGACGTCCGTACTCCCACACAGATCATAGGTCTATATACGCGGGCCAGTATCGCCGTCTGAGGTCTGAGTTATGCCAATCAGTTGGATTACTGGTCGTTCATGGATTTCGACCGGGGGACTAGCGGTGGTATTCGGCGCCGGCCGAAAAGAGGCCCGTCC,1432,52.03,Saccharomyces cerevisiae
SEQ_521038,ACCACGTCTGAAAATGGAATAACAAACATAAAAATAGGTTACCTGTAGCGCCAGCGTACCAGGGAGACCGAGGATTGATTCCCACGCCCCGATCGGGGTAACCTATCGATTTGCCATCGCGGGGACCGCCTCGACGAATTTGTTCTTCCGCAAGCAAGATAATATCGACAATTGGCCACGGATCTATAACGCGAATGCACCGAGTTTACACACAGAGTCTGTTTACTAGTCAGCGAGTGGGCCGTGTGTACTGCTTCTGCGCTCGAATTGGTGAATCGTTTTCCCACCGAGGGGATTCCACTGATGACACACGGATTCCCCTCTCAATCAGCCTAATGCTTTGGAACATTATGGTTTTGACGGGGTACTTCCCATCTTGTCTACTCTTAGCCATCACCACGAGAATACCTAGAAGGTGGTTTATAGGCGCCCCGATAGCGACTATTTTTCTTGCTCTCACAGTTTCGAAACCAT,474,48.95,Arabidopsis thaliana
SEQ_822834,TCGATTCAATCTGAGGCTGCCAGACGGACATCGGCTAATATATCGCGAACCGTTTAGCGAAATCGATATCTCTTGCGCTGTAAAGGTGGCGGTCTCCTATAATTCCTCTCCTTGCTCCGAGCAGGGAGATATGGGTGACCTCAAAGGGAAACACGCTTTTGCGCCGTTACATGTTACTGCTTGTTTTTGTCGTCGGTGGTGTACAGTACCTACGATCACGCCTAGACCAACGCGGGTAGTCTGACTGCTCCGAAGCACGGTGTCGACACCTCCTCTGACATTCGCTTAGCAAAACTTAAATGCAGTCCGAAATTATTGCTAACTCTATATCTTTTTAACGCA,342,48.25,Homo sapiens
SEQ_766616,GTCCTACCACGGGAGTACTCAATTGACGTCCGCAGCGATTTGCGGAAGTCTAGTGGCCCCCTAGGATTTCTTGCGACCTACCTCATCCCAGAATTTAGCGGAATTGACTTGTCGACCCGCCCGTTCCTCCGTGCGATGAGGTCTTTTGCATAGAACGGCGATTGCGCCTACGGGCTCGTCCTAAAGGGTGGATACACGATAGTAGCGGTATCACTGAGTTCTACGCCTAGTACACCTTTCGGTTGGACGATAACGATTTGAGTCGCCACAGTGCTTGTTGGATTGCGCGCTCAAGGGTACTATCATAATGTTAGGTGTAGCCATTTACTGTACCCTGTGAATAATCAATACGGATTGCCATGGGTGTACATGAGTATCGGTTAGAACCCTTGCCTGTATAACTGGAAACCAGTCCAGAGCGTAGGCTATCCACAGTGTACGCCAAGGCGACTCTCAGGACTCGCTCCGCGTTCAGTGCAGCATAATCTTCGAGTTACCCTAGGGATAGCAAATTGGGTCAAACCGCAAACACCTTTCGGGTATCAAAGCACGGGCGGATCACCTGTAAGGGCGCCGTTCTGTCCTCGTTCCTCATACATGTGCACCGTAAGCGTCGGGAGCACCCTGCCTTCCTCAACCGGACGTGTGTTGTCTCTCTCTCCTGATGGTCGAGGGCTGCAATGATGGTGAATTTCGTAAATTAGCTCCTAGCACCACGTCTGTGCAGTTCTACGTGCACTATGAGTACGCCGGTAACATCACAAACGCTGATATTAAGATAGGGCTCTGTAAATCTACTCTGTTAGATTCGTGTAACCCCCTGCGTATCTTCTTGTTCTTGGAATACATTGTTCACGTTTCTCTTGCGCTTGTCGAGTACCCGGAACGACTATTATCCAGGTTAATGACGTGGGTGCCCGAGGCGAAATTTTTCGCTTGCTGATCAACACGCAGTATAGATGGTATTGTGTTTGGCCTATACGTTGTATATGAAAAAAGCAAACTCTCCGTCTTTGTCGGTTGTGCTTCGCCAGTCCCTTATTGCTCGGGTCATGCAATAACCATATTATGTAGAATCAGTGAGGTTTTCTCGTCGGATCGAACTAATATCGAACAGTCCTGTCGATTGAATACCACCAGTGTCAAGAGCCTAACGTCGCTTCGTGGGTCGTTTTGGGGGATAAAGGTCGGGTGTGCCACGGGCTTAAGGCACCCAAGTTAGTCGAGTGAATCCCGCAGGTGCGTTTCGTGCTATTGTCTAGTGAAGAATGAAGAGCGATTTATCTGAGTACGGTACGTAGTCCACCAGGTATAGGGAACACTGCCCCATGCCCCACAATTCCAAAATCACGTTGTGGTTAGTAGAGTTGTGCGTCAATATGGCCTGCCTGTTAGCTGGCGGCGGTTACGGGGGGCGCTGACCTGTGGAGGTTGTCCGATTCATGTCCCGATCCTTCCCATGACTATGGCTGACCGACCGCATGCATGTGATACAACGCCGTGCTGACACAACCGCCACGAAGACTATCATAAGTGATGTCCACATGAGCCTAAACTAGCTATAACTCCGGGGGTTCAACACGCTGGAGTTTCTCTCGCGGTACTACTGTATAAAATAGCGTTTGAACAACACTTAAAGCCAACCAGACGTGGGTCTGAGGCAAACCCTGCACTGGGCCGGACAAACGCTAGCAAAGGGGACGAGGACAAGCGCCGCCCACCAGGATCCCGACAATCTCCAGACGTGATCTTCTTTCCGGGAGTCATCTTCCGGACAGGGTCATGCCGCAGCCGAGCAGCCGACGTATGGAGCTCTGTGGCCCATGATGAGATCCCCTCTGTATTTCGCTGGGTACTCCATTCACTCCCTACATCTTCACAATCTCTCGCGTGACGGCAATAGACGCTGCCGAGTAGTAGCTACGCCGTCTCTCCATCACAGCTTGTTCTGCGGTATACGGGTAAA,1966,51.17,Caenorhabditis elegans
SEQ_602811,CAGCAAGCCATTACTCTCGTAACGTTTAGGTTCACGGCGACTATTAGGCAGAAAAAAATAAATCCCGAGCCCCTAATACTACTATCCTTGGTTGTTTGCTTCTGTTCGGAGATTGGTTGTATGTGCTTCCATCAATAGCGGCCATATGATTAGTATAAGTATCGAATAGTCTATGTGTTTAACCCGAGAACGGGCCCCCACCCCTTCTCACTGCCAACCACGACTGGACGTGGCTATTAACTGAGCTATACCTTCCTTACGTTCCAAGATACCAGCTTAAGGTCACCCTCAACAGGTGTTATCCGCAATCCTTCATCACCGGTTTGCCGGCTCTCTGGCGAGTTGTTCGT,350,47.14,Drosophila melanogaster
SEQ_385552,GCCTTCCATGATATCCATAAAGTCCAGGTGAAATGGAGAGAGGTGCAGCCGGGCACTTTGGGATACGTGACATCCCAAAACGTTCTGCAGAATGACAGGCCCTAGTTGCATAGTAGAAAACCTATCTTCGCCGTTCGTATCCATAATATTCTGCGTTTTCGACTGCACCGGAATGCTCCTGAACTAGCGTCTGGAAGTCCGGATTAGATCAACGTCATATCTCCCTCTCGGAACGTGTGCACACGAACTCCCTGGACTCGGGGGTTTTTTCGCTACCGACAGGTAGAACTTCTGTCGGATGCAAAGTCCGTGGAGTCAATCATTACAAAGATCCTGTGTGTGATACTCCTGCCGTCCGCGTGCTCCAGTATATTGATGCGCCCTTTCTACTAGTATTCGACCAGCAAGCACGTGCTGTAAGGCTATAACGAGAAAAGTGGGCCGCGACGAGCTCATTTACTCCGTGTCTGGACCAGATCTGTGACCGAGCAGTCGAACAAGTCCTCGGACGACTGTCACGCTTGGTCGCGAAATCCGTTGCGCTCGAACATCCGTACCACCCTGCTATGGACCGCAACGAGATGCCATTACAGGGAGTATGCATGCGGTTTCGGTTCCACATCACGTTACCTCAGCGAATAACATGTTGCGATCCTAGTTGCCTAGGCGTCATCTCACGTCTCCAAATGTCAAATGGCCAAGCTCATCTGAGTCTTAGCGAGTCCTTATGCTTTTGATATGTACGGCGTAAGCAGGTTAATACGCACATTTCTAATTTTCAAGGGACTATACCGACATATTCGATCCATTTGACCTAAGGGCCGCATGGAATACAGGCTACTGAGTGTATAAGGGCGGGTTAGCATTAGTGTATACGTATAGAGCCGAGCATGCTGGAGGTATCCCGGCCCGGTTCGGTCCACACAGGGCCATAAGACCGTAGACCATAATTGTGATCGAAGCTTAGAATGCGTGCGTATTATCTACCGGGCTTGCGTACAAGCAGATCATACTGCGGAGGTTGGTCGCTGAACACTCGTTCGTGGTTGCCAGGTCAGACCGATACGCGGTGATTGAGGTTCGCCAGTGTACTGACTTATCCCGCGAATACTTGGGCCATGGAGATGCTGGCATTGTATCATCCACGCTGTATTGTTTGGCGTACTGCCTTCCGTCAACTCCATCGTCGGATATGGGATGTTGAGGCTCACATGATAGTAAGACCGAATTCGACAATCGCCTTACATGCGTGGCCTAGATACAGTCACACGCCATCCTATACACTGTTCCAGAGGGGTCTATTCCACATAATGGGCTCACGAGAGGCGTGCCCTTCTCTGTATGATGTCATACCCTCTTTGTTTCGAATTTCAGGACACGTGTGTAACAAGTGAATGCTTATAGTTAATAATTTCCTAACTCGACTAGCAACCGTAAAATAATGATGTACTGATAGAGCTAATCAAACCCACGTGAGCTCTTGGCTCCCAACTGAGTGGAAGCACAGACGTCCCGGCGTCAGTGACTGGAACGGAGGATAATTTTGCGATACACGACGCCA,1561,49.71,Homo sapiens
SEQ_650507,GCAACGCGTTGGTAAGTTACATATTGGTAGTACCAAGACAACTGCTACCCCTCCGTAGCGACGATGAAATGGACTGAGGTACAGTTTTCAAAATTATGACTACCTGAGGCTGCCTCTATCCTAAATTAGCTGGAACCAGGTCCTCAGTTCAGCCCCATGTCGCAATCATCGCGCGCGTAAATAGAGGGCGGAAGACCTTAAACCCTCGAAGATTCATGAGACTTTGTGCTGTGGATCTGACAAGTCGATAGGTTCCGAATACCCTTGTCCAACCTATTTCCCGTTGATGAGAGCATGGACAGGTCAGCTTTTATTGCCGCAGCCGGTTGTTGACCCCGAGAGTAAGCAATTGCTTACCGGAAGATCCTGACTCTAATAGGACGGGATTCGCTCAATCCATTTCGCGCTGAAACGGGAAGGGCGTGAGTAGTCGGCTGGACGATCAGTCTCCGTATGCAGGCCAAGACTCAAACGTAAACACGTGGGGATAAAATCCTGCCAAAAAATGTACTTTCCGCGGTTCAAAACTCCCGTGGCTTGGGATGTTGTATTTCTGACCAAGTCGTCACCTTGCGCTATCGGCCTAACGCTACGTGGCCTTATTCGTTTCAGAGATAAATCAGTGGGCCAAGTTTTTGCGATGTTCTTATAGTCCGTCAGGTATCGGATCCGGGAGTAACGCAGTTGTATGGCCTACTCCGTCAGACACCATGTCCATCTGGAAACTTTCCCGCACAATGCAGGCCTAGGTGTCTCTAAGCTAACGTGGGTGGTCGAAGGCGACAGACACTTAGGATTGGTGTGACGGAAAGCCTATGAAGGCTGCATACATAAGTGAGACCTGGAGCCTTCTAATAGACAGCGCTACAGTACGCCACAATAAGGGCTATTCACCTCGTAACGCGCGCCGCCAGCTACAGCTTACAATGACGCCCAACGTAATTCAGGTCGTTTCTGCATTTTCCCGGGGAGCTTGTTTACCTAAAGTAGTAATCAGATCTGTATTCGGGTGAGTAATGCTTCAACTCCACATCATAGGACCACCCGTTGGCGGCACCATATTACCCGATGCCGAAGTAGAAGTTCTCAAACGGACACCACCCCTAGTAGTTCGACTTATGCGATCACGAGTCATCTGTTACAGCGCGCCCCAGTCTGATTCCAGTCATTATCACCACTCACCGCAAGGGAACACAGGACTTCTTTAACTGGTACCCCTAGTGGAGGGCATAAAATAAAAAGAGTGCCGTGCTACAATGAATGCATCCCACTTAGTCGGTTAAGTCTTTAGCTATGAGAATAGCCGTACATCGCCTACGCGCGGCCGATCGGCCCACGTGGCGAAACTTATGAAAAAAAGGGTTCCATGTTCACAACGACTTAGTCTCCACCGACCCATCGGTCGGAGCCGTGTGACATCTTGGCATAATGGACCGTTCATTTCTTGTTCCCTTAGCCCTGAAGACCCCGTTTTTAGTGCGTCGCACGATGCCGCATAATTGCGTTGACCCTGGGAGTGGCCCATCTCGTGATGAGTAGCTAATAATCCTATTAACAGTCATGAGACAATTACGGGGTATGCTCGCTTGTAGTGGCCCTCCAATATTCTGCCGGAAAGTTAGGGGCCCACAAAATGACCTTACTTGCTAAGTAAGTCCTCAAACCAAGAAGTAATAATACATTGAAACAATTGCAGCTGATGCTAACTGCGGCGGACGAACAGGCACTAGTGTGTAATGGGCACACTCAAATGCGTACAGGTCACAATCGGCCACGCACACGCTCATTGATCGATGCTGTCCCTAAGCCTCTTTAGCACCTTAGTGACCGAGGTCAACTAAAT,1843,49.38,Drosophila melanogaster
SEQ_938350,GTCTCATGAAGAATTAACGAGCCCCTTCGGGTGCAGGACGACGATCCTGGACTGAGCTTTATTCATCGTGAATCGTGGGTAGCTGGGGTTAGTGAGCTCTTTCTCTTCGCCGATGCTAGTGGCCGAAATGCGCTAATCATCTCCTCAAGATAATTGTAGAGCATTGCTCTCGGGTACAGTTCGCCCGAATGAGTCGACCTATCTCGCACCGTACGGGTATAACATTTATCCTATATATCGAGACCAATCTAGCTAAGGCTATACGACCATTCGGCCAGCATCCCGATACCAGACAGACGGACTGCTGCTACACCTCAGGTTAGAAACCTAAAGGTGTCTGCAATTCTAGTCTGTAACTGCATGTTATACTGGATAAATGCTTCCGGGTCGCGGGCGGTGAGCCCGACCCGCGCGCTATAAAGGACAATACGCCCGTGCTATCCGGGTCTTTTTCCTTTCACACCTCGC,468,50.85,Saccharomyces cerevisiae
SEQ_814346,ATTACTCCCCTCAATAGAGAGGAGAAAGTTAAAAGCGGATATCGGGGATCTCCTCACCGTTGAGAAGTTTTCCACTTAGGTCGGAGGATTATACAGTCACGTATCGACCTCACATATAACCATTACAACGCGAACGAGATGTCGAAGACGTTCTTTACTACTATATTACTTAGAAGCAAGCCAAATATAGAAACATGTAAGCCTTAGAGCATCGTATCTTTCGGTTCAAGTCTGAACACTTATACTCGTACCGATACAAATTAAGATGCTGAGTTGAAGAGCAGTTTGTGCACGCTTCGCACCGACTAGGACGCAAGAGATAGTCGTCAATTGTAACCATCTGCGGCTCTAGTCCCGTTGGTTTGGTGGACCTCAATCAGAGCTTGTCTTGGCGTGGGTTCGCGATATACCACCAGACACTCGGCGCGAAAGCTGCTCCCATAACGGACCCCTAATGCCCTCCTGTGTAACTGCCCGGAGTCATCCTGTCTTCAGGTCAAAGCAACCTGTCTATAGCCGGCCACGGCGCAACTCCACATCTGGCACCCCGATTATTCATAACTATCGAGCCTGATTTAGCCCTGATGAGTAACGCTCTGACATGAATTCATTTCCGCACCAATATCGCAAAGTGGCACATTACTGAAGCAGTGAGCGCGCCCGCCCTGCCGCATCTGAAGTACTACAACAAGTGACGTCAACGGACAATGTTGCATTAGTTTCGTCTTCACATGCCGTATGGACAACGAAGCGCTGAACGCAATCGTGCTGGGCTGGGGAAGGCACATTGGGACCGTAGACACTCCACGTTGAGGGGCGTGCTCGCTGCTATGATGACGGGCTGTGATATAAGCTGCAGCGATGCTTGAGGAGAGAGTAACCTTTTAAGAGGCCTTGAACGGGCGCCAAACCCGTACGATCGAGCACGGGTGATTGTACCTTACGCACTGGTTTAGCTTTTCATAAAAGCTTTGGCTCACCGAGGGCCGTTATTCAGGGTGCTGAAAACTTCGTCTTAAAATTTGTCCTGTATTCTCAAATCCTTTTCTTGCCTGGGTAGACTTATCGGGCCGCTACTGGACGCTCACAGAGCAGAATCTAGTCATGGGCAGTCTCTGCTTCGACGACTGAAGTGCATTGTTTAAGCTTTGCCTCTACTTGCTAAAATTGCGCTTTCTTAAACGAGTCATGAAAACAACGGTACCGTGCTTCTCCCACCTAACGGGCCTCCTGCGGCCCCCCGACATAGCCAGTGCGGGGCCCTCACGACAGGACACTGGGTACTCCATCTAAGAGTCACAGACCGCGTTCTGTACTTGTAATCGACCAGATTCAGCTGGCGCCCAATGGCACGCTACAAGCCCAGCTCGACAGCGTATCCAAACATGGTGCTAGCAGGACAAGAGGCCTCGCTTGCTACGGACTGCTGGATTTTGCACCGTACGCCCTATATCCCAGGATGGTGGCGTAGCTGCAACGATCAAGAGCCCCCCAAATCACTAGGTGTTTCCCTTCTTAATTTAAATCTTTCCTAGGGCGCGTTGACGCCGGGACGTCCCCCCCCACCAGTACGGCGACGCAGATAAGCGACGC,1593,51.04,Saccharomyces cerevisiae
SEQ_930886,ATGATGGTGCAATCCATGCCCATAGCCCACTTGGCAGCGAATGTCGTGCTACACACCCGGCGGACCCGGGCAATTTCTGCTAGAAGTCTTTCCACGCGTGCGGCGTTTATACTTCGATGGTAATTGGCGCCATGAGTACCATTAACCCAAAGCGGGACGCATTTCGATACAGATTACACTATAAAACTTGATCCATGGTTCAGATCTGTGGACCTTCTACGATGGCCAGGAGTGGAACGTATAAACACTGGTTTCTTAGCTCCAAAGATATCAGTTCCGGGTGTTTATTAGGTCCCGCCACCATCTGCGACGCAGAGTCCCGTTGTGGAGTGACAGCCCTCTCAGGTTCCTGTCCCCACTTTGAAGAATGAGACGTCCTCGTGACTAGCCGGGACTAACTCGGCATTTAGATCGTTAAGTAAGAGCACGTCCCTAGAACGGAAAAGAACTACTGGTACAATTGACCGTGTACGGCATCACAACCAGGCCACGAAAAGGGCACGTGGCCTATATAAACTTGATCATCTTCAATCGCGGGTATTCAGTAGAGTCCATCACAAAGCGAAATGTGCCACATATACCACATTGAGTCTACAGTGAAATCTGATAACCTACGGCCAAGCGGAAAGGTGATTCAGGAGTACAATCAATTGTCTGTCACACACTCGTCATAGGAATTTAGGAGCAAGTTTGAATCAGGTAAACATATCGAGACCACTAACCTGCAGCAGACGGCCGCCTCGTAATTTATCTAGCTGATTATACGGCGCTTTAATTAGTCACTCAGGTAACGGAAAGCCAAGAAGCGATGACGGGTGATTCAGGCTTCTCAGACAGTGCGGACGCTTGCGAACACTCGTCGTTTCGCTTGGATTTGGCTGTTACAGCCCTGTAGATTGCCTGAGGACGATTGATCACGATACGCAATGACATACCAATCGCTCTTGGTGCTCAGTTCATACCGCGCAATTTTGATTAGAGGTCTCAAGCCAGGATAGCCCCCCAATTTAGCCGCGAACAAGCCTCGACGATACCTGACACCTGGGGTCAATACCATTTACCGCTGAGGATAGCACACATATACTCTATAACGAAAATCTATGGTGACCGGCACCATCTATTTGAATAGCCTGGTGAAAAGCAATGCGGTTTCTGCCTCTCGATTTCGGATTGCTAGTCCTACGACACGACGGATCTAGCGAAATTGAACCGATTTGTGTGGGACCAGATACTGCGGGAGCTCTACCCAAAGCCCGCATGGTGTCTGAACCTGGGTTTCAAGATACAGGTGGGTCTAGCGACTTCATAAGAGTCGACGGTTTGATGGGCATGGTGTCTAAAGAATTAACATAGGAGCAGTTGGAGACTGCACAAGGCCTCTTACACGCCATCTTATTGACACGGTTACAGCTGCAGCGGTGTTAGGTCGAGTCGTAAGACGTGG,1444,48.89,Saccharomyces cerevisiae
SEQ_340300,ATGTCAGCTCCGCGGAGTGCTTTCCGCCCTGCCTTCCGTGATGGACCGCATTTGGTAAACCTAGGCTACATCCGGTGTCCTCTCTGCGTGCCACTTCTGACACCTGTTATCTTTACACGCCAAGCCGGGCCCTCATGTTAGTAGATTACCAAAAGCGACTCATTTAGCTAAAGGCCGTCATGGAATGGCCCCTGTCCTGGCAACTCAGGGTCCAAGTGGTACTATGGGTTCGCGTA,236,54.24,Arabidopsis thaliana
SEQ_555254,AGATATTGTAACGGCGATAGTACATCGATGCGCGCGACACGGTAATTCTCCTGAAATCCATGGTTTTACGTACGTGGGTATCTCCGCGATGACACTATTACCCTTCGGGCGAAGTCACTCGGTTTACCAGCGCGTTATAGGAATTATTTAACACT,155,46.45,Escherichia coli
SEQ_908017,TAACTAGTGAGTTAAGTCAGTGGTTACTACGCTTGTTGCTCCCTGCTGGGGCAGTTTTTTATATTATCGGCTCGCACCTTTTCGGATTCACAACATTGTAAGAATCATGACTAGCGACAGTTAGGTTTGGCCCAGGGCGAGACCGGCTACGGAATACCGCTTTTTACATAATAAGTATCGATCGACCACGTCTTCCCCGCCTAGCACTGTGATACGTTTCGACATGAATCGCGCGAGTGTTCTCCCGAGCCACCACGGGCAGAGATAAGTAGCATATTATTGTGTCCATGCATGTCTATACGAAATAATCATCATGGCCACTTAATAGTAGAGCCACGTAGGCATTCTAAGGTAGTGGTCTTGTACACATTTTTGCGGATCGGACCGATGGGTCGGTGAGCGCTCTGCGACTCCCTGTGTGTTAATTGAATGTGTTGAACTGTTACTAGATCCAACGGTATGTTCCCGTGAGGATAGCG,479,47.39,Drosophila melanogaster
SEQ_873284,CACATCACTCCGAACTGGTCGAGGGACGCCGAATCAGGACTTCGGGACTGTTGGGGGGTAATATGGTGGTGTCACCAAAGAGCACTCGTATAAATATCCAACGTTGGTCGTTGGACAGCATAAAACACCCCGGAAAATTACGCCCGCGACGCACAGGCGGATCCGACCAGCATTCATACTTACCGAGACCTCCCATGCCAGAGTTTTGATCAGCGCCTCACCGGATGTTGGAGATCACAGTTGTGGAGCATACCGAACACAAAGAACCACTATGCAATCCACGCTAATCCAATCCCGAGCGGGGGAGCACGCTACCTTCATTCGACCTTAACGTATTTCTCCTTTTACCGTCAGGCGCTGACTCTTTCAGCGACGGGAAGGGTGCCAGGTCTTAACAAGGAATCGGGATGATGCAGGCGGAAAAGAAGCAGACCCGATCAACGAATTTATACGGGGGGATATGAGCTATACAGTGAAAATGCATGATGAGCTTCTATGACTTCCTGTTCGATCGAATATTTCATCTGCTCAATTTGACGATAGATTGGCCCCTGCCTTTGAATGATTGCTGACAAAGCCTAGCATCCATATGGGCAGCTCTTCGGGATCCCAACTAAGACGTGTTTTTAGCCATTAAATTTATATTAGACAACGCCTACCAAGTACGTCAAGTGTTTTCCAGGTTGCGTAACTGGCCTACTCCCGCGGGGGTAGATGTCATTGGCCGGTAGTCGCCTAGTCGCCTCGAAGTACGAACCGCAAAAGGCACTCCTGTTGGTTTCGTCGCTTGCTAGTACGGATGTCACTCGGCGGCCCCGAACGCCTATGCTCGTAGAGATTAGTGCGCTCGGGTAGGATGCATAGACTGGGATCAATAACGGGCCATATAGCTCACGCCGAACCACTATTAGTAGATCCGATCACTTACGTACGCCTGATAGCGGTGAGGCTACATTGTCACTTGGCTTAAAGTTTGTATCTCGAGATTTCTCCATGCGCTTCCTATGGATCATCAGACCTAACAATAACTTTATTAATCACCGGTCCCTACGGTTCTTTGGCTCCCGCGGTTAGACAAATCGTTATTTAGACACAACCATCAAGGTGCGAGGTACTGCAAAACCAAGCTCGTAGGATAATGCCAGCACATGGACGATGTGTGGGCTTATAGTTCCCCACAATGTCAGTCGCAAAGTCAGTAGATGGACCTTTTCAACGCTGGTCGTGCACTTAATCTCAGGCTACTTTATATCTAAAGGTCCATCATCTCTCTGATAGTATCCCAGCCAAAAGGACTCAGTGATCGTGTGGGGTGTCCGCGCCGTTAGCACGAATTATAGGGACTGTACACCAACAATACGTCTTACTTATTAAGCTAGCCTTGATAACGATACGAGGCGCCGGAACCTAGGACGGGACGAATAAGGCGTGACGTGAGGTAAACACTTGATGGTTTAGCGATCTTGCCAAAAAACATCGTTCTCTCACGAGGGCCCCGTCAT,1502,49.33,Escherichia coli
SEQ_431626,CGCCAGGTTTCAGCCCAGTGTCGATTTTCGTGCAAGAAGCGCATCCCTTGTTGATAGATCCGTAGTTCCATAGCACGTGTGAGCTGGGCTTAATGTCACACAGTTGTAAGTACCTCGCGAACAATACTCCTTTCTCAAGGAGTTACTGGCATACTGGCATCAGTATTTAGAGAGCCATGGAAGAGCATCGCGTTAAGTCGGGCGCGCGGCGCGAGCTCCGTTAACTGATGCCCCCCCTGCTACTCTTCCCCCGTGACGCCTCTCTCTTACCGAGAGAGGTCGAATCATACATGGTTTCAGAGAGAGCGTTGGCAATAGCTGTGAATAGTATGCGGAGGCTTTAACACTAATGGTTTGGGTGCTGAGTCTCTCTTATACATACAGCTCATTGAGCGCGGGACACATAACTTGAGGGTCAACGTAGACGGCTCTCATACCTAGCGGGCTTGGGCCAGAAGCTGGGCTTCTAGTTAACCTCAGAAACCCATTCGTTGACCTTATAGTCATGTTAAGAGAAGCCCTTTTACCAATCGTAACGCGTCTGAGGAATCACTATTAGACTTATCGGGATGGAACACCACTACCGGGCTTAGGCATAGGTAACCCCTTAAACTTCTTTTCTCCAATAAGATCTTTGTCGACCCGTAATCGTTCTTCTTAGCTCAGACGAACGGTAACACCACATTTCACCGCTGACTGCCGCCTAGCAGTGTCGACGATAGCAGCGCTGGCCTTACCGAGACTGACCTGTCGTGCAATTCGATAACCTTGGAGCATCGCTATGTTGCCTGCCACCGACGTATCCGTTAGGATTACTCTACAGGAGGTACAGATTTCGAATGGGCGGCGGGCGACCCGCCGTCGTCGAGGTCGAGTCAGTATTGGGTGCAATAAGGGGTTGGAGACGGTCGACAGACTTGTGAGGCCTTATTCCAACGATTCCCTTGTGCCCGAATATGGCTCGATTCCAAACCCCGTTTGAACAGCAGACAGGGCTCTGTTGCGATCGAAGGTAGAAAAGGTCAATCTGATAAACTCTTGTAATAGAATGATTTGGTACACACAATAGAGTTAGTGCCCCGTGCGGAAAGGCCGTTTGCGTGATTACCCTTTTCGTAGCCTCAAAATCAATGCGTTGACATTACTCGAAATCTTCTTTCTTCGCCCCTTCATACACTCCCATACTAATGCGACCGTCCGAATCTGGCGTGCGATACTTTTTTCAGACACAATACGGGGTGACCGGAGTGTTTTACACGTGCGAT,1265,49.96,Arabidopsis thaliana
SEQ_590002,TGAGCACAGCTTCCTGACCTCGTGAGAATTCACAGGTTGTCCGCGCAACTGGCGCTCCGCGGAATGAGCGATACGCTATTTTGGCGACTCAGGAATGGTGCTCGGAGCTAGCGTCATCAGGAGTTACCGCGCGTACATCGCTGCCAATAAGACTGGAATTAGGGTCGATCGCGGATCGCACACGGTTACTTGAGGTCGACCGCGACACATCGACACCAAGCACACTTGAGTCGGAGTAACGGCGAATCGTCCTGTCTGTCCATCCGCGGGGCAGTTCATTAAAAACCAGTCCCAGATGTAGTTAGACGCTATGTAAGAAGTTATGGGAGCTTCCGCTGGAAATCCTGCATCTGATTGCGCTTACCGGCCAACGTAAGGCGCCAGATGAGCTATGGATCTTTTGGCAAGGCTCACGTTAGAAGTACTGGAAGTGCAATAGATGCTCCTGTTACTACGAGAATAAACTACTAACGCCTAAATTCCCTACGTTCGGAACTAAAGTTTTATATGTCGCAGTTAGCCCTACGCGGATTTCTAAACAGCTTTGCTCTGGAAACCAGGGTGCTTGCAGTCTACGGATGCGAAAAGCTGACGGGACCGAGTATCGTTGACGTCTATGCACAGAAGTATGACTGGGTCGGCGCTGCCACCGTACTCGTATGCCCTACCGCATTTCTTCTTATATCAATGTCTTCGACTTTCCACCTGTTACAGATAGAGAGACCTCAGCGAGCGTTGGGCAGATGGCTGAGTGAAAAGGGAGCGAC,767,51.37,Homo sapiens
SEQ_805658,CAGGTGCGACTGTAATGCTGAAAAATACGCACCGTATCCCGGTTGGTCCGTGTTGGGTAAGCCCGGGGTTGTAGAGTATACAGGAATCAGTATAGCCTCCTTATTATTCATTCGGTGCGTAAAGCACGACCTAGACACTTTTGAGATACCATCAAATTGCCGTACTTGCATATGCGCACGTCAGCCCGTGGGGGGATATCTAAATTTCGTTGAACGACGGTCCATAGCCGCCTGCTGACAGCCAACCTGTGCCGAGACCTTAGGCGTTTTGGGCTA,276,50.72,Arabidopsis thaliana
SEQ_313498,AGGGGTTGATGTTTCTGGACGCTTGGACAAAGGGGCTAGCCGACGGTGAGGCCTTTAGACGGCTGGTAGAGTCTCAAAGGTGCCGCGATTCATAGCCCGGAATGGATTGAGCCTGGACTGCGTATTCAGGGGTCATTCCCGACTGGTGACACGCTTCTGGCCCCTGAATCCGGTCGTATAATCCCAAGAGTCCATACTGGTGAAAGCGGGAGGGGCGCGCCGGGGGACCGTCGCATTTGGGGGCAAGAGTCGTGACTACATAGCACTACTAAGCTAGGATGAAATAATATTCCAGTGTAATCCCCATGTCACGGGGCTAATTGCGATTCGGCCCAATTAGGCGTGTCGCCCGTCTTCCTCGTTGTGCTCTAGGAGGTCCGATATGCTCCCCTTAATCAGGCGGGATGAGCTTCCCCTCGCCCGCCTCCTCTTTAACACAGAGTTTTCCTCCATACTATCTGAGTAGGTGTCCAAAGATCGGAGACAGTCCTCGCATTCCATCGCATTGTACCCTAGCCATACGGAAGCTAGGGCCGAGCCCCTAGCATAGCTGTCTCACCATACAAACTGTACCACCCTAGCAGACCTCCAATCGGAAAAAGGATGGACGTCGATTCGTTTATGTCTTTAAACGGAATTATGTCACAAGTCGGCTATCGTCTTGATCCCTTAAGGGAGTCCCCTTTTACACCGGTTCGCGACTAGCGAGATTTTTACGCCTTTTCCGATCGAGGTTCCCATCGTGCCCATCCTCCTACACGGTAGTAAAATATCACGTAAATGCCGCTATTCCGTCAATATACAGTTGGCATGTCACGAGAGTTTTTAGACATCCAATCTGTGGTTCTCGACCATTCCTCATGCGTTGACATTTAAGATTGCGGTAACTGTAAAGAGCGTTTCTAGCCTCTGATCTTAAATATTAGAGAAGTCAAGGCAGGACAAAGCCTTCGTACCGATGTGGTGTCATATGGCCGTTGACGCGTAAGCTGACATGGGTTATGTCAAGCCTTCCAAGCATCTGGCGGGAGCGGGTTACGAAACAGTGAGACAGGGCGATAGAGACATGAAGAAACCCATGCGCGGCACTCGTCGGACGAGAATTCCACAATCGGTGTTTATTAACAGTTATCACAG,1137,51.01,Arabidopsis thaliana
SEQ_855407,AGCGACAGTATCGTTTAGTGGGAGTCATCCCCACGCTGAAATCCGGCCGCGGTTTTTTCTGGCTAATCAAGACGATCACCGTCCTCGGCTGGGTTATTCAGAATGGTAAATAAGATAAGGACGCTTACGCAGCTAACCTCTCCGAGACCACACCTGCGAGAACTGGGCCTGAGATTTACAACCGGTCAGACAACCAGGCTGTATACCACTAAGGCGGCCGGGTATATACCAACATGGGGAACGGCAGTCCCTACGCTTAATTTTGTGACTAGAGGTAGGTGGAAATGAGTGCCACTCCCGAGAATAAGACCTCCCGCTTAGCGTGCACGAACATCACCACCCATGCAGCCCGTCATTGTCACTGTCTATGGGACTGATAAAAAAGTGGGAAGCTTACAACTGAATTGATGGACTTCAAATAGCTGCATGGAATGTTTTACCCTCGCGTAACGCAGCATACCGTATCCGCAGTTCTGCTAAAGCCGCATTTAAGTGTAGAGGCGTGCTAGTACCGTCACACAGCCTCAGGTTTGGTATAACGTTATTGCTACGCGAGGTCCGTAGGGTTATGTTATTGACATATCATAGAATCGGTGTTGCCTAGTTTTCATGAGCGGTGGAGGTCGCCGGCGACGGACCGGCCAGACGGTTGCCAATATAGCTCGCATCGCCCCCCGTTTGCTGTTGTCTTATTAGCTGAAATCAGAGTCGACGCACCCGTAAACCTGTAACTGCAGCACCCCTTTTGACAGAGTCTCCCGAGGTTCGTGGTCTATGTCTACTTGGGCCATCCGCGATAGACGTTGTAGCACTCGAGTATCGCTGACTCCGCCTACGTTTAATCCGGTCGGGCTCTTAACGCTCGCCCGTGATGATTTGTTGTATAAACATTCACGCTTACTTTCTTAACAATCCATGGAATTACGAGCCCCGCAGATGCACCAAGTCCCTCGCAGCAATCACTCCTTGGCCGATTTTATACTCCTAGCAGATGTTCAGAAAGGCTGGCCCAGTGGTAGGCTCCACAAACTGCTCCCCCGCACAAATTACCACGAGACAGACCCGAACAGTCCTGGCGTCAATAGGCCGGCCGCGCCAATAGTAATACAGCTAGTTAACCTTAGAACGTTGCGGCGCGTGTTTGCTCAGAGGTGCGGTTAACGAAGCTTATGAGAAAGCTTTTATCTAAGAGATGGGGTGAGATCTGCTGGAGGACAAGGCCTTCGGTCACCCTACTCCTGGATAGGGTTCGAATAACGGGTTTGAACTCGCAACGACTTCCGCCAAGATTAATTCGATTTTGACATAGGGTTCTCGATTCTCAATTCTTGATATCAACATCGGTAATGTGGTGTAGACTCATAGTCGGCAGTTTCGTGTTTGCTCACGTAGTCTCCGCTATCATTACGGTCTGCATCTCGATGACAGGACAGTCGGAGAGTATTGCATGTCTCGAAGATGTGACACCACTGGGTCGTTCTTGTGGCTCACCGGAAGAGTTTTCCCCATGGTTTTTCATTTGGCCCGGTGTCAAGGCATAGACGCCCGTACTCACCACCCAAGGCGCTGTGCGCGTGTATATCGTTCCCTGCTAAAGCGTCGGGGACCCATCGCGCATCGTCCAACACTGAGGAAATTGGAGCTATACCGGACGAAGCCTTTCTTATGGAATCCCCCGGTGTATTAATTCGATTCCGTGAGCATGGGTCAAGCAACTGAGAATAAGTTAATTTGTGGAATCTCGATGTATGCGGTCTACACCTCTCGCCCGGGGAGAGAATAGCTAGGGCGATTCTAGGGCTGATTGCAGTTCGACCCGTAAATAGAGGG,1830,50.77,Homo sapiens
SEQ_729099,ACGTGCTGAGATGTTCGCTGCGACTGATGAGATAGCATCCGTCCGATAGATGTCCTTATATACTGGGCCTTCGTTTCCGCGGTTGATATTATCGGGCGAAATGTATTAACTCGTACAGGGCTCTTAACGCTGTCCAGAGGACACCTAGACTCTCGTCGGCTTGATCGTAGATGAGCTCTGCCACACGCCCCGTCGAGTCACCGATGTACAATAGTAAAAGCAGCCGGGGGTATAGCAGTTTAGTCGGATATATGTAGCAGTTCTCATGCATCGCTTTATCGAAATACTGGGGTGGTCTTTTCTCCCGGTCGCCGTCCTGTAGCGGTGCCGGCGAGTCGTGACATACATTCGACCTGTCGACGAATCCTGCTCGCGACATCCACTCTATGCGTTCGGGCACAACAAAACAATCCCTCGAACTCCGGGAACATTTACGGGTAATGGTAATTAAACAAGTAGATCAGGTTGGTGTTAAGACCCAGGAGAACAAGAGTCTGATTATTCAGCCGGCTCCGAGGTCGAACCTGTGTCCCGCGCGCTAAGCCTCAACCCGAACCGAGCTCTGCTCTAACCGCACTTGAGTGTCTCACATTTATGTCCCGCCATAACCCGGTCGAACTCGTATCTCCGTAACCCGACGGCCACGTGATGTTGTGGCCTCTGTCTTTAGCTAGATTCGTCCGAAGTAACTTATGACCATTGGAGTATCTAAATGCAGCGAGCGGCGCTTCCCTGGATCACCGTAGTTGCGACCGCAGGAGTAGTAATGTGTACGTAAAACGAAGACAACCTATTCAGTCTCGTCCCAGTACATAGTGTCGCTGGAGTATTGTTACTAGCCCGAATGTCGGCGTCCCGTGGCACGCTGTAACCGACGGTATAGAACGCTGGGATGCCGATTCCGGTGGGACAAGACGTATCGTAAACGCGGACGCGGGGACAACTTTACCGGTTACAATGCAGGCGTTATGGGAATAGAGCAACCTCACT,990,52.02,Saccharomyces cerevisiae
SEQ_593405,GGGAATAAGCCGTTTCCGCCATTAAGAGTCATAGCCTCACACATGGTACAGGAGCCGAGATATTTCTACCTTGTTGTCTGATGTGTTATTTTTACCGATGACTGCCATAGTTCCCCATCGTGAACATGGTAGCCGGGTCAGTGCTGCAATGAGCTTTAGTCGGGTATGGGTCTATTTATTCGGCCACTGTACACTCACTTCAAGACATGGACAAAATGGGCGCTTATCAGCGGAGTAAAACCACACCAACTCCTACTACTCCGCTTATTCGAATGGCGAACCGGGCTAAATCGAAAGTATTCCCCAAGGCTCAAAGGTTCTTCTTGTATCACTAAGTGGAACGGTTTGGAAGAACTCCGACTGAGTCCCGGCAGTTCCGCGTTCGCATAAAGGGGTTAGCCGCTATTGTTAGTAGAAAAACGCTCATCGTAATCACAATGAACCAGCAGCACAACATGCCCTCTAGCGAGACGATCCTCAAGGTCAGGATAGGTCACTATTGGGATTGTGCTCAATCATAGCGCTCAGGTAAACACCCCTAAGCTACGAACGGCACAGGGACATTCAGCGGTACTAAGTCATGACTACCACGGGGCCATGTCATAGTAGTGTGATCCGGGCAGGGTATTAACCGACTGCGGTCTATGGGTATGTGTTCTCAGCGTAGGTCGTTCTTACCACTTCTAGCGCTAGCGCCCGATATCGCGCAGTTAGAGTATACGCTGGGCCGGCGCTAACTGTCCTACACCCACACTGTCTGTCTAGTAAGATGGGTAGGGGCCGTAAAATTAATCCCAATTCAGACGAGCGGGATCCTTGTTCGGCTAGCGCGCCTAGCATCTACCTCCTGATCACCGGTTGAAAGCCGGAGAAAGATCCACCGCGGCGCCGATGAAGTAGGCCTCAATCAATCTGCGCCATGAATCCTGGACGCACCTCTTTCACATGGCCCAGCTGTCTGGCCCCAATTCACCGAACCCGGGTTGCAAGTACAGGCAATGCCCTTGGTTACTGTGGAGCTTGTATGGGTGATGCAGTTATTTTTAGTGTTACCAAGTCGCTTCATTCAACCATGGTGTCGAGTCTAGCAGGAGACAAATCCTTGTCTAATAGAGCGATCGCCTGCACGCCGGGCATACGGGCCTACACTCCTCTAGGCCGAGAGTTTTGAAGTGCGTGTGAAGATCTGCTGTGCTTCATGTTTAAACCGATTAGTAGCGTACGCCGGCGTACAAAAAGAATCATAAGCACCACCAGGGTTCAGCGTTAGTGTGGCTTTGCTTGTAACAAGCAAGCTATCGAAAATGAACGATGCGTAAATATATAGGGTGAGGAGCTGAAACGCGAAGAGGCAGAGGTCCGTAGGGATAGTGTACGCGATGTCTCCAGCTAACATGCAATGGAGCGCTACGCCAAGGGAAATATTACAGTAACGCATTTGAGCTCACTTTTATGGGGTAGACGAGAGGGGGGCTCCTCAACACACCCAAGCTAAATACAGCCTATTCTAGCCATTCAGACTTATAATGTAACAACTTGGCAGACCCAATAGTCCCGGTTAGCCAATATGGAGGTGCTGACGCGGACGTCCGCTTCGCTATAATCTAAATATTGTCCGAAACATGGAAGGGTCGTTAAGAGTGATATACCCGTCCGATTGCTAGTAGAGGTATTACCTAGTCCAAGTTAATTGATAGGGGCTATTTGCTGGATGGCGTCTTTATTCCAGTTGTAGTCACGGTGGCGGCAATAAGAGGACTCAGTAGTGTAGGAGCCGCCAGATTGTATAT,1790,49.55,Escherichia coli
SEQ_101330,TTTCCCTAAGGAATCAAATGAGGACCGATGAAGATTGCCGTATCGGATGAGTGGGTTTTACCTGCGGGTCCGTGTATGAAGGACACTGATTAAGTAAAGGTAATAGATGCCTGCTAGGGTGTTCAGCAACTAACTGCAGGAACATTGGATTTTAATATCTGCCTTGAGAGTGATACGACTATCTCCGGACAATCAGATCCGAAGTCGTGAGCGACTGATGACCTACCATCTATAAGGCTGGCTAATTAATATCTAATGTGAAAACAGTAGCTTCACCCAAATTTTTGGAATTAGTTTAAGTCGTCAATCTCCGCTTGCCTCCGAATAAACCGAAAGGTGACCCTACGAAGCAGTACGAAGAACAACGAAGTTAGTTACTACGATTAGAGGGGAAAGTCGCTAGGACAACCATATACGTTTCGACGGCCGTGCCGCGTATGTATCGCAGGATGTTTTTTAGCTCTGTAGTTCGCCCGAAGCAGAAGCTTCTACGTCCCCGAACAAAATCCCGCGAATACAACCATGAACGAAGTGCTTCTGGTAACATTGGATTCTTCCGAGTTCCAAACGACTTTGAGATTTACGCACCGTAGCTGGGAGTTGCCCCTGTCCGTGCTTCCGAGGGTCCTGCTTAATCGCCCCGATAGTTTGTCGGATCAAATGGCGGTTTACGCGTGAAACTAGTCGCCACCCTTCAGAAACCCTCAACATCTAAGTGACACCCCGCATACTGGCCTTCGGGTGTCCACGCAAGGCGCCCAATGGGTCTTCCTTCGTTGACGGCCACGTAGAAAAATATGCCCTCTTTTTTGCACATCGTCTTATTAACGTGCGTGTGACATCAATGCGGCACGTTCGAGTCTATATTCGGGGGAGTGCCCGTATAGCGGGTGAAGTACACTTACCGTAAGAAGTATTAAGCCGGGTTTGATCCACGCCTTTCCTGTCGTTGCCATTGATTTGCGTAACAGGGCCTCTCTCATGTGCAGCTTATGGCAAGCGGCTCGTTCTGAGGGGGGAGTCGTTCCCGGTCCTATCGTGCTCTCCTGATATCACTAAATATACCAGGGGGCATACGCCCGACCCCCCTCGCAGTCTCTGTCCTAGGGACCTATCCTACTGTTAAGGAGTTAGCGGTTTCCGAATAAATTCGATCGCGTCGTTAGCGCACAACCGATAACCGGGGCTCCAGTTACGGGATAGACACTGCTGTGAGCTCCGACGCCGACTTCTCCGGCCCTTCACGAGTCTTTGGATCGCTCACGTGATGCCCGAATACCAACTATCGCAAATTTCCG,1298,49.85,Escherichia coli
SEQ_162962,AGGCCGCAGTGGTAGTAAGGGCCAACAGCCACAAGGTGGCTAGAGTGTAGCCCCTGTTCATATCGTGGACTTTCAAATCACGCAACGTAGCTCGATGACCCGAGCTAATGTCTAGGCGCAATCCTTGGGACCGCAGCAAATACGTCTGCAGCGGCTCGCTCAAGAGGCCTGGGGTTCCAACGCACAGACTGAACTGCTGGAAACGCTCAAGATAATGCTGGTCAGATGTTTCGACCCCGGGAGATGGCCTTTGATCAGGCCCGCCAACACCATAATTATCCGTTGAGAATCCAAATAGGGAGCTACTCAATTACGGCGATCTAGTTGAGCGCACGATTGTCTTCAAAGTCCATTAGGTGTAGTGTAGGCGCAGGTTATCATCGCCTTATATCTGGAGCAGCGGACCCTGCTGACAGATGCTCGGTCGGCGCAGATCGGATGTCAACTGACTCAGCTTACATACATTAGACACGTTACGTTCTACATCCTGCACAACATCTTTAATGACCCTCAGTATATTGCTCTGTAGGTATATTACTCACGCCACCGAGCTCTTCAGAGTGCGGACGAGCAGAGACTCGGTCTACCATGGGGATATTCTCGAAAAAGTCGTCTGGCACTTCGGACTATTTCGAGACGCAGAGGACGTCCCCAGGACGATAAACGCGGTGCTCGATGGTCGAGGGGGGCAGCAGTTGTGGATGTGTATGCAAACATGCCTAAGTCGCCGAACTTAAGGCCCCTAAGTCCTTAGCCTGTCTACACTAGCTACTTTCAGCCTGGCCTGTTCCCGCGTTTGGACATGTAGTCGCCGCGGATTTTTTACGCCATATGAGCGCCAAAGAAATCGATTGCTATTTAATTGCCTGGCGAACCAGACGGATCGTGCCGCCTAATCTATGCCTGTGCGGGTGTGCTGGGTATAGTGTTCACTACACGAATTACATAGCTAAACAGATGATTCGAGGTCCAAGGAGGTACAACAAGACGAAACATTTGGTGGGGGGTGGAAACATTCTCCAGTTCTTACTAGTATTGCAGAACGGAATTTTAAGACCAACCAGAATTTGAAAGGCTATATTCCCGACCTCTAGCCTTATATTTCTTCCACAGCCCACGCCATTGATTTGACTCTAGATCGATGCGTAGGCACGCGAGCCTCTAGCAAAGTGTCACCTTACCCACGGGTTGCTTGTGAAGACCCCATTCCAGTATGAAGCAGAGTAACTATACCATCCCACGGTGGATTGGACATTCCTCTACTCTCCCGTGGTGTTTAGAGAGTCAACTGTATATCGGTTTCGAAACAGTCCGAACGACGACCGGCGAGTTTACGACCAAGCCAATCTCGCTCCTAACCCAATCCCAGCACCGCTTTTTGCTGGAGCACTCCCATCATGCAATACAACTTCATCAACCTCCTTACACCTCCCTCCACATTAACGGATTATTACGATGGTCGCATCAAGAATCGTGCCAAGTTAATGTGGGGTCCCATTCTATCTAATCGTTGTTTGCCTCGATCTTTCGAGGTCCACAATGTAACTATGTCGCAGAAACCCCAAAGGTAAAGACTGACATGGGGAAGAGTTAAGCTTTCTTTTGGTATACGCGTGATGGTTACACAGACCCTGCTCTATTTCGGAAGCGAATCTTTCACTTTTGGTCCTACATAAGGTACACAGATCGTCCTACCGGTCCCAGGAGACAGTCCGCTGTAGCCCCTCCCAGTATGGGCCCTGTAATCTGGCAGCCACATGGTCACTGGTGTGAGTCTGCAAAGGGTTCACAAGAGTCCCTCTGCCAGAGAGCGCATTCTCCGGCCAGGGCCTACTATTCGCGCTCGATGGTCACCATTTGGACGCCTATGTTTGTTGTCAGCAGCTCTCCGATAGCTAGGTTCGCGAAGACAGCAAGCTGATGG,1924,50.47,Drosophila melanogaster
SEQ_124630,CGGTATACGCTGGGGAGCACTATCAGGCGATTCCCGCAAGGGTAGTGCCCCTTGAATCCACGACACACCAACATGAACGATTATCCCGTACATAATGGACGATACATAGGTATTTTTCCTCCGAATCTAATACTTCAGGTAGCCGTTTCTCTCTATCTTAAATGGTCCTTTCTTATTAAGAACAGACGCCTCTGGAAGTCTGCCGCTTCTAGTTATGACACTCGTACTGCTGGGGAAGCTGAATCAAGCTCCCGGCCTCCTCCAGCAGCGAACAAGACTAGTTTATTATAAAAAGCCGCAGACATGTATTCCAGGCTTCGACACCATCTGGGGCTCTGTAGGTCCCGGTAATTGTTGCGGTTGTCCCCAGGGGAAGATACTGTCTTGCGCCTCACTGGACCCTACGGAGGGTCAATAGAGTTAATTTAGTGTAGGTTTCCAAAAGGATAACTCACAGTAGTCTTGTGGACGCTCGCCAGGTAGCATCGGATCCAGTTCGCCATCAACTAGATTCGTCATAGACTCGAAGCGGAGGTTTTTGTCGGCATTACGTGGCTATAAGATCGGGATAATATAGGTAGGCTAGTGGGCTAGTGCGTGGAATAACTACCATCAAGTTATTTAGAACATGTAACATCCATCGTGGAAGCTGTCATCGGGGATGGACCGTCCCAACTAGCAGCCCCAGAGCTCCTTTAGCCTAGGAGTGTCGGGGTTGTCAGTCCGCGTGACCGTTTGATTACTCGGACGCTTCCGTGCGGAAGAAACTTTGGGTTTTCTAATAATTGGACCATGAAAAACTGGGCCCTACACGAGTGATGATTGCATCACGACAATCCGGCCCGAGGGGTAAGCAAACAGCAATATTCGGAGACACCCTATTTGCCCACGAAGAGCGACTATCAGTGGATCGTTCGGCTACCACGGATACCTTCACTTGTGTAGAGTGATTTTCGTGCGAGCCCTCAAAGTGGTATATTACAGAGCACTTCAACGTATTAGGTCCCAGTCCACTGACCCCAACGTCGAGCGGTAGCGTACTATTCATTCTAAGCTGGCGCTCTCCGTAAGCCACTAGGACTGCGACGGTCTTATCCGCTCAAGCCTAAGGAAAGAACGCAACGGGAGATGTGCCGTCCGTTATAGCATTCTGACACACCACTACAGATTCCGACGTATTAGCCCTTTAATCTCTACCTTGCAACACATATAAAAATACCGGATGCACTGGTTGATCTTCGCTAAGAGTGCAGTATCTTAAAACGATCACATGAACTTGGCTGGTCCCAGTACTCAGGCGAAACCAATGTACTCTTTGGTAGGCTAGATCGCTTAACTGCATTGGCCCAAGCCCAAAGGGATGGATCTTCTTAAACGTACTCGCCCTCCCATACTTGTAAGGCGAAACTGACTTCTTACGGATGCTATATTGACTTAGTTCTATAGATGTAATTAGCAAAGTATTCCTTACACAGATTTACCATAGGGCTCAATACGACATTCCTTAATAACTTTGAACATGAGGTCACTGGGGGACGATAGAGCGGCAGGTGCTGGGAGAGGAAGACAGACTTCGCGGTCTGCTTCTGACATGTTGCTGGCGCTACAACTATATTAATATTCCCACTTAGCCTGATAGAAGACTAAACTAATG,1654,47.88,Arabidopsis thaliana
SEQ_885756,AGAACGCCGAGTCTAAACGCTAAATTCCAACTCGTACGTGGAGGACCACATGCCTGCTTAGCATTTTTCATATCTGAATGAAAGACTCAGCAGAACAACAAAAGGAACGAACGCCAGGTGGGTTCCTTCTTAACTACTGGGACTCTACGGCTGCGATCTTTCCACTAGACCTTGATCAGAGGATATCGTTCATCACCATGCACGGAATACTGTAGACTTGCGATAGGACCCCCTGCGATGACAAACACAATGCCGGAAGCTTCCGCCCGGCCGCACGACTAACTTGTTGTGACCTTCATCTGTGGACAGACTAGTCATAAACGTTGGTTTCCTCTGCACCGACCCGCCGTATTCCAGGCTAAGGCACTCTGCTAGCCCCCGGGGGACGGCCTCTTAACGTGTTCAGGAGTCGATGGATTAGGCCGTGCGATTAGGTGCTCGGGGAAGGACGGCAGTAAATATACAGTAGGGATTCGAGAATGATACCGCGCCCTGCAAGTACACGGGGTACGGCTCCCGTCCAGAGGCACCGGTCCGTTCGGAAGGTATGAGCTAGATGAATAGCCGGACTTGCGGTGACACATGACCGAATTAGACTCATTGAATTTGACTAAAGATGTCGCGTTCAGATCTAGGAGTTATTTTAATAAAGTATTACCCAGAAGTTAGGGCACTTGAGCCTCGTGTGCCCGGTCTCCTTGGAGCATTATAGATTTTTATAGCGACGACGCCGGGCCTATCTATTTGCTTGACATCTACGAGCGACTGTGCGTCCGTCCGACTCTGAGGTCAATGTTGTTATTAAACACAGCAGTGGCGGAGCTTCGTAATGAGGCCTCGGAGTTCTCAGTAGCAACGACGACGGACAGACGCATAAAAGCTACT,885,50.85,Escherichia coli
SEQ_895108,TCGGTACGCCAGTCATCCGTGGCACGGCCGCCGGGGTGACCGTCTTGTAATCAATAGTAAGACATGTTCGGTTTAAACATGATGAATCAATCGAGCGACTATTGTTTCCGTGCCGGCACAGACATTATCAGTTCGGGGCCTTATGTATATCCGACCAAGGTAATTCTTCAACCTTAGATACTCCGTATACGGCGTGGTTCCTTAATCTGTTGATAATCGAAATGGTGTTGATGGATAATTATAGTACTTTCAAAAGTCTGGATAAGTACCATTTGATGTTGTCCACATTACGATTGACAGCAAGCGCCTAGAATGGTCCAAAGTATCTTAGGGTT,335,43.88,Homo sapiens
SEQ_972125,AAGATTGAAGGACTCAGCTAGGGAGCATGCCCGATCTTGATTACTTGCAAGAGTAGCATGCCGTCCGGAATTGGGCCTGTTAGAATGGGATGCATCCAGAGGGGAATTGCATAGCTGCTCCCCTAGTATGGCGGGGTGAGAAGCGCATATTCGCCTCTGGAACGACGGTAACTATCCCGATTAGTCTATGCTTAGTAACGGCATACATGTGGGCGTGCGCACGTTGATCAGTGCATCGATAAACCACCCTTCACGCCTAGACACGGTTCTGGCAAGGGGTGATCACCTAGACTGGAGGTATCATCTGGGCGGGTCCGGAGGCGAACAAATTGGATGATTCTCGGTCTTCCTCTCGTCGGGTGGTGAGGCTACCATGGCTTTCCGTAATAATCTACTTGTCCTTCAAACCGTCTTGATTCCAATATGATAGGGCCCCCATTACCATTTACTGAGACTGTGTCGGAACAACTTGAATACATTAGATTAAGCTGAATACAGATTAGAGGGAATGTGATCTCCTCTCACCCAGGTCGTACAGTGTCGCTCGTCGCTAACGGGTACAAACTGAATAGGAGTTTATAGATATAGGCAGTGAATGTAAGATAAAAGCAAGCATAAGGTGCCACTCGGGAGATTAAGTCCATGAGTATTGGCCGTCTACTCAACTTGGCTTCGAGTTGCTACTTGCACATTGGGGTGTTCGGTATTTCCTGCAGTAACGCTTCATAACACCCCGCGTAGACATAGCTACAGCGCGCGAATCGGCTGCCGCTATGAGGAGCGAACGAGCCTCATGAGATACACTTGCTGGCGAGATCAACTGCAACATAGAGTAGAGAGTTCGAGCGCATTCGACCTCAGAACGACTGTCGATTTTCACAGTCCGGTGGTGATGTCGCGTAACACTACGGCGAAGGCGTCTTGGGCAAGTAACGATAGTACCCGACGTGCACCTATATTGGTAGGCGACCTCTATGGGCTCCGTTTCATCTGGCCGGCTCGTTATGATACTGTAATGGGTTTTGCAGATTCGTACGTATGAGTGAATAGTAACGAAAGTTGTGGTCCAATCTAGAGTATTAGTTCGAAAAAGCTCCGGTTTTATCACATAACACGTACGTAAAGAAAAACGTCGTGAGATCGTATACTCGAAAAGGAATTGTAGCAGAGGTGGAGAGGGAGAAGCTCCCGTGAAGAGAGCACTACATCGTACCTTTCCTACAACACCTCCAGACACGTCGGATAGGCATGCTGAGTGAAGTATGAAGTAACAGAGTTCGGCCCAAAACAAACCGCACTTCATTATGTTAAGGGGTAGCCTATCCGACTAGCATCGAGACTAGTCCCAACCTCGGATAAAATGTCGGCCAATTGATAAAATGAGAGAGGCTGCCCTGCAAGAACCCCCGGTTGTCGGGTGGAAGTTTTGGACCGAGGTCTGAATTTTCTCCCCAGATGACCTCTATCCGCTCCGTAAAGCTATCTTGTATGAGTGATCGGGC,1502,49.0,Saccharomyces cerevisiae
SEQ_783043,GCTAGAGCAATCATACCGAACCATGACGAGATGTCGGTCGAAATGTCCGGGACCGTGAGCTCAGATTGTAAGACATCGCAGCTGGCACAGTGGGACTAACCGTCCCTGGTTTGTGGGTCCTATCAATACCTTCGCTAGCATAAAGTATTCGGCATCGCGGACCATTGAAGGGAATATAATAGGCTCTCGTGTTCACGTCCGCCTAGTACGTTGCAAGGTCTCCAGATAAAATCCATAGAGGCATCGGAAGCACCCTAGCTATCATCTTCTAGGATCCCTACGCGACAAGGAATCACTCTGGACTAGGGTCTGATCGCCTCAGGAATCAGGTTAAACTCTTGCGGTGCCCTGTCCATGAAAGCCCATCAGCGGAATGTACTAAATCGACTTTGGGCTGAGTGAAGGATATTATGGTATACGAGTGGGCCCATTCTATAAGGTGTATATCCCGCACGTCCCAATCCCGGCGCGTTCTGGACTTGGCGTTTCTATGGCGCCTGACTTCCTACTGTTCACGCACAAGCGTTAATTGCACCGTTAGTTGTCATCCTATGTAGTGGTATCTAGCGCAGGAGGATGCTTTAACAAAGCGGACCGTAGTTAAGAACGCCTTTCGTGACACGTTTTAGAAATTCGAGCGCAGCTGCAAACCCCGTCGTCAGCGGCACACTTGTGCGCGTCGATTACCCTTCGACAATGGACGCGGGGTATGGATTATGGTGATACGACACTGGTAAGTCACGGAGGATTTCATAGCGACATGTCATCGGTTCATGGTAGAGACAATCAGCTAAGCGGAAGCAAATCACGCATAATACACCCCGATCAAATGTTTACCTTCTGGTCGAGGGTGGGAGCGTGTGTGTCAAAAAGGGTGCGAGGCCGTGGGTGGGTTCACATTGAGAGAGAGCTGTCCGGACGTCCCAATCGTTTGATGCGTATCAGGAGCACAAGGAGATTGTAACGTCGACATACTTAAGGACGTCCTGGCACCGAGTATGAATCCAAGTGGGGCAGAGTAGGATATCGCGAAGTATGAACGTTTTTAGCTGCTACCTGAAGAAACTTTCAAACTTAACCGTAAGTGATTCCGACACTTTATGGCTGTGAGCATGATACCTATGCTTGTTCGTATCACGCAGAACGTACAATAGCCGACCGGAGCCGTTAAAAGCTACACCGCTCACCCTGGCCACCCAGGTCAGTGCAAAGAGATTCATTAAGTTGAACCTACTGCGATAGCGTCGCCCCCAGACTAGCACACATACCTGGTTCAAGTCGTACGGCCGTTACCCGATGGATCTAAGGTCCCCAGCTATGGTAAGTA,1327,50.26,Mus musculus
SEQ_808864,CCATTCCATCCTGCGTAGAGTAGCCGTCTGGGTCTTCGGAATACCATCCATTTATTTACTTGCCCAGTTGAATCCTCACCAGGTATTATGTGGACTTGCGGACGACTGATCTGCGGTGTTAAGTCGTATTGACTGTCGTGTTACTATGGTCCGGTCGTATATTATCTGGCTCTGATACACATTAGTCAGACACGGCAAGCCATCCATAGGGATTCCTCACGCTCGAACCAAGTCTGTCAATCTAATAGGGATAAGTTTGCTGGAGCCTTCTCATCATTCTTATAGTAGGGTTATGGGCTGTTTACCGTAGGCCGGCCGTGAGGGTAACTGTTGTGGGCAGGTCTCCCGAACGCATGTTCAAGACCTCACGATTACGCAGACCATGTGACGAACGACTAAACTATGATTGCCCATATCCTACGACGAGATAATTGACTTCGCCATGTATTGTTGCGCAACGGAAACTTAACACTCCCTACCGACATTTTGCTAATCTATCTGCACATTTTGCGATTGACGGGCGCTGAGAGTGTCCCAATTCCTGGTAATAGGCCCTATTAAAACTTGTAATGCAAAGCCCACTGTCCATTCTTCGCCTTCTCCTTTAGAGGGGACCAGAGCACAGGACACAATTAAGATTGCATACTCTACTTCAACGAGTTTACCCAATGTTAACCTAGTACAATTTTGCTTCGCCTGAGCGGCCGTTAACCTAGATGACCACTGATGTGGAGGACGTAATCAGGATACAATGATGTGCGCGAGCTAGCTCGCACGAGGTGCTCCCGGCGGATGGTTGCTGTTTATCACAGGACGTTTAAATAGGACGGGGAGTGAATAAACGAGCATATATTTGGAGGTTACTTAGAAAAAGAATCTTGCCTAAGCCTTGCCGTCTAATTGAGTATATTAGCAATCATTCAGTGTCGGTACACGATCTTACGTGTGCTCGGTGTAAAGATTTGGAGCCTTATGGTCCCTATGTAACTATTCCGGCCCTGGTGTACAGAAATACTTGCTCGTTGCCCACGTTGCATCATTTTCTATATTCAGATGTCAGGGAGCTCACACGCCTGGAAGTGAGTCACTATCGGTTCTGATATTCTAGTGGGAAACAAGGCGGAGACGTCCGGGATTCTCAAACGCTCGTATGGAGGGCTGTGGAGTCATCTGGACTAAGATACCTGCTATCCCTCTTAAGGGTTCAAACCTGACTACTTGCTTCACCTACACTACCCCAGCTTCGGCTGCGCTTGTCAAGCATCATAGACTAGCCGTTTTCCAGCCCTGATCGTCCTTATGGGACGGGCCGATCGTGGGTTCGAGTAGCACGAAACCTTCGTGGCTAGTCAATTCAACTACAGGGTCGGAGTCGCACGTTCCGTTCACGCAATAGTAATAAGTATTGTCCGGTCACCGAATCACGCCAGCCGCGGGGATGGGCGGAGAAGAGGGAGGTCACCTAGAATCGCAAGGAACGAAACCACTGCGGTTAATGAGACGGGGTGTTCATGGGTTT,1519,48.52,Escherichia coli
SEQ_242116,TGCGCGTTCTGCGTTGTTAAGTGGGAGCCCAGCGAGATCACCCCCTATAGGGTTGGCGCTTAGGGAGCAGGTGTGAGTCGCGCGCCTGGCTTATGAGGAACAGGGGATATGAAAATGGCCCAACTTGCTTTTGCCTTATCCGCTAATCGGTCAGGTGTCCAATCCCGGGGCTACGAAACATCCATGTGCATTTAATGCGGTCTTTACCCTAGGGTCCATGAACAGGGATGAGTATGTATCGGTTAGGTGTTGTATAACTAAGTATTACTACTCTTTGGAGAGGTCGCAGATGCACTTGTCAACCGATAGCCGTAAGTCCATGCCTCCGGCGAAAGCGCCTCGACCATATGCCCTGTTAGCTTATACCGTTGTCAACAACCCCGCTTAGAGAGCGACCGCGCAACGCCTTCGCTGATACGAGCGAGATTCCGAATCACACACAGGTGTATGATTTATCCCGAGTGCCCTGTTGACGGAGTTTCCTTGACAGCAACTTGGATAAGAGTACATAACAGAACCAATCGGCTACGGACTTAACGAAATGTGACTTTTGATTGCAACGAGTCATCTACTTGATATCAAAGCACTTAAGTGCTAATCCAGAACATTCTATGTAACAAATGATATTTGTAGAAACCATATGCACCGGAAGTCTATAAAGCTGCCCGAAGATCACTTATATATCCTGTCAAGTCCTCGATAGCGTATGTGCGTTACTATCGGAACAGCTTGTGAATAGCTTAATCTTATCGTGCGGTTTAGCAATTTCTGAATTTCATCTCGCGCCCCAACCGCAACGCACCAGTACGTCGCGTTCTTACAAACCGTCATTAACAACCCTTTCATGTAGGTACACCTATGGATGGTTGTCATA,874,47.37,Caenorhabditis elegans
SEQ_699332,TTGTCGTTTCGCTGCTTGTGACTTCGATCCCTAGACCATGTTAGTAAGGGTGCGACAAGACTACCCTATAGGAGCTTCGAGCCCCTCCATACACTCATAGGTACAGAGCGGTACCGTTAGCGTGGTATATGTGTGGGACCATATTGAAATAAGATAAGAGACACACAAAACCTTACATCTTATCAATATACCACAGAAATCCTTCATTGGTGGCTTGCATAATCCATGGACTGAGGGGATGCAATCCTAAGGTAGCACCGCTCCTTGGGCGAATTCCCAAGCGCCCCGCTTATTTTCCTGGCTTAGGTACTGAAAACTAGTATCAGCACAATTGTAACCATACATGGGTACCATGGTCGGAGATCCACCTCACCAACTAATCATTCCTTGGACTCATGTTGTGCAGAACCTATAGCCCCCTCGAGTCGTTGCGACTATGATGCGCTGCGCTCAGGCGAGATAATTGAGGCTCGGGCCATTCTCGTGCATCGTGTGTGGCGCTCACCAACCTAACAATGTCGGAGCGGGACGCCTCGAGGTGTGTCCCGTAATTACAATCCCGAGTCCCAGCAGCAGGCTCAGACTAGAAATGAGATAAGTAACACTCTCTGAGGATACCGTAGATACGGTCAGAATAGTTCGGGAGACCTATAGAAGCATCGCGTAGCCAATAATCTCCCTGATCTTTAATCCGGTATTCAATATGAGCGTCACAGTGGGCGACCTCCGGGCTGGTTTGAGAGCGAACCTATTTGCTGTCCCGTTTCCGCCATGATAGCTCCTGAGACCTATGTCTAGCCCATGGATTATTACCCGCCCGGGAGATGAAGCCGTTCAGGATGCAGGATTAGCAGATGAGATTTGCTACACTCACTTAACCTAGAACTTCGCTTATCTCTCGTATAACGGTAAGCAACCTTTACTGACTTGGGAGGAATCTTATTTTTGTATCAAGTGGGATTACTTGACGGTCGTATCTAT,981,48.42,Saccharomyces cerevisiae
SEQ_600546,TCAAGCGTGGACCGATGGGCCCCTCCGGCTGTCTCTAAAGGGGCGATACCATGAATGCGCGACCGCCATCCCGGGTGTCACGCTGATTTTGGTGACTGTATAAGCTTCCCGGGTTGTGTCTTCGCAGACAATTCTAAAGCTCTCGGCGTAGAAGGACTACTCCATTGACTCAGTTGATCTTGTTAAAATTCAGGGATCGTGAGTGATTACGCTCGTATTCGTAGCAGTCTAAGTCAACTAGGTTCTGAGCTGTCCGTGGCACGAACTGTGTTGAATAGACCCCGTTTCTGGTTGATGCCATAAAAGAGTTGCTACCCGGGAATAGCGCCCGTCTTTTAATTTTTAAAGGCCCCAGGCCCGCATATTGCGCGCCGCGCATTCAAAACGAGGAGGCTAAGACCAAGGGAGGCAATTCCGGTGAGCATGTGTCTGGAGGACCGGATAAGGGTAGTAGTACTATCGATGATATAACCGATGCAGTCGAGAGGATACTGAGGCCCCTTCGGGCGTCTTCTCGGGCTCTAAAGCCAGCCATCCATGTAGAGGTGAGCATCCCGCAAGAGACAATCAGACCCGTAACGCGACGAAACAACCGCGGTGTATCCTCTTTTGAGTGACGGACCGACTCGATTTCTGACCGTTCACACCAAGCGCATCCGCTGTACAACGTAAAAGTCTCTCCATCTTATGGTAACCGGTCACAGTTAATGCCGTTGCCCGTGTCTTCGTTATATACATTATCCGCCACTGCAAAGTTTTCGCCCCCCTGAGTAGGCCCGCTCGTTAAACGTTTTTGCTTGAGCTTTTTGGAGCACGAA,818,51.59,Homo sapiens
SEQ_971407,GAGGCACACGAGAATCACACTCCTTTTTAGCAGAAAGCGCGTAGGTCACTTTCCCTAGGGCGCAGGGCGTCGCGTAACGAACAACGGCGGCTGAAGGTTGCTGTAAGACTGTACGGTCTCTAGGGTCACGATCGCAACTGCTAGTCGCTGGGTGCAGCACTCTACGTGAGGTTCGGAGTGATATTACAATGTGGGAAATGTCGTGCAGTCTTTTGAACCGGCGAATTATAAGCGTTCTGGGTATTGCTAGCCCACACTCCGATCGTAAAATGATCTGTGCCAGTCACTTTGGGCTTTCAGGAGTTTGGCACACGCACGTTAGCTGTGAGGATAAGAGTCCACTTACGGGGGCAAGGTGGCGATACGGCAGAGAACAACGTGGACTCCCACATGGATAACCACAGTCAAGGTGCCCAGTTTTGGGTATTTACAATATAAACATAAAAAAGTAATTGTCGACAAGCCCATGTGCCGTCGCATGAGATGTTCTAACCTGTACGTGCGTGAAGCGTTAGCGGACGCGACAACATTTCCCAAAACCGCCTTCCCACAGCATCGTAATTTCGTGAAGCTACGGCACGGCAACCAGCACTCACGGACGACGATGTTAACGGCATTAAGCAATTGAATGCGTTGCGAAGCCATTGGTGGTTCAATCGTCCAGCCAAACCGCTAGATACTTCTCCCTCCTTCCGCTTCGCCAAAAGCACATTACTTCCCAGACTGGGAGAGATCGGGTTTAATTCCGAAGTAGTTGTTTATAGCTGCCCGGAGGCGCTTCGCCGAGAGGAATACCCTAACGGGAGTACGAATAATTGTGCTTGGCCAGGGTTTATGTTGTTTCTAATGCTTATTCATATCTGCAGTGACCCTACCACGTAATTTGCATGCCTCATAATGTACCATAAAGTTGGTTCGCTCTCAAGCACCTTGGATGCCTCCAATGAACATGGACGCAGGATCACCGAATCCTATCATTGGTTCGATTCGTCGATCTCAGTTACATATCTGTAGGATACTGGCGAGAGACTAAGCAGTACCAGATCGTGATTCCTTGATTCCCACAGTTGTCACCGGTCTGTTAGGAGTAACCTATCCCGAAAGGTGGATTCTCCGGCGGACCAACCCGTCCCGGGGTCGAGGGAGACCTATGCAGTTAACATGAACTCACAGGCCAAGCGCTTACCTTCCTCCTCCCGTTCTCCTTATTTCGGTGCCTGTTTCAAGGCATTCGTGTCTATGCTGTTCTTCAAGATTTTCCTGCAGTACGCAAAGAGCGCGTCACTGCAAACTCTTCGGCGGCTCCCACATGCGTTTCTCCGAAGTAGGTTGTGCTCTCACTCGAGTACATACATCTGGCTGAGTTCCGCCCATCACATATCCGCACAGCGTGTCGAAAAAGCACAAAATCTCCACGTAGTCCCCTCCGACCCAGGTGTGACGTTACAACAGATTTCAGGGTGGTAGGCCCGGGAGCTTACGCGCGGGTGTAGGGAGGCTGCCCTCGTCACATCGCCT,1518,51.12,Homo sapiens
SEQ_850301,TTGCGGGCTGATATAATGGAATGCCGGCTTAATGAATTTGTGCGCCCGCGGTGTTAGTTAATCGACTTCGCCGAAGAAACACCAGATTTGCTGCGCCCTATCGCAGATTCTAACAGGCGTATCCCAAGCTCTTATCGAAAGACTTGGCCATTTGGATCTTTGTGGTACGTGCCGACTGTCCTGGCGCTTCGGAAGGGTTACTCATAGAAGGTCGAGCCTCCAGGGACGGGGTGCTACTGATTCATTTGGAATTTTCAAAAAGTTTCGGTCCAGACCCGAACCCCTATGTCTCAGTTTGGAATGGGAATAGATCAGGTCCTTATCGAAAAGAGACGAGCTAATAAGAGCTTATAAGGGCTAGGTGCATTTACGTGCCCCAGTAAGGCGATCCATGTCCTTAGAGCGTACTCTTATCAGTAACGTTGTGCCACGCATACCCAGTCTCGAAGCGCTTAACGTGCCAATTATTTTTACACAGCGTGGACCTTGGTCCACAAGGAGTGAGAATAGGCCCTCGAATTTGGTTATGTTAACAAAAGGGTCGAGTTCTGAAAGTGTGTGGACTGGGGTGCTAATAGTGCCTGACTCGGCGGAATCCACTTGTACCCTTCCCAATGGAAAAGAGCGCTGCTGAGTGTGACTTTCAGCCTTGACGGACATGGAAGGTGCCAGCCTTAACGATTGAGAGGTCCCGCGTGGTCGATCTTACGGCAACTACCCACGCAATTTTCGGAATGTTCTCCTCCGCAATTACATAAACCATGTCTTCACAACCTGGGTAGCGCTTCTTCATATAAGCTCACCGCACAATCTTCAGCGGCAAGAACGACTGTGGCAAGACGAAAAAGTACAAGTCGCGAGATGTCAACTGAGAAAAGTAGGACGTATAAGCCTAGGCCACGTCATTGAGCCATCCCGTACCTAAGGAATGAGTGGGGCAAGTTTCAGTGCAGGGAAGTACGGTTGCGTGACTTATCTGCCACTAGTTTGAGGGGCGCCCGGAAGGCCGCGAAAACACAGGCAGTTTGCCGCCGTTAGTTCGGCCGGTGGTCAAAGAATTCTGCTCGGATACCGACAGAATACCATTCTCTTAAACCGACAAGGCTTCCTAGGAGAGGCGTCAAAGGCTTTATCATAGTTAGGTATGAGTATCTGGTAAAGCGCTCTCTACTCACTGCCGCTACCGCTCTAGTATGAGACGTCATATACCATTTCTCGGCGAGGGCAGCT,1230,49.84,Escherichia coli
SEQ_211226,CGATACTCCAACTCAATCTGGACCACATCAGCCCGCTATAATCTACGAGGCTATACAAACCTTCGCACGTGTGGGACCAATTAGTCGCCATTTCGAACTTGAATTAAGACTCTGCCCCAACACGAAGCTATTTCGTTTTGTCAAAATATGAATTTATGGTATTCAAGGACTGACCACCGGTAGCGTACTCTTCTAATCCCGTCCATCGAACTGTGACTCCTTATCCCGGGTTGCTAGTCTCGTGTGCGACAGTATGAAAGGGCTGCCCAATCTTACAATTACTAGCCACGGTGGCACCTTGCAATTAGACAATCCCCTGGCTGAATTAATACCCTTATTATCCAGGGTGCTTGAGAAATAGGGCTAGGACATGTGCTCAGGTATGAAACCATCTCACGTATCAAGAGCCAATTTTCATGAGCTGAGCTGGTTCGCTCCCAAAACCTACCTGATAGGGCACCGGTTGAGTCTAAAGGAATCAATATGTTGCTGCAATTACTCCTTTCCAGACCACATTACTATGGGATAGACACCACCTTGGGAGCTAGGAGTCGACGGTGTCAGGATCCAAAGTAATACAGAGCACATTATGCTAACAGCCACCCTACTAAGGGGCTAAACGAATAACCAGGCGTCGGGAGCAGACGTGCCCGGTAGATCTGTTCTAAATAGATGCGAAGTTTGTTCCCAGAACGTCCATTTATGACTAAGCAGTTGAGCGGTTATTTCTGAGTATAACGGAAGAAGGCGGGGGAATAGCGGAAGCTGATGAAATCAACCCGTTCAACACGCCTTAATAGAAAGGCCCTCCGGCACCTCTCGGGTTCCATACGCACCTTTTTTGTTACACCCGGATAGCCTAATCCCGCATCACAGCATCAATGTATATACGTGTCCGACGAGGCTGAAAACGGAACACATCCAGCGTCTGTCCCCAACGACCCCATGTGGAAGAGACCGCGCGTTGTCACCGGCACATCGCCCTACTAACATCGATAGTACTGCCGGCCGGTTCGAGTGCCCCATGCTATATACAACAGTTCATAAGTGCAGACTCCCTACACTACAGGGTGGTGGAGGTGGCAACAGGTTATACTTACGCAAAATCATCCGTGAGTCCTCAACATTGCTTTGATTACAGGCGGTTAACGCCAGGCGCATTAACTCCCCTAATTCGATCGAGGGCTCCCGAACAGGTCTAGTATTAACC,1210,48.68,Caenorhabditis elegans
SEQ_368228,CACCTAGGCCCCGTTTTCAAGGGTCACTGATTAGCTGGTACGAATCCCGACGTAGGAGAAAGCATTACCAACGTGAGATGTACGTTGCCTGCGGCAAAGAGAAGGTAAAAGGGCTCAGTCTCATTTACACTCCGAACGTCAAGAACTAGAAACAGCAAATCTATCCAACAGCAGCTTCACTTTAGGGTCTAACTTATCGGTGGTGCCCTCCCGCCACTGGCGGAGTTGCTCGCTTTTGTCCATATAACATAAAGTCTGCATCTAAAACGCCGAAATTCGAATGGTATCTCGTGCACTAACCGCGGATCAAAACGCCCGACCTGGTCTCGCCCCGATCCATGTGGGGAAACCAATCTGTTGGCTGCGAGGAAACGTGTGCAAGCCTTTGGATGATCAGCCTACTCGTCCCCTGCTGCTCGCTGTCCCTCGCAGGCATTCCCTACCGAGTATAACCTAGCCCGCGTGCGTGTTGTCTATCAAGTCAGTAAAAGAATACCTGGACCGTGTTCATACTCCAGCCGAGAGGATGCGAGAAACGTGGGTAAACAACCATCTCGATGGGAAGTATGTTCGGCGAACGGTATGTCAAACGAGCTTACGGTCGCATTTTCCCCCTTGGGTGTGAGAAATGCCACTAGGTCTATAGTAATTTTCGCGTGACTGGTCCCGTTTCTCTAGGGCAATTCAAAGCTCACCGACCGGCCAATTCTGAGATTGGCCATAGAATCCCGCCACCACGAAGATCCGATCTGTGCTCGTTTCCCCAAAGATAGGCTCGGTAGAGCTTCACGATACGTACCAGCGTGAAAGAGGCCTCATAATACTTGATCTTAGAACTCCTCTACTTTCCATCCCTCGTATTATACAGTTGGTGCTCGTTGCATGAAGGTCATTGTGGAAGACCTTAAACGAAACTGGGCCGAAATAGAATGGAGTACTATGGCTTCCCGCTTATGTTGTCGCTTCCATCGCTACCACTCGAGTTGACGCACCGCTGCTCTCCGCTTGGTTTGGCGAGTAAACAGGAAGGAAATCTTTTTCAGGGACATTGCTCAAGAGCTATGTCGACTGCCACCAGCATAACAGTTTCACCTGCTTGGGAGGGGGGTAGCTGAAGCTGGATTCCTCTCCGTGACGATTTAGTGGGGGAGATACGGCGCTTGGCCGCGCGGCAAATGAGCAAGTGGGATGAGCAAATAAAGTCTTTACGAGGCAAACTATGAGGTTATACAAGTAGTCCCTTTAAGTCCAATGGTGTGCCGTGCTTCGGAGGGCTACTCGTAACCGAGCAGCTATTATAAGGTTCCCCTCGTATTCCAGTTCTAACCGTCAAAGGCCTCTCTGCCCATAACTACCGGTTAATCATCTGACCCAATTAATAACGCCATGACACCTTTCGATGAGTGCTTCCTCTGTCTTAGACCAGTTGGTAAACCTGTCTCACTCAACACGCGCGGAAGTTCTAATACCTTCAAAGTCCCACGTTAGGAGGATAGGTTTTCTTGCCAATGCTGTTTCAAGCCCCTCGTTCTACAGGCGAAAGTTATAAATGGAGGTTTAATACTATTGACGGTGTTTTTTCGTGTTTCGTATTAGTCACAAGTCTCCGTTCTTGAACTTAGTCCTCTTGAGACCTAGCGCTGTCAAAGCCAGAGCGTCATGGACGCTTGTAATGGGTGGGATAGCACGCCTGGACCGTCATCAAGCTCGCTCTCTTCCAGCTATTCACCAACCTACTACTCGAAGTACATCTTCGCTATCTGGCCAGACCTTTCGT,1777,49.63,Saccharomyces cerevisiae
SEQ_649896,AAGCGATTATCCCGTAGTACGGATGCCTGGAGTCACTCTCATCAACAGGCCAAAGCGCTGTAGTCATCTGGTGAACCCCACACGGCCAGTATCGTCGCTCCGCACACCAATTCTGGGACTGTTTCTGACGTTCTGTCTCTGTGAATACCTACATAACTGTCCGTCCAGTATACGGTCTTTACGACGGAACTGCCATTACGCTTAGAATCTTCTTCTGCGTTTGGCCGAATTGCCGAAGCGTCGTCCTTTACTTCTAAAATCGGTGATTGGTGGAAGGGGGCTTAATTATGTGATTTTGATTGCGATATTTCTCCGCTCTTTCCAGCTACCTAGTTCGATCCGGCCGGGTAGAGTACGACACTGGACTCCTTCCGAGTTGACCGTCTGATGTGTTGTGGATAAGCAGGCTACCGACGGATTCCGGGTATCCGGCCGTAATGAAAGTAGGGGAAGCCAGCCACCTCTGCTCGTTTTCGTCAGGTTATCCTTGCAAAAGTAGGCCCCCGCAGACTGTGTAAAAACACTAGATTACACAGTTTTCACCCGGTGTATACAATGTCACAATATACCTCCGCCCGAGCTTATTGTGGACGTCTATACCCTGTATTCTGAAGTGCAATCTGGGCTTACCGGTGTTTTTCAACGAACGAACAGTGGCCGACCTAAATCTTCAGGCCTTTGAGCATCATTGGACACCGTAAACCCTAATGGTAATCATGTGAGCCCGCCCCTTCGGGGTCTTAATGGAACTAGTCGCACACTCCCTATATTAGGAGGGTATTTTACGCCTTCTTGACATACTGATTTGGGCATGGTTACGCGCCGAAATGAGCGTAGGGACTCGGCCGTTTGCGCGCCGATGATGAGATAGCGGAGGGTCGATGCACTTATCATAATAATCGCCTGGACTGTAAACACCCATTGTTGTTTTTCTATGGGCCGATGATGGGGAACGGTTGGGCTCTCGTCCCCATCAAAAGGTACGAACAGGCATGGGTTGACGCGCCAAACGCCGTACGAGGCTCGGCCCCGGCGGACACGGCGACCCACGTCCGCGCCAGGAAGAGACAAGCTACTGGTATCAAGTTGAATTAATGAGACCCTAAGAACGACGATCCCCACCTTCCCCGTTTGGAACGGGCCAAGGGAACGCTGGATTGTACCATGTTTTGGAGTCTAGCTTTCGCACAGTGGCCTGTCTTTGTGACTCATCGATCCGTTGTAGCGATGCTTAGACCCCATGTTCCTTGGGAATCTATGGGTGCCTCTGATCGTGAATCCTTGCGGCGCGGGGGAAGTAAAAAGGTGAAAGTAGCCATAGTGCGCCTCCCGGCCACACATGTCGCATGCGCCAATACTGGTCTGCCACATGATCCTCGGCGTTGGGGTACGATTTATGGCCCTCCTTTAATGTCCGCCATATGGCGTCTATCGCGAACGCCGAGAGCCTTCGACACGTTCAGACGATGCACCAGAACAGCATTTATCCTCTCAGAGATTTTTTCGACTACCCTAAAGTAGTGCCAGATGCCTATGGACGCGGCTCCGAGCGATATCAACGGTGCTCGGACAATGAGATAGGTGTTCAACTGTCCTGCAGTTAAGTACTGCCTTTGGGCCTGCGACCCTGAGCGGCTCACCACTTGAATGGTTCGTGGGTGTCATACAGGGGCTGCCTTTGGTGTCGGCAGCATCAGAACAATGGGAAGCGGCGTTCCATCAAAAAACTGTAAAAGGGCTGTTCCCTAGCACACACCGGACTATAACGCCGTGTTGAACATGTCCCCTACCAAGATCCGTTCGGGCGTATAGTCCCAAAGAAACCTTAACTCCCTGCTTGTTACCGGCACCCCATCGCCTTGTAGGTGATATAGACCGCTCATATAAGAACAAATAGGTGCTCTATGTGTTGTAC,1915,51.7,Arabidopsis thaliana
SEQ_491948,CCCCTGCAACCTAACCATTCCTTCTCTCTATGGGCGGTGTGAATATACCTTATGTGACCTTTAGTAGGAAATGCGTGAGATCTTCTGTTTCTGCCGTTCTCTAAGACTGTAAGATGGGAGCGGTAGAGCCGTCAGTCCCATAGTTGCGTAAAGTTGTAGTCAGCGTAACGACCCGTCAACGCGGGTCCAGGCCGATGTGATTGGGATAAAGGGCTGCACAGATCCACTTGCTGGCAGCAGCGTCGGTCTTAGAAAAGAGAGTCTAGTGATAATATGGATATTGTTTATCAGAGGAGAGTATGATTCTCGCATCCTAGCACGGGTACACAATGATAATAGTACGAAAACGTTGTATTCCATCCTACCTCTTCTGGAAGTCTCGATCGTCCCACGGCGAATGTCTTGCAGATATGTACACCCCTGAACAGAGTCAAGCTATTTTAGCACACCCTGGACATCCCTACGTTAGCACCCGGGCATCAAGCGTCGAGGCCACCTACTTGGCGAACATCCCGCTGGTGGTCGGGACCTGGCCCCACCTGCCTTCAGGATGGGCGAGATACATAGCCGCGTTAAGCCCACCCGTTCTGTAGAGGCGGATGATCTCTAATGAGATGGGCGTTGTTCGTTCGGGACGCATGGTACCGCATCGGCCCGTAGGCCGAGGATCCCATAGCTCATTAGATTGGTACTTCTGCATCAACCACCGCCACACTGGTATCAAGGTATGCAGTCGGTGATCGCGCGACCTCTCCCGTTTTCACGCACGCACCTTTGCATAGGGATCTTGCAATGGCACGGATAATCGTTCACGATTTGGGATACGCCTGAAAACCCCGTGTTCATTGCGCCCGCATGTTAAATTAACACACAAGGCCACATTCTCAAGTGACGCTGTAACTCTTACTTGCACGCGAGCAAAAATAAACCTGAAGTCAGCTGGCTCGACGGACTCGGCATCGTCCTTGTAAACAGTAATCGACACCATCGTTCCTGTTTTCCGACACAGCTCGGGATTGACCGCTCATAGAATCCAGGGATTTCGTAAACCGCTGGCTATTCTGTATTTGTTCGAGAATGTCGGATTATCACTCTGTCGTTGAGCGAGTATATGTACCGTAGGGGGTAACCCGTAAGATAACCGAAACAAGCGATTCTAATTCGTCGGCGCATAGACGTAAAAGAAAACGGTGTGCGATCCCGGCAAAGCTTAGTTCTAACAAGTCAGTACTGAAATCGGGGTCACCACGGGCGGACCCCAGGCATCGTATGTCGATTAGCGTGCAACATCAATAGGGGGATACGCGCCCATTGTGGGCGGCGTGGGTTCTGTTAAACCGAACTGAAGACCGTACACACGAGATGCAAGGCATACTCGGGTCTGTTAGCTTTATTGTAACCTGACATATCGTGCCTTATATTGTTCCACAGAATTAGTGTTGATTCTCGCAGGAGATATACAGAGGGAAGCTCCAGTCGATTTGAACTCATGTTCAGATGTCGAA,1505,50.23,Mus musculus
SEQ_951473,GAGTGACGGGTGGTTATACTTTTTATACATAGAGACATCGATATTATCATCACTTCTGGTGTTTGGTGCCAAGATATAGGAAAGGCAACACCCAGTATAGCGGCACCTAGTTAGAAGCCGGCTGTAGAATGTCACGTTATATCGTGCGCCCAACCAGGCCATCATGGCGTTCAGACATAACAAATGCGCCTAAGCTCCGGCGGGTCTGCCACGACCGGGAAGAACCAACATTGAGAGCGCGGTAGAATAATGAGCCCGTCTGGAGGGGCTGTATCAAGCGTAGGTTCTTAGAATGTTGACGTTTTCGACGTCTATCTGCAGGTTACGATCCCTTGACCCGTAGGGGGGACTTTCAGCGGGTGTCCTTTCCCCACGGATTTCATACGCCACATCTAGCGCGAGGGATTTGGCCACTCATCATACTCTACCACGACTGCGTAATCATCGGTGAGGCCGGGGAATCGAGCTTTTGTATGTAACACGTATGCCTAGATAACGCAACAATGTAAGCGGCGGCTTAACCGGTAGGGAAAGGGTAACATTTTTATGGGGGCGGCCGCTTTATCTATTCGCCCCTCCTAGCGCTCTATATCGAGCTCATAGTTGGAGGCGACCGACGAAACGACTGGTCTTAAGGCCACACCCTGTACTACCATTAATAGTCATTGGGGGGCTAGTATGTAATGGGTGATTCCTAAGAATAGACAAATCTAAGGCATAGTAGTAAGGCTGGACCATCTCCATGGGCTATGGCTATACCGGGCGATATTGCCGCATCAGTTAACCCTAAGACTTCTTTAATCATCTAGTGAGTATGGGTTCATTCCCTCGGGCAACTAGGGCTAAATCAGGCTCCGGTATTTAAACTTACAGTTCGCGGCCTAACTCCAGATAGTGCTTAGAAAGTCGATACGCCAGACTGGCTTCATACGTAAGCCAGGGTCTGCCGGTCCGCATTTTCCCCATCAAACGCCACGGGATATTTGGGTCTGGAGTCTTCAAGTATGGTAGTAGCACCTCGTCTATTCAACGTGTACTCGACGGCGGGGCAAACGGGGGCGCTGTATACTTTATGCCTTTCTCCCTGGCCCTTACTAAAGTTAAGCGGAGTACACATCTAGATTACAAGGTAAGGTGTCGTAGCTACGCTCGTTCCTCTTGTGCCCATTCTACCCACCACGATTGTTACTGGGCAGTCGGAACCTAAATAAATCGTATTAGGAGCGACCAGGAATCGTGAGCGCCTGCGGAGGTGATTGCTCATACAGGAACCAGTTAGGCTCGTTTACGATCGTGATGGATTATCTCTTGCCGGCGGTCCCAGTGGGGACCGCGCTCATCTTCCAAACACTTAGTGGTCAGGACCGCGCCACTGTCATGCGGCGGTTGTGCCCGCTCTGCTGGACACAACCAAGCCCTGCGGCTGTGCAATCGTGTAGAACGGTCTCCGCAGTCTATTTGGATAGCGTTCGCAGATTAGGCCACACTGTCGACCGATGGCTTAACAGAACGCCTCAGCACTCGGTCACATATGGTGGAGGAGCTTATTCACACACTGACTCAAAGTTATGTGATGATCGTCGACCCAGGTCTTGAAAACATATCCTATAGGACGCACGTCTGCCTATCTGTGGAGAGTTTTATGGCGGTATTCATCACTAGACCTCGACAACGCCTTCGGCTCGTATTAAATACGTGCCATGTACGCGTTGGTCCTTCAGTCTCTCTGGTACCCTTCGTTCGCACTGCTGTCGGGCGGCCTGTCTCGAATGAAATGTTTTCAAGTCCCCCGCCTCAGCTACTCGCCGGCGGACCTTAGTGATATCGGTAGGTCGTTATAG,1841,51.11,Saccharomyces cerevisiae
SEQ_792681,AATGAGGCCAGCGCCGCTCTCTAAGAAGGGCTTATTTCGGATGGCAGCCAAAGAGTAGACGCCTTGCTCCCTTAACATAAACGTCTGATTTCCCGGCCCCTTACGAAAGCTTCGGCTCCCGGCATACTATGTCCTACGCACAGTTTGAGTAACTGGTCTTGGACGTTTCATTTGGTCAGAGCACCAGACCATGCGCACCCAGGGCTTAGGCCAGTATCGCGGGAATCTATCATTCCCGCCAAGCGTGTTATTCCACTAGCGTAATGGACAGATTACCGCAAGGCTGTTTAAAATACTTGTCCCGCCGGGTGATGGATCCCTGTGAGACTAGGGCAAGTTCTGCCTAAACTAAGAAAATGGGACAGCCGGGGGCTATCGGCAGCATCTCTGAGGTACAGAGTTCACGTCGATGCTTCCCCAGGCGCGCCGCTAGATCGAACCTGAGCCACTGAATGATCCAAGCCTATTCCGAGTATGACAGGGCCCCCCCTCGTTCAACAACTGGAAGGCAGATTGCTACAAGTTTGCGTGCATGTAGGAGATCGGCCGTCTTACGTAAGTGCCCGTAAAGACTCGGTTAATAGTGGGGCTAATTAAAATTCTGCATGACTGTTCGCGTCGCGCTTGGCAGACAACACGTAACTTCAGACTAGACAGTTCTCTTTAAGCATGCATCATGATTGGCTACCCTAAGGGGAGGCTAGAAGCGATTCCGGTTCGCCAGAGTTGTGGTGAAATATACCACGTGTGTGAATTTGGCGCGCGCTAGATTTCGTGGATGTTTTCTTAAATTGCTCGGACTCACGATGGTAGTACCGACTCGCGCGTGACCGCCACTACTTCGTGGGTAATTCACCGAAAATCACCCCACTAAATGTGATCGCATTCTCCGGGGCTATTGATAATGACCGCGTTTGAGATCTTAGCCCCGTGCCGCTACTATGTCTATCAGTGTCGAGCGGGGAGATTTACGACGCGAGTTCTATGCCTTTGTGTTCCCGTCCGTCGGCCGTCACCATGTACCCTTTAGAATACCAATTGTATTGATGCCCTATTCTGGACGTGAACACACTCATTGGTTCATGGCCCTAATCTCGCGCGTAGGGCTAATGACAATAGCCGACCCAGTCGGCACCTTTAGAGATCATCGCCGATCGGAGGAACTTTGCGAAGTAGATGTAGTAGCTCTTGCATCCTCGAAGGATGCGCCCAGCCTCATGGAGCAGCGTTCCCTCCAAGAGCGACTGTCGAGTGGGCCGGAGGTACTACGGAAATGTCCGTGAGTGGTTATATTCCTATTAGAACCCGCAGCGATAGCGACTCTTCGCTGCTAATAACATATTTGCGTTGTTTGTCCCTCGGTATGAGTACATGCTCTCGAGGGGGACGAACAAA,1395,51.61,Caenorhabditis elegans
SEQ_711171,TGGTCGAACTGGCAGTCAAGGTGACGTTTTCGATTTAGGTTATCCTGGTTCGATGGGGTCGTGATTGGGCGGCTCCACTGTAACCCTTGCTTGGTAGCACGAATCCATGTAGACCGGCCCGTCCCAATGATAAGGCTACCTGCAATGAGGAGCACGATTCATCCGGCAATCACTTCGGAATTTTGCTGGTTATTACAGTTCTCTCTATTGCCGCTGATCCACAACTCATGAGGCAGCAAGCACTAATTTACCAGCACAATAATCTCTGTACTGCTCATTGTGGGTTCTTACAACTGTCCCTGACTAGCATTCGTAAAATGTTCAGTAGAATGGCGACGCGAAATAAGTTACCCCCCGAGCTTTTGAGTCGTGGGGGGAGATCCGCGCGGACTTACGCGCCTTAGACAGTGTCTACACACGTAACAGTACAACAAGGGCCTTCTCTTGTTCCAAAGTTTGAACGACATCGACCGTACTTGAATTATTGGTATCGAGTCAATATTTCTAACGTGAGGTTGCGACATGGCTGAGGCTAGCTTACATATGGCCCCAAGTCATTCGCGTGCAACGATCGAGAGGTGTATCCCGGGTCGTCTATGGGGGCGATTTAAATCGTTACCTCTGTAGTCTTCATATTTGACATTCGAGTTAGAGGCCAATGTTTATCGGTAGCCCCCACCGCCTTTATTTACTTTCTGCACAGGATCGCCTCACTCGAGGCGATTTCGCCCACCGGTCCGGCGCCCGGCTTCACTGGCTATCTTTCTATAAGGTTACGCCACAAGTGTGGGACACATGCCAAGAGTCGTTAAATTGACCTCTGAGGTAAGTGAATTGTTGATACTCGCACCTGGGCTTAGGGCTTCGTGGATGACCCTCGATACTACAGTCCGATGAAAACCAGTTATCCACCGGAGGGGGGGTGTGGTTCCTGCCGTAAGTAATGGTTGTGATGTGCATGGGTAACCCCAATAACCCATCCACGCGTTCACAGGGCTGCAAACCACATTGTCTGGGTCTGGGCAATCCCCCCGCGTATGTTACTAGTAGTGGTCAGCGATACTCTGGCTATCAGGCGCACGCCCTCGGTGAGTCAATGCGCACAGGATTCTGTGACGGAGACCCCGCGCCGATGCTATTTTGCGACATTGACATCGACAATCCGGTATTCCAACAGATTCGATAAGATGGGTGCGAATATGGGGTCGGAACCCGGGATTAAGGTTTATCGCCTAACGGGAGAGCCTGATAGACGAATCTGCCGCATTCATCGTTAAAGCCGGATAGCGACTAGACCGTCCATGCCCTTTTATGACAAATCGCGGCGCCTACCCGTTAAGGGTGACAAAGTACGGCGGACGGCTCTTATTACGCCTCGCTCTCGAAATCGGATCGCCTGTTTTGGCCAACGAGTGGGTTGGCATAGTTGCGCCATGCCGATCAGGTAACGCGACGTTATCGTCGGTGCTGCAGTCACGATAGGCCGCTCATGTTGCTCACATCTTCGCTTAGCGGTCTCGGATGTTTTGGCGGAGCGTGAGTTCCCTACCTCTGGGGCCTTTTGCCCCATAGCAATCAATCTGTGGGCTCGCGCCCTCAGGTATTTCTACGTTTTATCTAAAGATCCATCCTGATTTTGTTCCAGCGCACCGAATCGCTCATCGATGACCTCGTCATGCCCTCTTCTGACGCCACCTCATCGCACATTA,1709,51.61,Caenorhabditis elegans
SEQ_449346,CATACGCGAGGTCCTGCCAAAGCTCGGAGTTCGCCCCCTGGGGGGCGAAGATCCGATGACTATCCTATACTTCTCCTAAGGGCCTGTTGTCAGGTCGTGCCAACGAGTTCGCTTTAATGACATTCAGTACTAATGTTAAGAAAGTGACGGTTTGCTTAGGGTCTGAAACTTCACTTGAGGCTGTTAACAGAATATTGAGGTAGGCTGGGTTATGGTACAGGGGTGTTTATTCAGGTAGACACACGAACACCCTTCAACAAGCCAAATACGACTGCTCGCTGGAATCCAGCAGGCCATTGCCGTCGGGAGGCAGCGGTACTGCCGGTCAGTTAAAGAGTTCTTTAACATGGAGCCTTTATACGCTTCTTCACTCTAGCCCCTGGTATAACATGAGCCATTGTGTAGCCGTCGGCGACGACGAACAGATCGCGGACGCAAGTCCCCATTCCTAGTATTAATATTTACATAGGAGCAGTCGCCAAACTCCGAGTCAACGTAATTAAAATACAACGTCTGCAAATCGCGACTCTACCTACACACTGCCATATCGGAAGTAAAAAAAAATGTTGGATGTAAGCTCCGCTCAAATTTGGATAGGCCCTATGTTACTTAGGACTGACGACCAGTCGACCTAGTGCATTCCAATTCACCAACATGGTTTATGTTTGTTAGATACCGCGAATCACAATAATAGGTCGGAATAATCGACCCCGGTGTGGATGCGGACCAGGCAGACTATGTCTCGGG,747,48.19,Homo sapiens
SEQ_585537,CGTTCTCCATGAATGACTTGGAAGACAATCGCTATAGTACCCTTGTGAAGCACTCTAAGCACAGTAGATTTCCAAGCGCCTCGAGTATATTGCTGCATAGGTTACGAAGATCTTGTAGCACCCCCGATCGGCTGGTTACCGCCGTAGTCCTCTAATTTTAAAACGCGGGCTTTAGGCATCAATCCCGTTCCAAGTTTATTCGTTACCCGCCCGGGAATTTGTCAAAGGCAGGGCGACTTACAATGTACGGGTGACGTCTACGTCCTCGGGGATAGCCAACTACCTAGTAGCGCATCACGACGGGTTCTTCCTCCGGGCTGGTGTCGCGCCATTCGGCCGCGGCATGTGTTACCGGCACTTTGCAGCTAATGCGCTTAGGCCAGTTGCACATGCGCTTTTCCGTTTGATCGCAGGATCCTCACCCCATTGACGTTACGTTTCCCTTCATGCCATGGGTCACAGGAGATCCGAGGCAGAACCTACGCGAGCACGGCATAGCTTTTCAACTTTAATGACTCGCAAAGATCCCAGTGCGAGCTACACGTCCTCCTAGTACCCCTCGATGCTCGTACCATCTTACTAAAACAGTTGGGCCATGATAAAACATGTTACCTCCGGCAGACCCCGAGATTTAAAAGGCCGACGGTCCCGTGATGGTTAGTTATAGACGGCTTTGATCGTACAACAACAGGATAGCTGGATGTGGTCAATGAAGCGAAACTGCTCATGTCTTATCCCCTCGGCGTGCTGTTCCGCTCCGGCCTGAGTAAGTACACATTTCGATACCAGACAATTGCCCTCCGCATCGACACACGCCGGCTTAACGACATATCGTAGCGTACTCGGTCTCGTGCTGCTTTACCCAGTCGAGATTGAACTTCCCTAATAGACGCCGCGTCGTACCTTCGGCTAATCTAACTATTTAAGTTGCCACCGATTTTATAAACGCGTTTCCTATTCGGAGC,965,51.3,Homo sapiens
SEQ_469971,AGGTGCCCAAATCGTACGACGCGGAAATCTAGTGGTTTTATTAACTGGAGGCGAATAAAGTCCCCCAGAGTTGCGGTAGTCACATATGGAACTAATTGGAAGAGCAAATGGCGGATGACATTCATGCTGGGGTGACTAAACTCATGAGTTTGCGATGTCGTTAAGGACTCAATCCAGTGGTTCAAGGTACGCCCGTTCAAGTCAGACTCTATGCTCTCCTACTGGGGAACGCTGATAAAAGAGTCAAATTCCGCGCCCAATTTAGCAACCTGCCGGATACCACTGCGTTTTTGGCTCGCGAACGGGTACCTATGTTTGCGTACCGGTGTTGCTGTGGGCTCGCTCCCTTCGTTCCAGTTCTTAATAAGACCTAGCTGCATATGTCGCTTGAGAGACTCGAGGCCTTCTGATTTTTTAGAACATTATAAGAAGTCTAGTTTGTACTAAACAAACTTAATCTCCAGATGCTTCCACCGGACGGTCGCTACTTGGTTTACGATCTATTGTGGCATTACGAATGCTTTCAGACTCCGTGGTTAGGTCGGTCTCCGGATGGCTGAGAGTATTTTACTGCCCGAGAACTTTGCGGCAAGGCTCGCACGGATCAACATCGGATAGCGGGAGGGCTCCATAAAGGACCTCACTCCGTGAGAGGTGAGAACATTCGAGAACGAGACAGTTGCAGGAAAGGAAGGTTGAATCAGCACTGTCATGACCACTACTTTGTATATACATCGCGTGTACGACTGAGTCGTCGCCAGCACTGGTGCGCGCGCGCATCTCAACATCCTAGCTTTGACATGCTGTCAATTAATCATCTTCTTTATTGGCGCCTCCGTAGAAATGGGACCCGGTCTTGCAGCCGGGTTACCGCATTAAACCC,883,49.15,Mus musculus
SEQ_103119,TTTCTAGGGCTGCAATCTCTAGACACTTCGGGGCCAAGCGTAGTACCAAAGGTGCGTGCCTCCAATATCCCAATGCAATGCGCCTGGGACACTCCAATGGACGCACGAGTGGTAGAATATCCCTCAGTGTTAACATTGATGCAGATAGGTGGAAGTT,157,50.32,Homo sapiens
SEQ_305657,CTCGGCTCAAAATCACTATCGAGAAAGTGAACGCTCGAGTCAACCTCACGCTTAGCGGGCCCCACCGAAGCTCCGGATAGGGCTGCATACACGGAGGAGGGATGTTTCCGGACGAGAAGTCACAGCTATACAGATCCAGACAGGTACGACACTGATATTGGAACACGGTTTTGGTAGTAATGTGTTTGTCTGGGATTAACTAGTAAAGTGTACTTTCACGTATAAATGTTAAACGGATGAGTCCTACCCGAAAGGGTGTAAGACGAATTCATACCTGTAGAGTCAAAGGTGGCACCGTTGTGTATTTCCTACGAAGCGCGAAACGCTGAGCAACATAATAAAGCATCCACGATGGTCGTAACACGCATCTATGTATCTCCAAATTACTGACATGTTCAACATTTGTTACGTAACATGCTAACAAAGACTAACATTGGTAGGTCCAGCTGCGCTCAAGTGGCGACCGCCAATATCACTCGTACCGCATCCGACGCAACGTCGGTAAGTGCGCGCCCATGCTCACCTTGAAGAAAGGTGGGTGTGCTCTGGAAACACAATATCCCTAGCGTCTGTTGTCAGACCATATCGGTCACCGTAGGGTAACTATCCGGCAGCAACACCGTGACAGTTTATGTGTGCGATTTTGCGAAGGACAATCCCCACGGAAGCATGGCTCAATTCTAGACATTGAATTGCACGGATTGAGCAACCACTTTTAAAGCAAGGGCATGTAGACGACCGGAGGTTAGAGCCTCAGAACATGTCTCTCCCAGCTCGGCTCATATTCGGAATCTTCATGTCTAAGAGGTCTGACACGTAATGAACGCGCCACATCCCGAAGTTTAGCGAGAATATATAAGCACGCAGATAGGGAAAACAGCT,882,48.07,Saccharomyces cerevisiae
SEQ_144032,GACTCTTTTACGTGCAGTAACCGGTATATCTCTGGCCACAATAAAGAGTAAGGAGCGGTCTCTTGTCTTTGGCATAGTATAGTCTCCATGTTGCGATGCAGAACCGCCCATTAGCACCCCGGGGGAACGTGCACCTCTCCAGCTGTAGTTGGAGAAGAGCGCAGCCGTGCTTTGCACGCCCCGCAGGGCATCGGTTTAGCGTGTGGCTATGTCACTGCGCGAGGAACCGGTTTGTTTACGGACAACTATTGACACCGCTGACGGCCCAAAGTTTCGTAAGCAAACGTCACCACTAGTCCGGAACTACTCCTAGCATGCTCTCGAAGGAAGTAGTATTGCGGACGTTCTAATGGTGGAAACATATCGGGGAGCCTAATGGGCTGTCAGATAAGGCTTATATACTCGGCAAGCCACCCTAAAGTAGACGCCGATGCTGCCCCTTAACCCCCGCTAGTGATCTCCTGAGCTCATGTCCCTGATGAGCGGCAGTCATGGTGCATCGGGGTGTTCTGTGGAAAACCTACAAATTGGATAGGAGGGCTGGAACCACACCGGTGCTACACGACAATGATCAAGGAGATATCCCGTCGTAGGTAGGTCTCTTTCCCGTACAAAGTGCTCCATAGTTACGTGCGACCCCGTATTTGCGGCGTATCGATTTGACTCGTGGTGAGTAGTCATGTTGTCCTCAACTAGACGAGAAGACGGAAATTGTCTTGAAGGTAGCCGTACATGTACCCACATTTCTCGTAATACAAACTACTGATTTCTCCTTAGCCCATTCGCGAATTACTATAGTCGCAATAGCCACAACTGCTTACTGGAAAGCCAATGTAGCCCTGGGGGTGACAATGGCCACTCGTCACACCCAGGCACTACGAACACCCAAAGAATTGCCTGGCTACGGCACATGCGGTAACACATCCAAG,929,51.45,Drosophila melanogaster
SEQ_903635,GAGGAGATTCAGCTCATCGACACTGATATTTAACAAGCATCCTTTATCATTTCGATAGGTGAAGGTCGATCGATGATCGGATGCGTTCGAATGCCTATCGCGCGGGTCCCGTTGCCCGGTACATCCGGATTGTTCAGCAAAGCTGGATCTTGTAAGCGGTTAGATATTTTTCACGATGGTGGTCGGTTCACGGCATCCGGCTTCAGCCGGAATTGATCCCGTAATCCAAGATTTTAAGTGCTATTACCACCGGTCTAGCTTTGATTTACTCGCATTCCGCAATAGGTTGCCTGCTGGCTCCAATACATATGCCGGCCGTACGTCCCGTGTGTTCCGACGACCCCTCCAGTTTGTAAGAGATTAGGGTAAGTGAATAACGTGTTAAAACTCACGTATAATATCTGGATTGACTTTAGGTTCGGGATCTTAGGAGAAGATTATGTTCCTTGAATCCTCGCCCAGGTTCCTCGTAAGTCCGCGGAGCAGGGAAGTGTGTCCCTGGGAGCGGCAATCTTCCAACAAAGTACTGGCAACCAGCGCATCGAGCATCATGCTACTTGTCTCAGGGACCCTATTAGGTACAGTATGTTCTTCAGATAACCACTGATAAAGAGACACCGTGAGAGAGTTCTACCCCAAGAGTGACTCTACGCAAACTACGCAGCATCCGTCTAACTAAACGCGGAGTTTTCCCCTGCGGCAACGCCGTGAAATGTTCATTGGTCCTATCAAACTATGTCGACTCTATAGGACTGACGTGTTCAATACATGTTGGTCTCAATTCATCAGGTCGAGAGGTCGTTAGCTTTCGGCCCCAGGTCGGTCTGTAAAGGGTACAATGTGACCGTCGTCGGGGGTTCGGGAGTGTGTCCTGCAATACATCCGAAAACCACGTTTTTTTAACGGCGTTCTAAAAAACAT,921,48.43,Homo sapiens
SEQ_784547,GCATTTCTGGCGATCAGTATTTCAATTGTCGTACTGCTACCGACTTTATGCGGCGGTAGGGATTCTAACGTCCACGAAGATTTCGGTAAGTGTCCAATATTCAGATTGGACGGGCGCCTTAATAGCCTGGTGCACAATGCACATGGTTCGGGAGCCCTCAGGTTTTGCCTAAGTCGAAACAAACGTCAAAGGCGCTTCTACCTCTAGGGAAAATTTTATATCAAAGTTCCCGGTAGAATACAGCGGTACATGTCTAGGGATCTGGGTACGTGATTTAAGACGGCTATCTGCCGTGTCGGCCTAGTGAGCTGCGCAACATTAGTTACGGACAACTGGCATAGCTCCTATACAGAGTCAGGCTTACTGCCACGCCCTGGTGTTTGATTCTTCTATCCACGTACAATAGAAGTATCCTGTAAACTGCCGTGGCATCCTCTTGATGACTGCGAGAGATTATAGTCAGTTCAACGACCGATGTGATTATGGGCGTTGCCGATAGTAGTATTTTAAAGAAAGCGTTCACACACTGCCGTGGTCAACAGATGTAGATACGTCCTGCCACAGAAGATTTCTCCAAACTGGGGACGTGCTCAAGTCTCAGTGGGTGCATCTCTATCCTAGTCTTAGTTCAGTGCATAGGTGCCTATACCACTTTCCCTAACCTTGAGATCTCGCCCGCAACCAGAGGCGGCACATGCGTGCCCCTGGCAGAGTTTCGATTCCGTTTGAGCTATCTTATGGATATTCAGAATCGTGGGGTTGTACTTCCGTGTCGCACGAGCCTGCAACTAATGAAGAACCTATTATAGCAGTACAAACATAAGCTGGGGGTGTCTTTTCTCTGAAGCACAAGACCGTTGCTATCGGTACAACGTTAGTTCGTTTTTTCCCATGACTGGCGTCCCAACATATTTTAAATAATGTCTCCGGTGCCAAGTCCTTTACTTTACTTGAGACACGGCTCGGAGGCGAAAATCGAGCCAAAAAGGCTCCCAGACGGGGGTGTACTACTGAAACGCCGTCGGCCTTGGTACATCTGACATTTTGCGGAGGGTCATTATGTGCTTAGGGGTTCGACTGAGATGGTCTTAAAAGTTCTGAATAAATTAGATCCAGAAGTGATGACATGGGTAATGAAGCTTCTCCATAATATTCTGACCGACTGGCTTTCTATAATTTAGTACCCAAGAATACAATCGGGATGCGTTCATGCTTAAACCTTGAGATAAGGGTTGGTCGACCCACGTGATGTTAAAGTAACAGGTGTAGAAGGGCGACGCCTTACTGAGGAGTTACAAATAGGACAGAACAGTATGCAGGTGTGAACGGACCATCACCCTGGTTCCGTGATCGACTACTATAACTCCGGCGTTGGTTCTCATACCAAAACTA,1392,47.05,Saccharomyces cerevisiae
SEQ_187866,GTTAGCTGGGACTTATGTTCTACGCTGTAACATTGCTCCGTGTGGCCGTCCAAAATTCACTCTAACAAGCTTTACTGGCGATACGAGAAACTCTGTAAAGGTCTTATATCCTTAGCGAATCTATAAGCGACGACATGTCAGGGCAGGGGGAGCAAGACTTTATTTGTGCGATCTGCGGCAGACCCGATGCGACGCACCTGGTTCATAAGGCGGCAAGGCGCTCTCTAATAAGGGCCTGAGTCTTCGATTCGGTTGTGTCAGCATTGGATCAATTAGAATCCTAACCGCTATAGTAGTCCGGTTCATTCAATTCTCAAGTCCTACCAGGCGTGTATTAATGGACAAGAATATTATTTTGCAACTATTCGGTATTCAAGTCGCGCGCCTGATTCAATCACCGTAGAGAATAGTAGAGAGATGGCTCCAAAGTTCTAGTCCTAGATCTAAGATTGGAAGCTGCCCAAGTAGTGGTCTCGAGTGGAGACACTAAAATGCCTGTTCGTAACCCAACAATAGCCTACATACCCACTAACCGTACCCCCTGTTAGAGGCGCCCACAACTTACATGTCAGCCTACGTTATTCCGAATAACACCGCTACTTTCAGGTCTGGGCGTCGCGGACAACCATGCTGAGACACTCTAGGCGACAGCGCAATAGTATCAAATAGCACCGTGCGCACAATCGACCGAGCAGTTTGGCACTACACGCTTTGTAGCCAAGCGGGCTGACTCTTATATCACAAGGGCTCCTGAAAAACAAGCCCGCCATTACAATCTGAGTTAGTAGCTATCACACCTTGGCAAACGATCAGCTGCACTCTAAGTCAAGCTCTTTCGATCCCGCTGGAAAGGCGGTGACCCTTGCGGCCCTCCTCCGGCTTTACGTTGTGAGTAGATCTATGGCATGCTTTAATTTTCCGGCAACCCATTGCTGCGTGCCGTCGTCGCAGGTCCGGTGCGCGAGCTCGTGATTTCATCCTCTCCCGGGAAGTGGTACACTGTGTAGCGATGAGTATCCGACGTCTGGCTTCCGTCTCTCAATGGGCCCGAGTGATCGGTCAGGAACATCATATACCGCGATTGATTTTAAGGACTAGCACGGCACTCAGCATAAACAAAGTGGTGGGGCCTCGAAGATGACATAGTCGTGT,1152,49.83,Escherichia coli
SEQ_716953,GGCGTTTCTGGTGGCCAAGATTCCTTCGCCGCCGGGAGGCGGAGGGTGACCCGCGAGTCGCCGCTCGTGATTTTCATCGAATCCCAAACCTTAAGATAATCTTTTCTGAGTGATGCAGAGCCTCGTGCGGTAGATAGGGTCAACGCCTATTTTTATGATTGGTGTTGAGCTTCCAGTGGTAATTGGAGTCGCGCGCGAGCACCCACCCTGGGAAGGCCTCGCAGTGTTGCACTCGAGACTACCAGCGAGCCGTCCCAGTATGTTGAATTAACCGTGATGTAAAGGGTAAATGTGCCTGAGTCGTCCCCATTAATCTTCCTCCAGTGCTCTCGGGTCTTGTGGCGTTTTGAGGGGGAGCACTAGTGGGAGAACCAAATCTGACTATGAGCTTAAAAGGCTCGCCATGGCCTGGGACTAATCCCCGGACAGCTTCTTTTTCAGGCAAGGCGCAGGTCTGTAGTGACGCCATTTCACGAGTATCTATTAGGTACGGAGTTTGCGAATATAACTGGTCGTTTGTCCCGGATGTTGCACATCGTAAGAAGTCTCTTGGGCGAAGCACTAAAATCTAGCTAGAACGTAAACTCACCGTTGCAGAGATACATCCGTCGAGAGAAATGTTGCATACGTAGGATCCCCATTCGAAGAAACACTGGGCAGATCAGCCATTTCTTCACGAACCGCAACACTAAAGTCACCAGGGCTAGATGCCGCACCCTACGAGGGTTGGTCGTTCGGGATCAACCCCCTCGGGGGATCGGCTTGCGAATGCCCTAAACTGTAGGACACAATATCTGAGCTCAGTCGCGCAGGTGACTGATGTCTG,826,52.42,Caenorhabditis elegans
SEQ_449323,CAAGCGATTTGAAGTTGCTGGGCCTTATGTATCGTGGCGCTCGTAACCCGCGTTGAAACGAGAGCTGAAGATTGGTGCACGCTCGAGATTAGATAGAACATATTTATATGAGGTGGTCTCCCTACAACTCGCCCCTTGTAAAGAACTCACTAGAATGGGGTTGTAGCCTCAAAATATACATCATCTATTGATGTTGAGAAGCGACGATTTCCCTCAGTGTCGGAAGTGCGGGGTAATACTCCTACGGTATCACCTGTGTTGGCAGCTCCGTCATAAAAACTTCAATTGATCGCTTAATGATGCGGACTGCGACTTACGACACGAGTCCGGGGGTTCCGCGGTAATACTTGAAGTCGATGTTTTTTAGTAACCGTCGAACTCAGGCAGCAACAATTGCATAAGTCTCCGACATTCAACTAGAGGGTGTAACCAGGCAACGAACCCAGGCTACCGATGTTGGTAGATGGAGCTAGCATGTCATATGATGGTAACAACGCAGCTGTTGAATAAATTATGTTGCTAACTCTTTCTGCTTATCTTAGACTAATTGCCTCATATCTTCGTGGCCACGATACAGCCCGCATATGCGCGCGTAACTGGGATTTCTAGCAGCCCTCCCACGTGGGGCCCCAGGGGGGAAGTTTCTTGCAAGAGGATCATATGATTCCTTAGGCGGAGTGCATCACTGACGGGCATGCGGCCCCAGATATTCACGACAGATTAGCATAATCTTTTTAGGGAATTTGTTCATCTGTCAGCCTCCGAGTGGAATCGGGCTCTGCTCGATCCCACCCCAACCAGCACCACTGGCTACTGAAAAGCTATGGCCTAGCTACGCGTTAAACGTGTGAATCAGCTTGTACTTCAACCGTGCGGGGGGCAATCTGATCTTAGTAAAGCATACTTTGATAGTTCTCTTCTTCCCAGAAGGCCCCCTTCATCTCAGTGAGGCTGTATATGATCTTTACCCAGTACGACAACGTATGTAACCCCATTATCGATGGTCTGAACCAAGATCACTTAACCCTCTCTGGAGTTACATGGTTCAACTCGTACACATATACCGTAGTACGGTAAAGCCAGGTG,1086,47.88,Mus musculus
SEQ_710952,AGTGTGAGGAGCCAGCGGCACCTACACCTTTTTTCCATCCGTATAAGTGCGATAATTGTCGAACTAAGCAGAGATCGGAGAAATCTGTCCGTAGGCCAGCAATAAAGTGGTGAGTCCGGTTCCCAAGCTGGTAATAGGTAACCAGTGGAGCTGTCACCCCTGCGCGTCGGAATGCGCAAGCCAATAGACGCATACAGAAACCGGGGTACTACTTGGCCTTTGAATGTTTGTAAGGAGTTTCATTAATCTCGAGTCAGCGTCGGATTGACCATTTCCGCAGAGTTGAATCTGGCTATCATTACAAAAGAGCGAAATGTTAGCCTACACGTTCAGTTATTCAGTAGTGTACTACCGTTATAGCTATGTCTACACCCCACATTAGTCTTAATTAAAGAGTGAGCTGCGCCACTGTAAATATAGCGTGGACGTAGAGCTTGATCAACCCAACGTGTCCCGACGATGTGGGAAGGGGTGCGCCATAGTCATGGGACAGGGCTATTGTTACTAGACTACGGTTTCAAACGTTAGGACTAGGTATACGCGTCGCCCTGGGCGCTCCAACTTGCCCCAATACATGAGCGCGGCGACCCGTTTGTTCCGGTTTGCTACGCCCGTATGGACTAATGCGGCCCGTTGTCCCGTTACACAGACTGTTTCGAGCTATACTATGAGCAGCTCCACATTGAACCACTGCGACGGACACAACCCGTGATCAGGGGGAGCTTAAACAGAGCAGCTGTAGAAACCAGTTGCCATATTTTACGATTGTGCAAGCCTTTAAACTTCAGACCCTGTGTTACGGCACAAGCAACTCACGTCCTAGCCGCCTTTACGGAGGATGTTTTAGCGAGACGACTTATCTAAGATTACTATACCTTCGGGCCCCCGACTTACTAGGCTAGCGTTCGAAACTCCTCGATATGAGACATAATTGACTCAACCGAGCATTAACTGGAGCCGGCAGGCCCCTCGTTCTAGGCATATATATGCGTTAGCCGAAGCTGGATAACCAGTCTCAGGTCTTAGGACTACTAGATAAGGGTGCTCGCCTCCCTCAGCGAAAGGTTTGGACCATACATGGAATAATCAGTGACAGG,1097,49.5,Homo sapiens
SEQ_526520,AAAAATGAAAATCATTCGCCTTTGCTCGTTTCTAACCAGCACTGCCATTTGATTCAACACGTTAGCATCGATAGAGGAACGAGGTTTGCACTGGTCCGGACGTCATATACACAGTGGCACACTTGCTCCATAGAGGATTTCGCCGACCGATCACAACGCGTGACACAGTCGCCCACGCGCGTTCTCGTTATGAGAGAACAGCCGCCCAATTATAAGAACTGAAAGTGTCGTTTTTCCTGTCGCTGTTGAGAGAGGCTGTTGGTTGCTACGCTCGTTGTCAATCTGCCCATATTTTATATCCTGCTACCAAACCATCCAGTTCAACCATGACGCCTGTGCTGGTCGCTGGTTAATCCGTCGTCGCGCCGGAAACGCCTACTGGTCTCGTCCCTGAACCCACCTTCTCCGTCGTTAACCTGAAACCGGATGACCCGCTTAAGGCCAATCCCGGGCAGGGTTAGGGCCCTGGCATCTGGTGTCGTTCCACAGCTGGATTAGGACGTGTCTATCAAGCGAGCTGTCTCAGCGGGGTACGTTTGGTAATTCGCCCAACGGCTCTTCCGGGTTTGGGATGCCTTATAACTTAGTAGGGTAACGTGCGTAGCCAACAAGTAGAAGCTCACTTCCACCGCCGGGGCAATTTGTCCAGGGTGGCAAAACCACTGGTTTTAGCGCCTGCATCGTGCTTATTTCTCAAGCCTGTTGTATTAACTAAGCGCCCAATCCCCACATCTAATCTTTGTACGGTTAGCAGACGACTTCTATTGATTGAGCTAAAACTATCCCCGGAATTTAGGGTTTGGTACTCCGCCTTTGTCTTAGAATGCGAGTCTAACCTTGTAACCTGCCGATTCTAGCTAAGGATATATCTATGCGACAACCTGTACGTAAGTTATCTCGAGTATGACGCCAGTATGTAGTCGCTTTTGGGAATCATCAGAAGATTCAAGTAGGGTGCTCTTGTTGACACGCTCGTACTCCTAGCCGAGCAGGGGTTAACGACGCGGGCCGATGCTCATAACTGTGAACGGCTGTCTTAACGATTAACGTGTTTAACCGATCCTATACTTATCCAGCCGACCCGCGTTATAGCTGTAAGGAGCGTCC,1107,50.14,Escherichia coli
SEQ_514985,CCTCCTATCCTATCCTCCGGCAACTCCGTGCGACGCTCCCACATTTCAATCTTAACGCCGTCACGTGTCTCCTCACCTCCGTGGAACATCTTAGACCGGCCGTGACGTAGGATTGCTGCCCGGCTTCCCATCGTGGGTTCAGGGAATTAATTTGCCACCAAGGTTTGCCGGATGCATTTTATCCAACTCGAAGACTGTCCTGGCCATCTTTTCCACCCACCAGGCATAAAGTCCCGCATGGGTTGGAGCTCTAACCCTCGTTGTCGGATGTCAATTCGACACTGCAATTTAACTTTATCATGCGTCCGAAGCCATGACAGGAGTGCGCCGGTTTGTAGCTGACGCATCGTCGTCAAAATTCGCGCGGAAGGAGATGATCCCGTACCTTTACTAGGTTTGAGAGCCCCGATTGCTAGATAGGCAACACTTATGCAGATAGATGGTGTGGTCAGTGAGACATCCCAATCTGCATCCCTGATTTAACGTACTGTTCGCTGAACGGCACGGCATCCTTACCACGTCGTGCTATTATACCTGTATCATTATTTGTCGATCAGACTCGGGCCGGTGGACCTATGTGAGAACCCTGAAGACGTCAATGAATACAGACCGAGACTGCGTAATCGTTTCTAATCGGCAGTGCCTAAGCGTATCAAACAGCGAACTTTGTGCTCTTTGGGGTAGCCATGCAGAACCTAAGTCGTTGTCCCGTTACGACCCTGTCCTCCCTTCAGGCGACCCGTCGCAAGGTGAGCCGGGTTTGCAAATTCACCGTGCTGAGCGACTGTCCCTTCTTCGATTTGAACCCTTAGTCTTTTACCATCAAGCTGATTACTACAGGTGAACAGTCGGGATCGCTTCCATAAACGGTTATAGCGAGACTTGCATAATCTCTCACAGTCATAGGCGAGGCAGCGTGGCTGGGCATTGTGTGCAGCAATGCGCCACGGCCATATAGACCTACAAGCCAAGCCATGTATGGTTGGGATT,990,51.41,Drosophila melanogaster
SEQ_317063,TTACCCGGATGGTGTCCCATTATATGATCTACTCACCGCTTAAACAGTCCTTGCAGTGGTTGTCTGTGATGACGCACTTTGAGCTGAATTCTGTTTACCATGATGCGGACTAAGGGGGCGCAAATCAGCTAGCGGGGGCTTCAAGTAGCGAGTGAAGACTAGGAAGGCTTCATGTAAGTGTCTCCATAGGACAGATTGAACTGCGCATTTGGAATCCACTACGCACTTCTATAGCTGTTTCTTCTACAAACTCTTTTCTCGGTTGCTTAGGTCGACACGGAACCCCAGATTCTCCACGGCCTCTGGAGATACTCCGCATTATCAGTTAGAACTATCGGACTCATAATCTAAAAAATAACGTGTCCCTATTACAAGCAAATCTTTCATTCTTGTTGTGTAGGAGTCACTAATTTTGGTGTCCACACTGCAGCGTCCGGCCAGGTTCTTTACCCTAACATGGCGCGGGTTATCACGGCATTCTTGAACAATGGTATTATTTCCAAGATACCTCCTAGCGAATTCTGATGCCTAAGTCAGGCATCTAAAAAAAATGGAAAATCGAGTGAGCTTGTGTTTCACGCTGTTTCGTAAGAAAGTCGAGGCACTACATGCAGGCGGACGCTGAGCATTCCAAAGCCAGCTCCTCGCCGAGTCCGCGCTAGCGTCGTCGCCCGGTCTTTACGGACACAATCGGTAGACCGTGAGCGCCCCCCGTCCATCGGGCATTTCGCGGCGCTCTAGCCCGGAAGTGTTCGCGTCTGATTAAATATCAGGGGCCCAAGAAACGCAGCATCGGACCCCCAATCGTCACTGAGGAATGTTCTTATCTCTTCACCCAAGGGGCGACCTATGTGGCTATTAGGTGGAGGCTAATCTATAGCATGGACACTACTCTGCAAATCCCGATAGGAATCCTCCATAGGCCGACCGGGTCTGGACGGCCCGGGTGCCGTGTAGACCAAGCGGTCCACGCAGGGCCGGTGTTCAACG,990,50.71,Homo sapiens
SEQ_496886,CCTACTGATAGACCCGGATCGATCCGGAGCAAAGTGGCTGGCCCCGGAGGCGGTAGATTACAACTGCAATTTAGAGAGGGTTCCCACTGTGCTTTTGGACCTAGACTCCGCCTGTACGATCTCCCAGA,128,55.47,Drosophila melanogaster
SEQ_672117,CCGATAGTCAATACGAGCAAGCTATGAGTGTATTGTCTGAAATCCTTCGCCCCGCCAAGTGACTGTGTGATGGCATCATCGCGGAATTGCTAACGTCCAGTGACTTTGATATCTCCTCTTCACCGGAATATTTATAAAGAATGTCCAGGCTTTTCAAGTAACGCGAAGCTAGATCTGTCGGTTAGAGCACCTCGCGGCATGGCGGGACAGCGATAATAGCTGAACCGAGATGTCAGATCGATTTGCCACGATGGGCCACCGGTCATCGCAACCACAAGTGCTGAGAGGAAGTATAATAGATATCGTCGGCCTCCAGTGGGTGGCTACAATGCGGACTTCGCTGCCCTCTTGCTAGCATCCGGCGCGCCCGACCCATAAAGTCAGCACGATAGAAGGAAAGGTTTGGCCACGCTTCCGTATTGTAACAGAAAATTCAGGGTTGTATTACCGTGGGGATATCTGCAAGTCCATCATTGTATGCCCTGGAGAACGGGGGGGCTGATTCTGATTCTTATTTTAATGAAATCTAGGAGAATTTGTGATCTAGACAATAAACGAGAACTGCACTTTGACCCGTCTGTTCCTCCGCCCGATTATTCGGGGACTTGGACCTTCGATCCTCTCAAATTGCGTGGGTGCCAACGCAATGGGTCGATTGACATAGCGCATACAAATATGGTAGTCTACGATATAAGTCTGAAGAAGATTGCTCTTCATCCTTTAACGTCATAGCCTCTGAGGGGCTCTCCAGGGCAATTTACTTTTACGTGACCAATGGTGCATACCGTGGTCGTGCAAAGGACTATATGCTGATATGCCAATTAGCCTTCGATGGCTCATTTACCATCACACGTCTGCAACTATTCTCCTAGGCTTTCCAGGACCGGGGATCCGTAGCTTGATCTTCCGACCACGTTTGAGGCTATCTGGTCAGGGGACAGGATTTGGGATTCCTCAGAGATTTCTGATTTCCCACGCACCTCAGGCTTTCTTATTGCACACCTGTCCGTACCACGGAGCGGTCCTCTTAAGTATTCTGTGTTGGACTATTTCAATAGTTTGGTTCTCCACTATTCAGAGAGGTTTGAAGGGTCAGCTATGATAGCGCAGCCGTGCACTACGATGTCAGTGACATTGTCAGCTATACGAACAGTATTCTGACTCCGGGTTGGCGCGAGGAAGCTCGGTTGGACTCGTTACTCCCCCTTTGATCTCCGCGCCGGGCCGGATGCCCTGGCGAATTGGCTTTGCATGATAGTGATTGTCTGCAGGGATTGTTAAATGAAACAAACGACCACGTTTCTAGAAATTGTGCACGATCTAGTGGTTTTTATAGGGCGAGGCACTCTTCGAGCTTCCGCCATTCGAAACGCGCACATTTTAGCGATGATAACGGACGTGGCGTTTCGAGATCAGCGCTTCGTAAGTAGTTGCCTTTGTTTCGGACCTAACGGTGAGCCAATGTCGTCCAGTTAAACATAATGCCACTGCGGTTATGTCATCTGAATTGGGCAAAGGGAATTCTCCCTTACAGTCATCGGTACCAATTATGATGTCAGTCTTTGCGGCCCCTAGGCGGGTACCCTGTCGAATTCAGCTTCAGACCCCGCTGTATTGTCTATAACACTGGGATGTTGGCTAACCTCTAAACAG,1653,48.94,Homo sapiens
SEQ_907755,AAGTGGGTATAACGCAGTCTTCTCACTGATCCCAGGACTGCAGCTGTGGCTACTCTAGTCCCTCGTTGCGCAGTCTCCGCCATTGGCTCTCAACTCCAACATACCGTCGTCTGGGGAAAGTTCGAGTTGAGTACGTATCACTAGCGTGGCCTATACTCGCGATGGGATGGCCCAAATTTCCGAACCCTGCTCACGGTGGTATTCTTGTTTTAAGCACTTGTGAGAGGAAGATATAGATTAAGGACCTCACTGGCTATTGAAAGCGGCATGCCGTGTGGAATACCAGTCAGACATCCGGGAACGGTAATAGTACCCGATACTCTGGATGGAAATCTTTTAATATAGCTCGTTCCTGAATTCTGGTTTGAAAACCTGTTGGAGACATAGGATAGCACCAACGTTTACATGTTCTGGAGGAGGGTCAGTTCACTAATTACAGGAGGAAACACAAAAGCCTTGTTAGACTGTAACCAACGGCTCCAACTCCATGTACATAAGTACTTTCCAGGGGAGTAAATTGAGTCCAGTTGTGCGGCTGAACGGCAGGTGCCCTGGGGGAATACTAGGCACCGCGTTGATGTGTTTTTAATCGCGACGCGCGTATCCCTTTCGTGTACAGATGAATAGAGGTAAGTTGAAAGGCTATTTATGGCGATTGCAACTCATAGAGGTAACACGGCTCATGCCTTGACATGGCTGAGAGCCCTTGGACTCGTCCGTACTCGATTATGCAACAAGCTACGCGCGAATTCGCGGTCGGGAAGTACAGGATCGGGAACATTTCGTCCAACGCAGTGCTATAGACTTGGTGACGCGATCCGCCCATTGAGCTGCAAATAAGGTTCGGTACGTTTCGGTGCAAAAACGAAGCAGATAGCTATCGGGATTCCTTACAAGCATAGGAGAGGATCTCTAGACCGAGGTGCGCTCCCGCGTCTATTGGTCCGTATTTAGCTCGAAGCTCTGGTATACCACTTGCAACTGCAAAAGTCGTTGTGCCAACACAACTCTAGTGCAGCAAATGGTGGTTACTAAAGTAGGCAGGCTAACCATCACCCGGTGCATCGGATCACTTTCAGGGGATTCACATGTGCCCGGTGATACGGGAGTCCAACCCCGCCTTAAAAACAGATTAATGTTCGAGGATGTTCTCCTGATAGAGTGACGTCGTGGACGTTGCTTAGTGCTCCCTGTACTAGATCTCCTGGAACTATGGGTTAACTAAGGTTTCCACCATAAATTTTGGAGGGACGCACCTCAGAGTTTACGTACTGTTCCCGCGTCGCCCATGAGCAGTTTCGGTCAAGGTTTATAAATCATGTCGCCGCAGCTGTTGCCTCCTTATTACTCTTTCACCCCTAAGCATTATCAGAGGTTTAACGAGCCTATAATGTTCGTGTAACCCTCTGATATTGTGAGGCGGACGTAATCAAGTGGTCCCGCACGGACTTTAGTGGCACCTCGGATCGCGGGCAAATACTGCACAGGTCGTAATTGAGATGGATGTGCGGGAAACCCCTCTCATAACATAGCGTTAAAGAAAGTAGTGATATACATGTGACGCTCCGGCGAGCTGGGGAACAAAATTACGCATGAATGAT,1601,48.91,Escherichia coli
SEQ_943010,GGTCTCCATCTAGCATTAGCCGACATGAACGATAATACGGCATCCACACGTTGTGGTTAGTGGAGCGCGCTTTCATCTCTATTGTAGTCGTGAATGATCAGGGGCCTCTGAGACTGAAGATGCCGACTCCTTAGGGGACGGTTAACGCGTGCCGAGTGCATGATCTGTAAAAGAGTTGCGCTCGTACCTACCCGAGTTTTTCGGCAACCCACCCACCATTATCTGAATTTACATCGCTAAACTGAGCGGAGTCCATCATGTGTTCTTACACATCTACGTTCGATAGAAGCTTCCTGGGCGATGATATGTATCACTGGCTTGTAAGAGCTGGGCATCGTTTGCACTTATGTTAGACTGCGCGATGGCGTTCAGTGCATAAAGGTGGAGGTGCCTCGATCAACTGCACTAGGCGCGATGACAGCAAGCATGTCCTCCCTACCTAGCGTCCATTGCGGTCTTGTCGCGGAATCTGCTTTTACGTGCACGGAGATGCAGCACAGCCTACTATGCTAACCGGTTCACGAAGATTGTAAACTTTTTCTCATGACCCGCTCGGTTGCGATACACTTTCAGACACTAGCCGGGGCAAATACAACCACAATGTGCTCCTAATCTGACAGCCGTGGTCATGGTCAGAACGGCTAGCAAGGATACTGGTTCGGTTTCGCGTCTAGCCAGAGGGACCAGAGGGGGAGCGTGCTCGTGCGGGATGACACGTTCCGTCGGAACGTGGCGGAAGAGTCTTGAGGTCACGAGTACCCTGAACCACAAATCCACATAGACAATGAACGTTTCTACCTGGCCATAAGAAAGCAGTTATGGAGCGCAGAAGTTGTTCGGCACAACGTCACGTGGGCAGGACGGACAGAAATCCTGAATACTCCGGAATTCAGCGTGTGGCGTCCCCGTAGGTGCCGAGGACCGCGGCGGGCCCAGGAGATTTGTTGAGATTATTGTGACCGGAACCTACAGCTAGATAAGGTGGTGACTGCGCCGACAGACTAAGGGTTATTCACTTCTGATTGTCACTTTAAACCACCGGGTACAGACTTATCTACAGATAGGCCTTGAACCTGCATCACATCAGGGGGGAGCGTAGGGGTGCAACAATCGTGCTGGTTGGTTTAGCCTTAACGAATAATGTCAACTTAACCTGCACGACGTGAGCATCAAGCGCTATCATCGTCCATGAACACGCTCGGTCCTTCGTGCGTGGTGTACAACGATTTGCGAAATGGCAGCATGAATTTTCGCAAGACTTTAAATTCAAATGCGATCCATTTTGCCGGGAAGTCTGCTATTTCGCGTAGGAGAGATCACTTTAATAAAGGTACACACCTTACATTGAATAGCGGAAGGGGCAATTCGCCACGCATTCCAAACGGTCGAGGGTTAGGATCGTGAATCACGAACATAGACCCAGTTGTGCTCTGTAGGTTGGATATACACACGAACCTTATAGTAATTCTGCGTCCGTCATGCAACAACTTTGTCAGTTTGGAAGACTCGGGTGTTCCGCGATTCAGGGAGCAACT,1535,50.49,Saccharomyces cerevisiae
SEQ_936707,CGGGGCGGGAGAGTTCTCAGGACCAGTTGAATCGATAGCATTAGGGAGTAGACTTCAATCATGAATCCAGGCCCACCCAGGTTTTCTCGTAAGGGTGGTAGCGAGAGGGAGGGATATCGTTGGACGTTACACAGCGTCAGTTATGGCGTAGGCCAAGCACAATCCATTGGCGGTTAAAAGTCAAAAGTGAATAAGCAGGGGTCAAACATGCTAACACGGCTTTTTTTCTTCTAAATCATTCCCAAAGTAGTGCGACAAGCAGCACTCGGCAAACAGTCCTCGTTCTCCGATCGTTCCAGTGGCTACTCTCAAACTGCACTTTAGGGTGCGATGCTAGCCTGAAAATCAAAACCGTATTGCCCTTCTCGGTGCAGTGTGGCACACTCCCATTAGGCCCTATTGACGCAGTACGGTCGAACCTGGATACTCTCGTGTCC,437,50.34,Arabidopsis thaliana
SEQ_359893,GATTCCGAGAGAGAGCTGCCATCGTCTCCATGGTATTGTTGGGGTAAAGGTGCGGGCTAAAGTCGTGCTGACATCGGCACAACGGCGCATCGTACTGAAACTAACAGCGCGTTTATCCGGAAATTTCGTAAGAGGTCACGACGAACTATAAGCACCCGGAGCATCTACCAGGGGGCGGACCTTTACGTTGCAGCGTGTACCGTCTTGACCTACGGATGTGCTCCAACCGAGGATACCAACGCCGCCAGGTGGGGTTCCTGCATGTAGAACGGGAGTTCCGATGAAACCGCATTAGGACGGGACCTGTGATACTTGACCACACAACTTGCATAGATCTTTATATATAATGGCTGAGGATACCCTGTC,366,52.46,Mus musculus
SEQ_839765,TTGTGAATCTAAGGGTCGGGCGGCATGTCATGGAATGACGAAGTTCCTAGTTCGTCCATACATAAATGCAGCGGTTACAATTATGATGTGCCTTTACTATAACCCCCGAGTACGAGTGATGGGAATCCACAGCTGTGTCATCCGGGTCAGATAACCATTGAGACTGTCAATACGTTCCGACGCGGCTGCTACTATCACGTTTACAGTGCGATCTTACGCAGGAGGATCAACATTTCCTGCCAGACCGCGCTAAGCCACGATCACTTTCAGGGTATTCCTAGGATGTGCTCCAGGGAACTGATGTGACATATGACTCCGGAAGTACCCTGACCAGAACTCCAAAGTACACGTTTCCGGATCGATAACAGGAGCACCTCGAAGGCCAAAAGATTAAGAATCCTGTCAGTTGCCATCAGCATGAATGTCGTCGCAGGCTATAATGTTAAACGCCGCCATCGACAGCATTAGCGCTCGAGAAATAAGAGGTAAAACCTTCGTGAGGGGGCAAATCCCACGCAGTCGATAAATGTCTTAAACTCGTTTCTGCCGGAATGTAGAATCCCCCGGATGGGTTATGGAAGCCATAGATTTATAGGACCTTAAATCATATAGCTCCAGCAGGCCTGTCGGGACCAGTCCGAAACGAGCAAAATGTTTTGATTTTGGTCTGAAGAGCGATAACGACCGTCACCTGACCTGGGCAAGGGGGTCCAGTTGCATAATCAGAATAGTTTTGAAGCCCTACAGTGTCGTGCACGCAATTGCACTTGTCTGCTAGGCGTTCTGACCTGCATACCAACATCGATGTTGAGGCCTGTTCAAGTGCCTTGATGAGACTATCACGCTAACCGTCACTCGCCATCGACAAAGCCGACAATGCGTTCTGTAGCTTCCTATTAAGCCCACTCCTTACTACCGTGAGCTGTCTTTAAGAGTATAGGCAACTGCACGAGAGCGTGTATGTTGTACGGCCCGACGCTTATGGAACAAGTGCATTGTTAAGCTCGTAGCCTATCTATAGCGCGGTGGATTTTACGCCACTCTCGAATACAGAGTCTGACGGGATCCTATTGGTGTGAAGGTAAGGCGTGTTTGTAACTTTGAGACGGTCTCTACCCCAGTTCGGTTGTAGTACCGACTCGGCCGGGATTAATATCATGTCCTGTTAAAAGTGTTCAACGATCCGCTTATTTCTTTCTCCCTCAACACTGACTTGAGTCCGCTCGTAAATCCACCGAATACTGGCGCAAACGTACCCACGCCTAGAGTCCAAAAGGTATTCAAGACAGGTCTGCCAACGCTTTACGCACGAGCGAGAACTTGCGATCCGCTGATACTTGAATCGCTTAGAACTCAATGGGTGCTTTACCGATAATGGATGAAAGAGATGCGGCGTGCGTACCGGGCGAAGTTCATTTAGCCCCTTCCAGACTGTCAGGGCCCTACTCTAACTTTATTTCTTCGCTGCGTGCCTAATTTTAGACGTATCGCGGGTCAAAGCGCAACATAGTCCGCATACTTACTTCATATTTGTCGTCCAGATCCAAGGTGGCGCCGACTTCATGAGTCTGGCATATATCCCACAAT,1587,48.71,Arabidopsis thaliana
SEQ_204810,GAGAGTCCCGTGTTAGTGCGGTCTAAAGATGGGCAATTAGTTCTAGGGGACGGAGGCATCACACAATCTATATGGCATCTGACTGGTATTGGGCTCGGGATCGAGATTATTTGTAACATTTTCTAGAGCTGCCTCGAAGGAGGCAATACATAACCCAAATATATGCTGCGTTCTCCTCTTGATAACCACCCGGTATATGGGCAACTTTACAGATAAGGGCGCACGAAGCTCGCGGCAGAAACTTATCCGCTCAACCCGGGAGGAAAACCGTGCGGCTTCGGAGGAGGGCAGAAGCAGTGAGCGGCAGGCGCATCTCGCGTGCAGTGTTATGGAAATGTGCCAACAATACCATATTCAATCATTGATACCGGATGCGCAGCACTCAGGGCCTCTGTATGCAGTGACGTATCATTTCAGCCTGTCGAATAATTATTACTAACCTAGCTCAGCAGGTATAAAAGGTTTATCGTGCTCTAATTGCAGACGATCATACCCTACTAGCATCTCGCACACTATACTACGACCCATGTACGGACGCCCTGGAGACCCAGACTGGAATCACTAGCACGAAGTTAACTACGCTTTGCAGCAAAACTCTAGAATGATGTACGCTGTACTACCAGGTTGGCAAAGACTCCGCATTTAAGATGCAGGGAGGTTGCTAGCGAGTGGCCAGTGCCGATATAGATGGACTCGGGTCGTGATGACCGTTTTCAAGAGCCTATGAGTCCATAGGCATGAAGTGGACGTTTAAGACTACGGTATGTGCCTACTCGAGGCGGTTAAAAGGGAAATACTAGGAAGACAGGCAAGTCAAGATCATGCTGGAGCACAGACCAGGGATCTGACAGTCGTAACCAGCAAACCGGCCTGTCGCCAAACA,883,49.38,Caenorhabditis elegans
SEQ_678337,CCAGTATTATTGTCCCTACCTTTTTAATGACGGCGCAAGGGCCGTAAATGAAGACATCAAGCTGGTTCCTAAAGGCGCTCACTCAATCCTTTTGAACCCCTCCTTTGATCTTCGATGGATCACCGATCACAGTCTCGATGTGGGGGCATCTGGCTTACGCTAAGAAACGTGGTATAGGTGCTCATGAAGTCAGACTAACCGAACGAACTTGAAAATCTCGAGTCCCGTTGCGCGATTGGTTCAGATGGTAGTGCCTCCTGAGAGCTAGGGGTTCTATACCCGTACCACAGCTGTGACATAATCGCGGGATATGCACATGAAGACGCAAGGTCGGCGCTTACCTTCGCATATTTTACACTAGACCATACCCGTGAACGGGTCGAGGGCCAAGCTCCAATGGTGATAGGGAAGTTAAATCGCCTGCACTGTTTCGGATGAGTCGTGGAGTCTCTACCTGTTGTGGTACCGGTATTGCTGTCCCCTAATTTACCAGTGCTTATCCACGCTAGGAATTCTAGGCATTTCCGTGATTACTCCGCCAGTACGTGTCTCATGTGGTTAGCATGTTGTAGAGAAGTTCCTGTCGAAGCGTACGGCCCAGGGGGCCCCTGTATTCTGTGAGAGGATACTGAGCCCTAGACATCCACGGACCTTAATCGGCTTATAAATAACTTCTGATGTAAACAGTAACTTGTGACTTTCATCTGAGCTGCATAGGGCGTCAAGACTGTGCATAGAATATAATTATTCCAGTTGCCCCACCTGAGCAGATACCCCCGGCATGGAGATCCGTGAGTATATGGCATTTAACCCTTTACACCTATCCGCTATCAAAGCATTGAAGCGCTTGCTAGAACCTGTAGACCGCCTTAGGGATGCGACGATCGAGAGAGAGGGTCAACCGCCACTTCAGAGGTCGATAGTGTTCGATGACTTCCGGAAAACGCAGGTATATTTCTCCTGTCAATGTTTACCCACCCCGGACGAAGTTGTATCAGTTAAGGTCCTCCCACACACTTGTTATCTAGCGCCTTCGAAGAGATGCTGCCCATTTACCCAGGGTCATTATCTGAGCTGATTCCGAGGTAATCGATATCCCACCGTCTTCTGTTGAGGACGCTGCGCCACGAGCCCGCTTAATATGTAGTTTCTGTCAGTCGCATTGCACAGCCTTGTCGGTATAGACTAATGGTCTTATAGATCGAGTCGAAGTGACCCCATGCATAACGCTCGGATGCTATGCGAAGTGTGCCCACGAGCTGGAGAACTGCATTCATAGTGACCTCTTAATGGCATCCGGGTATTGCGAGGTACGCGACCCCTACCTGCGCCCCAGACTAACTGGCTTATCCAGTTCGTGGCAGTGCGGAATTAATAACCGATCGCTTGGAAATTACGAGCGGATTCGTTGGCTCGGAATCTGCGATGCTTCCCACAGCATTGACTAGCCCTGCGGGTCACTCTAGATTGTATCCACGGCGGTTGCGGCCTAAAGATGACCCAGCCCGTCACG,1513,50.36,Saccharomyces cerevisiae
SEQ_111705,CTTTGAAGCAAATTGTCTTAGGCTAATTAATACCTGCAAGTGCCACGACCTAAGAACGAGTACGACGAGGGGTTCTCAGGAGATTCGAACGCTGGGGGTAATCTATCGGAGCGACGAGATCGTGTTCCGGGATCCTGCAGGAAGGCTAAATACCTCGTGAAATCAGGTCTGGCTTGTATGCACCGTCCGGCAACACTTTTATTGGCAGCCAACTCGGCTAAGCCAAGTGTCACCCTCCTAAAGTTGATGTTCATACCACCTCTCAAGTGCGTTCCGCAAGTCCAGTTGAAGCCCAAAGCAATCAGTCTGGTCCAGAGAACCGATCTAAGCTATTCCAGCATATGGACGGGAAAGACCGTAGGCTTAATCATCCGGACAACAAGGGGGCCGACGGATGGTTCAACCCAGATCCCACCCTTCTGCGGTTAGACAGTAAAGTTGCTAATGAGCGGGACTAACGACCTCCCGCTTAACTTGGCCCGAATTCAGTGCGGTAGTCTCTTGTACTTACTGTCTCGAATAGTATGATTGCCGGTATGTGGTGACCAGTACCAAGAATGATAACTCAATAACAGTCTCTGACGACGGGCTGAAAAGACCGAGTACCGGCGTTAAACCGTAGCCATCGCTGCGCGATCTGGCATGCCCTGGTATACGCCGAATCGCTTGCCCCGAACCTATTTGATAAACAAAGTAACTGGGCTTAATGTATCAGAGGACCGGTGGTGAAGCCGTAAGTGCCATGTCGCTCAAGATGCTAGGCAGAAAGGTTCAATCCTCTTGATGTCTCCGACCTCGTCAGTCCAGCTGATTTGCCTAGTTACGGCGTGTATGCACCGCGCCCGGCCTACGTAGGAGTCGGGCAAAAAAATCAAGGTTCAACTCACCTCACGCGCGCTTCTGATTGTCACGCTTCGCATCCCTGAGAATCTATCTGTACTTTGACCGCAGGAGCCTGCTGCTGGGATATCATTAGTCGGAAACCCGCTGCCCGGATGCCGGTTTGTACGGATGGTGGTTTCGGCGCATTGGCTAATTCGCGACGCGTTAACGGGGCCGGCTATCTAGCTACTCTCCTAAATTGAGTCTTCTAAGCCCCCTTTGCGTCGGGAGCGCGGATATAATCATGCAACTGTATAAACGTATTCGCGCCGGGTTTAACCATCATGATGAAGACCTCGGTTGCG,1187,51.64,Arabidopsis thaliana
SEQ_200704,GATCACCTCCTTATATGATCCTGAACTAGAAACGGGTATTTGATCGTCGGTAAATCGGGGCCTCGGTCCATGTCGAGCCCGTGCGTACTCATTAACCGCGACCTCCCAGACGCCTCACCCTGCCCGCTCGCCTCCTGATAGCCAACAACAAACGAGAAGAGGAGTTTTTAGGGTGTATAAGATTCGGCATTTTAAGTAGCAACTTTGTGGCCCATGGATATCTCAGGTTACACTACCGACTTGCGTAAACCCTGACAGGCTTTTACAGCCTACGCTTCAGAGAGCATAGTCCAGACGGACTGTCGTCGCGCTACTTGAACCAAGCCCCTCGTTAAAGGGAGCCCAGAAGTTGGTCCAGGTCCACTCGCGTAAACCATCTCCACGTGAAGCGGGGTCCGTCCGTTCCTCTATGTAATAATTGTGCACACTGAGCCAGTAACGCGAAATCCCGACTGCAGTCGTATCTAAATCGCCTAATAGTCAGCTGTTATAATAGAGCTAGAGGTAGTGGGTTCGAAAAGGCTCTTCTGTCCTGGAGAGGAGCGATCCATTGATTCGAATCTGGAGTAGGCAGTTTCGCGCCCCTTTACCACCGGTTAACCTGTCTAAGACGAAACCCCGTAAAGGCGTTAGTACTAACTGGCTGAACGCCAGGCCTCAGGTTACGTTTCTACGACCACAAGCTGTCTTCGAGCAGAGGGATAGAGTCATTTCTCACCGACTGGTAAGATCAGAGTAATGGGTGATAAGCATAATTAAGCGGTCCATCGTATCACTACAATATTAAATATGGCTGGGTTAGCTAGCTGAGTAGCAATGTACCTCTAGAAACAATACGGCGTACCTTGTAATACGCGTAACTACGGGAAAGCGTTGAATACCGGTTTAGGATTTGCGCCTGTGCCGGCTGAAATTGCGCAACGCCAGGAATTTAACAACATGCTAACTGGCTAGAGGGACGTCGTTCTATGGGGTTGACGCGGCTTCTTGGGCTCAACATAAAGCCACATAAACTCTTATGGCGTCACCTCGGGCATGAAGTATCTCCTGTGATCTCGTTCCCCCACATGAACACGCACTGCGAGATACGCTTCTCTACCCGCACTCTCATCTTTTTGCAATGCAGAAGGCCGAAGAGTTGCACCTCCACGTAATTGACGGGAACACGATCCCGAAAGTTAAATAGTCTCTAGTATGGCGCAATTTGAACAGCATCGCTGTGGGGAGTGGGATTATCAACTTTGCTGACCTCTGATCTAATCACAGGGTCAGGCTTGAACTCTCAAGGTTCACGAGACTCGGTGCTCGTGGCATTTTGCACTCAAAGTACGAAGCGTAACTCGCTCTAAAGGGAACAGATGGTCACACGGTTTTTCTTAAGTAAAAGGGGCCGTGGGCCCAGTAGGGTTGTAGGGTAATATCGCCTGTGCCATCGCCGGGTACGCTCTGCCTGGGCTCGAATACCGCGTGCCTACCTAGACCAAGAAATGTAGACTTTGTTCTGTTATCACTAGATTTTGTAGTACTCACATATAGCCACAGATCCCCAACCTGAAGCCGGAGAGCTGCTTCAGCGAGACAAGCGTAGGTCTCGCGATCCATCGTCTCAATGCGCTCGACTCATGCCCCATTACTGCATACCGTGAGCATCCCTACCAGCCGGTACAGA,1669,50.21,Mus musculus
SEQ_910308,TTTAGAGGATAGTGACGCCGTGACTGTCGTTCTGCACATCTAGGTACTCAGTCGGAAAGGGAATTGAGGTCACAGGCGCTGACAGGGAAAATCGCCATCTTTCCCTCCGGGCATACCATGCGTCAAGAGTCGGACGTGTAGCTAGAAATATTCGGGCGTCGCTCCTCAGTCAGATACCCTCAGGTCATAATAACCAAAGGATGGTCGGGCCCGTTTTGCTAAGGCGCATACGAGCAATGGTAAAACGCGACGAGTTACTCTCAAAAACATATCCATTGCTATCTTTCACCGTGCTTTCCGGCTCGAGCGTTCGGTACACTTAATCTAACCGAGGTACTTGACCGCTATGAATAGAAAAGTGGCATGAATCAATGCAAACGTCCAACGCAGGAGAGACGTCTAGTCGATTCTAGTGAGTGGAAGTGTCGAGATCGAGTCAGATTACAGCCATTCTATCATGGAGACGACTCCCGCGTAATAATAGTTGAGTACATGTACGTAGGCGAACCGCTTCACCAGCATGTATGCACCGATAGGTCTGGGAGGCAAGTGATTAGGAGATTGAGAACTTTACGTTCATTCGGTACAGCCCTTAGATATAAAGCCATTCTACATCCATGACTTCGTCAGTTATTACCATTGTACAAATCCGGGTTTATCCGCCTATCATGCTACGTGACGTACTAAACCCCTAACGATGTCCCCGACCTGACGGCGGTCTATTGATGAGGCTAATTCAAGATATTCGCCGTGGTTAAGCAACATCCGACTCTTGGCTTAGCTTGATAGATATTCGTCTGCGAGCAAGTGGTGAGTTGCTCTCAACGCAAAAAGTGCTAATCCCAGGGAAATCAGTACGTAGAAGCTCTAGTCACGAGAGGCTTGTCGCTCTCGAAGGCGGTTCAAGAATTCAGGTAAATGGTCGGTGTATCAAAATCGACCGTCGCCCGAACTGGTGTACCCCTCTTACCACTGTAGGTAGGCTTGCACTGGCGAGACCATAAAGTGCAGTGACAACATTTTCTGCTAGTATGCCGTTACTGCCTCGTTCACGAAGTCACACTAACCTAGACAGCAGAGTCGGACCGAATTTGTGGCGGAAACGTACCTTTCCGCGATTGGGCTTAGGGTTGGGCTATATAGTGAGTGGAATCGGCCCAATCGGTGCTCAGAGGCAAACGGACCATACTCGTAACGATTAAACCACATTCGGTACAACGCTTAGTCAACGCAACTAGCTGGCGCTGACGGCCGTATTTCTTTATCCACACCCACTTGTTGTCGTGGCTGCCACCCGATCGTTGGCAGCAGGACACGAGAGATCCGGCAGGCCATTAGTCGAACGGTATCCGCAAACGCACTTGCAGGACAAGACATCGTGCACGTTTCACCCTTATATCTCGGATGTACATCCCCTGGGCTAGACTTCACGCTAGGCATAACTATGAAGCCGATTGATTTTGGGCGCGTTGTAATGTACGGCTTGGCGCTAACGGTGAGTAACATACAGGCCGGGCTGAGGGTGGGAAGGTCCTCCTTGTCCGGATAGTGGACGCCTCGCCTTGAGGCTTGTAAACAATTTAACGACCGCGCACACGATAGCTAATGAATAGGGACGCAACTAAAGAGCATCTGCCACTTGTGGTCGCTAACAGCGCCTGGACTAAAGTTATTCACCTCTGGTGGCCCGTTCAGCGCGTACGGAGACTTGACTTCCTGTATACAACCAACAATTTAAGGATAGGTAATGGGGGTTGACATTCTCCCGTGTT,1772,49.83,Drosophila melanogaster
SEQ_921214,CTACGGCTATAATCAGCTCCTGGGGCGTTCTGGGTGATTCGGAGGGTTGATCAACCGGCGTTGTCCCGGGTTGTATATTTGATCTCTAGACTTCGAATCCTCCGCGTAATGTTACTATTTGTTACGACCCGTTCAACCTCTTTAGATATGAATAAAATGAAGATCCTGTGGCAAAGCTCGATGTCCAGCGAAGACCATGGCTCTGCGCGGAAACCCCATTTTTCGTTTTAGGGGAGCTCGGAAAGCACCTCCGGTTAGATGTTCCCAGAGGTCGCCCCCCCTACAATACTTCTGTCTCTTCATGTGTACCGCCCTTTAGATCCCGCAGCTAAGCTTCCTTGAGGCGGGCATCCCCCACGAAGTACAGGGGCCGATACCCGACTAGTGTTATTCGACCAGTAAAGCCATCAGGAGTCCAGTGCCACGTCTTCTCCCGCCTCTTGAGCCACGTGCTAATGAAGTGAAGGTTCGGACCCACTGGCGCTGGGCAGCATGAACGTTGAACGTCAACGTTCGGAGCGTACGCATTGACCTATCTTAGTCCCCAATCTCGAATAAGTGAGGATATGCATTGTCGGACGCGGCTATGCAAGTCCGTTGATCATTTTACTATGTGCAGAAGATAGTTACAAGCCGTAGTTAAGGATCCCCGAATCTAGACCCGCCAGATTACAGAGCTTAAAACGACTCTCGCCCGAGGTAGACGT,707,51.34,Drosophila melanogaster
SEQ_319745,CAAGGTGCTAAGATTATAGCCGGCCGCGAACGCATGTTCTCTTTAGAGGGTAGCTACAGGTCTCTTTGTAGGTTTTTATGTGTCATTTCATTTTACGTTGAGCTTGTGCGATCGTGGGATAGTTCATACAACCGGTAAAGTGTCCCTGAGGGGTTGCTATTCCCATGATATAGCGAAAGATTGTGCACTGGTGTGGTACGATGTCTAAGTGATTCTGCCGTCGTACAGCCCTTTGGTGGAGGTGTAAGATCTTAACATACTAGTCTTGATGTCTTAATGCAAGCAGAACCCTCAGTGGAAAGAGCGGATCGATCCTGCTGAAGTTGCTTCAAACGACCAAAGGACCAATAGTTACCAGCAACAGCGTAGATAGACTGAGGGTCTGGATGCGGTATTCAAATCTCTGAACCCGGAGCTACGAGTGTGGTAGCTCTGACTTCGGAGGGTTGCCTGCCACCGATCCTCCAAACCGCCGTACACT,481,48.23,Mus musculus
SEQ_196894,ACATTTATCGAGGCCGTAGTGCCTGTGTATCCAGTATGTGGACAAGTTTGCCAAAGACGTAAACGCCGGCGTATCCCAACAACTAAACTAGTTATCTCTTCCTTACATACCTAGTTAACTAGGGACGTTCCACTAGGCCTGAGGCTCTACCACTGCTTACTAATACAGGGCCATTGTAGAACTTTCTGAGCGCCCAAAAGAACGGTCCGGCCCTCGCCATGAACCACTCTTCTGCAACGCGCAAAGTCTAGTAGCATGCAGTAATGGATTCCACGGGTCTTGTCCGATGCGAATCCGCAGAAGAGGATAAAGCTGGCCTGCGAGGATTAATATCCCCCTCGACACTCGCACCTTACTGTCC,361,50.14,Homo sapiens
SEQ_953151,CTGTTGAAGTGCCTGGGTATTGTCATTGCTTAAACCAAAACATTGGGGGCTTTAGTAACTTCTATGACCAAGTCTTAGACTCGGTGCTCCTGTCGGGATGGTGCGGCATGAGCGAAAAATTCAAATCAGCGCAATCCAGCTGCGCGAGGCTGCCCAAGGTGTAATAAGTTTCTGCGGACCCCGACAATTGTTTACGTGCCAGAATTCACACAGAGTAATTCAAAAGTCGCAGTACCGTCGAGTGTGACCTAAGAAAGCCCTTTGACTATACCTCGCGACTGCTGATAGTAGCACAGGCGTCTCATGGGCTCGCTTCGAGCGCAGAAGGGCAACGAAGGGAACGGTGAACCACGACGTATTTACCATATCTAGAATGACTCAGTGCGGCGGAATAAAACAATATATGCTTTCGAGTGCGGCGGCACAGGCCCTACGGTATGACAATGGCGAAATATGCAAATTTAGACTCACTACGGAGGAGCGCCCCGTGTCAGGCGTTGAGGTGCCGTAGATGTGTTTGCCGCTCAGCCACCCAAAATGGCTCACTCAAACGCTAGGGTCTGCAAAGACCGCGTCAAATTATTCCCTCGTATCATCCGAGTAGAAAGAATGAATGTCGCTACCAGAATAGTTACTCGTCGGCTTAATAACTTTCCGATGAACACAAATAACTCTGGGTGCGTTTTAATTTGAAGGGCGGTAACCGAGACCTTGGTTACACGCGGACCGTTTCATAGATATCGACTAGTCCGGAAGGGCACATTGAATTTGACTATCTTCATGTTCAAAGCCTTGGACGGTCCTACTCGCGTAACCCCACGCCTAGTAACCTGCGGAGATCTACCATGTGCCTCAGGACCGG,862,49.65,Caenorhabditis elegans
SEQ_771051,ATTTCGGGAACTCGTCTGTTGCTTGATGCCTCTCGACTAAGTGGGGTGTTTTTAATAAAGGTACTTATGATTGGAGACCGCCCGACATGCCCACGTAAACCTTTTCTACCAAAGGCATCCCGAAATACAACGACAAAGCAAGTTGAGTGTATACTTCCTTATCTTAGCCACGGGTTCACCGAGACATATACGAATCGACATCTTCACAGCCTCTACGGCGAAGCGCCTTAGGTTTATCTTTGTCACTCCATATGACTACAAGCGTCGCGTGCGCTGGGGGTTTACCAGCAGATATTTGTGCCTCAACTTCCCGGGTGTCTACTAAAAAACACCTGCGGCCACCCTATCTTCGAGCCGTCAACGTCTTGAAACCACACTGAATGCAATAATTAATTAAGAACCCGCCTTGTAAGCATGTTTGTAGGTAGCATGATTAGGCAGGTTACTACGTAGACTCCTGCCTGTCGGAAACTCGAGCGCGCTATATTTATTCCCAATGTTCAATCTCATCTAGGGTCGCTCATATGGATTGGGTCACTGGCCCGTACATACGAAAAAGATGTGGAAAGACCGGTCGGGGGACATCACTCAATTTGATCTGTAGTCATTCGCACAGTACTTCGCCTACACCAGTAGGATGGGGTTGCCTGGCAATTCCGCAACTCGCTGCAGAACCTGATTCCGATATCCACATTGTCCAAAGTCCTATTACTATGAGCATGCGAGCCTTTTACTCAGGCGGGGTTAAAATTCAGATGGGACTGGGCTCTTGCAATTCATGCCCACCATTATACAATCAGAATCTGCGTCGTCTTTCAACCTAGTGGATGGAAGCTAGTTGTAACGACACTGACTGGACTTACACTGTTGTAGACCTTCGCAGCCATCCTGCTATGCGGGCAAGCATGACTTAGATTCGGTCGCCAAACCCGGTGAACGACATCCTATTGTCCATGTCAAAACGTTACTGGACCTTGTTGCCCGATCCATAGGGTCATATACAACCTAACTCCGACTCAACCCAGAAGAAATAGGCACAGGGGCGTTTGGGTTCGTTGGCATAAACAAAAGTCTGACAGTAAACCCGAGTCGCCAAGCCCAAAAAATGAGCTGGTGTATGGGCTGCGGGGACATTTGACCAAAGAACCGGAAACTACTTTTGTTTACCCATCCCCCTTACTCGCAGGCTACAGAACTAGGCGCATTGCGGAGGTCGGCCGCTAGTCTCTATGGCTACCCAGTAGGGGCGTCCCCTGATCTAGCCGATACCCAGAAGATCGAAACGTAGCTGTCATTCAATATACTTCCTTTTGAGCCTACAGATTCCCCGACCACCTATCATGGGGCGTTTGCCCTACGAATTATTTGTGTTCCGTTTTGGGAGGCCAACGCTACAACATGGCGTGACTACGGGATGGTCCTTATACATCGTCCCGCATTCCATCTCTTGTTTGGAGTACGCGGTTTGCTTTCGTGGTCTCCTGGAAACAACTCGTAACGCCGGGATGACGTCGTGGGGGCGTACAACGCGCAAAGATTGTCTGGATCTCGAAATGGTCGGCAAGGTGGTAGATCTGCTGTAATCCATAGCAACAGATTCCGCGGCCAGCTTGACCGTGCTGTGCTTAGGTCACCCCTCCTTATTCCGCTCTGTGCTTGATCGGAATAGTACAATCTCTTAATTCCTAAGCCCGATTTGTGTTAAGCTTTGGTGGCACACACCAAGACCGCTCCAGGTGTCATCGAGAGGAAGGTCACGGAGAGAGGTGGCGTATATATGACTCGGTCCCCACCGTCCAATTGGGACTAACGAGTGCCGGGGCAAGATTAATGGGACCAAATATAATTTGAAATCGGAGTATCATATCTGAACAAGTTCGAAGTTAAACTGTATTTGCTTTAAGGGGGGCTACAGGTTCTCCCTTAAATAATATG,1935,48.84,Drosophila melanogaster
SEQ_346354,CGCACATTCTGGCCCGTACCAAAGCCTTAGACAGGTGCGCCGCGGGCGAGAAATGAATCTCAAACCTATCCTCGAGCATCTACTTAACCCCCACAAACTGTTATGTTAGAAAACCAACCCACTCGAATTTTACCCCTCTATCGCTTCTTGTCGTCAAGGTTTAGTTGACCTCTCTAATACTTTGAACTAAGTAAGGTTCTGAGGAGGCAGTCCTTGAATGATTCTATAGGTAGCCACGAGAACCCGGTGACCCTAATATCGTCATCTAATGCCTATTACCCATCTTCATCCTTTCAAGGAAATTACACTAAAGAATATGCTAGCGGCGTCCCCAATATCACCTTTATAGGCAAGTACTGGGCAAATACGAGGCATTGGGGTGCTATCAGCTAACGTGGACGCGGTACGCGCGGAATTTTCTCCCAACCTATCTCTATGCTCGATAGACCGCGACAACGCTAAAGCGTAGGATAAAAGAGACCCATCGGTGTACATAAGGGATGACCTAACTAATTGGAACACCGGGTTAATGGACATGGCTTAGAAAGATGGGTCCGCTATGAGGAGGTCGATAGGACGCAGGCCTTTGAGCTGCAAAACTCACGCCGGGATATGACCTAGCCTAGTAAGGCATTACCTCATGCGTCCGCGAGGTATAGGAGAACGTAGAATGCTACACCGACTGCTCATTAGGTACTGACCTCAAGAGTTGGTATTGACTGCAAGTTGGGAGGAAGTGGTCGTCACCAACCGGAGATATGCTCGGGCGAGCACAGCTGGTGCTCATGACGTACATTGCAAAGTCTGGCCTTAGTTTATCTGAGGGCAGCAGCTTGCCCGGTGGTGGCCCGAACGAGTCGAGCACCACAAAGCCTGGAGAGGCCATAAACACCGGCCATGATAGTTTTCCTTAGCGGGTTACACAGCATTACTCAGACCCAAGCTCTCTCCTTCACCTG,959,49.64,Homo sapiens
SEQ_589967,ACCGGGGAGGGGTCTCTTCGGCCCATGCAGTCCGAAGACCCAAGTGTTAAACTTCCACACGGACTGCGGAGCACGGCATAGAGCTGCTGGGTTTGCCCTTGCTGGGATGAACTAATAACACATACCTCATGGCCTACGGCCGCGGTGAAAATCAATAAAGAATGAGGTGATATTGGATCCGCTCCCAGCCCGTACCCAGGACATGGATTCGGGCTACGTCTTCGTGGTGGAGCCATACGTTCAATAAAAGTCCTGCTAAGCTAACCTAAACGACCCTGGAAAGAGAGAGCGGTCCCTCACTTCGTCTGATGTCTCTAAGTCTGGTTTGCTACTGGTTTCGAGTGGGAGAGAGCAGGCTGAACCTCTCGTGATGCTATGGCTGTGTAGCTACAACAATTGCAAAAGGTCATCGTATTGTCAGCTGTAACTTGTTTGCCAGTACCAGACGCAGAGTTATGGGTAGAGACACATCCGCCCTGCGTAGACATGAGAGGCCGGCGTGAGCACCCGGCAGGATAGGAACATACTCCTACTCAACGTTTGTGAATACCTTAAACGCAAGGACTTCTAAGGCAGATGAAGTAGAGCGCCCGTTATCAGTTCTCGTATACCCGCCTCCGAGATACCACAAACTGGAACGTTTAGCTCACGACCATTTGAACGTCACTGTAGCAATGTGAGATGTCAACACCAGCAATGGCCAAGGTATGCATTAGCCCGGAACAGTAATATCCACTAGGCATCCACCGACATCATCTGCGTAGCCGTCCCCCATCAAGAACAATATGTTTCGCTTGTGACCGTGAGCCAATGGCCGCTGGGTGGGGGACTTTACAGGTGTCGGTCTATAGATGGCAGTAAGCGGACAGGGACGACACAAACGGCTATTTAGTTGAACTGTGGGCTATGGGTATCAGTGCGTCCAAAAGTTCAGCTTAGCAGGTCTATTGGATTAAGTAGCGCTATAGGACTTGCTA,977,50.97,Caenorhabditis elegans
SEQ_759403,GTTTTTTCCCGTCTTGTCGTTCAACGTCCTCGTGACCTCCGTAAGAACAGTAATGCATATCTGGCGTGTTAAGGGTCAACGCACTGTAATAAGAGTCAATTTGTACTTCTTCCAAGGAGCTCGAACTGTGTAGTAGAGACTGTCCACTTATATAGATATCCCTTAAGTGACTACGACGCCCCACGTGGATTCTAGTGACCCCACATGACAGCCGAGTACCCTGTAAACAGAACATAGGGAATCCTTATCCCTGGTGCTCTGCTCAGGCGGTCACTCGCGTAAGTGCCGGCTGATTCCATCATACCAACCTTGCGATCTTGCGTGGCGAACTGGAGACCAAGTGCCTTTAATACCATTGAGGCATAGTCCGTTGGGTGTTGTCCTTCCTGCATTTACTGCAGGAGTAATCTCTGGGAAACGCCAACACTATGCAGCCCTTTGAGGATATTCTGTGCCTTAATCGCCTATATTAACTACGGTCACTTGAGGAATCAATTAGCATGTGTTTAGGGGATGCGGCTAGAGCTGTCGAATTAATTAACGCAGGAATACGATTTTTGATTGCCGTTACTCAACGACGCCTCTCCTACGCACGTCCCTACCAGTGCCAAAGGTCGCATCGAGATAGAAATGCGAGAACCGCACACAGCTCGCTTGCTTCGGATTACGACACTCCAGTAGCCCTCAATAAACATATGGCACAACGCAGCGGAATCAAACCAGAGCGTGTTCTTTAGGAGAAAGTTAGAAAGGCTCGACTTCCTTCCACCGTACGCCTTAGTGGATCATTAGCGAGGAA,799,48.31,Saccharomyces cerevisiae
SEQ_488166,AGAAGATTCTTCGATTCAGCCCAAGCACTAGATATAGCCAGCGTTTTGACGTTACGGTAAGCTACTCCCGAATACCGCATACCCGCGCCATAATGTTACATTGACTCGCGAGATACAATGGGCCTTGAAGAGAGATTCAACCGATCCGTTTTTACCGCAGCACCAATACGAATAGGCGCTCTCTTTGCTAACCAACCCTAATATGTCCTGAACAATTGTTGTATGCACTTGATCTGATTTCCCTAAGGAGTCCCCCCCTACCGCCGCATCAGTGATCTCACTTCCCGACGGCTTTTCCGTACGAGAGAAGCGATTGTCCCAACTTCGTTACAAGTATGTAGGGCGCCGCATCGCATGGCCCCAGATCTGCATGAAAAGCCCGGCCACAGTGATCTTCTACCGGCACCCCATAGTAAATTGTTTTTACTTCCACGTCTGCGTGACCTGCGATTGCCCTCGCTAACTTTCCACTTCAAACCCAACTAGGCTGCTGCTCGCGTATAGTCTCAGACAGACATGGTGGCCGGAAGATATGTATCTACTGAGTGACCCACGTGGATACTGACGTGTGCAAGTTGATCTCGCAGAGGCCAATGAGGGAAAATGAGTATTGACCGATGTGCACCTGCAATTGGGGTTCGACTAGGCCGCATTATTCCATTGTCTAGAGCCGCCCGTCCTAGTCTAACCTCCCAGCCTTTCGACCTACGCATCGTTACCTTCTGTGACCGCAGGAGAGCAGGTACCTGGGGGGCTTGTATAGTAACTATTATGTTTCACCCCGACACATACGGCGAGTAGGATGTGATATTTTGGTGCCCGTCTGTGTCATAGTCAAATGAAACGCCGAACCAATAGGGCCTCTTCCTTTAACCCTGCGCGGCGTATGGTTGGCGAGCAGAAGATGTACGAGACCATTGAGTGAATGTGGCCCACTTGGGCTGCTCTCTGCCGTAGATAACGCCTTGTTACTGAACCATATGCGCACTTGGGGGGAGTACGCACCGTGAGATGGTAATATAAGTCAGAGTAATGAGCCGCACGGCGGACGGGTGCTAGGAAGAGTGCGCTTGCCTGCTTGAGATAGCCGTGGCATCCCATGAAGCTATCTCGCCTGACCTGCTTATCGCCGCAGATTTAATGT,1144,51.31,Drosophila melanogaster
SEQ_673880,TAAATATAATTTCAAGGGTCCCTAGTACTGCCCGAGTCTAATATACGGATGAGCACGAAGGTCGCGTCTCATATTTATTGCCATATAATTTGAGTGGTTGACAATAGCCAGCACGTCGCAGGTTATATTTTTCTCACCAACCAGGGCTTGCCCCGAAAATATATTGACAGATTCTAGCGGTTTGATTTTATGGATGTGGCTGCGTTGGTGGTCTGCCTTATTAAAATTACACATAATTGTGACTGTGACGTGGACTACCCAGTCAAGAGTTCGGCCTGCTGCGTCGTCTGTACGGTATCTTTGTGCCAGTGGTATAATCCACTGGTCACCCTTAAGATCAGAGCTTGGGTCTAGCGATCACACGACCAAATTTGAATTCTCATTTCTTTCTACAATCCATGCGCACCCAG,410,44.39,Saccharomyces cerevisiae
SEQ_549978,GGACACCGGTTTGGAGCTCCGGAGCGTAGTTTCCGTATATCCATTCCCAACAGCTTACCTCGCCTGATACGGGCGTGTCGCAATGTGTCGCGTATGTTGACAGTTGCCAGGATTCCATACCCTGTCGCAATGAGCTACGTGGCTATGGGCACGTCGGTTGGTCTTGACTACTGCTCTTTGCGTGCCTGAGACAGTAGTGCCGACTAGTCGGAGCCGGTTATAGCAGGGTTTGTGCCGGTTTCGCTGGGTTTTACGGGGTAAGGGCACGCGTTTTAAAACCCGTAAGGTGATACGGAGCCATTGCCATCGCGTAACAGGGTACCATTTCAGACACTATTAGGTCGATATGCTTTCGTTCGTTACCGTCCTTGCTAGAACGAACATTTATTGTAACCAAGGACTACCTAATTACACCTTCGATTGCGGACCTAATGGCGTTTGTACCGTTTGTGCATCCGTCCGCATATAGCGTAACGGCAGGACCGAACACTGACGGAGTTCCACACGCTAGCGATTGGGCTGGACATGCAATAAGTGTCGAAGGACCGCTCTAACAAAATTGCAGCTGCTGAAGAATTCGAGGAACGTGCACCAACGGAGCCCAACGGTTCATCTACGGCGGGAGATGCGCACTGGCATTCGAGGCAACAAAAGAGCTATGCAAGATTATCTTCAAGACAAAGCATGTTAGATGTCGTTCTCAAATCCTCATCATCCGTTACATACTACGGGTACCCATAGTGTATCGTGGCGGCTGCGATGACAAGATCCGATCTAGCGATGTTGAACCGTCTTTAAATTGATTAATGATCAGGTAAGGCACGTGGAGGGTCGTACCGAGGAATATACACGTTACCGACCAGGGATTAGCCTAGGGGTTTAGTCAATGGATACGCCATCCGACACTTGGTATTTCGTTGTGAGAGATTAGGCCATCTCTGGTTCGGGAACAGCTGACAGGCTAGGTCGGTGCAGAGCTGCCGGACCATACGACGAGGTGGTTGGCGCAATTCCGCGTCGGATCATCACGGTCTATGCGGGATGCCTGCTAAGCTTAGTATAATCCGCATTATTGCCATATTTACGAGGGTGAGATTGCGCATCTCTGAGAAGGTTAATTGGGGACTTTATCTGTCTGTTTACAAGGATGCGCGGAGCGTTTGTGTAGCCCATGGCCATAT,1181,50.64,Homo sapiens
SEQ_346141,GCCCCCTATTACGATCTTCCCAAAGCTCCTTAGAAATATTACGACATCGCCATAGACGCGCCCCGCTGCTCCGGTACCGGCGTAAGGCAATATATTGTGAAGAATTAGAAGCTGTCTTGCGATATTCTAATGAATGTCGTCTCTCAACTACAACCAGGCGGTATAATGTGCTGCGTCG,178,48.31,Homo sapiens
SEQ_294620,TAGTAGCCGTTTACGGGGGGGGCGGTGTTGACGATAACGAAAAAAGAAAAAGCTCGACCCCTGTATCAACCAAGGTTATGGCGGGTACGTCACCGGCTGCTGAACTTGTACCGATGGGAGGAACAGCAAGGGGGTCGTAAGGCCCGCTACGCGTTCGGTACTTGCTTAGCCCAGACTTGCCTCCAGTATAGGTCGCAACCAATCGAAATGGATCGTATAGCACGCGCCTATCCTTTTCCTCATGAACATACTCCCTGGCTTATAGAACACATTGGGACTTGGGGCTCCATAGAAACCATCTTTACATAAAGCGGGTGTTGCTAGCTTGTAACCGCCAGTATGGGCGCTTCTCACCCGGTAAAGGTGAGTAAAACGGGGATTCAGCCAAGATGTGAGATAATGTCTCATATTGAAGAACCGGACCCCTGATCAGATGAATCTTGCTATCGCTCATAGCGTTCAGAAGACTCACCTCTCGATTGGCTCATGTTTCACTATCACTGACCGCAGCTAGGTTTCGTACATCCACGGCTCGTCAGCTTACCCCGGAAGATGCCACGCGATTTAGCTGGGACGAGCTCAGCCAAGTTCCGCACTTAGGCTTAGTATGAGTCTATATATGTTTAAAAGGCACTATCGTACAGGCGGGCACCTCAATTAAGACAGTTAGATTGACGGTACAAAATTTTGGGACGAAGGAACCTTTTTTTCCATCGGCTGTTGCGACCGTACTAGAAGCAAATCCTCATTAGAAGAGTGGCATCATAATACCAGTGGGCAGACCTCACGCGGAGTGTCCGTTACCGCATCGACCGACGCTATCATACCTAGTCAGTCCTTGGCGGCTGGTAAGCGCACATAGGCCCCTCCGATAACGCTGCAGAAATAGAAGGAGACTATGAGGACTATTTAGGCGGGGTAACCACGTACGTCGCATTCTATCAGTATCCCCCTGCAGAATTAGTTACGATAAAGTCCGACTTAGTACCCGGAGCCTAAGTTGAAACCACCCACGATTCAGCCTGTCCGATCAGTCCCCAGGATGTCGCGTAATGGCGTTTGAGCCTCATCAGGACCCGAGATCATATGTCATGCCCACCCCCGGGGATGACTTGTGAGCATGCTTCTTGCGTGGCAGTGTTTAGGAAGGCTGGACATCTCGCACAAGGCATCGCTATAACTTGGGGCGAACCTAAGGTCCCTTACAATCGATGCCAACAAGGAGTGGCTGGATAATCCGCCATTCCACTGAATGGATTAAGCACTGGTACTGACGGCAACTGCCCCATATAAAATATCCATGTACAAGGACTCTGTGAAGAGAAATCGGATACAATATTCGTAGAATCAGCTGTGCCTCCTCTAAAAAACCCTACGCCACCAAGAGATAAAAGGTATTCGTTTACACAGGGGATCCAGTTAACGACGGAGATGTGTCGCGAGATCGAACTGCAATGCGAACGCCTTAATGTAAAACAGAACACGTAGCAACCAACCGCAAGATGATGGGGTAGCCAACGTGGCTTAGAGTTACGAAACACTGTATGTTCGTTAATCGAGGCGGTCCCTAGATCCACGGCCGGTCGGCGGGCATGATTAAGAGACACAGAGCCGAGGCATCTGAGTACATCTTGGTTCGGGCGGTCGAGTCGACATGAAAATCTAGGCACATATCAATCGCTAACTTAAGCGGTGGTACCTATGGCGGTACGGTCGTACCAA,1722,50.12,Escherichia coli
SEQ_923584,TGACGAGCAGCCGCTAGAGGCACAGCTATTCAGCGTAGACGCCCGCGACCGGATGATCTCAAGTTCAAAGCGCTTGGTTCGAGGTCGCTTAACGTGCCGCTCCTCGCGAAGCTGTATACCACCAAAAGTGAAACATAATCGGTGTCCACTCAGCGCTTCCCCCTCGATTTTTCTGATATCTTAATCCTTAGGGCGTTCAAACCAGTTCAGATCACACAGTCTAGCGTATA,230,51.3,Arabidopsis thaliana
SEQ_652912,AGTTACGCATCTGGAATATCCTCCTGGGTGAGTAAGAGGGCCGAAATAATCCTGATCATCCCCAAAAAGTAGGTCCAGTGGCGGAATATACTGATTTCCATGACCATTTGCCCAGATAAGGGCGTCGTTGGGCTCATGGGCGCTGGACACGGGATGGAGTTAATAACGTGTCAAGGTAGCGCCCTTTGCTCTTAGTGACATCTTGTTCTCCCCGCCCCCAGGGAAACTACGAAGCTCTCTTCGATCTGACCTCCGAATGGGAGAGTCTCCGAATCGATTTCTCGCACAACAGGCAGTTCAACTGACAGGTCTCAGGGGCCTCACAACCAACTTTACGGGCAAAGATCTCCCGGACTCATCAGAGCTCACGTTTCCTAAAATCGCGAACCTGGAAGCTAGACTCACCCGCGTAGCACTGGTTAGATCGCGGGGTTATCCCAATACTAACTATTTTTCGGTCCCGCTCCTACTCAGGAAGCGATATTGTTCATGGAAGTTGCTTGTAGTTAATGCCCCATGCTCGACTGGTTACCCTGTTGGCCAGGGGTCTGACCGGGCTATACTCTCATCATATCTCC,578,51.38,Escherichia coli
SEQ_818950,CCGGGGGGGTCTCTTACCTCTAGTGCGAGTTGGATACAGCCTATTATTAGCCGGTGGCCGTCCAGGCGACCCCAAAGGAGCAGGCCGTCTTGACGAGCGGAAGCCATCATTCTCAGACGAGTCCCACGCCCCCACGGAAAGGTCAAGCCAAGGAGACAATCATACTCCTTCCGCGTAGGACTCGTTAAGCCTTTTCACCTTACATTTATGCTCCGCGATCGAGGGACCCTCTTTATATTTGCTGCGCGAGAGTGCATGTCAAATCTGTCTGTATCTCTAGACACCGACGCTTGCCAGGGTGTAGCTTTGCAATAAATAGCGAAGTAGCCAGAATCCGCACCCCTTCACGATAAGGAACAGGCTTTGATCAGTAAGAGATAAATAGCTCTGATCGACGACACACTTACGAATTGGCGCTTTCTTTTGCGGATAAGGCTCACCGCAGCATAGGAAGCACTCCCGCGAGGCTATTATGA,476,52.1,Saccharomyces cerevisiae
SEQ_371751,ACACGCCACGTGGGGGCTCTAGAAACACGCGGGTATTTCGATACATCCATGCGTGTGTTGAGCCCCCTGCAACACTTCCAAAGGTGGCGTAGGTCTTTACAAGATGATACAGTAGTGAGTGAAAACTAGTTGAGACGCGATCGCTTCTCTCCACGTGAATTCATCAGGACACTGGGCGTAATTTGCGAAGTACGTTATATGACGCATGCTAGAGGCGGCCGTTAGACGAGCCCCAGTAAGTTAGATCAACCCTGCGGATTCCTGTCCCAGCTGTTTTTGTACATGAGGTTCTTCGAATGCCTTCGCTTATGTAGTACGTGGCCATAATGACTGCCTCGCGGCTCCGTAGTCTAGACCCTTCGCGGTAGGTTCGGCATGAACAGTACTTGTGCCCTGTAGACAGCAAAATAATCATCAGTATGTCATGGACGCCTGGCAAGCCTTCTGGGCATAAACATACAAGGTACCAGACAACCCCACACGCGAGGCACGTATGTACTCAAGAACGCAAGCGCGCTGGTAGTACAATCGTGATCGGTTCCTGCTTAAAATAATATAGAGACATTATTGCAGCCATCATTCCAGGCTAGAAAGAGATTTCCTGTGGTCCCAGAATGGCGGGTAAATCGTTTGTCGTCATCTGCGTCCCTACTTTCGTTACCCACCCTAGTCCATTGAGTATGAAGATTATCGTGCCCGGCGTTATGTTGCTGAGTGCTGTGTTTGCGATATAAGCAAACCATGTTCTCATCCTGGCCAGATGCAAGGTTTGATTTTGGGTCAGCGTCAATCGGTCTTTCTCATTAGCGGTATGCCCTAGTTAACGGGTCTGCCACCCTACCATCCTAACCGCTGATCTCCAACTCCACGTTCCGTGTCACAATTCCTCTTGCCAAGAGCTTTCGAGGCTGTCAAATAAAAGATGGGGTTGAGTACCCCAGCATCCCGCCTAACTTGGGCCAGAAAGTCTACATGCTTACTGAAGTCGCAAAAGCAACGAATCGCAAGGAGAACGATTGCACAATAATGCATTCGGAATCAAACTGGTAGAAGAAGGCTCTACGAGAATTATGGCCTTCGTTAAATGTTTGACGGGTATGGGACGCGGCAACACGTCCCCCGTTTCTTTCACTCCCGAAGCATTCATCTGACTATCCCAATTCCACGCGCCACTTCTTGCAGCACGACGTATGTTTCTCACTTGGCGCCCCAAATCATAACTCACCGACAGTCACTCGCGAGATATCATTGGCCCAATTCCGATGAAAGTCAGTCCTCGTTAACTGGGGTCAGGGGCATAATTTGTCCCGACAAAGGTTGGACTAGGACTGTTTTGCCGAGTTGCGCCTGAGAGAATGCGCCAGGCGAGCCGAACTTAGTCCAATGGGTGAGGTTACACTGCTACGCGCTGAGTGTCGGACTCCGGGCATGTACGCCCACTCGTACCTCTGCCGGCTACTGGGTTGTTTCGAGTTTTGCCAGCTAAAATGGCTAAAGATAGGTGTTTGCGCGGGTTGTTAGCAATGGACATTGCGAAATTGTTAACCAGGCGAGGTCGAGCTTGGAGACCTGATGCCTAACGGTACATTGACTACCGGGATGGCGCATCAGCCTATCAAAGACGAATGGATAGACCAATTGCG,1643,50.15,Escherichia coli
SEQ_530184,GGGACAGCATGTTTTTAGCACCAGAAAGATCGTTCGTGTCGCGAATGGCACGACTTACTGTAACAGAAGTCATGCGCAGTTAGAGCAATCAGATGCGTCAGTATCGTTCTAAGCGCCCAATTAACCTGCGTCTTTCTATCAGTCAGAGGTGAGGCCAGCCATATCGCCTATCCGTTCTAGTAAACTCTCGCAAAGAATAAGCTGAGCGACAGCCTAACACCGTAGTCCACGGAAAATGATAGCATACACGTCTTGCGCGAGTCAATTCGCTCGGCATCCTAACCTGCGTTCGCTCCCCCGGTGGAGCTTCTGAGCCGTCTTCTTGGAGACATTAGGCGCAGACATGGGTAAGCATCGAGGCAACCCAAGCAGACTAGTTTTGCCGTGGAAAAGGCCCGTCCGAACGTAGGTGCGGTATCTCTGTCCAAATATTTATAGCGATCATCTAATCATGATCCGGCGTTCCATGTACGGTAGATAGATTTAGATCTGTAGTCGCCTCTACGGGGGGCGGAATTCTAGGCTTCCTCGGCATCAACCACATAATCCTAGTGGTATATAGGCGGCTAAATCAGTGCAGGTCCAGTTATCACGGATCTAAGAAATGTCCTCATTGTTCACTTACAGGCGTCTGGGGTTAGAACGGCTTGTCACTCCGCACGATTAGCCTTTGGCAACGACGCGTCTATCGCAGATAGGTATTTCGTTGCGTATTAAGACAAAACACGTCGCAGTACGTCCTTTGATGTAACGCATCAGTAGTGAAAGGGAGTGGTCGTTTTCGCTGAGTACTACTCGTGGCATCCGACGTATTTGTGGGCTTAATAAACTCACCCGTATCGTGCAATGCGTCAGGAATTACTCGCTCCAAGTAACGCGGCCTGCAGGTGTAGGATGAAGTTTTAATAATCACCCCTCTTTGACAGGGCACTCTGTTTGGGGCGCCCTACCGCAGATTCCCCGGATATTCTTTAGACCCCAGTAAGAAGCTCGCGCGTTGCACCCCCTTGCCAAGGATGACTTTCAAGGGTTACGGACTAACTCTGTATTCCTAACATGTCTAAAGGGATGTCTCTCGGACAATATATTTGGCATGCGTACGGTTGACATTCATCTAGTATGTGGTTGTTATTGAACCGAGCCGAGCGTTCCCCTCCGTCTCACGCGTATTCTGTTTACCATATGGACCAGCGCGTATTTCCATTATCTGTTTCGTATATGCGGTTGCCCGTATTGACCCCAGATGCCAGGCCTTTGCTGCTCCCCTGCTAGTGCTAAGCGGGCCGCTGATTGTCTTTCGACACGCTATATGCTACCACCCCAGATAACAATCGATTGTTGACTGCCCCGATGCGCAATTTCGTCAAAGCAGTTGCCGCTACAGATGCTTCTGGTCGTTAATGTCGGACATGCGGTCGTCTAATAAGATCATTACGTTTCTAATCTGCGCAAGATTCTCGTGGAGACAATCTTGCAACTAGCTACCCATGCGACGCTCGCGTGCGATAGATGCCCTTGGTTTTA,1524,49.61,Mus musculus
SEQ_904221,ACTTGAGTACTTTGTGTCTCGGCCCACTTTTCTGTTCGCGGGACCTCCCCTTATACATTGAGGCCCTTTCCTTGTCTCTAACGACAAGCAACACTGACCTAGCAGACATGCTTGTTGCACCTTTAGTTCGCAGTCTCTAATCGACACCCTAATGCGGTTATCCCCCTGGTTAAAATCTCCGTGGACGACGTATTCAGGTTGGATTGGATTGCGCGACCAATCAACTAATGCGAAGCTGATACAAACATAAGGATTGATGATAGGTTGCGGATTAAAGTTAGCTGCCTCGATACTGACTTACCTAAAAATCTTAATGGGTTGCGCGGCATTGATTATCAAAGGTGCGGGGGAATATTCAGCCCAA,364,46.43,Caenorhabditis elegans
SEQ_693283,ATCCTTTCGTTGGGAAAAGTATCCTCGTGAAGCTCCATACTTCTACTGTTGTACAGCTTTAAAAATCCTCACTGTCCCTGGGCAGACACCGGTTGTTGCATGACTACTCCACCAGCGCGTTGCCCTAGTGTCGTGTATGTCCCTTATTCGACTGGTCTATTGGGTCAGACTCTTTTAACCGCTGTGTGCTAGATTAACGTGGTGGGAGAACAGGTTTTTGGGGACTGTCGTTCCTCCACCTTGTCACACATCGTTTGGGCGACCTCTGATGCAGGGGGTATGTAGGTACCAGTGTTCATAGCTAACCATAGGTTCTAGACGTCCTATCAGTCGGGGAGGTACGCAGTAACGTTCTTCACACCATTACTACCATTTCATCAGGCCGCTACCGGTAGGTATTTTGTTTAACACCGGGGTCTCTAGCTGTACTCGAGGGCTCAGCGGCATCTTATGTCGCGGTTATTCCGTGAACGGACTAGTTGACGTGCTACGCGCCTACAGGCTCGATAGATTCCAACAGTACGAGGTGCCGCTACTTCCCGAGGAGTGCGCTTCCATCACTTCTTACTCCACTTCAGGCTCAGAATTGCCTCCCAAGATCCTGTCCGTGGCTGGTATTGTATAAATGGCCGTTAGTGTGCCCTAAACGCGGCTCTCAATGGCCGTTCGGGGAACAGGTATTCGCTAAGGTTCGGGCGGGACGTTCCGCACAATTTTGATCACGACTATGTTGAGCCTAAACTATCTCCTACTTTCAGCGAGAGTGAACTTCAGTTGACTTGATTGGATAGGGTGCGCTGTCAAACGGCGTCGCATCTAGTTGGTAGGGAGGGTGATAGCAGATGTAGCTGATAGAGCTCGATATTCGCTCTCTGTACTCCAAGTCGAGTTTCCTTGGCCTCTAAGCGGGACAAGTTCGCCCACTAAGTTAGCGCGTACATTGACTACTAATAATAAAGAGACCCCTCTGAGGAATAATTACCCTTTGCCCATGACTCTCCGCAGATAAGTTGTATTGGATTGGAGTTTCGCTGGCTAATAGGAAACGGAGACGCCAACCACCGTATTGCTAACAGGAGCATCCTCCATGGCTCCTAAAGGCCGGTCGTTACGATAGAAGTCCGGTGGATAGACTACCAAAGTATGCATATAGTAGGCGCCGAAGCCCTCCAATTCAAACATAAAGTATAGGGCTTTCCGGGCGCGCATGACAGCCACGCGACCAGGAGAGACCTGTAGAAGGAACTATCGGCGGAATTGCCGTCGAACGTATAATACCACCCGTCCGATTGGAGTACATGTGCCTTTATGTATGGCGGAAGACAGCAGTCATATAAGGGTCTGGACTGTTGTACACCACCGCGCACATCACTTCATCATAGCGACACCAGGGCTAATGGTTAGTTATCATATTGCTGAACACGGCCAATCTACAACATGAGGCCCGCTAAGGGCTTGAAGATCGTAAAAGGACTTTGATTATTAGGGACCGAAGAAGGTACGTTCACATGCACACAGACCCGATGCCAAGGACTTCCAGAAGCCCCAAACTCATCTAGTTTTCCCAGGGCAACACGTTTGAAGTATGGAGACCTGAATTAAAGCGGAATCCGGAGTTGTGAAACACGCGCGGAGAAGGTATGGGGGTGCTGGGGCCCCGTCAGCTAACCAGCGGGCTTGCTATCTTACTCGACGATGCCTTCACGGGGGGCGACAAATTCTGTCGTTAAATATTGAAGGGATTGATGATTTCGACCTTCGCGAACGTATGGCAAGACAGGGATACAACGGGTGGTGGGGGGGCG,1805,50.58,Arabidopsis thaliana
SEQ_858554,AGGACAACGTTGAGTTGAAGATCTTTAATAGGCGACCCAAACTTGAAGACCTGGTCTCCGATCGGCAGAACCCGCTGTGGACTAAAAATCCATAGACAGGCCGGGCACACACATAATTACTGAGTCGGGTCCCGAATATAAGCATAGCATCCCTAACCAACGAGGTCATGCTTGCCCTACGACTGCACAAATTAGGCGACCGCTCAAGACCCGTCCGCAAGGACTGGGCGGTAATGGACCCGCGCGGCCAAATGCGTTTTCATAAGCAAAGCATTTTAGGTCTCCCGCTGCTCGTGGGTTCCAATTTTGCTTTTGGGGCTTAATAACTTATGTAGTAACAGCGATTGAGAAAGCGATCGACAAGAAGGCATCGGGAACGGCATGCGCGTTCCTACTCGTAACCGGTGAGGGATCGGGGGCCAAACATCAGCGCCAAGCCG,440,52.27,Arabidopsis thaliana
SEQ_550793,CAAGTTCGTTTCCCTACACCGACGACATGATCGCGGTTATCACGACACCTCGATTTCCTTTCTTCGCTACATTAAGTATAAACGGCGGAGCCGAGGTTCAATTCATTGTCTCTCCACAGCTTTCTGCAAGGAAAATGCTCAAACCAATTAGCCGGCATTGCAATTTTCGAGGCAGTTAGGCGTTATAGAGTCATGGCGCTGTCGGTTATTCCAGCTCATTCGATAGGCGTACACTAGAGGCAAGTAATACGTGTTCGGACTGATCGTTCCGCCTACTTGTCGGGCAGTGCTCCCACGTTCTATATAATTGACCAATGCAACGCCAGCATTTAGTAATCGTACAAATTTCCCCATAGGCTCTCCTAGACCTACTAACAGCTGCTGTGAGGGACAAGACGGGTAGGTCCTTCACGTTGAAAACGCCCGTCTGTAATACGGAACCACTAGTTTTGACGAGGGAGAGCTGGTGCAGCCGAGGAATTCTAGCGGCACTGCTTCATTAACGGAAGTATCGTTGCTTGTGTCTACGCTAACATCACCGGGACCGCTGAAAAAAAGGCTGACAGAGCTAATCATCGCTGAGTTGGCCACCGCCACCTTTGGCACACAGACGTACGCGATTTGAGGAATTGGTGAATCGCATCTGCAAGGCGCGGTTAATGGCAATGTTGGGAGTTCGTCATTTCTCTTGCTGGCCAGGTAGCACGATCGTCAGACCGGGGTATGCTTGCACGGATTACGGCAGGATATAGGGATCATGTGGGATAATCTCAGCTTTCGCACATCTTTTTCGAACGCTAGACCCAGTGGTCTTTTTCGGGGAGAACGGGATTAGGCTACCAGCGGCTGGTTCGGGTTTATTAACGGCG,869,50.06,Mus musculus
SEQ_520164,CTGATTGTGTCCAGCTGAAATGCTGGGCTACGGGCGTATGACAGTTGCGTAATGTTAGGATCGCTTGGTTATCTCTAGCTACCCCGATAGTAGCCCAGCCTAACTAGTCTACAGCGCGCGCTGCGTGACGAGCTAATCGACACAAGCGAGTAGTAGTGCGAGCACGGGTTATGGGACATAATCTTCTCGGCTTACGAGCAGTCGTTTCTTCATAACTGAAGTCAGGATGAATGCCGGGTCTTTCCATTGTGTAGTACAACCAAATCTCTCCGATCTTGTGGCTCCGAACCATACGACTGTCGATGGTGCGATGGACAGGGTGTTGAGGTCGCCGGCGCTGCTGTCCTGTACTGAGCGCGCGACAATCTGGCTCTAATGCCAGCCGGTAATTCAGGCCTCATATCTCAGCAGAGGACATTCCCTATGCCGGACGCCAGCCTTTATGGGCGCCAGCAAGTAGTGTTTGGTGAGCCCGCCGCGTCGTAGTGATCTACGCCCCGGTGGACGTTATACAAATCCGTAATTACTTCCACCCGCACAAGTCCGGCCTATGCCTCATGCGGTTTATTTCGCAAGTACCTCTATAGTCTAAATCTATCAAATAGCGAGGAAACAGGGGACCGTCGCGAAACGTTAAGATCTCCGAGAATAGACCGACACGGGCCCCCAGTTATGACAGCAATTGAGGAAAGTGAACCGGAAGCGAATTGCCGACCCAAAGCTGAAGGGCGGGGATTAGTTCTGGTTCCGTGCCGGCTAAGCGTAGCCACGGCTGTGGCCGCCTCGTACTGTCGCCCACAATTTCGGCTAACCGGCGATCGTGCCAAACCTTGCATTGAATCCTGCGGTCAAATCATACAGCTCCGTGATTTCAAGTTCACGCCTGACTGCTATTGCTGAATAGATTCTTTGCAGCCAGTTTCAACTGTTGAATGAATGTGGTGGGCGGGCACCGATTGTTGGGCATTCTAGCATTCGTAGAACACCATGGCATGGAGAAGGGTTTGACAAGATCGAACCCCAAGTGACAAGCCATGGCTGACTAGGGCCTAACCCGGTAATCTGCGCTATCTGCTGTCCGGATCCGGCCTGTATTAGTCTGGATTAGGGGTGCTAATCTTACATGAGGACGTGCGATGGAGTATACCTAGCCCTGTAAATGGATCACCGTTTAGTGTCGCATATTATAATGTACCTACCTTGAGGAGTGTTCTATGGGGTACGCTAAAGCGGAATTGAAGTACGAATAGCAGAGCCGAGTTATGGAAGCTCCGAACTACCGCGGGGATCGTGAAGAGGTTCACAAACTCTCGTGATTGACTTACCTTCACGAGTGCCCGCTCAGCATTAGCCGACTTGCATGCCCTATCTACCACCTCACCCGCCGAATAGTAGCGTACCGATGTCGGCGACATTCACAGAGCGCGTGCGTAAACTAGAGGTTTCCGTGGGTGCGACAGTCATTTCGTCGCGTTCCACC,1480,52.43,Drosophila melanogaster
SEQ_731681,ACAACCAGTGAACTGCGAGCGACCCGGCACGGCCCGTCCGAAGGAGAATAACCCCGCGTGATCGAGCCGCATGAGAGGTGCCCAAGAACAGGATAAAATATTCGCGCCCAGGTTTCATCCCCAAGACGAGCGACAGCGTTCCCAGATAGTCGGATGAGGGCGCTCCCTATAAACTGTTCACGTAAGCGTTGTGTAACACTTGGTTTCTTAGCGAGTGCCCCTTCGGGTAGCGTCACCAACATTTTCAACGAATGTCCGTTGAGCAGCAGCGCATAACAAACTGGAGATGCGAGAGTGGTTTGCGGCCGTAAGCCGAGTAAATAGCAATGGGACTGACCAATCCTGATCCGCCGTCAATATACTAGGGTATTTCTCGACGACGCACGGCACTGTATCCGGATTTGAACGAGAAAGTCTGTTCATGTCTGCCTCCGCCTCGCGCATTGATACTCTGTCCTCGTGTTTCTTCCTCAGGTCGGGGGCGACACATCAAACTTGGCCCCAACGTGCTTCCTATAGGGCACGGACAAATGCTTCAGTCCATGGCGCGTGTTGTGTTGATCAGCCTGCTTGAGAGGCAAAGGAGCAACTACCTTAGTCTACGAGGCATCGCGCCTGACATGACTGGAAATCATATGGTATCGCCAATCTTGCGCGAACTGATGGGCGCTCCGCACATTATTAGCTCAGATTGGAGCAAGGTCCTGGCCTTTCCTCAATCATTGGGTTAACGCGGTTATAACGGCGATCTAGACGGCTGCCCGAGCTGGCGAGACTGGGATCTTGGGAGACAGGAGAAAAATGCCAATCTTGTACCATCCCAGGGTGTTCTCCACAATTACGTAGTTTCCAGCCTCAGGGTGTCTACCCCTGTATGGGAGTCTACTGCATTCTTCTACACCTGTGCCACTCACTGCACCAGTCACCCTAGGGGACGTTCACCCGATGGTTGCGTTTATTCGAACAGTTTCTAGAGTGGTGTCATACCAGAGACCTTAGGTCCAAATCCGCCCCTGCGAACAACCCCCACCTCTCCGCCGGATATCTGGGCCGACTAAGTTTCCGAGGCGGGGAAATACCTCGGGCCTTTGTTGGTGTAGCCCCTGCAGGACTCTAGAAGCAATTGTTGCAGTGTAAGTTTCCACCCTGTCAATGCATCTCCGGTTACATACTAGGTTCCAATGAGGCTCGGATGGCAGGATCGTCGGCCATGGGAACGGGCGGGGGAGCCTCGTGCGATATCGTAGAACGAAGCCTAGTTACGGTACTCCCTGCGCCGCGATGGCCCAAGTGGGTTGCATTTAAGAGACCCAATTTGGCTAATCGTCCCACATGACTCTCGTCGGAAGTCCTACGTGTGAGTGATGGATAAAAAAAACCGACCATAGCAGCGTTCGTCCCTATATGCGGACACAAAGCAGTAGCCCATTGTTTAAATCAGGTGCTTTGGTGTAAGCGCTTGTTCTCCAGAGC,1473,53.29,Drosophila melanogaster
SEQ_560586,TCGGCGCCTACGCAGACGGTGCTAATCCGGGCGAGGGCCGCGCTGAGGGACTCCAGTGACCGATTCTGACAAGGCCTGCCACCGATTCATCGCCAGCGACGCTCACATGCTGCCTAAGATTTCCTGCATATCTCCATGACCGGACCTTATCGAATACCCCGCTTATGCCTAGCAGCGTGTCAACCTATACTACGTTTTGATAAGCTGAGGAAAAGGTCCAGCAACTACCTTAGCACGCGCCTTAGTATAGAGTTTATACTTTTGGACTCTCGATCAGCAACAATGGCTATAGGGCAAACAGGATTAGCCGAGGACGGCAATTTGAGCCGGTTGTAGTCTGGTAAAAAGACACTGTACGCTAGATACCTACCGGTTTTACTGTTAGCATAAATCCTGAAGCCACGTCCGCGTTTCCCGCCGATTACCCCATTTCCCGCCCGAAAGCATACTCCCCTTTCCCTGATTTTCCTGATGAATAGCCCGACTCGGCCTTCCAACCGTCCGCTTATGTCACTGCCTTAAGACCTAAGCTCGTTTGTCCCGCTAATCAGGGCCTTGGGAAGATGAATCGATCAGGGAAGTTGCTCTGGCCAAGGCAGTTCAAGGCCGCGGAGATGCGGCTCGTCTTCTTGCCCTGGCCAATTAGCTGGCGCGATGACGGTATTACACCTTGCAAAGAGTCGTAACAGCACCAGAGAACCGATTGTGTTATCATAAATGAGATTGTCTGGGCGACCCCTGAACAAAATCGTCAATTGACGCGGTTAGGACCCCTTCTTCGCAGTCATTATGGGAGCAACCATTTCGCCATTCCGTTAAGCGATTCGCTAGAACCTTAAGAGTTAGGTCAAGATGAGGCGGTCGACGCCAGGGCCATGACCTTCTGGAGTTATACTACAGTCTTACCCACAATGTGCGTATGCACGGATTCATGTTCGCTCTGGGGGGAGGGATTATATGCTTCTCGGGGTGGGCCCAAACGTTGTCGATAGTCCCGGACGTTTGGCTACACTTGGTAGGGAACGAACCATAGCTGAACCTGGGTGGCACACATTCCAGCGGCGCTGTGTTAGTCGTTCAATGCGGATCTCCGTTCCAGGAACACTTATATGTATTGCGAGCGTATCTGTACCGTTCGGGAAACACTTTCCTCCAGTAAGCTACCTCAGTGTGTCAGGCTCACATTTTCATGCGAGCTATTTCCTGCAGGTATTGTAGGACGACGAGTACTATAGGACCCCGTAATTCACGTGCCTGCATTCGTGCTTCTTGATTACATCACAACCCCATTCAACCAGTTCCAAGATGGTTCGTATATGGACGCATCCGGCTCATAACGTTTTTCCGACCTCAGTGCCATCAACGGCCGTTAACAGTCAAGTATGTGATCTGGTCAATGGCCGGATGAATGGCCTAGGTCGTTGAACCAACCC,1433,51.43,Homo sapiens
SEQ_839756,TTGCCTATCAATTGTGTCCAATAGTTCACCCGATACAAACGACTTCGAAATACCGACACTTGACCAGGACTTGGTCCTTCTCGCCGTGTAAACCCGGTCGATGATGTTGGATACCAAATGCCCTGGAGCATAAGTGCTGTAATATATGCGCGGTGTGGATTTCCCTTGGAATCAGCGCACGCTGAAGCATCTGTGGTGGCAACGACGCGCGGGGATGATTGTATTAGTTCTGGTGGTCAATTGCCAACGCTCGACCTCATTACTCTAGTCTACTGTTGTTAGATCGTATTTGCCGGACATGAAGACCTATGTCATGGGAGCTGACGAGTATTCCGAAGAACCTCTCTAGTTGCGGCTGAACTCCTGTGTCTTTCTAGTCTATGGGCTAAGGTGACCCCAAGCCAGAAACATCAAGATTCCGTTTACCCAGTTCTTTCGTGGGGCACTTTGATTAGGGAAAAACGAGGCTGAAAGCCGGTAGGGCCCGCCTCTACGCGACGCGTTTGTGAACTCCCTCCAACTTAAATGTCTGCCGCAGGGTCCCCTGCCGAGCAGATGCCACGGATCAACGCATCGTTCATGTGTGGCCCAACTCGAAATCCCGTATGAATAGAATCGTGGGGTTGCTATTTAGTGATAAGAATTCAGGGAAGGTATCGCACGGTTGAACGTACTAATATCTCCAATGGCAGATTCCTACATTTCGGCTGGTTGGAGCAAGGTAGAAAATACGGATTCACAACTCAATTGGATACGCGCGTCTATAATTGATGACGGCATTATCTCCTGTGGTCAACTAGGCCCTTCTGCCCGCCGCTACCTAGATGCCCTAGATACGCATCGCAGACCCCAGTTATGCGCGACGGTGAAATAACAAGTTTCCGCTGAACATCCAAGTCTTCACGGGGGGTCTTAAAGTGGTTAGGAGCCTTTGGCTCGATAGACGAACGTTTAGTAAGCTACCGAATAACACTTCGCGTGGGTGCAAGTGTTGTACGGCGGCCG,1005,50.05,Mus musculus
SEQ_976690,CAAGGGTGGCAGACTGTTAAGTCCACATCATTGCCGGCTCGTGCATTTCGTGTCTATCGTCTGTAGACGTCACTCCATGTTATATTGTCTGGGTCGTTGGTATCAGTGCTGGGAATGGTGGTATCGAGTTACTAACTTCCCCATTGTAGTTTATTTCATGCATACCGACATGCGTGCCTGCGACGCTTGGGTATATCGGAACCTGTATGAACAGCCCCCACCGTAGGGGATAGCAATAAACCGTTTTACGTCTTCTCGAGGTATACTTCTAATTGCACATATAAACCGGGGGTCGGAACGACCTTGACTAGACTCACATTTCGTATTAGAACAGGTGGTCTGGCCCACTTCCCAAGTGAGAGGACTGTATGGCTCTAGCCATCAGTGAATTTGATTTTCCAGATATAATGTGGACCGATCTGTTGGCTGCATCTGTCATTTTACCTTGACGTAGCTCGTACAGGGAGCTTAGATATACTTCTCCGTCACAAATTGGGAACTTGAAGCACCCCTAGCGTAATGGTTCTGAATCTTGCAGTGAGCGGGACCTTGGGAACGTTCAATTCAAGGGATAAATGAGGTGAGTAAGCTGTGAGTTTCCGGGGAGAGAAAAATGACGACCATACGACCGTAATGCCATGTGAATACCTCTCCAGTCAATGGCGAGGAATGAGGCCATATGGAGGAGTACTCCAAGTGTCTTTTCGCTACCCATAAGATGAATTCATCCAACTATCAACCCATCGCAGAGTTGACTTTCAGGCATTACCTGGTGGTTAATAGCATTTTACGATAAGATCGTCTGTGCCGAGTTCAGCGAACGACGAGGGTCAGATCATAGTTGCCTGTATATCGGAACTGTCAAATGCAGGTAAACCTTGCAGATGGGCGCAAATTATACGTCGTACCGTCTCTACAAATTCCCTGTCCACCGTCTTTGGAGTACGCTACACGTGAGTCGTCGTCTTACGTTATCGTCAGAGACACAACGTATCGACCGGGGTGTATTAAGTCGCCTATCCGCATTTAAGACTATACTGCCGCGAGTCCTGTGGGCGGGGGGGACTATGCTATTTGAGAGGACGTTCTCTTTTAAATCAGTTCCAAAGCCGTCCAAATATGCCTGCTGAAATGTGGTTCAGAGAACTCCCTAGGGAAATAAGTCTCTCTCACCATGGAGGATCTAGACGGCTGAGTATGCGCTGCGACTTGCATGTGACCCTACTCCCTGCATAACGACGTTATTTCGTACTACGCCCTACAAATTGTATCAGTTCGAAATCAGGGGCGCGAAAAGTCGACGAGTTCCTCCTTGGGTGGCTCATATGTACGTGTAAACGCCGTCAGTCGCAGGACCCATTCCAGTTATTGTATTACTGCTACAGGGTGCATTTGAAGTCCTACGTGGTATGATGTAAAGGTGCGTCTCTAAGAGGAACTACGACTGCTTTGAAGTCAGCATAATAAAATTTTAACAAATACAGACCCATTCCGGAAGGACTGCTACAGCTCTGGTCGCCCCCTACCATCCCTTGCTCACTGAACATAGGGACCGGCTCAAG,1562,47.7,Homo sapiens
SEQ_263409,TAGATGTCCGAACACTTAGAGCTGTCCCATAGGTTTGCACCGGCTACACGCTACCTTCACCCGCTGGGGCGTTAGCCTAGCTTATAGCGTTTGTAGTGCGGACTACCTGGCCGCTCATGCTCCTCTGCGACATCCCGAACCAATATTCCACATAGCAAATAAGCGAAGGTGGAGGACCTCGCCCTGAAATACATGAGCGGCAGTGAATTCTGAGAGACTGGAGCAGGATCATGTAAACAGCTCTGTCGGTTGAGCCCGTGTTATGGTATAGGTGCAAAAATAGCGCCACATGCTCCAAAATATATAAAGTTCCCTTCGACTAGAAACCGCCAGCTTTGAAAGGTCGAGTGAACAGAGGCGAAATGAGCCAGTCAACATGGGGATGCCTCATTTTGAAATGATGTTAGGGGTCCAATCAGATGTGCGCCGTCGCACCGGGCCTACCTTCAACAAGGTATGCTCGTGCACATCTCATGATTGATCTCTTACAGGGCCCATAATAGATGAGAGTGGATCTCCAATTCGCGGAGCACCGCGGGATGAGCTCGTAACGATTGAAAAGTCGCTCGGGAGCGCCTGTGATGACGAG,589,51.27,Arabidopsis thaliana
SEQ_195851,GAGTGTACAGTTAGATTGTGTTAAGCCCATTGATTTTTTCGGTACGGAACTACCCCGGGTCGGGCAACTTTAATAAAAGTACGTTCTATACTGGCGGCCGTGGAATGTGTACCATGGGGTGGATTCCGCGTTCGGAAATTTAGGAAGCGGTAACATTTGAGATCGCCTGATATATTCCTGACGTTGGGTGGCATGCTACCCTTCGCTGGTACGAATGACGGAAACGGGCGCAAGCCGTAACAAGCGGGCTCGTGGTAATACAATAGTACATCGGGATGTTCTGCGGCGAGCCGACTGAATCAAAGGCAACGGAATTACCTAAAGAGCGCACGTATAGAAACTCGGATCCATCCCTCGCCACAGTTGACTATAGGAACCGTGAGTCGGGCTCGACGTTAGATACAAGAGCGTCCTGACCTCCCTAGAATACAAAGGATGCCTACGTCCTGGGTGCGCCGGATCGGAGCCCCCGCATAAAACCGACGAGTGGTAACCACACCCTCATTAATGAACTGTAAAATAGCCAAAGAGATAGCAGCAGCGGCAAGTAACATCCAGCTCCGCGCCATAGTGGTCCTAAAATTGCACGTGTAGTCAATCTGCACCGGGGTGATAGGAGGTCATTGTTAGGGCTTCCCCTCTGTGCGCGATTCCGACTGATGGCACCCTTCGGTACTCCCCTCTGTGCTACAGAACCTACTAGTACAGGTCAACGCTTCCCATTCTCGGTCACGCATGCAAGGAGGAATGATGAGATCTAAGAGCACTGTTAGCAGAGTTACATGCCTTGATATCACGCACGCACTCAGACCTATTTAAAACACGGCGTTTCGGCCTGACGGAACCGCCTTAAGGTTGACAGCATCAAGGATGGTCCACTGGGCTTCCCTCCGCGGGTGTTTTTAAACTAAAAACCCCTGTGCGGCGCCGAGCCCCCGTCTCCCGTAGGTTTGCCTCTGCTATAGCAAAGACTTCACCACCGAGTCTGAGTCAGCAGTCCCTTGTTACGTTTCTGTACGATGGACCACTAAGAGGGCCTATGGTGTACATTTTACCTTCTGCCGACCGTATTAGACCGGTGCTGTTCGGCGAATCATAAGATTATCTCTTCAGCCAGACGAACATCGGCAGCAGCGTACAGCTCAAGTCATTATCGGAAAGGGGACTCTCTAGCATTCCTCCTCAACAGTGGAGAATTGGGTACGCTCGCATTGGGCCTTGGGCCGTCCCTGATCACCCTCTAGACTCCACTCGAGGACCGGACGTTAGGGCTCGATTATGTTCCGGCTTTGCGAAACGAGATCGCAGCGATTGAGTGGGTCATGTATTTGAGGCTATAGGAGAAAGCCCGACACCCGTACTTTTCATCAAATTCCCAACCGGAAGAGATCGTTTTGCTGCGACTAGAACAATTGACGGTTAACTTAGTAAGATGAC,1437,51.43,Mus musculus
SEQ_390200,TGCTCAGTGAGCAACGAACATTCGGTGAATCAGCAAGTTCTTTTTATAAGAGGGTCATTGGGATGGTCCAGTGCAAACGCGGAGTACCACGTAGTATGCATGGGTAGGTCATCACGTCAGCCCCGTTTAGATTGAGGTAAGCTTCCACCCCTGATAATGCATTTCCAACACGTCAGCGTTATGAGATGTGGAAGGCCCAAGCGATATTTCTCACAGACCGCCTGGATGGTAGTGTCTAATTCATCGCGAGCTCTTGCGAAGATAGCGATTTACCATTCAAATCGGACTCATTCAAAACAGCCAAAAACTAGTTACAAATGGCAAAGAATTCCTTTAACCGCGACTTCTGGGGCGAGGCCGCGACCAGCTTAGGAATAGGTTCTACTTTGCGTGACCGCGGCGAGTCTCCGCTCTGAATATACTTTACCCAGGATAGTCCGGCCAGGTTAGTACGGCCAGAGCGCCCGGCAACAGACTCGTCTTGTATTTTAAGTGAAATGACTCTGATTCTCTCCTCTCGGAGCTTACTCATGGGTCACGGCCAAAACAAAGACAGGTTGGTAGATGCATATGTAAATAACACCTATGCACTGCTGGGATGTTTCCGACTCGAGAGTGTATAGAGTATTAGGTACTCTGGGTACTGGAGAAACTGCGGGCTACCTAAAGTAACTGACGTTTAGCTAAACTTCCCTAGTAGTTGGCGCTATTGTACGCTGTGTTTCTCCATCCGTTCTCCGATAGAGCTAATGTACCGGTAACCCAGACGAAAGGGAGCTTCGATACGTCAAAACAGATCCATCGGTTTTGCTGTGCCTTGTTCTTCAGTACTCGCAGACACGAACGCTGAAGAAGAGTAGCAACCATATCTTGCGTCAATGTGAGTCTCCCGTCAGGACTCTTAATCACTAGGGGAGAATGCAGACGGCGCACCTACCAGAGCTTCTCCTCACACCTGTTTCGTACCTAACCCCTCGGGAGGGTTGATCTTTGGACTCATCACGTGTTATCTGCCCAGCCGACGGGTGGTCGCTTGCCTATTAACCGGGACTGGGCTACAGTGCCGGTTAAGCGAATGAAGCAAGCTCTAGCCCTACTTCATAGAGTTTGTCCCGATCTGTCACCCGGACTGTTTACCGCCGCACACTTGGACGCCCTAATCTCGCTTCCACTAGGGATCTGTCACAGTATGTCCAAGATAGCGACGAAGTTACAGGGTCCAGTTTGCTAAAGC,1234,49.59,Mus musculus
SEQ_733980,GATCGGGACTCCGATAGAGTCTGCATCTGCATTCTATTCCGATCGCCAATCCAGTTTATACCTGGTGCACGGAACACTTTCCTGAAGACGTTATGCCTAATTGCGGTCCATGACACATATGGTAGCGGCTATCGCGCGGAATTTAAAATATGAGGGGTACACATCGCTTGTACGCGAGGACCACAAGCTAGATACCTTTCACCCTTGGTTATCCGGGGTCGTTGGCTGTTGCGCAGGTTTTTGACGATCTCCCCACGCTCGAAGCTATAGACAGTTCGCGCAGAAGGGTGCCTTACGCTATGTCCCGGGCTGTGTCAACAACACTAAACTGACCACAACTAATCCTGCCGTATCACTGATTTAGGCTTCAAAGATTTAGCGGACGCCCACAGTCATCCTCAATCTTAAGTGTTTATGCAAGCTGTATGTTAAGCCCTTACAGTGGAGAATAGGATGATGCGATATCGAACTATCGACACAGCCTGCGATTATTGAAATCCTCACCGTCCGCCGCGACTAAAATCTGACTTTTGGTCGCGATCAAGGCTCAAAACGGTCAATAACTCCTTTTCAAGACTGTAGCGAGGAATAGGTAAGCTTTACCCGATCCCTATGACAAGAAACATTGTGATCGGTACGAGAGGTATAGCCGTCATAGGATATAGTTATTCAAACAATCATTCGCGTTGGGAGCTGCTCAATTCAGAGCGTGGCAGCCGGAGGCAGCTGCAACCTTAGACGCAACAAATGTTAGATCGCGCCAGCATTCTAACTTTCTTCCCGGC,785,48.28,Mus musculus
SEQ_869388,GACAAGCCTGTGGCTCTTTGCAGATCGTCCCAAGGAATGTATCGGCGTCCTCGGTATCGTAACGCCAGTCAATTTCTCATACCTCGGATAGCGTTTAACGCGGACGTTAATCCGGCCCAGCCAACTCGTGACATTGCTTTCAGTCGATTCGGCTTTATAACTGCTTACCTAGGCTTTAGAGGGTGTATACCTTACAATCTAACAACTTGGACAGCCCGCTTCTCATGGCTAGGGGTTGTTAATGACCTCCCAGACCCCCGAATAGACGTAGTTAGACTTCGCCCCGTCTCGACCTATATAGACGTTTTAGGCATTACAAACGACGAGACACGGGATTCCTGAACAAC,347,49.57,Homo sapiens
SEQ_922906,AGGCCCTGATAAGGTCTAAGACCCTAAATACCCCTCCAAAGCCATTAACTGCAATTTCAG,60,45.0,Caenorhabditis elegans
SEQ_789116,CTCCTAGAACGTGTGTGGAGGTTCGAAGTGTGTATCGGACTGCGATTTTGTGTGGCACAGACCCACTCGCCATCGTCGGTGGCCTCAGCAGCGATTGACGTGCTCGTAACTCTTATCGCGTCATTAGACAGGCTGAGTAGTCTTACTAGTAGGAGCGGATCGTTAGGCCGGCCCTATTTGGGATATGGTAAGGCAGATACTACTCACTGGATCTTAGAGAGATTCACAAAACTATCGCCAACCGGCTGGTATCACAGTAAGAGACGAAGGGCGCTTTCCTACACGTCAAACCTATTGTATATAAAGCAAGTCCAGACAGCTAAGTCCTTCTTGGTTAACAAGTATACGGCAAGCCGAGTGCTGGGATCCTTTACTCAAACCCATATAGGGGACGGATCTGCGTAAGTCAGCCCCCACCCCCAACGAAGGGCTGTAGATAAGAGGGTACCAACCAGGGCTTCCCTATAAATCGCACTGTGTGTTGTACCGTCCTCTGACGCTGATAACACGGTATTAGGTGCGTCCGTGCCTGTCATGGAGAGCAAGGAGTCACGGCCGCTCAGACCACCAGCAGTTAGGCGTGGCCTCACTAAGGGTATTGCCGCACCCCTACAAGGGCTATTCGTCCACTTAGCTCCCGTTTAGTGGCGGGGATTATGGGGATGAGACGAGATACTATCGCCGGGAGCGGGTATCTTTACGGGCGTGGCAGGCTACTGCATCCTACACGGTTACCTTCCTCCCAGCGGCAGCGCTCACATGATACTGACGACAGTGGCAACCGTTGGCACCGAAATAGGTTCCGAAGCGGGCGCGAAGCTAAAGGGCCTGTATAACAGCCCAGCCCGTACGAAACCAATAGAATTTGCCGGAAAAACCTCTGGCCGATTGGCAGTATCGACGCTGATCCACAAGGTACACAGGGGCCACTGTATCGTTAACGGGGTCAGTCGGCTAGTCTCCGGGCTGCACCGTTGCAACAAATCCTTTTCTCACGAAGCGTGGTATGCAGGGACACCAACCCGGGCAACCGCGAGGGAACCCTAACTTTTCCTCAGATGCTAGGCAGTAATTAGAGACTCACCCACCGCATTCTATAGAGGATTGCTTCCGGTACCCGAATCATATAAAGGCACGATACGGGACGCGGCTAAGTAACTGGGGCGGGTAAAGAGGATCAGTGAGCAAGAGAAATCCATACCGGGCCCTAAGCATACACGTATGCTTGACGATAGTCTCGGTCTGAATGTTTGCAAGTAGTC,1262,53.09,Homo sapiens
SEQ_955190,TTAGGGGCAAAACTTGATGCGTCATTCAGCATCGTGGTTCGTGGGTCGTGTGAGCGGCAGTCGGTCTTCCGGTGTGTACCGCATCCTTCCTTACTAATCATGCTCGCACAACTTCAGATCACTATCCTATCTCCTATCAGCGAGGGCAATACATCACCACTATACGTGACGGTATGACAAGCTCGCGGATAGGGACTATTGACAAAACTAGGACCTAAAGCGGTATCCTGCGTGCGCATAGCATATCCGTGTTGCCACCAATCAAAGGAACAACATTTTTTTCTACATGAGCAATCGCTGTACAGAAAGTCTGCTTCCACCTCGCAAGAGTCGAAACATAATGTTCAGGTCGAGCAGCGGCACAACACACGAGGACGGACAAGAACAATTAGCATGTCAGTTCCAATAGAAGCGGGAGAGAGATTGAATCTAATATTCGTCGCGGTGGGGTACTGGAGTACCAGCCCGGGCTGTGTAGACCCAGTCCGAATTTCTTACCTCGTGTAACCCTCAATACGACCAGACCACATTTCTACCCTTTTAATGCATTAGAACGCGTACTGACTGGGTCTTTGCAGGCCAACTTTGGAGAATGCCACTCCGTCTAGGCCAGGCCATGGGAATCACAGCTAAGCTATCCCTACGTGTGACCCTATCGTCCAACGCATGTATTGCCAACTCAACTCTTCGACTGGCCTGAAATGAAGATAACCGTTCGGGACGTGGGTCGGAGGGGACGGAAGGCGTCGGTGCAGAGAATGAGATGCCTGTTTTCTACATAGGATCTGACTAACGGTTCATTTCCCGATCCAATTTACAGCCCTAATATCTCAATAAGTTCCCATCGCGTCTGAGACGGATTGAATAGGACTCTCATTAAGGAAACCAAGAAGAGGTTCGAAAGTTAGCGTGTTCGTGCGCTATATTTGAGTCATACTGACGGGGCGAGTTGTTCCGAACGTTATACCTAATGGCGATCGTCGGAGTAGGATATCCCCTGCTCAGATAGGCTATGATAGGCCATGCCTTCCCGCTCAGGGGCGAAATGTGATGTGTCTGTACGCCGATGGACACAAACTAAGTCGGACCCACCGGCCTCTGTTCAGGAACTATGCGATCAGGCGTCCTCAGTTACAGGCCGGAACATATGCTTATGTCGCCAATACCGAATCTATAAAGAATCGGTCGGCGAGGATACAAGTCGGCTAGTGCTAATGCATATCTAAACGGATAGTTGCCGATAGCCCGCGAAGAAAGTTGAACTGTTATAGACCTGTGAATGAACAATGAGCAGTCGGGAGAGGTTTTAAACCCGCTTTGGAGAACTGTTCGAGTACCATATCCGTTACCCCAACAATCTTAGCTAAGCGCGCGCACGTAGTGGATATCCCCAGTCTTGGATCGGTTGCGAGTCATTTAGCCGTCGGACTCACCCGACACCAGATCCTTTATTCACCGCTGTACTTAGTAGGAAACTAATCACGCTAAGCGCGAACGGGACACCGTTGCCATGCCTCCTGGTCGCCAATACTATCGCGGAACCATGTGAGGACAACAATTAAGCTCGCTGGGGTAATTACGACGGGATTGTATGGTACTAATGCTCAACATTCAACTATCGTGATCTGACAAATTACATGGCGCCAAAGACCGAGCTTGCCGAGAATGAACTCTGCGGGAACATTAGAGAGTATATTCCGGGATTTGATCTTCCACTAGCTATTAACAGATACTGACGAAGAGCGTTGCATCGGGCGTCTCTAGAGCCTGTACTGTACTACGGGACGCAGCGTTCCATACTTACAGAGTTGCATCGTCTGTATCCCGTGTTGTGCAATGGAGATCGTAATCTTATTACCCCTGCCCAACAA,1871,49.17,Drosophila melanogaster
SEQ_295130,CTCGCTTCGACCATTGTCGTCAGTGGCGTGGCCCAAGGGTGTCTAACCGGCGCGACCGTCCCCCAGATCAAGTTATCATTCACCTAGTGAGGAGGACATAACCCATGAGGGTCATACCGACATCTTAGGCTGACTTGAACCTCTCCCTTTTTTTTGCGGGGTCTGGGAGCAATGACGTTAGGGTATGGCACGGAAGAAACGTAATTAACATGGTAAATTTCGGGAGGCTTGTTGGTCAGGTGCACTGTTTCACCTTACTCGGACGAAACTGTCAGCGCAAACAGATCGGCCATTTCTCCAAATATGTAGGGGGGCGTGATGGGCCCGTCTTGCCCCAAACTGCTTCAATGTCTGGAGATAGCCGGGGCTATACTACAATAGGCGCCCGGGGAAAAGACTCGGTGCGTACTCAAAAGAAGAGACCAAAAAACTACGTCCACCACTGCCGGCTAATCTTGCAGTCGGAGACGTTACACCGGATCAACCTCTGGCCAGGTGCTAATTTCTCTAATTAGGGAAACGATGAACAAAACGTGCCGACCTGGGCTTCGGATTTCGCTCTCGACATCCAGCGAGCTGCTGTTCTGAAAAACGGAGCGCTCACCGCGTTGTACCTGAATACTATTTATTAGGACGTCGTGGAGTCAGCACTGCCTAAAAGGAGCGACAGTTTCCGATCAGTAGGTCTCGACTATATTCTGATATTGCTTGTGTTGCCAAGTTATACAAGTGACATTAGTCTTAATACTGTTTCTCATAACGTAGTCCTAACCTTATGGCGCGATCGAATTTGCTGAGGCGTGACACCGGCTTTTACACGTACCGTTGTCAAGCGTGGATTGAGATCGTCCCCCATTGATAGGAGAGACTAGTAGGGGAGGATTCCTACTTACACGTGAGCAAAGTCATGCGGTTAATTCTCGATCTCAGCTCACGTAGCGCGTGCGAAACTCGAGTCTCAACGCGGCCCTTGCCCGATATTTGTAGGAAATGTAACTGATAATTGAATTGTTTGTTAGCTGGCCCAAAATCAGGAGGGGATCCTCTTGCGTGGGGTTTCATTTGTACGAGATCGATATTAGTCTACCTTCCATTAATATGATTCGCAATTAGACCGTACTCAAGCCGCAAAGATTCTGCCCGCTAGTAATATCAGTGGCATTCAGATGTTTAGCAGGCACACCCTTTGCGGCATACATGTATTCACCTACTACAGTAGGATAATGGCAGGTGTGATCGGGAAGCTACGGTGGTAATCCCCCTCTTCACGTCGAAAGCCGATAAAGTACCGACGCCCAAGCATACTGCAAGGGCGGGGCACATATTTTAGCTGGAGTAGGCATTGTACTGTGATCATAAGACTGGACCGCCTCAAAGCACATCATTGCGATTACGCAGTTAATTCTAAGTTTGTCATG,1418,48.87,Arabidopsis thaliana
SEQ_116690,CGTTACTTGGCAATTCGAGACTATACTAGAGTGCGTGGGTCTTCGTCAAGTACCGATGCCCCTGAAGTTCGACAGCCACAAATGGGTTCTGCCTTTATCGGTGCTGTAATACTCAGACAATAAATCCCTACGTTAGAATAATAGAGCCTTGACGGGTCCCTTTTTAGGGTCTAGCGCGCGTTCTGCGGGGTTGAGCCCAGGCGATCCGCACGTAACACATTTCCACTCTTTTAGGCGCGTTCCCCCAGTTTAGCTCTCCTGACCAACCGAATGCCCCGAGTGGGAGTTCAAGATGTGCGAATGGACTACCGCCGAAATTCCCTTCCTGGACAAACTGAATCGAATTCGCGATTGTTGACTCGATAAGGCCCAGCACTTGTCGGACGGGAAGGAGGTCTGACAGACGTGCCCGGTTGTTCCCCTGTACGCGCATACTGATGACATACGCTCTGGCTGCTCCTCGAAGACACGACTTCTTTATGTTATTTGAGGCTGACGTAACGAGTTATCGACCGTACGAGGCGTCCAGACCAATCTCGTAAACGTGGCGATACAATACCTTAGCACAAACTTGTCTTCACCGCGAGAAGGATAGTTTAGTTGACAAGGAGAGCCTTAGAGTTGCTACACGCGGTCTAAGACATCCTACGGTAGGTCTACGGGTATTCGGAACCACTTACCTATGTCCCGGGTACCTCTGGTACTCATCATGTTGCAAATCTCGACAGTCAACCACACTTAGTTGGTCTGGCACGTGGTGCTGCCTCCGCATCGTATGGTAACTTTAAACACTAACCCTATTTTCAGATTCATTGCAGAATGCTTCAAGCCCCTCGGCACTCTTACCGCTTCGATCGGATGTCTAAGATTGGATGTCCCGGCAAAGGAATAGTTCGTGAAGGTTTCCTGTTCTTCGGTCCCTCTGTTCAGAAATACACCTCAAGACGGCTCACAGCCTCACGTTATAGGACAAACTGACCCCCAAGTAGAGCATAACAATTCGATAAAGACATGAGCTGGTCTGTGCTACCTCCAGCTGTACTGTAACCTCGTTCTCACCTTCAAGAGCCTTACCGCTATGCAATTCGAAATGTTTGATCAGTTACAGGAGGGAGACCTACTTTCTCCCGAGTTCAACCATTGGGGTATATCGCGACCAAGGTAGTTTTCTGGCATGGAGTTTAGATACACAATAGTAAGCTTCTATTTGACTTTACACGATTAACGTTGGACCTGGAAGTACTCGCCGAGTCGGGAGGGCCCACCCGCGTCTTGTTATGGCGTATTCTCGAGGTCTGCTATTTGACTTCGGGTACTTTCACGGGCAACAGAAGACAAGGACCGCCTTTTTGATTATCCGTGAACATACTACACCATCTTGCCGATTTAGAAGGTAATGGAACTTGCTAATCGCAAATGACTTCAATAAGCGCTAAAGGTATATACGGGCCAGGGATCGAG,1461,49.01,Saccharomyces cerevisiae
SEQ_920795,CCTGTGCGGCATAATGGTGTCCTTATACCTCTGATCAAGACAACGCCTTCTGTTTTTTTAGAGCGTCACTTTTTACGGATCTTAGGCTCACGGGCGTCTACCCTTACGCCCCAGCTACATCCCGCGACCCGCAACGTAACCACAGTGACTTACTCCGAACAATGACCGCCTTTAGGACTGGAAGTCCGTAAGGACCACAACGGACATGTCACCCGTGGGTACAGAATGCTTGGGCCTGCACGGTTTCACTGCGCTAACTACGGCACGTAGACGACGACTTAAGGGCTCGTGCATCATCACCG,302,53.64,Homo sapiens
SEQ_511439,CCAGTTCTCCGCTTCAAACCTCGTGAGGGTGTGCGTGCCCAACTGAGCAAGCGGTGCATTTTAGATCTTTGTGACCCCGAACTCTGATACACTCTCGCAAAGGCACAAGTTCGCTATGTTATGGAATCATTCTTTGAATTCGGCAGCCCGCCTAGGCTTTATTGGGAATGTCAAGTGCTCTCTATGTTGATATGGATCTCCGTATTTCAACCAAGATGTTACACTCGGGAAGCTTTACGTCCACGTGTGCCAGTCAGCCATTGACAGTATGCACCAACTAAGAATGATACTACTTCGGGGTAATAGCAACCTATGGGTGTAACAGAGATGAATTATTGGCGCCGAGCATGCTGTAGGCGTTGGCACGACTCACGAGTACAGATTTTCTACAGCGCCCATCCGAATCGTGGTCTCCAGCCTAGCCTCAAACTTGCGCCCCGAATCTTACCGGAAAGCCCAACTGCTCGACCATACC,475,49.68,Drosophila melanogaster
SEQ_837690,TTACCATCCCGGGCTAAAGAGAAGGTGATACGTCGACACCGCAAGGGCATGGTGAATCAAAGCATCTCGACACGTGCATAGAACTTGTCTCTAACCAGTTCGTTATCCAAAGCTTCGTAGTCCCTAGATTGAATAGGAAACATGATAAAACTACGGAGTGGCATCCTCGACCTACTACGTTTCTATTCGGTCGCACAAGCATGACCGGATCGAATGGGTGTTAGAATAGGTTCTGGATGACTTACTCGCTATTCGCAAACCACATGAGTCCGATGGTTTTCACTAATAAAACATGCCATTTCAGAGTGCATAGCCTCAACAGGGCGCTTACGTTCTCCCGTCTAGTCTGTCTGGCTGCGAGTTACTCCCCCTATTATCCTTGCAGGAGTCCGTGTGAGTATTTCTCACTTTACACACGACATACCTCTTTAAGGTTGGTGAGCGCAGCGAGTCGCGTTGGTCCGTATGAGCCTAAGTGTTCCCGTTTCGTGCACAGGAAGCTACAGCTCTGTGGTGACGAACCATTTAGAGCTTGCGGGACAGTTCGCGGTCTGTCCACATTTCTTTCTGAGTTACTGTCAAGCCGATGGACCGTTACAGCAACTTACCCCGCTAATGACAGGGGTGAAGACGACTATACCCCTTCCGCGAGATGTAGACTACCACGATGCCTTTAATATAGTATGTTGGGTGTTTATGCTCTCTAACATTGGCCTTGCTAGTAAATATCGTGAGCGCTGAAGAGACTCACTCTAACTGAAGCAGTCGGGATATCGCGGGAGCTTTATGTACGGTTGGATTAAGTAGTGCGCCTCCAAAGTTTGTGTTATACGTGCTATACTATCGTGCCCGAACCCGGCTAAGTTCCGGATTTGTTACTTGGCGGATTTGCCGACTGGACAGGACTCTCATACGATAGAGGTGGCTACTGGCCTGTCGTTCGCCGAGCTTAGACAGGACATGGTAAAAATAATATAGAGAACCTACTACAGGAGACGCATCAATGAGTTGTCGTCCGGCGTAATCCGAGGCAAAAGTCAGCGGAGCGGCCTTGTGATACACGTGTTGGTCTCTGGAGATAATAAGTGAACTAAAATATCCAGGCGATACTTCCAGCTGGTAGAGTAACGCGAGCACCACGGTCACAACGCGTACATAGTTCGTGCATGGAACTAGCGTTTAGGTTCACAACCCAAAGAGTTCTACCGTGGATAACACGGATTCCGCTGGATATGGCATAAGCTACGATCACAGCTTGGTCTCACGCGTACATGCGGTCCCGACAGGTATTCGACGGACTAGTTTGCTCATACTTCCGTCCCAGTAGGGGTGACTCGAGGGACACCGAATACTTCCCATGAACAGGGTGGATTGTCGAGACCCATCATAGCCCGCCCACTTGGGCGAGCATTCTAATGCAGCATATAATCATCAATGATAGGGCCGTCACTGAGGCGAGTGGTCTCGGACCATTTTGCCGGGTTCCTCAGAGACCCAACC,1500,49.53,Mus musculus
SEQ_467419,GATTGCCAGCGGACCTCTCCACAGAAGTATACACGTTATCCGGCAACGGCGAACCGATCTGCAAAACGTCAGCACGGAACGGCCCAACCTGATGAGACCGACTATATTACGAGCTCGGTGCGAAGTCTATTAATATTCAAACTAAATAATCATGAACAATTGTAAAGATGGCAGCATCGCTTAACTATCATGCCTGATTAAGCTCCCCTGAACAAATTTAATGGAGAACCCTCTCATCGCAGTGCATAATACCGATGGCGCTCGGTCTCGGGCCCATAATCCCTCACAAAGATTGGCCAGCCCCTAATTTGGATCCGTATGTTCGAAACCTCTTACTCCTATTAGTTTTCAATCCGCGAATTCAAGAAATAGTTTGAATCATACGTTGATAAGAGACCTGTCATCTGGTCCGCCTTCGATAAATTGGCACATCCTATCCTCCCTTAGAAAAAAGTAAGCGGAGACAACTTTCCGAGAGTCCACCTCTAAGCAGGGTCTGACGTCGCGCAGGCTACCGGGGGGCCCAAGACGCTTACCGCTCGGCTGATCGATGTGGGGACATCAGAACTTAGAGCTTCGAATTAGGGCGAAAGATCACGGCGGTTACCAAGTTAAAGACCGTTAGTAGCGACTGGGCAATAGTACCCCCGCCACTCGTCAGCCTCAGCGAATACAGCTTACTAAGCTTCAGAATGCATTCGAACTAATGTGCGATATTTGGGGGCCAGTCGTTGGCTCCGGCTTTGAAATAAGGTGAGTTCATTTGAAGTTTGGTAGTACTGAGCCTACTTTGTACAGCACGGAATCCGGAGCTGTCATACTGTCCTCAGCAATCCCGCCTAAACTACAATTGTCCTAAGGTGTACTAAAAAGGCACGAACTTCTCGCGGAACGAATTAGTTTTTTTCGCGTGGTCCACCCCTTAGACTGAGTACTTGATCGATTGAACAGGCGGGACTCGCGGTCATAAACAGACGACATGAAGTTTCTCCGTGCTGCCTGTCCGACAAATAGGGGTTCGCCAAGTTCCCCTATACTGCCTGTCGAGTCATGGCGCTGGCGTCCAAGGACGATATGCATACGCTGCTGTAACAGAATGGCTACCCGCCAATCGCCCAAATGTACTACAAAAGCTGACATCTCCGCCGTGCAACTCCTGCACGGTCTCGACCTGAACAGGATGTTCTTATTCATATAGGCGCTCGGCTGCCTTCGCCCATACTGTATACAACAATACCTTCAAATTGATTAACAAGCAGCGTAATCACTATCTGGGCCCGTAGGAAAATGCTATGACTTAGCATTTACTGTTGGTCCCATAGTATGCAATGGTCTGGCTATATTAACGTTGCCTTCGGTACACAGAAATGTAGCTTCCTCGAGGTAGGCGAATT,1394,48.35,Escherichia coli
SEQ_234160,TGAGTCACCTAAACACGATCAACAATTAAACTCCCGGCTCCCATAGTCGTGTATGTTGGTTTGCTCGGTGCCTGGCCTGGCCCAAATAGGACGCGGTTCCTCTTGGCTGTGTTGAAAACCGTGAACAACCTCAGAGTAACCAAATAGTTCATTGACCGAGTATTGTAATACCTTTAGTCTGGTAGATTAATCGTGGGTCCGGCCACGATACACTGCGCATCTGAATGGAATTACAGGAATTGGTCGAACAAGCATATTGGTAAGAATAGGTTACTATTGTGGGAGTTTACATGCTCGTGTAATCACACAATTTCAAAAATCCATTTCATCACAACTAGAACAATGTAAATCAATAACATTTGCTTGCTCCGAAAAGCTAAAGCATAACGGCTTCCTCTCCGTTTTATTTACATCTTCTGCGGTGTCTGAAAATTGGACTAGCTACCCGTCCTTGCGCCTAAAATTAGTTGGGGACCTGCCAAGGAAGTATCAAATGTATAAGCTAAGGTCGATACGGTCGGTAGTTTCATCGACTATTACGTGGGTCCATCTGGATCATCTAACTAGGCACTTCACTCTTGGCTAACCGAAAATCAATCCCTGTCCTCGGGATCAAGAATGGGAAACGCTGCTAGTATTAGCGAAGTTAAATTTTTAGGAGCGCTCATCTATATCAAAACTCAATGTCGCGAGGGTGTGTAATCCCCGCATCCACTCTTGAGAGAGGGCATCTAACAATAGTTAGTTAGACTTATTAGCGTCGTAATCTAATGGCGCGGTAGCGCTCAACTAAAACTCATATATGTATATTCCGTATGAACCCTCTCACATTTCATGTAGAACTGTCCTCACTCTGGGAAGCAGTACAGACCTTTGCCGCGTTACCCACCAATGAGTGTGGCGTAACGGTGTTCATGTTGATAATGCGTGTAAGATGCAGGTTCCCTGGTACGCTGGGTAAGGAAGCTACCTTCTCCTGGTCATCTCGTGAAGGTCATCAGGTGAGTGACCGAGAACCTAACCCGGAACTTCCTTGGACTGGCACTCTCACCTACGTACCAAGT,1064,45.02,Drosophila melanogaster
SEQ_830761,GATCCAGACTCGACTTTTCCTAGATGTATAAACCTGTGCGCTGTTAATCAGTGAAAGGTGCCAGTTGTGCGACATAAAGTCACGCGACAGGAATGACCCCTCGACGTTAGTCATACGATGGCCGTGCCTTGTGTGGCATATGTATCCGAATCGTGTGGTCGCTTGCTTGTGGAGATAGTTACTGTGCAGGCTCGCAGCTGTAAGGTTAAACATAAGAGTGGCCATGCGCTCCGACGACACTTTGGGAAGACATGAATGGTCAATCCTTCTGTCGGTGTGAAACGTACAATCAAACGTCGAGTGAAGGCCGCGAGAGAGGAGCTTACGACCTTCGGCAATGCGCCCCTTGGACGTCCATAGAAATGTACTATTCGGTACAAGGGCCACGAATCAGGTAGTCCCCAAGCGCACGATTGGCGCCCGGATTGCCCGAGTCTTCATTTGCACTTACAGGCGTGCAGTCTGTTCATAGAAAGACCGAGGTGTCGTGTAGGCGCTAAAAATCTAAGCAGGGAGGGGTATGTGTGCTCGTACGACACTTAAATCGCAATGGGCAGTACCGTTGGCCGCTTACCTGGTCCTGTCGGGAGAGGTTGCCACGGCTTGCACATACTCTACGCCATCGCCAATTCAAGGTCAGACACCAGGTTTAGTTAAAATGGACGCGAATGGGTCCCACTTCAGGTGATCGTGATCCGACTGCTCGTCCCCATTGGTACGTTTATTGTCCTCGCTACGGAAAAAAGGTGCAACAATTGCGGTAGTGCAGTGTCTGTCTCATGAGGCTCCCGACGTAACCAACTATAAATCTGGGGGGGCGGGAGTTGGACCACCGGAAAGCTATGCACGATGAAATTTGGAACATCTTAAATCGTGCGTGGGGTCTTCGTTGTAACTTGCTCGAGGCCATTTGATGGTGCCCTGATTAGTCAAACTGCGCACTGCCCTAGTCAACAGAACTTCAGTCACCCCGTCAGCACTGGACCTCAGGTGGCACAATAGTGGACCGCTCAAACGGTCGCCCCCCTAACGAAGCATGACCGCACTTGTGGGTGACCAGGACGTCGCGACGACTGGCAATAAAGAGGGTCAACTCAGATAAGGCGGTCACCCTCCCACCAAGGCATAGACACTGGGA,1138,52.64,Caenorhabditis elegans
SEQ_418577,TTTATTTTGCTCGAGACGAGAAGCGGACTGTCCCAGCCCGATGTAGGGTCCCCAAAGATTCCCATCTAAACATTTAATAATATCCACGACTGCATTGTCTCGAGGATTAAACAAAGGGGGTGTGGGAAAAAACAACCACTGGATGATGTAAGTTCATAGTCGTCGAAACTGAAAGTTGACAAATGTTATCATATTAGATCGATGCCATTGTGTGCGACAATTTGGTCGAATACCGAGCCCCAACTTACAATACCCCGCGATTTTCAAGTGTTCAGAATTGTTTTTTCGTGAGGCACCATTTGCGAGATCCTATGGGCTCTTTCGTACGACCACGGGCAACACTCCATACCGCCACTTGATCATAGTGATAGGGTCATACGACGAGCTCGCCGGATTCGGACTACGTATTAGCGTGAGCCGCATGATAGGACTAGTAATCAGGATGGCGAACATCATGATCTATGTTAGCGGAAAGTTTACTAGGGGTCGGCACGAAGAAATGGGTTTGCGGAAATGATATTATCGAATACGGAACCCCCTAAATGCTCCACCAAAATACTCAGCTTAGAGAAGCGACAAGTCTCTGTCAATCGTCTGTCTTTCCAAACACTTGCCGCCTTAGGGGTAGACTCCATTTCGGTACTCTCCTAAAGAAACGAGCTGATCTCGGAGAAACTCTTTCAAAAGTACATAGGCACTTAACGAAGCTCGTATGTGCATCGCGCGGTCTTCCAAGTGTCTTTCAGTGCGTAGCGAAATATTGAACCTCGGAGATGGTCAGCTCCCATCCCCGTCCCGGATAACCAGTTGAGTCTGCGAGAGATACTCGTCCAGATGACTCGAAAAATTGGAACGTCCAGAGACTGCCTCGCAATAGCACACAGTGGCGGTCTACTGTCGGGTACTTGATGAAGTCATACGCCAGTTTTTATGCTAGCGTCTACCCTGAATCCTGTGGTCGACCGGCCGTATGTGCAGCATCCCCTATACGGCTTCGCGCATCGTTGTATCAAAATCGTCCCTCGGGTGGACTCGGATGAGAGTTTAATGTGATCCGAAAACGTACTTCCCCTGCGGGCGACAAATGGTTGTCCATCTATCATGTCCCATATACCGACGTCTAGCGACGTGGCGATCGCCACTTGATTAAAAACAGAGCACTTTGCAGGCTGGACGACCTTTGGCAAAGCACGACGTCCTCCAAGCGTTAGACTTGTAACCGAAGAGAGCTTCGAGTATTCAATCTTGCTTAGGAACTCCTGGCAACCTCACCCGTGGATAGAACTCGAGAGTAACCGAGGTGAACACTGAGACGTCATGCCTTGGTCGGTGGGGGCCGAAGACCTTGTAACCCGAGCACAGTAATAGAAGGTGCAACGATTAGTCCAAACATAGCTGGTGACTGGTGCTGAGCGTTATACAGGCTGGAAGTACCGGCTTTTTGGTAGTGCACCGTAGTTCGGTGACAAGTACCTCTCCTCGTACACCTTCCCGACTGACTCAAGTTGATTGGCTACGACAGAGACTATACCCACGTTCCGGCGATACGGAGCCAGATTAGCATTCGAGTGAGTTAAGGGGACTGTAGGACTGAGCGCACCTGTCTTGTAGACATGATGGCGCCTGCCCGC,1631,49.36,Drosophila melanogaster
SEQ_297033,CATCTCCGGCACGCTTTTCTGGCCCACGAATATCCAATGTAGATTAAGCTACTATAAGAAAGTTGATCTGAGCTACAATTTACGCTCGCCCAATGTAGCGCACAAGGTTTGGGCTGAAGCCTGTCCGCTGTCTGGAGTGGCTAATATCTAGCGATGAAATTTGTTTTCAGCCCGCGCATACGATCGGGGGGAGAAGTCATACATCTTACGGTGTTCCGCAAGGATTGAATGGCCGGCACTCTCAAAGAGCCTATATCCGCCCCTCTCGAGTCGATCATCGCAACAACCACGGGAATTCCTACCAACAGTTGGGTTTGAAATCCGATTCTACAACTTTACGTCGAGACACTCGGGAATCGTTCTAGTACGCAAAGGCCAAATGTTAAGCATCCTCTTCGATAGAAACGGGCATTTTGTAAAGTTACGGTGAGATCGCGAGCTCTCATTCCGGACTGTACATTTCAGGTGGAATTTAGGTCCCCAAAAACGGTAAATCTCGAATAGCGAAACAGGACAGCCCGGAACCATCACAGCTCTTAAAAGAAGCTCACGCGGCCACCTTGCCGACGGAGGCGACTTACGCATAGAACCATTATTTATGAAACCCGGAATTCCTAGTCGATACGGAGGGCGACCTCAAGCCAAGTCGTGGTTTCGCGTAAGAGAGGGACACGCATCGACAACAAAATGACTCTCATAGGCCGAAGTAGAAAGGGGCGTTCCGTGTAGGACTGGGTCATTACGGCACCGCTGCAAATGCAAAGAGCCAGGGGTTGTGATCTTTGTTAGGTGCAAGTAAAGTGTTAATTGCATGATCCCGTATTCCGTAAGCGCCAGACGCGTGTGAGGATCAAACAAGTTGGATACAAGGTCCAACGACCAGGTATGTCACCCGCTCAGTAACGAGGTCCAATGGCGTTGAAATCCTAGGGTTGTTGCGTCCCACTGAAGGGTAACCTATGGTAAGCGACCCACGTTGAGCCCCACCACATTGCGACATCCAGCCAATAACCGGCCGCACACTGCAATTCACCTACAAAGGACGTCAGTTTAATATCGAGGCATGTACACGATGACTGTCTTCCCACTCTTTTGCCCTAGCCCGACTTATAATGAGTGTCCCCAAGTTGTCGGTGTTCTGACAGTGTAGAATGTAGCTATGGTCATTGTTATGGCTTGGACTGCTCCTGTTAGTCGTTCCCCAACATGAACAGCAGCGAGTTTTAAACAATGCGTGCGTCGGCGAGATTTGCCGGTCGAATATCGATTAAGGCGCCAAGGAATACTGAAACTAGATCCTCATCACAGAGCACTTTATGCGTGCCGCATCTATTTCGGGGGGGTACCCAGCGGCGAATTAAACGTGGAACCTT,1373,49.6,Caenorhabditis elegans
SEQ_715577,GCTGCTCACCCAGGCTATCAGCCAGTGAAAAAACCGCGAGCTGTACGGTGCGGTCCTTGATCTCTAACCATCCTATCTACCAGCCCCGGACCAATTTGCGTTGGTCGGCTCGCAC,115,57.39,Mus musculus
SEQ_362925,TCGGAGAGCGTAAGCTGCAGATCCTTGAGATGCTGAAGAGGGTTCCAACCGTAATATGCCGCGGGAGGGGCCGGAATTCAGGGCAGGCTCTTCCTTACGGGCCGTTATGATTCCTGACCGTAATGAAAAAGACAAGCATACATTTCGAAAGACTTTAGATTATCGCTCTACAACGTGGAGCCCGCGGCGGCCGGACCGCCGAACTAATTCACATTCTAACCCAGGGGGCTAACGCCCGAAGATAGGCTACTGAATACCGTCGAAGGTTAAAGAGCACTAGTACTATATCACTGTGGGCTAGGAAGGCTGTATAGGGAGGGAAAGACGGAGAACATAGGGAACTTGCGAAAGAAGGGGCTGACCTAAATCTGTGTTGACAACGCCCCCCGTGCCCGTTCTGGCTAGTATGAGTGGACCGGGAGCTGATCTGGGCGACTTGTATTATGACGCGCTAAGTATCTCTTTAAATTCGCTACAGGTGCGCGATCCCTATGAACCTCAGCATGCAGGGTCATCCAGTTGGTCGCTACGGTAGATGATCTTCAGGTTACGCCGATCGTTGTTCGCGCCCTTACAGGAGGTGTATTCGCGTGCGGAACAGCGTACACCCTGAAGGTTCGATGTTAAGGCAAATGGCGGATAACATCCGGGTGGGCCGACTGCTGCAGAGGGGCTGCGACATTCCGCGCCGCAGCTGAGCGGAGTTCCCACGCATCCCAGTGCAGGAGCGTTGTCGGTTAGCCTTATCCACGCACTTGCCGAAGAAAACGTTTTATCGAATAATGCTCCCATATATCGCTAACCCTCGCTTCACTTTCCCAGGGATGGTATACGATGGCGACATGCAAAGATCCAAGTAAGTGCGCCCGCAAAACAGACGATGTTCAGTCATAGAACCAAGCCTATGGTCAAAAGTGCTTGCCGTCCCAACGCAAAGTTTGCTTTAATGTAAACCGCCGCGTAGCACC,968,52.79,Arabidopsis thaliana
SEQ_255327,AGAAGAGACCCATTACAATCTCGAATATCGTATTAGCGGGATTTCACTTATCTGAAACAAATAGGCAGGATCTAGAAAACATGCCAGGCGATCTTCAGGGCTGCCCACTCGCTGAGGTGCTCTGGGTTTAAGTAGAAAGCCACGGCCCCTGCTGGCGTGCATGCCAGCCCCTGGTAAATCACCCGCAGTGGTTATACACGCAAGTCGTGAAAAAGCGTTCAGTCAACGAGGCTGCGGGACTATTGTGCGTATGTTAACCGTTCGAGAAATGATTACCGCGTAATTTGGATCCGCATATGTGTACCGGGATACGGAATGCGAGGCGGCCAAAATGATTCATAAATCACGATAATCGAAGCAGCGCTCCGGATACCAGGCATAAATGTCTTTGCGCACAACCGTGCAAACAGAAGACTTCTACTGATCCGTCTGACTGCATCTGTTGCCGTACCTTGACATACCGCTAAAGTCTATTTGGGTGTCCACGCGGTAGCACGCAGGTTCGCTGAGTGTGGCAAGGGCGACATCCGGGCCACAGCCGAAAGACTTCGCGTCTCAGAATCATGGATCAGCCTTTTCGCAATGTATAACCCAAATTGGGGCGTAAGCGAAAGTGTTAGGATATTGACGTAGGCACAAACTCCGCTAGCAATAAAGACAAATACCCTTTACACGACTTTCCAGGATGTCCCGCGGGTGCCCGTTCCTATACAAGTTCCGGCTATACGGGAGAGAATGACTATAGCTTCACTGGCTAGCACTCCGATGCATGAAGGGGAAGCCACCGCAAGCTACTATTCCTTATACCAGTAGCAAAGGCTCAAAAAGGCTAGCTATCAACTCTCGCTAAACTCGTTCCGTCATTTTGTCGTTGGCTAACCCAGTGGACGATCTGAACTGGCTAATTC,908,49.67,Saccharomyces cerevisiae
SEQ_913567,CTTAAAGGGAGGTTGTGTACACCCATCGATCGTACGCAGGAAGTGTATCTCTCTTGCCGTATGAGGAACAAGAGGACAGTAAGTCCCAGTTCCGCGACGCCCGCGGGAAAACCCTGGTGGGTTGTGGAGGCTGTGGAGGCCTATTATTCGCTGCCGAAATGTTTGCAACTGCTAAGATCATTATTGGCATTGGGCAACGAACATGCTACTAATGGCTATCGTTAAGTATCACGGACTGCAGAGGATTTTAGAATGCAATGACCTCACATGTGAAAGCCCTCTCATGGAACTTATTCTGACTAGGAGTAGCGTCGTTCGTTAGTGCGATCCGTACGGGTCTGTCGTGATACAGCCATACTAACAGAGACCCCCTGTCCTTACCGTGCATCGAACTCGCTCAAGTGAGAAGGCAGAGGGTGAATCTACCAGGTCACCCTGTGAATCTCGCATCGGTCAGTTATTCAAGCTGTACTGTTTAGCAAGCTTGGATCTTCTTGTTCTGGAGGTGGTTCTTCTAGGATATATCCACAAGTCATATTCCTCCAAGTGCTAACAGTCGAAGGTCGTCTAATATGTGCGTTCTTAACGTCTCACTACGTATAATGGCCGAATACTAACCCGTTTACTTGGGGCCAGTGTGAGGAAGTCACCGCGGACAAATTCGACGCCAGATCGTTGTCACAGCCGGATTTTTGTCGTAGTGAGTATTAGAAGTTTGGCCTCGGCGCTGGCTATGACCAGACCGACTCCTTGGGAAGCAGAATCGATCTGGCGCGTGCTAATAAGGCGTGCATCTCACTGTTAGTGGTGGAACCCTTGGAGAAAGTTATAGGCGCCGGGCCACATAGCCTCGGTCGTGGCGCATACCAACGCGCTCGTTGTCGCCATGTCGTTATGACTGGCCTGTCTTTGCCGAATCGGGCTTACCTCTTCTCAACCGTTAACCAAATAACAAAACGTCGTTCGTATTGAAACAGGCGGTAAGCCATGTTACTCACAGGAGGGCTGATCTTTTAAAATAGAGGCACACGAAATTGGCGTTTGTAGGTCCCTAGCTGGATGAAAATATCGGGGACGCTTCTTTTTTAGAGCCTTTTAAGCCTGGCTGATCCCCAAGGCCTCGCTAGTAAGGGTCCTAATTGTATCGAGCTCGGATTGTCGCCCTTATAAGATCACCACGTGGTCGGGATACTCGGGCCAACAGCGTAAATACGTGCATTCACAGCTTAGTTCGAAGACTATGACGCGTTGATTCAGTCCTACGTCAGATCACGACAAACTAAAACCTTAATAACTAGATCACCCCTTCTACCCGAGCTCCACTGCTCAAAACAAGTACGGTAAATCACCATCCTATTACCCGTGACGTTCAGTTGTCGAATGGAGCTACACTAGGGTCCAGATATCTCCTTAGCGTCTCCTACTTGTTCAGAAAAAAGGATTCTGGTGCGGGATCCGTAAACATCCCAGGTCTGCCAAGGGAAACCGGTATATCAATCTTCTCGTCGAACCTTCGGGAGCTCGTTGGT,1529,49.18,Saccharomyces cerevisiae
SEQ_299323,ACCTAAAGCTAGTTCAGTTGCCCCAATAACTACATGTGCTGAGTGGTCATCTGATATATATGATGAACGAATAGTCTGACTGGGTTTAGGTGCTGCGTTTAGATGGCGGCCGCATTTACCGAAGGTGTTTGATAGCCCGTAGCCCTAATAAAGATATTGTGCCGCTCCACCCATTACGCAGCTGACGCCAGAGGGTATCATACACCACATCCTTTGCCGAAGCCGTATTCAGATGCGGGCCTATCCATACAAGTCCTCAGTCTGGTAAAGTCCATCACCGGGATATTAGGGAGACCGAGGGAGATCTAAGCGTTTAGCATACGATCTATCGGCCCGCCCTGACCATTTGGTAGTACCTATGTATTTGTAAGAGTCATATTGCCCCCTCCTCAGTGGGAACTAAATCTTAAGAACCCTTTAGGATTACATCTAAACGGCGGTCACGTGCAGGAATGCAGAACTCAATTGTCCTTGATCAGCACATCACCGAATCGCGACGCTTACCCTGAGTGTCTCCTACCCACACTGGTGGTGACGTATGACGTCGAAAACTACCGGCTAGTATAGGAGTACCGATGTCAAGCTGCCCAACACCGGTGATGGGATTTCTAACCCGGCGAGAGTGCACAAGGTGGCGCGCAATACAATGATTGCGACATCCTTCTCGAGCGCCCGCAAAGCCCTGATATCCGTACACGGTCCGGGTCACGGTCAACTGTATCTTAGACCGTACGGACGCTTACTAAATAAGCGCATCCAGTGCGGCAGGGTCATCAGCAACTAGAAGGTCAGCGTTCGTTCATGTGTGATCGTACTGCTAAAATCACCGAAGTAGTCTCGGTACCCAGAGAAGGCGCCTACAGCACCTAACTCCATCTATCTATAGAAATCCAGGCTGTTCCCGTTCGACCCTGAACTGATGTTTTCATCTCTAGGATGGAACATGTATCGGAAAGCTTCTGAGAGACCCAAGCCAGGCTCCGACGAGCAGCTGGTATGGATACGAAAGCACGAGACACGCGGAGATAGATTTTGCCCGCTGGCATTGCTGCCATTCCGCAAGAACAGCGGCCTTACGATGCCAGGCGACCCAACCTAAGAATATTGACTCCGATGACGTGGGACAGCCATGGGAGCTCGCTC,1143,51.01,Homo sapiens
SEQ_650915,ATAATGCAGCTACGATCGGCCATGCTGGTGTCAATCTTAAGTATTGTCATGAAACTAATCGAATCCCTTTAACAGTGGGTGAGATCCTCCCGGAACTTTCACACTGTCCACCCTGCCGGCCTGTCAGACGGGAGGACAAAAGCGGGTGACGTTGGACTCAGAGCTCTTAAGCTAACGCGACGCACGGGATTTAGCTAGCCGCACTTGTAGATTACGTTTTTGTTAGGGTTTTGAGCTAGGCGTAATTCGCATTTAACCCTGCCCCCTCTGTGCCTCGTTCCAGACACCGTGTAAAGCGGATCGCGCGAAGGTGAGGCCAAAGCCTAGTACACGGCGCAGGAGACGGTAACAGCTGAACATAAACATCCGTCCACTTTCCACTAGACAAGTAAAATCCGCATGTATACTA,409,50.37,Arabidopsis thaliana
SEQ_652383,AGGAGGCCTCGCCCGCGTTCAAGACCGCCGTGAACATGTTGCGTGCTTGAGATCCTAAGCGGGGAATAGCGGCCTACTGTTTTACGCAATTAAGCAGAGTCGGGCTAGAATTAGGGCTAGCCGTTACTCTACAGATAGTCGAGTTTACTGCTACCCCTCATAACTCGTCAAATAGTGTCTCTACTTAGTCTTTACGCCTTACTTGTTCTGGTGTGTTACATGGCTAGCACCTCCGACCGAACGGTTCTCAGAGAAATGCAACATTAGCTTGCTGCGTTACCCATAGCACAGGCGATTTACTTGAGTCCTATTTGTATACGGGCACGATTTTAGTCCGCCGCTAAACTGTTTCTCCAAGCAGGCAAGCAATTATAGACAGACAATAGGTTGATTCCCTAAGCGTGGGAGCCATAGTAATGTACTCGAAAATATGCTCAGACACATAGCACAATGAGAGGATCGTGTAGCACAATGCGTTCTGAGTCTAATAGCTAGACGAAGCCTCGAATTGCAGTTAGCTCAAGTCTAGAGTAGTATGACTCATACGCTCGTCACCCCCCTTGCTAATTTGGCGTTATGAGAGAAATTACACCCCTGGCCCAGCCCACCGGCGAGTATCTGGATAGAGTGTAACAGCTTGAGTCAACCGGACGGATTGGTCATTCGTCGTTACTTGTCGCAGTCCTGATGAGAGATAACACTTCATGTCTGTCCCCCGTTCGAGGGTGGAGTAGTTCGACCGGTAAGTAGGCTGGGGTGATGTTGTCTCATTACAACCAGGTTAGTGCGGGGGGAGTGCCCTACAAACTATCCCGAACTATGGGGGCGCCAGGTCTTAATAATAACTGGGTAGTAATCGGCCACTCGTTGGGAGCCGCCTATTCAGAGAGATTCTACGCATCGGCACGCATCGTTTGATTGAAGCGCCCGGTTGCCGCGGGGTATAGTGGGGTTAACTTCGTACTCCGCGGCCCCGATGATAAGGGTCTTATCATGGGGCGATGGTACTCGTCGGTACGCTTATAACCGACCGAGTCCCCAGATCGTAAGACCAAGTCAGTCCATCCGGAATCGAGCGACCCAGGCTGAAGCTTAAGGTTCGACAGGGTGACCTCTAGCTTGCCATCGAGCATCGCGCCGTCGGACCTCGGCTAGTTGAGTCAGTGTGATTCATACTATAGGGTGAAGTCGAGATAATGACCACTCCGATAACACTAACGGGCATTCGGAGTATAGGAAGGTTAGCTCATTCGGGACGAAAGGCAATTACGTGATAATATGCGGTCCGGGTTACGCACCTTAAAACCCTAGCGTAATACTAAGAGCTGTCGCGGTGTGTTGCTGCCGACTTATCCAGCTTTACGTGACAGTGCACCTCAGATACAGCCTAAGGCTGTCCAAGACGCAGGTTTGGTGCGTGCTCGATGTGAGGAGAAGACGCCACAAACACATTTAGATCCTAAAGAAACTAACGTTTACTGAGCAAGACCAAATCGAACATCGAGAGCGGAGATCCTCGTTTGGACTCACTCCCCGCTCAGAGCAGGCTCAATGGGTCCTCTATTTGGAGTAGACGTTCCTGGCAACAACTTAGCTCTTCTACGCTTCTTCGTACACTAGAACCAGGCGGCATGATGAAGCGGCCGTAAATGTTCGCACCCCACCCTGGCTTACATAAAGTATAGT,1686,50.47,Escherichia coli
SEQ_621923,CAGGTCGCTTATAGTGGCCGCAAAGTAGGTAGTTGCTTGTCGAAGCCCAGGGGGACTAGAGAACCATACGTCTTCTGTGTTACTATGCGCTGTTAAATGTAGCTGCAGCCTCCTATCCCGTCGACGTAACTATTCTCATAGCCACGACGCCAGAACCCACCTGCAGGGTTATTACTAAGTGCCAGGCAATTGACACGGAAGCCGTCAGCCGCCCCTGATTGGCTATGAGCAGTATATCTGAGAAGACGAAGCTGCACCACATAGAAGGGGTGCTTTAGAGAGGATGCAGAGTTAGTTGCGACCAGAGTACGCGTCTTATCAACGCTAACGGCACGGTGCATTATTCCTTCCCGACCGGATTACGGAAACGCACGTGGACTTGCTAGGTCCGAGCCTATGGGATTGCCCGCCTACTGCTTCAATGGCGGGGAAAGGAGTGAGGCAATCCCAACTAACTCAGAGTTTGTCAGATTTACCCAGCGTAGGAGCCTGAGCAGCTAGTTAAAAAGTGACTCGTTCGCCCTGAATAGTCTATCTTAGGTAGTAGGGAGGATCCATCGAAACGTTCTGGCTCCACAATCTCAGTCTATGCCTGGTGCCGTCTTTACCAACCGATATGGAGGCGACCTGAGCAGGGCTTGAGTGGCTTCCCCATGCGGTGGAACGACGCCACTGGCCTCACGCAACATTTCACCTGCTAGGATTCAGTCAGCTTGGCTAAATCCACCGCCGTTGGTACAGCCATTACCCTCCCTTCTCTAGCGGAAGTTTGGTGGTGACATGGATGTTGATGAAGTGGTTTGACGGTGCGTACAGTCAATTGATGTCGCTTTAAATTCGACTCTTCATAGTCCTGCGTGGCAGTGCTACTGCCCTTAGTATCGTTAATTAGTAAAGGATTCTCGCCGTCCGGTTGTGGACACTAGGGCATTCAGGGATGCGGAATACTTTGGTTGCCGGCGGTACACGGCGAACGGAATCTACCTGAGAGCGAATCAACTTCGTACGTCAAAGCGTTTTCGATCGCTCGCGTTGGTTTAAAGTTGATAGCACGACATGTCTCATGCCCCCAACCCGATCACCCTACGGCTTAGCGCCCCCTTACTAAAATTTAGAAGTCCACGAGTGAGCAGCATCATATGTAACAAACCAGGCAAAAGGGCTACCTTGAGAACGCAATTGAAGACGTTGAGCACTAAATATTCTTTACCGCCGATGCGACGTCCGGCCGTGTGCCTACGGTGCTGTTTGCACACTCCAAGGGGTTCCCGGTTCGTCAATGTGCAGAGGCTAGTGAAGTGTCAAGGTCGCCAGGTCCAACTCCGGTGGTGTTAACCGAACGACCAACTTGTTCTGGGCACGGCATTTTCGAGAGGACCAAAACCATGAAGCCAAGTAAAGGTTTATCGAGCGAGCTTCTTGAAGTTCCGCTCCTGTGGCCTGTCCTTGAGGGCGCGGAAATGGATGCAAATGACGTTAGCATACCCCGGCCGTTACGCAGAGAGTAGGATATGGACCCGATTAAGCCGAGTGTAATACAGTGCTACGAAATCTTTTTTGCTATAGGTTTAAATATCTAGCTAGAAGGCCACCAGATTACATGGCCCCAGGACCATGTTGGACGAGTGTATCTTGCCGCTAAATCTCTTTGTCGGGCGCACTATCCTTGGAGGCATTTGGCGACTGTTTCACGGTACCGCGTGCATGGATGGCATGAATTGTTAAGAGGTCCGTTACGTTCCGTGAACCCTCCTATTAGAGCGTCGAGAAAGGGAGGGGGCTGGGTCGTAACACAGTGTCAAATAGAGCAACTACGTTGCGGCTCAGAAGTGATTGTTTAACCGATCTATATACAATTTTGAGCGGTATGTTCGACTTATGTGCCGCTAATCCAATGGTCAATGCGGAGTAAAACAAAACCTGCAGTATTTTGGTTTAGACAATTTCTATACTACGAGGGCCTACTGCTACTTTTGGCTGTGAATTGGTAC,1991,50.48,Saccharomyces cerevisiae
SEQ_822870,ACCAACTAAGTTTCTCTCACATGTGAGCTAGGTCAACGCGGTAATCGTAATCGCGGAAAGAGTACAGATTCGGTTATGTCATCGGAGCTACATAAAGAACACTTCTTTGTCGCGTTATAGGCCATCGAGAGCATCGTAATCGGTTGGGGATACGATATACTGACTTCGTAACAATAGAGCCAGACTGTTCACTAAACGTGTTATACGTTACTCGGACTGTTCGACAATAATGCAAGCCTATCGTGGCGTTCCGTGTTCTACGTCAAAATCCACTATCATCGAACAGAACAACGTACCGTGATGCTCCGCCGAGTAGACATCCCCAGATCCGTTCGGCCAGTCATAATTTTGTTTTCAAGAACGTGTCGTGGTAGTTCAGGACGAGACGTACACACCGCAATTGTCCCGATTTCAACATTCGATCATGCAGCACCGGCGCCTGCGAGTATGTATATGACGCGGTGACCGGCTAGGAATAATTGTGTAGGGTATCTACAGCTTAAACGCACGATTACAGGATATGAGAGGGCCCTAAATGCGTCGAAGCCCGACGCCTAAACAAAGGCTAGCGGCGGAGGTAACCAATGGGTGTTCTCCGCAGCGAACACGCGTGCAACACGCAGTATCACGGTGTGCGCGGGCATAATAACACTCCTCCCTCAACATATTAGCTTCTCGACTTATGTAGTTCCTCGCGAGCATGACATGCTGTCTAATGGAATCAACCGCTGACTTTCGACGAGTTCACTTGACCCACCCACCTAATGCAAGATCTTCTTCTGTCCGTTTAGTTTTTTGTGTACAAGGTGGGAGGTAGATGAGTCTAGAACCATGCACACCTCGCGCGGGTATCTGAACAGGACCTGGCACGCTCAGTCGTAGGACTAAACGTCATGAGTGACATGTTAAGCTAACAAATTATCAGGCTGGAATGCATGGGGGGACTCTTCTTGTCGAGGGAAACGTGGCGGGAGTCCCTAGTTCGAAACTTTTCATAATAGGTGGGGGCGGGACACTTGGCAACCCTGTAAGTTCCGAACTCTAGCAGATGCACTGAGTTGGTACTTACTACGGATCGTGTGATTTCTTGACTAACATCTCGTTTGCTGTCAAGGTCCTGGGTAGGGGTGGTAAATCGATGTTGGGCGCCGTTTGCCTTCGTAGCAAACCACCCGCTCTAAAGCTTATATCGTCTTCGAGACTTAACACTATCCTGCTCCGCCGAAAAATATTTTTCCGCTTATTCAGTACGTGCCCATAGTACTTGGACGAGTCCTCTTCACGGGTTTCGCGAATTATTCCAGTTGAGATCCGGTGTCCCTCTTATTGCCCACGCTAGTTAGAGACTGACACTATTTAGATTGGCTCTCTTCTCCAGAGACTAACTTAAACGCGATGCAGGACTCGTGGGGAGATAGAGCCGAGCTCGTTATGACGGGGTCTTAGAGGTAGTAACTTCGGCGAGCTAACACGTCAACACCCAAGTTTATTATTAGGTAACCGATAGCGAAACTTACTACTATTCAATGTCTTCATCGTACTGTTTAATGCGGAAATTTTTTCCCCAGAGCATGGAGCATTACGCGATAGAGGCGACTCATCAAGTGCGCATAAAGCCACGCTGCCAACCTACGGGGCCTCCGCTTGTTCAAGGACTCCGGCGACTACGAGGAACCTGATCAGCCACACATTCTGGACATAGGCATAAGCC,1711,48.74,Drosophila melanogaster
SEQ_854374,ACCTGTAAGCTTGGCGAGCAAGCTAACTTGCCGTAACGTTAACTCTCAGAGTCATATGATGCTTCGCATATCTAATTCTATGCACTGTACAGGAGCGTTCAGTAAGTTAGTACTCTATTCGAAGATGTTCCCCCTGAACTTAGACCGTCGGCCCTTTCGACCGGACGCACTACTGACTATGGAATATAACGGAGCATGGTACACTTATTTACCGGCTCCGACCTCGTTACCAAAGCCGCTTTTAAAGCTCGAAAAACAGCATTGCAATAAGACAGGGCACGTATTTCTATGGCCCCTATGCAGCGCCCGTCACCAAATAGTACTGTCCGCAGCGTCTTCTTTAACACAACGTGTACAAGCACTTAATGGCCGCTAATGCGCAACAATACAATTTTAAAATATTGAAACCTTTTTCCAGACAGTAGTGAGAAAATATCTTCCCCACCCGGTGTGATACGATTGACGCCTAACTAGGATCACTAGTCCCTAGCTGAACAGCAAAACTATTTACGGTATGTGTGAGTAATGAAAACAGGTGATGAGCTCAGAAAAGTCAAAGCCTAAGGAACAGATGCTCGTCAGAACCACAAACTCTTCGACTGTCAGGTTTCTTATTCGGAGAAAAAGGAACTCGTACGCGAATCGCTTCCTCACGGCTTAGCATTCTGGTTTACCGTAGTGCTTCGTGGCGGCTAGATACTGGGAGACTACCCCCAGCTAATGGAGAATGGGACTGCTCCCATGCGGCGTTCGTCCCTTGAGCAGGAGACTGAATATTCTGCACATGTTAAACACTCTTTAATCAGCAAACACAGCGGATACTTCCCCGCAACGTAGTTTCAAAAAATTATTAATAGGAGGTGGAGCGACACAAGTCAGTGCAAACTTTCCTTGGCGCCATGACTTAGGCGGCACATTTTTCAAACCCCGAGAGTACCATCTCAGACTGGCGATAGATCCACGCGACTTCGCGGCGACGGGGTAGTTCCTCGCTAGATTATGTGTGCACTAGATGAGAATTACCCTGTGCTGTTCTAACCTTCCGCCCATAGATCCACTGCAACCACTGGTTGTCTGCATCCCGACAGGCCTGATTTGGTTATTGTCCCATGACCCCACAGGCCGCAGCCATAGTTTTTCATGTTGTGAGCTCAGGGAGTGTCCATTCGCGGGAAGAGGTCACAGACGGTGTAGGGCATCCGGCAAGACACTTAGATGACCCCAATCATCGATGAGTGTACAGATATATGTCGTATAGTCAGTTTCGTGTAAAAGCTGGAAGTGACTGGACCTTACAGCCCGTTTTTTTTCAAAAAATCAGAGGACGTTTCATCGACCGAACCTTTACCCGTCTCACCCGCGTTTAAGCAACAGCGTACAAGACAGAGGATACTTTCAGGCCATGTTCACAAAAGGTAGATTGTCGGCTGATGCGGGGTCGGGTTGTATAGACCCACGACCTAGGGCTAAGGACGCGATGTTTGACGTGTATACAATGCGCCCAGCTTAGGTTGGGCAATACCTTCTAACTTCATAACTCAGAAGGCGGGAGGGCTTAACCTGAGACGCCAAAATATACAACCCGGCAACGACAAATAATACGTA,1605,47.66,Caenorhabditis elegans
SEQ_446814,CTGTCGCCCGAGTCATCTACCTGATTAATAACGAACTCCCGGTGTTTCAGGCACATAGTTGATAGAAACGATAGTAGCCGTGCCGGTGACGCGGATCCTTCTCCTCTGAGCCGACCAATCCTCAATCCTTGCATCGATGTCCATACGCCGGCTGAAAGTTTTTAGACGTTGCCCCTTTATGGAACTGAGCCTCCCGGGAGCCATATTATTTCTAAACACGGCATCCCTCTGAGGAACCCTCACAACTAACGTACATAATAGACGTAATGCGAACCTCGAATAAGGGGCTCACTGCACTAGTGCGGTTAATTGGGTTGGGCCGAACTGTGATCGCCGAGGGATAGCTCCTGACCAATAGATAGCCTGCGCCCAAGGCGGCCTCTTCCAGGGGGTAGTCCGGCATTGATACCCGTTTGCAACATTCTGCCCCTGAACACTACGTGCGCAAACATGGATACAGAAAAGATCCTGCGCGCATTATTGGGGTGCCTGTGCTTGCTACGGTCGCCCGCGGAAAGCAAATAGTTTCATTGCCAAATTCGCGCGTACCGCCCCCTAGTACCCCATTTCTTATTCCATGGGTCGCCATATCTGCTAATATACGTACCAACTGATCGAGCCGATATAGGTCTCTAGAGGTGCATTTCCTACAAGTCTTTAGCACAATCGCCTGTATGAGTAAGGACCTAATGTCGACTTTTTCAACGAGTGGCTTCGCGTAGTACAAGCTCACTCTTGGGATTTCATCAGTTGCGTTCTTACTTATGAGATAGAATGGATATACTCGGTCTACGCACTGCGCATTCTCCACTTTGGGCGTCGCAAGCGTAGAGCCCTCCGTTAATTATTCCATTTAAACTTCGAGCTGGCACCAGAGTCGCATAGCAAGATCGCTACACACAATCTAATAGTCTGGAGCGCCTTTCTAAATACTCCCAGGACGTTGCTTTTTCTCTCCCCCGGGCCGCACCATTTAGGGAACCAGTTACACGTGGGTTACAATGAAATCAGCAGGCCCCGGTGAAACCACCATGGTGAAGTTTATCGTGAGTGCATTCGTTCTTGTCGCTGTCCTTGTTAGGACTCCGGATATGAGGTTTACGCTACCTAAGCCGCCTCAGTATAGGGCTACCGCAACCGCGCACCGTGAAACCTCTGGGGTCAGGTTGGGTCCCGTTAAGACAAATGTAAGTTCATCTGGGGTCACCCTTGGAAAGCTCTATTGAAGTAAGACGAATAAACACTAACCGGCCTACTTATCAGTAGCGTATTCCGAGTGCAGGTCTGTTTAGCGGTTACGCACAACAATTGAGTCTTAGACCTTACCGACTGGCGTCGCGACCCCTGGCACACCGCTTTCTAATGAATGGGCCGCGGTCAGCCGCTAAAGCGTGCTCAGTGGAGTCCGAGCCTTAGGGTAAGGAAGCTATTTTGTGCCCGTAATTGCTCAGGTAGACACCTGCCCCGTTTGTCTGCTTGAGCATATTCCACTAAAGCTCAATCTAGAAGGTGAGAGGTGTTTGCTTCTGAACAGGGTTTGTGGCCTACATTGGCTCACGCCGATCTCCCTTTTCGGACTGGCGCATTTCAGCTTACATCGCCGAGGACCGGCTGTGCTATCCCCAACCAGGTTAAGAACGCGGCATCACCGTGCCCTCATCATGCAGCCCTAGGAATGTTTGACACACTCGGCTCACCGGTACGACCGTCTGCCCCACCATTACCCACCGATCTCGTCTTAGGGAACCAGGTGCACCATGCAGGATCGCTTGCTAAGTGTAAGGTTTACGGTCCGTTGACAAATTT,1806,51.22,Escherichia coli
SEQ_400571,TGCATTACTGTGTAAATAAGCTCTCAAGTCGTGTCTATTCAGACGTCCGGATACGACGGCGGAGTCACAGACATGTTGGTGTCCCCAGAGAAGGGTTCTACGACCTTCTGAACCAGTAGTGTCTCTGGTAAATCAGGGTGTGCATTGGGGGGGCCTTCGTGGGTATTGCACTGCCAAGAAGTTGTGTCTGTCGTTGATGTACTGAACGATGGACCGTGTGTCATTTCCATTATTCTGGGGCATAACGGTTCCAGGAGGAGCGCCCTCATGAAAACCATTCCATCGGTACAAAGCGAGGTGAATGCTGCGCGAATACAGTATGTGCTCGAAAGGACTGATCAAACAGACCTAATTGCCCATCCTCGTAACTTGGTGGCTCTGAATAAAGCTGGGTCCGTCCTCGCATCACCCGGCGAATAGTCGTTTACCCAGCGAACATCCTCGTTGTGAAAAGCTAGAAAATTGTTAATTCTTAGGCCCCGTTAACTTTGCTTACCGAGAGGACTCGTACACTTGAATGGGGCATCCGGTGAATCAGTACCGGAGAGCTGGACTTCTCAGAGACGGTTATGTTTTGCGCCCTCTTGCGGAGACGGAGTGTTCGAGCCGCGTTTTATGACTTAAGCGGTTCATACGATTTAACCGTGAAACAAGGTCAGCAAGATCACTATAGCGCGGGCGAGGTGGGGTCCAAGCCTTCGCCTAGGTATCCGGCTTGTTATCTGTGTGTATGATTCATCTAACTCCAGCCCGTTGCACAAGTCTTCATTCTGGAGGATGAGCCTGTCGAGGGAAGTAGTCGGCAGAGGCACCGCTTTTTCCATCTCCTCGATCATCACACAGAGACATATAGAGCACGATTGCTTTCCAGTAGATATTACTGGTAGATGCCAGGGGAAGACGTTGTTAGTGCCTGATGGGTTGCATCTTCCGACTCGTTCCATGCCGCAATCCCAGACTTCGGTGGTCATAGGTGGCCAGACATAACATTATGTGTTGCATAAGGCGATTAGATGTAGAGCCAGGGACGCCCGACCATCGACGGGTAAGAAATCTGAGTCAGTTGG,1067,50.33,Homo sapiens
SEQ_360169,CTATCAAGTTCATCTACCCTCCAAACGAAGCTGTCGATTACTGTGGTAGCTGTAAAACCTCAGAGTCGAAATATCACCCCTAGCCTATCACAAAGCGTGACCATTCAGTGAGCATTACAGTATATTCGACTAATCAGCGGCGCCAGGCGGACTTCTATGGGAACTCGTCATATCAAATAGCCTAATTCTACACAACACTGTGGGAGGTTGAAGGGGATTCTCAGTGTATGCTTGAAGAAACCCTACGTCATGTTGACTACGCATAGCCATCATGTGGCTGGTTGGTTTAGAACTGTTCGCCCGTTACTTCGCTATGTGCCCGCAAACGAAAATTGACCAATCCCTATACTTTTAAGGATGGTGTTCCGGGTCACACGCAAAAACATATTCCTGCTATAAGGTTGACAAAAAAGGCTACCGTAATTGGCAATGGTCTATCCATTAGCTGAGTAGCAGCCGCTCGACCAACTGTTGAATCGTACCTCACTGAGGGGAAGTGACGCACCCGGATCGTAATCACATGTGCGTGTCTGAAGCATCAGGATCTATAAGAAAGTCATCCTGGGAAATCTCCTAGAACGCAGCTATTAGTACGTTGTCGTACACGCGGGAGTGGTCAACTGCAGCCGGGTCCGAACGTACATGCACATGCGCGCTGACTTGCCATCCGACCGCGCTAAGGCATCGAACGATTACGATTCAACCCGTCTTTTAACCGTCCTGAAGATCCTGAGACGGGAGTTACCGAAATGGTTTGGGACCCGAAGACAGTGCCTACGCTAGAGGATCGGACCGCACCAACCCGAAAGAATCCTATCCTTGTGAAGGGGACGACTCGGGACCGAATGGAGTACTCCCCCTTACTCGACCTGGTCAGAACTGACGGAAATGTATTTCACAAAGGTGTTCATTCGACTCGGGCTTCTCAACAGCGTGAACACGACGCTCGCTACTCGAAAGTCCAGATATATCAAATGTAAATAACTTACAATTGCACTGTCAATCCACTATACTTTTTTTGGGTCTTTTGTCTTAGAAGTCTTAAAAATATCAAGCCCAGATGTTGGATATCGAGTGCCTATTTGAAGTATCTGCGTCACGGACGACCAGTCACGACCCTATTTTGTGCCCGGATGCCCCTGCCCGGCGACTCTGATGCGCTCAGTGCTCGAGATCAGTAGAAGCGTTCGATTCCACCCCATCCGCCTGGACTCGCACGACTATGCGGGGCTGCTTTGCAACCGCTAAGGGGTCAGCCCCCGACCGACGAGTGGTAAGAGCCGTCGGGTGCATGCTTGCCGGACTGCTGGATTTAGCGTTAGTCAATAACATGTAAGGTTCGTCATACCGTCAGACAACACGCTCCACAGAGTTCTCGTTACCTTCAACGTACCTAGTGCAACTAGAGTGGCGGGCGAGAAATCTACGATGACGTATTCCTGAATGAATCAAGCTATACAAAGGAGTTCGAAGGCCCTGGCAGGAGAGACTGCTTATCGATGAACCCAGTACCCGGGAATAAAGCGGATGCGGCCCTCATCTGAATAGAGCACATCCGAGGCCAGATTCAGGAGTAGACTACAGCAGTTTCACATTCCCTGCGTGTCCACGGGAAACACCTAGGATTTACTGCCAGGGCGCGAGGATCCAATGGTACAGGCTTGAAAACGTTCACAGACTACTTCTACGATCAAATCAACGTACATGAATTTAATCTGGACGCGCGGACTAGTTCCAGGCCCATACGTTCTTGTAGGGAGGGCAAACGAATTACCAATATGGTAGAACAGCCTAACGGTTACGACCAACCCTGTACCTGGAATACCGACCGCCCAAAGATCTATTATACGTTCTTATTTGCA,1862,49.41,Escherichia coli
SEQ_193235,CGCGAAGTGGGTAGTGCATCCAAATCTCGGCGGGGGCTCATGCCCAGTAATCTGCATATCTACGCCCTCTTCGTAGCGAGTAGCGCACGTTTCGTGGTGTAACATTAGCAAAATAGTCGGTTCGCTAGTTGCGTATATTGACCTATCACTGACCTACCGGTTAATTCAGACCGCTCCCTCTAGAATGAAGAAGGAAGTTGCACACCAAGTCCACACCTGTCTGTGGTCCAGGTGCCAACCGACGGTACGTAGTGAGCAGATCTGTCCATTTCAGATACGCCGGCGGGGCTGGCGTCGCCGTGAACAGTTTCTAGGGCCTCCGATTGGATCTCAGGGAGGGAGAAAAAACTACCTGGCCCTGTCATAATATACCAGTGAAAGATAGCCACCTCTAACCCCTAATCGTCGCTAGCACATTGCGCGCCTTTCTAACACCACCCTGGGAGAGCTGATTATTTAAGTTATATCCGACTGTAGTGCCAACCCCTTCGCGCCGATTCACGTCAGCTTTAACCGCTTGAGTAAATATTTAGGGGTAGGCAACTTTACCACGTCCCGGACATACTGCGTGAAGGTTTTATCCTTGATTGGCCAGTATCGGGGGCCCAGTCCGTAATCCGGTAAGTTTTTGTCCTACGTCCGCTGCACTTGATATGATAAATTCCACGGCTAACTGCCAGTTATGAGGGGCTATGCACACTAATGTGATGACTAGGAGTCTCTCATGATGTGCGATCGATCGACAATTCGGGCATTCGTTCGTTCGACACTCGATACAAAAGGTAATACAATGCGGAATCCTTGCCAAGCAGGAGCAATGGTACGGCAGATACGGGAGTTGCAGGAGTAGCTTATATGGCCATCGCTATCGCGCGTCAGGCCAGTCATGCATATTACGAGAACCTTCGTATACGCACTACGGAAGTTGGCGTCCTACAATCTTGCTCACACATATCAGTCCTCAATGGGTTCTCAACTGGTCGACAAAGGGTTAGACAGAATCTAGGGCTAGGGGCGGAGCACGCCGTAAACGTTGAGAACTCCTATGCCCATCCGGCAAGCCGATTTTTCATAAAGTACTTCCAGGGACCTTGGGCCGATAATGGGCCTGTGGACAGGTCTTCGGATCATTGGTCATACCGTACGACCAACGTGCAAGGCGGGTGCGGGCCTGGCCACTATCGAGAGTACGGAGCAATGAGGTCCAGAATTTATTACGCTACAGTATAAAACCCTCTCGTGGTTCGAATGGGGCGCGACCACTGGTTTTTGAAAGAAGTGAAAATTGGTGACGTCGTGAACACGCGCGCGCTCCTGTAAAGATACGTCTCCCTTTGCGACAAACGAGAGTTGTTTCTTCAGTTTCACTAGATCTGGATGCATGACACGGGAGATGAGAGGAACATTCTATTCACCGGCGACGTCACCGCTCCGGCCTAGCTGACGTGCTCGATGGAGTCGTTTAGACTAGCAAATCTCTGGCTCGCTCTAAATCTCGGGGATCATCAATGCATGAACTTGTATCGCAGCACCGGGAGGTCTGAATCGACGGAAATTGGGCAGACCGTGGAATTGATATGCACCGTATAAAAAACCGGAGAACCTAGCCCGAACTCGGAAGATGAAGATCTTCTGCTTCCAGCGAATTGGGTCCCTGCGCGTGTCCTGATCATAAGTGCTCCAGGCTTCGTTGCGACCAAGTGACTTGCACACTAACTCGCACCATTTCCCGCCGTGGGTCACTTCAAGTTCTGGTTACCAAGGTTGGGTTCACAAGTAGCAGTTTGAAACACCAGTTTTGGGCTGGCGCTGATGACACGAGCCGTTTTATACTCGATCGTGATACATAGCCCAGCGCGTCTCAGATTTCCCTCTCG,1877,51.09,Homo sapiens
SEQ_231208,AGGGCTGCAACATGTCTTTGTTTAATCTTTCTTTAACCACTAACAGAGGTAAGTCACTATTCCCCACAATGGTCCACCTGTTCTGTCCACAGTAAAAGAATAGGACGGTGACCAAACTGTTCTTCATCACACCCCTGGCTGAGGATCAGGTCGTGTCCCGGAATCAGTCACGTGTCGGGGTGATATATTCTCTAGACTGTAAAATGAACGGAACTCACAGGGCGTTTCAGAGTGCTCGACACCATAAGCGTTCCACGGGTCTGCAGCAGTTACATCTGGCTACAGAGCGAACGGGTGTTCCTAGGTCGCATTCATCGTTTATTGGACTCCTGGGATGAAAGCCACTTGAGAGGCACAACGTACCGTTCCAAACTTTGGCGGAGGGAACCACTTTGCTAGCTACAAAACTATTAGTTATGAATCCTTCATTAATCTAGTTCAAATCAGAATGGTTTTCCCCCTCCTACAGTCGCGGAATTGGCCAAATTGAGGAACTTGTCC,501,47.11,Drosophila melanogaster
SEQ_695974,CCTGTGTCTCGGCTGGAAGCGAGTTCAAGGTCCCGACATAGCCAATCTCCAGGGGAGACCGTAATCGGTACAAACGGGCACAAAAGTATACAGTTACGCTGACGAGTTGGCGGCGTTGGACGCAAGAACAGGTGATGAATGCGAAAATATCTGGAGTAATATGCGCGGAGTGAGCCCAACGAGCAAGGGAAAGCTAGACTTGGGCCTTTGGCACCCCGGATTAATTTTCCGTGGTCTCCCCCATGTCAGACTCATAATGCCGTATGGCTGTGAAGCGGACTCACCTCGTCTAGGTTGTACCAGTCTGAGCGTGAGGGAAGCTTATATGATTCTGTTATAGGCTCGAACTGGCTCTTATCTACGCTTGAGGCTTGTATACGATGAGGCGTCGGTATTCGAATAATACCCGTATAATACTTTGATACTCTTTATGCTACCAATACCGTTGACAGTAGCCTTAGGCCATGATTCTCAAATGACCGGGGAGCTGCGCTTAAGTAATACAATGCCGGGTAGACATTAACATAGATATGGCGTGACACTTGTGCTCCGGCCGGATATCCGAGCGCTGCCATCAGGAAGCCGCAACAGTGTCCGCGATAAAGCAAAAAAATGGTGTTGGGCAACCCGGTTTCCAAAAGCAACCCCTGAAGACGCTGATTATAAGTAACCCTACGTCCAAAAGTTTCTTCCCCATCTTACTGGCCTTGTGCTAGGCAGACTTAGCGCCGCGCTAGTTCGCATACTACCCAATGTGCTCATTATTCTCCAGCTCAATGCTTAGGCCGGTACGTGGCCCCAGTCATGTTCCCTGAGCAGGCTCGGCTTACGCGATTAAATTATCTAGTCGTGTGTGCATATACAGGCAATGTGATAGTCAAACGCGAAGCTTTCTAGTAGCAACAAACCAAATTAAACTA,920,49.13,Caenorhabditis elegans
SEQ_270456,GCCTTCACTAGGGGGGGGAGTAAGCTAAAAAAGGGATGGGTTACTACTATCCCACGTAGTGTCGGGCTTCGATTGCGTCGCGCCGTGTCCAAGAGCAGACATGTGGGGAACCTGTCGCGTCCTGCCATACTGTGTCGGTGAGGACCTTGAAACAGGAATGTGCGAGGTGGCAACTACCCCGTGGCCGATTCATACATAACTCTCAGACGAGACTTTAGTACTCGTCGCCGCAAGCTCTGCTGTTTCGGGTGGTCAGGCCGCGCATTGAAGCTTACGGCGATTGGAAAGTGGGACAGAATGATGTAAAGATAATGCGGAGCAGAGATAAAGTACAAAACCACATAACTCCCTTTGCATACGAATTGTTGAGTAACACGTCCGTAATGCTTAACATTGGGGACCCGCTGTCTTAGATCTTAGTTGTCGATAACTATGGGCGCGATATTAGTTAAGCTCGTTACTACAGATGACACTAACAACGCAACGGGCTGTTATCAATCGATGGTCAGCCGTCTGCGATACAGCTTCATCACGCTGGCTTCCCTTGTTTCGGTACTGTTGTCGGAATGCGCCTTCTCGAAGCCAATGCGAAATTCTCCCTTCGTCACCGTATACTGTACATCACGTGGATAATCCATAGGCCCAAAACGGGCATGAGACCTTCATTTACCGTCGCAAGTACAAGGAGTCTTGGGTCTTGGATTCTTAGCAGCGTCTTGTCCGTACGGCTTTATAATTTGAAGTTGGTGTTTACGGGGTAGCATCTGCAGCATTAGCCGGAGACGGTTTCAAATGGAGCCTCTGTTTGCCCTTCTATATCGGACGTCAGAGCTTCCTCCTTTGACCCCGTTGAGAGGTGAAGGGTGTGACTCGTGCTAAGCGATCATGTACTTGTAGGATTGGGTAGCCATTTCTCTTTCTCGTAGCCGCACGGTAAAACTCACTTGACTTAAGTGGGATTCTTCGTCACTTGGTCAGTCGAGAAGCGGACTGACCGACCCTTACAAATGCGGCCGTGAAAAACATAGATTTTTAAGTGTAATCATCCCGCACCATGGGTCAACCGACTCATTATCATTATCTTGCAGAACCTGGCAACTTTTACGCGGCTTGGGTTCGCGTGAATCTCTCTGTTTCCCATACGGTATAATTCTATTTACGCTGTTACCGCTGGTATAAAAGTTAGTCCAGAAAATGCGACGGACCTCAGAGACCCAACCGCAGTTTGGTTACGAAACAGCGCGGTTCGCGATCTAGGTTCATAGACTATTCTACAATACGTAGTGATCAGGAAGATAGCTTCCACAAGTATGGTTCCTACTAATGCGGTCGAGGAGAGAGGTGCGTTAATAGCCGACTGCGTCTGTGTAGCAGAGCCGAAATGCCAGGGCAACCGGCGCTTACTCACCTGAAGGAAAACAGACCCACGACGCAACGT,1438,49.3,Arabidopsis thaliana
SEQ_667019,TCGTTTCAATAGTGAGTTCGTAATCTCGGCTTGGCTCCGTTGCAGCACTGCGCCTTTGTGCATTGAATATCATTTGCCACTTTTTTGTCATTGTCTCCCGTTCTCAATGGGGCACCGAAGTCCTTTCTTCGCCACGCACAGGTGTTCGACAGGTATCCTGAGAGGCATCGTGTAGGGATGGTCCAATAGAATGATCTGTTGCTGTGAGCAGCCCCCAGTCCCAAAACGTTGACGCTAACGTATCTCAAGCCCGATACAGTAAACTGCTGTAGGATTGGGCTGCAAAGTGCAGTCCACGGACTTTATCGATCTAGTTGGAGGAAATAAGCCACGTAAGCTTTCGATTAGGAAGGGAGGCGATTTTGGAAATGTGTATCTGGCGAATTGGTAGCGACTTCAAGTTGTTTGCTATCATACACACACCAGACCTCTGAGAGCATTGCTTAGACTAGCACGTATATAGCGAAACCAAGGCCCTGCCACAATTTCCTATTATACGGTCCAGAGTGGTTCCTGTTTGTCCAAAGGTTGCATGGAAATCTTATCATTTTTCAGATCTACGGATCGGGAACGCGCGAGCAGTT,584,47.6,Arabidopsis thaliana
SEQ_209065,TTCGGCTGTTTTGTCTTTATTGAGGACACTGAATCTGCCGGTCTTACTGCGCTGACGTTTAAAATGCCTCTAAATGCCGTAGCAATGTTGGTCTTTATAAAGGATAGCAACGATCAACTTGTGCCGGATGAGAGTTGAGGCAGATGGGTGCAACTAGTAATCCGGGGCGAAAGATCCATCGTAGCGGGCGGACGGTTTCGAAAGTCTCCCGACTCAGAGTAGTCCAACGTCTCCATACGAACGGAGCCTAATCAAGCTCAGCAGCAGGGGAATGTACCCGAACTTTCTTGAAGCACATAAGGTTTCCTGGACGGAGAGACAACTTATGTCCCTACACTGAAGATAACAGCGCGCTGATTTGCAAAACAGCTCGAGAGATCTGGCCGCAGAGGACCGAATTGTCGTATCTAGACTTGGAATGCTGGAGCGAAAGTTTAGGGGCACGACTGTGCAAACTCAGGATTCAACGCCACTGTCAAAGCCCTACATGCCGATCGTGCAGCATGTGTTCTGAACCCGGAGGTGAACGCACAATGTGCTTATGCGAACTTACGCCGTCGCTTGTTTATAGAAAAATGCCACAAAGACCTGATGCGGCGTGCGGGAGAGTTCCAGCGACGTCGAGCTGATTAGGAATTAATGCAATCTTCGTCGCGTACGGGACTTGCATTACCCTCCGCCTATCATCGATTAGCGTATGGTTGGTCTTTATGCCACAGAGAGTTACACGGAATACCAAGTTCTAGTGTACATAAAATATTATTATTCTGCCCGGGCTTGAGGCCCCCGGCATTTGTGCCGAAGTCCGCGCGCCCAATGTCCGAGGAGAGCGCTTTCATTAGGCGCCCAATTTTTCGCATATAGCTATCCGTGAGCGAGACATGCTCCATACTCGCTACGAAAGAGCGGACAGTGCTTGTGGACACGTGTCGGAAGGAATCGGCCCCGCAAGCTGTTATAAGCTGCCACTTAAACACCAAATTGACAATGATACCGGGCAAACTACTTCTCTCGGAATGGTGCTAGCATCCATGTATCTCGCGAATTAAGGTTCCTATTGGTTCCGCATCGTCTCAAGATCCCTTGTCTCCCCCATGCCTGGTCCGTTTTGGCGCTTGCTGTCCCCGAGGGACCTGAGAGACTATCATGCCGCTTACGGTCGCTAACTAACATGGTATTGTAATGGGCGGCGGCTCCTTCCGTGACCTAACATGCGTGCACGGCTACGAAGACGGATGTATAGCCTGACGTCCGTCAACCTACAGTGTTGGGACAGGGACCTACCCTCAGAACGGACGCGGAAATGATGTTTCTCGGACGTGCCA,1325,51.17,Escherichia coli
SEQ_123884,GAGGCCACCATCCGATCTGGCATAGCTCGGTAACACGCATAGATTGCTGTCGGGGAGGTGAGTCTCCGCGTGGGGATGGCAGGGCATAAAATGTCGTTGCCGAGGATTGAGTGAGCTGTGCCCGCGCAATAAACTATAGTCGCCCTGAGATTAGGCGTAACATGGGAACGGCCCCCACCAAGTACTACACGTCTGTAGCTCGCTTCTTGCAGTTAGCTTCCTGAAATCAGCGGCCAAGATCATGTGCCGACTGATACTAAATTTCAGTTAACGACTGTCCATTGTGTCATGGTGACATGTTAGGCACGCCATGCACGTGAACTACACGTTCGAAAGGTCCTGGGGATTGATGAGTCGTTCCGTAGTCGCTACTATCCAATTGTTTCCTCCACTTTATGGCGAAAAGTCATCCGTACATTTATGGTGCAACGAGTGGCAGATGCTACAGTCAGTTGTGCCCCACACAAGTTACGTTTAACACATTGCGATCCATTATTAAATTCCCAGTACGACATGGACCTCGCGTCCCGATTAAACACGCGGTTTCACCCGGTCCGTAAACAGACGTGTATAAAAGTGTCTTCGCGATAGTCAGAGACGCATAGTAGTACCTTCACGCGCGGAGTTAATTGGTAGCGTTGGGAATGTTCAGGGGAATTGAATAGGCGACTCTAGCAGCCAGCTAAGTCTCGCTTATCTTACAGGCAGCTGGGCGTAGAAAGAAGTATACTGGATAGCAGGGCTTTTATACCGCCTGTGGAGACTGCGATGGTAGCTGATTGTAAATCTGGTGTGCGTCAGAGACCGCTGTGTTATGTACCTTTGATCTCCTTTGGTCCTGAGTTTGTCTAGCTCATCGGCATTCTTATCCTGTGATAAACGGCAGAACTGTCAATTAGCCGGCGTGTGGTACGGTCAGTCGGGCCTTATACCCACTACGCCTAGGAAATCAACGACCCTAGATATATCGCCAGATGAGTAGGGTACATTCTTTGAGAGCCAACCTAAAAGAAATAGATGCGCACGTGGTGTCCCTCAGCATGAGGCTGAGTTGGGGTTACGAGACGCACGACCTTACTGATAAGACGCTCACTGCTTGGACTCTGTGTGGAGCTCCTAGCATGACATTGTCTAGAGCTGACGAGTGCCGCGGCAATTTGAGCAGCCGGAAGGAGGGTGCTAACGCTCCCGAGCCTCTGCTTATCGTGGTACGCTTACAATGCTTCGGCATGCATTCCACACCGCTCAGGTGCCACCGAGTGACCCAGTGGGGCTCAATTACATGCCTCTGCTCGATTAGCCCAGTTATATGGGGTAAGCCTCACTCTTGTTTACTTGACCAACGCAGTCACATGAAAGGAAGCCTGGTCCCCAGGTTTGGACCCACGGTGGAAGATCGACAGTGACACATTTTGGCTTATATGGGGTGTTTGATATGTGCACCACATCGTAT,1453,50.58,Escherichia coli
SEQ_783345,ACAGAGCACCCCGGCAGATCTTTGAAGCTACATCAAACTGGCTAGACGTGCTCCGTCTTAGAGACGTATCTCTCGCGTGTTGATGGTACTAGATCTGCAACCCCCAAAAACGTGTGTGCTCGGTCGGGCTGTCAGGAGAGCGAACGCTCTAGAGAATCAGGGTCAAGAGTTAGCTTATGTAATCGGCCTAGCAATTCTGATACGGTCATCAGAAATAC,218,50.0,Mus musculus
SEQ_984427,ATGACCTAGTATTATCTCAGACTGTGTCACCGCGGGTAGGAGTATTGATACTGTGAGAGGTCGGGCCGCACATTACTCCTTTATTATAGGCTTGGACTTTACCCCGCGGCTATAATCCGAAGATCCCGCGAAATGTAATCCTCGTCGGTTAGCGACATGGCACCGCCCACCTAGGTGTGTTAAATCGAGGAATTCGTTCGTTCAATTACCCAAAGACATCGCTACTTATTTTGTTCCAAACGGACCTCTAGGAGTAAATCGCGCGATTTTTCTCTTATCGGATCGAAGGGAAATGAAGGATCTGCAAAGATAACGATGTTTGTAATTCGCCGAACTTCCATCTATAAACCAGAGATAACACGGTCACTGTAACCACGCTGGATAG,385,45.97,Arabidopsis thaliana
SEQ_365182,AGGGTGGAGTTTTCGTAATGTAAAACTAGCCAACAGCTGCCTCTCTAGCCCAAAACTCCGTGGGACACAGATATATTGGGGTGGAGTACTTTGAGGTCGATGCTCGCCGCACACTCCAGCCAGCCCCTACAAATTGGAGCTTACAGTGGCCGCGTCATCGTGAGCACCCCGCCCTACCGGGTTGGCCAACCTGCACTTAAGCTCAACGTGCACGTTTATCCAACCCTCCCACACTTAAGTTCTTTTATAATACCGACCAGTCCCGGTAGATCCGATCTATGACCGCACTATCCCAGGTAGATGGGGATGTCCTGAGAATACTTTTGATGAGGCCTCTGCCCGACCCCCTAGTGTCGGGAGTTCCACCTGTAGGCGTCGGGATCATATACAGCGTGTGGTAAATCACAGAGTCATGATTACCATATTGTTTTCCAGATACGGGGTATCTGTTGCGGTGGGTTGGAAATTTTTCCGTTATCATGTTGGCTAATGCTTTTACCCACTCTCAGATCAACCCTGGGGGAATGGCAATTTCCGGGATCATGTTGGCGCGCCGGTTGACATTAGCGTTTATCTATCACCGACCTTCGTATAATAGAGGTAGTAATTACGATTCAACAGAACAGGGCTCCTTAGGCTTGGTCCATCTGTAATCGCTACACTCTATCGGCTGCGCACGGTCTCTGGTGGACCAGTATAAGCACGAGTTGAATGACGGAGTTCTCTATGTAGCAGTCCCCTGCCCGGTACTTCCGGGCCAAGGGATGGAGTGCTAAGGTGAGAAAGTCCACGGCCTGGCTAAACGGAAGGAAGATGAGATGATCTTAATCCCCATATTTAAGAAGTCGCTTAGGTACCTTCCGGACTTTGGGTCTACTGAACCCCGAGCGCGCTGACTCGCATACTACAAGCACTACCTAACGATGGCCGCAGTGGGAATACGGTTGGACCGCAGAATTTAGCTGCATTATAATGCCGAGTTTCGACGAACCACGAACCGATCGCACGTTCTGTTGACTGACCATACGGTTTCATATATGATCAAACGATGGTGCACACTTGTATTAATACCTCACAAAAAGAACTACGTCCTACCGCCCGCTTCCAACCGCTTCATCGTAAAGTTGAACAATGAATCCTTCGGGACTGGGAGTATCTATATAAATGAGTGTCATAACTGCCGATGCGCTCAGACGTGATGGGAATCCCTGTACAGAGCGTTTGGGGGCCTCAGTGACATGGTCCGTGTGACCAGCAAGCATAAAAGGCAAACTAATTATTTCCGTTATCGCATTCATTGAAGACATAACGGGTTAATTGGACCTGCCAGCTGTTGTCCTAGGTAAGCCCGAAGATGAAGATAACATTTACCCGACTTTGTGGATAACTCTTATTTGCGTAACTTCGCTGCAAATAAATTGCTACTAAACGAAGCAATTTTGGTGAGACTACGCGTTGTGGGGAGGTGGGTCGGTTTCATTAT,1483,48.89,Arabidopsis thaliana
SEQ_972083,CGGATAAGCCTCATCTAATCACGTAGCGGAACCGAACACACGATTAACATACGTGGTAGATTCATAGGCAATCCCAGACCTGTTGCCGCGTTGAAGATACTGGAGCTGTTAGTGTTCGATGGCGCTGAGCATTGTGATTTTTGAATCACTGATATTATCTCGAAGCGCTTATCCGATGCACGTGCACTATGGCCATGCACCATGGATGAAGCGTGCTAGGCTCCGTAATATAGGTACTCTGAATAGACGGCTTGACAAAATCCCAAAGTCCTAGGCGATAAATTCGCTCAACCGATCCATTTTCCCTTAGTACGGCGCCGACTGAGGAGGCGAAGCGGATCGCGCACCTCTTATTGCCGTGGACTGAAAGCAGGGTCGGTACCACATGAGATTAAGGGTAATGCCGATTCGCCAAACGTAAGACAGACTAGTACTTATACCGAGCAAAAGGTAGTCATCAACATACCTAATCGCTTAAAAGGATGTTCGTGGCCTCTTTGCACTGTACTAGGTTAGACCAAAATTTATGTTTTGGCATGGCGAGACAGAAGTATACTTTGCATCCAACGTAAAGATGACTAGCAAGAACAGTGAATCCAGATCCCAGCCGTATTGAGTTTGGATCGCTGTTTCTACCAATATCTCCCGGTGACATCCTCGGCGTCGCATGAAACGCGCTGGCGTACTGGGAAGCCTCACCGTCTCCGCTATCTACTACTGCAGAAGAGTGGATGAATTTGCGTCTTCGCGCAGTAGAATGGAGTCCGATCGATGGAGGGTGCACTTCTATGTACGTTGCTAGTTTGGCGGCTACACTCACCGAGACCAGGGGCCGTTAGATTCTTCAATCAATACTGAGATTCCTGCCTTCTACTAGTTTTATACGAGTGAACATTAGAATACTCCCCTGATTAACTCAATCCTTAACGCGCGTAAGGCGTCGGGGAACGAGGTTGACTACGTACTCCCTACTCGGTTCCTTCGTACGGGCACGAATCCGTTGCCATGGCAACAGGTGCCTCTTCAGCTCTTAACTACTTTCCAGGGCCGCTTGGTGGGTGTTGACAGATCTGCAAGACAGATAGGGAGCTGAAACTTTTAACGCTATATGCTGCACCATATCAAGATTTGTCCCACTCTACGAGTGTGATCTGCCCTCAGGCCAGGATGTTGGCCGCAGGAAAGCTGGGCGGACGTCCAACGTCTCTTATGCACACATTGACTCGCAGGTGGGATTGTCGTCGTCAGGAGTCAATCCGCCCTAACCTACCGGACTCCCCGAGCAGTGATGACCTAATTGGTTCAGTCCGTGAATCCCTTCAGGATACGGCGGATTGTAAGATCGGGATCCGTGCGTAGGAGCCTGTGTTGTAGGCGTAATTAGAGCAACTCTAAATAATCAACTGCCCGTCACTGGCGGGAATGGATCAATTCCGCCGAGCGTAATCACATGCGACTCATAAATTGACTAAATC,1475,49.42,Saccharomyces cerevisiae
SEQ_760415,AAACTTATGTCGCCCCTCACAGTACTTAGGAGATCCTGCCACCACCGAACTATTTTATGAGACACGGCGCAAGTGGGCACTTGCGCTATCTGGAAGCAGTTACCGCCGAATTGCAGTCTGATACCAACCCGAAGTCAACTGTGTGCTCGGGGGCTCCTTAAGACTCGTTGGGGCAAAGCGTTAGGCACAGATCACAGCGAGCTACTGGGGTAACGAACATATTCTATCGTCGTGATTACCCTCAGTGCGCGCCCGAAGGTTAGGAGTGGTGAGGAAGCGTAACAAGCCCATTTTTGGCCAATAGCGATTTTCAGACTCCTTTAATAAACAACCTTTCTCGTGAACTTACCTCGCATTGTTCTTATAGGACTAACAGATTGCCCCGGTTATCTTTTTCACGCGCTAACCGGAGCTTGGCTTGTTCGTACCTGCTGCGATAGTGCGTCTCCCACCATAGTGCTCAGGCGTCCCCT,473,50.95,Caenorhabditis elegans
SEQ_503390,ATCAGTGTATTCAGTCCCGTAGGTGCTACAGGTCGGATGATCTAAACAGCGTTATAAGTAGACAGCTAACTTTGTGCGCCAGGTCTGCGTGCAAAGGAGGGCTGCAGGAGCCCGGACGGGCAGCTTGTCAGCCTTATGCCTTTGTGACGCGATAGCGCGTAGAGTCAAGTCGTTGGTTTACCCCTAAAGTCACCATGGGCCAATTTGAACTATTTCCATTATCAGGTCTATTCTAGGAGTGGTTCACAGGTATCAGAGTTTTGTAAGATTTTATCATATTCCGGTGGCGTGGCTCGCCTCGTGATTCGTCTCCCAAAGAGTCAATCAACCTGCGTGATAGTAAGGCTGACATGTCAGGGCGATATGAAATTACAAAGCGCGAAAGCTCGACTGTCGAACCGGGCTTTGGAGAGCTATCGAGTCCAGCAGTTCGGGATCAGCCGCTACATCAGATACTGTACGGAAAGTACGCTAGTTTATCACTCTTAACGGCGGACCCGAACATGCTTGGACCTCCGCATAGAGCATCATATCTTATAAGTTTTTCTCTTTCCGGTGTCGCAGTTCATGGTGCCTAGGCCGCTGTACTATGCTGGAGATTTCATTAGGGTAACGAATGCGAGATCAGACGGAGGCCATACTATAAGTCTCTTCTAGCACCGAGCAGGTGGCTCTCGCTCGCGACTATATGTTTGAGGTCGACTGCGAGCTTTCTATCAAGCCTAGATTTCCTTGCCGGGAGAACCACACGAAATCTCAGCGGTAAACACGCGCCGAGGGCTAACACTAGGCTGTAATTCAATAAGAGGCACCTCTCCACATTTAGGTTGCATGCAAATATTATAGACTTAGCCATGATCCTGATTTCCGTCCTGAGAATCCGTACCATGAAGCTGGGGATTCCAACTAGATTACGTATAGTTACCAGTCTCGTTGCTAGAGAAGACTTTGTGGTCTAGTTCTAAGTTTTTCTCACATTCGACAAAGCTTTATACAAGGGACTCATTGGACGTGTGGCGATCATCGGGCCCCTGTACTTCTAGCCCCTAGACCCAACGTGTTATCTGTTGTCTCTACAAAAGAGGTGTAGTCGTGATGCTTTAACCGACCCAACGGATAGCGTTAATGGTCTGCTTGGGCGAATTCGCCGTCGGTTAGAAATAAAAACTGATTAGATTGACTAGAATATCATCTCACTTGTCACGATGGATGACGGATTGACGGAAGGTGCTTTGTTGCCGCCAGGCCCGAATGGCTTGGGGGTTTAACGGAAAACCAAGACGGCGAGAGCACCGCCAGTGAGCCTGACGTGTTATAGATGCTTCTTTATTCTAGAGGTCCCACGCCTACCGACGGCCTTCCGTCTTCGGGTTGCCTACTATTCCCGATCTATAACGACCGACCTGGGACGGTGCTTATCCATACATACGTTCTCACCACCATACAAATGCAGGTACAATCCCTCGATAAAGGATTTGCAAAGACGTCCCAGTGAAACAAAAGCTGCTAACAACCGCCGGATTTTGTGATCAACTAACAGCTGGCGATCATAAATTCGGGTACGCTACGGCCAGCCGACGGCACAACAGGAA,1592,48.81,Mus musculus
SEQ_644770,GGGGGGGAGGGGCCAGTCAGTATATAGGAGCCCGCGCAACGCATGTACTTTTAAACGGTTTCCGAACCGAGGAACTCAAGGAGCTCATCAGCCCGTGGATACTCGCCTGAGTAGAAAAAGTGTAACACCTCGCTTAAAGGTCGGTCTGGATATGCTAGCGTCTATGTCACGTCCAGCGGCCTTATAGCCCAACATAGCATGGTCGTCCCTTGGCGGAATGTCCGGACCCTGCCCGGTGATGTTCACGGTAAGTAATAACGTTCTTCTCCGGAAGGTATGAAAGCCTCGGGACAACATGACGTGCGGAGCGACACGATTTTGATTTTTCCCAACACAACATGACGTAGTAAGTACTTAGCGTAGCACAGGATCGTAGGGCACGCACCAACCTACGTTGCTGCTGTTAACTTCACTGCATAGAGGGTGCCAGTACTTAATGGGCGTGTCCCTACATCTCACTCAGCGGGGGCCTGCGGAGTGGGATTTCCGTGGGCACCGGCCATGGCGGCAAGGGCGGTGAGAGCATGCCGCGTCGCTATAAGAAAGAGTAGAGAGGGTCGAACATTTCCAAAGGTAACTTACGTAGATTCCGGGTGGGGCGTCGCTGGGCGTCTTGATCGAGTCACGCACCTTCTGGGTTACTGCACACAATAGGTTAGTAGTCGAGACAACCGAAGGACAGCGATTGGTGTGGACACTTAATGTACTTTCGAAGAGGTCTGACTCCTTGCTGGACATTGCGGCGTTCCAGTTCATCAGCTAACGGCCACTGTGGGGGTAGTTCGGTGTATAACCGCGTCCTTTTGGATTGGAATCATTGGCAGGACAAGAATTATAGGTAACTAGGTGTCAAGAAGACCCCCAGTATGGGTAAATTTTCATTCTTCCTTACCAGAGGGGAACTAGGAACAGTAAGGTAGGCACGGGAATAGAGCCAGCGGGCACCCGCTAGCTATTAACGAGGTGGTATCCCGACTCTGGAGGGGTTATTTCCAAGACTATCACACTCAAGTCCCATCTCTATTAAAGTACCTGTTTTCAAAATTACTTACTTCGTAAATAACTCTCAGTGGTTGGACGCGGATAATGCACTAAGGTATAGAGTCATCTGCAAACGACCATCGGGACGCAAGGCCTTCAGGCGGACTGAAGATGGTA,1158,51.38,Saccharomyces cerevisiae
SEQ_145863,CCACATTCGTGATGCAAGAACAGTTTCCCACGCCTTCACTGTCATTGGGCTACGTAACGAGTAGGATCCAATCGAAAAAATGCCTCGACTGCGTCACGACCAGGAGCACCGTCCGGGACACTCCCATTCCCGGAGCTGCACGGACCCATAAACGAGTCTTAGGTCGGGAACTAGGTCGAGCATCTTCTTACAGGGTGTATACCGAGGGTCGACCTTCTTTTGTGGCTCCTCTGCTACCGAATACGATTGATCCGCGCTCCCCCGCACTACCACCCTCGTGTGGTGTTCCCATCGCGATTAATCTGA,306,54.58,Mus musculus
SEQ_897446,CCATTGCACTTATGACCAAGTGTCTCGCAGAGAAGCCCTGCTCCATGGGGAACCCACATGGAACTATTTAGGACGTGCTCCCGTGCAGCCTTCAAGTACCCATAGGTTGATTACCCGCCAGGATTGCAGTGGCGCAGCAGTGATTCTGTTTATCTGAAAATAGTAACTCCGTCTGTAGGTCACAGGCTCGTACATTGTCAATCGTGAAACAGCACGCTAACGCGTTATCCAAATTCTCATTTTAGTCATATGTCTGCGCGATTCGGGCGGTAAAAGCTGGGTCA,284,49.3,Arabidopsis thaliana
SEQ_995571,TGCACTGAGACGTCACCATCCCCATATCGCGCAAGTCTCCGCGTTGCATAGATAAGTAGAACACATGAGTGGCAGCTGTAACTTGACGGTTGCGGTTACGCCGAAGTGTCTCAGGTCCGTAGGACCTCGACGATGCTACGCGCCAGGGTCAACAATAAACACGGACTTACCGACAGCTTTAGCCGGTTCCGGAGTTTTCCTATTCTCGAACGAATCATGTGCTTGACGGTCCTAGGGAGGAATGCCTGCTGATATCAGAGCTGACTCACCTTCTCTGAGAATCGCCAACTTAGATCTGAAGGGAAGTCCGCCAATTTCAAGCTCTAGTTTATGTAGAATCAACCATGGCCAGCAAAGCTTGATTGGCGTGGTGTGGTCTAGCCTCTAATTACTCGCCTCAACCTCTATGGATGTGATAATTACTAGTGCTGCGATGAGATTCAACTCTCCTTGGCGGCGCGTGTTATCTTGGCCGGGCGCAGTTGGAACACAAGCATGTGTCTTCTCTCTGAAGAATCCATATCGTATGTCACTACCGTGGTGTCAGGTCAAACCACTTTAAAAGGATTGATCCTCATTGCCCAATTTGACCGGGTGCGCTAGAAAGCAACTTCAGCAAGTTCTAGGCAGTTTCCGCGGGCCCACAATCAATGGTTCAGGCATATCTTGTAAAACGTCCTCTCCGAGGCCGAGTGAGCGTAGTTCACTAAACCCGCTTTGTATTAAGGGGCTCGAATTCCGCGAACAGTTCGGTAGCGTGCCGGCGATTTAGGTGTAATGGGTCTCTCGAGACCGTATAAAACATGAAACATTGATAGTGCCATTCGTGATCACTAATTCCTGGAGCCTTGAGGGTTGAGTGACCCCTAACTGCGGGTGCTTTTGGCTGACTGGTGGACGATGCTTGAATGTATAATATATGTGACAAATGGTTGAATTACGTCGCTTGGTAAAAACGGTACCGGTTACCGCGTTTCCTATTTCTGACACGCTACGTGTTTACGCACGGATTTTCTCACCCCGTGGGGTGCTTCCCTTGAGGAACACGATGCCACTTTTCACGTTCTGTCGGCTTGCGTTGTTGCCCAAAGAAGATCCGGATGAACGACGGGACTTTATCCATCGCGGCCCTTCTCCTGTACCTCCCAGGGGTCAACCGTTTCATATGTACCGTAATCTCCCGGGGTAGTCGGTGTCGTCAACCCTTTATCTCTGCACCTGAATCCCTTACATCCGAAGAGGCTTAGGCCAGATGTTGGAGGGGAGCCGCTAGGCGTGTTATGGGTTAGAGCAGTAAACATTATACGACGGGGCTGATCCGCACAATAGTCTTTGGTCA,1339,50.19,Homo sapiens
SEQ_895427,AGCCGCGAAGCTTCGAGACTGAACGATTTTTCCATAGTCGAATTTAGTCTCCCTAGCGAATATGCGTCGTATTACTGTGGATTACTTCGAGTACACGTACTTACAGGGTAGGATTGGACTTGGTATGGAATTCACCCTTCCTTACGGGACACCCTCAACTAGACGGTAATGCACCTTTGGCATCATGTGGTCAATAGGTTTCCACACACCCCTCAACGAAGGGTCCATTGCCATAACTCGACAGAAAGAGTCCCTTGAGTGATCGCTCGGCTGTTCAATTGTTTTCGCGTAATTGGTGCAAACTTCCAGACGGTCGATTTGTTTTGTAGAGTCGCCGTAACGGCCATTCACCCCGGCATGTAACTAGAGTGGGCAATATTCCGTGACCCGCCTCTTGTAAACAGTGCAGGAACAAACTGGCATCCGGGGAGTGTTACAGGTATACGTGGTAGAGCTTTTAACTGCAATTAGCCGCCCGACGTGTGACCAGTACCCAGAGTGACCCCCAGTGGTAGCACTTCCGGATAATTGATGCGCACAGCTAACCAGTAGTTCATGGCGCTGACTCAAAGGTAAGTTTCCGGTGGAACGGGGCCTAGGATAATCATAAGGCCATAACGTACCTTACCCCCGTTAAACGCGGACTACGACAGATCGGGACTTACTCTGTTGGGTTAATGGCGTTTCCTGTGGCATACTCGGTCTTCAAGGAATAACTAACCAGTAAACGCAAGAGGCAGAGCGCACTCTCGGATTTGCGCGCCTTCCCAGGATCGGAATTTTCGTGTTAAGGACGTGCAGTGGTCTCCAATGCTCGTTCAGACATAGCCCGTGGTGAGTGTGTGCTATCTCGGAAAACGCGAAACGCCCCGATTCCCGGTCTTTAATTCCGCGGATTGGAAGGTCGTCCCATCCAGTTTAGCGGATAAACCGGTTATGGATGAGCGTGCGCTCATTAGGAGGAGATCCCCTAGAAGGCGCCAGCACCTGCACGGGGCTACGCAGAGACCGCTTACTTTACGGCGCTTCCTGGTTGCGGATAGGAGCCAGTTTTTTGCAAGAGTGAGAGTGTCGTCCGAGAAAGGCAGTGTGTAGAGCAGCGGGATTAGCCGTCCTCAAAAGCAGTTCACGCGAGATCTCGCAGGACGATTCGTCATCGCGCGATGATACAAGCCCCTTTTAGGCATGGGGCATGGACAAAGAGTTCGGATATGTCCTAGTGGCAACGAGTCCCACTGTTAGAAATCACTCGGTGAGGGAACAAAGCACGTCATGTCACTGGGAGCGAGACCTCTTTTGCGAGCGGTATTCGTATGGAGAATAATGGACACGTGTGCACTCATAAAGTGGGAAAGTAACTCCCTATAAGCCCAAGGCTGAGTGCCCCTTTCCTGCAACTCAACCCGCCTCTTGGTTATCGCCCGTAGCTACGGTGCATGCGTAAGCCAAGGATCGTACGC,1460,51.71,Drosophila melanogaster
SEQ_897987,CACCAAGACATCGTGCAAGGTCAACTACTTCCCGGTTCTGTAAACCACCCTTGAACACCCACTCGTCCGGGACCTGGTAGCGCCATGAGCCCCGAGTACAGGGGGAAATGAACCTTTGGGTGCGCTCAGATATCCGGACTTACTCCATTGCGTGAAGGACGAGATGGCCGCGAGGACGAGTTATTGAAATATCGGACGACCCCATCGCCGTTTATCTGCCCGGCGTTCATAGATGACTTGAAGGCTGAGCCTATACATCTGGCTCTCAGGCGATCTGGAGACATCTAAGGAGGAATTCACTGACCAAGCACGCCATCCTGTAAGGCTGGTATGGAGCCGGCGGAGGCCGTCCGATCCTACACGGTTTGGACTAACAGGCACTACGGGCAGTTCCGGACTACCTCCGTAACCGCGTTTCCTATTCGAGAAAACTAAATCAAACTTCCTATGAGCGGAGATTCCTCTCTCCTGACCGAGAGCTTATCCTCCTCATCCTGAGTTAAGGCGCGGACGCCTGTTCGATGCACCAACCCATCCTGCATGAACAAGAAGATCGCCATAGTTTCTCGCGACTTGAAATACGCACTGACGAGCATACAAGGCGAAGGTCCGATGTGGGACAGACGCTTTTTCATTCTACCGATATCTCTGAATACATCCACCAGGAGTGTTGTGACACTATTTCGAAGCAGCTATGAGCCACAGTCGTGGCACGCTTCATACGCCCTCGTTTGCCATGTTATAAATCTTCGCTGCTTGTCCGTTCAACGAGGATTGATAGGGGGCGATATGGATGCGCCTACCCGTACACATTATGCGATCGCAATCTCAGTTTAAGCATTCGGTATTCCTAGGGCTATCGCAACAGCTGCTCCAGATAACAAGCGGCTGTAGTAAAGTTGTAACTGCCTGCCGAAATTTATACTCTGCAGCCCAGACAGCTCAGAGGCTGATGAATCTAGTTGACGGACGCTTTAGAGCGGAATGGGAAGACAGGTCCGATCGGATGGA,1011,51.93,Mus musculus
SEQ_786279,TGTTCCCGTCGTCGGACGCTCACCCAGCTATGCGGGTTAAGATGTCGGAGGTTGCGGCACCCGTTTCATACCTTTAAGCCTGCGGCTGAATCGGATTTAATGAGTTTCTCAATCCATTATGACGGCTTCTCGTTGACAATATAGTCGTTACACTTATTTCAGTGACATACGGTACCGCTACATTGCCCCACTAGTGTATACTAGGAGTACCGGGCCACTCATCTCAACGTCTTCAGCTACTTCCC,245,49.39,Drosophila melanogaster
SEQ_628248,AGTTCTCGCTCCTGGGTGATAGCGGCACTACAGACTACAGAGTTGGAGATACGTGTGAAGTTCGAGCGGAGACCTGATCTTCGCCTGATCCTAACGCGTATGGCCTGCGAACATACGTCGCATTCGAATTAGACTAATTGGCAGTCCGCAAAGTAAGATCTTATGATATCAGCTGCTGTATGCTTTGTCTCGGAAAGCCGCTGTAATTAAACAACAGTTCGTGTTTTCTGCATTGTCAGCGATTATACAAAATCGTCGTAGTCGTGATTTCCGATCAAGGGCAGTCACCATCGTTACTAAACGAGAACATCGTGCGTTGAAGAGGGTACGCTGATTACTCCGGGGATACGGGCTGAGCCCAGCCCAGTGTCTAGCGACTAAAGAGCACGGGAAAATAACTGGTTAATCAGTGATCTCCCTCCGAGGGTCATATAACTGCGTTACAAGAATAGGCCGACACGTGACAGTGTGGCCAGCTCGACGAGCGCGGATGAATAGTATTGCTCGGCTACCCAGCGGGTACCTCTTTCAGCTGGGGGTACCGGACGTCTACATCGTCCCGGGCCCCTGTCAAGTCCTTTCGTTGTTAAGTCTTTCGTTTGCCCCTTACCAGCCATTATTGAGATCACTTAGCGCGGCCCCACGATCTAGTAAATAGTACCCTCCGATGAGGAACAACTAGTTTGTAGTCGAATCGTGACCGAGGAGTGACCAACAATCCTTTCATTTGGGAACTCATTCTGAGGGACAAGCTTAGAGGGCGAACTCTTGTATTTGACTCCCCGCGTTAACTCCTTGATCGAAAATTTGGAGCGGGGTCTTTTATCAACAACCACCTCGCGCGAGACTGGATTATCATTTCTCTCCTGTTGCATGGGCCTCAACCCTATCCAACGGTAACCACTATTGAGCTGCTCTCAATAAGGACTGACGTCTGGAGACATAGACTCATTGAGAGCACAGGACAGTATTTGGAATCTAATGCCCCATTTCTTACTAATTACAGCCGACCTAGTGGTGTGACCGTAAATTCGCCTTAAGTGGCTTACAGGCTGGAACCGGGCTGTGTCGCCGTCTTCGAGGGAGTACTAGGCTCACGCACAAGAATCCCTATAGGTTATAACTACTTGTATCTTTAGCTGGCCGAAAAGTATGAAGAACCGCCTATTTCAAGTACTTCCCGGACTCTATATCTGTGCCCCTTGAATCGGGATTCACGTTCGATCCTGTCCGAAACACACGTTGCGCGAATTAAAAAGGGGGACAACGCTGGTGGCCTAGTTGGGTCTAGACTGGTCAACTTTGTTGATCTCACGTCCACTACCGACCTCTAGATTGGGTTAAATCACACAGTAACCGCATAACACTCTGGGGCGGACCGCCGAAATATGCAATCTCCTTGTGATCCCGGCGAGATGCCACCCAGGTATTGTGGTCCGTCAACCACGAGAGCTCTTTTCGGAGGCAGTATATAACCCCTAGAAATCTCTCCGGCAGAGGTCATTTATGATCAGTTTGTAAGGTATCCGGGCAGACGCATGGGACCGTACTATAGGATGTTATTGATTCGAAATAGGGCCATCGATTTATTTCACTTAATGCGTGCCCAGAGAAGGGAGCCAATCCAGCTATCCTCCAACTGGCGACTGTTGCCCTAGGACCTTAGGACGCGCTCGTGTTAGCGTCCCTGTCACAGCCCCGAGAGCTTGGTGGACCTACAGAGGCAGGCCGATATATCCCCAAACCCCAGCGGCATTATTTGTGGTGTTATTCTGAGTGCGATCGAGATCCAAAACCTACCAGGGGCCATTGAATTGATTTATACGCTAGTCCCATATGGAAACCCTAAAAGAGCAATCGTTAACTGTTATGTGAAAGTGTTGCTGTTGAAGTGTTCC,1898,49.32,Homo sapiens
SEQ_861332,CTCACTGGTTACTTCCGTATTAGGCAATCTCGCCTGCTGGATCTGGGTCACGTCAAGATCATTCATAGGCAGCCTGCCTGGAACGACCAGTAAAGACCCCTTTGGTCACAGGTTGAATCCCCCAGTTACCAGT,133,51.88,Mus musculus
SEQ_771291,CAGATGGGCGAATCATCTAAGCTCTTCGAAGCTACCTAAATGGGTGAATCCGGAACCAGTGGGTGGCATAACCTACCCACAGCATGGGAACGAGTAGATGGTTCATGTGCTACTTCAAACCGATCAGAATAAGCGCCTTATCGAGCACTTCCCAAATCTCCCGCGGACGGCAGGCGGTTCTGGGTGCCACCGCATGGCCCACGTACCCACAGACCTTTGAGCCCCTTAGGATTCGCATTGTTAATGACTGAATAGTCAGGGGTCGGTGCTGAATGTCGTGGTGGTCTTAGGGTGTTCCTCGGTCGTCTTGAGGGATGCCCGGTAAGACTAGGAAACGCGCCCTACTCGTAATTATTCCGCCCTCCGGACAAGTTGACATGGAGATCAGTAACTAGTAGTTTTCTGGAGAATCTTAGAAAGGTTTCCTTACAGCCCTTCTGCAACTCATTACTCAGCATGTCTGCTGGGTTCGCTACTTTGGGAATGGTCAGGGCATATAGGCCGACTGTATGCGTTAATTCGGACCGTATTATGAGTTGGCCTCAGACACGTTCGACTGTATGACGTCTCCTATAAACGCATTTTTTCTGTATTCTGAGAATTTTTTACACGAAAGACCTGCCTTGTGAGTGTCCGCCCTATCTCAACACATCCTTGACCTTACACCATGCCCCCGTATATCGCGGCTGATGCTAACAGGAAAGTACTGACCTGTCCTGACTTCATGGGCCCGCTTCGCCGTCCCTCTTTGGATTGCGAGCCTATTCCCCGACTGGCATAGTATTGTCACTCACTGTGTGGGCGTTGAAGGCACGAAATTCCTCGCTAACGCATTGAAGCCACGACTCAACTCGACCGCTTTAGACGATCTGGATCCCCGCGTATTTTCTCTAAAGGCGATAGCGTGCAGAACAAGGAATCAGAGAAACGTTAGGCGCCTATAAGAACTGCGTTTCCGTAACTGCTGGGGCTTCTAACACTGTGGTGTCGCTTACGTCCGTCGCCGGCCAGGCAGTACGGCGATCCCATCACGTCTGTGGGGTGCCGAGCCGTTTTTCTTACTGATCAATAGATCATGAGGCAACCGGGCACGGTCCAAGCATTGGAAGGTTACTTGCAAGAACTGGTACTGTATCTTATAGGCGTGGTAATTCCGTCCACCGGATACGTATCATTACGATGATGTCGACCTGGAATCGCCAGACTCTTAGCCAGGTTACTTGTACACGTGGTTCCTCTTAACTGACTCGAGTGGAGGCAATTGCTTGGTAGTCTGAGATAGTCAAGCCCAGAGACCCGGTAATCCCTAAACTTTTGGAATGCATCACTGCCGAACAAAACACCTAATGGGGACCAATTTTTTGATCCTCATGGATTGCATTTGACATAGGAGATCTCATGCTTTGGTCTAACCCTAATCCGTACGCTTTACTCGAAACGACCTACGTGTGGGGACTCTTTAACGTGACCGTCAA,1475,50.17,Arabidopsis thaliana
SEQ_391130,GGGTGGCGTATAGACACGTGGCACCCCAGGTTGCTTCTGAGACCGTTTTATTTTACCGGAGCCATGCTAACAAGCTAACGGACTACGATAAAGGGCTTAGAGATTACTCAGGATAACACATGCGGTATACCTGGTGTCGATCTTCCCCTGACATAGTTTTTTTTAAGTGTTTAGTGCTGTCAAACTTAGTCCGGACTTGCAGACCAGTTTCCCGCCGTAGACAGGGTTTCGCAGGGCAAGTGGGCTAGGTTGAGCTTAGTTTTCTTTACCAGTGATGACTACGACGTGAGGCAGATACCTCGGTGCCGAAAATTATTGCAGCTAGGCCGCGCCTAGTGAGAACCACCCACTGCACAGTTCAGTAAGGTGCCGGAGGGCTAGCGAAGTTCACAGCACCGTTAAAACACGGATCCCGCAGCTCTACGAGACTCATGCCAACCACGGGAAACCGTGCTAAATCACGGGTTAAGCACTAATCATATTCTTAAGCTCTGTTCATAAACGGAGACTATAAGAGCGGTGACCTAAGATACGATCCACTCTTCAAACTTCAAGAGTGGCACAGTATTTGGTACTCGAATCAGATCATTAAAGCTAAGCATGTCGGTGTCCAGCGTGATGGAGTCTCGGTGCATACACCGTACTCCCCGATATACTGAGCGAAGCGCCCGTTATGGGTCGGAGTCAAGATTACGGGTTGAGCTGATGGGACCGGTGCAAGAATTAGTACGCTGATTCTAGTGAGAGTGCGACAGTCGATGGATAAATAGTGTGGGCTAGGATTCACCCAAGATCAATAGTAGTTACGCGACCTCTGACAAAGATAGATTAAGGATACTGACTGTATATCTCCTCGTCGGCTAGTGAGTAATATCAAACTCCATCCAGCAGGGGACGTAAATGACTTGGTCCATTCTAACCTTTCTCGCGTCGCTACCATTAAGACGGTGTACCGTGTATAAGCATTCTAAGCATGCCCCATCTGACGACGCCTTGATTTGAAACCGTTTTCGCAGGGGCCTTGCAACAGAGTACCACGATCCCCGCCAATACCAGTTTTTCAGAATCTCTAGGGGTTTTCGCGGGATGCCATACTAGTCAGATCTAACTTACCTCCTTCGTGCATGACGCGTAAATGCATCGTCGCACACACGTGATTTGCGCCCTAGTAGAAAGCCCTACTGAAGGAATGTTCTCCTGTAAAACCTCCATCAAATGGGGCTTGACGCGGAGCCCCGCCCATGAGTCACACAACGTGAAGGCATGCGCTCTCAGTGTACCGATCGTTTTCGTAAGCGGTACGCTTGCTACTGCCCTCTGAGTTGTCTGGGAATATAGCAGCGCAGCAAGTGATCACCTCAATAAACCGGGCACCGAACCCGCCCGCGTGTTAAAATTGTCATAGTGCGTGCGGCAATTGCCCAATCGTTCTAGAGAGACCTTGGCCACGAGTTTGACTGAAACTTCGACCGATCATCTCTGTCACATTAATTGCAGCAAGACTTTACGAGAGCAAGAAATATCTTAGTGTCACGGCAGAGTGGAAAACGAAAGAAGGACGAATGTGGTTTAACTAGCATGCACCCTCAACTTTCTTCTTCTACGGATGGGCGGGTCGGTGGAATGTATAACAGGAGGAATGGCAAGACGTTGCTCTGCAGCATGGATCAGCACAACATAGGAAGAATGCTTTTTGTTATTGTCTCATGCAGTGCACTCTAAGAAATTTCTCTCTAAGAACAAAGGCAA,1749,48.6,Drosophila melanogaster
SEQ_296340,TCTATAGGCCACCCATCAAACAGAGCTTAAAACTCGATTGTGATCCGCCATGGGCCCATGCGGAACTCCATGGGCAAAATTAAGAGTATAAGGGTCGAAAATTAGATCCTTCTTTATACATCACGCAGTCTGCAGCGTGGTTAGTTACTACTCGGGGTGTGAATCCAGGGCACGCAATAATTACGCACTAGAGTTAAAAGAGTGGCCCAGGAATATAATGCGGATACCCGTCCTTCTAGTTACGTGCCTCTCCGATTTCAGCTGTAGGATCGTCAAGAGCATTCATAGTTCTAAAGATAAGTGCGAACCGAGCGGTGGTAAAGTGTCATCGCGCTGAATCGTTGGTGTAACACGAGTATATGTCCTTGGGACCCTATAGAGATGGATGGGACCCCACAAGCCCAGTGTCAGATCACATTGAGTGTCTTGGAGGGCGTTTATGACCCTAGAACGCGGCGCCGATTGCTGTAAGACAACCGCATATCGACAGTGACCCCTTAACTGCGTATGTGACAGTATGAGCACTTTTATGGGGAGAAGCTTGGTTGGAATCATAAGACTGGTTTATGTGCTCACGTGTCTAGTGGGGAAGGTAGCGTATAAGTGGCCATAATCTCTCCCCATGGTTTTTGGGTGGCGGGGTAAGGTTGCCGCTGCTTGCGAAAGTTAGTAGCTAAAACCTAGAACCGCGACCCCAGTGGGCGGACCGAGTACGGTAAAGCCGCAATCGGTCCTACAGATGACCAGTCCGACAACTAACCGCTGGACATACCTATATAGGGTTATGTTAGCGTCGCGGGGCTCGATTGTAGCGTGTCTTGCCCAGGGAGCTCCCATGTAAACTGAATTATTAAGTCAGGAGACCCCCGATCACACCAGTGCGTGTTCCAAAACGAAGCGAGATACTTCCGGGAACCTCAGAACTGACCGGAAGGTACACTGATTTACTCTTACGAGGATGATATGCTATGCATGGTGCCTTCGGTCCGTATATTTCTTACCGAATCTTTGTCGACAAGAGGAGCTACGTTAGTGTACAGGACCCTATTCGTACAAGGGTTCGTCAGTAGTATGTTGATTCTGGTCTCAACAATGCAGTTTTAAATATCAGCGTGCATTACCCACTCATCAGACCGGTCTAGCACAGGGCTATCCCTGCGCATGGCCGCGAGAACATACCGAACGGCAGTATCTACCTGTCGGCCCAAGAAGGGCCTCGACGGAGCGCCGAAGTCGTATGCGTCGGTCTGCCGAGTAGAACCGTTAAACGGGTCAACAGATGGGTTAGAACATCGGGCCAGACGCAGGTTCCGGCTTAAATCGGGTAGTCTCGCAACAAGGGTTTTGGTTATCGTCGCTCTGTCCTTAGAACCAAAACTTTCTTACTCTACGTCTGCTGGTTCAATAAGCCCGTGCACAAGAAGTGACATCGGAGGCGTCATTCCCGGCTTTATAATCCAACTATACGGGGGACTCTGTTGACCTGACCCTTCTAAGCAAGCTTGAGAGCGGGCACGGAGCTCCCCGTTCTAACGTCTCTAGGCACCCATTCCGTCGAGCATATGCGCATATATCCACGTTCTCAACCGGTCCATATATGCCCACACTATAGATCTGACCATGTGCGGCGCCTCTATCGATTACGTCAAAAATAGATCTGCTGCGTCCTTCTTCTTGTATGATCCGTCTATTTCGACTACGTTGCTACCTGATCACCAACCAGGGGTACTCTCAGAAAGGGGCTATATCACGGGT,1755,50.09,Arabidopsis thaliana
SEQ_227788,CAGTGCCCGGCTGGCTAACCTTCCTCAAGTCCCCGTCCCAACATATTCCACACCCCCTGGTGGACGTTCTCCCACCTCTGGCACTATCTATGCGTAACTCCTTGGGGAAAGCTCAAGGCTAATCGTAGCGCCATATGTCGAGCATCTTACGGCATGTGGGCGTCTAAGTGCAACCCCCATAGGTTGCCATAATCTTCTAAGCACCATGAGCGACGGGAGAAAAAGCTTTATACAGTATTGCCACCCCCTCGCGTGGCTAAGTCATCTCGAAACCAAAACCATAAATGGTTCTGTGTGCGGAATCGAGACTGCCAAAGCTGATCAACACGCAGATGGGCGTC,341,52.79,Escherichia coli
SEQ_841633,TTTGCATGCATAGGTGGATAGCAAACCCGTTCGTCAGATATACCGCAGACGCAGTCTGACGAATTGTATGAGCCTGCGACTCCGAGACAGGCATGACGGATGTGACCCCAGGCTTGTTATGTTTCGTTTCAAATAGCCCTGCGCGATGCTCGACTTAAAGAAAGGTGGGAAGTTATCATCTTAGCAAGCATAAGAGCGCATCGGCATCGTCCATACAACAAGAGAGTATTGTCACCTGACTTAATGTGGTTCCGAGACAATGCCATCAGTCATTCTAAAGTCGTTAGATGCCAAGGT,297,47.47,Caenorhabditis elegans
SEQ_676704,TTAGCGGGTATACCGGACTGATGAGCCATAGACGATATTCAATAGGTCGCCTTATTTAAACCCGTTAGCTCAACCCATCAGGTCAGCGTTAGTATGTCACACCGCACTCTCGTATCTACCTCAAACGTCAGTCCTAAACTAACTCACGCTCCAACTTGGCCTTCAATAAGCGATGGGAGCTCCCGGGCAGTCGGGCGTTTGCCCTACTGAAGACAGCACTAACCGACTACAAGGCAGCTGTTAGTGATCTAAGAAAGATACACTGTGCACTTCTCAAGCGCTGGGTCATGATAATGTAGTTGCTTGGCACCATGTTTAGAATTGCGAGATTAGGTGATCCCTAGGGTTCCGAATGCTTTATTTCACTACACGAGGGCTTGGTCGGTGAATAGCTAAGGGGCTCTTTGTGTTGTTATTCTTCAAGACTCTGCGCTGATTCATTCCAAGGATAAGAAGCATTTAGAACATTTAGATATTATTTATACGGCATTCTGTGGTCGGTCAACACTTGAAGGATAGACACGGCAA,528,46.02,Homo sapiens
SEQ_367996,GGCCGTACTCTTCATGTATCAACGATTCGATCGCCTCTATTCCGGAGAAATGCGCAGACAGCGCTGTAGCTCGCGAACTTGATATCCTCTAACAGGAGGCAGTTGGGTTGGCACTCTTCAAGAGATCGAGTAGCAAAACTCGCAGGGCAGCAGTCGGTGACGTTGCGCATCAGAAGGGTACCTACTCACAGGCGGACTAAGGTTTGGCCTTGCTATCCTCGAGGGATAGTGCTACCTATACGTTGTGGTGGCAACGTTATCCTTCGTGTCTTTGTATCGTAACGATTGCGACCCCATTGAGTTGGGCTCATACCTGATAGGCAGGGGTGTAAGAAAGATTTTCATCGATGTGTTTTGCCCGAGAACCGCCCAGCATGATCGGCGTCCCGTCCTTTATGCATTAACACCGTTGAGCTAGATACCTCAATGATATGAGGGACGGACACAAAGCGGGATGGCACGTAGCAGAGATTGAATAAATGCACTGCTATTGAACGTTAGCCAGTAGAAGCAATGCTGTAATTATGGTTACCCTACAGCTGTTCTTGCTTCGCTTAACGGTTAGAGGCGGAACACATCAGGCAACTTCTTATAGTTATACGAATCCGCACATGTGTGCACAAGTGCTGTGTTATGAAGCGCGAAACTGTAGAACTCTGACACAAGGT,668,48.95,Saccharomyces cerevisiae
SEQ_423842,GAGAAGGAAGGGTTCCACGTTGTAGAACTCCCAGATGCAAGCTGATAGGACAGCATAAGGGCATTTCAGAACAACACATTAGCCTGGAGGTTTGAGGCCCGTCCCGGACGCCTACTGCACATCTCGGCTGCACAAGTTCTTTGGCGTAGCAGCGGACTGAACGAGACGACTGCTCCTCAACGTTTGCATGCAGGATATCATACCGTTTTTATGCTGGGTGAACAAGAGCAAA,232,51.29,Escherichia coli
SEQ_167354,GGCCTAAAACGGTTTCTCATACATCATATGATACTGCACGTTTCTAACTAAGCGAGCGGACGATGCATTAATAGCGTCGGTTGTGTCAATCCAACGCCTACCGGTCAGGAGCTGTACGCGACTAAGGGTCAGGCGAGCCAGGGAATTATTCCGTGAGATCGGAGCGGCAAGTACTTGTGAGTAAGCCCGACACCAAGTTGCCGATACCGTATGCGTATTACTCTCCTGGCTTGTCCGGCACATACCCTAACTTTCTGCACCGGATCTGTAAATAACTGTTGCACATACCGATCTGTCTCCCCGGAGTGACCGGCGGGAGGGGTTGTTCATGCATGGTATAGGATGCGTTCGCACCCAGGAGCCTTTTAGTTCATGCGCAGTGGAGCTGGTTCAGTTTTTGTCTGACCGTGAGTATGAAATTTAGTAATGGACCTCTGATGCAAAATTATTCGGGGGAGTTCGTCATGCTAAATCTCGAAGCCGGAAAGGGGCGCTCCATTCCAAGGGAATTGGATCATAGTTAACGTCATAACATGGGTTGCGCGTGTGGCCCAGCAGTCATGATTGCACCGTGCCGCATTACTGCTGATCGCCTTATATCAGTGGAGAGCGGCAATACCATATCACTGATCAGAAACAGGACCGCTTCCAATCGCACTCGTGTTTTTAATGCACCATTGTGTCCCACGATGACCCGGGAGCATCGTCCACAACTATCATTCCGTCTTATACCTTCGCCGCACATACGTAATAACCTAGCAAGGGCGGAACCACTGACTAGTCTATCGGCAACTGAGTGGACTGCACAGAGATCCGGCTGATCAACTAGTCGTTTATTCTTGATAAAGTGGACATTCTTGATGTCAGCAGAGGGGATCGCTACCGAAGGAGTGTTTATCGTCATTTAAATGGGACCATCAGTTCAAACGTCAATGTACGCTAAATCAGTAGCCCCAATTAGGTAATATTCCTTCAATGACACTATGGAACCCTGCCGGATTTTTGTTAGGCTTAATAACAGCAAAAAAAGCAGACAAGGTGTTGGTAGAAGACGGCGAGGCTCACTGGCCCCCTGGCCATGCTGCTATGGAAAGTCAGTCGAGTCGTATAGTACTTACTTCGATC,1125,48.89,Escherichia coli
SEQ_942822,CCTCACTCCTGTGTACACGGCCCCGTATTAATGATGGCTGCTGGGCCCTAGGGGCCGTGGTACCGTTAATTATTGCTTCACAACAAAGTGCCGTGACATCGAAACCGGACCAATTTGTAAAATTAACACTTCTAGTGTCACGAGTTATGCTAGTGAAAAACCTGACGCCACAAAGAGTGAAGTCAACGCCATAGAATTGCTGAGCCCATAGGAGCTAAGTAAGCTCATGTATCTACCATAGTTAGTCCTAGGTCCCCGGCCAAGATGGATCCATATTAGCACCCATTAGTATGTGCGATTATACGAATTCCTTAATTTTAGTCGGAAGCCGAGTGTATCCTGATTTTTCGACGAGTGGATCGGGTACGTAGAACCGGTTATGCGTATATGGCGGGTTTGCAGAACAGCATCTAACTTCTTCAGCGTGGAGCCTGGCTTGTGTCACTAGTATAATGGCCCAACGTCGAGGGGGATACCACTTTCTTTATAATAGAAACGAACGCCGCCCAGCGGAGCTTTCGACTGGTCAGAGTAGACCATTACGGGCAAATCATTGCCAGTCAACTATGACACGGGGGGCCGTGGGGATGGCTCCCCTGAAAGATCCTTTAAGCGCCGACACCAAGTCCTCAGTTCTCACCCGTTATTTCAACAATACATTCAAAACGTGATATAAGTGGAGAGACCCTCTTTTATTTATCCGACATTCGGAATGTGGTTCGGTGCGCCCATTTGTCATGTTTCCCCGCGCCCTTGATAATCACACACCGGGTCCTGAGGCAGAGGGGACATTTCCATATATTGACCCGCTGAAGGTGCCGCCTTCTACTCTCCTCGTAAGACGTAATAAACTAGGGTGGCGTGACGTCATTATTTATCGTACGCGGCTCGGTGACGTGTTACTTGCAACTTTTGCCTTAGCGTTGCCAAGAACACTCCTTTTGCGCAACGCGTCATCAGACAGAGACGTGGAGCCTGGACGCATCTCTGACAGCATATATGACGATTTCATGACCACCCTTGCTTATGCTGCTTGACATATGGACGCTGCTGACATCCTAGGGCATTTAATCGAGTGCTATCATACTGCATTTCTCGCGACAGCATGTTAGGAGGGCCCACAAAGATCTAATGCATCGAGTCACTTGTTGCCCGTATCTGGTTACCAGAGTTAAGCTCAGACATAGACAATCACAAATTCGGACCATATGGAGACTATTACATCTCACATATGGTAGAGGGATTCCTAGGTTTAGCAGCTGCCCCCACCTAGCTGTATCGAACCCATAAAAATTCTCTGTTGGGTCGATGAAGCAGGCCGAAGGCAGGAGCTGAAGGCTTCAGCCAGTTCTCCTACCGAGTGATCGTATGGCGGCTGCTAAGGTTTTAAGAGCGCAGCGCCTGTAAGCTGCGACTCTCCGCTTGCCCAACGAGTATGTTCGGCT,1445,49.07,Homo sapiens
SEQ_682939,CGCTATTTGTACGGTTCCACAATTGGGCCATTCGGGATTAACCCGCGACAACATACTATCCACTCTCGCGCACCTGCGACACTATTTGACAGACTGCAAGATGATCAGCGTCCCTGCGTGATCTACGTACGCCACGCACTCGATCGTGAACTACGTTGCTACCTGGTACAGGAGGAGCAAACACAAATAACCCACGACCCATCCTGATGAGTTGGATAAAGGTTAGGACCCTAGGGGGCCTTCCCTATGTCCGCTTCTTGGCGACCCAGTTAGTGTTGCGCTCGAGCCACGTAAGTACACCAACCCACAGGCGAAGAGGAGCAGGCGCCGAAACAGTGAGCCATCGTCCCTTGCGACGGAGCGCAACGCAATGGCTATTTGGCACAGTAACTAAGAGTCAAGGGTTAACAGTAACCGCCGAGGAGATAGATTAAAGATGCCGATGTGGTGGTGAACTGAACTCTTCTCCTCGACGTACGGTATAGACCCACGCCCCTTCCGGCTTTTGCGAAGTATAGCCCATCGGGTTATGTACCGTGCTTTTGTCACCGAAGAAGACGGGATCAGGGAGGCCGGAACGGTGTACGGCCCGACCGGACAGCGGGATGCCCAGAATTTTAAAATGATACTTTCCTCTATCTATAGCATATTGAGGACGCGATGTAGAACCCCCACAACGCGCAAACGGTGCCCTAAGTTAGGACCGGGCTTTGTCGCTGCGGAGTCCCACGGCCCGTGAATTATTCAAATTGTGCAATAAAAACTCGATGTCAATACTGGAGCCACATGATCATATCGGTCGCTGATTGACGAATATGTTATGTCGCGAAGGTCGAGACGCCGACCTACCTTTATCGTTGACATGTGTGACATGTGTGATTTGAGGAGTCGCGCTATATAGGCACTCGCAGTGACACTCATAGTAGACTCCTAAGACGCACCTTACGCAAACCCAGGCTTAAAGTGTCTTAGCCTCTATTTCCAACCCTAACGACAGGGCCTCGGTTCCCGTTATGGACCCTAAGTGGCG,1030,52.14,Mus musculus
SEQ_487467,ATTCCTTCGAAAATCTGCTGGCTAGAGCAATGCTTATAGGGAATTCCGGGGGGGACCTTAACTGCGCTTCTGAGTGAATAAACTCCTTGTACCCAGCCCGCCCAAGTTGCATTGTGCTGAAGCAGCTATAAGCGGTACGCATAGGTATACCGGCACAACGTTCCCATGAGGCATCCCAACAGTAGCGACCGGATGGGGGAGAATCCTCCTAGTTTCGCCACTTCTCGCTGCATGCGTCGTCACCCGCCTAATTGGATTTCCAGTCTGTACTAAAGGAAGTCCGACTCCCAGGATTCGTATTCAGAAACGTGAATCTACCAAGCGTGGCGCCCCCACATGCGTCATTTTGAGCGACGACAAGTCTTGGACTTTACCCAAAGCATGGCCCTGAACACGACACGCTCCAGTCAAAATTCCCGGGAGCAGGGAACCTCCATACCTGACGGCATGGTGCCGTGAGAGATCTTTCAGCCTCGAATGACTGGCGTATCCAAAATACCAAAGGAATCGTAGCGACCGATGTATCGCGGATTAGTTGAGGTTTGTCAATCTGTAACGGGTGGTGTT,567,51.85,Drosophila melanogaster
SEQ_774461,ATTACGCTCATTATGTCGGCATTGCTGCGGTTGCACCGGTACTCATGGGGCACTCACGGAGCGCGTAAATTAGTGTTCACGTCAAATATACACCTGTTCCATACACACTGCGCTTGGCGATCGCCTAATCCCAAAATGAGGGAACGTGCATATTCTTCTCCGGGGGGTAGTCAGCATACAGAATGTTACCCATGGCAATGTTGTACGACAACCGTGGAACTGAGCTTTTTGCAAAGAGAATCCGGCGCTGCAGGCAATTACTCGTTGTATTGTTAAAGTTGAGTGGTAACCAACGTCGATGTAGCACTACCATCACATTACGAACGGGTGCGGGACCCATCCTTCTCGTTCGGCCAATACAGATCTTGCATTCCCGGTCGTTTGTTTATGAGAAAAACTAAAGACCCCAATAGCATTGCGCGCTGGATCCTACTAATCCTCAGAAGTCGCCATTGACCAGCTCTCTTTAAAATCGCCATGTCGGAATCCACATAGTTTAACAGTTGGGCTATACGCGTAGGTCAGCGTGCCCTTAGGTCTCCTACTCAAACGCTCAGCGCAGCACACTAGTTCACGCAGCAAGCTGAGAAATCGAGACTAAGGTAACTGTATCAAATTAGTGGCACTCATCAGCCCTCACTACCACGGATAGCGCGGCGTTACAAGCATTTAGGGCTCTTATACACCTTCTGCATCGAACACCACGCGCGATTGAGCCATTGCCTCACGTGGGCGCGCTTTGTTCCACCGCTAACTGATCACTACGGTATTTCGTGAGGGGATAGTGCCCCACTGGTGATGTATGTGGCGAAGTACTACGCCGCTGTGACTACTTTGGATATTACACAATCCGGCTTGCCGGGCCTATTGGTAGGGTTCCGATCACTACCTGCAAACTTATCAATCGCAACCCAAGCTTTTCCCTGCAAGTAGTTTCAGGAGTTATAGGATTCCGGAACTCGCCCTCGCCCCTCACGGTCAAATTAGTGGGCTAGTAGGGTAAAAATGTGGTTAGAGA,1018,49.61,Mus musculus
SEQ_836574,GCCACGGGTTGTAACATCTTGCTTCCATGTCTCCCCAGGAACGCGGGGCTACGACCGATATCGGACAAAGGACCTACGCGGGACCCCCCGTAATTGAAAGGCTCCGAACTGGTGGGAAATTCGAAGGAAGAATCGCCCCATGTCTTTAATTAAACGCGAAGGTTTGTCAGCCCCATTTCTGCTTCTATTAGTGACTGGTGATACCAGCTGTAAATAGAATACTCATTGATCATAATAATGTCTTACCGCGATTGGGCCATCGTGAGTATGCTTTTCAACGTGACTGATAGGTGCGGTCAGATGTGTTTGTAATGTAACGCTTCGATAAAGATAAATTTCAGCTGTGAGGTCTAAGGACATAGTTCTTTCGGGGAATAATGACAAAACTCAGACCCAGTATGCATGATTACTAGGGCATGTCGCATGTACTGAAGCGCTCTCAGACGCAGCAACGATAAAAGGCATACTGGAATGCGCATTAGGTGCTAGTTACGAAAAGCAAAATCCACGAATCGAATGATTTGGTTCGGCGTGATACAGGACGCGCCTGATAACATGAGCGTTAAAGGGGGGTGCTCTTGGACGGATGCCACGCCACAGTCTGACAGTGGATAGTAGCACCGCGTCAGGTCTCATTGTTTTCCCGCGTGGGTTGGCCTAAACGTCTGTTGCTCTCGAACGTACCATTCCCTCGGACGGAGCTCACGTACCATGTGGCGTGTGGGCCGCTCAATGACCATTGGATCGTTGCACCAGCGGGCTCGACGACTCAAACGTGGATCCGCGATACAAGTACTCCGTCCCTTGGGTTGAACCTGGCAACTACAATCTAAGATCCAGCGTAATCGACCGCGCCATATCCAAGCGTATTGGTAGATCCTGTACGCATTTGAATTCGTACGGTCCTCAATGAATGTATATGCTAAGAGGCCGAACTCCAGATCAACAGGGATTAGACTCGCGAGTTTACACAACTTGGCATGATCAGGATCAGATCTAAGCGTCGTTCGAATAAGGAAGTGTCTTATCCATTTTTGAGTAGGTGGATATTTAACGAGCGTAGTTTGCGGCCTTTGGTGCTATAGCGAGTTAGACGCGCCGACGATGGGGCGAAAGCTCATTATCCGAATGGTATTTAGAAAGTATGGGATTTGCGATAAGTGAGGATTCCCTACTAAATCACTGTGCGCGATCAACAGGTGGGGCCAGCAAGCACTAGAACCATCGTTGCCAGAAGCCTAAAATGCTCTCTCAAACGCTCCGTATATTGCAGGCAGTGGAGACAAGTCGGAAGGCTTAGAATAATACCAGAATAATTCCTCGGCACTCCCATATGATCCGTGCACGGGGAGTTTGTTTATTCTTGCCACATTATTCAAGCCCATCGATGATTGGACTATTAGCTCTTAAGCCCCGCTGTACGTTAACCAAGCACCATTTTACATGTTTACCCGCAGTTGCTACCTTAGTTCTATTATTATAAAAGTGGAACCCAACAATGTTTCAAAAATGTACCTGGCCCTATATGGTCACCCAGACGTAGATCGGGAACTTTCGTATCTGACGCGGCCGTACCGGAGTGCATATATGCACGTTATCTCAACAGATCGACGATCTACGTTCGGAAGCGGGAGCAGTGCAGGCCGCGGTGCGGGATTTGCAGTTAAGCACCAATTGATTCGGGCCATCTCGTCTTCACTCTCAGTGTATATAAGGTCGTATATCACGGGTTAACATAGGGAGTATAAGGCTTTACTGGTTATGAGGTACTTACAGTCAATTGTATAC,1788,47.82,Arabidopsis thaliana
SEQ_302792,CCGTCCTGTAGACCGATGTCGTCCGTTTGTTCCAGGGCCTATATGTAGATCCTATAAAGTCACGTTAAAGTGGAATTTAGCTTTATGTCATTACCTTTAGCTGGTGTGGCTAGCTGGGTCGCGTTCGGCTTCCAACTTTAGCTGGAGCCGGTTTGGCGGGCAGGTTACATATTCGTGTTGGCTACAGCGAACTACCCATTTGATCTCTCATTTTAAATGTTCCGTTGACTAACTCGCACGGGGTAACACGTACTGTCCCATGCGAAACGTTCGAGTATTGAATAGGCACTTGCATTATTTAACAGCGTTGCTAACCAGGCTTCACGTAGACGCGCATTGACACAAGAAGTTTCCGCACCTTTGGTTATTGGCCGACAATTTTAGACCCGTATCTAAGATCGAGCGTTAGTATTCAGTTTCTTTGTGGGGGTAAACAGGGATTGACAAGTCTTCGGAGTCAGAGGCCTATCTATGAGGTGCACTCTTGTCCGGAGGTGACCCGTAAGTAGCCGCGATTGGATGCCCCTAATCGGAGTACTGCAGACCCGCCTCCGGAAAAATGCCTTTAACTATTTACCGCAGTATTTACAAGGCTGTGCGATGACTAATTTTTAGGCGGTACACTCCTTCCGCCATGTGACACGCCCTTGACCGGTGGAACCGCATGACACGATGGCATATCCCCATTGAGATCACGTGGACGTTCAGTCGGCCTGCCCCATTATTTATAGATCATCTTGAGGGGTTACTCGAGGGATTGTTCGAAGCGCGGCCGTTCTGTATTAACGGCGCAAGCAGACTGCTGGCTACGTTTCCAACATTCGAAAGTACGGGGGATATCTCTTGGCTTAATCAGTGACCAAGTAGACTCCATGTCAGACTGGTGCACTCACCCTTATCCACCCATTTCAGCCTAGACGAAACCGCATATTCCCATAATTGCGTCGCCGCTTTGCTGTAACTGGGAATCTGTGTCCGAAACTCCATGCGTTACGTCATCCCTGGACCTATTTGCCTGCGGCATACTGTGCTTGCCGCTATCGTAGTCGAAGGTTGGTTACCCGGAAGGTGTTCTTACCCCAAGGGAGGATCTTCATTAATTAGGATTATGTGAGTATCTTAGACTGAGCGTAACCCCCGCCAATGTTACAGCTCACGTATCGTTCCGTCGCCTACGTAAAAATCTACCTCCTAAAGGAGAAAATCTGCGAGAACTTGAAGGCCAAAGTTAATGGTGTGGGTTCGACGCATTCTGCCTTGCCAACGCACGCAGCCACGCGCGACTCAGAGGTGAGCCCTTGCAAGATCGAAAAGTAGTCAAAGTACCCGAGTGAGTGAGAGGGAACAGCACTTTATCCGAGCACAACCTTCAACGGCTGATTTAACACGCGCACATAGAAGCTGATGCACACCAGGCTAGTATAATTTCGAAGAATGAATCAACCGGGGATTGTCTTAGTCATCGGTCAGCCAGTAAGATCCGTGGCGTTTAATCTACTCCAACTAGGCGCGCTACAGAACTTAATCAGGCTCTGCCCCCAAATTGCAAGTAAGAAATTGAATTCGATGGTCGAAATAGCTCGTGATGTGCAGCCGGTGACGCGTATAAGTGAGAAACTCGCTCGCTCGAGTTTCGCCTGTGGGACCACAGGCCTGATACGGTCTATTTTCAGTCCTCGGGTACTCAGCTAGCGTCAAAGGTTTTCCACGACGCCCACGTACTGATTAAGCCTGAAGCACAGTGACAACCCCCGAAAT,1758,49.43,Saccharomyces cerevisiae
SEQ_654716,ATACGTGTGGATGCTTGATGCGAGCTGCATGCTGCGCACAAAGCGAGGGATGTTATGGATACAGTTAGGTGACTATGCTAGTCTGTGTACTTAGTTCTCCTTCCGATCACACTTCGTTAGAAACGTCAATGAACACAGAAACTTTGTCCAATATGTGGTAAGGCGGTCTGGCACCTAGGAGGGATGAATAAAGTCGTTTTTTTAAGAATGGACTAGGGTATTGCTCCCCCGAAAATTTAGAAGGAGATCTCTCCTGGTATTGGGCCAGGTCAACAATGCCCTTACAGGGAATACCGGTTGTCGGTGCTCCATGTATGCGGATAAGTATAGAAAGAAGAGAGTCATCCCCTAGCCAGTTTGCTGCACGGATGGAAAGTCTGTCGGAATAAGTTTCTGCTTTTTCGTGTGTAGGCTTTTATTTTTGCATTCTCCCCCGATGCACATGCTCCTGGCCTTACGCATGTGTGGCGCGTCAAAATATATAGTGACCAATGAATTTCCGAAGCGATGGCGACCGTATCGATCTGTTCTAGCTGCCTACAGTGGGCAGAGCCATGAGTGTACCGCTTGTGCATAAAGTAATGAACTGAGCTATTATCGGGACTTCTAGGGAGGCTATGACGGCGCTGAATCGGAGCCCGCACTGCTGTACTTCATCAGCCCGCTGTCAGATCTTGTTTTGATGCTTATTTGATTGTAAAATTGGCACCGGCTCCCCTCGCACCTTGATAGTCTTCCTATATGCACAGGAAGCCCGGTTGTGCGAGGTTATATACAACATACTAATTTGTTCCATTGTGCTGTTCGGGAATGAAGAAGGCTAGCTCTAATCGCTGAATGACACCCACCGGTGCTTCAGATTTATCGACCTGTCCGGGGCCCAAATGCTTCCTCCTCCTGAAAATTTCACCCAATATCTTTGTCCATGAATCTTCCCTGGTCGGGTACGGCTCTACGTCACTGACGATAGATCCACTTGCAAAAGAGCTCCTAACTTGATAGGAAAAGAGTACTTCTAGTTTTTAATTTCGGCAGAACTAGGAATAGTTACTCTAAGCTTGCGAGACGATCGGCCTAGCAAACCCCGAACTCCTTCAATTTAAATACAAGAGGCGGAAGATTTACTCAACGCTAATTGTCTAACGTATTGTCACAATGGAATCAGCTACTGAAGCTCCACAGATAGAAACCTTGTAAACACTGTTCGTGT,1210,46.2,Mus musculus
SEQ_445100,AGGACTAGCGCTCCGAGAAGCCGCCTACATAAACCAAGTGAAATATTTCATTTACGCACATTGCGGAAGGTCTAAGATCAAATATATCTAGTCCGGCCAGGTGGCCTAACTATTATTATCCTGTGACGCCGTTTATACATCTTCTTGAATCCCTCAGTTCGTGCTGTCCGTCCAACATTCATACAAATCGTGGACTTCTGAGTGTGGCGATACAGAACCGCCGTATAAGCACACACAAAACCTAGACATAGTTATCATCAGTCTCGTGGGCGAGGCCAGAGTCTTCCGACCACGTTACATTTTCTCGACCTATTACACTGGTTGGGACTAATTCAGATATCGATGACGGTCTTAGTTTGTAGGAACGAAAGTAGCGAATTCTCACCTCTGAAACCCGACGAGCCCAGCGTTCAAGGCGAGATCCCTATTCCGTACTAGATAGTCCGTGTATACTGCATCGGCCCCGACGTGAGGGCTATGTTTCGCTAAATGTCTTGAGTTGGCCGCAGCCGATGAGCTCGCATCCCTCTTAGGCGGGAATCAAACGGATAATTAGATCTGCCTCTCTATCCGCGACGTGTCGAGCTTTATAGCGCCAGCAATTGCTTTTAGCCAACTAAGTGGAGGACCCGCTAGGCCCCGAGTGTTCCCGGTGGACTCTGATCTCGGCCATGCATATGCGGCCCTTGGGTAGTGCTCGAGGAACCCGAGTCTGTTAGTTAGCTATTGCTTTCGCCAGATAGCTTCAGTCACCGGGACCTTAGCGACATGCGTAGGCAAGTATTTTGGAGCGGTAGTCATCGCGCTATGATACGAATGTGGCAAGAAACAGCGGGCAGTACAATCAAGCCTTATCCTCATCTTGCGCTTGAAGAATCTAACAGAGTAAGACCCTCTTGGGACACGAAAGAACTCGGAACAGGGTGCGAAATATCCAACCAACGAGTCATCTTGTAAGTGAAGTATATAACGCCGCTATAGACAATCGCTCGCCGACTCAAGTGACGATCCAGCACGGCTGGTCGCCACCGACGTCGATATGAAAATACAACAATAAATGCTGCGTGTAGGACCGCCTGCTCGTACTAATGAAGTCTGTGTCCGCGTCCTCCGTTCTCGTCGGGCAGGACCCTCACGTACCAGTGAGAAACCTAAGCAGTCTCAATTGATGTATGTGTCAAGACTGGGTAATCGAAGGAAGCGTTATAACGCTTATACCAACTCAGATGTCAGCACAACTGCCCATAGA,1249,49.48,Saccharomyces cerevisiae
SEQ_691772,AATTGTACGATCTGAAGCTACTTACTATTGTGTGCAAGACCGAATCGAGTGATACGCTCATGCGTGCTGCGGGTTTTTTACTTGTGAAGACCAGCTATACTTTGCCATAAATTCAGGCAACAACTATGAGAGCCGAGGCCGCAGGGGTGCACCACCCCCTAGCGTGGGAACATTTCCACGAATGGCGGCATCACGGAAGACAACGGCTATATCGCATGACCTAGTAACGCCGTTATGACTTAAACTTTATTCCGACGCCTCCGATTAGACCCATCCAGCATTGCACACGAAGCATGCTAACGCTAGCAGGTAGTGTGGCCTCACCCTTAGTTGGTCTTTCGACCTGATTTTCAGGGTCGTGAAGGTGTGCCACCATTTCTTCATCAATACGGATGATCAATCTTCAAATCCAGAGTGGATACATGCGTCGCGTAAAACTGCAGTCTTGATACCCTCTAACTTTAGCTTCAGTCACGGCACGTAGGCTATACCCATGATAAAAAAGGTTCGAGTCCGTAGGTTAGCAAGGATCCAAGCGCTTGCTCTGCGTTACAACACAGATCCAACGCCTGAGCCAACACAGCACCATAGAAACGAGCGTCTAAAGATAGAAAGATAATCCGGATAGCGGTAGGCAGTTATCATGGGGAGACGCGTCACCGCCCCGCGCAATGGTTTTGAATAAAATCGCTATGATCCAGGAGGATAATTGCCACGTCAACCATTCGAGCCAAGCTTTGCTTGAGGCCTCGAAGAACTAAATGAGTACTTTCTAGGGATCCGCAATACTTGCCAGCATCTCATTTCCCCCCCCTATGTGTTTTACCGCGGGAGACTGTTGAAGCGAATAGCTGGTACTGTAATGATTGTATAGAGTCCGATCTAATCAGAAGCGGACTCCCTGAACGTACCACACTCTACGCCGTAGCAACTTAGTTCTAGTAAGAACACAGTGTAAGATGTTGCAACTTTATCCATCGTCCGTGTCATTGATTCGGACGTAAACATGTGTTGAAATGCACTTCGGTGCGACACTTGAGTCAATTTTCCTTCGAAGGAAGATTTAAGAACAAGCTTAAACCGTCTTATACCTGACGAACAGCGTGGTTATTTTTAAAAAATGCCTCACTCGTAGAAACCTCAAAATTCCAAGTAGTACCTGGGGCATGGATCAGTGGATCAGATGGTTGTTAGCAGGTGTTATCAAGTCCCCTTGGTCGATATTGAAAAGTACAGTCCGCGTGCTTCTGGAACTCGGAGCATGTTCGGAATTGATCATACCCTCCTCAAAATTGGTACAGTCTACGGGCGACTGTACAGGGTGCGACTGCCACGGAGAGGAAGTTACTGTGTGAAACTGCACCCCACGGCAGAGAGGTTATAATTCCCGAAGTCTGAACTATTGTCTCTTCACAGTGGCCGAATGGCAGGCTACTCGGTCGACAGCAATG,1451,47.55,Drosophila melanogaster
SEQ_682307,CAAGGACCCCTCAAGCATGGTGTAGTAGGCTCCCCACGTCATACGGGAAGGCATTTCGCTGACGCTACTGCTATCCTGCGCCCGGAGAGCACAGTCCCGCAACATGGCGTTGATCGGCTCCATTTGAGGCGGCGCTTAGCCTTCACCATGTATGCTCCGCACTTCTCTTCTGGCACTGGTGAGGCTATTCTCAATGGATTGACATTATGAAACCAGGAAGACGCAGGTTATTGTACGATAAGTGCCTACACTTAAATCGATATGCACGATTACGGGCCGGCATGCGGTTCGTCATGGATACCAATATCCCACCGGACCCAGTGCGTAAAACCCCGTCATTTTTCCACTTATCCGGTGGCGTCTACTGTTCCAGGATAGACAAACGTTGGTGGCCGTAACGTAAGTCCAGCGATGGTCACCCGCCACGTGTCTCTCTCGACACATCATGTGACATTCCTATCGAATTCATAATCTTGTACTATAGACGGTCGGGCGCTTCGGACGGCTTCCGCATGTTCGGCGGGCGTATGTGTTAAAGGAAATATACAGCGCATCAGTCCAACCCGGTCCGGTTGTTAGGAGCTGCCAAGGACAAGGTTGGGCGTGTGAACGAGGTGATGAGAATGTGCGAGCAAGGAACGGCGGCACGGCTCCAGAACAAGTCAACGCAGGTTCCTACTTAATGCCAGCGCGCTTAGCGCCGCCACTGCGGGACTCAACCGCAAACCCCAATGTGGTGGTACTAACGGGAGTTATGCAATTAGGACTTGTCGCCCGGCACGTGAAGGAACCCCTAGCTTAATGGTTTGTTCTAAATGCCTCCCACTAGCTCACATTTCCGAAACCGCAGGACGCGGCATTGGTGGTGTGTATGGTATGGCGACGGCCCGAAAGGGGCATGTTCCTATGACGGACGCACGCATTTAGGGTTTCATTTGTTGGCACTTAGAGATGGCGTATTAGCCGTTTGCTTACTGTGCCGATCATCGAAGACTAAACGATAGTGCGACACCAATAGTCGTATCTGTGCCAAACACTAGTGCCGGGCACCGCGCTCGATTATGCAAAGCCATGAGAAAAAACTCCCGGCGGCACGTAGTCCTCACACACACGTAACACAAACAGTACAAAACACCCAAGATGATGGTTCTACTTACTAGTTACTCAATTTCTAGGTCAGTTGACGTACCCCGTTTAGTTGAGCCTCAGCACCACGGCGTCGACCATTAGCCGAACTAAGGGGTCGATCAAAACATCGGTATTTGGGGCCGCCGGGCTTACTGTCGGGGGCTTTACCGATGGATCGTGTCTTACCCCCCGCCGTGTCTTGAGCAACTCCAGCTCGTGAGAGACACGCTCCTGGCCCCCCGTATCACCAGACTTCTGCGGTACTACCTGCTCGCGCGCTGTGTCCCAAACTTCTAATTCTAGGTTTGTAACATCGGGCGTGTCCAGCCGACCCCCTGATAACTGGCCGGTACACAACTAAGGGCGCCACAAAGCCCACCCCGGTCGGTAGGGCGATCATTCGTGTGGAATACCCGTCCTTATGTTCTAAGGTTTCATTACTGCCTGAGCGTGATTAGGACCGGATATGTTGCCAAA,1605,53.4,Drosophila melanogaster
SEQ_550474,CGGCTTTCTGCATCTTCAAAAACAACTAGCATCGACTGTATCAACTCACGGCTAACACCGGACCCTCTCCTTTTACGCCCGAAAGAGGACGTTTAGGCGGGGACTATATTCATAGGGGGCCGTGTACCATTTAGGTCCACGCTGAATGTTGTTTTCATACGGTGCTACGTAGCCGCCCACACAATCAAGTCGCTACATGGTGTGGGGTCAGATGATAGATCAACAATCCACCTGGGATATCTATAAATTCCAGGTAAAGATAGTGGTTGTGGCCGTTGATAAGTGAGTGGGATGATCCCGTACCTAAGTCAATTAAGCGCCGCTTGACGCTAACGACACCACGGCATTCCTGTACCGCAGAGTGACATAGGTTGTAGGCATTAATTAGGTGAGCAATGGTGACAGAAGCCGTTAGTAGACTAAGCTGATCGTATCCCGCACTCTCGTGACCGAGGGCATCCGCCTGTTTATTGCATTATGCAGACCTTTCCGATCGGCACGCAGCAACAACGAGTGTATTCAGTCCGTCGACGTTGCAGTAGACCCATGTAAAGTTGAGATCACACTTTCGCGTAAATCGTATGATGAGGCAGATCGGTGCCTCTCGGTCCTATCTCCCGCCGGCGCTGCGGGACAGTATGAGCTCACGAGGGGTGTTCATTGGGGCTAGGGCAATGGGCTCGTAAACATGCAAGCGAGTCTGGTGGGGGAGCAACCTCAACGCAAGGAGGTAGATATGAAAAGCGACCATAATGGACGACCCACTGTTCGGTCGTCAACTAGGCCAAAGTCTTTGCTCCTATATCTTCAGCTACGCGTGGTAGTTTTCCTGCGGCCCCCGGAAAATGATATACGAAAGTCTGAAAGGCCTAACAGAAATTTAACAGGTCTTGAACCTCCTGTGACCGATGCCCTTACAGCCCTAAGGCCTGCGTTCGGAGATCAGGACCTAACGTCGGTAGCTAAGAGAGTCATGCTTCACCCTCACCGTCGGACTAAACGCTATCAAGATGATTTAGAATAGTGCGTCTATGGCGTTCTAAATTTTGGAAGCCAACGCGCGGCCTCGAAGCGTATGTCGAGGACCCTCAACGTAGGCTCGGACTATAACGAAGTGGATGTACGTGCATTATTAACGACAATATTGGCTCTAAACCGAGAGGAGAGTGTCGGCGGTCGAATACGCGATTCAATCCAGCGACCATATCGCACAGTACCGCTGTCCAGACATTCTACGTAGGATTCGTACGGACGCTCCGCGATTTTATTTATGGCTGAACAGCGCCGGATTAGTGATTCAACTTAAGTCGGGTTTACTTACGACCACATCGACCCGGTTCTATTAAATAAGCGTGACCATCAATGATTAGACTTTACGACTT,1382,49.86,Caenorhabditis elegans
SEQ_366957,CACTTCTTTGAGGGGGTACAGTCTTAGAACTCGTGACCACTGAGTTCTCAGGACCTTCGATGCGCGCTTATTGCTGCGATGGTACCTTTCGTGGTGCAAATGGTTGCTGGCGTATTAGTTAAGCCAGCATACCTGCTTTCGCTCCACCCAGCTGGCGTTAGGCATTAGTGAGTCCGATAGTGGTAAATCCTATGAGGCACCCGCAGGTCAGCCAAGGGCACACCGGTAGGGTATGCTCAGTAATTTCATCAAAAGCAACCGTGCAATAGATCTAGTCCGGGCAACATGTGCCTCTCGACCGTGATGCCCATGTTGAGTCACCCGTACAGGCAGCAAGCCTTCACAGAAGTCGACTGCAGTTTGCGGGCAAAGACCACCACTGCAGTGGAAGTAGTTCCAGTCGAGTGGTTAGTCGGGTAAGTGGTAAAGTCTGGTATGTCTAATTGGCATAACCACCTAGCTGAGCATGATCTTTGTATCCACATTTGAGAAGACAAGAGCCCCAGTAGTCGGTGGGTGCCGGGGTTAAGACAACGACGCAGCCACTCAAGCCAATGAATCGACGTGCTCTGTGTAGCGCGCAACTGAACGTGCCCGTTCCCAATTAATGTCCTTCTCCTCTACAGTATGGAAACCTGTATCCCCAATCGGACAAAGCAAGAGGCACAAATACCGTTCATCATAAATTACAGTGAGCACTCCTTTACCCTGTCTGCCGCGCCAAATACAATTTGAGATTTCTGTCGGCAGGCAAGGGAGCCAGCACATGTTGCCGAGGAGTCCGTTCGAACGGCAACATTCGATGTGAACTAGTCAAAGTCTAAGGTGTCATTTGCTCTTCGCTGAAACGATGCCGGCCGTGATGGACTGGTGATGCACTGTCTAATCTCTGGATATCGGCAGATCGGGACTCTTCGTTCTTGGCGTAGTCTTCGAGCGACTCGGAATCCAATTACCGCCGCGAGTATTTATTCGGGCCGAGCCCTGTTTAGCCAGGTCAGTCGGACAATGCTCTAATCACTGTTTCTGGACACAACGTCCGTGGTATAACTTGATAACTTAGCGGTTATATTCCCGTAGCCTTAGACTCCCACTACGGCTAGTCTGCGTCGGGGATGTTTCTCTGGAACGTATGCTCGTGCCAATCTGTTGACTCCATACTTCTCACGTTCCAGACTAATGGCCCATGGATTAATCCCTTTGCGAGAGACAGGGATCGCTTAAGTGGTAACCTCGCAGAAAAGCGGTTCATCATTCCGCAAGGTAGATAAAGACTACTTACTACAGCTTAAGACAACCACAAACTTCATTTAGTGCTTATACATACGCCAAGTACGGTATACCGTAGGTCACGCGGAACCCGTGTCACCACTTTTTCCAGGGTACATTCGGTTTCCTAAGTGACTGCATGACAGAATTACAGCGCAAACCTCGTTGTTGGGGACAGGAGTGGCGCTAGCCCGATGATGGACGTACGTTGGCCATCGGTCCTCTTGCCAAACCGAGCGGTGCTCTATTAACCGTGACGTCGTACGCAGGCTGGTCGCCGGAGGTTGCCTGGCACTCGAGCAAGGGAAAGTGTCACGAGTGTACGTGACTGATATCATGCACGTGATACCCTGGCCTTAGAATGCCCGATTCCGATGTCGCGCTACGCCCTTCTTGGTCTCTCCCTCGGACGGCTTGGGAGGGCCCTGCAGTATATGTACGGAAGCCTTGCTG,1722,51.51,Mus musculus
SEQ_668744,CATAGTGTTGAATTGAAGCCACGCATGCTGACAATTTTTTCCGAGAACATCCAGGAGTAGATGTGAATTATCTTCATATCGCATCTTGCGATGTTACCGGTTTTCCCTAGTACGTAATAAACGCCCGCCAATCAGAACGAACTTGCACCCTATGGGCTTTACCCGGCCAGATATTAGCGGATCCTCCGCTCAAAGGGATTAGTGTTGATTTGCTGGATTAAGAAAACAGCCCACCTTACAGAACACAGCCCCATCCACGAACGCGACCACTTTGACAATCCTCTTTACTCTGCTAGCAGGACCACTGCGTATAATGTTCTGCAATAAGAGCTACTGGGTTTCCTGGATGCAGAAAACCTCCGGCCTTCGTGGTTTGCATTTCCATCTATACACTGACGCTCATCACTAGCTAAGACTAGCTCCCTTGTTATAATCTATTAAGAGGCTTACCCTCGCCCAGTAGGGGATTGCGGTGGACTGGACTAGTAATTTGTTCTTTGAGGTTAGTTATATTACCCCGGAATCTGCTAAGCTGCCATATTCCCTGTGGGAGTTTAACCAGTGCTACATAGTGGGGCAAAACGTAACACGGCTTCAACATATTAGCTATTGATGTATCGGCGGGGGCTCAACTACACCGAGTGCGACACCCGTATTGAACGTCATTTATGGAGAAAGTGTGGGTCTATGATGGCTATGGTGCAGCCCCGATGCTCGCCGGGAGCTCTAGCTATGGTTGTTCCCCTTTGGAGGCGGCATCGTCAACGAAGTTATCCGAACATGAGGTACGCAGAGTCCTGTACGTCAATTAGCAATTGCATGAAGATCATTGTCCGTAGTACGCTGTCTTGGCGGGCGCGCACTTTTCTTGACCTGAGATGGTGGGATTGCCCGCATCATTATGCTCACGGGTGCGGGTCATAGCGATCGTAGCTAACGCGCAAACCAACTACGTTATAAGAACGATCTGTTGTTGAGTCAGCAGAGTCGGTATACTGCTAGTGAGCTAATTCATTCACAGGAATGCTGGCTTCGGCGTCGTCTTGCTAAACGCCGGCTTATCATCGCGGAACACAAGTGATTATTTTTAGACTCAGGCGCTAGCGTTATCCTACCCATACAGGTGTTTGGGAGCCCGGCACCACGCACACACCTAAGGGATGTTAGAAATCGACGTGATCCGAACTATCGTA,1193,48.53,Drosophila melanogaster
SEQ_402526,AATACCCTATCACGGAGATTACGGTTGCCTGAAGAGCGTTGGTAAACCCTATTCCCGGTTACCGCGCGTAGTCTTGTCTCCCCGAGTCCACCTCGAGGGCGCCACTATCGACCTGTAAGCCAGTAGGCTATATGGAAGTTACAACACAAGTCGTACTAGGATGACACCGGGTGGGTGGACTCCATTGCCATGCTCATGGAAACGTACGAGAACACAGACGAGGAAAACGGAACATGAGGTTGACTGC,247,52.63,Mus musculus
SEQ_782906,GCCCGGCCATTCCTAAACTTAGTTTCGGCAACACCATTTTGTTTACATGGCGTCGCTCAGCTCCTAATAGATCAGTACTCTTTAAGCAGGGACGACTATGAGCTACAGATATCGACTAAGTAGTTAATAAATCGGCAACGTTACCGTGGGGCGTCGCCCAGAATACGCAAAGCACTGCGCTTTTTACCTGGCGGTTATGCCCCAATAGACGAGACTGGTCCCTGAGCGGGCAAACCGTCGCATCCTAGCCGAGTACTCGTTTAGTCCCCTCCAGGATTCTAAGGCGTGACCTGGAATCCCTAATATCATTAAAGAGATATCGAACACAGATTCTAAGTACGGTGTGATGACAGAAGGCAGCCTGTACAAGTGTTCTGCCCGACGTGCGAAGGTTCGAGTCGGGCTTTATGTATTAAGGGATATACAATCGTTGCGATCCTGAAACGTAGGATTGCCCGGAGTTACGCTCGAGCGCTTCGTAAGCTTATAACGGGCATGGTCGTATAGCGTGATATCGCCAACATGTAACATGGTTCCGGTCACTCAACTAACTGACTCTCCAGGTGACGCTGCCGACGCGGAACTGTCTGCCACCACTGCCAGCAACACAGGACATGCTATTTTTCTAAACGTGACGCTCCCACTGAGCGTTTCATGTGGACACATCGCGCGCACCTGTCACACAGCACTGTCTCTACTGAAAAAACGGTGTTATTCTAGGTCATTAAGACGGTGCAGTGTTAACGGGTTTATAACATGGTCACGGGGCTCAACCTCGAAGGTATCCAGCTTACGATACAGCGCGAATCAGTGATAGTTCGTTGGATCTACAAAATGGGGGGAGTTCCCTCCTTGGCGAGCTCTCCAGGGAAGTGCATAAGTCCCCGTCGAGTGGGAGGACGAGACTGGAACCGTAGCAATATTCAATGTGTTAGGTTTTATGGAGGCGTAAGGCCAAGAGTTGGAAAACCAAGTTCTGAACGCAAGGGCATTTTCTGTATTATTGCACAGTATTTAGCTCTGAAGCTCTCTTAGAGGACAGCAAGTTTTTATTGCACGTCTCTAGCGCTTGGATCGGTTTCTATCCGTCCTCATAACCTGTATACATTCGGCTCGGTATCACGGGCTTACGCTTTGTTTCCGATTCTAACCTCGCGGACGTTTATGGGCCCTTATACCCGGGGCCGCATGGCCTTGGAAACCCGGACTGGGAGTAAGGGTGATAGTGAGACGTATGCGACCCCTCCTACCTTAATCCCCTGGGCTCTATAACAAAGTGCACTCCCTTGGATCGTTGTCTGAGCCTCGCACATCGTACGCTTATTCCTATATTGCCGGGATCAGCGTAGTAAAAGGTCCATAACCCTACCTCATCCCGCGCCCGACGCGCTCAATGCCGACTTAAACCGATCCATTTCATGACCTTCGCCTACCCAAGGATTGCGCTCACTATGATACGGGCAGGCGTTTAACACTTAATAACGCGTTTACAGCATTTGTCAGAGTATTCAATCAATGCGCTAGCAGTGCGATACGGCCATGGGTTTGTCACTCTCTGCTGAACTACCTGGCCGCGATTGTATAGCGAACACGGACTAGGAGTGCCACAGGTCATGCCTAGATGCAACAGGTTAGTCCGCCGGGGATAGCCCGACCCGTCTCAACTATAAGCCCGGCCTATCAAATTGATCGGATTTGAGGACATACCGAAACGGTATCTTGGACAATAATGTCCAATCAGACGTGCTCAGAACGGGGGCCT,1762,50.34,Drosophila melanogaster
SEQ_775458,CTCCTAGAGAGACGCGACGCGTGAGTGATTATGCGACCAGACTTGCAACGTAACGTCAAAACCGCGCGGGACGTGACTTCCAGCCGCGCGGACCGTGATCTTATAGGCAGTACGGTGTGCACGCAGCTAAATAAGCAAGGAGCATGAGTCTTTTTACGCCAAAAGGTGCTGGCTGTTCCCAGTAAAACTGGAATTGCCCGGAGTGACATCTTAACCAGCGGCTCCAACTGTCTAAATGGGGTTGGTAACCCAGGGAGTGTCACGGACCCAGTGATCCACCAAGACGGAAAGTTCGAACGCCTTACGCGAGCTTAGGATAAATGAAACAGTTAACAACTCACTGCTTCAGACCCGTCGCCCTAAAAGCGCCACCACACCAATAATTACATCGTATACGCCGTAAACTTGGATCTATCGTTCGTGTTGCAGACTTGGGAACCGCCGGCCTCAGCCCCGAAGGCCTTAATTAACAGCTATATCAGCGTTCGTAATCTGGAGGACATGAACGATGTCAAGCAAAGATCGATTTAAAAGACCTCTCTCCACAAAAAAAGGCGGGTTCCGCCTATTGTTCGGGACGGGAACTAACAGAGAGATACCTGTGCAGGACCTGCTCTAGACCTCTCGCGCGAGGACCCGATAGTAACTAATTCCTTTCAACCGCCGGACCGTGTAGCTAGGAGTCCGGAACAGACGATCTAACAATCTAGTGAGCTTCATGATCACACAACTTAATGCATGGTGGCGGCGATGGTGTCACACTACTGCGGCAGAGGAATTTCCGGACGACCACAGCGAAGGTCTCACCCCCACCAGAACACGCATTGCGCTTTTCGGTCTCGAAAGCTTCTCCTTGTACCAAGTGTTGTTAGTTGCTACAAAAGTCTGCTGGGCCGTAGCATCGTGCATGCCTACCTTGGGAGTAGCAGTTCCTGTATTACACGATGAGAGTTGTACAGTCCCTAACTATAGAACCGCGTAAATGTAAGGTGACGCT,997,51.05,Arabidopsis thaliana
SEQ_706664,CGCCTTGGGCTTTCAACGCTGTTTCCTATCTACGTCACTGGTGGAGGCAAATTAGTGGGAGTGGGTGACTTTAATCCAATGCCGTTCTAAGTTGTGGTTCACAGATTCACCATGATACATTCTGCGAGCCCCCTTTTCGTTGTCTTAGAGCACGGCCCCCGGCGACCGGCTCTCAGGGAACTAGCCACGACGATAAAAGAACAGGGATTATTTCCGCATATCGTTGTTATGAATCCTTCGACTCATGAGATTCCCGGAGAATGATCTGCCCAGGGACACGGTCAAATATCCTCCTATTGCTAACAAGCACATCTGAGAAGTGGAGAGGGCGGTAGCCTAGTCGAAAGTGCTATGTACGCACCGGTCCACCTAAGTTGATCCAGCGGCGCACTCGAAGTGTGCCTCGATGAGCCATCTGGGCGATAAGGTCGAGTAGCTACAGTGGGCCCCAAGATTTCGGAATCGACCATGCGTATTCATCATCCCCTGTGCCGAGCAATCGGCACCTATGGGGGCGTAACGTAATCTAATGTGATAAACAGGCCCTCCAGCAAAGTCCGAGTCTACGTTCTTGTTAGATGATGGGGGTTGCTGGTGCATGATACCATCGCCACTATATAATCTTATGCGGGACCGCGGGCGTACGATGAGGGCAGCGTCCCAGCTCGTTGCACGCTGCACTAGGAAGTGGCTGTTTAGATTACGTACATTGGAGTTTTCCTGACTCTCTATCCCTAACCAAAAAGCTATTACTATTCCTGAAATGAACACATCAGCCCGATGGCCCAAAGTCCGAAGCGTCCCTTGCGTGTTTCTACGACGAGCTGAACTTAGGTATGCCGCTCGGTCTCTTCAAATAACCTGGGACATGGGTTTAATAACAACGAGTATAGCACAACAACGTGGTAGTACCCACGAAGAATCGGGTCGACGCGGCACCCGAGAGCAAGTCACGCGTGTGTGGACTAGCTGCAGCCTACGTACAGAAGTGGACTGTTTGGGAGCGTAGCGTCTTAATAGCATCATAAGGCCCTTCGAGTTGTGCTGACGAGGCCTCTGTATATCCAACACTTACTACAAATCTTTAGAATTGTCGAGGTTAACAAAAAGTGACACCACTCTTTATAAACCAAGATGCTTGTCACGAGTATATCTACCCGATAGCCGTCCGCTATTAGACCAGACTAACTAAAGTATCTACCTTAGCCGACAGGTCGGACAGTCAGGTGCTAATGCTGCACGAATAGAGGCTTTAGTACTAGCTCCGCATTGCGGGGGGCTAGAGCCGGCCGCGCC,1296,50.69,Drosophila melanogaster
SEQ_325036,AAATATCATGCCATTGCATACAGGAAGAAGCACCTGTAAGGTTTTTACGTGAATAGCCTTCTCAATGTTGTAAGTTGCTGACTACAAGAAGTCTTCCTTACAATCGAGTGTTACCCGTCACGTGGATGCCAGTGGTCGCTGACCTTGCATTATATCATTGCTACCTTGCACAATATACTACTTCAGGTCTTGAGGGAGCAAGGACAAGAGGTTTATAAAATGAGGGTCGAAGCTTAGCCCCTCGTGCATACTTTGATTCGGACACATATAATTGATGCGATGCTATTGGCGACTAACTGCTCACGTGGTCTAATTTTGGGTCGCTCTCTAAGCAGGCGTCGTTTACAGATTGCTGAGTGGATTTCAGTCTAAAAGCATTAGTAGGAAAATATGACGATTGGGACCCTACTCGTTCCAAAATGGCACGTCCGGTACTTGGGTACCGCGTGATAGCGTCGAGAAAATATTATAAACGAGACCGCCTTTGTCGGTGCGCCAGGCGGACGAGTATGATAGAACCGGCACCATTAAAAGGCGGATAAGCCCAGCAGTTCAATAGTATGATTTGCCCCATTCCTCGATCTTCGCCTTACTTTTGATCTCCCCAGACTATCTCCGTATTCCTCCAGCCCCAACCCGAGAAATAAGCAAAAGAGAGAGCAGGCGTTTCTGAGCGCCTTTTTAAAGGCTTTTGGACCATCTTGTCTAATTGCACATCGCCGCCAGCCTCCTGTCAACTGTGATAGTACTGTAATGGAACAGGAGTGACTAAGATGCACGGGTACACACTATGGATACATCCGTTTGCTTGTATTCTGATAATTACTTCGATGTGCTGGTCTACGCACCGACCT,854,46.14,Escherichia coli
SEQ_502618,AGATCCAGATGACAGAAAAGCTTATTGTTCGTCAATGCCACCCCCTGATGTTTTTCATCGGACACAGCTTTACTGTCACGGCTAACCGACTCTTGTTTACAGAGTGCACAACATACTAGGCAAGTAACAGTACTTGCAATCTAGCCTGCGTAAATGCCTCAGCTCGTCCAGGCCGATCTTTAGTGAAATCTATCTTACTACTCGAATTTTGTGCCAAGATAACCAGCCTCTCGCGAAGAGGTTTTTATGTATCAGACAAGGTAGCATCCGTTAATTTCAGTCCCCACCTGGCTCGCGAAGTCCACGTTTACTTGCCGAACCAATCCCACAGTTCCGAGACAGCTCATTATCGGAATTAACCCTATTAGCTGGAGGGGCTGCCCAAGCGGATGGTCCATGATAGCCTACACTAGCTCTGCTCCCCGTTACATCAAATCGATACGGCGTAAGTACCACTCCACGAACGGTCCCCGACTGCCACAGATGCTTGCCGTCCCTCACTGACATTGCTGCCCATCCTCCGATGCCGCCCTAGCCACATTTGAAGTCCGAGTTCCATAGGGTCTAAATGCATAAGCTTGATCGGCATTCAACGTATGTTAGCTATGATTAGATTGATACGTGGAAGCGGAGACACCCTCTCCCGTAAAACACAACCCAGATGAGGGGTGAGTGAAAAAACCCCCCATTAGGGCGGAGCCTACTCACGGTTATCATCCCCCACTTCCGTTACAGGTGGCAAGAAGATCAAGTTAACGCCCCAAGATTCTCGACGCACGGCTCCGTCAAAGGTGGAATATCCGTTACGTTAACCCGCACAAAGTAAGACATGAGCCCTCAACGCTAATGCTGTCACGATTTTCAACGGGGTGCCGTAGGGCCGACACAGCAACCTTAGAACTTTCGCGCAGCTATGCAACTATGTCTCACGCGATTCGTTTAAGATATATCCACCCGTATTCCCACTATAGGTCGACCTACTCCCAAAGGCCGTGAGCAGGATGGTCTATCAATGAGAACTCAGATTTCACTGAGTGCTGAGACGACACCATAGCCGGCTTGGTCATTAACAGGTCAATGACGAAAGCGGGTCGCTGCGCGTGTCGGATCTCCCTCAGTCAAGCTTAGTATGCAACCACTTGATCTCGACTCGTGGTCGCCTGGGAGAGGGTGGATATCTAAGGTGTACACGAAACAGTCTGCCGATTAAGCTCATGGTCCGG,1223,50.29,Mus musculus
SEQ_334150,CGTTAAGCGGTTAAGTATCCCACATGTTAGAATGCGGGGGCTGAGACGTAGATGCTCACGTGGTTAAATCTGCTTAGAAGGAGTGATTCGATTGTAAATCGGCTGAAATTTTAAGCCGGTGCTGCGGGCTCGTTTCGTCTCCTCGTTGTGGCAATCTCGCAGTA,164,48.78,Caenorhabditis elegans
SEQ_876782,TTTGAATTCAGAGACATGACATGCTCGGATACCCACCTGAAGCTGTGTGCGACAGTTGGCTAAGCGGACAGGTGCCGTCTTATCAGATACGACGTGGGACATCCTGACAGCTCCTAAACCCAGACGGCCGTAAGACCTACTCTGCTCACAGATCACAAACATTGGCGAGCCTATCAGGTAGGCCTTATCCCCGGCGCCCAGGTGCAAGGCAAATCCAGCGTGAAGAATTTTTGGAAACGCCCCTCGGCGGGCCCGCTCCTAATAATTAGTTATCTTATCGTCTGAGATCTTAGTCTTTGCTCGTGTGAATTCTAAAGTTGCGCTGCACCCCGCACATCAGACAGTATGCTGACCCATCGTAATGAGTCCGCGTGGGAAAGAGGGGGTTTGGAGTACCACCTCTGTGGCTCTGTAGTAGTTTCTGTGTCAGCGGAACGATGGAATAATACTTACCCGATCATCCTTGAGGTACAAAGCATTACCGCGAGCACAGGCTTGGAGTAAAGATAGGTCTCTTTTGGTCAGCCTCAGCCCCCTCGATACGCGTTAAACGTTTCGAATCAAGTCGCCTGGCTAGTAGCACTCTCAGTGCCCCGTCAACAAGATTCCATCCGTTTCAGGTATAACTGCTCTGCAAGTATACATGGGCCGGCGCACCCAGTGTTCACTGTGGGTACATACCCCCCTCTCTCCTCCCAGAGCGTCTCTACGGAGAGACTTTGTATCGGAGTCATAGAGGCTGGGTTGTGGCCTAATAGCCACCCCGCTCACCTATGCGCACTGAATGACTACCACCACCGCAAATTAGACGATTTTGATCATAGTGGCAGTCAGTCCTAAACACTAAACGGAGATGCGATACTCAATCTCTCCGGACGCGCGAGACCTTCTTAGACCACCGGAAGTATGGCGAGCTACTCATCCAGGGCTGTTGTTCGGAATCAGCCGTATTCTTACCTGGCGCTAAGCGAAACTCATAATGGATGCTGCGCCCTGTCTACTGCCGTTCTGTAGGCAACCGGAACGGCAAATGTGAATAATCTGATAGGTTGGTGGGCCGTGTGTGTGGTCGTGATAACCCAGATCTAAGAGCTACTTCCGATCCCCGGTTCTGGAGACATCATACGCTTTTCTGAATAGAGTAAGGGGGACCGGACCTCCATTTTGAACTGTTAGCTGCGATAAAAGCAGGACCATGGTCCGCCATAGACGCACGACCGCGATTCGCCACACTAGGATTTTACTCGCTGTGCCACCCAGGACTTGTGCTCGGGGGTGCCAGTTACCATTCTTGATGCTTTCGGCTCGCACTTTCATACTAACGCGTTACTATCCTATCGGACTTTGTTCACGAGGTCGAACAGAGCAAAACTCCCGCTGCCTGGTTTGCACCGTACAGTGAAGTTCAAT,1410,51.77,Saccharomyces cerevisiae
SEQ_542368,ATCACGACCGACATAAAATCGGTCGCCTGTTTAAAATTCGGTGCTCCGTGCCAGAAGCGCAGAGCTGTTAATAACTAAAGCTCGGTTAACGGAATGACCAGGTCAAAGCCGCCTAAGAAGACGCGGATCCTGCGGAATGTCCGAACGCCTTTCATTTCGCTTATGGAATCTGTTAAATCTAGGGACTAAACCTAGGAGTGCTAATTTCCCGAAGACATGCTTATCTTATAACGCGGGGTGAACACGCAGGGCCCTGGTGGGCTCGGCCGAATAAGCACGCCATCTAGGCTATGTATACTGATTACCAAAACTCCTCACCTGCTAGCCAGCCCATTGAACAGTTAGACGGTACTAGAGTGGGTTTATGCAGGCATGTAAAAACGTGTAGGCACTGAGTCGAACGGCTAGTAAACACAGATCATGGAATGAGATGGACAGTACGGGTCCCGCCGATTCATCGGTAACCGATCGGACGTACTTCTTATGGTAGATCAAACCAGATCTGCTCATTTCTCGGCAAATACTGGTCATACAAGAGGTGAGAAGCCGGAGCCGGTGTGAGCAACATATCGTCTGTCATTGATGCACTGCAGGCACGGCCGGAATCCCAGGCTCTGCGGCCTACCAAGGTTAACACAGAATTACATCATTCTAGAGTAGAAAATCATGACTAAAAGGTAGTGCGAGGTTTTCGCCTCTTTTCGTGCCCGAAAAGCCACCAGAGTCGGAACTATTCGCGGCCACCAGTGGGCCAAGATAACGCCCCACAGAAACATCCACTGTAGCACATTCGAGGGGCCGAACTATTAATAAGGTGTGTGCCACGCTTACGCTTCGTGTTTTAATACCATATGTCTCCTAGCAGCTGGATGATAGAACCTTAAACTAATACCCCATGCGACGTCCTGACATTTTCAGGCGACTCGGAGCGCCGGACGTTAGGAGTCTAGCGGCGTGACACTGTCCATACGAAAGAACTACACCAGTGTTTCTCCCTCATCCTTCATCTGGGTCACGGTGAGGATTTTGGTAACGCTCAGGAAGTCTATGGACAATTGCGTACTGTGCACCACCGGAGTCGTAGGTCATGAAATGCACAGGATCGATCTTTGGTGTTTATGGGTGAAGGTTTCATAGGACACGTATCCTAACCGATTGATAACACCAGGAGACATGTAGATTATTGTAAGCGGCCCGACCTAAGGAGTACCAGTTTCTGAATGGAACAATAGTTGTGCGTATAGGTTTCCTA,1252,48.88,Escherichia coli
SEQ_826179,AAACTCAGGACCATGGCTATGTCATTACCCAAGTTGGCCTATGTCAAATTGACAGGGGGTTGTGAACGCTGATCGAATCCCGTGTTGACGCATTACGGGCTCACTCCAATTGAGTGGCCCCGAATACGCGATTTAATATAACTCTTCCCCCGAACTTAGCCTGTTACCCGGCGCGGAGCTGTGCCATCCTTTCATCTGATGCCTGCTCAAGCATGCACGTTTCGTACGAGGCTGTCGGGCTATAGTGAAGTACTGAACATCTTATTGCATTGAGCCGTAGTCTTGATTCCTAATCGGGACGCTTTTGCTTACTTCAGTCCTCGGCGTAAATTTCTTGAAGCTACGGCGCCCACGCTTGGCTCGAATACCCGTTCCAGAAGTGATTCCACGGTCACTCTGCATATGCAAGGGGCCGTAAGGTCACCATCGACCACTTAAGTGTTGAATAGAGTTCTCGCGAAAACCATAGCCTTACTGACATTGCTGCACCGCAACTGCAACCGTGACCGGTTGAGTTACGTTATAACGTCCTTAAAATAATCGAAGGCACTATCCGACGTAATCACAATGGTACAAATGGTTCGAGCTCAGGGTGGCAAGCCATCAAATGTATCTTCAGACTTACCTGGCCATAAGATGTAACGCTGACCAGTGGGTGAAACTTAGCGTCTATTAAAGGTTGTAATATTCATTAATTACTACCATTACTACCGCCCGACTGCGTCGTGGCTTGTACGTACGGTTTTTGTAACTGATGCCAGCTGTAGGTGAGGACCCGGTCGGCTCGCTGTAGCTGTCGTATGCAATCCCTCATTCAGTAACAATCATTATGTCGACGCTGCGTGAATTGTGAATATGGCATAATGATCTCGCTGTAAATACGTTCGTTCCATCTCGCGCTGTTGTCTGTGTAGTTTAGCGTCGCCAGTGGTCAGTGCCGTAAACAATACCTAACTAGTTCAACTTTTTGCCTAGGTTTCGTGACCTAGATAGCTTTGTCTCAAAGACCAGTTAGAGCGTGGTAAAACCTTTCAGTGAGTATACTATAGTGACCTCACTCGGAGTACTTGTAGTCGCTATCCCCTCTGGCGGACAGCCGTTACTATGTGCCTTCTTACCGATAAAACACCTGGATCTATCCACTCAATAATACTCTACCAGTATCCCTTCCTGGTTACACCTAAAATCGTGCTACAAACTCATGCGACAGGATTGTAGGCGGGATCTCGACATGCATCAGCCTGTGCCAATTTTTGAGTGGGCCGGACGACACTATTTAAAGTCGTGCATACTGAGGCCTGTGAACGTT,1309,47.59,Escherichia coli
SEQ_956008,CGCCTGATCGGGCTAGTTTCAAGAGTAGGACCAGGCCAGATCGTATAAGTCCATCGCCCATAGGACTTGACGTACGCGCGATGACTTAATGCAGTGGATGCCATTAAGGTCTGACGCACTGTTCCGGCGTATTATCAGCAGCGTTAAGTCTCATGCTGGCGTTCAGGATGCTAGATTAGCGGGCATATGTCGCAAACCTTGGCGGGTTGCTATGCGTCGCTGAATCCTGGAGTGGCGGATAGGTAGCCAACTAAGGGGCTCGCGAGGTCGTTACTAGTACCACAACCAAGCTATAGACACCTCTTTATAGCGCCATAGTTGCAAGACAGACCGAGACCATATCCTCTTTAAGCTCGGAGAATCGTAGCCCCACGGCACTGTGGTGGTGTAGATATTTTGTCCTTTGTAGACTGAATACCCTTTCGCAGAAGAAAGGTACCGGCCGCGTCCCCGTCACACATGATGTTCCGGCACGCAACAGCGCATCGCTACGGACCCTCAGCAGGCTTAGTTGGCCATCTCGTTTATACAATTAAAGTCTCACTGGAATTGGGCTCCTTGCCGGTCCTCCTCACTCAGTCTATGAGAATTTCTGCCACTCAATACTGAATATCCTATTTCGGGGGCGGTAATGTAGCCGCGCACTTTGTCGGTTCGACAAAATTAGGCCTACCTGACTAAGTGATCTTTGTGCTTCAAGGCTCTACACCCAGCCCGAGGGTATTCCGCTTCCCTACTGGACGTACTTCGAAGTGGCCCGTCTATCAAGTAGTTTCCCGGCAAGCCATGTATCAAGTGCTATAAT,805,51.3,Escherichia coli
SEQ_242168,AAGCGGAGTTAGCCGCAGCACGGGTGATTAAAGTAGTACCCCCGCGCCGAGGTTTAGCCGTCTAAAAGAAGTCCCTAATTCAGGGGGTATACTGGTCAGAGGGCACATTGGGGTGTGTGGTGCGCGAGTCTGATCCGGAGAAGACCAGTTCTTACTGGGCAGCGCTTTTTTATCTGGAGTGAGTCCGCTCGAGCCAGCACTAGGCTCCGACGCACACTTGCTGTTGAGACCCCCCCGATCGTTTGGCAGGTAAGAACTCGGTTGTATACAGCGAAAAACTGTTGTCTTGACTTCTGTGTGCTATGAGACACGAGAAAGCGCGTCGAGCTTTATGAGACGATCTCGGTCTGACAGTACGAGTCACGCAGAAGCACCATCGACAGGGTAGCCAGAGTGAGATAATAGTTAAAACAGTAAGGCTGACGGGGGCCACTTTGTTCTAACACCAGCACGGTGCACTGTGCCTAGGCCAATGTTCGGTTATTTACTGTCTATTTTACGAGTAATGCGGGGGGACTCGCAGTAGAAGTACAACCAACTTGCCAGGCAA,550,52.18,Arabidopsis thaliana
SEQ_454995,GCGCCCCAGCGGGTTCGCCTTATCAAGCCTCTATGGCCGGTAAACTGTCACCCGATTCTCACACCAAGCCGAGGCTATGTCGTGTCGAGGTTGAGATGAATCGCAGACGTAGGGCTAAGCAGTTGGCCCATCTTTTGAACAGAACAGACAACTCAACCCTCCGTTTGAAAATTGTGTGGAAGCTGCCCTGTGAAATAATTCTTGGCGGGAGGCATAGCCATTGACAAATGCGTGGGACCTTTCGTGCATAATATCCGTAATGCGTTTAATGCCTGTCGGAGTGCCCACGCTCCAAGTCTAGGCAACGCTAAGGCGGTGCACCCGATAGTCCGAGCACTGAGAGGGGTGAGAGCGTTCCCCTGGAAGAAGCGACGTGAATTCCACATCATTTCTAGTGGATACTAGAACAAGTCACGGGGGCACCTACCATTAATATGCGGAGAATGATGATATATCCGTTTCTCTATTTACGCTCGCGGAATTCACCGGCCTCGAGGCTTGGTAGTGATTGATTCAACGTTGCTTGTCGTGTGTGTCTAGGTCACGTGCGAATCTTTGACCAAAGGTAAAGTCACTAACGCGAGTTCCGCTTTCTACTCCCAGAAGAAGTGGTTGGTCATCGAATTCCTCCCTCCAGCGACAGGCATCGAAGAGCCCCAATCCCCGAACCGACACGGTCAGGGGGTCCACTTTTAGTCAAGAGTGGAAATTGGGAAATAAGCCTTCATCGGCCGGCTTCAAACCGCGTTCGCTGGCCCCATTTGTAAACGGAGGCCGCGGTCTAAACCCAATATAAAGGTCCGGGAGATACAGTCTGAAGATGTTAGGGCTCATATTTCCCCGACTTACCGAGATAAGGGCTATAATATAGTCTCTTGGGGTCCGCGCTATTAACTAGAGGGGCGAC,907,51.49,Escherichia coli
SEQ_808481,TTACCATAATCAAGTGCCTATCGACGCGACACTGATGATCCGCGAAATACGGTCTATCAGAAAAGTGGCTATGAGCGCTGTTTATTGAACGATATCCTTAAAGGCAGTCACCATAATGAAAACTCAGAGTTGTTTCATATTCTAACAGAAATGTAGTAGCAGTTTTCTGTCGTACCACTTTGGTCGCTACGACTATTGATTGACTACCCTATTGTCGACAAAGACAAGAAAGTTCTCGGAGGCCTGCATACTGGTTAATTCACACAACCACAACTACTGCACCGGATCGTTCCACACTATTCACAATGGTCGTGCGGAGGGTTTGTTTTCACCGACATGTGAATGTGCGACTCTTCATCTGTCCGGGTTGGGGCCTCCGAGCAAGTGGCCTACCACAAGGTCTCTCGGAGCACTGTAAATCTCGTACGGAAGTGTTTCACGGCGACGTTTAGGAAACTAAACCCCTGTTACGGAAAGTTGGATAACAATTGCCAGGCGCACCAGTGATAGCAGTATGAGCCCCGCGTGCGGTGACCTCAGCGCACGTTGTACGTGCTGACATCGCGATATCTGAATATTTCACCTTATTAACCGTCGCAGATACTGTACTAGGACCCGAGTCCTACTCTAGCCGACCGTGGACATGTAACGGTCTCTCCGTGCCGACAGGAGTGCCAGTACCCAGGGGATACAACTTCCTCATAAAACCAAAAGTTGCTTTTCCCCCTTGTGGTGCGTATTTTGGGTCCCGAATCCGTCTCAAATGGGCATTCGCAGGGGGCCAGAGAGAGTTAAGATTGTACACGAACAAAGTGAATCTCTGAGCTAATACTACTCGAGCTTTCGGAATTAGAGAATTCCGTAAGCCTAGACAGTAGTTTCTTGAGTTGGCTGGCCGAAAAGTCTCCAGGTCGCCTGTGGTTTAGTCTCAACTCACTTACTCACGACGAGTCGGAAAGCTTCCCGCAGCAAGTCCCCGTGCGCAGTTCGGTCTATATGGTCCGGGGTCTTCGGTAAAAAATAACTCTCCCG,1032,48.74,Drosophila melanogaster
SEQ_917120,ATACCGTGGACGACGTGCAGTAACACGAAGTAAACTTAAATGATGCGTCCGTTCCTCCTGCCGCTCGCTATCCTGACTGTTAAAGGGATTTGGATAACGGCATGGTATCCTACCGCATTGTACTCGAACTTAGCAGCATATCCCTAACACTCAGTTGGAGTATAGATGGCGAGATGTGCCCTTCTTGTAGTCCCACTCTTGTGCCCATCGGGTGCGGCGGTTTTCAATTACATGGCTGGCTAGGTTGGGTGGCGCCATCCAGCGGAAAATAAGATCTCGGAGCTGCCATTTAGGAACTATCAGTAGGCACTTGGATACCCGTTACCTCGGTTACAATCCTATCCATTCTGCACTGTCCTAAATTTCTTATCACGAAGTCACTACCGTTAGAGAAGCAGGCTGGCAGCTGAGATGGATGGGGTCCAAACTGTCAGGCCTCTGCCTCGCTAATTCCCGCGCTGTTTAGACAGGATTCCTGATCAAGCTCGTCGTGAAAACCCGAAAGGTTTTTACACCGTAAGGACATGGTCCTCTACAAAGAGTCGTGTATCTCGTCGTACCCACACCGGCTTCAATGACGAGCCCGTGGGCGGCTTCTTGGACCGTAAGATAGAAGTGAGGTAGCAACACTGTATAGTTGAACTTGGGACCTTTATGTGGTTATTCCATCCGTAGTATTACCACGAGCCTTCTACTTGAAGTTCAGAAACCGGGCTCATATGGATCCTCGAGGAAATGGGAGCGCTGCTCAGGACTCCCCTATACGGATGAGCAAGCACATGGCATGTGGTGCCAGATGATCCGCGCCAACGGCTAAAGGCGTTGGAAACAGGACATGTCACCGTGTACTGGGTCATAAATGTATATTTGGCGTCTTGGGCGCAAGGGGAGTGCCTGTTGCGTAAATGGGTCAGGCCGATCAAATTCCCGGAAGTCCCTTGTCATTCGTGATGCGACGTGTAACCGTCCGAGAAAGACTGTGGTTCGGAAGATCAACAACAGGTTGAGGGACCACAGCCTTATCGCTGCGGTGTCACAGCAGGTAGTAGTGGTCTGGTCAGAGGCCAGATCCAGGTACTCAGCGGCGTGGCTTCTTATATAGACCTCGTAGGGTAATTGAGCACTCTCGCTAAGAGGACACGGTTAACGTATTATGTCCTAGGAGAATATAGGCTTATTTTAGCGAATGACCTAGGGAAAGATTCCGCCTGATAGCGCACAGCATCAGGCGATGAACCCGATTTGGTGGTCATGCGTGCTGAAAATGCGATCTAATGCTAGCGTCTGCAGCGAAAAGTGCTCTCCCACCATAAATCCGAGCACCTCGTAACTTAACCCGTATATGCGGGTGATCGTCAGCATGACGGCCGGTCACTTAGAGGTTAGTGCCAACACTAACGCCATTGCTGAGTCCTAACACCAGGTAGATTTGAAATTTGCATTGAACGTAAGGTTAATCCCCCAAACACATAGGAACGTCTACCCGCGTTTGCTAAACGGCTCTTCTTTGATACCGACATGCTGGACGCACGAACCAATAGCGAGAAAACAAGATGGTAATTAGACTTGTATGGTGCGGGGAGCCCCCGCAAATGTGATATTACTACCGACGGCCGCGTGTATAGCAAACTCACCGGCTAACATACCGTCTCCGGGCCGGGTTCTTAACTCCGGGGCTCGGCCGAAAAGGCATTTGTAATATGACGTAACCATGGAGGGACGGTCCACATGTTGGCTCTTACCCAGGTTACTGGCGTTCAACTGGTTTCCACGTCAGTCCATCGAGGTGTCTCCAATGCTCGCCCTGGGATGTGCCACTTAC,1822,50.82,Caenorhabditis elegans
SEQ_564176,TGAGAGACGATACAAATCGGATGGATACCACCCCTTGTGCTACTTACAAAATTGAACGACAGAATTGCAACCATCAGCGCGAGGACCGTGTACGGCGGTGAGCTACAATTTCTAATCCGGGATGTCAGATCCAGCTAGCAATGAGGTGCTTACAGTGTATCCTCATGGGAGGGGAAACTCCAGATGTCCGTAAAGGGAGACTAAGTCGCACAGCGTATCCGTTAAGTCTATGTCTGCGGTCTGTCGGATCATCTTGACTACTTACCGAGTTCTGCTAGAGTGGCACTCCAACCGGACTCCTCCCACCACCTCACCCTCCTACCTCTACGATGGCTGTGTCGGTTTGTTCGCGGCGAACCAAGCTGTGGTTGCCCAGTTTCTACGATTGCCGACGTGTTTAGTGCGGAAGACTGTAGCATAACAAGACGGGTTTTACCATTTCCTGTGTTTGACGTAGGAAATCCTACCCTGCACAAGCGGGAGGAACCCACTTGAATGGAGATGCGAGTGCCTAGAAACCCTTTAAGCGAGTGAGGACAATTCTAAGCTTAACGAGCCCTAGAATGAGGCGGTCAAGGGACCAGGGGCATTGGATAGGGACGACGAGCTAGAAGCACGAAAAGGATCAGTATATGAGGGCGCAGCATTATGTGCCCACAATCCTGAGAAATAACGCTAGAGACATTCTGTTGCGTCTTACCCGGCCGTTCTACACTGGGCTTTCCCATTATAAGCTAAGCCTATTGTATGGGCACGGCAAAAAGGTAGAGTAGGAGAGCTTAACGGGCATAGCACCTCTAGAGCCGGATGCTTTACATCCCGCAGACGTGTTCAGGTTATCGTGGTTAAGTTGACGCTCTCCTAGTACGTTGGTCCCTTAGGAACGTATAGTTTTGGCCAAAAGCACACGTCAGCTTTCTGAGGTAGGTAGAATAAGACAAGCTTGTATGAATTAACACCCGGCTCGGCCCAGTTAAAT,979,49.95,Mus musculus
SEQ_878993,CCCAAAATGCAGCAGCCAAGGCGCCTGCGTCTTATAATGTCCATATGTTTTGAGATGTGAGAGTCTTACTAACAATTTTTGCCTGCTTCTTGTTTAACACTTATTGAATGATAATGTAAAAACTCCTTTTTTCATTAGGATCATTCATGCTCGAAAATC,159,36.48,Caenorhabditis elegans
SEQ_165980,TGAGATGGATAAGATGGTGCAGACATAAACGAGCAAGGGTATCCATATGAAAAAGCCACCGCGGCGGATGCGCCAGATAGTACCTGCTATCGCGGCAGACTTGTCCTCTTACTGACTTGCGTCCGGGAGTGTTTTAAGGGGTGTCCGATGCACTACGGCGACTCTACAGGGACTTCACTGGAGGATTCTAGCGCACGCTGGTCAAGCGGATCCCCTTTACG,221,53.85,Homo sapiens
SEQ_637635,GGCTATTTTCTCATCTTTTGTCGCAGACGATACGCTCCGCCACAAGGAGAGGGCTGATCATGTTCCGGATGTCGTCCGGGGGATCGACCGAGGCACATCGGCGACGGTGGGGACCTCTAACTAGCAGACCACTGTTGCGACTCCCGCGGCCGTCATTCAGGTTATAAGTCTGAATGTCGACTGAACTTGCCGCCTTTCTAGTTTTCCTCGTGCGGTCACTTCTCCGTGTGCGCCAGATTGCGTTCTCAGCAATGTTTAAAGAGTACCTAAAGTCGAGCCTACCGTGATCGCTGATTAGGGACTCTCGTGGAGGAGTAACGTCCCGTTCGAAGCCGGGATTGATTACTTATAAATTACTAGATCGTTAACGGGAGTGACGGGTCTTCCCGAATGCCACATGCCAGGATTATATATTGTACCGAATACGTGCAGTGTTGTTAAGGATTGGCCCCGGTGACGAAAGATGCGGGGCTTTCCGCAAGGCGTGATGACGAACTGCGATACTCAGCCTTGGAGACGACATAAGGATATTCCGTTGCGGAACCGATCGTAGGTGACTCCATCTGTTACCTGCGAATATGTTCGGAACAACTTTGTGCAATTGCGCCGACGCGCGTCGACATAAGAGAATCAGCGTCCCCGCGGTGTCCGAATTTGAGTGGTGGGGAATTTAGGCACTTAACTACGTAAACCGATGCGATGATGAATCGATACTCGGCCCCGATTAAATATTATATCTCCTCGACGGACGCGCGCCTCCTTGGGGACTCCCAGCCGGGTCAG,783,52.62,Escherichia coli
SEQ_142755,AACCATGGATGCGCATGCTTGCAGGACGACAAGCTTAGGAAACGGTATGAAGCGCCACATTATCCCTACCTGGGAATTTTGTACGAACTGGCGGAGTCGATGTAAGCAGGATACCATAGGAAATCGGGACACAGCCGATGCCACCAAGACCATAGGCTACCAGCCTGAAGGTGAAACCTACTACCATTTTCGTAGCGTTGCAAGTAGTGCAGTATCCTTAGTCATATGCGTGTCTTCCCTGCCGGTTGCCTGAACAAGCTCCTTTGGGCTTACCTTATGGTAAGGTCTCCGCACTTGATGTTGCTCTTACAGCTAAAGGATCCATTACTAGAGAGCACTTATTCAGCTACTTGACAATATGCTTCAGTCGATCATACCAATAAAGCACGGCATCAATAATGTAGTACATTGTTAAACACGTTTCCCGAAGTAACATGCGCCGATACACGCCCTTTATTACGGGTACATTGAGGCTCGGAGAGCCGGGCTTCAGGTGCGTCGCTACATTCTAAGAGGAAACGGAGCTAGGGATTCGCACACGTCGGAGTGTATCACACTTAATCAAGCTGGTACGAGCGTCGATTGCTGCAACCGGGGGGTCCCCGAGGCCGTGCCTCCACCCAAGCATACAGTAGGCTCAGGGGCGACCAAACCCCGACGGGAAGACGCATTTCACTAATCGCATATTCCCGACGCTATAACTACAGGAAAGGCGACCTACTGCTGTCACCACCTCAGCGATATAGTGCTTACTACCGGGTCAGATTGTAGAATAGTAGGACTGGGGCCTTTAAGGATCTATTATGAAGCCCACACCCACCCCTCCTGTGAGACACACTTGGGCGACCGCCCGGTGAAACCACAACGAGAAGAGACACCGAGGGACTCGATCTAGGATATACGCGTTAAGGAGCCGTACCTACAGTTTGGTCTACTCGTTTAAATTGTCGGCATCCTACCGAGAGGTCACAACTCTTGTCGTCCCTTTGTCCGCATCGTGTGAGAGCACGCCCCTTGCTAGGCTCGAGGTAGATTTTCTTATGTGTCCCAGCTGATGAAGTACGGTAACTTAAATCCGTTTAGGAGGGATGATGCCTAAAGAGACGGAGGCGATGTCTGCAATTCTGAAGTTGCTTTTTTGTTCGTAGTATTGCACGACCCCGAGAGTCAACATGCATTTTCTTGTGTTGGCAGTCCATTGATAATAGTCGGTATGTGACAGAAGCTCATTACTGAAGCCCGCAGTGTATAAATTAGAACCGTTTAGCTTCAACTACTTCGATAAAATCCTCGACAATCGATTTCCCGTAAGGGTTATCATTTGAGCGATGGCTCCGATTACCACTACGCGGAAGGATAATTTCTTTTACGGTCAGGAACGGTGTGCCGCAACAGGTACTTTTTATATTTTAATGTGGACCGTTTCGATA,1430,48.81,Mus musculus
SEQ_226089,ACGCTCTGCGCTGTCTAATATTGGCTCGGAAAGGCAAAATAGCGAGGATCCGACCTCGTCCACTGTTGACTCCTAGAGTAATAGACGAAATAGCCTCCGAGTTGCTAGCCAAGTCGTTTGGAATTAGTACTGGTTAAGCCTAGTCGACTCAAAGGATCGTAACATTCAACCCATCGATTTAAATCAACGAAATATTGACACAGCGGGGCCGCGAAAGAAGTTTACTCAGATCGGCGATCGCGTTACGTTTTTTGCTGAAATGGGAACGGTAAGTTGAAACAGGTTTAGCCCTGGCGTTATCTTCCAAATATTGCGGCCCGAAGCCGGTTCGCTAGAATCGCGTAAGCATTTCGACCGTGTATCAAGAGATGTAGAGTTGCGAGGGTAAGTATAG,394,46.95,Arabidopsis thaliana
SEQ_560939,GCGGAAAAATAACTGTTGACCTATATTGTGCACTATGAATAATCGTATCACGTCTGTCACAGGAGGGAGTCACTTATCCCACAACAGGTCAATGTCTTATTCACGTTTATTGTACGATGCATTAGATTAAACAACATACGGCAAATTTGAGTTGGCCCGTGCAGGTGAGAGTGTCCCTGGTACCTGCCGTCGAGTTCCGGTTCGTCCCTCCCAAGTTTAGAACAATTCAATACCATAGTGTAGTCATCTTCCGCGTCTTGATTTACCTTAGAGCCATCACTTACGCATGAATAACCTGAATCATATTAGGGTATCCATGCCTGAAATGAATCCCAAAACTTTAAGAGCTGTTTCTCGGCGCAACTAGGAGCGCCGCTCTGGGGGGGGGTAATACTGAGAAAGTATTATTATAGGATCTATCGGTACGTTCCATATACGCAATACCCGTGGTCCTATGCACATGTGGAGTTCAAAACAGCCACTGCATAATGATGTCCAAAAGCCACTAACTCAGTCGGGTCAATCGCCGCGGGGCTATGTGTGCGAACTCGACGGAACCGCTGTCTGCGTTTCTTGTCAAGCTATTTCGGTCCGACGTGGTACAAGAGTGAACGCCGGTGTCTCGCAAACGAGCTACTTGTCATGGTGCGGGGCTCCCCG,660,47.73,Escherichia coli
SEQ_443887,ATCGAACCCAAAGTTCTTGTTTCACTAGGGGCAGCAAGGTCGTTAGGGAAAACCCTCAAATCAGCCGACACCAACCATACGCACGGCCCACAATACTGTTTCAGCAAATTATTTCTACATGGCCATGCAGGACGGCTGTGGTAATCCTGCCTATTTCTTGATAGGTATTCCCGATGCGGGTGTGGGAACGTCGTGTCCCAGTACCCATTTGAGTCCTGGCCCGTGCTCCTTTCGGCTCCCTGTGAAGTTGTCTTCCCACTTTCTATTTTAATATAAAACAAGTATTAGGACACGCCTAGGGGGATCAATCGTAGCTTAAGTTTCCGCTGATTGTGAATCGTGGAGACGCCGTAGAGAGCAATGCCGAGAGTAACAATTTCTTACTTGCATCACGAACAGTACACGCGCGAGAC,413,48.67,Saccharomyces cerevisiae
SEQ_884573,AGCAAAGCGTAACGCTTCACCGCATATCGCAGGGCCGCGTATGTATAGCAACCCGTCGAACACTAGTTTCACTCACAATCAATCGCCGCCTGATGTCCCTCGAGGGCTCTGAAACAAAGATAGCGACGGCCCTGCCGTGCACGAAGTTTGCAACGCTTTGGTCCGCGATGTCCCGAAGGCTGAATCTGCTTGCGTCAATTATCCACTCCACATCATCGTCTCGTCGGTGACCCATGGGGTATAGCGGGTCGACCCATAGAGAATAGGGAGGTCGCGACAAGGCGAATTCAGAGCGACTTGGATGCACGCTGTAGTAGGTCGTGACATTAACTATTATAGCACACCTAGCGTCATTATCCGGGTCTAGCGGACATCAGAGAGAATTCGTGGAAGAGGGTCGAATTTAGGTCAACTCATCACCTTCCCCTGATTCGTACGACGTTATTATTTACGGACTTAATCGTTTCTCTTACAGAACTTAGAGCTTACCGCGCGGCGGGAAGCTATCAACTGTCACTCCAGGTGAGCTACATGCAAAGCACCCTAGGGATGATCTATATGCAGGCGGAAGCAAATCAAGATGCCGCAAAACTTAATACACGCCCGGCACAAGGTTCGGGCTCGACGGGTCATGCTAGTATTCGATTGTGTCAAGAAGAGGCTCTTTGCCTCCTCTCTGACGGTCAGTTTGGACGCGTGTCTCTCAGTAGAGCGGCAGCAGGGTGCGACCAGCTCGTTGCCCTTATGTACATTGGTTAACACCTGGCTCGTAATTATATTGCTCCTTCTACTGGGCTTATTTGAGGAGGGCCCTAGAAACCCTGTGACGCAGATACGGCAAGCTGAATAAACCAAACGACGTGGAATGGAATTGTATTCTCTCGCTAAATGCCCCGGGCCCATAATG,907,51.27,Escherichia coli
SEQ_603819,AAAATTGCATGATTTAAAAGTAAGCCCCTCTCTGGCCGGTTATACGGCCGAACCAATATGTCCTCGAGATAGTCGTAAACTGTGCACCAAAGCCACTGTGTAATTATGTAGCACCAGTCTCGCCCAACCGTCGTAACTATATAAGTGAATCGCCAAGTTAAGAACCCGACGGGCCAGATCTGCAGCGCGGGCGTTTGCGTTCTTTACCGAGGGCTTAGTTCACGTTTACGGCGAATATTCAGCGTAGGCTCCTCTATGCGTTGGGAACCCGATTGTGGGCACAGATTACGCATGCTGCTAGGCGGCAGACGTATTATCAGCTGGCATTACTTCAATCGGCGCTAATGAGGTGCCCTAAGGACTCAGGAAAGGAAACCGGTATGACTCGGAGGCCCCCGTGGCCGACCGACGCGTGGCCAACTTTAGTCCCTGTAGTGTCTACT,443,51.92,Saccharomyces cerevisiae
SEQ_769098,ACTGCCGCTATATACGTCACAAACGCAGACTGATCCAGCACAGGCGCCCCAGCTAGGCAACGAGCAATCTATGAGGGGCGATAGATTTTACAGGTCAGAAAGGCATTCCATCCTAAACTTAGAGATTGACACACTCCCCATGGGTTTTGTTACTTCAACGGATGCGCCGATCAGTGGTAGTGATCAGCTCATACAGGCCACTGTCCCCGGGAAGGTGAAGAGTATACCGTGGGTGTAATTGACCGATACACCAGTGAGCGGCTTTCGGACGGCATGGTTATAAAACAAAAAGAGGGAAACGACGGTTACCTCAAGCATATCGCGTAGAGTGCACGACGCGGATATAAGGCCACTAGAAGGTTCAGTTTTTATTAATGACGGAACCACGCCTCTTCCTGAATGAAGCCTCAATAGTGCAGGGTAATCTGATTCGATCTGTGCGATTTCTGTAGTGAGGTCGAGTAGTAATCAATTGCGCGGAATACGCGCCAAACCCGTCAGGCTTCTTGGATGAGGCACAAAGGCTCACAGAGTACGACGCATCTCGTTTTCGTCCACCTCGCGGGAAGGCGTGCGATTTTCATGACTGGCTAGGAGCACGCGCACTAATGCGTATTCTGTATATCAGGCACTGGCTTCGTATGTGCTCTCACTTTATCGTAAGTCATCTTGTCCTTGATATGAAGAAATAATGCAGATCAACGACGCTCCTCGTTCGCTCTTACTGGTTGCTCTTTGTGATACAACTATACGCAATTTAAACAACTATCGATTCGGCACGTCACTCCTACCGCAGTTAGCTTAAGGTTACATGACGACTCCGTATGCATCATTTCAAACCTGGATGCTCACACTCCATGCACTATTCGAAGTATGGTAATAA,883,47.9,Homo sapiens
SEQ_344569,TGAGTATCCCTGTTGGTCTCCGGTAATTTCAACTGCAGAGCCTGGATGGTACCTGACGCAGCCCACTCCCCGTCGTATCTAGGGACGCAAATTCCAGTACAAACCACTGTTCTTTCAGTTACGCGTCTGCTGTGTCCCAAAAGTAATGAGTACACCAGGAACAGGCGAATTTTGTCTTACTAAAGGGTCTTCGCGCAAACCCGAGTTCTAGAAATCTCGTCCTGTTGATTATAGCGCTATAGGCTGTCCCTAGCCAAACGATTAACAGCCCCCGTTCGGCGTAGTCAGGGGCGTCCTTTAATTGACCAAAGCATCATCCATCACATGTGCGTGTCAACGTCCCATTTGTATCGCATTTGGAGTGGATACCGGTTGACCATCCGCCGCATGCAGAGTGCAGTACGTGGTATGAGGCGAAATCTTACCAGAAGGCAGGATGTCGCTCAGTTCGTTTCCTATCCGTAACCTCCCAACCTACCTCTTCGAGGGCAGTCGCACAACAAATATTAAATTATTTAGTGCCACCGCCTGTTGCCTTACCGAAGTGAAATCTTCTGGGTCAGTTCCTGACCACCTACATACCGGGGGGCTGGCGATATGGGTTTTATCGCTAAAGTACTCATGTCTTTTCCCAGTAGGTATACATGAGCTAGAATCATTAGGATCTGTCATAATCTTAAGTCAGCGACCCGGAGCTGTACTTCCAGGGGGTACGTATGCCGTTGCCATTAAATTTGAGGAATTTGTGTACCTGGAATTTGTGGTGGGAGAGTCTACCACAGGGGTAGTGCCAGCGTATTCAAATTGCAGGTTCATCCTCAGCGCCGGTTTCAGCGATATAGGCTCAGCTGGCGGGCAGTGTGGAGGGCATAACTTATGGGTTTCACGGTGACATCCACAGAGGACTTAAAGAGTGACAAGTCATTCATGAAACGTCATACCGTAAGTCTTCTGGGGTTAACGGCAGTGAAGATTTGTGTCTGTCCTACACCACAAAAGCCGGAAACGGGTGACTGATGGCAGGGACATGGAAATCACATCAACAGAACCTCTAAATTGGATACCTTTGCAGCGGCTTGCACTGGATTCTTAGCACACAAGAGATAGAACAAGTGGGCAACTCATTTTACACCTTTTAGTCAAATCAATCGACCTGATACGATGATCTACAACACCGGTACCGACAGCAGGCGGTTATGGCTCGGATGTAATAGTAGGGAAGGAACTGTCCGCCTTCTTATTAATAACACCGCGGCACGTGTCATGCCCTTACTAATCACGCCCCCTCCTCACTGGC,1297,48.88,Caenorhabditis elegans
SEQ_718051,TCCACTTACTCTTGCTTATGCTGTACAGGTCTATTCGATGGCGATTCATACCCAAGTGAGTTTTTTCGATGAATATTCAGCCGGCAATGAAAGAGTCCTCGACGTTGAGGAAGTCAATCACGATAATCGCTTAGAACGCAACGGTCGGTGCGGGTCCCTAAAGTGTGCTATTACGCATCGCGTCCCCTGCAAGAGTAAGTGAACCATTCAGTAGCTAAGTTTTAAGCTCGGCTAGAAAACACTCAAGTGGATACTGGACAATCTATCACGTCCTGGCTTTACTCCTCCCGATGCATATAAGTCGAGCAAGAACTTCGGTCACAACTGGAGAGCGTTAACAACGCAGAAAATCTAAAAATGGTCGAGGGGTTACAAATAGACTAAAGTCAGAACCGATGACAGAACGAGTCGTACATCCCATGCTAGACTCAACTTGACGTACAGCTGCCTAGGCGTGTCGGCTGGGGCTATCTCAAACATGAGTTAGCAGTATTCGAGTCACATCAACTCTTCGACTGAAGCTTAGTCTGCGAGACCTCACTATTGGGCAAGTTAGAGTCAGATAGAAGTTCGACGAAAGCGAATCCAGACCGCTACGCTTTTTTACTAAATATAGCAGTTAACCTTACTGCCCCTGCGGTGTAATTCGCCCAGCAAACACGTGCGCAAAACCCGGTGTTGGGAATTGGGAACACAAGGTCAGCTCCCATTGCTTATAGGCCGTAGCGCCAGTGTACTCTAGTCCCCATGTCATATGTCTAATCAGGACTCGTTTCGTAAGTACCCAGAAACGTGAAGTTCCTCATGGATGACGCGCCGTTATATAGAATTGTTAGACCAACGATCGGAGCTAACTCGACCAGTAGACATAATGCAGTTCATATAATTACCATCCCCATTCGTTTCTAAAATACGGTGCAGTCAGGAGCTAGCGGCACTTGGGAATTAACCGTATAAGGAAAGTGTACCGTACAGGCATCGAGTGTCAGAGGTTCCAAGGTGTCCCTCAATCTTGTCTAAACCCGGTAGGAGCTGTCACCGGCTGCACACCCATGCCTACCAAAAAATATTTTCGCGACCGCACTTGACAATTTAAGTCCACATAACTTTACACCGGGCGAAGAGCTTTGTACCCGTGTACAGAACTTGGAAGGGCGTACCAGTGTGTCTGCAAGGCTAACCAGATGTGGAGTTGGAATCGAGGAGCAGTTTCGCGCCTCGCGG,1224,47.71,Homo sapiens
SEQ_451279,CGCCGAGGACATAGTCTAACCAAACTCGAATGAGCCGTGTGCCCCTCATTTGACAACGTAACAGGTTAAAAGGATAAGGCAATCCCGTTAGCAAGCTTAGTACAGCCTGTGGTACGACCTAATCAATATCCGACCTTGGTGTACTACATCTCGAGAGGGCGGATACTCTGCCGACACTGATTTATGCAAGGCCTTATGCAGCACTTCTGCCGAGCCGTATGCGCGATGCTGTGTTGTGCCCTTCTTGAGGTCGAGGGCTTCGTTGAGAATAACTGCATGTCCTATAGCGGTGAGTCTCTGATCCTGCGGGACACTAACAAGTGAGCCGCACATGAAAGAACCAACCCCATTCGCGCTAACGCGGTATATGCCACCGCTCTTAGCCAAATGGAGGCATCACAGTTTCTCAACGTGGATTCTCTTTCAGAT,429,50.58,Drosophila melanogaster
SEQ_662353,TTGAGCGCGCAGATAACGGGTGCGCGGTAGTTAATTATTTGGCATCAATA,50,46.0,Caenorhabditis elegans
SEQ_975382,GAGTCTAGTACAGTCTTAGTCCGTTCCCGTGGAGATGATCCCTTGTGAAACCACAACGCTGTTTAAAGCAGGAATCGTCTACTATGCTCTCAGTGGTAATTCCTGAGTAAGCGGCCGTGTGAAGCCGTTCCGCGCAAGCCGTACTCG,147,51.7,Caenorhabditis elegans
SEQ_868554,ATAAGGGAGCTAGTGGAGTAACACCATCAAGGTGGCTTGCAAAAGTACAACGATAGTTATCGACCATTAAGATTTGCTTCGCAGACAC,88,43.18,Mus musculus
SEQ_864716,ACGTCCACTCGGTTAATGTGGCATCCGTCGCTTGCCAGGTATTCTTTGTCGCAACTCCAGGGTTACAAGGTACGTCGCCCGTAAGTGCATGTGATGATGTGGTCACCGATAATCGGGCTACTACTATGGCAGTTTGTGTATACTGACTCCCGGATCTAGGGTGATTCCCCAACTCAGCGCGGGCAGCATCCATTCCAAGAGTAGATGTGCTTTCTATTGCATACCAGTTTATCATTCAATGTCGGCATAGTACAGAGTAACTGATGCGGTGGTAAC,276,49.28,Arabidopsis thaliana
SEQ_967255,AACATAGGTGGCAGTATATCCGCCTGATTAGAAGTGTGATCTAGAAAAATTTTTTTTCCTTTTCGTGAATTTAACGCTGGATATGGTAACGTTTCTTGCCTTCTTAACCGCAGAGTCTGAGAGCAAATAGCCCTACCGTCTTAGGCGACGTATGACTTACAACTCCGCATGCGGGGGTCACCATTTGGTTGTACCTGGCCCGCGTACTTACATTCTGCTGCCGTAAATGCTAAGCTGTGAGCCTCCGTTGAACATCTGAATAACGGCTTGCGCCAAGACAGAGCTTAGTCGCAGTCTGTTAGGTGTGAAATGCGATTGGGTCTCGATCGCTTCGGACACAGTGAGTTGCAAATCCTGGGAACGACCGCGATCACTGGGAACGTGCTAATCCAAAACCTGCTGAGCTATTTGGAGAGATGCCATTGCACATC,431,48.03,Arabidopsis thaliana
SEQ_537043,ATTGCATAATCGGCCCTTCCTCCAAACGCGGCCCTCTCAGGAAGTTCACGCACCCTTGACCGGTTTGTTAAAGTCAAGATAATCGTACAGATAGTACTGCATGTATTAGCGCAATACGCGGCCACAGGACGTAAGCCATGCTAGTCAGGGCTGAATGGGCCGTAACCTGGAAAGAGCCAATTTCCAGTAATTCCACGGAAACGGCGCATGTCTAGAGGATGAGCCCCATAAGGCCTGCAAGAAGGGAACGTAGTGTTTCTTATCCTTCAGCAGTCAAGATTGACTCTGCCAACCTCGTTTAGCGATCCATCTTATATCTTTACTGATTACACAG,334,48.5,Caenorhabditis elegans
SEQ_135970,CCAGACATGACGCCGGTTTAGCTGAGTTTAGTCTAACCTTTCAGCTGTCCCCGACGACTATCTAGTGATCCCGCTGTCATTAAGCAGCGGGGTGAAAACGTCGCGGCGTTTGCCAGAGGACCCTCCACCCCGCCACATGAGCGTAGTGGCTGGAGGGACAGCAATACACCAAGGTACATGCGACCATAACGAGGAGGCATTAATGTACACACGATCCACCTCACTATAGTGTTGATAGATAGTAGTCGCGTTTCGCAGCATCCCTGCCGTCGCTTAGTATTATATATGCTCGTGACACTAGGATTTCTACGGCATCTGCATACGTGGGCACTTCTAGTCAAAGGGTGTGCAACTAACCAAGAGAAGCCTTGCCGTGCAGGAGGGAACCGACTATCCCCATAGGATTTCTATAACCGCCAACGCTCAACGTTACATTGCTACGCACCTAACGCTGTAGTTGAGGTACCTCTAGGCTATTTGGTCATGGAGGACGATAATGGTCATCGTGATGTCTCTCAAGCACAATGTTCGTTAATCAGACTTAACATCGCAGGTTATACTCGTAATAAAAGAAACTGCAACGGAGATTTCTAGCCCATATCGATGTAGGTTAGACCCTTCAGTATTTTTTATCGTGTAATACCCTGCCCAATCCTCGTCTTCTTGCTGTACAAGGCTTAGTCCTCTACGTCGGAGACTACATAATGGTTTACGGACCATGCGTTGAGGACAGGTACAAGTTAGAGTTGACCACTCGGGGATCTCGCCGGAAGAGTTGCGGACTCCACAGTACTGCGACGTAATCCTTTCCATTTGTCCATTCCAATATCTAATGTACCTGGTCACAGATGGGGCACACACTCTATCAATTCGAAAATTATCTGAGGATCCATACGGTCTGAGGAGCTGCAACAACACTCCGTATTGACGTGATCGGCAGCTTGGATAGGTAGCGACCGTTAATTTAGCCTTCGATTATGATGCTGGTAGAGCACAATGAGTTACTCTGGCACTTTACATCTTCGCAAGTATCTCTGGTGACGTTTTCAGAAGACCCTTAGTCAGGTGCACAAAGAATGTTGCTAGGCGATAGTGAGATACTTGATGGCCTAGAGCCTGATCGTGAGATCGGCAGCACTGGGTGACCTGTTCCTGTGCATGTACAGCCGTCTTTGCGTTACCTGCATGTGCGTATTGGCTGTCAGGGATCCAGTGAGTGTT,1221,48.48,Caenorhabditis elegans
SEQ_728761,GATCATGCCCCTCTATGTTGTCAGGGTCGAGACCTATTGGGACCTTCGGTTAGGTAATTGGCTCGGAGGAATACCATTCCGTCAAACTACTTTCTCTCAGAGTTCACGAGCGACGCGGGAGTCGAAAGCGCAAATAGCCGCTTAGGGTAGGTAATCGTCAGACCTTACAGGTGTAGTACCTCACCTTCTAGACCGTTTGAACATAATCCTACTGGTGACAATTCCCTCTAGACAAACCGCCAGCCAGGTCTCTGCACAGCACATATTAGCTGACATTGTTAATCCCGTCCAGTGCGTAGATGCCCTGGTCATTGCGTTTTGCGAGTGGTTGGTGTAAACGCGAGAGGTGTCAAGTCGCGAGGGAGGATAAGAGTGTAGATCGGAATGCTCCCAGGTTGTCCATTAGTAGTCTCTTTCCAAGACACTTCTGTAGAGCTGAAATCGGTCCCCTCATGCATTAAGATTAAACGAAGCACCTCTGTCTCACCATTTAACAAACACCCCGTGGTACTCAGTCGGAGATCGGCAGTCGGCGTCAGCCGCGCCTTTCCGATATGCACTCCAAAGCGAAAGAAGACATGTGTGGAAACTTTGGAACAGGGGGTGGCACTTAGGGTACATTTTTTTGCCCTGTTAAAAGCCATGGCAGGCGTCTATTGTTATACCTGCCCACGACCCTGCCTAGCGCTCCTCCTAATCGGGTTCTTAA,709,50.21,Homo sapiens
SEQ_222671,GCCTTAGTAAATCTTGACCTCGTAAGCGTCAAAGTCCCTCCGCGCGCGCATTCTCACTCACTTCTAAATACCGCGTTCACGCCTTATGAACTATCCTATACCGGATCTCAGGACCACCAATGCAATCCGTGTAGGAAAGGGTATGCAGATAATGAACTGCGTTTCCTACCGCCCAAAGATCCACGATCTCGACGGGACGCGAACCGTCCAAAAGAATTCCCGAATGCGCTGCCCAATTATCAGTATTCCGCACAAGTATGCTTCTAAAAAGAACAGTCCGTGCCCACCGTATGCTGAAGGCATTCTGTCCAGCTCTAGTACTTAAGGCCGACAACTGGTCTACAGGGTATTGTAGTCAGATGCCGGACTATGAACAGCAGACCGCTTGGAACGTAGATTGCAGATTTACTATGAATACATTCATGCATAAGACGTCCGACAATTCGGTCGATAGCGCAAGGCTCAGGTGGTCGAACTTGCGACTTGCGCTCCCAACCTGTCTACTAAGCGCCCGTAGGGAAGGGGCGCTGCTGTTGCGTAGCACGGCTTCGTACGCAGTCCACGTTTCATACCCCCCCCTCGCACCTCTCGACCACTTCTTTTCCTGTACTCATTTGTGTTACCGATGCCATTCCACTACTTCTGGGCCGTGAGGGCGTCGATGTTCTCTGTACCACTTCCTACGCCAACCGTCGGGGTTTCGCCGCCTCCGGTGCTATAGCTTAGTCGTCCTATAGAGTCGGGCTTCCGTCGGAGGTTGCTAACTGTGTTGAACACTAGGTACGTCACGTCCTGACTCCATGGTGACCTAGAGCCGTGTAACAGTAACGTACATCGGTCCGTTCCTTCCGGTGAGTAGACCCGTGGCGAAGTAAGTTCTCACCATCCACTTGTTTGAAAATTGGTACACTAGGCAGAGAGCTCTGCTAAATAGTGAGAACTCCACGGCTTCCTTATCCGGTCACCGGAGATTTGCAAATCGCGCTTGAATTCAGGAGGCGAACGGATGGCCTCTTTACGATGAGTGCATTCATCGCGTTGAGTTTGAGTCATCATGACCAATGAGGTCTGAAAGTGGGGAAACGTTCCGAGGCAAGCAGATGTTCGCGCTGAGGTATCCGGACCAGCACCCCAATTAAGAAGTACTACATATTGTTTGCTCTTTAGATGCGCACTGGACCGTCGAAGCAGAGTCTTACAGTAACGCTGAAGGCACACGCCCTTGGGTGCGATCATACACCTCCCCTAGTGAAAAGTGAAATCAATGAGTAAACGGCCATGATGATAGGGAAGCAAAGTAACGATACCTCGCCTGCGGTTACCACCCTTTGCGTGGAGTGTCTGCTGGTTAGGATTTGATCGCTAGTTAGTCCTCAACTCCGTATGTCAGGATCGGACTACAATTACGTTAAA,1413,50.96,Escherichia coli
SEQ_325527,CGCTCAAGCTCGAATTTAAGTGCGAAAGACGACTAAAGCACAGCCCCATTCCGCCTAAGCATCCTTAAGCATAATTAGTGGTGTCCGAATCTGTATTCTCGCGAAAAAAAAGAACCAGGCTGCAGAGGCTCCTTCATACGCGAATCCCTTAGGGGTGTCTCACCGACTCCAGTCGCGAATTCGGTAATATCAGGGATGTAGACGAAGAGCGTTACAAGAGGGTAGCCGAGCTTACTACACATTTATCGCACTCGTCCCTTCACCCGGTTGTCCTACGTCTGAATTAATCACAGACTTGATTATTTATGAACCGATTTACGTTTAGATACACGTCTGGAGCGCAAATCTCTTTTGATAAGCTAGACACGACCCAGCGATTAGACGAAGAGAGAATAAAGCACAGTTAGGCCCACTGTCCAGTACCATTAGATGGGCCCCCACGGGGCATAATTGCAAGGTCACCTTACCCATACAGCTGTGGTATGGGGAATCTAATCCACGTGCAGGGTGCGGAAAGACGCGAGCTGTGTCGAAGGTTCGTGCGAGTCTGGGATCGTTGTGTAGAAACGGACACGGACGATATCACGGCAGCGCATCCGCTTGAAAGGAAATGTGGTCCGAACGTGTTCTTTTATGTTCAGGACTCCTAGAGCGGGGTCTAACTCCCCCGAGGACCGCTGCTTTGTGCGTTCGACTCATCTTTCGAATAGGTCAAGATGGAACCCTGGTGAGGGGTACGCCCTTAAGAAAGTGAACCCTTAAATACCGCAGTCGTAATGTATCGGAACATACCACTAAAGGTGGGGAATTATGGTTAAGTTGCTTACCCCAGCCATGATGGCGCTCACCGTCGTTATGCAACTAGGATCGTCACGTAAAATGCCGGGCTTCAGATTGGCATATCCCAGGCAATTGGATCGCTAACGGCCCCAGTGGCGGTGAATCGTGGTGAGTGGAATGATTAATCAGTGATATCAGGTACCAAAAATTCATGCTGAAGCTTCATAAAGAGCGAAACTGCAAGTCCATTAGCACTGATAGAGGATTTTGACGACAAACAGAGCAAGGAATGTAAGGATGGGGACTTTACACGGCACGGCTTCTGCGGATTTGGACAACCCGTAGCAAGCCTGTATGCGGTAAGCGATGAGATGTTGAAGTGACCTACTTGTATTCGATGAGGTTACGCTAGGCATCCCTATGAACGTTTCTCCCGCTCGGGGCCTTCGTTAGTCAGCCCATGGCAGGCGAGAATAGGTGTCCTATGTTTTCTCTCTACGAAGGGTGAGAATATAGAATTGCGCAACCACGCGGTGAGAGTCAGTAGTCTGCGCCCTCTTCAGTTTCAAGCACGCCTGACATTGACCTCTCGTCTTGAGGGTGCTCCACGGTCCGAAGGCGTTCTCAAGCAAAGTTCGCGACGTGCCTTCTTAGGACGATTGACGCTTGTGTCGTCATGATAAAAACCCAGCAAAGGCGTTTTTGCTGCCCCGGCCATTGACCACTCACTAGGGGGGTCGAAGTTGACCAGTCGGCGTACCGTGTTAAAGGGCACAACATTCTTAACATTTTAGGAGTATAATCTACTAGGTCTCCTTATGGCGGACAAGTGACTATCACACTATCCTTTAATCTCACTAGTCACGGCTTGCGAGCGAGTCGTTCATAGCACCGTACCAGCCCTAGCGTAGTCCTGCACATCCATCGATTTTCAACGCTAAAGGCCGCAAGGGTGGGGGACTGATGTTAAATCATGTAGCCTGATAATAGCCCAGTGTCTTCTTTTGAGTGGATATGTGAGAGCGACAGTTTTCTTGTGGCTCGAAGAATGCAA,1834,49.45,Saccharomyces cerevisiae
SEQ_534612,CGAGGGCAACTGTTGCTCTCACTTGCGTACTGTGAGGCGTGATAGACTTTGACGCAGTAGCCCATTGAGCGCGGACTATGGTATAGGAGGCTGGTACAGGACAGTAATCCGATCCCGGCTTTCTTCTATTAGTGGTGAATACGCATGGCATAGCACCAGGTGTGGCATGCC,171,53.22,Mus musculus
SEQ_112599,TCCCTTCATCAAAAGCGTGGTACATACAGTTTTCCCGGTTGACGGCGTAGCGCCGAGAGACGTTCCCTAAGCCTGTGGATAGAGACGACCAGGGAGACCTTATAACCCGTTGGAGGCGAGTTGGTAGTCCATTGGCCTTATTTGGCGTGCCCTTAAGGAAAAATTCCTAGAGCATCGCAATCCGACTTTCCAGGAAATCTTCCTAAAGGATAACTAATAAAATTGCGAAGCTATACTACCCCTGTTCCCTCACTAGAGGCCGACTCTAGTAGTTGTCGGTAACAGGTTGTCGAGAGCTCGTCTGGTCTTTACAACACCGCTCTCGTCGACTATCGATCTACATAAAGATATATGATCCGCCACTAGACGGGAACTGAACGTCTGTTGGGGAACGGGTGTTCATAGCCCCTCGATTGTTCGGTGGGCCGCCCTCCTCTTCTGTGGCCAAGCACGTAAGGCCGGACTCGTCTCAGGTCACACTAGGCGCGGAAATGTCATGTAGAGCACACGCGCGGACTTGGCATAGCTACTCGAGACCTCGCTGTCTGAGACAAGCGTGAGAGTCGAAAAGGAAGAATACGTGGACATCAGTTTTTGTCTTATCGGTGGTATTACCTG,618,50.97,Saccharomyces cerevisiae
SEQ_846756,CTTAAACTGAGTAACGGAGTTTGTGGCCAGAGTGACAGCGAATGCCCACTACCATAGTATAATCGTGCAGCTACCTCATAAATTTAGATATGGAGATGCGCTAGGGGAGTCGTTCGAGCCAGATAAGTACGGACCGCTTCATTGGGGGATCAACCAGGGCTATGAGCAATTTACCATCAAACACCAAAAGGTGTCGCATCTTCCACGGAGACCTGCCACCTCATCATTGTTAGGGTCCTCGTCGGGGTCGTCCACTACTAACAATAAATTTCTACGTAGTGTCACCCCAGAATTATCGTTCTCTTACAGCGAAATCTTGTGTGTATACCCCGGCCTGGTAGACTCAGCTCTACTCGACTCTTGCTGAAATAAACTAACCCTATTCGTCCGAGTGCCAAACCTTCTTAGGAGATGAAGGCATGGGGTACTTGGGGCCTAAAGCCAAATTGATGCTCGACGGGTTACCTCTGGAAGCGCGATTCCTTTTCAGGGATACCCACCGGTGATCCACGTTGTCGGTCAAGACCCGAGGCCCGGTTTCTAGAATAGATGAAAGCGTAATATGGGCAATACTCCAATGTACTTTAGTGGTTGAACGTCGTCCCGTAAAATAATACTGTAGTGAAGCTGGAGGTCTGAGTGCTACACGGAGTTCTACATGAACGATATGGTAGGCACTTACGAAGCATAGGAAACCGTCTGCCTGCCCCGAACGCTAGCCAACGCCCGTGGTAGGCGTGCATAGTTCCGTCCCGGTAATGCATCAATGAAAACACCGGAGTATCTCCAAGCAAAGTACTCTTTACCACTGGTGCTGCTAACCGCGCAAGGGAGCTGACAGGCAGCGGGCTAACCCGAGTGACGACTGACGCAAACAAGGTGTATATCCAAGTCATATAGGTCGTGAAGCGAATGTCCGCAGTATTCACAATTACTTCTTTACTGCAAGGACTCTAGTGGGACGTCAAACGGATGCGGCCAAGACTTTTTCCAAGGTGGTACGATGGAACTATTTACTCGGATCGTTTACCGTTCACCCCGTGCAACAAGAGTATAGATTCCTGCGCAAACGGATACGGAGACGGTCACAAAGTAACCAGGAAGGTCATCTTCCTAAGAAGATTTGTCACGGGGTTACCTATCCTATCAGGGATCCAAATGGCAGTCGTAAACTTCTCTAGCCTGAGTATTTGGGTCTGCAACGATAGACGA,1212,48.93,Saccharomyces cerevisiae
SEQ_258953,CAGTTCAGATTACACACTAGCATGAAGACATAGGGGACCACATGTTAAGGTAAGAGTGCCTCACAACGATGCCAACTCCGTGCTCTCTCACGTCGCGGTAAGATCCATGCAAGCTACGCCGTGGAAAGGCTTGCTATTCCCTCCAAGCACTCGTGAGCGAAAGGACGAATTACATGACGCTCCGTGAACCCGATCCGGTAAATGGGGAAATCCCATAAGCCAACGTTGGAGTCGTCGCGTCCGGGAAGACGCCCGGTTATGAGCCGAATTCACCTCATGCGCGTTAACAGAATTTCAGATGCTGGTCTTTTATATGATAAACTACGTCTGGGACGGTCCGTATACCGGCTTGTTCTCACCATCCCGTCTCGCGGGGTGTCTAACCAGGCCGACCGCCTGTCGAGAGGGTAATCTCACTGTCAGCTATTGTGAACCTGTGGTGACCCTCCAACGCTTAATCATAGTGACCCCCCGCGTTCATGCTGGACATCCCTTAGCCTATAGTGAAAAACGCAAGCCTACTGTGTCCCTCTAGATACGTCGTATCAGGGTGTCTATGTGGCCTGTGCGTAGAAGAGTTTGTCTTTTTACCCGCCAATCGATTTGTAACCATCCGTAGAGGGTGCGGCTTACTGAAGCTGCTGGTCCCAACTTGTTCGTGACCGCGTGGCACTCTATCAGAGCTATCGATATTTCCCGTGGGAAGACCTGCAGTCCGCAACCACGACGCCGCTAATATAACGATAGACGATAGAGTATCGGACGGGACTGTAAATGTGAAACTAAATCAAAATTCAGCGACGGAGACGTTGATTATAGAGTGGCGTCATGACTCGATGAATGTCAATAGTTACGCGTAAGGGGGATCCCACTTGATAATTAAATTCTACCTCCCCTCCTCATCCCCGATCTCGAGACCACGAGTTGATGTTTGGATGGGGTGACAGTTGATTAATTGTCGTTGTTTTCGCTAAATCCTAATAAGGGATGTACGCGGACTGCGAGATGGGGCACATAGATGCCAACGCTAGTAAGGACAGGTACCGTGCTAATTTCCCCATGCGATTCGTGTGCTCGCGGTCCATTCCGGCCAGGGGCTTACATATGCCCCTGATTTGGGTATATGAACTCAACTGTTGGTACGCCAATAGAGGCTAGTCGACGCAGCAGGCCTTGGGGGTACTATTCTCTGCTGTGGCGTGGGCCGTTTATCCGGACAGTACGGGATTCTCTCGCGTCTTTCGTTTTTATTGGCATTTACAGACGGGGATATGCGGTATACTCGCCAGCGAACCCAGTTCCACTGTTAGGATTGTCTTATTGACTGACTCATGAGTGGCTGATCGCGGGGGTTTTGTCAAGAAACAGTTATCAGCGATCTGAGATCCTTCAG,1393,50.68,Arabidopsis thaliana
SEQ_938731,CGGCGTCCCGGTGGTGGCTTTACTTTAGACGAAGCAGCAACCCTGGTTTGCCGGATGTTATGTCCCATACTGGCGCGTACCGCCATTATGTCAAGTGGCATCCACGAATCATATTTCGATAGATCTACAGACGGAGGGACCAGTGTATCCCTTGGTACACTTTGACGTAGGTGATCTATAATATAATAACCCTATCGAGGCCATGGCCCGCTATCCCAGCTACTGTTCTCTCTACGCGAGTCGCCTATCTGAGTCATTAGCCTGTTATCTCTGACCTCTCACTAGTTCGCTGGTCTGAGTGCTCCTTGGCGGTCTCACCCGGTCACAAGGTGGATCTAACCCTGGACCATGCTCATAGTACCTAATTACTTTGAGATTGGCCTAATAAGGGCAACAACAGGCGTAGCATGCTAGAAGCAAAGCAATGTGTCCGGATTCTGGTCGCAGTTTCCACCTGAGCGCCTAAGTGTCTTTCTTGAGTATATAAGAGGTGTCTACGAATATACTGCCTGGGGCCCGGCATCATCATAGGCATGGCTTTGCACCATTAGCCGATCCCCTATTGCCGGGGGGTACTCATCGCGCAGTGAATGGCCCATCAACTGAATGACGAGATTTGTACTGTATCCAACGCCATCGCCGATATATCTATATGAGTACTCTTATAAGGACGGGTCGCAGTCCAATGAGTAACACGAGTCGTTGCGTTATGACAACGTCTTGCAAGGTCCTCGTGGTTTGCAGCGTGTACGGGAGTTACGGAATGCGTCGCTATTGCGAGGGAGCTTGGGGGGCTGGCTGCGGGTACAGGTTCGGACGAAAGGGCGTCGTACGTCAGTGGAATGCCACGCATAAGTGTCGACTTATGCCAAAGATGTTTCCCTCGCTAACTAATTAAACTTAACCAAACCTCGCCGGAATCGTCGCAGTACACTCTTACAACAGCTGGTCGTGCGGTAGAATAAGACAGTTGGCCGTTCTCATTCAAAACACGGCGTAGTCGTGCTGTAGTAAGTAGTGTCTTCTTGTTGCTAGCTGCTCATCTGCTTTACGCCTGGGTCTTGCGCGTGCAGGTCCCCGTTACTCTCACCTAAGTCTCACTCTTTTTGCCATGATGCAGGAACCAAGCAACGCCTTGCTTCTTCAGAACTCCCGCACAATTAAAGTTGAGCAATGTAATGCCGGTGCTAGGCGCGGCGAACGATACGGAGGGGCACATCTCGCTTCACTTAGGGAGACCCCTTTATACCTCAGTAGCTCTATTGAAACGATAGTTGCTGAGCGGGGCGGGCTGTACCCCAGTGATGTACTCTACCAAATGCAGATCCCTGATGCCGAGCGCGGACAGCCAAACGGAGCTTAGTAATGGCGCAGTCTCGAGGGTCATTTATATACCTTTACGCCGAAAGTGTGCCGCAACACCCCCGAAGGATCCAACAACCAAAGTTAGAGTGAGGGCAATCTAAATCTAAAACGTAGCCTCTAGCTGACGAGGAGTATAGACCACCCACCTCGTGCTCCAACGCACGGACGCGTCATCACGACATTCGCCAAGGTAACTTAAGTTTGTCAGCACGCGAGGTTGTCCCTACTGCTGACCGCGCAGATAATGTGCTCGTACCTCGACCCTGGACCGG,1637,51.62,Mus musculus
SEQ_361263,TAAGAATGCTGAAACAAGTCCGGAGTGCAAACGGACAATTATCGTTCCCCGTAAATTACCGCAACAGGCGAAATTCGACAAAGGCGGTATCTTGCGCAGCTACGCCCCCAAGCGGGCCCAAATCGGTTGCGAGAGTGTACTCTTAGCGTTGCAAGGGGTTCAGCGCACGAAGCAGAAGAGCTTCTGTCTTAAAGCTCGGGTAGCACCAGTGGGTTGTATTCCTCTAATTCGATATTTAGTATCAAGTACGCGTACAACGTGGGGGGAACGGGAGGATTATGGTACCTAGGGTGTGCAGAGGACTATAATTTCTTTTTCTGGAGCTTGTACCAGCGAAGATCAATAATTAGGTGTGTTACACAGTATGTCAATGCTCGGGGCAAGTGGATCTAGCAATGAAATTGACGCAAGCAGATTTTAGCTAATTACGTAGGTAGATCACCAGTCTTACCGAATGCGGACATGAATTCGACACTCCCTCCGGGGGGTTGCGCCCAAATCCCGCGGAGCGAGCTCCATAAGAGCCCCATCAGGTCTCCACTACACCGCGCCGTGTGGGCCCGGAGGGAAAACCTCACCGCGCGTCCGG,589,51.61,Caenorhabditis elegans
SEQ_516981,TGCTCTCGTTCAGGCATCTTCGCCATCACGCAGTCGCCTTCCGTGATCTCCGCTCAGTCACAACAGCGTCATTCTGAGATCACCTTTGCAAAGGGCGATAGGACTCCCCCTCGCCCCCCGCTCTGGTCCATACCTCTGAAATGAGACTTAAGCTATTGTCCATTTTAATATAACACACTTACCGCTATAGTCGATGCTTGTAGTGCTAGCCTCGATGACCGGTAGGCCACTAGTGCGCTTACGGTAAGACAGAAAACGCACGTTAAGCTTTTGGTGGCGGTACGCGAAAGTGGTACTGTTCAGAGGCGCGCATAAGTTATGACCGACTATGGATACGACTTAGGCGATTTGACAAGAAGTCTCCACGTCTATAAGGACGCGGCCGTTAGGTAAATCCCACGTGGACGGGAGCTCGTTGTAGATGTGGGACCTGCTCGATAACGTTTGACTTTATGTGGCTCGTTTCGAGCTA,472,51.06,Mus musculus
SEQ_631916,GATCGGCATGTGCTGTGAGGAGCACGGCCCGCGCCAGCGCTGTGGTCGGAAAGGCGAGGTTGCTGCCGATCCTTTCTATGTCTCCGAGGTTCAAGTGGATGTACCCAATGTCAATGGACGTTCCGTTCACGTATGGGAGGCCTTGCCAAAAGAAGTTGATCCACGCAACTGTCCGCTGTGGTACGCCTCCGCGCAGCGTGGTGATGAAGACTGATTTAGGGCTAATTTGAAATGCAGTTCCTCTTCTGCCACGTTGGCAATTACTAACATAACAATCACTTCGTCAATGAATGCATCTCAGAGAATAGGGTAGATGGCTCTTTCGTACTGGCCCCTTATGGTCGGCCCTCCTACAGCATTCGTTCGCCCCTTGTACAGCCCGATTTGCAGCGTCCGTCCTCCATGCCTGTCGCGCGTGTTTAGGAAGGAAGTTCGGCCTATCCAGAGTAACGTCTCGCATACCACTATTTCCATTCTCCCGAAGTTACCTGGGACAATCCGGAACCTATCTCGAACATTATGCGGGTAACCGTATAGGAGGAACCCTTATTAATTAGACCACACTCTTGGAAAGTTATGACCGTCAAAGTCTCCCAACCCACTAAGCGATATATAGGAATGGAAATTGCCAGGAATCTTATATCGTAAGTTTTCCTCAAGCCAAGAGGACCTGCATATAAGTGGCTATAGGCATGTGATGCCTTATCTTAATTCAAGCCGAACAAAGGCAACAAATATTGTTTTGTAAGCGGGGATCACAGCTCCAGGATGGTACGAAATGAACTCGCCCGTGTAAGACGCGTAAGGGCCAGCGCATAGCAGGAATAAGTCATCCTAGTAGCGATAGCTTCGGTTGGTGGGTTATAACAATGGGTCACTCTTCCACGGATCTACGACCCGGAAGACCCAGGCTCACAGACCGTCATCCCTCCGGAAAAGTCAGAAAGCAAGGAGTTTCACCTTGACTTCTCTACCTCGTACGAACAACATCCCGTAAGCGTCTGTCACTGACGTTTGTCGAACTTTATCGAAGTGAGGCTCCTCGACTAGGAAGCTCAAAGGCCTGCCTGGATCTCCGGGATCAACTCTCAGACTGACCGCCTATAAAGATCGCACAATCTGCATGTAAAGAAAGAGCAAATTAAGGAAGTGGGCCAGGGCTCACAAAAGTGCTCTACGGTAAGTCTACACGCTCCTCGTACCTGAGGGTGGCCTCACAGACTCGACAGCACAATGTACCAAGTATCTTAGCTCAGAAGTCGGGAAATACGCAGAGTAATTTACGATTATCTAAACAGTCGCTCTCCGAATGAACCGTCTTACAATCCTATTCCGTCCCGGCGCACCCGTCGCTCGCCAAGTACTGTA,1368,49.93,Saccharomyces cerevisiae
SEQ_317994,GCGCGGAACCCTATGAAAAAGCGCCGAATCGACTGTATGCTGTATCAAAACATCACGAGCTTGAGGATCTTCTGGAAGATATAGTCTCTACTCTAGAGATATCACCAATTGAGAATCCATTTTGTAACCTTATAGGATAGAAGAGCGTAGCAACAACTCCTCGCCCATACACGGGAGCTTATAACGCCCCGCTCTAATTCCGAAGCGTGCGGGCCCTACCTACAACCGGATACAGAACGCTCTCACACCCGGGACACGGGCCCTTCTTAGGTTTCTGTTCAGCGATTTACCTCACTCTAGTGGACGAATGTTACGTGTGATCGCGTAATCCAAGAAGCGGCGCGGGAAAAAAATGAGCTTCTTTGTTGGTAACGCCCTAGTGGGAGTAAGGCATAACCTTCGTACTTATTGATGCCAGTGAGGGTGGGCCGTACAGAATGAGAGATGAAAGAAGGCCTCATGGCGATCTCGACAGCCAGAGTAGCTCGAGAAAACCCGACTGGGCCTGTAACCAAATACAATAATAAGAGGGATAGCATGGCGACTCCGTTTGCCCGTCTTGGCTTGAGTGGGCGCATAGGCGAGAATCGATTGTCCGTGTTTGATGGTCGGTAAAGGATAGGCAAGGAAAGTCTTAAGCCCGCCGGAGTTGAAACCACCGGGTAGGCCTGATTGCTCTTTATAACGTATGGGACAGACTATGGGCTGTTGTGCCTGAGCTAGTGGTCGCGAGTAATGGCTTAATTACCTAGATGTAGTGTCGCCCTGCTTACCCTAATATCTAGGATAGCTGCATCATGGTTTTAGCATTTATGGAGCAAAGAACGGCGGAGTAATTGTCACATTCCATGGAAAATCTGTTGACTTAATCCACGCAAAATACGTAATAGTTCATGTGCATGAAAACAGCCATAACTGCGCCAAAAATTTGTACTCCCACAGGTGTGGCTTGGGCTAATATTAGGGTAGCAGCATGGTTCTATGTTCTGTGCAAAAAGATTATGCACCCCCCTAACCCCGGGAGCTGGTGGTCACGCCCCCTTCCCCCAAAGAGCAGAGCCTTTGAGCTGGCATTGTAGAACTCAGGAATAGTTCGTTTTAGGGATCGAAACTAATAGGCAGGTTACTTGCTCGACTAAGAACATCAGAGGGTACATTTCACATGAGCAACCTCGGGTGATGCCCTCTTCCACACGTGTGCAAACTTAGTTAGGGCTAGGTGGGAGACTTATGGAACGGCAGGTTGTCTGCGGACCACTCTTGTCATCGCCAACTTGGCTCTACTCGCGGCGATTCCCGAAATAGGTCCTCTGGTATGGCAGGCCGGGTTCTCATTAAAGATATGAACGCATGACGTCGTAG,1362,49.05,Caenorhabditis elegans
SEQ_340080,GATAGACTGGCCATGGGGTACGCCTGAACTCTGCTGTCTCCTGCCTACGAACTTCAGATGCTTTCATTAAGCTGTCCATACCGCGATCCTATAGGCTGGCCTGCCGGCCTACTTGGTTTTTCCTGTGCGGGTAGAAGCGGCCAAATACCTGTTGCAGATAACCGAATCCGATTGGCTGGGGCGCCCGGGAGAAGACCTAGTTTCAAGCTC,210,54.76,Mus musculus
SEQ_639274,TAGAGGGATGTATGCGCCTAAACCGCAAAGTGCTTGTGGTATCATGTATTCACCTCTAGATTCCATAATCGGTCATCTCACGAACCTAGTGCAAGTGCCCTGCTATATGACATTGAGTAGCGCTTCTCTCCCTTGCGCCTCATAAGAGACCTTACGGGCAGGTGTCCCTCTGAGGCCTTTAGCGCCTCATGTCGACACAAGTGGGTTGCTGGCGGGTCGATAAAATGGGTGAGACAGGTGTCAAGCTGTTTCTCACCTTACCGCACGCCCTAGTTTTTGATTCCTAAATGGAGTGTCGCGGATGAGGGGGTATAAGTTGGGGATATCCTCCTGATACACAATGTAGGGAGAAAGTGTCCATCGGGTAGCTCTTCTGGCCTGCCTGTGTAAAATTATATTATCTGTAGTCGAATCGATTGGTTTGGTTACGGTATCGCCAGTTCTGACCCGTACTTAGTCTAATGCTAGTGGTGTCACCTGAACGAACTCGTGATGGAGCAGGTGTTCTGTAGGATTCAGGCCCCACGATGAGTTGGGTGATGTCGCTCAAGGTAAGAGCAACAGCCGAACGTATTCCGACTAGATACACGACTCTCACACCTCACAGTTAAATGGTGTTAATCATAACCCTCTGTTTATAACAAACTACTGTGTCCACTAGCCATGTCTCCGAGACCGAAGAGCCCTATTCGCTGCGGAACTTCCGAGCATAGAAACTTTTGGGTGGCGTAAGCGCAGTTCAGATGAAGCACCAATATGTCCGCATAGCGCAAAAGGTTGCAATGGTATTTGATGGGGCTGCGTATGCCGAACTCTGAGTACTTGAAACGAGACTGCGACGCCCCCGTGGAAAAGACGGATTCTATCGGTGGGATACTTACACGGAGGTCGAACAAGACCACGTCATTATCACTTCATAACGCGCTCCTTTATACAATCAGTAACATCACCATGACACTTCTTTAAACATAGTTCTCTAGCCGGACTTACCCAGTCTGGTGTCAAGGGATTGACTGTCCGTCCTGTGGTCCCGCCGGCT,1039,49.09,Caenorhabditis elegans
SEQ_446955,TTCCCGCGATCAGGGCGAAAGTTCAAATTTGGCCAGGTCCGGCAGCAAGATCTAGCGTCTACAGCCTCTATTTTAGTGATGATCCCGCTTACTGAAGTCTCATTGGAGGTCAACAGTTCATCATGTACGTGCACTCTGTTGTTCTGTTTTAAAACCTATGGTATTAGCCGGCTGTATACTAGGCAGGTTGATCATCAGTGCGAGTTGAGAACTATTTACTAGCGTCAGCCTCCTAACCTATACCCCCAGAGAAACCAGTTGGCTCTCACCATCTGGGCCCGAGAGGCTTAGTAGTTGCAGAAGCAGTGGGTACTCTATAATCCAGCGCGTCCAGACAGCGCGCGCGCCCACACCTAAGAAGACGCCAGTTTGCGTTGCCAGCGATGGTCCTCAACGTCGTTTAAGTTATCGCGTGGAGCAGTAACCCTCGATGGGTGTGTGTAGGGCATGTCTCTCACCGGGTTTCCACACCGCAAGGTGCGCCGCTAAAATGGTGCGGTAGCCATACACTTTAGCCGCGGATTGCTAGTCAATTCAGTTCGCGCCAGCAGATGTCGTTGTCAGTGGGTCGCCGGAAAAGGTCTTTGGTTACAAATACTAACAATGAGCAGGTAACGACGCTTTCAAAATCAGTGGTACTGTTTCATCCACCGTCTAAGAACGGGCCCATCCGGCGATGACAGCAGCAAAAAATCGAGATGCTGCACCCTCTCCAAAGAGGAGGTGTGGGGGCCCGGACTCATATTCTCTAAACTTAGCCGTGATTACCAACAGTACTCTTGGACGCTGGCGAAAGGTCAGGAAATCAGGACGTGCATGGCGGAGACGACCCGACACCCTGCGACATTACGGCTGGCCCGGCAAGGGTCAGGCTGGAGTGTGTCTAATACGTTCCTATCTTTCACCTAATCGAAGTTTCCTAAGACTACACGAGACGTGCGGGCAGACACTTTGCTCGGGTGCATTCATTCTAGCGCATATTTCCAGCGTTGCGCCCCAGATTAACGCAAAAACTTGTCGTACCTCGACATTTACGGACGTACGATGTCGCGCCTGGTTGTATTGTAGAGCTTAGTCGGGTCCTGAGAATAGCGCTGTTTGCAGTGACAAGGCCTCCCTTACAAACCCATTCAACCAAACTATGATAACAATGAGGGACGGTTGCTTGGCTGAATGTTAATAAAGACAATCTGTCAGGGCATACGCGCTAAACCCGCTACGGGTTATTCGAGGCGAATGACCACAAGCTGAGCGCAGATCGTTTGGGGTAGAAGCGATACAATAACCATAAGTACATCAAAGCATGCCATGATTGGGCGAAACCGTAGTTCCGCAGTTTCCGTTGAGCCTCAATCACAAGGTTCCGGCGTCCGAAACGGAAGAGGTCGGCTGCTTTAGACGAACAGGGCTAGATTGGAGCATCTGATCCCACGAACGGGTTGCCTAACTGCGCAGTGTGCTGTTCAACGCGTAGGCCGGTCCATAATTATCGCAAAGAGCCTAGGAGAAACTCAGGGACATAAGGTTAGATAGGGTTGAGCTTTGTGAGTCAGCATCACGTTGCAAGGTTGCCTTGACAGCTGGAGAAGTGCCTACGGTAACACGTAGGGGCCGGTAATCTACCACACTAGAGCATCTATATTGTCCTCTCCTCCCATAGGAACAATCACATCGTCAGGTAACTAGACTTGCACCGTGATCTTAGTGCGCTCATCAGAAGTTGTCGTACACGGCCACCGCTCCAAACGAACGTATGGGGAACAGCT,1766,51.19,Mus musculus
SEQ_843865,CAGGGCCGGCTAAAGTATAACTCAATGTTAGCGTTACCAGGGACAGGGTACCTATTTTAGGCACCATTGCCCCCTCCAATCTTATACGTATTAATATTTCTTATATAAGTGGATTGGTTATGCCTATAGGTGACGGGACCGAACGTGACAATGCCCCGACTTACGATTCTTGGGCCGGAACTGCAGTGTGGTCCCCCGTGTCGTTTCTCTAGCCACAAGAAGATATTACCCTAATCCTGGGAGAAGAAGTATTTCCGTATCAGGCTTCCTGGCGGTACGAGTGGAGCTTATGGGCAATACCGAATAGACTCATCCGAATTTTATCGGTCAGACCCACGAAAGGTTCTGAGATTGATATAATTACCCACCATGCACCCAACAAAATCTTTGGGAGGTCGCGATTGCTTATCTAGTCCGCACACCGCTAGGCGCTGCGCTAAGTACTACGGGTGCGTCAATGAATTTATGCTTGGCCATTCACCAAGACTGGCTTGGCCATTACAGTGCAGAGAACCGGTCCCGAGACTCATCCTAGATCCACGCCGCTGTGCTACATCCCTTCCGGCCTCTTATCCACCACGGAGTGCAGGTCTGATGTACGTGGTGACCTAAATCCTAATCTGTGTGAATATCGGGACGGAGAGTACAGTCTTTATCAGGATATTCCCGGCGGTTACGATATGGACCCCAGGTGAGGGGACTCTACTATCGTTCAGGCCTGCGGGGGTTGTACCACAACGGACCCCGCCATGAGTACGTCCCGGGACGGGTTGCCTAATTAACAACTACTGGCTGGATATGGCCTCGATTTGGCTCCCTGACGTCTGTCTACCTGCGGGGACCCCTATTCTTGCACCTAATCAACATAAGCGGGAAACCGCCTCGAGTCATGCGATACAGCAGGGCCTAGTTCGTGCGAAAGGAAGTGAGGAATAGTAACCGCACTTTTTCTAAGGCATTGTCGAGGTACCTGCACCCCACAATTAACTCTGGCAAATGTCCGAGAGAGGAATCGTGCATATACAGCAGGAGCCTCCACATATATGGCGCCAGGAACAGAAGGTACATTTGTTTGACATCACACCGGATTATATACATAGACTTGCCCGCGCCATATTCGAATGCCAACCAATCCAGGCCAATAAAGCCTGAAACATGCTATTAAGTAGCCGAGGTCCAAGTGTAGGCCTTGTTCCCCCCGTCCCATACGACCAACCAATCCGTTGAGTACTAGCACTTCAGTGCGTACCGATTGTACCGTAAGAAGCGTTCGTCGTCGTGTTCCAGATACTTAGTCCAAATCTTCCGGTGAAACTCTCCTGGATAGCCGAAGAGAACGACCATTTGGAGGTCCGCGGCGCGTTTACGTGGGGAAAACTAAAGGGTTGCAGGACTATCACGTGTTGTCTATGCAGAGGGGCCGGGCTCCCCGAGAGATCATGGGTGTGAA,1450,50.9,Saccharomyces cerevisiae
SEQ_994047,GGCTGATACGTGTGCGGTGCCTTATTACCCGATTATGACGCACAGGCACGTCACAGTTTGGGTGTCCATATCGGGCTGAGTTAATATGTTTTTTATATACGAAGCCATTATGTGGTGTGTCGTTCAGTCGCCGGTGGACCTCCCTTAACAAGGGGCTAAGTGCCATACACGCCAGCCGTATGGTACTAATCTCGGCAACACGGCTGCGTGTTATCCCCCCAGCGCTTTGGTCGAGGTAGTGTTTAGACTACAGAAAAGATCATCTTGGAACCTAGTAGGGACATTGTTAATACTGTACC,299,49.16,Homo sapiens
SEQ_378952,TATTCTCGTGCATTCGCGCCGCCGCGAACGCGTTTAAAGATGACATAGTCTGTACGCGGTGTCCTCCGGAAAGTGTAATCTTTGGAGATAGTTAGGGGCTTTAGCGCTAGTTGGGCTGCGGACAAATATCAGAGCTAATCGTCGTCTTAGCTATTTACGACGGTATAGAGAGACGATTTTGACCCATTGGATCTCCAGCGCAGCTCTCCGTTTTAATAACGTCGGCAACTCCCGCGGGGTTTAGCTTCGGGCGCGCCGAGCCCGCCTTTCTTAGGATGCGACATCTGTGCGGCTGAGACATACAGAGCAGGTACAGGGCATGGTGCCTGCTACCAGGTTCGCCGAATGTCA,351,53.28,Saccharomyces cerevisiae
SEQ_127132,AAGAACATCCTCTAAGAGGTATTGTCGTAACCGGGTATTCAAGACTAAAGCGGAGCATATCTTGGTGCTTGTTACGTATCATCCGCTATGTTAGCGCTTAGGAAACAAGCGAATCGCTCTACGATATTTCACCGGAAAGCATTGCCCAGATGGCCGCAAGGGACTCCATGCCGAGATTCGACGGCACCGATCCGCAAGTACTAGCGGCAACGTCAATAGTCGCGCGGACAGTCGACTCCACCCACTGAGTGTGACGTGAGGGACTCTCAGCGTTTTTGCAAATCAGATTATCCCGCGCTCCCGGCTTGCGTTCACGCGGACATGCAGCAGCAGTTCGTGGTTAAGTAGCCTCGTTCGAGACCTGGTTAAGCTGGTTAAACACAACCGCACATGCCATGCCTTTGTATCATGGTGTGACGAGGACCCATTACAAGTTAGATGACCATAGGCGAATAGGTGGTTGTGTCGGGTCCAAGGGTGGTGCCTACCATGCCGCTTGTACCCCCCTAACGCGAAAGGCATACCGCGTAGAGAATGCGTCAGCTGAAACCTACTATGTCAACCCCCGATTCTGCCGCACCATAAAAAAATTAGTGTAATGTAAGGACGGAGCATTGCGTTAATTTACCATGAATCTACACTCCTCTAAAGTAATAATGGTGTTGTATCTGGTCGTCGTTTGATTCGTCCTTTTGATAGGTAATTAACTAATGAAACCAACGCATTCCCCATTCCGACTAGTCCGGAGATACCCCTGCTGCAAAGGTACGCGATGGAGGACCAGGAGCCTAAACAGTCGGAACAATGCCTATCTGGCTGTGATGTTTGACGTATCTTAGCCGTTAGTCCCGAGATGGCCTATAATGCATTTGGGAGAGACAGAGGTCGGTAGTCAAAATGTGGCTTACTACTTACTCCCCAGCACCCTATGGATACAATTCGTGGGACTTTGCGCACATATAGAGCCGGCGCACGCCGGAGTGGTCCCATGCACCGTGCCGATTGGCACGGGCGTGACTCTCACA,1025,50.63,Homo sapiens
SEQ_871648,ACCCTTTGATAAGCTCCTATATTAGACTCACTTAAATCTGGGTGCGCGCCCTAAGCGCTAGAAGTCGGTATTTGTGCAGAGTCTAGCTCCGGCATGTCTTGTGCGACAGAGACCAGCCTATGCACCGAGAACCTTGATCTCCCTATCTCGGCTCGGTCGAACGCCTCTATTAATACTTAAAAAATTGATCTTGGAAATGCTCAGTCTGCATGAGTCTTAACAGCGATCGCGAATATGGGATAAGGACAGCTCGCTAATAGGCTAGGTACAGGTTCTTAAGATTCGGACCTCCCTGCCACCTACCGGGGGTGAGCGTCAGGTATCCTGATAGTTACGAAATTCGTCCCGGATTCGGGCGCTGGAGAGGTAGCGACTTTCCAAAAGGTCTGCGTTTTTACCACCCTGTGTCGGATACCACGGCCCGCGCTTCCCTGATGCCGTCGATTTGGTGTAGCGCAGGTCCGCGTAAAAAGTGTTAAAACCACCACCGTCGATCAAGTTGTACGCTATTGCTTATGCCTGCGGGGAAGGAAGACTTTAGTTCGTAGACGGAGTCCCTCCTGGGGAGTCGGAGGCAATAAACTTGATTCCTACCTAGTATCCCCAAGCATGCAGTCAGGTAGACCCATGGTTGCTTACACATTGACAGGGCGTCTCATACTGCAATCCCAGGACCTCTTGGTTTGATCATGACAATACAAGGTCAGGGGCCTTCTAACAATAGTACAACCACAGGGAGTGGCTACTC,748,50.67,Drosophila melanogaster
SEQ_881232,GTTTCGAGTGTTCCGGATGCACAGTGGTGCATGCCGCGCGCATTGGTCAACCTAACTGCATCTTCTGGAACCCGAATATGCTTCGGTTGATGATAATAGATATTTTCCTTAGGAGTCTCTCTAGATTATCGCCGACGGCAGAGCGTTGTTATTGCTAGAAGTCAAACTCACACAGAGTCTTTCTAATAGACCGGGAGATCTACCCACCTATGGTCGGAGAGACGGCATGGATCCACAAGTTTTAGGTTACGCGTGGAGGCAGCGATACGAATCAGAGCGGGAACCCGGTCTCATCGGTCAGATGCCGAAACACCAAACCCCTGCCCATAATTAGACCTACTGTGATACGCAGCACCTACAGATCTGTGGAAATGGATGAGCAATTGATGCCCATCCTTAACTCAGTATCTGACCGTCTCCATTTTATGATGCAACGCGGAGCATGCCGCTGTCCAGCTGGCAATATACAATCAGCCAGACTATGATACCCCGTTGG,496,49.6,Homo sapiens
SEQ_222084,GCTTGAGTGGTCCTTCTTTTCATGCGAGAATGTTTTCGAGAATGGCGTGAATAGACGGTGGTACAACAACTAAGCAAGAAAAAGAGAGTCTGGGAGTCGGTTGAAAAGCACGGGAGTCCTGGGAGACCCTCGGCACCCCTCCATGCATTATCCCTTAGGAATCACGCAAGTTATCCCACACGACTGGAGCCCAGACGCTAATAACGATAGCATAAGTAACTGATCTGTCCGCGGCACGGTTTCTCGAATAAAATAACTTAACGGAGGGTTTTCTGTCCCCCCCCCGTGCTTCTCCAGTCAAAACTCCAGGCGTTCTTGCAATCTTAGGGGTCATTCGTATCCCCGAGTCTGGCCCATAGCCTCTTTTGCGCGTCGCCGGGGTTGGTATCACGCAGGGTTCGTTCTTAAGGGGATTGCTCCCCTCCAAGGTTCCTGGGCCTCCGGTACGCAAACCAAATCATCCAGGTCCGGCTAGACTGCTTGTCAGTTGAAAGAAACACTTGCGAGGTTCCGTTGTAGCCGCTTCTCTTCGCGGACTGGCGAATGCGCTGAAGGCTAGTGGTAGATATGGATTGAAGCCACAAGTAGCATGGTCAACCCAGCGTTCCTGTGCGAAATTCATGGGTCCATCAGCCGGAGGTGCGGACACCACTGCTATTTGTTAAGTCCCGAAAGCTGAGTAGGCTTTAACCGAGCTACCCTGACTAAGCTTTGGCACTATCTACCTAACGTCAGGGGGATTGAAGCCCTCATGAACGGATCCTG,765,52.29,Arabidopsis thaliana
SEQ_150984,GTCACTCTGGGCCCGGAATGTTCAAAGACCCAATTTAACAAGGGGTGGCTGTTCCACACACAGCCCTTTGCGATCATTGAACGCCGCTAATACGGAACATACTCAAAGGCGCCTGAAGGTTACCTCGGTCTGATTAGCAAAGCTTAAAATTAGTATCCGTAGATCTTAAGAGTCGGTTATTATTGCATGCGTAACTCTTACTTATATCTATCACATCCCGTGACCACAAAGACAGACGATCCGTAACCTCCGCGGTTTAGTACGTATGTTTCACGCTATTCTAGGCTCGCTTACATTACAGATCACTAAACGCTCATACCCCCTAAGTCACGGATATTAGGACGCAGCAGAGCCGCGGAACGTTAGGAATAAGCTTGGACAGACTCGATGCTCCCCACAATCGGAGGGGACTCGCATTGATACACGAGCCGTGCATATCAACCCTATTAGATCAGGGGTCGCTATCCCGCCCATACAG,478,48.33,Mus musculus
SEQ_100972,ATATGGGCCCAGTACATAGCCACCCGATCCCCCGAGTGCGCGCTCGGCAATACTAATCGGAGCACTTATCGTATATCCCAAGGCACGCTGCTTAACATACAAATTCTACGGAACTTAAATTCTTCGTCAGTAGTCGTTTACCGAGGGTTGCAGAAGAACAAGCCCTGTAGTGATGCACTTATAGAGGGTAAACGGAAGCACTTAGTACCAGTCGCACGCATGTGTCCATTAAGTGATGACCCGGGACCGGACTGACAAAAATACCCAAACTCTACGCTAGGTATTGCGAGATTGGGTATAGCCTACCGAGGGTTTGCTACCACGTAACTTCACGTCTTGATGGCTCATCATGGCAAAGTACGAGTAACAAGTCTTATAGTTTCCTTATAGAGTTATCGAAGGTGCACTTAGCTTATCTATATCTAGGGGTGCGATCTGAGCGCCGCGGTCATAAGTTTTGCGCAAGCTTGCGTGTTCGACAATTTCCACTACCCCCATTGAACGTAAAAATCGCCTTATCAAGGTGATATAACCCCCATGAGAGCCATGCCTCTGGGCGCCTATGACCATCTGAAACGTCTGAACGTCGTTGGTGTGAGCAGCATACCCAAGTGGAGGGGATGCGTTCGATTCTACACACTGCACCTAGTGCCCACAATCTAGTCGGCACCCTCGACATTAGAAGCAATCTGCCAGTAATATAGCTCATGCCGTAGGCTCCCCGTTGATCTTCACTTCTTATGTGCC,747,48.73,Mus musculus
SEQ_305586,CAGCAGTTCTTCCCATATATTCGGTCCTGAGTCTATTCTGCTTAACTTAAGGCAGGTCATCTTAGGTTACACACTATAAAGTATTCTTTAACTACGCTATTAAAGGTGTTTAGAAGTGGAATTAGTTAAAGCATAACT,138,35.51,Drosophila melanogaster
SEQ_501157,GAACCACTTCTGGTATTAGGGAGGAAGTATTCTACAATGTTAAGGAGTAATGGGTCGATGGTTAACCGCCCCTCTGAGGTTCAAAGTATCGGTTATTCCTACGAATCGGGATGACGCTTTATCTTCCTCTCTCTGATGTGACCGCCTACAGCGAGCCTATCCCTCGAGTTAAATCGTCCCGGGCAGGTTACGCACCTACATTTTCAGATTGAGTAAATCGCGAAGCTGAAAGACAGAGTGTCTTGAGGCGCTCACGAAGCTAAAACAGAACGCCCTGGAGGGTCATGCACAGTAGAAAGCGCTAGTCTTCTAAGCGCAGCCTCTTAGGAGCGGTCTCAACTATAATTCCGAACTTCTGAAGATCACGGGCGCTGTATTCTGTCCCGTAATGTACGCGACTTAGAGCCGCGCTTAGGGTTTCCAGAAGCCCCCTTTGGAAGTGACCTTTGTAGTACCAAGTTCAAGGGGACGCATAATACCTAAGTGGCGCTGACTATATGGCCCGCTAATCACCTCATGTTCGCACGGGGGGTACTTCGTAAAGACCCTTTCGGATCTCCAGAGGGGTCAGTAACAGAAATGAACCCATTTATCCTACCAAGCCGCGCGAAGTTAGGTCTCACACATATAATTAAGCGACACCTCCTGGACGGCGCCAGAACATAACTTGCTAGAGCTCCGGTGCCACGGCATTCTATGGTGGTAAATCAGGCCCCAGACGAC,723,50.35,Homo sapiens
SEQ_964449,GTCTTTTCTGCACTATTCGTCCAATTCATAAATAGTCGCTGTTCGAAGGAATCGATTCAGGTACTCGCACTTAACCCGACGAGGGATTGCTAGTTCAGTATTGCGTGCTCAGTGACGAAGCGGCGGGTGGACTTTCGACATCGAATTAAGGACGGGGTCCGATCTTTGTACGCGGCGCTCTTACGGAGTCGACCATGATGCGGCAGGTGTCTGATCATATGAAGGTTCAACTACTAGCTCATTCCAACATTTCCAGATCCCTTAGCTGCCATGGGTCCCGACGATCCCTCTGCACCCCAGTATCATTCAAGAGGGTGACTGTCATCCACCAATAAATATGCAGCACCATCTCATGTGGTGTAACTAAATCCCCCTGGCATGAAGGCCTTATTCTAGTCCCAGTCTTTGGAGCGTTTGGTTAGTCTAGGTCTGCACGGCCGCTCCATGATGGTGAGCTACATATTCAGGCTTCTAGCCGAATATTTGTCTATACTATCTTATCCGGGTAACCCGACGTCCAGGCTGTGCTGCAATTCTGATATAATTTTTATATAGCTAGGTTATCCGTTGTGCGGACGACAATTAGGCCCAGCCCGGGTGCGAGAACTCTCCCCACTATTAATACAGGGTCATGGTATTGCAAACTCTTTATCGTGTACCGCTTTCAACGCCCGGACATACGTGAAACCGCATTCAGGACCAGTACAGGTGTCCTAGGATACCAAATGAAATAACCGTAATCCAGCGACTGAGTCAACCACGTATTCTGGGTGACCGTGTGGTTTGCAAGTCTGGTGTTAGGTACCTATATCTATAACTTGCAGTCAACAGCTCCCAGGAACGGTCCGCCCTGATCCTAGTCTA,864,48.84,Caenorhabditis elegans
SEQ_925890,GGGTAGCTGTGCACTACATACAATTGGAGAGACCCCCCAACGTCAAAAGGATCACTTTGTCAAGATCAGCTTACGGGCAAGATGTGGGCCACCTTCACGTCAAACGAAAGGTTAGCTTCGGTGACACTTAGTCTTTGAGTTAACTACGTCTTTTCCTATTGCCCCGCACCGAGCCGTGTAATCTCCCAGTGCGGATCAGCCCTCATCCCAATGTCATTCCACTCAGCCTTCGCGCCACAGGTCTAATCTAATCGTGGTCAACGATTTGGGGAAACTAAGACGAGAAAGCCAGTACTAACTAAGAACGGATGTACAGCGAGTCCACAGAAAGGGAGGAATCTATTGTTTTGTAGCGGCAAAGTCTTGGGAGTCTTCTTGGGCCCCTATTTCTAGTGGCAGGACTAATCTGAACGCGTAAACTATGACTTGCAATCTGCGCCCAATCTCGGCAACCAGGACTAAACCAGATTACGTTTAATAAAGTTGTTGTTGGTCGCTGAGTTTTCAAATTACGAGGGCACAGGCAATGAGTTAGGTAATGGTCTTTTACCCGCCCTGGTTTATTTTCGGGACGCCGCCTGACGGCCAACGGCCAATATCCACAGATTAAGTAAGCAGCCTGATTAGGGTAGGGACTACTTATTGTTATTGTGCGTTCCATACCGTTTTCCTCGCGTCCTTAGGGCCAGCAAAGCAACGGAAGGTCCTAAGTAAAGCCATATTACCTTCGGTCTTGAGTTCAAATATGTAATCTTTCTGCGCGAAGAAGGTTCGCTAGGGATGTATGGCCCCAATTGTATGCTGGCCAAAAGTGTCCTTCTCGGTCCCGCGTTCAGCCACTTCTAGGCCGGCAACTGATCGTAGTAGTAGGTCTAAACCCGGGTGGATCGCATTTTGGGTGCGTAGGGAATTCTTCACGATAAACCTACCAGGGACGTTCCAGCAGAGAGTAATAGCGACAAGTCGGGACCCCCCTCATTTCAATGGTGATCCCTAAGTCCCGTGCTAGAGGTCGGGAACCAGCCGAGTCTTTAGCCATCAAGTGGAGCTTATGTCGGTAAACTGACATTACATTTCATGATTGAGTGAGAGCAACATACGATCAGCGTCTATCACAGGTGTTCCTAGTCGGAGTGTGGCCTTCATTTCGTATCTGGGAGCGGAGGCTTAAGCAGCGCCGGGTGCGGTGGCCGTCCGAATCATTCCACGAGTATGAGTTAATACATTAATTTGAATGGCTTTAACCTTCTCCGCTTCCCTTGAAGGGTGAGGTTTCAGTCGATGAGGAGTTAATAAATAACCCGACCAACCTCAACACTAATCCAGCGGGGTTAAGACGCTCCTAACACCCCCTTGGTCCGCACACCTAAAGGGTAA,1377,49.09,Saccharomyces cerevisiae
SEQ_590924,GTGCTCGTTAAGTCTACGAGTTAGTTCCTCTACCGCCGGTTGACATTATAGCACTGAGGGTGGGCTTGTTACGAGCGTACTAGGGACCCTTGACCGAGATGCGGGTCCACTCGCTTTTGGAGTCAATAGGTCCAATAGCTTGCGGCTACACACTCCAAAACCCTTCTTCCAACAGAGTTGAAACGTCTCGCCCTGATTTACACTCTGTAACGCGTCTTGGCGTTTATCTTTCGAAAAATACCAGTGTATCCTGGCGGGAGAATATGTTTTCAAGCTTGTGGGTCATACTGCCAAACTCCGGCTGTTGCTCAGGGAAAAATAATCTTCTCTTCGAGGTCGCAGGCACCCCATAGCCTAAATCCCTGCCGCTGCGTCCTTAGCTGAGTACTGTAGAGTGGGCCCTGACCAATAAGTGTCTGCCATAGATTTAAATATATCGACCAGGCCCGAACTATTGCCCATGGAATATACCAAATGCAAGATGACCGTTTGGAGTATAGTCTAAGGACCTGGAGGACTACCTCTCGCGTAGGTGGGCACGGAATACATCTGTAGGGTTTAGGTGACACACCCCACAATCGAGTTTTGCAACCATATTGATGGATCATGCTTTGCGGATTAGACTTTGTGCAGAAAAGCTCCCATACTAATATTTAAGGAGATAAGTCTGCGTCTATGTTAGGGATAAAACTTGGCCTGAGACATAGTCATTCCAGGTTCACAAAGTCCCTGTGCCCTCTCCTCAACAAGAAGGCGTTCTCCCGGTGATATCTAGTCCCTCTGGCAAGTCCGTCTAGAATTCCCCTACTCATGTCTGTCCCTGGGTGACTTAGTCTCACAAGCCGTTTCGCTACACCAACGAAGACCTGCCGGTAGCCGGACGCAGTCGACTGTGTCCAAGTGACCTGGCTCGAGTTACGACTCACTTGGCGAGGTGACGTGTGGTTGGCCTCCAGTCAACACTGTGGTTGGATAAGCGTACGCCATCCCCGGCATCGGGTAGGCGTGTCGTTTGACTAGAGATGCAACCCGGGAGTGTCTCTAGCTATATTCCCCTCCAATCCTCACTCGGCGGTATGTCATGCAATTCTCAGACTGAATTGTATACACTGGCGCCCGGACGACTCCGCGCGCTGGATTGGACGTCTGATACTGGAGATCGCTCTTTAGGTAAGTTTGAACAACCATTTTACGGTAAGTTCCGTACCCAGCGATCGG,1218,50.41,Escherichia coli
SEQ_653065,GCGTCAGGGGGCCAAGCTCACTGAGAGACTACCCGGACGTCCCTAGCGGGATCTACACAATGAAGTATACTAGGCGTGGCCCAATCCAGGTCCGTTTTGAATCCACGCTGACAAATATGTGGAAGCTGGCAACGCACACTATGTTAAAAGCCCGTTTACTAACTGTAAGTCAGATTGGCCAAACCGCATTCAAGTCAGTGCAGGCAGAGGCTTTTGCCCTTTGCGCAGCCATACTCCACCAACTGGTACACGACACTGCTATTCCTGGTGATTCAGGTTATTCTTGACATGAATCCCGGGTGCTGGGGCACATATTTTGCGATATTGCCGGTAAATTCTCAATTCCTAACACTGTGCCTGGTAGCCTTACGTTTATCTGTACGACGATGTTTGCCAATCGCTCTACTATAGTGTAATCCACGGCTGCCGTGTGTTCCTGGGACATAAGACTCTGTAATCGGCCAATACCTACTGAGTAGAACCGTAGTTGCGGCAGCGCAAGTCGCCAATACTTCCGGTTATCATGCAACCTAGCCGATTGTGAGGACACTAGGAGCTAGTTGATATGGTAACCGGTTCTGCGTCAGGGCAAGCTGATCTTTTCTTCATCGGAGAATTCATGTCAGGGTTACTTTCAAGGCGCACGAAATACTTTATGTTTAACCCAGTGCGGCAGGCTAGGCCCACCCATTCATAAGAACATCTTGCATGTCAATCAAGTATAAGACCGGGGTTCTATCTTAGGGTGGATTTGGTGCATCATCTTACTATGATTGCGCACTCTCTGGGGGGTACGAGATAGCCATCCGAGGTGGCCTGGACACCATGCCGACCGTGATATTCCCTGGGGCTCACACAAGTATATTCTACGAGAGAATTATACTGTGTTAACGGGCTAGTTAACCCTCGGAATTTTGTGCAGGGCCCGAGCAATCCCAAATTTAACGGCCAATGTTACTATCGCGCGCCCAGCGCCCCTGGCGAGGACCTCTGTCGAATTTTTTTGGCCATTAGGAAATTCGGAGCCTAATACATGTTTCTGGATGATGCTGTACGGAGCCAATCGCGAAACCTCTCTCGCCCCGGAGAGCCAGTCGTTATGGCGCAAAATACATAGATCCTTAACCCCTCTACTTACATGCAGAACTACCCGAACCGGGGAAGAGTGAGTCCGGCATAAGGGAAGTTAGCAGGGGTTTAACACGGTTCAGGGACTCCCGTCTGGTTGTACTCAAATGACAGGAACAAGACTTGTGAAGCCCTTGCATCCGAGATAGGGCGTCCGTAAGCGAATATTGCGTTACCAAAGTAGACATATGGGACTCACATTGATGCTTAGTAGCGGTAACGCATTGATCACAGTTTTTCAAGCTTCGGAAAAGCGGACGGGTCCCACCGCTGGGACAGGTGAGCATGGCGAACTGTGGATTGTGCAGATTAAGGTTGCGAAACCGCATATAGAAGTGAGGATAGTTTCAGCCCCCTAGTATTTCTCTGACCTAAGACAAAGGGGCTATGCCCGTAACATGTAACGCCCAGGAATATTCACCTAAAATTGCACTTGATTTCTTTAGAGCGCGCTTTCGCAGATCGGAGTGAGATGAGGGCAGCGTAGATGAGGCACGCTTGATAGTTACGAGTTATACGATACGCACGCGCTTGAACGATGCTACTCCACTCCACCGGCTGATGCTATTTAATGGTTTTCTCAAATGCATGAACCTACTAAGGTATAAAATTTTATTGTTTATCAGATGCGCCCGGGACAAAGTACCGTATATTAAATGTAATCACAGAGACATAGAACCAATAAGGAAATAGTAGAAGTTTGCCCGAGACACAGCTGTCGCCGATACGACCTTACTAAGCAGTTACAGGGGGAATGGTGCATCTCCGCGCGTGCGCTCATCGGCACAGTCGATGGTCAGCGGATTTCAATTGTATACGGAACGAGCAGACAGCAGCCTGCGTTTCGACTCGCCCCGTCGTC,1990,49.15,Homo sapiens
SEQ_241897,TCATATGCTCAGGGCAGCGCGTCGCTCAGCCATGCCGCATTATTATAAGCCCTCTACGCCATATGAAGACGATTTTTACGGGTAGTACGCTTAAACTCCACCAATACCGTTTGCGGTTTTGGTCACTAGAAACGCGGCGCCAGGCAATAATTAGCAGATCTGGTAGTCCGATTGACCGCCAGGACTTACGCTTCTACTCATAATTCTCTTGGCACGAGAGGTTTTCCGTACCTAGCGGCGCAGCTTGGGGACGCCTTCAAGGCAGGAAATGGCCGGCCAAGCCGCTTAGACCTAGAGCGGCTATTTCGATGTGACACACGAAATTTTTTTGAACGCTACCCTCCTGAGCCAAATTGCTCAGCCTTAACAGTCTTAGGAAGTGCTTGATATATCATTCCATCCTGGATTAATCAACTTAATGTGTCAGATAAAATTCATGTTGCGTCATATCTCTGTGGGCGCGTTGCCGTCTTTACGGAAAGAACCACCCTCCCCACCTCGGGCTAAGGACGCGATCGATGTAAACAGCGGTCACCTCGATAAAGTCCAGGTACTTTAACGCCATGAAGCGATAGAACACCCACCGCTCCGATGATAGGTTGATAGTGTTCGCTGGGTGACGTACTTGCGC,631,49.92,Homo sapiens
SEQ_464858,CTCACCAGTAAATCCCAAACCTTCCCAATCTTGCACTAACTTGACGTTCAAACGGTTTGAAATCAGCTAAGATGTGGAAAAAACGGAGTTCTGAGCCTCACTTAAATCCTAGGCATTTAAGAAGCCGAAGAAGGGGAGCATGATCGCATGAGTGATTTCAGGCGGCCATACGAGTGCCTGCGCCTGGGACTGAGCGTAAGTTACGGGAGTTCAAGTATTACCCGAGCTATACATCTAGGCTACGTGCTAGCTAGGAGTGGTCGCAGCCCGTCTCAGCCCACATTACCGTGAGACCCCGACGTTTACGGTCCACGTTCAATGACTTTGAACCACTTCTTATCAAGTTCGGCTGTGGAGTAACTCTCCGCACAACTACGGTATTCGGAGGAAGAGAGTCGTAAGGTAATCAGGCTTTGCAAGCGATCTCCAAAGAACAATATACTTACGTGAGTACTGCAAATACTAATTAAGAAAGTAAACTCGTTTCCGTACCGGACGATAGTAGCCAAGTGAGGGCTGACTGTTATCCTTAAGGTGCGATGCCCGCCCCAAACGGACGCATGCGGGTCATACTCCGGACATCACAGACGAGCTTATAACGTGGGACCACCTCTTGGCCTATCGGGGCGACTACCTATATGGGGCGCCTAATTCATTAGACGAGAATGCGGTCAAACTGCGTGTTAGTCCTGTGAGATTATAGCTAAGCTTTAGGTTTAGGTTTACCACCGGTATTGCCCAAAGTCTTGGCTGGGCGCCGGCAGCTGAACCCGGTTCTAAGAGGACTTATACAGTTACCCCAATTGCTGAACTGCCCCCATAGTTCCCTAGCCGTACCGGAGCATGGGACCACAAAGGAGAAATATACTCTGCTGAAATGCGAAGCATCCATCTCCTGAGACTCCAGTGTAGCATTGATAGTTGGACTGCAAAACTATTAGCCCCCCCCATCACAAGGGCACGGTATGACAAAAGCATTAGGCGTCAGTTGATCGCCAACGCATTTTCTGTGACACTCTGCGCGAAGGCTTTTAAGGGGATGTAGTTAGCTCAGTGGCGAGAAAGTTGCGACTGGGTCAATCTTGTTGTTATCAATGACAGTGCATTCTAGGGTATGGTGGTTTCCCTCGTCCACACAGTCCAAGTTAGCTTAGCGTGGCGCTACTGCGGGAAGCGGCAATTTAAACATGCCACTGGCCAACCAATGTACGGCGAGCGAAGGCCAAGAGCTATTTCACCCTAATCCGCCTTCCTATGGCTTCGGTGGGCCAAGCTCACTGAACAGCAGACGCGTGACTCCTCCCACAATTCTACCCGACTGGTCCATATTTGCGAGTAACTAGAGCCGGCTTCATATCTAGTTCACACGACCCATGACAAAAGAGTGCTCTGAACTAAATCGTCCTCCGAGCCAACCCCTGGGCTCACGATGATCAACAGACAAGCTGGCCATATTTGATGAACACAGCGGGTATCGACACATTACATGCAATATCCCGCTGGCGAAGCACTCGCAGAAAAGCTGCTATGCTCCTAAAAGAATCACCGATGGGCTCACCGGACTGACTAGGGCTGCTTCAGCGG,1584,50.32,Caenorhabditis elegans
SEQ_558189,TGATTGCTGTACCGACATTTCGTGGCTCTCACTGCAATTCGAGGCGCGCCGCAGAGCGCCATTACCGAGGCGCAGAATGTCTATAATGTCCATTAAGGTCACCACAGTAGGCCAAACACGCACACAACTGTGTTAACGCGCTTTGTCGGCGTTGAGATCCCTCGTACGCTCCTCCAGGTCGGCCAGGGTGCCTGACAGACTTGGCAAAGTGCCGCGCGGCGTACAACTACCGCATGTGCTCAAGTATTTCGTTCCTGGTTCTTATCCCGGTGATGATCATGGC,283,55.12,Homo sapiens
SEQ_612124,ATGACTAATGCTATCCGTCGGAAGTCGGAGCTATGCGCCAGCGCTTACCACATAAGGGCCGTACGCACTCTGAATTCTTTGCGATAACAGCTCATCTGTTTTGTGCATAAAGCTTAGGTCACCTCCGAGCACGCATGCTAAGTAACGTGCGTCGACCTTGAAAAGTTTAACTGATCGCAAGTCACGCGGGTGTGTGCTGAGTATCGGTACCATCTTGAGTCTAGTCTTGGTTGAAACGGTCGTAGCTAATGAACCTCCGCCAGGCCATTCCATAGCTAGACTCTTAGCCCGACGCCGTGGAGAAACTCAACAGTCCCAGGCGGGACGGTTTCGGACCCCCACTTCCAGAAGAGCCACCTGCAATTCTACCTTTTAGCTCCGCAAATGTCCGAGTATCCTGTTTCCACGTTATTGGGCTGCAAGGGTGAATGCCTGAGCCTACTAAGTGGACGGGTAAAAGGAGACCGAAACTCCTCGATCTGAGAGATACAAAGCTTGCTTAGCCCACGTCACTGACCGACTTTGGTGTAGAGAGGTTGAATAAAACGCTCCCGTTTGAAAATCGAGGCACACGACTGTAATAATTTGAGTGGACGCTCGTCCACACGAGACACCAGAGATCTTTCTGTTTAACCGGTCCATTAGACGGGTGGTGGAGAAAACCTACGGAATATGATCATCCGAATAAGTTTTCCCTTTGTCGCCCGGGATTTTCAACAGTGTACCAGCATGCACGCCTGGCTTGGACGTCCTAGCCTTACATCCGTCGCGCTGATCCTTCGATCATCACAGACTCGATAGCCGTTGGAAGAAACAGCATCATCAGAGAGATGTTCCCATGATCTGAGCTATCTGACCTTACTCCTTCGTTAGCCTCATGTCCCCGGCGCCGCGTGTAAGGTGAATGCCAGCTGGGTGACGTCTAGGCCAGTCGAAC,937,51.12,Drosophila melanogaster
SEQ_943928,AAAACCTTTTTCGCATCGGTCTGTGCTCGGCCACAAAGTGTCCTACGTCGGATTCTTTAATTTAATCAAGTGGACCGCTGGAATGAGTCAGGAGGAAGTAAATAATGGGGCGGTTTCTGAATGCGCACGCCCTGCGACCACCTCGGTTAGTCAAACCGGACCGAACGTCGAACATGCTGCTCTCGAGTGCGATATCCAACGGAACGTGTCGAATGCACGCGGACATTCACGGTACGCGGTTTTACCCAAACACAACCCCCATACTCCAACTCTTCCTTCGTTCAAAGGTCGTGACACATCGCGTGACTATTATGCAAATACCCTGCCTGCCCTTTACAAATATCCGATTTTGTATAGTACGGCCCGCGCCATCGGGTCTGGTCGTCATTTTCATGAGAGCTCTACTGAGGGATATAGACACCGCCCCTAGTAAAAACTAAGCCCGGGGTGCCACCAGGGAGGGTTCGGCCGAACTCTGGTTTTCTGAAAGGCAATCGACTAAATTCTGTCGTGCGTTACTATTAAGGTGGTCGCCGCGAACGATAAAGCGTGGTAAGCGCTCGAATGTTAGAACATGCCCCACGATTGTCCAACCCGAGTACGTCAAACCGAAAACTAGGTACGTGGGATGAACCAGAGTTGAAAATGATGCGGCTGTCTTACACCATAGTTGCCACCGCTAGGACCAAATGGCTGGATCTTCCTCCCCCGGTTATACATGGGTTTGTTCTTGACGGTACAGAATAAGACGAACCAATATGACGTGGCAACTTGACGCTCGTTCGAACCAATAACTAGAACAAGCAGTTTGTAAGACTATCCTATCCGGAACTTAGAACCACACAGCCGAGCGAGCGCACGCCCAGTGTAGGTATTAATGGCAGACATAACCCCAGTACCAGTTCGAGACGTGGAGTTAGGATCTCGAGGGGTCCAACCCATCTCTACGTTCGACTCAGTCTAGCAAGGCAGCGAAAACCTGGTAGATCCAGAACCTAGACCCGAGGCTTCAACACCAGTAGCCTCTTCGGCTTCCGCTCTAACCATATTGGCTCTTATGGAGGCATGGTCCCGAGGCGTCCCATTTTTTACAAGTAATGCCGGAGTCTTAAACGGGTTAATAGCACAGGTATCCATAGACTGGTAATTTCTTTGGTCGTGTAGAATTACTTGGAAGGGCAGATTGTAGAGCAAGGCTTCCTTCCACACGGTTTTAGAGCCTTCAACGGAAGGCTTACTTACAAGTTTATTAGTTACGTTAACGAATCAAAGCTGATCAGTGGGTCGGTGTCTTGACAGATGAGGTGTGCGTTCGTGTGGATACAGCGTTATCCAGGTCCGGGGAAAGGTCGCGAGTCGGGTGCTGACAGTTCTCGTAAATAGTACGCGTGAATAAACCATGTCGTGAATCTATTGTTAGCTCTATGAAAGACAGCTATGCTTGCTTAGTACACTATGAGAACAACAACAGCTCGGCCCTTTATAGTGCTCATTACAACCCTCTATACCCTACCAGGAGAAAGTTGCTGCAGAGGGCCGAACGCTAGTGTCTTCCAATTAGGCAGAACACGTTGTTGTTTCAGTATTATTATCGGGCTTATAAGTCCGCGACTTAGAGTTTGTGCTCCTTGCGTACTATCAGCGATAGCCCCGGCTAAGAATGAGTGTGCGTGGCAGGCCTACAAGGTCGCCAGGTTGATGTTCGACTCGTACATTCGGCGGACAAAATTTATTAGTCTCACTAGCTGAGCTGGCATAATCGCCGTCAGCGACAGTGAGGCCATTCGCATTACGTCGCTGGTCGAACCCACCTATTGGTCGTTTTCTTCGAGATTCGGGGGGATTACGAAGTGATGCCACTTGAAGCATACGTCCGATCTTTTATATGTCCGTAGTCACCCCCCTCAATACCTTCTCTACGAGCATCCCT,1930,49.33,Mus musculus
SEQ_590381,AAAGTGCAGATGTTCGACCTGGGTAGCGCGGGCGATATACAGGAAATTTCGGACATCCTAGACAACACGTGATTATCCGTCGTTTGTTCCGTCATTACTGGACGTAGATTGTAATTGAGGGCGCTCGAACGTGTACGTTTGCTAACTACTCAGTTGATTCCATTTGTGGCTCAGAGGAACGGTATGGTGAAACGGCTTACGATAAACGCTCGTGCAGCGGGTCGACCCATTGTTGGTCGAGTTCGGACAAACATTGGATCGACCCCCAATCGAGTAAGTAAGTAAACCTGGCGGCTGAGGCACCGACTATTAACCTCTTGCAATGAAACGTGGATTTCAGGCGGTAATTGTAGGCTGTGCGAGGCATGGAGTGGCATCTTGTGGAAGGGCACAATCGGTCACCGGATCTAATGGATAAACAGACTGTTCCTAGGACTAGCAAAGGATTACCATAGTACTATAATATAAACTCCTAACCCAGCCGAAAAAATGCGCCGCAACCCACATTTATGGGATGTCCTTATTAGCCTCACGTCGGTTTCTTGGCTTTGTATGTCATGGAGTCCTGCAGCCCGATAGCTCCTTATGCTCTATTTAGGCCGTGGGAGCTATCAGATTGAAAGAACCACCAAGTAACGCTTGCAAAAAGTAGCTGTCGCCTAGGAGCTCTGCCAGCTCGAAAACTCCCCGATTCGCTCACTCCTGGCCACGCGCAGCTGGTTGTATTACAAGGCGCGAGATATCACTTCTGGTGACACCCCGTTTGCCACTTGATCCCGATGTGAACATCTAGCATAGATGCTGATTTCAATATTCTAGGGCGTACCTGGTTATGGTAGAATACACAGGTCACTTGCAGCGCGCCTTGGATCGAAGCCCGCCTACGGGTTCCCGACCTGCATGAGCCCGCCGATACGCGCCGTGACTTGCGTCATATATATATAATGCAGCGTCGTGCGGAACAATAACATTCGTTAATGTGACGAGGTCTGTCTACCCGGACTTTTATAGGAGTCTGCGTAATCGTAAAAATGTAGGATGTCCTTTATTAAATGTGCTAAAATTCGTCGAACCAGTAATGAGCTAATACTCCGCCAGATATAAAAACTCCCGCACTTAAAGTAGTTGATGTGCACAGAGTCAGTGCGGCTTCATAGCGTCAGCCTTGGTGGCCATACAAGGTAGAGACTAAATGAGATGGACACTCGGCTGGCTCAAGTCCGGCCCTACCTAGTCGCTATGGGTCGATGGCTGGGCCAAGTACTAACCCATATGTACCCCCTGGTCCACAAACTAACTGAGCCCCCCTCGAAACACACCCACATTCCTGCCGACCTAAGAACTCTACTATCTTAGTTTATTCTGCCGCCCACATGCAGCGAAATTGGTGAGGTCTCCACCACATAGAGAAAAACGTTCTGGCACCTAAGCCCGTCGCTCTATCTTGACATGCTGACATTCTGGAAGATTATTATATTTTCGAAACTGCAAGCCAAGGTAGAGGATTAGGCAGGCGACTATCACTCTCCAACCCAGGGCGTACAGAGCAATTCAAGCCTGATCGGGAAAAGCGGCCGTGGCTTTTCAGCAGTATACGGACGTTTCACAGAGTAGGCCCGCGTCATGCTGTAGGACTGGATAAACTTCTGTTCGTGAGCCTCTCTGGGCCGGCCGCCTCATGTCGGGAGCCAACACGCACAGCATGAGGGAGGGGTCCTGAATAGTCCTTCCTAGCTGGCATGTCTCAAGCGGTTTCACACAGCTTATTTAACTGATTTCCCCCTAGATATATAGTCGGCGGTACCTAGGTGCGAGAAGTAGGGATACGAGTACCGGTTATCGAGTCCTCATACCAACACGCTTATTTCTTTCGCTATGTCTTCAGCGTCTTTGCACGAAACCAAACGCTGCGACAGCTTGGTGGTTTGGGATCAAAA,1937,49.61,Caenorhabditis elegans
SEQ_899172,ATTTGCACTGTCTGCCCAAGCCAAACAGAGCCATTTTGTGGACCACTTGACTGAGCCCCTGCAACTGTGCCCGTGGTGTTAACGGGTAAAATTGTAACCTACCTTTAAGTGGCGTGTGTAGTCAGAGTACAAAGTCTCCTTGCGTAGTACAGCATTCTCGTACTGCCGTGGGTGTGCACGGCAGTCTTAAATCTACGATTGGTAACTCCAACTCCCCTGTGATAAAGACTAAGTTGAACTGTGGTTAACAGCACAAGGGGGTAAATTTATAAGGGCACAGCTCCAACTGCAGTTCAAACTTAACTAACTACCGCAACAAACGGAGCACTACTCACCCCTATTACCAATAGTGAATTACACGCATGCGATCGAGGCAGCGTGTCACCGTAATTAAGAAGATCTTCAATTACTCATTCACATTGCTCTAGCTAATCTCAGATGTACGGAGGTCCATGCCAAAAGTGCCCCAGGGCCAAGACTAGTTTACGGACTAAGGAAATGTCAATAACTGATGTTCGCCCGGATCAAATACTCGGCTCGTTACGCTTGCCAGTTCCGGGATTATCCCCAACCCGTACTTTCGTAATCTCCCTTTCCCTTTAGCCGCACACAGGTCGTATGCACGGTCAGAGAAAAGGTTTAACCTGATAGTAATCCGTACCACTAGCGGCAAACCCCCGTCGAACCGCTATAGTAAGCGTGCTTTTGGACATCACACACCTCGATAGTATTAACAAGTGGGTGCCCCGTACTTCGTAGCCACGCGTATCAGGTTGCTTCATGCGACGTTTGAAAGATGTGATCTCACCTCATACATTAGGGGAACAATTGCAGGTCTCCCCAAGTTCATGCGAACTAGAAGAGTGGGTAGATCTACCTATCCGTTTCTCTTTCAGTCGGGATCACCAAGCCGCGATGAAAGCTGACTATGAGCCATTACGCAGACGATCACGCGGGGCAGCCGAACAGAAAGCGGGGTATCCGACTCCTTATTTCGCGGAGACATGTGAAAAGCTACTGACCCCCCCACCTGAGAATAATTGTGATACCTGTTAAGAGGAAAAAACCCCTACAGCACTCTCGGGCGACCACGCAGATGAAGATTCTGGTTGCCCGTTTAACTCAGAAGATAATTTACGCTGTGCAGAATCCGCCTTGTTCCACAAAAGGAACAGGTATAGAGGTATTCGCCTACATGCTTGCGATTTGGCTAAGGAAAGTAAATTGCCGATACCACATCGACCATTACTTTAAAGAGCCTTCTACCTGTAACGGTCATGGAGCCTAGCGTACGATATCAGAAAAGGGGTGTCCGAATTTAGAGGGTCCAGTACTGCTAAAAAAACAATGTCCTTTTCCCAACCGTGTCGACTTCCAACAGATTAAATATGCTTGGTCGAGATTGTCCCCCGGTCTTACAATACATTTCATGCTCAAGCATAATCCGAGGCTTAAAGAGGTTTTCCAAAGGCCTCATGCTCAAATAAGGTACGGCGTATTACCGACCGTTCACGTATGAAATACTCCATTGTGGACATCGGGAAATGTTGCCTTGTAGATATCACACAGAAGCTGCGTCCCTACCTATTCTACGCTTGGCGCAGGAAACGAACAACTGGACGGTGGGTAACGATAGCTCGCGGCGGCCCGGGATGCCC,1658,48.01,Saccharomyces cerevisiae
SEQ_441705,TCTGGATAACATAAGCAAATAGCCACACCCGGGCCGGGTCCTTCTTTTCAGTACGGGACGAAAAACACACGTGACTTTAAGAGAAATAATCTCGTATGTATTGGCTACGATGCTCCCTCATTCAAGCTCCCGAAATGGGGCCTTCGCACTCAATCGGGGCATGTACTAGCCTAACTGTATTCACGGGGGCACGGCAATTGTAATGTATGACAGGAAGTTGCGATACGAGCAACTCCGTGCTATTATCATACATAGCAGGTCATATTACGCATTAGAGCGTCTAGCCTCCTTGTGGAAACAGGATTATAGGAGTGGCATATATTCCACGTATGGAAGTACGTTGTGGACTGGGCCTGGTGCTCCGAATTTGAGTCCCCGGGTTGGGTGGCTTGAATGTAAGTGAGCGCAGCGGCCGCAACAGTCCAGCCCTAGGTTCGTGAGCTTCCATTAGCGGAGTCTTCCGAAATGTCGGAGCGTATTCGAACACCTATCAATAGTCTGCCCAGACACCTCCTAGGGCAAACTAAGACGGGGGTCTGATTTTCGGCATGGAAGATAAATGAGACTTCACGCATAGGCAGGCTAGTGATGCACGACCAAATGTTGGGTGAAGTCAGCTGGTCAGGCCTACAACCGCATATGTTTCATAGGAGCTAAGAATCGAGATGTGGGCACAGATGTTCTATCTGGAGTCCCCAACTCACCCAAGTGACTTTCTTACCGCCTGCATCGACCAGCCCTGCTAAAGGAGGATACCTAATCTCAGTGACCGATTTTGAGAGGCGATATCACGGTCCAAATCTTGTAGATACCATCAAGCTGATACGTTCACGCCCATTAGATCCCAGTTGTAAATTGGCTGCCCCCATACGGACTGCACGACGTTGATGACTTGGTTTCGCTATAACGTACTGCCTTGGCCCGAAACAGGGTGAACGATCTGCGGTGCCTTGGGGCCCCCAGCGCAAGGGGCGGACCCCGCTACGTGCAGGTAACGTTTCCACTTTTTACACCGGATGAGCTGCTTGATTGTAATTCCCCCCCAAATCGCCGACCAGGAAAACAATCCCTATTTACATGCTTTTGGTGACAGCACTGCTGGAACCTTGGGCACAAGCGTTAATCGATGACTGACGGGTTCGCCAAACAACTCTGCTGGTGAATTTAGGGTAATTCGTACCGTTAGTCTTCAGGCCAGTGTTCGTCGAGAACACCTAGAAACGAGGAGCAACATTGGTTCT,1241,50.36,Saccharomyces cerevisiae
SEQ_829053,TCGGTTAGCTTAGCGGTTTAGGTTTGCTCGTGCTTATTCGTTCACGTACACTGTCCTGGCCTCGAAAACCACCCCACAATTATCGATGCCCTCAAGCGTACTATTCATTGTCAGCCTCGGGCATCTATCAGTCTAGGAGCACGGTTTGCTCTAATATAGATTCACAAATGCCGATATCCGTAGCCCGCAATCCAGCGCCTACTGCCTATGGAATGGAGCATACTATAGTTAAAGGTAAGCTGAATCGAACGGACCCACTTTAACGCCGTAAAAAGGGTATCGGAAAGTACCGCTCATTGCATGGTCATAATAGTTATTTGCGGGGGTAGACATTAATGCGACCCGCCAGCACATTTAGGTCGTTCACCATGTGAATTGTCTGGTGTAGGTAGTGGGATACACCAGAACCGGAGGCCAGGGATGCCATAAATAGGGTGCATACCCAAATCAGCGCTCCGCATCACGTTAATTGTCGATAGCCCCCCTCCTTTCTTAGTAACGTAGTCAAGTTTTCCTCTTGCGCATGACCGAGAGGAACAACCGATCCATCCTGATCTAATATTCCTCCACCTAGCTTCTTAGATCGAGCAGGAGCCAAAGGTCGGCTAGTGCAGACGAGAGATCAGCAGGCACCCTTATGATAATCATAGACGTTATGGTGTGCAGTGATGACGTCGGGAAGGGATGCGTATTCCAGCACTGCAACACACCAAACATCATCGCCCCGGATATGGCACGAGACTCGTCTGGAATGCTTAGGCGGATTCCAGCGCTCCCCAGTCGAGAAGGGTACCACCACTGTGAATCCTCTCTTGCTAGTAATCTAAGCGCGCAGTCACGTGACGTATAGATTGGGGAATCACACACCTAAGTGGAGGCTCTCGCCACTAGTGCCACTGATCAGCTGGTTTTCCTCTGTCTACCAACGTAGGCTAACGTGAACGTATCGCATGGGGCACGATCACTTAGACAGGCGGCCCAAGTTTCTAG,990,50.2,Escherichia coli
SEQ_419683,TATCTACTTAACCAGTATTTCGCTAAGCCATGGGAACCGGCGTGAGAGCCGGCTCTGAGGCACGCAAAAACTGCTTGAGCAAGACCTATAGTTGCGTGAATTCGTGATCGGCACGGCTTTTCCACTCCTTGGGCGGAGCGTGGTAACTTGGAGGCGTGGCAACGGGATTGTTAGTCTAATGAACAGAAAATAACAGTATTTACGTCAGTGAAGGATCGGCTTGCAACCGTCGCAAAAATCCCACTGTTCAATTAGGTCGGAATGCAGTTGGTCATCAAGGGAGTGAGAGTAAAAATTATGGCTCTCAACATGTCTACAGGATCGTATAGGTTAGGACTGAAAGCAGGGAGGTATGCTAATAAAATTAGTCAGTTATATTCTGCGCAAGGAGAGGTCTGGTGACTCACCAGAGATTACTACATAATATAACTCAGCAAAGGGACAGGCCCCACCCCTACTAAATATCAAACGCTAAACCCCGAAACGGCGCCAAAATCACCAATTTATTAACTCATGGCTAACTACCTAATTGATAATGGTTGAGACGCCAAGTCAAGTTTTAGCATTACTGCAGGGCGTGGCTTGGCGGTCTGTATACCGGGGTCCCGAGCTCCATGGTAGACAGATCGCCCGGTATACAACCGACTCTCGTCTACCCTACCGGGACTAGCACGCACATCCCTTTTATAACCGCTGCGATCTAATAACCCCTACGATATCCCGTTACTGTTAGGATCGCAGGCGGAACTAAATTTAGAGGGCTGGCCTCCAGTTAGCCAGTAGATTAGAGTAAGCGGGCCTCGGGTACGGTAAGGTGGAATGTATCCTCCCTGTTAGATCTCGGGTATGTTCTGTCTTCAGTGCTCTAAGCATCCCAATTCTTAGCACCTGTATAACATATCCCAATGACCTAACAATTACCGGTAGTCGAACACGACTTGTAATGTACTAAAACACCGTTGGTGGCCCCCGAGCTATCAATTAAGACACCTATATCAGGTTCCCACTGAATATCATGAGCGGGTTCAGTGTCAACTCAAGAGTTGGAGTACTCGTTCATCACAATGCTCGTAACTCCTATAGGCCGGCGCTGGAGAGCCTCGGCTATCTATTGGGGAGGTTTTCTCCCTGCGTGGCTCATGTGTGGCATGTTTTCCGGGGCCAGTTAATGTTAGATGCACGTCAACGACCCACCGTCGTCCGTGCAAGAGCGTGTGGTTGCATGTTCAAATCGAAAGCGTAGGATGCCCGGAAAATACAACATATCTTAAGCCCTCTCGAGAGCTCCTTGATCGAGATCCTTTTGAGTTACACTTCGCCTAATCGCAAGAACTAGAAGAGAACAAGTACGACATCAGCGGGGTTAGATAATCAGTTAACACCTGCACGTCCGATTCACCTATGCGGGGACCACCATGGACGACAGACCTCAGCATTTTTGCCTCTCGACGAGATGAAAATTGATGGCTGTTGATTATACCGAGGTCAATCGTCGCGGGGCCGCTAGCACAGGAGTCTGGATTTTGTGTCAACCAGCGAAAGGGAACTACCGTGGTGGATGGTCTCAACGGGGATTTGTCGTTAACGTGGAAGGAGTTCTAGGAGGCTCTTCATGCTGTTAACTGGCTGCATCTGCTAGATAGTTCTGCAATCCTCGCGATTTGTTCAGTCTTGATTCGTCTGCTTTGACCAACATAAACA,1701,48.32,Caenorhabditis elegans
SEQ_751935,GGTTTCCAAACTGGCCCATTCGTGTAAAGTTGTAAGCAAGTGGCCTACCTGTGGGCGGCCGTAATCGTCAATTTCGTTCGTAAGCTATTTAGGAGTCCGATCATGTATGAGTACGGGTAGAAAATTGCCTATAGACTCGGAGATGCATATCAGCAAATTCGGACAGTCACAATTGCCAGATTGGTTTAATTCACGATTATGTAATTCGAGGAGTGGTGAGGACCATTGTGCAGGTCTAAAAGCGAAATGCCATCGGATCGAAGAACATCATTAATGGTCCCGTCGATGTTTGTGACATCGCGACTCCCTACCGCTGGGATAGTCGACAGTCCATGACTTGCCGCCCGCCGCATCGTAAGCTGAGGTCACCGATTGTTGTTGTCGATCACGAGCGAGCCGGCTTACACCCGTATGTCCGATTCCCGGGCCGAAAAACCTAGAGATTTGGTATTAACTAGCTTGCGAAGTGCGTGGTGCCCCTACCGTTCCTCGGGGTCCGTGTTTGGGCAGTATGGCGGAGGGCATACTAGAGAATTTTTAACGGCTCATCGCTACCGGCCTGCTCTGATTCTGGTGCGTTGGAAATGAAGGACCTGACTCTCTTTGTTTGTTCGATATGTGATTAAGGACATTGACGCTGGACTCACAGGGCTGTTGCTACTGAACCGTCGATCCCGGGTATACGAACGATCCGTTTCAAGTTGAACGGGCGTAGTCGTACGCAAGGACCTGGCCCGATATATCATCCT,749,50.33,Mus musculus
SEQ_407803,GAAATACCAATCGGTACTATCAGTCGCACCAAGATCGGTATATCGAGTCCTGCGTATATCGGGGGTCGAACGACTGAGTCGTACGAGTAATTCTTGGTAGGCTTAGTGAACCTGCGCTGGTGACGACTCTCAGACGCCGAACAGACTGGATTTTAGTCATAGCGCGTAGAGGAACTGTCATAGAAGGGTAATAGGAGGACTACCACATTGGCCATTTTATCCTGTTCCTACCCGTGGCGCGTATCATTTGCCCCAGTTCCACTCTGGTAACACGTGATTTTTTTAGGGGCCCTATTTTCTTAACCCAGTGGTCAAACCTGGCTGGCGGATGTGGCATGCACGATACGTAAACATAAGTCTTCCCATGTTTACATGACATTAAACATAGTATAGTTGTCGGGGTTTAAGACTGGTAGTCAAACTATGCCGACTTAATTGGCAGAAATGAGGGGGGAATTGCTGTTACACTGATTGGTGCTCTGTAAACATACCGGCATGAAGCGACTGGTCCTGAAAAAATAGTTGAACGGTCGTACTTTGTTCGTGACTCACCTGCGTTCCAGGGGGTTGGGACAGACTCCCGAATGTTCATATACCTAGACGCCGACGAGGCTTGCGTGCGACAACAGACTAGATTTTAGAGTCCAGCGCTGATGAATAATCACACTGTTGTACCCATCGTTGTTAAACGCAGCAGTTGGACGACCGCTTAGTATTGTCATCCGGCTTTTAGCCTCTGGAAGTGAATACAAATCTGTGTCCTAATGATGACTGCCAGTTTAGGACCACGCTTAAGTCATCCCACAAACTATCCTGCTCAAACAACGTAGCTTGCGAAGCTATACCCGCCACCGGGAAGTGCGTAAACTGCGTCTTGAGCGATATGGAAGTTTTAGGTTTGGTCTAAGTTTCCCGCACGAACAATCCTTATCGCCTGAGAGATTGTCCATTACCCAGGCTGGCGAGCTGATGAGTCCTCATCATAACAGCTACGCAGGTAAGGCTCCAACCACGCTCTGACTTCGGCATGGTCGCTTCAACCATCGCTCGTCACCATTCCATACTTTAAATTGTTTACTTCCAGGTGGAACGTTATTATGCGCCTACGCCCCCTCCTATAGAATCGCCGATAGTCCAGTCTGACACTGCTGTGGAGGCTCCAGTTCCGAATGTACGCCTATCGGTGCGAAGGTTTCTCTCTTCAGCACAAGGCGAAGCGCTCACCGGCAAGTCTTTGTCCGCGATTCGCCCGCAGAAGAGTAGGGCAGCCCGCAGCGATCTTCCCATCTCTGATGCGGGTGGGAATGAAGTATCTTTAAGATATAGATATCTGTCCAGGATGATCCGTACACTGGATGTTTTGACCTTCATGATGGTGAGTTCTCACTTTGTGGGGGATACATTATATGCAGATACTCCGGAGCCCGGAATGGCTACCAACGTATACTACTACGCCAATCGCTACACGTGGGGGCTAGAGGTTACGATACTATAGTGAAACTAATAAGGAGCTATAACTCACGAAGATTCCTTTAGCTCCTTGGATCTCGTGGACTGTGGTACTTTGAGACTGTTATCCCTCCAGGTATAAGAAAACGCCAGTTTTGCAGCGATCGGCGTAAGCCAGTACAGTGGCGCAGTACGAGGACCGCCTGACTATGTTCTTCGTGCGTCTTGGGAGCAATCGAAGAGCCCACCCTCCCGTGGAAAGGCCCTCAAGTGGGAGAGAACCCGCAACCATCCATCGCTTTCTCCACTTCCCAAATAGCAACGGCATCCGCTTATTGTCGGAGTAGATCGAAGGTAGCTCCGGGGCTGCCTTAGGTCATGCCCGAATTTCCACTCTAGACCATACGTCCTGGCCCACTTCCGATTAGTCCTTTCTCGGGTTGCA,1894,49.63,Escherichia coli
SEQ_203729,TCGGCTCTTAGGTATGAGTATAACGCCTTTTCATTCTATTACGATCAGCATCAGAGTCACGAACTGGTTGACGACAGCCGGTGCAAGTGCTAACCCATTCTGCTTCGTACCAGGGGAGTGAAATTGCTCACGGCCCCGAGATGGCGAACTTACACTGTCGCCAGCGTTAAATGCCGTAGGCCTCGTTAGTTACTGGATAGGAGATGAGAGAATATATACACACTATGCACGCCGCCGTACACATTACCCGCTGGCGTCTTAAAAACGTATTTCATCCGAAGGGTTTATCTAAATCCTCAATTATCAGGGCACTCGTATATTCTAAGACAGGAGATCCATCACCCCTTCCCCTCCTTATTGGTTGTCCAAAGAGCGCTCGCGCCTATCGTCATGCCGTGGCCCAAGCAACTAATTACTAGGAAGCTTTTCTTATGGGTCTAAGATCCTTTGGCACCCTGGGAGTATCACGAACAGACCTCATGAAACTTTCTACTCTAACCCCCGGTTTTCGGCATGTGCCTTGCTAGTACAAGCGGTTACAATTGTTGGAGGAGGTCAAGTTCCTATAATGCGAAGTACGTCTTGGGTGAAATCTCATTTACTTCAGGCGGAAGACGTGACTGATTCTAACGGCGCGAGCGGGGTCTTTCGAATATACCCCACTAAAAAATTTGTGCTTATGGTCTACAAAATGTTTTGTTTAACGTAATGAGGCGACAGTTTACAGGTGC,731,47.06,Arabidopsis thaliana
SEQ_285056,TAGGTCGATTCCTTCATACATGATAGTTTGCAAATGCTTCCAGGGCGTGAGTCAACTCTAGAGCATTCTTGGCGAAAAAATTGACGAATATCGGACCATGCGAGGAGGACACAACTTTCATCCGTAAACGCACTCACGAAAAGGGCGTTAGAATTGCCTGCAAGATACCGGTTGGTTCATTTTTCAGAATAAGGAACGAAATCCGCGCCGCGCGGGCACTTACCTATCACAAAAGGGTGCGGCTCAAGGCCGTTGATATGACTGCCAAGCGTAGGTCCTAGGCAACACTCATTTCGAGACGACTGTAGAGTTAGGGTAAATCACATATTACCGTAACGCTACACGTAGGTTTATCATCATTGTCTAGAGTGCTGAGCGTTCCGCTCGGTCGAGCTGGCCGCTGGGAAGGTCTGGCACGAGCAAATAGCGCCAAAACTTCGTACCGTATGCGCGTCCAAAGGTCACAATAGCCGCACGACCAACTATGTCAGAGGTTGTGGAACCCCAAACAAACCGACTGGTTACCTCGCTAGACCTATCGGTTAAAACCTCAGTAAAAAAGGGCATTGACCTCAAAACCAAAAGGGGCAAAGTTCTCGGGTCACATTTCCCGTACCCCCTTAGGGATCGGGGCTACTTACCTTAGCATTTTTCCTAGTGCTGGTTATCCGGGGGATCCAGCCGAAGCTGATCGGTTTGAAAATAAAAATGGTAACTTTAGCAGTGAGTATCCTATATAAACTGATTGGGGCGTCCCTCGCAAAACCACGAGTCCATAGAGCATGAACTCGGGCGGGGTGCGTGACCGCGCTGGCGCGATGCCGCTCTAAGTATGGGGCCTTCACCACCCGTGCTACGTGCCCCATAGGTCTGGTTAATAGTATACAGGTCCCCCGATATCGGTGTCGGGGAACTGCTCCTTTTGTAGTCTCAGCATTTCATAACCATTTGGATAGCACCGATGGGAGCGACCGTGAACTAAAATATCGAGGTGTAACCTGGTAGTGAAACCGTCCCCGAAATTGCTGCATGTGAGGTCTTAAAACCATAAATTTAGTACGACGAGAAGACATCTCTCATCAGCGCGTCCCCTCTGCTCCTTCCAGTGCAATCATAAGGAGATCCTGTGTCCAGTACATAATTAGTATATT,1151,49.26,Mus musculus
SEQ_586009,GCCTAGCCCGCTAATCTGGTACTGATTATACGAGGGCGGATTAATTCGCTGGGCGCCGAAAACTGACACTAGTACCGTCGTTATCAGAGGGTGACTGATTAAGCAGCCTCTTGCGTTCACAACACAATCGGTCCACTTAAGGTTGACCAGAAGCAAAGATCCATCCGCCGGTTAGGACCTAGTATGCCTCTGGCCGAAGTGGGGCAGAATGGGTAATCGACTCACATAGCGCATTTCGAGAGACGTCTCCTCATTCGGGCGGGAATGTTGTTATCTCGGTGCCGAAAAGCGTATAGTGCATCTATGTTGTCGACTCGAGAGAACCCCCGCGGATCGAGTGTCATTGCGAGGAGAGAGGTTAACATTGACATAATTGATAGGCCGTCACATTCAAGTGTACATCGCACTTTTTGAGTAACGACCAAGCTTGTCGTAAAAAACACGAGGGATTGGCAACATCCTGATTCGGCATTATCGTCCCCAGAGAAGAGACCCAAGAACGCGCTTCTAACCTTCATCAAAGGTACACCTCATACCCTTTCTGGGGGAAGGACACTGCGGCCCAATACGGAAGTTCCAAACTCCTTTCCGTGCCGTTTGACGCGCTACAAGATGGCGCGACCCATTCTGTTTTTCGTTCATGAAAAGTTTACCTTAGCGTCGACGAAGACCAGCTGCACCTATATACAATGCGCTGCCGCATCTTTGTTCCCTGAATTAGATACCCGACGTTCATGTGTTCAGCCGGGGCCTAGGCCATTATCCGATGTAGGCGGAGTAAGATCTGATTTGCTAAAGTCACTGCAGAGGGGATTGTTTGGTGAAAGTGGTTAAGTTAATTCGTTCCCTTCACAAATTGGCTTCCACCCTTTCTTCTGACAGTGGTTCTCCACCAGTTAATTACCCGAGACGGCTCGGAAGCATACACAGATGCCATCGTTGCGTGCACTCAGCAGGCAGAAA,963,49.74,Saccharomyces cerevisiae
SEQ_178676,GAACGAGCGTTGAGCCTAGTTCACCTTGGCCTTGTTGTAAACAATCTAGGCGCCGGCGGTTGTAGTAAAGCCTGGGAATGATCAAATACTGTTTGGACTATGTCGTTTGCCGCAGGGCATTTGCGGACCAGGCCGTGAACGCTAACGAAGCATCTGAACTGAGCTACATGTGACAATACACGACAAGACCGCCACAAGGTGTCCCGCGTGCGAACCTCAACCGTGGTCAGTTGGTATCGACGCTGAGGTTCCTCTGGGCGATATCTACACTGTCACAGTCGTATTCCAATTTCTTGACCTTTGAGCTGGAAGATAGACATATAGACTGGTATCATGATATGGTGCAATACACACTATGCTCGGTACAACGATATGAGGTGAGAAGCGAGCGACTAGCCAGGCTATAGTGCTTTGGATTCACATGTGCATTAGGAGTAACGTTTTAGCCAGCCACCTGTGTTGCTATATCTATGCTAACATTCATTAGTGAAGTTCGATGTACTTCACACTAGATGTCAAGGGGCGAGCTACTTATGTGCCACCTAAGATGTGCTCTGGTACATGACGGTCCTCCAATCTTAGCATTCATACCCCATCGAAGACCTCTGAGCGTGGATGTCGATAGCGTATGCGCGAGGCCGATTGTGCATTGGCAGTCTAATACCTTATGGGATCGTTCTTAGACACTAGTGCGCACGTTGGTTAACTGTAGAACCAAGTCAGCCTGCGATAAAAACCGAATTAATGTACCGAGCTTCGCAAAAGCTAATATACCGGTTGAGCCTAAAATACTAAAAGCTGGAAATACTGTTTTCGAGGCAATGTACTGCTGCTGGAAGGTCCAAATCCAATGGTGCCCTTTCTTGAAGTCACCATACGCCCATGTTGACCCGTGAATCAAAGCAGCATGATTAGTTGGGCGTCGCTGAAGTCGAGAGGCCTAAACTGGGTATGCAATGACAGCATATCTTTCGCACACATGAACTTGCTCTGAGCAAAGTAATGCGTCTCATAGGGCATCCGATGCTACCAACAAATGTTCAAACTGCGTATCCTTACGTGTTTAGTACAAATTCTTGCCGCTCGATAAACGTCCAACGACATAAATCATTGTCCCTGTTCTTCATTAAGCTAGAACTACTCTACCCAAGGTTGCTACAGTATGCACCTGCGGCTGGAGAAGAGACCTTATGCTCAACCATCCGAATCGTTGGTTTATGCTATATGCTGGGTTGCGAACTCCCAGAGCAAATCAGGATAGACATACCGCTAATCCAGCGTGCTGACATGTCTAAGGGGTTGTTACCCATTAGATGAATAGGAGGCTTCAGAACATTGTGTCAGTCCTGGATGTGTCCGATAAAGGACGACGATCCGACGCCAATATCCATACCTCGGCGTGGCGGCTTGATACGCCAGCTAAAACGGACTAGACTTGTTCTAACTTCGATAACGAGGCAAAAACTGAGTTATGCGATCCCTGGCCTCGCCATATGTTATCAAGCCTAACGGTACAGAAGCTGATTCAAGGTAAAGCTGTGTCCGTTGCCACACAGGTCCCATAGGGTCAACGGAGGGGGTCGGCCTATCGGGTAATGGCCAATTTGCTTGTTCTCGCAAGCATAGGTCGA,1631,47.76,Homo sapiens
SEQ_661236,GATTTTAAGCACCCAAAAGGTTCGCATGCGCCTGGTAGCGTATAGCCCTTTCATTCGAACTGCGGAGCAGTGGCCATCTCTTCTGAACCCAAGTTCCCTGCAGCGAACACCTTATTTCATTAGAGTGTGACTCGAGAGGTCCCCCGTAACGGCCCACCAGAGGAGGCGCCACAGGGGACCCCCAATTGCCGCTGAAACACAAGCAGTCCACCAGCTCGGGGCTCACTGTCAAGGAGTCACGCCGGTAGTAGGTCACTTCCCTCGGCACGAGGCGATACGAAAAATGAGAACCGCAGCTCAGAAAGCTCGCGGGATGTAAAGACGCGGTTCCTGCTCCGCGAATAACACTATCCCTCCGCCGTCAACGTCGGCTGCTGTGTCAAGTCTGGCGAAGTTCGTCACCTTCGGGAGCAACTCGTCGGTCGTACGCACCCCACCCACACCACCCGAAATTCTCCTTTCCTTTCAAAGTGATCGTTTCTGACGCTAGGTCCCTCACGGCGTGGGGTTCGAAATCTTGAGCCAGTCGAGACCTGAGGTTCGAATCAGGAGGGAACCTGTTGCTATGCTGCGCTCTAAATGCAAACTAACGGATTCGTGCCGGGTGGGACCCTACTGCCAGAGTACGATATGTGAAGGGTAGCATCACCAGCACTAATGCAATTTTGCCCCTATCATGCCGTCACCGCCGGCCTCGACAAAGTAGACCGTCGTACTCCCTCGCTACTCACGAACGAAATATCTGTCGTGGGGTTGGTGAGCTTTACGCAGGCCGACCGGCCAAGCAACGCCGCAAAAATTGAGACACACCTGTAACACTTTTTCTTTAGACTGTCACGGCCTAGACCAGCTAATAATTATGTCTGGTCAGATCTCCAACGAAGTCAGGTCAACGGAACTCCCCCGGTTTCCGGGCTTGCCCCAGCAGCAGGTAGTTCGACAGACG,946,55.18,Caenorhabditis elegans
SEQ_149174,GTACGGCTCAGGATGCTGATGGTAACTGGGCTCATGACTACCGCCTTCATATGCCCGCTGCCGTGAACTGGTCCCCCAACGGTCACGCGAGGGGGGTTCAAGCACGGTTAGCTTCCTGGACGCGCAGGTTCCGATTTATAGCGAGTTATAGTGGGCCAGCGGGTCGCCCGCGCTATCTGAATGCCGTTCTCGTGAAATTTCGCTTTAGGCTCCGGTTCCTAGGAAAAACTCGGCATTCAAGTATTCCAATCAAGGTTCCACCTTCGTACACCGGATTCTGTTTAACCGTCCTCCCGAATACGGGAGCCCTCCAGTAGACCTCCGATATCGCCCATGCAGTCGATACTGGGCGAGTTGGCTGAATTCTGATTCAATAGTGATGCGTGTTACGAAGCCGGTGTTGATAACGTCACGCGTCAAAGAGCAATACGAACTCTTCGGTGCACCAATTGAACGTCATGCACTTCTTATCAGTGGCTGGCGGATAAGGGGAACACACCGTCGGCGCCAGGTTGCAGAGCCGTCCGCGTGCAGACAATCCTCATGAAGAGCACCTAGAGTATTTTGGGTGGCCGTCGCAAAAGACGATTTTCACAGCATTGTAGTCCCAGACGGTGCCGTTACTACCTATCGAGTCAGCAGAGGAATTCAGTCCTTGCGGCACACCTGCCTGGTGTGGGTCCCCTTTTGGCCGTATAGATGCGCGCTACTTCTCAAGGAGTTGTTAATGACTCAGGGCGGAAGTGAAGAAGGAGGCTGTTATGACTTGGCCGTAGCGGGTAGTGCGCGAGTCGAGGTGTATTATATCGGATTCCCCTCAGTCGGACACCCCGGCGCACCCTTGTAAAGTGCTACTCGATTTGGATTCTTGAATGAATTGAGACTCCAGGGTAACTGAACGTTCACTTCTCCTGGAGTGGGTTCTTCGCAGGACGGCGCTACATACGCGACGACGCGCAGCTAGGC,966,54.14,Arabidopsis thaliana
SEQ_189668,TCCATGAGATTTGGTGAATTCCAGCTCCTGCGTCCTTATAACGTGGATCTTTGTAGATCGATCCACGGAGGCGCTTGGGCAGACCTCCGGTGATTTCTAGGTTATCTCTAGCGAGACCAAGAAAAACGCACTATGTTGTGATGTGGTAGACCGGCCCAGAGGCCATATAGGCGTAGGGCCTATATTAACCGGGGACGCGTGATCATATATCGAAGATACTATTACATTTACCCCGAGCCTTGAGTAGCACCTGGCACGAGAGACGGTAAGCAGTGCGTGTTTCTCAACGTTAATCGGAACAGGTATATACGGTATATGGACTAGTTTGGAGACACTGGACTAGAGTTAGTATTGGTCGGAAGGCGATATCATGAACTTCTACATTCCATTCATTTACCAGGTTACCTCCCTGTAAACATCATAGAGACTCGTTGAGCTCCGCCACGATTACTGCCTGAGTCATCGGTGGGCGCCTCTGTAAGCGATATCTCTGGTCATTGGAGCACGCTCCCCTCATACGATCAAGTTCGGGGTATTTCCCTGAACCTCGTAGCGGTCCCCCAAACATATTAGAGGCCAGAGAACAAGCTATGGGTCGGGTTCGACCGATAGATGGGGTACATGCCATGTGCAAGACGAATTAATTGCTAGACGAGCCAGTTCCTCTAGGTTCGATAATGTATTCCATTACGTATCTCTTTAAAGATCCTCATAATATGGATTTCGTCACTGATTAAATAATTATGACTCTCGGGTGCTAACGTCAGCCATATAGGCGGTCGTCTTTCGGGCCTCCCTTGTTTCGGTGAGCTACTAGTTATGCACATATAGTAGTACTGACGCCGAAATTATCCGTGGATCTTCATGTCCGATCCAATTTTAACGTGATAATGTTGGCCTTGCTAAACCACTGCACCTAGG,921,47.23,Homo sapiens
SEQ_769747,GGCTCACGATAGACCGTCTTGGAGCCGGGCGTCCGCTTGACTGTACTAAAACATCCGAAAATGAGGCAATTACTACTCGGTCTCTGAATCTATATATTCTCATCCTCCACACCCCACCTACAGCAGATTACCTTGTAACCGTCACGAGGTGCTGCGT,157,50.32,Saccharomyces cerevisiae
SEQ_347360,ATAATTTCCAGTGCAGATCGCTCGGATCCGTAAACGCTAAAGGGGGCTGATTGTATCTTAATGCCCTGTCTAGTTTCGTCGCTGGTGGAATTCACGTTTGTCTAAAAGCTGTACTCTAACATGAACGGCCAAGGACGCGCTCACACTCGCAACGACGTCGGATTCGAATGACCCGCGATTCCCGATCTTTCTTATGACAGACCTGCGCGCAAGAGCGCAATATGCGTATCAGTTTTTATGCTACCGAGGGGTAGGGTCCGATATTAATCCGAGTAGTGCACTTTTTAGTTCCGGTGCACATATTTGGAGATCCAATAATTTGCGAAACCTTTGCACGTTCCGACTGGCCTCAGATGCGAAGTGCCGATTCGTGGCGACGTTTCTCTACGACGCACCACTACTCTGCGCAATTTTGCCATGCTCTAGCCAGGAGGCTCGTGGTAATGAGCCTACGAAAGTTACCTCTAGACGCGGCCGATACCCGGGCGAACATTGGCCATACCGTCGCCGTCTTCCACCGCGGATAAGCCAGAGTTGATTGACGACAGGTACAACTAACAATAGCGCGATAACTAACAACGAGTGACTACGTTGCAGTTCTCCTGTGTTCAAACGTATTCACACGTAGTTCCGTAGTTTAACAGGGCGTGACCGGAATCTAGGCTCACCAACGCGAAGTTCGTCTTACCGACTCGCTCGTTAATTAAGCTATACACTTCAACGTGGCATTTTTTCCAGTGGCCTGATAAAGCATGACGGTAGCAAGCGTGTCGATGACTAGTACTTAGGGGATACTCCCACTCCATGTTTTCACAATCTCACGCAGATATATCCCCTCTCGTGTTACCATAATGTAGGTAAATATAATCGGCCTGTTGTTGATGGTCAAATGATGTCCATCCATTCGGAAATTTCCATCACTGCGTGATCGCGGTTTTGGGCTCGCATCCGAACTGCAACTTGATAGGACTAGTCCGCGCCCGGCCTCACTCGGCCAGTACGTGCCAACTCGTCCATGATGGCACAGCAGGAGCGTATAGATGTAGATAACGGAACCGACTTTACCACGCGAGTTATTAAGGCTATGTAGCAAGGTGGGTTAGTGTCGTTTTAGCTAACGAGGACGGCTCTATGGAGTTACTTCGACGGAACTATGCGGAAATCACAGGAATATGGCAGTGAAGTGATTTGGTGCACGGTAGTAGGCCTAGAACTGTCTGAACAGAGTATTAATGTTGACTGCTGTGGGGGGAGTAGCCGAAGTCATCGTCTATGTGCGGGTTAGGGTGCTCCATAACCTAGTCTTGATCGTAACAGGCGGTTCGAACCAAGCGCTCTACCAAGGTCATCTAGTGATCTGTCCCTCCCCTTTACCATCTCCGGCATCGGTTGGTCTCTGGGCATTAGCCGCGGAGGGATAGAATTGGATACGCTTAATGAAGGGACGGTAACGGGATCGTTGGTTCACAATGGCTGCTGGCACAAGACAGAGATTAGGGGATAAATAATCTGCCCGGTGCTTAGCTATGCCCCGGTCCTCAGACATCGAAC,1551,49.9,Homo sapiens
SEQ_658835,ACTAAATTATTACTCAACCCCTTGTAATTGTGCGATAGGCCTTACCAGGGGTCAGCACACTGATACACACCTTTGTGTACCCCAGGACGATAGTTGCTGTTTTACTGGAACCTAGAACCTCATAGTGCTGTAAGGCATGTTGGTCTGCGGGTCACGGGTACGATTCTTGGGCAAGAGGCAGAAGCGCGATGGGACTCCAGTCGAACGAGAAATTCGCAAATTAAGTATGGACGTCTTACACGATGAATCTTTTTCGGAACGCAGGGTAGAACGTGTAGTGTTATTAACTTGTTTCACACTAAGCAACAGAGCGGGCCCCCTGGCAGAGACGGAGCTCTAACGCACCAATTGTTCAAGTCCCTAAGCCCACTCAAGGGCTATGCAAGCTCCGAGGCAATCCACGCTAAGCGGAATCTCTTCATGAGCATCATACCTTCGTAGCTTCCGGGCATGGTTACGGAGACCACATGGGGTGTCGCGGCTGCGCGGTGCCATCGGCAAAGGCATAACCTGACAAAAGTCCTACCAGTTAAAGTCTGACAGCTGAAGCGCGAAAGGGTAGTGGTAAAACCTTACGTTACGAAATGGCTTCTCGCGCTCGTTCTCTATGTGTTATACGTAAAGCTAGCATGGGCGATGGACTGGCAAACAATTCGGGCTTAATCGATGCCTTCCTGCAACCAGCTCTCTCTACCATTGGCGAGGGAATTGGAAACTGCGCGTTAGGGTCTCAGAGGCGGTAACCGGAGGCCATCACATACGCCGGATGTGTATTCCGGTACACAACATTAACCTGTCTCGGCTAGACACTCGAAAAAGGAGAGCGGCATAAGCTCAATT,840,50.48,Saccharomyces cerevisiae
SEQ_892087,TCATCTGGAGTCATGAACTCCTTAGAGCGATATAAAGTATTGTTCCACACTTCCAGGCGGTCCTTCTGCTTGACCGCCGCAACGATACATGTGGACGGAGTATAGATCACAAACAGAAGGTGAGTCGTGCCCCGCTCGGTTGGCGTCTATAGAGGTGTATCTTCATCTGATATTCGCGCAACGATCACAATTGTGGAAGTTTGTTTTCCCGGCACAAGTCATGAGAGTTGATTGAACCTATTACCGTCAGGTTTTGGATTACACTTCTATTATCCTGTTAGGCTCGTCCCGTATTCGGCCGTCTGTGACTATTCGTTCTTACATGGGATGGCGTAAACTTCGGTTTGGCAGTTGATTGGAGAAACACATCGTCGAGTACTTCGCGACTTGGCTTTCTCCGCTAAGACACGTTGAGATTCAATGTGACTGAGCGGCCCACAAGCTGCCCACGCGAGAGGGTCTAGCTGAGATACGAGTTGCTACGTATCGGACCGACATTGTCGGACATACCGAGTTCTCAAAGTACGCCCACAGCCCTTGCACTTCTGGTAAACATTCTATTGGACTGCTATTACCCATACAACTGTGTGTATTGTGAAGCGATCAGAGTCTGCTCCGTGTAAAGCCTTGCCCTTTAGGCTTGGTCCCCAAATAGTAGCGACGAGAGTGAGGGGTATCCTCATGTCTGAATAGTCCACCACTATTGGACCGACGTGCTTCACTTGTCAAACTATCGGTCAGTAAAGCATCGTAAATTGACCACAGGGTTGGTCCTATGAAGCGGACAGTTGACCCGGGGGAAAGGATTGTGTGCCTCTCGTTTGAGCCGAGATCCTGTTCTTTTGGGTGCGGAGAACACAATTATTGCATATCCATTCGGTTGTGGCCACTCTACCATAACCAGCTCGGCCCCTATCAGCATGACGCATCGCCTACATAGTAGCATGCGCAAGCCAGATGTTCCCAAGGAACGTAAAATCGGACGTCGTTCACTGTGACACATACCCAATATTGCTGGGGTGCCTATTCTCGACGGTTCTTGGGAGGTTACGTGATTAAACACGGCAAAAGCCAATCGTCGTCTTCCGAACTAGTTTGCAGCACGACACAGGAGCGTCAGACTGTGGCTGGCTTATCACCCTCTAAACTCTCCTATCGTGACTGTTTGATACGGTCCCGTTATATCGAAACGGACCATCTGCAAGAACATACCTGGCGGAGAAATATTGACGCAATGCTTGGCTGTCGCTGATATATATAATAACAGGGATCGGATCGAGGGCTCTTAAAGACAGGCTACATGTATAGTCGTCTATTCCGAACGATTATTCCGAAACCACCAGCCTTCATGCGCTAGGTCCACGCCCCTCTGAGGTGTATCCTACAAGCACTCGTCAGTGTAGGATGCTTAACCCTTTAAAGTGCACAGTGCGACCTGCGACCGCACATGAGCTCACCGCCCACTGTCCCCCAGCGAGCATCGAACCAGACCACGTCTCCGGGGGCTGTCCTCTGATAATCCAGTCGCGGGGACCTAAGCATATATGGGCGCTCACCCACGGCTCTACGAGAGTAGCGTGCCGTGCATTAGTCCCAGAACAATGGCGTATTAAACTTGTACCGTTGTGGCCAAGGACCGTGATATCTTGAGTGGTTAACGCGCACCAGTGTTGTTAACCGACCCTTCCGGGCCTGAATGACCTACCGGCGCCGTCGGCCGGGACCTCATCACTCTCGTCCGGAATGGTCGCGGTTGATGAGCATCTCCGCGGACTTCATCCCCCGCAAACAGCGCTCCGTTTCTGGGGCCCTATATTCATCGGACATAGTTAAACAGACCATATCGACTACTGTTGAAATCTACTGGAATTCCATATCCGAAGGTTCAAGTGGCGACGCAGCTTCAGGGCGGTGATCATAGACCCTAAGACGATTAACAGATCAGTCCGCGTGACCGTCGCCCCAGTCAGCGAACGTAGGGGTCCATAACGCGCCGA,1997,51.23,Caenorhabditis elegans
SEQ_564559,GTACGGCCTTTTGCGCCGAAAGAAATGCAATACCAGTAGGTTCTGCGAAGAAGATTCAAAGAACATCCCTACTTGGTGGCTGTCAAGCCAAGATTAAATATATCTCCTATCTTCATGACAACGACTGTAATCGGTGTCTAAACCAGGCGCTCTCGTAGGTGTGGACCAAGATCGGGCCGAGAAATGCCTACCCCGGCAAGAATAGCGGTTGACTCCCAAACGCGGGGACTCAGCCCGCTTTCAATTTAAATTTCTCAACCTTTATGCAAAGTTGATTAACGCTACACACAAGTATTTTAGAAGTTTCTTTCTGTATAACTTTCAAATCGACAATAGGTTGTCGGTCTAAATGACAATATAAACGTCTTGAGCTATGACGTTGGCTCTACGGATCTCACTATTTGCGCTGGTCATTACTACTTGACAGCCCTGCATCTAATCGATGATTAGGCACTCCGGTTCGCTCTGCTTATACTGGGGATCGTCTAGGATGCAGTACACGGGTTTACCAAACACACCCTAGCAGAGTCTCGCAACTTGCGACTACACGGTGTACCAGGACTCCGTAGACCACAGCCGACGAAAAGTCGCCGGGAGAAATGGCAAATGCGAAATCATCGGCTTACTTCCGTACCTGGACAACTGGTTTTTCTGACGTACGCAATAGGTGGTCCTTGGCAGGGGCGGGGCCCACCTGGGCGATGCGCAATTTGTGCCGATATGACGTAATAAGTGATCCG,740,47.97,Homo sapiens
SEQ_692068,GCAAGTACTACGACAACACAGCGGCATGCTATCGGTGATTGTATGTGGAAATCAAAACGGGGCCTGGATTTTAAAGCTAGTCGACGGAACTCAAAATAGTTCTCATTAAGGAACGGGGACGAGTAACGATCTGCCTGTTCTTTATGCGCGAATGCCCCGGCGCGGGGGGACCTTTATAGAGCGAACACGTAAGCCCGCAAAGTCCTAGCTAGGGGGGAATGCATCGTTTCATATTGATGATATAACAGTTCTTTAATTCCAAATACGTTCGAATAGAAGCACAACCACAACCATTATTTGCTTCAGTCTGACAGATGGCGACCCCCCTCGTATCAGTAATGCGTGCTCTAACGGCTCCTGAGACCCTCTTGCAAGTACTACTCTGACGGCGCCCCCGCATCGTCCTATCGGGGCTCGCTTGTGGAAATGGGAGTATGGCACAACGGCTCGCAACCTCGAAGTAACTTCCCCGAGCAAAGCAGACGCGATCCCCCGGTACGCTCAACGATCAAGGATGGGGCCGTT,525,51.43,Caenorhabditis elegans
SEQ_675362,CGCACTCACTACTGTGGTAAATCTCCGGACTCAATATCAGATAGCCGCCGTTACCTATCTTAATTAGAAGAATCAATTCCTTCTGCGAACCAAAATAAGAGCCGTAGACGCCTGGCGAGTGACCCTATTTCGCGATCTGCAAACAGGTATTCATCGAGGTCCTGTATTGCACTGGCAGACCTGCATTACCAGACCCAGTGTCACACTTTACCGCACATTATGACATGAATACATACCAGGTTGGGAGGCGGATAAAGCGTCATTGATGGACTCATACCCCACTAGACAGTTATCGTGGCACCTCCAGAAGACCAAGCATATCCACTTTTAGTATTGCGCGCGATCCGATGTGGTTTGCTCATAGTCTCCGCCGCAATTCCTCAAAGAGCGCACTAGGTGTGATTCTTAACTTCTTCCGATGCGTGCAAATGCACCTTGTCCTCGAGTCACGCCCAGGAAGATTTACAACACGACCGAAGCATTCTCCAATCGGCGTGCGAAATGCTATGTCCTAACGTGGACCCTCTTAGCGTACCTGAGGCATTTAACGTGATGGACGGTTCGCTGTACTCCATCAGCATAACCTATGAGGCGTCAATAGGGTTTAGCTTCGGGAGGCTATCACTGTCGGGTCTATTATAGGTTTCACATGTGGAGCAGCTGACCTGGTGGATCCTGCGCCATACTATACGCATATTATGTCTACATAGGAAGCTGATGATCAGTACGAGTAGGGCTGACCGTAGGGCGCGTTGCCATTATGAAGAGGATGACAATAAATGATCTACGACACTATGTGGAGATACTTGAGTAAAACGAGATGTCACCAGCTCCGACTGCCAGTAGTCGAGGGATAGACTAATTTCCATCACACTTGATTACCCCTCACCCTCGTTACGCACAGCCATGAATGGTGCCACAGGCGGGGGCCCCGACGCGCCCAAGATTTTGGGCTCTTTACGAGTTGCTAAGCGTCACCTATTTCACGGGGGACCCGTATCCTCCTGGGCTGCCCACAACGTGTTGTCGGACGTACGAACACA,1043,49.95,Homo sapiens
SEQ_542989,CCGCATACTCAAGAAACAAAGGCGACATCGAGAATACGTTCCGGCCGCAAGTCAAAACCCCATCGCCCATCTATTCTGTCGATGCTACGTTAGCTAATAGGACTCCAGCGTCATGCGGACAACGTCATATGTCCATTTCTCAGCGCAACTGTACTCTCGGGTTCTGTAAACTCTTTAAAGGTTCCTTCTCACGGGAGCGATACATGATACTTCGGCCCAAAATTACCCGCAGGACCAGGAGACTTACAAACTGCAATTGGAAGGAAAGTGGAATTCCGAAAAGGTCAACTCCCAGCGAGATCCATTCCCCGAATGTGGATCAATATTTTTTGTCCCTGTGAATGAGCAGGACCAACGTACTATCTAAGAACACTATTGGCGAGTTAGGTGCAAGCGAGAACGTCTGAAATTAGTCGGTAATATCGCGAATAACCAAGTAAAGCTGTACATCTTGACTTCGCTCTATGCCTCAACGCACGGACACAGCGAAAAATGCGTCCAATCTACAGACATTTTAGACTATACCCGTTGTTACATCGTAGTTGGGGTCTACGGGCGTGCTAAAAAACGCCCTCGCATAACCGTTCAGATACATCTTAACGAGAAGCACGCGTCAATGAATCTGTACAGTCCTAAGTCATCGGAACAAACCGAGTAACTTGGTGTATAAACAACCATAGAGACTGTCTCCACGTTGGCTGGCAATAAAGAACGGGTACACGGCGGAGGCAGGGCATCGAGGTGCCAGATGTCCCGCAGATACGTCAATATGGGTTTCACCGAACTCGTGCATTTTAAGGGAGTAATCATGTTCGAAGGCTACGGGGATGGGCGCCCTAGTTATATTTACTCCTCTAACATTCTCCTACCGTCCCGGATTGCCCTTATACAAGGGATTCAATATGTGACAGGGAACCTTAGCGGTCTGGAAAGGCTGACGCCGCAAGGCCAAGTAAGCCCAGGGAATAGGCGGAGCAAAATGTTCCTGCTCCCCTCTTCGCGGACACGACACCACTCTCTGCCTTGATCGACTAGCAGTTCCGATTAGCATGGCGACGAGCAGGCCATCGCGATCCTCAATCTATATTATACTGAGTTCCTCAGTGTTTGTCTGTAGCGCAATGTAGCCACCCACCCTGGCCCATTGTCCCCGTAAACCTTACGCGCCCTCGTCTCTAACGGAAACAGTTTGCTCGCATTGTCTTCTAGATCGTTAGATGCGCGTTCGTCCTGTATTTTGGTATGCAACAGCCGAGTTCGTGGGTCTGCGTCTGCTATATAGGCGCGTTAACTCCCCGGATTGGCTCGTTCAAATAAGTGGAATCAAGCATGTTCCCCCAACATACGGGAAGGGAGTATAAC,1362,49.12,Drosophila melanogaster
SEQ_168171,GTGCACAGGGCAATGATCCAAAGTCTGTGGTTACGGTGAGGTAAACATCCGGGGGGTTGGGCATTTTCCGAAGGCGCTGCCGGGCTTGAGCTATGTGGAGTCAGCAAAATCCCGTGGAACCCCTCAATCGAAGGAAGCAGACTAGACATCAAGCCTAAAGTACAACGGGGGCATAGGTCCCCGACTAGTCCAGGCACTTCAGTCGAGACTTTACTCACGTGAACACTTGCAAAGGCAGGGGTTGCAGAGTTGAGTCATCTATGCCAACCACAGCTCGAGGTATCTATCACTTGTTAACCAAAGCCTACACACATTCATCAGTTTGCATCATTTGAGGCAAAGAGCGTCAAACGAGTATTTCCTTGCTGCGTGCACTGCACAACTCTAAAAGACTGACAACCTAATCAGCTCACTAGGCGCACGTGAGCAACTGGATCTCTGTCTCTACAGGTGACACTGGGAGTCATTGTAACACACTGCTCCAGGCGAGGCGTCTTATATTGGGCCGCAAGTTCCACCGCGCGCCGCTGGAATGCAAGCTACTCTCCTAAGGTTACTCGCCATCCCCTCCCAGTACGATGCTGCTCAAGGCACAATACGAAACTGACATGCCCGACGGCCGGTTGAGGTCCTGGCCGCAGAGCAATCCCCTAAACTATTGGACACCTGGGACACTGGCGTAAGTATACAGTCGTATGGTGTCCTTCTGAGGGTGATACACCGCCGCTCACCGATGGAGTTACAACTTGGCCCTTGCGTAAGTGTAAGGATATATGCACGAGGCCCAAGGCGCCCTCCAAACACGGGTGGTCTAGTTGAAATAATTTCCGCGTCGGCTACTTAAGCCTGCGGGACAACGAAAAGGGTTAACGAGTTATCCTTGCGGTGCCTGTGGCTCATAACAATACCCTAGAACAGCGAACGTCGGTGAGCGTACCTATACCTTCTCAATTCTGAATAAGGTCATCTCACCTATGCTGAATTGCTGCCTCCTCGCACAAGTGTCTCCGTAGTCACGCCACACCCCTTCTGTTACATTGCATGGTGGTCCCCCGGGATTTCCTGCCAACCTATCCGTAATGGTCTTAAGATTTTCCCGACTAGGATTGTGCTCGTGAGCTTACAAATCGCACGCCTAGACGGGGTCTAAGACGTAAGCCTATGCAAAGTCGGATACGAGGCCATACTTCACAAACGACTAGTGCTTTTTGATTAGCAATAAGTCTAAGAAGCTCGGGAATGGCTGTCCCTATATCTTTATGGGGCATACATTAATGAACATATGCTGGGCCTATAAAAACCGGCGCGGGAGGACAATAGTAAA,1324,50.98,Saccharomyces cerevisiae
SEQ_505944,ATCTTCTAGGATCGGGTGACCAGGACCATCGGTACTACTGGGCGCGTCTTGGCATCGGACATCCTTAGGCTTCCAGAAACTCTGACATCATCACACCGCGACGCGTAGATTTGTAGTTTTAACGGGCGATCACAGATGGGGTACACACACTCTGATATTGAATTGCGTTTTCGCGAGCGTGACGTGATAAACAATGGCCTCATAGGACGCAGATGCACACAGTTGGTAACTAACACGCACCAGTGCGGTAATGCTGCAATATCAACCAGACGTACTTCGCTGCACTGGCCCGAGAAGGTTGGCGTCAGTGTTAGGAGGCCTTCAACATAGGGGGTAGGGCTCCAGCTTGATAGAATTTATTCTAATTGACGGATCAAAGTTTCGTTCCAGAAGAGTCACCTGGGTACGGCGGACGGATTTCCGATGAGCCAAATGAGAGCCCTACAGATTTAGATCGACTTGAGCCACAGCGTGTGGTCGACTCCCACCTCGGGCGAAAGTTCAGATACGTGTGAGACTCAAGCTCGCTCGGAGCTAGAGAGCGCGTCAATTGACAGGGGATGTTTCACACACTCAAATCGGCACTAGTGGTTGGATACCCCGCGAGTTATGCGGCTGGGTGCGGGTGGCGGTGCAGCGTACAGGTGCCACCGGGCGAGTCCAAATTTTAAATCCTGGAACTGGCAAGATTTGAAAGGCCTTAATCAAGCGCGCCGTGTCTATTCGCGTTCAAAAGTTGATGGTTGGAGTGTTTAACCTCACTGGTTTAGGATCTCACGTTGAGCTCCCTGCAGCAACAGTTAACCGCGACCGGCTAGGACCTGCCCGCTGAGGTTGTCTCAATCAAGCCAGAGTTCAGGCAATTCTGGTCCTCTTCGGCTCGGGAGAAATCTAAGTTTAAAAGCAGACTGTGTCGCCAATTGAGGCGGTAAGTTTGTCCAAACAGACCCACGGTGGGACTGTTGATTATGTGAAA,976,51.64,Drosophila melanogaster
SEQ_555919,GGGCCAATTTATCCTTCCGTCAAGGAGGGATATTGACAAGTGATTACATTGAGTTCGTACGAAGTACTTTGATCGTAATGTGGACCTTGAGCAAGAAGAGCACTTCGTAAGTCCGCCCAGGAGCCACGGGAATTCCTAGGGAGTTTTGACTCTGTTTTCGCTTTTCCACAGTCTTCGTTTATATGCCTGGGTTTGCTCTGCGAATCTAAAATTGTCTCTTAGACGACGTTAATTAGGAAACGGAACACTCCTGCACTGACGTGTGATTTCCCCATTCAGTGGATTCAGGCCGCTTACAATATCGTGTTGTTGGACGCGTAAGATACTGACCAGGCAAACTAAGGGTTCCGAGCTAAGACGGGACCGCCCAGTGTTATAACAATACGCCGATAACCGGCGGGGCAACTCGCGACCACTCAGTGTGCTAAACAGACATAACAATCCGCCATTCCCTGCTGAGGGATGAATCGTGAATCAATACTCAGCGAACATTAGTTCGGCACGAACGACTCCCGACGTTTACGCTTTTATTAGAGCAAAGCTATTCGGACAAAACAGGGGAAACGCCTTATAGTGACACCATATTCTAGAGCATGGACGCCTATTGGACGTCGAACCAATGTAGGGAACCGTCAGGACGAAAATCAGAGTTCATAGTGCGACCGACTCCACTGCGTCCCATGCCTGACATACGGCCCCAGATCCGACCCCCTATACCGGAGATTTAACCGTAGGAATCATGAAATAGACGAACGATTTCTATCTCCAGCTCAAGGCGATCGCACGTTCGAAGCTCCACCGGTAACACGTGTTCGCGTCTAGTCACTACTTAAAACGAAAAGTGATTCTGCGGGTGCGTAGGTCTCAGCCGGTCAACTAGTCATCGTACCCTTACCATCAGTCGCGCTAACAGAAACGCAAGGCAAGAGGCATCGGGGTACGCCCATGGAGTAACCTCTACTTTGCGTGATCGCGCTCCTTCTCGCTCCCTAGCCAGCCACTATACCAGGAAGGCCGACGCGACTTTGCTCGAATTGTCGTATTAACGTCGGGCCTTAGGGCTACGGTATCATTTGAACCCGCTGGGAGGCGTAGAATAGTCTAAGACAAGGACTCCAGAAGGAGGAGAAATTGTGGCGGAGCTATCAAAAGACCGACCGTGTTAGATTACAATTTTTTGTAGTTTAAATTTCATTTCCCCGGCAGCGCGATAGTGACAGGAATAGAATGTCCATCGCGTAACCGTTG,1248,49.36,Escherichia coli
SEQ_544818,TGTATTGTCGTGTCCCGTTAACCTATTGTTACCTCTCGCTTACATGGTATCTCACATGAGCAACATTACTCTGTCGGCTCTCTGAGGTGCCGACACGTTATAACAGGAAGCCTAGGAATGGAGACCAACATTCCAACACTGGTTTATACGAGAAAGTTGCAACCTCGTTACCGTTTCCCCGACGGTGTTAACAGGAGCAATAATGGAAGCCGGCCCGATCGGTGAGATGTCGTCCACTTCATGCCATTTTGTAATATACACACAGGCTCCCTGCCGTGGGTAGTATTTGTGTGAGGCCCGACAGTAGCGAGGACCTCGCTGACAGAATTGCGCCCTAACTTTCTGTGTCGCCGACGGATCGCCAATCGTTGAAACAAATCTGAATGTGGAGGCTTGTATTTCCAGGTAGCCATCCGGGAAACGTTGCAAAGGACGGGAAAGACAGTCCAATCGGTCTCCAAACGTACGGTCGCGTATTTTCGTTAATCGTGTGTCAAGGCCAAATGTAAACAATCTCCTACCCGGGGCTCCTTGAGCAGAAGCCTTGGTGCTTTTTGTGCGGGGTGGGAACGATCAGGCCCTTGAGCCTGGTCTCGCCCACGGAAACGGCTGGAATCAGGTTCAGATCAGCACGAAGGGGCTCCAGTTTGGTGTCCGTTGGGGGTGGGCGGAAGATTCGTTAGACTCTCCAAACCTCTCCTCACGTTTAAGCGGAGGCAGTGGGCACATTAGGCATATGCTAAACTAATGTAATGACAGCCACATATGCAGATTTCTACTCACCCCAGCGAAGCTTTCTCAATCCGGAGAGCGCGCGGACATGGAAACTCCATAGAAGGCGCTATCCGTGTCGTACCCCGTTAAGGCCCAGTGATGATGTGCTGATTGCCGATCAGGCCAGGCGCGATTAACGGAGCGCCAGTAATGCCCTCACCCAGGGACTTCTGGCTCGTCTACCTTGCTTGGATAAGGCTACGATGTGGTACTACCAGGAGAGCGTAATGGGTTAAGCTTACGGTGATGAAGATAAATACCGGGTCCATTGTCTGGGGGATGATTGCCGATAGCCATCAGGAACAGTGATTCTACCCTTAACCTGGAGGGCTGAATAAACCTCACACGCCGGGTTGATATCCGGACAAGACTTACGGGAGAAGGCGTTGTTAGTATTCTGCTTAGGACTCAGCAGACATCTCGAGACGACCGACACCGATGCGAATGTTAGCATAAGAAGCCGAGGATTGGTAGAGTGAGCCAGTGTTAATCACATACCGCGAAGAGCTTGTATCCCCCGCATTCCTGCGTCGGGAGTAC,1314,51.83,Caenorhabditis elegans
SEQ_150045,GGCTTCCGGAGTCACCCCTGAGTTATCGACGATCATCGTAGAGCGTTCAATCAAGTCAAAAGATGGTATTTAGACCCCCGTGCATGTAAATTATTTGAAGCCTCCTCGGTACAACTGATAGTGCTCAGAGCTCGCTATATTTGTCAGGATAACTTTAGCTATTTGGCACGTAACTCGGTATCAACCCGGATGGGCTTTTGCTAGATCTTACATGAATTACACTAGCATCGCGGTAAACTGCGATACGTCAGGTTCTTATGTCCTCCATCATGAAGCGGGGAGACTTACGCAGAATAATAATTTAATAGTCGTCCAAACAGGCTTGAAAGCCCTGGGACGTCAGTTCCACGATAAATGATCCGGCTGCTCTTCACGCGGGGGCTCGGTGTTAGACAGTGTTGACCTAGGATATTCAGCCGGCCTATACGACTGGGCTAAACTAACACGGTAGTTTCATTGTTTATTCAACGGCTTACGTAACTAAAACTTTCACCGGGAAAGCCGGGTGTGGATGCATAGAGAGGTACCACGTATACTGCCGACCGACTCTGGGGGTACTCTCATGTAACGTTTAAATTGCGTACAATGATG,591,46.7,Caenorhabditis elegans
SEQ_479621,CGGAGCCGCCAAATAGATGCACCGAGTGGAGTCGTGCGAATAGTGCTTAGGATCTCGGCAGCATCGCAGCGTCCTCGTACTAGCCCAGGGATCAAGTCTGGTCCTATGAATCCTCGGTGTTCTCAAAGCATGAGGCATCGGAGAATTGACTGATTTGGCTAACACGTCACGAACGACACGATACCCCAGGCAGACTTCTGGACAGAGAACTTGCTTCCAGCGCCACTTCAAATTGTAAGTGAAGCTACGATCACCTTGCCTCCCAGAGTCAGCCTGCCTTTAACCGTTGATTTTGGACTGGAACGGTGCTGAAGAAGATAGAGCCTGATGCATGCAAATTAGTCTTTACCCCTAGCCAATAAGCTTATCGGCTGGGCTGGGACTTCAAAGTGGGCTGCTTAATTCTATCACACTTACAATTTACTCGTGATGAACAAGACAATCGATGATCAGCGCTCGAGACCTATAAATACGGAAAGACTACGAGTCTCGTATGTTTTCGCCGATGACTGACGCATGTCACACACGGACCTGCGCATGCGTGCCAGAGAGATCACATCGGAATTTCCATACAGGCTAGTGTCCCACCGTAGTCCCTCCTAAT,604,50.0,Arabidopsis thaliana
SEQ_684447,GATTCGTTTAGATGTCGTGACTTGATATGTTTTTTGACAACGTGGCAGGGACCACTCTGCCCCCAACCTTACGTCTGGATCGAAGTACTTATCGGCGACTGATCAATCAATGGAAGCGCTTCCTGGCGAGTCCCCGTTAATGTTCTCGGGTCGAAACATACTTCGTTGAATCAGGGGCTTCTTAATGAAGAGGCCGCAACCCGCGATTATCTATCCGCGCATCTTTGGACTTCCCTTCCGGGCGACATAAACGTGAAGGGCAGCGATGGTGCACGCTGCGCAACCTTATCCCTATGTCCCCTACCGAAAATCTCTATGCATTGCGCAGCTCCTGTTTTGCGCTGCGGAATCAGGCTAGGTGCAGACCCATCAGACGATAACGCAGTCTACTACCAAGCATTGCCAAATAAGTATCTCCAAGCCCAGCTAAGCATGAAGGCATGGAAAACCGAACATTACGAACCGTGGATAATTACCCGGGTCGATGAGACTTTGCCGTACGGTGCCGTGTGTACGGTAGCCACCTCGGCAGATGTCCGGGTGTGGGGAAACGGCACTCGCCACACGCAGTAAGCCCACTGATCCTGCGAACTACCACACCCAAGAAATGCACAGATAGTGGCGCTAACATGGCCAGGGA,640,52.66,Drosophila melanogaster
SEQ_475091,GTCCCGTCTCTATGCTTGCTCTTACGTATGCAGCTATCTATGTCAACAGTCGTTCCTTAGCAAAAGATCAACGGTAGTCAATGGATCTTACCACTCACAAAGCAGCCGGCAAGCGCAGTCTAATTCTGCTGCGTTCCCATCTCGGTCGTAGGTGTATGGGTACAGGATTTCGCCATGCCTGTTTGGTGGGAACGGTGGTCAGCAATTTATGGGGTGCTAGTTGGAGAATTCCCCTCCGCTCCCAAGCGACAACGCTGCTACTTATTTCTTCAACGATGGTCTTCTTGTTCTGCTCGGTCTAGCCATACCGCCCTAATACGCTATAGAGAGAGCGAGGGGATTAGATAGGGACGGCCTCAGGGCCCCCAATAAGAGAATAGAATCTCTCCCTCCCTGCACGCGGACAACGAGTAAGTGGTAAACAGTTCGGCACGTAGAGACTATTTTTCCTGCGATCGTATCCCGTCCTATTGAGGGTGACCTGTGTTTCACGCCGGTTTCGAGACCTCGTACCCAGTTTGGTAGTCGGTAATCCCCTCTAAGGTGCTCAGGGGTAATGCACCCTCGCGTATGGTGTATTAGATTTGCGTCTCAGTTCAAGGCTTGGACCAGAGGGGCTCGTCACACAGTCATCTGCGAAACCCGCGGTCCTATCACCCGTTCACGCCTGAGGACAAGGCTCACTTACGGACATGATTAAGTCATCGCAAGCGAGGACGATTCGGGTACTAT,732,51.91,Arabidopsis thaliana
SEQ_658765,TCGGGGTGGGCTCCGGTGCGTCCATACGTCCTGCGATGGGATTCAAGGATAAACATTTAGCATTACGGCCCCAGCTGGCGTAAGGGAGTATCCCCTCATTGAAAAGGGACTTAACAATTCTGGGATTACGTACAGGACAGCTGGGTGCCCCTGACATATATTTCTGCCCCGTATAGATTTGTCTGTGAATACCTTGCCAATCGCCAAATATGCGGGCAGTGCAATTCTATGGATCCTATTGCGGTGACTCAGATGACCGCCCAGGGAACGTACTCGGATGTCTAGCGCTTTAATTAGAAAGACGGCTG,308,50.65,Saccharomyces cerevisiae
SEQ_828540,GCTAAGCGATTTAGCTCTGTACTAGCCCCTTTATAGGGGAGTTCCTTTACGCGTCTCACCTAAAGTTGTCAAATGATAACACGTCGATTCGGAAGAAGAACGGTACTAAGCCGCGCGCACCTAGGCTGGATTTCGGGAACGACCTTGAGACTGAGCAGACGCGTAGTCTACAGTATCCAGTCCGCAGGGTAGTGTGCGCCATTAGAACGATTCAATGGGGGGACTGAATCAGCGTGCCCAGCCGCCGAAAGAGAAACCCCGTCTTGGAGTCAGCAGGTACATAAGACAGGACCGCCGCAAGGAGGCGTTAGTCCCAGTTAGGTGATGGACTAACTCATTTCGCACGGGTCGACTGAGGACCAACTTATGGCCGACGGCAGGCACACTTTCACAACTATGATCAGTTTCCATAGAACAGGTATAGCAGATGGAGGTAGTAAGGTGTGCTTGGCGATTGTCTTTCGGTCACCCTCCCCCGGAACACCCCTACACAAGGTGCCCAGAATACAGGAAGCTCTGCCCGTTTTCATACAGACTCGGTTTAGCGGTACTGCGCACATTCTCGACTATGCTCAACATGAATTTCTGATCAATGATTACTCGAGTTTGCAGAGAGGACAACGTGGTTGTTCAATCCCGTTCAACATATTCTCCCGTTCCCAATCTTTAGCGTCACTGCGAAACGGGTTATGCGCTACCGGCTCGTCCGCGATGAGGTACAAGAGGTCCCTTGTATGGGATTTGACGGCTAGTGACGCTATATGTAACCCCGCTTAAAGGTATAGCAGACTCCGTTGAAGGTATCTCACCCCTTGCCGAGGTCTCTCTCACAGGGCGTTCCGAATCGAGCAATATGCAATTATGGGCTAGCAGTTTACGGGGGAAAGTATCTGTGGGATCTGTTCGCTAAGGACGCGACCCGGAACTCTGGGGCAACAGTACAGCTATCGACATCGTGTACCGCTGAACAAGCTGTTTT,979,51.48,Arabidopsis thaliana
SEQ_772467,CAACAGGAACTCCTGGTTTGAACCTGCTCTATACAGTGACAGGCTGATTATACTAGCGTTTCGCCAGTCCAGACGGAATGGAGCTTTGGTGGTGGAGGATTTTTGCACGGGTTCGCATTTCCGAATCAATGCGTTTGGAGTCTTACGACGAGGTCCCGAGGAGGCACCGGGATCGTCTTGAGCAGTGACCCGAAATTTAGACATTACTGACACGGCAGTCATCTCTTCGTGTATGGCCAAGCTGCCTACGCGCCTATCAGGGCTTGGAACCGAGCGCCTCAGTACTAACGAAACCTATCAAGCATTTATTGAGTTGTTTGAGTACGACAGACGAACAAGTTTTCTACATCAAAAACTTAGGGACCGCCAACCCGATCGCACCTGGATAGTGCTGGGAACCCTCTACGGCAAGAAGCCGAGACTTGATTTCTTGATGCCTCCCAATCACCGTGGACAACCAATCGTAACTCACTGTTCCCTTCGGCGATCGCTTTCCAGTCTGCCTCGTTTAACATTTTGGGGCCTAGGATTTGTTAACCTTTCTCGCAATAGGTTGCTCCGCCTAAGGGGGGACTAACAAAATTTATAGTCAAACGCCCCTGAAGGTGCGCTATTCTCGTAATCCGTAGTAAGAATGACGCTCTAATGAACTTTGTGGTTTTAACCCAACAACGCTCCTCGGACGCTCAGCGGGGTACACTGAGAGGATAACGAGGGACATCGTCTTTCTTTAGCGCGGGTATACATAGACGTGGTGAGGGGTCGAGTCAAGGGGACTCGTCGGGCTGGACTGGTCT,797,50.56,Saccharomyces cerevisiae
SEQ_382092,CCCCTGCCCAATACTTGCCCCTCATGGCCATGACGCAGTGTGCTAGAGTAACCTGGAAGGTATGAGATAGAGGTCAAGCCTCAGTACAATTCCATTAAGGTACGCTTAATAGACTGCCTAACCCTGTCCCCCCTTGGGTCCGGCGGCTACTCACTGTATTGGTTAGTACCAAGCAACAACTGTTGAAATGCTAACTCAGACTCCTAGTGACCCCTATGGCGATGATCTTTATCTTCCTAAGTGGACACTGGTTATGATCGTCCAGCGCCGCCACATCATTATACACGATGATCTCTTTTCACCGGGATATGGAAAATCAGATCAGCTGGGACGGACCAGAGCTAATCAAAGTAATGGAATAACCTAGACCACGTCGGATCAATGATTGGGACGGAATAGTCTAGGTCGATCCCTAATAGACTTGATACGAGCGAGCGTCGTCTGGTGATGAAGAGTTGTGGCGTAGGAGTGGGGGTTCAAAATACAGAGGGAAGGGCACGTTCTTGCGACATTGGTGCTGCTACGAGAGGCGTCTGTACCGCGGACCAAGGGCTTGGTAGCTTCACAACGATGGCGTGGACTTCAATAAACGTTCAACTGTGATGCGTGTCCCCTGCAGGTTTTTGTCCTACAGCTTGAGAGAGGCATGCAGTTATCTCGGGTTGCACTACTAACGGAAGATCATACTTGGGGCTTGATATTTCAGAAATTTTCCTGCAGAGTTAGGCTTCTGGAAGGTAGGCCATTACAT,751,49.13,Caenorhabditis elegans
SEQ_108511,CTTGGGCGGGTGCAGCCGGGGATAAGATGAGCAGCGGTGGGTTCGGATGGGTTGTAGCCCCGCAGTGGAACTCGTTGGCAGTCCACCTTATCCTATATTTTGTGTCTAACGTTACGCTGTAAGGCTCCCGTCCACGTTATCAAAGCGACCCTCTTAGTTTCAAACGCGGTCAGCACTTGTCAGGTCTCTCCAGAAAGAGAATTCGATTATATACCGCCCAAAACTCAATACAAAAAATCAGTTAAAAAACCGTTGCGTTGCTTGAAAATGCAGTCGAAGGGAATGGTTGGGGTCGAGGCCTCTCGCGTTCCGACGTACGCGCAATCGTAACGTCGGGCCATAGGCCGCCCAGCAGGTTCCGACTATCAATATTGCACACTGTGGCGTTTTATAAATTCTTAGCACGTGATTCACCGCGGAGATCTCGGCTTCGAGATACTCTACAGCACTTGGACCGCACCAAGATATATTCAGTTGGTGCAGGTCCGAAAATAGGTCATAGATTACAACTACGTTGCGACGAGGGCGGGGATGCATTCGGTCGAGTTCGTTACTCAGCTCTTCGTGGGAAATCCTTATAG,581,50.43,Drosophila melanogaster
SEQ_154034,TGGCACGACACGGAGCTAATTACATTTGATCCATCTTGTGCGACTTCATTGCTCTTTATTAGTCATAGCGGGAGGGGGCCCGATATACGGGTCTGGGATGGAAGGAGATATTGTGCACATCGCATACTCAACAAGTGAAGAACAGGTGTACTAGGACCGTCTCGATCAACATATCTCCAAAGCATTAAGCCCGAGTATCCGGCCGTGTTCCGCATCAGCCGATTAACTGAATTAGCCCTTACATAGCTCAACGCTACGGACCGCAATAATTCGATAATATCCTTCATTTGATGTGGCCCTCGACTCTTCCAGTTGGAGATGTCTCTGGTCACACTAGGTACACATGTCGCGACAGAAAAGCGGATTGCTCTCCGATGCTTTAAAAGGAGCGAAGAGATTCGAAATGCAAACTCAACCAGCACCAGTGCAGCCGGATATCGTCCCCGGTGCAATGCGCTTGGACGGTCAGTTGCATGAAGGAAGGTGCGCTGGTATCAATGATGAGCGGGAGGCTTGCACCGGGCACCATACCCAAGATAACGTCGTTGCCTTAACGGCCACGACTCAGGTCAAAGCTAACGACTCTTTAATCCCCCTGTACACACCCGTCGCTGACGGCAGGCTTGGTATTGCATCTTGGGTCTAATACAAGATCCTATTGAGGCCTATTCGTCATCTCGGTTCTTATGCGCACTCGTGCATTGACGCTGGTGAATGAAAATCGAAAGTATATATTGGCGGGCAGATGAGCGTTTTTACGTAGAACAGCACGATAAGAGGTTTGTACTATTACTATTAGAAATTACCTTATGGAAACTGCAGCCTAGAAGTCCTGTGCAGCGTCTTTCTCTTGTCGCGATACCTCCGCTGCGAATATCGATCAGAGGTGTTCCTTATAGTCGGTCCTTATTGGTATGGTGCGGACTAAGCAGACTTGCCACTTATATTAGAGGAAATTGTACAGCACCTATAGTATGAAGATGACATCCTGCCAATATCTTGCATTCGTTTTGATGGCTGTGAAGTGGCCCCTAGATATCTTCGGATTTACAGGCTACCAAAAAAATGAATGCACGTGAGTATGTTATGTCCTTCGCACGCTGGTAAGCTAACAGTTCCACCCTTCCATGCTGGTAGGAGGCCCGTTTATATGCAGTACCCCGTGAGTACATAAACTACGAAGGTGAGCTAAGATCGCGCCATGACCGTAATAGTTCCTCCTCGAGCTATGTACCCCCTTGAGAAGTGCCTCAAATGAGGCTATAACACGGCTTTACGAAGCTTAGTTTTTCTCAAACTCCTTTTTAATGGACTAGTTACGTATTTGGTGTTTCAACAGCTCGTGCTCCCCATGGATGTCCAGGTACTTTCTCCCAACGGCGGTCTACAACTATTTGTCCCACGGATTTCGCGGTGTGGTAACCGTCGGTTCACCTTAGGTAGTATGTC,1449,47.69,Caenorhabditis elegans
SEQ_515057,TCTTTAGATTTTCGCTACTTTTTTGCAGTACCGGGATGTTAAAGCTCCCAACCTGTGGGCATCAACTGTGCGCACCTTTAGTTTGCCTGTGGCAGTGGGTACCAACAGACACCTGTGAAGACCTTTACGAACGCCACCACCCGTTACTCAGGAGAGGGCGGGCGGTGAAATATCGGCTCGACGGAGGTCGCGGGAAGATTACCGGGACCCAAAGCAGTGGACAAACGGCTCTCCCGTCTGAAACCCATCATTGAGACTTCGCCGTCACTCTCATTTAACTGTTGAGCAACACACTTTTACTGCATCTGCCGCTGATCGCATGAAGTATGTGATTAAACGTGGCCAGTGCCCGTGACAAGCAAAAGGTGTCGCGGATGATGAGAGTCTCAAACAACCCCCGCACTTCACTCACTGCGCGAAATCAAATCAGATTTTACTAACTCTTTTTAAGAATGTGGGTTACCGAATTGGAAACCGACTACGTTTTCTCTTTAATGCTAGGGACTCGGGGGAGCTTATTGAAAAGAGCTTGCTCGGACGTTCTCATGTGGTCTGTCCAGAGACCTGACTCTTGAGGACCGTTTACGCGGAATCAGGTCGGGACCGTGGCCATTAAGATAACCCAATAGCCCAGACTAATTGAAACGGCAAACCCAATCGACTGCTTCGCGTAGGCCTGTAGAAACGCCCAAATGGTAGCCGCGTAAATATTTCCGTGCCGAAGCAGGAATACCGAGGTGTTATCCAGAAGGTCGCGAGCGCCCAGTTAAACGGGAATCTAGACTATCGTCAGTCCATTCATAGCAACAGCCGACGCAACTCTTAAGCAAGGCTAGGGTTGTCACTCCACCGGCATGAGCGGGGGTTCTCGGTCTGATGGGAATGTATGTAAACGGAGTCTCATAGAAAGGGCCTAAATTGGTAGTGAGACTCATCGAGAACGATCCCTCTTATAGGTAATTATTCCAACAGTCTGTCTGCTCGTGAAGGTTCGGGGCAACGATAGATTTAAAAATCTCACGGGTCGCATGCTATATTCAGGAGGCCTAGGTTGTAAGGACGAAGGGCGTGTTTACGTAGGCATTGATACTTATTAAAGACTAATGACACAATGCACAACCCACGCACTTTTAGATGATACACGAAGGGTGAAAGGGCTTAACAACCGAGATATCAGAGCAGGGGACCTTACGCGATGGGTTGACCTAATCGGCGGTGGACGGAGCTCGTGGAGGGCGCGCCGGTGTGCTATATAGCTACGCTATCAAACCAGCTTGCCGAAAGTGGGCGGGCGCCCCAGCCAGCATCTTTA,1312,50.38,Mus musculus
SEQ_691344,GTCCGGGTAATTGCTCAGTACCGAGTGTGATGGTATGAAGCCATCGTGTGGCCAGATTCGGTAAATAGTGCGGGTAGAAGAGGTTCATGTTCCGAATGTAACGTCGTCCGCTACTGCATGTGGCAGGTTTGTCCGGTTTCTACCGGAGTCGCAGACCTGGATAACCCCAATCGACTCCGGGTGGTATAAGCATGCTGAATGGCAGAGATTGGCTTGATCGATCATAATATCACGTTGAGTGAGACGGTCGGAACGGGCTCCCGTATATAGATATCTTGTAACGATTCCTTCCCTTGATATATTTGCAGGGTAATCGAAGATTGAACTAAGGACCTGACGAACTGACTGTTTCCATATAAATCCCATTGTAAATTAGCGTAGGTGGTTCAACGACAAGACTGCGTCCGGCATGCCGTGCTTCATCACTTAAACCACTCTCTCCTGTATCTGGGTATAAGTGACCATCAATATATTATTCGTATAGATTACTGTACTTGGATAGTTGAATGCCACACCCGCACTCCCATAGTTAATCATCCTTGCGGATACTCCGCCCAATCAACTAGTCTAGTCTCGACCAAGGCGCGCGATTGTTGCGAACGGGGTCTCCGAATCCGAACCGCCCAAGAGGTTGCAAGTCGATAATCCGGCGGGGGTCCCTACTCGGATTTTTATCGGATCATTTCCCGCCCTTCCCGTATCTCGGCGTCAATCTATCGCCCCCTAGAACGGCATCAATGGGACCAGTGACTATTCAGATCCTAACACAACAACGGCTGGGGCCTGTGGTACCTGAATTGTCGTCCGTCAGCAGCATGTGGTTAGCCGACA,831,49.58,Homo sapiens
SEQ_175113,ACCCGGCTTTTGGTCGTACAATGACAAGACTAATGTGTCCTGTGCAGCCGCGCGCCTAGCTCCTAACGATCAAAGCCACGAGCACTTCTTCAGCCCTTTGGTGGTTAGATTGCAAACCTCGATCCAAGGTGTATTAATCGCTGTGAACCGATGTCGGTCGACTACACGAGCGTTGCCCCATTGAGCCTGTATCAGCCTCCTTGCCTTTACAAGTCGCAGTTAGGAAGGGGACTAGTGTCCTTGATTAACGCAATTTTTCTCGACGGGATCACTCAAACCGCATACTACAAAGCTAATTGTCGGGATTTAAGAATTCCTACGTTCATTCTCCACTACCTCGGAAGTTCGGGAGACCATGTCGGCACCTCCCACTTGTATTATACCGTGGTAGGGTATTGCATATCATAGCAAAAGGCTTGCCCTAGAATATTACAAAACCTCTTTATAACGCACATATAGACTCCCTAATACGGGTCGCTGAGGCTATTTGATAATGAGTTAAGCCTTCGTAGAATAACCGGACTCTTTTAGCTGGGCGGAGCGAGAAGCCGGAACCGACGTCGCCGTGCACATGCTTAAAGAGTGTGATATTTGCCTATTACTCCCGCTCGGTTGTGGGTTCATAGTTCGCTTTCCGGCGATAAAGGACAGGCAACTTCGTTCACTCAGCAAGGGCTCTCGAAGCACTTGTCTCTTTAAAGAGTCCACCTTTTCACTGCTGCGTGACAGGCATTAAAATATTTCGCCATGCAACTACTATACCAGTATTATAATCATCGCCCAGGTGAGTGGAGAGTGACCCGCAGCTCCCCGATG,816,48.41,Arabidopsis thaliana
SEQ_150239,ATGAGGTCCCTACAGGTCGCCAGTGTGGCTCCAGGGCTTCCAATCACAACACTTGGGTATGTAACATCTGAGGAAAGTGTTCTTTCTCGATATGGATGAGGCCCGCGAGCTGTCGGCAACGGCCTGCTTCCTCTCTCCAGTGTGACCCTTAGGAATAGACGGTGGAATATTTTGGGTAAATCCCGGTTACCTAAGCAATAGAGTTGAGAGGTGCCTGGTTCACTGATTAACTTTAAAGCGGGGCGAGGTGACCGTCACTGCTAAGATGCTCGCCAATAAGCGAGGAAAACCTAGCACTAGGGTGTCCCAGGTGCGGCGTTAGTAGATGTACAAAGGCAATATTCTGCGTAGCATAATCGCAGAAAACGAAGGTAGTACTAGGGGTGAAGTCTAAGGTGTAAACACATTTGTTTGCGGAATATGCATAATCTCTTGAACGACTGTAACAATCACATCCCTAGTAATACCCGTTGGCCTGGTAAGTAAGTCAAAACGTCGCATACCTCTCACGGAACGCGCGTCCGGAGCGATGGTTGAATTGAAGGAACTTGGCTATGAAGACGGGAACTTATGCTCTTGCCAGTGACCTCCGGAGTCTTCATCCCTGACGATCGTCAAACATGGACACGTTAAGGCTACGTGCACGAGATAGAATGCCTATCAACGCCAGTTCCCCGCCATGCCACGCTAACCCAACTTGTGAGGCGCATACAACACCACCCCCAAAAGTGGTGCTGCAACAGTGCGCGTCCACGCTCATGTGCGTACTATGATCAACCTCGGCTGCGCCACCCACCGTAGCGCAACTTTGTCACATCCTGCCGATGCTCGCAGTTGGGCATGCTGGGAGAAATTGTCCTTAACAGGCCGGACAAGTCGTCATCTATGATCGGCGGGTTTCTCTCTTGGGTGTGGGTATACGAGCAATTTGTGCGAAAGAGTCTTTTGCAACTCGAGCGAAACACACGGAGATAATATTGTAAACGTGGGCAGGATAAATAGCTTCGCCCCACTCCGCTCGGGTACTGGTCCGGTCAGTGAAACATCTATCCCTTGTTCTAGTTCGTAACGAGGTCCCCATGATTATCCCTATAGCCGCACCTCCTAGCTACGTAGAGACTCACTGCCGGCGGGACTTCCGCATTTGACTTGGGTTTATTTCCTACGTTGAGTATTGATACGTGCGGCTCACTTTATGCGTTCAGGCCTTGCCAACAGCCGCTCAATTAGACTACAACGGCAGCATGTACAACCCGCAACTGGGTTCCCGATGCATTATCCACATAACCTACACATATATGGCTTAGGGTAACACTCCGGTCTGGACTTTAACCCAGAACAGTACTTACGGACCCATAGCTTGCCCTCCTACGGACGGTTGCGAATAGGATACGTCAGAGACCATGCCCAACCGAAGCATCAGTCCGAGCACTAGCTCCAATTCGTCAATATAGCACATTAGACGCAAACAACCAACATGTCGGCGGGAGCTATTCCCGCTCAATATTTCGAGAGATTGGCCGACTTTGCATTTCTACAGTGACCACTGTTATTCTAGGGCTAATCATCGGCCAACCAGAGGGGCGTCTGCAAGATAGAGTACGCGGTGTGCAGAATTGGCAGATGCCGTACCATATGTTTCGCTAGTACACAACAAAGGCCCACCGCGAGAGACTTTCCTTAGTCGTAACTATGTCCTCGTCGGCGTGCGACGACGTATGCCCCTGTACTCAATTCTGTCTGGTCATGTTGGCGGTTTATTAGGGC,1767,50.76,Saccharomyces cerevisiae
SEQ_637552,ATGAGTTCGAGAGGTTAGCGTGGGGTCACAGGACCCCGCCTGGAAATTGGGTCATATAGTGCTCCAATGCTGTGCACGAACAGCTATGGTTCAACACTTGACGAGATATGACTATGGTTCTTGTGAAATACCATCCCATGAGCCCAGCTTAAGTTACTACACGTTGTGTTGAAGGAACACA,181,47.51,Homo sapiens
SEQ_999908,TAACGACTGTTCTGTACACCGGCGCTGGTACAGTGTCCATCCGTCGAATGGTTGTTGAGCATCTGATAGTCTGATTGCGCTACGGCCGCTATATGAGCCAATGGAGACCGTGGGACGTCTTCAGAGATTTGTTTCAGATATGCACACGCCCAAAAGTGCGCCTTTATCATGTCGAAAGCACTAGCATCGCGGCGGCCGGGGCATTCCGATAGCGCACGATGATTTACAGCTATGCGACAACTTCGATACGAGCGGAACCTCCAGTCCGCCCGTCTTCGAGAACGCTATTTCACAAACTAGTCGTAGCCGTAGCTCGTGACGAATGCCTAGCAGGGTTGGCGCTAAAATCTGTCGTACTATCCAGATTGTAAGTACGTCAATCGGGATCCGACGTACTTCCAGTTCCCAATTCCGATTTGCCTGAAATTGCCCTTAAGGTCTCGTATCCCGGTACGAAACAACCTTGAGTTTAGCTTGACGTGCTCTGACCGATACAAGGGTGATGCTGAACTAGCCACCGTGACTCAATGGCACCACTCTGAGAAGCGGCGTAAGTACCAAGTCTGAGGTGCCAAGAAAAGCGGGAGTCGGAGCAGGCGGGCACCGCCCGGAGCATCTAACGGTGACGGCCGATGTCTACTTGGCTACTTATGATCCTAGGCTGCACCGGTCGGTATCCTTGGGGAAACAACGAAAAAAGAATCACTGATCGGTTAACAGTCTGGCTTGGCGTAGTAAGCACATTTCAATCTACTGGGAAACTCTAAAGCCTGTAGGTGGCTCAGTTGATGTAGACCAGTCAATCTTCATGATCTTCAGGTTTGTGCATGTGTTGATTCCAGCCGGACAATAGCGTGAGCTTTACACCCCAAGCTAAGGGTGGAATAGGATGGAGCCTGGTTCGAACCTCTCCACGATCCACTCACTACAGTGTGGAGACTCATTTGCACAAGACTCCGGAGGGCTTGGTCCTCCGTGTGGAGCATATGACCACGTATGTATTAGGCCGGCACAAGGCATCGGTCTGTACGCTGCCATTCTGAAGTGAAGGCAGGCAGACCCGTGTAATATTATGGACGCTGATCGGGTTGAAAGTTCATGCATAAATCGATTCTTCATGTTGCTGCGTTCTAAACAGTTAGCGTCGGCTGTATTCACCTACTTGACGTTCAGAGGTTACACGGCCGTCTGCGTCTGGGATGATGGCGCGGGCCGCGCCATGGAATCTTACGTGGACTAGCCCTTGAGAAGCTATTGCTCTCACTGCACTGTGACGTACCAGAAGGGGAGGGCCTACCAGCC,1302,51.92,Mus musculus
SEQ_534084,GGATCGATTCTCCGACTTTATATGCCTAGCCTGATAGGGCATCAACGTGAGGCATACACCATGCAGCAGTAGACCCTTGGCCCCGCGCTAGTGATGACTGTAATAAAACAAC,112,50.0,Homo sapiens
SEQ_250715,ACGCAACAAGATGCCTGCTAGCCGCGAACTTATAATAGTTCAATGCTCGTAGCTGCCAGAGGCACAATACGTTCGTCCTGTCCGAGATGAACCATAAGCCATTAGTGTCGCCATATAACCCTCCTTATACTTAGCTTAGACATTACTTTCCACCCGCCGGCTATACACTCTACGTCCTCGAAAACTGTCGAAATCCAATCGTGGACTGTCGTGAGTCTGAATAGAAATCCCTCCTCCTTTATACACCTGCGAGTGAAACATCAAGGGAAGATAGGCTAGGGGCTGGTGGTTGCTCCTGCTCCCGGTTATTGCTATTGCGGGAGTCTACCACTATCCCGTATGATCATATTAATTCTCAAGTATTGTCCGATCACGGCGTTGTGCCATTTGGTGTTTCCGAGCTTGTAGCGCGCTAGAAGGCACTCAGAGAAACACGAACGATGGGAGATAGCATAACCTGCCCTGAATTGAGACCGGTTCTCCGGTGAGATCTGCGCGTAGAAGCGCTCAACTTGTACGAGCACCGCTCACCGACTAGTCGGTCCTAGGGAAGCACAGACTCCTGTTAGACCCTTTCACCTACGTCTATTAACTGCGAGAGCCAACCCGGCTGGAGAAGCGATCTCGATTACTGATGTACTTGTACCTATCGGCGAATTCCGTCTAATTGGCGGCATAACACAGCGTCGCGCGCTGGGAAATTCTGCGCTTGACCTACCAAACTGCGAACTAGAGGCCTCGCCGACAGGTACCGGCACATCGTGTCCGCTAAATAACCCTCAGCAAAAACGACCAGTTTACGGTGACGACGCTTATTGACACTTCTAACCCGGCCTCTAAAGATGGGCGGATGCGGAATGGCAGAACTCTAAGGATTTCACCCATACACCAGACAATGATTCTATTAGTAGGGCGCATGTATCCTAGCATGTGGGGACCTGCCGAGGAGCTTCATAATAGGGACCTCGGCGGCCTCAGACCAAGACGTTGGCATACCTACGGAGTTGCGGCAAATGGACGGCAACGAGCGCTCGCTATGTGACACCGATGGTTCCACACCATATTCTTGAGCCCTTATAGTCAACACGACGCTCTTCTCCTGGCTGCCATGTGATACGTGGGACGTAACTACGAATGTGCGGGACAAGACATATTTAAACGTCGAAACTGGGTAATCTTAATAAACTACTTCTCGCGTACCCAGAGGCCGAGCCCTCCAGCTCCGGACCGTCCAATGTCATCCACGTAGATTGCCAGAAAGATGGATCACAGCAGACGCCATCATGACCTCGATCGCCTCATTGTTGACTGAGTCTGGTCAGCCTGGCCTCCGTACTCTGCACACCAAACCAAACTCGCGGTGGAGTTCTGGTTCACATTATTTACGGAGTGTTACGCAGTCCAGGTCACCCAATCGACCCCATGAGGGCGCATTTAAAAGGCAACTAAGTTAAGTGTTGAGCTAAAGATCTAATAAGTGCTCCTGAGTAGTGCCCCCAAACAAAGGACCGGGGATAGGACCGGTAAGGCCACTGGTCACTAAACTTTAGTGCAGGCGGTTTAATGGAGTCTGATAGGCCTTGCCAATGAGGTGGAGCGTGTCGCTAGAATATTCTCCTTGAGTTGTAACGCGTCGGCCGCCATTATTTGGCTGCGGCCTGCACTCGATATAGCTTGGTGCAGGATGGTACTGTTGGGCGATACTTCTGTAGATCGCCTACATGCGAGAGTTTGTCGTGTATGCGT,1746,51.15,Homo sapiens
SEQ_114281,TGGTGTTGTCTTGGTCGGACAGACAGACTGGTGGTACAACGTGGACATAAATTAACCTGCCTGGTACCGCAGTGTCTTGATGGGTTTGTGTATGATGAGACCGAGTGAGGAATGCCATTTTTAGGGGCATACTGTGGAGTGCCCTAGAGCTGTCTCCGCAGCAGGGACCGTAGCGCGCATGCGTACAATCTAAAATAACCTTCAGGGCCCATCCGCAAACGGTATCAGGCTCTACTGATCAACCAGTACCCTAACACCCTCTCGGTCACGCCGAATCTTAAGCATCGGGGCTGCGGAATAGCCTGGAACAAGTGCTAGGTTCCTAGACTCGCTTGGACACCCACGAAATACATTTTCATCTGGACACCAGCGACGTCGAATGCGAGCAACATTTTCCAAAAGGCCGGGGTACTGTATCTTAATGTTCGACATTCGTACACAACACCAGGAAAGGGACTACGGATCTCGATCTGCGTATCACCCATACCTCCCTGGTACCAGGCCACGAGATCGCCACCGCGGCGTAACTACCGCGCTAGCCCCCGCCGAGCGAATGCACAGGACTGGGGGGCATTAGAGCGAAAAGAGATGTCAGAAACATGGATTCCCTTATAGTGTAGTCTCTATCGGAGACCTGGGGCTTCACTAGTCGCTGCCAACCCGGCTTGTATGGGAGTTGTTCGCCATGGTGATCTTAGTATATATACTGAGCCTATGCATATGCTCAGTTCATACAGGTGTGAGCTGGGCAGTGGCGGCATAAATTCTTGTTG,773,52.13,Mus musculus
SEQ_882992,GCCACATACTTGGTCGCGGAAGATATTTAATGGTATTGGACTCGTAGGAGTAAAACCGTTCTTGGGTTGGCAGTTAAGTAATACTCAAAAGTACCAGTTGGGGCATTGGGGTGGTCGACTGCTTCCGTCGGCGCTCAGTCAAAGGTCGAACGCTCTCGGGCGGGGAGAAAAACGCCTCTGAGTTCGCGTTTCCTAGTTTCCGGAGAACGCATGGACCCACTGTCTATATTTCCAGTAATCTTAAAGCAGCCCTAGCAGGAGGCATTTCCGACTTTTGGTGGCCGCGTTCAGGTACCTCAGTCTAGCACTGGCTCGGGTCCGGAGGAAAGCAGAAGACAGTCTCTTATGTGCTTCCTTAGGGTGCTGACCGACAATGTGTAATACACTATTTCAGGCCGTACCCTATACTCGATGCCTAGCAGAAACAGGCTGCCACGGCGACGAAGGTATACGCTTGCATCGAAATCATCTCAAGACCTTACTTCTCATTTCCCTGTGTGGCTAGACGCGCAAATAACCCTTCTCCGCAGGGCTGTTCAGAAGTGTATTTTATTAACATAACCGGGGATACCAAGCGGCTTGCTTCTTCGCATAAACCGTTGTACATGCCCACTCAAACCCCGAAACATCACCACCAAATCGCCCG,646,50.62,Caenorhabditis elegans
SEQ_547330,CATCTGGCTCAGCAAGCGTTCGACGACTCTCAGCGCTGACGGGGTGTGGCTCAGTCCCATCTTATGCATATTACCACAAGCCGCGTGTGTTTAGAATATTTAATGGAAGCTACTTCGGCTGAACCGGTGCACTGGTCTCCTTACCCTCTGGGCTTCGCCACCTCCTCCGTCCGCCTAAGACCACCAGAAGGCCCTCCCTACGCACCTGAGTATGTAAAGTAGTCTTGACTTGCACGCTAATTCCACCAATCTCTCCTCCATGATGAAATCCTCCTACTCACGTGTAAACGGTCCGACAAGATCGTGATTGGCGAGCAGTCATTACACCAACCGTCTCGAACCAATGTTGACGAGCTTCTACTTACGGATAACCATGTCGACCCCCCCATATATGCACTTATTTGGCGATCACACAAAGGGAGAGCGCTGATTGGAACAGTCGTAATCCA,449,51.45,Saccharomyces cerevisiae
SEQ_998389,CAATGCTTACCAGACCACAGTCTCTCACCGGCACCCGCTAGCGGAGGTAGCATGGTCTTAAATGTTTGGCAAAGTGGTATTGCAGTGTGTGAGGTACGAGCACGCCTGTCAAGAATGTGCTCTGTGGACTACTGGCACCTAAGACAATTCCAGAACGTCAAGATCGCTTAGTGTAACGGAGAAGCACTCGCGACCGCCGATCCCTTCGTGAAATCGTGCGTACCCACTCATTCCACTGCTCTAATTCAGAACGTATCCCTGGACCTCAGTGGCGACATGAGGACTATTGAACCCAAGTAATGACCGGGACACGAGGTATAAGACTAACAGGTGGACTGCGATGTATGCAAGCGTCCTTACGGTACATTTAGTATTCGGTCTACGCTTTATAAGTGAAGGATAGTCGGTATGACGTATCGCGTCATTGTCCGCCAGAGAACCCTGGTTCCATTGGGGACAACTAGACCCATTGTGTTGGCACACACGGTTTGGAGAGTTCTCGTAGACACCCCTGTAGACCCTGACTGTGCAATACGGGCTTTACCCGAGTCCTAGGTCATCATACGTCCTAAAGTCCGTCACCTAGTGGTTCTATATGGGATCACCTCTGGGAATGAGACACTAGGCAACAACGTCCGTGAAACACGCTCTCATTCTACGCTATCACAGAAGCCACCCAAGAGCCGTGTCGCCCTTCTTATATCAGAACATCCCGAGAGATTGCTCGCTTATTAGCCCGGCTCACATTGACTACACCATCGGAGTTGCTGAGCCTGTCGGCCATATCATAAGGGCTGAGATCCTCTCAATTTGTGTCCTAACCCCATGCCGCATCAACATAAATGGGACATCTACCCAATTCTGTAGTTTTATTCACGCCATTTTTAGCGCAGCCCGGACGCCATATAGTACGTGCTACCTAGCGTGGGGTGAGAGCAAACCTCGGCAACCGCTAAACCACAAAGGACCAATTGTCCCTTCGACAGTGTTTCACCAAACGGAACACTAGCCTGTACTGACGTCAAGTTCTTTGAAATCCGAAAGAAGCTGAGTCCGACAAGGGATGATTTCCGACGAACTGTAAGCCTATTAAATGTCTGTATCGCTGGGTACCTGGTTGATACTCTTTAATTTGGGCTACGCTACGGCACATGTACACCCGGGGGCCCTCAAAGCGTCTTCGAAAAATACTGTCCACAGGACTCTCTACCCATTTCTTGCTCTACCTAACGAGTGTAACCCATGTGCCGTTCATCAAGCCTAGTTGACCGTTTTACAGTCTTTTAGAGACTTGCCTGGCAACTGTCCGTGCGGATGTTCTAATCTACCAGTTAGCTCATGACCTCACCGAGAGGCCACTAGGTAACTGCCTGGCCACCTTTTAGAGTGTTTGTCCGTCCAGGACCTCGATCGATGTCACGCCAGATAATATGTATGGCGTCAATGCGCAGAGGCTGCGGAGAATGTACTCAGGGAACCGACTTTAAAATCCACTTGTGTTAAGTTACGTGACAATCTCGACCATCCGGCGGTGGAGGCTCAGTAAGGATGTAGGTCCTGATGGGAAGTTTACACAATCACGTTGATAGCTCTACTCCTGTTCATCTCGTTTCATCGAGAGTGGTCTAACAACCCCGTCGTATGAATATGTAGCAACTAAGGTAGTGTCCTCACT,1675,49.55,Caenorhabditis elegans
SEQ_191894,CTTTACGTCCGTATTGACATAAGCCTGGAAGATACACTATCCGCGGTTCCGAGTTCTTCTTACAGGAATTACACATTTTTCACGTATTATATCTGGAAGCATGGGATCCTCTGCTGTCAGACAATAGGCCACTCAAACAACGAGATTCGTCCTACAAACACTGCGGCAGATAGTTAGGAGTCGAGCAATAGAAGCGATCGGTGACCTCAATGAAAAGATGAAACACTCATTGAACGTTAGATCGTGAATTATCGCATTAACTTAGACAATTACTCAAACTGACAGCTCCGGCATCTGCGGAAACGGTTTCCGGAAGTGTAGGCATACAGAAGAGTATGATCTGTCGCCTCCATAGTGGATGACGAGACTCCTGCACGGTCGGCGCTCGTTGGGAAATCCTAATAACAAAAATGCGCCAGGGGGCCGCATCGTAGTGTGTAGATCTACCGTGCGTGCCTCCAATGAGGACCTCATGCGAATCCGGATGAGAACTAGGTGCTATGCTGCTCTCTTACGATGAACATGCCGCTATAAATTCCGAGTAATATCCGCGGACTTTAAATTATGGTTCTTGTCCTCTAGGTTGAACCAGTGTTCTTAGCCGATCAGCCTACAGTTATCAGGTTCTTAAGAAATATAACAACCGATTGCTAAAGCTGCAATCACACCTCATAATAATCCGACCCCCTACCGTCGGGCCTTGCTGTGCTATATTGTAGTTCCTCGATATTCTTCGAGTCATGGCGGGGGTATTCCTTGGATAGTCACGACGAATCAGGATGGCATAATAAAGAGAGAGGTCGAATATTTAAGGAGCGCCGCCCGAAGTCACGTTTGATACCGTCACGGAAAACGTCATATAGAGTCCTTACGCTTCGGCACACACTAGTCATGACTTTCTCATCTCTGATATCATAATGCACCAGCCTGGAGACTATTCGGCGGAAAGCTTAGCAGCGTGTTAGATGGTTTTTGACCTGCCTTTTATGGTTATATAAACGTGATCCTACTGGGACGATTACGACTGAGCATTGTGTCGGTACTTAACGACTCGCGCTCATTGTATGATCCTGTGATCAACTTACTCGCAGATTCCCGCGCTCGGCTCTGTAGAGCTGTAATAGAGATGAACCCGGGAAATCCCAGTAAGTTTTGTCAATGAGTACACGCCATATGGCTCTGCTACTATTTTAAGTCTGGACTTGACAGCAGCAGCGGGGCCTAAGCGGGGGGGCCCAACGATACGCATATAACATACAAGGAGCGGGA,1269,46.97,Escherichia coli
SEQ_286731,AGCAATATGGGACGTATATGGGAGAACACGCAAACATTTGTAGCATAGGGAGTTCATAAAACGGTACAATCCGTAAGCCAGCATTCCTATTGGGAGTCCATAACTTTTTAATATTGATATGTGAGGCCACACAATAGCCGAGCGGGAAGCCGACCATGCCTAGGACCAACCGATAGGTTGGAATTCTCTGCTAACCTGTTTGCTCACTCGACTAAATAGCATCATTCTCTGCTGTGGACCCCTACACCGGTGTTAGACTAACTAATTTCCTGATGGGCCGTTCCGAGCGATTTTTACTCTTAATGTGATTTTCAGTAAGTTACAGCGTAACCGGAGAGTCAGGTTACTAGGCTTCACCTTGCTTGTAGATTCTCCCCCGCTCCATAGGGCCTAAACTACCCGTACAGATGCTCATTCGCCTATGGTCCATATGGGGCAACCGTCAACAAGTTCGGAGTGCCTCTGTTGGGGTCCAGAACAATACTTCAAGAGTATCCTGACCTAAGGGGCCGGGGGCCGCCCATGAGGAGGGATCGCTAATTCTATATGAACCCTGTGAACACGTTACCGCCATGAGAGGATCGAATGCAGGCCGGACAAGGAGCAGTTCACCTTAATTAGAACTGAATGTGCTGACCGAGAGCGTGTTGCAATCTATAAATGACGATCAGGGACGAACTATCAGGCCTCCGTCTCAGCCCAAAGGTTTACTGAGACCGCTAAGGTATGCAAGTAAGGCATGGACAAGTATGGCATTAAACCATACGCTCGCCCGTTGTGTGTGATCTGACCTGCTACCCATGTCCGGACGTTTTGCAAAAATCGCAGTTGTTTCTCTTTCACCCTGATATGGCTTCAGAATAAAACCTGGCACTCCAACAGCTTAGGAATTGCCCAATTCCCCATTGCCTATAGCACTTGTGAACAGCAGTAATTCGTGCCGTTTGAACGCAGCTCTCATAGTCCCGGAGTTCGTAACTTAATGTCGCGAGGCGAGATACCCTATAAGCGGCGAGAGAAAGGATTCCGTGGTAACTTTTGTCGGCGATCTCGCATAGGAGTATTATCCCGCCGTCCCATTCGGGTAACATGCGAAATATGACCCGAGGCTGCCCATGAATCACATCGCCACATTCAAGCGGTGGGTTGAAAACGCCAAACATTCATCTTGAGCCGGTAATAGCGGTGGTCGCTGAATATAGACTACCGACGCCACTCACGCTGGAAGGTGCGGGCGCGTGACGCCTAATTGGTGTAATGCACGCTTTCGTACAGGTCGATCTGGACGCATAAGGTAGGTTTCTGCTAAACACCCTGTCACAAAGTCGACTTCAAATGGTGGCGTTAGGTCTTATTCTAAGGTCGGTGGTCATAGTTTCGCAGTTGCACTTCTACCCAACAGGAACAGTTCCGGAGGACAGCGCATGGCGGGTGGGGTTGTGATGTGGTTAGG,1453,49.55,Mus musculus
SEQ_400947,TCAGGCTTCTCTCAGGTATCTTCAGAACCGACTCCCATTCCCAACTAGAGTACCAGCTAACGTCTGGTCACAACTACCGGAATCGTCTCGGTATTGGAAGGAATAAGGTTACGGTGACACAGACTCTGTCTCTGACAGGGTAGTAGTAAGCTTGTGGCTTGAGGATTGGACGAGGGGGTCCACCTCTGAGTCTTATGGCCACATCCCCTTCATGTGCCTTTTTCCAGCCTCTACACCTGCTAGAACTGTATGATTAAAATGCGTTCAAGGTGCTCGGAGTATTTAGCCATGGATCCTCCCTTGAAGATGGCGCGCTCAATGCGAAACCGGATTTGCTCATACATAGTTCTACGCTACTCTCATCGCCTGGTAGGGTCCCCCCGACTGACTACTATGAGAAGGGGGGGCATCGTACGTGATCTATCCTGAGGTAACGAATGTTCTCACAGTTCAACTCGGCCGCTTATTAGTAGGCCTAGGTCCCATTATCCGGCAAACGGTCTCTCTTCGTAATACCGTCGTCTTCGTTGAGCTTGCTTAGTCTGAAGTATGGGGCCCTAAGGGATCCGAGTTGGCCTGGACTGTTAGCCGAGTCATTCTGTTTCCGCCGTACTTAAATGCAAATTCTGCTCGATATATGGCTTGGCCTGTTCATCGGCAAGCTAGCGTACCCCACTATAGATGAAGCTACCAGCAGCGAAGACGTGTATGGATTTATTTCTCAGAGGCTCGTAGTTGCACCACACAAACACAATGTCCCCTATGCAGATACGCCTATAAGGTACCTACCCGTTTTGGCCAGGTTAGTAGAATAATTGGGATCTCGAAATGTATCGCATGATGAATGTTAAGGGATAAAAGAACAGTAAGCTCACACGATGCACTTTCACGGCCGGCATAATGTACTCCCACCTCCGCCGTAGCTTTCCAGGCGTGTAGTGGTGGATGCTATGACGAGTGTATCTAGAGGTCCGAGCGCTGGTATTTGCCTCCTTATAAGGGAAAGAAGGTGTGTCCCGGAATACGGTTAAGAGAGCACGCGAAATTGCGTGGCTGCCTTCAAGAATAGTGCAGCATCCCCGCTGCTATACGGGAGC,1097,49.86,Mus musculus
SEQ_684457,GTATACTACGCATAGGGCCTGTATTTGCCACGTCTGTACCCATTACTCCGCCTACCATGGGGAGTCCTTGGAACTGGCGTGGCAAACGCACTGGGTTACCCGTAGATGGAATCCTCTTGGGTTGTGCTGATAATAGACCGGAAGCAAATTGAAATTTGCTCCGAGCTACCCTTATGGTAACATTATACTGCGTAAGCCTGGACTCCGTAATCCTGTGGCTCGCCGATCTCCCACAACATGACGATTGAAGTCGTTCACACTCCATGGCGACTCCCTGAACGTATCCATATAACGTGCGTACAACGACAGAGGGGAGTTGAATTGTGCATCTCGGGGCGCTACTTACTTGCACGTGAGCACGTACGTGTAAAAAAAACCCTCTTACTTCACTGGCATGCAGTTAAAGGACTGCTTTGGAGCGATGGAAATCCGCGGTTGTGGAGGCACGTTCTATTTAGGACGATGCACTCAAGTCGCATCCCGTAAGGGATGGGGCCGGGTTACCACGCAAGATGAGCCGAGGGTACGATTTCGGTGCCCACTTGGTCCACAATTGTGCATCTATTGCACTATAGTATCGCACAGCACATAGTGGCTTGAAACAGGTTGGGTCACATCGTCAGGAACAGTGTAACGCTGGAACAGGGAGACGAAATGAACATAGGCCACGTACTGTGCGGGGTATCGTATCAACCGTCGGATCGCTTTGAGTGATGTATTGCTGATATACGCCGTGCCACAACGGTCTGACGGGGGCTTCACTCGCGTAATCGTGCAGTGTGATCCGCTCCTAGTCGAAGAGGGCTGCTTCACTCCTCGACTAAGAAACTGTCCCTCAAATGGGTTCGACAACTCGTCATTCGCGTCTCGCCGACTCCGGTCGCTTGGCAAGTGTTTGCGGCTAGAAAGTACAAACTAATGTGTCCCTAAAGATGGCTAAGTATCTGAATTAGAGAACGGAAGCCCAAACCCTGGAGGCTATAGCAGAGCGGCATAGGGCTGTTCACACGGAGTAAAATGTAAAATACTAGGGGGTCCACGTGTTCACTCATTCCTAACTGTGTCATAACGGGATTACACCCGAATGTCTTCCCGAGAAATTAGGGCGGGAGGCGACCTCAACCTAAACCACGCCGTTCTCCTTTATAGACGGCTATTATTGCACTGCCCGTCTCGGGGTCTCCCGGTCCGGCTCGTATATTCTATTTAGGGAGCCGGTTAAGATGGTTACGTTCATCCCC,1241,51.25,Escherichia coli
SEQ_731420,GACACCTTCGGAGATTTACAACCTGTCAAGCAGTGTATACCCCGAACGCGTCCAGACGACAACCCCCTTACTCGACCGTGGGAACATCTCGGACTCCTTGTGGCCCTGCTGATAACCGTACACGGCTTTTCTGAGTCGTCGCCACCCATCCGCAGGGCGCCCTTTACTTAGAGACGAGGTTCATTGGTGTGTCAATCGTGCAAGGGTTGATAGGATGTAGGGACATCCGCGTCTTGGCCACCGGGCGGTATCTCCGGCACTGTCGAAGGTGTGTATCAAGAACCAAAGTGTTCGGTCAGGATACCCGGGCGCAGGTGACGGACTTATAAGTAGCTAGAGAATGGGTAAGGAGCGATGAGTGTGCTTGAAAACCCTTGGACGGTTTAAAGCGCAGGGCCATTTCGGACAAGGCGGGCCTTTCTTTGGAGGGAGGCCGGCGGATCTTGTATCCTTGATTTTGTGGAGTGTCGAGGCGATTGCAGGATTATCTCATTTCAGGGTTCTATCAGTGCCATCGCAC,520,54.23,Homo sapiens
SEQ_388790,TAATACGGCGAGGCGCTGCATCCACTCCAGAATACCAACGCGATTGCTGAACGGCCTCCAGGTAACTTCCGGCCCGGGACCGGACTTGTTGAAGTTCAGTATGACGTTATTCCTTTGCACTTAACTGATATTCATCCACCGACACGTTCTCTTCTGCCGGCAGCATGGGCGGCTACCCTCTTCAAGAAGCTGGCTGTTAGCCCAGCTGGCCCACGCAATACCCCACAGTCAATTCGTACCCAGGTTAGAAATTGGATTCAGAGCCGTTATGTGGTGGATCAGGCTGACGCCAGCCCGGTAAAAAGGGCCCTCTGGTTACCTTCGTCAGTCGGTTTGGAGACAACGCCAAGATGGCCGGAAGAAGTCTCGTCTCGTAGTTACATCGATTCCGCGTGCGTAAAAGGCTACGTTTCTCGTAAATCGAGAGAAAGGAATCCAGGCAAGAGACGCTCAGCCACGGATCACTGTAATGTAAGCAGTGGCGTTGGTCTAAATGAACGGAACTGTTTCGGCGAAGCATGATCTATATATGCTCAGCCACTCATTAGTCACGACGTCTGTTCGGCATTAGGAAAGGACCTTTGTTGGGCAGTGATGTGCCGTTAAGAGGATCGAGAGCGTTATCCTCTCATCATGTGTCGTGATCGATCACAGCACATTCTCGGAGTTCTTTCACATCGCCCACGCTTAGGGCGTGAAAAGCTTTAAGAGGTTGACCACGATCCCTCCCTAAACATACATGTAGGGCGCTCTGGTAGCGGAGACGTTTGCGTATCGGATATGGTCAGAGCTACGTTTGTATGTGCCGACGGTTTCTTGAGACGGTAACGCCGGTGCGGCTGTCTGCCTGTTGTATAACAGTCAACAATGGGTATGACGATGCATAACGTGCGGCGCTTTTACCTTATAGCGCCTATAATTTGCTGCATATGAACCCACATGTAGAATAGAGAATTGTTAGAAAGTTCGTCCATGAACTCGTTTCACGCAATGCGTGATTTGGGCGTGATAGTCTCATTTTCCGTCGCCAGGACAGTAGGTGTGTAACTAACTTTTGCTGCGAGAGGGCGTTCGGGCGGATAGACGCTGCGGACGCAGAGTGACCGCAACAAACTGTGTGCTTGTCAAGGGTCCGAACATGTTCCACCTTTACCGCAAGTTAAAGCTACGGGGCTGTTTAGCGTATATGTGTGCCTAAATGTGCTATCCCTCTTCACCGGTACGAAGGGTTATTCGAATGTTCCTCT,1247,50.6,Homo sapiens
SEQ_777053,CGGTATCGGCAACTTCTCAAGCTGTCTTACATATAATAAGGCAAGCGTCGTGCCAGTAGGAGCCGTTACAAGACAATCTGGAGCTGGCAATCGTCACGGCTTCACGCGGCATATTACGCCCACATGAGTTGCATACGAAGGTTAGAGAAGACTTGAGCGCTAGATAATCAAGATAGCATGAAAGAAGATGGAACTCCAAACTACCCGCCGCCGGGTGTGCAATCTTATAACCCCAAGATCGTGTGCCATCCCTGAGAACAATTGTATCTTTCGTACATATCCGCGCGTGTACTTGTATAACGGATCAGTCCCAGTCACACCATCGTACGCCCATTGGTAAGCCTTCGTTAGAGATGTTCTGTAGCCGTTGTCGGCTGCACTCCCTCATTTTTTGAGAATGATATGGATGCGGTGTGGGCAGGCATGGCCTTTGGGGAGCTACACGGATAGCACTCCGATAAGACACGTACTATTGACAATGGCCCGATAAGTGGTCCCCACGATATATCTCAGTTCGACCAAAAGCAGTAGTATATTCGTCCCAGAACGTCCTGAGAGAAATAGACTCCACAGCTATTCCGCCTGGCGCATCTAAAGTATATCGACCTTCGAGAGGAATACAGAGATCAGTATTATACGAATCATTACACCTAGTTGCTTTCTTCGTGCGCAGGGTCCAAAGCATGTTTGCAACGAGGACCCCTTACTGTCAGCAGATAGCAAATTGTGGTTGACTAGCCAGCCTCTCTCCTTATAGGGTGGGGACCCGGTGGTTCGCGCGCGTAATCCATAATGTCTTCGGGTGCTAAATAGGTCGTAATCGATTAGGCCTCCTTAACGTATCACTCCTCCGTTTAGGAATAAAGGAATCTCCAAGCCGGGGAAATAACGCATCAGGGTGTCCAGTCTGCTTAAAAGATAGCCAGTCCAGCTACCCACGACCGTCCCGTATATCCCGAATCAATTAAGCGCACCAATTTGGAGTACCTCGCATCAGGCGCTATACGTGTATTTGAGAGCTGTCGTGTATAGACGGGTGCCATTGTAAGTGTAGCTACAGGTCGGGCTCATGCACTAGGCAATATCGGTCGACCTCGCGCTCTTAGTGCCGTTCACGGAATCGTCACCCTACCTAGTGCCGAAAAGGCTATATCTAGCTCTTATTGTGTTCATTTAATTACTATGTCTCCTGCTAAGAAAAAGCGCTGTCGTCAGCGCGCGACCCAGTGTGAAAGGTGTTACCCGTCAAACCGAACTAAGCAAGCTATACTACAAGTGTCGGAAACCTTAGTCGAGTAAGGTCGCTCAAGAAAAGTGCCTAATGATTATCCGCCCACCGCCTGATGCCGTTTTAACGGTAACAGTGACAACGTCTGCTCTCATGCACGGTTCAAAGCAGCAAGACTGTGTAAGCTTCCCGTTACCGCACAATAGATACGCGGCCACTGGGGATCCACCCATGTCTTGTAGACTGACTAATGCTGTGATCTACAGCGTACGTTTCTTCTGTTATTGGATGGATAGGCGAGCCCGGAGGTCTTCGAGCTTGGGGGACACCTTCGGTAAGGAGGCTCGATTACGCCGGGAAAGTTATAGTTTCGACTGCCGTAATCGCTGTACTCACCCAGTCACTGGAGTAGCGGTCACAGAGCTTGAAGGGTACTTTCCCTTGCACTAAGGTCGGAGATAGGTGGAATTGGTAATGAGTGTAGT,1713,49.33,Homo sapiens
SEQ_998818,CGTAGTCGCACGAAGAAGCCCTACTATTGCTTAGCTCATGGGGCGAGATGTCGCGAAGCTGTGAGTGCGTTGTTTAAACGTGCGGTATAGGGCACAACGATGGAGCCGAACCAAGGTCACAACCTCTTCAAACATATCGAATGAAACGACACCGCCGCTCGCTCGGGACAAGACTGCACCTATTTCGCAGCCAGTAGATGTCCCACGTAATCCACTAGAGCCGCCGCTAATGCAACCAGAACAGCATGTCTCCGCACATTTCAAACTACCTACGTTAGGGTGCTCGTTATATCCGTGCGTTACGCGTATTAATACCACTCCGTATTCTGAGCACAGCGGTGTCGTGAGATTACGCGGAAATGGTGTTTTTAAGGTGTAGAGGTAGGTGGGGAAATACAAAGTCCCTGGTTACCGGTCACCAAATCTCCGTTTCCTGAGTAACAGTTGCAACTAGTGCTCTCCTGCCTATCTGGGTGTCTCGTTGGGGGGGCGGGGCCCGATGCAGAACACCGTCATATCGATATGAAGCGAGTCAGTGTTTATGTTCGAACCAAAAGAGAGATAGATAAGACTGGGTGGCTGAGCCCCGTTATCGCGGTTCATTAAAACGGAGATCGCCGAGGCAGCATTACT,633,51.18,Homo sapiens
SEQ_589643,AAAGGGGGTTAAATGCCGTCGCATATAATCGAGTTGTGGGGTCGTCCAGGCAGTCGCGCTTGGACCGCAGATAGCCACTAATACGTGGGGTGGGGAAGCGCAGGTTGGCACCTCGCCTTAGGGTCTGTATTGTGGCCGTTTCGATATAGCGGCTACCCCAATAATGGTCGTGTTGACCGTATAGTTTTCGTCACCTTGTCGCCGAACGTCTAGTCTCGCCTCCTATATGCACTCCGGTCCATAAGTTTCTGATCGTACCGGTACGGTTTCATTACTTTTGCAGTGGGCCCCATCTTAGTTAAACAAATCAGTCTGGGTTCCCGGCTACCCCGAATTCCATGCAGGGACATCTGATTTACTACTGTACGAAACGTTCACGGTCGTTGTGTGGGGAACGGCCTTCTATTAATATGTCGGCAGCCGCGGCGCCTCACGGAAGATGGCTCAGTACCTATCTTAACACTCCAAGAGACTAGACAGGGTGAGGCCTCCGATAGTTAACATAAAGACGGATACCTGACCGTCCTACAGGAACATGAGTGCCACCAAACGCAGAACCTAAGCGGCGTTGTACCTAGTGTCCAACCTTGCACACGAATCTAAAGCCGCGGTTTGAATGTGTGGGGTACAGAACAGGAACCGACCCTCGACGACGCACGACGCCAATGAGGCAGAGGGTTTGAGCGGTGGCTTACTCAATCCCGTTTATGGAAGCCCTCGACACAACGGTACCGCCGTACGTAATACATCCTTAGTAGCTACCACGTCTCTCATTGTTGAATAGGGACTGCTGCAAAGGGGATCACCCTCTTGATGTAGGCCCGATACAGTGTACCGTCGCTAGCGCTAAGCTCCAAGGGCAGCAAATTGGCCTTTCTGAAATAGTCGTCACGTTAAATGTATGCGGTCAGTCATCACACCTACTTGTGGGGCTTGGCCTCGCCAGTAACACCCAGCGCGAATAGGTAAGCCAAAGATCAGGTTACCAACAACTCTAATTTCTTTCTCGCTGCACGTGAAGGGTCGCCTTGCTGGGCCTACATAATCACCGGAAAGCATTCGAAGAAGAGAAGGTGAATGTTAAACGCCTATGACCAATCTTTGTCACTCTGTCAGGCATTTGATTGAAGGCGTGTCATTATCAACTCGGAGACTAATATTCGCAGGCCCTAATCAGATGCAGGAGCAACGTTGGACACTCAACAGATCAGTAGTACTGAATTTATGCTTGTTACGGCTACGAACTGGCACTACTCAATTGCTTTTCTATTTGTATGAAGTTGATGCCCATAAGGTGGACTGTGCCGAACGCGGCGCTGGCAAGAACCTCGTCAGGCAGACA,1342,50.75,Saccharomyces cerevisiae
SEQ_338766,CGCTTTGAAACATTGTGCGTTGAGAGCTCAAATTCCGATAACATCGCCAAGGATTGGTCAACATTAGAGCGGTAAAGACACGAGGAGTCCAAAGCATCCTACCGAGACGGCTCCTTTGTTGCTCTGCGTGCGTCCATCCGACATAGATGGAGGCGGACGCGGTGAAATTGTCCGCATATGGGGGTTTGCCCCAGGCTCGTTGTCAGGGAAGTTCTTCTATCTCTATAGCCCGCAACGAACTTACGGGGGATAATTTCACTGAGTAGCCGAGCCATATAGCCTCCCCGGAATCTAAAAGTCTAGTTCCCAAAGATACCGACAGGGGTAGTGTGTGACCAGTCTAACAACGGCACAGGTGCCTGCTCCCAGTCCCTTGTCCTTCCCGCGCGGTGTGCAGCCCCGCTATGCAATCACCAATCGGGGAGATGGGGACGAAAGCTCCTATTCCTTGCGCTTGAGAATTACGGGCAACGACTGTTTAAAAAATCCAAATATAGTCTCCCCCTGGCAGCGTGCATATGCACAACCTCATCTGCTCAGAATTACAGATCGCGCGATGCGAGACTTCAGGCCGCGACCCTGCTCTAAGCCCCCGCAGACCCTTTGAAGATGCTACCGAGTGAGGCTCGCTGACGTATTGGCGATAGTGAGCTGTGTTACGTGTCCCAAGCGCGTTTGCATGCATTACCTAACTTTAAATGGACTATATCAGATGGAAGAAGTAAGGCGAACTATTGCTGTAAGCTTAGATTTCATGAACGGAGTATATACGACGGATTATTTGGAACATACGATGATCGACAAATCACAATAGCGGGCTGCGGTCGAGGTGGGACGCTAAACGATCTCAGGAAAAAGCTGCTATGGATTAATGTCTTACACTAGCCGGATCCGTAAGTGGCTGGAAACGCCGATTCGAAAATCCATGGTTGCATTTACGTTATTGGGTCCGTTGTAAGCGTTGCCGTGAGCGCCATAACACGAAGCGTCACGATCGTAGTGTTTGGTGGTAATTACCGGATGTAACAGGGCGTCCTTAGTCGAAACAATTGCACCGTAGCGGTAAGCGATAAGTGTTTCGATTGCACCGCTCCTATCGATGCGATTGTGCAGATAGTGTGCACCCGGGCCCCTTGCATTACTTACCCGAATCGCGGGAAGGAGTCCGCGGCGGCTATATAAATTCGGGTAGAATCCTCAGGACGAAAGATTTAGTCGAGAGACCTGCTTGAAAGGACTCCAGTTTACGGACCAGATTGGCTCACAGTAACGGATGCCCATGGCACAGCCTTCTA,1295,50.81,Drosophila melanogaster
SEQ_241568,TAGGGAGCTAGGACAAAATAATTATTCCTAATTCGGATCAGAGAGCGACTTGAAGTTAGTGCACATGGACCAGGCGATCGGCCGCGAGGTTTCTGTCCCGTATTTCAGTAACTGAACTGCGCTCCCATGCATGAATACCGAGTTGTCACTATCTTCCTACATCGATAAGGTAGATGATTAGCATCCTAGCTCCGGTTGTCGGTCTTTACGAATTCCCCATAGAAGTGTCGAATACATAATCATGGCAATGTGTCCACCCGTCGTGGTGGAGCGGGACCAAGGTACTACCCGAAAACGGACCTTGCGTTAAACCAGCGTGCATAATGGTCGCCCGCTAGGTAATCACCGAAAAAGAGGTGCGGGTTCAGTTGATATGCTAAAAGTTTATGTCAACAGAACAGCCCCCACTAGTACCGAGAGGCAGCATGCCGATTCTAGTGAGATAACGGTCACCAACAGATTGATTCGGGATTTCAGCTGTTGACCTGGGACTGTGGCCCGCTCTTAAGGTCGTGTCCGAGTTCTGCCACATCCTTATATTCCGATTATCTCCCTCCCACCCGATGCGCCAAAGGATAGAACTTTATTAATAGTGCAGGGTCCTTGATGACCCCTGTAATAGAATCATCATTCTGCCCGGGCTTATCTTACATCGCAAACAGGGAGACTGCTATCTAGCTTCTACCGCATTGCGGCCAGGGCGTTTGATCCCTTACGTTCGAACACGCCCAGTCTACGTGATGTCCACTCTTTGTTGTTTGTTATAATTTTTACCACATGATGCTTTGTTTGTCTCAAACGATGTTCGTCCTTCTAAAATAGCTATAGTCTGACCTTCTTGCATAAGTAGCTCATGCTCAGCATACGTGACGAAATTCGTCCCTCGTTGTCGCGGAGACGATATCTAGGTATAGGTCTTACATAGTGGCATCTGCAGGATTCCAATATGTCTCCCGGGGAAGGCATCGCAGCACGACCGTACGGTAAAGTGGACCGGCTTGACTTCCTCTGCCCCATACCAGTGCCGCGCTGGGAGGGCTAGTCTCGATGACAGTCTTAGGCTGTTGATTTAGAACTGGGTACAGTCTTTATCGACGTTACTGCCGCCAACCTTATCCATACAAAGCTCCTCTTTTTACCATTGCGGGGAACGTAGAACCAGATATTTGACCCGTCTCCACATGACTTGCACCATCGCCGGCGGGTTAAGTGTGCCTTCTGAAACAGAATCAATGCACTACAGTGATGGCATTGCCGCGTCAACATTTGGGTAAGATGAGGACCGTAACCTGCCTACTGCCTTCAGACCGTAGGCTCGCCATCTTCCCATTTTTCGCGGCGTCTATTTAAGAACGTTTGAACGCAAGATTACACTACACTTGGCGGGGTTTATGGTCTTCGGCACCAAGACCTCACACTTAGAAAGCACAAAGTCGGCTGAGGCCCATCCCATCTGGCAATACACCTCTCTCCATAGTCCAATTGCAAGGCCAGGGAGTTGAGGTCGTGTAACCAAGAATCAAGCCCGTTTTACATAATCTCAGGCCATAAAAACAACAACGGCGCGTAGGTGGCAAAAGGTAAAAAAAAGCCGTATCACAGAAGTGATGCCGTGGTTCGTTGAGATTAACAAGGGTACACCGACCCCTGCCTCCCCGACAAAATTGGAAAATCTAATGAGTAACGCCGTAAACCCTAATGCTCGGCGGCATGCGCTTCAAGCAAAACAGCCTTCATAGCATAAGCGCGGTTACGACTCTTCACTTTTTGTTCTAACTACGGAGTGAAAAGCGATACACGGCTCTGCCGTACTAGCATTACCACGAAAGCTGGACTTTGCCTGTACTGTGTGTTTGCGAATAGCGGATCA,1870,48.72,Mus musculus
SEQ_970092,GATAAAATCACTCAGGCGCCGTGCTAAGGTAAGGGTTAAGGGGTGGGTCTCCAGCCTAATGGGTCCCGCGTCAGCCGCTGTCGAGGGACAGTCATCAAATACCGACCAATCCATGATTCATTTTAGCTTCACGCCTCGAGATATGATGTATACCGCGATCGTTTGAAGCCTAGTACTACACTACTCCGCACGCGCCCATGTCTGTGCCTGGTCTTTAACGCTGCACAGGCCGCGGTCCACTCATGCCGTCGCTGTTATGGCGGCTCGAGGATCCCATAACCACTGATTGATGACTAGCTGACGCCTTGGCCTTTCCGAGATACGTGTTTATCAGCAATCAATCGGGTTCTACTTAATAAGCAGATTGAGATAGAAGGAGTCTGCCAGGCTTACAAATACGTGACTGAAGCCCAGGATAAATGACGTAGGTCCATTTCCCGGTCCAGCAGTGTGGACCCACACGTAGGTCCTCGATGCGAGGTAAATGGCTTCGAATGAGACCTGAATCGGGCCACGCCTCGCCCCGGAGATGATAGTCAACAACGGGCTTCAATGCCGGTGCAACGCCACAAAAAACAGACCGGGAAATCTCGTCTACAACCATTGGAGAACTTTTACGCACATTTGTTGCCTGGTTTCACTCACGCCAGGTGTCATGTAGCGCTAGTAAGGAGACGTTAGTTTA,685,51.68,Mus musculus
SEQ_630267,GTGCCAGCATGTAAACCATTAGGTTCTGTGTCAGCCCTACCAATGATGGAACGCCGTTAGTCACAGTTTACAGATACTTGTCTGCAAGGTGTCTGCGAACGTACGAGATGCTGCGCGTGCCCGATACATTCCAAGCTACCCTACTACCACAAATGGACATTGACAGAGCGCCGTCGATGCAGACCTGCGGCATGGTATAACCGCATGAGCCAAGATGGCGGTGCGGCAAGTGCGTGAATTACTATTCCAGAATATGCGTCTTCTTGGTTCATTTGTACGGACCATTTTACATGGGGCCAATCGATCTTCCATTAAGTCGCCAGAGAGTGTAAAAAACTTGCGGATGCGCTGAGGGAACTTGCTAGCCAAATAGATTTATGGATTCCGAACCGAGTACGCATGAGGCGCCTATGATAGTCTACTCAGTTAAGTGCTTTAGCTCCCACGAGGACGCTAACGGCGTACCCCGGCGGCTCTGGATTTTTCATGTTCCTGCTAGACCAGATCGACGCCCATCCCTCCATCTATAGCAGCACGCATCCGTATTCGGTAGCAATTCGGGGGAGATAGTCGCGAGCCGCTAGTCAATATTACTAGACAATCAAATAAAACACGTTTTCCATGATTTATGCCAGCACTCCCTTACGTTTGACGTCTGCATTTATAAGGCATTAGCTGATCTAACATTACGCGATGGGGGAGCAGAAGTAGTCACAGGCCCTCCTACACCCACTTACCGTTTTTACCCCATATGTAGCCAGTTTTTAGGTAGATTCGGCAACTATATTACCTCGCTCCTTGGACGTATTCCAGTCACGAATTTCTCCTTCCGGTTCACCTGATCAAAGCTTCGTTTCTCTGGATTGCGCAGAATCCTTGGTCACCTTACTCGCGAAGGACGACCGTCGAGTGCCAATTCAGAGATAAGTACCAGGGTGCAAAAACCCACCACGTCCGTCCCGCAGCGCCGACTCCTCAAGCGGGCTACAAATAGTTGCACGGTAGCCTGTCAGCAAGGATATTGGGGCCATATCGAGTTGTAGCCGTGTATGATGACCTTAAGAAAGCGATCCGGGTAAACGCAAGTGGAGAGTTTACCGATACCAGTTCCCAGTATTCCGCAAGCAGCTCGGGTCGACAATATAATCCCAACTGGTCGTACGACTGAGCCCGCAACCGGCTCCACCGACATAAGCGAGTACGGAACAAACAGCATGACTCAATTTAGAGCCGACGATTCTCGTCGG,1247,50.12,Saccharomyces cerevisiae
SEQ_281426,GCCCGTTGTGTTAAGCCGTTTCAGGATGATCATGGAAGGCCTCCAATGAAAGAAAACTTTCCGGTCACCTGCTTCCCTGCTAAGTCACGCGCCCCTTTTTTGCATATCGTAATTTCCTATTATCATTACTTTGTGCTGCTTATGATCGCACAGGGCCCTTTCTGCTAGTGACCCGGATCGACAGCGGCCGGTCATCTGCGCTCAGCTCGGCTCCCGATAAAACTATTCGAACACGGGAGAGCT,243,51.03,Saccharomyces cerevisiae
SEQ_484112,TCTAGTGTCATGTTTTTTGCGTCGATCCGCGGAAGATACTAATCCCCACCTATGACTCGAAGTCGGGAGTGTTCCTCGTTTCGCACCTCAAGGAGTCTCGTGTTGCTGAAGTGAGTTATGGAATCCAAGCTTACTATGAGCAAAGTTCCTCATTCTCATGTTGTCTACTAAGACCTTTAAGTATTACATAAGACCGATGGAGCTATCCCAGGAGTAAATTGTGGGGGTCGTATCCCTCTCGATATATAATCTCCTAGCCGGGAGGCAGTTAAGAAGCGTGAATATGGGCTTGATTTGTGTATAGATCAGTTGCCATATTAGCTCGAGTTGAAGCCGGTGCCACTTTTACCGCGTAGGAAAACCCGCTCATGCATCTGTCGCGAGGACTGGATAACGGCGAATACTAGAGGCGGTGCTCCACGTAACAATCAACGTTGAGTCTTGTATAACCAACGGCCATACCGCTACGAGATTCCGCGTAGATCCGTGATCCCTCGACGGGTGTGAATCGCAGTTTAACGTGGAGGCTTTCTCGGCACGCATAGGACTACAGTTCTAGTCGGCGTCAGATTGGTATTTGCTTTGCTTTCATCTCGACGGTTAGAAATATGCTCACAACAAAACTGCGAGGGCCGGCCGTGTAGAATGTCCAGCAGGTGTGCGAAGATGTTCTCGATGCATGAGATAAATTGTAAACCAAAGGCGTCACCCAAGTCAGTGGCCCAAAGGGGCTTTTCTCATCCCCGTCTGGATTACCTCATAGACGCGTTAGGGTATTGCTATCAGAGAAGGAATGGAATACGGAACGTTTTTGGAGCTAGAGCATATCCGCATCCAGGAGGAGTCTGCCCATGCGATCGTATTCGACGTCCGTATTGTAAAAGAGTGATTCCGTATGAGCCGCTCTGGTG,911,48.63,Homo sapiens
SEQ_694557,TCTAGGGCGGCAATGGCCGGTCTAGGGTCCTATAACGCAGCCCTATTCGCTAGCTCTATCTGATTAAATGAGTTGGTATTTTGAGCGAGATGCGGAAACGGGCATTCAATTTGGGATTGTGGTTTTTGTAAAGTCCTATTGATACTCACCATAGCATTTCTGGCACGAGTCCGCTGACGCACCCCATGGCTTTCACTTTTGTGTAGGAGAGGACAGTGGCTTACGTGGGCCTAACCCCTTGACCTATCTCTACGAAAGAGAGGAAATTGAGAAAATTAGCAGCCGCCTACTGCTCAAGCACACATACGTAGTACAGGTTTCAAAGCGTTCTCCGCATCTAGTCGTTACGACAACAGGTGCTATAGTGCCGATTAGCATCATTCTACTCCCAGAGCACGTAGATCTCCTTGCACGTCGGGGTTACCCCGAGTTCTCGCGATTTTTGGGATTTTTCACGGTATTGTGCTGTGAGAACTGGACCAGGGCATTCCGATGGTAATACCTAAAGTCACCCACCGCAACCTGCGGGGCCAGACATCTCTGACGGAGACTGTTGATCGGCCTGCTTCACACTGCCCTCCCTGACGGCGTCCACCTTGTTTTCCAAATATGAGGACGCCATGCCTGGCAAATGTCGAACGAAGCATGCATAAAAGGCCATGTCAAACTATGACAGTCAGGACCTTACAGAACGCATTCGTGACATTTCATTACGACCGCATTTGGTGGGGACGTGAAAGTAGGGGTGAGTCTGGAAAATGCGTTACAACTAATTGTGCTCGTTTGGTGAGATTGCCCTGTCTTGGGACTGTTGGCCCTTGAAGTCAGATCGCAGAGTGATTCACGTACAAAAGGATCAGCAAGTAGTACCAGGGTATTATAAGTTTATATACTGTTCAAAGGTCTAGTTAACCCCGAAATAGACCTAGCCGTAGACGAAGTTATGAGTATGAGCTTAACGAATGATCGTGTTATTGCCTCCTGAATGAACTAGGTCCTGCCGTGTCGGTTAAAATCTTTCTGTTTCGCGGGGTCTTCCGCGCTAACGCTTCGGAATGTGGCCTGGACTTGTAATGTTAAAAGGGCGTGTCTTATTGTTGGTGGTCGTGAAATTTTACCTTTGACCGGGAGCCACAAAAGCCCCGAGGTCTAGCACAGACTAGGGAGACAAATATGCCTTACCGAAACCAACTCCGCTGGAGCTTGCCGGAGAGGTTACATGACCCTCGCTATAGAGAATTCATTCGCGAAAGTCACTCACCGCTCACATAAGTGGTCGCAGCTGGGGATCTCGACTCGTCAAACGATTACGGATTAGCGCGAGTAGGTGACCGTATCGTGCACCTTGACGGCTGAATCCGGTAACACGAACGGCTGAACGTATGAGCTAGGTTTAGCAGTCAAACCAGATCCTGAGATGTGACCTTTGACGGAGAACCACAGCAACGACCTTTATTGCACGGGGTCTGTAGCTCGGACGCGACCAACAGTGTGATTCGGATCGGCCACAAAGGGATTCCCCCGCGTTCTGGGCCCCGTTTCCAAATGTTGTATACCAAATTCTGTGCCACGCAACGATCTCTCACGATGACAGTAATGACACCGCCTGCAACGTGCACGGATACCTC,1628,49.75,Escherichia coli
SEQ_173117,TTATGAGTTTGAACCGACCAGCGCTCCGCCAGGCAGGTTAAACCGGGAGAGATTAGGGAGCCCACCTGCAGACGCCGTTGCCAGTCCACATCATCAGCCTTCCCAAGAATTGATCACGGTGATGTTAACGGCTCAATACTCGCACACGACGAGGGTACATAGTCGCGCGTATTTAAGCGTGTAGAGAGGACATCATAAGCATAATCGTGCAACATTGTGCTGGGGCCCAGAGCATATTGCCGGGTATTAACAAATATGGAAAGCGTAGTGTCACGAGGAGAAGCACGATTGGTGGCTTGATGGGAATAAGCATACAGATTCCCTTCAATTCCTCGCAGTCCGGAGATAGAGTTAGACGTCTCCCCGGAAATGCGTGCCCGTGGACGGACATTTGCAATCAAACTATACAAGCATGCTGGGGGGAACCTGCGCTTATACCAGAACAGCGTCGTCGAATTGGCATGGTACAGAGTTCAGGCAGTGATTAGCACAGCTTGGATGATCATCAAACGCGCAGGCAGTTGATGGCAGCATTCATTGCATGATAACTCGCTCGCGATTTTAGCCCTGAGGCGAGAAGGGTCGACGTCATGGCGAACACCGCTTGAGCACGGACCACAAGGGTTCTCTTTATTCTCGCAGTTAGTGCGCAGATATGGTTCGTGTAAGAGACCCGTTAATGACGTCAGTTTCGAAGCCAGGACCCTACGAAACCTGGCGGATGATAGGCTCGCAGCGCATCTAAGAGGTTAGGTCTGGTTCGTGCACATTGGCTTGATTGCGTGAGGCCGAGTCTCGTTTGGGTCCTGGCTTAGACCTTCGCGTCCGCTCCGCAAGCAAACGGGGAGCGATGCAGTGATGAAAGAGCTTTTCAATTACCGTGCAAATTCGGTATCTTCTCGCGGCTCCTTAGTCTATTACGAAGCGCGGACAAGCCGCCGTGAAGCACTAAATTACGCTCTGGTTTTCATGAGAAGCCCCGGCCTGTCCGAAAAGGGTCGTCGTTATGTAGCGCCTCTGCTCGAAACTGCGAGGAGCAAGACTAAGATGTAGAGGAGACGTGTCTGGCCTGGGACTGTCAGTACGGATGAAACCGTGGGTGGCCTGTGCCATCAGCCCAAACAGAACTCCGCTCAACCGACAAAGCTTTGATGCGGTCGATGAGAGCGAGTGGCGGTTCCTCCTGTGTAAATG,1194,52.68,Homo sapiens
SEQ_902469,ACTCGCTCGAAGGTATCCCCACGGATTGGCACTGAGGCCAGGCTGATCAATGCCCATAAATCGGCTGGCTTTACGACTATCGGGCTGCTCGCGTCAACACGGTGCCCTCTTAGCCAAACCGGGCGTATTGTGCATACTGGGAGTAGACGTGTGGAAACGAGATGGATTACCGGAGCAGAAGCCGGCGCTAATGAAGGGTAAGTTGATTAGACAATATCCTACTTCATGTCCCGTGCGCGAAAACTGATCCTACAGGGGAGTAACGCATGCGCGTCGCTAATAGGGAGCTTTAGCATTCCATGCAACTAGCGAAGACAGTCTGGCGTCTTAAAGTAGTTAGGCTCACAACCAAAGTTTAGGTGAATCTAGCTGCGGCGTCAATACCACCAGTACGCGAAGTAAAGATGTTTGTAACTTTCACTTATTAGTTGAGATTTGGAATAGGCAAAGTGCTTGCTACATGGGCCTTATTGTCCAAAGATTGGCAGTCGCATGACTAGAGTTGTGTCGGATGCAATGCATCGTGCACACGGTGCGACCGGTAACTCGATCGGTGCTACCGTTGTTTTGCAGGCGCGCGAGCTGTCAGTGGAATGCATAAGAATGCTGGACGTTCCCGAGACCGCTTTTCTCCTGACTAACCTATCTACAATTTCTAGCGCTGCAGACATGGCGTTCAGTACGATCATAACCATTCCTATCCGCAACAAGTGTAACAAGTTGCCTCGATGGCTTGATGTAGCCTGGCGACGTCGACGCTTATTCACTTTTTTGAGGAGAACCGTTTTTGCAAAGTATATCGTTTATCACCAGCGATTGTTATATAGTGATTAAAGACTTTGCCAATGAGAGACCGAGGCACGGACTTGCGCATGAATAAGGATCTTCCCAGATGGAAAGCCATGTCATACGGTCGACAACCACTATTTCACGTGTTCAAGAGTACGCACCACGAGGGCATGTAGAGTAACCAACTCCTTTAAACGTGCTTGTCCCAAAAACCCTGTCCCTGCTCAGGTCTCCTCGCAAGTAATGGAGGTGGCCTTTTTCTCTTTTTCACTGTCACTGCATTGGTCCTTGATCTAACTAATCGCGATGTGGAGTAAGGCCGCCAAGCCGATGCAAATATATCTCCGGGCGTGCTTGTGTTAAATTGGCTACGATAGTCGCGGAACACGATGGGCTTGCCGAGGTGTCGGCTAAGAAGCACTCGCCCCCCAGTCGGGCCACCATAAGGTCAATGATCCTCGGTGGAAGCTACAGGTCCCCCAAAGTTCGCACAGTGTGATAATAGTGAATGCCAAGCTTGGAAAGTCTCGCTGGTACTCGCTATTGTCTGCTATGTTTCTAGGCGATCCTCTAAATATCCTTAATATGTGAAGCAATTGCTGGTATCTCGCAACAATGTGCACATATCGTATAACGGTGTATGCTCATGGTACGGGTGACTTGGAAACCTTCCGCTCCTGTACTCATTACCAGATTCACAAACTTCCGATGACACCCGAGTAGTGTATGAGGAACCCCCGGCAGATCTTGGTTCTTATCGTGTCGCATGAACGAACATGGGAGGCACTAACCTTCTCGAAATTATCAGCGCTGATCGCGCACGATAGGGGTGCGGAAATATGTCTAATACCGGTGAATACCGTGCATTAGGCGTAGCACGGCTTATTGGG,1679,49.14,Drosophila melanogaster
SEQ_878923,CCACTCGCGACATCGACACATAATTGCCGATGCGCCAAGTCGTTAGGCCCAACTTTTCGTAGATATTCAGCGTAAGTTATGAGGTGTTATAGGGTCTTATCCTTAATATCGCTCAGTCAGGGCACTTGTCTTAAGCTCAGTGTCTGGGAGCCCGTTACACTGCCACTGCGTCCGAGAATACGAGCAAGACAGCTGGAAGCTGGTATTGCTATCGGCCACTTCATACTCCTTGCAAGGTGCCCCGCCTCTAGGGGATATCTGAGGATGTTTAACACATCTCGTAATTTGATGAAGTCTATTATTTACTATTCTTGGGCAGCCGGCGGGTATGCCGCGGAGTGAAGATCCCTGTTCCGGAGCTCTGATCGGCAAAGTCTTATTAGTCACCCTTGACCCTCAGACGTGTCTTACTTTAGGGAGCTCCTGGGTACTCTCTGACGTTGGCCGGGCAAACTTGTGGGTCCATGGGGAAGTCCCGTGGCGGTTGGTAGCGTACTGCCGACGCACTGTCAAACAGTTCGACCCGCCTGCTCACCCATGGACAAGAGAATTCTAATGTCCCCATTTCGTAGCAATACATTAAAAGTATACCACCGCCGGGTTGGGTAGCCGCTGCTGGAAACGGGACCCCCGTCACA,638,52.04,Caenorhabditis elegans
SEQ_567297,GATGGGCTCCGTCCCTGTACAAACGAAAGATTAGCGTAGACTGTCAAACAGTAACAAGTCTCGGGGAATGTCTGCCGTGTTATGAGGGGGAGCGCGAAGGGATAATGCGTGCGTGCCGTTTATCCGCACGAGTGATATATACCTGTAGACACTTACATGGACCTGAAAATTGGAGAACTCAACACCGCTTAACTCGAGCCTTGCGTCTCAACACTAGGATCTCCACGCGTTAACAGCCTGAAGAAGGGAGAGATCAAGAACGCGGTGACGATCGACTCCGCACGAAAGCTAACTGAACTCTATTGTACTAGAGAAGGACGCCCACGCGACACAATCAAGTGACAGGCGGGCCTTACTCCAATGCATACGGCCACCCGGGTCGCCGACAAAGTTCTCCTTACCTGTGGACGGATCTTGTAGACAAGCCGCACCCAACAAAACTTCTTTGAGTCGCATCAGATGCTAGCAAGCCTATAGAAAAGTGTTCGAAAAAGAAGATTCGTCCGTGTCCTTTTTCCGCGTTACCCGCAGTTTATGCGATCACAATGCTACGTGTGGGTTTTGCAGTTAATGCCGCACCTTTTGGACAGTGGCTATCTTAGTCAACTCGCAATACGAGGGCTCGGTGTAGTTACACAGCCGGGTCGCCCACTCTGCTGAAGGTCTGAAATTCTGGTGTGCGCTTGGAGGCCGGTCGTTCGTGGTGTCTGTAGGCCGTACCAGACCTAACAAAGATACGACCTTAAGTATGCTCTCGTGCATACGTATGCAAATCTGCAGGAAGCAGAGCCCTTATCCGCAGGTATACATCAGCGACAATTCTTACACCCTTCTTCACGGCGTCCGATAGGCGATAACTCATAGGCGCATAGCATTCTGTGTGATTCTAGTGTGTCACATGTTGTGCGGCATAAGTCCGCGCCTGATCGCGTCCCTAAAAGGCCAACCCATTACTGGCCTCCCAGGATCGGCTCCACATTGTAGAGATGCACCCTTGTGGCGGGGGTGCAAACTCTTCCGTAATTATGACGATCATATTCAGCGGCTTCACGTGGTCATATTGGTAGCAAGGTACACAAAGAGATAAGCCTGTCGGTGCAAAGACAATACATATAATGTGGAATTCGATCGAGCGTTACTTAATGTCTGCGAGTGCGGCTTTCCAGTCAATCCGACATCCTTACCCGGCGACGTTTGATTTCTGGGCTTCACGATTTCCGTGCGAGGGGACTGGAATTGGGGAGCACATACACTGTCCGGGGGTGGGGAACACGAAAAAACATTTACGTTTGCATGATTAGTGGCACTCTAACCGGATGCGGAGTATCCGCTCTCCACGCACCCGGCTACACGTGGGCGCTTGTGCGGTGATTTTTTTCATGTACACCATATGTCTCCGGGGGTAACAGGTTAGAGACGCCCTGCTCCTATGCTGCCTATAAGGATTGGGCGCTACAATTGCCCTCTCAAAAGTAGACTAAACTCTTAAGCCTAGAGACGCTGTGACAT,1509,50.83,Mus musculus
SEQ_269504,CGATGCGTCTGTGCCCCTGATTATTCGTGTACGCCGAACATTGACTGCCCCTCGGTTGGTTGGCAGACGCACTTTATGGAAGTTGTCATTTATTAATCTGTCAATTTCGGGGCGTATGTGAAGACAGTCCAAAAGTTCGTGCCCTCACCGTACGGAGATAGATTCCGCCCCGAGCTCGCAATAGGTTTTATAAAGTCAAACCATCCCTCGTGATGGATTATCTCCATCTCTTATGCATTGCTGCAGGAAAGATCGGTAGGAGTAGCAATTGATGCCCCTCTGGAGTGCCCTGCACTCCGAGGGAGCCGGGCAGCCGGTAAGTGGTGATATCGTTATCTTTCCTTATAGGTCACAACTACACGTCTGGCGCCCCAGGTTAACATCGTCCGGCGACCGATCCTCATACGCTGTGGTGGAAAAAAGGACATCCGGTGATGCTCTGACGGGAATTGGCGCCGAGTAACCAAAAAAAAGCTGTTAGTCATGTTAAGGTCCTGCATCGGCAATGAAACGGGTGACTGGCGCAGGACACGACTTTATTCGCCGACGCCGTAGCGTGTTGCCTATCAAGTAGAGGCCTTAATCAATACCGATTGAGGGCGTATGGGTTCCCAACCACGTGGTCACGTGGGCGCACTCCGACCTCGTCGGGCTTTAACTACTTCCTGTTTAAGTTCAGCGCGGCATTTCAAAGGAGCCCCGGCGACGGTAAGGACATTTGTGTTCAAGCTTCGACACGCATCATGTTCACTCGGGGTATTAGTTTTATTTCGCTATCTAAACCACCAAGTACCGACTCTCGACCTCCGTGAACACGGGGCCATAGCAGAACTCCGTCGATATGGGTGCAGCCGGGGCGCATTAACGCTACGGTACGTT,879,52.1,Mus musculus
SEQ_851604,GCCAATCAACAAAACGTGAGCGGGGTAGGTCCAACGCCACCTGCGTCGGCCGGGGACCCCGGGTGGGATCACAGCGCCCGGCGATGCTTCTGAATAGGATTCTTCCTTCTAGTCTGAAAGCTGCCGAAATCGGCCCTGGGTTTCGTTTTAGATTGACGATTGAGTTTTCACTGACGGGTAGTGCAGCAAACGCCAAACTTATGTACTAAACGTCGGCACTTACACAAGCGTGAGTATAGTTATTGCTTCCGCTCCGAAATACATGTTCTTCCCGAAATTTCGAACCGGGAAGTACAACAAGCGTTGGAATTCATCTTATATAAGATCTTAATGTTTAAATGCGACCCCAGGGTAACAGTAGCATACTAGAGTCACATGGACGCCGGTCATAACCGTCCGTCCCTATACGCAGTGGTCGCTGTCTTCGTTACTATCCACAACATCGTAGCACTCCCGGTACATGCACCCACAAAGTCAGCGCTCGGAGCATGC,492,50.61,Arabidopsis thaliana
SEQ_171718,TGGCCCCAGTCCGCCTAGAGCGAAGGGAATTCACAGAGTAAAATGCGTAGAGTTTGATTACAGCCGTAGCCATTTGTCGGACATGTGACGAGTAGGTACGTCCGTGCTGGTAGACTCGCAGCACCGCGAATCATACGGGCCGCACCTTAATGTGTAGTATCTTGTCACGGCGGTGGAAGCGGAGGAACAAACGGGCTGACAGCCCGTCAACGGGGTAATATAGGTCATAGACCCTGTCGGTTGTCTCTGCCTCGGTATATACTCGTTTAGCCGTGCCAGTTTCGCTTAGGCGTCAAAGGAGCGTCACATCGTCACGTACTAACTACGAGTACTGTAGAAAATAGGTTTGGTAACCTCCTCTAAAGATCACGCATGTGTACCCGGGGGGACAACTCTGATGACGCAATTTGGTAAGTTTTGCCGGGCTGCTATTTCGATCCAATTCATCACGCGCTACGCTTCTTGGTGGCGTGGTAAGACTCCCCGATCACGCGTGGGACGATATTTCTGACGCCTCTGCGCAGCTGGGTCTTCCTGTCTTGTATCATCCCTGATCTCTGTGCTGAGACTAGCAGGTCAGGAGAGTTTAATGCACTCAACCTCAGTGCCTCGCCAACATCCCAGCTAAAAAAGGGAATTTGGCAGTAGGTGGTAGGCGATAGTGGTGCGATTGCGTCAGGTGCGCGACTCAATCAGTGTTGAACCGATACTGGAGACTGACTTAGAGATCTTCTCTTATTACCCCTCGTATACTCGTATTGTAAGTTTCTTCTCACATATTTGCTCTCATATTGCCCCCAGTCACAAGGACGCGCTGTAGTCGTTTAGTGCCTAGAGGCCACGAACCCTCGAATAGATTCTCACCCGTTATAAGTCCAGGCATGTACTGAGTCGTTGGACCGAAGAGAAAAGCACGATAGAAATCCGGTAGGC,933,50.91,Caenorhabditis elegans
SEQ_587256,GGTATGAGGGCGGCACATAGTTTCGAAACAACATTACTTTGGTAGCGATCTCGACGGTACAGTACGGCTGAGGGGCGGACCTATCCCATCTTGGCCGGACGCACTAGGGAACGGCAGGGTAGGATATCCGATCCTTAGTGGAGATTAGTACCACTTCCATTGGATTTTTTCGAATCAAGCGGATATGGCTTCGCTCAAGGTAGGCTGGGCTTCGAACATCGGCTAGTTATTAGCCCGAGCCGTTTTTCAGGGAACCTCCGGGATGTTGCAGCCTCACCGGCGTAGGATACGGTACTACACTCAAGTATAACACCGCTTTTGTATATTATGCAAAGGCAGTCAGAGGCAGCGTTGAACAGCGCGGTGCAGGGCGACTGGCAACTCGTTTCGTTGTGTTACCTGCCCCTGAGATGGTCCTGTACGAGGACCAACCTTTAGACTATACTGAATCCACTGCCGACTTTAGCCTTTCTGGGGCAAGCGATAACGATGCGACCCAGGGTTGGGTTGTTTTATTGTACAAACTCTGCGGGCGCAATCCACCTGCTCAATCATGCCTAGGAAGGAAGAAGGTCACCGGCAGGCCGCCCTAATCGACCATCGGCTCGGCGGGACCTCTTCTTTGTCTCCACAATGGCAAACCGTGCGGGTTCTACTGCAAGGAGGGAGACAATCATAGAATGGGGCCACTGATGTATAGTGGCCCATCTGAGCAGGGTCATCACAGGAGAACCTGCCTTGGGGCCCCAACGTCACCGCTGAATTATCAGACAGAGTTAATTCATGTTGGACGCAATTGCACCGAACAAAAAAGTAGCTGCGTTGTTGGTGAAGATTCAGGATTCAGTTCGCTTTCAAGAGATGGTTGAAGGAAAAACGCATAAGAAAGCGTGTGGTCTCTCGGACTAGATCTTCAATGGGGAGACTGCCCAAGATGACGTAAACGATGCGTATGATTTTCTAAGGACGAATAAATGTAGAATGCGCTCGATGTGACAGACTATCTCATCGGGTCCGGTGCAGAGCGCATTCCATCCTAATTGAGTGGAGCATGCTGCGCTCCTATCTCGCGAAAGAACGCTTCTTCCTAAAGGTCGTTTGGGTATGAGAGCCCGTGTTTCGTTGACATGAATCTGCCTATCGAGGTTTAAGAGCCGGCGCCGATCTTTTTCTGTGCTTAGTCGTGGGTTCCGCTCAGCTCCACGTAATCATTCATAACGTGTACCTTCGGATGGACGGGGACAGTCGTTCCTATCACAGAGGTGCAGCACGTCGTTTCTTCTGTTAAGATCCCTGTCATCCTCTAATCGTTTCATATCTACGCAGATCTTAATTTTTCCATTATGGCAGCT,1352,50.52,Saccharomyces cerevisiae
SEQ_657526,ACTTGCCAGTAAGGACACCACAGATCTTGTAAGCAAATAGCTACAGAGCATCTCTGACATCCCCGAATGCATTTAGCAAGCGCGCTGAGAAGGCACGGCACAACTGAGTTGATGCGACCTCCACGCGATTAACACTACATATGAGAAAGAGGCGTCCCACTCAAGCCGGTCCTCTTCCGGCTTGACGACAGTCCTAGGATACACGGTGTAGAGTGGACTTATTTCGCTAGCATTATGCCTCCAATAGCCTTCCCTGTACTTCTTCTGCGGACGGGGACGATGAGAAGGCCTAACCGGTACCATTTCGTGATCGGCGTGCCCTGCTCTGAGTTAAGGCTCAGGCGTACTAGTAGTCCCTGACCTGCACACCTGCACGCAACCAAGCTCCCGTGGAGTATTCACTAGTATTGGGGCTCGTGTTTAAACCGCCTCACGGAATCCAATGCAGAGGAAGGTCAGTGACGTCTTCCGTCCACCCTACGGATAATGGGTTCCACGTGAAGTACTTAGGAAAATCGTTCTTGCAGGGACGTGGTGGGGGTGAGTTTAACCAAAACTGTGCGCCGCGCTAGACACAACACGCGGTCCCAATGGAAGAGTAGTATCGTGGCTCGATGGGTTCCTTAACCTCTCCATATCAAAGATGTTACCCGATGGCATCTAGAAATCCTGTACAACCTTTTCCGCTGCTGTCTCTGATCGCACGAAGAGTTCAGAAGAAATCGAGGGGGGAATGCCGAGGGGATGAAAGGCATCCAGGTGGGCCTTACCCTACCCGCCGGCGACTCCCAACCTCCTATAATGAGTGAGAACCTTGTAGATTTTTTAACGTACCTCTTGACATATCGAATCACTGACCCAGATACATGCCCAGACTATCGGTGATTCACACCTGTTCTCACCCTTAGTTTCGGAAGTCAAGAGCGCCTCAATTAATCATATTGTTGTCCCCAGATAGTAATTAGACGAGTATACTAAGGGGAGAGTGAAGCAGCTCGGTCGGAATCTTAAGCATGTACATGCGCAACACGACTATCTGATGGTTAGGTCTGGCCGGTCTTAAGGAGCAAAGTTGCGCGCTTTGCGAACTCGAACGTCTTTTCATAAGCGTAGCGGCACTCAGTTGGTACTTCACTTGTTGGGTCCTGCTTTAGGCTGACATATCGCTCTCGCTTTATCATATCCTAGCGCTGAATCTTCAGCAACCACCGGCAATCCGTTATGAATCCATATATACCATACCAACATACTAAGCTTTTCAATAGCCTATAGCAGGAGGGAAAATCGCTCTATTCGTGGTCGCCTCAGTATCCTCGCCCTCACGACCGTTGACCAGACTAGACAGTTA,1348,50.07,Saccharomyces cerevisiae
SEQ_190347,GTGATAATGACGGGCCGTTCGACCGAAATATCGCCCGGTCATTAAAAACGGGAATAATCACTCACAACAAATGTTGAGGCGTGGAAAAGAAATGCGTGCATGGCTAATCCGCTAGCACCTCAATGACTATTTTGTGGAGAAAGCTCGCGATGCAATGGGGTAACGAGGGTCATATGGCAGAATCAATTCATAGTGAGGGTCCGTACTCTAGCAAACGGTGGCGTAGTGGCGTTGGCTTACTCACAGAGACACGATCGTTGAAGCCACCGTCATCGGCCATACAACTGTTGCACCCGCCGAAAAACGGATTTCCAGCCCAGCATGTCCTAGAATGGTGACTTTTTTGCTCACAAACTTTGCTTATGCGTGATGTTCAACATATTCGATGAGCCAGATCAGCTCGGGCGTACGCGCACCGATAGCAGTAAGCACAGAATCATATCCAAGGGCGTGTTGCTGTTACTACTATCGTACACCGGATATAATCTGGACCCTGATTCTGGTTCTTATTCCGGCAGCTTCCTAGACAATATAGTGATCCCAGGAGCTAGCAGAGGATATCGCATCCTGAAACTTCTCCAGCTTGCTGGTTCTCCGGGGTCGCGAGGAAAGACCGAAAAGAAATAGAAACCATCTCGTCACAGTTCCGGGCCTCAAGAAGTATCCAAATTAGATCGAGAGGCACCGAGGTTTGCAGTGAGAAGTTCACTTCGCCCAATTTTACTGCCTTGGAACACTCGATGTTTAGCCGAGTGAGATCTCGGCCCAAAAGCAACACAACGAGAATGGAAGCGGCCCCGTAGGAAGAACAGTAATGTGCCCCCAAACGCAGCCGTTCCCGTCCCACAGAAAAACCCACGGCACTTGTTGAGAATGTTTAGGCTATTTTTGCTTCACCGTACCTCGTACGTGTTCACCTACTGAGTTGCGATCGGATGCCTGCGTATGCGTCCGGTCAACGAAACTTCTCTCTTACACATGATGTTCATGTAGTTATTCGCTTGCTTAGAATTTGGACTTGAAAATTCCCCCTAGTCGTCATGACTGGGCTCTTAGCATGGATATCTTAGTAGTCGCAGGCTCTCGCATAGAAAATTGCCTCTGTACGCCCGATGTGAGAGTACTGACATTCAATAAGAATGAGGGGAATTCATCCGGTTCCGAAATAGTTGATATGAGTCAGCGAGAGGTGATTAGAACGTGTCACCTGACCCCGGAATCATTTTTCGTCATTAGGTCCGAAGACTAACCTCGCACCAGTGTCTCATCGAGGCCCTACAGGGAACTCGACCGGATGACCAGGAACATCTTGCGCGATTTGGAGATTGATACTCAACCTACCCTCTCGTAACGCGACCCTGGAAATCAATTATTTGTGTCCTACTTCGACAATGTTATATAGCTAGGGTATCTGAAGGCAGGACGTCCATGTCGGCTCGTCTATTGGTGGACCTGTAAACACGGTAACTCCCTTTCCAGGGAGATTTTTTGGGATG,1496,48.53,Saccharomyces cerevisiae
SEQ_513975,CCGTAACTTTGCTTCCGCGGAGAGAGGACGTCAACAGGTGTTGCCATGGATTGAGGACGTGCCGGATGATCGTGGGCTGAACGGATGGTGCCACCAAATTAGCGGCGACAAGTAAGACGAAGACGTATACAACAAACATCCACGTGGTATTTGGAGACCTCCAGAGGGCCGGAAAACATCAGGCCGAGGCTGCGCTCAGCTCCCGACGTATCAGTGGCCGGGGACCACCTGTACCTTCATTCGTAAATGTCTGTCCGTTGAATTGATTAAATAATGGTCTAAAGGCTCATCTTGGCATCATCGCCATGCTGACCAGAACTCCGTCTAAGCCGGATCGTCCGTTTACATCCCTTAATGTAGGCAAGATGACCGCGCAAGCCGGGCCAGTGCCGCCGTACCTCTGTGTCGTTAGACTCCCTGAATGTCGAATGCTGTACACGGCCTGTAGAATGTCGGGGTTTAAGAAAGTGTTAACGGGAACTAGTCCATATTATCGGGTGTTCATAATAAGTTACCACCACGATCGTGTCCTGTCGCAAGTTTATGTTGGGCGCCAGGATGGGTCCTGGAAACGGCCATCTTGCCCCCATGGGTAAAGCACGTTATCCTCTCCATCGGCGGTTCGTATTTTCTCCTTATGTGTAAGACTAAGCTTCTCGACGTCTGGGTCTTCTGCCCGCAGATTTGAACCTCCGTTGCCTAGAGATAAGAGCGATCAGAAGTGAAATTTGGCTCCCTGGCCAGTTGGTCATCGGAATTTTGATATTAGTAGCTCTTTGCGATGCCCGGAGACTTTCCTCTCAGAGCAGACATTCGAACGACGCCTACGTCCACCTGATTCGTTACGTTTATACAAACAATAGCTACATTCCTCTGACATCTCGGTTCAGGCGAAGACGCGTCGGTGTTTGAGGTCGCCAAGGATCCACGCTGTCCCGAGGGTCTTACGTCGCCGTCCCCGAGCCTCCAACCTCAGGGGAATGTCGCGAGCCTAGTATGAACTGAGGGTCTCGCGGCCAAGTACGAGCTGACTGTCTGGACCCAAGCTTAAGGCACAAGGCGAATTTAAAGCAAAGATGTGCAATATCTATTCTAAACAAACTTCTCTCAGCACGCAATACACTGGAGGACCATCTGCTACGGCACCGCGGCGCTTGATAAGCGAGTTTCCCCTACCGACATCACCTAATTTCTGTACTAACGCCGGGCACGCCACATCGACTAGAATCCGAACGCGCAGTCTCATGAACTTAGTTACATGTCGTTACGCATCCTCGGAGGGATCGGCAGGATCCGGTGGAGTGTGTTCTGTATCGTCTCAATCAGGTTCGATAACTCGTAAAAAGTCACCCTAACCAGGGCGCAAGGAGGTGTGTTTTATGAGGAACCTTTGCGAAACCTTTTATATTCCTCTTGAGTTTTCCCCGTACAACAAGACCCGAATTTCCTGTATACACTCGTTATGATTACGGCCCCGTAGAATTTATTCTAAAGTAATCCAACCAATCGTTTGTCTTCTATCGCCTAAAGGCACAATCAGAAAGAGAGCCATACTTCCCGCCTCCCGGTTAGGCGTGTAGGGATATTTCATTACATGCAGTATCCCGATCACATAAGAATAGGTTTTGCCGGTCTTAAGTAAGAACCCAGAGAATGGTTATGTTCGCGCCGGTATCTG,1678,50.3,Escherichia coli
SEQ_893559,CTTTTCCTATGGAGGCGGTTTGTGAGTATAACATAATTCCATGCTTTTGACGGTAGAACAGGATATATCTCAACCGGCCAACTTAGATGATACCTATTCTCGGGCGACCTGTATCAAGCCCGGTCTCAGCTACTTTGGCTTCTGCGAATCGAGAAAAATGGTGAGAATTTTCCTCATTAGGGTTATCCCGCCGTTCGTGTAAAGGCTTTCTCACTGAAACCTCCTAGACACTGGTAGGAAGTTCGCCAGGTACATCAGGTCAAGGTTGTTTTTCACCCAACATCTAAAAACCTTACGGGAGGTACGGCATCTCCAACTACTTATGCAGTCGGCATTCCGTAATACTGGCTAGAAGTATCTGTATAACCGTCTCGCAGCGACGCACCTCATGACCAGCAGGAAACTACAGGACCACGATTCTGTGCACCTACATAGTACAGAGCAATATTTATCCCAACGACGATTGCCACGTCATGGACTCCAAACTCGGATGTTGCCATAGATCCTAGCGCTGTATCAACTATTTGCCCTTGAAGGGGATATGGTTCGCATAGTCCTAATAAGGTCCCTCGACTTCAAAGCGCGAGCTGCTAAGCGCCGTTTTTTTATGGTAAGGTATGCTCTCGGGACAGCTGCGCAGGAGCACTTTGGGATCGGACCGAACCGAGGCGTTATAATTCCCATCGGGGAGGGACGGTTGACTGTCCTGACTTCAGACTTGCAGCTTTACCGATAAAAGCGTGAATCACTCTTGACGTAAGGTGACGCGGGACAACAGCTTTGTGAGGCTCAACATCGATGTATTGGCAAGAGCAGGCCGTAAATGAACAAGCCCGAGTGACTCTGCTGGCGGGCCGCAGGATGGCAAGTTGGTATTTTACGAAACACGCGACTCTGCGAGAAAGTATGAACGATAACGCGATTAAATAGCAGCCGCGCAGCCACCCCTATAAAATACCTGACGTGAAACC,971,48.92,Mus musculus
SEQ_402440,GCGGCGCGTCATTGTTGTCTCGCAGACACGCCGCCTCGATCTAATAGCACACCGATTGCGTCGTTAGGTACGCGGTGTTTGTGGAAGAATTTCGCGTAGCATGATTTTTCTGTTCCTAAGAACGAAATATGCCTTCCTTCGTCACTAAGCTCGGAAGATTCCCGCTAGTGAGGGAAATTGCTCTCTGAGCGGTGTTATGCGGACCTGACGCTAGCATAAAAGGCGCATTCACTGGAACGCGCTCTTTTCGACGTTGGGCCTACAATAAACTCGCACGGGCCCGGTAGCTCCGATCAGTACGCGCATGCAGGCAGGATCCATCGACCGGGAAATTGCGCCAACTTTCACCGTCAAGTGCTCGCATGACGCATAACTCCGGAGCGATGTCGTCGCGATACCGTGTTGTCGCAGGATCTACTAACAGCACATGGTAACGCGTGCTGATTCCGGAAGTTCTCGTTGCCCTAATGGCTGGGATGTGACCACCTTCACGGAAGGATCGAGAGGGCTACTCATAAAATCCTCGCGGGTACGGTCGTATGGCTTGGATACCCCGGACATCTCCACGTGCTGGACTCCCTGGAGAACCGCACTGAATGACGGTTGAAAGCTGGTTTACTAACCCCTTCGGCTATCACGCGGGTTTTCTGACATGGCCATGCTCATGACGGCGGGAGGGCCAACTCGAGCGGTTAAAGAGCAGGGCACATAGGGAGCGGGGTCATTGAGAGGGTAGTTATCCAGATTACGAAGGAGTCCCGGCAGCCGGTGCTGAAACGGTAAAGAGTTGCAATCCCCGAGTGTATTGAAGCTACGAATAATAAGAACTGATCTAGAGGAGTCCTCCTGTTCTCTTTATCCCAATTGAATGTCAATCAATGGGCGAGTATGAAAGGGTATCCGGTACAGCAGTGTTACGAAACGACCCGCGAATTGTAGAAATTCGTATCACCTAACTTACACGTGTTCCCTGTAGGATCCGGACCCGTGAACCTGTAAGTAACTGACCAGAACCTGGGTTCCCGGTACGCAACACATCGCCACGATCAGTCAGCAATCGCACTAACCGTGTGGATTCCGGATCGTAAACATGCCTTTGGAACACTGCCTGTTGGTCGGTTCACGGTAAGCAAAACCTACTAAGTTATTTATCACAAGGACCCTACTACAAGCCCGGTGTGCCCATTCCCTTCGAAAGATTCATGCCATAAACGCACCCAGGTACAGCACCTCCACTCGAGAAAACCTCGGGTGGTAAAAGGTACTTCACGAGCTGAGCTCAATATCCGAAGAACGCTGGGATGTGTGAACAACTTCGCTCTTAAAGTCTTCAGCTGCGCGTGAGGAATCATCAAGCCCCGTGAGGCCTGGACGCGAGGCATTTACGCTGTAGTAGACGACAGGGTCCTCTGCCTTTATATCGCAAGAACGCATCGACTGCCTGGACCACGCCCAGATCAAACCACCGGTCCTATCGGACTATTTAGACTATGCAGCAACACGGATTGCAAGTATTGATTACAAATGGCCGCACGATTACGTACGCCTCTGCACTTGCAAGTGATATCGCCATATCGGCATGGCGCTCTGCTCACTGTATCGGGACACCTGCAACCACTATCAATCGACAAGCGTGGTGACCATCCGTACATGGATACTAATTATCGTGTTCACCGCGGCTCCGGCTCCCGCATGATCGGCTGGGAATTAAGGAGTGAGCTGTCCGTCGGCCCGGTCTAGTTGCTGGACTCATGGAGGGATTAGACTCGGCCCGACTAGTGAGCACTTCACTGCTAATCAACTATTTTGACCATACTCGGA,1821,52.28,Drosophila melanogaster
SEQ_181624,GTATTTATCTCATGAGTGGGTTGATGGCACCTAATGACTTCCTGTACTAGGTCGGCCTGGTCAACTAGTGAACTGGCCTTGCAACACGTTTCCAGTTTACACTCGACAAACGTCCTTACAAGGTTTTCATATCTAGCTTTTTTACTGTCCGCTTGTAATGTCGTCGGCTGAAGGAGAGGTGAGGGACCGGCGCTGCTGGCGCGATATGGTGAGTAGCATGGGATAACGGTCCCTATGTCTCCTATTACTATGAATGCATCGGGTAGACGGTTCCCTCCAATTCTATGGTCATTGCGACGTGAGCGGTATATTAAAGAATACCTTTGAGGACCCAAACTCTGAGTTAAGCTCGGTTTATGCATTTTCAACATCATTGTCTGCACTCTCCATGAGCCTGACTGTGTCTACGCTGAAGTCGTCCACGTGTGACCGCCCGGGGCCGGACATGTTTCATGCTATCGGTTCTAAACCCCATATTGGACTCGTCGTGGGGATCCAGTAGTTGGCAGCTTAAACGCAAACAGGATATCCTGACTTCATAATAATGGCAAAATACTGCAAATTGCATGACGCCAGTCAGCAATGGCCCTATGGATAAAGATTGTGAATCCGCCGCAAGGCCTTAGCTGGAACAGAGAAAGCGCGGCAGAATATAAAAGCTTCAATCCCCCCTATGCGACGTTCACAGCTAGACGCACTATCAAGCGGCGACTAAGCTAAATAATAATTTCGTTCTTCCAACGAGCGCGCACCGGTGCCTCTCCCACACGTGATGCACTTCACGGTAGACGCACGGAATAAGCTCGCCTTGCTCCCCAGCGTCCAATTTTTATGCTAAGCATTGAACCGAATATTAGCTAACGTTTAATCATATCCCCTTGTGATCCATTGCAATCAAACTGCAGACGAGGCTGTACTGCAATTGACACGTCAGTTAACATTCGTTCATCTGTACAAGTATCAGTGAGAGTGACTAATGTTCAGGTAAGGCCCGAACCAAGTACCTTCAACTACGTCGGACAGGAATCGCGTGACTACAATGCCTTATCACCATGCGTAGTATCTGGTACTGAGACGTCCGTCGACCAGAAGCGCGTCTGGGTGAATTGTCTTATGCGCTATATGCCCCGAGCTTCGAAGAGCTGAGGCCCATGGTAGTGATAATAGTTCCCGCAGGGGGTCTATAAGCGAGCTCGACGCATGGATGCTATTAGTTATAACATTAAGGACATTCACTTGCAAATCAAACTGGGATGTCGAGAGGGTGGGACCCGCACCGGCGGCGCAGTGTCACACGACGGAAAGCCCTTATATAGTAGCCAGGGGTCGCATATGGACTATAAAACCGTGTCGCCCCTAGTGCGCGATCGCAGCAACCGCTTGATCTATATACGCCGTGACAAAGCGGCACAAGTGAATGCATCAATATCTCTCTTCACTGTCATGGCTGAGCGATCTCCATACCGAAAGGTCATGACTGCTCCACTCTAGGCATCCGAAGAGGAGCTATATGGGAAAGCCAAACATAGCCAACGTAATAGCTCAATGTGGTTCAGGATTGACAATAGAGTAACATGTTAACGATTTGGCCGCATGATGGTGCTGAGTAAAAGACAGAATCTACGTTTTGAGAGCAACTGTAAGCTTCAAGTGGGTTTGAAAGTGGGCGTGGTTCTAACTGGGGCGGCTGCGATCTGCTTCCTTCTACCACTGGGTTTGTAACGATACATTTCTTATAAACACATGCAGCCCTACAACAAATATGCTTTTAGTTTGCTATTCCTCCCAACCTACAGCCGCGGCGGGTCTGCCAATAAATTTAGAATCTGACAGCAGAGTTGTGACTCAAGGCCTGCCTGCACGGGCGGAAAAGACAGAAGTATTACG,1887,48.38,Arabidopsis thaliana
SEQ_771609,AAGTTCAGACCGGTTTTCTGTGCGCTATGAATAGCCGGCTGCTGCTAGGCGTCACGAAGCAGTCGGCACCGTGGAAGTTCCTCCTCGCCCCGCCACGAAGCTTCCATTACGACGAGCGTTCCCAACCTACAGGTATCTTCTAGATCTGCCAAGATAAGAAGCCCTGACGACTGAATGTGATGCCAGGCATTTTACTTCTAATTCCGACCATCTAATATATGAAACTTCGTTATCTAGTTCTACCTTCAAGGGGGGAGATCACGACAGACCTGAGTTCTAGGACTCCAAGACGGGACTATGAGAGTGCGCGGACCTCTTTCGTTCACACGGTCGCCAACGCCTCATCTCGGCCGTGACCAAGGTACGGGATTTACTTTGGTTAGGTTAGGACCGGTCTGCTCGGTAATACCAGCAAGCACATGAGCATTGTCCCCCTATCTCTCATAGAGGGATGTCTCTTATGGAAGAAAAGTGAGCCCTGCTTCACAACTTCACTAGGCGCGGTTATACCTTGCTACAGGGTCCTACGGTCATCATGCTCCTGCCTGTGAAGGCCGCAATGGACTTTGTGACCTGTGAGCCACTCATCAGAAGACTATCCGGGATCAGGCTACGCACGTTTGTATTATACGCACAGTGCTCCCAAACAGCC,652,51.69,Escherichia coli
SEQ_918583,CGTACCAACCGGCAAATTGCAAATAATCGCGTCTTCGGTGGGAGTCAGTATACGCCAACTCAGCAGGGTCCAGTTTCCCTCTACTTCCACGAGTTGAAAACAACTTACCAAGTAAGCAGCACAGTATAATTCGCCAAACATGTTTCGCTAGGGATAGAACACTAGGTTGCATGGAAAAAATAGTATTGTGGCTACACATCCCCACAAGGTTGTGGCCGC,219,47.03,Homo sapiens
SEQ_364255,CTGTTCGACTGCAGTAAATCAGAACCTAAGTAGGTCTACAAGTGAAGATCCCTGCTAAGACTCTCTACCCTCTCTGAGGACCCGAAGGCCATGCAGGAACGTCGACGTACGCGTGTGCACCCGGAATGTGCCTTAACATCTCCTACCGCACATGTTGTCCAAGCCGTAAATGTTTTTACTAGCTGTGCCCCCAGGTTGTCCACACGCCAAGAGTTAACATAATAGTAGCGAAGAACTTCTGAGGTACGAGG,251,50.2,Saccharomyces cerevisiae
SEQ_964095,TTTTCGCCACCCACTAATACGGGTTGCGTTACGACAGACTTCTCGATTCAAGCCAACTCAAAGTTCTACCTACCGACTTGTTGAAGCTCGGAGCCGTTTTTTCCAAGAGATGCATATAGAGGATTATTGGGGCGAAAAAAGGTACCGTCACCCCCGCTGCCACATAGTGCACTGAGTCGTAGCGTCTTACATCCATCCGAGGTTCAGAAAGGCCGAGCCGGCGCTATCACTGCTGGACCGGTGAAAAGTCGCATCGCCCCATGCCTGTGAACTAATCACCACTTTTGTGGTCAAGCCCCGTAATGGTCCGTCGAGATGGTTGGCTGAACAGTTTGTGCGTAAGCTTATGTCCACTTACATC,361,50.97,Drosophila melanogaster
SEQ_609751,GCAAACGTCGTTAATGGGGACGCGAGACTTCACGATCTCCCAACGATGTATGATTTAGCCTAAAACCTAACGACCAACTTCGCCCGTGTGAGAAGCATTTGATTATAAGATCATGTTTGTCTCGTGCGTAATGGCACACGCCAATTCCCCCAACAACCCGTAAGTGAACCCTCCATACTTCGGTCAACTGATCTATACGAAAGGCCTTGTCACTCTCACCTACACGCCGTCTGAGGCATCTTACGCAGTCCACTCACCGTTGTCCCGATTGGATAGTGTTCAGCTTCTTCCCCTATCGTCTTGCAGACGTTACCCGCAGAATCAGCAGTATACTAATATGCCGACACCAGCCTCAGTGACGAGCTCTAACACCCTTGGCGGCGCCTGGCCCTCGGAAGGATGATACCGTATTTTTCCTGACGACGCGAGACTCGATTCGCCAGCCTGCCCCAGCGTGGTTTGACGGATTCCATGTCTCCGACCGTTCCCTAGTTGATCAAGTAAAGTCGTATATACTGCTCTTTCAGACTCGGCTTAAGAGGCTTATTAGAGCGGGGTGCCATAGCAATACCCAAATATTCTACCTTAACTCGCCTGGCCAGTCGCTTGGAGATCGCCTCTCGTTGGGTTACATCTTTTACATCCAACGTATGGTCATCGCGTTGACGTAATCGCTTGGTACAAGTGACTTGCAAAGGTAGTAGGTTGGGAGCTGTGACCAACGTGTCGATCTCATAGCAGAAGTAAACCCTTTTTCGCGACGGTCTCTATATGTAGATGGATCAGCTCGCGAGTAGAGAGGTCCCAGAAATCCATCTCCCAAGCAGCCACGGCTCGGCTCGACTAGCACGTTCACCTACGTTTTCAGAACGCCATGGCACTCGCTCACGTCCGTCCCCCCTGAGAGAATGACTACGCGATTAGGCCGTTTACGGACTCTCAGTAGCCAACTCGCCACCAGGGCGAGTCTGTCCCCGAACTCGAACCCGGGCCTAGTACGACCTTCTAATATAACGAAGCAGAGAGCTCCTCCTTCGTCATCGTCGATATGCCAGGTCTACAGATTGGGATCGAAAAACTTCTCGTTATCCCGGTACTTATACTATATTCTACTAGGGGATCATCCATCGCCAGACGTTTGGTGTGAAGTTATGCGTACGTATGTGTTAGAGTCGAGGAGGGCTACGCAGTAGCTTAGACAACCCCCCGAAGCCGTCGGTTGGGGTGTCTCGCCCGGGCTAGTAACTGGGTGCCAATCGGGTTCATTTCCTGACTTGATGGGAGCACAAGTGAGAATCATTAGCAGTCGGCTGCAGGTTATCTTTAATGAAACTCTCTGTCAGTGGTAATCACTATCTCACGAATCTAATAGCCGCACCGTTTTGTTTCCCATAGGGAACTGGGCGGGTAGTTTTGACCTGTCAGTACTAGCCGGCAAGAGCTCCGTCAGATCTGAGTGATGTACGTGGACAAACGGCGCCCTGAGGTAGTCACTAGCAAGGAAGGGAGGCTTGATTGCCGAGTCACATATTCACGAAGCCCAATGTCATGACTTAAC,1558,51.16,Drosophila melanogaster
SEQ_371589,CAGGAGCCAGGTCAGAACAGGATTACACCGTTGCCATTCGAGAGAATAGATTCGTGTAGTGTGATGTCCTGTAGCTAACGTGCAGTGGCCACATGCGCCATTGCTGTTCCTACAACTCGGTTGTGGTAAGATAGCCTCGGAGCTCTTCTGTACGGGCTAGATGCCGGCAGGGTGTTACAGTAGTTTATACTATCCATAGCCCAACGAGTTCATTAAACGGTGTGGCCTGGTACACTGGTCTAGGACATCACCCGCGATAGAAAAAGACGGTCCGACTGGTTGCCTTCCTCCGTACAACTCTCGTGAGGCTCCAACCAACAAGTCCACGGTAAGACGCGCTGTCCGATAAATTCTATACAGCTACCTTCGCGACAAAGAATTTTCTCTATAGTTTTAGCAGTGATGTTT,408,49.26,Escherichia coli
SEQ_310364,TTTCGAGCTTCTAGTTGTTCATCAAAACATTGCCCTCACGCTTCGGCCACAACATAGTGACATTCAAAGGCGAGATATCTCAGCGAACTGCCCCAGTGGCTGGGATTGCCGGGACAGAGGCGGAGCTTGACTAATGTAACCCACCTCAAATGTGCTACCCGTACTGCGGCGCCGCCCCACTATCAGACTGGGAGTCAGCTCCGCTAAGATAACGAAGTTTCTGTCAGGGTTATGCGTCACACACAGCTCCCCCTATCGTCATCTTCCCCGTAACGCTGCCGTGGCCTGAAGGGAGCGAGATCGAAATACCTCTCACGACGGCGAGTTAATGTGTCTTCCTGCAATAACCTACCCTTAATAGGACAGCCGCTAAGTGGGTAGAGGTCTTACGGTCAGTCTTTTCTGCACGCTCGAACACATAGTGACACGATGACCCCTAGTCGATACATCTCAGGTCTGATAAGCGCTGGGGGTACCTCGAACTGTAAATCCTCAAGCGGCCAAACTGACGAAGAACCTCATTACGGCATGGGGTGTGTCCTCATAGCGGGCTTATGTTGCCTTATCGTCCGAACAAAGAACATCGTTCAGTACTTCATCCTGTGTGGATCATATAAAGTTGCTTAGCTTAACTCTAGATGCCCACCGGTTTAACGTTCCACTGACAATGTCATAGGTTCCATCTCAAGTAGGACGGGTGGTGCGAACGACTTGCCCTTGGCAGGCATTCATAGTGGGACTTCTGAGCGGCAGGGCTGTGTCAGTAGTGATGGAG,775,51.61,Escherichia coli
SEQ_926328,CTGACACTTACGTATCCGTACTGAATTTCCTACAATGGTTGGGCAATCGTGAGGCGGCTAGCCCTGAGCGATCAGTTTCCGTGTAGAATTCTAGGATCCAGGAGTAGTAGCTCTAGTGCGTCTGGCCATGAACTGGTTTTTGTGAATGAAATGAGGTTTGATGCTCGTGGGTGACCAGCTAGATAAGAACTCAAACAGCGTTCCCATATAGAACACGAATGCGGATCGAAGTCTCCGGTTATTCGGGCGCGCAATATCCCGCGGTTAGAATGTTCTCGAGGGTACACGAACCCGGGACGTAATCTTGGTGACCCTAAGCTATCTGAACCGGCCGTGTGTTGCGGACGCTAAGAGCTCTCAGTCTAGCCCCGGTTCGACCTTATACCACCCGCCTCCATGGTTCATCTGCTAAGGCTATCGTAAAAAGTCGCAGAACCCAATAAGCCCGCCCCCACAACTGGGCGTACCTCATCTATTCGGCCATCGTAGGGAACTACGAGAGGGAGTTGGTTTTACCAATTCACGGGCCAGCGGTACGCACGTATTTTTTGTAGAGATAACCAGCACTGTAAACGCCCGACTCTCGCATGATGTCTGACGTCTCTAGACAGGCAAACCTGTGATAGTCGTCGAGTGTACTCCTATAAATGCGATTTGTGTACGAGCTGTGGAATGGGACTATATAACGATCAGCTAACGAGGCT,704,50.57,Saccharomyces cerevisiae
SEQ_251092,TGCCGTATGTAGCGTCTCGCCCGCATTTGGATGTTAAGACTTGCAATCCAAGGCTACACTGAAAGGCGAACAGTGCCTGACCTTTCTCGTGCCAAAATTCGATGCTGTACACTGAATTTGCCGCGAAAATCGTCTCTCAAGTCCTGCCATTGCTGGTCCTTGTCCCGACCATTCAATTTGTATCGTTCGGTTGTATCTTCATCCAATAACAGCCTTGACCCCGGGATGTATCCTTACCAGTGGATCTCAAAGGCTTAGTTAAACCAATATGCCCTGGGTGCGACTCATGGACTGTTGTACTCACATCGGGTCTCGAATAATGCCACAGGTATTGTTCGACAAGAACGGTAATGGTCCGAGTTAATGCACGCAAACAGCACCATAAGAGTAAGACGGTTAGATTATCTCTCGTGACCATCCGAATGCTCCTTAAGCCGTCAGACTCACAAACTACGCCGAAGCTTGCTCATGTCTTTTATGTGCTTCCTGACGGAGCAAGTAACTACTAATCAAACAAACAGAATCCTGCATAAGGGAGTGGCTGCGTAGCCCGCGATAAAGACCTAGCTTTTGGACTCGCAACTACTCAATAATGACTCACAACAGTTAACGTGCCTATACTTGGTAATGGCCTACCCATGTGACTTGGACAGTTGACAAAATGATTAGGGCATCGGGTGGTTCAGTTTCAGAACTTGTAACCCAAAAGCGTGGGTTAGAACTGCATCCCAGCGTCTAATCAGTGTGTGCCTTAGACGAATTCTGGTTTGGATCGAGAATGATAAAGTGAACGAAGAGGGTATAGCGCAACGCTAAAAGCTTGCTTAGACTTGATCATACGATACCGATCACGTTAGGGCCTATTTTGCTATATTACGCCGATTTGCCAAGTGCGGCATGACGTCCCGGAAACGACTCAACCCTGTGCTTCGGTGTCACAGTAAGTGGCCATGGATGCATGGCCCCAGTCGCATTGAACGCGGTTTTACCCCCACGGCGCCCACCATAGAACTGCATGAAGAGCAACAGCCCTCCCTCGCGTTGATGCGCATATCTGCGATCGCGTAATTGCTATTGGAAAATGGTCAGCTCTCATTCTGCTGGGGGTATGCGGGGACGCCTGGGACCTAGCGTTTTCACGCGAGTCGATCGGGAATTCTGCGACAATTCA,1171,48.76,Escherichia coli
SEQ_886404,CGGGACAATGTCCACACGTCTCACGAAGGGTCTATTCAGCGGAGAATTTATGAGCACACCGGCCACCGCAAGATTTCAGGCCGAGTTGTGTTATGGTGGGACGCTTCCCATGCTGGATGTGTGTGAAGTCGAGCATGCATTCCACGTTCTCCTAGCGCACTTCGTCCAGCACTAATCGAAAACGATGGAAATTTATAGTCGGTCGCCGTATGTACTTTTGGGCAGTTACTCGGCCTGCTGTCGTGTTTCGTCGCCACGCGAAAGGCTGCTTCTTCAGCTCGCGAAAGTGAGTACTGGGCTGTGAGAACAGTTCTCCGACCTCCCACCAGTAATGAATAGCCTCTACGAGAGCTGTTTCCAAGAAAGGGTTCCATGGTGCTTGATATTGCTCAGTGTTATATGTATCGATAATCGCTGCTCCAATTTTAATCTTTCTGGGCGTCGTATATCATTATACGTCCATCTACTAAATCGTACGGACTTCCCGAAGGCAGTCCTTACGATGAGGTCGTACATATGAATTCCTTATGGCAGAAAGCTTGTTTGGCCCAAGGTGGCCGGTAATCTTGAGATCGCAATAGCGCAAATTCGTGGACCGTGCTGGTCCAGCGCCCGCCCTAGTTTTCCAGGAATACGTGGAAATCCTCTGGCAGCAAAGCTAACGCATACAGTTGGAGAGAGTTAAGCCGGCACCGAATAAAATGTAGCGGATTCTACACAGTTTTCCGTCTTCCGCTCTATCTTGCCCGTACAAGAATGTTAGCAACAACAGGCTGAAGAGGCAGAACTAACCTTGCATGTAGGGTCCGGTTGGGGGAAATTTTCTAAATTGTAAACAACCGTATTTTCCGGTTTCTGATACCTGTCGGCAGCAGTTACGCGCTCATCAGATGACACAGCATCGGTGGCATTCTCGGCGAGGTACAATCTCCTCGTTTTTTAGTCCTTAGCCGCACAATGAGCATCATGCTAGCACTACGTTGATCTTAGAGACGGACAAGAATGA,1006,48.91,Homo sapiens
SEQ_282672,TTGGTAGTGTAAACCTTCTAAAAGAGGCCTGAATATTCGCTGATGCAATAGTGATGACTGCTTAAATCTATCCAGACGATTCTTAAACGACCTTCGGGATTATCACGACGACTTGACCGGGTCGAAGGGGACTCTCGTGATAAATCTCATGAATTTCGATTATAGACTTCTCGGACATCAATACGTAGAGCTGAAATTGTTGGTTTAGTATCGCATACCGCACGAAACAACTTTAAGGTACGTCTTGATTATCTCCGGATTTATGTTATCGTAGATAACCATTAACTCTTCTACCGGACCAACCCTGTCATAGGCTTGTGCGTTGCCAAGGAGGTGGGCACCGGAAGAGGTGCTACGACTACAGGTAGTATACGGATTAGTGCTGCAAGGGCATCAGGGATGAATACTATACCTAATCAACTTGTATCTGTTAGGGAGAGTGATAGGACTGATGCAGAAGTAACTCGTCACGTCTTGCGCCCGTCTTGTCGTTGATTTAATGGCCCCCTGGGCGAACAACTACTACTTGGGGTTAGACCCACTTACGCTCTAATTCGCTATATAGTCATGGTAGCTGGACTGAAGGAGCGGCACCCGAAAGCTTAAGCCAACTCTGAGCTGGGTTACTCGCGCGTGAATTGCCAATAGGTTGGCACACCATGAAACATTTACGTAAACGACTAACAGTACCAGATCCAGCAGGCATTTGCCCGTAAACTGACTGACTCAAGCGATTGCGTATTATTGGATAGCATGGGTAACCGTAGTACCATTAAGTGAAGAGGACGCGACCCGGATGACTACCTTAAATGTGAGTCTATATGCTCTTTGAGGGACAGTCTTCCTAGACTACATCACAACGCGGGCATAT,871,45.92,Drosophila melanogaster
SEQ_759688,GATTCATATGTTAGAGCTGCTATGATGTGCCTGAGACGCTACAGAGTATACGCACAAATACCTATGACAGTTACTCCATGAGTCGGATGATTAAGTCTTTCCCTAAGCACTTGCTTAACATGGGACAAATTGCGGACGGTCGAATTGTTTTTAGTATAGGATTGGAAAGAGTTACTATGGAGCGCCGGTGTGTGTCTCCCTGTCTGTTGTACTGTTATGTTTCGTGGATGTGACAGTGCGTGGCTCGACAAGTACGTTAAGGCACACCCTGGCAACCGGTATTTTCGTTGCAAGCACGGAGCTCCAGCATGGCGTTCGATTGCTCCAGCGGTTTTGCAGCTTATTAGTCTTTTGCCTTACTGGACTACTTTTGCTCGCGCCGTTCAAGAGAGAATCCCTGCAAGACAAGAACCCGCAGGTCCATTACCCCCCTCTCTTCGGATTTCTACAGGAGAGTTCCTCAGTGGGGGAATAGCCGGGCTAAGTCGGCGCCTATCGAAAATCGCAAGTAACGATGCCTCCGCTGATGTTGCAACAGTTAAGTTTCGTCTTTTATAAGGCCTGATCCCGTACGCAGCCCGCCGTACGAAGTACAAAGAGTGAAGTTCCAGGCGTGATGTAGGCCATCGCGAGGTATGGATCTGGGGGGGACCTGAGTAGCGTCAACAAGATAGTATGGGCTGATCGCGGCTTCAATCGGCGTGAAGGCCGGCAA,715,50.35,Drosophila melanogaster
SEQ_758912,AATCAATACCCTGGCCATGCTTGTCGTCTGCTCAATGTATATCATGGTCATGCCAATTTGACGCTTAAATGTGAGGCAAGTGACAGTTATGTAAAACAAGGGTGGTCCAAACTCAGTAATCCGGGTACTCCACGCAGCACCAGAGAAAAATCTTTTGGGAGTGTGGGGTGTATTAACAGTGGAAAAGCGGTGATCCCCGAGCGTCTTTTCGTCCGAGCGAGTTACGGCCTACGCCTTCATTACGACGCGCTCACCACTCGGAATTACCCCGCGTCTCCCTTTGAAACCGCGTGGCACAAAATGCTACCGGAGTGAATAGTGTTTTCGCCAATACTCAAAAAAGAATACTCAATCAGTTTTCCCAACAAGTTCCCGGCACGTATCCCAGACCCCTATTATTGCATCGAACACATTCTCGTAACGAATATTCTAATTGTCTCTCATGCGCCGTTCCTATTCCCCTAGCAGGAAAGATCGATAGCGTGCTCGGCTTATCGTGAGGAGTCACTAGCAAAGTGTCAATTACTTAAAATCCCCACCCGCACACGTCGTCCGAAATGAGTCTTCTGGTACCCCCTCGGGTCGAGACCACTTATTTTTAGGCGGCGAGGACCAGCCACGGGCACCCTACTCACAGGCCGGCACTGGTAGCAACGTCATAACATCACTATATCAGACCCGTTCTTGCCGGCAGGTTCGCCGAAGTAGGTTGTACTATGTCTACGCATAAGCGAGTTAACGTGCTCGTTCATTGGCTCGCACTAATTACAAAGCTTCGCAACTGACTGGCATAGACCGACGAAATCTCGTTCAATCTGTCCAGATTTAAGCCATTGGGCCGCCCGCGATGCAGCCGGAGCTAGCAACAGATACGAATCTTAGTAACTTAGCAACAGCGCCGTGACGGGCACTGTCGCCATGGGGTGGACCACATAGTAAA,940,50.0,Mus musculus
SEQ_491642,ATCACGGCTGGCGGTCTAGGGGCTCCAAGAGTGACTATGCGTGAGTGTCCAGCGTAACACTTCAGCAGTAAAGCCTGATAATGATCAAACCTCGGCTAGCTCCTAGTATTAGTAAAACTGTAGAATCCACGGTGAAAGGTGATCCCGCGATAAGTACGGGGGTGTTAGGGACCTTTTATTTAAATGTAGCTGCGGACCCTAGGGTTGTCCGATTAAACGAGTTTTGCCGTAGTCGTGCGGACGAAAGAGGAGGAGTAGTGCCCCAGGTGATTTCAGTGAAGAGGCAACAAATGGCTTCTTGTATCCATCCGCAGTCCACCCGCTACGTATGAGATGTTGGTACCCCGACAGCTCTAGGATTGGAATTCACAGACACGATGGGTCATTCTGGGCCCACTATTAGCCCTGCCGGCCTCCCGGAGAATACTACAAACATCATCCTATGGGCTGACACGCTATCCATTTGATACACCGCTCGACCGCATGAGTTGCGTTATTCCCCGTATGCTAGGCACATTGCCAACTAGATCTAAATTGTGGACCAATCGACAAGTTTCATGAACATCCTCGTTTGCGATAATACTCTCATATATAAGAAATGAAAAGACTCCCGTTGGTTCCTTGATGCAAGTTCAAGGACCCAGTATATTTGCCGATTTTGCACGCAAGCAAAACGTCCTCTTGTCTTCTAGTTTAGCACAGGTCGTCGAGGCTACCTTTCACGATGTTAGACACTGTCGGGTCAAATTTGAATTCAAACGCATGCTTATGCATCGTCCTTTGTGCTCTGAGAATTGGTCGTAAAGTGTCGTTCGTGCACCGCAAATGCTCGCTCCCTTGCGACGTTGAACTCAGCTTCTACGCAACTCAAAGATCATCGCTAACTGTCGATAAGTTATGCGTATTGATGAGCTTCCGACATTATAGAGGCCAGGATAGGATCGGACTTCTCCCGCGCTGAATGCGGTTTCTTCGACTTTTGTACCAGACACAGACCCAGCTGGCACTGATACTTCCACAAGTGGTAGGCAACTCACAGTTGTCGACCGAAAGTGTCCGCACCGGGTGGGCAAATCTCGCAATTCATGAAATTTAGAGTTAAGAAAGCTGTTCCCGTGCGCGAAAGCCGGTGCGTGCTCGCCAAGTCTACTCACAGAGTAACCAAACTCTTGACGCGCTTCTAAACCTCTTAACTCACAGGACCGAAAGTGACCCATTGCATATGCCGTCCTTCCCGGTGGCCTCTCGTCCACGGTGCTTGGGGATTTTGCGGCTCGCCTAAGATAACGCATGGCGAACTTAAGTTCGTTTAACTACATGTGATCTAAGAGTCCTCCGAGCCCGGTAAAGTTCAGACCCTACAGACTTAAAGGAGTAGTACTACCTTTGGTATCG,1395,48.89,Drosophila melanogaster
SEQ_692384,ATTCTGAAGTATCCATTATCGCGAACACTATAGCGGTCGTCAATTCATTCATTAAGTGCGCCTGACAGACCGGTTTCGATTCGACGCTGGGCCTACCACACTCAATCCAGCGTTTCGCTTGCGAGTGTAGGCTCTGTGAGCACAATTAGTATCGGCCGGGCATTGTGAGTTGGCGATCGGCTTGACCTGCGCCTAAGGTCAAAACGCTCCGCGGATCTTATCCGGGCCGCCGCGGACGGGTTATGAGGGCAAGGTAACTCATCCGGCAAGAAAAGGGTTTGCAACTTATAGTCTTCCCGTTACGATATGGAAGCCGTCCGACCGCTTTAACCTGCGATGCGACATCAATAAGAAGTCGACTTGGCAGATTCAGGCTTCAATTTAGGAACGTTTCCGCTTCGCGCTGCCTATACATCCGTGCCGTCTTACCGAAAACGGACAGTTCGTTCGGCTAGCTTACCGCCGTCCGCGAATGATCTCCCCCAGGAAATGGAGCATTGACCTTCGTCCTTCGTTAGCTTGATTAATGTTCCCAGCAACCGTGCAGTTTCAGAAACATTAGTACTAGTATTCCGATTTACTAATTGGTGTTACTATAGGAGAGACTGGGCCTTTTCAGCACAGGATAGAGCCGTTATGGACTACAAAGTTAAGAAGTGGCAAGATAGTGTTTGGTGGGAACTCGTAACTCATACCGCTAGACCAGACCTGGAGAACCGGAACGCCGATAGAAGAAACCGCTAATATCCTCTGATGGTTGCCGAAGTGCAGAGTCTTGAAGAGCGATCGTCCTACGATCGGTCCGCACTAATCTATAAACGATGATTGGCTCTCCTTGCGTGAATAACCCGTACGAGTTCTGCCGGGTTCC,871,50.29,Drosophila melanogaster
SEQ_631915,TATTTACTTGAGATTAGTGGGGCGGTTCCGGCAATGGGATCCTGGCGCCAAGATGCTCCAGCCCACCTCATATAAATTAACTGAGAGCCGACGATGCATATGAGACTAGTGTGTAGGGCTTGCGTCGAAGGAGCTAGTCGCCGACTTGGCTATTAAGACCGATTCCCTTGGAATTCCGACGGTCCGCTTAGGTACATCGTCACCGCCGGCTAGCCAATAATCTAGAAAGTCAGCTTCCTCAGCTTTAAGGGCTCCCTTTTCGACGTACGCAAAAGGCATGGCGGAAGGGACAGCTTGCCAGCACTTGACTCTCGCATTATACCAACAATATCTTGGGCAGTTACTCTGATTATTCCGCTAGTCTTAATTTAATTCGTCCATTAGGCTTCATCCCGTCAATACCTTTTTCATCCCTTACTGCTTGTTGTACGCCTGCATCCCTCCAGTCTGCCCCCGACGGAATTCTGGAGATAAACACTGGTGCCCAGGAACTAACTTTCTGCTCTAATTTTGACTAATCAGGTTGATGCTGAGCCTGGGACCCAAAGGCTAAGCCACTTGAGCGTATCTTTAACCCGGCGAAAATCCGTCCGGAGCTTAGTTGACAGACTCCCGAGATACCGTGACGCTCTATCGGACATAAGAAGAACTCTGGGCCGTCTCTAGCCATGAAGCATAGTCCTCAGCCCATCCTATCGCCCGACTCACCACCCGCTGTTACCAGTGAAAGGTGTACACTTCGGGTGTCGTCGCCGTATACCTAGAGCGAAAAGACAATATGAGTCGGGAATGGTGTGGCGGAGGGCATTCTAGGGTCTCAGGGGTCGCGCAGGATCCCGTTGTGACCCACGGTACACAGTCTTCAAACCATAGTTCGGAGGTGCGCGCGGTACAGGACTGAGTTAGTATAACACTCTG,918,51.31,Escherichia coli
SEQ_307720,TATACCTGTTGGTAGTCAATTGACCGGCGCTAAGTGTCACGTACCCTCGCTGAAATGATCCGTTCTAAATCGCTTACTGTCGAGGGAATGCCAGGCCCACTGGTCTTAGGCGCGCTAAGTACCAGATTGCAGTATCGCGTTCGACCGATAGGTAAAGAGTTGGTGGGTTGGAAGCTAACAGTCTGTAGTCCTTCAGAATTATGCATAATCTTTGCAGAGTACCTATAAATCTAATTTATTGTGCCGCTCTGGGTTCGTGGAACCCGAACCATGCATGACATACGTTTGACTTGGACTTCCGCACCGCGGTAAAAACACCGAAGCTTCGGCTGGAAAGATACTATTGCCTCGCTGGCAGCACCGTACTTCGCTTCGATGACTGACTGTCACACGTATCAGATGAACCATCTAGTTCCAGGCGACCAAAGAAAGTCTTATCTCTGAGTGGCAGAAACGCGCACGCAGGTTCGGTGTTTGAAGTTGCGTTTGCTCGTGATCTTTGGCATGTAAGCGGCTGGGCCCTCAGCTTGGTGCCTGCTTCAATCATTGGCACTGAACCACTCTTTAATGGTCAGAGATGAAACAGGCGAACGAAAATCATTGTGTACATGTAGCTATACGGATTCGCCGACCGGTTTACACCTCGGAGGTTGCCCCTGCAGCGTAACACGTAGTTAGTGAGGCATAGTGTCGGGGATGGTGGATCGCGTCTAGCTATGGAATTTCACCGTGTTAACGGTGATTTACATGCTCTCCTACGTATCACGATCCATGAAGTCCACCGTCGTCTGTTGATGGGATAAGCACGCAGATGCCATGACTAGACATAGATATTGGGTGATTCGCTCAGTTATGCGACGTCTACGCCTCAGTCGTATAGTCTCTTTACTATTAATCGTGCATCTACACGAGCTTTTGGGCATGGCCTGTTTAAGCTACCCTATCCCTACGTGCACACTGCTGCACCTAGCTGAACGTAGTAGTAGGTTTTAAGGCGTGCGCCTTGTATCATCCCAGCAGACACTAGATGGAACAGGTGTGCAGTCTGGACGGAGGGGGCTCAAGCACTCTTCGCGATAACCCACAGAGGTCGGGCCAGTAAATAACTGTTTTTCAGCTAGACTCAATGACCTAAGGGAAATTCTATGTGTATCATAAACTACTCCGACCTGAAACGTTACCGGTGTAAGTTTCTTGAAGATGTTAGTCTCTTGGTGCACACTCGTGTTCTACTCTCGGCGGCTCCAAAATGCTTCGTCCGGTGACCTGCATATCGATTACGCTCAGAGTATCTGCGTCAACCATCTTACGGAGGACCCCGGACTGTGCGCA,1332,49.32,Homo sapiens
SEQ_244898,CTGATCCGCATTTCAGAAAAAGATGGTTTACTGGGCACACATATCCCCGCAGTCTTCAAGAAGGGTGCCGACAATCAAAGAATCTTTTATGTACTTCTCGGAAATGCTAAGTCGGCGCCCTAGTAACCTAGTCCGCAGTAACTAACGGTCTTGCCTGAGTAGTCGGTGGAAAGGAGACGGGCAGTACGGGTGAGCCATCAGCAACCGCATTCTCGTAGCCCGTCTGATGCCCTAATCTAGAACTATGAATGACCGGCCGTTTTCCGTCATGGTGTTGTATCCCTACTGACGCTATGAACATATGGCTGCGTCACCCGGACGCAAGTCTCTCCTTCCGCAGGATTCGGGAAGATCCCAATAAGGAGATGGTCATGAACCAAAGTGTAGCTCACCTCGTTTACGCAGGCTGGATTATAACGAAGGAGGTGTGGTCCGCCACACGTGGCGGGTGAGCTGACCTCAATAATCTCCTAATACACGGGCTAAACTATGATTAGTGAAACATTGCGAGTAGCCAAAAAAGACGCTCCGTGTCAGGCTCAGGTGTGTTTGGCCCCTAACTGTGCAACTTGACTGAGCGTCTGTGGGGATGAACCCTGAGCAAAATTCGGTCACACAGTCGTCCGTGACTATGATCTCACGAACCCTTAATTTCCGGGCGACGATATGAGAAGGGGTGCATCAATATCTGAACTAGTACTTACACCGAGCTCGGGTACGTCTTGAGCTTGGTTTTCTTAAGGACGTCGCAATTGTGTACAGCCGGATGCGGTTATCGTAAGCCACCGGGACGGGTTTAAAAGCCGAGAGGCTATAGGCTTACCATCTCCGCACCTCACTCCCTCGATGTATGTGCCGACAGATCACAACGTATGCGGAGCGAAAAACCGTATCAACATCCACCTCGAGTTACGTAGGAACTATAACC,928,50.54,Mus musculus
SEQ_998616,GCTTGCATTTTGGACGCATATGCTCCATTGGACGCACCATATGGTGGCGTGAGTCGATACGGCCGATGCGTTTCATGTCAACTTGCACTTGCCGACGTGCCGTCAAGTAACTTCTGGGGCGCCAGAGAGATGTCGTAAGGTATGTCATCATTAGGCGTGGGGATCCGACTGGACAAGTGTGATTAACACGACCCCCGCACAGACTCGAAAGATCGTCAAGTGGGACGAAACCTCGGGGCTCCCCGATCGGTTGGATTTCTGCCCCTTCGGGTAGACCGCCGAACGTCGTTATGTCCCGAGACCGGTATGTTGTCTGTGCAACACCGTAGCCATGGGGCACGTCTACCCGCCCGATTCAGCTTTTTTCAACGCCTGTATTGGTGATCACGGATACGGTGTCGTCGCAATGCTCTGGACTATGCAACCCAATCGGAAGTCACGATTTGACGCTCCTGATGTAATTGGGAACTCGATATGGTCGAATAAATGGAAACTCTCGAGGTCCGCCATGTCTGCGGGACGTGACTGTAACCACGGTCGAACGAGCTCTGAAGAGAGAGTAAGCATGGACCTTGTGGGCGCAGCATGAGATTTACTAAAGTGTACTTCGGCTTCGAGTATGTACTATCTCTGGAGGCCACAGCAGCATCTTCTCAGGATGCCCCTCCGACGGACGTCATGCATAACGAGATCAGCATGTGGACGGGGGGAGCCACGTTTCACCTTTCGGCAAGTCGAAAGCCAGGTTTATATTATACAGGGCGCATTTCTTGTTGACTACTCGCACATCCGATTTCGATATCTGGTTCTGGGTTAGGTTCTAGAGGTAGCCCTAGATTGATTATCACGAACATGCGTCATGGCGGCGGACGCCTAAATATTATCCTGCAAAACCACAAGGCCAAACTAACTCCGTAGAACGATATTGGCTGCGGGTTAGTGCAGTCAGCTGTGTTTAGGTCTACTGTTTGAATGTAATCACTGAGCTGCGTGGTCAGTGCTCTCAAATCTTGCGGCATAGCTACGCAGTCGCCCCGTCACGATGAGAAAGGAATACCTGGCTCTCAGTACCTGTCAGTCGGCAGTACCCTTGTGCCGTCGATAAGGATATGGAGTTTCACGTCAAAGAGTATAGTGGACGACGATCACCATGACCGGTGCCGTGCAGGCCTTAGGCAACGGGGGATCACTATTCCATGTGGTGATCGTTTTCGTTTGGTTGCTGATTACCCTAACATAAAACGCTGTGTAGGTGATAGAAGCGACTTCATGGGTGACCCCGTAGGGACTGTTGG,1295,51.89,Arabidopsis thaliana
SEQ_571317,TTGGTAGTAACGTCTTGACTCAACGGGAGTGTTCTGCGGTATGACACCCGGTCACCCCGGAATACTGTGCAAATCGTTCGCGGGGCCCAGGCATTCACGTTCCGACACGAGTCATTCTTCGTGGTCCTCTTCCGCTCGCTTGATCGTCATCGTGTATACAGCATCAGTAGTCGGTGGAGAATAGCAGGCTCTGGTAGGATCCCGCCTAGTCTGCAGCGATGACAGTAGGTCGGACCTACTCTGCTAAGAGTCGTAGTAGAACCCTGCGCAGGAAACGCGGCCATGAGTAGATAAATTGGCTGCGATGGCGTAATTTTAATACCGTCCGTTACCAATAATTCGATAGATCGCCACTAAGGGCCACAGTCTTAGAAGGAAATCGTCCTTCAATCGCGAGGGTGAATCATCTCTGCTAGCCTCTACCATATGGTAATTTAATGATAGCGGACGACATTTACATCTAGGCCTTTCCGGCACCTGAATATAAGCACCATTCGGTTAGTGGACAAATAACCGTTTTCTGGCAGGAATTTCTCCTGCGGAGCAATTAAGGTTAGTATCTCGATAAGAGTCGCTACGTTTATCTGCCCAGAGCTAACTCGCGTT,606,49.5,Mus musculus
SEQ_311469,TAGATTGACCTTTTTCAATTGACTGGTGCGAATCGAGGCGCCGATTGCCCCTGGTCGGTACCAGGTTAGTTGAGCCCGTCCTTGATCGCCATGATACGGGCTTCCTACGGGTCATTGTGCAATTAGTTGCCACAGTACGTGCCGACGGGTAGTAACACAGACTGTATAAGGGAAGCTCCTGTGAAGGGCGTCTGCCGCAAACAGCGGAGAGTGAGTTACTTGCCATATCACGGTTTAAACGGCCTGATGCCCATCGGCTACCTTTGGCGGCTATGGCATCTCAGGAAGTCACGGGGATGTTCATTCTTACTGCGTGATCCCGCCCCGGAGGTCAGACATCGGGTGCATCGCAATCATAATAGCTGGGTACCAGTCGGTCGCCGGTGCGACTTACCTCGTCAACTATGTCAGAACAAGTATTGCGTCCGGTTTCAAAATTGGCGAAGCTGCACTAAGCCAGTAGCGCGAGGGTGGGGTTCCTGGATTGATACATCTCCCGCGTCTCATACTGTAGACCTCAGTTCATGCGGCTGTCATAAGTACCAGAAATACACTCTGGTGAAGGTAATCCGGATGTAGGGTCTTATCTATGGGATGCACCCATAGGGGGAATTATAGATTGTATGGCGGAGAGTCCTCCCACTGTTTATATCTATCTTGGTGTGCGAACATTACCCTGACTAGAAGCAATGAAGAGCCGAACTACACTATAGTCCCCTGATTATACCAACCCGCTGCGGTACTTTAGGCGCGGCTTCCCTGGGGGGGCTCCGAGCTCGGCGACAAAGGCAGCGATTCAAAGCGACGACTTAATTGTCGAAGGTGGATCAGTCCGTACCCAAGCACCTCTATAATGCTATATGTGGCCACAGGACCGACATAAAGACATATGTCTACCTTTTAGCTAAATCTAACGCAGCATGTCGTCCATTCAACGTGGATAGCATCGCTGTCCTCGATCTGTTAAAGAGAGCCATCGGGACTTATCGGTAGCTGAGCAGCTTTGCGCGCTTTGTTCAGGCTGATCAGTCCAAGAAGCATGAGCTCTAACATACCTCCGGTCTAACCTCGAACCCCTTTCGGATTATTAAGCTTGGTATATCGTTAGGCCTGAGCCATTGGGCCCCCACGCCACTATCCGGACACCACAACCCCTTTTTGTGATTCCGAGACAAACAGTGACGGCCGCCGCCGGCGCATTATGCCCGATTTCCGCAGGTAGTGCAGACCAGTTACGTGTTAGTTTCGCGCCAGTGGTACTGCGTATGTTTACTAGGAAAAGTGTTCCGCCCTACATAGGCAATCGACATAGAGAGACCGCGATCACGCTAGGTCAAGCCCTCCTCCGCGACTCCCCCCACCGTACCGCGGACATGCGTAATGCCTGGCGCTTTTCGGCGCATCGCCCCTTCAGATGTAGCGTTCCCGGGAGGGCTGCTTTTAACGAGTTAAGTGCGCATGAGAAAGTTCACAATTATGGCTGTGTCACCCCAAAGTCAGGCTAATCCTCGCTACTCAATGCAGTTTGCTAGTCACTTGGTTTAGAAAACCGCAAACCCTATTCTACGAGTCCTGATTGGCCTACTAATTTCTTGACCTTCTCACTTATAGAGGCGAAAGGTTCTGCATTCAACCTCGTACTCAGTGTCTTGCGAGGCATCGAAGTTTGAGTGTGTGACTAATGTCCACACGGGCCCTGATCGTAACTTGGAGGCAACTGCTTCATATTCTCCGAGTCACACCGAGACGTGTGCCGGGAGTATCTGTGGGAAACTCACTCTGGATATGCACCGCATTTCGAGTCGAATCCCACGCAAGTAGGCATCGACTACACGAGAATTCGGGTGGAACCTCTGGGACGTCGATCGAGCTCTGTTGATGCCGAGGCAAAGGTTCGTGCCACAGCTCTTTGCTAATTCGCCCTTAAAAAAAGAGTCGGTTATTTTTCTCCTTCCATGCGCTCGCGAAGCGTCGTT,1976,51.77,Drosophila melanogaster
SEQ_686845,TTTACGTAGGGCACCAACTGTATCAGACTCCGTGTGTACCTCGATATGAATTCGATTCTGCTTTCCATCGGTTTAAGTTGAACTACGAACCGGTCCATCGATAGCTTGGAGACTGGCGCTTCAGCGTACAAACGCGTGGGGTAGGGACGGGGTCGGCGGGATCAGCAGAACGCCCCTGCTACATTTACTTTGATCAATCATGTCGCCTGAACTACCGGCCCCTACTGAAGTCTGTAAAGTCGCGCACAACAGTAAACCTACAGGTAGGAAATAGAAAAGGGACTGTTTGTTCGGCCGATCCCAATTATGGGGGAGATCACTCTGGACGCCTCCTAAGACATGAACTCATCGCCCCTATAATCCGAAGGAAGTGCTGAGGGACCAATGGGGGCTGGAACATCAAGTATCATCGTACCAATTCGAGCTTAATTTTAGGGGATAATGAGACGAAGGTTGTCGAGCGCGGAGAGGTACCCACTCAATTGGTTTAAAGATTAGTGGCTCACTAGTGAGTCACAATTTGCACTCGAATCTATTAGAAGCGGACTTGATCGATAATGCACTGTCGAAAAATCCGGCGCCAAGTTACGATGCTCGTAAAGAAATGACATGATCGGGTACACAGTTGGGCGATATGCGATGAATTTACAAGGGTTTCTCCGACCAGGCGAGAAGGTTGCTCCTCGCACCGATAAGCCAGCCGCACGGCGGCCACTATTATGGAAAAAAGATTACCCGAACTTGGGAAAAAGCACCGGTTGTTTGCTAGGAAACTTCCGCTATGACCTCTCGTTCGGTCTCCTAGGTTGCACCTTTCAACAACCTGACAGCATAAAGTAAGAAGCCGTGGGGACCACTACCCCAGGTAAACTTTAGCCAAAGGGTAACCTAAGCAATGGCAGACCTTTACAGAACTTGAATGGCCGTGCCTCGTAGATTCCATAGGCTACGAAATCACGGCTCGCAGGGGTTAAGGGAGGTCGGGTAATGACAGGCGCATGCCGTGCTGTTAACTAATATCTAGATGAAATCGTTAAGTGATTTTCAGGAGTGTGGCTTTCCGGGAGTCTTTGGGTGGCTTATCGCAAAGCACATAGTCTTATTAAGTCTAGTCCTCTCTCCGTAAGAGCGCGCCGGGCGCGGTCCGCGCCTCAGCCACAAAGTAATCAACGTGTGCCCACCTCTATGGTGGCTAGTCTCGATACAGTATGTACACCTTCGCAGGAAGAC,1230,49.76,Arabidopsis thaliana
SEQ_812936,TAACGGCCATCATCTTTGTGCGACAAGTCAGGTTTCTTCTAATTAGACTTACGTACACAAACCTCTGAGAAGAGGCAAGAGAGGTGTCCATCGACAAAAAGGTGGGGTGCTAAGGCTGTTGCTTTATTAGGTTCCTGGGTGAGCCCTGTGGTAATTCGGGATATTCCCAGACAATTCTCGTTGTGCTCCGAGGGCCCTTCGTGGCCCTGTACCGTTGGTCACCAGAAGATTTAGCCCGTCCCATGGGTCACTCAGCCCGCCCGCTAGGGAATGGCGGCAGTAGATGGATATTCGGGATTGGAACCGGACGTCCCTACTCACTTTAGTAATGTTCGTCTTCCCGCGCTAGAATCCGTCCACCAAGTTCGTGGCCGTTTCCACCTGTCTCACGGCTGAGGCGGCTTGTGAGCTAGCGTGAGTCAATAATTCGCGATAGGTCGAAACCACCAGTGCGATCACCTCAGATCACTGAGGCTCCGCGTTGGAAGGTCCCCACCTTTAGTAACTCCGACAATACCCTGCCAGTCGCAGAGAAGCCCCCTCATTGAACCGAAGAAAATCGAGACGTTGCTTTCGTCCAGCCCGATTGAGACCGACTGGCAACGCTTTGAGACATCCAGGCGAGGAACACCACGAAGAGCACTGGTATCAAGCGAAAGTGCAGGGGTCTCGAATAGCCGATCCATCTACTCATCATGTCGCGAAGCTCTCCAGTCGGATGCCTTTCCGGCAAAATTTGATGCGCTACGGCACGGATCATGTCTTACTGAGTGCCTGCTCGACTCCTTACTCTAAGCGGTAAGCCACGCCTTCCGGCGACGCGTAGTGGGTCGACTATGAGGCTGAGAAAGTGAAGGCGCGTTTTTTGCCCCAGGGTTCGACGGCAAGTACCCATAAAAGGTGACTCCACGACTAATAGGAAGAACGTTCAGTAACCTGGAAGACAGCGCGAGTCGGGGCATTCGTTGTTTCTCCTAATGGAGGCCCACACTGCTCACTTAGCGGTTTCGGCTGTGACTGAATGTCGACATCCCAACAGCCAAGCCATGTATCGCACCGCAGGATAGTCACGGCGAAAAGGTAGATTCGGGAGGACATAAGCTGAGGTGGGCTGTCATACCGGCCCAGTCATACCCAAGGTTTTTAAAGTTAATCGGCTACGCCCGATAAAATAGAACTGGGATACGTGAGAGTCCGAGAGAACTGTACAGTCGCTACGCGTAGTCACCCATGATCGTGATACAGCGATTACAGTTTCGAATTATAATCCATAGGCGTCCAGTGACGTAATCGACCCATTTTTGGCAACGGGGAATCTGTGAACTAATACAGTCTTGACACAAACTCTAGGGGCTTGAAGAGATTGACAACTGGGAAACGCGTGTGAGGCCGGGGAACCCCTGTATCGCGTCGGACATACTAATGTACCGTGCGATAAACGTCCGGCCGAGATCTCCCAGAGTCGAGTAGGCATAGTACATCAACATCAGCCTAGACGGCCCAACCCGTTGCCAAATAGAAAGCTTGTGTATGAGCAATTGTTTGTTTTCGGGTACACCGAAAGAGGACTCGTACCTGTCTTCCGTGCCCCTTGTGCGCTACATGTTTCCGCGTATAGATCAGGATTACTCTGAACGCGTCACGGATCTAGCCCAGAGTATATTATGGTAAGACGGTTCCAA,1682,52.08,Homo sapiens
SEQ_911074,ATTCGCAACTTCTCCCTAGGCAGTTCTTGCGTAGAGTCCCTGAGCTTGATAGTCGCGGACTCCCATTTATCTTGTCCGCTCTGACACTTCTAGATTGTACTCTGTCTTCCGTTGCCGATCTACCGCTCCGCGGGCCGGTCAGATCGTAACTTTTTAAGGATTTCTGAAGCAGTTTGGTGTGAACAAGGTTCGTATCGTTGACACCAAGCAATTTGTAGAAGTCCCAGTATTAAGGAGCCACGAAGTCTTTATTCGCCGTCGAGAAGAACATACGCCCGACGGTGCGTATGGTGCATGCGAGTTATCTCCATCCCAGCAGTGTCCCGATCGTGCCAATTGAAGTTCGCCATACATCTGTATCACATGCATTAGCTTCCAGTGTCAGGGGAGGTGAAATTTGCACCACCCGCCACGGCGCTGTTTACGAGTTCTTCTGGTGATCTCTAGGAAGCGGAATGAGGGATTTCAACGTTCTGCAGTCGCTGGAATTCCGTGCCCGTCTCATAATTAGCTCTCCGTACGCCACGGGACCAAAGGACTTTTAATTCCGTATAGACATATAATAGCATCCTTGCGGTTTATAAAGGATAACCTACTTCCCTACGCGGTCCAGCAAGACCTAGTGGGCACAGAACGATACGCTTTGCTTGATGGGACCCGGCATCGAGACTAATTGGTAATGGGGCGAAATGGTTACATAGCATCACCTGAAGGCGAACATTCCGATAGACTTACTGAAGGCATTGTCGAGTCTTACTCCGCACGTCTGGTAAACACGTCTCGGAGTAGGTTATCGTACTGATTTAGTATATTCTAAGCTTCGTCAAATCGTATGTGTTCAGATCCCAACGCTTGCAGGGGGACTTACTCAATGCAATTAGGCATTACTATTTGGCACTTGCTATAGCTGCGCGCGTGGGCTCGGTTTTCCATTGTATACAGAATGGAACAGGGTGACGCTGTGCAATGTGTTGTGTCGGGCCCTCCTAACTAGTACTTATGCGAAGCATTGTAAGTTTGCTGGTAGCGTTAGAGTCACCTCTACAGGTTTTATCATTTAAGAATGGAATGAGTGAGATAATTCGATAAGATACGCCAGTTTCTAAGAACTTTACGTATTAAATCGTGCGAGAAGCCCATCCGCAGGCACCGGCACGTCCCGAGCAGCCTACATTAGTCTGTAGTGGTGTATTCGAGGACCTGTAGTCGAGGCCGCTTCGAGGCGCCGTCCTACTAGAGGTCTGGCGGAGGGCGCCTTGGTTCTACTGGGCAGGGAGTTGTTGTTGGGCGCCTCACCTTACTGGCAATTTGGGGCTAATGAAAAACGGTGCATTTCTGGGCGCCTGGTTTCAGTATTCCCTTAAAGCTGTGCAAGTACGAAGATGATCGTGCATCTATGATGACTGAGGAACCTATCGCTTGCGAGACAGCATGTGACATTATCTTGTCGGGGCCGCAATATATAATGAGGTCCAAGACTCTAAGCGAGGGGAGTCGGGTTCTACTATAAAGAGGAAGTGGCTGCTCAGTATACCAACGGGAATACGGTCGATTCAGAATACGTCTGGGTCGCGGTACGTAAAAATGTGCAGGAGAAAAGCGTACTGTGATATGGATCTAGCACCAGGCTTTCACTACTTCAAGTGCTGCTTGACAGCGTCCCTCATTAGCTCGCAAATCTCTTTCTGCGAATGGCCGATGGCCCGGATCACGGTTGCCAGCACCAGGGTTCCCTAGTATTAAACGCGGAAATCGCGCGTTTTTTTCCAGAGCTTCAGCTTCGTCGCCATCCTATACCTTAAATGCGGATGCATCCCTTAAACTGAGGAGTTTATAGGCATAAGTATTCCCTTCAATTGTATGGAGCACACCAGGTCTCGTTGCAACAACGAGGTCACAATTGGTGTCATATACTGATTACAACGGTCGCGAGTGACCTGCGATTCGATTCACACTAATCACCCTCTTGAGTGCGTAGATCCAGTCCCGAG,1991,48.97,Caenorhabditis elegans
SEQ_467992,AAATGCGTGCGTTGTGTGGAGCGCTCAGCGAAGCCGCCAAGAGCTCATGTGAAGGAAAGACACCCCCTTCATAATAGACTGTGGAGACGCTGAACTATTAGCGCGATTGCGGTTTCCTCGTGAACGGCGTCCCCGACATGGGAAGGGGTTCTTACAAGTGACGGGAGCGTCGTCAAGATAGCCGCGAGCCTATCTGCTAGACCAGCGTAGCCGTCCCTAGGCCTATGATATTCCGCCCACTCAAAAT,247,55.06,Drosophila melanogaster
SEQ_448466,AGCGTAACCTTTGCTATAGGACCGTTAACCGATCGGCTGGGACGGTTCGGATGAGCTAGGTGACGGTAGTATAAGATCAAGAGGATCCTTAGGTATATGAGATCGAATTCCTGACAACGAACGAGGGAACAGAAGCAGATATAAGCATAGCGTTATTTGAAAGCTGGCGATGGCTGCATAAGCTCTCATTTCCCGACTCAAAATCACAACACACCTCCGCCTACTGCGTCTCGCGTATCGCGCGCATCTGGGGGGCGAAGTGCGTGCTTCACAGACACTTGTAGGCGCTGAAAAGTCGGCCAGGAATGAAAGATTTCCATCGTTTGCATCGTTGTACGGTGTTCGACACGAATGAATGGTGATTACTCGTGGAACGTTCTCTATGCTCGTCGAATTTACTGCTCTAAAGTCAGCGTCATACAAGGCTCTAAGGGGCAGCCGGCCTAAATGTTATCAGCTCATTCATCCGGCCGCGAGACTTCGAGAAAACATCGTGAAACTTAGCGAGTAGACAGTTCCTATCTTCCTGAATTAATAGCGGCCGTCCTAATTCGATACAAGCGTAATCCTCACACGGGAGGTATTCTGTTAAATACGGGATTAGGGTACTACCATGCGAGTGGCTAGTGGCACGTGTACTATTGCACTAGTATTAGGATCGGATGCGATCTCCACGGATATCTTGATGGCTGGTATCGATTACCTTTTAACATTCGGGGCGCGGCGTTGGGCCCCGAAAACCTAAACGCAGATATCATATGATAAGCTCGCTTTCCATACCGAGGTTGCAAGGCGTGGTACCAACAAAACCTAGAGGAAAATGGTGCGCGAGGTACTCGAATCTAACAAAGACATTCCAGATATGCCCAGGTCTAGCTGGGCAGATCCGTTCCCCGTAAGGACCGGCAACGAATCGTGGGGCTCGCCAGGTCACTAGTATCTGTCTAGTTAGCCGATACGGCCCTCATATACGCTGA,977,49.44,Arabidopsis thaliana
SEQ_552606,TTGGTGTGCGGCCCTATGCTACATTAAATCAATCCACCTACGGCTCTTTTCACGCGGCTACGTTGCGTACTGTTCGCGGACCTTACAAAATGGCCTTCAGTGAAAGAGTCTGATCCTTCCCCAATGGGCACAGCTGGCCTAAAACGTTCGTCTGTATATGTGTTCGAACAGTCTAATGAACGCCGAGTAAGTTCAGAGGCGGCGTGGCGTATGGCGACACGACAAGACCCGACAGACATTATGGAATACCAAGCGAGACTTCCCTTTTCAGCCAAACTTGAGCAAGAAACGCTAGGATAATGTCTGAGTGAGTGATGCGATAAGTTACTGTCTGCATGAAGGCCTAGATGGGAACGTACAGGACTATTACCCTCAGGCGGCGCTAGGGTTCATCATCCCTCCAGAGACGAGACTATATAGTGTCGGTCTGTTAGACGGGAGTTTTTTGAGTTAAGTAGCAATTGTGGGTACTATATACCTATCCGGCTATGTACGGCGGCGCCACAACAAGTGACTTATCGCCTTTTCCTGCGGGGTGCGACAACTGCAAGCCGTTGATACGTGACTTGTTGGTCGCTTGCTTCCGTGAGCGGGCAAGAAATTACCCTGAGAAAAGTCTGATTGATATGGTGTGGCCTCGACTTGCGGTCTTATGCAGGGTAATCTGGGAGGGAATTAACACAGCTGTCAACAAAAATGAGTGGCTGTGACCGGTGGAGCCTGTGTGGTAGACCTACACTAGGTGACGCGAAGGACTATGATTGTTAAAACTGGGGCGCCCGGAGGCTCTTCGGCCTCCGCAGCCATAATGTTCCGCAGCCAATTGGTTCCCATGATTTGTCCATGGATTACCGTAGTTCGTAGCTCGAGTCCATCGCCTACGAGCAGGGAAAGAACTGGTTACGTAGTGCGGTTCGAGGGTAGGATTCCTAATACATCGAGTGGATCGGTTACTGAGGAACTTCGACAGGCGATCGCGCCCGGCGCAGGGGTTTGTTAGTTAGTCTTATGTACCGTCTTTCCAGTAGTC,1030,50.78,Homo sapiens
SEQ_280963,CGGGCGGCAGTACCCTCTCTAGTGCCGGTCTTCGACATAGCTGCGTGTATGGGCTTTTCGAAGCTGAGGTCTGGTTATTCGAGAAAAGCTCCACTTAGTAGTTGGTGTTTATGGGATCAGCGAGCTAGAATGGATAATACGTCCCAGGACAACGCTTGGACCTCGGGCAGTTGGGGAATGCACACTGAAGCAGGCGTACACCATTAAGTAAGGGGCGAATTCCACAAACTGCACCGCAGTGCCCTATAAGCGTATGGCCGTTTTATCTAAATCTTCTCACTTCCCTGATGTACGCCTTGTAAATCATACCCTGACATCTCCGGGTTATACGCATGTAAAGGATGACCGTGAGTAAGGAGTAGCACCCAACTGTTGACGGACTCAATCGGAGAAACCGCGGGTGAGTGACACCTACCCCCCGAGCCGTGGTATACTTGCTTAAGGGCCGGAACAGATCGAGTGATCCTCGGACATCTGCGATTTACTGCGTGGCCGAGCCTTTTCGTGGGTCCGACCATAGCAGAAACCCCCGCAGGATTTAAATATAACAAGCTCATGTCGCCGCATTGTTTGGGATATAGTAGCCTTTGGAATTCTCCACTGTAGGCGTGCCGCGGAAAGAGAATAATTCTGACACCAACGATCGACTACGGGAACGGGGAACCCTGAACATGCGTAACCAGACACCATATGCGAATTTTTTGTTTCAACGGTATCTGACGTACACATATCCGGTTATGTAATAGGCCATACAAGTCTTACGATCTCAACAAATCTTCACACGCGGTGTCCCTCTGATGGCGTTAACCGTAAACGGAGGGGAGTTACCACTCTTAAATAGGCACACTGGGCCCAGAAACTCGTTCGGGGTCACCGATCATGATCTCTTTAAAACCCCGAACGGACCACCGATTAATGGCTGGCCTGCCTACCACCATTCTGCTGATTATCCTTAATAGCATGGCAGCTCTCAGCCAAGTGGTTGTAATTTGGCGGCTTCTCGGTAGAAATCTGGGGCGTCTGGCAATAGCGTTAACCCAAGGTTGATAGCATCCCCCTTGTCACCCCCGGACCGCGATCGACAACGATTCGCAATGCATCGCCGGCTAGTCTCCAAGGTATCTTAGAAAAAATTGGCTCCTGACAT,1147,50.57,Drosophila melanogaster
SEQ_397224,ACCATTAGAATATTAGAGTGTTGAGAGCGTAAAAAACGGAATCTTCGCGACTCAGAGTCTAGGCCGTGCAGTACATTCGCAAGTCTTCAATGTCGTGATGGAGCTCGATGCGCCGAGTGCGACTGAGATCGATAAATCTCCGCCAATAAGACACAACACGCCTCGTGCATCAGGTCCCTGCGCAATTCAAATCGTATCTTGCCTCGCGAGCCTGAACGGAGTCGAACTGAAGAGAAACTAAAGAATGACCTGGGCACGTATCCCTTCTCACAAATATGCGTTTAGGCCCTGCAATCGCATACAGTCGGGGTCGCACGGGTTGAGTAACTCCTATCAGCTTGTTATTGCTATTGGATTATTAACGACCGTCAACGGTGGTAGTAGGCTAGATCCGAGCTACGAGTGTGGTGTCACGTCCGTGTCGCGTTCGGGTCGAATCGGAACCGGCAATAAAGCAGCAAACACAGTCCGAATAGGATCACACTCAGGGTTCGTGTGCAGATACGTTTCCGCCGATGCAGTTCGCGGCTCGCTGGACGTGCAGATTGGATCAGTTTGTCCCGAACCCGCTCCCCGGCGTCTCCGCCT,588,52.21,Homo sapiens
SEQ_225268,ATTGTCCGTAGATCCTTAGTTACGGCAACCGTAAACTCCAGGTATGATACTAGAACTGTCGATCTCGCTAACGTTTCTGGCTTCTAGGTAGGGAAACTGTCGTGAGCGTCTGGTAGGACCTGCACAGGGATTGATACCCTATTAAGTCGAAGCCTGGTATCTTTAGGAGCGCGCAGATAAGACAAGCAACACGACGCTGATATATCACAGCCCCTCCGACTGCGGCAGAAGGCGCGACATTTGAGGAGGAATGGATTAGCGATGACACGATAACGTATCTAGCTTGATGTGAGAACGTTGTCTCGCGGAATTCGCAGGATCGT,323,49.54,Arabidopsis thaliana
SEQ_977058,GGCTAGCTTAAACAGCACGCGTGAGCAAAAATAACGGGCAATTCACCTTATGTCAGTTTTTACGGTTTTTTCCTAAGTTCCGTAAGTGGCTCGGTTTATACCCCTTATCCAACGTGTGGTTTATGTTATAGTGGCGTTTCGCTTGCGCGGTGTACCTCTAAGAACGGTCAGGCTACCTTACAACACAAACTGTTACTACTTTGGCCGAAATGGGGGACCTTCGCGAAAACATCAAGCGGTGCAAGGGGACCGAGGCTCGACCCGAACGGTCACCGCACAACACCCACCGTGAACGCATGCGATCCCAATGCCCGCATTCTAGGAGTAGTTTGATGAACTAGAGCCGTTGTCGATATTGCCCTCGAGACTGCAATGGAGGTATTATTGATATCCCGTA,397,49.37,Drosophila melanogaster
SEQ_937781,TCGGACGTGAATCTGTCTGACGTGCATTCATTGCGTTTTTTAAAGCATCATCAGACGATGCTAGATGGCCCTGAGATGGACGGGTAACGAAACGGAGGTTCATGTTACCACAATTCGGCGTAGGCCACCTGTCTACTACTTGGGAGATTTCGACAATGGTAATTTAGACTATGCTTTCGTTTAAAGGACAACGCGAATACGGTATGGTCCACGCACTTCTACTTGCTGCGCTTACTTAAGTGATTAACACATGAGAGAACCAGTTCAAACTTCCCTGCTATAAGCCTCATCCAGAATACGAGCATACAATATGCAGAACGGAAATTTCCGGCATAGATAACACGGACTGGCTAATGGTTAATATGTGCCGAACACAGTGAAGTCAGGACGGCGAGACGATCCCAAGGGCCGACATGTTACTGTTTATATTTACGCCCGCGACAAAATCACCTAAAGGAAAGTGCTTCATACTCCGATTTGTCACTTCATGTGGTAGCCACATGATGTGCGCGTAATCCGCAATTGACATCGCAATATTCATTGACAAATCTGTACGACATTGAGCCCCAAGAGACTTACATCAAAGGAGTACAGTCTGACTAGACAAAAAAAACGGCCATAGGCTACTTTGACTCAGGCGCAGGCATTAGCACCACGCCTTGACCTGTTATTTGACAGGATTACTCGGTCATAGACATCTTGTAACTATCGGTTGGTTAACTCGAGCCTTTCATAGAATTGTGTTCCTTCTCAGAGTATGTCACAATGTGTATTAATGTATGATCGTTTAAACGCGCAGGATTGCTGGTCTCAAGAGTGAGATCGCGAACCGGTACAACACAGCGGGGTGACCAGTGCTCCGACACTCTCACTCGATGTGCGAGTCTAAGGGACGACTGGCCGAAGGCCGGTAGTAATCGAGGCAGTCCGCAGATTTAGTGGCTATGTAGACCGGTGGTCTCGTCGCAGATAGTGTTTACCCAGGTTGCACGTGTGTGAGTGGCGATCAAAAGGAACGAATAGATGCAAAGCACCGCTGTGTACGCAAGGCTGAAGCTTCACTCTCATGGGGAATGCCGCGCCCTCCCAATATCAATATCGAAACAATCGGTAAAATCGGGGCGCTTGTACTCACCGTCTCTTCGCCAACCTCCCTGCGGCGTGCTCGACCGGTGGTTATAACTATCAATCTGTTGCGAGCATGGGTGGATCGGTGAATTTATATGCTATGTGTTATGCTCTAGAAGAAGCATAACTTTTAACGGAGCACTCGGATTTGAGTTTGTCCCAACTCTGAAGGAAGTACTTCAGGCCCCGGGTGGTTCAGCGGCTATCTTTTGGCTCTGTCGTACACCTAGTTTATTGGTCAATTCAGGCCACGTATGGCATAAACATCGTCATGCTTCTTCTAAGTGCGCGCAATTCCCGAGACGTTGTTCGCGCACTAGTATGTCGTAAGGGATCGTGATTGGCCAAGAAAATAGATTTAGCTTCGAGGATGACTTGGAAAAGGCTACCTCCCTGTTTACTACCTATCATCACCACGTCTGATTAACTGCTCCTGGCCGCTAGGATTACTAATTCATCAGAAGGCCGAGCTCAATGTCGTAGCGGTATGCCGGCCCTTCTGGAGGGGGTTTCAGGTAAATGATCGACTTTCCGAGATCATGCTAACCTCAAGCATACCTCCGGTCAAACTGGGGAGAACGGGGCTGCGGATGGGTCGAAGCCTATAACAAACATTGCGTTTGTCTTTACCCGGTGGTGTTGTATCAGGCAGCGGCGGGGGGGATATATCACCCCAAGTTGGATCCCACCACAAAGATTGATCTCACCTATACCTCGAAGGAGATCTAGAGTATTGACAAACCTTACGGTTCCGGGGGTGATTCCGACGATAACTTCGTGGTAAAGATAGGATCATGGGCGCCCTACGTAACCTTTCCGTCCGGTGACTGCGTTGTGCGTATTG,1972,48.33,Arabidopsis thaliana
SEQ_396715,GTACAGGAACCCATCTGGCGTTCTCGCGGAAGGGTTCGAGACCGGTAGGCATATCTTTATTATATCCAATACGCATAGGTAACCGCCGCCAGCGGTTGCCCATCTTCTTTTGGAGTTAGTTTGCAGGCTCCGCCGTCTTGCATGTAGGTTTTCCGAAGAAGTATGCTTGTACACCGAACTCCCGCGAATGCCTGACAAGGAGTTGAGTGACAACATGCTGCCCACCAATATACGTAAGCCTACCCCTTCAATATTGAATCGGTCGGACTACATTACCCACAGTGCCGGCCGCTAGGGGCAGCTGGCACGTCTGTAATGGACTCGCTTGTCCAATGTAGGTCACACAGTACCCTGTTAAGGCGATAAGTAAGATAATCGATAAAAACAGGTTATGGATGGCTTCATGACGTTGGGCCATTGAAGTGCTGTCTTTAAAGATCCTAATATTGATTTACAATGTTTATCCCTCTCGATTCAAATACGCCTTTTCCGCATACGAGCACGGTCTCCATTATTCGACCTACGACTGGGTAAGTGGGAGAGTCCTCTTGGTTGCTCCGGCAAAAATGTGCCGTTGGATCTAGCATATCTCAACCCAAACGGGTCTACGATCATCAGCACCTTAGAAGTTGAGAGCTCCCGGTGTACAACGTATCGCCGTACTCGGCGTTGCCCTACCGCTCGGTCAAGGCGTAATGACCTACCACTTGACACGATCTTGTCAACTTGAAACTGCATCCTTTTCCGAGAGGAGGAGCACGTACCCATTCCAATTCGGGCACCTTAGTTGACCTGATGACTGGAGTCTTAGGATCCCCATGCGGGACGCGTAAGGTTGTATGTCCGGAAATCCACGAAGGGGCCATATGCATTCGACGGACCTTCTGGGAGGAGCTGACCTTGACGGGTTTCGAGTCTCCACGAAAGTCGAGGTCGTTTAAAAAAATATATTGTTGTTGGGCCCCCACACTTACGCATGAACAAATTTAGTTCGGCTACATAGCAGTATGTCAGTCGTATAGTTTGCCACCACTAAGCCCCGGTCCCCAAACTATTCCACCTCTAAAGTACCGCAAGAATCAAAACTACCCCTTTCCAATCGATCGATGGAGCCGCCCCGTGGCCGGAGCGAATCATCGGACGGGATGGGAGGTCGCCATGACTGTCGTGACTTTCTGCAGCCCCCCATAGCATTGAGCGCGGCTGTCACGTGATATGGTGGGGCACCTTTTGTCCGCCTGGCGAAAGTTTTACCTGAGCGGGTTGGTGGGCGCAAT,1277,50.98,Homo sapiens
SEQ_986237,AATATAAGAACGCGCTCGGCTGGAATTAACAAGGCTAATGTGGCCAAAATAAGTGTTTGTGCTCTACACGACACAACTGGATTCCTTGCAAGGTACTTGTATTGTTCAGATGTGGGCTGCTATTGGGCCGGCCTATTTCCCGAACGGGAGCAATCATAATCGTAAAGCACCTAATTCTTAATCTGCAGCCTCAGTCACTGTCATGTGGGTTTAATGCTCACCCTTCTGACGTAGGCGTACTCTGCACACGAGGAATATACGGTCAGCTTAGTGAGAAACAGTGGAAGTGACGATATTTAATGATTATAAGGTTTTAATTGACGCGTCTCGGTTGCGAGATGACGCGTGGGAGAACCGTTCATTCAGCTGCCCTGGGCTGACCTGGATCCGTCCGTGACAACGCTAGGATACACTGGGCCGTGGTTCGCACCGAATACGTACCTGCCGCTGCTTGAACTTAGCCATCTGTCCGATAAGGTTCTTAGC,486,48.56,Mus musculus
SEQ_583677,ATCCGGTGGTAGGGTGACTGGTCAGGTAGAAAAGGTCTCGGAGGTCCGAAGCACGGACTTTAAAGTCCGTCCAGTTAAGGGTTTATTCCCGTTGTTTCCAATTTTGGCGAACCGTGGGCCCATAGCGGAAGAGGACTTTGGTCAGATCAACAGTGCCTTAACGTCCTTCAGTCAAAGTCCCATTGGGAGACCGACAACTCCGCTAGGCAAGGCAGTCCAGTTCTGGAAACCAAACTACAACGATGTCATCGCAGAGCATGGTCCAGTGGCCGTCGCGTTCTCGCCAGCGTTATTAAAGGAGGCTAACTTGGTTATGGTACCCTCAGGTCATGGTGAACGAAAGTATGGTTATGCACCGAGAACATCTAGGCGAGGCCTTCTCCGGGCAATGTGCTAGAGGTCAGCACTGGGTTGTAGGTTGGCCACGATTACGTAAGTGAATAATAACGAAGATGTAGATTCGTTCGCGGCCATTCAGATACCAGAATTGCATTGATTCCATGGCTTTGACCATTTGAAGTTGTGAATTTTACACCTCGTACATCGTTGGTAACATATTTAACATGCCTCTCTTTGTAAAGCCTATTTATAGCAACTTGGTTTTAAATTAGGGCGGGCCCGAAGCAACTTACCTGGTTACGTCCGAGGACTGTAACTGATTGTTGCTATTCAGGATCTCTCGTATAACACCGGAACCTAATCATCGTATAATGCGAACTTTTCCTGAAGCACTTTGTGACGAACACTTCGCGCTTCTCGGGGCAGCCCACATACGGCCGCTTTTTCATTTTACCTCCGGTCACCACGGTCTGCAGCAACCCCAACTAACCGTTTCCACCACACATGCTATGTAAAGCCCCAGACACCAAACAATAATAAGCTCAGATGATGGGTGACAGGTTACCAGGAGTATCCACGGTACCCCCGAGACACATGCGGCAGACTATTCAGATGACACTATCTCCGTAACGTTTACTCATCATATGATTGCTATTAGCGCCCTGAGAGAGTTGGCTTCGTGCCCATTTTGACAAGGTGAAGCCCCTCCATCCGAATTTATCTCTATTGATACCATCCTTCCCAAAACAATTCGATACGATACAAAGGCTGTTATCGACCCACAGCTTAACTAGAAATTATTAGCTGCTCACCGTTTGTACTCGGCGTCGCCCTTGAGTAAAAGCGGTGGGCAGCGAGTCAGCAATACCTTTGAACCTGGGAAACTGTAGTCCTAGGAGTCGGTTCGTCCGGACCCGGGAAGAGGGTGGCACCAAGGGGGAGGGGAAATTGACCGCAGCGTTGGTCTCTGTTCCCTCACCACCTTTCAAAGGCTCGGTCCCTGGTGTACGTCACTGGGAGGCGACAACGGCACCTTGCAAAGTGTGGTACCTAGGACGGATGAGTTTAATATGTGCTTGTCAACACCCCGCCTCCGCGTTTAAGCGGGGGCCCAGGATGGCCACTCTCGAATGCTATTAGAAAGAGGTTAGCTAAGAATGGGCCTCTGCGAAAAAGCAGAGCACCCGAAATTAGCTTAATGCCCCACTACGTTTCTACTTGGTAGCTACCTATTATTCTCACTCCCGCA,1588,49.5,Mus musculus
SEQ_792781,CCAAAGTAGATTCGTAATTAGTTACCACCCACACCTGGATTAGGCGTGCACTGCGTACAGAACGTGAAATTTGCGACACCTTGAGCAATATAGGCGGCCAACGCCTTGCCACAGGTAGGGTGAAACCGTTTGAGGTCGGTCCGTAAACACAGTCTTCTTCAACACCATGTGTGACGACATGTGCTGGCAAACGAAGCGCC,200,51.0,Drosophila melanogaster
SEQ_651630,ACTGGGAACCAAGACCGTCACAATTAGACAGCGCGTGGCCAAGACCTTAAAGCACTTTCAGGTACTTTGACTAGAGAGCAAGGTTCGAGTGGATTTCAGGATAAGAAGAACTGTAGGACTGGCCACAACATTTGCAGGTATTACATCTGAACATCTCCCATACGCCCGTTGAGAAACCTATGCAATAAAGACACAAGATAAGCAGCGCAAAGTACATAAGAAAGCTTGGATTGAGATGCTATGTGTTACTGAGCACCGTCCTCTTGACAGCTGGATATTCGGTGCCGGTAACTCGCCTGAGGACGAGGCCTAAAGAAGTCGAATCTAGAGCCCTGGGGGGTCTCCCAGCTTCCAAACATTGAACCTGAGCACATCTCACTAAGAGGTAAGTGGTAATTGACTAATGAAATTGCTACAAGTGTGCGGGGACCGATGGCGTTGAGTTTTCTTGCAAAGACAAGGCCCAGAAATTCTTGGGGAACGTGCATTTCATCTTGACGCAGATGAATAGAAGGATTACAAGCCAGTTCGGCGGCCCTAGTGCATGACAGGCACCGCGGGCTTTCGCCTAAGGTGGCGATAATTTCTTCACTAACTTGCGATTGTTGTCCAGTACTTGTAATTTCTTCCCGGGCGGCTTTAATTCGTGTAAACCTTAACAGCCCTATGTTTGGGCACAACTCATAGATGTATATTTCCGTTGGGCGGATTGGCTATAGCAGGGGAACGAAACCTTAAGACGTGGCAATGTCGAACGTGTTATAGCGAGACGGGTGCGCTAGGTGCCGTCCGTGTCGTGCAGCTTTATCGTGATACGGAGCCGGTCGGAACGCATCCCATGTTTCCCGCTTGAGAAGTGAGACGTAGGATGACTCGCAAAGGTCGAGGTGTTCATAGACCAAGCGTGC,908,49.01,Arabidopsis thaliana
SEQ_331056,CCTACACAGGTTTGGGGGCTCGCTCCAGACATGGACCCGTTGGTTGACACCTTATTTATTCTACAGGTTTCTTAGATTATCCTTAATATCAATCCTAAGCAGCTTAAGAAAACCAACAGTACGCTTATTGTGCTCTCACGAGGAAGGTGTCGTCTCCTGCAGTATGCAGACACCGCACCCCAGTACCCTTTCAATGTTTGGGTCCGGGCTTAGGAACGTTAAGTCTCGCATTCCAATGAAGTCCGTGGTCCACGCATAAACCTTTCAAAGCACTTATCTAAAATCGTGACTCTGCCCGCTTGCTGACCGTTGCGGGACGAAGATCTACTAATCTTTCGCCAAAGCTACCTGCGGTCCGCACAATGCGAGACTATGCAGCACTACCTCACGGCCAGGTTAGAATAAAAGAGGGAAGGGTGTGCAACTTGTTAAGAGAAAAGTGCCGACAGGGGGGTCGCTGCGTTTTCAACCGGCGCCCAAGGAGGGTGAGGGGACCCCGGGTCTGGGGCGTCCGCGACGGTCGTACGCAAATTGTGGTGGGGTTACTGTTCCTTATAGTGATCCTGCCGCAGGCACTGTTGCTGTTCCAGCAGTACGCACTCACTATATAAGGTGTCCCGATAGGTCCCTTCCGGCATCGTAGAATCAGCCGGATGTTGCCCTTAGCCCATAGCCAGTATTATCCTGCTGCTTCATGACAACAAATGGAGCACTCGGCCACAGTCAACGTCCGAGCTGATAAGCCATCACCGATCTGAGCGACTATTTTCACTCGAGGAGTAGGGTCTAGGGGCGTAGAATAACAATTGATCGCTGGTGATCCAGTCCTTTTCGGCGGCTAGGGCTATGACGCGGTCATGGTGATGAGCGACTCTCGACTTACTTGGTTGATGTCGTGAATCCGATAGCGTCGAGACCCGTTATCAGCCCACTTAGCGATGACAACTCTTTGCATGACTACAGTGGACCCTTGTGTGACTGTGTACGTGACTGAGACGTCTACAATCCGGCTTTAAACGGGCCCCACTACCGTGAGACACATTAAGGCTAAACTGCAGGCCAGCAACCTGGGTAGAGAAATTGCAAAAAATTTTGCTTACTCACCAAGGTCTATGGCGGCGACGTAGGTCTTATACATCCTGCCGGTAGGACTGCCCGGTAGTTACACAGAGGACGTCCGGCAAAAGCGCTCGGCGGAAGCTGCATTGATCCTTAATGCTTGTAGAGCGTGTTTTCTAAGGGCGGCGACTCCTTCTAGTCAACCCCCTTTGACTAGTCGAAACTCTCTCAAGCGACACCTTTACGAGAGGGTGCCACTCATAGTAAC,1327,51.7,Homo sapiens
SEQ_988154,AGTCCTAGAGCGAGGCAGCTCCAAAAACCTACTGCCAACTTTATTCGACGAATCAAGAGGGCGCACCCGACTTTAGGACCTTCATCTGCTATCTTCCGCGGCTAGAGGATGGCGTGTAAGGATTGTGGAGTCGACTATTCGGACCTGGCAATAAGAGGATAGTCAATCTTGGAAGAGCATCGGGTCAAAGGTCCTGTAATACCATCTACGAGGCGACAGTAGCCCTACCTACATAATGTGGGAAGATTCATAGACGATCCTTGCACGATGGGGCTCATTATCACACAGTCCCGAAGGAAGATTCACGCGCGAGAAGCAGCCCACGCGGTCCCAGGGGAAGGATGGGTATCAAGCCACCAGCGCAGTACGCGATTTATAGAAGACCGGTGGATCTTTTGATTCCGAGTCCCGAACGTCGTCGTTCGCCGCCGCCTAGGATGCTCTTGCGACTAGTGACTTTTTTGAAAGCATATGGTGCGCCGACCGGCAGTGCGCTGATCGTTACTAAGCGGCAGCTAAAACGTGTCCTCTGACGGCCGATCGTCAGGGTGAGAATATAGGAGCCATCACCGTGGAGGGTCGGGCTCTAATAAGGTCGCTCACAGACTCGCGTGTCGGTTACAGAGCAACGGTAATTGGATATTTGGTAGACACGTGAGGCCATAGTGCTTTAGAGCTTCGACTGAAGCCTAAGAACCACGGGCGGCTCACTTGCGGCGATGTCTGATCCTCCGTATTAATTCTGAGTGGTTAAGCACTCACAGAGCAGAGCGATGCTAGCATTGCGCTGGTCACTGTCTCGGCTGGAGCGCCGCTTCATTCTTCTGTTGACAGTCCGTCTAGCAAACGCGCCTAGGTACGTGAATGTAGAATGATTTCCACTAAACGTATTGAGTGAGAATCAATGTCCCATAGGGTTAACCTTACCGAGCCCTCGACGCACTGTGGAGCTCCGCATTAAGCTTCTACACGTGCCAACCACCGACATGGCAGGATCCTATTAGAATGGCGAACGCGTTAATATGGCTCAAGCGTTTTCCTGGGACAAATGGAAAACGTTGACAACCATCGGAGACTGTACCAGGATCCAAATCTTTATGGAAGTGGACTTGAGTCGTCTCTCCGTAATTTTCTAGTAGGGATGGGTTAGCCCACGACAATCTTGGGCTCCACAGGGGAACGAGACCACCGCACAATCCTCCGTGGACATGGCGCCTCACCGACTTATGTCGCTAAAAACGGACCCTGGGGACCAGACGCACTCTTATTTTCGTACCGACTGTTAGTCATCATTAACTGCCGTCCGTACATTACCAACAGGACCCGAGTCTAGGTGGGCCATCCACGAGTGGTAGGAAGGGTCATGATTTGCGGTAGTATAGGCTTCTATATCCACGATTTGTCTACAAATTGTTATGATCAACGACGAAGTATTTTGTGAATTGTACTCGCAGGTAGGCGTATAGGACGTCCATTCATTCACTGAAATGTGAATAGACTCGGGGACGCCTCTGGGTGCGCTTTATTCGCCGGACCTTGTCTGTGGGGATAACATCCCTTGAGGCCGTGAGGAGTATGGGGCGCAGCATTTGAGCTGCATGGTGACTATAGTATCGGATAGGCTCTGTCCGTAGTTAGAATTCAGCACAAAAAAGCGAAATGGCTCTTCGAGGGGCGCTCGGTGCCTGCCAATACACACGTCAACTGACCGAGAACTCTCCCTGACTAAGAAATTATGCGTTCAGTCGTAACTATCTAACAGTTACGTTTGACAAGCAGTCGGGTCACGTTTGTGGAGTATGACGCTTTTCGTCTAGGGTGCTATCGTTCACGGTAGGAAAGAGTAGCATATCCCCCCAAACGAGAAGTCCAGCGATATAGTGTCGCCCATGTGGGACATATGGCAAATGTCTGGGAGGTTTATTCATGCGAGAGGCTGGCTCTCAAGTCCCTGGAGCGCCCTATCCTATTGTGGTCTTACTCATAATA,1989,50.93,Arabidopsis thaliana
SEQ_164889,AGCGAAGAACGAACCCGATTGTTGGGTACGGATGGCTGGACAAGGACTGTCAGCTAT,57,52.63,Saccharomyces cerevisiae
SEQ_634268,GCAGACAGCATCGGAGTATTTTGGGAGGCGCTTATAGTGATATCTCAAGGGCGACCTTATGGAGTGGGCGCAAGGTGATCGGAACTCAGCAATTACAAACCCGGTCCTTTGCCTGGCATAGGTAGTAAGAACAAAAAAGCTACCGCATATATACTAAACTTACATAGGTGTGGTATTGCAGCACGACGATCGCAGATAAT,200,46.5,Homo sapiens
SEQ_544488,TGTTGATACGATCGCTGAGCGTTGAAGCCTGTTTTCAAGTCCCTCACCGGGATGCTCCCCCGCTCCTTTCCCAAGTCTCACCAAGCCGTCAAATGGCTGAGCACTACTTGGAGGAGAGGGCGACAGAGCTTACTGTCACAAATAATGCGCGGGCATATGTGTTTCTTCACGCGCCGGAGCTTCGTTGAGCGGTGCAATCGCACGATACTAGTGCATGAAAAGGTACCCAGACCAAAGTAGGAATGTTATAAAACCTACTCAATGCGCTCGCACATTCAATGATGTGCTGCGGCCTAGTACTATATCGAGAGTTTAGAAGTTGACGTCCAATTGTGTAGCATGACTTAAGCGAAACTGATATATAGCACTTTACGCGAAGAGAGACCAGACATTTCCTGTGCGAACAACATGTTAGGGATCTCACAGTCAGGTGGCCGCAATGAATCTCTTAACCTCCACAAGTCGGTTTTGTTG,474,48.52,Homo sapiens
SEQ_450465,TCAACAATTAGTTCACGTCATTCGGTTGCGCGTAGTCTCCCTGTACGGAGTGCTCTTGAACTCGATCGCTTCCTCAAGCTGTTTAAACAATAGGCTTTCCCTCAGCTCAGTCAATCTTAGGAGGGCCGCAATACTCGGGTGCAGAGAATGTGTGATACTTTTCTGACGCGGGCTAAACTGTTTGGTGATTTCCGATTAACACTATGTTAATATATCCCCTAGAGGCAGCTATAACCCACAACTAGCGGTATACTGAATAAATGTCCCCAGGATAAAAGGCGAGTACAGGCACGTGTCCCCCGAAGGGGGCGTTAGCCCGCTATCCTATGGTGGATCGTGAACTTATACGGTCGCAATCGCCAGTTTGCCTCTAGCTGGTTAGCCTACGTTGTGGTCACGTATCTGGTTCGGTAGGCGAGTGGATATTCACTACTCCTAGTCTATGTTAGCCCTGGTAGCAGGTTATACAAGTTGGCATGCGTAAAGTGACCAACGAATCTTACTACATTACGCAAAGATGGCTTAATTCAAAGATAGAAATGCCTTGCACCCGCACCAATCGCCTGCTGTCGAAAATATAGGCGCAGCAGTGGACGCGGTAACACATTGGATAAATTTAGGAGCGATTTGCCAAAGTGAGAGGTCTCCACGCATGGATTTGGGATCGCAATCCCTGACTATCGGGAGATTTAAGTCCTTCATTGAATGCATGTCTCCTCATGACATTGACTGTGATTAAGTCCCTTCCTAGGAAGTTTACAACTCCTGCCGCATAGTCGTAATTGGAATTTATCGAAGATGTAAGTTAGATCTCGCACGCGGCTCTGTTTAAAGGTGTAATAGTTAGCCTCAATTGTTTGCAAAGGGAGATGACCCGTTGACTTTAGAGTGATTCTATGCTGCTTGGTACAAGCCCCGCATTCTTGTATACATCGCAAAATCTGTAAAGTCTCGTAGATTTAGCTGCCGGTCACTTAAAAAACCTAGAACTGTCGATACCTTTATCACAGGGTGGCGATCGGTACTCCATCTACTCTATGCTAGTATGGCAGGACATGAAGACAATGTCCGGTATCAGCTACTACCTAGCTGCTACAAGGTGTCAGATCATAAAACGAATTCTATCTTAACCTATCGATGGGGTCAATGATCTTGCTCCGAACGACCCTTGCACAAAAGAAACGAATGTGAGAGGGAGAAGTGTTGCCTAGCAGTTTGAAGGAACCTCTAGCATAGCTCAAATGCTCTTTAAGGCGTCACCCAATCTTCCATGGAGTGTCGCAACGGGGCTTGATGACCCTGAGGATCCACGCGCCACTGCACGTTTATTGGTAGTCATCGGCCAATACGTCTTTGGTTCAAGGCAGTCCGGAAAGTACTGAGCGTTGAACTAACGGTGTATTGATAAATTAAAATCCGCCCGTCCGGTAACACCTGAAGAAATGGCCTCCAGTAGCGGCTGCACTTTTCTGCAGGTTGAGGTTTTCTTGAGCTTTAAGAGCCGCAGAGGCTCAGGAGACAGGCGCCATGGCGCATTTAACTCGGAACCCTCACGCTCTTG,1561,47.15,Escherichia coli
SEQ_174806,AAATGTCTATCAAGAGTGTGCTATAGCTGAAGAAGTGACACGCCTTAAGGACAGTCGTTCCTAACATAGCTCTACGTGACGCTATCGCCCCAGGCCGATGCGCGGTCTTTTAAGGGATTAAGAGTAGGACGAATTATCTGGATATACTGAGCCTCAGCTAACCCGATGGCTCTACGAACATACCATCTAACTCGCGGGCGGGGCGAGTCTTCCCTAC,217,50.23,Saccharomyces cerevisiae
SEQ_956635,GCGTATACAGAACGTTAATCGAAGATTCTTAGCTAGGAATTAACCTTCGGACTATGTGCTTGAGGTAACGAGGAGCAACGACTTATCTGTAACACCTTCACTCAGTCGTAGTTCCATGTTCCTCGAGAGGTACTATTGAGCTACCACTCCGAACGTTTGGAGGATTCAGTAGGATACAGTGCGTTTGGGAGCGCATAACCTCGGGTCAGGGATTACGGTGCACAGTAGTGGAGTTGGACTTGAGTCAGTAAAATTCATGATCCATCCCCCCTGCGATCTAGACAAGGGTATCGCTTCACCCCAGGGGCCAGCGGCAGCTCCTGGCTACACCACCGGCGGAAGATGTTCAAGGTTCATGCACACGCGGTTCTCAGACTTTCCACCTCCGATGGCTGAGCTCTATTCGGTCCGCCACGTCCATTTGGCACTTTTTAGAGATCGTATTTTTCAACGCGATGGATCTAACATTGTCCAAAGTCAGAATACCAACGATTGTCTTGGTGCATTCATTCGCCTCAAAGGCCAGGTATTGCCGAGAAGGGGGCCGTCTTTGGCACACAGCTAACAATCAGCCGCTATCGACGTTCTACCTGAGTTGATCTGTAAGTGGGGGGTCCCAGATAGTTAGAGCTTAAGGGGAGATGCAAGGTATTGGCTCCTGTAGATTCGGGTCGAATACCTCCTGTATGTGTTTGGCGTACATTATGAAGGCCGCGCCATACAAGTATCTTAAAGCATGCGCTCACAACTTGAGGGGGATGTTGGACGCACAGTGGCGTCACAGCGCAGGAGACACAGTTGCAGAGGTAACTACCAGCCCGTGCATGCGCGCCATTGCATGGTACCGCAAGGCCAGACAAAAGTTGTTAGCGATCATCAACGCTCAGTCCTTTGTTTCGAACGGCCTTTCACTAAGGGGCGCTCTTGTCTACATGGCAATAGGGGATAAAAGCCTACTTGAGCAACAAGTCACCATCGCATGCTCAGCTTGGTGATCCCCCTGTCTTACATCACGCAAGCTCAAGGAGGTGGTTTATTTATCAGGGTGAACCCGGCTTGGTCCGTGGACAACACGGACCATCCAAACCAACGTTGCAGGTATTGCCTCGTGCTGGGTGCCGACAGACAGCCGACGACTTACCCCAGTAAGAGCACAGCTCAATCTAAATGATGGGAAAGATGCAAACCCCTAGAAAATTCCGAAAAATGCATCCGGAATACATTTTCCTACCATACCACGCCTCTTTGTTACTCAAGGT,1259,50.44,Arabidopsis thaliana
SEQ_331911,TGTCCATTCTCATCACCAAAGGACACTCCAGTTGAAGCCTTCATAACGCGCTTCTTGTGGGACTCTCGAATGGCGACGGGCGTACTTCTGATCAAGAAGCATTCAGACTGGATAAGCATCGGTCAATTGTCGAGACAAATACTGATTTACGTTTATGCTTGTGGTATAAGCGCTATTGCGGAGTAGGAACACGCATCTCACGGGTTGTAAATGCTATTTTGACCCGCCCGCTGGAGGGCGATTGGGTGTTCTACAAGTAATGTCTCATACTCATACCTCACGCGGAGCGTTTAAGCGCCCGGCGATCTCGACGTTATCGGAGTGACACTCTGTCAGGTTCCGACGGGCGATGCTGTTCTCTAGACTATCTATGTCCAAAACACACTAACTGTCTTAGGGATGTTAAAGAATTCGGTGAGTTTGTCCCTATCCAAGATGGGGATAAAGTTACATCATCCGCACTGGGAAGCCAGTCGAATCTCTTTATAGGTGGAAATGGAGTGGCCACAAACCAGGTATACGGTAACGAGTTCCACCCATGGTGTGCAAATCAGTCTTGATCATCAATTCCGGAGAGAGGCCATGTAAGTGCTTGTACAAGCGGCCCGATGTTTATCGGGACCGGTCAAAGACACTGGACACTACCTGGGGTGGACGTAGTAGACAACTAAGAAAATCGACGCGGAGTTGACGGACTAAGGGGTTAAAGGCAGGGGGTTAAAAAGACTCGAGCATATGTTCGAATACCATAGCAAAAGGGGTTTCGTGACCGGGTGCCTCATGGATTTTACCCCGCAAGCCATGATGTACCATGAATCCCATCAATCCGGTAGCGCCATCAAGTGAGGTAAGGGTGTTCTCTGGTCAAGCCGTTATACCCCCCTCCTCGGGGAACGTAAAAGTGTACTGCGAGCCTGAGGATCACGTTTGCAGGGATTGTCTCGACACCCTTCCG,955,49.63,Caenorhabditis elegans
SEQ_190725,CCGGGAAAGATTGGCCCGCACGGTAAGCCTCTCATAGCCCACTGTTTTACGTACGCTGTGCTTCTGTTATTAGTCTTAGAGGTCTGGGTCCCGCTATTGTTTCTCGCCATGCCTTGCTAGTGTCTTTACTATAACGATAAGTTCTTAGCTAGTCTAAAGAAAACGGTCTGCTACGGACGCAAGTTCTCCTCACGCACCGCGGGAGGCGCAGACGGCCTATTACGAGACCTAGTACCAAAAATGAAAGGCTAGAAGGGTGAACACGCAACACACTGCGAAATGACCCATTGAACAGTCGTCCATCTCTTTGTTTCCCTTTACCCGAGATTACTTTGAACCAGTTTTGTGAGTTTCCACTAGCCAGGGTCTGGGGTACTGAACTAATCTATGTATCGCCGATAGTTCTATGAGCCGCGGGACTTGGGGCGCCTCCGAGCGTGTAAGTCGTGAGGAAACCAAATGAATCTTTCACGCTGGTGAGCCGTGACCCGATCTTCCCTACAACGGACTGACGTATTCACCTAGCCAGACCAGTTCCATCCTAGCCCCTGCTTTAGAAGTTAGTAACCTTCCTGGCCGTCGGGAGAAACCTAAGTGCTTCCGTTGAAATACCGAGAACTTCTCTTTCTATACACGTTCTCTTCGCATAATTCTCTAATAAAGGCACGGCCCAACTCCGGTATTGCTGGAGAGAGGTTGCGATCATGAAGTTTTAGATTACCTAGACGATACTAAAGTGCAAAGAAACTAGATTCATTTCACCTACGTCGGAACACAGTAGATGGGCAGGCCGTTCCATCCGTTAGTGAGTCAACTAGTACATCAATTGCCGTCGCTTAGCATGACGCTTATGATCCTCTACCGTTATATACGGGCAAAGTGCATATTGTACACTAATTAAAAAAGGCCTGTGTGGCTGCACGCCTCACAATTTCCGTTAATAAGTAGATTCAGAACCAGCAGCCTTCCGAGGAGGAATCGCAAGCTTTAGCTTCGCGGTAGCGTGGCGGAGCGCAATTTCCTAAAGCTAACATCACTACTTTCACGCGGCGTCCCTCTCTCAACACGCGCAACGCAGTGTACGAGGGTTGGTAGTCGTCAGCCTCTGATCGGTCGATAGCTTGTGTCGAATAATAACGCTGCAGCACTCTTCTAGCCACGGACGATGTGCAAGTGGTGAGAAGCTAGCAATTTGCCTCCATTGTAGCTCTGGGCCAACGCGAGATGGTACGTGGTCTGCTTTCACCCGCCAAGCACGTTAGGAGTACTACACGATATTGAGGGTCTTTCTGTCGACGGAAAGAAGTTAAGCCGTCCTTTGCACTTCATTTGAGGTTCCCGGCATTCGCCGATCGAACGACCCACCCCTACGTCCCATCCGGAGAAAGAGCGCTACGTTCGGAGGGGTCCCAACAGTTGAAGTCTTTACTTCTCACTCCGCCGTGTGGTTGTTTAATTATCGTGTCCGGCCTCAATGGTAAAATGAAAATCGACTTCCGTCTACAGCTGAATATCCACTCATCTATCTATAAGCGGAGTCCAGTGTATTTGGGCTTCACCAAGCGTGGGACTTGATCCGCCCACATCGCGTA,1592,49.56,Escherichia coli
SEQ_181958,TTACGGTAACGTCGAGCGAGCGGTAGGGCACAGGAACTAATTAGTCTCGACACGTCAGGTCGAATAGTTATCTCGGAGCTCGCAGGTATGTGTGTCGAATATGTGACTGCAGAATTTCCCCGGTCCCAAGAATGTCTAAACAGTAAGGATAAGCTAACATCACCATCGCGGGCTAGATAGGAATAACTCAACCTGGTTCCCACTAGCGCTACCGGTCGCGGTTGTTACGCAGATTATTGATTATGATCGGAAGGGTGTTTGAACGTCTCGGCGGTTTCTCGGGTTGCTTTTCAAGAGGATCCTGAACTAGAGGACCGTCGTGGTCCGTGTTGCCTCCTAATACTATCCACACGCTTGTAAGCTAAATAGTAAAGCAGAAGTGCAGTAGACCTTCCGTTGGGTTAAGCTAGCTCTCTCGCACTCCGAGATTAGCCGGAAACAACCGGGTATAAACGGTACAACCGTAAGTGAAACGGATCGTCGTTCTAACACTAGAAGAGCGTCGAATGCGGAACTTCATGCAAAGAGTACCTGGTGAGCACGCGTGAGATGAACGCTAAGAGCGCATGATAAGGGTGGATAACGTATATGGCCAAGGCTGGGCCAGTACCTGCGTACTCACAACACCGTTCACCGCGTGGTGCCAAGTACTGGGTCATATAGATGAGTGGGCGCGAGAAAGCCTTGGTTCCAAATGTTAATCTTAACGCCACGAGAGTCCACTTCAATACATATCCCTGAAATAGTTAGGCAAATCCAGTGTTACTTGAGTGGCTCAGAGTATTCCAAGCCCTCGCCAAAGCAACCCATCATTTCTCGTCCGTAGGCAAGTTTCTCGCCTTGTCTCAGATAGAGTCCTTTATATTACGTGCTCAATCGAAAAATAATCTGGAAGCTACGTTCCTATTGATTCGCACCCTGACAAACACGGCCTACACATAAGACTGGCGGTTAGATATCTGCGTGATTGTCGGAGCGAAAGGGTGCATAATTTACCATGTCTGATCGCTTTTTCGATGAAACAGCACCTCCAAAGGAGAGCTCGACGACTTCCGAGTGCTCCCCAGAAACACTGGCGGAGAAGGGCGCGGCATTGGAGCCACTTAGAACTGAAATTGCGCATCCACACTGCACAGGTGGGTTAGCCTTTCATACGCTGACGACGTACATATCTACACTATTAGGATTGAATGATTAATGGTCAGGTTCCACGCGTGAAGGTCAAGTGCGGCGGATATTTAGGTCAGTGCAGTCTTGCGACGCTTCTCGTTGACGACAGTGGTAGACAAAAACATAAGGTAAGCGATCCCTCGCTCGCGCCCAGATCATAGTAGCACGCTCAAGTTGACACCATACCCCCGCTACCAAATGGAGGGCGCGGCATACCCGTTTAGAGTTCGCGACAAGACGACCTTCTCCATCGGTGCATTAGCGACCTGTGTCTCCCGACGTCCAACCCCGCGATCAGGAGCCTATTTC,1479,49.9,Caenorhabditis elegans
SEQ_739208,TACTAAAACCTTCACTTACCAGCCGACTGGTTAGCTTAAGGATAGAGAAAATATGATCACTGAAGCGGGTGCTACGAAAATAGAAGCACCTTCTGCATTTAATCCCGGCTGCGTCGAGCGCGCGAACTCCTTACTCCCGCTAGTTCCGTTGCACCGTAAGAACTACTACAACCCGCGGTGTGTATACCCGGAAACAAGGAGGGGCGGTCTGAATGCCTCAGGGGCCTGGGCGGCTAAAGAGGGGTCTCTTCGTTGTAAACCGACCCTATCGGGCACTCAATAGAACTCAAGTAGCGTTTTTGGATGTATGATTGGGGTGACGCTTCCGAACGCCAGTCGAGATAAATAAGTGCTTTTCGTGACATAGGACTCCCAATAGCGTTGCCGTCCAAGTTAGCAAGTTTAGGCCCCATCTCTACGACAGTGGCCGTGAACATTCAGAGGTTTGTGCACTATGAGTGGCGCTAGACCCGGTTCCGAGAAGCTCGCTCGGAAAGCGAACAGCCATCCGTTTGGACCTTTGTCATACCTTAATTATAGTCCGCAAGCCGAACGTCAGGAGCGACCAAACTTTCATTACAATACCTTTTACTTCGACAAGCGTCGCTTCTTGTCCTTTCCACTGGGTCGGCATGTTGGGCCTGGGCCGACGGTATAAATCTCGAAAGGCGACGTACCCTTGGACGGTTTTCGTATGCTTTAAACATTTGTAGCCATGCTTCCACGAGTGTGAAAGTGGGTGGTGTGTGCTGAGGCTAACACCATGTAGTGCGCGATCGTGATTGGTGTCATCTATAGGCGTGTCACGGGAATAGTAAGGCGAATAGGCATGGGAACATCGGTCTTCGGCATTGAGATTGTATCTCAAAAACTGTGAATGTGCGCAAACACCCGTAGGGCGAAGAGCACAACCACAGTGTCGTGCCCTCTCCAATGGTAGTATCAGGATGCATGAGACGACGATCATTCGTGCTCGGGCGGGGGATGCCCAAAGTCTCTATGTCCTCTCGACTCAATCGAGTGGCTCGTAACAATTCGGGATCGAGTCTCTGAAGCTTGTCGCCCATGTCCGGTAGCAATGGGGTGGCGGTCTCAGAGTCCTAGCGGATTGACGACTCTATCTCATCCACAGCAGCAAGAGCTGTACGTGTATGAATTATGGACCGTAAAATTG,1174,51.02,Escherichia coli
SEQ_423915,TGTCTATGCATGGCAGTTGCCTCTCTTAGTGATGTTGAGGGGCGCACACAATCAACATCTTTCTCACCTCCTTTTGATTGGAACAGCCTAATGCTGAGGCTTCCAAAAAGTCTACCCGACTCGTCTAGTAATCTTATGTTATTTGAACCGCAGGCGGACGCGCGGCGACCTTCCTGGTCTATAGTACGAGACCAGTTATGCTAGAATTGGGTAAGGCGGCCGTTACCGAGCGGCCTGGGCATCGGTGGAGCAGACCATTTGGCGATTATCGAGTTAACCTATTTGAATGGGTCGAAGATGGTTTAACTGGGTATGAGTCGAACCGTTCGGTCCATATGACCGCCACTCTGTGTAGGGGCCATTACAGATACATTCGGGCTACAAAACCTGTCATGACCTCTTCAGCCCACATTAAGGTAGGACACCAGCGGCAGCTGAGTTGAGCGGTAATATGACTAGGCTGTCAAATTGCAAGCGTCTAACCAATTTCGGGCGACGGCATTACGCGTATAC,513,50.1,Arabidopsis thaliana
SEQ_765845,CAATCGAACAAAATCTCACGTGGCGATCTAAACAAGCCATCCCTTTGCCATTACGGTATGTGTCCTCGGTAGAGAGCGGTGCGGGCGCCAACTAAGAATATACTCAAGATTAACTTGCGAAGATACGACAATGGGAATCACGATGTATTCTAGTGCCGTCGTCTGATCACCCCGGCCGACATGAGCTGAGGAAGTAGGAATGTGCCAAACAAGCCCGCCAGGCTGCGCAAAATCTTCACGGCAGCCTAAAGGATTCCCATAGCAATATTTCACGAGCGACCTTTGTCATTGGCACTCCTCGGCCGAGCTGCACGGACGTTCAACAACTATTTCACTATTGTCGCCGTACATGGGTTGGATAAGGGGGTTCGGGCAGAGTGGGTCTTATTCTATTACAGTCAATCAGATTAGACACTTTATATGCAGTAATCAGCAATGCCTAAAATTAAGTGCCCAATTTTGCACGCAACGTACATCAGCTGTTAAGCCAATCGGACCCCGAATTGAGAAGGCGCGTCGTTTGACCCGGTATAGGCCACTGCAGTGTACTGTGTGTGTGGAGCCGAAACCAGAGGGTACACTTTCGTAAATGTCCGGGCAATGACGTGCGGAGCAGGCCTCTGTTACTTCGGCTCGTCAGAATTGACTTTTCGAAACTATAGCCCCCGCGTATTCATGGTTGAATAGCGATTTCACATGATGTGTTACGCCATATTAGGACAACCTGGAAATCGTTCGTGTTGTTTCACAGCTCGTGCTTATGCACAGCCCGAATTGAGTAAGTGTCAAGTTCATTTTTCGAGCCTCGGACCATTAGACCTCCATATTTTCTCATAACTCTCAGGCCGAGGCATGAGCTCTACAAGCATGTAATGCGGTTTGGACGACTGTTACTATCAGTCTGTATCGGACGTCGGGTATTTCTGCATGATAGACATGTATGTTTAGTGGTACGTCCGGTACTAGTTAATCGGTAGGACTGGGGGACCGCCCCTCCAAGTTGCTGGTAGTAGCGTCCTCTCCTCTTGACCTAAGGTAAATATAGGTCCGAATCCATTAACTGTCTGTCCCTGGCAGATCATTTTACGGGACACCTGGGCCGGCGTCGGTCTATCCCACCGTGGGAGCAGTATAACCTGTTAGGGTGACTATGGAGGTATGAACATTCATCCACCAGAGATCGCACCTCTGAAGTGCCCCATTAAAAGTTTTGGCGTTAATAACCATGGTGGAGTTACTTCCTGGGGGGAAGGATCCTTTCGTAAGCGGCCCCGTACACAGTGCCCATTTCA,1292,49.07,Escherichia coli
SEQ_476300,ATGATTCCTTCTACTAGGATTCTAGGCTATAGTGTGTGTGCACAGTGCCAGTATTTATACCAGGCTAGCTAGGTTGATGTCTAAATTTTAGATAGTGGACGGTCGGCGAAGTAAGCATACGCTTATTTCGCCGATGGCTAATCAACAGTATACACCGGCCCGGCTCATCTGATCCATCTTAACTGGGCCGGCGCCTTCGTCCAAGCGTTGACTCACAGCACAGTGCTTAGCGTTTTCCGTGCCCGAACCATCTTGTGTTATCGGCGATCTTCGTGCATACCAGGACTTGCGTCGGAGTGTGTTCGTAATACGGTCTGGCGCCACTAAAGTTCCGAGAACGATTCTTGACTGTGGCTCGTTGTCTCTGGATGACCGGATCAAGCGGGGCGCCATCTATAAGGAGCGGTCTTGCAGCGTTAACTGGTTCAGACGTGCCATCAGTCTTACTTTGATTAATTTCCTGAACGTGCAAAGAAATAGGGTGCGTCTTGGACGGCTTTGTAAGTTCTTGGATGCATCCAAAGCTTAAGGTGCTAACTAGACACGAATCCTGGTACAGGATTCATTCCGTTCTC,575,49.04,Drosophila melanogaster
SEQ_716193,CCTGAGCCTCGGACATCCTTAGGGAATTTTTGGCATTCGCAAGGGGCGCCCCACCGGCAAGCTGAGACGCGCAGCCTAGTAATAATCTTGAATCCGTCGATCTGCGAAGCACTTGGTGAAAGCTCCCGAGGGTTTCTGTCGGTGTAAGACCACTATACCAACATGTAACGTAAGGCTCCCCGATAAAACGGCACATTTTTGTGAGCCTAATCCACTGCGTGCATTGCGTTTTCCCATAAATCTCCCCCTAAATATACGGAGCACAACTCCATCTCATTACCATCTACTGTTGCACAATCCCTTATGTGTGTGCGTCATAATATGTCACAGAGGTGATCACGACTGTTTCTTAGGAACGCCAGACAGGGTAGTTCCCTAGGATTGGCATTCCATTGCAATGGTCGATTATTTGCTAACACCCTGAGGCTCAAGGTCGTAATCCCACCGCCTTTGAGATAAAATGCTGCCCTAAGTTTTCCTTACACGCCGCGAACAATATGGTGAGGTTAAAAATAGAAAAATGCGTGTACTCCGTAGAGCGCCCTAAAGGGTTGATACCGACTTTCACGACTGAAAACCTTCGATGTTTATCGTCCATCGCATGCCTGTGCAGAATCACGTGCAGCGCTCAAAAACGTTGACATGTTAATACATCGCGATCTGATTTTATCCTGTGGCCAACTTTTTTGAGCGCACTTTCCTATACACAGCCGACGCCTTTGACTCTATCTATAGCAAGAGAAAATAGGTGGGCAAGCTTAGCGCAGCTCATGTGTGTGTAAGTATACGT,790,47.22,Caenorhabditis elegans
SEQ_529353,CTCCCATACAGCGTCTGGGTTCAGCCCTAAGTTCGAGGGTGCTGGAAGATTCATGCGACTTTGGGGTCCGGCGTGGAGCTTATGAGGTTATGGTTTTGCGCGCCTGGAGATACAGAAGACAGACTAACTGCTTTTACTATGACCAAACAGCGTGGGACGGATCTCAGCAGTGCAACAGCGTTGCAGGTCACCCGTCTCCAACCGATGGTGGGGGGAAAGGAGCGCGTACTATAGAGCCCTAGCGCGCTTCGCCCGAGTAGCCTCGCGCCCTAACACCCAACTCGGCAAGCTATTGAAATAAAGTCACTAATAGGATACGTTACGGTCGGCGCATCGGGTAGGCCCATTAACCGGTTACATGCGCCCCGTTGACGTACAACTGCGACTTTCCCAGTTAGCTGGGTGTGCATACGCTAGAAGTTGTACTTTCACCGCTGGTCGGCAGCGCTTAACTAGTTACGAGAAATGCATACCCATCCTCCCGCTGTCGCTCCTACAAACCGTAGTTAGCTACGCACGGTGGTATAAAGGGGCTCTTTTAACACCTGTCTACCCTTTTTCATTTACTTAAACTTCGATGGTCCGAACCTGAGGCCGAAACCGTGGTGGCGTGCCCATAAATTATTTAGACTCCACTACGGTTCAAAGACTAAGTCGGCATTCCCATGTATTACGACACTAACACGCCTTGAATGGACCGTTAATTTAGTGCATATCGGGGTCACATATTTGAGCTCGACGTAGCTTGGTCAGGCACTTCGCCGGCCTCGAGAATGCTGGATTGGGGCGAACCCGATTCGTGCTAGAGCATCTCATGGAACAACACAAGTCACAGCAATATGTGTCGGGCGAATATATGCCGAAGAAGAGGAAGAGAAGTTCTTACTCACCTCCTCTGTGTGGTACGTCAAACTACAGATCGGAGGGCTTGAAATGATTGGTTCGTCCACTTCACAGTCGTAGAATTGAGCGTACACATGATTTGCGCACGACGGATCAAACAGATTTCCTTCTAAAGACGCTTGAAATGCCTGCCGTCACCGATCGTAACTGTCGCTAATGGGTCACCTGCCACAAGGTGCGCTTTGTTGCTAGCCGGAGGTCCCAGGTTACAACCGACTGCGGAAATTGGAAACACGTGGTTAACACCAGGCGTATCGAGTGACTCAGTAATACACGGCTGCCTAATCCCCCACAAACA,1201,51.29,Drosophila melanogaster
SEQ_125914,TCGCTGCAATACCCAAAAGATTGTGCTGAATCCTGTCTGGATAATCATCCGCTATAATGCAGATCACCAAATGGTGCACACTCAC,85,44.71,Drosophila melanogaster
SEQ_263208,CCATGGAGTTAATCACTCGAATATAACCTGGAACCTCTTCAGCTGAGGTGAATGCGGGAAGGACTCAGAACCTAACCACAGTCTGATTCTTGGCGGCTACCTCGACTAACTCCCACCAGAACGGGGCACCTGGAGGGTCGAGTCCGAGCAATACGGGATTACGAGCCTCAGTTCTGAGATCCGGGCTTGAAAGTTGACCCCCACTTACCATATCAATACAACCTGTATTACCTCGTCGTATCATACAGGCTAAACGTGCATACGGCAGGGTCGTTATGAAGTCACCCGATATCGAAGATGGGGCGATTGGATCCTATATTAAGATTCGGCTCGTAGGGTGATTTAGGTGAACCTCCGGCAGTTTAGCTTCGTACACAGTGCTGGGGCTCCTTACGCCTCGTGTAGAGTTCCGAGACGTCTCGTCAGGCATAATCAAGAATCCCTTAAATTTACTGTGGCGTTCAGAGCGAAATACCCAGGACTCGTCAAGGGGGTCGAGAGTGGTAGACTCTTTGACTGACGTGGGTTCTGTCGGGACATCAATAGTACTGTACGCAAAAAAACGAGGACGCCCCTAGGGTATATGTAGTGCCATTTACATAATGCGTAGGTTAGCGTCGCAGCTACTAAGGGGCGTCAGGCGCTATTGGACACAAGGATTAGCACTTGTTCGAACAATTACGTCTCGACGGAAACCTACCCGGCTGGATTTGCGGCTGGAGCACAGATCCAGGGTGCGATTATGCCCCTCTCTCGAGTGTCAGGTATAGGGTGTTTAATCGTCCGTCCCTCCAGCAAAAATCGCGTTAGCACCCACCTGGTGCCATACTTCATACGGAATCCGGATTGCTGACAGGGAGAGGGAGAGGCATTTGCATAGAGGTGGAGACTCTGATGATTCTCCCTGCACGGCTACTCGGTAGCATTTTCCGTTACGCAGAAAGATGGACGTTCATATAGAAAAACTCGCGTGTAAGCTGCCCCCCATAGGCAGAAGTTGGGTTGTCCGAGCTTGGGGAGCGTTAGTTATGTGACCCTGTATGACCAGTCATGACTCTATGTAAACCAGATCAGTCTATGCGCCGGTGATCAGACTTTAGGCAATCCGGTCTTTATGGTGAAAACAGAGCCACGCATAAGTGTCCGGCCATTCAATAGGTGCACAGGACAACGTGATGAATTATTCTCCTGTCTTAAAGGTACTCATCGTTAGTGCCGTGTCGGTGTCGGCCCGGCACGCGGTCCATCCAAGCCACTGGATCGACGGCCGTAAAGACGAAGTGGATGTAACGGGCGATTTGCGTTCGACGCCACCTGATGTGATCGTTCTGCATGCTGTTAACTTTTGCAGTCCAACTGGTGCACCATGACTGAGTGCTCCAGGTCTCAGATAATTTTGTAGTCATCGCGGGGGTGTTACTAGGCGTAAATTCTGTTCATACGGGATACCACTCTGCGTATAACAGAACCAACCGGGCACTTGAGAATCCCTTACGTCATATTTTAACTTTGGTTGCTAGATCTACTACGAGCTGAGTGCGACATGAAATAGGTTTGCGCCAAATTGACTACCTTTTTATGCCTTAAATTATCCGCGTGGCCAATCAATGCCCCGGACAAAAATACCCTGAAGATGCGGTACAATCC,1647,50.09,Arabidopsis thaliana
SEQ_196483,TGCCTGCTTCGCCTTAAGGACATTTTGCGGGCTCGTATTCTGCCACGGGCACCTAAGTAACAAAGGATATAACGCTTCGGGGTTAGCTGGATAGTCCGGCTCGTAGCTTAGAGTAATACTCGTCAATGTTCGATTTTTTTAGACCGTCTATGCGACCGTTACTCTCCACACAGCCTCGTTGTGCTTGCTATAGGCGGGACCTACTTAACCACGTGGCCTGCTAGGTCGCGCACTTGCGCTGCCGCTGCTGATTGGACCGAGGTCGAGATCATCGCGATAAGAGGCCACTTTCGTAGAGGAGTGTCCAAACTCGTGGTAGCTGTGATGGCTTGGGAAAGATGAGCTCTTCCACCGTCTGGCTATTGTTTAACTGGGATGTTACCCTGTGTGGTCCGCGAGGATAGTAGACCTTTAGATTCCTCGGGGAAAACAGTTGTCTGTTCAATGTCCCTCGATTGTACATTGCTGTTGCTTATCGACGATTGAAAAGGTAACGTTTTATCCGAGGAACGCCGGAATTAGGATCGGATTGTCTTATCTTGCGGTGTATACCCCTTCCCACGGGCTGACAGTGTTTCTCAATTTCTTAGGCCTAACACCAAAGATTTTCTGATCAGGACACGCGAATTGGTATGTATAGTATATTGCTGATCCCTGATATCTCGAAGTTATGAGCGCGAGTGGGTCGTCAAGCCAGGCGTAAACTTGAGCCACCCACCCGCCGTCGAGTAGCTAGGGCTACCAAAAGTCAAGACGTTCTGTAACATAGGCATCATTGCAGTGATTATCAAGAATCCTAGAACTTACGTTTTACGGTATCCTCCCTATATGGTCACACTATCGTCGGAATAGCAACCCCAGTAAACACGTGTGGCATCTGCCAACAAATGAACCGTGGAACATAGTAAAATGGCAGTTGCGAATGAACGCACAGGGCCTACCAACCCTGATCGTGCTAGCGTCGTGTTGGCGCAAATGCACATTTTTTATCGGAGATTAAAGCAACGCATGAGATTGTCAAACTCTCCGACCTCGGAGTTAGCCTTAGATATTTATGGTTGTGACAGAAGACCTCCAAACTGAAACCGGTGAGCGGGCCGGCGGCCTAATACCGGATGGGGATTTCTTTCCATTTACCGGGGACGATTCGCGTGTAGCCCCCAATAACTGTGTAGTGACAGTCCCTCTAGTATGGGTAAGGCTACCTGCCACGAATGTGTGAGCGCATTCGTGTAATTATCTTGTTTATGTCTCTAACCAGCGGTTCTGTTCGCACACGTCCAACAGTCACGGCCCCACAAATTGAGACATAATTCGGTTTAATATAATTCAGAGCACGTGAGTAACTGCCATGTGCCGCAACAATAATGGACTTGTGAGCGGACGTTAAACCAGAATCCACCGACATAAAATGTGCTATACCCATGCTCGTGGGGCATAGACCTGCAGTAGGGTGGTGTGTCGACTAGAATCCACAGCCAC,1482,48.85,Caenorhabditis elegans
SEQ_363756,AGCATGAGTATCGTGCCTGGGTTGACTAGCAAACAACAGTACTCCGTGTTAACCGAAGCCGTCTGAAGGGCAGAGTAATGTGTACGTCCGGACTTTGAGCCGGAAGGAACTTCCCCAGAGGAGTGGGGCTATAAAGACCCCGCTATCTATCGTCGGACTTCACAACTGGCATTGGATTGTGAACCCAAGGCTCGGCAATCCGCTATTTACCATGAGGAGCAAGTACTGGAGCCGTGTAGATTAAAAGACATTTAAAGCACTTAGTCACAGCTTCCAAACCACGATTAACTATGCTAACGAAATTGAGGGACCAAGGTAGGATATGAAGTAATTCTGTAGACTAAGGCTGGCCAGACTGCTTAGGATAACGCCTGTGCGGTGCTGCAGAACGGTCAATAACGCATACCTTAATGAACGAAGGTGGATGGTACAGGAGCGCATACAGCCAGGCGTACTTTAATTCCGCGAGCGCGCACGACGGGTGCAACCGAACGCATTCCTATTCCTTAATTGTCTTCAGACATGCAATCTCCGTGGCTGGAGGATGCTGCTGATCCCACAGATGTAGCTGGGTGCCATGCCGTCGGCAAAACACGACGAGGGTTTGGCAAAAAAGCGGGTTGAGGCCGCTGTAAGCTCGACTGATCCTGGTCGTCTTATCCATACCTTGACCCCTACCTCCCGACAAAGGGTTGCCCAACCTTAGCGCACTTAGACACAATTCTTCTATGCTTGTGCCGGACAGGCCTCATCCTGAGTTCTTGGGCCGGAGTTTGAAATCCTGGGTTGTGTCTTGGAGTTCTTGGGCCGTATCATTAGGTCTCCACGCGACTGATGGCGTTGCCCTTGCATTCGTGCGTGTGGCGACGTACAGTTAATTCGCACTGAAGGCGAATTCACACTGAGACCTAATCTGGTACTGCTGATTGCCAATTAGCAAGATCGTGATCAACACTATCAAGCGCCACACGAGAGCCAGCTAAGTACAGTTCGACGGTTGATAAGTCTGTTCAAATCCGGCCATAAGCGTCGCATGTCACGTGTTGGCTGGTGAAGCTTAGAAAGATGCAACGGATACAAGGCACCGACCGACATGACCCCGGTCCCACGAAGCACGCCTAGGAAACACACATACATATGTACTAATGCCGAGACAGCCGGAGTCGTAAGCATCCTAGTAGTTTTACGAAAGGGATGGGGCGAATGAGCACATTAATTTAATACCGCCGCTAAGGGGGTCAAGTAGGAAGGGACTTGATTGCGCCTAACTAGACGCCCCAGGGTTGATGAGCCCCTTCAGACATTGCTTGTATGATCATGTTACACCCAGATACAAAGAACTTCCAGTGTACCATAGGCGGCGCCGTATTTCCCGGGATTGCCCGTAGCGCTTACGATGGCGAGATCATGGTATCTTTTCCCGCCCCTCGTCCGGTGTAGATGACATTGATTTGTGGT,1458,50.96,Drosophila melanogaster
SEQ_416178,TATATGGTTTCCGATACGTCACTCCTCACTGGAGTACTTAGATCACCGGGTGGAGACGTAATGGCAAAGCCGAACAATCTATACACCGGTGGGGCCGGCTCATACGTTCGCAAAGATGGTGCTTGTAGTCTAGAGCATCAGTTTCCCCCTGGAGTACCGTTGCACGGCAATTCTCACCCCAGTCGTCTTTTTTGAGTTAGGGGCGCTACAAACTCGGTTAGGTTGTACTGCATCGTTACTGAGAGCCTTCGCCTCTATTTGCACAGAGAGCGGTTTACTAGCCGGTCGAAGCCTGCTTATTAAGACTCGATAAGAGTGCATGCAACGATTCCTCGTGGAAGGAAATATCAGTTTATTCATTTAAGAGTGTCCTATTCTTCCCTCTTTCGCTCTAACCCCGACATTTATGTTCAGGCTGCCGACGCGAAGGTTGTATAGGGTAAGCACCGACGGTATGTTTCCACCAGAGCCAGACAACTCGACAAATCCCCTCTCACGAACCAGACGGCAAGACCCATCGTATTGCCTGCGTTACCCACTAACAAGATCTTGACCATCACTTCTGTCTCTCGAGGTCATATAGAACCGGGGCTAATACTGTACAGAAAGTTAAGGGCTGACTCAGTAAATTAGTGGATTGATCTTAATGTGTAGAAGAACCACGGGAGTGAAAAACAGTATGAGTTCCTATAAACATGGAAACTGTGCTGAAAGCCTTGCCACCCAAGTAAAGGTGAATGGGGAGTCGATCTGGATGTGTGGTTTATAGTGATGTGAGGACTGCAATTACGTGAGGTATTATATTCAATTCTTGCGGAAACGTTACTAGGCTCTATGTGCTAAATTTTGTAGGTCATTAGTATGGTGCAGCCGCACCAACAGGTGGATTCATAATATGCTCACCGTAGATATGTATTATGTGGTCAGGGAAGGGGTTCTAAATTGGAAGTGTACCTGCCTAGATGCAGAAATGAGCGACTACTTAAAGGGCTGAGCGGTAGGTTGGAAAAACGAATGTTAGGGGGTTCTCTGTAGTATTGCAAGACGACCTGCTTCAACTGTTAGGCAGGATGAGTGCTAGCACCCATCACGTAATTCAGCAGCTCCTGTACTCCCATGGCATAATACATCGGTTTGCTCTACTGCTTTGTCGTGAAAACTAACGGAGCAGGTCACACGCGCCTGTGCGTTGTTGGCGATACAACTCGCCACCCACCTAGCCCTCACGGATCTAGCAAGACCCTAGGAAGCGGCATAACATAGCATCCTCTCGACTTCCTGACCGGCATCAAGCGTT,1297,47.65,Drosophila melanogaster
SEQ_415057,AGACAGAAATCGCCACCGTCACATTCATTGACCGGGCAATTTTTCAGGAAGCGATATTCTCCCTGGGCTTAGTTTAGTTTGGACTTGACCGCTCCCCTGACAACACAATACCAGGGTTCGGAATGATGGAAAGACTGTCAAGTCAGGGCCCCACTAGACGTAGATTCAGTCCCCGCTATGGACTATGTCGAAATAACCTCCATGGCGGACTGTACGTGATTCCGCTCTATGAGGACATACCCGACGCAACAAGGCCTGATATCCCACGCCCGAGGCTGTATGCGGACATAAAACCGCGCTGGACGGTTCTGGCATCGCCCACTGACAGCTCCGCTAAACTGCGGGTGTGGACTCACGGAGAATTGCAAATCAACGAACAACGTGATTTACGCCGTACAGACCGCCGTTTGG,411,52.8,Escherichia coli
SEQ_716039,TATGGCATCTTCACAAGTGCTGGAGCTGTTTCTGGATCATAGTCCCGGGCTTTTCACCTAGCGTGACAGTGACATGTTTCCAGAGAACTTTATTGCGTCGGCGCTCCTGTCTGAAGAAATGCGTAACTACATGGTAAAACAGCTATTCCTGGTATGATGCCGGGATCTGCCGACCGGGTACAACGTACAGTAACCTAACTGGCGTAGCGACAATCACTCCCCCGCGTCCCTGGCGTGGAGAGCCGGTAGAACGCGGTTCCATGGGCGACCGCCGCAAACGCGATATCGTTCAGGTATAAGATACTTCATATGTGCCCATCGAACTGGTTTTAAGAGCCCTGAGACCTGGGTTGCATTTCTTCTGACAAGCAAGAGCACTTCGCCGCAGGACGCGTTGAGCTATGCCAAGAGAAAGGTTTGTGTAATACGTATGAGAAGAGTAGCCTCCAGCTGACTAGATTTTTAATCCCATGTCCAGCGTGTACTCAGCGGTTTGACGGCTGTCCTCGCGAGGACGCTCGCATTTGTAAGTAGCACGCGTGATAGTAAGAGTTACTCCGGACTCGAATCTCTGTGGATACGTATAGCATGCATTAGGGTCCGAGATATGCTTACGGCGACCTGCTCTGGGTGCTGATCAAGAACACTCGCCGGATAGAGTGATAAGCTAGTGGAGTTGATGAGCCATCGCTAATACTTGGTAACTATATAGTGTATGGAATCATAAGTCATAACTTCCAGACCGAGCACGCCGGCATCTTAATGCCACCGTCGAGGATAGGCAGGTCAAGACCGGTAGTTTTGCCGTAGAGTCCGCCCTCCGAGGATAGCGATGTCATGCAGGAAGGTTATAATCTACCGATGCAATCATGTCTAGCCCAGGCCAGCGCCTTTGTGCCCACCTCGCTTTCGAGTC,916,51.2,Mus musculus
SEQ_428900,CAAAGTGCAATTGATCTTATTATGCCAGGCAGATGATACGCACTGTTACCAGGCACAATCCAGGTATGGTGACACAGGATTATATGTCAGCTTGTTGGTTCGGCACGAAGACATCGTCCCACGTCCATTATCGCCAGTTTTCATGCGCGATATAAACAGATGTAGCATAAGACCGTTTAGCACATCAATGTCTGAGCAGGGCAATTGAATGCGCTAAAATTGCTGGGAACTATTCAAGACACCACCGGGCACCGTCTCACGTCACCTAAACCAGTTCGTTAATTGCACCAGTGGGGCGAGCCACCCCCAGGCTAATATATGAGCTGCCGACTAAGGAATCGAGTTTACGGATGACCGTGATAACCTCACCGCTATAGCAGTACATCCAGTTACTCGAGGTTATAAGGGAACACTTCAAAACGCCGCGATGCGAAGGAAAAGTAATAAGACACCCAACTATTGCTGCCTGAATAGGTTATTATTGGATGCGTTTTGTTTCTGATTTAGGCCGCCAGTACCACTAACGAACAGAGGGCTCCAAGATGGGTGAACTATGCCTATGGGCGTCCTGTTAGGTTCTGCTTATTGCAGTATCCTAAGTGGTCCAAAATATGATTCCATCGAGGACTCGGCTAACACAGCAGGTCAGGACCGGTAGGCATACTATACCAATGGTCAATTTCGCTAACCTAGTCAGCCTCCCTTCTGACCTACTAGGCCGTGCACTGTGCCCCTTAGCCGGAATCCAGAACACCACAAATGCATGTCCACTAAAGAAAAAGAGACGAGAATAGCCGAAGGCAGCCGGAATTTCACACACCCTAACGTTGTTCTCGCGAAAAGGGTGTGGACCGTCCTAGGAGAGAAACGCCGTACCTGCTGACATTGCTTTTCATGGCTGAGGGTGGTAGGCCACTGCATGCTAACTCCAAGCGACTTTTGTAAGACAGCCGTCTAATCCTGGATCGTTCGCCACCTATGATCGGAGACGGTACTAAGGAGATTCTGCTAGAGTGGCTCAGGTTGATGGCTAGAAAGACCAGACACATGGTGGTGTTTCTGACTGGGAGATATCGCCCTGAACAAAACAGTTCTAGATTCAACACAGTCGAATGGACCTTATTGGTTCTCACGTGATGTGGGTGGGAGGCGTAAATCCTCTCCTAGAAAGGTAATAACAG,1181,48.35,Mus musculus
SEQ_173179,TGCTACAGCTTGTACACCTCTTTTAAGGGGGCGGGGGCGGCTACCGAATGTATGTTTTG,59,52.54,Escherichia coli
SEQ_218032,ACCGATAGGACAGATGTTCGATGATGTCCCAATTCATTACGCGAAATTCGTTCACGCGTGGAAGGCTGGAGAGTATTCGACACACCTTATATAGAACGGCGTACACCCCCCGTAGTCTTTCTTTGATCGTGTCGGCACCGTACCCAGACTCGGTTCCTACTGGCGCGGGGGGGTGTCAGTGAAAAGATTCCTGGCCGTAGGCCTGTACATTTCGGGTCCGACACGATAAAACCGGTCCACTTGTATACAGTAAAGCTGAGTGGGAAGAGCTATAACTCTGATTGTCGATATGGTCGTTGGATATTAGGTAAGTAGGAACTCGTCATCTAGTTATCGAAGGTTCGCGACCGCTGCTAGATTACCGAAAGGGGACGGTACAGAGTCATACAGCCTAACGACCCCCTCTGCGTAGCGTTTAGCTCTCGATTTGCGTATGTTTACTATGAGTTCTTCCTTTCAGTTCGAGTGAAACCATTGTGTCGCATGCGCAATGGCTGGTACATATTAAAAACCTTCGATAATGGCTAGCCTAGCATACGTTTCGCACTACTGTG,554,48.74,Drosophila melanogaster
SEQ_620937,TCTAATCATTTTCCGTCATCAGAGTTATCTCAACTCTAGTTAGTACTCGCGGGAAATCGGGGGGCGTTTGGGAACGGTTTAATACATAGAGTCAAACTGCTCCCAGCCCTACATCAATCGCCGGCGGTAGAAACTCCGTGCATATTGCTTAAGCGATAGTGTATTATACGCTGCGAACTTTCGATTACTCGCCGGCGTCAAAAAACCGAGAGTAACGCGCGCACCTCATTAAAGACAGGTCGTGGGCACCTTTATTGGAGCTGAAGTCAAGTAAACCGGGACAGTACTAAGGAGATCCTGACCGTACGGGCAGCTGCACC,320,49.38,Caenorhabditis elegans
SEQ_258146,ACCTGCTACTAATACACGCCTCGCCTATTTCTCCGAGCATCTAAGCTCCAGTTAAGCCATATAGCTTGTCAGAATATGGGCTTCGGGTTTGATCGATATAGGGACAATGCTCCCACACCATTACCTGGTAATAGGAGATAACTAAAATAGTCGGTACTACATGTCAAGCTCTGGCGTGGTTTCCCTCGGAAGAGGTATAGCTACGTGGATTTGGATAGCCATTAGTTTGGCGCCGGTTATATCTCAATCAGCTACAACGTGGGTCTTGAGGAGTTTCAAAGTCAGGTACCCCGACCGGGAAAGAAGATTTGAGAACGGCCTATCCTCCTGTAAAAGGCTAACCAGACTGCCTTTGTTTCGTATAAGGCCGCATGACAATACCCGATGAAATGCCGGAGCGCAACCGAGCCTTCTGCTAATTTAACTCCAAGCAGTATGCCTAGCCTGGGGCGTCTGAAGACCATGTTCTATATACCCACAAAACCGTTACGCAGATTGTTCTCAACATGCGAGCTACGTACGAATTTAGTCTTTTGGGTGACTTATACTCGTTATGAAGCGTTACGATAGGGAGTCGCGTGCTGAGATCCACAAGCCGGACTCCCTACCAAGAGCTGGTAAAAGTTCATAAGAACCCAATGGCCCGTGAGCAGTCACGGTGTGAATTGCATACGGGCTTTGGAACTTTGCCCATGCGACGGCTCCTCCTTTCAACACTTACGATGCACGTCTCGAATGTCCAGGAGGCCAATATAGTCGAACTGCATAATGCTGGGTTGTTATGCCTGTGCGGAACGTCAAAAGCGAACTGACTGCACACGCTAGGGTTGGGGGAGAATACTTTGTTACCCATCACGAGCTAGTGGTATTCATCAAACAGATTCTATTGCCTATCAAAGCGTACACGTGGCCAGACGTAGATGGCTGACAAGTGGCAGATAGAGTCTGGTCCATGTTCGGAATAAAGTCTTTTGATCCGCGGTGTCTTCTAAATTTTGCTGGTTGGAATGTGCGGTTACGCAGAAAGCCATATCGCTTCTGCTGTTACAAAGCCCCCGCACCTACCTGGAACGCTTGCATGGTTCTCCGCGCTGGGTGCGGATGTCGATAGCGGACCGCAGCCCGAAGCAAACATAGGTCATACGCGAGTTGGTCGCTGCACTTTTGGTGGGCCGTGTACTGCATAGCAGGAATGAATCCGGGGAGCGTGTAAATTTCGCGTTTAAAGAATTTCGACACACCCTTACGTCCCCTGCATGGTTGTGAAGCTTCCGCGACGTCACCTCCGTATCCGGCCCCCAAGTGAGTGGTCCTTAGAAATCGTCCCCAAACGGGGGGTGATTTTAATGTCGACAGACTTATTCGCAAACTGTGAGCTCGATCAACAAATGTCTTTCTTCGCGCGACCTTCCGCTGTTACGCCTCAAAAAGGAGGCCCCGGCAGAAAGTATCAGCAGTTTAAACGAGACAGCAACAGCTGGCTAACGGGTTCGGTTCTTGTCTTGATCGAACATATTCATATGTTGCGTCATGGCATAGAGTAGGAAATCTACGACCCACAACGTAGGTCCCGCCTTTGCGGCGGGCGTTAAATTAGGACTCGAGATACTCGCGAATGGGCTTCAGTGGGAAGACTTGTCTACCTGATACAAA,1653,49.61,Caenorhabditis elegans
SEQ_128535,ACGAAGAGTAATCGGGTTAGAGCGACGGCCGTTATGCTACGTAAACTGGAGGTAGCTCATCAAGTTACTAACGAGTTTACTGAGGAAGTTTGGGACATGTACCAACCCCTCCGGCGTGCCTTTGCTGTCCGATATTTATGACTAATGTATAGCGAGAGTTCTTGATTCGTTCCGTCTAGGATTTGAGCAAGCCACGTGAGCCACTCAGTTGAAGATGATACCCAGTCCGCATATGATACACGCTACGTAAAGGATATCAACGTGTGTCTTCAGATTGAGATCCCCTATAGTGATTCAGATAGTGATCGAATATCTAGATACTATGACTTGTACTGTAGGCACCGTGCAAGGCAAAAGAGTAGAGCGTGTTGGGAGCTTTGGCGTTGGCGTGCCTTGTAATTATACTACGAATGAGAGCCCCGTCATGGGAGGTCCGGTAATCGCATTAAGGACTTGAGTAGACAGGATGCAACCTGTCCTTGAGTGTTGTCATCGAAACTTCCCAAGCTCGCCTGTAGGTCCCTTCCAGGGCGGTATCTTTCGGGTCGTTTTGGTAGTGTAGGTCTCGACATAATCTGATTGGTAGACCACTCCAACGGTCGCCGGTTTCTCGGGAATCCTCGAAAGCACTTCTTGTTGACACTTTAACTGTACGATGCAGAGACGTACGACATGGAATCCGATACTGACATGGGAACGCCATGAACGTCCTGTAAAGAGTAGCAAAAAAGCGTCGTACTAAGTATCTGGGGATAACTTAGGGGTATATGCCTTGACTGAACTAAGCTTCTCGGCAACGGGTCAACCCACGTCCTGCGGGACAGGGGGGATGATAAGTGTTAGGCACCTTAGCCAGCCATGTCATTAGCAGTTCTTGCAGATTCGCGCGAGCCATTGTTATGGAATCATTGTTCTGAGGTTCTAAACCGTAGCTCGACTGAAGGACCGTTTAAGCTCGCCCCTCGCCGTGCCTGGGGATGGACGGCACGCTCGGCACAATTTGACCCGGAGCCTATTGAGACTGCTTGAACCGGATGCGCTCCTGGCATGTAGACCAACTCTTAAGTTGTATGAATAGAGGCGTTCAGAAAAGTGTTGTGCGAACGCCGCTGCGTTAGGTCGACCTGCAGTCCCTCAGGACGACTTCAATCATCCTGATCTTAATTACTGAGCCTGACTCAGGGAGCTAGAATGGTAGAAGCTTTGAATTTAGAAAGGGGGTATCGTGTTTTTATTAACCAACATTGGTCAAGAGAGCCATCGCTTCGCACCCCGTTGGCTGGATTCAAGATGCGGCATGTTCGGCCTTTACTGCATCGAGTAGGGACGTAGACAACTGCAGGTCCGAGCGGAGCATATGAGTCGCAAGGCGAGCGTAGTAAAATAGTGAGTCGTATGTGCGATAGGTTGTTAACTATTGTTGCAATCGCAACCGAGGTTGACCACAAAGAACTACACCAGATGATAAGGCCTGGCATCTAGGAACCCGCCACTGGGCCGGGGAGGTCTCTATCAAGAGGATGGACTCTTACGGTTTTAGTGATTGCCGATGCAAACACGAATACAAGCACGAGTAGCATGAGAACAGCACATCTTTCATCGTCTGTTGGGACGTTAAGTCGATGTCGACAGCTTGTCCCGCATCCTATGAGGTGTGGGGATGTTTGGCCATACCTGGTCTGAGGTGTGAGCTTGGACGTCCCCACACTTGTTCTTGATGTGAGTTTTTCTCGCGCTACCGCGCCTGCGTTCTACCCCGAGTACGTTATGGTTTCACCAGACATACTCTGAATTTACTCGGCCATTCTCGCGCTAGCAAGATCAAAGTGTGGCGGTAACAAGTGGGCTGGTAGCGCGACCCTAGATACAACTTACGTGTTGTTGGAATAACTATAAACCTGGGTGCGATAATATTCGCCTCTTTCCATGAATTAGCTTGTG,1941,49.36,Homo sapiens
SEQ_711031,ATGCCCTACAGCATCGTCTCTCGCACCGTTGATTTGTGTATGATGTAGGTTCAACGATGTTGGTAAAGAATCGTGATTTCAGACGGGCAATACAACCCTCCTTGATTCAGACCTCTCAACGTCACTTACAGACACTGTAGCCCTACAGGCGATGACGGGCAGAAACATGAATCAGACTTTCGGAACAACTGATTGACGATAGGCATTTCTGCGTTGCATGATCTTGGTACTTTGTTTCAAAGGATGAGTAATATGCCCTGCACCCTGGTGCTGCTTACCCTTCTTATGACAGGGAACC,298,46.64,Drosophila melanogaster
SEQ_924980,ACGACTGATCTATTCAAGTTTCATCGCAGATCTCACCTCCGAAGTGAAGACTCCAACAAGAACCCGCCTATTGTTGAGGAATCCCCCCGCATGGTAGATTTAATTATGGAATTGCCATCGAACCCCACTTACAGTTGTCTTTAGACTCACGGCAATGCGAGATCCATGCCGATTTTAGGCAGATGAGTATCAATACTTTGAGAGGTTTTTGCTTAGAGGTGTTGGACCGTCCCAGTGTTGAGCAACCCGTGGCGATTGGATAATCGGCAATCGGTGGGCCGATTGTATTTAGGTTGCGCTAATTCGCCTTGGATTAAACCGGCTACGCGGAAGTATAATCGACCATCTATCTAACATACACACAATTCAGCGCGACCATAAACGGCTACGACTTACCAGCGCAAGACTGTTATGATACGAGTTATTGTGGATAAGTGTTTCGTACAGGCTTCCTGTAACAAGGAACTAACAAGCCAACCGACGGTTTAGGTTGTGCTTGATAAGAACACTAGGTCAACTTCCGCGAGAGATGAACGCTAATGTAGTACGCCGTCTTTAGACTGCTGCGCACATATGGGATGCCTTGCTTGCGCGCAAGTTATGGGCCTGTTGAAAGTAACACTAATGATAGACCGCAGGAACTACCTAGTTAATCTGGCCAAATGTTGATGATACATCTGAAATGAGTGGCCTTGCATTCCGGCGACGTGTCTCGAATGTACTAAATCCTACAGTTACTTGTATGGCCTCTACAGAAAGGCTTTACCGATCGGTGTCCACCATGTTCGTTCTATTCTACAAGGACGATACCACCGGTCTTTCGGGGGCGTCGTTTTCCCCTCACCTTTATGAATCGTACGTAAGTCCGCATACTTATGGTGCCTCCGTTCAAATGAAATGACGTGTTTTTTAGTAAACGAGAGACTCTTGATAACCAGGGTTCCACCCCTCCCCGTGGAATCCGGTGATAACACGGTTGGGAAGTATTCTCATCTAACTCCAGAGTCGCAAGACGATCCTTTTTATGTAGTGTCTAAAAACCCAAATTAATTCTGTAGCCTGCCTCATGTTGGTTTGACAAGATTTGCTGTCACCACGCGAACTATATCCGTGGTTCCCATACCGATCCCCCCCTTAGGTAAAAGCGCAGGGCTCACGCACCGTTAGACTATGAGCCTCGCGTATTACGGACGGGTCTGCAGCGTTAGAGGATCCGTATATATTGCCTTCTCTCAGAAGGGTCTCTCAGCCGATTATGCGGTGCTAACATAGTCCAGCCCTGATTGTTGAACGTGACCTACATCAGGAGCCTGACAACCAAATATGAGACCCCCCGACTGACCTGGTAGAGGTTGTCGGCCTCCGTAGCCTATTCGTCACCGTAGTAATCTCCTACGTGCCCGGTCCGCATCAGCAACTCTGGGTAGAGAGCTGCAGATTGCACCGTTATCAAGTTTCCCATACTCAGCTTCAGGTGCTAAACTCAATAAAGGTAATCCCGGTCTCGGAAGTACGTCTTGACCGACAATCATAACTGCTTACAGACGTGGGCAGCCAAACGCGACCGCTTCCACAGTGGAACGGTCAAAAAAGAAAATATGGACAACGAAACACATTAATGCAGACCGCCGATTGATTCGCCAAGGCAACATTATGGGATCCAGCACTACAATAAAGGGTGCACCTGTTCGAGGTGACGTACCACCAGGCCTATTTGTTAAGATTCCTGATGTATACTCGTTGCCTCAGGCCCCCGTCCGCAGTTACTACCGCTAACGGGATCATGGCGTCGACCGACCGATAGGATTCTTGTCAGGCAAATCTGTTCATCCTCGTCAACTGAGCCACTCCCCCCGTGCTGTGGGACAGCCGCGGTTTCTATTAGGCCGTAACAGCTAAGAGGCGGTGAAAGAGCTGTCGAATTTACGAAAACAGGAGGACTTGATCCACCACACGCGGATACACAACCGCTAAAGAATAG,1981,48.61,Escherichia coli
SEQ_679945,GTTCATCCCGCATATCGTTTTAGTCATCCCACCCAACATGGTGGGATATGAGCTCAGCATGAGTCTTTCACGCCATTTGCCACCGCGAGGATGCTCATTTAGTGGGATTTTTCACCCGATGGGTTCAGCGTCAAAATTGGTAACACGGTATGAGGTGGGGCGACAGAGAGCCCGACATCACGCTTGAGGACATGGTCGCGTAACTCACCTCAATATCGCGTTTCCGGGGACAGCGTATACGGTATCACTTAGGTGATCGGGAGATTACAGAATGTTCTGCAAGCTGTGTGTTGCACTAAGATCTTGGCCGTAAGCAGATTTCGTGCTTTCGTCGTTCAGGTTTCGCGGAGTTCGATTGACAGGAAAGCACAGGATCTGGGTGTCAGTATGTCCGACGACGAGTCAACCTAATTCTAGAACCACATTCCCTGTCCTTGACTGTTCGGACAGTTTCGGCAAATTGCGTTAACGACACGGGAGACTGCTTCGTGGCCTAAAGATCCCATTGCAACGGGAAGGAACGATGTGGTCCTAGACGCCACCGAGAGTCGCCTCCCCGTCAGATTCTTGACTACTTCAAACGGAGTTCTCTAGAGCGGCCAGTTACGGAGAACCTCACTGCTGAATGGCGAGAGTGCTCGTAGAAAAAGAGGAATTCTACGACGTACCGCTCTCTCCCAACAGACAGTCCGTAGTTTAATCCATATGGACTCCCGATTCGGAAAGCCTTGTGCTCCAAGCCACTAAACCTCTCTTTCCGTTAAGACGGAACGGTTTATTTAAACATCATGGCCATTGTTAACGAGGGCGTCAAATATCCCGGGGAGGTACCGTGAGACAACTCAATAACAAGAACGACCTTCCCAGCTCGGAGCGTTAGTCTCCGCGGAGCGGCGCGTACCAGTCGCGATCGTTATACGGTGTAGGTAAACCCAACGCGTAATTGAACCGCATCAGTGCCGCAGGTAAGGTCTGGGTTGGGTAGTCTCAAGGCCTAATCGGGTCAGAGTGTATGTCGTCTATGCGGGGCGCATTTAGCAC,1041,51.49,Arabidopsis thaliana
SEQ_744079,GCGCATAGCGTCATTTTAAGGTTACAACAGGGCCTGATCTCGCGACGTCGGGTCGGTCTAGTTAATGGAACACTGAGCTTACAGTTAAATATTGTTGTGCTCTACACAAGTTGCGTTGCTACGATTAAATCGGAAACCCAATTGAGCACTCTCGGCATCTAGTCATAGTCAGTGCTTACAGACTTTCGCCTTATGGCTAACACTTACGATCCATGCACGCTATCACAACTTACTGATGGTGACTTTCGAGAATGCCCTGCACGAATTATTGTCGTATGAAGAGTGTAGCCCAAGGTCATTCAGGCCATGAGGACCCCAGGAGTTGCTGCATACGCGTCGACCAGCAGCCGATGGGCTTCAGAGGGCGCTGAGTTCTTCTTTAAGTCCCATGGTATTAATCTGGTCTCCGTAGGTTCCAATGCCTATGGCCAATAGGGCATAGTGGATAGGGTACATCTCTATTACGCCTATATAACACCGAAGGTCAGTAAGGGTGACTGGACTCGCGAATATACTCAAAGTAAGGATCACGATATGCCTGGTCGTCGCCTAGAGTGGGATTCATCGGTGGCTTCAATACAAGACCACTAAGGGCAGTCAGTAATAGGTTAGCACGAGCGGCTCGGGTCAGGAAACGTTCGCTGGCAGCGGTGACACGTGGTAGACCTCGGCCCATATGACGGAGTTTAAAAGCGATCTCCCCCCCGACGATTGATCTCTTCTCAGACTTGGGCAAGACGAACTAACTATGGGCTGCGAGGCTCTCCTAAACGTACGGACAGTAGAGTACGATCGGATACGGGATAGTGCTAGTACGGATACGTCCCGGGGTTGCGAGCGCCAGGACATCTAGCCCGTCGACCGACGACAACGAACCGCCGAAATGACGTTCGGATGCTTCTTCATATCCCACTGTGCATCTTGAGGCGCAAGAGCGTTAACCAAATTTTCGTGACCTCGTTTTCCCGTTGACGTTGAATGAACCAAAATACGGATTGTTGGTGTTAGTACGTTGAACCCAATTGCCAGACGTACGGTTACATAGAATACCGAAGCGTTTAATCCCTCTATGTGATCTCTCAGTGTTGTTGTAGAATTGGTAACAGATTATGACGAGAACTCAGTGGATGCGTGATCTCAAGCAGAGTACATCAGTTTAATCACTTATCTTACATCTTAGTCGAGGCGGCTGAAGCGTTCGTGGCATGATGTTATCTGACAAGGTGCAGAAAGCCTTCAACCACGGAGAGCGAATTGGAGGAACTCTACGACGTACACGAGAGCTAGCAGACTAGGCGCTCTCCAGACAATACCACAAAGCCGGAAGCCTGACAAGTTCCC,1341,49.37,Arabidopsis thaliana
SEQ_294421,TCATTGAATCAATTCTTCGGTTATGGGTGCTCTATCATTGCCGATTGAAGGTATGGCTCCCCCACATCGTGGCGAAAGTATTTAACGCAGGAAATACTCAGGTAGGGGCCAGAAGTCTTTAATAATGTCTAAGATAGTGCAGACACAGGTTTCTACACAACTTTTACTGCACGATCCGAACAGGCCCATAAGCCTCCGCTGTGAGTTATGCCGGTCGCCTATTTGATCCCCCCCGATGCACGCAAACGCCACCGTTATGAGTTTGAACCGACTGCGGGTGTTCGCTGCGATAGGCCGCTAGGTGAACCCTGGATTTGACAGCCCTGCCGTGAGGACGCACTCCAACTCGTTATCCATAAAAAATCACAAATTCAGCCAACGATTAGCAGACCGAAGGCGTGCTACGTCTC,410,50.0,Mus musculus
SEQ_214297,CATCAGCACATTCTTTCCCTCCGGCTTAAGGTTATCAGAAACATCTCCGGTTCAGATCAGCCCCCGATGGTCCATCAAGGAGGGAATCAGACTCCTACATAGTGTTGAAATGTATCTGCTTCAGTTATCGAGGCTTACGGTTCGCTCTATCACTCCATCCGTTTTTCAGCGATCCTCGGCCAATCTATAGTTGTATGAACGGGGGAGCAGGCCCAGATACTCGACCCGACAGCGAGTGGGACTCAGAGTCCAGTCTAATAGTCCCCAGTACTTTATGATACGACCCGCCTGATTGGACTTAAAGCAAGACGTAACAATCGAGTTAGCATGTTGCGCTGAATTTACGGCCTAGGTCTGAGGAAGATCCAAAATTCTGACCACGTAACGCTGCGAAGTTAAGTAACCAATCGCCTTCTATGGCCGGGTTCCATCAGAGACCGTAGCGACAACAAATATACTTGATCATATTTTTGAAAGACTAAGTATTTGCCACTGATGGGTGCTACCCGGCGTGATTCCCTGCCCCCTGACCGGTTTGTTCCACTTTAGGTGGTTCCGGGCTGTGGACCTTAGATGTGGGACGTTCGCAGACGCGAGAACTCATAAACTTTCAGGCAGGCACCGGGAAAGCACCGTGCAGTATTACAAAGGAGGGTATCTGATCGACCTGCAGCGTTTGACAATGCAGATAAGCACCCTTACCGCCTCTAGCTGCTCCTTGCACTCGGAACTGCGTATAATACTTAGAACGCAATTGAGAACTCCACAGTGCATTTACCAATGGACGAGGTTCTATCACCACACGTCAGACACCACCGAAGTTTATTGCTACATAAAAGGTTAATACGGAGGCCGTCCTTCGTGGTTTTCTGTGCGATCTCGAAAACTCAGAGCGGCGGTCGTACAATGTACCAGCGAATAGATAGAGGTATGTCAGCAGCAGGACGCATGTGAAGCTAATGTCCAATTACGGACACAAATGAAGCAAACATCGTAGTGAAAACTCGACTCGTGGACCTAACTCCCACTTT,1031,48.69,Caenorhabditis elegans
SEQ_889684,CAAAGTGACGGCAGAAATATCTATCGATGGGGGCCCCAACCAAGGCGGTACAAATTCGGCGGGGTGCCTAGACGGACTTAGAGATCCGCGTAGAGTACTAGTTTGCGACACCATCAACTGATCGCGAATCCTCATGTGGTCGTATACGCACTCGCTAATAAATGTATAAAAGCCCAGGCTCGGAATCGATCTAAGAGTCGTAGCTCGCACAGCACTAACTATTCGGATTTGTACATTGCTTGGGATGAGAACATTGTA,258,48.45,Homo sapiens
SEQ_184618,CCCGGCTAATGTGCGGAGAGATGTTTAGTACCGTAGTGTCTGGGAGGTGGAGGTGGTATGAATAATGAGTTTTGAAATAGTGTCCAACATGTCAGTCCACCCGGTCCTACCACCTTGGCATATTTTGTATATTCCTAGCTAGGAACTTGTACAGCTTTCGCTGGTAGTGCTGTGACTGCTTGAGGACGTTTGTCCTGCGCTAGCACCAATCCACTCCCGAGTGTGGAGTCTGGGGCCAGAAGCATAGAGAAATAACTGATATCCATCGAGAAAGGTATAGAGCTTGGTTAGGACATCGACTGTGTTGCGCTCTCGACTACCAATCGAAGGACATCGCTCAAAAGCGGGTTCATAGTTCATGCGTTCGAGACGAAGTCTGAAACCATGGGGCTTTCGTGTGCGGTATATTGGTCCCGTTACACGGTCTCTCGACCACAAGTATCCATCTAGTGAAGATCATCGGTATGTACCTGTTACGAG,480,48.75,Arabidopsis thaliana
SEQ_196290,CCAACTCTTACCGCTCACTCAGACATGCCCCCCAATAAGTGAGTCTACTGTTTATCCCTTGTATTTTTGAGCAAGGTACCAGCTCAGCTTCAGACACGGATCTTCACTTCCCGTTCGACCAGAGAGTGAGCGTCGCGTAGAATTGGAGGTTCCGAACCTGGCTACCTGTCGTTAACTGGTCTGGGTCGCGACCCACGGAGAGGGCGTTAGTGTAGAGGATAGAAAGACCAACGTAACTACTTAGCCGCAAATAATCTCCGTCAATGGACAATCGGTGTGCGGGGAAAAATACGCCGGCAATAAAATTATAGCGATGGTAGTTTGCGTACAGTGTTCCCTATACTTCACCAACCAGAGTAACAGAGGGGGACGTTGCAGCATTTGGGCTTATCAGTCGCTCTGTCTTCAGGCCTATCACCGCTTGAGTACCAGAAATGCCCGGTAGGCCCCCATTAAAAGTTATACAGAAGCCCAACCATTGATCTGCGCTGGAGGCCAATGAGTGTTGGACCGAGCGGGGCCGTAGCTAATACAGCCGCAAGTGGGATTCTCCCAGTATACCATCCTAATCGTAAAAACCTCCAAGGTGTGTATGCTGGCTCGCTACGACAGTGGGGTCCTCGACGTTTTAGAGGTGGAGTGGCACTGGGCTTAGCAACCCGATCCTCTGTACCCTTGAGGCTGAGCTGGTATACGCTGCCAATTTTAAACTGGGGCTGTCTGAACCGAGTAAAACGTCGCCATTTACAACCTCCCATTGACCACGCGCCTACCACTTTTTTAATAGGCACTTTCTCCCCAACGTTGCTAGTATGGTCCTGCGAATTATGGGTTCCGGCGATATTGCCTTTTCCCATATGCTACTGTTTTAAACTAATACATACCCAACTACGAAGATGGTGTGGTGTGCCGATTGCTGTCAAAGTAACATTTCAAATAGAATCAAACATATTGGCCGCGGTTAATAAGAGCATGCACCCTTCGCCCTGCACCAAGGCGTTCCGTTGTCCGAGAGGACCGATTGCCGCATAGGCGGCGCTAGCTGCAAATGAAGAAAGCAATATTCGCAGGTACGTGGGAAGCTGAATTAAATTCGCGCTTGTAGCAGAGGATGCCAAAGCATACCCTGCAGCTTGATCCACCGCAAGCTGGCAACTACAGACTGGATCAACCTGGTACAAGTTCTGGCACGTGACACGTTTGATAATCGCACATCGAGAGCGCATCATGAGTCCTTACACAGACCCGCTGTAGACGCTTACGTGTCACAGAACCCGAGATTTTGTTAAAGACTGCAGATCGCGTCCGGCGGTTATTTTCCCTTCTGCACGATGGCTCACAAGCATGAAATCCTCCATGAAGGTGTCCCCGTCTTCCGTCACCGGCACGTGGACTAGCTCGCACAGATAGCATACTGCCACTGACTGACTGGCATACGTGTGTGCAGAAACAACAGATTATTGTGGATGTAGGGATTTACAACCGTTTCTCGGAAGTCCCAGTGCAGGATCACGACTCCCGGATAGTCCATGCCTAACCTCCGTCTGGCAGGGAGACCAAGAATCCAATGAATTCATATTGAGGCTCCCATCATATGGAATAGGTGATAGATCAAAACATGTACGCTCCCGATACAGCCCATTACCCAATGATTGACATTTGACTGAACCTAAAGTTAGACATAGATGCTATAAGTAAAGACTT,1704,49.53,Caenorhabditis elegans
SEQ_587307,CGTGCTGGTTGTACCAGGCCTTGGCCTCCTAATTCATCCCCTAAGCCAACCATTATAGAGGTCCCAGAAGGCTGTCTCAGCGTCTCTCTTTTCCGCTTCGCTCGTAGTGTCGTAATCACGTGCCGCGATCTGATAGAGCCAGGCTGGGAGTTCGTCCACATTACCATATCCCGATAAAGCATACGCTCAGATCAACGATGAGCAAGCTCTTCTGCAAGACGTGCAGCGCCTATCGGTGGTTTGAATTCAGTACTCGGGGCACGACGCCTGGGACTTTGCACAGACCTGATGCCGGAGCCTTGCATGTCAACCCCGCGTAGTAGCGGTATAGTCAGCTCCACAGTTCTGGACTTATCTGTAACAGTTGCTTCCCGTGACAGGTTCATCTGGCGTCAGTCGCCTCGGGCTCTTGGTTTCTTTGGTGCGTGTCCTTGGAGCGACTTATGTGCCTTACAGGTCAGGGTTACCCGAAGTCCAGATGTTGCAGTGGCTTGTAGGTTTAATTGTCCCTAGTGGCCTTAAAGCGAGCGGCCTCTTCATTTCTTTATCAAGTACAAATCCCATTCCGACCCGTAATCCGCTAGGGTCGGCCTGGATGTCCTAAACTGTAGATGACCCTTACATTTTATACCTTGAATTCGCGTCGAAGATTGATAGTCCAAGGTGGTCTTTCAGCAGCTTTGGGGTAGTCCGATGAAGACTTCGTTAAAGATCTCACTGACGGATCAGGTCTCAATGCGGTGCAACTTTTCTGATGTGGGCTACGGTATGCTGGGGCAGCCAACAATCATCGAGAATGCCAACTGGCATAGGCGCCTCTATTTCATAAGGTCAGGCTACGTCCACTTGTGTCGACAGGCAGACGGCTCTGACCTGTGCCCAGTGGCCCTTGCCGTGTTTAAGGAACTATCTAGCACCTGGGGATCCTCTGGGACTGGCCGCACACCTGGCTGAAAGGTCCCAGGATAACAGACGAATTATCGCTCAGCCATCTGTTGTCGAGCAATTGCGCGCCGTTGTTCACTTAGACCTGTGTTCCTCGGATGCATAGACCTGATCGCCGTCGAGGCGTTAGCCGTAGTATCAGATCCCCTGAGTGTGGAGGTAAGCAATCGCGAACATAATTTTCTGGGCCTCAAACTGTGGTTCGCATAGGGGAGGCCTATTTGATCACTGGGGTCGCTATCGTACCAAGGCTCTGTCCTTAGCCACAGCTCATCTAGTTGGCGATATCCGATCGATCGAGTAACACCTGCGCAGTTAATCTTAGTATCATACGTAATACCGTTTAGACTAGGGCGTTAACATTTGTACTAGTCACACATCGAACATTCTTCAGAGGGAAAAGCCGATCCGCTGTATGGGGCGATATTTAG,1376,51.45,Escherichia coli
SEQ_346275,GTCTCATTGAGGTCTTTTCAAGAGCCCTGGTGAAGCCATGGCGAAGACATAGTTGGTTATGCCCAGAGATTGCTTGATTCGTGAGTAGCCAGAGCTAACGATTGAAGGTAAGCTCCTGTTCTGTTAGTTTTGGTTGCCCCACTGGCGGGTCTCCTAGCTGCCCAGCACCGGAACTCTGACTGTGCAAAAACGCCAGCTTCCTCGGTGTGCTCGCTAGCCACGTGCCCCTGGGTAGGGTATAATCGAATGAGCAACCTGACGATCTAATAAAACGGGTTTTTAATTGTGACTGACATAACTGAAAATACATATGGTAGCAACTTGGTTAAGTGGGCCTTTCTGTACTCCATCCGTAACTTTGATGACCTAAGTAGAGAGCAGGTTATTGCATATTGTTTGAGGACATGTAATGGTTCAACGGTCCGCCGACCCCCATCGAAAAAGTTGACAATCTACCTGACTTTGTTCATTTAGCTTCTAATAACTGCCTTAGCACGAACAGTGTTATAAGTTGAGTCAGAAGATATACCTCGAACTCTCGTCGAACCTTCTCTCGCCTCCGGTCAGAAATCGCGCTGGCCGCTGTCGCCAAATCTCGC,599,47.75,Caenorhabditis elegans
SEQ_471851,GTGCGGGACGCGACGCAGCACTAACGCAGTGCGACAGATAAAGCCCGAGCGTAAGCAGAACAATGGTTCCGACAACCGCTTTTAACCGATAGTCGGAGCACCTTGCCCTCGATTGTGGTCGACACCCTCTAGCGCCGCTATAGGTGGCACCAGGACCTTCTTAAGATAAATATGCTGTTGCCCTGCCGTTTCGCGATCAACGAGGATCTATATTGTTTTGGACCCCGAGCGGGATTATTACGTACGCTTCTCTCAAGGCGTTGACGGTTGCACCCAATCGTTTCGAGGGCGCACCGTACGTGTCTAGCGAATCGAAAGAGATAGCGAGCAACCCCGCACAATTTCCCTTAATGGAATTCAAGAGCCCCGACTTAAGTCGACCCAACCGGGTGGGTTTCCAGAAAATCCCTAGCTTATCCTATGATTTAAGCACATTCAGGACGCCTACTGACAACTTCTTGCAGGGCCGTACAACACATCGTTGCGAACCGGACGGACCGAAGGGGCTGGTTCTCTCGCAGATAATCTGCCGCTTAGAATCTAG,544,52.76,Caenorhabditis elegans
SEQ_404764,GGCCCAATAGTAGCCTGTTGGAAGTTCGGCATTCAGCCTGGGTGGAGAATCCTGTAACAAAAACAATGCATTTCGCATGGTCTACCGAGCCCGTCTCATTTGAAATTTCATCAGCGGGATAGCGCGTCTTGGTTTTGGAGCACAACCTAATGTGGATCACAGGTAGTCCACACCTTTTAGCCAAGGCAGTCCTAGAAAGTGTGGAATACCTGGGACCCCTCGGCCGTAATCAAATGTATGCGAGATAAAGGGTTAACGGGGCCCCTTTGAAACGGGGCTGTCGATCCTTCGGTACAGTGACGTAGCCGTTGCAGTGAGAGCACTCGTCGAGTCTCACGCAGGTTTTCCCCGACACCCGTGCCTATGGAATATCTCGAGGTCAACATCTTGCCAATGAGGTCTTTTTCCGCATCGGTAGCCGTTTATGCGGAGGGCTGACCGATTGGCTTGATGGTAGAAACCTCTTATCCTTTGAATGCACAAGTAATGTCTTTGTCGTTCTTCGAAGATGCACTACACCACGGGAACGCTCTTTACGGTGAAGTTTCCAGCGTTGCCCGAAAAAAGCGCCGAAAAAAACACGGCGCGCTTTCAACTAGTTTAGTTTTGCGGGGTGGGTAATCGCAAATCGGGATCTTTTGCTTCTTAACAAGGTTCAGCCCGTGCCTTGCCCTGTGGGGACAAGGAGACTTGGATTCTGAGGGGACGGACAGACCTGCTGCAGTTCTCTCTCAATAATCGTGAAGACGGGCCGCTATTCGGACGTGCCCCGGTAGAGTTAGCTACGGTCTTGCGCCTTCTAACGACGCAGCGTCCACTATACATATCTCGCTAGGATTCACGTATATGGTTCCCCGCCTACCATACGCTGCGTTCACGCGGCAATTTGGTTTGAGTACCAGCTACACGGCAAACATACCCGCTTCTCGCCAGAAGTCCTCAAACGCTAAATGCAGCCAATCATGTCATAAACCGCGCTACACCCCTGAAACGGTTCTCTTTACCGACCGTTTGGTTCGTGTAACCGCAGGACCGTACCGGATCCGCGTGAAAGTGGTATGTATTTCTGTGATACAGCTTTCTGAAATCACAAAGCCGTTGGTGCAATCATATCGCATCGAACTCGGAGTGGACCGGATTTTGTTAGAGCGGGCTGGCCCGTCAGTGCCTATTCGGGTGGTATCCCGGTTCAGTGTTCTGTACGTCGCAGGAAGCAGCACGAGATCAACTTCTGCATAGTACCTACCCTTCTATTGATGTAGGCTTAGTTCTCAAAGCCCCACAAGGCCCCTCCTTAACAGCGATGCGATAGTCGGATCGGAGAATCGGTAGCACTGGTTAAGCCTTGCGAGCGATGTTTGATTCGTTTCCCCTAATGGCCTTTAATCGTCGTAACGGTGTAGCGGGGTGTAACGAAGACGGAATGTGCACAGGTGTCTCGGAGAAACAGCGTGCGCCAAGGTAGATCTGAAAATATCGCCCCTCTTCAGGTACGCTGGATTAATAACGCGGTCTCCCCATCGTAACATTCAGGACTGAGTAGATCCTGCGGCCTCGGGATCTAGCCGGGGACCCCGTGGGATGCACGAGTACTCTTCAATCGTGACTTTAGTGGGACGCTACTACGCTAAATCATCCACCTACAGCGGTCGGCACGTGAACTTTTGCCTAGCAGCGGCGCGCATAGCCATAACGATAAGGCATTGATGAGTTTCCTTTGCCCGCTCCCTAGAATATCGCA,1741,51.75,Caenorhabditis elegans
SEQ_107181,CCAATCGCTTAGCCCCTATAACCCGGAACGAACTAGTTACCGCGCCGAAGCAGCAACTCAGTTGAAGTGCGTTTATGTCCTCTAACTAACTATTCCTGGATACCATGCTTCGTCAAACATCACATGCATAGGGGTCCCTGAACAACTGACGCGGCTAGGGCGCTCTCTTCTGTTTAGCTCAGACGAGACGCTATTCCGCTCTAGTTTGGCTGACCACCTACGATTATTGTTACCCTCCTCCGAACTTTGCCCGCCTCGTGGGGGCAGTAGTAGGTCATACATAGAGTGTGATCTCGTTACAACGTTGCCACCATAGCTAAGAGGAACACTAAATTCCAAGCGCCTGTCCTCTTCTTCATTAAAACTAGAAGCACCTCTCCAGGCCCCAATAGCGGCTGGGCAGAGCGCACAGCCCAACAAGACTAGGATCACTTGCGTCGAGTCTTCCAGACAAACGTGGGTCATGAGTCACTCTCGCCAGATCTGAGCTACTGTCTCTCCATGCTTTTGCCCTCGACGGCGGACAGGGTCTAGGACGGGACGCTGCTATACTTTAAGATCCTAGCGTCTATAAGGACACCCTACTACCGGGCGGATTATAGTGTCCAATCCCCGTAACGCGCAACCCCCCCCCATCACCTGGCCGTAAGTTTACAAGGACCTCAGCATTGCTACGGAAGCCGCCGCTCGAATCATTGCGGGCGCAAGTCGGGCCCAGCACCATATAGAAGAAATTACTCTGCGTCGATGTACATTGTCTAATACATATGACCTGGTGTCCGTATATCGTTGGGACAACCTGTTCAGATCTCTCTAGATTCTTTAATATAGAAATGCGCGTGTGGGAGTTTTATTTTTCATATAAATTGGTCTACGATCCACCAAGCTAAATATAAGTCCTGTGAGAGGTAGAAGGGAGAAATAATCATCGCGTATAGTC,940,49.89,Saccharomyces cerevisiae
SEQ_407690,TGCCGAAATCAGTTAATAAACCGACGTTTTGAGAAATCGTGTTTTTGAGGGCAAGACTATACCAGGTCGCAGCGTGTTGAGATAGTTTTACAACCAAGTTCCTACGCAGTCATCCGGTGGATTTCACAGCCGAGAAACTTGTCAGTAGACTGTGCAACACTCGCTCCCGTTGATCAGACCTCACAGCCCGCCGTAATTGAACTTAGAGTACAGTACACTTGCCCACAAGCCCCTTGGTTTTGTCAGCTTAGTTAGGGTAAAATCGATAACACCGAAAGGCATCCCCAGTATTCGGACATACCAGTGCAAGAACTTATAATCGTAGCCGGCAGATCTGCGGTTTACGTGTGTCCAAGCAGGTTTTCTCGCGCTCAGCACCCATGCGATTTTTGAATCCTGGGTACCGTAGTTCATAGGGCGGGCACGGCGTAGACCTAGAAACATTCACCCAGGGCGAAGAGTTACACATGAGTTACTACTGAACTGGCATCGTCGGACCGAAATTCTTGCGTACATCTGGGCCAACGAGACTTAGACGGGCCCGGGTGGAACTCTGCGATTAACGAAGCTGCGTTTTTACTAACAGATTTGCATCTGGGAGTCGCTTATGCGGCATGCCTAGATAATTTCTCTGGCAAATCCCGACCGTCTCTATGAGGACTCCGGCTGAATTAAGATGACCAAATCACCCACCGTATCATTGATGCGTGCATACGCCTCCAACGGTAGTAGTCCGCACGCAGAGCCCCAAACTAGACTCTCTTGGCGTAGTGTCTAAAGTTTGTAAGGAATACTCGCTCCTTACTACGGTGGCCCGAAAGCCAACATACGGCCGTAAACCCACTGGAACCAGTTACTGCTTTGAGCGAGTGTGCGTGGTGGCAGAAATCATTAGGTCCGCTACAAGTGGGACTGTACTCACTAATCCAGTCATGGACACCGCATCCAAAGAAGCAAGGTATTTTCCGTAGTCTACGGGACACTCGGTGGCTAGTGCACTACATTACGAGCCCCGTATCCCTTAGATCCTGCTGTGATAAGTTTCAGTGTTCCGCCCTCAACGGATTATGCAGAGAACCGAAACGTATAAACTCCTCTCGAGTCTTCGGTCCTTACTCCCTCCTTAGATGGAGCGATCAACACCCCTGCCGCTTCTGACACTAACAATACACCAGTCACCGTGTGCGTGAATTTACACGCCTAGACTTTGACCTGGCAAAGAGCAATTGTCGGCGTGTACCGAACCCTGCCATCAGTTTTACCCTCGACGAATCGGACGGGTTAGACTTGTCCTGTTCTTGTCTAATTGTCGCGGCCCATGCCTATACCAATATTCGCAGGCAGGTCCCGAGCGTGCGCAGCAGGCGACCCTATCTGGGCTGTCTATTTGCCAACAAACGATCAACCCAATCTTCACCACTCTGATTGCAGAACCACGGCCGCCCCGGGCAAATGCAGAGTACTATCCAGCCAAGGTCCCCATAGATTAAGGCATTGATCAGCAAACGTATCAATACTTGGTGCTGTACATTGGGGCTAAAACACGGGTCATCCAACCTGAACTGGTGCGTGTAGTTCGAAGATCA,1586,50.32,Homo sapiens
SEQ_629833,TTCAAGTCAGTAATTTCCGTTATTCCCTGCGGTTAGCATTGTACATTCTCGCACAAGATGGCAGCAAGAAGAAGGGGACGATCGCTGGGGTACATGAAGTACTGTACCCGACGCGTTCTGGGACCGTGATTTGGTCCTTCGCGGTTCGCAGTGTTTCAAATTCATGGGTGAGATCGCCGAGTCGGAAATACGGACACTCGACGTCTAAGTCCACAGCTTCTTAGCAAGCAACGGACTGCCACACTTATACCAGGTGTGTTTAGAGCTAGTTCATGGTCCGCGGATTCGTCATCATGGGAATAACCCCGCCCCATCGTGGTGTTCTGCAGTGAATGACGAAATCGTCGTGTTACTGAGTGAGCGTCATGTTTATTATGCAACACCGGGCGGGCCAGGATATGCACCCCTCGGAATGCGCGCGTTTGGCCCGCAACAGAGCGAAGGTCTGCCAACGTTGGTGAGCGCCTGGATAATCTTTGCTGGGATTGGGTGTCGGATACGCGGTTCGGCCTGGCATGTCTCTTAGCAATAGCAAACAGTGGATTGCTAACCTCGTAGTACCGGCAAGATACCTGATTCACCAGAAACTGGACGCAATTAACACCTGATCATTACGTCGGGGGTGCGAGTAAGGTGTGTAGAGGGAGCTGGCGTGTTGGGTCTATTTCGAAGCTAGGGACTCCCTTTAACCTGCGCTCAACTCCGGCCTTCGGCTTAGTTGCTATCCACCCCCCTTTGTGAGACGCACACTACTCAGATCCGAGAGCTAGGGAATGATATGAACGTCGGCGCCAGCCTGGATGTATGGAGGAACAGAACTCACCAGTCCTAGAAATGACATGATCGATACTCACAGGTTACCCGCATAATCGCTATCGCTATTTGCACGTGGAGGGCAAATAGTCGGAGGCCAAATGGCCTGTATCGTTAATCTGCCCACAATCTCACAGGGGGCTGCGGCCGCGTGACAATACGTGGAGGGATTCGGAAATGTAGGTTTCAGAACCTCAGCGGTTATTCGGCACGGATCCGGCCGTGTGAGCATTCCATCTAGACAG,1058,52.65,Homo sapiens
SEQ_620624,TTGAGCTCTCGTAATTGCGATACATTATCTTGACGATGATAACCGAAGGAGTCGGAAACCTGTTCTTTTAATTCGCTGGATTAGAAAGTAAGCCGTAGGACTCGGGGACTGCGAACCTCCTTATCAAACGATAGCTCAAGGTACTCAGTCAGGTCCTCAAAGGTCTATTCCGTTGGTAGAGTATGTTGGCCTAGTGTACCGCTTGATACCTACTAAAGAGAAAGGTAAAAAGACATTCTAGGGAATATTGCGCATCGCTTCTTTCAGAAAATATTCCCCGTCGGGCCTCCGAACAACTGTGACAGCGGCTAGGTCTGCCGGTCATACTAAGTCGACGACCTGTGAGGATAAGGATTTCCCCATGGCAGGTATACGTAACACGGGAATTCAGTCTTCCATATTCACCGCGATTGGTATTACCTCGTCTACCTCACCCGTAGGATTATCCTTGGTTCCTATGTCCAAGTCCGTGACTAACAGCAGGCGCTAAGGGGAGTACTCGCCGTGATGAAACGGGACTCACTCTATACGACAGCACATGCGCGGTGTCGTCGGGAGTACGTATCATGAGTGCTTTAGCCCTCTGATGCCCTTTAGATGCTTGGATATCCATATGATGCTCGAGTGCGTAGCCTGTCCACGCATACCAAATAAAGCTCCATTACCCCATCGCCAAGATTAGTGTTAGATTGAGCAGCACGCATACTATCAACAATTGAGTAAAATAGCGCATTCAGTCTAGGACCTTTACAATTTACCGCAAGTGGGTCCCTCAAGTAATGCCAGTGGTCAGAGGTGTTGTATTAACATACAGCATCTAGTGTCCGTGACGAAGAAGACACCCAGGCGATCGTGGTCCAGTGAAGAAATCAGTGGCCACTCGTCATCTCCGGTCTCGCGCAAGCCTGGGAGGCCCCAACAAAAAGGACCTCACAACCGGATTGGTGCAAGATACTTTTTCAGTAATCCCTTCGCTATTTGCTTAGCGCGAAGCTTCCACATCACCCTTAATAATCGTAGTGCTACAATATCCCCGCTCGCTAGAGCTGTTAGTCTCGACGACAGAAGAATCGTCCTACTCCTCCTCTTTCTAGCGCAAT,1100,48.18,Escherichia coli
SEQ_454160,TCCGTACAGCAGGATCGAGGAACGATACGGCGAGTTTAGCAGCCGCGAACCAGGGCCCTTAGTTTACGCCCTAGAACCATAACATTATGTTTTCGCTGGGACATCCTTTGTTATAACTCACATTCTGCTCCGATGTTAGTCAC,143,48.95,Escherichia coli
SEQ_910023,CTGAGACGAGCGAACGAGCTTTCGAACACTCCCTGGGTACCTCGGATTTATTTCAGATTATATTCCTGTGATCGTTGGGCTATTCCACAATTGTCCCATCAAAGAGCATCGACCTGAGCTGGCTCTGGATGTATCGGGGCCCGGGGCGCTTTAATGCGATTCAGCTCTTGCATTAAAAGTTTGCTCTTTGATCGGTGAATAGTCGGGGTATGTTTGGCTATTAAACGAGAAGTGGGCCACCCGATCTAGAACTCAGTTAAAGACACAATGAAGTAAGATGTCAATCACAAAAACCCGGCAGCCACGGTACAATTCGTATAGGAAAAAACAAGACCAATGCGCCTTAGTACACATATGATAAGATGCGGCACCCACGACCACTCAGAGCTCCAGTTCATACCGAAACATTTCGGGTTGCCACACGAGTTCGGTCAGGGGCCGGCGATTGGCTGAACGAGGCGCATTGCCCTCTCCGCCTCGTGAATGCGTCGCAATTAGCCTCGGGATGTAAAAGTAAAGGATGGAGGTGCCCACAATGGCCTACCTCCCCTCTACCACGGGGACCGCCAGCCGACACTAAAGAGGTCTCCCTAGTGTCCTCGGACCATGACCCGGTCAGAGGTACGGTTGTCGTTGCTAAGAGATCACCGGAGTCAACGATGTAGGGAGTATTGATTTTGGAGAGGAAAGATCCACTTTTTATTCGCATGCTCATTTAGATTGGGATCATGGGTACCCGCCGGTTTAGCGAGTGCAGACTAAGTATAGAGATTTACATACCTCGTCCTTTCGCTGTGGTAATGCGTTCACTGAAAGTTCAGAATTAACACATGGCCTGGTTGATCTGTACCCAGCACCGCGACCTAGGGCCAGCACTCCCATGTGGCCGACAACACCCGAAGAGCAAGTCGCCCCCCAGAGGTTCAAATACACCTTAAGTGGTGGATACTCCGCACTACACGCCGAGCATCCTGACCTTCGTTCCGCGGCTTACGCATTGCAATTACAAAGGGGCACCTGAGGAAAGACAGCCGCAGACTACGCTTATCAGCACCGATCGTGAATCGGGCGATATTCATATTGATACATGACTCAGCCAGAACCTTAAGCGAAAATGACTTATCAATCCAGCAAGTCGCATAGACTTTAATACGCCAGGTACAAATTCCGCCTCTAGAGGCTGCCTGATATCGCCCACGGATCACAGGCGACTGCAGGCGTGTCCAGATAACTGGATTGCTGTACCGGACCCCCAATGGCTGGGTCAGGGTACCGAAAGACAGCGGCGGCACTTACTGAGGCGTGATTTGTAGGACGTCGATTGCGCACCAGGGTTGATGTGAATCAATTGAATCGGAGAAGGGTCAGATTGGGGCTACCACGACGCCCCATAGCAAGCCCCGAAAGGTCGCCACCCTGGCGGGACTACACCGTCTAGTCCGGCACGTAGTTCTGTCGCTGATAACGCATCATTATCTTTGGTCGAATGCTCGCGTACCGATCCTGGTTCCAGGTGAAACTGGAGAGACCTTCAGTCCGCCTTGCAGGGGGAGAGCATCATTACGCATGTTCGAGCCCAAGGTGGGGTCCCGCCGCTTACACTTTAACATCGACCAACGCCGACGCCATAGCGTAGCTTATGGGGTTCAACGGGTATCCGTGGCACCGCCCGAGAATTCTCATACCAACCGTCACCTTAAGGGAGTGACGATCGACCATTCGTTGTAAAGGACTCTCTGGACTGGCCGTGGGTGAGTCCATCAGTTAGAACTTACCTGAATTACCAC,1787,52.27,Drosophila melanogaster
SEQ_856515,TGCAGACTGCCAACGGTCATGAGTATCCAGGTCATTGTATAGTCTAGTTTTTCGAAGTGGTACTTTGAGCCGAAAGCGGGAGTCACGGCCCCAGGTTATGGGTACTACTTTTCACAATTGTTCAAAGAGCACTGGGGTTTGACCGGGAAGACAGCCCGTATATAGGTGGAGCTTAATAGTTATCTTAGTGTCATTCTATGAATTTTCTCTTTACCGTGGTTACAATGCCCTTTCTTCAAAGCCACCTTCCAAGACGGCTCTTATCCCGTTCTGCGCTTGAATACAGCTCGTAAAGTGTAAACGTTCGCCTCACTCGCTAAAAAGAGTAAAACCATCGTGGAATTGAATGTGGTGTCTGGTCCTTTGTTCACGTCCTGTCCCGCGTCCTTACGGGACGATTCTTGCCTGACAGCAAGTTCGGTACCCCTAACAATAGTCACAAATAGTAGCCGAGTGAGTAGGCAGGAAGCTATTCCTGATTCATCCGTTCGATATCACTCCACACACGTTGGACGATGTTCACTGTCGGGTTGGGAACGTACGAATCGATATCTATCTTAACGAAGGCGACGGGATACTGATCCCGCGTGGTGTCTTTTACAAATTGCTAGGCGGATCGTGCATGGACGGCGGCCAATACTAGGTGGCACTCATCTAAGGCCCATGACAAAACGTATAATTTTGACACTCCTGCGAACCGCGTCTGATAGCTATTTTTTACGCCTTGCCTTATGATGGGAAACTCCATAGGGCATATGATATCCTTAATCTAGCATCCTCGTGCACATGATGGTCAGAACTCGAACAACGAGGCTACATGGGCGAGCCCATATACGTAGTGTAGCAGTCTGGAATCCCGCGGACCAATCTGGCATTAATTGCATAGTGAGTTCGAAGT,898,47.44,Caenorhabditis elegans
SEQ_632135,ACCCTCCGTGGCTTAAAAGGGAGTGCCTCGCACCGAAGGTAAAATCTGATTATCACACCCAGTAAGTTGCATAGTACCAAGTAGGTCCGTTTGAGATACAGGGTTCGCAAGAGGCGAGGTCTATAATCTCCCGACTCAGAGGTAGCAGGACGTGTAGAACTACGACCGTTAATACACCTCCGGATATTTTTACCTATTTGGGCACAGTGATTTTAAAGGTCCCGGATCGCTGAGTCGGAACACGCCACACGCGGAACGGGTTGGACCGTAGGGCCGTGAATGTGTCTGTTATACAGAGAACATCGTAGTATAACCCTAGCTCGAGATACCAGGCAACTATGAGGAGAAGATCCCACCGTGGAGGCTTGCATTCGAACATTACGACAATTCTCCACCCAAAGTGGAATTGGTTCAATTTACACAGTACCCGCCTTGCATGGATTAAATCCTTTAAGAGCCTAAAGCTATTGGCCAAAGCAACATCTTGCACATGTCGCCCGTGAGATAATTCTATGGGGGCAGAAACATAACACTGACCGGACCGCCATTCCTTGTAAATCAGTCCTCTGCAACAATTCTGTACTATGGGGTCGCGTATTCGTGCCGATGATCAAGTGTGAGTGGCATGCGCGCCTTAGAGCCGGAATGCACGTTACGCTAGCGCGGATAACATATAATCATAGGTCGCCCATTCGAAAGGCGTTGCACCTCTCGAATGAATTTAGAGACGTTAACTTCCAAGCTTTGCTTCAACACGATTGGGTGTATCTTAGCTGTTCTTAGTGGTAAATCCCCATGTGGTCGGACGAATGGGCGGCATTTGCCGCCGAGTGTACGGCTACATCGGGACTAATTACTAAGTCTGGCGCTGAAACGCGTTGATGATCAGTAGCACCGGCGAATATAAACTGCAGGAATCACGTGCACACTACGAGTAGCTACAAGCAAGGAGGCACATTAACGCATTCCAGCACCTGTGCTGGACGTCGGTTTACTGTGAGAGATACAGTAAGACTAGATGTAGATTGACTTCCTCGCTACGCCGGTACATAACGGTCAACAGAATTTTTAGTGGCCCATGGCTTCGTGGTTCCCAAGCGTAAGCTCTTAGAGGCGAATACTGCTAGCCGAAGGTTTGGCTCAAAAGGAAGTACCGCACGCAAGCTCAGGTGAAAGAAGTACAATTAGACCACCTTCTAATCCACCCTCGTAAGCTCAGAAGTATGGCCGAATACACCGCATCCTGGGGCCGACCTAATGTTGAGCCGAAGGTGACTCACTAGATAATTTATTGCTATCCCACCCAAGTGGGCGTGAGTTCGATTAGTAGACGTCCGGTGGTTCTACACACCCGCCTAAGTGTATCTCTTAAGGTCACGCGCTTTATCGCGGGGGGCTACGTAGCGGCGCGATAGGCACTACAGTAAGCTAGGAGATATGTAAAGGACCCTGCCCGCTGCGGGCCGTCGACGATACATGGTCCTGAGACTGTAGACTACCTGACGACAGGGCATTAATCTGACTGGCGCACATCCCGGTGACAAAGCCCATTAGTACAAGTCCTCTGTACGATGCCCCACCATCTCGGATTACCACGACTGGGAGAGCTGACTTTACGGCGGGTCACGGCTGTCATCCTGAGTCCCTGTCAGCATGTATGACTATCAAACTCAAAGACACCGGGAATTTATCCCACCGCTAGAAAGCCAAACTCTAATAGTCACAATGAACGACTTCATGCCAGTCTGACCTCCTAAAAAGTGCTTTCAAAATCATAACGCCATAAGGTGTCTCTTTCGATGCTTTCGTAGTGGTGGTGTTTCCCGAAGACCCTCCCGTCAGCACAGTACCGCCCGCCGGGTAGATCATAAGAAGCCTTTAGGAATTATACGTTCGTGAGGACAAGGATCCTCCTGTGGAGTTTAAATGTAGTACTATCGAGACTCCAGTATATAGATTGCTCTGCGTCAGCAAAGCTGCCTT,1983,49.57,Mus musculus
SEQ_535496,TGATAAGGGAGGAAAACTAAGCACCCCTCTTGACAACCCGGCCGTCTTCGCATATTGAAAGTGGTGTCAAGTTCCGTCGATAGGAAGCAAGGTATCTACGTTGAATTAATGACGGTACAGGAGCTCTCGACCGCCCGTACACGGATACTAGGGTTTAGGAAAGTGGAAACACAGGATCGGCCTGTACAGCCGGGGACTATAGTTGTATAGCAGCTCGAAAGACACTGGCTGTTTGTCAAGCTGGAGCACAGTGGCAGTAGCCTAGTTATATGCGAGAGTGCTCTACAACCTGTTAATGTCAATAGGGAGTGACCAAAGCTGTGGTTAGCACCACAAAGTAAAGAATCATATTGGAGCCTGTAGCGGGTGCTGGTCATAAGACTCCTCACAGTCATTTTGGGCGGGCACATTCTTTATTCAGGGACATTAGTAAAGGAAGCAACCCTGCTAGACGTACTTCCGCGAACTTACGTAAAAAAGGGTGAGGTAGGCAAAGCGTAGGAATTGGACACACGAATACGCTTGGTAGACCCGAACGTCTTGGAAGGCGTTGTAATAACCCCGCAAGTTATTTGGAGGTGGCACGTGCCGTCATGATCCGTCATCGACGT,611,48.94,Mus musculus
SEQ_862704,CGATAGCTCCCGCTCCAAGATGCACCGGAAAGGCAGCGCGCACGTCATATTATACCCAGTACGTTGCTTACCTAAGGTAGTCGAAGAAAGGTGGGTTTCAAAGTTCACTAGGCTCACACTCGAGAGTCGATCTTAGAACCGTTCTCGACACGGAAGCAAACTAAGTAAAATGTCCGGCCCTTCCTCCTACGCGACTACGATCTCACATTAACGTCGCTTTGGGACCAATATTTACAATAGACCGATCCCCGGAACCTCAGTCTTTGCTCAGTGCTATACTCGTAGCATCGCCATCATCGTTTAAAGCCCACCCGCCTGCCTTGATTAGTTA,331,49.55,Escherichia coli
SEQ_947095,CACCTCCGTGATTTGGCCATGCGTTGTCGCCAGGGCCTTGGTAGTCTGGTATCCAGCGATGTACTCTCTGTGCCTTCATTGGTAACTTAGGATCCTCAGACTAAGCCGCAGGACTCAATTTACACCTTATTATCTGCGCCGTCCGGAGAGAGACTCTCCACCATCGTATGACAATTGTGGAAGTTTTGAGGCGTATCGCGACATTCAACTCAGAGGGGAACTCGCATACGTCACAGCCTTTCCACTTCACCTACTTTTCGATGTCCATGATGTATGGGACTAAATAATTGTGATTAATCGACGTTATCGTCCCCCACGCGTCGCGACTAGCTTTACCTTCCACAGATTACAGTAGTTGCTACGGTCTCCACGAGTGCGATCTAACACTGGGGAGTCGTAGCCATTATCAATGTCAGATATTCGTATCCCAGTGCCTTATGACCCGTCACCGCAGAGGCGTCTTGAGTTGAACGGGATCCCCTAATACGCATAACATCGCGAGAGATTGGCCCGCACCCACGCAGCTTCGGTTAGACATTAGGAGTACTTGCGGGTTCACCGCGCTCACCGGACCTATCGGAGCTGGCGATTTAGCTGCGTTTCAGCGGCTCCAATGGTATGTCTTATCAACTTTCGTTGTCCCTCTGAATTGAACCCGAGCGCGAAACTCCGGAGCTAAATTAATTAGCCTACAGTCTTAGGTACAC,707,50.5,Mus musculus
SEQ_714256,CCAAAGTCCCGCTATCACAGACTCGAGATGTATAAATCTGTAGCCCTGCCTAATGGCCACTACGTATGATAAGGACTACACAAGGCCGCGCTACAATGGTAACTCTTTCAGTTAGCAAAGGGACGGTGTGCCATCCAGCTAGGAAAGCTCCCTCTTACACAGGTGTACGATAGCGGGTTGAGAGACGATGCCACACCCATATGGATCCGAAGCTCAGCCCTACTTGGTACTAACGTCAGCGCTTCTCCACCTAGGAAGGTTTGTGCCGGAGGTCTTTCAGGTTTGCTGCCCAACAGGAGGGGCAACTACGAACATAGAAATGCCCTGCCTTATTGGAATTGGATTAGTTTGTCTATCAGACAATATCCGACGCACTGTGATAGTATATCATTCTTCACGATTAGCTGCCGTAGTCCAGTCTTCCTAATTCTCATTGGCCACTCGTCACGACTGAATACCTGTCCCTGCAGGTGTTGGCTGGCGGGTTTGAGCGCGGCCTATTGAAAAAAGCTAGGAACGGCTCATCACTTAACGAGATACCGTTGGTAGTTATGGGAGACCCGAACACCTCAGTTAGGTTGCACACTTTTACCTCGCGGAAGATCCTGGAGTGTTTTTTGTTGTATGTTATAGGGAGGGGTGCCTCATGTATGCGCAGATGCTAAGTGGGTAGACGGACCATAAGAAGGTCTGGTCACCACTGCGCAGCAGTGCAATCGGAAAGAGCTAACTGACGGGTGACCTCAACTAGAAGGCTCAAGTCGGCACATCCCAGCCGTTAGTTGCATCGCAATAGAGCTCGCGGTGTGAAAGTTGTGCGTTACTCATCCCTAG,834,50.24,Escherichia coli
SEQ_102114,TCCAAGTGATCCTAATTTTATGGACTAGCTAGCCATAAGTCTTCGCTTCCCCACGTCGAGGTGATGCGTCGTCTACATGCGCGGATTGCGGTTGATCCCAGGATGATCGAACTGACGCTGCGAGCAGTTAACTATCGTCTCACGAGCCCACGGGCCGAGTTTGTGCCGATTTTCTGTTTTCCTGAGCCAGGGCTGTTATCATAGCGACAGTCGTTCTTTCCGTCGCATCAACCATGATGATTGCATACGATCTCTACATACATAAGCGGTGCCGTTGGGCTGAAGCAGTGTCTCGGCACGCTTATGCGCATATAATCTAAGTAGAGCAGGTACAGGGCTCGCCCAGTCGGGGCGCCCCGTACCCCGTAATAAGCCTTGCCCGTAGGAAAAGAGAGATGAGTGCGAGCTGTTAAAGTATTTCGCAACGTCTCGATCGTTCGAGAGCTGGACCAACTTTCCCTCACGAAATCACCTATTTCCTTCCCCGTTGAAGGAGCGAGGACTTGATATGTCTATAAATCGGACCCGTAACCTATAAACGCTTTTCGGTCTAAAGACAGTAAGGCTTCAGTTTCAGGAGTATAGTAACCGTGAGTGTTCGCGGCGGTTCCAGCAGTCACGAAAAGCGTAGGCGGGAATTCTTACGAGAACTTTACATCAGTCCTCTTCGCGCGGGGGAATAAAACTGGTAGATACCACTCAATATTACTCGCCGAGAGGAACAAGTTTTGAAGAACATGCTTCTTACCCTTCCCGCCTCGATCAGATGTTCTAATCATAGAGTTGATGAGTTTCCCTCAAGCTCGAGCCGGATCTTTCAGCCCGCGGCGCCCTTTGGAAGGGTAGTGCTAGCTATTGCTACTCCGTAGGTGCTGTGGCGGATATGTTCCTCTACAATTCGAAGCTACCGAAAGCCTATGCCCATGCCTCTACAGTGGAAATTCTACCTGCTCAGGACATGCAGGCCTTAAGAGGACAAGGAGCCGTGCGTTAGCGTCAAACCAGGTTGCTCCATATATGGATGGATTTTCCAGCGGAACCAGTGAGTGATAATCTGTCTAACAATTCAAGTGGGTGCCGCCTACTACTGGCACAGGCGTGTGATGCGAGGTCGCCTCCGTAGATCTAAGGATGCACGTAGGCAGGCGTCCGAATTCTTCAAATGCATCGGTCGCCCAGGTACCAGTGAGGCCGGTGCATGTCTTACGCCTAGAGATCACAAGTATTCTCAATTAGGCCACGGTTCGAGGGTATGGGAGCACGAGCCTATAAGGCTACTTGAGCGTACCACAGGGGAGCTCGA,1303,51.19,Arabidopsis thaliana
SEQ_288550,CCGATATAAATCGAAAAAGTGTAGACTTTCACATTAGTAGATGATGATCAAGCGACTAGAATTACACGAAGTGCAGCAATACTTAGTCTCGCGTTCTAGATATCACCAACCCGCTTGCCTCGTCCGGACTAACTATATTCTCACTTATCATGCAAAGCATCCAGCCTGTGTTATTTGCCCACACGCAAGAGCAAAATTGGCGTCGTATCGTGGGATCCCCCTGAGAAGACTACGTACTTGGAAGTCGGCAATTGGAAAAGCGGCCCGCCCACACGCGAACGTGCCGCCCGCCGGCTGAAGTGCCCTCTACGCAAATTTCAGCGAGGAGGCGAACTCCATATAGATTGCTGTATAGAGGTAGCGAGAATCCGTTCCCGACTGGGCGGAATTCAGCACTCAAGATGCTATATAGGCATAGAATAAATACGTATGAGTACCCCTTATATAAGCGGACCGACCTTCGGACCTTCTTATTCGTCTGGTTATCAATCGCGATATACTAGTTTGTATACCCCATTACTATCGTATCTTGCCTCCTTAAGGTACTGGGAAGCTGGGGTTCTTATCGTTTTTACTAAAATTGAACCAGGGTGAAGCGCGGCTCTCAACCGTGATGCCCGCGGCTGCTATTGATAAGTAAAGAGGACTAACTGCGTGTGCGGGATTAAGGGCTCATGGAGGTGACGTCCT,690,48.12,Mus musculus
SEQ_561334,TGAAGGGCCGCCCCGAGATCGGGCAGCGGCAGAGCTTACATTATTAGGTGTTAGGTCTCTTACATGTTCCTTTGCGCCGTACAAGGACCGTCGGCCTACCGAAGGTCCCTACTGTATCGGCTGGGTAGGTCCATTCTCGACTCTCACGACTAGTCTTCTGTATGTTCGCTCGTCCTTGTATGAAAGGCTGTTACGCTGCTCTCCTTTAATATAAAATGCTGCAAGCTAAGGTGCGGGATTTATCTGGTTTATTTTAGCCACTAAGCCCCGATCCACTCCACGAGAGCCGCTCTTAGCTATGAATTCCTAAGTGGTCGTGCTCTAGCAGAGCCATAGTGCTCCCCGGTATAGTAGTTCACATCTGGTTCTCCGGCCTAACCCAGTTATGGCTTAGCTAGAAAGTGCCGGACCATAAGAAGTCATACGGCCATGCTGGAGCAGGATCCTCATAGATTGTCAGTTAACTAGCTGCGTCCTTGTATTGGAGCGTATAATGAGGCTACTATGAAATCAATATGGAGGCCACGCATGCAGGAGGAAACAACAGCATACGCACTTGGATTTCAAAATAACATACACCGCCAGGGTCAGACTGGCATTACCGGCTCAATAGACAGACTTTCTACGAGATGTCCCGCGAGCACTTATCACACACGTGGGTCACGCATGACCTCCTAGCGCAAAAGGTTTCCTCCAGAGATTGTCGGCTCATAGAGGTTGGCGGACCTTGCATTTAAAAGTATGTAGCCTCCTTCGGTCCGCCCGCTGTACAGGTCATTCCTCAGGACAATCCAAAGGGTATCCGACGCTACCTGTGATCCTTCCAACCCCCGGTAACTAATCGACTCAGGTAGTTTCACGACCAACGCGGCGTACGTACCGAAGTCGGTAATATTCCTTAACTCGACTGTCAGGCAGTCGCCCGTCATGACTTTTTTGCAAGATGGGGGACCTGTCAGGATCATCGCTGATGTAAGATAAATGTGTCGTATCGTACATCGTTCCGAAGAACATCCTGCTCGCACAATAGATATGCCGGATTACAGTTACATGCGAATGATGGGCAGCTTAATGCGGTTAGTAGATTAGCGCTGGTTACGACGCCG,1106,50.09,Arabidopsis thaliana
SEQ_454115,GCCTGGATTAAACCTGGGAAGAAGAACCCCCTTTACCCTTAGCTTGCACTCAGACTAGTCGCCTCTAATGGGAGCATGCCATTCACATCAGTAACTCAGTGCACGAGCCAGTATCCGCCGTGAGAGTCATTGTTTGCATTCCACCGGCTTGCAGGTCGTGATAACATCAAAAAACAGGACCTCTTTATATGGCTGTAGACGGGTTATGCCGCATGTCACGTTGAGCGGCACACATTTTGCGGCCTTCGACGGGAAGTTTTTAAAAATACGAACTCCTTACCTGCACAGTTCCTTCCATATGACTTGGCCCAGAGTAACGTCTGGAGTGTCGTTCGGCGAATATGCATCTCCGCGATGGTTGGGTCGGTGCTACGTATTGCTAGACCAAGTGTCGATCAGTGTACACGGGCCGTCACATTCTTCCAATCCCTGCTACTCAAAGCCACAATTCATGGACAACAGAATGGACGGGGGGGGTAGGGCATTGGGTGTACCGTCCAAATAAACCCACAGACTCGCCATGTTTACCTTATTCGCGTTTCTATTTGTGGCAAAATCGGCGAGGGCTTTTATTATAGCACTCGAGCTTTTAGCCGCTAAGGGCGCACCGCCGACAACTAAGGGCAGGCCATGAGTGTAAAGCCTGGACGATGCCCTATACCATCGGTATTTAGCTCCGGCATTGATCAAAAGAAGTGATATTTCCGTTTTCTAGTTTCGTTAGACGAAGCCCGGGCGTTTGCGGTGTAGGATGAATCCACGTGAAGATAGGGGTCGTTAACTATTAAGAGCCCCTTAATGGGCTAATTATTTGACTGTGTGATAGGGATCTTTCGTCGGTCTTCGTGCTAATCTAACACTAGTCTATGTGGCATACACTCGTCAGAGGGAGATGATGGTTCATTGCGTCGTGTAATCAGTACATCTCTTGCAGGAGCAGAATTGGTATCGTTTGAATAGCCGTGTTGGGCTACGACTCGAGATTAGTGTGGCCGCGAACAGCATCTAGGTTTGGATCTCCAGGTATTCTTCCGACTATATACACGGATAAATGTTTATCGACCTGTACAGGTCCGTTATCATCACAATTAACCGCCTATAATAAGTATTCTGGAACGTCTGCGCCTTTACGGCGAGAGCCGTTACATCCAAGCTCTGCGTCGTTCAATAGTACGAGATTCACGGCCGTGGTACAACGTCTGTAGCCAGCCTCTTCCTGTTAAAGCGTAGAATTAATATCCCCGAAACGGAGAGGTTTCAGCGGGGGACCTTCTGCCCTTACTCATGCTGCTACGGTGAGTGTATGCTGGCGGGATGACCACCGCCTATAACATAGCTTGACCACGAAGTGCGGACACTCAGGTCAATTAGTAATATCGGTCTTTCCCTAGG,1392,48.92,Escherichia coli
SEQ_705438,TCCGCACCTCCTGGGGTTAACACCGAGCTGATACAGCCAATATTACATGCTTCACCAATCCCTGAACGACTCGAAGAAGAATCCTGGTTTGATTTAAGTTGAATGAAACAAATGAAAACCAAGTAATCTTTACCACGACGGGTGTTGGGAAGTCAAAGTGAAGCACACGGTGAATCAGGTGCTTATAAGATAAGTGAGTCACTCAATCTCTGATCCGTGGGTCCGAGCCTTCAGCTTAGTCGGTTTGACGTCAACCAGCGGCCGTCGTTTCCGCAGCGAGGCTAACTCATGCAACGAGAAATTGCTACCGGTTACTGAGATAAGCCACGTGGAGCACAATGCGTATCTACATCCACACTGGTATAGGTGACGTCCAGCCCGTCCGGGTTAAGTTATTGTTGCCAGTTGGGAAACGGTTGGGCAAACTGACTCTCACCGTTACGCCCCGTCGTCCTGTCGGATGAGTTAGCAAGGCTAATTCGCCTCTTCCTAGTCGAGTAGGGGGGCAACCATCTCCATCAGGAATAGGATAAACATAGGCATCAAGCCAACCTACGCACTCTCAGGAACCCACATTTAAACTGCGCGCTAGTCTTTATACCGTTGGGTGTGGCTAAGTGGTTACAGACCCGCCGTTGCTATCGTGGTTATTATTGCCGTCTGATGTTTTATAACATAATGCCTGAGCACACCCTTCCCTGGGGCTCCATGATCAGGAAAACGCACGAATGGGATCCATCTTTCATTGCATAGAACTTAGTTGAGTTGGAGGACCGCTGCTAAAACGTCAAAAGGCTGTGTCAGGGATAGGTCGACACAAGTTCTTGGTAGAGAGAGATCGTCTTGAACGAAGTCGGTTTTCCCACCGTTGGCGTTCCCTAAGAGCTAGTAAAGCGGCGTCCGCGGTCTAATAACGCGAGGTAGGTTAAAAAATTACAAAAGGC,944,48.94,Caenorhabditis elegans
SEQ_558188,CGGGGCTTGTCGTAGACTTACGTCGTGCATATGTCGTTCGCAGCGAGGCTTTGCAGTAATAAAGGCTAAGTAACGAGACGACGCTTTGTAAGCTAATAATCGAAATTTTCCTGCAAAGGCGGTGGTCTATCTAAGAACAGTACTGCTCCTTCCCGTACAGGATAAGCGTAATATGGGTCCATGACGTACTCCCCTGGGCGCTGACACAAGGTACTGTGGTCGTGATCCTTGGAGGCCTTCTAGTGCGCCTGTACCGTTAGCTTTAAGTTCAACCCTCGCCTACTCGAGCCAAATGCTATCGCGGTACGATTTTAGCCAGCTAGAAGTCAAGATATTGAAGACAGAGCACTAGCGAGGACTCACCGGTGGCCTCGCTAATTCTAACACGTTGCGGACTATGCGGAGTGGAAGCCTGACGGCAAGGGCTGACATGTTCTGTTGCTGGGAGAGTATGTTTGGGACTTCGCCTTAATTCTACTGTGCGTCGTACCCCGTTCTGGTTACTTTGTCTGCGACGATGTCGGGTTACAAGTCAGCTACAGCCATAGCATTCTTGAGGTTCAAGCGCAGTAAGATCAGCAATCTGTAAGCTTATTGGAGATTAGAATTGTGAAACCGCATTCCACTAGGGTTATAAGGCATTAAGGCTCGATCCTTTCCTCGCACTAGGCGCCGATGTCAGTCGCCTTCAACAGCGTTGGAACTCATTATAAAGTTCTGGCCCATAAAAACATTCGCCAGCGGCTGAGCCAGTAGGACCAAGTCGAACTAGAAGGGATCTATCTGGAGGCGCACCAGAATGCTTAGGCTCTTTAATAGCCGAGCGTGAATGAGGTCTTAAAGGCGTTGCGCCTCCTTTAATGACTCAATTAGGATCATCGTAGATTATGAAAACAAATAAGTAAAACTTTTGGGAAAAACCGTAGTGCGTGCCGGCGTGCACGACTGTTTGCCTGGTAAGAGCCGCAAGACTCATATCCGGACCCGTGAGGAGGCCCAAAGGCAAAGGTGCTTGGTCGGCAATTTGGTACCACATCCGTACATCACCTTTAAGGACCCACGCTACCGTTTTACTCGGGTTCACAATAGGTTGTGGTCGAGACTTGACGCGATTCGACCAAGAGGCCGGGCGTAGGCTTCGGTGGCTAGAACCTCGACCGGCGGCTTCCCACGTACGTTCCCGAAGAAAGTCGCCGACAGGTCTGCCGCCTCGCTCAAGTGCAATTTAACTTTGATAATACACCTCTGGGCCCGCTGCCTTAGTGATGGAGGCAGATAGGTACAGTTAGTTTTTACCTATGTCTGAGTCCGGGGCGAATATCATTGTTGCCTTGAACTGGCACCCCATTTCTGGGATTCTGGATCTTGGAGCAGATCCCGGGCACCTGGCCCGTTAAAAGCTCGACACTACATGGATTGGAGGCGTGCATCCTAATGGCTGAACCCAAATTCTTGGGTTCAACATCAATCGAATAACGTGGCGCATAGGACTCTCATGGCGAATTAGGGGCTATTAGATTTTCACTCCTATTGTGCTTAGGATATCACGTAAAGCGACAAGGGAATCAGCGACTTTTCACGCGCGTCTTCTATAGTAGCGGCCAGTTTCCGGTCGGCACGCCCCTCATCTTCGAAATATCATCAAATATCGTTTTTCGGGTCGTCATTCTTGCTTATACTGGGG,1684,50.0,Saccharomyces cerevisiae
SEQ_745877,TGTGGTGTTAAGACTCGTGGTCACGACAGGTTCGTGTCTCTAAATCCGAGGTCACTCCGACGAGTATTTAACCCCAACGTATTTGCCCATACTTGGACATATGGCTGAAGTCTAGGTCAGGGAGGAAGATTATGGCTTGCGTTCTTGCTGTGGTTACGGCGTGCATAGGGGCCGTGAGAGCATCTGACCTTTTGTCGTAAGACGTGTATCTCTGGGCCGCGTACTGTATCCTGGTTCACGCACGTCGTTGCCCTAGGCGCCATTCGCTACCTGGGGCTATACAGAGCGTTGTGAACCGAGTTGACGACACGCAGCAATAGTGCAGGAAGTAATTGGGACGTCAAAAAGGCAGCGCCGTGTATAAGCAGTCCTAAAGTAACACCAGCCTGTATTCGAAGAGGTAGCAACACTTAAGTCTATCATCAACCAAGGAGAACGATGGAGGACTCGCGCCGCGATCCTTCAAATAACAATTTTTTATAAGATGGGTTGACGTGTAGATCCTTCGCTTTTCAAATATGCTGGCCGAAAAATTGCGCCGGGCGTCTGGCGGGACAATCACGTAAGTATTGTGATTGATCGGTAGACCAGGAAACACAGTTAC,604,49.67,Mus musculus
SEQ_160523,CCTCACGTATGAATACGGTTGCCTGGCGGCCGTAGTAGAAGGATAGAAGTAGCTACTAACACCATCTCCCCCTGCTTGCAGACGCGTCTACACAGCTGAGGTTGTAAAAGATTTTACCGGGCAGGTACCATTCGATACCCAGGTCAAATGCCGCGCGTTCCGATTCTGTATCGCCGCGGGTATCTTGGAGCTGTGGAATGTCGTTGACCGAAGATCTCTCTGTGCCTACAAGTTGTCCGCAAAGAACAGCATCAAAACTCGCGCAGGCTAGGCACATCAAATGGGTGATCAACCTTCCATAAGTCAGAAGATATCTTCTAGTCAAGTAGAACTGTGACGTGTGTCCTTAGGTGCTGGTCATCTTGGGCGAAGACCAATCCGTTCATGCATTATTCCTCGTTGTCGGAATCTCCTCAGCCGCGCACAGGTGTTACCATGTGCATGGCCTCGAATAACTCTTGCCTATACGAACCTTATTTCTACTCCCTGATAAAAGCAGTATCTAGATTTTAAGCTGGGGTTACTACAAAGAAGGGATGGGTCCATTCGAGTCTTCAGTCTAGCGCCATGTTACTTCGGTCCGGAGAACGGTTCGGATTAATACAGGATGCTCAAAGGAGAAAAACGTCGGAGTAGTCTCGCTTCTAGCGTTGCTATGGCGTATAACACGTCTAAGCGCCTCTCCTGGCTGACCCGTCGCCCCGCCTAATACCTTTTTTTTAAAGCGCAGTCGCAACACGCGTGCCAGGTCCAAAGCACGGCAGGCAAGATTTGTGTTTTAGTGCACGGGTTTCTAACTACGGTACATGCTCAGCTGAGACTAATTACCACAGCTGTTACCTTCTAGTTCCGGTATGTGGAGGATGAGGACGGTTGTTACCCCTCAGTTATATGCTTGACTTGCTAAATGAGATGTTTGCCATGACCCCAAATAGTATAACGAGCAATTCAGAACTTAGAGTCTCGGAGTTCAGCGGCGTTAAAACTTGGCCCGTATGGTGTATGGCTTGTAAGAATTGTGGAGAGAGTATCATCCGATGAGATAACCTGTTATTGTTTAGGCTCTGGGCCGGTGAAAACATGTACGTGGAACTTCAGTACCGTTCCAGGACATTGGAAAATCAGAACAATTGGGTACGCCATCGTTAAGTGGCGTCTGCCATATCCGTTACCAGCGCATGGTAATCGAGGTATTAAAGCTTGAGCACGGATGGGTAACTTTAAGGTAATCTTCCCACTCTACCAGCTCCCATGGCCACTCCCGGGTAGACGATGCTAGTATATTGCCGCTCGGAAGGGTGAATTCCAGTGCGCCGCAGAATGGGTAAGTAGACCACTTCTCCCAAGATGCCTGAGCGTCAGATGATAAGGTTGGAATGTTTGTCGGAGCCGAAGGAGGGCGTCTATTAGAGAGGACAGGGGAAAGGCCTCCGTATTGCACATTGTTTTGCGCCAGAGGACCACTCTAGATTTTTGAGCACCCTAATGTGGGAAATAAGGGTCACCCGTAGTTGAAGCAACTGCGTTAACTTACTGATGCACAACGAGGCCGGCTATGCCTAAAGTCTCTACATGATCAACGGTCTAACTGCCAAAAAGGGCATCAGGCTCCAAGTATGCGATTGCTGACAGACAAGGTCTCTATCGGGGATCCACGCATCAAAAGTTGACATTCGCGCACACATTGGAGACGATGATATGAGACATATCCTACCACGCCCGCCGAAGAGCGTTACCACGTATTGTACCGGGTCCGGCAAAAGGGTTGTGTATATCAAAAAGCCGTACAGTGACAGCGGAGCTTATTGAAGACAGGGTAAGCTGTAATGGGGGTCTATCCACTCGCAACTTCTTATGAGGGGGCATCAGTCCTTAAACCTAGGTCAAGTCGAGGATGATAGCTAATGTTTCTGTAGTACAGCGTTGAGAGTAAAACTATATATCTACTAAGAGCCCGTAGGAATGCGCAAAAGCAGCTTAGTG,1983,48.66,Drosophila melanogaster
SEQ_372163,TTGCGGGCCGATGAAATAGTGGAGTGCCGTTTTTCACGCATTTATCTCCGCGACTCGGACCCGTATTTTTGAGAAAAAATGAACCGATGCTAACTGTGCTCGCAATGCAATCGGGGGAGGCGTGGCGGTGTTATGTCCACTTAATGGAGACGGTAGCGATTCCGAAAACCCACGTGGCGTGGGCTCGAGCGTCATTTTCCTAGGGTAGTAACGGTCCCTAAACTCAACTGTGTTAGCCCCGAAATAAGGACAAGACGGATGGTTCTGACGTCCTGACGACGGCTGGATAAGGAACCCTATGTCCTATCAAATGTATACTCTCGAGGTCGTTGAGGTCCGGCAGCTGGGCCATCAGTGTTTCTGGTCCAGTAAAGCTCCGCCCCCCTTAACTGCCGAACTATCTTCCGGACGCCTGATGTACCCTCACTGTTTGATGTTCCGCTGGATTCCTTGACCCCCTCTCTTAGGAATTAGTATATGGATATACAGTCCGAAGATACATACCTCCGTTTGGTACGACAGACGTTGCGTCATTTATTGGCCTGCTTTGCCTCGTGCCCGGACCGTGGCTGGGGTGGACGCTGATACGACATCACTCTACCCAACTTCGGTTCGGTTTTGGGCGAGAGAGTTCAGAGGCGTTTCTCAGTTATCGGCTCCTTGGCGGCTAATCCCATAGGTCAGGGTGACTCTGCTTGGTTGTGCCACAGTCGAC,715,52.59,Escherichia coli
SEQ_228564,TGATTGGTAGGGGCTCAGAGGGGCCGGTTTGAGCCAAGACTCGTCCTTGGGACACCTTGCTAGCAGTCCGCTGTGAATGCTTAAGAGAAGTCATTCTGGGCGGTGCTATTGGATCGTGTCGCGCGGACGCGCCAGTGGTTCCATTTCTAGAGACTGTTCCTCACCCACTCCACAGTGCTAGTAAAGGTTACAGCTTCTTAAAAGTATTTCAAAATGATCGGGCACCTCTGAGAGCGGTCGAAGAGAATCTTCGGGGCGCACAGCCCTCGACGTACTATGAGTCGTATACTCTGTCCTAGATATCTATCGGTTGTGACGGGAATGTTCGACGAACCAATTTGCGCTCGGCTTACTGTCTGTGAACGCCCTGGATCTGGGGTGGAGAGTGTTGTACCGGCGTATCGAACGATAAACGAAATGAACCGCTGTGGGTAAACGCCATCACCAAGCTACTTTTGTCCGACTTTAGAAGAGACTATACCAGAGAACCTAGGAGCACGCGACTTAGTTCCGATTCGCATGGTGCTGCGGCCAACTAAGGATGTCATCCGGTCTGACCCCTACTCGTCATCCGACGAGACAAACTTCTTTATGAAGTAGCTTGTTTTAACCCAGAGGTACCACACTTTTGTACGCTAAAAGCCCCTCCCTGTTCGTAAATACAGGTTACCTCTGCCGATCGGTAACCGTAGTATTGCACGCTATTTAATCTTATGCGGACACTGCTTTCGTCATATGAACCCCGTGCACTTAAGTATGGGAATCTTTCTCAGGGTGCGCTCCTCCTCATATGGCCCCTCGATACCTGGCAGTTAATACGGGTACCTCGGCCGGCTAAACCTTGTAGAGTTGGACATACCGATCCTCTTGGTATCAGGCAATGCCTCAGTAGTGTCAAATGAGAGGGACTTTCAGGGGCCAGCGCTTTGCCCCGAAGGCAGCGCTGTTAGATAATCGGGTTGTTATTACTAGCGTACCCTACCATATTAAATACGCGTCAGGACCAAATTGCGCGTGAGGATCCAGGCCTCACGTGGACACATGGCAGGAGGGAGGGCAGAAGTACCTTCCTTTTCCGATCAATTGTGCTCTCACAGCCTTTCGCGCGAACCCTGTAAGGAACTTGCATCGAAAAGCTGTTATTTCTCAATCTTACA,1157,50.56,Escherichia coli
SEQ_638579,CTTCGACCCTCAGTTCGAATATTCAGAGCAACGGTTGACCGGAGTGATCGGTACCCAAAGCCGGAGTAGCCAGCACATCTAATCTACGCATCGTCCTCAGAAACATCGGGTCCGAAGCAGTACGTACGGGATGCGCGCACTATTACGATCGCGGTAACTCGGTCATACTCAGGAAGAAGTTTGGCCACCCTACCTCAGTCCCTATTTACCGAACGTGTAGGTGAAACCGTTAGCCAGAAGGTCTAAATTCAGATCTGTGATCTTTCCGCTGCTTCAATCGTCTGGCGTAAGTCCCGCTTGGTGTCATGTGCCTCGGGGCATATAAGCAGTTTTGGGTATTGCATCCCCAGAGAATTCCCAAGGGCTCTGACCAACATTCCCTCGGCACCAGTCGTCTTACTATGGCGTCAGGGACTCAAGGGATGAGCACCGTTTGGTCGAGTCATGCTTTTACACAGCAGAATTGGTGAACGTACGGCCGAGGCCCCGCAGGAAAGCCAAAATAGTCAGTATTTTACCGTTTCCACCACTGCGCTTATCCGCATTCAGCGATAACTACTTATCTCAATCGGCACCCCCGTCTGCTACTTTACTAGACGGATGAAAGTAGGCGAATTGTATCGCATTGAAGGAACCTCTGTCCGTTTGTCGGGTAAAAATCCGGCCAAGTCGATGTAGCGCCGACATTGAGCTCGCATGGGGGGCGTTGCAGGTCGGCGATACGAGCTTCGCGACTTGCACTATCATTGGCTACACTGTTTGAATGGGGTGCAGTTTGGGAGACGCATTGCTCTGATAATGTAGTGCGATGAGAATAGATGCGTCAGGTCTAGTTCAATGGAAACTCTCTTGTCTGGGCTAACCCCACGCTGTTGTCAATTGCAACCACGGTAGGACGTTGTCGTCGCGG,910,51.65,Homo sapiens
SEQ_995131,GCTAAAACTTGCAACAGTTGGAGCTGGTGGTGAATGCCGTGCCGGGTCTTCTCTTTGTTGTAA,63,49.21,Homo sapiens
SEQ_391775,GTGTGTCGTCAGGCAGTTCCCCATTAGACGCAAGTTTGTCGCCACCGCAACGGGTGAATTGGTGCCTGGTTCGATAGTCACGGCCGGAAATTATTCCAAGCTAAGACTTGCTTCCCTTCTACCTTCGAACCTTACGCTGCCTCTTACTAAGAGGGCATCCGGACACACGTTGAACGTCGTTGATACTCTTTATAGAGACACCCGTCGTACTTTACGCGAACGGTGCTATTACGACTCGCGCCCTGATTCTATACATCTTGCATTAGAACACCTTTAGCCCCCGTAATGTGATATCCGGATATCATCACTACATTACTGCAAGCACCGAACATGTTCGTGATACCACAGGGGGCAACATCATTTGCTTGCTATAGGGAGTACGAAACTGATTCATCATCTACCATCGCATACCAAAGATACTTGCTAGGGCCGCTGCTATGGTAGCACATGGCGGACTACCTTTAGGAGTCCCTCGATATATAGAACATGCTAGTCGAAGCTCCTAGCAAGCAGAGTGGAAATGGGCGTAAACAAACTCCACAAGATCTATCTTAGATCATTACGGTAAGCGAAAGACTACTCACCCAAGGGCGGAGTCATGTTAATCAATGATTCCTTTCTGTGTTCTTTTCTCGTCGAGACCTGGCCGATAGTTTTCGTATGGTCCTGGTAACGGCTCTAGTTAGAGCTACAATCTCGGACGATG,706,47.73,Mus musculus
SEQ_202437,TCTCCATAAACTCAGATTTTCTCGAATGTCTTCATTAAGTCGCACTCTTGGCATGGGCGGAGAATGGACGGGACTGCTGCTTACGTTCATATGTAGTGAGAGACCGGGACAGTACACAACAAGCCTAGCGACTACGATCAACTGTTTCAATCCTCCAGGTTTCTCCCCTAGTCCAGGAGTGCGAGCGTTACAAAAATTACTCGACTATGAAGGTAAGGGCGAAGATATACAGCGTCGAGGGTGCTGACACCTTTGGGTGCTGCGGTAGCCAGGCACAGGCCAGTCGTGTGAGCAGTATATAGCTCGGTCTCAGGTGTAAGACATCCCAGGCATAGCCCCGCCTGCCGCGGCATCCGCCGGGGTTAGTCAAGTGGGGTGGTAGTCCTTCCTTATCGACCCCCGGGAGAAATATAAAAAAACTTCATCTGGTGGACAACGAGAGGATTTATACCCTGGCGGATTGTAATTACATAGAAAAGAGCTTGGACAAGCCTTTTGGCTAAAATGATAAGTTTTATTAAGCAAGGAACTGCCCTCATGAGTGGGTTGGGCCGGAACCATTAATTCGAAAGGGCCCCAGGGGAACTCGCGCGTGTACGCCCAGGGCTGAAAAATTAGGGTGTGGCCTTCGATCGGGCTATCGTTTACAGGCCGACCAAGTTCTTATTGGCGTTGATTGTTTTCGGTTCTCCCTCGATTCATCAGTCTGGCAAGAGTATGGCATTCTCTTGATTGAAATGACACGTGATTCCGAGCAGGAAAATGGTGGGGCATCAAGCTCTCAGGTAATGTCGAGGTTAAACAAGGGTGGATTTGAGACGCCCGTAACTCCGTTCACTATCCAGACCAAAGGTTTCCGACGGGCATCCGTATTCAAAGAAGCAAAGAGCTCTCAGGCGGTTGCCAGCGTTGATCTCATGCTCAGGCCTGTGGGAGCGCTACACCTAGAGGTAGCAAAAAACTAAGCAGGCATAGGCGGCTGATACTCTTGCGCGGCTTTCGTGTGTTCCTGGTCATCAATGCTTAGTGGGTGAAAGAGTCATTTCAAACCCCTTGCCAGCTAGCGAGAAAGGTACACGAAGCGCAAGCGTCGAGCAGACTTGCACTAGAGTCTGTGGTTCTTCCTGTAGATTGCTGACAGAATCTCGTAATTCCTTCGCAACAATAGCGATCGACCGAATGGCAAACGGACGTATTAACTATTCTTTACAACCAATCTTCATGTTGTCCGACTCCGAATGTAAACTCCATATTTTCTCGGACGTGGAATGTTTTAGTCCAGGGAATCCAGCAACTGTCGATCCTGTCGCTAGCTAGGCGTGGACGACAAAGCCTAATGCGATAGGGGTCTAGAGGCGTTTGCCATTACACGTGCGGGATCTTCGTTGTGTTGTCAGAATCATGGCTCTCCTTTCTCTCGGTCCCTCAATGAAGCTTCTATTTTGACTACGCGATCGATTAACTGCTTGCGGTCGAGGCAGCATATCGCTTTGTTAAACGATTTAAGTTGGTATCACAATGGACCTAGCATAGAACGTACGGTACTTTACAGTAGCATGGCTACGGGTATGGAAACATCGGTTTCGTCCACATTAATGAGCTGGACACTCTCGGATAAAC,1620,49.2,Saccharomyces cerevisiae
SEQ_588964,GATACACTTATGCGAGTATCGTATATTCTCAGCGCGACGTTCGAATCTAGTCCTTGGCACATTACGGTAATGCAACTGGC,80,46.25,Drosophila melanogaster
SEQ_226167,GGAGTGAGAACAAAAGACGCAGTTTAGTGCGAGGCCAGCTTACCTAACAGTAGAACTATTCAAAGTGGTGGCTGTAGCAGGGCGAAAGTTTTGCTGCGGATGATCTCATGTACGACTCTTTTCACTCTGCTTAGAGCGCGACCGCTCGCGATGGCTCGCGTTAAATCCCTCATGACGCGGGGGGGACCAGTAAATCGGTCGCCCTGACCATCTAGTCTAAGTATCACTCCTTTTCGCCTCAGATAAGCTGCGCCCCAAATTTGGATTGACTGGACCTTTTGTGACAGCCGTTGATAGTATCGCTGGAAACGACTTTACAAAAAATTGACTCAAAGGCCTAGGCCTGAGAGGTTATGCTCGGGTCCTTAGACAAGAAGACCTTCCTCCTACGGTCTGCTTCCCATTTCATCCCATACAGGGCTTCGCAAGCGCGAGGTTGGCTACCATGGTCTTGCCCCCAGGAATGTTACTAGCATGATGTCTGGCACCTACTACCCCACCTAAAGGCTGGCTTCTCGCCAGCCCTGCGTGGTGTGCCGTCAGGGACGTTCCCTATCCTTATATTCCATATACTGGTTAACATCTCTTGTTGCGATCAACAAGCGTCACAACTAGACGGTGACGTACTAATTCCGCTGAAGACAATGTAACTCCAAGTTTTCTAAAGTCTCCAAGTCAGGGAGGCCTGGGACCGGATTGCTGCCGCGTTCAACTCTTTATCACGTATGCTCGGCTGGCTTAGCGATGCACTTGACTTTCTGCGTCAGGTGGGGCGGAGTTTGCCTTTCACGGTGATAATAATGGGAAGCGAGAGAATGGCGTCAGTGCGTCTTTAGGGAGCGGACTTTGCACACCTAGGCCGTGTGTTATCGAGAGGTGATCCGCTCCCCACATGACACACAAACACAACATAATGGACGCACCCAACCGCAATAAGACTCCTAACGGTGCTGGCCTGGACGGCGGACCAGTGTGTCCGTTTCAATAGGAGGAGCGGAGGTCCATAGACGGGCTGAACCGGGGCCCGCTGTGGTACATCCTGGCCGGATAACCATCCACAGTAGCGGAGAGGGTGTAGGCAGTCGCCGTCTAAGAACGTTCCTAGGTGGCGTGTGGTAGTCAAGAGGGATGCTCGGAAGAAGTGTTCTGAGAGCCGGTCATACTAGGTAAGTATAAGCTTAGTACGCGCCCCCCTGTCCGAGAAGCCCGGCCTTATTCCGTAGGACCGTGTGTCGGCATCTAAGTTC,1247,53.01,Saccharomyces cerevisiae
SEQ_508201,AAATCTCAGGCACTCTTGTAAGAATGCGCGGAAGCATGTTTGCGCAACCCGCAGTAATAAGGCAAGTGGTGTGTAAGTCACAAACTATATTTATTAGCAAGTTCCCGCCGGTCTGAGCTCCGCTTTAAGCGTTCTACAAAAACCACAACACTCCGCGCTTAAAACTTAGCGACTCTTTAAAAGCCGGGCGATAGCGGGTAACATAGTGTAGGGTAAATTGTCCTCTAACGTTCACTTTAGGCCGTTGTAAGCTACCCCGGTAAAGACCCCGCCAAGCATCTCCAATACCCGCGGACTGTGCAGCTGAGAATCGGAGATAAGCATAGAGAGGATGTTCGTCAAAAATGATCCAACACTCGCCACTGACCGGAGGCGGGGACTCGAGGCTCAACAGTGACCAGCGAGGCTTGACTCGTCATGTACTTGAGTGAACCCGTGTATTCAGTGAAGATCGGGAGATCAAACCCGTCTGCCAATCAGTCGGTCTCATGCTTATGTGGCAGCATGTCTTTGCAGATGTCCCCGACACGTGTCTCCGCTGAATCGCGCCTTTACGCTGCGTCGGACGACTTGTAGTTACTGTCTTCTTTCTGAATGACGTTTTCCAGGTCTATACTCCACATAATACAGCTATAGTTTTAAAATACTTAATTATCTGGTTTGGGATAGCTCGCATGCGCGGTTTGGAGCGATCGTCAGCTCTCCCCATTCCCAGGGAGCAGCAGGATTTGCGTCTTGGCCTCCTAACGAAAATAAATCTTAGTGTCCGCGGGAGGGCTTCGCGCACGGATCGGTCGGATGGCATCGCGTGTTGGACCACATCAACGACTTTCAAGCGGGAATGTACCACCATCGGAGGATGTAGGGAATCAAGCCCGACAAACGATTTCGTCGAACGTTTCAATTACTGTACGGTCACTAAGTATTGTCGATCCGATTGATGAAAATATGGACCATTCCAATCCGTTAGGATGCAGGGCGACTACTTTTATGACCTAACGCTTAGGCGAGTACAACTAGTTCGTGACACGCCACGCATTCCGCAGATCCATACCAATTCTATTAACCCGTCGCTCGTACCACTTCTTGTGTATTGACTAGCCTCTCGGTGTATAAACGCCGGCACTGACCCGAAAAAGGAATTCGAGCGACATTTACAGACAAGCTGTAGGGTTAAACGGCCTGGTTACATGGGCAGAGGAATAGCCCGTAGACGCTTACGTCTCTACATCCTTTGACCATGTCCTCCCAATGTCGTGTGTGGTCAAGTCCCTGATTATCGGCGCGTCTATAGCCCAGAATGGGGGCGCTAAAATGTCAGTCAACATTACGGTTCGTCAATTACTGGACCTGCATGCGAAATTAAACAAAATCCTAATATTGTCCAGTACCAACGATCCTTGTGGGATAAGAGACTCCAGTCTCCGCCCACTACCCCGCGTAGCCTAAAATTCTACACGCGGTGGAAAGAGCCGTAGCAATCAGGAATCCGATTAGGTACATTACGGATATTGCGAACTTGCGCTTCCCACTCACGTGGGCACTGCTGACCCAGTGTCAACGGCCGGGGGTGTTTGGAGAAGGTTTGGTTACTACTTTTTCAAGAAAACATGAACGTTGGTAGTGACCCGGATTCCCAGAGTGCGCTACAAAACCAGTAATGTGCTCACTTCGGACAAATGAATAGTACTCAAAAACTCGATAACAGCCTGGTTCATTCCTGTCGTTAGACAGTATGCTTTGATTTTGCTGCGAGCTCACTAATGTAACCGTCTAGCTGGGAATGTGAATACGTGATCCGTGAT,1805,48.86,Arabidopsis thaliana
SEQ_431553,CTGAACAGTCAGTTGCGATCATCCGCTGGAAATACTGATGTTGGTACTACCGGCCCTTTACGCCCGCTGTTACTATAACTTATAAGCTAGACATTCTGCTGTGATATATTTTTTGCGCATTTTCCGCCCCAGCACATGTTCTAAGCCTGAACCGCTTTCGCATAGTTCTGAGACCTAAGTCTACTATCTGAATTGGGTGACGTGTGCAGCGATCACTCCTAACTACGTTCTGCGCTTCAATCGCACCAAGCGCTGGTTTTCCTGGGGATCTTGGTGCGAAGCCCTGAAAACTTATTATAGCACAACCACGTGATATCATGGAGCTTGTTCATCAAAATGCTCTCTCGAAGACTGGCACACGCAATCCTTAGACGGCACCTGAACCATACCGTGCATACTGCGTTAACTTAGAGCACACAATCCAGAGGCACGCAATTGATTCCCTGCTCGTGCATCTACTTAACTCCATTGGTCGGCCGGATGTTTAGGGCCCCGGCGCCCTCACTCACTTCGGTGTGCGCGGACGGGACACGCCCATACGTATAATATGTTGGAAATAATTCACCTCATCTCACGGTAGGCTAATGCCAGGGCTCTGAATCGAGGGACACGTGTCTTGTACGTCCAGATGGGCCGCTAAGATGGAAGCACCTATCTCACAAGCTGGGAGCCCCTCTAGTGTGAGAATGGCCTAGAATTACCCTTTTAAACACTACTAGTCGACAGACCGTCAGACGAGGGCATCTGTTGATGCGGATAGACGTAATGATATGCGGTGAGATAAAGCCCACTGCGGATACCTCGGTAGCATGCATATCACATTTGATTCGCGCTTATCTAGATAGCAGGGCTTTTGCCATAACAACACCCTTAAGCAAACGCGCGCCCAGCGCCTCCGGACCGACAATTACGGCAATTCCAATCATCTCACGTTAAGGCTTGAC,944,49.79,Mus musculus
SEQ_231946,TCCATAAGTTTATACACTTTGCACCAATTCTGGAGCGTTGACAAATAAACCCGCCCCTCGTCGCCCGTTGTGCAGAATAGCAGACGCCGCCTCAGCTCGACTCTAGATAAGTTCAGAGGAGCACAGCTCTGTTACTCCAAAAGGTTGTGCTGTCACGGACCATTA,165,49.7,Caenorhabditis elegans
SEQ_814897,TTAAAATCAGCCGTGTGGCGTCATTAGTACTAATTGAAGTGGTTACTCCTGAAGTTCGACCCTACTGACTTGGCTAGTGGTGAAAAAGATGGGCCGGACGACTCGCCAGAACAGCAGCTTCGTGGCCATGGAGCAATGCAGGTAATAGATCGTCTCGACCATACCTCTTTCGCCTACCAGGACAAGAGGACTACTCATAAGAAGGAGAGCAGGGGTTTAATGTACTGGTGCGGGAAAAGAAATGATACGAGGATGTGAGCCTCTAAGTCGTCGTAGGCTCCTGCGATACGCACCCACCTTTTAATGCTCACAGCTCCCGAGAGCCCCCTGCGACCCCTTGAGGTGAGCTGTCGAAGTGGGTCCAGCACCGTGTAGCTACGGCAGGGACCTAGCCAAATGAGAGGAGGTAAGACAAGAAAGCATGGTAACGGACTGTTTGTAAGTGTCCTAACATGCCACATTAAGCAAAAAGACCACCCGATCCCTCCATTGTGAATCAGATACTCACCTGGACCCAATCGAGCCATGAGCGTTGGCTTTAAGCGGATATGTGCTAACACATGTCGTATTTCATTGAGCAATGGCGGGTTGACTACGCCTCGGTTTTTGTACGCTCAATTGATTCCTCCTTAGTGTTTATTCCGCTTGCCCTCGTTTGCTTGTCGAAGTACCATTATGAAGTTCAGACCCGCTTCCCTTGCGGAACCTAGGTAGGTCCCCGTACGACATACCCACATCTAACGGGTAGCCCAGTCATAGAGACAACACCAACGGTGTCATAAATCTTATGGCAAAACCATCACCCCTGACCCTCGTACGGATCCGGGTCTGCGTCAGAGTCGAATACCGGATCGTGAGTGCCCATCCGACACAGACATTCTGGCGGCTACGCGTCGCTCGAATGCAGCTTTTTGCGAGGATGAGCGCAGGTTAATCCCCGTGCAAGGTGAACAACATAATTTTAGCTTGTTTTCTGGTTCGCACAAAAACGTTTTTAGGTGGTCTTCTATGCCCTTCGTCGCCTTTTATCGCCTGCTCAGCCGCAAACAACATCGGGTTACATTGCAATCGGTATCAATTTGTTTTAAGTATTTCAAGCTCACAAAATTCGTCCGCGCAGGGCGCGGTTGAACTTACTGCCCTTAACAACGTCTAATATCTTTTACGTCTGA,1172,49.66,Escherichia coli
SEQ_727910,GAAATGAGTGTTATGAAGTCGCCACGGAGATTACAAGCTACTTCAGGTCCAATTCACGTATGATGGGCAACGGCATTACAGGTACAGAAAAGGTCGCGAAACGTGCTGTTTAGGTGCTCTCTCACCGGGAATAGCTCTCCTCCTCACTGAATCACTCATCGGTTGGAGGTGATTCAATGCTGTATGATGTCACGAACATCCTGGTTGCGTCAGAGTCGTTTTCGTATTGACGCTATCACGCCCAAGGTTTACGTCGTCGATCGTGTAGCGTTCATCAAGAACCAATGCTCATCTGTGCTGCATGCAGTGTGATATTACAAGCATGCCTGATGTGGAGGTCTACGCTAGGCTAACGTCTGATGGAAGTTCCCACTCCTCGACAAGGGGAAATTGCATGTCCGGGTCTGGGGTGACATGTCTTAGATTAAGATATACGCCCACCGCTCTAATGACATGGCCGGCGTCACCTCCGACGCTTGAGGGGTATTTGGTCCAAAACAGTTTAGTATCCTAAGTTACGCGATTTGAGGCACATAAGCTCCCAAGCTATCTCTACGGTACGCTGCGAAGATGTCGTTGGCTGCTGCCTGGCCAAAGATAACTTTGCCCTTCCTCAACCAGATTTATTAAATCATAGGAGCGTGGGCCGTATCCGAGGCATTTCTTGAACACAAACGCTGGTAAATATAGCTATTGGCGGGTAAGCAGCGACGCAGATCTGAGGCGTGGAAATTTATGCTGGTCACGGTACTTGTCGGGGTCTGCAAACGCCCAATGAGATGTTTTGGTGATGAGCCTCTA,801,49.19,Escherichia coli
SEQ_455939,TGTAGCGGTATGAGCCTACGGCAGATGCTCTATCTTTGATAACTCCTAAACACGATCTTTAGCCCCCAAGTTGGGGGAATCACCGAGTAACGATTATATGATGTGTACATCCGTTAGCTTAGAAGACAGTGCGGGACTCAGTCGATTTGCCCGGACGGGCGGAACGTAGTCGTACGAGTAGGCAAGCCAGTGGATTGTCAAGAAAACATGATACACGGGGCCGGACTGGTCCGACAGCGCAGGGCATTACTTATCATTTCAAAGAGCGAGCTGGTCGATTTGTCCGTACCTTAGGAAACCATAGGGGACTCTGCTTATAGAATAATGATTCCTAGTTTCTAAGCTTTATTCTCTGGGGGCACGTACAATCCGGGGCACCTGGTTCCGCAGGACAGTCGGGGTCGATAATAGACCAATAGGGGAGATTGGTGGTTTGTTGCACTGCTGTACCTGGGGTGGCGCGCTGCGCGGACCCAGTCTTCGGGGTAAAACGAACACTAGGATAGGGGATTTCCGTGTCCCGGCGAACCACCCTGCGTGAGCTGAAGCTTCGCTAGGTAATAGGTGCAGCGTAGATCTCGTACCGCGATCATCAAAAGTGGCGGGATCGCTCAACAGGCACCCCGGATTCTAGTTTGATGGCACAGGGCCATCTCCACGTTGAGTAAAATTATGTATAATATAACTCGGCCATGCGCGGTCAGATCGGGTCGTCGCGCCGCAGGTGTCAGACCGTCTAGGCGGATTCCGAAGATACGCAGCCTCCCAACTCACGGCAAGTTATATAGATTAACCCCTCATGCTTCTATTCCCGTGAAACCCTGTCAAGTCCCGTTGTCTACGCTGCTCCGTGGGGAGGGGTTGCACACCAAAGTGGTCTACTGCACATTTTGACCGTAGACCCTGTTTGTGTGGGGGAACCTATCCAGTTGCTAATGAATTGAGAGCCATCTCTTACTTTAACCGATCAGGATCGCGTACTCTTTGTTGTTGGGACATCGAGTTTCGTAGTGATGGGACGATTTCCCCCAGCCTTCGTGCAACTCACGACGAACCTTATGGATGCCTTTTCCAGCGGGCGACTGATCACACAAATTACTCTTAAGATGGAGAAGTTCCTATCCCGCATGCTCATGGTGGTTCACGCCAAGTTCCATCCCACACTCTGTTAACGTACCGTTAAATCGTTACCGGGGACCATGTTTCTTAATAGCGGAAATTGCTCTCTTATCGCGCGTCCTAGTCCCTTGTTCGGCGACAATCAATTAGCGCGTTAAAGTGACGTCTGTACTGCATGTCCCGTCGTCTTAGGATTACGTGTCCTTCGTCTGTTCGTGACTTCTGGCTTCAAGTCTATCTCAGGAAATTTCGGGACTTATCATCATGAGTTAACATCAAACTCGAGTAAGTCACAATACAGGATTTCCTACGATCCATGTCTAGCGAGAGCTCGTGCAGGAGCTCTCCCGGTGCACAGACCCGGGACCCGGAATACAATCGCCACGCAAAGCACAAAATATTCTCGTGTCGGAAGATTAACACAGCAGCTCTAG,1553,50.8,Caenorhabditis elegans
SEQ_520522,GCATCCATGAGCGGTACTTGGCGAATGCGGGGTAAAGCTGAGTAAGGGGCGTCACCCGCTACCTTTAGATAAATAAATCATACATACACATGGACGGCTACCAGAAAGCACCTTTAACTTCGTGCTGACCGTCTATTAATACCACCAAGTAAGACAGTTTTGACATGCAGCAAAGTTAATTTGTGTGCATAAGTGTACTTTTAACCTCGGTAATAATGTTGTGTAGGGTGAAATGGCAAGACACATCTGGTGATTTCCTCGAGGCTCACGCTGCGCCCCACCCCGTCCCGGGGCAACTTTTCCTGGAATCCACGAGGTGAGAGTGCCGATATATACGCATCTTAACGAGGTTGTAAGGAATTCTAATCTGTTATGTCATGCCGAGCTTCACACCACTCATAACTCCATTTTGCGGTCGCAGATGGCTTACATAAACCCGGGTACAACCCGCAAACTGCTCCCCTTTAAACTGATAGAAACTCAGCAAGTTTAAGTGCGGCTGAAGGGACACTTTTGAGTTACAAATTTAAGCGGTGAGCTACCACGCTGAGGCAGCACGTATCCTAAGGACAGGATCTGAGGCATTGATCGCCACGGTTACCTCGGTGCCTTCCTTAGGCAAGCTATGAGGACACGCATAGTCCGACTAGGGTCGTTTAACCCTGATCCAGGGATCAAGACGGAGCGGGGTTTAAATGATCACTGCGTGGCCGGTAGTACTTACTGGGACGGACAACGCCTTCAGACTTCCAACTACTCCTTGATTCTATATTGTCCTGAAAAACGACCCCTCGTCTGGCAACAACACATTGCTCACAGGTCCTCAAATGCTCTTCTGTGTTAGGGTGCCAAATGTGGCCGGCGCGGCCCAGACCTTAGAGTAGCCCTGAGACGGTGAACTTCCGATCCGAGGACTACGTCTATGCTACATCTGGGGTATGAATGGCGTGAAGCGTTTAGCTCCTTGATGAACCATCGATGGAGCCGTTCCAAAGTAGGACGCGATTTAAACGTGCCTAGGGATCCACGCCATGATCTCATGAAAAGCGGTATATACTAGTCTCGGTATCTCGCACGGTGGCCTGCCAACCGCAGCGGCTTTCATGTACTTCGCAACCCGAGCTACGGGCATGCGAGGGGTGTCGCAGCCAGTTCGGAGCCCAAGTGCCGAACAATTGAGTCTCCCCCAGGAGCACATTGTCACTGTTCTCTGTCCGAATCTGTTAGGAATTGAGTTATGCTCGC,1245,50.44,Caenorhabditis elegans
SEQ_383211,GGTTCGAGCCCTAGACGAAGCAACGTTGTATGATGGGATCCATATAGTTACTCGGCCCAGACTGCTTCGTCGACGACAACCCAAGCTAGTCGGGACTGGAGCTCTAAACACCCTGTTAAATTAGCATAGCGTTAGCGACCCATTCCATCGCCATGTTAGTAGTTCTTGATAGGATCAGTCAGCCCTCCGCGTTTGCGAACGAGGTCAAAGTCTGTTAGCAATCGGGCGGTTGCCCCTTTACAGCTATTAAACGTAAGGTTTTACGCCATGGCGCCGTGAATACGTAAGCCCGGTTCCCTGGGCCATTAGTCTAAGCCTAGCAACTCCCTCAAAAGCGAGCTCGAGGTTATCTGCAGTCCGAGTGTCGCGCTACGTCGTGAGACGATAGCAAGTCTATGCTACTGGTATCAGCGCAACTACCGCATGGAGTAAAGGGATAGGAAGGACGACCCACATTTCCTCCGGCAATAGACGCAAAGGCGTGCCAGTAGCCCGGAATTCGCTTTGCATGAGGAGTCCCAGACGTGAAACCCCAATGTGAGGAGAGCCTCGCCTCTCACGACAATCGTTAGCCACATCTATAAAGGTTGCGTAGCTGCTTGCGCGCCGTAATAGAGTACGCGTGATTGAATCACAGCTAGTTTTTCCTCGACTTGTCAGAGGATTTGAGATGTTAGATACATTTTGAAGCTGGCTGTCATGAACTTGAATCACTCACAGCTTATACAGTGTATAGGCCGGTAAATACCTCTAAAACAGTTTCCCTTGTCAACACCAAAATAGATCCTGTCGCTCGTCAAACCAGTCAATCTGCGGTATGACGACTTTTTGGACTTGCAGCCTCTGTCTAATCCAATTCCTATAGGCCTCGGTATTTATATCCTCGGCAATTAATCTGCTCCCGCCCTGTCTACGCGTAACATGCACACCGGAGTTGTACGTGGCCCGGCCCGCGCTGCACCAAGGGCTGGAAGGCTGTAAAAAATTATAACATTCGTCATGAGGCCTCCACGTGACATGAACACATGAATATCCCTTATGTTTGAGAAGTGTAACTAGGCCCCGGGGCATGTAACAGCGACCTAGGTTGCGGCGAGAGAGTACCAGTCTATAATCGGTTCCGTCCTCGCTTAGCCCTACGAATTTTAAGGCGTCAACCAAAGCAGAGCGAAATCCATCAAGCCGTACATCGACATTGGTTAACTCCATCCCGTATCAAAGACTCGTGTTCCCAATCTGAAGCGTATATATGTGGTTAGGCCAGTTGCCCGACCGTCGACAGCCTCCTTGTCAACCTGCCACGGTTGGTTAATTGTCTCGCTGCCAACCCGTTCTCTAAGACATCCCATGGGTAGAACCAGCACGCTGCTGCCGACTGGAGAGCACAAGCCTCCGGTGCTTTAAAAGCTTCGTACAAAGCACGGAGGACTCAAAGTAAGAGCGCTATTAGATGGGTACATAGAACCGTATGAGACTATCTGACTTCAAGTCCGTAGCGTAAAGGTTCAATTTCAGCAATTGGCTCCGATGCAATCACGATTAGATCAACGACTTCCCT,1558,49.87,Saccharomyces cerevisiae
SEQ_502493,CGCGCGACTTTCCGCATCGATGATAATCTCGAGAGCTAGGCGCATGCAGGAGCGACCGCAGCTCTGCCCGTTTTGAGGAACCCAGCAAGGACGTCTCTGAAACAATTTTGTCCTTCGTACGGGGCTGAGGTAAGCAGGCCAGCTTCTCAGGGCGATAGTCTCGGATCGTGACGCCTTTATAGAACGAGTGAAATCACTGAAAGTGGGAACAATCGCGCAGCCCAATCCTGATCTAAATTATTATTCACCGTCTACGCGGCCCCGAGGAATACAACTCTATAGAATGGTTATGCGTGGAATAGTGTCATCAGCCCTAACGAAGTCCCAAGCCATCTCAGTAGGAGGTGTGGTTGAGCCTACTTTCTGTTTCAAGGCCGGCCCTGCTCAATACCGTTACCCACACCAATGCATAGTGCGTATCCCCCTCATACATCCTTACGCCTAATGGAGCATAATCTGAACGGGCTTAGTCGACGACTGCCTCCTTCTTTGGAAC,496,51.61,Escherichia coli
SEQ_976987,CCCCCCTGCGTAGTCATCCCACTGGAGGGGGCATCGTGCACGACGCGGATACATTATGTAAGCGGGCCGTCCTAATGGTAGCAAACGCCATCAGGCTCGAGGTGAACAGCCCTCAACTTGCGGTGGAGTGGATAGCGCTGAAAGTCGTGTGCTAGATCACTTATACAAAAGTTCTCGGTACCCAGATTCACTAGGCGCTGTGTAGTATTAGGGGACACATTTTCGAGACCCCGTGCGCGGGCCTGTGAGAGCACTAAATAACCAACTAAACGTCTTATACAAACCTTAAGTCTAGTTATCGCCCGATAGTAAGTGGTGTTTCCTATGAGTGTTTAGATGGACAGATGGTAGGTCACCTCTCGGGTAAGTAAGGCTGCTTCCCGATAATATTCAGTACAGGCCAGTGAACTGGCTATTCACCACCAAATTTCCTGGAGAATACTCATTACATACCAAACTTTTTAGTAGAGGTCGACCTTCAAATTATACCTAGAATCGGAGGGTGTATACCCGCTGCACATCCAATTGTAAACGAAAAAAACCTTTGAGGTTAATGCTGTGCTCATAGTATGATCACCCACAGTCATAGAGTGGATGGTGCCTTGCGGGTAAATTGCGACCCTCATTATACTATTGGTCGTAGTTGTGAAAGTGGCAGACGGGGTCAGGTAGACGCAAGTAGAGTAGATCTATGCTGGATGATCAACCCAAGTCGGCAACATATGAAAGCGTGTCCCGCCATGCAGACAGATTCTGCACGCTAGTTCCGAGGTAGCAGGCGTATTCAAATTACTGAATAGAACGAACTTGGCCTAGCTGGGTGTGTATTGCCCAGTTGTTGTGCCCGAATCGGTTCTGCGTCCGTTTCTGCCTCCGAGCTCACTACACGTTACCGTCCTTGTGCTGCAGGTGTCCGTATCAAGAACTTAAAGGTGTGCATCAAGGTACACGTTGTCGTCTTGACGTCATTGGCTGAATGTGTTCCCTTGACTATTCGGTCGGCGGGAGAGAACCGTATTTTAGACGCGATCAGTGCAGTGGAGCATGTCAAAGTGAAACATTTTGTTGGGGTTTTTAACCGGCAATATTTTTATCCTACCGGGCCGTGGGACGACATTATAGCGAAAGGACGTACGTTAAAGAGCGGATACCATGCAGTAGATAGGGAACAACCTGGGCCCACGGAATTA,1190,48.4,Mus musculus
SEQ_714711,CATTCCTTAGGCTGCCCTGGAAAAGGTCCGGATGGGGGCCAAAGACCCCTGGGGACCGAATGTGACAATAAGGACTCAATTGATCCGGATTGTTCATTAAATGCTTTTATAACTCCCGATGCAGGTATCGGTCGGAGCGCGTCTGAGTCCTTTAAATGGTAGTTAGTGTGTCCGCTGATCTATCTTGTTTGTAGTCAGATGAACAAGACACTCTAAAGCGGTTTGTATGTAATGAGAGCATTTCCGTTGCCGTAAACTAACGCCTACATCTACATAGACGGTGCTCTTAAACTATAGCTGCGACTGAAACCATATATGTAGACCGCTACCTAGATACCGGACAGCCGCATTGAGATCGCACATATGGTAGTCAATGGCCACTAAAGGCTATTACGTGGCGTCTGCCTCCAGGAATACCGTCAATGCTCGCCTAGGGTCCGGTTAAGGGCTAGAGTATAGATCCCCGAGGTTTTGCCTGACTGATTTCTGGATCGTGATTTCAGCGGCAAAGCCCGAGAGCCTAAATTAAAGTGCTTAAATATCACAAAAAGCAAACTCATGAGAGTACGTTAGAACTACCTACGTATCAGAACTCAGCTAAAATTGAGACGCTAGAACACCTGGCTGTCGGAACCGAGGTACGCGAAGATCTATACTATTGATCTATCCGTCTTCCTGGGCTCCGATAACTCTCGGGAGGCAACTGTGACTTATTAGTTACACTTGTTGACTTAAGGCTACTAGTTACACATGGCGCCAAACCAGCGCCGACGGTGTTGGCTGACGCGATAAGGAACGTCACCTTCCCAAAAAATATGTAGTCAGGACCAAACGCGATACGGATACTCAGGTACGAGATGAAATTCCCTTCTAAACTTTCGATTGCTACTTAGACTCAATTACACCGTGCTCCAAGGGTGATTTCAGGCCCTCCCGCCGGGTGTTCAAAGCTAACGGTGACCCCCTCCCCGCGAGACTCCAACAGTATGATAAACCCGTGCTCCTATTAACCTTTGGAGAGGATGTCTGCGGTTCTCGTCTGGATAACATGAAGAATTTTCCAGAATGCCTCAACTCTGTTAAGTACTCAGAGCAGTGTCACATACCTTGTTCGATAGGCCATTAAGCCAGGATTCACGGTTTTCACCGAAATAAACTTTTGGGAGCTGTCTCATGCTCTCTATAGATTAGTGCAGTTGCTGCATTGAACCAAGCTTCCGCATTATTGACGGTAGATGAGAAGGGGGACTATTATCGTACAGTAATTACACGGTCCTGCCCAGCTCAACGGACTCCACGTTATCCTAAAAACATGGCCCTAGGCCTGTCTTTTCCGATCTTCTATCCCCTAAAAATAAGCTGGCGGTTCGTGAAATCCTGCTGCAGTGCTGAGCGGAGCCTACGTTATACTAAAGAATGCGAAGACAGTCGGTTAAGGATCTACCGACCGATTCCCTATACCCACGTTGGGTAAAGGC,1478,47.36,Mus musculus
SEQ_679136,ATTGAACCCATTGCTTTAAGTTGCGCATTCATATAGAGCCTCATGCCCGCCGAAATGTGGTTGAAGTCGTGAGCGCGGGTTTCTGACGTTATTGATGGACCGACGCGCTTGCGCTAGGTCAATACGTCCGGAGATGCGCGCTCGGCTTTGCTGTTAAGTAATGGCCCGCT,170,52.94,Homo sapiens
SEQ_584237,GAGAAAGAAACGGAAGTTTTAAAGTCATAGTAGGGCACAAGGCAACCGTCTTAAGATTGCTGCCCGTCATCCCCAACGGTAAGAAGCCCGGCGGTCTCACCTCAACTGCAAGATTCGTGCCACTTTCCGTGTACATGTACAGTCGTTCGCACCCAAGGACTGGGTAATCTCGAAGAGTCGAACCGGATACTTGCAATGATACCCTAAATAGCAACGGATACCTTATCGCTATCCTCACTATATTTGTCTAGACGTAAGCTGGGTCAAAGTTGCGTCATTAAGACGAGGACAACCGCTAGAGGCACTCCAAGCTCCATAAGGCTCCCTCTAAAGTCAGTTCGGACCGTCCACGGAGAAATTACAGGGAGGATATTAGCCGTTGTCTCCAATGCCTGCCCCACATCGACGGCCCGCCAATATACCGGATTGTACTGGACGGGATAGACCGTTTAGACCTGTGGTCAGATTTTTAGTGGTGCTCCCGCACGGTATCCCGGGGTCGCTAAGAATTTTATCGGAGTATCGCCCAACGTGTACGGATTTTCTGGGGCATGTTCGCGGAACAGATGGGGAGCCAAAGAGGATCGAGTACCCGTTCACGGGGCCTACCAATCATTGAGATCCTAGTTCTCTAGAACACGCGGCGTTGTAGGAGGGGATTTGTTAGGTCATAACTAACGTTGGCAATACACGACTACGTAAGACGGGCAAGCCGAACACATGCTTTTTTCTTATTTACTGGGATCCTTAATGTCCCCGTAGGGCAAAGGCTGGTCTATTAAGCATTCCGGGGGCCAAGACCAGCGCACGGGCGCGCGTCTCTTAACCAGTGGATCAGGCACATTATATTCGTTTTCAAGAGTTTAAATCGGTGTTATAGCGCATCCGCGTAGTAACGCGACCACTACGAAGCAGCATACATCGATCGTTGGTGCAACGCCAATCGAACTATCGGCGGGTCAATCGGGCTTTCGACGTTGCTTTGTCCAGCTCAAGCTCAAAATTTTGGTGCAGTCTAGGGCAGATAGAACCCGTGCACTAGAGACTGCCTTGTTTCAAGCCGTGGCTAGTCATGAATGACCGTAGCGTACTCGATCATTATGCTGTTCCCTGAACCCAGCGAAGAAATTGCGTATGTAAGTCGGGCTCTTAGCCCCGTGGCCCCCCAGGGAGTACTCAAATGATATGCTGACCATTTAGGCGATTCATTTGCCTGTACCTTATGGGGACGGACATGGTAGGGTCGCATTAGCTGGTGTATACTCGAACGCAGCTTGTTCAGCGGCTATTCATTGAACAGTGGGAACATCTGTCCTCACTCAGATACAT,1329,50.41,Homo sapiens
SEQ_385342,GATAGAGTCGAGGGGGGTGAAGGGGTAGATGAGAAGTGCCGAAGAAGCATCCAGTCTTCGCCCTAGTATCCACGGTAAGCAACTGCCGCAATGGAGGCGTACCCTAGGCGATGACGCTAAGGGAAACACTTTGAAATTGCATTCCGAACCTAAACCTCGCCGTGCTATAGGATGTACGCAGGGGAAAGCAAGCGGCATACTGTGCTCCTAGGGGTACGCATGGGGTCTCGTATTATAAGCCTGTGGTGGTCACCCCCAATGCAAGTGCCTGAAACCTTTTCATTTTACATAACACAGGGGCAGTGGGTGTGACAGGGAACGAACTCGATCCGTACGCCTT,340,52.94,Escherichia coli
SEQ_286611,TGTACAAAACATCTCTGGCAATGCTGAGCAGGCATTCGCGATCTTCGCTCTTTCCTTGCATATGGCACGCTTTGCGCTTCACCCCGTTCAGAGGTGATTACAGACCTGATGGCGCGGTTATCACACAGGGCTTTCCATATGCACTCGCACTCTCTACGATAATAAGCTTTCTTGTATTTGAGCCAAATCCTACCAACCTGAGGGATCCCTTGTCGCGTCATACCGAGATTCTTATTCGCCCTCACGCTAAAAAAGGCCACTCCTCCACTTTTGGTTGACTGGGGTCTCTCGGTTGAACATATCAATCCACGTTCCGGGCAGACTCTTTTTAAAAATCTAAGCTTACCTCGCCTAAATGTGCCTGATTAAGAGCTAGTGCGTCAAATCTGTCCCTTGCAGGCTCGGACGGGACGAAGCCGTACTACGTCGTCGGCCAAACTATGCTCCTTGCGGCCCGCACTAGGTTTCAAGCTCCTCGGGAACCATATATAGTATGCTACATGTTCGGCGCTTGCGAACCCGCAAATTATCTAGGACGAGGAGAGTTGCTTGTGGTCTTTATACCCGGGCCCGTCCTTGTTTCGGACCAATGGCCACAACTCTTGTCAATAAGCTGAATCCGCCAAAAAGGTCTCAGCTCACGGCCACAACGATAGGCCTAAATGGGACAAACGCACGCATGCCAGGAGCAGTGTTCGACCTAGATCAGCGGGCTGGGAATGTGAAGGTTTATAGGCGAGGTGCGATCTTGTTTTCGCTCTGTTACAAGCCAACTAGTGAACCTAGTAACTTTTATTTACGCCGAGGTACAGTGGTGACCTCGAGACGCTTGAGCCGGACTTTCAATAAGTATAGGAGTCCGCGGCAGGATTGGGTAACCTTACTCGAACGAGCCCGATTAACCTGAGTATATTGCCACGGGAGGACTATGTACATTAGGCCGTCAACTGCGATGCTCCGAGAGTTATCTAATTCGCACCCACGCTCCAGAACCAGGGATTACATACCGCGTCACAGACAGGTGGCTGCAAGTACTCCATCTGGGTTCTCGCAGAAGGAC,1060,50.75,Drosophila melanogaster
SEQ_897905,TGAGTCGTCGGCACTAACGTGTACAGCGCGTGGCAATTGGATTTGAATCCCCTGCCCCGATAGTTAACCACAAGTATGATGAGCGTCCTCTACCTGTTTGAATCCATACCGTGGTAATGCCTCGCCCGGTCAGCATGTCGAAGCCCGGGGTTTACAAGCTGGTATGAGCAAGTGCTTTTTAAGTCATAAGTAG,193,50.26,Caenorhabditis elegans
SEQ_456416,CGCGTTATGGCTACTGATGCTGCAATATGTTCGTCTAGTGAAGTGCAAGGATAGATGAGCAGCTCTGTCTTCAAAGAAGGTGAGAGCCGATAGACCTGCCGGTGCAATCTTAGAAAGACTTACGACCGGCGTCCTATGCCCGCGAATCTATAGGAGAGGCTACCACTGTTGAAAGTAAGCTTCAGCTATGATTTCGATTGGGTTATTAATGTACCTCAGCCACAATCTTCACTTTGACTATGTGGTACTTAGTGGACGTGTGCTCGTTAGTTATGCATTTGAGGATGCGGATATTAGGGCACAGGTAAAGCTTCAGTCAATAATAGATTCGATCTCCTTGGGAATATCCTTAAGGCGTATGTCATGGTTCAGCAAGAAAGACTGCTTACGCGGACCCTTTATCACGAAGCAGAACCTCATGTGCCTGCTCCTCACCTTAGTGTTACCGGAGCGCTGTCAAAACTCTAGCCTGCATTGCAACATCCATTTCTAATTTGCGATTTAATGCCCAGTAATCCTATCGCCGTGACTCGGATCGAAGATCGGAGAAAACATTCTAACGACTGTGTACTCGTTGCGTGACGGGAAAAATGTGGAGGTCTAACCACTCGTGCAGGTAAGAGCGTGCTCTAATGTTAGGAGCGTTTTACTTGTGTCCCGTCTTATAGTATAGGAGCATTTCGCTCCTCGACACTTCGGTCGAGGCCAGCAAAATAAGAGTACTACCCCGGATTGGCGGGCTCCTCTTGCAGGGCATCATACGGCCTCCACACGGCAGGAAACCACTGAGACGACTAGGGCCGCGCTACTAGTGCTGTTGTTATCCGTCCACTGGAGGCTTATCGAACCCCTCTTGGCTGTGGTGTTAGGGCCAACATGGCAGGCTGCTGCTCTAATTTATCACGCCCGCATTACAAAGCCGGGGATCTGCCCATCGGACCATGATATCCCAGACGTCGCATCTCGATGTGTGGTTCATCCTGTTCTGCAAGCGCCACCTCTCTGGTGTCTAGTGTATAGCCTGAGGCCATCAAGGTACGCCTACCCTGAAGATATCAGCCCGGATATATCCGTCTACTAGACTACGAATCATCTACCGGTGGCAACGACTTCCTAAGACTCTCACTGGAACTTTGACTCTTCTGTGATAAATACTTAGCCGAGCGCTATCCGGGGTCGCGTTGATTCCACTCATTCGTAGGCAAGTCTCCTTCTGACAAACACCGTTACAGTGGAAGTAGTTCCGGTATGGATCTAAACAGTCGAAAAATGGGGCACCTTGCTAATAACTGTTCGACACGCCAAACCTCACATCTAATCTAGCATGGCATAAGCACTCTAGAACGAAGACTTGACGGGGTACACGGGCTCATGTGTTCGAAGGACCCCCTGGTCAAGTATAGACGCCACGTGACAACCTAAGACATCTAGCGGTAGATGTCAACAATGGGCACAACAACATTCCGGTGGCCTCCTCTGGTTTTAACTCGGAATTCATCCGAGGGCGTTAAGACCTTTAAGAGCTTAAACCCAAGGGTTGGCTTTACGTTCCATAGCTTCCTCCAACCTCATCGGAATAGTCTTGACGTATATCGTTGGTTGGTTCACTTATTCTCGCAATTGGTCCTTAAAATGGACGACACTGGACGCGCATTTCCTTGTTCGGATCTGTCACGGTCCTATTTTTGCGCTTTTCGTAGCCGCTAACATGACGTTAAATTTTGACACATAAGGGGATCGTTTTGCTCCATTTAGACCGGCTATGGTGGCTTCCGCATTCGGGATGAAGACGTTTGATGAGAGCTCCTTCCATTGAATAGTTTCGCACTCGCTCAGGTTTCGGGGGAAGATAGG,1854,48.81,Saccharomyces cerevisiae
SEQ_639400,ACGGCCCCAAATTTTTCTCGTTCTTCCTAGATAAGTTCGTTCTTTGGGCCGGCTCTGTCGCTCTCGATTTTTGATCAAGTGTCTCGTTGGCACTCACACACCGTCCCAGGTCCCGGTCAGGACTTGAGGCATAGTGCCCGGACGATCTGTCTTCACTAATTCTGTCAAGAGCTCTCTCAAACCATCGGACGGGTCAGAGGTGCAAAAAATCTAATGGTATTCCATGCTGATCGTGGAAAGCGGAGTCCAGATGTCTTCTGCCTCGGACCAACTCCGGCAAGCGGCCGCAATACGCCACGCCATTGTCGGCTATATAGTAGCTCAATGTGGCTTGTTTGACGGTCATCGCTATATCCAAGCTTCGACAAGAGTGATCGCCCCCCATCTTCTAAGCCATCTATTAACTATCTCGGAAAAGAGTCGAGTGCTGTTTAAGTCAGATCAGTAGCGGCATCCGCATAGCGACTTTCGTAAAGTAATACACAACCCAGCGGATGAAAGGACAACCTCCGCCAACACACTGGTATGTTCGATTCTTCCAGCGGCCCCGATTGTTATTGTAGTAGAAAAACGGCTCGTACTCAGCGCGCGGGTAACGTGCACCGCTATAAATTGCGGTACGAAGGCATATCATTATATCCACATTATCCCTCGGAACCTGCGGAAGCGCGAATGCAAGATGTGAGAGACCCCTTACGAGCTAAATCTCAAGTAGATTGAGCCGGCGTTACTAGGACGGCGGCCCGTTGAGAGACCCTTGTTACTCACGACGGCTACTGCAATCGCCAGTACACTTAACCGGACTCGATAATAGAACGCAGTTATGACCGTCGAAATGGTCCAGACATAATAAAAAATGGGGCTTCTACTATCCGAAGTGCTCTCCTCTACCGGCGACGTATTATCGTGGTGCCCTTTGTGTCGTCGGGCCCGGCGAGTTATGTTGGCTGTTTGAACGAAAGCCAAAGTGGAATCAGGTCAGGTGTTAACGCTGATAATTCTGGCTTCGAACGCCCGCTAACCAGAACGAACCGTACCCTAACGTTGGGAGTGCACCTGGCAGCTCGACTAATAATCTTAAGGGCCTGTTCGTCGAGATGGCGCGTATTTCGTAATCACTGGAAATGCCTCAGCGAATTCAATGTTATCTCAGCGACGTAACCTGAGCGTGGCCACGCACCCGAGTCATCTCGTCGCAGAACCACTCGCGCGAAAAAGAAACACAGTTTTCCATCACCATCAGAGGGCGAGCCCAGTCGACCTAGCAGGGCCTTCAATTACAGCTCATCACCCTTGTGTGAATATACGACATGGTAATACTTCATATAAGTACTGACTTTGGCTCGCTTAATTATCCTAGACTTCCTTTACTCATCCTGCCAATACACACTCACCCTAAATCGGATGGCAACGCCCCTTTAGTCGTCACCCCCAGGCTGGAGGAGGGGTGGGTATAATCTTATAGTAAACCAAACCTACAGTTTATGGCCAAGTCTGGTGCCTGTGTCGTTATCTCCAACCTCCACGCAGGACGAAAAGCGAAAGTTCAGACGTCAATAAATTAGTAATCACAACATGGCAACGCACGTGTTTCGACCTAAAGAGTGCGGCAGTTCCCGCACGACGCGGATCACCGGATCTGGCCCTATATGCTTTGCTTCCCTCCGTATTGCCGATGGACGTTTACCCCTACAAAGTGGTGGTAGCAACTGCGGGGACACTTCGTTTATGAGCGCAGCT,1740,50.4,Saccharomyces cerevisiae
SEQ_545554,ATGGTCCCATAGCGGATTCGGCTGATGATTGGCGTAACAATTCCGGGGCTAGACGAGCTGAAAATGAAGAATAAAAACCTTAGCGGCACGTGAAGCTTCCCCAAGGCCCTTGTCGGTGTGCAGTACATGGTCATGTTTCCTTCATCTCCGATACTTGAGATTTGAACCAGTCCCTGAATTCGCAAATCTAGTCCCAGAAAGGCCCAGCACGTTCCAAGCTGCAGTTCCGCTGGTCACTATTGCAGTAGTTATCCTCTATAGACCTTACTGAATTAAGGTCCGACTCCGGCGCTAGTCACTTTAAGAGAACTGGCTTCGATCCGACGACGCCTGCTCCGCTCCTACCATTTAAGGCGTGCTCAAGAGTTGGTCGGTCTATGACCCTTTGGCACACGAATTCAGTGCAGAGAAACGTAAGAGTTTTTCATGCGCCAGCTGTAGGCCCTTTGTAGGTTCTGGTCGTCACCAATCACTGGAGGGACAGATTGATCTGAAGCTCGATTTACTACATAAGTTGACGACTACGGGTATCACGTCGGGTCTGTTCCCTCCTCCGTTCGTGCCTGCCCTCGGGCTGGTTTCAACATCAGTTTCTGCCGGTACAGCGGAACAATTACAGGCGAAAGTTACCGGGGATAGGTTCGT,645,50.7,Saccharomyces cerevisiae
SEQ_418340,CGGCATATGCCCTTAGACATTCATTGACAGGTTGAGACGTAGGGTTTGACAAAGCTCCGATGCACGTTCGATCGATATCCAGTTGATCCTCGTTGCATGGGCCGCTTTGCGTAACGGAGCGCAAGGGTGTTCGCATGGTGGGCTGGAGAGGTGAAGTATAAATAAGACTAGCTGAAGCGCTGCCGCGCTTCAATCGTTGACTTATTACAATTGGCTAAGGTCGAACACAGAGTTAATCCTGATGCAAGCCCGAAGAAAATCCTGCCGGGCTAGATGCGTGATGCCGCACAGGGATCCTATACTATGTAGAGTAACCATGAGAACTCGAGTTGCTGAGAACCTCCTAGATGACCACGCTGCATGTAGCGTGCCGACACTATAGGGTTCAACTCGATCGGCAGGCCTGTCATGAGTCGACGCACGACTTAGGGCCGGGGACAATCACTCCACCTCCTAAAAACGCGTTATACCAATTTTTGAG,481,50.94,Homo sapiens
SEQ_608078,GTTTGACCATGTCAGGTTACACTGAATACCGGTATGAATTTCCCTCACTAGCTAGCTGAGCACTCTTTTCGTGATCTATTGAGAAGTTTACCGGAGTCATTGGGCTATGCACCCTTAACATCATTTGCATCACCAAGGTATGATCGTATAACCGAGTAGCTGTCACAGGGAGTAAGTGGTTTAAGAGTCCCGGCCATTTCTCACCCCGATTCACGGCTTAAACTACGAGGTGTCACGCCCTTTCCAACTACAAGCCGTCGTATGTGATCCTGGCTATGTAGGTGACCCAATTAAGACTAGGGCAACAATTCCATTTCTGAACGAGGCTAGCCTAGTCCAATATCGTGCTTGGCCACTCACTCTCATAAACATAGAAACATATCCTAGACGCCGCATCGCAGCTAGCTGGAGTCTACGAGTTGGAGTCATTATAAACTTGACCCCGACTTATGATCGCCAAATGGATCATGCGGCGAAATCCGGATCGTATATGGAGATCAGCAACTTGGCTCACAGAAGTATGAAGACTACGTGCCGCCAATGTTAGCATGATTCATCCCCCCGTGCTTCGTAGTCTGGATCGGGTTCAGAATGCGACACCGTTGGTTATGAATAAAAGGGCCTCCAGGCCGAGATGTATAACTCTGCGTGGCAATGGCCCGGCGACGGCTATGTCATCTTGCATGATATCGCGGGTGATAGAAGGGATTTCCTACCTGATACCTCTCCCATGGTAGCCTCACTAACTAAAGGCTTTATGCACAACAAATATAGCATCCAGTATCGTTGGCCACACCAATTCGCGAGTGTTTCGTCCATTGGCAGTCGCTGGGCGTTAAGACCTCAAGGACAAATTACACCTGTGTTCCTTGCAGGAATACGAGTCAGACTTCGAAATGGGCGGATGCCCGTCCGATTCTTGCCTAGGCTCAGCATTGTTATTTTAAATTCCATTGGCAAACGGTCCCGTTTAAGTGCCCAACAGAATTCGAGGTGCTACCTGGGCGCAATTCGTGGTTGTGCGACAGATAGCTGATCTCAAGCAATACTCAGTGCTGTTAGAATGTCTATTTAGGCAGATACACTTTTTGCTCATGTGGAAGAGGTAGCGCCTAGAGAGATGTGTGCTTTATAAGCCTGGGTAAAACGTTGTCTAAGCACGGTTATGTAGTAAACTCGCATACCGTGACATCAAACAACTTACCCAAAGTCAGGTCAATGCCTCGGGCTCGGCGCGCAAGGAATACTACACAAAGAGGCTTCACATACGTGGTTACATATGGGATAAGGGCCAGGTCAACGCTGTCCGGATACGCTGCCTTAAAAACACCACCATGCCTAGCCTAAGTTTGGATCGGACCGACAAAACATCCAACATAGACCATCGGGTCGACGCACGGCGAATCGGCTCGCTCCCCAAGGCTGAATTTGAGGCAAGATCGAGACACGTATGTCGGAGATGTCCTGTGAATGATCCATAGTTTATCGGGGTAGGCTTGCATGGAGTACGACTGCCCTCACGTGTGTGAAACATCCCACGGTAACAGTTCCCTCGCCACAATAGACGTCGGCGTTAGTTTAGCGCACATAAGCAAATGCAGCCATGTAAGGACTTTAGACTCCATATGTCCACGCCATTCTACACGAGTCTTGAACGCCGGCCGACTACATCTATGACTCTTCCTTACAATACTAAAGCAAAAGTTGAACCCTCTGGGGCCATCGAACAATCTTTTGCTAAATAACCCGCAGCCGAACACCCGTAAGACTCGAAGGGAATTGCGAGGTCGGGACCAGCGGGGTAGCCAAACTACCCGCTTCATGAAGCAGGACCAGAGGCACTCCGGTGATTTGTTGCGGCGCGGCGCTGCATTATCCACGT,1882,49.26,Homo sapiens
SEQ_448469,TGTGATTGCTTAGGCCGGGCATAACCGGCAGACTGCCCATTCCCCCGACTGGACACGGAGCAAATCTTCTAGCCTACCTCGGCGTTATTGTCCTACACACGAGTTGCTATGGATGTAGGAGTGGACGTTATATCTGGGTGTGGTCTAATTTCCCTCATTGAATAGCTACGCGAGTAAGGGCGTGGATATTATGGCTCAGGTAGGAAACCGGCACAGTATTTCAGGCGTTGAAGCCATTCCTCGAGCCCGGCACTACAAGAGACGCAAATAGGTTGAACAGCAATTCACCTTAGCGAAATCTGTCGGGCCCACAACGCGATGTGTCCTGTTTTGATGCAGCATTCTGTTTTCAGGGTGCCGACGATGTACAATGTATCAGGGCAAAACGATGAAAGGTTAGGTATAGAATACCAAACTCCTCCGTCAAGTCCCAAGGTGCGCGGCGTTTTCATCGGCCAGAAATCTGCTTAACGTTGTGGGAGATTGTGGTCAAAACGTAGCAACACGGATGCGTTCGTAGACCGACCCTATCCGCCTATTCTTCGAAGCCAGAGTTAGGAGACTCATCTATTACCGAGTGGAGGTTTCCAACCTCAGATTTGTTAGAGCGGCCCATCATAACTTAGTTGGACGAATCATATAAGTGTCTGGAGCATATATAATGGTTCTTGTCGAGACGAGTAGCTCCTGACCCCGCCGAAAGAGATTCTTTTCGGTAAGTGTGCTGATATATTTCACCACGGCCGAGCTTCCGAAAGCGTCCTACCGGTCAAATACACTATCATCGCGGAAATATCACCAAGATAGTCATAGTAGTAAGTCAGTCTGTGTCATCTACGTTTTGGCCCCAACAAATTGACGTTATTTGGGCGTTAAGCAGGCTAACTTCATGCGCCGGATAAGCGACGCAAGTATCCGACCGGGCACCGGTTACCCTCAAATCTGCATATCCATTGGCGTCTTTATTATCGACCCGGGAAATGCAGGACACTAGCTAAACTGTCATGCACTCAAGGGCGGAGGCTGATGGGTGGGTGACAATGGATAATGTCTCGGATCAGCAGGTCACCTACCGGAGTGAATGTGCCCGCCTAGCAGGGATCTAACTCTTACCTAGCGCGACCTAATGAGCGCTAATTCGGTACTTTCGTGAAACACGTAGTACCGGGGTATGCTCGGAGACCTCCTAGCTCGTGGATTATAAACCCGTTCCTGTCATCGAAACTAGCAATCAAGAGCGGGGTGCGGACTGTAACTTGTCACGGAAGGGATGCGTGGCTGTTACTCGGGTTCCGCGGCGTCACAAACTAGCTTTGTATCTTAGGCGGGCCATCTTGGTAATTCGTTAGGAATTAGCACTCCTCAACCCACACTGCCCCCAATGGGCGAGCGCGGCGCTTTAGATGCAAGCCGTAGAGTGTTGACAGCGCCACTACATATAAAAGGAAGGGACCAGATAAATCTCATTGGCTGG,1474,50.14,Saccharomyces cerevisiae
SEQ_336488,ACTCGATTCGGATACACCGTTTAAAGAACGTGTTAGGCGCGGCATCACGAGCTCTCGTTAAAAAGGAGCCGGCATGGTTTGTACTTAAGCAATGCGTAGACGTCAAGCTATTGCCCGCCGCGGGTAATACTAATACACGGCTTTTAGCTAACCTGCGCGCATTGGTCCTTCAAACGGGTTTAGAGGAACCCGAAATTGATTGCGGCCGGCACAACCTACGTTGAACGTGACCTACATAGGACGTGTATGACCTAATACTGAGGTTGTCGGTTTTTTACACAAGGTTGAGATACCACTCACGCTCTATTTGGTAGCACTAACAAAGCATCGCCTTGGCGACTTTGCTAGGAAACCATGAGCGAGGACTTGGTTGTTTCTCGGCGCTACTCTGTGATCCACAATGCGGTTCGGTTACGCTGCATCCTAGAGCTCGCATCCCTCCAAAGGGGTGGTAAATGAGTGTCATCTAAGCGAGATCAATTCACGCGCCAGAGATAAGGATTGAATCAGTAAAACAAAGAAGTTATACGGTCATTGAATGCGTGACTAGGGATGCCTTCACATAGACTTTACTAGCGGGCCAGGACACCTAGTCACCAGTAGGCATTTATTAGATCGAAAAATTCGCTAGGTACAGCTTTAGACATGGGGTACAATGCTTAAATGATGATGCCCCTGGCCGCTTTGAGAGCGAATATTGGCGCCAGGCGTAGTTGGATCAAGTAAGCCCGGCGTGCCACCCCCCAGGTGAGCGTCTGCTGGGCCAAGTTTCAACCGCGATTCGTAGTCAAGTCAACATGGGCGAAAAACCCCGTCCCATGCCGACAGAGTAGCAACGGTCCGAATCGGTCTGTAACCCCCCCTCTGCCGAAGAAGTTTGTTTAGCAGCATGTGAAGTAGAGTCGCATAAGTGTTCGTCGGGTGTTACACCTGGCCACAACGACGAACATGGGCTCTGAATGTTCGCGATCCGCGACGCGCGCTTAATCGTGCAACGTAAGGCATCATGATATTCACCACACCAAGAGGTTGTCTATGCGCATAGCTTTCGCTAAACTGTTCAACTTCCAACTTATACGTATCCAGAGAAGTACTTATGTAGTAACGATCCACTTGGGCAGCCAGGTACATGTTAGACCGGT,1142,49.65,Drosophila melanogaster
SEQ_557374,GGATCCGAGTATAGTTAAGATCCGATCGAGAGGGCGCGGGGGCGTCTATTGCGCATGCCAGGCACAATTATGTTAGAAAGCACCGCCCACGGTTTTCGATTTAGTGATTTCTAAGTATCGCTGATAAATTAAGCGGCCAAGACCCGACTCTATCAATAGTACACCTGCCCCCGCCCAGTTGTTGTCGGTACTGATCTGCCCACTAGCCAACTCAAGTCCCCTATAGGGAGCCCGTAACTGGAGGTTTAATGTTGCGACATGCAGAATTTGTGCCGGAGACTTGTTTGATAAGAGATACTGGTGCTCCTTAAACAGACCAATGCATGCTGAACTTTACGCCGGACGACTACCGTCCTCCGGCTACAGACTGCGTGAAAAGGACTATTTATAACCAAGACTACCCGGGGTCTCCAAATTGGCAATCCAGCGCGTTCCCCGGGGGCGTCCCCCGACGGGCTACCTGGATGCGGAGCCAGTAAGGATACCATCGAGAGCATCAGAACTACTTCCTGTAACGATCCCGACACCCCGAGCTTCCATTCCCTCGACTAAGCTGACGCCGAACGGCAGACCTCCCCAAGGAGAGAGCACAAGTGCTTCTCCAGGCGCGGCAAAGTGAGCGCCTGCCAGCAGCCTGTCTGCCATATTCGTTCCGTGAACCCAACGCCAACTCACCCGTGGTTCACATTTATTAGTCCCATTAAGTTTTTAGTATTGTGCGCCTCAGTTACGTGCGGTTAAGTACGTTCCATGTGGGGGACTTCTGACCGATTACCTATGTCACGACTTCCCAGACATCCTTCCCGTAGCGGTGTGCCGGTCGGATGAAGCAACGCGCACGCTTACATTAGGAAGGTCGACCAAACTGGCTATCATGTTCGTCATACTTCAGTTTACCTGAAAGATGAACAATCCCCAGCAGTCGCCCGGTGTCTGGAAGGGGATAGAACTAGCTCCGTGACGCTGTAAGCTCGGGGATGACCATTGTGAGTACGCATGGAAAAGAGCACCGTGCCAACGTACGATGGTTACCTATTATGTTTCAATCTGTGTTAGCTTC,1060,52.36,Homo sapiens
SEQ_700062,GGCGTATGTGAAGCGTGCTGACATGGGTCCGGTCCCTCAGTCGCACAAATGCAGCCTCCACAAGCCCCTCAGAGGTAGAGGACACTAACTCCT,93,58.06,Homo sapiens
SEQ_553185,TCGAAAGGTTGATCACAGACTCATTTGTCTGTACCTGACACAGAAAAGTTGTCTACCTCGCCAGTTCACACATCTGGTCGGATGAGGGAGGGCGTAAAAGCAACAAAGGAGAATGGCTTCGCGTAAACCAAGCAGGAGTAGGAGTATTGGGAGTCTTGATCCCCTCTTTCCTATTTTTGAATGTTAAAACCGAATGTGAGTAATGATAAAAGACCATACAGTAGGCCAGACGGCGATGGTACTGCAGCTAGATTCTGCCATGTTGAACACAGCGCACGGCTTATAGCGTGTATCCGCCGGCCTCGCGAAGTCCTCTGTAGGAGCACACATAAGTGTATAGGGGCACTTAATGATCGAGGTTTTCACAGTCTGTATTGGCAAATTGCTAAGAGTATGTATCATACGGCTTAGGACCTTTATCTGGCAGGTATTCCCTGCGTATGTTGACAGCCCCCGTGCTACTGCTTCCAGGGATCACTGTATCAGCGGGGCTACCGGGGTTGCAGTTCAACATAGCGCGATCGAGTCTCTTACTATTGATGACTGGCAGATTTTAAACAGTAGTTGGTGCCTTT,575,47.65,Arabidopsis thaliana
SEQ_422581,GATTTGTGATCCAAGTGTTTATTCTAACAAGAGAGGGCTAGGCTCCTTACAACTATTGTTAAGCTATTGGTACCGGTCGCAGCGGGCCTGTTTGTACCCTCCGCCAAAGGCAAATTATGAGAAAAATGACGATTCAGGCGCGTGTTAAAACTATCAGTGCTATCATAATTGCGCTACGGGCAGCGACAGGCCCGCAAATCCTGTCTTAGTCCTACGGTTTATTCGCGGATCCGAGACAGAGGGTCAGTGGTAGCATTAGCTCAAT,265,47.55,Homo sapiens
SEQ_278240,ATGTGTCTCACGTGCACCTGAGTGTGTTGATACTGCCTCGGTAGGGACCGCCTCACTATACTCGAGTAGGGTAGAGAGAGTCATATATCCTTCACCCTGCATGGTCTCACCCTAATGGTCGCGGTACGTTCCACCGGATGATTAACTCCACATAATGGTTTCCCTGAGGTCGCGATGGACGAACTTGATATTGCTCCTCTTTCTAGTCAGAGCCGTGTTACAGAGTGCGGATCCCGGCCACTGATAATACTATAATCTTGATGACCTGCCATCTCATTTCCGTCAAAGCCTAAGTAGGCTGTGTCAATATAAAACCCTACAAATGTAGATTAGCCACTATAATACCCTATGACTTTTGGGGGTGCTTTCTATGCTTCTGTCGGTGTCTAAATTAGAACATAGGTAAGGGCAAGAACGCACCTCGCCATTCGAACGTGTGCCGTATATATGGTCGACTTCACCGGGACGCGCTCCGAGCATGCACTAACCAACGAACA,497,48.29,Homo sapiens
SEQ_221653,TCCGATTAGATATCTTCTAAATGCAATATATCAGTTCAGGGAACATCCATTCCATCCGAAAGGGTATAGTGGAGAGAAGCGTAGAGGAGGGGCTGATGCGTGTCTAGGCAAGTCGGGCTTCGGTGGATTGCCCGCCATCATCAGGTGAAGGGTGCTCCGGCCTAAATGTCGGACCGTTTGTAGGACCACCAAGAAAGGGTTTGCTTAGAAGCTGCAAGGACTCCCTAGAAGAGCAGGCACGTTTCAAGTCTTTGGAACCGCGGCATAGCTCAAACGTAT,279,50.54,Homo sapiens
SEQ_453052,TGCAGTTCCTTTTCCATGACTCAAATTAAAGGGTGGACTCAGTCGCACACCCAGACTTCGCCTCGCACAATCGCGAAGGGCCAGGAGTTAAGGTTTAATTACAACTTTAAAGGGTGAAACCGTTCAGGAATGAACCTCCCAGGTCTTTTGTAAACCTCCTGCGGAACCGAGTCCTCACATTAGGCCATTAGACGGATTGATCATTACACACCAGGGTTAGGGCTGGAGATCCCTCGTACATATCCAGTACCCCCTTAATGATAATGGTAGTTGTGCGATTGGGGCCCGTTTTTCGGGGGGCCGGCTTAACTTACAATTTATTTACGGGTAATTATGCTTTACGGTGTTTTGCCTTGAGCAGGGGTCCTCCCCTCGTGGCTCCCTGCTTCCGAGTGGTCGAGTGGTAGATCAGCGTCCTTATCTAACACAGGGGGACGACGTAGAACAGCAGAGAAAGCAACTATGTGGTGACGCTCCCCCCAATGCCTCACCAAAGAAAGTTTAACGGGGTGAATACGTGAATTTTCAAACACATACTATTGCGCCAGTATCCCCTCTATTAAGATTGCATTTACCAAAATCCCTGTAAGTTAGGCGACGCCACTGCTCCGGTCTTCGGAGTAGGCCGACGCGCTATATTCATGTCGGCCCAATTGTAGAACAAAACGTCGTACCTCCGAAAAGTTGAAGAGCGTTATTCCAGTCCAGGTTTCGCAGACTAGACCCACCTCTAAGGTCTTACGGAGTGGTAGAGATTCACAGTCTGCAATGGATTCTTAGCTGGCCAGCCCGAGCGGATGGATGAGGCCAATGGATGTACACAAGGGAAGAGAGTAGCGTCTTGGGCTATAACACTAAGTGTCAGCATCTGTTGCCACCGATGGATTCACTACAACGAGGAATCTACCCCGCGTGAACAGAAAATGAATTCCGCTGGAGACTTCGGTTACCCCTGTAGCGACATATTGGGTGGAAAGTTTAACCTATCCATTTCCTTCTGTAAGTTGGATGCGAGAGGATATCACGGACCTAGATATATATACGAATGCCCTCCGGCATTCGAAGCGCTTAACCCAACTTTTCGTCCCGGCTAAAACGAGCCCCGGCAGACGGACCACGAAACATGTACAAAGCACATAGGCAATCCATGCAGTTCAATCATAGCTTAGGTGCTAGTATACTCGACAAGCGGGCAGGGTCCGCCCTGGGCGAAAACCGACAACAGCGGATAGCTATGCAGGCCCACCTATCATTACTTGGCAATAGCGCCATAGACTAGATGGTACCAAATATTAGATCAGACCTAGACGTCGTCGCAGGTCCGGCAGAGTATGGTGGAGGTCGAGCTCTGAGAGATGGAGTTTTGACTGGTTAGAGAGCCTTTGTTTATCCTGCACCGATTTGGCAGTAAGGTGCCGCGAGGCCCACTCTTCTCTGCCGCTGCTCATGAGGGTATTAAGGACTAGTCTTCGCGACAGAGTTGGGGGACCTGGTCTTATTGTATAATAGATCGCAACTAACCGTGTGCACTGGCCGTGCAAACTAACAAAACACCAGCCTGTAATTCTCTATTAACTTGGTATCCTTCGTATACCGTCGTAGATTAGACAGGGAGTCAGGGGTACCGGGCGATGAGATCCATTACAGGCGTTGCCTGATAACACAGAAGAGATGTCACAAGTAGTGAGTTATGCAGCTTGCTGCATTGGG,1710,49.53,Homo sapiens
SEQ_105428,ACCTCCATCTCAATGGGGAAAGTGGCTGGTTAAAAGCAGCACGTCTTGAGCTATTAGGGGTATGGTAGGAGAAAGTCCACAATTATGTGAAGCGGAGGCCTTCCGTCTTGGGCGCTGCGTTCATTTCGGTCTCTCAAACGTTATTACACAGGAATCAATTTAGACCACGACATCGTGGACAGTAAATCCATCATGTTGGTATATAGCGGCGCGAGTGGTTGCGCACCGGGTTTTGCGTTACTGACCCTATCATCACCAGGCAATTTTGAATTACTTGCAACCAGGAGCCGTTCCACTAAATTATCACGACCAATAGTCTTTAGGACAACTCAAACCTTAGTTGACATAGACTCGGCCTACGCTACCACGTAGCACCGTGTTCTACTAACCATGGTGCTATCGTTGTTCTTCACTAGGGTGGTACGCTGTTTAGATTAGGATTCATCGCGACGGTGGAGCTGATCAAACCGACTGGCTGGCCTATGTGGAAGGTCACCGGAGTTGTAGTCAGTTAAATGATACCTATAGCAAGTTTAGTGGCGGGGAACGGCGTAGCTGAACAACAGAGGGATCTTCTGGGCCGGGTCGAAGGGCCATGTGGTCAAGCTGCTTCTGACTATGCCTCGACCGCCGACCTCGACTGTCTGATAGAGTTATCCTGACGTAGCTCGTGCAGATGGCGCCGGCGACACCTTCCTCCATATTCCGCTACAACCCAATTGTGAGGGGCGTGTGCGCCGTTGTACTCAGTACTGTAAAGCCGCGGACGCGGTTACCCGACATGTGTTTGTTGAGCGCGCCTCTCCATCACGGAAGGCCGGTCTGAGCACTCAGTTGGTATGATACGAGGCTGCACCTCGAGGTGACAGACGGGGCTCAGAATAGATAATAGCCAGTTAGGAGCGCGCTACCAGTATACGTTTTTCATTCCTCCGTTCGATCGTCGCGCCGACCTGTCTAAAGTTGTCTACCCCCGCCACGGATACCTACTCAGCACTTGGTAACTCGAAGGGGCCGCATCACCGATAAGAACTGTGAGAGCCTACTTGGTCTCAGGCTCGGCGTGAGTCAAAGAACTATGGCGCACCCTACAGAAGAAACCCCCGATGCTGAAGCGATAGGTCATTTCCGCGATCGGATGGGCCGAGACTCCCTTCCGTTAACCGCACTCATACTGAAGTCACCATTGTCACTAATGGATTCATGAGTTCTGTAATCGTAATTTGTGTTTTCAAGAGTTCATTCTGTTTTATGACTCGAAATGGAAACTGAAGCGGGGGGACAGGCTTGTTACTATCTAAAGATGGGCCGATTTGCGTGTGACTAAGTGACCCACTACGAGAAATGCAGCGTGAACGAAGCTATGGCCGTCTTTCGACACACTTTGAACAGGCTGACCAATTCACCACTTCATGTCAGTTCAATCAAATCTTCTACACTTAGATTCGCCAGGTTATAGACCATTATCAATTCGCACTCCAAGCGTCCCGAATCTGTCCTGGTCTTTTTCATCCCCCGCAGCAAGCAAAGCAGCGAATCATGGCCGCCATCGGGTCGGCTTAGGGAGGACCTTCCGATGTACTCATGTAAACTGCGCACGATCATCGTTTACATTCTGCTTGGACATCAGGTCCTAGTAGCCACGGGTTTGGGCGGAGCGTGGGCGCACCTAGAGCTGAGGAGGGCGGTATTATACGGGTCGAGGCTTTTCTGGGAGCTATGGCAGTCTCATTTACATACGGAGTTTGCGACGAGCCCGCGCGTGCTAGATCGCAAATCTGGTAAGGTATACGTTAGTCATGATAAAAAAGGCGAGATCCTACGCGGTAAGCCCGGCAACGGAAGTGTCGCTTTTTCCTCGAAAGGGGGAAAGCTCAACTGTCTATTTGCCCCGTGAGTGGTCTTCCATCGGTAGAACGACTTAGCACACCCTCCGAACTCGATACTGATAAGCACGTAGAC,1962,51.12,Escherichia coli
SEQ_398528,TCATCTTTGGCGAGAAACTCGTGCGTAGGTTTACAAGCTAACCTTCGAGACATTGGTCCGTTCGGTATGTGCCAAGAATCGCCGGGTTAGATCGTTCTAGTAGAAGGCTCAAGAGTAAGGCAAGAGAAACTCTTAACAGGGTTCACGGACCGATCGCTCGCCACAGTGAGACGCTACGGCGATAATAGCCGCTTCGGTTTTTAGACGAGACTGTGGGAGGGCACATAAACGTCTAATTAACGCAGTTGAGGAAATGCCTACTAAACTCGATATGTGTATAGATGGTCCTTATGGAATCCTCTTATATGACCTCTAGATCCCACATTGTTCTACCAAATAGGTGGTTGTTTGTGCAAACCGAATCCAACGTACGAGTATAACTCATGCCCGTCTCCCATATAAAAGTGCCCATTGTCGTCAAGCCGATTACAACGAGAGTACCGAGAACCCGCCGCGACAGCAGACGACGGCGCAATCTATTCGCTTGATAGGGATTACAGAACACCGCGCCGCGAAGTGACTCCGTCAAT,530,48.49,Saccharomyces cerevisiae
SEQ_734833,ATTTTCTTCCGATAGGGAATCATGGCGCGTGCGCAAGGAGCGATTTACGCTTATTTTTGGCATCGCAGGCTGCCCAGGACCCTGTCCAAATCGCGAGATTGAGATCAGAGTTGGGACTCGTTAGCCTACAACGGAAACATGCAGGCGCATTGTGCTCGAAGATATGTCGAATTACATTTACTTGGGGCTCGTCGGGGGAGTATGGAATATTTCGGCCAACTCTCGAACATGGCGAAGATTCTAGGTGGCAAGCCATGCCCCTCTGATCCTCTGGCGTGGTGTAAGCATGCTCGTCTATCATGAGCGACACGGAAGGTCAGGTATGTAGTTGTATTCCTACAAGCGCACTATGAAAACCTACTGACTCAGAAGGAGGACACGGATTCTACTACTGTAGCCCTCCCTTTGCCATCGTCCTGTATACCCGATACCTCAACATCATAGCGACTCACCCGATTATCCGGGCGAGGGCTGTAGAAAGCGACATCAGGACGTAGTCCTGCAAAAAGTACAAAGTTATTCACAAATACAGGCTCTCCGGTTGTGCGACCACTCATTTTAGGATCTGGTTATACTGCTGCAGCCGAGGTTCAGTACGAGGCCCTGGGATGTCAGGGGGACCCGTGGAGGGGGAAGGCTTGCAGCCCCTGTCTGTACGGTCCCCCGAGGTTGCTTGTGGATTTTATACTTACTTTGTATGACCCAGTGTTGCTTAATTTTGGAGTCGAGCATTCGAACAATGTGAACTTGTATAGAGATACAGAATTTATGCGAAAATCGGTGGGTCAAGACACCTCTTTGAGAGGCGTTACCAAGGCAAGATTGCGAAGATGCAACGTCATTCGATAACTACCTCGTAGGGAACCATGAGGGGGTCATCAGGGACGCTCCTCCCAGTAGTTCTTCCTGATGAGTCTCGCCTACAGTGGCTTTCTCTGCACTTGTAGGTTACCGGATGGTCTGGTGTTATTCCAGTTCATCCGCGAGAAACCAGCCTTTGGTGTGACTGTCGACTTACTCTGAGCGATCTTATTTGTGTCACGGGCAATCCGCACATGCTGCATAGAACCAGAACTCGTCC,1081,50.32,Drosophila melanogaster
SEQ_282879,TCACCTCATGGTTTGGTTGAGGCTAATTACGTATTTCTGGAATCAGGAGTTGTCACTTCGAACTGGCTTCTGTTCAAGAGAAGGACCGCCCTGCGAACTCCTGCCCCTTCGCTGGTTGTATAATTGTTAATGATGTGCATGGCTTGCCCGCGACCCTAAAATACTTCCCACCTGCAGTAATGCCAAGTACAAGGTGGTAAACTGCGGAAAAAAGTACCGCCCATCTGGGAGCCTATGGATAGTCGTCTAAGTTC,254,48.43,Escherichia coli
SEQ_251118,TACTTGATATAAGTTTGGAAACACACGTCCTGGCTGACGGACTGATATGATCTCTGGGACGCATACATCCAGTTATCAGAGAAACCGGTTTGTTTAGATAGCTTCAGGTGAAAGGTCCTGATCCATCCGATGAGACGCGCACCTACTTGAAACTAGAGCACGCCAGATCACGTAAACAATCCCTCAGTCCAGCTCGCTCGAATCTCGGTGTCGTTGCATTCGAATGTATGAATTCACCCATCGGTTCCCAGATGGGCCTACTTACTATCCACCTCGAAGAACTTGGTGCGTTTCGATTTAATCTCGCCTAGACCTAAATACGATTATTCAGGTTAGGCTTCTTAATCATGTCTAAGTGTGAGGCTAAAGGGGCTCACTCACCCAGTATTCCGGCTTCTCGGTACACAATGGCTGTTCTCCTGGTCAACGCACTCGCTGACAATTAGTCAGTATCGATAGTGTTACGCGCCGTAGGTGCGGTTTTGGCAGTTCATCCTTATGAACGGGTTCGACGCCATGTCTATTACTAGTGATGATGCGCGTGGTAATGCTCGGGGAAGGCGTCACATTCGGTTCTGGAGTGTACCCGTCGGAAAGGCACTAACAAGCGACTGACACGAGGACTGGCTGACTGCGTAGAACACCCATGGTCGATAGCGACTTACGTTTTGTTCGCTTGTGTCCGGTGGCCTTGCAGAAGCCTCCGTGATTCTACCAAATACAGGTCGAGAGTGGGCTCAATATTCTATGAACAAAGCCGGTATGACCGCAATAACCAAGATGGTTCATCCTAGTAATCTGGATTACGTCGGTTAAGTAGCAGCTTCTCGGGTTAGCAGTGGGTAGCATTTCACACACGTTTTCAAGGCACGGCCCTTACCACCCCCGGTTAAGCATACGGTGCGTTTCGTTAGAAATCTCCTTAGCCCGCCGCGATAGTTAATCACTACCCCAGTCCGCCCCACCCTTAGCTACGGTTTAACATAACCTGTACCACCAAGTGGCAGTACGTAGTTCCACGGTGACGCCGGTGAGTAAAGTCATCATACACTATGCCAGGGGTACAGGAACCGCTAGCCCGGTGCACGGCACGTACTGGGTTAGGTCAGGTGTTTTACATTACTAATATGGGTAACTAGCGAGAGTCATCAACACGAACTATAAGTATCTCATGTCATGTTTGCGTGCGTGTAGCTCGCGCTGAGTAACTAATCGTTAGCTTACATTTGGGATTTATCGGTACCACGTTGGGTGAGACGGACGGCATACTAAGTCATTACATGCCGGATTCCTTTCAAGTTTGTCCATTGAATACGATATAAAGCTACGACACGCCGTGCTTCATGGAGGGTGTAGTGAGCATCATCTCATTAACGCGCTTCCTATCGTTCCGGAGTGGCTAAAGCCCACGGGGCTTGCATGGAACGGCTGTAACAGGGGTTTCTGTGCTAGATCGACTATCCCTGCGGTTTAGCGAGACCTTGCGAATTAGTGGGCAGGGGATGCTTTACCTTTTTTTGAATTACGCCACGCAGGCGTCTGGGGAGAATAGTGGCCTCCCGGGAGTGCTTAGATAACCAGGCTATCGCAGCAGGATACCCAAATACAATTCAGGATTAACCTATACAATAGTGTATTGGAGCCTTGGCCTGAGGTGCTCGGATAATGAACCTTGCCTAGGGGTTGAGGACCTGTAAAGCCGCCCCGGCCTGTGGATAATCGTTACCGCGCCTCGTACCTGACACTTGAGTATCGACTACAGACCATAGTAACGGCATCGCGAGGGTTTGATACCGAGCGCTCAGGGCTGGATTTGGTTTGTATACAGGTGGATTAGGCAAGCCGTCGGGTACACAGCCTGCATGTGCTGCGAAGAGACGTTCCTCGCCCGCTATACTCTGCCCAACTACGTAATTCCGAGTTCCCTGGGTCTGCCT,1937,50.28,Arabidopsis thaliana
SEQ_968456,GACAAGACCCCGCTTGTTAGCTTTTCCACTTACCTCTTGTTGGTACTCTATGTAGGAACCGAAGCCACGACATTTACTCGGACTTCATCGCAAGTTTGGCTTTCCATTTGCCGCGTGAGTTGACCA,126,48.41,Homo sapiens
SEQ_856316,ATAACACCGTTGGGTCACCATGAGTCCTGTTCGGTCTGGTTCGATGTTAGTTATAGCAGCGTGCCTATCAACTTTAACTAGGAGGAAAGGAATGGGGCACGGTGAGCCAAGTAGCGACATTACGGCGAGCTTTCATATATGACCAGGAACTAGGGTGACGACTAAGGTGGCACTGAAGCCCTTGTAAGACTATAGCCCCCTCATGTGCCAGCGCAAGTTGGTAGCAAGAGCAGCGACCTTCAAGTACTTTCCTCGGTAAACTTTAATACCTACTCTTTCGGCCTCGTGATTGGCCTCTCAGTTGCACAATAGTGATCATTTCCCTACTGAAATAACCAACGAGATAGAACCAAAGACCGTTTAAGGAGTAATTAGCTTAGTTGACTATATATCTTTGATTTTGATTGATTGTGAACCGTCTCTGAATAACACGCTACTCCCCTAAGTCTACCTACGCCCTCCCCGAGGTTGCCATTACAAAGATAACCTAGATCATCTCCGTACCCAGACTCTCGAGAGTTAGACTTTTAGATGGATATATCGTCGTGTGTAAGATACACATTCTATGTGAAAGAGTAGCTGCTAGACAATGGTCGAATGTGAGCTCAACGATTCGTGAATTGTACTTCTCGACTTAGAAGCCGAGCGTTTTATAAACAGTGCGAGTGTGCAGGGAAGGAGCCATCGGACCGTAGCGTTGACGACATG,708,45.9,Caenorhabditis elegans
SEQ_449515,TCAGATTATACGTAGAGATGAATTGGGTCCCCCCCGAGGGGGTTCTTTCATTGGGCGGTCATTCAAGAGACTTATTGCTGTGCGTCCGAACTACTATCTCATGGATTTGGGTAGACACCGTCCATACCCTCATCACTCCTCCACCTCATCACAGGTTTGTGGACCTCAAGTTCTTGATCAAGTAGAAAGCGGTTAAGCCAGCGTCCTCACTTATAACAGAAAGTGTATAAGTCAATGCCTCCAGCCGTTGATCCCTACAATACATGTGTGATTCGTCAGCGGCAGGGCGTTGCAGCAGGAAACCTGATGGCCGCTCACCTTTACCATATCAAGCCGACGCCGCGTGATTCTTTGCCGGTAGTCAGTGCCGTTTCCATACGTCAACCTATGTGAACCTTTAAAAAGCCCACATCAACGTGATCGCGCCTGGCCCACGTGGTGGGTCTCTAGAAGGCATGTACGGAGAAAGTCTCACTATCCACTCCGGTAGCTAACTTTGCCAGTGATAGCCCAAGCATGGCAGGTGGGCCTCATTGAGCGTCCAGCCCATTAGGGTCATTAGCTGCATAGTAATCGGGATGCCCGGCACATGAGAGGTCCTAACGTTCTAGCGGATGGAACATTAACGAGCGTACGATACGGAGACTGAGGCAGCAGATCCGGCGCTGCCTCCGTATGAGAATTTCATGGCTACTCGACGGGAATATGGGAAAGTGTGCTGCGGGACTCCCGCATCTGGTCGCCACGTTCCTAACACGTCTCTTTGGTTCTTGGATCGGTGAGGATCGCACCGCTCCTTAGAACGGGTCGATGTGGCTATTACCGGACTGTCGTTTAATCGCAAATGAATCACTCCACGGACTATGCGTACTGACGGTTGCCGTTGGGCCAGAACAGACCAACATCTGCAATCGTTCCCAAGGTGCAATCGCAGATGTGGCCGGTGATTACTCAAGGTAGTCGTATCCATGGTCCTACTAATCCACGCGGACTGACGGAAGGTGCACAATTGATCCTCTTAATTGCGCCAAGCTCCCCGTAATCTTCACCCGACGATCAACAAGTGTCGATCGCGTGAACGTTATGCCTAGAACTTCTATCGAGAGATTTTCGGATTGACTCGGCCCTCATTTTTATCCGCTGCTATACTAAACCACTACGGAGGACCTTTGCGGAACGACCATTGAAGTGGGAAAGAGCAGCCCTGTCGGCGACTGGGGGGAGCCGAGAGTTGCCTCCGCAATTCTGAAGGAGGAGGAGAACGGTACATAACTGTAACCGAAGTGAGATGGGGTTGATTAGGGAGATGTTCTTTAGAGAGAAATGCTTAGGTCGTAATTGATTGGATCACCTAGGAGTTTAGTATAATGAACCTCGCACAATGGCGTCCGTGTCTCCAGTATATTATCCACGTCACAAAAACCGAATTGATCTACAGGCCGTCCATCCGGCACGTCGTACCATGTCGACCGAACTGGCTTCGAAAGGTGCCCGTTGGTTAGTACGACTCAGCCAAAGTCAAATGATTACATCTCAAGTGGCTCAACAGGACTCAAGATACAAAATGACGTCCACCAAAAAGGAAACCGCGCGTCAGGGGAAAACTAGTGAACATGGAACATGTTGTTAATTGATAATTTGTGTTTCAGACAATACCTTTATAGACCCTTCTACCACCCTTCGGATTGAATAAGACGCCGAGGTTACACTAGGTACATCAGTTGACCTGCGCGCCTGAAGGGAGGTTTAGAAG,1753,50.26,Saccharomyces cerevisiae
SEQ_766761,ACCTACTCAATGACCCCAGCGCTGGCTTCCCCCAAAACCCGAAGAGGTCTTTGGTTATCCACATGTCGGAGAGCGCGCTCTAGGTAAAGTTTATAGTCATAAGTCTAGAGTTCCGTCACCGTGCATCATGGAACTCTTGGGGTAAAGGACTGCGTTGGCCCCACAGATGTTTCGCACAGCCATCTCGTTTTTGGGGCCACCGTCGCGGGTACGCAACCAAGTGAGGCAATTGGTCATTCTTGCGCATGCCAGATTCATTTATCACATAACCTCTCCTAGTTCCTGCAAAAGACCCGGGCAGGCTGTACTTTTGCTCTAACTCCCTGGGGCAATAACCTCCCGTTTTTTCCCTGGGCCGGGCCGTGCCTCACCGTCGCCCGTAAACGGTCTTCTATAGGCTACTAGGATCCCTACAAAATTCGCCTTCGTCTAAACTCGATCTTCAGCAGACCTTGAGCAGCTGGACATTGCTTTTTGTGTGATAAAATAGCGTAGGACGGTGAGACCCTCCACTTTAGCGAAAAGGAAAATCGGTTTTACCATGATATGATCGTAACCTATAAAGTA,567,50.09,Mus musculus
SEQ_818320,CTAGTAGCGACCGGGAATCCGATCTTATTCCTTCGACTAAGGACGGTAACAGACGTTCTGGAACTCAAAATACACTTGGAGATTCCTATATTTAGCTGCAGCATTTCGCATGACTTCTAGTAGGTAACGCCGGAACGCCTCCCATTTAAATGTCAGCCCCTGCACCCCCCTAGTGTCGTGCTCCTTTTCACCCAAAGTGTGCGATCTTTCTGCCGCCATCGGGGTAATGTAATGCGTGAATAGCATATATGCAATAGGGTGTAAACCTCCTACCACAAGGTCACGATAGTAAAACATGGAGCCGTAACATGTTACTAACCCTTGGGGGAAAGCGCCCCGGAAAGGTGGATACT,353,48.44,Escherichia coli
SEQ_819544,ATCATACAAGAAAAAGCTGAGCTAGGCTAACAAAGAATGTCCAATCATCGATCAGACCGGATTTTGTACTACTGAGTAATGGGACTATTTTTTGTTTATTAAATAGCAATGCTACCAAGGACAGTATTGACCCTGACCGAATGTGCTCATGTCCCCATGCACCATGCGTGAGTAAACAACAGGTAAGTATCCGTATTGCCACCAGGTATCGATACAAGTAATTGACCAGATCCATGAGCTACCGGTACTCCCGGAAGGTAGAGGAAGCGACAGTTGCATAACGGCCTAAGTAGCCCCAAAATTAGCGTTCATGACCCCTTACTATGCAACAAGGGTATCTCACGTACTCTCACCCGAACCTCCGCGCTCAGCCGCCCATACTCTCCTGAATTTACATATTATTCTGTGTTACCCACCCATACCCGTAGCCGTCATATCTGGCGGATACCGCTGAGATATACACTATTTTGGCCCCGCGAAGACTCCACCAGCGAGCCGTTGAGTGTGAGCTGTCCGGCCTACTCCGCCTGGTGTGTACGCTTCACGGGCAAGAACCGTCTACATTTGTTCCCGTCTAACCGCGTTAGTTTTTCAGGTGTAAGCTGGTTTCGCGCTGTATTCCTTACTAGGTTAGCAAGCGCGAGAGCTTATGAGAGTGAGTCCCGTGCTGCTTTGGGAGTATTAGCTAACATCGATGATGGTTTTGTAATGTGCGGATGTTCCCATTGAAGATTGTGGGATGTGTTTCCGTTTATACAGATAGCTACTTGGCGAGGTCAGTTTTTCATGCGAAGTATTCCTTACATATGCACATCTTAACGGGAGTCCATTTGTTGCGCTACAAAGTATCAAATGAAATTCCCATATGGAGTTTACGTTCTGCTACGCGCTTCCTAGATTGATCTTATCGGGACGATTCGGAAGTTCTAATAGAATCGAACATCGTACCCTAGCTGATTACGTCGCTGAAAGCTGGACATGGTTGCTGCAGTAATACGCTTCTGTGGCGGTGTGGCAGTTCCGCTCCCAGGAGTGACGTCGCCTCCTGTGAACCCGTTAGCACTCGCCCTTCCGTGCAAACAGACGAGCTGAATGCAACACTTTGACCTACGAGATGCCTCTGAGACGACTTAAGGGCTGGCTGGAACATCGACTTCCTTATGGAATACTCGCAAGAGAGGAGACCTCGCGGGGCCGGGGTAGTGGCCAATCCCTGACAGACGTGGCTAATTCACTCTGACGCCAGGCTATCACATTATGGAGTCCTATTCTTCCGGGCAGTCGGGGTGCACGAACGAATACCCATGAATGAAGATATTGTATACGATAATGCCTGGACTTAGAACAAGCCATGCGTACATGTGTGACAATGTTAGCTATCACAGGGTCTTAGTAAGTGCAAATCCGATACAATGAAACAATCCTCCGCCCAAGGTCGATAGATTGTGCACCTTTCCATCATCTTGTAGAGGTTGTCACTAACTTCTACTGCCGTATTACGCCTTCGCGGCCCGTATAAATTGATAGTTGAGGACGGTCACACACGAGACCCATTGGGTCCACGGGGTACACGGGTAGCCTGAGATCCTCATCTTCTTTCTTTTGAGCGGAGATTCATTCAGTTCCGCTCCGCGTGGAACGCTGGGCTCGAGGCAGCCACACCGTCGAGTCCTCCCCATGCCCGACCTTTTGGTAGCGAGGCGATGGGTGGGCCCTCCGACATACGTGTTCTGATGG,1737,49.45,Caenorhabditis elegans
SEQ_916548,TTCATTTAGTCATCCGTATGGCCCGTTTAAACCAAGTACAATTTATATGGTACCGTATAGTCCCCATATACTCCTACACGTCCTACCTGGTCCCCCATCCCTTGCTCGCAACTTACGTCGAACCAGTGCCCCGTGAACTCCTGTGTCACCCACTTCACGTCATACATTTACTTCTTGAACGGTCGGGACTCCATCTGGGACCCGTCGAATATCCTCCTCTATTGCTGGGTGGACTCATTTTCTGTACCTCTCATTCGTACGGTCCCGCTTGGTAATTGATATCGCAACCCAATTATGACAACAGTTACTAAACGTCTCCCCGCTACCTTTAGATGTGCGCGCACCGGAACTGATTGGGCACTTCTAGGGCGTAGAGCAGAAAGGTCTCTCGGAAAGGATCATGTGACTTCCGTCCACGGGCCCCATCAAGCGCTTAGTAAGGGTTATCGCATCGGGAACGATGCCCTGCACAACCGTCTTAACGACCGCGTAGTGGATTTCCGCCGTTTCTTAGTCTATGTGTAAACGTCATAACACTGACAGGTCGCCGCTCAGAGGCCCTACGTTAGGCCTTATCTAATCCGAACCTCGGTCATGGCACGTGTTGCAATTCAGGTTATAATCACGCGCGTTACGGGGGAGCCTCTCGCTGAATTACGAAGCGGAAAAACGCCGAACAAGTTCCGGGGCGAAAGGGTTGCAAGATTGTTCAGCAAGTACACTGCCAAAAGCCAAACGTCCAGCTTGGTCGCTCTGTCCATTTCGCCGGACCCGTCGTGTCTAGCTAAAAGACCTCAATCTACCCTTATCCCCCCCGCCGTTATAACAAACTCTGGAATCCATAAATATCTAGTAGTATGGAGCGCCACACATTTGCAAAGTAGCGGACAGGCGAACTATGCTACATATTAGGGTACGAACAAGTGGATCATCACAAGGTTCTGTGAGGGCTCTAAGCGATTCGCATTGGCTGGAAGCCATCACTCGCATGCAATCTCCTGAATCGTGCACAGCTTACAGGGGCAACCTCTGGATTTCCCATCTACTAGGGATGCATTCTAGCAGGGCGAGCATTACTATAGGGAGTAAACGACAGCGACAGCTATGACTGAGTGAAATCGACACTAGCCTGTGGAGCACGTCTAATGTTGGATTCATAACAGTCGTTGTGTGACTTCGAGGACTCAATATGATTAGACGATGACCGATACTTTGGGGCTGAAGCGATCCGCGCCCTGTCGTAATCCAGAATTGGAATGCGCAATTTATGGTTAAAAGCTCGCAATCCCTCAGAGGCTCAAACCTAATCTAGACCTGAGGCAGGATCCCTGTAACCCCCTTCTCAACGATAGGACGCCTTCTGCATGGTATGCGAGAGCTCTCCGCTCAAGGCTTTTCATATTTCCGTGCCCGAGTCTCAATCTCCCAGTCGGTTTCTGGAGAGGTAAATGCCTCTGTCGGGTTTAATAAACTTGAGCTGCGCGTCGAGTGGCTGCAACCCCACCGATCATTCGCCCGTGGCCCATTATAGTGAGACAAAGCAAAACGTGGGAAGTTAACTATTCTTCGACCTAGTGAATGTAGGGTGGTGGCTACGTCGGGCCCGTCCATCCGCCAGTCGTGCACGCCTGTGTGTCGTGTGCGGACTATACATGAGCAACCCGTGGCGAGCGCCAGTTTCTCGACTCTTAGACAGTTAGCCCAGCTCTCTTATCTAAATCACGATCAGCTCCCTAGGCCTTGCGTGTGCTGGCAGGTGGTGCAGTCTTTAAACCAGT,1778,50.96,Drosophila melanogaster
SEQ_141063,CTCCCAAAGCGGGGCTCAATTATTTGGTTCCTCATTCTAGACCGCCATATTGATTAGAGGCTGCCCCACGCATCGAGGATTTCAGAAATACACAACCGTTGAAGCTCACCCACCGAGCTGGGTCTGGGTCATCTTCGGATATTTTGGGTAACTACCGTGTAGTCTCGCTGTTCCCCTATCCAATACTCAAAAGAGCAACTCCAGCACCCTCGATTGCCCTGTGAAACATAAAAAGGAAGTGGCGCTCCTGATTCCCGGCGTGAGTTTGCACATCTCGATTGTGCTCGACACTCGAAAAGGGAGTCTCGTACGTCATAGTCTTAGCCCCTCTTGCTCGATGCACGAGCTCATCGATCGATAGGGACAATCCTACGGTCTCACACGTGAGGACTCGCAGCGACGTATCCGGGAAAGGCGCCTGAATGGTCGTCCTCGTACTCCGCGTCCCTTCCATACTCTGCGCCGAAAGTGGGTGTATCTGGCTAAGGAAAGAAGGCATACGGAAATCTGTCTCGCTGCCTTTAGTCCATGCATTGCTCTTACAAGCTTTTGAGCGAGTCCACAGGGCGTGACGACCATCAACAGGGTAATTCCGATGACAAACCTGGGCCTTCTTTCATCCGCTTTTAACTCAGTGATGCGGACTACTCAACGTCGTCATCGCGGGCGTTATGGTTCGACCTATGGGAGATTGCCATGATTAAGAATGAGAACTTGATCATTAATCACATATGCCAGCAAGATTAAAGAGCCAGCCATTACATTGGCAATTGCGAAAAGGGCACTACCCCTTCCTGCCCAGTATATACATAGTCTCAAAGAACCAACGACATCAAAGTGCGCCAAGAGAAACCCTCGGTGCCAACGAGTCGGTTGCAGAGATAGGGAACGGGTACTGACCACGATGGATTATATAGTGGAGTGTGCTATTAAGGGAGCTCTTAAAGGCCCTTAGCATCCTACGCCACGGCGGAAAGATGTCGTCTAGAACAAAGGGCGGTTATATCGATCTGCAACATCCGTTTAGAAGATAGCAGCAACTCCTCCGAATCCGGCATGCAGTGGTTACCAGATTACCCTTGTCGTGCAGCTGACCGTCAATGTCAACCTCCCGAGCGTAGCGATATCTCAATAAGAGCCGGGTTCGGACCAGGATAGTAGACTCACTAACATTGCGTTTCTATCAGTCGACTCCCTGCCAGCCCCAAGTGCTAGAATATCACTATCGTTCGTAGTCTTTAGAAAACATGGTACGCTCCTATTAAGGGATAGCTAGCAGGAGTGATTAAACGGCAGTGCTATCTTGATGAACGTCTTTCAGCCAGGCAGGGGTCGTTTCCGTCTCCGA,1348,50.15,Caenorhabditis elegans
SEQ_159096,CAAAACGGGAAGTTAGAGATCAATCTGACAATGCTCTCTCTCCTTATGTATTGGTCAATTGGATTCTGTTGATATATCTCCATGCTTAATTAATAACGTCGAAATCTGCTGCAAGAGCAGTAGAACAAGTCCGAGGGTGCTGAACATATATCTTCTTACTATAGCCTGGCAGTTCTTGCCTGGGTCGTTTGTCGCCGTTGACAGTGCGGCCATTTCGCAGCTGGTCCCAAGTGATTTGGCTGTTCCATGCTACCATTATACTACACGTTAAAGGTCTGACTGCCCTGCCACTCTCGCCAAAGCGAAACCAGTTGCTAAACCCCACTACGATCAGCGAATCATCACCATTTGGTATAAGGTTATGAATCTTTGTCGCACAATGGTCGCTAAGGGATCGTTGGCGTGCCTTAACAATATCGGGGGTATAAGGGACAGGGTTCCGTAGTCGGTCGCCCCATCACGTCTTCTTCTGCACGTGATAGAAACGGCGAGCACTACGCAATATGCTAGGTCGTGTGGGCTGGGCATTGTATCCAGGAGCGTATCACACCGCCGGGAGGGATTATTTACAATAGAGATGTTAGCACCTCTGACCCTATATATACTGCCAAAGGTACCAGTCAGGAATGCCGGACGTGACCTCAGAACTTCTAATGAAGCAGATGTTAGTTTTTCCATCGTGATCATTTTACATCCTGGCCGTACATGAGCTACCCTCACGTCGCCGACCGACCGCACCACTGGAGGACGTTTTGATCCCTGGGCGGTAATGGTGCTATCATCGCGTAAGTCACATCAAGACAGGGTCCCTACTTCGGACTCCCTCGCGACCGTAATCGAGTCAGTTTGGCAGAATTGCAGTGGATCCTATGAGGAATTAGGCTTCTGTCTGAAGCCCTCACTCAGCTATAAGTAAACGCTTATGCCGGCCGTGCGCTACCAATTTCCTATCTCACGAAATTTACGGGTAATGTCCCCCCTCCCTGGGTCTTAGCAATCCTCGTTCCCTTAGAAGTGAGCCATAGCCTAGCGATTAGTCTTTGCCTAGAGCGACTAAGGTCTATTCCCCCCGTTACCTGGTTCCGTGGTGCACCACGCCGGTAGATGTTACCTAGCCACGAGGAACTTTCATGTGGTTTTTTCGATTGCGGTGCGCGCGCGGGTACCGCTTCATATCGTACTTATGTACCGCACTTATGTTTTATAATGGACTCACAATGATAATGTGCTGATCGCAGGTTTAGTGTGAACATCCTTGAGTCTAACATTGCTTCACTCGTCTGTCGGAACAGTTATTCTAGACAGATTAGTCACGGAGAAGTGTTAGATCACCAGCCAGGTACTCGTGCTACTTCGTGTATAGATGCTGGCTACAGTGGAACGAATACAGAGGCAGCTGTCCGACGGTGCCTTACTACCGTCGGGTCTCCCTCGCTAAAGATGGCACCGTAACTTGGATCGCGCACGCCTTGAATACCACCAGATCTACCCGTACAGTTCTGAAACTCGCACAGGGCTAGTCATGAATGCAGCACTTCTGTCTATTGGACACTGTTGGTGCCTGTTCGCCCACCTGCCAGGTGGGCTATGGGCTTATCCCGAGTACATACTATAGCTGATCATACACTGGGAATGCTGCGATCCCATGGAAGATAAATAACTCGAGGTCCCTACGAATCGTAGCACGTCTATCGTGATAGGGGCGTCAATCCTCACAATTAACAGTAAGGTTTCGCCTATGGGTGTGCTCATAAAGGCAAGGACACCCTCGCTGATACTCTATCACCCCGGTTCAAAGCTTAAGAGACCGAAACCATAACAAACAATGTCGATTAGGTTACGGCTATGAGGTTAAGGTAGGTCTCTAAGTGTCCGCGGATGAACCGCGGAATCTGGTGTAGCTGGCT,1907,49.34,Saccharomyces cerevisiae
SEQ_375106,GAATCCCCATACGGGCTTCACTAAACCAGCCTACAGGATACCCAGTAATGTAACCTTGAAGTTATGTGCACGCTCTGGTAAACAACCAGATATAAAACTGCAGTCGAGTTGATCATCACGTTATGATGGCTTGCTGATTAAATCATGGTCACATTCAGGCCCTGGCTGGTATCGCGACGCATTCCCCCCGAGTACGTCAGGTAAAACCCACGTGAGAGTGTTTCGAAGATAGGGCGATAGTGGATGACTCCAGGTTCGAACTTTGGTTCCAATCTTCGGGCTGTGGTGTCGATGATTTATTGCACTCTTTTGCAGTCTTGCACGAATAGGGTAGCCATATGGTGCGTTCTCTGTGTATTAGGGTAGGCACTAGGTTACCCACATGCGCAGGTAATCAGTCGTAGCAAGTCCACATCTGACAACAGAGGACAGTAGATAAGAGTTCTCATGGGGTGTTAGTGCGCACTGCCAGTTGTGCCCTGAGTGATAGTACGAAAAGACACTGAAGTCCTGCGTGGGTTTAAATCTTGCGTATACCTCCTTATTTGTGCGCAGGTCAAATCGGTATGGTGCACTAAGACCTCTAACTAAACAAACAGTGATAAGTCGCGCATGGAGTTACGTCTGTCTAGCTCCGACGGCTCGCAAGTCCCAGGGTAAACCGTATGGTTTCTCATTTGCTCGCCATGTAAACCTAGTGCCAGTTCTTTCGACAACAGTCCGCAAGGACATGCCGACACAAGCCCGTTCAAGCAACTGGAACGAGGACGAAGTCACAAGTGATGTCAGTTCACCCGTTCCGGTAGGGTTACCGAAGGCGCCTTCGATTGTCCGGCGATCTATGCTCGAGCACATGTAAGGCCACGATATTAAGGCCAAATACGTTGCGTAAAAGCCTACTTCCGCCACAGCCCAATATAGGCAAGGCGGCGCAGACAAGTACTATTAAATTTTGGGCTCGTACTCCGCTACGAAAGGTGTAATTAAAGAGGTGGCAACTCTCCAGCGACTCGTTCTTACCTCCTTGTGAATTAGTTACCGCGCAACTTCAGGGCCCTAAGGATAAGCCGTACCACGAGACAGCCATAAAAGTTGGAGTAATGTCAGGAAAGTCTGCCACGGGGC,1125,49.24,Saccharomyces cerevisiae
SEQ_870552,CCTGGTAAGTGTTTGTGTCAAAACGATGGTAGGCTAAGTCGGACAGCCCTAGGCTAGTGCGAGCTCCGAGATTTAATCCGGTTCGTAATACTGGTGATAGTGCCTCGCGGTTTTCCTCGCTGCAAGTCCATGATATCGAGTCTAAACGAAAATAGCCCATAACGGGACGCCGGCTGCCCGACGTCGCCATAGGCAAATATACATTTTTGCCGATTCTAGCCACGCGGCAGTTGTGCGCTACCTAGTGTTATGAGCCACAACGTCGAGATAGCACCTAACACCTCAGCTCCCTGCGTTGGGACTAACTGAGGGCAACCTATAAGCGCTTCTGCCGCGTGGATGGCGGTGCGCAATAATTTTGTCTAATCAACTAATGCTCTGTAAGTCGCATCGTCTCGAACGTCTATATGTCGCGGTGCGCCCAGAACAGTGGTTTTCAATCACA,445,51.24,Arabidopsis thaliana
SEQ_759990,GGGACATCGCTAAGGATCGTCCAGTGATATTGGCAACCTCTAATAAATTGGTCGCTAGGCCTAAGTGCCGTTATAATCTTAAATACATTAAAAATACACTTCCTATACCTTATTCAGGGTGTGAGCGGGATGCGGTCAGCTTAATAAGTTTCTCAGGGGTCCGTTCCTGGTTCAACCGCAGTGAGTCAGTTAGTATCCTAGTATTACCTAGAGCCACTTGGTTACCTAGGAGGCCTGGGGTTTCCAGACCTTTCGACCCACATGTCCAGCTCTCATGAGTTAATTCGCGTGCCATCTACCTAAACCAACCTTCGGACCGGATCTACTGGTCAGCGGTAGCTAGACCCAGATTAGGGGGATTTAGTCAAGCGTTCTAGCGGACCAAAGCGATTTCGGTCCGAGGCTCGCACTCCCGCAGAATGTCGCAAGTTAGACGCTCAATGATGGTGCTGTCTTCATTTTGCCAGGTTGTCATTCACGTGCGTGTGTTTTCTTTTCTCTAACAAGGTCAAAACTCTGGTCCAACCCCCTTTCCTATTCTCCAACATGCGATGATAGTATAATATCCGTGTAGGTGAGAGGAAAATAAACTGAGATGTACGGAATGAGATAATCAAGAAGTTTTGTGAATAAATCCAGGAAATAACCTGTACTACTTCGGTGATTGCGGGGGGGAAAAGCGATCGGCTATGACAAACCGTCGTACGCTTTTTAGCCTTATATCTGCCGGACTCGGACGCGGAAAGCCCATAATTAGCAACACCGAGCTCTAATTGAAAATGAATAAAAGTATAAATGCGTCCTCCAAAGTGAGTCATAATCCAAACTAGTTAGTCATCAAACTGTCATCCGGGAAGTGGCGTGATTCATATTTTTGTGAGGGATCTAACACTCCGCCATCGTAAGGTTTTATAAACTGCCGCGCTGCTCGTAAAGCACAGTATTGTGGGGGCCGCGGCGATCGGAGTCAGCGCTACTTGCATCACATTACTCACTACATACTTGATAAGATTGCCGACTTCAGTTAGTGATTGTCCTATGCAAGTCAGAGTTGACCTGTTTGGAAAGGATAGAAGACCTATACCCGTTCTACTGGAGTAGTTGGCCTGCCTCACTTGGAGGTGCAGTGTGCCGACCGTATGTACGCGCGAACCCCGGGAATAACAAATAACCCTATAGCACTATAGGTGCATCA,1195,46.53,Saccharomyces cerevisiae
SEQ_519044,TATGTGAGGCGCTTTCAGCGTAGATTAGTTGACAGCTCAGTTTAATGCCATACCATCCATCCCCGCCGAGTTGAAATAACAACCCCTATCGCCCCAGTCCATTCAGAGAAGGTGTGACTTTGGACAGTTGACAAACCGTGTTATGTCTCTATGTAATGCCTTACTCGTTACACGACGGAATAACGGGCCGTGACTCCCCGATCGTAATACAGGACTTAACGACAGACTTCCTTGTTCATCCAGTAGCGCATAGCTGGATACTTCGTATCCCAGTCTAAAAGGCCGCGAGTCCGGCGTGGTCTTGCCTAGTAAAAATATAGTAATCTGTGCCCGCCGCCGAGCACGACGGTAACGATACATACCGGGCTTCAAGTCACCGCAACCTTAAAAGCTAGTAGTGCAACAGCGCTGACTTTATGCTAAGAGCTCATTTTAACGCATAGGGTGACTCACAAAAGAAATTGTCCGGCAGCAGAGAGATTAGAGAAGTAGGTTCGCTTGGTATTAATATTGAGTAAATCGAATCTAGAACCGACCGGGTGTACCCGCCTGTAAATTGAAGCTATAAAAGCACGAATAACTAACGATAATTTCCTCGGCGAGTG,605,46.94,Escherichia coli
SEQ_717450,TAAGTCTCAGGGGATAATTCAGCTAAGTTAAGAGAATCCATAAGTCGGGGTCCCCAGTTCGGAAGGATACGTTCTCCGGAGTCCTAGGCTACGACGTCTCCGGATTGCGCTCCATAGGACGACGCGCGCGTCTCTGGGCTAGGCAGGTCTGAAATGGGTTAGAGTCGCTATAATTAATGTGTGAGGTTGTCACCCCGCTGTACTAGGTTGGGTCTTATTCCTTGGTCAGAGTCAGTTCAGGAACACCCGTCCACGTGCGGGTATGCCGTGATCTCTTGCTCATTTGGGTTTATGTGCAATTCGAGATTCCCTGGTAGGTGCGGTTGTGAGCTATATCTCCGTGATTATGGAGAACTAATTCAGCCTGCCCGCTGCAGGGAAATCCTCGAATGGAGTTCTCTACAACCACTTGGTCGCGTTGTGTACGCGGCCAGATTGATACTGCCTAGATCTTAATGCATGATACGGGCTCGATATCCGTTCTGAGGTTGACGTCTCCGGCTTCACCGCGAATAATTCTAAATTCCTGTGTCGGCGAACTCTACCTAAATAAATCTCGGCTCAATAGTGCGAAGATTTACCCAATATGGACTATATTTCATCCAAAGAAGACGCGACTAGCTGAGGTTTCGTGCGAGCTCCAAATACCCATCACAACAGATCCACGATCTTATTGGCCGTGACGATGTCTTCAAGTAGCACCCGTAAGCTGAACACCTACCTGACGAAATCAGATCGTTATTTCGTGCGTGGTTGCCATAATGCTTGTTTCGATCATGTGGCCCTAGTATCGTGCGTCTAAAACACTGTTGCCGGATGAAAAGCTTGGAGGCGTATACAAGGTGAATGACAATGGGACACCGTAAGGTGAGATCGCACTTTACACCTGCCACGTCCCTAAGGCGGGTTATGCTGTGTCTCGAAACTAACATG,933,49.2,Caenorhabditis elegans
SEQ_915657,TTCGCTTGGCCTCTCGTCGACACCGTACCCTCCTTGTCGCGACTAAATCGTCTGCTTGGTCATTAGGATTCAACAGACAAGTTCGAATGCTTCCACTTCACCGCCTATCTCGGTCAAATAAACGAACACGCTGCTTCGTAACGCGCCCCTCATGTGGGGGGAACATAAATTTTGCGTAGTCACCTATAATACTGCCGCACTCCAAAATAACTTCAACCAGCGCCGGGGATTTAAGTCGGCGCAGGTAGCCTCCTAAATGTTTCCCTTGCAAGCTACCCCACTTCCTCTGAACCGAAAGACATTCATCGTGTAGAGTAACCCCTCCGCAGGATTTAGCTTCGGGTATACACTATATACCAATCTTGATTGACTAGTACTTTAATCGTTGTGTGCGACCGAGGAGCCAAAAGATGTGACGACGCTCAAGTCGTAGTCTGCGGCAAGAACTTTTCATTAGGTAATGTGCTCGAGAAACTGTGCAAACGCTCGGAATTCTCTTTCCGTTGGCCCCTAGCCACCTTGATAGGAACCCACCCGCTTTTGACCTTCGCGGCGCCAGGGTGCGTCTGCTCGAATACGGGTGTTAGGGATAACTGGGTGAAGGGAAGCTGGTACTTAGCGCGAGCCTGCTTATAGGCACTAGGTTCCCCTCGGGTGGTGTCCTGCAGTAACGCTACGTCAACAGACAAAAGGCTTCGAGTACATTTGTGGTATGTAGCTC,721,50.62,Arabidopsis thaliana
SEQ_703131,GATCGTATCAGGATCGTCGGGCTACTTAACCCTACCAAGACCGTGGGTAAATTCCCGTCTGCCCCAGGCCCCAGAAGAGACGCGTTGGTCCCCGGATTGCTATATCGAATACGACACGTGATACGGATATGACGTCCTTATTGAGCACGTCATTGCCGCAATGACCATGGCGTCTGGATCCCCATGCCCTTGTTGGGGGCAATTCCGCTACTAGGATTAGGATATGCGACACCTGTGCCTGTTCAGCTGTACCACAACCTGCGGCGCTGGGCCCCGCAGAATCGTTAGCGTTCGCAACTATTCAGGCCCACTCTACGGGAATCTCAATTCACTCTTCAACCTGGAGGGATTATTTTCGTATCTGATAAGCTCACGATCATTCTGACACCGTGGTATCTTTTACTTGGTCCCTCTTCGTCCGTGTCCATACTCACCTTCCGCTGACTAACAAAAGGCTGAATCATGCTCCAGTCCATCAACATGCTGTCTTCGAGACCAACTTCGCAACTAATTAATGCCTAAATCTGGACTTGGACTTAAGCTCGGCAACCGGTTGACAAAAGCCTTTCGCTTGGGGTTATCAGAGTCGAAAGGCGATTACCCCGTTCAGCGGATGGACTCCGGAAATCGCCGGATTGCTGGTAATTTTTCCCTTCGGAGTTCGCTCTCGACTTATATTATATTACACGTCTCCCAGAATCAACAGATGCAAACCAGCCGAGCTCCAACGTACGTAACATGCAACCTTCGACTAAACCGAGGGGCTGGTGGAGAGCAACCATTTTGGACGAGTACACATTTGCGTGTCGTAGGTATTCTGGTGAATCGCTAACGATCACGTGCCTGCGCCCTCTGGATCCAACTATACCACTCTACTTACTGACGACTTATTTTTGCAGAGAACCAATGTGCGGACCGACCGAGTTGGTGCTCCTAGAGGAAACAAACCAGTTAGCTTCCGGATCAGAAAGAGGACCAGTCAGCAGGTTGTCTTCGTGTTTGATGGGAGACGCACACAAACTCGAAATGTAAGCCAGCGGTGAATTTAGGTCCCGGTGCTCACCCTACTACCAATGCGCTCAGATTAGTAGTGACATGCCAAATTTCACATTGGCCCCTTCGTCGTAGCCTATGGATAAAGGGTGATGTCGCGCAAAGGTCTACAGGTAAGGCCGCGTCAGAAAGAGTCGCATGAGTACTAACTAAAAGTGGGACTTATAGACATTGATAAAACAACCATGCCCAAGAACTGATCCAAAGTGCACCACGTGGCATAAATAACTCTGAGCATTAATCGCTCCCAAGAATTGTTTGAGGCTGAGGGGCATAAACCAACGGAAAGTCACCTTTGTTGATGTCGTAGCTATTATTAAGGACTGTACCATATGGATAATCTAGCGACTTGCTTAGTCCACAATTGGAGCCCGTAGGATCAGAGTCACTAAACCCCGCTGCCTAGCCGCTGAGGGCAACTGCCATGTCTTTGTCATCTGCGGATCGGGGCAAGGAACACTGCCTTCATTCCTGGCAGGGGACAATGGCATACCTATGTCGTGGTCAAGGTGGGGTCCGCTGAAAGAACCTTTACATGATAGTCCTGGCACGTTGCCCAGGTCACCGCTTTCACTTTTTGGGACATTACCTCATTCCAAACTGGGGATCTGATTGTATGAGCAGCATAGCATGGGATTTAGATAGCCCCGTTCCAACTTCATAACAAATAGTTCCAAGGTCACGGGACCGCGTAAGCTTATCAGCGGGCTTCTGTTCACATAGCCGTTGCAAGGATTAACTGAGAGTGATACCTCAGATTACCTGCGCGCAAGGTGCTGGTGGATGGCCAGAGTCCAACACGTAAATCGTGTTATCCTACCGTACTGTTGCCCGATCCTCATCACTGCTACAATAACATGAATCTAGCCTCCCCCAACGCAGGGCTCATCTAGCTCCTTGAGGGA,1958,49.8,Homo sapiens
SEQ_565089,TCTGCGCATTGACGAATATGCATTAGGGACACCGTCCTTCAGTCCCACGCTTATCCGTCATTATGTTCTGAATTAGCAGCAGCCATAACGACAATAAAACTTACCGGATGGCTTTTGACGCAACATTCTCTGAATTCCTGCGGGTTACTCATCATTCCGCAACAATGCCGGGATCGGTACTGGCGAGTCGTTATGCCACAAAACCGATCATGATACGACAAATCCGTGTCCGCGCAGACGGAAAGATCACGACAATCGCCCGTTTCTCTGCCTTAGAAACGTAGTTGGGAATAGATATAGGGCTCACCACACGGCCCATGAGGGGATGCCGCCACCACCATATACTATGTATTCGGAGCACCACACGTACACCCAATTGGGAGTCCCTACACAGGTGGTTGGGTAGTT,408,50.0,Drosophila melanogaster
SEQ_838167,GTCGCTGTGAATGCTTCGGCTGATGGGCGGGTGACCCTCGGTCGGCTTCTGGGACATCCAACGTTGAGCACCAATGCCGCGTTCGTACTTCATGCAGCGTCGTCTCTAGTCCCGCGAGTTTGCAAACGCGTACGGGGCGCCCTCGCTTAGTTTTACCGAACAGAGTCTGACCGGAAGTAGGGAATTGCATAGGTGAATGTGGCTAGGACGCATCGATAATGTGACTACGGATATACCGGGGGACAGTAAGATCCCATGACTCAACTCATTTGAACTTAATGTAAAAGAGCCCAATTCTACTTATATGCGGTCGCGGCGCCTTGATGGCCCGTATGTGTGTAATGTACGGGTCCCGAGCACTCGATTGGGCTCCGTGGAAGGTTTTACCACAAGGTTTCAGATGACACACGCCAGACA,417,53.24,Escherichia coli
SEQ_232870,ACTACATTCGACGTATAGTTCGACCGACGTGTTAGTGTGAGTTCTAACGTTTATGGGCAGTACTTTATCACCTTACCTCAGCGTATCGGTATCGTAAGAACTTTGCCATGAGCGTTAGAGACACCTTCTGGGTTCGCTCGAATTGCACTGTCCCATTTGGCCTCTTCGTGACAACCTAGGAGTATCTTTACTAAGTCCTACCTTGCTTCCCCTTAATCGAACAAGGAACTGTCGTGCGCGGAGGAATGATGGACCTCATCTATAACCCTTCT,272,46.69,Drosophila melanogaster
SEQ_389390,AGCCCAAACATGGAGGAGCACGACTATTTGCCCAAATAATTTAACTGCCCACCCGTCAGAAACATGCAGGCTCGAGGGCTTATTTGCGGGTGTATGGGCGAGTGCTACCGGAGCACTTAGGCCTGCTTTTCATCCCTCCATTCACCTCTCATGGACTATAAACGTCGCTTTTTGGCCGTCGGAATCCCTCACTGACACCGCGTATAAAACAGCGATGTTGTCCTCACTGGATTGGGAGAATAGCTATTTCAACCTAGTAAAGGCCCTACTGCTTGTCTGTTATGACAAGCACGAGCCTCCATAAACCACCGGGTAAGATCTAGTCTGCGCTTCACGAACCAACAGAGATCGAAATAACTCGCCCTCACCGGATTCAGACCAATGTATCAGTGACGACGGGACCAGGTCATCGTGGGGTGGCGACTGCTTTTGCCTTGTCCCAGTCAGTCTTCCAGACCTTACATGCCTCAATTGGATCGATACAGCCAAGTTATTTAAACTGCTAGTCTTCAGTACTCCATAGACCAAACGTGTGATTATTAAGGAGGTATATTGGGACTGGAAGTGATGTTCTTAGACCGTTATTGGGGCTGAGCAGATCGGCCTCCAAGTAGGCTGGACGTGGCTATCGACCCGTGACCTATTGAGAGAGATATGGAGCGCTGGACTATCCGCCTGGGATCTTCGCATATTGCTGCAGGACACATAGATATACGAGGGCTCAAACCGGGGCTCATGTACATGTCCTCTTTAACCCCTACTCATGCTGAATGTAGCAGCAGGGTGTTCTAGTACAATATGTCCGTAGACGCTGAACGACAGTTGGTTGTGGCGCAAACGCACGGGATACCTTT,854,49.88,Saccharomyces cerevisiae
SEQ_917865,AGCTCGTCGGCCTCGTCGCCCGACCTCGTACCCGTTAGAAAGTGCCCTAGTTGACCACCCATATGGGATAAGGGATAATATCGTTTCTTGCAGTTCTGAACGGTCAGGGAGCAGTCAATGATGAATTAGGCTATTCGCTAATGCATATCAAACTTTATTTTTAGCCGATAGGAGTTTGCAGTGTACGCACTCTTGCTACAGCGTATTATGTGATAATCACGCTTCCTAACACGGAAGCCATGAATATTGTTGGCTCTGCAGGATTTGTTGGGATCGTCAAATAGTAGGGATTATCTTGATGTAGAGCCATAGGAGAC,317,45.43,Mus musculus
SEQ_103511,TTCCGTGGCAAGATGTCCCTGAAATTAACACACGGGGCTGTACGAGGCTTCTTTCTTAGTATTCGTGATCTCGTATCGTAAAGCATCATAGCTGGACCGAAAGTCCTGCCGTGTCATATAAGAATCAGTATCTCGGTGAAGCATAGGAAATTAGGCGGCTAGGGCGAAGGGATGGTGCACTAGCCGGCCATCGCTTGTTGATGCCCTAACCAGTAATGACCTACTGGTTATTAACGGCATTCTGACTCAACCGCAATACTCTGCAATGTACTGCAGTC,278,48.2,Drosophila melanogaster
SEQ_788932,GTCGCACATGCGGCTAGCCGATGAGAAGGGGTTTAACCGCTACCGAGCGGTTACTATGAGGTTATTCTCACGTTTCCGTCTGCGGCGTTGCCCCTTGATAATATCACTACACAAATCGTTACCTCTCAATAAGAAGGAAGAATAAACTTCCTTTACTCCCGAGATTTCACGGATGACCAGGCGAGTTAGATCGAGCGAGCTCGTATTTTTCGTCTAATAGCGTGTTTTCAGTACCAAGCGTGTGAAGGCCGACTCCGGTGCCCAATCCATAATGTACAAGCAAGGGTAGCCCGCCCGTTCTTAGCGGGTTTCTCCAGGACGGAGTCAAGGCCTCATTTCTCGG,343,50.44,Saccharomyces cerevisiae
SEQ_686944,TTCCAGAATACGTATACAGGTGGCCAGAGCTCATAGATTAAGGAGGATAGGAAGCGGGACGTCCATAAGGGCCCTAAGACAGATGTTTTACTACCCCCGTTGGTCGCTTAGAGAGTAGAACGGGCATGAGGCAGCTCCCCCTTCTTATAACGCCATATCCTCTAGTGTTGCGTTAACTTACAGGAAAGCATTCCGCACTTGAAGTGGATATGTCCACGCGGACATCTGAACGCTGGGCCACCTACGACTCGCGTTCTCCTGGTCACCCGCGCCCATATTTCGATGTGCCTCTAACGTCCACAGGTGCAATGGGAGGGACCGTCATGAATGTGCACAAATGTGAAGCCATAAGACAAGCGGTGTCATAGGAACAATCTAAACTCTTCCTTAGATCGGCGGTAACTAAATAGATCACACTTAGCTCCGGCGTGACGTCTCGCTGATAATACACCGCCTGCCCCCAATCTTTGGCGAGAGTGAATCAAGTTCGTGAGTAGGCGTTGAGGGCAAGGAATCTCGACGATATGCACGGGACTATTTCTGGTTCATCACTGCAGAAACCTTTTTTACACCTGGATGAATCCTTCGTGGGGTTGAGAAATCTCATCTTCAATACATTAAACACAAATCTTGAATGTCCGCCGGTGGATGTCATCTAGGGACAAGCCATTACTAAGGCTACGTTAGGCCTCCAGGGCGACCCTCTCAGCCCCTTGTCTGATAATATCGCCACCCCACAATTGACCAAAGCAGGTGGCGATGCTTATCTGGTTGTTGAGCGATCGAACAATATGTTCATGTGAAATAGCTAGCGGATGATCTCGTAGGACAGATGTGGTATTCGGGCGAAGGATAGTTTCCCGCGGCATCAGCCACACTTCTCCTTTATATCATGAAATTGCATCGTCACCCCCCCCATTTTCAACCTCATATCATCATGTGTCAAGCGCTTTCTCCGTCCCTTAAGTTCTTGTGAATAGAAGCGTCTAAATCCTGCGCCCGATCGATTAATCATAAGCACCCCACCTTTGATCAGACTGTGGAGTAGCCGTTGCTATCCGGTAGCGCTAGGCCGCAATATCCGTTATACCTTAGCACTTAAGGAGGGGGCAGATGCCTCAGTGTACCGTTGGTTGTAATACATATGCTAATATGCTTAATCAGTCTACCACGTCTGATACGGATAATGTGACCTCGGGACAGACAGTTACCCTACGTACAATGCAACGAGTGCCAATTTCCCGTAGTCAGAATTGTTATATACCTTCTTATCGCGTTTATTATGCTGCCGTTATTGTCTGTTCGGGACACACGTGAGTAACCATTCCGTAGCGAATGATTTTCCGTCTGGTCGCTGACCCTCAACTTAACCCTAACGGTAACTCCTGTACACGCGAACCGTGCTAAAGACTAATTGCTGGTCGTCGGCAGACTGCCTCCGCCAGACGGTAGCCATAAATTCTGCCACGGAATTCATTGAATTCAACGCGCTGTTGAAGCTTCTGACGAATATTTGGCCCGTCTCAACCGACAAACTTTAATGCGTCGCGACCCATTCTGGCAGAGGTAGGGGGAGAAATGACATACCCGTTGCTTTGGCGACCCGAGTCCTATAGCTATTACCTAATCGTCCGCGCAGTGATTAACAAAGTCGATCTCGTTGTCGCCAGCGACGCCCTTTTGAGCTGGAGTCCTGCAGACGCCTCCTCTGGCCAAGTTCCATATCAACCAATAGCTCAGCATTACTTGGCAGCTTGTCTTCGCGCCAGTGCGGCGGGACAAACCATAGGTTGGATTTCAGTTCTCCCTACATTAACCCCATGCCCCAATTACACAATCCCCGCGCGGTTGGTTATGCGACTCCCGGTG,1869,49.55,Caenorhabditis elegans
SEQ_865067,TCGCAGTTCATAGTGGACTAGTTAACCCATCTATCTGAGCGTACGCCCATTAGTGCCGCGCTAATCTGCAGCCCACGAGTTGAGTTATGAGTACCCACCGATGCAGAAACCTCCAGCGTTTTGAGATCTGCAGTAAAGGGTTTCTTGCAATCGAGAGAAGCCATCCTTTAACAGAGCACGTTATCGTAAGTGAAAGGACGGCATCTTACACTATCATTTTGTAACTGTAATACCACCTTGCGACAGCTGTTTATGTGAGCGCCTCGAGACGCAGTGGTGGCTCACATGCAACCGTAGTTGGTTCGGGTGAGCGGGGAAACGGGCCAAACGTATTAAATATTCGCGCTACCTCCCGTTCCATGTTCCGTGAGGTTAACCCCGATCCACCCCACTCCAAGCATCTAGGAGGAGGAGGCTCGTGTCTTATCTTATTCTCCATTAACCGAACGTCCAAGGATAGCCCGTCTCAGACTCCATGGGTTTCCGCATTTTGTTTGTAAGCGCGGGTACGCACTCAAGCAGCTCCTCTACGCGAACGGGTGGAGGATCTTAGAGGTCGCGGCCCATGATATTGTGATCGATAGGCAATTTCTGAAGAGCGGGTGGAATTGCACACACGTGAACATCGTAGAAGTCTTGAGAGTAATATGCCGCTACTTGACCTCGCACACGGCCAGCCCTCCAGCCAGCAGCCGGGGATCACCAACTTCATAGCATGGCCACGTGGACCCCACATAGGGGAGGATACCAGTTTATCGAGCGCGTATCGCCTACAACTAACCACGGCAACCACGGGAGAAAGTTTTACCTTATTGTGGCGGTAGCCTGCGAGTATGCGTTTCACGCCCGACACTATACCGAATTTGGAATGACGGTTACCCCGGCGCACGTTTCAGAGGCTATCCACCACTAATGCTATTAGAGGTACCCCAAGTAAGACTAATTCCGCCGGCACAACACAAATTAAATGTACCTGGCTCTGACCCAGCCCCTGTAGTTGTCTCTCGTGATTGATAGTTGCGTCCTAAGCATCTGGTTCGGGCGCGCATGAACTTCGCTGGGGTCATATATTACTGTTCCCCTGCCCGGGTCATTGAGGTACCGGGCAACCAGATGCGGGACTAGATAGACCATCGACATGCCCATGCACTAGGAATGAAGCTCTAGAGCATGATGA,1177,51.74,Arabidopsis thaliana
SEQ_923345,TGAGAAAGTATAGCCGAGGGCGCAGGGAGGCTCACGACACTGGAATGTCAGCCGGTATGGGATGCCCAAATCGCCGTCGCGCCATTAAAACTATAGCCTCAAAGAGGTAAGCTCAAGAACTTACTTAAAGTCCTTTTTGATTTACCTGTGGCGGTTCCCATTGTTAAGACGAGAACGGTACGAAGGCCGAGACACGGTACCCCATTACAAATTCGAATGCATCAGCCCCACCTCTGGGAGAGTAGAGAACACCAAGTTTCTTAAAGCGCATGCTGGAGGATGCCGCACCCCAACTAAAAAACACCACTGTTGTCTTTGTCAATCCACTGAGAACAGTCCTCACACTACGGCGGGTTTTGTATGTTAATCTACAGTTATAATTGGCAGATAGGACCCCTTCTTGGAGGATAGAGCATTTGCGGCAGGTAACTACAAAGGCAGCCCGTTCACTAGGTTGTCATGTTTTGAGGCCGAGG,476,48.95,Caenorhabditis elegans
SEQ_868224,GGCATATAGCGACGTTGCTTCTAGACATTCAGGCCTGAAGGAGGACTGTTTTGTTGAGGTCCTACTAATTGGCGAAATCACAAGTTATAGAGTCAGCTACAAACTCCGACCGGTGCACAACTAGGAGAATAGACGAGCAACAAAAACTGCTGGCTACCCCAACCTCTCGAGACTCGAATTTACAGGTATAGCATTGACGTGATACGTATAGCGCTGGGACTGGAGATCCAACCCATAGCATAAGCTTACTCCATTTCACTTGGTTCACCTCCACGACGACTCGTAGGCCACCTTGCAACCAAGCTGATTAGGCATGAAGGTCAAGCTGACCACAATCGATCTAACCACGGTGTTCAGGCAGCCAGTAGGGCAAGCGGTCGTAATAACGGTTAAAAGAGGGCCATCCTCTCTTTTCAGGGGGGTTACTGGTAAATTTTCATGTGACATTGCGGGATTCACCGACCGCGCGCCTAGATCATAAAGGGGCTCTGAAACGATTAACTTATTGGTAGAACTGGATTCCTTATCGGTTAGGCAGCCTTATCTGACAGACTTGGCAGAGACAGACGGGAAATGAACCTTATTAATCTCATACGGTACAACGTCCCACAGTGGTCGCGACTGCATAAGGAATTGATTCGCGGGTCAACAGAACATCCATTTCTCTTCGACCAAAGTTTGTTACT,686,47.67,Caenorhabditis elegans
SEQ_194943,ATTAGCCTGACCATGTGCGATACAAATGTATCGAGAGTGTCCTGAGATTTTATATGGTATGGGTCCACTTGAGCTTTACCGTACCAGCCCCCGTACGGCCATAACGTGGGGCTTATACGGGTAACGGAGTGAGGCAGGTTTGTCAGCATCTTATTGTTATATAAGCGGTCTATTGCTATAGATGTCATGCAGAATTCTACAACTAATAATTAGATCGAGAATGCCTAGGTAGCAGCCCCGAAAGGCAGGTCCCAAACTGACCGATGGCTGGCTGAGTTACCTGGCAGAACATGCAATAAAATGTCGTCCGTATACTCGGGAGTTGGAGGAACAAGGCACGAACGGTTTGCGCCGGGTTTGTCCCCAAGTAGCCAATGAGCATGAATTTGTCAACACGCGTTGTCGCTATGTGACCTTCCGTAAGGTTCCACTCCCGTGGGTCGCTATGTACAAGCCATACGAGATCTTGCACTGCTCCGAACTTTCGGGCCAACTCCGCCAAGTACTGGGCGGAGTAGTCTAGCTAGGGAATTCCTATGCCCATTAGTACTAGCGAATAACCAGTCAACTAGCATACACGGGCCTCCTCTGGGATCTCCAACTTCAACCGGGCTTGACTAGTGGAACGAGCGGCCCAAGAGCGCGGGCACTAGATCGTTTGAGAGATGAGAGAGTATAAAAAATGTTCATACCATTCAAATAGCATGTAGCTATTTATGCAGTACGATGATGGCTTCAATCGCGGTAAAAACTTTATATCCCGAACATAGTTCTTAGGTATACTATCTGGGTCTTCTCATCTCTATCTCCAGCACATGAAGGACCTAGTAAAAACGTCAAGCCCAGAGTTGTGGTTGCGACTCGCTCTACATGAGCTGATGTACACTCCGTTTACGACGTGGTATGGTAATCGCGTTGAAGCATATTTAAACGCTTGGCATTGATGGAAGTACCGCCTACTTGTCGGAGATTGTAGAGTGCAGAAATTTAGTTTTCCAGGCAATATAGCTTTGCTTAACGCAAAACTAAAGGTCAGGCCTGACCTCCGCTCATAGTAGCTGGAGTTATAGCTGCTCGTGCCGATCTAGATAACGCCCCTTGCGAGTAATGCGAGCACTTTTTCCGAAAGGAAAGAAGCACTATAACTTGTGGAATTGCCGCTGGCGGAACGAGTGGCATGGCTAAGGAATATATAGTTGACTAGTTCTGGGCAAGTGTCGAAATCGCCCGTGACAGTTCATAGAACAGAAATTGAGCATAGTACCGGTTCCGCCCTAGGATGTCCCGATCTGAGGACCACTGCCCCCCCTGGCGTACATGAGATTCCAAGGCATAAGTCCGCGCAGTACATTTCCGCGTGCAACGACTCGCCAGTCTGCAATGCATTATATTCTTGGTGTGGGGTCAATCGCCGCTGCTATGCAGCTGAGTCTTATTATGAGAACCGTGAAATTCCCATGGCTGGTGGTGCCTGGTTTTAGCCGCAGTCTAGGTAGGAGCACTTGCTCACTTGCCTCATAG,1521,48.52,Mus musculus
SEQ_467949,ATCCAATTATATCGAGTCGTGACCGGTTAAAGCAGGACCGACGTATGCAGCAGGAATCTCCGATCCCACTATCCTGCTGGGTGGTTGACTACCTAAGGAGGGATCAGCTAGAACATTCGGTAATTAACCGGCATTCATTGACTATCGGACTCCACATTAAGGCGCACTAAGAAAATCGGACCTTGGTTTAGCTACAGGAACTAGACTGTGACATGGTTCGTTCCCCGGCTATCTGCTTTCTTAGTCCGAGTGGGTGTCGGAGTTCCGTTTGGTTGGCGTGATGGCTCCCTTGTATAGATCCGATTTGTTAAGCTTATGCTCTTCAGGCGACTGGACATTCTTACCCTCATCATAAGGGGCGTAAAACATAATCGGTATTGCGAGGTGGAATTTTGCCAGTCACCATAAGTCACCGACGGTGATCGAGACATGTACTCCGCTAATTTATAAGTGTTACCGACTTATAGCTTCACCGGATGTTATATGCTTCCCCGTAAACTTCGTACTGGAGCCCGACAATTTTAACCCAGTATATCTGATAGACTATCCGTAGGCTTTAATGTACCTATCAATTCATGCGTGGATCGATTTGGAAAGCGGAAATGGGGTAGATGATGGTTGGTAATATCGGGGCCATAACCGGTCTAAGCCAACTTGGCCTATATTTGTCCTTCCGTGAAAGTAATATATGAATTACAGAAGAGGTTATACTTCCTCTAACTAATCTCCGAACGGCACGAGCCGTCGATCATGCCGCCAAGCCGGCGTATGATGCGAAGTACGTCTCGCACATGGCAGGCTTGGAGCCGCTCTCGAAATGACCACTACTGCTGAGTTAGCTAGCCACCGGTCAAGACCCACGAGAGAGTTGTTTTTTATGACGCTGTAGAACCAAGGGGGGGGACTCAGAGCGTACACACTGAGCAGTTGATGGGTAGCCCGGTTGTAGTT,951,47.95,Escherichia coli
SEQ_187895,ACCTCCATGTCGGTATATTGAAAAACGCGGACACATAGGTCCTGCTTAAATAATCCCCAGCAAACGGATGTTACTATGTAATTCATTACTGACGCGCTAGCTTTGCACGTGTCACCATGAAATTGCTACATGGCGGAAAGGATCTGCTGGGTTAATGAGCTTCACTCGCTACCATTTAGCATGCGGGGCTCTCTGGCCTCGTGTCCTTATCACGAAGACATCCCCAGCTGGACAAGTCCCACTCCCCAAAACAGATTGTTGCTAGCCCCAGCATGGTAGGACTCGTCCAGCATTTACCATGAGCCCTAACGTAAGAGCTTGGGGGATCCGCATTTTGCCTACTGCGGATACGTTGCACCGCTACATGCGATCAAATGATTGCTAACGTTATAAATTCCACAACGCCGGCGGTAGATTTCAGTCTTCAATGTGCTTACATCTAATCAAAAGTAAGGAAAGGTAAAGCGCGCTAATTGTAGTCGACTGAGGCGTCAGCTCATACAGCCGAGTTCTAATCCTCCTATCTCCCTTCGAACAGTCTTGGTCGAAGCTTTTGTTACCCCATTGCTGCCGTTCAACCGGTGCAGGTCCCAGTCTATGGCTTGAATGATGTGAGCCGCGCATCCACGCGTCATGATTACGTTCGAACGCGCTGCAGTGCTTAGTTATATGGGGAGAGGCGGAGATAGATCTAGCTTCGTTCGGCTTATTTAATTCAACTTCGCAAAAAAACCCTTTTAATTATGTTCACCCACATGCATCCACCACACCACAAGTTGCGGGGGCACAGTATTTGACGATGGGCACGTCGGTTCGTGCGAACCTCCGACAACCTGAGTTCCAAAATCCCGTGACGCGTCCAGGACGTGAACGCAGGATGTAACGATACTAGACCGTCTAGACCTCTCATTGACTAGAAATGTGAATCCATGGCGCTGACGTCCGCCAATGTGCATTTAACTCCCTCACGGGGCTCAAGCTGAAGTTCCGCTACTCTCGTGTTGTATTCTCACCATGTAATGCTTCCTCACCTTGAAGGGCTCAACCTTGTACCTTGCGGCGAGGACCCCGCCTGACCTCGGGCGGATATGGACAAGCGAAATGTTGAAGCACTACAACCATTCCTTTCCCAACTAGCGGTCGTTTCCACTCTGTGACTATCAAAG,1166,49.74,Escherichia coli
SEQ_791615,CTATTAACGTTATTAAGGTTCCACTCTATGACGTCATCTGTAACGCTAACCAAAAATCGGGCGCTGAGGCTTAAACCTTGGACCATGAACTGTTCGATAAAACCGTCGGTAGATCGCTGGGCCGGGGCTCATCCCAGCCCGTCTGCCGGCCAATGATGACAGCGTCGATGTTCATGTGATCATGATGCGGCCCTGTGGGTTGGTACCCATCTGAAGAGGTCATCTTTTTTCACAGATATAGGAGACAGTCTTGGGAGGCATGAGGTGTACTTTATTAGATCCTGTGGCAGCCAAGTCTTGCCGGTGGCATGCTGCGCCGTTTGTTGGTGTGAGCGGTCCAACTGTGGAGAATGAGCGGATCAGAGCGCCTCTTCGAGTACAATCAGGCGCCACGTGTGACCTCTTTACCACCCATGCAGGTTCTTGGCCTATGCGGTTCTTGGAGTCGTACGCCTAGCTATCCTAGCCAGTATGGGAGTCGTGCAGGCAGTGACCAGCGCAGGACCTAATATGTAACTGGATCTTTGCACTTTAGAGCTATGGTCTTCGTACTCCGCTGTCTCCTTCAAGGAGCGTCGAGTTAGGTGTCTCTCAAGGGGATATGACGACGTCCGCAACGCCACGCATTAGCTGGTCGAGGTTTGAACGAACGCTCGGTGAGTGAAATTCAAATTCGGTCTATAGCTCGGTCTTGGCCTTCTGGTGCTTCGTCATGCTCGCGGCTTCAAACTTCAAACCCTCAATGATGGTGTGGCGGTAATACGATCGAGAGGGACGACTGATCTGTACTGTTGCTGAACCTGTAGTCGAAAACACAGATAGCATAAGCAGAGGTATACAGCAGTGGACCACCATTATAACAAACTGGAGCGACGGCGATCCCGTTTCAGCGGTGAGGGTCCAGGCCGTACCGGTTCAATTGATTTCCACTGTGTTTCACTGGTTACCACGGGCCCTAAAATATTCCACCTCACCTTTAGCCAGCGAGCCGATATACCCCTCCATTGGTCAGGGAAAGGTATCGAATCGCCAGTGAAAAAAAATAGGACTTTGTACGTGCACTCAGGCAGGGGGCTTGCCACTGAGCCAGAGTGGTTCGCTACGTCTTTTGGTCGGGTCCTATAAAAAAACTTAACACAATGTGAGGACTTAGGTTAAAGCATTGGTGGAGTGTCAGGCGGCCGCCCTGTTGAGCTCTATGGGTACAACTCGCTCGATCGCACATTAAAGGGGGGACAAGAACAAGAATAGGTTTACTTTTCTCAATGCTTCCGGACGTCC,1281,51.21,Caenorhabditis elegans
SEQ_489215,GCATCATGGGCCACTTTACACTCGATCTTTGGTGAAAATTTCACTTTGTCCAAAACTTTTAAGTCGGGTTTACACAGCGCGGCCGATACGGGTCTAATTATGCGCTAAACGCTGTCATTCATGTAGAGCAACCGTGTATACAGAATCCTCTCCCGAACTAACTGGGAACCTGGGGTGTTCCGCTATGTGAAGCATGCCCTCAGCGCGCGCACGTTTCTGCGGCGGCGTAGATTAAGTATGTATTTGCAAGTGGTGGGCGCGCACCGTGCGCGGCGAGAAAGTGGCATTATAAGTCTTAAGACTCAGCGTTTACACGTCGTGAACGGGGACCCACTAGCCGATTACCGCTAGAAGCCAACCTACACTCTCCTTATCCTGTCCTCGCACACTCCATTTTATTTCACGCGATCGTCACATCCCTTCCGATGGCTGTGTGATGTTGTTTGAGAGGAGTGAAATAGACATTCCGACGGACTCCGTGGCGCTAGCTGTAGGTCGAAAGGCTTGGAACGACCGCGCCACAACGGAGTAGTAGGGGTTTTTGAATTGGCCCACTTGGGTCACTGGAGACGTATTGGGTCCGGTTATCTTCCGGACGATGTCTTCATGATCGCAAAGAAGGACCATAGATTAGCGAGTACCTGTTAGGCTGAACGTTGCTTAAAGCAAATTCCAGGAATCCCGAACACGCAAATCGGCGATTGGCATAGTTATATGCTATAACGTGGTTCAGTGCAACAGTCTAACCGACGTACCTGTCGACTTAGAGACGTCTCCGTTATCCTACAAAACATTTCTTATCCCGTGTGCTAACCTTGTTACTAGTGTGGACTACGCCTAGTAGCGCTAGACGTTCGGCTCCTCCGTGCGCAGGTATCCAGCGTCGATCTCAATAGACCATTTAAGGGAGTCCATCTGGTTCCTTACAAACGGCGGCAATCAATCTAAGGAAAACACGGCATGAGGCGAAGTGCCAATGGCCAGTTAGTGGTAGTGATCTTTGGCACTTGTCTAGTTGGCGAGATCTCTTTCGCGGTGCGCATTGATTAAAAAAGTGCGAGAGCTTTTGGGAGGAGAAATGAGTATACTAAACCCTAGTCACTACAAATGGTCTGAGAGTTCATGCACGGGCGTGGGGGACTCGACGTCGCTTACTAGGAACGCACTTTCATATCCCCCTTGTCCGTCTCTAACTTTGAACTATATCCATACCGCCCAACAGTTTCACTGTTCGG,1235,49.72,Saccharomyces cerevisiae
SEQ_387399,GCTCCCTTGAAAGAATATCTGCCAGATGGGATGTCAAGGCTGGTGCTCATCAGGCACGGCTGCCAGCGGGCTTTCTCTTCGATTGAATGACCAGCGGCAGAGATGTCATCTATATTCTAGTTACCGCAGCTTTCGAGGTAAGTTAGGATGACTCCTAAAGGGGCGGCGCTCGGTACTTAAGTGTTATGCTGCCCAAATGTATTGCTCGCCCAACCCGCTGGATCTTGCTACGATGATAACACTAAATAAGTCCTTTAGTCCAGCCCACGAGCTACTCTCCAGCCCGTCCCACCTCAAGCAAAAGCTTTTATCGTAGTAGGGAAGGCCCGGAGTCTTATTGTCACCGCTGCCGCAGATATGCTCCGCAATAAGCAAGTACCCTGGACTTATTACGTGAGCCCGGTATCTCAATTCGATCGAGACTCTTTGAAGGTAACGACTGTCTTAGTAGCCTTTTGCGAATATTGACTTACTTGGGTCGAACAATAGTTAAACAGCAAGGCGCAACAATCGAGTTTATTATGACAGTTAGCCAACACGGTTAGTACTTAATCAAGTTGGTAAATGGCCATTAGTGTCTCGCTGCCGTATAAGATATAGTGGTTTCGCGACCAGACTTTCCCTCCCATCAGCTGGCGCCAGACGAACTCAGGCGCTACGCGCCGGGCCGCCGGTACACATGTAGAGATGCAGGGCGTGAGGTTTTCAAGGGATAGGTCCCGCCAGAGCAGACGATTCTGCGCCGTATACGCCGAGCAAGGTCATTTCATAAAGCCCAGTATACTCAGGTCTCTTTGCCGCTAGAGATACTATACGAGTAGGCACCGTGCGTACCGACCGTGCGAAGGACAATGCCGTTATAGTCTCCGAGGGAGAGTTTTCCCTGTCGCAACTCAAAAAAGTACCTTTTTACCTCCCGGTCCGCTCACGAATGTCCTCACAGAGACGTGGTCAAGATATAACGCTTCGTCCGAGGGGTTCTAGGGTCCAACCTATTAGAACAGTTTCCTTTACCAATCCCTCATAGGCTTTTCCTCAGGACACTCTGTACTTTCCCTCTGATGAATCCGCTATCAAGTCCAGATGACTGTCTCCACCGGCCGAGGGTTAGCCTACCTCAGCGCGAGAATACAAGAATTCTTCGGGGATATTGGCTGAAACCCCGAGGGGCATACACCATTTTGTTGGCTGAAACGAACTCCGATAACTAGGGCATCCTGTCGTTACCCCGCTGGTGAACACAACTCGCCTGTACCTAGACCTTCCCTATTGCAGATCGGCTCAAGTCCGTAATATCCAAAACTGTCGATTATCTTAAACGACTAAAGACTACTCCCAGCCCACGACATAGGACTTAGTGGCGCAACTAGCTACGCTCGGTTTGCGGGCCATAGGAGGGGTCCTCCTCCTCGAAATATGAAGGACTCGAAATACAATTTAGTGCACCCTATCAGGGACAGCCTTATTGTCTTATCTGCGAAATAAATAAAACCCAGGCCTATAAAGAGTAAGTCGGCGGATATAAAATCAGTCCACATCGCAGCCTGACCCGCATCGCGAGTCCCTCTATGCAGTTCGAAGTCAGAAACACCAGAAGAACCTAAGACGGGGCTTGTCCAGTTGGGTAGGGAGAAAAGGCCCAATCTTAGTTCCCGGTCCGGGCATACAGCCTTAGGTGTCCCTGTCGTTCAACACGTTATAGGATGTAGAGCTTTTGACCACGGTTATTCGGACAAACTTTCCTCGGCCACGAATTGGGGCGTGCCGACCATGCGCATTCCGCACCGCTAAGATTGGACTGGTTAAGACACTTGAGGGACCGAGCGTAAGGTGCATTCAAGTC,1843,50.41,Mus musculus
SEQ_250453,ATCATAAATTGGACGGTATGGCATTGTGTCATCACCGACTGCCAACAAGCTATTCGAGTTTCTAATTGGATGCAAAGCAACGAAACATTGTCTGCCCGCATTCTGCTTGGGAATTCAATCTAAAACCAACCAGCGGCGAATACAATTCCCCTAATCCTGGGTAACTCGGCCTCAGTGCCAGGTTTTCGGTAATGTCACAGGAAAGACGCCAAACTTTGGACTGAATCCGTGCGCAGCCCCTGTGAGCGTAAGCACCAGTCCGAACTGCAAAGTGACGAAAATCAATTCGCGAGAGTATAGAGTGCGTTTCAAATCAAGAACATCGAAAAGTGCTTGGAGATGGCTTCTTAGCGGCTTGCACCACTGACGCGTCATGCGCCACACGGCCCAATGGACTCCTTGGCTCTGCATAGTACTCAAGGAGAACGATTAGTGTACTGACTCCTAAGACGGACCCCCTCTGGTATCGCTATAGTGGGTCCATGTGAACGAACGTGTGTTACCCGTAGGCTGGGTCTCGAATAGAGCGTCAATATCTGGCTGACGCCCTCCGGGGACTGGCGGTCCTGATTTTTTTACGAACTGCGAACCTAATCGCGTGGGCGCTATAGGGTGATTCCCCATAGAATACGCGTTAACGATTGACAGGAATTCCTGGGTGTTTTAGGAGTACAAAGGCAGCGGATGCAATTGAGCAGGTCCCGCGTACTCGGGCCTGGGAGGACCTACGTGTCGAATGGAGTAGCGTGAAGATTGCTGAACGACGCCGCGCTCAGATCCTTGCAACATACAGCATTGCAATGGACTAATGCACCAAGTAACCTATTATCCCTGCGCTCAGATTAGATTACAAAAGGGCTCGTTAGATGTAGGTCACGGTGCTGCGTCTACGTCACTTATCTTAAGGACAATTAGTATAGGATATTCTAAGAGTGGAGAATTTCTCCAATGGCTCCTGTCCTGGCGTGCGACTGCAAGCACACATTCGATACAAGATGTCGCGAACAGGAAACAGGTATCCATAGCTATTGTTAGTACTGACGTCCGAATAAGCGAAAGGGAGTTGGTGCAGGGCAAAATGGCCAATTCTCGTAAGGCCCCTTACCTGCTGTGGATGTCGATTGCCTGTATAGTACGAATCTTTTAACCTACCGGGAGTTTAGTTGATTCCTCCGAGCTGGTGGCGATCGCATCATCTTTATGCAGTCATGCCTTTGTTGTTAGCGAAGGTGGTACGCGCGCCGTCACAGGTGTAGAAGAGCATCCAGCTTGAGCGAAGGGAAGAAGGGTGAACGGTACCACTTGAACGCGGCAGTTAAGTCTTGACAATCATTTGTCCCCTGGGCCG,1348,49.93,Arabidopsis thaliana
SEQ_792155,CCGTACCGGATTGGTAGTGAACACCGAATCCGCCTGGTCCTGTCTGCATTGTGATTTAGAGGTCTCGTGCGATTTCCAGGGTCATTATACTTTTTTGACAAAGAGCATAATCACGAAGACGTGGGGACGAGGGAATCACGCGCAATGCGTTGCGTACCGTAACGTATGGAGTGAATGACATTCACGCCCTCACGATCTGGAGCGCGGCCACTCAGCTCGCTTGCATTATGCGTGCGAGATGACCCCGAGGCCTCGTCCGGGTAGTCGCGCCTTGCGGTTGCAAAAGGGGGGGACCGTCTTTTGCATTCCATCACTATATCAACCAGATTGGTACGGAATTATGTACAATTTTGGTAATTGAGCGTTTACGCAGCATTAGCTATCTAGACAACTTATTATTAGCGCCCATTATCGCTCAAAGCACGGCATTTTGGTTTCAATTTAAGAAGCCTCCATTAGAACTTCGAACGAACTTGGAAGTGACTGATTTAACAGACTACAGTCAGGAGAGACACGCTCTTTAAGCGAAGACTGTGTCCCTACTCTAAAGGAGACTCCAAGTGCTTTCTAGGTGTATTCAATGAGGTCCGTCATCTACTATCCCGATTCCGTCTAGGAGCATGGACCCCCTGAGAGACTGTACTAAGGGCCGACGAATCACTATAGGGTAAGGCGTCGGCAGCAAAAGGAACCGCTAAATTGTCGAGATTGCCTACTCGCCTCATGAGCCCAGAACACTGTCAGTTTGACGTCAGTGTCTAGTGAAGTTGCACCTGGAACGGGTCCGTCACAATGACCCCGTGTGAGAAACCCACCTGTACGTAGCTGCCTCACCAAGTTGTTTGACCGGTTTGTGGTGTCCCCGGGAAAATGGGCAATGCGGTATCCGGCCGCTTAATCATATCCGTATTCCCAGCTGGGTAAGGGGTACTGACTCCAAACGTTCCACTTCGGGTAACATGTTAACCTGCGATTCCGCACATTCATAGATTGGTCGTAAGATAGCGTCGGACCCTGGAATAACAAGTGAGGCGATTACGATACCCCACTCGCCACCAGTGACCGATTGGGCCTCACAACGGCCTAGTCTTAATACGATGCAGATACGTACACTGCGAGTGCCGCCGTAGTCGGCTAACACAATCTACGAGATGAATAAGTAGTCGCCTGGCCTATCATGCAAGATACTTGAATCCACAACACAATCCAGTGAATTGGATAAAGTTAACACCGTGAAGGGCTACTGCTGGGCAACTGTTACTGAGTATAGACCATCCGATGGGACTTGTGCCTTTTCGTATCTGTGCGTAAATACCGGGCAGGTCTAACGGCTGTTTAAATCTTGACCCTTGATCGGGAGCTGCAGCAGAAAGGCTCACCACGGGGTCCTTAGCGGCTGCGAACCGCCATTTATTAGTTATAAGATGTTAACAGTCACCCCTCTCCTTGATTCCGAACTGATACGGACGGGTGCCCCATAGAGGTTGTCGCGAGCGCCTAGGGATGATCACCGCTAGGTGAAGACAATGGCAGCACCTAATAGCCTATTACGAGCTCGTATCTCCGGGGGACCTCTATGTTACCCCTGCATCGATCTATGAGATTGCTTGGTGACTGTGGCCTCGCATCCTATTACGCAGCCAGTACGTCACGCGATCGTTGACATTATTAACATAGCCCCTTAGATCATCTCAGGGTATGGTGGTATCATGAGGAGGCCGAGCGCGCCGGACTAAGGGCCTCACGTCTAATGGAGGAAAATTCCGAATCTAGGAGTAAGTACACACAGTTCGATTAAGATTTTTATGGTGGCGTCAGCAACTACTGTCCCCCTACTCGAACCCATTCCATTTCGCCTATGATTAAAGTACTGCGCTTAAAGCCCCCATCTGGAGTCCCTTTGCTACGCT,1910,50.1,Arabidopsis thaliana
SEQ_535940,GCCCAGTAAGCCGCCCTTCCCGTTGTCAACCATGCGTCGCCTATCGGGAGATTCAAAGCTGCGAAGTTAGTCTACTCGATTCACGTAGGCACCGAAAGACTCACGCACTCCAAATGAGAGCAGGAGTGACTAGCGTGAGAGGAGACGGTGGCAGGGTCAGGTATGTGAGTTTACTTGTACGATGGTCAGATCTTCGTTATCCGGAGATTTGTAAGGCCTTCAAATAAAAAAAATACACCGCGGCAGTGTGCAACTTAGAGGCGCTCACGCTTCAGGATCCAGTAGGGGGTCTATCAGTGCTCGTGCTGCATACCTATGGAATGTAGGAAGGGCGGGAGGTAGTCCCTAGTAATCTCCTCGCCTCCAAGCCTCTTGTGTTGGGACTGGCGGATCCTCACATTCTTTTGTCGCTACCATTTTCAGCAGCTTCCATCTGTTGCACATCAACTAAGACTGATGTAGTACTAGCCGCTCTTACATCATGGGTATTTTGACACATCGCAAGTTGTACTTCAGTGTGAAATCCGCCTGGCGGGTGTAATCATCGCAATTGGGTATCCGTGGGTTCAAATAAAGATGTTCATTAGAGACAAATCCGGCTCGCCTGACGTCCCCCTGAGACCTATACCAACCGCCGCATGACCAGTGCAGTTATACGCTGGTGAGTCTTATCTGACTAATGGTATGTTGGACGAATACACTTGGGACTTGTACAGGTCATTCGTGTGTAAGAGATGGTTCAATTAGGGTGTGTGTCGGTAGATGCCGCCCCTATGAAGATCCTGTCTCGTAGTTTATCCATGGCCCAATATGCCAGAACGCCTCACGGAGGAGTCCACACTTGCGGTCCAGGGGCTGAAAATGAAAGCCAAAAGAAGAACCTCTAGAAATAAATTGTAAGCCTTAGGCGCTTGCCCCGAGCTATGATATGTGCTGGGTAGATTTGAGTAAGGCTGGGTAATACGACTATCTCGATCAAGAACATCGTATTAGACCCTCCCGATCGGAAACATGCCACGCAGAACTAACCAGCGCTTGATACCCATTTTTTTACATCTATAAGAGTAGAAAATTTCACAACTGACAAACATAGGTGTGACAATTCGAACTCATATATCGATCGGCTTATTAGTGTCCGGCCCTTTCACTAATCGAAATAAGCTACCGTATCTAGCTTAATACTTGATAACAAGATCATACTAATATTCCCCCCTAGTGCTGCTGTGCCATGGCTGTTGGTTGATTACGCCGAGAACACACACAGCGCAACATAGCAATACACATCTGCAATTCCATCCTTGACCTTTATTCAACTAAATATAAGGTTTACAAAGTCGAGTAGGATATTAGCTTACGGTGTACCCGGTTCTACAGTGGAAGCCCCGACTACGGACATTTCCTGGTGCTCTCCGGCGCCGCAGGTTATCACCTCGGATATAAGTTACTAGATACGTCGAAGTCGAGCG,1466,47.54,Arabidopsis thaliana
SEQ_259143,AACTAATAGATTTATCCCTAAAGCGTCCTGGGGCGAGCGAGTGAGTGATCAAACGATTAAAGAGAAATAAAGACCCGAGCGATGGTGATACGTAGAGGCTCGCCAACCCGCATAGTACCGTAGACATGTACAAAAGCCACATGGTACACTGCAACATGATAGAGAGACACTATTACATATAGTCCTACGTGGGAGTACGAACACTAACGCCATGTACTTGAGCTTTCTAGATA,233,44.64,Mus musculus
SEQ_407566,GCCCAGCTCGACCACCACCCTGAATTCTGGAAGATGCTGTTCTCCGACCCATTAATAGAAACGGACCTAGAGCCACGGAGGCGCCGGTGTACCCCCGGGTTAAAGGAGGCTGCTGCCACCAGCGCCTACCTGCGAATGCCTCAAAAGAACATTGTATGGTGACTGGCGATGGGTTTCGTTGCTTCGGACCGAGGTGCGCGTTAGGCAAAGTCCAGAGGCTCCAGCATTAACAAGTACAGATGTCGGGTGTGCCCCTACCCTCCCGCAAAATAACCATGGCGAGGTGTCCCTGTTATACAGGCATTCGGTCC,311,56.59,Escherichia coli
SEQ_380479,GCGCCCTGATAAGGTCCCCAAACCTCGACTGCTCCCGTGACGTCGGTACACCCTACTTCTCTACGACACACCAGCTCTCAGTCCTTGTAGGTCCGGGGTATCGCTGTTTCTCAGCCACGGGAATGCCAATTTCTGATTGAGGCCAAATAGACAACACAATGGCCCCCGCTTTCCGAGGGTACTTCGGTAACGGCTAAGTATCAGTAAGGTGCCCTGCCGCACAGAATCTAGCTCCGGTGTGTCGCTTAAACGCATTACACGGAGGTTATTCATTCGAGTGGCTTAGGTCCACCAGGGCGCTAATGAAGTTTATTGGCGCTCATAGAACCTGCGAAGCATCATATATGGTGCCAGAAGTACATAGTGATGTACTGTACAAGGCGGGTTTACTGTGTCCGGTCGGAGGAGTAACGCGCCGCGTTTATGTGTATATGGGGGCAGAACGTAACCTGCACAGCAGTTCACCGGTTGGACAAAACCGTACACCTTACCCGTACCGGTCCATGGCTCATCCGCACTAACTAGTTCCGAACAAGTCTCGAGCCAATATTATGATGACAGGTGGTAAGCTGCGCGTTGTCTTTGAATGGGGTACATGGGGCGTCGGGACGTTGGGTCACATATCACACATAATATGTGTGAAAGACTGGAATTGATACATAAAGCGATTTCTGTCCGCAAGTTCCGGAGCAACCCTAACTTCGCGAAGCTGTGCGACTGTTACATATTCACTAGCTCTAGTTTACGATCGGACGTAGGTCCAATAGGTACATTTTTGAACTACGTCATATAATGTGAGCGAATGCGTTGACGTCGATTCTAGGTGTGCTAGTCTGATCACTAATAGTTTAGATACAGGCGTCTTATTAAACGCAAGACTACGGGATTCAAGCCCACTGAAGCCCAGGATCTCGCAGTGCAATCGCGATTTACAGCATCATACACACGTGACTGACTGCGAACCCTACATCTTCCTGTGTGGGTAACGGTCGCTAAATACAGCAGGAAAGATCGACTACGACAATTTTATGCGTCACACGTTTGTGCGCATTAGGCGCGACTCGAAAGCATAGTGGGTAATGGAACAAGACGAAGGTTTGTTCTGTAAAGTCTCAAATCCAGATTCTCAGGCGACAGCATTGACTCGACCTAGCCATTTGCCGCTGGCTC,1170,49.49,Mus musculus
SEQ_908340,TCCAACCACCGAGTGGTTAGTGCTGACGCGTGTTACCTTGCGCATGTTTAGGCCATCCCTCCCTAGGCCAAACGCCGCGTTTGCATTAACCCGAAGGGTGATCACGTGGTAAGAATCTGACATAAATACCTGGAGTTATGGGCAGGCGGGGGATGACTGAAAGGAGTGCTCCGGTTACGGTGCAAGTCGGCAAGAAAATCAGCCGCTAGTCACATAAAAACTCGGGGCTGAGGCCAGAGCGTCCATCAATGACTCGGCGGCAGTAATCTTGGCAACGCCTTAGGCTTGCAGGACGCATTTACATTAGACACACGGCCCCGATGAAGGACATTCAACAAGGAGATGCGTCAGCAATCGCTGACCAAGCTTAGTCTATACCACATGATAGTTCCAGTAGATGTCTTTCACAGTGTCTGTAGGGGAAGAGCCATCAGACGCCAGCACGATCATCGTATAATGACGAGTGCTGCTAGCATGTGGCGCGGTCCCCGGGATTTATATCGCAGGGTGAAGGCCGCGCTGCCCAAAGGTCCCATTTACTACGGTCACTAGCCTCAAGTAAGGGCTAAAATGCCGGGACGCATGTTCTTCGGGCACCCCAAATGAAAGGGATCAAAGTGCACTCACCTACTCACGTCTCGTACGGCGCTTCTAGTTTGCTATGAGCGCGCTGGGTCTACCTCGTATGTACCCTGTGCGGATAGTCGACCAATCCCATTTGTAGCAGATTATGCAATGGCCCCGCAAGTGTACTCCTGATCAGTGCCGGATCCGCATAGCCGGAACAGTCCAGCTAAATCATTATGGACTTCGAGGTTCCTCCCTACAACTCCATGCCGCCCTGTAGCACACTCATAGCGCCTCAGGAAGAGCTGTGGCCACAGCGCCGGCCCTGCACGGTAATACGGCTGAAAGACAGGCTCCAGACTTGCGGAGGGTTGAGAGTTATGAACTCCGAATAGTCTGGATAGACGTACATGAATTTGCGCCCACTCAGAAATAAGTTCTATGTGCGTGGACGAGTATTCAAACGCTTATATAGCTGTATTTCTGGACAGTACCCGTCAGCATTCAACACTGATGGGACGACTGCCCTCCCTCCGGTCGACATCCGCACCCTGTCTACGGATGGTTCCTCCGGTGATATTGAGCGTATTCGTCCGTTCCAGGGATGCACTAACTATGCTTACGGAACTGTCGATAGCATGAGCCGTCCATCAAGGTCACCTCCTGTATTCCCTGAGTTCCTTCCATTACCACAAGCTGTATCAGGGGGATGTACGTGTTCAAACTTCTGTGAGGACATGGAGCACCGCGATATCTCAGATGGTCTCGACTGAAATAAGGGCTGGTGATGAGTATTACGGTTGTAAATTAGCTAAATACCCCTTTCATTTGGTCCCTCCTCAGAAAACCTACTCCCGATG,1427,52.0,Caenorhabditis elegans
SEQ_459783,GCGCTTAAATACGCAAGCGTCGGCGAAAGATGTCATACATGAAACTCCTCCGTGCCAGTCTGCCTCGTACCCAGGCCACTGGACGATGCAAATCGTTGGTGGATATTTCAGTTAGGTTAGGTCTAGAGGCATCCACTGCAATTATCGCGACCCGAGTCGAAAAACATGCAATCGCGTAAAGCGAAGACGGCGGAACACAGAAGGTGAGTACGAGCGGCGTCTCTAATGACGACGTATCGTCAACGGTTATCGGCAGCGCTAGTATTCATACTTAGGAATCTCGTACCGGGGCGTCTACTGACTGCAGGGCTCTGGCGTTACCCCAGTCTCAGAAGCGACGGCTAGTGCCTCGTGAACGTGGGAACATAGTTCGCGTATGCGCAAAGTCGCCATGAAGAGACTTTAAAATGTAGTCGACCGCGAAAAGGATATATCCGGCGGACTGTGAATCATCTGGTATTGTATAAACTTAAACCTGGATTTAAGTCGAAGCCTGATGGGTATCGTCCTAAAAGGTCTACTGAGACAATAGGTTTGCTATAGGCCCGCTCGCTCTTGGATCCG,564,50.53,Mus musculus
SEQ_479558,GCGTACAAAGAGGAATTACGTCGGATAAAAGGGCTTTCTGCCTAAACCGTACTGCGGCTGGATGCGAAGGCTGGGGAACCGGAATGCCCACAGCCGTCGCTCGGTTTTTCAACTAAAGTCGCACAGGTCATTGATCATCTTCGGTTTTATTTCATCGGTCGAGGATTGTGCGAGAATCTTTGTCGTATCTCCCGTGCTGGCGACTCATTACGGCCCCAAAGTCGGAGCCTGTCCCAGTCGATTTACCATACCGGGGAATGAGAGCTTGGGCGGCATGTGCGGTCAGTTTCAGCCTTAAATAAAGTGTAGGGATCGGCCAATCGCGCGGTAATATCCCACCTACTACTGTGTTGTTGCACCGAATACACGAGCGCTGCATCCGAGGATAGGCAACAGGATATCGTCAGCTCGAGGGTGTTTAAGCAAGTAAATTGGAAGGATCTCCTTATAAAAGCAAATAGTTCCATTATACGCTGTCCGTTGATAACTCATGTAGGGGCTCCCGTGCTCCCCGGTGACAACGGCGAATACCCGCTTGTTATATTTGGTGAGAACGTTGCGTGCTTCGCCGAGCGGCGGGATCGTATCTCGTTATCTTCTAGTCATGACTGGGCTACTCTCGACGAGACGGCGCAGCAATATACTGTAGAATTACCCAG,659,51.14,Arabidopsis thaliana
SEQ_223190,AGTTACGGTTAAGAGCTTAATGCTACTGCAGTGCACTAAGTACGTCCACATGAGGAGCTACGATCGCTTGTGGTGCCAGGCCTCGCGTCCGCTAATAGACACGTACCCTATCGTTAGCGATTTGCTGGAGCCAGAAGCTTGTGGCTTAATTATCCATTACATCTGTTCGCTGTCACTTAAATATCTCGTTAACGGTCCACGACGTCTACGTTGGATAGTTTATGTCGACGAGGCTTTCGACGGGATAAGAGTGGAGGACTCCCATACGGACAGGCCTGGGGTGTTAATTATAACGTGGGGGCTTCAGTTGGCGACTGCCGGAACGCAATGATCTTGTTTTTCAATTTCAGAATGTAGGGGTTCAGCCTTCCTGGCAATTAGTCAACCTACAGTCTAAGGAGGAGACGCTTACGAGCGACTCTCGAAGTATGCAACGCAGGCGTTCATCCGTGCAGAGGGGTCGCTAGAGTTTCCGTATATCATGCGGACTAGTCCGTTCTCGCTTGCAGTTAGTAGAGGTTGCCGCAAGTAAAAAGTTGATGCCTCTTGACCTTTGAGTTACAAGGTACGGCGAGGAAGGTCCTAGTTCATGATCAAGTCTTAGTATACATGCAACCCAAACGGACAGTGCTCACTTTTTGACATGTATTTCTGATAGTAGTAATGTTTCCAGTCAACACGTTGGAAAAAGAAGATACTCCCAACTATATGTGACCGTTACGCCCATTGTGATCTGGCGAAGCGCAGTCTCGTTCCGCCTACAGCGCCAACATTCGACTGCGTTGTGGGGGGGTGTTTCGGACGGGGAGCATACAATTCGGAGGTGGTAAGCGTACCATTCTTCAGGTGTTCTGCGCTCTTCTACAACCGGTCCGGTGTATAAAGTTTTCCTTATCTAATCGGATCCCGATGGCTTTCTTTGCTGCCGAGGCATCAGCGTTGCATAATTATTGGGGATTATTGGAGTGAAATTCAATGAGAATACTTCTCAGGTAGCATTCTACGGGTCGAGGTAGCGTGAATGCGGACCCAAGTGTTCAGGCTCTAATGGGAATCTTTGCTCCCTTTTTCCATCTTCGTACTGTGCCATACGCGAGTAAACCATTAAGCAACCCTTATGATTCAAAGACGCTTACCTCTTACCAGGAACATGTGACTTGAGGTCTACGCCCGCACCAATCGAGCAACGTTTGGTTTTCCGTCGTATGATTAGATTCTACGGTTGTACATGACGGTCGAACTAACTGGCATTTCCTCGGCCAGACCTTAGCATTGTCTGATGCCCGGAGATACATTTGCAAGCGCAGATTGGGTAGTTAATCTTCCGGGCAACCTTGGATAACACCCGTCTACAGGGCTGCAGTGCACACGGAGTCGACCGGCAGTGGTAGATAAGCACTGGCAATAAACCCGCTCAATGAACACCATCTTCGTTAACACCCGTTAGGCCAGTATTAGAAGGACTTGTAAACGGGGCGAACGCATGTCACATATCCCGGGTGCGTCGAAAGCTGACTTGCGACGGATTATAAGACTTCTATTCACGATAATTGGCCACCCTTGTGCACTCAAGGGCACGCAAAGGGAGACCGTCTTCCATTCCTGGAGCCGACCGATGCATCAACCATGCAATTTCGATTCACGTGGTCGCCTCCCCCCTCGGCCTCATCGGCGCAACAAGCTCCTATCATCCACC,1696,49.41,Mus musculus
SEQ_101656,AGAGCAAGCCATAACAACACCAGCATTCCGAGCCCGACAGGGAGCGCCGTCCGTCTACTGCTATGTGGCGTACCTAGAACCTCTGGTGAATCACGGTCTATACAGAAAGTGTGGACAGCAAAGGTATTGGCCATGTAGGCGAGACGAAATCCATACTTAAATGCTCCGAAATGTCCGGGTTATTCATTGGTGAAGCGGACCAGGACCGCCAGGGCGGGTATGCATTTCTCCACGACTATCAAGAGCTGGAGTGTCACAAATCCAAGGGGTAACTTTGACACAGCTACTGTCCTGATTCGCCCCCCTCAGAGTTTGGTCGGTCTCCCCTTTATACCTTTGCACCTCCTAGTGTACGAGCATTGTACGGTAAATCCGAGTATTCTTGGCCCAGTTAACATGGTAAGCGCGGAGTCAGAAAATATCGGTGGACCCACAACGTGCATTAACAAATGGCCGCAATAAAGCAATTCCCCTATTATTGGATACCTGACCTGGTCTATCTGGCCTTATTCGTCCTCGCCCGCGGGGCTGTAACTTGTACTTGGTCCGAGCCCAGCATCGATCACATTTCCCTACACGCCAGTTATCTTCTTTTTGTCTCGGCTCGGTTGGGGACAGGGGAGTGACGGATTACCCTGGTGAAATTGTTACCCTTTGACAATCTGGTCGTCATGATACGTGGTGCGGACGGCGAATTGAACGATCCATTGTTCACTTCATGGTCATAGCGTGGACGACACTGATTTCATGTGCGTAGCCAAGTGCCTTTGTGCCCCGTCGGACGAGTGAGCGACCTTGAAGCGGGTCTCGCTCAGAGCTGATGAGGATGTGTTCGTGGGCCTCTTATGAATCTTCCGATGCAAGGTAATTGAAATGGGTGAGTCCAGGCGCTCCTTGTCACCGTTGCGTTCGAGGATTGTAACTGATGGCCCGACGCACTTGGCTCACTTTTGTGCTACTGGA,963,51.61,Homo sapiens
SEQ_603200,GGGTGGGGGGTCGCTGACCTTATAGCGTTGAACGGTAGGGGTCTAAATAAGAATTGAGTTACTGCGCTACGAGCACGGTTGCTGGGAGGAGCAATAGGTCTTAGCTGATTCGCTCTGTTTGAAAGAGTCAATTCTCGACAAATCGGCCGTTCTAAACCGGTACCCATTACATAACAGCAAAAGCTAGAGTAGCTTCGCGTAACAGGGGACTGTGGCCGAATTGAGAAAACGAAATCAATAAGCGGGGGGCCCGGTTTATATCCCTTTAAAGATCCGCCAGTCTCTCGGGCCTGAGAGAAGTTGGCCCAACGCTCACATTGAGCGTCCTGTTTCGGGCACCAAATGTTTCTATCACGCTCGCGACGAGCTCAACCCTCGAGCGAACTACCGTATCGAGCTTATTGGAGACTCCGCTGCGGGAACCGAGACGTTGTTAAAAATATCTCAGATAAAAGAATGCCAGACGCGTGTGTCCGCTGAGGATCTCTGCGGAGTGTCCATCTGTAAAGACGAGGAGCATGCGACACATGATGCAGAACACTGTATGTATCGTCATGATGCCGTTAGTAACCTAGATGTACATGCCGGCAGGGGGTCCGTGAGATTGCTTGCGACTATGCGCCTCGCGCCTGGCGAACAATTCCCTTTGCAAGAGCCCGACATTGGTGCGCGGCTAGATATATTACTGTCAATGCAATTTTGAGAACCTATCAATTGTCAGCGAAGGATATCATGGGCAAATGAAGCACTGGTGTCGTCGGATGTCAACTCCTAGTAAAAAAAGGGATTCGGTTCAACGCACAGAGAGCGTCCCAGGCACCCCTGAGATTGATCCGGCCATGCTTTCCCATTGTCCCTCTTCACATGCGGTCGAAAAATCATCCCAGTAGCTTCCCATGGAGCGAAGTTTGCATAATTATACAACGTCTAGGAAAAAGGATAGTTAACCGAGCGCCCGTGGGGATCTTATACCTCCCTTGGTGGCATAGCGGAAGTGGCCCTTTGCAAAAAGAGCGGGAGACCCATGAGGAGCATGTCGCAGATGCGTCTAAA,1053,50.62,Drosophila melanogaster
SEQ_745198,ATGGTATTTCCTGACCCTGAGTATGGTGTGTTGACGTAAAGATTATGTGACTGCGGACGCCCGATCTCCAGATACCCTCTGCGGATTTACTCCGCTGCATTAAGCTCCCTCGAATATTATGCATCAATGATCTTAGGTGTATTAGCCTGCGAAGCATGTAGTCGGCTGGCCCGGAAGTGGCTATATATGGTAGTAACACGTATGTGTGTTTACCTGTAGACTTTGATGAGGTATAAAGTCTTCTTTTCACAGATAAAAAAGAGCAATTCAACTTATTTTTCAATGTGTCGCCTTTGCCCTCTTCTGCTCCTTTGCCATTGTCAGCCTGGGTGAATCCCACAAGGTCGAGGTTTTCACGCAATGTCTGCCCCAAGGGCCGGGCTTCAAAGGTCGGTCAGAGAGTACCAGAGCACGGGAAGAGAACTCTTGCTCGGACACAGCCATGTTTAGCGCACGAAGAGGGGAGCAGGTGCGGATCCTCGCGGTCCGATAGCTACCGCCCCTGACGTGTCTCCAGGGCGAAAACTTACAGAGCATCGATTTCGTTGAGTTTAGCCCCTCGTGCGCCAAACATTGCTTGTTGGCGAGCGCGGTTCGAAAAAGAGGTCCCGCGATCTGCGGGAAAGTACTGTTGACGGTTTTGTTTTATCTTCAGTAGAGTACCTTGGCGCCCTGACGATGTCTAGACTTCACTTGCCGTGGGGAATTACCGGAACTTAGTGAGGTTTCCGTTGATGTGCCTCCAGTAGGGACCGGCGGCGCTCATCTTTGCGCCTGGTCCGGCGCTCCGGATACCTCTAGGATCCGCGGGCAGATTACGCTACCACATGACCAACCAGCTCTACTAAACAGCTTGGCTGATAACGAAAATAAGAATGGCGTGGATGAAAGTGCCGCCCATCAGCC,906,51.43,Saccharomyces cerevisiae
SEQ_770683,GAGCCAACGCTGCGCTACCTGGTAAGGGGAGATATTGTTTTAAGCCGGCCTATCCATCACTGCCCCTGGGATGGCTTCCAGGTACGACACCCGAATGACTGACACAATAGGAGTCCATAGACCACTGGTCGGACAGCCATCTAGGTTCCGCCTATCGATCTAATCCTATGAGCAAAACGGAAGGTTTACAGCAACCGAGTTCCTCGTTCCAAAGATGGAGAGCGCGGACAAGTTGGTCTGCCTTATAAACAGTACGCGCAAAGACAGCTAAAGGCTTTGGGCCAAATCTTCAACCTACGTTTTTAGAATGAGACCTGCTGCCTACAACTGCCGGATATTCTTCTTTACCGTACCTTATTTCCGTTAGTCTCTTACTGCAGACTTTACGCCAATTTCCTATAATGTTTTACTGGTAAGCACGCAATAACGCGTATCCGAGGCGCGCACAGAACGGGAGAAGTACAGACCAAGTCTCCTCAATGTGCCCTCGTTATCAGCTGCTAAAGTAGCACGAAAGAATGAGGCTTCGCAGGTACTTGACCCTATTTCACATAATGTCTTAGCGAAAGCACTCTACCCTCAGGAC,586,48.63,Drosophila melanogaster
SEQ_899541,TGAAGAAAAGGCACCCATGTTGCGGGCCCGCGCCGTCGCGTCCATCGACTGAAGATCGAACAATCCGCATCGCGGATTTCAGTTTAAACTTGCGCAGCTCCGTTTGATGGCAGTGTCTATAGATGCGACGTTCTCTCCGCTATTACGTTGCGCCTGTCAAGCGGTTTATCCCTGTGGGTGCCTTAGTGGGATAGCTTGGCTATGGGCAAGCTCGGTCGGGAGTAAAGGGTTCACGTAGATGTGATAGTTATCTACCTGCGCGGTAAAAAACAACTCAGTGCTAAACACTGTCATGTTGTCCGCCGGGACACTTGCTGCACCGGAAGGACCTTGGCGTCTGTTGGAGTTACACTTTCGGGGGCTGGACCGTTGCTGGTATAGTTTCGCCCTTAGGTGATTCCTTCGTCCATTAATTGGCGCCGATATCCTTTCCATCTATAGTGCGGCTGCTCCGCGCTGCAGCACGAGTACGCCCCATAGTCGTCTGAGCACAAGATAGCGCCACTTTTAAGAAAAACAAATACAGAGGGACTGTGATCAACGTATAGTCGCGTTACTCCGTGGTTATCCAATACGCGTATTGAGCTTACCTGGCTCCGCCGAGTGCTGCGTACGAATATCTAAGACTCGAGCCTGCCAATGGACGCGAGCGTAAGCCGGTGAAGTGCGTTGTATTGCCCGTGTGGTAATCATCGAGTTACAACCCCAAATGACCCTTACACCATCAGGTAGTGCCCCAAAGGAGTCGTTCAACACA,757,52.31,Arabidopsis thaliana
SEQ_893401,ACTATGTGCGGTGGAGGAACTCGCGGGTTAGCACAGGTGACGTAGAGGAATAAGATGAAGACGCTCTCTCCGGGGGTCGGTAGCCACGTTGCTTAACAATAATACCAATCTCACAAGAAACGCACAAGTTATGGAACTCTCGTAATCCTAGCCCGATGGTAAATAATTCGGTATCCCAAGTTGTTATGCACCGAGACTTTTCCAATCCTCTTGACGTTGCCGCAGACAATTGTGGTGTAAATTTGTTATAAGGCATCTCATTGGATGAAAATGAAACAGACCGTTCTGTCGCAATAGTTACGCTTTCAGAAGCTTACATACGCTCAAGCAGTCGACTGTAATAAAAAAGTGATTGTAGCAGTCTTTGAAAGTTCGTGCTAACACTGAAATTGTGTTCGTTCGCATGGCGAGGCCTGGCTGTCGTCACTGTGACAAATAAAAGAAATTGGTCCATATGTGCTGCTACAAACTTCGTCGTATCCAATATCCGCGTTTGGCGACTCTCAGGTGGACCAGCTACTCCATTCCCAGGTCTCGTACTCATCGTGTACATGCGTAGGGTAAGCCACTGTGCCCTGGGGTCCGGTCCGTTGGGCCCAGCGCCAAAACTGTCCCGTTGGCACTGTGTCCGAGACTCATAAGTCGAAAGTCAGTTTACTAGCGGTGATCTACATTTCGGAGATGGGTCCATCCCGGAAAGTCAGTCAGGTCCGGTTTTTAGGCCCGAAACTCTTTAGCATCGAAAGTCGTACCAGGTGATGAATTAAACGCATATTTTAGACGGGGATGTAGAATAGCGGCCTGTGTGTCAGACCGACAGACGAACGGAAACGAATCGGGATATCTTCAAATCCCACTACGATAAAGATGAACTTGCAGCAGTAATCAGCATTTGGCGCGTGTTGAGCGGGACCGAACACCCCGGAGCGACGGAAACTAACGACCAGA,948,48.21,Drosophila melanogaster
SEQ_902546,CACCATGAGCCTGCTCCGTTGTAGTGCCTCCGTCTGCGTGGTCCTGATACCCTTAACGGAAATTCACAGCCTGCTTAACTTACACTGTGGGAGTACGATATCAAATTAGGTATCAATAAAGATCCCCACTTAGGCTCGGCAAAGAATCTGGCAGCGATCAACAAAAATATCAATACGCTAGTGATGTGCATGTCTACATCCCCCATGAAATTGGCGGGTTGCTGAGGCAAAGCGTTGAGCGATACAAACGATAACTGTAGTGTCTATCGAACCTCACGATAATTCTCAAAGTGACAG,297,46.13,Homo sapiens
SEQ_378278,GTGACGTTTAGCTAGCACGGGCATAGAAAATGAAAACCGGAAGTGTTCCTAGGTCTGACTGCCGGACTACATCCTAGTGCCAGGCCGCCAACGCATTGCAGCATCTGAGAGGCCCTAGCCGTGCCAGGGCACAGCGTCTAACCGTGATGCGACAGCTCGCACGCACCGGCTCAACAAGGGCTCCTTTATTGGTTGTAAAATATGCATTCTTACAGTTCCCCGAGTCTAGTGGGCGCATAGTCGCCATATAAGACAGCCAGAGCTCTACAGGATGTCGAAAAATTCAGGTTGAACGGAACACACGCATCCTAGCCTCTGCTCAGGAACCGCCGAGTTGCTCAAGGTCCGCGCTTGCACTTTAATGTCGGTCTCGACCCACATGGTTTCTGATTGACGCGGACCCACCATGAGTAGAAACTACGGAGTGACCAAGACACCTTCCAAAGATTTCCTGCCAGCTGCTACTTAGCGACGCACACTAGTACACCCCCCCTAATACGAAAATGCTAAGTCACCAAGCTGAAAATGTACGTCACATTTGGATACCCCTTGTGGGAGCTATTAGCGAAGCGTAACATATTCCACGAATATCTCATGCGGCGGGCACACCGTCGTCTACAGGACTGCAATGAAATGAACCATACAGCCCTTACATCGCCAACTCCTTGAGTGCGGAAACGCAGACGGTCATGTGCAAAGCAATCGTGTCTTGATGGTTCTGAAACCAAATCGTGTTGATTTATAGCGGTCAAGTGGGTCACAACCCATCGATTGACGGGGT,781,51.34,Escherichia coli
SEQ_935348,GGGCTATCGTTGGATAGACTTCGCGGCTTTGTGAAGCTCACTTCAGAGGTAAATTACTGCTTAGCCATGCATTCGGACGGGTCATCTTAAGTATAATGGATTTCTAAAGGTTTCCACCACACGCTAGTCGAAGTACAGCTATGAGTTGTGTAACTTTTATACATAGGAAGATTTCCGACTAACAGCCAGCCCGGCAATGTCGGCGAGCTCAGTACGCCCAGAGAAGCCGATACCCGATGAACATAGGATGTTCTCCGAAGTGAGGGCTTACACTTACGACGTTCCTTGAGTTCGTGCCGGTCCCCGACGGCCGGAGAGACCTGCAAACACACCGTCAACGCTCGGTGAGCCTCCATACAGTTATCTCGACAGAACTTTTGCCAAAGCCTGAAACCGGAGCAGTGCAGTCACAAAGCGGAGGTGGATGTCGTCGGAACGGAGAGTGGCACTCTCATGATCTCCGGGCCAATAACGAAGTGCTTGCGTCTCCTCTACGGCCGCTTGTTTCAGATTTAGGATGAGACCGTAGGGAGGCTCCGCCACCCTACAACTATTGTCGGTAACAGCGGATCGAAGGTCCCCTGCTTCCCGACCTCTATGTGCCTTGTAGCCACATCCTGCAACTTAAGCAAGTGTTGTTATTGTACACAAAACGACTAATGCTATGCTATACGGCCTGGACTGTGCAGGTCAAGGTAGCCCAACCGCTGCGCAGGAAGGCCATCGCAGTTCAGACAAGAGACAAACCTCAATTCAGCGGATTTCAGTCCGCAGCTTAATCACTTTGCAGCGAGCGGTGGACATACCCAAACGGCGACGATACCCCGAAAGGCGCTACTGCAAACGTTACTTTAGCGTTGGGGGCACTAATTAAGCAGTTCCCTTGTGCTCCACATAGGAACCAGTGGCTATTTGGTCAGACCAAGTCTCTCACGGGCAAAAAGCTCAGATGTTTCGGACCAAAGCGTAGACGTTCGAACGCTTGCGTTCGCACGCGTTCCCCAGGTTACTAAGGGACGTCTTCAGGTACGTAGTAGCGCCTGTTTCCTCCGCGTCAGATCGGGATAGATCATTCATACCATTGTACCAGGTGCTGAGCTATCATAAGAGGTAAGAACGCATTCCGATTACTTTGGGTGCCGATACAAAGGGCTCTAAAACCAAAAAGCAACGCTCCTAATAGGACATGTCCGCGCCCTGCTTATAGGGCACGATCCCTTGGTATTCTTAGCAATGCTCCCTTGTTCATGCGTAATTGTCGGCCCGTTGCCTCGTGAGTTCGTCGCAGTGTAGAGTGAGCATCAGTTATAAAATACCCGGTACTAGCACATTGTTCAGAATCCCTCCCAAAGAGAGAGTTTACGGAGTGAGACTGGCTACCACCCGCATATCGACGATCTTTAGGAGCTACTAATTTCCGCAATGAATTACCGAACCCGAGCTTAGACCATTACTTGGTTTTGCTATGAGCTTTCCGGAGGAGCAGCGGCGGATGCATCGATATGAGGGGGAGACAGATAGGATTTGTTACGTTCTTAGTCCCCCATTTCCTATCTCGACGGACTGTCACAGAGTCTATTCAGAGTAGCTGAGCCTAACC,1600,50.75,Mus musculus
SEQ_121203,GATCCAAGTCACTAAACCGCGAATAATAGTGGTCGGAGCTCTGGGAGTCACTGGCCACACTTGATCGCGATACGCCGACCGGCACCGTCTTGCTGGTGTCGCAATAGTCGCGGACACAGGAAGCCGGAATGTTTCGCCAAACTTACCTGCGGCCATACCTCCACACTCAGGTGCTAGCACGTGTCGTTATAGCAGCGTCGGAGTTTGGTGCATTTGACAGCCACAGTTGGTAGGCCCTTCACACTACGTTTGAACCCTCGTCTTTGTAAATACTTAGGAACACACGCATTAGTCGCCGCTCAAGTCAGGAATTCTCATTAGTCACGGACTCATACCGTAAGTTGTAATCGACAAAATCCAGCTTCATGGCGAGGTGACACGTCTTTTGTATTTTAATATAACCTCTTACGGGCAAGTGTAAACGTAGATATTGGATAAAATTCTGGAAGGCTAGGATCTTCCAGTGAAGTGTCGCATACAGTCCCAACGCCGCGAACGGGACTAGGGTATGGGACGCAGGCCGTGGGTCAACAAGGGGGACGGACTGTCTTATGTGCTGTTGCCCGGTGTCCTGTAGCACTATCCAGTCTGCTCGCAGGGGAGGGTGCTCAGTGTTTAACTACCGTGGCCCCCGCCGATCCTAGGTCGATAATTTCTCATAAATCTCCTTTGTGCATCGAGCCCTTGTCAGCCGGGACTGTGATGACGGTGGACCTTACCCCAGCATGGTCAGTGAATCCCACGCCTCGGGTGTTGAGCCTGCAGACGGCCTTAAATTCATCGGCTTTTACAAGTAGTGAGAACGAAGGCACGGGTCCAACAGCCGGGGTAGTTTATATGTTCGGAAGAGGCTCCCTCATGGACCCGGTAATAGCCGGTTAAGGTCGTACGATTTTGATAACCGCAAGCGCACTTCCGGGCGGAGATTTGGCGATGTGCGAAGTAAGTATGAATGGGTGTGACGCTCGCCACCACTCTGTTGGCTTAGTGACCGATGTACGTCATTGTCCATGCACTTACTCTCCTTATATGATGAGACTGTCAGCCGAACTCAACATAACAACACTCGAAAATGTTTACAATGCTTCCTGGGACTGCGTTCTTAATAAACAGCAGGACCGTGAGCGGCTATACAGACACTCTGCCCTACACATACTGGAGTCTAACGCCCAGAGATTGCGGCCGTGAATTTCGGATGCATATTGTGTGTCCTAGGACGCAGTCACCGGGTTAATAACATCCAACCACTACCATGGTGCCATCTAGTATTCCTGGTGATCCATCCATTTGGGCGAGCCCCCCATGCAGTCGTAGACAAGGAGGCAGCGCTTTGCTTAAAACGCTCTACACATCAAATTCCAACGTGCTCGCAGAATAAAAGCGCAAACTTAAAAGACGGAAGTCATCATGATGACGCAGGTTTCGCGATAATC,1433,50.94,Mus musculus
SEQ_789742,AGGAGTCTTACCAGTGTGATGTTTACTGCTCAGCAATGCCCGTCACATGGGGTACCGTTGACTGTCACCATAAGGATCCAAGGAGGCCCGATACGACGATTCCTATTGTTCCTTTTATAACTTCTAAGGGAAGAAATGGGTGTTGTTAGTATTTCGAGCATCTGTATGCATCAAAACAATGCGTTGCCTCTGTGAAATTATTTCATCAAGACGACGCGAACACGATAATGTCGTACCTTTCTAATATGGGGGTTGATTCTTATCCTGATGCCAACGTGCGTTATTGCGCCATCTTGAGTACAGATTGTTGAACCCATCCTATGGGCAGTGTTACATCGACGCGAGAAGCTTACCAAAAGTCACACGATGGTAGGCGACGTGGACCTTCTGAAACGAATGTCCGCGACTAATTACGGTACAAGACTTACAGCTCGGATCTAGGTTGGGCTTACGCCTCCAAGATGCTGAAAAG,472,45.97,Drosophila melanogaster
SEQ_350278,ACTTAGCGGACCTTGATCTTAATGACTTGACGTCTGCGAGGCCTAAGCTGCGGGCCTTCTTAGGTCCTAATCCAGGCCAATCCCCACCGTAGGGCATCGGTGTCGTTGAGAGAGTTAGCCCATATTTCCTGACAAGATATCACTTGAAGACGTATATAAATGCTAGTCCTGCCGGAAGGTAAGCTTCATTGACCATTCAGATCGAGGGCGCTACCATCATGTCCCAATGAGACCAGGGCGATATCGACAGACAGAGAGAATGCTCGAACACGGGTATGTCATCTGCCCTCAATGCCTTTTGCCTTACAAATTGTAGATATATTAATCTCAACTGTGCATGTTCTCGCAATGCAATCAGAGATGCGTCAGCAGCGAGAACCCTCGACCCTGGGTTAAATGACACCGGTTTATATAGACACCTAGTGTTTCCGATCCCGAAGTTCAAGAACTTGCCGCTTGAAAGTTTGCTTTGACCCTTGCTCAAGGTTGACTCATTGGGCGCATGGCTTTCCGCAAGGACAGGCCTTCTTTTCTCCGTGGGCTGGCGAAACAGCAAAATATTAACGTCCTTAAGAGCAGACAGACGGCTAGATGTATTAGCGGCTCATAATAGTCTTCGTCCTATTACGACCCGAGGAAAACCGTGGCAGTGAGGTCATAGGTATCCGCGGCCAGAGATAGGCGGTCAAACAAGTAACAGGATCGCTTCGGTAATACCGGGGGTGCATTGGGAGGCATTGAGTGGAAATGAAATAGCCTCCGCCCCTCAAGAACGTTCAACCACGAGATGTCCGATCATATTGGCTGACCTCGCGCTTAGTTAACCCAAGTTGGATCGTTTCCTCGCTGCATGATAACTTGTTGGGATCCAGGTAATCGCTTAAGTGTTTAATAGTTAGTATCCCTAGCCGAGGGCCTTGCTTGTCAACCGCCCGGCACGCAAGCCTGAGACTCGTGTGGTGTCGATTACGCATTCGGCCTTTAAGATTTAACGCTAAAGCCAAGACAAGGGCTGGGATCTCTGGGAGATGTTCCCTGGTCGTTAGGGTGCCACTACGCGGAGTGTTCGGTGCGGAATAGGTTTACACCTGGCTAGCTGGCACCTCCCGCAATCATACTGACCTTGCTCTAGCGAATCTATTTGGAGCATCAGGTTCATTGTGTCACCAGGTTAAGGGTTACCAAAGAATCGTCACTCTTGCATACCAGTTAACCCTCCCTCCTCTAGAATATTAGACCTTCATCCAGATGCGTATTGAATTTCTTGTGTAGAACAAATCGCCAAGAAACCTAATAAGCTCGGTGCTATGCACAATGGTTTAATAGTATACGAAGGAGGCCTAAGACGTCCTGTTATTTGGATTCTAGCAAAGTGATGCCCCTACCATGTAGATACTTATTCACGAGGCTTTCAGGACTTAGGCTTAAGATCACATTGAAATGGTAGAGGCCCTATTCCCAACGGCGGTAAAAGTGGTGAGTCGTATTAGAAGCCGTCGTGTTTCCCGCGGTATTCTTATCCCGGGAAATGCGCCGGATTAGAATCTAAAGAAGAATTATAGTCTCACGC,1570,48.34,Saccharomyces cerevisiae
SEQ_261612,CCTGAGGAAGTAGCGCCATCTGGCGTAGCTAGGGATGTATATAGTCCTGGGGATG,55,54.55,Mus musculus
SEQ_795274,TTCGTACGCAGACGGTAAACGCAAACGGGAGCACTGGAGCGCAGCTTATACCGTAACTACTCAAACAAAATTATACTCAGCGACAAATGACCTCAATTCTCTCCCCTTTATCCGAACCAGTTTAGATGCGAATCACTGTTACCAGCAGGGCGGGAGCGGACGTACTATCGATTGCGCCAATCTGGGCTTCGCCTGGCTAATTCGGATCTATAAACCCTAACTCAGCGGAACCGTTATGACGGAGGCACAGACCCATT,257,49.81,Drosophila melanogaster
SEQ_842377,TATCGAAATCTCGTATTTCACGTCATTGACCGTGACGACACAAGCCTCAGCAGCCTGGAGCCACACTAATCGTTCCGTTCCCCCGTAGGGCTACGTGCCGCATTCAATCTAACAAACAGAATATGATATGCACGGTCATCGAGTGAAATAAGGGACTTGGAGGCCAGTTGGTAAATCTTTCCGTACTTGTGGCTCCACTCTCTATCAGATTCGATCCATGCAAGGAGGGTCGCATGGGAGGGATGTAGCAAAGTCGCGTGCAAACAGTGACGACGCTGGGTTTAAAGTGATTGAGGTTAACCCTGCGTTGCACCCCACCCCTGTCGCCTAATAAGGCCTGGCGCGCACTCGCATACGAAACTGCCCCGACTCGATCCTCCTCGAGGTGTTCGTGACTGTTCCTACCTATCTTTTTCGCCGGTGCGTTAGCAACAATATGTCCCACCTACCTGGTACTTACTTTATTAATATCAATGCGTGCTCTTAGTTATTTCTAGGCTTTTCTACTACACTGGAGGCGCCGGCCCACCCTGGGCGAAGTTCCTTTGGAGCATTACAGCAGATCTCACGCCGCCCTCTGCCCACAACATCAGCCACTAGCCTTGTCCCGTACCCGGACTGAGTCTCGGAAACTTGTCGATAGGAAGGTCGTATATGGGCGCGCGGGGGAAGAGCCCATCATAGCCTTCTCTGTACGACGTCGTAACTCTGGACAGAACATATGGGCACACTGGCATAAGAGTTGGAGCTGTTGCTGCGGCAAGAGATCGCTCTGCCTACACAGTGAAATGGAGCCGAATCGATGTCGACTATTCGGTGCTGCACTTACGTGGTCCCAGGATGACCGTACGGCGCGGGCTTGCCCTGTGCCCTCGTTTAGTACCCCACACGACCCATAATCACATATTGTAATTGAATTACAGGGGGAACTACGCGTAGCAACAGCTCCCCTTTGATGGCCTCTGTTATCATCGCCCATTCTATAATGATAGTGAAATGCCCCAGTGATCGTGGCCCCTATGGTAACGCTTACGTCGATTATGCCAGACGTATATCATGCGTGGAGGGCGGCAGCGGGAGTATAATCCCCATCTGCTCTACCTATATCACAGGGGGCGCCTCGGCGTGCCGGGTCTACATCACTGCGGATGTGCGTCATCGTAAGATCATCAAAAAATTCTACATCGGGTGACGCGCCCACAAATCGGACACGCTTCCTAATTGATTTGTCGCACGGCCACCCCTTAGTACCATTCTGCGGCGGCCTCATAGAGATATCTCTCTCAGCATATATACTAGAATTCAAAGAATTCACGTCTTTCACGCGCCATGGTTATGCCCTATCTCGAACTGTA,1355,51.88,Drosophila melanogaster
SEQ_470584,TAGTGTATCGTCATCACGCACCGTACGTAGGGTCTAAACAAAAAACCTTTATTTGATCCTCGCGCTTTATCGTGAAACACTACCTTGAAGCCACTTAGTTGTAACTGATGGGCGGTTTACCACTGACGTTGGTCCCGGACCTGTGTATTTTAGCAAGTGGGACCGCGGAGGCATGCTAAAGACCACCGGTTCTTGACTTAGATCTGCGTAAGACGATACGTGATCTTGGAGGGAATTGGGTTTCTCTGCATACCAAGGGTCTCCCACGCTATACAGCCGGAACTCGGGATCCGCGCCTGAGAGGTGATCGGAGTACGCCGATATCCACAGACACACAAGCTGCTCCCCACCAGATACAGAAGTGTAAAGAAGCTCGCCACTTGCTCGGTGTGCTGCAAGTTTTTACTGAGAGCTGCCCTATCCGGAGTGGAACAACAGACTTAAAAGATACAGACCTCGGCATAGGATAGTTTAACATCAATATAACTCTTTTAAGTGTTGTAGGCGCATCCCTGTCCCCCTGCCGAACATATCCAGGTTCCATCGGTCCTGACGCTTGCAGGGCCGGTAGATTGCGGTTCTGTCCTACTTTCGCAAGGATTTACCTGGACAAATACGCTGCGTCAACGATGTTGTATAGCTCGGCACCCAGCGTCTGGCCGCTAACCTTTTAACTAGTGCCTTTGCTTAGACATAAACCCTAAGTCCGCCGCAAAAGGCTTTAAATACGGGGCTCAACCTAACGTCACCGACTTGTAGACGATATTGCTAACATGCGGACTGGCTCGAATCGTACTACAACAATGTAGAATCACTTCGGGGTAACGTCTGCTTTACGGAACGGGGGTATGACTTACCTAGGTCACCAGAACATGGCTGTTGGCACGTGTGGTCCTTTCAAGTAACTCCCCGGTAGCATAAGGCTTTACTACGCTCTGGGAGTTCCTTCCCCCCCTAGAGCCGTTGCGTGAGACCCCTGACCTGTCATGGTAAATTCGTGTATTTTTGTTCAAGGGAGAGTGCGTTGTTGGCGCAGCGTTGGACCAAATATTGCTCAAAGAACTGTTGTACCGGACATCACGTCAATCTATGACATTCGCAACGGCGTGTTAATGAGTGCGCCCGTCTAGGTCTAAATGCATCCTAGAGAAGGGAATTATTACCTCAGAACATTGTAAGGTGAAGGCCCCAGATGTCAACACGAGCGATCTTTTAGCAGTATTGCTCACTTCAGCTCACCCATGGGGGAGAGAGGCGTGGTTATCATATGCACCCGGTGGTGGCCTCCAAACATCTATT,1299,49.73,Homo sapiens
SEQ_512346,AGCGGAAGGGAGATCGCGAGGCTAGGTACATGATTCTCAAAGGTTGCCCACAATCGAAGTTTAGTACGGGATCGAATCCTTGACTACTCGCCACCTACGATGCACGTAGCCATGTTCTAATCACGTACGTTTAGCAAATTAGGTGTCTGATTGGTTGTCAATGCATGAAACCCCGTCACAGTCAAGGGATCCTTGAGCTGTTTCCCTGGCTCCAAAAGGTCATGACCGCTAAGATTATAAACCCGTCTTCACGGCGAGTGTATTCTTAGGGTGACATGTATCAGTTGCTGTACCGTAACTGCCATTAATAATTCAAAAGGGGGAAAAAACCTTTGTTCACCGTCGTGCCATCTCGGGAACTCGGGGGTGATAAACATGGTGCGGAGGTCGAGTCGCTAGCTTAATGGGGTTATATATAACGGTTACATTATACGAACTGCGCCTCGGCCACTTAGAACTATCTTAATCCGCCACCCAAAGGCCTGATGCTGCAAACTCACCAAGAATTAAGTTAACTCTACTCCGTGTGATATAAAGTACCGCATATGGTAGATCGAACCCTAAAGAGGATCAACATTGACGTGAGCTAGGCCTTCTCCCAACTGCTGATCCACTAGTGTCGCCGCACAAAACAGTATAATAAACGAAAGATTACACTGTGTGTACACTTTTCGCATTCTTTTTTATAAGAAGCCGTGGCAGTGGATCTAACCTGGATAGCGGTTAACCAATTTCGCCCAACGTAAGAATATATACGAATTAAGGCGCAGGCCACCTTGAAGGCCTACGGCATACCGGCGCAGAAGCCAGAATCTTGTCGTAGCCACTGAGAAATCTAAATATCAGAGCGTGTAGGCCGGCACAGCTAGCCAGGTGAGGCTTCAGGATAATTGACGCTTCCAGACTGCGTAGAACTTATATTATCTCCCGTCATGCAAGGCTTTAAAGCTAAGCGTATAGCCCGGAGAAGTGTAAGCTAAGATGAGGCTGAATTTGAAAAGGAACACGCTTATGCACCAGAGCATATCGTTTGGAGGCGTCTGCTTATTAGTTTCTAGCCTTCGGGTGGACTGAAGTTGCTGAGTGAGTATAGCATAGTAATGTCGTAC,1109,46.44,Mus musculus
SEQ_731664,TTCGGAGATGTCCGGAAATGACGTCGGTCCCGAGTTTTAATGTATGTGGGTTTCCTGCGGATACACGAAAAGAATGAGCCGCGGTATGTTGGGGCGGCGTGCTCCGCTAGTGCAAAGGAAACGAGCATGCGTTCCTTGCCGGCTTCGGCACTGCAGAGACCGAGACCTGGTATTCTCGTGCGCTCACACATAAAAT,196,54.08,Saccharomyces cerevisiae
SEQ_237871,CAGTAACCTAAGCGATAGGCGCGATAACCTGCACATCTCAAAATATTGAGAAGTCGCCCTACGCTTTCCTCCGAGCGACCTAAAATTCTCCAAGGGGCGGTTCCAGGTTGGTCCTCGCATAAGTGTTGAACCACTGGTAGTTAATCTACGCGCCAGGGCACCGATCCTGGTTAGACATAGACACATGTACCTGTGAGCGCCAGAACCTCGCATGGTACAGTACGATAACAGAGACTGCTGTAGACCCGTGCAGTCTTCTTGTCATTTGCAACAGACGTTTCATAGAGGCAAAGTGTAATTCAACTAATTGCACGTAACACCGTGTCCACCCATCAAGACCTGTTTCATGCATTTAACGCGGAGCGGTTCTATGAGATGGATCGGCGGCACCTGAGGATATAAGATGGAGAATCCTCCAAACACACTCCGCATTGGTACCCTAAGAGCACAGCTTGTTGATGATGTGTGGTTGGTCGCTCCACCTGTGATGATTTTAAACGACTCCTCAAGAGGCGGATTTCTGGGTGCGCCCAGGGATAACTAGACTACCCGGGCATGTTGCCAAATCGCTCTATCTGTATGGGGCGGACTA,592,50.0,Saccharomyces cerevisiae
SEQ_880705,ATTGTTAGACGGGTTTGACGCACGGCCCGCTTTAGTCTGGACCACTAGGCAAAGTCGGGAGGTGGACGATTACGCCTTACCTCCAACAGGGGCACGACTTCTACTAAGCTAGCGGACCCCGCCTAAATCGATGTTTCGTGCTGCGGGCTGTCCTGTAAGCATATACGGCGGTTTCTATCAACACCACTGCCATCTGCAGCCTTTGCAGCTCCAAACAACTTAACATTGTACGGCAGCGTCATGTCGAACGGCCCCCTAGGCGGGTTAAGCTGTATACAAGTCGATTAGTGTCGTAGTCCTGCAGAGCCGCACTTTGAATACCTCAGTACAAGACGACGTGCACGTACAACATGGCAGTACTCGCAGATGAGCTATTATACGGGGAGCCGCCCCTAGGCGTTGGGCTATTCGCGACATTTTGTTTCTGAAAGTAGGGGCCAACAAACGATTCAAAGAGGCCAACGGTCGACATCTCCTGGGGCGCAGGGTGTGTCGCCCGTTCCTCTCCCCGTCATCATTGCGTTTCGGTTGAAATTAAGCCTTAGTTTCTCGTGACCGAGCTATACAAGAAGAGCTCTGCAATGGCATCTGACCATACACACTGATGATGTCGGTATGGCGGAGTGTCTACGGGGACTCCCTAGCTTAGTCACTTTACTATTGCGCGTACCGTCGATGCCCGCAAAACAACCCCGTTCTAGACTGCTTCCTTGAGGACGTCGTGCTCATATTCTGATGCTATGTAAGAAACGGATCCGGCCTTTGGACGGCGGTGAGACTGACTTTGACGATACGCGGACGACTTAGGGCGTAAATGATCGTGCGCCCTCAATTGCGTTCATTTTGTTTGTCGAAAGCCATGATGAGACGGGGGTCCTAGACATATACCTCCTCGACGACTGTCAAACAATATAACATTAAGGGAAGAAAGACCCCTTTCGCCTCACTAAGTTCATCTGGGGACTAAGATAGCCTTCAACATCTATATACTCTTGGTTGCCATGTTGTGCAGACATATCATTACCTCGTAACACCATGATGGATATCTACTATCCGCGACTCGTACCGGACTGGCAATAGCCATGGTCACTTGTGGAAACATAGTTTTGGCAACTGTCAAACAAAAGTCAGCTGGTGACATTCTGTAAGTTCCTCTCCGTACGCATCGGGAGTGAACTCCCTTCCGGGGTCAAGCAGTACTCCGATACCACTTCAGAGATTGCCAAGTTAAAGTAGCCGGATGACGGACATGGTGGCTCGCCCATCCGACAAATAGTTGCCGTGGAGTGATGAGTTACGAATCAACAACTCATGACAGTAGCGCCGTCCATCATGTCACAGTACTTGCGTTGAACACGGCTGGCACACCGCTACATCCATTTGTGGTGCTCGTTTGGCGCTATTCGGCTTGAGCATGTCTTTCCCTCCTTTACTGCTGTGAATGCAAATGTTTCTCAACTGCTCTCGATCTCCGAACGCGATTTCTATTTACGTAGGAATCGGTCAGCGACTTCAATAGGTTAGACACTTACGGTCCAAATCCCACGGTCTTGAGAAAACTGTTTACCGACACTAAGGGAGCTAAATATCGAGTGGTCCCTCCGGATAATGCCTGTCTTTCAC,1623,50.22,Homo sapiens
SEQ_151094,CTGTTACTATCCGAGAGCGGCTTAGTTTCGACGCTCTGGTATGTACTCATTCAACGGTGTAAGCTTAGCTTGATTGACGGGTCTTCTACATATGTTAAACTTACCGACAGACGCAAACAAGGCGAATATTTCCGCTGCCCATTGTGTTGGGCTAGATACATGACCTTTTGGTGTCGTCAGCAAATTCCTATGACGGTAGCCCACGTCTATTTGAAGCCAGTAGTCGAGTCACAACTTGCTATTTTACGGTGTTCCGAAAATAACCAGTCGTTTGCGTGCACGGTCATGGCACTACCCGAATCTTTTGCCAACCCTTACAGATCTGTGAAGTACAGCCACCATGGACTCATTGATTAGCAGCCTACGCGGCACTAGGCTCAGTGCAGCCCCCCAATGTATAAAAGGGGGCTTGTACTACGCTTATTAAGTACCCACGCTTTAAAATGGTCAACATCTCAGCTCCTCCGCACCGGTGCGTGGCGCACGTTGTCCCAGTCTCTAGCCCTATATGTACATCCACCTTGGGGACTGTCGCAGCCCCCGTCGCTGTAACAGATGCATGCTCGCGACTTCCTCACTATAAGTACCTACTTCAAATAGACCAGTGAGGGTACCATGACAACTAGCGCTTAGGTGCAGTGTCCTACAAAACACGGAGAGCCCATATGTAAGTATCGTTGTTCTCTCACCCATCTTGAATGTCCCCGCTAAATAGTAGCGGAATCGCTAGCTTACCTCCGCCGCGTCGACACCTCAGTGGGTCTCAAATCGTAACAGCCGGGACAAAAGTGCTGTTGATTTGAGGCTCCAGTTTTTCATTGCTATGAGCTATTCCCGGATGACGGACGGGCACTCGCAACGATGGACACTAAAATTTTGCTGAAGAACCGATGCGAAGCTAGGCGGCCTTCTCCCTTGTTCAAGACAAGCGCTATACATAACTTTTGCGTTCTAGGGGCGCATGCAGAGATGTTCAGCGGTCCGCTTGGGCATCGCGATACGTTTACGTGAGTTGCTACGCCCTAGACTGTACGTGCCATAGACATATATAAACCCACGCTACCCTTCACCTCGGACATGTTGGCGCGAGCACACTACCGCATATGGTCACGCACACGGTACGGTAAGAAGAGTGGGCAAAGAACTAGACGCCCGG,1156,50.43,Saccharomyces cerevisiae
SEQ_453097,AGTCGAGGTGCTGAGATGGATCAGACCTATTTGAGAGGACCTACGCGTTCTATCTAATGGAACTTTACGGATGTAGTGGCGTGTGCGCCCCCCGTGTAATTTAAAAAAGCCAATAAGAACGTTATGTGTGCACGGCAGGCCGTGCACTGCAGTCTGTCGGAATTATAGGTTAACCAGGGAGTGCCGGAGTTCATGACCGGTAGGCAATGACGTCACCCGCTATAAATACTACTCTTCCGAATGGGGGTAGCGCCAAATCAGAGAACCCACTCACTGGGTCGGCAATGGGCATTATAATATAAAGCGCTGACGTTCATGTGGACCGTATGGGGCGTGTAGGAGAAGAGTCTAAATAGGTTATATAAGAGGCAGTTGCGTGCTAAGGGTACCATTGTCTACTACCAAGTCCCCCGGGACCATATCAAAGGGATTCTAGGCCACCACGCAAAATGACCAGCCATAAAGGATGCAGGCGCACAAATAAGGGGTAGTCGCCGCGAACATAGCATCTGAAACCCATCCGATGCACCCACTCGAACCACTATAGCTTCTCTCGACGAATAGGATCCCAATTCTCTTTTGTCGCGAACAGAGGACTTGGTCACCTCCCCCCCGGACCTGGTAGCTTCAGATCTCTACTCGACCTCGTCATCCGAAGGGGAATACTCGCCTCGAACGCCAGGAAGTAAAGCATAAAAGTCTTTTAATGATATCCTCTAACCCTTAATATGACAGGCGAACCTAATAGTGAAAAGCCACCGAAGTACTCTCTCGTTCAGTATTTTACGGTGCGTATTTACATATCGGTTACTTGGGGGTTCGAGTTGATGTGATTATTCGTGATCACTCCGAAACCTCTGTCGTTACCTCCGTTCCACTAAAAGCGGATCACCCGCTAATGCTGAAGGTTAAAGGGACGGTCGCTCTGGTTCAGTGGTATTGCTGTTACTATGGGTAAGTGAAGTGTCAACCACTGATACATATGCGATTCATCCGAATGCTCGAAGTACCATAGCTTACGCGCCAGGCTTTAGATGGCCTTGTTTATCCAGTGCATGGACCTGCTCAAGGTAACCAGAGTTCTGCCGCATTAACGGGTAATGCCGTAGACGTGCCAAACAGTTCCGAACAGTCCTTGGATCGAGTTGCACCATGCGCTCCGGGATGGGACGGGCCTAAAAAACCCCTTAAACCACATCGATGGGCGTGGGGTGGAGCAGGTATCAACTAGTTGCGCGCTATGTTCGGTGTACTATCCGGCTGCGATCTGTACGAATGCGGGCCCTATGCTCACGAGTAGGCCACTGGCTCCGATTTCCCTCATGTTAGAGATATGTCCAGTGATTGTATTCAACAGCTTTGTTTTTTCTGTCGCACTCCAAACGCCAGACAAAAGCGGTCACTGGTTACAGTCAGAGCGCAGGTTCCGATAATCACGAGGTCCGCAATATCTGGCCCTAATGGAGATCGGTCGTACCCTTGGATGTCGATAAACAAGATGGCGAAAGAGACAAATAGTGGATGTGCG,1528,49.67,Homo sapiens
SEQ_552633,TTGACTGATGTGACGCCCGGGCTTTCGGCCGGGGTGATTATCTTATGGATACTGTACGCACGGACAGATTTTCACGGTTAGTTACCCATCAGTTTCCGGTTTCTGGGACCCTACCCTAACATATCAATAGAATCGCTATGCCCCCGCAGGCGAGGTATGGGTTTGATTACGACGTTACCCAGTTACGACCGGTCGGATTCATTGACCGTCGCGTCTTGCCAAACCTGCGCTACGCAGTGCATTGCTGCACAGAACCAGCGGTTGCATTGCGGAGCCACTGTAGCCTGAGGGAAAAGGTTCCTACATCGTACGTTATCGATAGTTATCGAATATTTTGAGTTGAGGTCCAGACGGATGGAGTTCTGTCGTGACGTAATTTTCTCGTGTATGTGCGATACCCCTTTCGCGAGGCTGTCAAGACGTAAATAGTCTACACGTGGATAACGGGGCGACGGGTAACTTAGGCTGATTCAAGACACATGATTTATACTAGGTAGGGGCGTACCCGATCGGGAGGTATGACAATTTCCCGACCTACGTCGATAAGCTCTATCATGTCTCTAGAAAGCATCGTCCTCGGTGTGGAGCCCACATCGGTATCGGACCGTTACCTGACTCTGAGCTTCGGGGCAATCCTGACCCTCAGAAAGCGACCGTACGTCTTGGCATTGCGGGGCGGAGCTCGGTACGGTTATGTTAGTGATAAGAACTTAGGTGGTGTTGTGTTTACCATACTTGTGCTTACGGAGCGCTTCCAGAGGTAACAGTAGGTCATTAAGGGAGACGCGTAACGCGTATCGTGTTGTCACGAATTAGAGAGCGACCGAGTTGCTTGGATTATCCAAAGTGAATGCTTGTGGGGAGCATTCTATTAAGGTTTTTATGGAGTAGAAATATAGTTTCAGTAAAGTGCCTTCTCTTTCTTACCCGTTAGTTAACCCCGTACGTGCGGTTG,955,49.63,Caenorhabditis elegans
SEQ_518283,GCTTCTTTCTGATCAACCGTGAGTGTGTTGAACCTCAGGTATCGCTACGCTATAGACGTCATGCGTTTTCCACGCCATCTACGGAGTCACATGTTTAAAGAAGAAGAGAGTGTGAGGAAAGCGTAGGGTCGACGGTTATATCTGGTATATAATAGCGATTAAAAGGCTTCAATCTGCGCATTACGGGCAGACCACTGAAAACGTGTTAGTCCCGTAAGGTTCACAGTCATGTGGGTAGCAAGGAATGCTACGAGCACACGAGAGTTTAATCGCGCCCCGTCCATAGTGTTCATGTGGGTTATTAATGGGTCGGCTATGCGAGGTGGACTGGTAATACGAGGTACTTACGTTACAGACGAACCCTTCAATCCTGATGGTCGTCCATAAGCTGTAGACTAGATTAGTGCACCGCACATGCTGTTCCGCCGACTCAGATATACTCCGAACATGTGCTCCGCAGGACCGAACTTAGCAGCATTAAGTGTTGCCGCCGTCAAAACACTGAACGTAAGCAAAAAGCCCTGTTCGGCCTGGCATCTCTAGTAGCTCAGTTTTTACTACTGAAATCCGTGTGTGCGCTGCAATCATGAAGTTGCGTAATGGGCCGGTACGGTACGTCGCTGCGAGCCACTGAATAGAAGGGTCGAACGGAAGGGAGCTTGTTCAGAAGCATAATCCCCCAGAGCGGGTATATGTTCGTCGAGACGGGCGTCTGGCTAGCAACAGTGGTCCCAGGCTAATGGACCTCGCTGCTGAAGTGTTGCGGCGCTGGCTCTCTCGCGATGCCTCACACCTGGAACTTCCTACTGCCACCCGGCGCCGGATCTAAGATCCATACCCGGCGTGCACCCTAGGCGCAAGGATCTTTGAAGACGCGGTTCACTCCAT,888,51.69,Escherichia coli
SEQ_522883,TATTACGATGCGCAGAGCTTGTGCTAGTAGGATAATTGCGCTATCATCGTGCGAAACCTATACTGCTGATGGCATAAACGCAAATTAAGGTGTGCGGCACTGATCGTCAACAGCATTCCCCCGTGTAAGTACGTCCCCGTAAGGTCTGATAGCGGGCCCTCAAGAGTAACGCGAGAAGGACCACCAAAGCGCAAATGTCATCGTACGCGCGCATGCCGAAGAAAACAACTTTTACCCGGTTTGGTCATAATCCCTGTCCCTCACTCTGTTTATCCTAACGGGATTCCGGGAGAAATCAGGAAGCCCCTTTTAGCTACCCAAACCTCCAGTCTAGGGTACTACTAACCCGTGACAGGGCCGTTTCACAGTCGGTGCTGGATTGTAATCTTTTGAGATAATTGTAGCGGTTATTAGTCGAACAGGCAGACAACGCAAAAGATGCCGAGGAGGGCGGAATGTCGATCGACCGGGTTCGTACACGATTTTTGTTGCCCATACAGCTCTTGGCGAGCTGGCTGACTATGTCAGTACGGTGGTGCTTCGTGAGCACGAGTCGCCGTTGGAGTTCGACGTCACTAATTTGGCGATGTCCTTTCGGAGATTCCTACTATTACTGTCGTTTGAGCTAGTCATCCACAGTGTCGCCCCGTATAGATCCTCAGTCCTCAGCCTTACGGGCGCATCACCCGCCGGCCGAGTCATAAGTAGGCCCTCGGAACGACTCTGGCCTCTACTTAGGGTGAAAATGAGGCCGCCCCCAGCCAGCGGACCGCGGGATACATTACTCCGGGTGATGACTGACGGTGGTACGCATGGGATCACTTCCACTACAACGTGAACCCATAAAATCCGTTGATGCCTGCGAATGGCTAGTGCGTCGGATCGTACAAGAACCAGTTACATCCCGAGGTATATGGCTTGGAGGTGACCTGTGTTTCACGCACGTTTGCGCACAGTAACTTTCTGCGGAAAATGCCCCGCGGAGGCCGCCTTGGTATGGCCAGACGTCGCGCATCGGGATTGGGCTAGTACGCCACTGAATATTCTTACTCGCAGACAGTAAGCGCGTAGTCCCTCAGTGGTTCTCCTGAAGCGTACCTATATCCGCTTTGTCTGTTCGGTCTGGATTCGCTACTTCATGGGGAACTCGGCACAATGCCGTTCTGCGTTTCGCGGTGGCAAGAGTCAAAGGGTGCTGCTGGTGGCCAGGGTCTTTGATCAGAACGGTTCAGTTCTTTATCCAAGTCGTCTCTTACTAGCTAAAAAGTGTACATTCCTAGTCTTCACGGCTCGCAACGATCGCGAGTGTCGAGAAATCGTTGCAGGTGATTCCATAGGTTCGGAACTCCAGGCAGTCTACAGTTCGCTATCACGAGTGTGGTGCCTTTCCAAAGCGGTTTACTCGCCCAGGTATAGGATTTCAGGCCATTCTACATTGCAACCGGGGCACATAAATCTGAAATGTATATGCACAAGCGAGGTAAGTATTCCATTGCTTACCGTTAAAGTTGCGGGAAGACAGACTCTATCTTACGTGTTAAGTATATGGACGAGCACCAGTCACTCGTATTTTAACTATAGCGGTTCCACTGCCCCA,1597,51.47,Caenorhabditis elegans
SEQ_661837,CTGCCGCACAACCGAAGACCGTTATTTGGCATGCGGGTCTACGCATCGAGCTTATATATGCCTGCGTATCTGGCGCCGAGACCAAATAGTCTTATTGAACGATCAGTCCAGATAAGACAGAGGTGCATGAAACGGGCCTCACACTCTGGACGAACGTTGCAAACAGCAATTCGACCGACCTACTTGTCACAGCTGGGACCATACTGGGGGACTGTGAAATTGCATTCACTAGGGTGGATCTCATCTCCGCCTTAGGGAATAGGCCACTCGCCTTATTCCACTTAATGGTTTCGGTAAGCTCGTAATGGTGTCAACGCCACGGAGCGCAGAAGGTTCAATACTGCGTTGGCACGGGCTCCGCAACTGTCAAGAATACTAAGAACTCCTCGTCAGACCCGTAATGGTCCACGTGTTAGAACATGCCGACTTAGCACGGATAATGCGTCAAACGCGTTAACGAACCACCCCTATTATTCCGTAACTAGTTCAGACCCCTAACCGTGGGTTACTTGCGATTCGAATGACATCTCCACAGCTCCCGCTCTCCATGGGCCTGGAAGCATTTGCAATTTAGGCATGGTATCCAACGCTAATATAGTATTGACTATATAAGAGACGTTCTGAACCTCGCGAGCCTGC,639,50.23,Homo sapiens
SEQ_622623,AGGTACGTCGCATTGCAGAGCACGTAATAGTACGTCACATGCAATGCCCGAGTCGTCGCCGTCGATGGGTCATCTCATTCCAAGCAGCTGATTTCACGGATAGTACTCAACTCGTATAGGGCGTCCACCAAATAATCTCATTCGCTATGTCCACACGTATTCTTCCATTGG,171,49.12,Drosophila melanogaster
SEQ_193071,AAGGTGTGTCGGGGAGTCCTGCCTGCGTTGCGTGGTCGCACTCGAGCGTTCCGTTCCGATCAGGCTATATCGGCGGTAAGTAGCCCTTCCGTTATGGATTGGTGGTACCAGGAATGATTAGGGTTGTCAGATCGAACCAGTAACTCCATAGCCTGATCAGGTCGAAGCTATGCCCGTCTTAGTTACGATATTATATCTGGGTCGCCTTGATCTGAAGGGCCGATCGTCGGGCTTCGACTTGACTGCATGGGGGAAAACCACGCCGTCTAAGATTGGTGGCAACTGAGCCCGTGCTGTTTTAACGATTTTCCATAGAGGATTAGGGCCCCCAGAGGCCGCCGTACCCGGGGGTCGCTCTCGAGTACGCCTCGCGTCCTCGTTGGACACCAACAGCTCTGACAAACCTGTGCATTAAACTACATATCATACGGATTGTTGCGATTAGAGGTCACTTAACCCGAAGGCTATTTGAGCGGCCTCACCGTGGTAAGAAACTTAGGCTCGTCACAGGGGCGATGCGTTAAATTGTACGGCATTCCACTCGTCGGTTAGGGTCGGGCGTCCTGCTCGTTCCGTCATTCTCCGACCGTTGATTGGAGGTTAAGTTTCCAAGATCATGTGTACACACGGACAAGAAGAAATTACGAGGACAACCGAGTAATGCTTGCTATAGCTCACATCAAGTTACGTACTATGGCACCCCACTGCACTCCTTTGCGGAACACCTTGAAACATCTCGGGGCTTTGCATCCCACGGCCCAGATATGGGGGGGGTCCACGATGCGTCGGCAGAGCTCCTTGTCCGAGCTCCAATCGGGTATTGTACAGCTGGGGTCTTGACCGAGCCAGTCACCCACCCCCTCACGATTCGACTTTAAACATTACTTTTTAAGATATGGTGCGTCCTATTCGGCAAAGTGACCCGAGAGATGCGGATCACTGGAAATGCGTGGCTTCAGGGGCTTGCCCTCCAAAACCTATCTTCAAGATTTATTCGCTACTATTGCGCGTGAAGTTTGTTCATACTAATGCCGATGCTTGAGACTTACATAGAGCCCGTAGAGACATTAGCGGTTATTTGGGGTTAACCAATTGCTAGTGCCTTACCGTCGCTCTGGTCTAAATCTGTCTGTCGCATTTTACAACGGGATCACAAACCGTCTCATCACATGTGCGGAAAGGTATAGCAGCGCCAGGAAGACCATTTTCAAAATGGCTAGTTGAATACGATTATACAGTCACGTCGGGGAGTTTAGACGGTGGTTCCTAAGACGGGGATACGCGAGCCCTAATCTCCAAATAGTGGATAGGATGTGAAACATCAT,1325,51.02,Caenorhabditis elegans
SEQ_807829,TTAGAAGCTGTTAAAAGACGAATCTGTGTATGACTCTTAGGTAACGGTCGCGGAGCGCCCAAAAGTGACGACCTACCGGTCGGGGGACCTCACAGTGACACATCGTGTAAAAATCGTAAAACTCCTGATGGGACTACGGCCGCAGAGATTCTCGCCCTCTTCCACTCATACGCGTTAGGGCGCTCCGCCCGAAAATCCCTCATGTTAGGTGACCACTTAGGCTAATAAAGTAGCTCTGTCCGGAGTTCGTACTGAGCGGACGAGGATCTGCAACGCTAACCGTGAGGGAGACCTATGTTTCTACGATGATTTTATTTGATACAGCAGGTCGGTGAGAAGTAATGTATAGTAAACGGCGCTCAAAGGGGGATCTCAATCAAGGAAATTTGGGGTCTTCTAGCGACCGGGCCTAGACGGCGGCTTACCCCTATGCATAGTAGGCTGCGCGTCTCGTATGCCGTAAGCGTGCCTCTTGACCCAGTGGCAGTCCTGAAGGGGAGGGCCAAACTCTCAAGATCCTAAGATTATATTCGTCTTGTTATATTTAAATAGTCTTTGTACGACCTTCGGGGGTAGGTGTGTGCAGGTAAGCTAGTGTGCGTGGTGTTACCTCATACTCGCCCTGAGCCGGCTAATAGATGTGTATCCAAATCCTTATGCAGCCCATAGTAATGTTCCCGTAACATAATAACCGGAGACAAAGAGGTAAAAGTTTGCGAGTCTGTCATCGTTAGCGCATTTCGGAAAGCTACCCGGACTACCCTAAGGTAGAGACTATAAACAGTCTCATCTGGTCCTGTATATTCCATTAAAGCGTGATGTAAATGGTAGAGGGGGACA,840,48.93,Drosophila melanogaster
SEQ_702282,ACTGAGTGAGCTGTCGTTTTTAGCACTCGAAGATTCCTTCGATAATGCAGACAGTGTGGGTAGAAATGGATTCTTGTATGTTCGACACGCATCGCGCTCATTGTCGGCACCCGTACAGAGCCTATTCGGTTCTCGGCACTGGATCGAATTTCGGAAGTTGGCACTACCTTAAATAGGCAGTCGTTGGATTCCAGCACGTGACGTTAGAAGAACCTCAATTCAAATCGAACAACATGGCTGCAGGGAATCCACGAAGTACCGAAGAATTGCGGGGGAAGGTGCCCAAAGACATGACGAGTCGATCTATGCTATCGGATTACCTGAGCCAAGGTGGTCAAATTGGTCATTCCCGTCCCCCTATCGTATCGCTAATAAGATATCGAAGCGTAAAATAATGAAAGTACCACTGATACTAAGCATACCTTTTGACAGTCTCGGGCTGTACCCAAGAGGGAGTAGCCTGCCAAGTAGTACGTCGGTGCCGTTACAGCGTTGCGCTGTGACTTGCTAATAAGGGCCTCCCAAATAACGCAGTAGTGGACCATTTCCATGCGAAGCTCGAGCTTCCAGATTGTCGTTCGTCGATCAATCTACGGTGAGTTAGTATGACAAGCCCGTTCCAGAGGAAACCTAGTGTAGAGGAGGTCGTATGACCCGAGTACTGTGCAAACTACCCGCTTCTAGAAATTGCACCGAATGGATAATTCCTTTCAGGAGAAGATTTTTTATACCATGTACATGAAGGGGTTGCCGAATGTGTGGGCAGATCGCACCCCACGGTTTGGGCGCCCCTATACAACGCTTCGGATAGCGATGGTGTGCTGGGATTAACGTTAGCGGTTACCCACCCAGAGTCACACAGGCCTGCAGGCACCAAAGCGATATCACCTACCGAGCATTAGCTTCCCAAGGGGCCT,917,49.62,Arabidopsis thaliana
SEQ_938540,GATGTATATAGGGGGACCCGGCCTTAGTTACCTGCGGGTATCACATAAAAGCAGGAACAACACACTCTCTGTTGGAGTCTATTAGCACCTGTCTGGAAATTGTTGCCAACTTAACGCTGAAACCGATCTTAAACTGACCGTACAAATTAAGCTTAAAAGTGCCATCTTCTCGGACTAGTAGCGGTTAATGTGGTTGTATTGACCCGGACGAGTGGCCAAATCCGTCTGGCGATGTGGAGGGGGTCCTTACTGTTGGCGTCCTCACTGCACGAATTTGCGATCATGACCTTGGTAAGCCATGTACCGAAGTGTTCATGTTAGAAGCCTGCATGCGGTTAGGCCGAGACTGATGCTAGTCTAGGACATTCTGACCCTACCACGACAGGGAATCAGAACCTTCTACAGCGCCAATGCGGAAAATATCCGGGTACTCACAATCGTCGAGCGTTTAAGTGTCGGATCGGCTCTT,469,49.04,Escherichia coli
SEQ_151864,GAGGAACTCTTCGATCTACTGTATGCGTAATTTTCACGACAGAGGTCTGTAAGCCACACAGGGCTGGACCATTCACCCTGCTCTCCCATGATAAAGCCCGAATCTAGACAGATACGTAGCCGCCTAGAGGGTACGCCCCGGCGCGAGACGATGTAAAACCATCGTCGACCCGAGCGTATACGGTATTGGTTAGAGAGTTACCTGCGAAACCTTTAGCAGAGCGGCTTTCACGAAAAACAAAGTGCGCTGGTGTATATCCCACGCTACCCGTATCCACGGCACCTCCGTTACACGTTTAGTGAATAGTGCTGACATGAAGGAAGTAGAACACTTAGCGACCAAAATTAGCAAATGCCATGCATTACCTAAGCAAGGAGTCGTGCCCGTTCAGTTGGTAAATTTAAACCACATTGTACCATCCCCGCTACTGACAGGCTAATAAAGAGATTCGGTGGGGCATGCCATCGACCATGAATGTACAAAAGGCCACTGTCCGCGCGCAGCTGCCGGATCCGGTAATAGGATCTGCCGATCCGATGTCTGATGCACCCACAACGTGACCGAAAGTAATCATCGCTTACCATCAGAGGTCCACGAGGTGTCCTCTTCCAGCTGGTGGATAAGATGTAAATATAAAGCTGGGAAATCCTTTCGCCCTTGGGCAGAATCGTAGGATCGGGACCACCTACGTCGATGTGGTTGCACGAGAATAGCCTAGGAGCTCCACGTCCTGTCGAAAACCCCGGTAAGTTGCCTATTGGTAGTTGGATAATGGAATTAAATAGTACCTAAGTTCGTGTGC,802,50.0,Arabidopsis thaliana
SEQ_656172,TTGCATTCTCCCTAGAGGCCCACTATTCTTGCCATCTTTTGGTACGCCCCCGGAGTTCCCCAAATTCCCTTGAAGGGTGTCAGGGGATCACTCTACCCGAGCTCGGAGTTTCAGAGATTCGGATCGCGTCTGTGTGTATCGAGTCCACTTCAGTTGTGGTACGCGCATTAGACCAACGAAGCCCCATCGCGCCAGCCTGGCTGTCCCAACCTTGCCGAATCGGGGAGACATGTGGAATTTCAAACCTCAAGCATCCTCGCAGGCGCGGTCTGCTATCGTCGACAACTCCCTCGTACCCCACTCTCGAGGTTGTACGTAATTACCAGACGCTAAGGCCATATCTCGCCTAATTTTACACCATAACAAAGTTGACCCCGAGCTATCGGGGAGTACCATGGACGGCGCAGGTTGGCGAAAGCTGAAGACGCTAACGCGTATCAGACTTTACAGGCACTGGGACGGAGGTCGAACACGCATGCAGCAGAATGGCAACAATCAAGGTACGTGTACTCTCTAACTTGAACAAACTTACGTAGTGCGGCCGAGCCTACTCGCACAATCTTGCTTGGCAGTCCTCCATACGTCTTACCGAATACTCGTAGAGGGTGATCTAAAGCCTACTGCGTCTTCCCCCTCCCCCCATTCTTAACGCCAATATCGTTATAAGCGGCAAGTGCGAGAGTCGTACTACGAGGTTCCCGGAAAAGGCGGGGGGCATGTATCTGCCGGCGTAGGTATAGTCTGCGGGCTAGCGCGATATTGTAGAAGCGCATGAGGTAACGCGGTCTACTCCTTAGGCGATACAAGCTTCCTGAATTATAAGCTCCTTCACGTTCAGGATTATATCATACAAAACTATGGCACGTCCAACCCGCATTTTTTACACAACGTGTTTCATCTCGCGCCGTACGCATCGCGCCGGTCTTTCTTACTGAGAAACCACATGAAATTCCGATTCGGTATCTAGCCAATTTCTTTTGCTAGTGAAACTTCGTACGGACTGGTGGTTTAAGTAACCTACGTGGGGTGTATGCTCGTTTACCGATACGCTGCCCCAGTTCCCTCGTACGGAGTGCACAATCAAGAAACCCATATGCCGACTCTGAGCACTTCGGCTGGATATAAGACGTATGACTCTGAAGTATACCGGATCAATATATCAGAGACATTAAGAAGCAC,1179,51.06,Mus musculus
SEQ_347870,TGCCCAGCTAGCTATCACAAGCGCTCACCTTCGTGGTTTACTTGAGCAGGTGTTCCGTTCATCCGTATAACTCCGGAGTCTACTAGCGTATAAAAGAGACGAATGTGTAGTACCTCGTTTTCAGTGTAGGTGATCTTGGCACCGCGCGGCTTAGTCAGATCAGCAACGGGTCTAAATCCGCCATGTATGTTGGAAAAACCGCTACTGGGAGCCGACCCCTCTTGGGGATAATTGACAGTAGAGTCGATATTAGTCAGTGGAAGAAGGTGAATGTGGCATCGTATGAGAACGATCGACAATTGGAACATATGATACATCCGAAGGCTACCCCAGATGGACCTACGTTGTCCCTAGGGCTAGCGATGCACGGGGCACACTGTAGGTAGGGAACTTCGCGGATCACAGCTTATTGGGACAGTTAAAGCGCTACTTTCGAAGCTGTGCAGTATTTTTCTGCCGAGAAGTGGCATCCTAAGCGTAGCGGGCCCGCTCCTTCATACGTACTTACATTGACGGCATTGTGCGTCTTCATGGATGTTATTCATTTTAGGTTCCGGGTGGGACTGCCTGATAACTACGGGGGCCCCTAAAGTTCACTAACTCGCGGGCCTATAAAAGGGGAAGCGCATACCGTATATAACACCGGGCCCCTAATACGACTGAAGGGTCTTCAACA,676,50.15,Drosophila melanogaster
SEQ_184767,CCATACTCTGTACGTTCATCAGAGTTGGGAAAAATGCTTGAAGAGGATTCCTAGAATTCTGCGGATACGTTATGTTGGTTGCCAGAGCGATAATATGGAAGATCACCGCATAACGTTATCATGGTTTCCCCTCTGTATAGGAGGCGGCAGAGGCACGGAAGATAGTAGCTTGCCTAGACTGCATACGCGCTTGCGATAGGACTGCAGAGGGTGAGTAGCAAGGGGGCCGTGATAGGAAGTAGGGGGCAAATGCAACGCCTCCGGTATCCCAGAATTTGTGAGAGAATTTTTGTGTGATCTATATTGATCGAACGCCATCTAACCAACTCGCGGCAACTTCTCGGCATGACGGTCCGTCTGGAATAACTGTAAGTATGAGATTGGATTATTCGACGTCGGGTTGTTGAGCACCGTAATCCCCTGCTCGAAACGGGAGCAACGGCAATTCGAACGCATAACTTAGTTCAGCGCCCCGCGGTCAGCCCTTGCATGAACCTGAGTCTGTCTGGTTTTACCGCCCCGGTGTCGTCCAGGAAATATCTACTACATAACCCGCAATAGTAGTTGCTAGTGTGGCGTGCAGATAAAAGAAGGTGCGTTCAATCTTGTCTTTGTCCAAGCCTAGCCCGATAAGCCCTCGCCCATACCCTCGTAAACCCTTGGACATTGCGCAACCCATCGAACTTATAAAGATCGTGAAATCTCCGCCATACCATGAACTACCAGAACCTCGCTTCGAACCCTTTCACTTCACAAAAACTTTCTTAACTCGGGTACAATCCGTATTGGCTTACGGGAGTGAATTTAGATCGCCTGCGTGTTATAAGGCCTTTAGATTGAATTAGCGAGTAGCTCCATTGGGCTGATACTAGTATTAATGACATAAGCCATGCGTTCAGCGAGTTACAAAGTAGATCTTATCGTGTGACTTACGCGTCGTTGGCTGGTCTATTGTCGTGGATTATCTTTTGATTACAGGCACGCGCCATTAACCCCTGCACTAGTGAAAGCAGCCAATTTGTATCTGTTTGGAGGACCGAGTCGGCCTGAGTAGCCTTCAGCATAAAGAGGATTTGAGAGCATAACACTGTTATTGCAATGATATTTTAGTGTCGAGTACTCTGAAGGTCTCTAATTAGGGAGTCAGCATGAGAGACTTGCTGATGAGGAGGCAGCATATCAACATTGGTTCGTGACGTCGACTTTTAAGTACGTAAACTCCTATCGACTCAGATATTTCAAACTCCGGGCGACCATTTGTACAAATTGGTCCCGAGTACTACTCGTCGGCGGCGTCAGGTTTGGATCGGGTTACTTTAACAAATTTCAGAAGGCCAAGATCGGGGCGAAGCTTAATCGACCAAAGCAGGTTTATCTAAGATGATAGGAGTAACGTGAATTACTGTACGGAACCGAACGTTTCAAAAGCGGCGGCGAAAGCCCCCTTCAGTA,1452,47.31,Mus musculus
SEQ_732233,ACGGCTGCGGGGGGTGACGTCAACTGCCGCTAGCGGAATAAGGTACGGGTGGCGACGTGGGTAGTGTGCGCAAGATCCGCGGTGCAAGTTAGGGTTTAGCCGATCGATTGATGTATTTAAACCCCGACCCCAGCCAGTCGCCTTTATGGCAATTTTTTCGCTATCATAACCACGACTTAATAGGTAATCAGGGTACCCCTCCAAGTCTGCTGTTTTCTATATGGATATTCTTGCTCTCGGGAATAAAACTCTTTTGCTGCCAGTGACTGTCACGACGGTTCAGGTTGGAGATGCTCAAAAGTTGACCCAGAATTTTTCTTGGGGGGCTCTTCCACGACTCATGAA,345,50.14,Drosophila melanogaster
SEQ_242007,TTATTAGAGCCGGCTCTTTACGTTGGCAATAAAAAGTACCGCGGCAATGCAGGCGTCGGAAGTTATTCGGTTCCTCGGATCAAAGTCTGTGCGCGGGAGGTTGCGCAGGACCAATTTTACACGACCGGCTGCCAAATTGGAAACTCCTCGCGTCTCCCATTTCATCTGGCCATAGGTCGGGTTATATCGTCGCGTCGTCACACCCGGTGCTCTCGATACCTCCGCCGCCCAGGCACCATTGCTCGACAGGGGCGCCTTCGTCGCCGTCCGCGTACGGATAGTGCATCGGCGAGCTTAAGCTGTGCCCACCGAGCGGTCATACAGCGCTTCACACTCATTGATAGTATATTAACGCTTAACTCTTCTACCTAACGCCAATCATTTTAATCAGCCAAAATAGTCCCACAGATGCTACACCCAAGGGACCAGTGTCGTGCATCACTCGATGAGATCCAGTAGCGCCTGCAGATGCATCTTTGGTCCGTACAACACTTGAAACTGAGAGCGATACAATCAGGTGCCATTTCTCTGATTGTTTCTGGCTTACGATTTGGGTTTGCTTTTGTTTCGTGGGGGTTATCTATGGTATCCGAGGATAACAAGTAAACGCTAGATCGAACCTACACCTTTATCATTGAGAGGTGACCTAGTGGTGAGTGTTTTGAGAACATCTTGTCGTCAAGCTGAGCATCCGGCATCCTCTGGTACACAGTACTTATCCAGCATTCTCCCCCGAATCGTAACTACGCCTTTAACTGTTGATCGACCCCAAATCGGCAGGCAGGGCACATTTACGCAAACCCCTTAAGCCAAGCTTATACAGAAAAAATTGTAATAAAACCCCTTAAGGATTTGGCAAGAGGGTCGCCCCTCGTGCACCTCCAAGAGGCACAAATGGA,899,50.17,Saccharomyces cerevisiae
SEQ_514888,ACTATGATTCCCTTCCAGATCTCCAGAAATTCGTGAGTTTGCTCGGGTGGCTCTGCCCGGTCTACCCATTGAGCACCATTTAGTCAAACAAACCTTCTCAATCCTAATTAGTTTGAAAACACTTGGTAGAAGCGGACTAGTAACTACTCCCCATCCTTCTTGTGGAGGGCGTGAACGGGCGACCCATAATACTAAGCAGTTTGGCTCAGAGTTTGGTAGAAGCTCGAAGGGTACGGGGCGTGACATTCGATTGGTGTTCAATCGTGGGGTTGTTAGGCAAGAACGGAAGGAAACGGCGGAAAGACTTTACTCTGGCTAGATACCGCTCGGCGTCATACGCGGTCCATATATTCCTTGCCATATCTGGTTCTACGGGAATGATAGCCTGTGTAAGCCGATGTCCAGAAGATAATGGGGAGGCCGTTACGAAATCTGAGGTCTACCATCAGTCACCGAGTGGATGAGATTACCAAGACTCAGCGAATATGTCATGGGGGTGAGCAAAAGGGTTGGATATGGAGTTTCTGAGGAATCCAATCGTACTGCACAATTCGCTCTTGCTAAGGTGACGACCATCACAATCGGAAAAAATAATCTTTGATATTGACGGGCGGTATTATGCGAGCACATGTGCCTGCGATACCCATCTGCCGGTGGGATGCATTACGATATAAGGTGACCCGCATGGTGGTCCTTAGTTGTTGTGACACCCAATATTAGGTAGACGCTCTCCTCACCCTGTTCGATCCCTCGAAACATGCTTTAGGGGCAAGGGGCGCGTGATGCTGTCTCGTCGTCAGCTCATGAAGAACTGACACCCTTTAGGGAGCACTGAGCGTAAAATACCTCATATCCGCTTTACTGGTATCAACGTGAAGCGGGTATTAGGTTGCAGCAGTATGTGGAATAATCCTCCCGTTCTCTGGCGCCGCTTACAGTTCAAGAACCGATGTTGAGGAACTCTGACTCCCTTTGAAACACCGGCAATCGACA,993,49.04,Drosophila melanogaster
SEQ_647353,GGTGGTCTGCGGAACATTGACAATCTTACCATATCGTCGCCGCCACGTGGAGTATGATTGGCAGGTAGGCAAAGAGATATTCACATTGACGGAACTGCAGTCGAACCCAGGAATAAGTCCATCCTTCTATAGGCGACGGTCGCACTAAGTTAAAGTCGTCGTCTTAGTACTTAGACAGCGCGTTCTCTGGAGACCTTGGCTAGGAAAGTCACACGCAGGTTGAACTCCGAGCCTTCATTTGTCTCCGATCAGACGAAACGTGGTAGGGGGCACCCCCCACGGGCCTAGATTAATCTACACTGGCACGGCAACGCGGATGTCACATAAGTTTTCCTTAATGGCGCGGAGCTCGCACAAGACCGCACTCTTCATCCAAACCAAAGACGCCAGTGCAAGCGGCAGTAGCCCGATCCCTCTTGGTACCGGCACCACTCCGACTGTAGACACTGACGTATGGCTCCTTTTTCGCGCTGGGTGGGTTCAGCGGCATTGCTTGATGGGCCGTTACACCGTCTGCTCATGGAAGTATGGATTAGTAACGCCGAATCTTGTTGAATAGCACTGCAGAGTGTCCGGGATCTAGTTGTCGTTCGAGGCCGACTCTCCTCCCCTCTCGCGTGACAGCGTT,628,53.66,Mus musculus
SEQ_616699,CTGGGACCCGAAAACAAGCAGACCAAATAAGAATGGAATCCAACACCGACTTGCTAACGAACGTTACATTGAGGCGGATCACTGGTTTCGAGAGACGATGGACCGCGTCTTTACACAATCGCGTCGAAACCTGCCGACACATGATCTCCGTGCGTGTTGTATTGATGTATTCCCACTTATTCTTCTTTCGTCGCGCACATCCTTTTGGTTAGATCATGAACCTAGCCCAAAAGCTCTCTAGACTTACAATCAGGTACAGCACGGCTTCGCACCACTTCAGCAACCCCTATCAGAGCGATTCGATACATGTCAAATGTTAGCATGTGACTATGTTCCTCCTGCGGCAGCTGCATACCCAATGGTATTTCGGCACTACCTCACACGATTTGCCGCATCCGATTTAGCGTGCGAGTTGTGAGCCAAATCGACTGATACCTAACCAGCCTTTATGACTGGGCTCAAGCACCCGTCGATCCCCCCTCTATAAGCACCACCAGAGGCATACGTATTCGCTTAATATCGACCTCATGAACAGTATGTAGTGGATTAAAGCAGTACAGTCGCGTCTGCGCCCCAATGTATTGCACGGGAGCTTCCAGGGTGTCCGGCTTTCTCAATCGGTCTAGACCACCACTTACAACGTAGGCGCCTATAGAAGAATAATGCCGGGCCAGACGTGGTTCGCCAAACCTCGGTGTTGGTTTCCCGTGCAAACTTCGCATTGATAGTGAATGTGAGCTGCGTCAATGCTGCTCCTCGAAGTCACCCTGTAAAGGCGGGCAGGCAAGAATAATTCGCTTTTGCTGATCGGCCTAAACCGGTAGCGATGCTGCAGAACCTTGGTTCTCAGGATTTCGCCGTACGGCGTACCCCCCATACAATTGCTGAGGGAATTCAGGGGGTCCTAGTTCGATGGTGAGAATGCATCCCAGCCAGGGCGGACGCATCAGTTGGAAGCAGCCATTTAAGCTCTATGCTGTTAACGCCGCAGTGGTGTAGGGGTATACCTGAAGGTAGTCCCACCGTTAGTAGCCTCGCGTTTGAGCGATTCGCGCGTATAAGACGCCACTCACGACAAATTATGGTCTGCGGAACACGTCCATTTCAAATCCGCGAAACATCCCATTTTGTTAAAACTGAATCGACCCAGACATTGTCGTGGAACACTGCAGCCCGTAAGGCTGGCGGCGACAGTGCAAGTTGCATTCTTAGGCTACGAAACTTACATATGGAGCCTGTCACCCGCACTAACACACGGACTATAACATACAATCAGCCACTAATTAGAAGAGGGCGTAAAGTTAGCTCATCGGTAACCTAGTCATCTGACGTTTGAGAATGCTGTGTGCAGCGACCAGCAATCAAAAAAGCGCCTGAGTTGAGTGTCGTAACATCAGTAACTGGGATCCTTGTAGACTAACCACGTGATCTGAGATATTGGATGTTAACCGACCGTCTGAGACCGATCTAGCGCGCCAGATTAC,1484,50.13,Mus musculus
SEQ_542422,CAGACCATACGCAGGGCTGGTTTCCACAATGTGTGGCCGGACCGTTGGCCCGTCGTACCGGTTCCTAAAAATAGCATACGTGGAAACTATCAAGCATCAGTTGAAACCCATGGCATGAGAACAGCCTTAAAGCGACGTGGAGGAGGGCGACATAACTTTCTGCTCGACGCGAAACTGCGTCGCGAGATGGTATAAAACCGACTGGGTGACTACCGCTGGCTTACCGCGCCTAAGAATTGTCTTCGAATATCCCGGGTTTCAGTATTGCAGACCGAGTCTCAGCTCCCACGTTGTGGAGCATGAACTTACTCGAAAGTCGACCCATTACCTATATGTTTGGTAACTTATGCGCCTAACACCAAGCTTTGTTGCCGCCGGGGCCCCGTGACATTCTACAAACATGAAGCTAAAAAGCCCTTACTTTGCACTGTCACGCGGCCTTGAGTAAACATGAAAAATCTCGAGGCGGATATTTTTCGGTGTTATAGAAGCCAAATGCGCAGACTGACCCGTAGGCCCTCATTAATCATCTAATCCTAGGGAATTCCACTTCTTGGTATACGAAAGAGGTCATTTTTCAGGTCCTACGCTTGGCCAATGCTTAGGCTCGCTTCCAACGCGAGGAGTTCTGAGCGCCTCCACGTTGGCTAAAATCCATACCGCGTCCCCAATGAAGCTCCTTCTCGCAAATTTCATAACGTACCTAATGTAGGAGGGCGACTTTTCTTCTTTTACTATATAGACCGATCCTCTTCCCTGAGAGAGGGCGCTTACTGTTTGGCATAACCATCGGCCCTAAATTCGAGTTCTCTCAGGACAAACCCGTGGTGGCCAGTACGTATTTTGCCCTACTCTTGCCAATACTTGCGTTAATAAACGTACAGCGTTGATCTGGGGGCTTAGCACATATTGCCCAGAGAATCTGGCGTTGCCCCTCAGGTGATGGGAAAGATGGGCTTTATCTCAGATTTCATTTGAGGATAGGGCATCAGTCTCGC,998,49.3,Drosophila melanogaster
SEQ_525588,TTACGGTAAAGTTCGGGGGACGAATGACTTCCATCCACGATGGACGATTCAAACGCAAATGGTCTATGCGAGTGTTGCCAACCCAAAATGTTTGAAGCGGTCGAATAACACGATTATGGACAATACCCGCAGCGGCTGATGGAGAAGCAACGTTCGATTACAGTGCTCAGGGGGGCGCACTGTGGAGCTCTCTAGTTAGCTCCGAATCAGATCTGTGAGTTATCCCAAAGTACGAACCCCCTTGGACCTGGCTCGAATATTTCTCGACCATAGAGTGAACAGGTTATTATGACCCCGGGGGAAATCCTAAGGTAATTCTGCAATATGAAGGTGCTCTGCCGACAACCTTTCCCTGTATTTAACTTAGTCCGTGTGTATTCAGATCATTGGCAAGGCCTGCAGGACAGAGTTCGACATCCAAAGTGGCGGAGCAAGGTACTGTTCAACGTCAAGGTGTTTGTCTACTCTAGGGATCGTCCAGTTGTGTAGTTCTTCTGCTCAGGCAGGTTAGGCGAATATGGACATTGCTTATTAAACGGGAACCGGTACTATGTCTCTGGACCGCTAAGTAATTATGTTAATGGATAATACACTATGCCAAAAGTGGCATTGCAGCGTAACCGTCGCGGCGATTCTATCTGATAGTTTGAGTTGAGTTTTTATGATCATGCTAGGTCTAGACAGACGCTCGCGCTGTGCACCAACGCTACTGATCGGGGCGCGCGTCTTCCTAGGTTCGAGGGCACTGCTGAGGCTACGCCCGCCACTAGTCCTCCTGGCTACGCATCGTACGCCTCGGACGACATCTTGAAGGTTTCCTATTGTCCGTAGCACCGGGGCCTTGCCTTACCTTGTATAGCATGGCGCTGTGTCCATAAATGTGCAGCTTGACCGCAATTGAGGTCACTTACGACTTGAACTAGCATGGAACGCTAGGATAATAAACGAGGGGGTACAGCGCGTAAACCGTAACCAATACAGGTCATGGGCGACGCAATAAGTATCAGGCCGTCGTAGAATATCCTGGCCGCCAGCAAACGACTACCTACATAGGTCCCTCCTTAAGGGAAATTGGCGGCCGCTAGCATGAACCTCAAGCCCGACCCGCAAATCCCTTTGTAGTACCGTGTAAGGTGCCTGTAAGGTGCGACGAACCGCTCTAGTTGCCGGAGCTATAAGATGGTGCGTTAGCAGGCTCGGACCCCCCTACGGTGACACCTTCATGGGTCGGACCTGCGAGCGGACGAAGCCGGATCTGGAAAATATGAAAATTATTTCCAATGCCAAACTCGGGAGTATCTAACCCAACCGGTATCAGGTCGTCACCACTGGCTCCCCTCACCCGACGTTTTCAACGTGTGACACGAACGCTGAGGTACGAGTGACGACGAGAACTGCTTTCCGCAAGGGCTCTTACGCGGGGGCACAAAATCCGCGCTGATTACACCGCGAGGCTGTGACCTTTGACTGCATCGATTTTTGTCAAACTTTGATCGTTGCCGTTCGGTGGTGATAGGACAAACGATGCCATGTAACGCCTTGGAAGCTCAACTTGATAGCCCACCGGTGCTCCCAATCCGGGACGATAAAGCACACGGGGGTCCAACTCCTTACCACCCGGTTTATTCCGCAGGAACTGCTGGGGTAGATGAGTCAGTAGCGAAAACAATATGTCTGCGTAGCAGATGGTTAGGTGCGTATGTCCTGAAAACGCATATAGCTCGGGGGGCTAACCAACCGCTATGACAACCCTTTTCCATAAACAGCTTATCAGTCTAGTAACGTCTGTACTAATCACCTGCTACAGGTACTGCTCTTTTCGTGCTGAAAATCGAGCCGCTGTTGGCGTCCAACTATGGTAGCTCGTTCTATACACGAACGTCTGATATAACGGACTCTGGACACTTTTGGGTATCAGCGGAAGGCTGGCGCCACGGGGTGGAAACCTTCTTCTTCCCTCTGCCGCGAACATAGAAATTACTCAGACTGATAGACTAT,1998,50.95,Homo sapiens
SEQ_262259,CAATAGCAGTAACTGAGAGATTCCGCTGCCGGAGTAATTGTGGGCCAAAGGATTGGGGATCGGGAGAAATCAATTATCCATAGGCCAATTTACTCGAAATTTATGAGATAACTATGCAAAGTACCCCGATGGCGGTCATCTCTGCTCTAGCTAGATATGCCGCATTTTGGTATGGGCTGAGGGCCGGTCAGGTCTCTGATGGGGCCACGATCCATAAAAGGATCGTGGAAGTAAACCAGGAGAGCTTAGTCCGTGTGGAGCGGCTGTTGGGGTACACGTTGACTATGAGTGTAACTGTAGGACTCTTCGGTCGAACTTCGCCGACCACGATTCACTCCCAAAATGCCGTATACGATCCGAGAGTGCCCTGTGGTAGCCAGTCTCGGAGGGGTAAGGATAACTACCTGCTTCCGAACGAGACAAAGTCGACCAGCACACAATTTGAAAAGCCAGAACTTAGACATAGTGTTGCGCACAGCCTTTGGTCGGCCTCGAGTAGCTAGGGGTGAACAGTAAAATATAGGGCGTTAACCCATTGTTTTGGCACACTCTTATAAAATTCTTGATTGAGCATTACCTTATTAAACCCTTGATACGAAACAGCCCGTGCTTAATTCCCAGTAGACATATGGCGAGCGGCACGAAAGCACTTGACTCTGCAGTTCCCTGGACTCTTCTGAAAGCTCCCACGGTAAAGGCAGCCGCCACCGTGTGAGCTGAGCTTAGTACACGTTCACGCGAATACCAAGTGAGTGGCTCACTGATATCCGAAAGGAATTAGCGGTGTCAAACAACTCATACAAGCTTAAGCTGACAACCTACTCAATCCCTGGCTGCGGCACATC,845,49.23,Caenorhabditis elegans
SEQ_153193,CTGACAGGCCGGCATTCTTCGGAACAGTAATGTTGCTAAGTGAGCGTGTTCATAACAAATCCCTTTTAGAGTGCTCGCGCGATCGCCCGACCCGGAACTAATCTGCCATGCGTAACAGAGAATGTGCCTGTGTGGCCGGAACAGTAGGCTTGCAGTTTGGCGGGAAAAGCCGCCCTGTACTAAGTTGTGTAACCCACGACATGATATAGGTGTCCGCAAATTACTGTCCGCGGGAGAAGGTGTCAGCAATACCGCCGGTCGACAGACAACCACAACGAAACCACATATAACATCCGCACGCTGTCTTACGCCGTACTAAAACAGGGGCGGTTTTTCTAGAGGGTTACGCGTTGGGCCTTTTCTGCCTTACACACCATCCAGGGTCCCTTATAGGGAGTGGTTCCTATACTAGAAGGACACAGCGCTAACGTGCACCAAGCATCCGTCGGCATTGGATATGAAATACTTCTGGCGAACTTAGTAATCTGAGCTACGGCCCTGCTCCCCCGTACCTATGCCACGTCAACACCTACCACCTGCTTAGCATAGGGGGGGCATCTTTACCAAGTGGCTTTGACGTCTCTTGTAACTAATGTGTAGGGCACGTCCTGACGATCAGAGCCCTTTCGTTGACATTAAGTGTCCGATTGAACACATCGCGACCTGGCCCATGATGTCTTAACGTATTCATCGGACTCAAGTGGCGGGCAAAATCCGCGGTGTGTTACCTGGGGCGTCCGTGGTGCGATGGCACTCCTTTGATGGAAGAGCTACGTGAACCTTCTACCTTTGCACAGAGACCAGACGCTTAACTCGTCAGCTGGAAATCGTAGCAGTCACGTTTTTCAGGATGGCGTGACCGGGCACGTGTCAATCTAAGCCATAGTATCGCAAAGACCGGTTCGATTGTATATCGTGCTC,921,51.9,Homo sapiens
SEQ_810128,AAGAGGGTGGGGGGCCGGTCTATTTTCCAATGTGCGATCAGTCCGGCCGGCAGCCGGACTGCCTGCACTTGTCTAACACAGACTGTGGCAGATGGTTCGAGCTGAAGCACATCAGGAATTTATCGAAATAACATAGAAG,139,52.52,Mus musculus
SEQ_167607,GTGTCGTAAAAGGTTGAATCGCTATCCCCCGAGGGACAACGAACTCTGTATAGGCCGTAGGGGGGGTGGGGCAATAAGCTGCTAGTTGATCGTAAGGACTACGTCGCACTTTTAGACCATCAGTCCGCAAACAAGCTATTGATTCTTCCATCAGATAACACCGTGACGTGAAGCGAAGTACAAACACGTACCTCTCCGAGGATTTTAGCTTCAGCCAATGGCCATAAAAACACGGGGAGCAGTGAAAAAGCAGCCCCAAGCGTAGCTGTAGTAGGGGAGCGTCTGCGCTACAGAAACATCAGTTTGCCCTGGAGCTTAGCAGGTCGTCGACGTTTGAAGATTCGGAGGAACGTACATTTGTGACTTAGCGCATGAAGCGTGGTTCCTCAGCGATGGATGAGACTGCCTCGGACTAGAACTCACAACTAGCCTTGTTCGTCGAACGGTTCTGCTTCGAGGTAAGACTCGTACAGGAGTAATGTATTAGGTAGTGTCCCAGCAGTCTGCGGGGCGTATCTAACCGAGGAACGGCTCACGCTTAATGCTGAGGATGTGTTACTGTGCCCTGCAAGTCAACGCAAAGTGATCATAAACGTTGCAGTGTTTTAATATGCTTTGAGAGGTAATGCAGAACGGGACGCATAAAGAACGACGGCCTCTACGGGGGCAAGTCGATTAAGAAAGAATAGCATCTCATGAAGCAAGTAATGCCGGCTCGGTGCACAAGCCACCCTTGTATAGATGAGTCAAAAGGTGAGCCCACGGCTCGCCCGGCCCCCTGGGCAGCCGTCTTGACGTACGTGTAGCCAGAAAAGCATCGTGTCTTCTCCTACATGTACGTTGAGGTCTGCGTGGCCCCCTTGCCAGACGCTTGGGTCCGTGAGACCCATTGGAGACCAGTGGGGAAACTTACGGGCGATACTATGTTATAATGTTTGGTTAATCCCGGTCCCTTGAAGGGATTCAATCTAACACAGCTGGAGTACTTTTCCGTTTAATAGTCGTTGCATTAATTTTTCTCGTAATGATAGCAAATCTGTTCAGGTAGAAACAGGCTCCGAGGGATGAAAGGTGGGTCACCCTAACGAAAAGTAAGTCATTAATTATATGAGGCACTAAATAGGC,1125,49.51,Saccharomyces cerevisiae
SEQ_912086,AATTCACTAACGAGACTTCCTTCAGCCCTATTGGGTAACAAAGATCGATCATAGCAAGAGTGGTCATCGCATGGTGACCTCGTGCGCTAAACGTGAACCTAGTTGGATAAGATAGAACAGCGTTAACGGCAGCTCCACGACTGGCTGAGAAGAGACTCGCGTTCCTCGTCAGAATTACGTGCAGCCCGTCTGAAACCGGACGATGTGACGTATGCTCACCATGAATGCGACTTCATATATACCCGTGGGCAAAGCCTTACGCTATCCGGTGCGGATGACACACCGGCTCAGACATGTACTGAAACCGTGCAAAGTGGGTAGAAGACCTTCGTACTTGTACGCACTTCCCTCGGGCAGAGTTATGAGGCTCTACGAGGTCCAGTGATTGGTGATAGGGCATATCCCTGGTCTTACATTATACATCAGGATATGTATTCAGTCTGCGTCTCATAAACACGCTGTTGTGTCCATTACAGGCCACAACACTGAGGTCTCATATCGTTTTTCAATCAGTCTCGTCTATGCCATAACCAAGGGTGACCGCGGGGCACGCGTGAAAAATGATGCAAATCTTCTTCAGACCGACCCCATCAGAAGAACACCTTTTGTTGGATCCTCAGAAGCGCTTATAAGCATTCGTGAACTAACACAGACATTCAAACTGTTTAGGAGCTCCTGACCGAATTGCGATTAAGACACCTCGCGGCCGTAGGCGAAGAAGTTAGATGCCCCTCGGTTATGACGACTTCTCGCAGATTGAGCGTGCCCATCCTTTATCGTTCCGATTCACGCGGGTCGGTAAGCGCGCCTAATTGACCGTTTGTACCCCACACCGGTATAAATACGTATACTCGCTAGGGTCGCACTTCCGTGGTCCAGGGCGGTCATGACCCCGAGGCCATCTACAACCTGACGAAGCATGACTCCGGGAAGCCTTCACACCCGATTGCCGTAATGGAGATTTTTTCATTCTCGCGGGTCAGGATCCACAACGCCTCATCGGATTTTGAGAAATTCGTAACGTGTACTCCGGTATAAATAGAAGCTGACGAAGGCAACAGCATCGGATTCCGACTGCGAGCCGGGTCTCCAACAGCAATTCTAGTTTACCTATCATATCTCTTATTGATAGCCCCGTATGGCCACGATACGTATGTAAACATTTTTTGCAGAGGCTGA,1179,49.62,Homo sapiens
SEQ_115107,CCATCGAGACTCTATTATCCCATGAATGTATAAACACTTTCTTCCCTCGATGTAGTCGACCCAGTTCTATCGCTACCGCGCCGCCGGCGTTGAGAGTCCTTTACATCTCGTTAGGGTGCTGCCCTTAACGTCCCGGTCAACAGGCTCCCCTGCCTTGACCACTGAGCACTTAGACACTGTCTCAATCTCTCTTCGAGAAAGAGAGGCAAGGCAGGTTTCGGATGCAGTAATAATGATCTAACCGATGAAACCAGGGGAAGGCTACGAGGAACAAATCACACAGCTACATGTAGATGGTCGCATGCGACGTTGTGGTGATATTATTCGAGATTAACTGTATGTTCGCGGGATTAAGCACAGTGAACGGTGATATATACGAGGCCTGTCACATATGAAAAATCGGCGTTGAGTTCATACAGGACTTTTTTAATCCTAGAGTTTAAGTCGTCTAACACGTACAAGGGACGAGCATATTCTGGAGCGAAATGCTAAGAACCCACGTCAAGTCAGGTGTCAAGTGAAATGACTGTACTTCATTTACCGGCCGTACATGCTTTCGCGGCTTTTAGCATAAGGAACGTAGGTTTGTTAAACTACAACGAAGTCCTTCAACTGTTCGCCAAGAGCGTATGACGATTCTCAAATGTCCCTTGAGCTTGCAACGCCAGGATGAAGCCTAAACAGTTCGTCGTATTGACAGCGCCAGGCGGCCCGATGCTACCTGGCGATTTGTAGTGATGGGGAAGCAGGGGCCCGTGGATAAAATCCCGAAGAATGGTCCCCTAATACAGACGCGTTCTACTTGCCTGAACTTCTCTAATGATTGTTAGCCACCTTTGCATCGGAACGCCCTCAGTTATAAGGGGAACAGCCCTAACGCCACACTTTTGGTAGTGGGCGGCTCGGCTGAATGGTAATTGGAGCTCACTTAGTTCCAGAATTCATGCAAGCTCTTATAATTACCGACGCACATACTTTACTTAAGCTACGCGTTTCTTAATTCGCATATACTGCGGCCCAGTCCCTCCGAGTATTGTATCACGGGGCCTGGGCCGGGGTGCGCCCAATTAAGGTGCCTGGTGTGCACCATTTCCACCTGTGACGCGACCGATCATGATAAGGCGCTCGCTCTGAAAGTAGTCGAGCAGTGGTTGCCCCACAAGTTGTAGCATAGGATATTTATGGTACTCGTTAGAAATGCGTCTCCCCGGAAGTAATTAAGCGATCCTTGGGAATCTATTGCCCCGATCGCGCCCCATCGTGTGGCTATCAAACTGGGCTACTGATTTGATCACGCGCTCCTCTCTCATGAGCGTGAGGCATTAATCTCACGTCTACGGTGGTACTCCTATGTGTTGCCAATGCAGATGCTCCACGTCGATCTATGTACGGTTTTTCAAGCGTGGGGAACCCCTATCTATGACTTCTAACAAATAGCAACTCTGGCGCATTTTTGTCGCCGCGTGCCTGGGTCCGTTTAGATACCTACTCGGGTTTGGGCATTCTTGGGGTGAG,1515,49.31,Caenorhabditis elegans
SEQ_771198,ACTGGTGATGTCCGCCTGGGCGTCAACGGTACTTTCTCTTTTGTCCCAGTGTACGGCTTTCGAGCTCTGGCTCCGTAGCGGGAACACTGTTATGCCCCGAACGTTACTTTGCATTCCTCGAGTGTTCGAGGTTAGCAAGCGTACTCACGGATTTTTCCCAAGCGCGGACGTATAAACCATGCTCTCGTGGGACAGTTCAGGTTAAGGGTTAACTGGACTTCTACGAGTCTGTAGGGGACTTACGTCTCCCGTCGAGCGCAACAATGAGAGACCTGATATAGTGACTGCCACCCTATACGGTCTCAGAGGTTTTAGTTAAATCGGTCGGAGCAGCGGATCCGCTCACGGTCACCGATACCTGCTACAGCGTGTTCAGGTTAGCAACGCTGCCTTGAACTCACCATGCATTTGGAATTTATCCCACGATCCGGATCAGAAGAGTCAATTGTATTGCCTAGAATAATTTGGCCAACCCCCCGTAGCCGAATCAGCTGTAATGTCAGCAATCCAGCGACTCCCGCAAGCAATTGGTGGAAGTGGGTCGTCTCGAGGAAGAGGGCCCACGTTGGCGCTTTATCGACATGGAAAGCGAGAGATTTCTCTCGGGGTTACACACTGCGCTGTAGCTTCGGTGGCAGGAACGGAGACTCGATACTTCGTTTGTCACAACGCTAAGTA,678,52.06,Drosophila melanogaster
SEQ_394059,GAGTATGCAGTTGCCGTTAACTGTTACGGTATGATATAAGATCCATCGGCTGGGTCTTGAACTCGCCACCTTTCCTTCGGACTATGCCATCAATCTAGCTTGGGTCACCGCCAGTCTACGCCAGCGCCGTCAGACCCATGGGGCTCGTGCTCATATCTTAAAAGTATCTGCAATTCATCAAACTCCGCACTTTACCCGTGCCGACAACTTAGGCATCCTAATGCATTGTTTAGCGCGCGTTTCGAATGAGCGATCCAGCTAAGCATACATGCCGAACACCATTGCTTGGTGCCGTTCTGAGGACGGCTTAACTATATCCGTATACTAGGAATTTTGTTAACAGCGGTCCGCAAGAAAGGAATGACTCTAAGTTTACGCTATGCGAGGGACGTTAGCACGTGCTGCAGTAGATTCGCGAGTCTGCCGCGTGCCTCGTTAAGTGAGCATACGCGTTTCAGGGACAGAGCATACCTAACCCGATCCGACGTCTGTCTTCCAGGCTGACAAAGGATCCACCCCTTCGATCAACCGCATTCTCTCCTAGTTACCACGTTAAAACGATTTAACGTTACCGCAGGAGAGGCTCCTTTCACAATCCGGTCGCGCTGCGCTACTAAAAGCACTAGTGGCATATCGTTGAGTGTTACGCCCCTTTACATTAGTGCTTTCACACTTGTTCGTTTGACTACACTAACTGGCCATGCTAATCATTGACCCCGGGTCCTTAGGTATCGGTCGAATTTACGCGCGTCCGGTAACGGTTGCGCCTTCCGACGAATATCAGGTTACCAATCTAAAACATAGTGAGGTTGTTATCTAGTTGCCAATACACCTGCACCAGCCATGAGCGCATCAACGACCATCGTTCCACCCCTAATGCGGCTCCCTAGCTATCTTACATCCGTGACAGATCTCACGATGCGCAGCCTATGCAACTCGCACGTGAGTGCTCAAGGGCACGTAGAGACTAACTGAACATAACGGTCCCTACACCCGGAAAATCGTTTGTATAATCCGGTTCCCTATCTGTGCTGATACGCGCCGCCTGGCCAAACCAGTCTTTTCACTCGGCCTTGCTCGACACGTGATTTTGCGTAAAGCTTATGTCGCCCTGACCCGGATCACATTATGTAGGATGAACATGTCCGGACGGCCTAAACAAGCGAAGGATGGGGGAGAGTATAGCTCTCCGTGAGCCGCCCACATAGGGTCCTGGCTACAAATTTGGACACAGTCCAGTTACGCCGACGATGCTTCTTCCCTGTCTGAAATAGATAGGGACTAGAACTTCGTGTCATTCGATCATCAGGGGGCAATAGCACGACCAAGAATATAAGCCTGGATGACGCGTGAAAATACCTGAAGCTGCTCTACTGCCCTCGTTGATCTTTTGCTGGAGTCGCCGTATACTAGGGTTTGGGCATAATCATTGTGTCAGCCCACGCCTGGGGATCAACGCACCCTGTCCAGGATCTCTAAACCACGGGATTTAGACGTTTCGTTTTGTGAATACCTACCATGTGTCCTAGTTTCGAAGTACTGTGCGGCAGCGAATTAACACACAGGGAGTTCCGTCACGCACTAAGGTGGCGACGCATTCCCTTTATACCGCTAATTGCGACAGTCAGCCCTACTGGCCGGTC,1643,50.7,Homo sapiens
SEQ_271564,CGCTCATCGGTGGCGCCCCGGTAACTCTTCTGACTTTAAATTTTCGTAGAAACTCGATGGATTCTTCAAATCCCCGAGAACCTTAGAAGTTGGTATTGATTGATTAATTCGGCTATTAACGGGCGGGGTCGACTCGTCACCGTTGCTAATGGCGGTGAAACCAAGGGCGAATCCCCACCTTGTGTCCTGTGGACTCACATTGTCCTCTGGTAGTTCAGAGAAGGGGATCGAGGCGACCCTGAGAAGGGTAACAGTAAGTACTGCGCATAAATAGTGTCAACACTCCGCGAGGTTAACGTATTAACCTATTGGCGCCTTTGCTTTTGTTTGAACTCGCCTACCGTGACAAGTTGGCTTGCAGGGATATGCAGTCTTACGGCCGCCTCAATAACTTTTAAGATAAGCATCATGGGTACCGGATTGGCTCACGAATGAGCGCTGTCGATTTAAAGTTTTCAACAGGGCTAGCTACGGAGGTGGCTGTTTGGGCGTACATGCTACCGTTAGCTAATGTGCCTGGATAAGAAGAACGCTGCACGATGGCTTTTAACCCACGCTCCTATTGATCGAGAATCGAAGCCTTACCCCTAATTGCAAAGGAAGGTATCTGGTGGGTTCGTAGAGTGTACTGCAAAAGTTGGTCTCCTCGAGATGGCGTTCACTTAAGTCATTAGTCCTATGACTCTTCGGTATTATCTGTAGCGATTTGTTGGTTACTCAAGGGTATTGATCTGTGGTAACCAGGCGAAAATGTCTTGCTTGGCGTACATCTTGATGGTAAAGAAGTTATCTAAGTTAAAAATAGTAGTACAGCATAGACCCCTAGGGTTTCAACCTCGTTTACAACCGCGTAAACGTTTGTCTGGGCACTCGAAAGCGTTTCTGAGGGCTACGACACCACGTGTGGTACTGAGAATGCACAGTATATTATATAGCGGTGCGCAACGTAATAATAGCCAACCCTCTGACAGACCCAGCCGAGAAGCTCCAGCCAGTCTTAAAAGTGCACGTTTCCGTTTCAGCCCGGGTACGATGGGACGGTATTTCTGATTAATCGAGCGTCGAATTGTAACTGGAATGCGTCAACGCCTCAAGCCTCGAAGATTATCGCATGAATTTGGGACTTATCACCATCGGATGTGTATACATGGGGGGCCCTTACGCGATTTTAATCTAGCGCTGTTTCAGATAAATGCCAATCGAGAATTTATCGCCCCTGGCTCGAATCTTCGGACGCCTACTCCCCGCATCATCAATTCAATTATCCGCTCGTACGGGCACCGATTTTTTAGGATATCGCTCCAATTAGCTCTGCCGACCTGCAACGCCCGGGCAGCCTGGGGGTATCTTCATATCCTCCAGGAGGTACCGCTGGAACTGCGCCCAAAAGACTATGGCCCGGCGTGTTATATCGTGGAGACAAACACGCCATATGGGATTATTCGTACTATCCCTGAGCCTGGGATCTGTGGGGCTAATGCCTTTCTAGCATTGATACCCTCTGTCCTTCTAGGCTCTGTGGTATCCTTTATTCTGGATATCCTTCATGGGCGGCAAAAGCATGTGATAAATAATCTCAGCCTTGTCAGTTCTTCAGTGCGCTGCACATTCATAAAGAGACACCCCTGCACCCTGATGTACGTTAGGGAAGTCCGAACTTTTCACATATTCCAACCTACCAAGCGATACGACGTAAAGGTTT,1702,48.06,Homo sapiens
SEQ_718493,ACAGCTGCCATGTGGATAATTAGAATAGGGAAGTTCATGTCTGACCTGTGGTTTGCTTCCGTAGTTGATTACCTTACTAAATATTTAATGAACCATCCTGAATGATCAGCACCGAAAGCTACCACCGTGGACCAGACGTGCTCAGCTTCCCTAGTCCACCGAGGCCTATATGCTTTTGGCGATTGAGCTTCAGTCTCTCAGTATAGATCCTGTTCCCGCCTTCAAACGCTCATTCCTCAGCCGTGGATCTCGGCAGGGACTCTGATGCTGTGGAAGATTCAAGTCTAAAAGGAGGAAATGGAGTAGTATGGAAAACAGGGGCAAAGGATGGTACTCATAATCGTCGAGCTTTTGAATTCTGATAGTTTTACTCAAATTGGCGCTGCTGTGAACGCGTTTATCTCAGCGGTCTCGAGCGTGAAAGGCGCATTTGTGACAGCGACAGAATCAATATCGCCCTGCGCAAGCGCTCTGTTGACAGCTTTGATGGTAATGGTTGCTCTCCAACTACATAACCTCACGGCACGATTGTCGAAAGTCCGAGTAACCGCTTCGCTAAAATTCCGCAATCGAAGAATGGGGTGAAGAACAACCGCAAAATATAAGACACTGGCGCAAGACTGGTTTGTTGCTTACATGTGCTCGTTACGGATTGCAAAGTGTAGCACGTTCAGCTGAATAGCGCGTTTTGGGCAGCTCGCCGAGACGCTAATCTAAGAATTCAAAAACACTAGCACTACGAGACGGCACATGCACCAATATGCTGTGGTCAAAGAATATGATGTGACACACCATACTGGCGACGGGAAGACTTCTAAGTATCAACATCGCGCGGACGGCATGCTGCTGTGAAAAGGAGTGACTGCCCTTACGCGAGGTGGTATCCTCGTGATCCGCTCCACAAGCTTCGTGTGCGCTAGCCAAGGATATACGCTGTTGGATCCGCCGCCACTCGGCTAAACTCTTGGTGGGTAACTGCCCCTGCGCATATTATATCGTCGAGATCTCCCGTCACGTATCCAAGAACCACCCACTGTTTAGCGGGGGAACGTCAAATTTACATTTTCTCCCTCACAGCGTTAAACCATGGCGCAGCCGGCCCTACAAGAGCTCCCCTGCCGTGATTTGAATCGTGTGTACTCGAGTTCGGGTTGAGCACGGGCACTCACTAAGCTGTGGAGCACGTCTGGACGGCACCTGTAAATTAGGAGTGACCTATCTTAGAAACAATCGGGTTGACCTGGTTAGGGCGCGGAGCAAATTCCTGCTATGGCCACAAGAGCTGTAGCCGCAATACTGTTGGTCTTACAGGCTGATGGCGGACTATCAAAAACGGTTCGGGCAACTTCCCGTAAAGAGCAGGGACCAAGCACCGTGACCGCGCGATGTCCTACAAGCCCCGAAGTCCCCGGACCGAAACTATGTTGATGGGGGTCCCAAGGGGATTATGCTCTGGTTTGTTGGTGGTTAAACAAACTGATGAGTGATTCAACACAAATGCTGAAACAGGACATACACGTTGCGTACTTTGTGGCCCAAGGGCCACGATAGAAGAATATTGAGGCCTGGTAATACGAAAGGGGGAGACCGAATCGGTAATCTGAGTCTTATGGGGTCCCTGAGAAGCAAGGTGCGCACCGGCAGCACGGCGACTCGGGTTGCAGTCCGTGGTTGGAATTTCATAATGCTATTACTGAGCATTTGTATGTTGGTGGAGACACATTTTCATGGATTCAAGTAGATATACGTTCAGTTTT,1757,49.74,Escherichia coli
SEQ_504692,TCTGCTCCGATGAAATCATCGGAACCAAAGAATATGAGAGGCCATGACATGGGTACTTCGGCAAGATCGGATCGATCCGCCAGACGTACCAACAAGAGTCCATGGCCATGATCCAAACCCTATGGTCAAAGTACACGGGGATCGCATCTCTCGATTTTCGAGCTCGGTCCCGGCGTCCCAGGGGGGAGCGAACCTTCTGAGTGTCGTTTCGGGAGCTCTAAAACGCGAGGGGACCCGATACTGCGGAGTCTGCAGACATTCTATCCCCTTAAGGCAACGCAGTGGACTTTGGATCGCCACGAATTGCGTATTCTGGGAGGCCCAGCCCTTCGTTGGGTCGTTCGTATCAACAACCACCTTGAGCTAACCGAGCATATTTAAGACCGCCATGGTATGTCATAACAATAGGACGTGGGCAGCCAGACAATACTGAATTGTTACTCATGCACGGATACAGTCGTTGGCAGGGCGCTCCTGAATCTCCTCTAGCCACCTATTAGGACCTTCCTGGTCGAGCGGTCGGCTACCAGAATGGGCTGCCTCTCAGGCTAGTGTATGATGTCATACTTGCTTTACTGTAAGTGCGAAGAATGCCACAACGGGGTCTCGCTGCCTGCCAAGCCGCCTGTGAACGTGCGCCTAGGCGTTAGAGATATGATCAATCTGTGAAAACCCACCCCGCTCCCGGTTACGGGGTACACACCTGCCCTAACAGTCAGCAACGAACCAAACTTGGCATGTGTCTGGGTTTCATGGGTGCTGCAATAACCAACGAGTTAAGCTGACATGTTGTACTTTCATCTACTCTCTAGTGGGGATTCTCTGTTGGGTTTATGTGCCAACACTTTGCTAGCAAAGAAATAATGGTGCCCATAGTGCCATATGGCACGCAGTAGACATTTAATAAGTTTGGTGCTGGGCCTTCCCACTAGAGGTCGCGAAAGGAGCATGATCTGACTCCCCACTCTGATGCAGTCAGGCACTGGGTATTAGCTGGACGGGCCGGTATCTAACATAAGCTGCATTCCTGGTACCTAGCACCGTGAGTTTTTCCCCTTCTTGCACAGGGCATCTATCCCGTTCGGATCTCTACTACCCTGTTGTTCGAAGAACGGGGGTGTCTCACCTAAGTAGATTGGTCGCGGCTAACTCCGTTTAAGCGGCTGTTAGAGGAGTCTTAATAGTACCCTTCGGAAAATCGGTCGGATATATCTGGTCTCTAGAGCACTGGTATTTGGGCGTGCGCCGCGAGTGCCTACTTCGCTTTCGCGACCCGTGAGGGCAGAATGCTTACAGCTCTTAGTGAGCGGTACCCACGTTCAGAGAGGATGTAGAATCGTCGCGCGTGATTACGCCGCATCTCGTTTTAAAGAAAATATAACAAGGAACGACTAAACAGCCATCGTGGTCCCCCATTCCTCGGCGAATTCCGCAAGTAAAAATGAACGAATATCAGTTGATCCTGTTGACGTGGCGGCTGAAATTAACGACAAAGGGGATTTAATGTACGATCTGTTTAAGTAACTAGCTATTCACCGTTCCAGATGCCTGCCCCTGGGCATATACCTAAAACTAATGGCCGAGGCTCAGGTAAGGGGTGGTTTACGCTACAGCAAGTATCGCTATAC,1628,51.04,Homo sapiens
SEQ_126097,CTCGGAATTGCGGCTACAAGAACTGTTTTAGCAACGAGACAGGACCCGACGAATTCCTTTTCGACTGTAAGAACCCGTCTGCCCCCAGGTGCAACAAAGTATAGTACAGCGGGGCTCCAGTGATAATTCCTGTACTTATCGTCACATAATTCCAAGGTCATTAGAACATTACATAATGGACTTAAGTCAGATTAGTTGTCACATAACGGTAGTTAAAAAATATTGCCCTGCATACCCTTGTGATGTAGCTTGTCGCGGCTACCCTTCAACCGGAATAGAATTTACGCCCTACCGTGTTCTGTGTTGAGAGTGCCGAAGCTGCTATCAAAGTGGACCGTAATCCACCCGCGACGGTGATTGGCCAGGTACTTAGTCCGGGCCCAGATCTGACGTCACAGTCACCAGCTCTGGAGCCGTTGAAATAGGTATAGACATAGGCTTTGGCGGTCATACAGCCTAAGCTGTGATAAGGGCAGCCAATATCGCACCGATACGGCTCTTTTTCCTCCAACCTATCCAGCCAAGCACCCGGAGACGAGCATCGGGGGGCATAGGAAGGGCAAACGTCACTGTGATAACGTTATCCCCGGGTGCGTCACCAGAGCTAGGACTCTTCCCAGAACGCGGAAAGGTATAA,637,49.92,Caenorhabditis elegans
SEQ_723448,TGCTCCCAATCGAGCAAACGTTTGTGCCCAATTGCGATGTAGGGGATCGTCGTGG,55,54.55,Arabidopsis thaliana
SEQ_816382,GTTAATTAGCAAGGGACTGCAGTAACAGCAGACAAAGAGTACGCACAGTCCGCCTAGGTCACATTCTCTTTTGTTTAGGAGAACGCTAGTGCGTGGACCCTCCGACTTTTCGTGGGATTATTAAAAAGGATGGAAATCGGGTAACAACCACTCACGACAAGTAAGGTGGCCGGGATTTCCCAACTCAAGATGAGGGGTCCCTTCCTTCATCGGAAGTGTACAAGACAGTGTTCCCTTGCCGAGAGTTAGGATTGATCCTGCGTGCGTAGCTCAAATATCTCGGAATCCCCCAGTCGCTTATATCAGCCGGATGTAGGCATATTATTGCCTTTTCAAAATTGCGCAATTGGCCCCATCAGGTGGTCCTGACCGCCCGGTAACAAAGGACAATCCTACGTGTGGACTTTTCGTCACTTTACTCCGGAAAGCATCCACTAAGGGCAGTCGGTGCTAGTGTCGTAGATGAAGGCAGCCTAGAAGGTGGAGAATAATTGCGCGGTATGGCAGGGCACGACCCCCCACCCCCCGGTCAGGTAGGCTCCGAATAAAGGAAGAGGTAAAAGTTACACTCTTGCTGAGATACCTGCTGATTCGATGTGCCAGTCAGGATTGTCACTATTCTCAGAACGAAGTGAACGAGTGGTATACCTCACTTCGCCATGCGGAACTGGCCAGTGGATCACCTCCACACACACAAACTGACGACGGCGCATGACCTGATGAAATTGCCGTAACCCCAGAGCGTTTGATTATATCGAGACCTCGGGGCAACTTTGAGCACCACATATATCCGATTATTACCGAAAAATATGCCACCTCTCACTCTTCGACTCCAGTCCGTAGATTTGCCACGTACCCCGCCGGCGAAAAGTCGCACACTA,881,50.4,Saccharomyces cerevisiae
SEQ_935939,CGTCGGATTGCATAACGGTCGCACACTTGCGTTGAACATCTCCCTACATAGATTGCCGAAATATTACTCAGAAGGAAACGGGTCGCACGTTGGCCATTGTCTAACTGGCCTTGTAGCGACCGTTGACTTCCCGCCCGTGAGAAAAGATATATCGCGGTGTGTGGGCTCATGAAGTCGACTTTCCAAACTAGAATATTTGATCAACCCCCTTATTGGGAGTACGATCTGGTAGTGGCCTTGGTCATTGCGTCGGAACTCTCATAGTAGGTAAGCGTTTTGCGATTGACTATCCATTAGCTTGACCTTATAGCAGTCAGCGATGTACGTGCGGGCAGGACGTCTACTTTGCTGTGTGCCGGACGGCCCGGCGCAGTTGTTTGTAATTATCGAAGCACAATGTACTCCTGACGGGCGAACCTTAATGTTGGCAGCGCGAATCCCGCTGTCTCTCTCTGTTTAAATAGAATCGATTCTGGACGAAAGTCCTTTGAAAGGAGATCAACCCTGATTTGGTACTCTCCTCCCGTGATCCTAGTTAGAAGCTAACTGCGTCGACAACGCCTCCACCGCCTCGCTCTAGCACCCTGATTGCTCAGATAGGCCTTCCCCTATTTTTGCAAATAGCGTTGCCGCGATGTCTTTGCGGGAGCTGCTCACAAGTGGCCAACCTACAACCATAGCTGGCGATAGGATTGCTTCTTTCGTCGTCAAGCATGCACAGGGGAGTAATTTTAGTTCCACGAGACCAAGAGTACAGTGCATGGTCGGTCCATGGATCCTAGGCCTAATAACTAACCGAGTACCGACGAGGCGCCTCTGCGCGTGCTCCGCGCTGTATTGGGCCTTACCCTGCGCTCACCCAGCATCTATATTTCTAGGCGGAGTACTGAGCAAACCATCATATACTCCCTTAAAGGCTACCCGGTACTTGGAGGACAACAACACCGGTTCTCTCTTAGATTTGGGTCAATGGCCGACAATGCCCTATCGGGCATGAGTACTTCACAGGAGTCCTTACGTGGATCAGGTTCATTGGATGGGGCGCCGTGGTATTACCATTCCCAGCTGGTACTTAATAGTCGTTATTCATCTGAAATGTAGCTATAACTAGCATTTACCTGTCTATCTGAAGACACCGCTTGCCAGCACCGGGCATAAGGGCACGTCCCTCGGTTACCTTGGTCTCGACGCCAGAGGCAGAAGTGACGTTTGAGAGAGTTCAGATAAATGGCGCCCGCACCCGTTTAACCGGACCACAAATTCAAACCCAAAGTGTCAACGAATGGGACGCCAAGTCAGATGATCGCTGAGGTAGCAAGGATCATGAGATCTTGAATACTACGCATCAGGAACACGCAAAAGAGGCCGCAGGAGAAACTCTTTAAAGGCGTACATCAAACTTGTACGTGTATTCAACCGTTCCCGTTGGGGCCATTCTGCCGAAGTTCCCAAAAAACGGCGGGAATCGAATAACCTGGCATGAGGGCGGCTCCCGGGACGCCGCCTGCCCAAAAGTAACAATGGTTCGCGCCGGCTTTAGTGCATAAAAGG,1551,50.93,Mus musculus
SEQ_163224,CCGGACTAATCTCCATCCGCCCACCGGCTGTACATATTGCAAAGCAGCTTTTACAGTACTTGTTCGCGTAACAACCGCAACGTCCGGACCCTCATTGTGCGACCGACACAGAGAAAAACGTACAGGGTCAGTCCCTACCGGCTTCACACTATAGGGTTAAGCTTAGCACCTCGACTTGCCGGTGGGAGAATCATGAAGATGAAAAGCTGATAAGGCCAATGTGCGATGTACGACATAAGGGAGGCATAGGATAGACTATCATTCCTCTGCTGGTCTCGACACGTCCGTGACAAAGCAGTAGTCGTCCAATGCAGCAAATTGGCTGCCGGTATATCGGGCAGGGGACGGTTTAGCTTTATCTACTCCTATTGGCCTATCTCTGAAGGCGATCACGAATGCGCACTAGACGATGCTATCCTCTACCCTAACAAGCGAGAGATGCGCGAATAAACGAAGAATACCGTGTGATACGATCCAACTGCTTATGGTCTAGAAAGTCGGCTTTTGGATGTGTCTTGACTAAAATTTTATAGCTCCAGTGGGCGCGTTCGGAAAAAACCCCTACCCTGTCTTGATGCAGTGAATCAAAGGTAGCGGTAAGATGGGCAATGGTTTGTGGGCAATTCCCACCTTTATTGCCGCGTAGTGTACTTGGAGAGACCGGTTTGAGGACAGTCATGGATAGTTAAGAGATATAAGCACGTCAACCCTCCTTACGATTGCTTCCTCAAATTCCAGATAACAAATCTTGCCCGACCTGACTAATTAATGTCGGCTGCAGGATTGCTTGTGCTCCCTATAATCAGAGTCTGGGCGATTAGGTGCCCTCGCTAATACCGCTAGCTAGTTGGCATTCGAAACCACCAAGTGGCTCGATGCTATCGTATAATACTTGCTATAGTACAAGGGGGACCGCTGGAGGCCTCGAGCCAGAGTTCTGAAGTTTTACACGCTTTAAGCTACTGAGAAACTATCTTACGCGCAATAAAGCTGTTCAGTCTCTTACAAGATTACTCGGTTGTACTACAACTATGTCAATCGTACGGACAGTAGTGTTAATACGTAGTAAATCTGCACCGGTGGAGAGTGCAAAACCAGACTTGCTGCAGCCACGTAGGGTAGCATTAGCATCCAGGCCCTCTGACGTTATTCCGCTATGGTTAACTATAGCCTTGGGCAAACTGCTGAGCTGTTCGGGTCTGCTGTGCGGTCAGAGACAGTCGGCAAGCAAGAGTTGTAACTCCCTGACGCGACGTACACGACTCCTAGCAAGCCTGGGAAAACTTCCAAGACCCCTAATCGCTTGTCCAATGGTTGTAGTCCCGTCCGTTACGAGAGGGGCTCCCCTGTACGACTGACCAGTCACATAAAGCCGGCCAGACTAACAGGCGCCCTCTATTAGGTGACTACCACGGTTGGTCTCGTTTGGGGCGTGTAGTCGCGCTTGAGGGCTCCCAACCACTAATTCCCGGACCCTATAGTGCAATAAGTAGGAGCACAGCAACTCCGTGATACCACTATTCTATTGTTTTTTTATCCATACACACACCGATCTGCTTAGTAAACGATTTCTTTTGGACGACGTCCTCGAACTGATGCCCCTAAGCATTGCAACCCTTGATAAATGAATCACTTGTAGGCTATGTCGGCAAAAGGTAAAAACGAGCGTAGGTCCTACCAAAAGTTGACTCTGATCTCTATCGGGATGCGACGTAGTTGATACTAGACGTTAATGACTGCAATCCCCGAAACTAACTTGGACTGAAGTCAAGAGTGACGACCGGTAGGACGCGCATTGTAGGTGTGTCGGAGGTGGCGGCCGGGCACAGTAGTACATGCAAATTTTTCCTCAAGTTCATGTTACACGAAATTGTTCTTG,1879,48.75,Drosophila melanogaster
SEQ_456502,ATCGGTCGTCGTTTTACCAATAGACTCTGCACAGACAGTTCCTATTTGGCGGTGCGATGGGGCTGTAGATATGAGTGAGAGTGCGACCGATGGGGACTGGAGATCGATTTTCCTCCGCAATCCTAGATGTGGTACACCCTGTCTGCCGGGACTCGGTTAACTTCAGTTTGACTGCCCCCTGGCTTCTCACTCCCCAAGACATATTGTATTAGAGGAGTTACGGCTTGCGCACTACGATTCAGTTAGGCGAAAGGACACCTAGGAGAGCCCGCTCGGCCTCGAGAGTATGTGAATTTTGCGGGAATCTGGTGAGCTGTATTAAGATAGCGACGGCAGTGATTCCCCAGGGCGCTACGTACCCTGATGCCGTAGCGCTCCCCCATGTACGTGGCGACCTCTATGTCCGATGCTAGACTGCCACCAACGGCGCCATCTCCCTCCGGGGAATCACCCCGCCAGGTCGGGGCGGGTTCCGCAGGCTTTCGCGGTAGCATAGCTTTCAGAATCACTTCAGCCCGTAACGTTAAACGATTCTCAGCGGGTTAGACCCAGTAGGGAAACGGATGGAGCCACAGTCGCGAATAAACTCTCTTAGCCATTAGTCGCAACAAAGCTGAGTCTAATAGGATTTACGACGATAAGCTTATCGAAACTGAGGATGCGCCCACGTATCCAGGCTGCGGCATAGGTGGCGAGTCAGAGCTAGCTAGCATGACTTCATCTATCGCTCACTAC,735,53.88,Mus musculus
SEQ_895594,ACCCTACAGATAGGGGGTCCTCCCTAGAGATCATATTCTTTAGAGATACCGAATAGACTCATCTGAGGGCGTTGACAGTGGGACCGCGAATGTTTTTTAACAAACCCATTAAGTTACCAGGGTCGAAAGATCGTTGCGAGCCCAAAAATTCCTTGGATTATTGGCAAAGACCCTATGCCTTCCGCTGCAAGCGCAGCCACTTGGGAGGGGTGCCGTGGCTCCGCTTGGCTCCCCATATGATAACAATGTCCTGCGACATGGAATCCTTCCAGGTCCCGGCTCTGAGGTGTGTGCATGAATCGTACTGATCACACTGTACCGCTAATCCGATTACCCCCAGCCTTCTCAAACGTCGTTATTCGAAGAGTTCGCGGAGGAGACTCCGCCATTCGTTCTTTGGCTGCCGGGAGGTTGGTACCATAGAATCTGGAGAATTGCTACCCTACACGTCCGGTCTTTACCAGGTGCCAGCCAGAGACTGACTTGAGTTCACACGTGCCACAAAATTATCGCTCGTCCTTCAAGAGCCTTTCAGCTTAGCGCACTCGGCTAGCCCCGTCCGATACTTCATGAGCCAGAATTGGATAGCTTGCCTGGTCTTGTTATAAGTCTGGGCAGGGTGATCGTCATCGTTTAATAGCCCATCGTTAGTACCGTGCTCTTATTGTAAAATAGATTACTCTTTCCTCCCGGAAGTGGTGGGCTAGTAGGGCG,714,50.98,Drosophila melanogaster
SEQ_418727,TCTGGCGGAACATTAATTATTGCAAAATCTGCCCAGGGCCCACGGACATACAGGTGGCGCGCAGCGCAGGGCATCCAGCACTTAGGTTGCGGACTCATAAATTTTCGGTGATTAA,115,51.3,Caenorhabditis elegans
SEQ_854133,TGGGGGATATACGCTTGCCAGTTAGTGTGGCGTATGTCAGTCTACTCGGTCCAGAATATTAGCAATAAACAGTTTTCGGAATGCCAACCGCACCATCGGGGGGAATGTGTTTGAGCAAGGCGTCTTAAAGATTCTGACCGATTGGGTATACGACGCCGTCGACACCCTGAATGATTTTCTAGGTCAAGTGCAGACAACGGTTGGGCCGCTAGACGGGAAAAAGAGGCCGCCCTAATTCTTCGAAGTGGATTGTAGGAGAGAGAATAAATATCTTCCTTCGAGCTCCGCGCAATACGTGCCACTCATCAGATATGTCGGACTGGTAGTAGCATTCGTATTTCGACCACCATTCTAGTACTTCGAATTTTCCATCGACTGAGACCCAATTGAAACCTAGGGAAATTATGTAAACTGCGTGGGCTGGCAGCTCTCGAAGTATGCTATACCTCTAGGATGTTCCTGAGACCGACAGTGCCGCGACCGCTGAGTCTGAAAGGGGCACACAGAGTCTTGAAATTAATGGTCGTCGTTTTCTTTATAATCTACATTGGCAAGCCCCAACTCGAAGAGAGCGAGGTCGATTCTAAGGGCTACTCACAGGTTCAATCGCCCGTATGAATGCGAATTCCCTTTCCGTACAATCTGACCTATATAGTACCTGTCGCCCAAGCTAAATCCACACGCTCTAAAGTCTTGCCGAAAGGTTCATCGCATTCACCCAGAATGCATGGTTCGAACTGCACACCCCCCTTACTTAGGTAAGTGGCTCCAGAATGACTGCCGTCACCTTGTATAGTCACGACTCCTGTACCACCTTACGCCATCCCTCTTCAGTCAAGGTCCTTAGAGTGGATGGAGGAATCGGTAGGCCCC,873,49.03,Drosophila melanogaster
SEQ_842239,TCTGCTCTCTACGCACGGAGACAGCGCCGGGAGACACGAGTTCTGGTACAATACAGCCATTTGAACATCCCGTCGTCCTCTTAACTGAAGTCGGCTTTTCTTTCGAGGAGCAGCGCTCACTGGGCCCAGAATACACCATCGGGTAGCAATATGCCACACAGTGAAACATTGTCTTCGGTAACACGCTAGTCGTTTCACCGACGTTATCAGCCGAACCATACAGTCTATTATTGCGGCAGCGTTGGGTAAATGACGACTAGTAGTTATCTAGTAGCTGCTGTCACTTACCCCTCCATTTTACCGTAGATCCGTCCGCTTTTCCGAGAAAGTTTAGTAACTCAGCTGATACCGGATAACGATCTTACGAAATTCTTCCTATATGTCGGTTGGACGGCTCTGGTGTCGGTTTCATGATCTTGCTACTCAGGAATGGTCCTGACCTCGGGTACCTTGTTTTCAAAGCGCATTTTACGGAGTCTCTGTTATGTGAATTATGCCTACCTTGATGAGTACGAGAGACAGAATGCGCGAAAAATTTAAGCCTTTCAGGGCGTTGTTCATTACGCAGTACGAAGGTCATGGCGCCCGAATCAATTTGCAGCCGTACGACAGTAAGGGCAGAGAGGAAGGACGGAAGGAAAAGCCCGACAATCACCGCTTGCATAGCATCTA,672,48.51,Homo sapiens
SEQ_562646,CTGTGGCCGCCAGACCCTCAGCAGCCTGCCACGCCGTTGGTGATCATAAGGAGTCTATGAATGTGCCTCTCACCCCAGAAGTCTAGACAAGTTATAAAGGACGGAGCTGAACGGACACCATTCTTGGATCGAGACGGCTAGTCTGACGTTAGGTACTGACCCTGTTGGGTGGTCATGGCTCACCCCAATTAGCGTCTCTCCACTGTAGTCTAAGGTGAATCCGTGACGGGGTGGGTGTGAGATGACATTGCCATTCAGATCAAGTAGTGTTAACGCGATCTGGAGGAGCGGGAGACCCTCACCACCAGCTCAGGATTCAATGATCGTACAGGGCTTAACATTAACCTAGTAGACCGAGATCTGGATAGTCTGCTGAATAAGATTTATGAGAGAACCCTGCAGTTGAACACTGGCCCTCGTTACTCCGAACTCAACTACGAGTTACGCTGTTGTTGTGGGTGCAAGTCTGCCCATTGGCAACCAGTCCTTCCAATCTCGCCTATTCAAGACCTATAACTAGCGGGGCATTCACCAATGCGGACAGATGCAGGGTCTAGGCTTTAATCTGCTGCACTGGG,578,51.56,Mus musculus
SEQ_688963,AAGACTTAGCCGGGCGTCTAGCATACGGACCGCGAGACCGAGATTTCGAAACCCTATTATCGTAACGCACGGGGCGCGCGTTATAAATGAATCCCGGTCCCTAGAAGTGCAGACGATCCAGGATTTAGCACCAACGGAATTGTCATAGTGTCGAGTTCGAGCCTCGCCTCACCGTCAAATTGCACATTGCATAGTTGAGGCAAGTTGAACGGCGGGGATGTGGTCTCCTGCGATGCTGGAGGGTCTAGATAGCCCGTGGGTCGTTGCGTTCAGTCGACGCGATGACAGGCAACTCCAGGAGGATCATCCCGGCTAGGGGGAATTTGTGAGCTTAACTTCATACATTCCTGTCAAGGTAGTGGAATGAGAATGGCTAGTACGCGATCGTTGTTGTTCGGCTATATACTTGTTCGCGTTCTGTGGCAGACGCGTGGCGACAAAGGGGGCTTTCTGGGTAGGTAAATGTCAATTTTTAACCTCGCCAAACGTGTGAATCTCTGCGTAGGCCCTTATAAGAAGACGCTTTCTAATTAGCCATTATGTCATAACGCGTTAATGATTACATTTATAGGTGGGCTTAAAACCTGTGACTCTCTGGGCACTATGCACTTGGTAATATACAATCGGGCGGCATCTACTAGAACGCACCCTCTATGTACTCTTCCGGTTTTGCAGATCCCTTGACTCTTACGGGAGGATAAATCGCTGTGTGCCACATGATATTGAAAGAATGGGGGATCTTTCAAGAAGTCTATCTAGGTTAGCAGGTACATGTATAGGACCATAATCGTACGCTCGTTACCTTTCACTTTAATGTGCCACTGAATAGAGGCGCCCGTGGCGACTCAACGTTGTTACTAACTTGCTCAGAGACAACTGACAGATAGTGGGTTCCCGCCACTCGCTCAAATTGGGCAAACGGGTCAGGATGTATCAATTATAATAATGGTGTGATTATTAGTATGTCCGTCCTGGGGTACAGAGTCGGTGAGCCTTTTGACAAGCTGTTGTGAGTTCGTTGCGCGGCGCCTACTGGAATTGAATGCGCTGAAAAGTTATCACCGGACCGGCCCCTAGCGTCTATGAGTCACCATAGTGGAGCTCTACTCACGAAAAACGACTTGGAGCGGTGACTAAATGCATTCCCTCCCCTGCCAAATGAGGTGCTGTGCGTCCCGACCAAAGACTTCTGGATTTTACGGACTTCCGTATTAAGACATCACGCGGAGGTTTAAGATTGGCCTTGGGGTCCCTTTGCCTTCCGTTACGAGTAAGACCCGGACTGAATAAGAACCTAGCTTAGCAGTTTTCCACGGTAGCTCGTATATGTTAAGTACCTACCCTCGTCTCGACTTCGCAGAGTCGTACTCTTTTACCGCAGATATTTTTGATCCTTTTAGTAACGCAATGCTCCAGTAGAGCTACCAGAGGCTCGTACGTGCCGCTACTGTATGGTGCACGCTGCATGCGGTTTTTGGGTTCATAGGGAGTTGATCAAGCACCCTGGTTCAGTTATCATTTGATTGGTTCCCATAGGAAGTGCGGAAGGGGGATCGGTTGCTGACAGAGATCATCATCACGGCTACGGCTGTAATCTCCGTCGTGCATCGACGACATTTTGCGAGATTGGGCCAATTATGGTTTAGCCAGTCGAATAAGCAGTTGATGACATTCGACCATTAAAGCGCGTCGACGTTTAGGGCATAAATTCTATGGATTTGTAGTCCTTCAGTTAATAGCACTTGTTCGTTAAACACAATAGGAGCTC,1768,48.47,Escherichia coli
SEQ_832543,GGACACCTGAGTCTACTACGCCTGACATGTGCAATTATTACTCCCGGAGGCATATAATTCAGGCTGTATTCTGCTCGGAATCGAAGGGGTTGGGGTTTGTGACCAGAGGGGCCGTCAAGGGAACGCGGTCGCGACCCAGACGTGACGCCGACAACATTAGCGTGCGATTTCCAGCAATCCCTGAGAGAGCAAAGTGTATCGTGCTCTGCGAGCGGAATGGAGCTTCGCTACCCAGCCCTACAGTTTTTATACCCGCGCTGTTAAATTAGGCAATCCACGGGCGGTAGATGTCACTAGTGCGACGCTGGACCGTAAAGGCCCCACGCCTTCCACTCGAACAGTAGGAGGCGAAGAGTATGCGTACGAGGTTAGTATCTGCGCCCCTAGATCTTCGCTGACTCCCCTCACGGCCCATCACCACTGGAGCCAAGAGGCCGGCCTAGACAGATCCGATACAGTGATCGCATCATTATGGAAAACGCCAGTACCAGTAGGCGGTTACTTCTAACCGGACTTAAATTAGTAATAAAGTTGTTATAAAGATTGGGTAAATAAATGAACAGATCAGCTGTAGATTTGTGAATTTTCTATTGAATTACGTCTAATAACGTCACTTGGCTACGTATAGGTATAATCCAATTACTATGACGGAATTGCTTTCCTTACCGCTGTGCTCTTGGGCAGCAGCGAAGTCAGTTAATTGAAACGTCGCCGCCACCGTTCTACTAGCACTAGATACTGGAAAGCTGTACCGTTCGGATTGAGCCTGTATTTCTCCGCGGCGCCCTTGAGAGTCGCGGCGCACGCGATTAAAGGTTGCTAAAATTCGGTAACCCTGACACCTCGTTATACTGCACATGCACTTTGGTACTTCGACAATTACTCCACTTATGCAAATGTTAGCTCGAAAAGCTATGTGGCTGAGTGGTAAGCTGCGCCTTACGCAGTATGCCAGTAAGTTAAATACTTCCACGAGTATTACGGTGTATCAGACCGGCTACGATCTACTGGCTCTAAGTATTCTACTCGGCCTGGGACCCCGCAATGAAACGCATGAGGGCAGGGTTGCGTCCTTATTAATCTTCTGCATCATATTGAGTTCGTTTGCTCTGGGGGCTAGGTCAAGGCAAGCGGTCAGCCCAGGTAAACACCGAGCCTGGCTCCTGAGCGATCTTGTCCCCGTTCTCATCGGAAAATGGATTGCTTTGCAAATATTTGATCTTGTGCAAAACGGAATAATGACGCTGGCCGTAAGTCTGTCAGATATGACGCGAACCCATGCGGAGAAGATCCCTTGCTAAGTAAACCATTTCCCTTTCTCTAAGTCCTCCGATCACTTTGCGAATGTACTCGCACACCAAAAGGGTTACGTAGCTTGGCATCGAAATAAAATTCCTATGGGCTATTTGATTTTTTCGGGTAACTTAGTACTGATGCTGGACAGTTACATCAGGTTGTTATGTTGGTCCTTTGTGGGGAGCGGCTGCACTGTTCCAGTTGCTCGGCTCACCCCAATCAGTATCTGACTGCACGCGTCATGAGTACTCATGTCACCTCTTGAGGAAGCCGCATGGACCGTGAGGTACTACTCGTCAACGCGGGCCATGGTATGACGAAGTAAGTCCCGGTGTGCAGATTCTATCAATTACAAAATGCGCACCCGAGGCGGTGTCGTATAGCCTAGGGGCGCCAACCACGTTTGTTCTCTAGGTCGGCGTGTTTCTCTGTGTGCGTGCCGTATGTAAAGTTTCCAGGGGACTGTGCCCTGATGGAAACGTCCCCAAATTTAT,1790,49.61,Saccharomyces cerevisiae
SEQ_386998,GGCCAAGAAAACCGCAAGATGAATTCCACGATGATGCTGGCTTGGTGAGTAACCGTGAAGGGCGTTAGAGAGACAGCCAGTCCAAGTAGGGTCCAGTACTAACCAGGGATAAATAGAGGCGAACCTACCGCAGATGCCACTGGCAATGTAGGTTCGCGGATTACAACCAACTCTCGGAGAGAACGTAAAAGCTGTATGCCTGGGAATATCTTAGACTTTAGCATTTACCCCTTCCATGCAAAGCGCAAAACTGACACCCGTTTTCAAACATATCTTTGGCGGCCCAAGAGGGCCACATGTCATGAGGAAGAAAACGTGCGTTGTAGCGGGCGTCAGATCTTTTACCGGGGAGGGGTCCCCTCCACGAAGATTTTCTCCATTTATCGAACATCCCAACCTGGTTTCTTGTCAGGACTATAGATGGTTACTTTTGCTAGAGTCTGCTGATTCTGCTAGTCAGGGGTACGCCCTAAACTCGCGCAAGCTCTCATTGTTCCATTTCGTCCGGACGTACTGTGCGGTGCTGATCTTGAGATTGGTTCAAGGGTGTACGACCGACGCTCTTTTGAGAGTAAGACAATCCACTTACCATGCCGGGCGTACTAACCTATTTCCTCGCTCCTAGGGGGCAGATGCTCCTTCAGTTGGACTCTATCCGTTTACGCCAGGGAAGGGAAGGACCGTCCATATGTACACTCTGTAGGCAGCGATGGTTTGCCGTAAAGCACGACGTTCTGGGTCGGCAATGGACGGATAAGGTAAGATTTCGCTACGTTCAAACGTAAGTCATCGCGTTTCCGGTGCTGAGGTACAATTAGTACATAAGGAAGGCTGAGCGTATATCTATTGAATCCTCTTTGGCAGAAATGAACTTGAATGGACACGGCAACTACGATCATGATCAATTAGGAGTATCTGCCGCAAACGGGGCACATCGCTTGTTCCATAGCCCGATAACTCCTATTTAATTCAGGGATCAAAGTAACAAGTTTATACTAAGGAGAATGCCCACTAAGAAGACCTTGACCCCTCGTCTCACAGCACTCAAAGTGCATATTACTTTTTATTGCCACTGCATTGTTCATACCTAATAGCAACTCTGCACGATAGTAACCCGAACGTGGTGGTACGAAGAGATTCTAGTGGCACAAACGCCCGTACGTAATTTCATGCCCGATCAAGATGGGGTGCCCCTCGCTCTGCCGGGATGCGTGCTCTACACGTTAAGCCTGAGGGGGAACTGTATCGGATTTCAGCGGCCGCTATCTCTCACTTGACTACTTGAACCCCGAATCCGTAGATGTATGCGTCTCCTGCATTTTCTAGTATAGTTTGGAAACGAGTCTTACACCCAACCAGGACTTGGCCGCAAACGCGCATTTGTACGTAACGTTGATCTATCCAGGCCTTATCGGTACACGGACGTTGCTAATTTAGACTGCCACGACCGCGACTAGAGTCGGCTCCACGCCGGATGCAGCAAGTCGCCGGTGCAGCGGCGCGATGCGGTAGCATCGCACGGTTCAGCCAAGCCGGGAGGGGATGCCTATATTCCGAGAGAAAGGTGCGTCACTTCTGGCCACAACATAAGCGCGCCACAACAGTACAGCATAACGATCTACGCTCGGCGAGGTAGTGTGGTTAACGATCAAAAACCCCACCCTTCCAGCACGAGAATGCTTAGTAGGATATCGGGCTCACTTTATGGGGACC,1713,50.26,Homo sapiens
SEQ_554621,TAATATACAGGTACTAAGGGGAGTCGGCCAAGGGTCTTTACCCTGGTGGCCTGAATCAACGGGTAGGCTCAAACCTCCAGCAACCACATAGATTATCAATTACCCAGCCAGCTGTACATCCTTTTACCGGTCACAGTTGGAATGTTCCTCATTTCTTCTGACCCTTGACAATATTTGATGTGCCAAGTTCCGACGTGCAATGGGTGCGTGGATCCCGTATTCTCATATCATAAATCGAATACGCAGGTTCGACCACACAGGGCCTTGCTTAAACATGATGACTGGAGGTAACACAACCGCAACATTAGGCGATTAAGATGCTGCGCAACCCCCGTCTGTTCATCCTATTTGACAGGCTTTTGGTACATAGAGTCGATCCCTTTTCTTATAGATGGT,396,46.72,Homo sapiens
SEQ_955129,ATCTTGCACATCACGCGATCGTAGCGGCCCTAGTAAGTCCTGTGGTAGCTACAGACACAAAGCGACGGTTTTTGTTCCAGTTAACTAGAGTATCTATTCCTCCGCAGAATCCGTGTATTTATGTTTTTTCCAAACTAAGATCATTATCATCCTTATTTGTAGCACTTGATCCCGCGTCTTGGAGCTGTTACTGAGCTGTCCGAGTGCACGAAGCCAAGTTGACTTCGGCCCTGTATTAAGCTCATCCGGTTATTGGCGTAGTGCTCGCGCGATCCTTGCCGCCGGACGTGAAGAGGCGCTTAAGAAGCCGTTTTCAGAGCCGGTGTCATAGTGATGTTCTGCACTCGAGTAGGTTTCACTACCATTCATCTCACGTTTGTGCCAAGTTACCCTTCTGAAAATTCGAGGCATCCAAACGGACCAAGGAACGCGATTCTTAAGCAGCCTCTACAAGTAGTCCCCCCTGGGCCAGCACTTCAAGCACGACCATTACAAAGTGTCGACGTGCGCGCCGGTGCACGGGATACGGAGACCCCAACTCCTTTCGACGGGTTACTTGTCGCAAACGTTGCAGCAATCTTCCCATATCTTATACTCTCCGTGCCCCTGAACTTGATGTCGTATGCACTGGGGTTACTGTAGCAGGTGGCCGTGTCGTTACCCACTAGTGGTAATGTGGGTGACACACCGCCATACGCCAGATGCGAGAGATCAATCATGATAGGGGTAGACGGATCGCATTAAAAAGACGTTCTCGCACTCAGATTCAGCCGCATGTATGACTGTTCTTAGGCGCGATATGATCGCATCGCTTCGGCGGTTTGAGGAACTATGGCATGGGATACTGCTCTGCCGTGCGTAGACTAGCCCCCATTATGCAAAAGCTCCTCCGGTAATTTATATACTCCGATGACCAGATTTCACGGCACAACGCTAACCGTTTGAAGCGGTGAGCGCGTTCGTTGCAATCAGTTTCAGAGTGATGGTTTTTCGCGTCGTCAAACCAGCTTAGATAACTACCGCAGGCGATGGTCATAAACCGTGGTCTCTGCAAGGGTGCGAAGAAACAGACTTCCTACAGCCCTAACATCCTGGCTCCTAAGCTTTATGTCTTCAACGTGAAGATTCAAATGCTCTTCACTTGTAATCTCACGCTTATCCTAACCCTACCGGAATTTGGTAACTTTGCAATCATTGGATCGCAGGATACTTTCTAGGGAAGCATTTCTGCTGGCGACACAGAAACGCCGTACCCGATAAAGTATGGTAGGGCGCTAATCGTACACGACTAACATTCTCCTATTGGCAAACAAGGACGTGTGATGACCTCTGCCCGTAATGACGGCGGGTTCTACTAAACGAATGAGTACAGGTGATAAGAAGTACACGGGGTCACAACAGCGAAACCTTCAAATAGGTCGGACGGATCCGTGAGTTCTGGGAGGGATTGGATTAGTACACAGCTTGGTGGATATTATTTTCTACACAGGGATAGAGCAAACGGCGACACCGTTGCTTCTCCATTACAGCCGTAGGGTTTACTTTCGAGAGCGTGTTAGTGATCTACTCGTCTTATGCTGGCATATTACATACTGGTTATACATGGAAGTTCTGCACTTGCGGTTTTGGCTAATACAGTCGGCAGAGCACTACACATAGGCGTCGCAATCGCTCAAAAGATGCGTATTTTTGACATGTTCGTGTCGTTTCGCTGATTCATTATGTATCCGGAGCGGGTCATAGCTGATAGGGATTATTGATCATGCAGATAATAGGAGTAGTTGCGGACAAATGTAAACCTCACGTGAGAGGAAACGGGGAATCGTCATTCCGCTGCCGTTCCGGCTCTATCAGAGCTTGCATAGTGCCATTCCGCGAGCAATAACGCAGTGTTCTCCATATGCTGTAAGGGTTATCTA,1919,48.67,Caenorhabditis elegans
SEQ_100324,CTCAGTTCAGTCAGTTTAAATGCGCGTCCTATGGAAGGAAGTAATGGACCTACTTCTTGGAGTATGCGATGAATTGAACATCCCCTCCTGGGGTGGTGGTGAGGTCCCTCCTTAGGGGCGTCTAAATGTATCGGTTAACACAAGTGAGGTCTGGCGCTTAATAGTCGCGAGTTCGCAGAAAGAACAAGAGCAGAACCTTAAAACCGCCAACCGGATCTGTTGATGGAACACTTGTTTCGGGTATTAAGAGCGGAGCTATGTTGTCGTTAAGCGTTCCCCTACCTAGCATAGGCAGTTTAGTGGCACGGGACTTACCAGGATGTGATCCGTGATTCTAATTGACCCCACTTGTGTCCACGAAACCCCCGGGCCGTGCGCAGTCGCGGGATATCTAGGCACCCAGACACCAGTCGTTGAAGGAGTACCGAGGAGTCGGTTCTAACCCCCACCGCAATTAGTCGTGTACAAGATTTGAGACTCAGTAAAATCTGTCCGAGAGCTAGTCTCCTACACGCGTAGATCTTCTAGTATTTCGTCTTGCCCTCTCTGTGCGCATTACCGCCGCAACTCAGTCCGTGGATCTAGTGATCTAGGCTGAAATCAAGGAATTTAGTCGTACATTAAGATTTGACTCTTTCAGGCATCTAGCTCGATGGTTTGTTGCTTAAACCACGTTTGGGGCTCATAGACCCGGAAGACGCGGTAGCAAACACAACGCGGCGCCACAAGGGGGCACACGGACACGGATCGATTCTTTCTTTAACGCTGATCAGGACTAATTAGTGTATGTCGATATAATGAGGCGTGTAAGCTAGTTGTAACGTTAAATACTCAGTGTCCCATCTAACACTTACCATCGTTAATGTGACCACGGTAAGCTACCTCGGCCACTGTTCAAGGGATTCTCCGAAGCTGCTGGGGTCCAGGCGCAGTCATGAGCATCGATGTATATCTCTCCCTGCCTGACTAAGCAAAGGCACGTCGGGGGTTGTGGACGCACAGAGAGGGTTCAAATTGACCACTACAGCGACTACTAAACGCTGGTCACAATGCATTACAACCGGAAGGGTGCGCGTTCGACCGTAAGGACTGTGGACGAAAATGACCACTATCTTGCCCTTCTCAGAATTCTATCTAAGCCAGAGCCCAGTATAAACATAGGAATAAGCCTTCCCGGCGCAATCCTAAGTACAGCATGTAGTGTGCTACTAAGCAGGATGCGCGAATAGATGCGACTAAGTTCTGACTGAGTGGGGATGCTGCTTTCTCTAACTGGCGTGCGCATGTGTGGGGGACTGGAACGTTGAATCCCCGAAATGCGTACGTAACGGCCAGGAGCCTGCCCGTCACTGAGG,1355,50.41,Mus musculus
SEQ_425926,TTCATTTGACTACGTTCTCCCACAGAGGCTTTTTAATCCGCCCACTATAGTACCGTAAGGGCTCTTCCCTCTATCCGCGCCCAAGTGGGACCTTATAGACGCATGAGAGACAGCATCCGCCGTCCGACGGAGACACAAGTGAATCACAATATATTATAATCAGGTCTCAGGGGGAGCGTTTGGTGTCTCATCCCCCCCGCTGAAGCTGCGAGATCACCCTGCACGTAGGGGACGCGGGTGGCAGGTGTACGGCTCTTCCGCCCCAGAGTTTCGGTACGGTCAAGAGCATCGCACAGTACTCAGGCAGGCGAAGCCTGGCTTTACCCAGATCATCGCTCCTCGGTTGGTACGAGACAGGACGCCCAGTAAGCAGGATCTACCAGAGTGGACCTGGGTAAGGGTACACAGCGGTCTCCCACCCATTAACTTTGCCCGATGGATAATCAATGTCTAGATTCCCCCGCTTCAATCAGTGCGCCGACGACCATCTGCCCTCGTCTAACACGGAGGTGCTTCACACCTTGAGTTGCTTAGCACTTTCCATAAAATCGGAAGACGCGCAAGCTCTCATTTTGCTGACGTTGGTCGTGAGTTCCACAACTCGTATACATGTCTCAGACCCGCCGATTTAACCGGATCAATAATGTTTGACACGCTGCAGGGATTGCAGTAGTGAGATCCCTAAGTGGGTCTCACAGCTCGGGTAGCCTGTGCGGCTACTGTTATAGGGTTCTTGTTCTTACATGTGCACTCAAAAATAGGAGGCGTTGAAAAATTGTGAATAACTGTAGATGTAAAGCTCGGTATCCCTACGCCAGGTAAGGCGACTATTTTCTGTACGTGACAAGACAAGGCAAACGTGGTGTCACCTCTTCCGCGCGCTCTGGTAATTCAGGTGGCCGCCTGTTTATGAGTGTGGCGGACTATACGGCTAGTCATTATCTGTGACAGATTGGCACACGCCGGGGCTGGTCAACCAGCCTGGCCACTAGCTAGGCAGTGCGGCCGCGAGGTGCCCTCACAATTATGGAACCGTAGTGATGCTAAGATGTCACAGTGCGGCCTACGGGCGTGGCGTTTAAATGAACCTCTGGTTGATTCAC,1103,52.95,Homo sapiens
SEQ_565549,ACCCACAGTCCCAGTTGCACTTAAAAGATGGATCATAAAACCTGGAAACCTAACCATCAGACCAGAGAAAGTTCTTAGCGATCTGACACCCAACGTCTTAAGCCTACCTCCTGAAGCTCACACTTTTGGCCATATCTATTCGAGGACGGATGCGCCTATATACGCCCCTTTACAGGGGTCGGGTGAGCAGTAGGGTGAGTAGACGAATCTCGATTACAGGCAACGGTGGCCTGTTTAGGCTCGTGAGTATGTGTTCCGATGCCTAGTCGTACCGTCACGGATGATACTTTGACTTCTGCTACGCGTTTCATTCTAGGGGAGCTATCGGACTGCCGTTCGGCTTGAGGCGGTGGCGCTAACTCTTTTGCATACGACGTGATGAGTACCCTCATCAAATCGGCTTTGCAACAGCCAGTTCTCGGTAAACCAATAGGCGTCCTTAACATAAATGTCTCGTTTTACGAAGTTTGATAAGTCACATATTTGTAACTCCTTGCACCCGGAACGTAAGTAATCGTTTCGAGCATAATTCGAGACAACACCTAGCGTGTCAAGGACACCCCCTTAAGATCGATTTCGTGGGGTATCTCTTATCACCTCCCTGCTCGAGTAAAACAACGCTCACTGGCGGCTCGTGTATAGCAGTTCGCATTCCCTTCACGACGCGGTCTGGACTACGGGCCGCATACTTTCGCATTTGTATTCTCGAGTGAACGCGCGGACCGTACGGGCTGAGCTGAAAGACCTTTCCTGTGTGGGGCGCATTTGGTCCGAGACAACCAAGCCTTAATTACGGACCATGGGGTCTCTCGCGAGAAGTGTCGCTGTCTGGATACAGGCAGATGGCTGTAGGCTGCGGCTGCTCGCGGTCTTTAGCGACACCATCAGCTCTAATCTCCGCCACCCATGGCTCCTCTGCAGCCTATGTGGAACTCCTTCGGACCTCGCTTATAACGTGTTGAGTTACAATTGTCTGCAACGAAGTCCGACGAACGCGCTGGTTTCGCCCGCCGAGGGCATCTTCAGAGCTTTGCAGCTAGAGCTTGGCAGCCGCAGGGGATATGACGAGCCTAATATTTTCGATATTACCCCGAATAGTGACACAGAGCCTTGGAACCTCTTACCAGGGGTGATGCCTTATACTGCGCAAGCCGATCCGAAAGAGCGAATCCCTCTACTATCGTTTGCTACTGTTTCACGATCCTTAACTACTAGTGGATTGAAATCTTTGAGCGTCCGGACTAAGGTAAGAGCTTACCTTATTGTGGTACTGCTGTGAAAATTTCTACCATTCTGCGATCAGATAAACCTAGAACCCCTGTGTTCAGGCATGCAGCCCGGGACTTTATGGCTTGCCCGTTTCCATTAAAACGATTCAGATGACATGCCGAGGGGCTTAGAGGTCAGTCCAAAAGGAATGTCAGGATTTAACGCAAACGGCTCACGGCGAACTGACACCGACTTCCACAAAATAGGGCTCATTGATCGGGGTGGCGTCGATAGCTCCGTTGGAGTTCTTCTGGCTGTTGACATACAGACACCCTAGCAACCTTCTATTCATTCTGATCTGAAAACGTATCTGTGGGGCGGACTTAGGACGCATGCACTCCGGGAACCATTTTGTACACCACTTTCTTAAGAATGGTCAACATGGGATCATGTGCATAC,1668,50.24,Arabidopsis thaliana
SEQ_625066,AAGAGCTGGACATGGGGGCCCACGGCCTCTGACTCTGATCATTTAGCGCACCAAAGTCTCCGTTGGCATAATACGTTGCAAAGTCCTCGATGGTACAACATACGCGTTAACCTGTTTCTGTAGAAGGTCGTAGGCGTCGGAGCGAGGGACTAGGGGAACCTCGTGCTCACACCGAACTCGCTACAGATGCATGCAGTGATTGGGAATAATGCGCAGGGATTGCATTTCAGTAGCCGCATCGCTCCCGGACATTGGCAACACAGCTAGGGTAAACGCTTGGCAGTCCCCCTAAATCTTGCCTATAGAGTCAGGATGCAACTAAGATGGTGTCCGACATCTGATCTCACGAATCACCGCAAATCATTCCAGACTGTGGTCCTTGAAGTTGTTTCTAACCGAGACAATAACGTCTTGGTTACCGATGTTTGTGGGCATTTGACTACCTCTTACGCTTCTAGGGAACTGGTCTGCGAAACGCAAGTTCCGTGAACGCGCCTACTCGGTCCTAAAAAGACGTCCCCACTATATATGCGGGGTATGACTCTTGCAAGACATTAACACAGTTAAATGTTGAATTCGCACTAGTTAGTAGAGGCACGTTTACTATGGTAGAGTAACCAGGGGGGGGATTTTAATTAAGATAGAACTCGGCATTTGTTCAAGCGTTAAAAGCACGACTAACCTGATACGCTACCAATTAAAACTCTAGCGTCCTGGACATGGAACTGTTAAGTTACTTA,740,47.84,Mus musculus
SEQ_176767,TACCCAGTGTAACTCTCGGCCGGACTTGTCTTCCGTCTCTCTGGACTCTAACTGATCTATAACCTTCGATGGCAACTCGGAATGACACCCGCTACTGCTCGGATACCGCAGATATCTGTCTATAAGGGAGCCCCTTCACAATAAGATGCCCTAAAAGCGCAGTTAGGGTAATTTGAAGAAATGATAATATATGAAAATCTGTTTCCGGACGACCGTAGTTAAACGGACACCAAAGCTCCTCTCTTAGGCGGGCTCTCTGGTCTCGCTCCGCCCATGTTGCGGACACCTTCGAGTAAGTGAGTATACGGATCTCCGGACGAGCAGGATCTTGTTTAGTACCTTGCGCTTACTCTAGGCACATCGGCCGGGCAAGCAAAGTATGATGCGTATCTCTATTTGTCAAGAACTCGAGCTAGTAAGGACCCTGCGCTGTAGTTATAACCGAGCGGTTCGGTATAAATTCACAGGTGGCGAGATATGACCTGGCTTTCTATTTGAGTACGTTTAAACAGAACGTCGTGCGGGCCTGCGATAGAGGTTAACACTGAAATGTGTGTGCATAAATTGCAGCTTCTGGGCAAAGGAGCCGCA,591,48.73,Mus musculus
SEQ_281446,TTTTTCATCTGTGTAACGAATGTTGCGGCGTGTCGAGGGTGTTCTCCGGGCGACCATTGGGCCCTGGTTCGTAGGACATGGTCGAAT,87,54.02,Saccharomyces cerevisiae
SEQ_479307,GTTATCGACACTAACTTCGCTATCTACGACAAAGCGTTCAGTAAACCCTCTGGTGCTATGGATCGAAATCCGCGTTGTGGATGCTGCTGGTGGTAGGTCCAGACAT,106,49.06,Escherichia coli
SEQ_727647,GCGGTTACATTAAGAAGCTGATACGGGTTTGTGGATAGGGACTACAATAACATGGGGGGCAATTACACGAAGGGCGTGTCGGCTTGTGCATTCCTTTCATAACTGCGGGCAACTCCGGAAT,121,49.59,Arabidopsis thaliana
SEQ_234458,GGGGTCTTGTCGATTGGGTATCGCTCGAGGTCGGGGATTACTCATTCAGTCCCCAACCGCTCAGTTCTCGAGAAGAGGTCATTCGTCCGTCACATTTCCGCCCGATTGCCATACACCCCAATGTGGCAATTTATTAAACGGGTTTCTTGATCACTGGGCGAGGCCAAGATTAGCTTGCACAGGCAGTCTGAGTCGAGCTGTAGGCGGTTTGGTTACGATTGAAGTGCCTTTATCCAGGACGAGTCTCTCAGGACCTAGGTTTAGACGACCGGGACCACATCCAAATTTCCTTCATAAAGGTACCAGAAGTCCATTAAGCGATAGTTTTATTTAGGAGTTTGACCGCCTGAGGCGGAGTGCGCCTGAATTTCCGCTCACATCGGGACGGTTTGCAATTATCTTACAGTTGGTCGTCATATCGACGCTCAATACACTGGCGGCATCAAAAATGATGGTTCAGAGTCCATTTAACAGATGAATTGTGACAGATGTCCCAGCTACCTGAGATTTCCCGATCGGTTTGTAACAAACCCTTCCAGGCGTTAAATTATTAAAGCGTCGAGTACCTTCCGCCGTGACTCAATGGAATCCGCGTCGGC,599,49.25,Caenorhabditis elegans
SEQ_801020,GCTAGAGTCATATATCGAGCCGCAACCAGCGAATAGAGTAGGTAAACAACGTAACTAACGGTCGTTCCAATTCGATATTGGAAAGTGGCTACTCCAGGGGCATCTTAACCATGCCTATTCCCGTAACATCACAGTCGTAAAGCTCAGATCCGCTCTGGCATTTACAGATGCTACTCGTAAGCATCCACGCTGACACTGCGAAGTAGTATTACGGTCCCCTAGGGTTTCGTAGAGCGAAGTCACTCCCCGCAGTCGCAGTGTGGCCCTTGAATGGATTGGCCCGAATATCTGGGTACGTAGGAGTACATTCTAATAAGTGGGCTGTGCGACGACATTTGTTTACTATTTGGGTATTTCACAGCCCCGTCTGAAACAGCACTGGGTGCGCCACTCGGTATGCCCTCCGCCCGGGCCTAGTGGTGTTCAACCCGCTAAAAGGTGCACAAATCCTGCCTAAAAAGCGTCGGCTTCGCATTCTTGCTATTCGTAAACAAAGGCTTCGGACATTAGACCATATTCCCCTCCTGGGGCGGAGATGGTCCGAAACTGGGCCTAGCGACAGCTGACTAGAGGCCAATTATAGCAATATGTCCTCTGACGCCTTGGTAGCGTGCCCTCACATCTGTAGATACAAGGGGAAATATGCAGCCGTATGGTAGAAGCGTCGCAGGCCATTAGCCTTGTCTCACTACATGCCATGGAACGGAGGCTTACAGGAATATTAAGATCTAAGTAACTAAACATGGTCAGGGGATTTTAACCGTCACTGCCAAGGGTATACCCGTAGAAATAGTAGTGTGTTGTTCGAAAACCTATTATTTGTATGGTACTTCTCCACATATTGGTGTTGGCGGGAATCTGTATCAGGAGCGGCTCAAGGGTTAAAGCGCCACGCAGCCTTAACATTTTCTAAGCTTGCGAGTGTATCCTAGTGAAGGGTTGCATGCAGCCCCCGTCCTTACGCCCAGATTAGTCGATAGTATGCACCCAATACTTCCCAAGAGGTGTGGACCATCTCCAACCCCTATGAAAAAGGCGAATGGGTACGCGAGCCCTCTATACAATTCAAGTGGTTGCTAATCTCATGTCCAACAGCGGCATATCAATTCAACAGTGCCGGTATAAGAAGTTACTTTTTGAGATCACCTGCGGAGTCGGGAGAGGAATCCCAACTCTTCATTAGCCCCGTCTATATATTCTTACCTACGCACGAACAAGTATTAATGGCGCATGAAAACTGGTTCGGTTATCATTGTTATAGACGGGATGCGAATGAAGGTTCCTGGCTAATTATCCGCAGATGGCCACCCCGCCCTCAAGGTCTCTACCATCAATGTTATCCTCCGCCGGTAGAGAGCTGCACCCTTCGAGTGGCTAGAGTGTAAAGGGGCCCCCTCCCGCATTCGGATGCCGGTAAGAAGACAACATCACGTAATAGAACGAAGTCGACGTCCCTTACTCAAGGTGCCCGTTAGGTTCTTCGCCAAGTATGCTCAGGTTGACAGCTTATATACATGTTTAAGCATACTGCCGCGAGCGCCAAGGCCGGGCTCTACATGAGCGCACGCTTCTACTTTCGGACAGCAACATGAAGTTTTCATGATCTCCGGCCCAAGTGAGCCACACGGCTAGCACCTCTCCACCTTGAACACGACATATGTCATAATGGGTTGGTTTGAATGTCCATCCGTGTGCAG,1697,49.62,Saccharomyces cerevisiae
SEQ_388613,TACAGTCACAGTAGCACGCCCGTGGCTGTTTTAAACTTTGTTGAAGGTGAGCGTTGAAGAGATCCTGATTCTGAGGTGAACACTGTTCGAACGCCTTATTCATTCTCTCGCAAAGAACTTCGACATAGGATTGAAGGCAAGCTGACCGCAGTCCTGTGTACCCAACACGATTTGCACCGGAACTTGCCCAAAAGGAGCTTACGCGCTTCCATACACACCATGGGCAATTTTGGGAAGGCGTCCTCTGCCTTGCCGTAAGAACTCTTGAACGATTTCACGCAACTAGACCGGCGAGTAGGGACAATGATGGAGCCAATTTCTACGTTGTTGAGGACAATAGAAGGGGTTTCCTTGCGTCAGGATTGCTAAATCGGAACCACGTGCAAGGCGACTGATCCGCGGCACGAGGGAACAGCAGTTGGCGTAGGTGAACCACCCACAGGGACCTCGTCCGATGGTCTGC,463,51.62,Arabidopsis thaliana
SEQ_207970,AGGCATAGGCTGAGGTATCCTATGTGTAGGTTTGATCCCAGAGTTCGAGCATGGTAACGCAAAGTCCAATAGAAGTCATTGATTGCGCTACAGTAAATCGATAGTGAAATTTAAAGCCCCCCCCATGCGCTGGGAGTTGCTTAGAAACAGGCTTTGAACCGTGCTAAGTATGACGCTTTCTAACGCATACTCCACGCGTTGGAGAACGATCGTTCCCGAAAGGTGTAGAGACGGGTTATATCGGCCCAGCCTGTGCAACTCGACTTCGGTTCCATGGTGCAATACGGGACACGTTTTGTCCCCGGGTAATCCCTGGGGACATCAACTCAGGTATGAAAAGTTTTCTCGTTACGTTGCCGGTACTGCTAATAATTTAAGCCCATCTTCAAGCATCGGCAACCCTCATAGGGTTCGCCTCACTGTACGTTACAGTTGTGTACAATAGTAATTGTAAACGCTGTTAGCCAGAGTAATACGCGCAGACTAGCATGCGGCGAATATGAAACACTCTTAATTACAAAGGGCGTGTGAGCTTTGTGGTCCTCATAGTAGATAGTGGCATGATGCCCAGGTTTGATTGATGTCGGTCCTCACCACTTGCATGATTCGTTATAGGGTCTCACAGAGACGATGACGATACGTTGTTATACAAGCTCCCGTAGTCCTCAGTCACAACATACATAAGAGTCGTAGGTTATACCGACCATTCGCCTGGTTCCCACCTCAGGACATCCTACCGTGTATGCGGATGAATACGACATGACTCAGGAGTCTAAGGGAACTATCAAGAAGGCACTTCCCGATACCTTTCGTCACGCCGGAAACCATCTCACCTACGATGTAGACTGCGGAAAGCAAACAGGTATTCATCCCCTAGCAAGTTGCCGGAATCCATACTAGAGAAA,905,47.73,Homo sapiens
SEQ_636648,AGACCCATATTATCACAGGGTCTTCGGTGTCTCGCGGGAGACTCCTATGCTTTCCCGCGATTTCGGACTTGTGATATGCTCAATTCCACGAACCATCACGATTGAGCCCGGAAGAAGCAGCTCGCGCATACTGTATATTGGCTCTCCTTCCTTAATGATCGTGCTGCAGGGATGATGCCGCTCAAGAGCACTCAGGTCTGAGACCGTCTGAGCATCCCCATGAGGCTTTGATGATACTTACCAACCTACTCGGATAAATTGTAGGCTCTCCCCT,274,51.09,Arabidopsis thaliana
SEQ_267021,GGGAATCACAAAGGGGGGTGCAAGGTCGGTCACTTCTATATCAACTACGTTACCCTGAGTAATCGATTATAGTTGGGCAGGCATAGGACCAAGATATAAGTAGTCGATCTGGCGCAAGAAGCACCCAGGCACAATCTGCCTTCAGTGAAGGAGGTCAAGCCCGATTGGCCAGCGGTAGAAATATATAGTCAAGTTTGGCTCGTCCTGTGCGCAACCTAGCCCTCACATCGACACGAGATTCGAAATGTATATGAGTCCGAGTGATGATCGGAAATCAAAAGATACGATCTATTGAGGCTTGACTAC,306,47.71,Drosophila melanogaster
SEQ_904909,GCATCCTGCTCATGGCACCTGGAGTTGGCACACACGCAAAGGATTACTGGCAAGCTAGTGGTAGTAAACATTTCCAAGAAGATGGCGGCCGCCCGGTCACAGGACGAGAAGTATGAGACTGTTTGCGTCTGAAAGGGGACAGTATCAATATTAACTTATATTGACTAGCGGTTATATCGCGATTCTATCCAGTGCTGACGATGATTCGCAAGAGAGTGGCCCATAGTCCCGAGGCGCCCCAATTAAGAATCTCCGGGTGCATAGGAGTAATTTCCCTTTACGGCGGTTCGGCGAAGCATAAGACTCTACTTGGGACGACATTCATCCCATTTGCCAGCTGACCGGATGGTTTTATGAAGAAGTGTCGACTGGTGCGGCCGCATGAGTTTTCACGATCCTTGGCACGATGCAGTAACACCCATATATTATGCTGGGCGATTTACTAAAACTGCCAGGGCAGCTAGTTAACCATTGTAGCTAAGAGGTCCCAACCAGAGAATCGCGATCCAATACCGCCTTGAATAAAATCCTAACCCGGCCAATTCAGCATGGTAGGCGATCCACCCGTTAAAACCTGGTTGTCATGCGTGAAAATTCTTAAGTTGAAATGCCCCCATATTCAGGCGTGCCCTTTCCCAGCGGGACCTCAGGGTATAGAGATAGAGTCAGTACCGCGATTGTGATCGCCCTCCCTCTGCTACCCACTGAATCTGAAGAACCATCACGCGGTCAAGAATTACGTAAAGATGTTTTGCTACGCGAGGAAGATCGTGTCTACATAGCTTCCAATTCACACGTGATCTCTTGTTAATGAATCAGACTCTTCCACACAGAGTTTCCATGCCTAGAGTCGATACCAAGGCGGTGCGTGATCTTTCAAGCCTAGATATGATCAACCGGTTGCACCACCGTCATAATGCCTGGTAGATTTTCGGTATGTGGCAGTGACAAGCCAGGAAATGTACTACTGGATATACTAACGCACTCGAATGGGGAGGCCCCTCGAGCCACGCCCGCCTATTATAGGTCGCGGTGCTATTCGACACTGGCCCTACGTAATTCCGGATCTGGGCGTTTCCCACAACACACCCAAACAAAAAACTCTCCGACAACGAGACGGCGATCTGGTCGGTCTGCTCGATTGACTTCTGCGGCCTTAGCGTCGGTTATCTACGTTAAAGACTTTCGCCGAGGAACTATTTCGCGTGCTAGGCGATGACATAATGTGCGGGTCAATCTTCTCCCCTCTCCTTTTACGGCAAGACACTGAACATTGAGTTATGCGACAAGACGCGTCGAGGGAGATATACTACACTGTACAGCCGTCTACTCAACTATGATTCCTAGTGGCGTAAATAAGTTTATTCTTCACGCACGGCAGAGTAATCTGATTTGAGCGACGGGGAAACTATAAGA,1416,49.15,Homo sapiens
SEQ_197191,TAACGCGTCCAAGTTTGACAGCCATAGTCTATCGATTTACCACAACTGGGTCGGAGCGGTTACAACGGGGACCCATCACCAGTTTCAGATGTAAGCATGTAGACTCTTTTATCCAATGGCCAAAGGGTCGTACTCGCCAAACGTAACTAGAAACCTATTCTTCAGTCATCAGTGACGCGGCGCTTGCGCTGTTCAGAGATTTGAAACCAGGACTATCGCTCATCTAAAGAAGACTCCTTTAGGTCCCCCTGGTGCCCATGCGGCACTGACCGGGCGCCCTGGCCCAGACTGATCATCCGAGATTGGAGGCGTTTTCGGCTTCCATCAGGGGGTCCAGGAATAACCCGCAACTGGTGGGTGCTTCGCGGCAAGGGGTCGGGATTTAAGTTGAACCACACCTTGGTACAGTCTCTAGGGATGTGATCTGCGAGCCGTTGGCTCGGTACTGTTTTTCGGTATGTTTGTCGATGCGCCACGTCATCACACATCCTAACGGTCTATTCCTTCTAAATAGACTCAGGTGTGGCACACTTCACGGTCATATGACCATGAAAACTATAGGGTTTTGCAGGAGTTCCTTGAGTTGACATTTACTCGAGTTGCATTCCCCTAGAAGTGAGGCATCTCGCAATCCATCCAAAACCATTCTCCCACGCGCGAAGATTATTATCTATTTGTCATGAGCTACACTTCAGAAATTGCGTCCGAACGCTATAAATTGGTTCGTCCGCCACCCCACCAACAGGTTAGAGATGAAGCCTACCGTGCGAATGCGGAGGAGTAACAATAGATCGGCGTGGCGACATAATTCGCGTAGCGAAAGCGCATAAGGGTTAGGGTGCACGGCCTTAGCGTTGTTGTAGCGTTAGGCGGCGTATTTGGAGGGACCGACGCGGTAATAATTCGTCGCCTAGCCATTCCCACCCATTTTATGTAGATAGCGGAGAACTTAAAGAGGGCAATATCCATCCTCAAAAACCCGCCGCATCTCAGCATTTGGTGGGACGCCCCAACTTCTCACACCGCGCGTAGTTTAATCAAACGGAACCGCGTGCTTTGGCAAAGCCTAGGAACGCGTACGGCCGATCTCGCCTGTAGGCCCACATACGAAAATCAGACGTATGCCAGTCCCCCAGAGGTAGCACATCTTAATACTTAATACCCTATCCGGTTTTAGAAACGTGGGTTCGGATACTGTACCAACACCTATAATGAACGGTCGCACATACTTGAACCGCTTGCGCCGGCGCGAGTCATGCGCCTCTGGATAAGCTCCCCCTAGCATTCCGGCCGTTTGTACTCGTCTGCTGACTAGCCCGACAACGCCGGGACTGCCCGAAATATACAGACGCTAGGTTTGTTTTTTGTGACGGACCGGTGGTCGACCCTCCAGGGGCGATGCGACCCGACGAGTTTATGTCTAGCGAACACCTATCACACGTCGGAACCCTGACAAGTGATCGTCTAGTTAAACCGTACACCCAATCGCGCACTGGATGCTTACAAATTCAGCCCCGGCCCCGGCCGCAGCGTGATTCTTCAAAGCAGGCGTGTCGGTCCTGACGCGCGGAACGTACAGCCGTCGGTTGAAGTACGAAGTCGCGGGCGAGCGGTAGCTGTACTACTGTGCCCGAGTCAATATCTTTCATGGTAAACGAAAACAGCACCGATGCTCAGTTTCGTCAGCCATCCTTTGCTTCCACCTACTCTCAGATCTCATGGACTTTCCCCTAAATGGCATCCCGGTGGAAAATTATCCCCATGAACCGCATGCGTCGGCTAACTATGTTGTACCCGGAATCATTGCAAGTATAACTAATCTTTCGGGGGCGAACTGTGGAGAGTGGCGGGGGAATGTAATCGTTA,1866,51.98,Escherichia coli
SEQ_483318,CACGGACCGACTTCCGAAAATCGATCGGTCCTCGAGAGTTTCCTAACTACCTACAGTACGCTGGCGCATAGAGCGTAACCGACCGTTGCGGCCAATATTGGTCCCCTTAAAGATGATCCGGGAGGTGCCGTCATTCCCTGCTAGGTTTGAGGCTAACACGAAGGGGCTCATCGTCAACGCATGGTAGTACACGCGTCGGTAATGGATGCAAAGTATGTGCGATTGTTTCTACCAAAGAAGTCAACCTACTAACAATAGACTCGAGCCATCGAGGACCCATGTCCGCATTAACAGCCCGGCTGGCACGGATCGCTCAGGGTAAACCTATACTGAGCTGAGTTTAACGTGTGACGGGTGCGAGTCGCAGGATAGTCTACAAAATTGGACTATTGATAGACCAGTGGAAACACCTAAATTAATGACTTATCTTCGTGACTGCGAACTAATTCTCGTCGACGCAAGTACGATGATCCTCTTGATGTCGTCACAAGAATGGGATGATCACTCTTACGCTCCATAGGATCATTCTTTGAGAAACTATTATATCTGAGGGATTGACCAGTAAGTCGTCGTACAATCATCCGGCTTGCCTCTTAGTCACAAACGGAACGTGCAGAAAAGTGAGGATGGAGCCTATACTGAGGTTTGAGTATCAGTTCTCACGTGCTGGTAGATCCTGTTCACTTGTCTTAATAAATTGAGTTGGACTTCGCAGTACGATTTATATGCCGTGAGATCGAGGAAACTTAATAAGATCGGTAGTCATCTATTGATCATGTTGAGAGATCCGCCTTCATTGATCTGTGCCCCTGAGTCGGTACCATGTCATTGACGCTTAGTTGGACCTTAGCGTGGCTCTGGTGAACCTCTCTTTATTTAACCTAGGGAGCGAGTGGGCAGGTACACGAAAATCAGGCGTTTTCACAGTGTGTGCCCTTGAGGTCCGGGCATGCTTTCGTGGTCCGGGTTGTCTGGCGAGTTCAACACTCGCTAAGTAAGGAACACGCTCAAACAGAGTCGTAAATGGCTATTTTTGAGCCGCACGTATGTATGTACGGA,1059,47.88,Escherichia coli
SEQ_982854,TCTGAGACTTGATACCACTCCGGGTAACCCATATAGGGCGTTTGAGGGACGGACAGACGGGTCCACCACCTACGCAGCCATTCCATCTCGTTAGGGTTCAGAACTTGGTCGTAATTCCCCCTAATAAACTCGGTTAAAACGAATAAACAAGTCGGACCATCTTACGTATTCCCCACGAAACAGTTCTGGAACGCACTTAGTGAAATAAGTGGCTGGAAAGCTTTGCTAGTGTCGAGACGAGATATGATAATCCGACCACCAGCTACACATACGATACGTGATCAGCGACGTTTGCGTATTCGCCTTCTGAACGGGAAAGGCGGATACCGTGTGATAGTTTGGGAAGACTCTTTTTGAAACATGGAAAATCAGAGAGGTCTCAGAGTCTCTCACAAGATGTCAGATAACAGCAGTACATTCGTAACCAGTGATGAGTAGGCCTGTTATTACACCGGGGCCAAAGGTTAGAATACTGTATACGCCTGGATTGCAGTTCGAGGTTGGTATACGGGGTAACTTAGTGTCAAACCTTATAGCAATACTTTGAATTCCCGGAGTAGACCGTGTTTGTAGTCTGTCGACCAGTTCGGTCGGCGGTGAGCAATCCCGGTGTCTGTGGTTAGACGTCCTAAATCACCTACCCATGAAGCCCAACTCGAGCTCCCCGCTTGCACTCAGGAATAGTAAGAGAGGCCCATGCAACGCCGATGGCTCTGAACCGTACTAAATGGAATCCAACAGGCTTGCAGGTCTGTCTACAGTCGTCCGCCGGAAAATCCGAAACCGGTAACAAACATA,798,48.5,Homo sapiens
SEQ_165646,ATTCTTCCTTCCATGGAGATGCATTAGTCATGGCCCCATGGTCACTTCTGGGCTGGAAGCATCACCTGTAACCCCTTGGTTCACTAAGAACTGTGGTTGCCCGTAACACTCATAAGTGATCTCATTGCCGATCGATCTGGGACTCAATCCATACGCTCAATTACTCGATATATAAGAACTACGCATACTCGAGACGCGTTGGCCTGGTGGCCCCGCTCCAACTCTCCCCCTACAACGTAAAGACATAATCCACCGACATCTATAGTGTTTTTAGATCGTCGGCTTCTGGTGTACATATGATTCGGGTTTATTACCGACCGGACTCAGCTTTGTGAGAAGTGTACCAAGAAGGTAGAAAAAAGGGAAAAGGCCTCAGACGCGTCTCATTAGAATAACTCGAAGACAGAAACATAACCTCTCCAAAGCTCTCGATATTTTCTGGTAGCACATTTACTTTGTTTGCGTAGTGGTTTCTCATGTGTGAAAGTCAAAGTGCAGACACCGGATGACTGATTTATACGCGATCAAGTGGTTGAACTATACTGGTGCAGGCGTGGCACGAGTTGATGCGATAACGACTTATAGACGCGTTTCACGGGCGCCATAGCAACTTGGAGCTCCGTAGGGGTCTGTTGCCGTAGTTGTGCAACCTACTAGTGTCGAAAACAAGCACGTTGTGTGAAGCTCTTTCGCCGAGGACCCCGTGATCCAATATGTCTTTACTCATTAGTGCACTCATCAGAGACCTGCGGGTATATAGCTGCAGACGCTGCACCTTGTAACTCACTTCTGAGGAAGAAGTCTTTGACTATTCGCCCTGATAGCTTTATTACGAGGACCGGTGATTAGGTTTGGACTTATTCTCCATACCCTTCGAGTCTTCAACCTGAAGCTAGAGGTAAAGCGAGCCAAGACGACAAGATCATATGGGAGGTACCGGCTTAGCAAACCCAACCACGAACAAGGGACCTTCATCGTGTGTAGTACCCAATCCCTCAATCACCCAGTACGCGTCCAACTCTCCGAGGAGGTCCGAAGCTGTGAAACGGCTGCCTTCCCTCCCGGGGGACTTAAGTGCAATTATAATCGACCCCGATTCTGCATACCAGATCAGATAAGGCATATATAAGATGTAACCCCCACTCTCGGTCAACGAACCTCTGGAACTTGGGCCTCATAACTGGTGGAGCGGTCGCTTCGAAGGCGGAACATGTGCAATCGTAGAGTGGCTCTTGCTTAATCCCTTTGTACAAAACGTGAGTTGTACTAAAATGTTCGGGTTTGGTATGAGCTGGGCCTGACTGTGATTATAACCAGTAAATTGGTATTGTTCGATTCATTGGTTTCAAGTCCCTGAGGTCCCCGGCTGTAGTCTCGGCTCGCGATCCCAACGACACCTTCAGCTGTGGTGAGATCGGCTGAATGTGCGCACCCAGCCGCAATCTTATAAAAAGTCCTCTAATCGTAGTTGAGTTACGTTGGATTGAACCCCGGACCATAACTAATCAGAGACAGCGCATCTTGTTATCGCGCCTTCCAGAAGGGAGAATATCATAGGCCCTACAGCTATGTTTCTGCAATCTTGCTAAACCCTTTTTAGACCGGATTTAGTACCCATGTTCGGTAACGAAATCAGAACACACAGTGTAGAACGTTAATTGTATACGACTCTCTTTATCCCGAGGTTTGATTTCTGGCGCGTAAAACGCTCGCCTTTTCATCGACTTCTTTAGTTGCGAGTTCACTAATTATTTAGCATCCCCTCAGTGTATCGAATGCGAGATGTTCAAATCAACCATATGACGAACCCACGCAACAGGGGCTGGTCGTCGTTATGCAACGATAGGGTTGGGTGGTCCTAAGTTTACAGATTCTTCTTAGGCTGCAGCACGGGAAATCTGTCCTGGTGGGCTTGTGTTGAGAAGATCGTGCTTGGCGCATAGTTGCCTGCCGATTCAATACGGA,1965,47.79,Drosophila melanogaster
SEQ_872640,CAAGAAGCATACGGATCCGACGATGATCCATTTGGCGAGGGATTCGTGAAGCTGGATTACATTGGGTAGTGCAAACTTGCTCCTAACGGGCCAGTTCGCATGGCGGATCCTCCCATGTCATGCGGTTCTTCGGTCCGTATTGTCTCAGGAAACTCGTAGCTTAAACTCGCAAGGGACCGGGTCGGATCTAGCCAGGATAGCCACGTAACTACTGTAAATGTGGAACGAAGTCAACAGTACAGACATCTAGCCCAATCCTTGTTGTGGATATCCTGTGCTAACCTATTAGGCTTTTTACCTGGGTTTATGTTTCTGTTCGTACCCA,325,48.92,Mus musculus
SEQ_199810,ATCCCTAAAAATGGGGGACTCCCGTCGGACAACAAGCTAACGGAACCCTGACATGGTATATTACGGATTCTGGCTTAGTAGCACCCTTTGCGCATAGGGAGCCACCTAAGGCTTAAGTTCCTGCAGAAACTTTAAGAGCCCCTCTCAGGAACGCTGACCCATCTCGGCATAATGCTCCTTACCATTTGTAATGCGACAGCTATCGGCATGAGCGGCATGTCGGACACGGATTTGATTCTACGGGACGACTTGAGGGTGTGGCTAATCAGCGAGGTCATACGGAATGCGCCAACGAATTGCAGCAGATCTCGAGAACTGGCTAAGATAAAATCGGTGGCCGATGCCCCTCCTGGCGGTTAGCAGTAGATACATCCGGAGTCGTTGCTCGGCCCTACTGTCCGTGCATATGCAGGGTGGGTGCTTCAACGGGATTCGTGTCAATGATGCCCAGCTTCCCACAAATTCAGCCTTAAAGCCGGCCGAGTACACAACTAAATCTTAGAGGTGTGCACGGGCATCTCAGGAATGAGAAGACTGCCAGTTGAAAACCTTTAAGCTCTTACAATGGTAAGTGATCATGACGTTTTCCGGCGGTTGGCGACGATTTTAAGTATAGACGTTTTAAACAACGTTCAGCCATCTTAATGATCCCGCGTAGACACGGCCGTTCTAGTGGCTGGTAGGAAGGGGTCAACCTCCAAGCCCCTGTATCAGCGTTGTAACGAACTTTCCAGGGGTGGCTGCACGAAGGAGTTATAGTGTAGTATAGCGGCGAGCGTAAAATATGGGTTGCTCTCAATGACAATTAGGACAACGCCAGTTTCTGCTTGGGCGTACTATAGCTCACTGCTCGAAGCTTGTTCTTCTGGCCTTCGTTGTTTCGGGCGCTTGTGGAAGATGTTAAGTGTAGTACTTCATTATTATACCATCCAGAATTAGACTATCGCAGCGTACGTTAGGAGCAACATTCGACCAATAGTACCTCGGCCGTGGTCGTCTGGGCCAACATGGCGAATGAGCTTTCTTTGTCTCCGGTAGAGATTGTGAATCATCGTAGTCACACCAAGAGGAGTATACAAAAGAGGACCGCGTCGTGCATCCCACGTCGCTGCAGAGGGACGAACTTCGCTGGGATCAAGTGACCGGAAGGGGGTGGGTGGATCTGAGGAGTGCGAACTAGCCTTTGAATTGGCGCCGCGTATGTCCACCAGTGAGAATATCGCTTTCAGAACGGTCTTTAGGCTGCAGATCGTATTCGATTATTTGCTGAAATTACATGGCACAATAACACTCTCTCAATTGTCCTTGTGACTGGTGCATCTCCAGACTTTCCGTTAAGGGTATTATCCGATCATCGTATCTACATGAGGCTAGGTCGCAGACGTACGCGGGGCATCTTGACTCCGACTTAGGCGCCGGCGCGATTACAGAACACCGATGCGTCGCCAGATTGCGTGGCGCATGGTCACCGATGCATTCCCCTGTAGTCGCCTGAGGGTATGAGGAGACTAATGAGTCGGCAGTTTCCGGGACCAGGTATACGATCAGACTTTGCGAGTCGCCGACAGCCACAGGATCGTGCGAGAATCGTCCATGCCGTTCGTACGAGACCAGGCGTGAAAACTTAGAAATCCTGTAGAAGGTAGGAGACGAAACCCCGGGTTAGATTTCGGAAGTAGAGCCCGCTGTGGACCCCATGCACTACTTTCGACGCGAGTGTGATGACACTAGGCTTAATTCAAGAACAAAGCGGTGGATGTCAATTTGTTTAAAACTCTCGATATCCCTACATTCCTTCGGGTGTTGAGTGCCAATTCGGCAACACTGCACCCATTTCGGCAAGTGCATCGCGTCGAACACGCGGCTTGTGTCCAGGGGATATTCCGGCGACAGTAAAATTCCGTCTGTCAACCGACCCAGCCCCGATTACCGC,1933,51.16,Drosophila melanogaster
SEQ_657958,AAGCCGGGGCCGTGTCAACTTCTTGGTCTTTATCGTGACTGCTTAACTACTTCCACATAATATGCCACCGATCCAAGCAAATCTGCCTAGCAGGCAGTGAGGTGGAGAGGCCTGGAAGAGTACGGCAGTGTCCCACGAGTGGTTATTCCTCCCGACGCTAAATGGCTTTTTCGTTTTCGGTATTACAGATTTTCATGCATTCTGAACTCTCAGATGTTATATTAACTCGCGCCGGTCGATGGCTGAGAACGTTATGTCGACCTTTAGTAACGTCGGTGCAGCGGTCAGAGTAAATGAGCTGTCCCCCTCCTATGTCATCGACACTCAGCAAAAGGCTTAACCCTCAAGGCTCACGCAAGTCAAGGAAGGGGAGTGACGTCAAACACGGGGAAGGCCTCTCGCTACTCTTTAATAAGTGTGTAGTCAAGAGTCACCTCCGCCGGGGGGCATAGCATAATTAATTACACTTCTGGTTACGCGCTATCAATGCTGTACCGCTGCGAAGTTAGCTGGTCTCTTCTGCTATTAACAAAGAGACAGATAAAAGTGTGTGCGACTGTCGCGTGACTATTTCTGAGGCCAAGTTCGTCATCGCTTATACATTCTGAAGGGATTGACAACAACGACACCCTGCGTTTATTCCAACCGGGGGTCTGCGATGTGGCTGGTGTGCTCCAAGTGGGTATGTATAGCTGGCTGTCTGTCCAACAGCGTCTACTGTTCCACGCGAGTAAGGGTCAAGGTGTGGGTCCAATGGAGTTCGAGTAAGTTTCAGATCGCTTAGGTGCTTCAATCAAGAGACCGCGTGGCAGAGAAATAACTCTTTCAGGGCTGTATATGAGCTGATAGTATATTTGGGTGGCCAAATCTACCAGCCCGTGCCAAGTGACTGTTCAAAAACCGTTTCAACTCAGAATCGTGTTCGCATATCACGGTCGCTCCATTAGATACTCCCGCATGCGTAACCATTTTGCCTACGAAAAATTAGTGCGATTAGCTTAAGTTCCTACGGGTTGAGGGGCCGTAAGGCGTTGACATGGTATTTTAGTCTTCCAGGTATTAACAACCGGTAGGGCCGGCGCACTAGCTGGCCTTAGCGCAGATGAGGCGCACGGTAATGGGCTGAAGTAAAAATGGCTCTCGAACCACCCCCTACTCACTCT,1163,49.44,Escherichia coli
SEQ_339262,GCTGAAAAGTAAATATTCTTCAGATTCGTCAAGCTAACTCAGGTCTTTGGTGCGCTGTCACCTTACGAATCACTCGCTACCTGCACGACCACTAGATTCCTGTATATTGCTTGGCCCACTCATGCCTTAGACGCGGGTGCGAATAAGAGCAGCCCTTATAAGGTATAGCGCGGTGTAATTCCCAGCTTTGCCCATCTGTATCCGTACGATGCGTGGGCGAGACTCGTCAAGTGAGTCTAGGATAACATACGCGCGGGGCAATGGGTCACCACGACTCCTCTGAGCAGAATCGGCTAAGGCCTAAGAATGAACGACAAGCAAAGCCGCTGCATCACTTTTAGCCATAACGTTTGTCATGATGCCCTGGTGGTTAACATATTATAAGGAAGGAAGCTGTTCAAAGGATTTCTGCTCTCGTGGAATATTGCGCTCTATGGACAACCTCGGCTCTCCGGACGCACGCCAGGCCTTATAGTCTCTCTATCCTATATTTGTGGATAACTCGCGCTACTTCCCACCCTCAGACGCATGCAGGTGCGTTCTGATCTCTCGCTCTATTAAAGTCGTTAGGGTACATATGTACGATCATCTGGAGAAGCGCTTGGCCTAGGAACTATATCCCTTGAAACAGCTGTGTGGAGCACGGTTCGCTGTCCCACTAATTAATCCGGGATTCGGCGGCCCTCAGAGCAATCGGGGGCTCCCAAAAACGTTCCCACTGGTCGCAATTGATTACCGGCCGTCCAACTCCTCGGAGTTTAGAAAATGACCTCGATACCTATGGATAGCCATACGAATAATACCACTCTCGCTGGACAGACCACGTACAGTAATCACGGTCTAATAACCTCATTAATTAAAAGACGCTGAGGAAAGGTAACACAGCTGTCTATGAGGTCTTGGTGCCCAATTGTCGCCCAGACCGATAAGCACAGAGGTTCTTTTTGTCGCAATCTCCTAATCAGGTAGAGGTCATACGATAGGACCACTACTAGCGAGTTTGGGAGCGACTGGCACTGTGAATAATGTTGCAATCGATTGGTTTCACCACTCAATGGGACCTGATGTTGTGATTAAGAGAACGGAGCCACAAGGTTGTATCCAGGGGCCAGGCGATTTACCAGTTAGAGAGGATCTGACTCCCACTTACCCGCTCTGTATTAGATTGCAACCCTAGCTTCCTTTCTGTTGCTCATGACATTCCGGGCACTATCGCCCCTAATTTAGATGTTGTTGACCGCTAGAGCTGAGCATCCTGGCCCTTGGCTCGCTGGGGGACCGGTAGTTGGATGATAAGTCGTAGTTAAGGGGCTTTTAATCGACCGATTAGCGAATCGACCTAAGCTGCTCATGACCCTCTAACAAGGCGGCAAAGGGGTTGTGGCACGCATAACCCACCATGGTCGCGCCTTCTGCTTCAACCGGTAAAACCTGTCAGTTTGTTGCCGTTCCCACGAGATACGAGCGTCAGGTAGGCGTCGGCACTTATCGAGAGACTGAAGTGTCTTTGATGCTGATTCGGCACGATGATACATAGTACTATGGAGATCAAGACTCCGAGACCGTCGGATGTAGTCACTCTGCCTACAATAACTGCGAGCTCTACGAAAAGCGCTATATATTCCTCCGATCTACTCGAGAGGTATTATAAAACTACTTGAAGAATTTCAATTGGTGGATCCTTCCGATTTCTTCCCCCTGGAAGTCCTCGTGGAGTCCCACTGACCCCATCCATAACAAATGTCGTCAGCTACTGGTAAGGCCTTCTCCTGCGTAGTTTGGCTTCAGTATCAGTCCAATCGAGTTTGAAGACGGGTGTGCCCAACCTTGTCATTCGATCGTGTTA,1846,49.35,Saccharomyces cerevisiae
SEQ_966267,AATTTTTGACACATCGCCTTCGGGCAGCCCGGCTTGTAGCCTGATCAAGTGCTACGCACATCAATCACGTCGTGTTACACATACGTAGGTAGCTTGCTAGCTATGGTCGCATGTAATTCGTCGCTAACAGACGACCACTATTCGGATTTGCCCATCTACAGTTAAGTACAATTCGGCGTGCGTGCACATCGAGTATACCATCCGGGTAGCAGGACTCCGACAGAATGGAAACAGACGGTGTTGATGTTGACTCGATTCGTTGCATTGAGGTTAGATAAATCTATTATGTGAAGGATCGCCGCCAATCAGCGACGGTCTGTTGGTAACGCAATATCCCAAGTCAGTATCGATGGAAGTCAATCTGAATGCCCACTCACAGGATGAGTCACTATTGGGATTGAACGACATGATATTGAAGGTTAACGCGACGACAAAGTCGCTCATGATATGCCCGCAAGTACTGTAACGATGGCATGTTCTGCTCGTGCCCCAAAGTGACAATATACGTGGCCCCGTTTGAGCGTTGTTTCGCCGAATGCTAGTAACGTTTTTGCGAGACTTTTCAGCTGGTGTCGGGTTTTCATCGCGTCGACTTAAAGCATATGGAAGGTGGATGTGTCGCAAGCGCTTGGACTAGTACTATATTTTGGCTAAGTAGTTAAGTACACTGTTCTCGAGTTCCTCTAGCGGGTTGTACCTAACACTAGGCAAGGTGTTGAGAAGCGAAACCATCATCAGTCGTGTTTTTGTGCGTGATATCCAGCAGAAAGCATGTTCATGAGTATTCTACTACTAAACGAAGAGAGATGACTGCAGCAAATCGGCCTGCGTCATACGTTAAGCTACAAAAAAAGATTCACAAGCTTGCTAATAACGAATGGGTCAAATTATCCAGATCTACTGAGATGAAGAGCCCCATAGGGACTTTGTCGTTGTTACCTCCTTCTTGCTAGCCTTG,958,46.24,Caenorhabditis elegans
SEQ_754011,AAATTAAATAGCTGCGCACCCACGGTCTTGTGAACGCAGGACAAATGGTAACCAGGCAGCAGAGGCTGACGTTCTTTCGCACTTCCATAAAGGAGATCCAATGTAGGGGGCCCTACAACAACGTGTAGATATTGTTTTCCGCGACTGGATTTAACATCCATATTGGCTGTAGTTAGTAATCCTACTCGTAGCGTCAGCGAGGCTGTAATACGGCATACTTACCTTTACGCTAGTGCTCGCCGAGATGCCTTCTTTCACATACCGCTTGCAGTGGTAGCGGTAGAGGCGAGTATATCCGGGTTGCACGTAAGCGACAGGCTATTTTGATAGCGAGGCCACCTCGCCACGTCCGGTTACAACGCCATATTTTTAGGGATGCTGT,382,49.48,Drosophila melanogaster
SEQ_141725,CGGGCCGATGGGTGCTAAGTTCGGAAGTGAAACGGGCCTCGCCTCTCTCTAAGGGGTTTAAGATCACTCAAATCTGTATGCATTGTCGCCAATTCTCGAATCGTACTGGGATATACCTCTCTTGCAAAGTACTGCGGGTCGCAGAATCGTTGGGGCAAATAACTTGTTCGCTCAATTAGCTATGACGTGGCAAATTGGCTTGAACCTTAGCCACTATATTAGCTTTGGCGAGACTTCCAGTACATCTATAACGCCTACAATTAACTGACTATATCGATGAGGCCACATCTTATATTCCTCAGAAGAACCGCTTGTTTCTTGAAGCGTATGAATCACGTGAGCGTAGCTATGGACAATCAGCCGCAGCAACAGATCCAGCAGCCGATGAAAACACTCGAACAGCAACTCGGTCTTGGTGTTCATCCGGACGAGCCCCGCCACAAGCCAATCAATCTTCGGATCTCTCTCCCATAATGCACGGGGACCACTTATTATCTTAACTCGGGCGGCTCAGGAACCCTCGTCCGATATATAACCGTTAGTGCGTAATCGAGAAGGGTTTCTGTAGGTGAGTGGAACTGGCTCTATCGACCGTTAGACTACTCACAGCGTGGGGGAAGACGTCTGGCATGACCGCACATTTTTGGTAACATCTTTGGTCGCACATGTCAGCTACTTTGCACCTTTTTAATGTAGGTCTATAAAAATCTGGTCCCCTTTGTATTAAGCTCGGTAGCAGAGGAGTCGTTGAGAGTTCCCCAGGCAGATTCCATTGCACCCTAATAGAGTGGTAAA,795,47.92,Mus musculus
SEQ_528943,TGCGTTACAATTACCTTGACGGCATGTCATCAATGCTTGCGCTTCAGTCCTAGCTGCCTCGTGATTGGGACCCAATTATCCGCGACTCTTACGAGGTATAGGGGGGAACAGATCAAAATAGAAGCGACCTACGAATGGGATTATAGGCTAGGGATGAGTTCGACCCGGAAGGCAACTGCACGGGTGCTCCGTTCTGGGCGCGTGTGGATCGAGGGAAATAAACCCGCTATGAGGGCCATCGGGTGACACCACGATGTACGGCTGGCATAGTGACGTCCGAT,281,53.74,Escherichia coli
SEQ_479483,CTGGTTTGGACTCTGATAGCCCCTTCGATTCATTCTAGTATACTCCGCGTGTCTGGTCCGTTGTAGTAAGCGCCGGGGGTATATGGGTCCCGCTGGCTCATTAGTTCTGCAGAGGTCATAGGCTGTGGGGTTTGCGACGTCAGAACGTGAAGCGCTATGCACGAGGAACCTACTGTTCAAAGTCGGCGGCGATGCTTGGTGAATCAAGAACCGGACAACTAACGACATGGCGTGGACCTAAGCGCTGATAAGCCCAGGAGGGTTCACCCGTTGTATCGAGTGAAGAGATCGACCAACTGCAATCTAGTTGTGCTCCCGTGAGCATGGCGAGACCGTGTCGTTCTCCATCGACGGTATGAGCACAACAGGAGTAGGTCGTTCTTAGCTGTCGTAGTGTGGTACGCAAAGGAGAAGTGTTGATTACAATATTGTTGCGACATTTTATTCAGATTGCGCCTTTATTCCCACAATTGAAAAATTTTATAGGTGATATACCTGGGCCTTGGCTTCCCTCATCGGCCCACAATTCGGCACTTCTCTAAGTGAATTTGCTGTCCCTAACGCACGGGCCAAGCTACGGAGGACCGAGACCCAGGGTGGTAATCACATTAGGACTGTTTCCCAATGTATTCTCTTTGGCCCGTGACCAAACCAGGAGCATACGCGTGCGTGGGTGGGCGTTGGTTGCGAAAAGGCCCATGTTCACTGCCAGTGGGGCCGGAGCAGGATCATGCAATGTACTTAGGATAGAAGATAAACATAAGTCTACTGGATTTCATACGATTCAGCGGCCGGCGTCGAGCTTCACACTGCAACCTTAAAGCAAGAACACCAAGAAGAAAGTCAGACCGGGTCCGACGAGCCTTAACGTGGAATGAATGCCATAACTACCGAGCCGCATAGCAGGGAGCACGATTGTATTCTTCCAAGCCTCGGGACCTTTAAGCAGGCCATTCCCACAGATTGAGTGCCCCCTATTAACACCTACTGACAATCCACGATCGCTACAAAGATAACAGACAGGGTGAAATAGAATTCGCATGGCTTAGTTGGCAACAATCTATTGGCTAAGAGACCTTGCCGGAATCACGGATTTCAACC,1101,50.5,Escherichia coli
SEQ_150014,CGTAACCCCGTTCTCAAATGGAGGGTGGGCCCTCCGTTAACTGGTTGGTGGTAGACTATGCAACTCGCGTGAGGACTCCTAGGTTCCAGCCGACCACGGAAAGCAACAAGACTCTTCCCCTAGACCACTCTGTAGATGGCGCAACAGTTTCAGGGGCGTTAACTGTTTCAACCTTGCTCGTCGAGTCTATTGATGTATTGCATATATACGCTGAGCCTATTTCGCCTATGTCGCTTATACAGTACGGTTCTGAATCATAACATCCTCTGATGGTGAAATTCGTAAGTTATAACTATAGAATCAGTGGGATTGCTACTCAAAGGTAAAAGGACTCCCGAATTGTTCTCAGTTCGGGTATTCGTAAAGTATCATCCAACATCAAGCCACAGCCATCTATCTATTAGCTCGTAACGCCTACAGTAGCGAAAAAGCGGGGTTGCTTCTTTGTACCTACAGGTGTAATAAGCCATGCGAGAGGCCCTTTTAGCTTCCGCTCCGACCCACGTCGCTGGGTGTGTTGATTGTGACTAAGCAAAACTACGCGCCTCTAAGCATGTGTACCATCCGTTGGAACCCAAGGATAGTTGAGCATATGGGGCCCTAGTATGCACGAATCATCGCACCCTAGACGTGCTGGAGCAGTTTATGGAATAACTACAACTTCTAAAAGCCTGCTAGAGAGATCCAAAAGCGGTCCTCTGCGGTAGCTGTCCGAAGGCAAACGTTTTTAAGTACCTCTTACTCCACGCTAAGTAGGACACAACGACTGACTCTACGAGGTACGACATCGGAGGACCCAGATGGCGGACTCGCCTCTAGTACGTAGCATTATGTACCCGGTTCCTGGAAATGGTGGCATTTCGCGATCATGGGTCATGTCATAGATCGAAAGCGATATCTGCTGTCTTCGTAGATAAGGAGGGAAGCGTCATTGTACCCAGGTCGGAATTAGAACCTATTGAGCCATCGGCAGCCAAGCAAGAACGAGCATCATGATCCAGTTGTAAACAGGGTGCAGATTACGTGCTTTAAAGCTCAGGAAACTTGGCCCGCCGGGTCACGTTGACTCGGTCCAGCATGAAATAATCATTCAATTGGACTAACAATAGTCTCGACCAGATCAAAGCCGTAACGGGGTGGCAAGACTAGCGTAGTCAGCTTCCCGCTGACAGTGTAAACTTTCAGGATGCTCTTTACCCTTATATTAATGCCCTGGGCCGTAAATGTATTATTTCAGGCCTTCCGGCCTCAACCGAGGACATGCCACCGCAATCGGCACGGGGAGCGGAATGGCGGCAACGCGCGTCAATTCCTGCCGGGTCCTCAGGCTGACTCGACAAAATACAGAGCCCCACCGTCCAGAAGCCATCGGGATATCCCCGCCCAGAAGCAGATCTAAGTTCCCTCGCCTTAAGAAAGCGGGTTTAACGCGAAGAGGGTCTTGTCTGTAAGGTTACCGCCCCTCTATATCACTATCCGCCCGACGCCACTCTCGCGCGACTCGCTGCCGCACATTATGTATGCCGGCCCTCTTTCAAACTCGTTCGAGACGAAGATTCCGCACTGGAGGCCTAAGTCATTTGTAGCCCATCCTGCGATTCGTCGCTGCGCCACCGAACATAGTTCCGTGTATGATTCCCCCTAGTTCCCACGTCTTATGCCGAAAAGATACCGGGGCCGCAGCGTCGGTTTCGAAAATTGCAGGCGCATAAGAAGTATTCCCTGTAAGGGTAATCATTCCAATTACCCTTTCAAGTGGTAGTTGGAGCATAGTTTGTGCGTCCTAACCCACCCAATCGGGCGGAACCACGCTTCAGGCCGCTGCTTGATTGCACCGGACCGCT,1844,50.81,Escherichia coli
SEQ_855548,CTTTGATTACAGTGTCCACGACCCGGGAAGTGAGCACTCACGACCAAACCTGGCTTCCGTGTGGGAGCGCTATTCTTTAGTAGATCGCGAAAGCACTCCTCGAAACTTAGCGTCGTCACTGCTCCGGACCTGCGAAACCGCCGTACTCGCCGCGCAACTTGCGGTAGCGACTGGTCGAATTCGTGTTTGTACAAAGGGTTCAACATATAACACGGGATGAGGAAGCCGTATGTTTTTTAGTACTCCTCCACGGCCGAGCCGAGGTACTTCTGCTGCTTCAAGCCGTGACACCGTCTTAAACTGACCGCTGCCGCTTGAATCGTTATTAAGTTCCAGCGTTAACTCAATTATTCCCCCAAGATCATTAGTAAAACTACTCGAGACCGCCGAGATATATATACTACAGGACGGCACGTCCATAAGTGGTCCAATTGCTGTTAGAGTCCAACGCGCGACCGTTGTCGTTCGAAGTTTTCCAATGTACGCGCATCGTCATCGGGCTTGGAAGAAACAAAGACACCCCCGACGATCAATACGTACAAACTAGGGCAATGATCCGAGGCCAGCAATGCTACGAATAAACGATTTCGAGCGCGGAAAGCAAGGCTCTATGTAAAAGGCTCCGAGTGGGCATTCTACCGAGGGCAACCTGTGGTGAATGTACAGTGTTGAGCTCCGCGACAACGAGCTGAACCGTGCCTTATCGCGCATCTCTGGAGACGGGTGCTTTCATTTATCCACAGACGCAGCTGAACCGCAGAGGGATGGTAATGGACTGCCGGGAACGATGCCGGGCGTTATGAACCCTCTCTCGCGTCCTTGCCTGCGCATCGACCTTCGCAAGTGCTGAAGTGTAAAGACAGGTTGTCAGTGGAGAGACACAGAGGGTCGGTTGTAATTTATTCTCGGCGATTGGATCCATTGTTTACCGGCGATCCAATCGACAGGATTCGCTAGCTTGCCCATCCGAGACGGCTACCTCGATTCTGTCCGCTGGGA,999,52.35,Mus musculus
SEQ_765043,AAAATAGCAACGAAAGCCCTATGTTTCATGCTTGTACGTGAATTGGAACATCGTAAGCCCAGCGAATACAAGATCAGAGTGTAGCATCGTAGGAGCAGCCCGTCTTGCGCAATTTTCATTGACCCACGCCCGGCTCCTCACGATGGCTCTGCACAATCTCGAAATTAGCCAGTCCTCGTCACAACGGATCGATGGGTTTGCCCTGGTAGCGGTCGATGGCTAGGCTGACCCGCTGTGAGGCGGAGCATCGCTTCTCGCCTGGTATCACTTTATATAGCATAATCTCGTCCAGCGGCGTGCTGAAACATAGTGGGTATAGACCGCGCGGCTGAAGACCGAAGCGATTATAACTTATTCAGGCGTATTAATATTATTAAGCCAATTCTCTAGCCGCAGACTAATCGGATATGTATGGTGTAGGGTCATTAATTGTCCTGGGTCCTACTCCTTAATTAGGAGACCTGAGCTAAGGTGGTTTCGACGGAGACTTAGAGTTAATGACATTAACTCTGCGTTAAAGACGTATTTCTCCATTCCTGGGGGAGCTTAAGCGCGATAGGTATAGCTGCGAGAGCTCAGGCCATATCAGTTCTTGGATTGTGGTATGACTGTTGGTGTTTAACGAAGGCTACAG,634,48.26,Mus musculus
SEQ_811892,CCGATGCGACGTGAGCTAACGTCAAGAAACAGCATGTCTCACCAGGCCTTATTGTCGCATGAGTTTTCCTTTACACTCTGTTCAACTCGAACGCCATGCACTAACGAGACCGCCCTGAACTTTACCCCTGCCGCGCCAACGTAGTCAATATTCTGTCACGTCTGCTGGTGTCGCTTGCAATAGTGCAGCCGCTATTGGCCCATCGTTGCTGTGCGTTCGCTTAACCTAGCCCTTAAGGGGGTAGTCCAAACGCCAGGACGGTATATGGTAGGGGGCCAAGGAAAATACGTATTTAATGGGTCACTGGGCGCCAAGGGCACGAGAATTTCTGAAAAAACAAGGCCAGTAGTAGATCATGATTGAGCTTATTGCAGAGTATTTCTATACCACACGTAGCAAGACTTGGGCCTAGACATGTACCCCCTGCTGTCCATCACCTGTGTGTCGTGTGCAACGGAAGACGGTTTGCTGTCCAGAGCCATTGGGGAACAATGAGACTTTAGAAGTAGCACGTGCGACCACCTTTCGCCTAAGGTCTAGTAGGCTAGGAGTGAACATTAGCATAGTGCGTGATCCAATCTACCGACATCGTACTGACCAACGGGCGTACTGTAGCCAGTTTTCTGTGCCGATTAACCTTTGCGCGGCATCTAGGGGGCGAGAATCGGCGCCTTGCTACATTTCATTAGAGGACAGGAGGGGTAATGTAGAATAGAAAGGTGGGCACTCTAGCCATGATAGTCTGCAAAACTGGAGTGATGGGCCTGTCTGCTATTAGACTGTTCGTCATGCTCCGTCTCAATGTGTAATGGCTTGATTACAGGTGAAACGCTAAGCTATGTCGGGATAGCTTCCAAGGCCCCTACTTGTGACAGGAGAGGACCTCTAGCGGTGAGATAGGATGGCTTCTCAGGATGGGCCCTAGCGGTCTGTAAGTTGGGACGTACAAATATGATCTGAGCCCGTAAAAGCCGCGTCCATCCGTCTTCGTTACTCTCACTTAAGCGCCGCGATACACGCGGGGTTTGAACTAAGTTACAGTAGGAGCTATCGACGGTCTAGTCGGTTCGGCCAGGACGAGTCCATAGTATTAAGCGATAGTGGAACAATTAGGATTAATCCTACGGCATAACGCTAGCGTGGCTACCCTGCGGTCAGTACTTACCAGGAAATACCTTAGCCGAAATATGGCCGAACACCAATGAGCGGAAAGGACGGCGTTTTGTCTGGATAGGGCATATTAGTTAATAGCCCTTATCGGTTTTTACCCTTTTAGCAGCCGTGAGCCAGGCTGAATAAATAAAGTTACTGTAACATATTATACACCCAGAACGGCCCCCCCATTGAGACTAAGACCCTGAGGAATTCCGAACCCTGATTGGTCGCATACGACCGAATAGCGAGTCAAGCCCGGTCCCGCGCCCAATGAGCCCAGACTCCGCCAATGACCGCGCCAACGTCTGAGATAGTAGTTGTGTCCGGGGCGCATCGGACAAAGACGGCTTTACAGGACGTCTTAGCTGAGTTAATCGCGAGCTCTCAAGCCGCTAGCTGTGAATCGACTGCCCTTGTGTGCAAATTAGTGGCTATGCACTAAGTCTAAGCCCCGTTGTATGGAAAGACAGCTCTATCGATGTCGGAGGAACATGATGTCACATAGCGGAGGATACTACGCGCTGCTGACTAACTGCGGTGTATTAACGAGCCAGACTAATGTAGTTCAAAGAGAGACCTACCGAATGT,1743,50.55,Escherichia coli
SEQ_268775,ATCAGCGGGTTGTGCTAACAGGCTCCTTTCAAGTGTATATTTCAAGATTTAGTCCGAAAAGTCATACGTCTGTGCTCCACTTGCTAGACCTGACTACGGGTATTGCAGGGTCATGAAAAACCCGCTAACATAACGCTACTGCCAGATCAGGATTAAGTGTCGCCATCACAGCTTGTTGCGGGGGCGTGTGCGGTGAAACAGTATAGTTCGAACTATCGATACCCAAGTTCGTCAGGTGGAAAGCCAAGAAGATAAACCAAGGTTACTTTGCCGATACACT,280,46.79,Homo sapiens
SEQ_188682,ATCCCAACCACTAGACCGGGGCCTGATCTCTCCCAGCCGTTTGATTGAGCGGGGCAGCTAACGAATACTAGAGTCTATCATGCTGCTGAGTGTTATAAGGGTGCTTTAGCGGTGTGGCTGGTCTAGTACCCTAGACAGAGCGGACTCTGGCGTCTATTGCCCACAATGGTTAAGATCCATTTAGAGGTATTGGCAAGCTTGACCCGAGTGTTAAGAAATCTACTCCGAGTTCGCAGTATGGTACTAACGCTTGGACGGATCACTGCGCCCTGTCTCCGTGCACGACAGTCTCCCTTCAAGCCAGAGCTATCCGCCTATGTTGAATAGCTAAGTGGGTACAACGGGTATTGGTCTCCAAGGGAAAAGTGCTATCGAGAGACGGGAGTGTCCTTAGATACATATGATTTGCTCAAGCTCGAGTTTTGTCTGTACATGGGATACTATTTATGAACCACTAAGAACTTTGTGGAAGTCTCACCTACTTTAGCGGTAAGCTAGTAAGAAACCGTGTATTACGGTTTACACAACCCTAAGGCTTGCCGAATGGCTATAATCCCCCAGCGGACAGGCGCCTTTTATAGCGAGGACTACGCTTAAGTGTGTCTTCGCGCTATCGTAAACGTAGAAATCTAACATCGATCCATAGCGAAGGCAGATTCGGCGAGTGCGTCGGCATGTATATGCATTCATTGTGAATTTAATATCGCAGTGCTTCTGAGACCGTCCGATCCTGTTCTTTCTAGTTTTGTATGGTAACAGGCCTTCTAATCCAAATCTTAATAAAACTCGGCGGGTTTGCAGGATTTGAACCTCCTTCTTGGGCCGCTACGGTCCGACTAGGGAATACTACACATATTAGAACCGACTCTAAATCAAACTTCTGTCCTCATGGTGACTGGTCGAAAATGCGGGGTCGACTCTGATCTGGTTCTGTATTACCGTACAGATCGTCGCACTGGTCAAAACGATCTAGGGCCCGTATCCGGTTTCTGGCCAGTTGTATTCGATACTCAATGGCGACCCAGACAACAGTATAGTAATGCTGCCTCTAATACTTTTAAACCGTGTGCAAGAACTCTTGTTCCCCGGGGTGTCCGCAGGTTATGCTTTTAGAAGACAATGCCGGGGTTCGATTAAAATACCTCGAGGAAGTTAGGAACGAGACCTACAAGGTTGTGATACATTTACCTTTGGCTCCGTACGTCATTGAAGCAGCGGGTTCATTCGTAGAGGACGACCTTTAGCAATGTGAGACTTATACTCCAACTTCATCAGATAATTCAGTTGGAGCAAACTTTCATATAGACTGCAATTGTAACGTGTAGCGGGGATTAGATTATAGTGCGCACCAGCATCGAACATCGCATTCCGTCACCGACTATAGAACATAGTAACTTGTCACCCCAATGCCACCAGGGTATCGTACAGCCCGGCCCGTCCGAGGATACCTGTTGTACCCTATTAATATATACCCGTACCGGGTTGAGACACGACATGTACCGCGTACTAGGCAGACTCCTCGACAGGGTCCTAGGCTAGTGCGTTGTAAACCGCTACCCTTGAATTGAATTCCCTGTAGTAGTGTAAGATATCTCAGGGAACTTGTGCACAGGCTCGCGACAGTCATAACGAGACCGCACTCAATAACTAAAAAGTCCGGTAGCCAGCCCGAAATCTTATAAGGATCTCCCTCATAGCTTTTTCGGACCCCCATGAACTAGTACGACTCGAGTGTCTTTGGGCAAAGGTGCCGGTTCCTGTAAGCGTTATAAGAAGTCTTGCAACGATAGATCCGATTTCCCTTAG,1806,47.56,Escherichia coli
SEQ_760189,TCGTAAGCAATGATACCTCTATTCGTCAGCAGGGCCACAAGCAAAACTATTGGTTCTAACGACTCGCCCTTCAGACTCGATGTCTATACGGAGCCAGATACGGGTAGCACTCGCTGCTGAGGATAACCTATGATTTTGGCATTCGATATGTCAACTGGTCATGCCAGCGCTCGCATGGTGCCCTGATGAACGACTACAGCCTGATACAAGAGGGGAGGCGGAGTCGGATGTGCCAACGCAGGAATTTTTTAACTGATCAACTTCGTGACCATGTCCTGTTACTCGTCCGTCGGAACGCCAAAATGTGCCTGTTGGAAGTCGTTATGGAAGTACGCCATCCTTTTATACCGCCAGGACCGCCGAGTGTCCAATGTGTGCAGCCTGGCCATTGTGCCCGGTTTTCGTCCTGCACACCCTGAGGCATGTCATTTAATCGAGTCATACAAGTAGGTAGCTAATTTGTAGTACATCGTTCCCTTGCATGAACATGGTAAGTCTGGGAGACTATGCGTTTAGCCGTGCACAAGTCCCCCCGTAGTCGTGCTTGGGTTCGCTTATGCCTGTCACGGGTTAAACGTACTGGTGTTTTCTCGTCTGCAGTCCTCGCAAGGGCATGGAGAGGTGCGAGTGGCGTAATGGCATAATATGCACGCCGTTCTTGGCAGTTTAAATACTGGGACGAGGGCGTCTTACGATTAACTTGATATGTGGTCCGGGAATTGACACTGACGCCATGGCGAGTTGTTCACAACAACGGTCGTCGTCCGACCAAGTACTGTAGGAGCCTCTCAGACAATTATGGCGTAGGGCGGGGTGTCAGACGAGCTGGGAGTAGGACTATCCCTTCCCTTTATGGCGCCAGCCATTAGAAAACAGTGTGACGATGCCCATGAAGTAGATTTGCCTCCACGTACGAAGGGACAGGCCAGGGCACGCCAAGGTCGGTCACTGGTTAAGACTGGACTCGCGTGAATTGAGTGAAGTCTACTGCCGTGATGAAGGCGACGCCGTCGTGTAAGCCAACCGGGGAGTGTATCAAACTGTAGCATGGAGAGGAAGCACGTGCAGCCCCAGGTTTACCTTCGGGTCGAATGCCGGCTCTAGGTGCCGCGGAGGGCTGCTTCTAGGTATAAACCCCAATCTCATCAGGACAGATGGGATGGCACTGTATTGCCCCCATACTGTCGGTAACGGCGCTGACACTCCCCCGCACTGAGGAATCGGCCACTCCTACTAGGGATGATCAGGATGAGTTTCTTTGTAAAATTCTAACACTAGGTGTTAGCAGACACACGGCTTGCCTATGGGGAAGCTTACCCAGCGGTACGAGCTGGAGTACGACATGCTATACGCTTTTACAAGGGCACAGGGAGACCCTAGATTTCGGTTGTAGGTTGCACATCTTCCTTCACTAGTTCTTAGCTATACGCTAATGACCGACTGACGGCACCGCGGTGGATTGATCAAATGAGCCACTCATCCGGGTGTGGCTCGGGAGACAGCCAACAGTCGATCAGTGCCAGTTAATAAGTCCGAGGATGGCCCGTACCCTGTAGATAATTTCATGAGATTTCGCCATGACTTGCGACCGAATACCCAATCGCCACCCATTGTCGCTAATAGGACTGGGCGGGTCTATACGTTTACCTAACTATAGGGCTTGCAAGTCTGGACACGAACCTGGGTATATTCCAAGGACCCCTGCCCGGCTACTT,1715,52.3,Escherichia coli
SEQ_752337,GGTCCGGTGACGCGAGGGCGTATCAACTCTCGGGGCCCCTCGGTTGACCTGCGTCCCTAACAACGAGGACACCAGGCAGATAGAGACCATTTCACCTGTACGTAGCTGTTCAACGCTTTGTCAGCCCAAGTAGCCAGCCCTGGCCCTCCACGTGGTAAATCTTTGAAGGTACAGGACTGCTCATCTCCGGATTACTTGGCTTGGATCGGCCCTGGGAGAAGCCTGGATTATCCTCCACCCGCAAGGCCTGCTGTCTGTACTAGATGGTTCGAAGTTTGCATCGTCCCGCAAGCCACCCGGGTAAACCAGCGCGATGCACAGCCAGTGAGTGGCACCGAACAAGACGGGATTCGCTATTCCATGACTCACAAAAACGAGGCAGTTATAGCAACGTTCGTTCGCCAGCCCTATCATTGGGCCTCGTCTCTTCCCGTGTTTCCGGAAAAGGGGTATGCAGCGGC,461,56.62,Arabidopsis thaliana
SEQ_426150,GCGCGAGGAAATCGCCTGAAACGGCAACCCTGGGGCACACAAGCCATTTCATGTCGCCGATATTTCTCTTCTGCTGGAAGTGCGCGTGCGGGCTTGCCCCTGGAAGTGGTCAACGCCGGCCTGCTGTATGTCCTGTGTCTATGTCCGCCTCGGCATGAAAAGATATGGACGTAGAATCATTCATCCACGATTTGAGACCGCCTACGCCCTACTTGGGGGGAAGATCCCTAATACCAGCACGAAATATCTTGCGGACAGGTGTCCATCGGCAATATGCACTTATTGTCAGCGAGTTAGAGCCGTAGCTTTTTCACCCAGTGGAGTCCGACTCCG,333,54.35,Drosophila melanogaster
SEQ_388043,TCAGTCCGTCCGGGCGACTACATAGAGCCCTGCCGGTGGGCGGATTTGCTGTATTGCTGTAAGCCTGAATCAGCATACAAGTTTTGGCTATTACTGCTCTTCTGGGGCACTAGTTACCGACGCCTCAGTCCGAGTTATCCCCGACATAAAACTTACGATTCGAAGGGTGTAAAGATGTAAGGTTACGTCAATGCAATACGCAAAGGCCTCTCGTGCGTCTGTTCTGCGTAAGATCGAATCAGTAGTCGCCCTTAATGTAATGTAAATTACGTATCGCACTGCCTGGTACAAAATTAGAACGGATCCTTTGACACGGATTGTCCGGTGAACTCATTAAGGTCATATAAAGCAGCGACCACGTGTTTGGTAATTTAACTTGGATCAAAGTGGAAGCAGTCAGGATCCACCGTACGCCCTCTACATCTCGACCGGCCTCATCCTCCCGCTTCGACGTTCAAACTACAGCTTGGAGTTGAGGCCCAATGACCTAGATTGGTTACATCGGGGTGTTCTCGTGTTTCTTGCATCACCTTTAGTCTGGGTGACTTATCCCAAGCGAAGGGGCACCGCTGCAAACGGAATCCTTGACAAGTGGCCTGTGGTCATTTGGCCGACGGTTGGAGAGAAAGCACCTGTAATCCGCGACTGACCAACTCTGTACTTAGGACAAATTATTCTAGTTTTTTGAACAGGAATTTACCGTTAGCCTAATCGGGGCCCTCAACCGAAATACAGAGTTTGGGGCATCGCACGAACTGTCGGGTAACAAAACATTTTATGCATCTGATAGCGGAAGCTTATTGGACCGTAGAAATGATGAGCACGAAGTCTCATGTTGTGTAAATGCGTTAAGGGGCATTAGAGAAAGCAGCTCAGCTTCCATGCGAAATGTAGCCGGAATCCTGAGTTACGCGTGAATCATATGACGCCTTCGTCGGCCGTTCAAGGCGTAATTAGAAGCGAATGGCAAGGACCGGTAAGAAGGGCTCAATGAAGAACTTAGTGCTGGCGCTATTTCTTTTGTGTGTTTAAGAGCCATTTGTAGCCGAAGGGGATGTGCTGCACCATGTTCGTTTATGTTTTGCCTCCAGGCGAATGGTGATGTGGGAGTAATGTTCGCGCTCCCCAGGGTTTGGGCGGCCATCCTACTTGCGGGGAGAATTCTCGTCAGGGAATGAACGGCCTACAACGAGTACCCGCGACCTAGCCAAAAAAAGAGAGCTGCAGTGGTTGGAGTAAGAAGTGGTTCCAGGCTAAGTAACTTACTGTGTTCGAGCCATTCCCAAGTACGCGGTCGCCTTTTGGAAAATGCGGGTTGCGTAACGCCTACCCTGCGTACATTCTTGGTAGGATGGCGAATAGGGCGTGTCCCATCCTTTGAGATCCAGAATGACGCAAATTGCATTGCGAGTGGGTGAAGCGGTGAGTTTCGTGATTATAATCCCGGAAACTATGCAATATTCTCTGTGGCACCGCAGTCCACTTTCCTTCCTCGGTTAATCACCTGGATTAATCGATTTTGTGAAGCGTGCGGACCACTGGCCGAATGGACTCATGGTTGCTTCCAAGGATCGTTTCCGCCTTTCACCAACAATCCCCCGACGATCGCGTAATTACGAGCGGTGTGGGGCAATCAACTTTC,1642,49.33,Homo sapiens
SEQ_185008,GGGCAAGCACTGAACCGGCGGTGATCCACCCTTGATAAGGCGTACTGCGAAGAAGACCCAGCACCTTCAGGCTGCCGCATCTCGGTACAGAATTCTGCACTAGTGAGGCTCATAAAGCAACTCCCCTCATAGATAATACTTGCGGAGCTGAAATGGGGCAATTTTACATACCATCACCGCATAAACGAGTCTAAATCACCCACGCCTCCTGAAACTTCGCTACACTATAATGATGAGCTAGATGCCCATGATGCGTCGTTCCCATATATATGAGGCTAAATGGGTCAGCTACATTAGGAGCCCTCCAGGTATAAATCTACGACCATGACAGTCCATACACTCCTAGGAAAAGGACGTTTGAGTTGACGCAACCCGAGGCGCACATCCGGAGGCGCTACATTTTGCAGCGTGCCCAGCGTTAGATCTTAGCCTCAGATGTTGCGCGACCCGATGGCCTCTGACGCTGAAGCTCCCGTCACTGCGCACGGTGGTGAACCCACAGTGGGTCGGTGTCGTCTGTTGTCCCATTATGGGCTAACCGACTGCATGACTGGCGGGGTTGTGGTACACTACGATAGTGAGGCAATAGGTACTTATATCCCGACACTCGCAGAATACTTCTACCGTGACTGCGATGGAACAGTCAGGAGATCTGACGCTGGTTAAATACCTATTGGCTTGGGCGGTCGCGATGTGCGTAGGAGTGCAGCACACGTGTAACGTCGGCCGCGAGTTATGCACTCTCTCCTAACGCGGGACATTCTCGCGTCCTGAGCTCTTGAGACCAGAGTTACGGCGATATCCGTCACGATGCATTCGACGTGGCGCAGACTCCGTGATGAGGTCATAAATCGCTACAAACCAAAACAACCT,873,52.58,Arabidopsis thaliana
SEQ_943260,GGACTGAATAACGAGGTTGCCATACTCCATCACCGTGTCTCATTGGTTTAATGTTAGAACTGGCAAGCAGGACGTGCTCGTGTCTGCATTATTTGCTGAAGCTCTTGCCGAAGCGCCTCAGATTCGTTAGACTGAGAGACAGTACCTTTTATTCTAGATCCCTTGTGGCGACCAGGTCGATCAAAAAGGCTGTCAGACGGCCACTAGTCAGCCGGTGAGTCATATGTTGTCAGCTCTGTTGGACCGGATGTGTTTCATCCAGACCGTACGGTTCGTCCCTGCGTCAACCATCGCAGCCGTAAAGTCCATTGATTTGTCAAATATTCTTCTACCCAGCCGCCCCACGCCGGGCCTGATGGACCCGCCGGCTATCTCGCCTATCGTACCTCATAGGCGTGATCAACCGTCATGGAATCACTGCTTTCAATTCAATTCGGATTGAAAACTACCAGCTATTTGAATAGACGGTCGAGCACACTCGGAAACCTGGCCGTTCTGTGCCAATCTGTCCGATCTCTGCGATGAACGGTGCTTCATCTGGGCGCTCAACCGCAATCGGACGCTGTACCCGTACAATGAAAGCGAGCATCCCTCTTGTCTCACTCCCTACGTGGGAATTGGACAAAATTAATATGCGGCTATCGTGCGTAGATTTATTGTCATAGGGTAAATGATTCCACGCGCCTCGAGTATGGTGATTGGTAAGGATACTCAGCAACTATCCTTCTGGAGGCCTATTAACCAGACCATTTACAAGTTACCTCACGGAGTCGGTAATTTAAAGCGACGCCCGTGGTCCCAATAGTCCTGAGCATACAGTAGACGTCATATGCTATTTCATACTAGAATTTTGGATGAGGATACAGCGCGACGCCTCTCTTAAGCATTAACGCCTTACTAGATAACAAGCGGTGAAAACTATCAGAACGCTCGGTCCAGAGAGGAACCACGTAAGCCTTGGCATCAATCAATCGAGATGAGGGTAATCTTTGGCCCTATCGCCACTCCCGTGCGACCGTAAAAAGAGGAACTTGGGCCTATCTCTAGCACCAACAGCCACGATTCCGCTTACTCCAGCTACAACAAATTTAAGATATCCAAACGAACGGTCACGCTACATGCTACCCCTAGGGCTCAGTCGTCGCGCTTTCTAGCCACCGGCGCAAAAAGCATAAAATAGAATTGTCTACTCGATGATCATGTTCATTCTTTAGGGATCGTCGGAGAATCCCGCTCCAGTCGGGCGTTCTAAAGATCGCCCTTACTCCATTCGTTGCCAATTGAGCGTGGAGAGTGAAAAGATAGAAATCACGAAACATCCAACGACGGTAATGGCGAGCAAGAGAGACAGAAAGCAAGCATTCAAGCAAATAGGTCAGCGCCTAGGAACGAGAATATATGTGCTAACAACGTAGACGCCTAGCCACAAGAGTCCTTCATGGAATAAGATGGATCTAGAGGGTTTGTCATGAGCTCTAGGACAATCGCGAAGTCCAAAAGGCGCGCGTGGACTACTAAAGTGACCCAGCATTGTAACGCATACTTCTCAGAGCCTACGCGTCATGTGTTGCACTAGAACTATGGCTTTGAAGACGATTATGTGCAAGCTGTGGTGCCCAGCAGGTGACGTCAATTATTGGAGCTTGGTGCCGAACAGATTCCTCTCTGGTTCACCCCGATTCCGCAGGCCTTAGACGCTGTACCTGCCGAGAGATTACACCAGGGCTGCTCTTCGGGTCCTCAATGTGGGCCGTTACTCTTGCGGCAGAGTACTGGCTGAGTCTTCCAATTCGAATCCCCGGGGGGCTGGGAACGCCAGTACAGCTGCACCGGCACGTGTTCACCGACGAAGCGAAAGACCCAAAGCAT,1869,50.03,Homo sapiens
SEQ_727489,CCGACGCCTCCTACTACACGTGCGGCTAGGGAGCGGCACGGCAAAAGGTCTATAACTCCTAGGGGTCCACCCATTTAAATCCGGAAGAGACCACACATCACGTGACTGTTGTATAAGAGGAAAAGCGTGCTACACGTGATGAGGCAACGTAGCTGGCCTTGAACCCGATCCCAGGTGCGTGGCCTCGTGACTTATTACTATCAAAATTGTAGTGTGTACCTGCAGCGACGTCTGGACTTCAGTGAGGTAGAACTCTTAGGCGCTCAAAAATGTGCGCTTGCAATGCTCTTTTCCGAGAAGCCATAAATATAAGACATGTTCTTTAGGGGACTATTGCATCTGAGCAGTCAGACCAGCTCGCAGAACTTTTGTTCGCCGTCTAATTGGGGCGTAATGCAGTGCATATCTCGAGCCGGGGAGCACAAGTCAATCTCTGTGGCGATCCGATAGTCGGAATGCCCTGCTCCCCCACTCAACACGTGCTTATGGGCGACAAGGAGGTTCACACATACCCTCGAGGTACCCAACGGGCACAATAAAGAGTCTACATCGCACGAGGAGAACAAATGGTCGTAACTTCGTCGGAGTAGATACGAGACAGATCGGAAATAAGGCGACCTGCATATTATCCAGCTTCCCTCTGAATATCCAACACTGACATAAAAGCTGAAAACGTTTAGATCAATGGTTGATGATGCTAAGGTCATGGTCCAGAAGCACTTACAGAAACACATCGACATGTGGCCATCGCTATCAAGCCCCCGCTGTTCTATTGGAAGTGAATTGGTATAAAGATGAATTACGATAGATGTACTGAGCGCTGTCTTACAACTTGGTTGTAAAGTATATGGTCGCGACGAGCACGCAAGAATCAGCTTCTGTGAGACGGAACTCAATGAACTCTGCTTTGGGGGGTACGTGCTACTTTGGAAATTTACGATGTA,944,48.41,Arabidopsis thaliana
SEQ_213412,CTGAGCGGCCCCTGGGCCGTTCATGGTTAAATTTCTAGCTACGGCCGATTTCCGTTGCCTCGAGAGCCTCTAGAGGAAGACATACAATGCACGCGACGCCCCCTCTCGCGTGGAGGGCAAAGTATCTTGAAAGCCCACATAACGACTGTTGCCGTGCGTCTTTGACCCCCCGCTAGAATCTTTCGGGTTGTAGGCACATATATCAAACTCGCGACAGGACGCTGGTATGAAAGATACACGGGCGGAGAGTTAAAACTCGAGTTAGCAGCCTTACGCACCTTTGGATTCCTATAGAAGGAAGCTCTACTGGTCAGACAGGGCAAGGTGGAATTCTTCCCGAATGACGTAATATCGCATAGAGAAGAAACAGGACTTAGTTCCAAGGCTTAACCTATTCATTCCCTGTAATTGTGTTAGCGCGAGCGATTTCCGATAAGGAGTACAGTCCTTATGCCAGTTACGGAAAGGGTATCTGGTATTTCGACGACAATAACCTCCCGAAAATGTTAATTGGATGACGCGTTGCCTAGCTATCGTGTACGCACAACTATAGACCGACAGTAGCACGATTAATGCACGTTTTGGAGATGTAACATGGTTAGAGGAGGAACCCCACGTGCGGGACAAAATGACGACCCACGACTTATCGTTGATAAACGCATCTTGGTTCCATCAACTTTGACCGGAGGCTGACAATCCTAGACCCTACTTTTATGCGTAATTTAGCATCGCGCGGTATAAGCAAACCCTCGTGTTCGGGGTAGCTTTGCCCGTCTCTCCTCGACAGTCGGAGTGGCTCGGAATCAGGGCTGATTTAATCAGGAGCGACCGTCTTTGTTTTTTGATTGGGAAAGGGATAGATTACATGAACACGGAGCCACGCATCTCGTGACGAATGATCGGTCGTAGATGAGGGCCACTGCCGCGCTAACCGTAACTTTCCTGGTTGCATCGGTGTCTCTGTTTAACAATGACGACGTATGCTCAGACATCGGAGACGAAGATCGCTTTGAGCGAAAATGGATATAACCCCATGCAATGATGCCTACTTCGTGAAAAATATAGACTTGCGCATATAGTTTTTCTCGTTGGAGCCTATATACGGATCCGTAAGAACAGTGGGTGTATGGTCGCGAGGTCAATGGCCGATGAATAAACCGATGAATGTTAGATCTAGTAAATGGGAGTGTCAGTTCATGAATATAACTAATATCACGCTTCAGTAGAGCAAAGATGCTGCGTGGTTTTCTAATCACGGGAACCTTCGTCGCTTCCGCATACGAGTGGCTACTCATAGCAAAGCCCAAGCATACCTGAACTGCAACGTCGAAATTCGTGACTGCAGTGTTAGGCGAGTCTATCTCGTACTGTACATACTCGTATGCCGTACATTGTTGGAGCCAGTATGTTCTAACAACTATAAAATGAAACGCTTTCAGACAAATTAGCAC,1451,47.55,Saccharomyces cerevisiae
SEQ_161940,CTATCAGGGATACGTGTTCAGCGGCAAGCCACCATTGCCGCAGCATTGAGTTTCTTCTTTAGCCCACGAGTGAGTCAATGTTAAGATAACTGGGTTCTTTTGAATCATAGGGAGCCTACACTCATTCGAACGCTAGATTCACAGGCGACTAGCGCCGACTTAAAGTCCTACTACGAACTCCACGTCACGGAGTAAGCCTGTAAATTCCTATACCCAGACCAACAGACCGGGGGGTGCATAAGTGGTTTCGCACTTACGCGGGAGTAGTCCTCTGTTTTCAATCAACAGAAAAACGTAACTCACATACCTTCGCCTGAATAGAAAGCAAGGCGTGGGCCAAACCACATACTTACGATATGAACATTATCATGCGTTCTTTCGCGAGTAGCTCGCTGCGCACCCCATACGCTAAGAGGAAACGTGGTGAAGCTAAGAGTCTATATGGTTGAGTAGGTCGGGCGGTATTTGATGTTCAAAGATAGGTACTATACAGTCGCCCTTGCGACTGTCATCCTTACTTTTGCATATGGTGGGACGGCCATTTTCCTCCAGGGTGGGGCTAACGGGCTGCTGTGCATAGCCAGAACGAGCGTGATGTTGCCTCATCTCTGTTTGCGTATTTAGGGAAAGGCCCTGGAAAGAGCAGAGGGAGATTTATCGTTTAAGGAAATGACGGCTCCGATTTAGTCGTTTGTCCAGCCTCCCGTACGACTTTCATCATTCGGCGCCGCTAAATTAGCGTCCGGCTCTCTACAGCCGCTGATCTTTCTCCTTAAGTTTGGGCAAGTAGAGGTTCTGGTGACCTTCAGGTAGTCCGACCCATCTTATATAAAAGTCCCCTATATGTCATCATATCGTAGCGATCTGTGCCCGCTTCATATCGGTCCTAAATAGGTCGAGAAAGCCACCTCGTGGAGTAAAAGGCTGAGCGACCTATGAAGCCTTCGGTGTCGGTTGTATTGCAGTAGGATAAGCTATCCTACTAGCCCACGGTGTCTTTGGGCACCCGTCGACATCTACGATGGCGCTGGGGAGAAAAAACCATACGCATCCTGTAAACAAAAAATGCTAAGCATGGAGTCAAGTCGACGTTACATTGGATTTACCAATGCAAGGCGACCACTCTCGCACTATTCGATATACCGCCCCCGCGGAGCTAAGAGGCCAACATTACAGTCGAATCAAGTCTCTGGTCATCATTGGATGCTAATACGATCGTGCTCC,1224,49.02,Escherichia coli
SEQ_655644,CGGTAGATGGCCGAATACTAGCAACAAAAGGGGGTAACAGTGAGTGCCACGTTGGTACGCGAGAATATATTTGGGAGACGCAGTCCTACATCGCACGCTACCGCTAAAGTCTGAGGCTTAGTTGTCCTAGCACTTGAACATAATCCAAGGCTGAGCTACAGCTGCGATTAGACCTTTATCTCGAGTCATGCCGTTCTTGCCCTGCACTGGTTATCCCCGCTCCCCACACCCTAAACTAAACGATGGGGACAGAAGACACTGCCTCCCTCCCGAGGGCTTAAGCCCGAATAGGTGTCACGGAGAGTGATTGTAAACCTAATGACGCTACAGTCATTGGAATAAATAGACTTCCTCCCGAACACTCCCTTTAAGTTTCGTTCAAAGAGTGAGACCCGTTTAAGACTAAGAGTTATCACAGGAACCATATGTTCGGAGACGGCATGTACTGTCGAACAACTACCCATGTCCGGTTGCCTAGCCAACAGTGAATCGACCCTCCCATTAGTAAATATTCCTGCTGTGTGTTGCAGCGTTACTGGTGTATGGGGCAACACAGGGATTCGAAGTAGAATGATTATGGGCACGCGCCGGTAGCAGGGAATATCTGTATTCGGGAGTCTCGCACGGCAGGTAGATACGGTCCAAGACGGGTGATAAGCTGTGGAGGCTATGCACCGGGTTATTTGGTTGGGACAAGCTCTGCTTCCCGGTCCAAAAAGCTTACGAACTGGGACTAGCGTTAATACTGAAGTGCTACCGTTGTACTAAGTATGCTGATTACCTGCGGATGCGTAATCACTTGCGGATCTGGGTTTTATCGTGGAATGACTATCCTGTAAAGGGTAGTATGGCTTGACTTTCGTTGTCAGCGAATTGTCGTGGCCACGCCGCAAGCGCGGAGACTGCCAGAATTGTAGTTATCAGCGCCACAC,932,49.89,Homo sapiens
SEQ_516950,GTTCTAGCGACTCGGCTGTCATCAAGGTCAATCGGACTTGCAATTTAACCCTATGAACTTTCATCGTGTTTTGGTTAGAATCTAGCTTCCTTTGAGAAACGTTCCCCCATTGAGACCATATCACTGCAGGTTACCAAACGTTACAGTCATCGACTTGCGAAGTATGGATTGGGCATGCGAATGGGGGAAGCCACCTAATGCGATGAGGGGTGTAAGATCTGAAATGGGGACTCAATCAACTTCGACCTAGACTCCCACTTGCACTCAGAGTCCAACGCATTCAAAGAGAATTGCCGCCCCTTACTCAGGAGCATCATGTGCCCGAGATAGGAAGGAAATTGCCTATTCTCCTCGCTACGGTCGACTAGTATACCGGCTTGCTTTTCGTATGTGCAATACCTATCTGATTCCGATCTAACGCATGCCTACGCTTGTGCACACCTATAAACTTGCCCGATTCTTTACACATCGGACAGGTTAGATGTAATTAGTGCCCCGCCTGGTGGGCTACCAGCAAGAAGCAAACCGATAATTGATCCCATGCCTCGAGCGGCTCACTGTAGGGGCCCCACTCAACCTATGCCAGTATGGGCGGAAGCGGAATTCCTCGATTGCCCTTGGATCTTGGTTTTTATGTTGTTAACTAACGAGCGTTTATCACGTGATGCACCTAACGCTGGTTCGCTATGCCTTTACCACCTAACTGTCAGAATTCAACACACGAATCCTCTGGGGCGTTTTATAAAATGTCCTTTAAGCGTCCGACCTGTGCATTAAACCCACGGAGCGCGGCAGTCACTTGAGCGTTGCGGGAAACGGTTCTCTCATCCTGGAGTCATGAACGAGCAGCCTTACCTGTGAGGTCCCGCCTATGCGTTAACTTCCAATCTCACGTACGGTTTATAGAACTGTGGACGGTTAGCTACATCTATCCTAGACATACGTTGGCATGAAGTACGTTTGTCGGTTATCTAGACCCTTGGATGCGTCGGTGCGACACGCCATGTGATCAGCTGCCTTCAATTGGCCCTACCTATCCGAAGTGCATTATTAGGCTTTCGTGGTTCCCCGGTAGGCCGTTGCGAACTCAACGACGGCAGAGGCTCTGGCCAGAAAGGTGCACTACAGAGTAGTCACGATCTAGTTGGCTGCACACTTAACCAGGTCGAGATACCACATTGTGAGATCCTGCGACAGCTTCGTAGTACGTCGGGGATAACGCTCTCGTGCTTGTCTTGCCTACATTTCACGCCTAAAGCACTCTCTAGCCTACGCACAAAACATCACATGGCCCGTGAATAGCGAACTCCGACAACGAATATTAGGCAGGGTGGAATACGGAAGGCTCATATGCTAAACGGTAAGCGCACCCTGCAGAAGCAAACTTTGATTTTCGCCACCTCGGTGTTGGGTTCAAAACGGCCTTGAAGTACAAAAGAGGGAAGCCACCCCGTGTTTACAGTTAGTGAAGTTCGGCCGTGAAGCTCTGTTAAATGGCTGGTCCTTATTTGACTTGCCATATCCCTGAGTATTGACGCCTGGTCAGGGGTGAAACCGATTGGATCAGAGGACCTTCAACGGAAGGGCCACAGACACGGAGCGATATTCTTAGTGTGGATTCAGTGTCCACGGCACTAATTTTTGACATTTTCGAGTATCTCGTGTGGAACGGGTAGCAACAATTCTTGTAGGGCTAAGGGAGTGTCGCAGATCAACGAACGGTCCGACATGGTCTGGGGGTGACTCCATCACGAGCGGCAGTTGTGCCAAGTCCGACCAATAGACCATCCTGGAAATTGGGACGTACTTTCGATGGAACT,1820,49.89,Mus musculus
SEQ_890053,CGCTCAACGTAAATCCTGGAACCGGCGCAATATTTTTTAACCACGCTTCCTAGACGATCCTCAGCCGTCTAATAGTTACTATCAAGTTGTGTCATGCTTTTTCGGGAGCTCAAACTAAACCATATAGCATGGGGGGCAGAGACTTTTAGCGTCAATGTAACCCCGCAGCGGGTGAGCTCACGGCGAGTCCTGCATTGCTCTCTGTATTAGCGCTGATCATATCAAACAATCGGCGGGGCCTCCAATAAGAATGAGGAAGGCGCAGTCGCTCAGATTCTGCTACCTACCTACGCTCTTACTCATGCGTGACGCGGTGACATTTCGTGGTCCCTCCCCATGGGCCGCGAAAGGCACCCTATTGTAGCCACATAAATGTTAACTTAGGTTCGACTAACAACTTCTGGTCAGCTACCAGCCGCTGCAATGAAAATATTAGCGTCCAATGCACTGCTCGTTACGACCGTCTGACCGGGCTCGGTGCACGGGTCTAATGAGGAGGGTTTAAAACACGTTTTCATAGATGAAGTTACTCCCTAGGACCAGAAACCTTGAGATACAAAACTTGAACGTACGGAGCCCAACCTTGGAGCGTGCGACTCGTTCAGGATCAGACCTTGAGAATTTCCGTCAAACAGGCCGGATCATCAATCTGCCGGTTCCGGTGGTGTCCCGCTGCTTTGTAGAGGTCTAGGCACGCATAACTCCTCGGAGCTGTATGCCCCATTTATCCTCAAGGAATTGTGGTGGTACCTCTGCTATAAGGTCCTTAGGCGAAGCGATTCTTATATATTAGGAATAGTAATTCAGTCAGAGCCGGGACCCCACGTGACTGTAATTCCCAATTCCCGGTCCGCGCCACGGCATCACTACCGCGAGGAAGGAAGGATGGAGTTTGAGGGTAACCCCGGTGACACAGTCAGATGAACTCGCCAATTTTTCGAAATCGAATTCTCTAAACAACGACAATTACAGATAGGCGACTTT,984,49.9,Saccharomyces cerevisiae
SEQ_170192,GGTTGATTGGCCGGTTTACGACTAACCTGTGCGTACAATAGGTATATTAGGTATCGGTAACGCGTAAACCCTTGCCGAGACCCTGTGCCTGATAGAAGTATCGATATGGAGCAAAATTCAGGCCAACGACAGTTACTGTGCGCATGCTCTCAGGGGACGGCAGGCAAATGATCTAGCACCCATACTTCCTGTATATGGAATCCAACGGGTAGCTCTCTCTCCCGTTAACGCTGATACACCCCGTATATGGCACTCGTTCTAATGTCACGGACAAAGGATAATATCTGAGAATTTACTATTCATACCTTTTCCTTGTATCGTTACCTCCGGTGCAAGTCATGAATCATTCTGCCGACTGAATTTCTTCTTCAGCATATGAGGCAGCCACACATTGGCACTGGTGCGTCCATAATCACCGTCCCGCTGTGTAACATATTCAACATCTGTACTTTTCAGACCACCCACGAGTGCCTCTACGTTTATCGTACTAATACGGAGCAATTCCTTTATCGTGTCCCCAGTCTCCGCCTCAACTGTTTGCCGGTGCATGTACTTCTCCTGGTACGGGTATATCATTGATCTCGGCTGATAGGCGGGCATTACTTTTGGTGCATGAATTAGCGACCATAATATTGGTATATTGCTTATGTCAGTGCAGGCGCCGAGCCCGCTGGCTATACCTAAACCCTCCGGAGTAAGTTTCGGCACAACCGAATATCTCCTCCACAGTGTAACTTGCCATTTGGCCGCTCCGGTACTTAAAATAAAGTTACGTGGATTTCATTTTTCAACGACACAGCGCTACAACTCCGTGGGGCGTATCTGGTCCGGAGTTCCCCGCGACGCAGATTCGTGAACCGCCAGTTTATAAGAGTGACCTCAATGTTTGTTAGGACGTGCTGCCTACTCAGCTACTTACATCGCTCTGTTCCTCAACGTAGCAAAGACGATACGTCTACGATGCCTCGCACCATAGTCGCGACCTGGCCCACATTTGGCGAAGGCGACAGTCCGATGACACGGGTATGCGCGAGTCTTAAATCCACCTGACATCTATATCGGTCCGACCTCTATACTAACTATGTTAACGCGAGGCACGGGTGTGGGGTGCATGGGCCAGTTCGCGGCGTTATTTCAGGGGGTAGTAACCCGAACTCGTCCGTAAGAGCATCCTATGCAATAGAACCCGGCACTCTTCGTCGAATTAGGACTTCCTGAGAAGTTTACGCTGGGGTGAGGTGGGCTTTCTTCTGACCCATATAGCCATAGAAGTCAGTCGATAGTCCCGATGTTTACTAGCAAGAACTCGCTCATCGATGTCTGGTCCGGTGCAAGACTTTTACATTCGCAGAGGTGAAAGAAAATCGGACGTCCGCTAAGTCGAACGTCTCGAAAAGGGCTTCATCCCATACAGCGGTTACCGCCATAAAATGGGCTGCCCCGTGATAATTCTGGTTTAGGCCGAGCGTTTATCCGCCTAGGGCACTAGTTTGGCAGCGGGTAAGTGATGGCCGCGAGACGTCTGTAGGGCAGAGTCCCACGTG,1544,50.0,Caenorhabditis elegans
SEQ_142434,TACTTTGGATCACACCGTAAGCTTCGGAAGTTGGGACTGCCGGCTTCAAATATTGCGCATACAGTCTGCGTTCTACCGACAGGCTCAAGTTACCCTGTTCCGGGGAGAAATCCCCGGATGTTGAGCTGTGTCGTAACAGTGTATCACTGCCAAATTAAACAGGGCCACTAGTTCCCCACAAGGCATAACGCCTAGACTGCTAGGTGACCGCGGATATCAGATGAACTACTCGGTTCTACAACTGCGAGGCACGACCGCGTGAATTATTCGTGCGTTGTTAGGCTGTTGAAGGCTGTGCCGGGCGGTTCACCGGTTCTGGTGTGGAACACCAAGAAAGAAATCTTTGGGCAATCGGAAGAACGTCTAGCAGCGGGAACATCGTTTGCAGGGTGGAAATTACAAGTGCAGTGTATAGGAGGGAAAGGGCGTTGCTGTTCGTGGTGACAAAACAGACGACACTCATGCGGTTGGATCTTTCCTGGTGCCATGATGTAGGCCGGTGCTTCCATAGTTAGACAAACCGCTCACCCCGAACGTCATTTTCGCCAGAGGATGACCAAGTTGGAAGAAGCGGTTGCTGGACCTGTTAGACATTGTATAACTATACTGAACCAGCTGGGTTATCCAAAATGCCTTCCTCCCTACGGTTCCGAGAGGTATCTCGTACCACAGGACTGGTTCTTAACGGAGAACTATAGGCCAAAATCCAGTAAAATGAACTCAGTTGATACGGGCCCCCACCACAAGAATCAGAAGTAACCCGTTCTTGAGGGAAGTTTTCTCAGACTCAAATAATGCTAAATAGATTAGTCTGCTACGCAGTGTAATCGCGTGATCACTATGGAGATCTTCGGAGCGGATTGTAACCTTTTAAGACACGACGGTAACTAATTCATACTTTGGTTTGTTATCCCCTCCTGCGTTACTTACAACTTTTATCACCCGGACTTCTTTAAGAGCCCTAAATGGGCTGCATGGGCTTGGTTCGTTCACTAGTCGCGTAGCATGCAGCGAAAGCAGAATGAGCACGTTGCCCGGGAGCAACCTATTACGCAAATGTGGGTCCTAAAGACACACGGATACAATGCAATGATACGACGTACCCCGCTGGTGCTCTACTGGTAGCGGAGGACGGGAGGTCTGAAATCTCAGCCCGGGATTTCCGAACGGCAAAGATATATTGGATTAGTAGAGAGACAAGGTACTCAGCTGAACATATTCTGAACGACTATCGGTAGAGTCGTGAGCAGACGTTGATCCGAACGGACTTTTGATAGTCAAATGAATTCCACATAGACCAACTACATGTCGCTATTTTGAGGTGAAGTTCACCCAACGTAGGGTGTTATCTAAACCGATATTGAATGGTATCCGGGCGCATTGTCGGATTTTCCATTCGCACCGTCCGCGTAAATTCGCACCAGTGGCAACTT,1433,48.57,Escherichia coli
SEQ_268852,GGGAGAGATCCCGGAACTCACATTCCAAACGACCTTGCGACAGAAGGTCAGTCTGCGCCCAGCATGAGACATAACCGACGCGCACTAGGAGTGCCTCAGAGTCGTTGCGTAAACTGGAGGAGGCGGGAATCGGAGTTTATCCAACATATTCCGTTGAACAAACCAGGAGACAATCCATGGTCGTCCGGTGTTCATGCTGTTCGGGTCCGGTAAATGCCACCCACGCTCTCGATCCCCAATCCTGCGTCTCCGATCCATTATATGCTTAGTTTTGCGCGAACCATCAATGGGGGCCCGGCCCTGAATCCACTCGCGGATTTTTCTCGATGGTATGTTTTCCACACTGACACAGTTGCATTTTGTCGGAGTCTCCACTCTAGAGAGGAACCCCGAACTAACCTCGGAGGAATCTTACCTCACATTCAACCCAGCGCGATTCCCAGTCCAGTGTGAAGATCTTAGTAGGAGGGACCAGGTGTACCCTCGTACGGTGCGGCTTACGACTACGCATCCGCAGGGGCAATCACGGAGACAGGAGGGTATCGGAAGTGTCCTACGGCGCCTCACTATGGTGCTATACGCAGCTGGAATATAATAGAGGAAGGAGGATGACCACCAAGCACTACGTCATGCGCCTCAGAAGGTCTATATCATAACTAGTGCCCCGTCAAGCTGATCGGGGATTCAGAACAGCCTCCTGTTGGAGTGGAAACCGTCTGTCGCCTCGATTACAAAGAAGCACTCGTTAGTCAGGCGGGATCGTACAAATCGGATACGGTAGGCCCGGGCACGTGGTTATAAAGAGAGTGGGCACTCTAGTATTCCTTGATAGATTAACCCCTTGTTCCAGTCGGCAGATCCAGGTTTAGTGCGTCAAGAAACTGCCGGTGGTACAAACAGATTTCTTATCGTAGAGCCTTCCGACATCTAGCCCCCTGATGACGTCTTGCAGAGCAGTGTCTAGTCACGGAAAAAGGCTCCCTAGCAAAGGGCTAGGGGTATTCGCGCAAGAGTCCAAAGCAGAATCCCATGCTAGGAAGCGGGCTACGACCTGCCAATCGGGGTAGGCCAGACAACCTATAAGTCGCGAATTCCTAGTTGTCACACCACTGCGCCTCTTTACGAACATTACTATAACGGCTGCTGCCGTATCTTCGATCATTGTAATACATGCAGGTCCGTAGGCCCACAACGTGCCCCAACATTGAGGGGATATACACCCCAAATGTATAGATCTGAGGACGTAAAGACTTATAAACTGTGCTCCGGCTTATAGATTTTCCTAAGGCGATTCACACCGGGCAGCTCGTTAATGGTCCCTCTCCCCTCTGACGAGCCCACCTAGGCCTATATACGGCTCCTGGTCGCTAACTCGCTCTAAGCTATAATTGTGCCAGCGAAGTTACGGGCCCTCGTTCCCCCCTGGTAAGCAGACGCCTCTTTCCTGGGCTTCCCTTTCGTATCACGCGGTGTAGCGAAGATTTTCATTTTTCCTCGTTGACTACGCAGTTTACAGGGGCCGCTAAAACGAAGTGCATTGATTCGACGGCTACTAGCGGGCCTACTATTGCGCT,1574,52.35,Saccharomyces cerevisiae
SEQ_152540,GAAACTTCGCGCATAGTGTGTCGCCTGGAGCCGCGCGGGATGTGTCGGCAACAGAATGTTACATGGAACTGAATAGGATAACGTGGCGTTCCTAGTACACACTCATGTGTGCTCTCACATGGCGTGATTCCAATTGTTTTAGTATCGTACAATTAGGTGTCGTTGAAATGTGTTCCCGAGAGACGATCCCGAATTAGGGTTTAGGTAAAATGCCACAACGCGCTCACCGAAGTGGTCAATTAAATTCCTCCTATCCCCGGTGGGCGGGTCGGGCAGTCCACTCTGCTCCATGAAGTACTGCTGCGTGTTCTTAGGATGATAGCTGAGCGATCTCCATACGCGCCATCGAGGCGCGGAGATTCAGACCCACCGAACGGTACATGCTGAAATATGGGTCGCGTCGGGTATCCGCACCTCAGTACGACCTAACTCTAAGTGGATCGAATCGATCTCTATATTAATTCCCGGTCTTGTACCTGAGAGCCTTACTTATTGTGCCGTATCCGGGGCGGCATTGTGGGTAAGGCCGCCGCCTGTTCGACGCCGCCGCACCGAGCAACAACGTAAATGGCATCGCTCAGTTCTACTTCATTAAAGTCGTCCATTCCGACTCAGAAGGCCCGGCGGAACGATTTGAGATAAAGACGCCAAAAGATGGCCGTTTGTTACCCGTTTAGGTAGGAGTGCCCGTGGGGGGCACTCAGGACCAGATTCGACTCGAGAGCGCCTAAGACTCTTCTGTAACCG,747,52.61,Arabidopsis thaliana
SEQ_788131,CCCAACTGGTAAAGTCTGGTTGGGTCATCAGTTCTTGCCAGCAGAATGGGATAAAAATTGGCAGGCCTGACTTACCGTTTTAGTATGTTATTCGTGGGAAACTATGTATAAAGACAAAAATGCCAGCCTCTCGCAACAGGACCAATTCTAGTCGTAGCTGCCTAGATCAAGATTCGCACGACGTAGAAGGCGTCAGAAGGGTCAATCAGTT,211,45.5,Saccharomyces cerevisiae
SEQ_398685,GTATTCGGTATCTCGGTTAAGGTACAAATTCCATACAGCATTCGGGTTGCTACGCTTCCACAGCGCCTGCTCCAGGCACAGTTGGAGCAACCCAAAAGTTAACTCGAACTACCATATGAGTACGGCGGGCCGCGAGCACGCATAGTCCGCGTCGTTCACAATCTCCTTGATCGGGCGAAGTGCTAATTAGCCGACTAGGACTCTGGCAACCACGGTGACGCATGTTTAAATTTAATGGGTAAAACAAGCAGGGTACCTCGGACCTGGATGGAACCGCGCGTGTACATACTATTGGCCCACGGGGATGTCTTAAATGAACAGTAACGTAAGAAGGTGCACTAAATAACGACAGAGAAGTGTAGCCGGCCACGGTCAAGGAAACTTTCACACAGGGAAGCGGCTTACAAGTATTCATTATCGAGAGACCATAACGGACACGACCCTGCCCGGTGTACTTATCCCCAGTCTAGTTCCCAACTCAGCCCCACAACTTGTCGCTGCGTCTCTCCGTAAGTTCCAATTTATCTCGCGACCCCTACCTTCGTGTCGTGTGGCAATGCATCGTGCCGAC,571,51.49,Escherichia coli
SEQ_676751,TCGGGATGCCCTTCCAAATACCTCATCAAACCTACGGATGAACATACACACGTAATATCGCACGATCTTCTTGTAGCCACGGCGGGAGGTGTCTACTCCAGCGGAAAAGATGGATCAAAACCGCTGTCCTCCGACGAACGGATGTTGCTTTAGTACCACAGCGTCTACAGTGTTCTTACTTCCGGAGGAATACCCGCTTGAGGAGCCGCCGGGCCATCTTTTAAAGCCTAGCCATTCCGCAGACTTGACAGTAGTCTATGTCATCGTTGCTGCTGTCGACATAAGTCCCCAACAGGTTGAGAAACCATTTTAGATCGGATGCCCCCCCTGTACCAAATGACCCGGCGAGCAGGAAGCATCTTAAATTACAAACTGCCACCGTCGGCAGACCAACACAGGTTTTCCATGATGAGACATTAATTTTGCGGCCTTCGATGTTTTAATCATTGCTCCTTGTATGTTTAATTCTCGGGACTCTCTGCGAGAGGGGACAGGTCTACCACGTATGTCGCCTTCGCGGATGCTGATCTTCATCAGCATTCTGTGTACCAACTGGATGTTGAGTGAACTGTCGTACAAGGTGATCGCCGGGGGCGCCGAAGTCAGTCATGCCCTGCACCCGCCACCGTACAAATCCCTTGAAGTTGTACGAAGAGGGTGTTAAAACATGCCGATCCTGACGATGAGGGCAACTGCAGCGCTCGTACGCCCCGTTTTTTGTCCTGCTCTAGTCAAACTGTAACGCGACACCTTACATCGCTACGCTCCGTTCTTTAACTACAGTATACTGGCACCATCGGAAGCTCTTTAGTAGTGGACAACCTCCTGCGCCGTTCACCTGGGTGTTCTAGCATATAGCGAGCTCATATGGTCAAGCAGTCACGACAGGGCCGTCTCGACTCGCCACGCCTCTACATTTCATGCAATAACCACCAAGTTAACTTAGTCCCTTGGGTAGCTCGAATCGGACTTCACGTGCTTAAATAGCCGTCCGCCACGAAATACTTTGCCTTGGTTTGGTGCCCACCTTATCCTAGATAGTCTCTTTTGCCTGTTGATGCTCATAACACTGAAGCTAAAACCACGATGGGCACGCAACGAGGTGTTTCTTTCAATTCAGATGAACAGTCGGACTAGCATACGTCCCTCAATATGTAGACGCGCTCAGCAGCAGCACATGATTGCTAGCCAACCCCCAATAGAGCGCTCTGGGCACCAGCGGTGCCGACATACAGAATTAGTCCCATTCTCGGAAGCCCCGTGGTGCAGAAGCAGGGTGTTATTTTGAACTGACCTGTGAGGACATATTAAGTACTGTTTAAAGAGTTCTTGGAGGAGTAGCGATAAGGTCAACAGTCCCTAATTTTGATCGTGTGGGTTCGGGGCCAGGGACTGATGCTCCTGGCGTTCCAGGACTATTGAAGACTTCCAGGGTATGACCCAACTGCAAGAGGAATCCTAGTGACGCCTCAAGACCCTCCGTGTGATTGATCTAATTTACACATTCCATCTGTAGCCAATGAAGAAGGGCGGAAAGGGCATCGTTTTACCTAGTAGGATACTTGGGCCGCCTGCGAGTGGCTAATGCGTTCGGTGTAATAGCGGCGCATGCCGTGGTACATTCGGCATCGGTGCCGGGGCAGGGGTTGAAGTGTATTAGAAGCTTTC,1668,50.72,Homo sapiens
SEQ_754930,AATCCGAAGTTGATTCTGCGTATCTCCGTGAAGACTGAGGCGGACTAACTAGGCAGACCCTCCACGATGTAGGATGAGACACTTCATGCCCCAAAGGCATCGGAACGGTACCAACACATTCCTGGCCCTCGGTTCAGAGAACTTTCGTAAGAGTAGTTGTTGCCCAAACCTCCATCGTCCATTACGGACTCCCGCACCTGCGTATGTTCTACCGTCATGCGATGCCACACAGACCGTCCCTCATTTGTGGGTCTAGTTCGGCTCCGGCGTTTTTTCGTGGATGTTGGGAGGAAGAAAAATGGTATGATTCATGCCACATTAGTGCTTGGCTGTTAAGTGGCCTAAGTCAACAACGCCTGTTTGCCCTCTGTCCGAGCGTACGGAGATATCCGACGTATATATTTATAGGGCCCCATTCAATTCCCCGGGTGCTTAAAGGGCCGAAGGTGAGTTATGGGTGGGACAATCCACTTAGACCAGATTATTGACATTGACGTTCTATATCGCGTTGCAGACCAATGAACCTGCACCCTGGTCCGAAGGTCAAGTAACTAGGTTCACAAACCCCCACTGACTTATATGATAGCCCCTAATGAAACCAAACCCGGAGTTATTTAATAAGCCTTTCGGGCGAGATAACCTAAAAAATAGTGCGGTACGGCGCTACCCTCCATACGCGTGTCGTAGCGATGTATGACCGAAGCCCACGGGCAAGGTGCATGTAGTTTACGCCAAGGTCCGTGTTTATACAACGAACCTGACCGGTATAAAATAGCGGATTATTTGCGATCCTGAGCTGAATGTAATCGTGGTGCTGTAGAGCTGTGCCACTCGACGCATCATTAAGCAAAGGCGTGTCTCGACGCCCACCGCCTCATAATACGGGAGGAAAACACCATCTATTTCGGAAATCATGCGAGGCGGACGGTGGAGGACCGAGGTGACATCCAATATACTAGTGCCTCGTCTTGTCCAGATCCGCTCTCCTGGCCCCAACTCAGCCTACAGCCGCGGTCAGGCACACTCCGTTATCTCCGGGCATGCGTTTAGGCTTGTGTCGAATTGTACTATAAAGCGCCCCCCACCGGGTCAGAAGCGACCAGAAACACGTAGGGTTCCTCCCCAACAGATACACGCTACTCCGACCTGCTATGACGAAAGGCGCGGTGACTCGCCATTTGATGCAAGCAATCACTCCTGGTGATCCTGTCTACCACATACGTCTCTAGTCTGTCCTGAAAACATGAATTTTGAGCAATTAAGACCTGTAGGCTTAAACTCGATTCGTCCTTCTGCGCCAAGGCATCATCCGGTATTGACAATAAATTCCATGTCTAGACTGAGTAACAGGCATGGTTCTGAGCGTCGACCTCCAGTCGTAAATTTTAACGCGTTCGCTAAATTTCATTTCTGGCCCACACACGATGATCGTTTGCGGCTTTTTTTGCGTGTAGGTACAGCTGCCTGTTTAACGTCTCTGATAAAAATGACAAAGGGCCCACAAGGGTATCTATGCTGGCAAACTAGAGCGAACCGTCAATGTTCTAACATTTTCTCTAACCAAAATCCTATCTCGAGACTGACGACCGCTTAGTAACACCCTAGCAACTTGGGACAATGGAGAAAGTGGGCCGACTTATGGTTAGCCGATCTGGCTCTGCCTACTCGTCCCTATGGGCCTCTCATTCAGTTGTGATATAAGATATAATATTGACTATACCTATGGTAGGTGTATTTCGGGTAAGC,1746,49.37,Escherichia coli
SEQ_692034,CAATAGGAATACCTCTCCTCCCGAGTATCATCGTGCCATCAACTTGAAAAGCAGTTAACTAGTGCCTGGTTCATATGCAGCGAACGAGTTGGCGCCGGGGCTAATGCATTGTAGCGGGGTCAAGGTTCATATCGCCGCATGTTGCCTACCTCCAGGTCCGAGCGTTTTCGTACCAGCGACGAAGACACGATCGGAAAGGTTATATTGATTTCAAGATATGAAGTGGCTCATGTTTAGAATGACCAGTGCCAAAATACTACTATCCGCCAGCGTAGTGAAGGTACACTACGGCACCTGCGACCGAGGCGCGCCTTAATATGGGTGTTTACTCCGCTACGTGCCAGTGGCGTAGGATCTCTCTTGTGTCGATACAGTTTCACGCCAAGGCGGCCGGCAGACGTGCTCAAGGCACGTCCCGACGGCTACGTTTGGAGGTGGTTTATATGTCCCTTCCCCCCATAGGCTAACCCAAAGGTGATCCGAGAAGCTTATCAGGGGATTTTGGACCCCTGCGGAGCCTCGAGTTCTACAATTCGTGAGCGTGAGCCGTGCCCTATATACTCGAACAATAGCAGCTCTTAACTGGAGGTTCTGTGACACAAGTCGCGAGGTCGAGTGTTGGCAGCAAGTGACAATTGAAAAACTAGCAGATATCTAGCCTCCAAAGTTACTATACCCAGTCAATTTCCTTGCCTTGTAGCCTCGATGGCACAATATCCCGAATGTATGCAACAGCCACAAGTACCGCATGAACGGCAGACGCGCGGAGTTAGAAGGTAACTGGGGACTTTAAATGGGCGGTACCAATCAGAACTTCTAACGACACGTCGGTTTGTGTGATATGGTCGAACGCTAGATTCCTACTACATCCTACTGTAAAAAGCATCGTCTGCTTATATAGTGAGGGCTGATTTTTACTCAACACGGTGTCAGTCCGGACGTCACCATTTCATCTGTGCAACCGCGTGACACTATGACAGGGGGCCTGGTTTGTACCAGTGCTTTGGCCTAGCGGACTCAGGTTTATCTTTGTCGACCATATGTTTAAGGCGGCTGCACTTGCCGTGCACAATATGAGAGTCGCGCTATGGAATGTTAATTGGGACGCCTGTAGGCAGTCAGAAATCGCTGGATATCGGCGAGCGGTTGGGTCCTGACTGATAGGTCGCCGAAAAAATACGTAGCTGCGACAAATTACGGTGAAACAATCGTAGCATACCTACATACCCTG,1231,50.28,Mus musculus
SEQ_316555,TGATGGAGGATTGTTATAATGAGTATTGACGGGTCGCCTTCCGTTGTTAGCCCGTTGTGGTAGTTCAGACCCGTAGTAGTCATCGAGATTAGGTAGTTAACTGTCTGAGAAAATGGGGGCCTAAGTGGTTCTGATTCGATAGGCAGAGACGATTTGTACTCAGGAATGTTAGACCCAGGCCATCCCTTTCAGTTACGGCATTCCCATTGGATTTAGACGAGCAATTGATCGATGTCGCCCCACTTTTCCGGGCGACTGCATTCCGATCTACGTCCAAAGCGGTGCCGACGCAGTCTGCGACTACGGGTCGGAGGGGGCCAGGAAGCGGTGTGCCGGACTGCTTGTGATGCTGTGAAACGGTGGATGAAGGACTAAGTGGTACTATTAGGGCACTGACGAGGTCCGGAGAATGTATACGTAATGTTGACGGCCCGTGAGCGACACCCGCGTGAGCCGATACGGGAGATCGTGGAAAGAACTCGGAACTACTCATCTTCGACTACTTACCAGAGGTGGATGCGATGGGGGTCTTCGGTACAGTCTAAACTGAAAGAATGTCTTTGGTAGGTTATCTTTTATATTGGGACGAAGAACTAAGAAGTCGCTGGTCCCTCCTCCACCTTGATCAATCCTTGAACACAGCACCCATTGTGATATTAAGGTACGGAATATCCTGTTCCTTTTACCCATTTATAAGTTATTTTGCGCTGCGCCTTGTCATGTTACGATATGCGCACATGCTAGAAGACTGACTCAAACTTATCACCCCTTGGGTCATCAACACGGCCGCTCATACGTGCGGACTCCTTATCCCCTCTTCGCCAGTCATGCAGGTGCGTTTCACACCGGAATGTACTTGGTGGGTACCACAGGGAACTATACTCCATTTCACATTATAGGAAAGGCGATGCACCAGACGCGTCTATGGACACGGCTATTAGGTAGGCCACATTTGACCAACGATTATATAGCTAAAAATCAGGTTTAGTTCAGTACCTTAACCTATGTACTGAGCCCTGGCTTATTATAGACATCCCACTCTATGAAGGAATGAAAGAGAGCTACGCGTGGCGGCGCGGGAGCACACAAACCTACACTCTACGACGATGCCGGCTACGGCGATAATTGACTGGAAAGATAACCGGCCCTAAACGCGTAGTGTTGTTCTCGCTGTGGAGCATGAGTGACGATGATTCTAGACTCGTTGTGGGAGCCGGAACAAATTCCATTGCCACTTAACCGAGAAGCGTTCAAGCTGCGATCTTCCGAGGGATTTAGGCTCGGTTACACAGAGCCATACCGAGAGGTAAGTGAGAAATGCGCAACTTTTCTGGAGCACTATTGCGGCTGCTATATCGTGTCTAAGGGATTGCTTAGTGAAAGCTTATTTATGGTCAACGGTCGTGGAACATTCTCACCCCTTAGCCAGATATCATGACAGCGATCAATCCCGGTGGAATACGCTATTGTAGGCACTAGCACTTTCTCATAGCAGTTACTAATGAAGCCTTCCAGAGGCGCGAGCTCGGTCGAGACGTCGGGTTGGCATAACACCAATAACCTTACACGCGTTCAAAAATAGGTATGGACGGTGTGTCGAGGATATTGGGATCCTATTGTGGATCTCATTTTATTCGATAGATTTCACACGCTGTCTTGCGATAC,1665,48.83,Drosophila melanogaster
SEQ_771787,GGCAGATGTAGAGAAAGTTCTAAAATCTACGGGGGATTTGTATGTACGTTTTTGCTCTACCGGAGCTAGTGTAACGGACGAAATGCACGGAACGTAAGGTGTTCCAAGCGCCGCGCTACTACATCTGCCAGCTGGCAGCCTTGTTTGCGGCACGATTCGGCCGCACCTCCGATCAAACAGTCGATCTTGTCAGGCCTCAAAGCGGGGTGCCCACCGGCCTATAGTGCTGAAAGGATAATGCTATCTGATTATATGAAACTAGTAATACTCCCCATTACCCTGAGCCGCTCGTCGGAGAGCAGCGAAGGGTCATCCGGCTGATTCATTGTACTGAATTGAAGCATTTCGATTGTCCCTATCGTGCCTATTGTGGTCCGGTCTTATCCTGAGACGATACTTGAATTACGCCCGACAAGTCTGAAAAGCCGGAGCTACTTTTAGTCGAAGAGGCGTGTCGATTGGCCTTCGGGAAACAGTGAACGATCCTGCATCCCTAACCGCACCCACAGCTTGTTTCATTCGCCCTATGGTTGCATCACGACGACTTCTACACGGTTGCAAAGTTGTCCTTGAAGTG,577,50.61,Arabidopsis thaliana
SEQ_986382,TATCTACTCTTGAGGAATCAGGCCGTCGAGGGTTTTTAATAGCTGGTTGACTGTGAGCTTTATTATGGACTCGACGTTACGTACGCACCACGCTTTAAGATTGACGGCGCATTAGGCTTTTCGCGACCCGGCGGGTCATTGCGGACCCCTTTAAAAACGGCCGCTCTCGCGAACGAATTCCCTGACGCGCGATTCCTGACCTGTGAGACCGAAGGTACTAGTGTCAGAACGCTCTAGGATCAATGGTTACGGATATGACCAGAGTATCTGTTGGTCCGGGGTGATACGGTAGCCAGGCCGTCGTCAGCCCTTGGGACTTAGCACGAACCGATAACCGAATATTACTGCCGCCATATTGGTCTGACTATGCATTATGAAGTGGTTAAACTAACGTACCATCTCGCGAATATCATAGGTCTGGTAGGTACCTTGCGAACTTAGGCACCGAATTGGAGACAACCTCTCCAGACCGCTCGCGTGGGGCGGCTTGAGCTGAGATCCTGCCTTAACTTGAGCAAAAATTGATCCTCAATTGCAGAATTACTCAATGCTGGGGATTTTCTAGGATCATCTACTTATGCGACTGCTTTGCTTCGTACT,600,49.83,Arabidopsis thaliana
SEQ_785601,GACAAAAAACTTTCTAACCTCCCAAGACTTACTCTCTTAAGCGTATTGAACTTTTTTTAGAACATACCCCAAGGTCTCTGAGCTCTAGACCTGCCGGGAGAACGAGCGTTGGCCCAGTCGCAGATATCTTCATCGCCAATAAACATGACTATACTGGTAAGTAGCTACACCTACCTACCATACTTTGCGATGCAAAACCCTGATTTTGACCAGGGATAACTCTGAGGATTGGGGTGATAATCTAGGGGAACTGTTCGCAGACGCCTTTAGCCGCTTGGCACGAGTCCGGAATCACTATGCTAATGAAAAGGAGGCGAACTTGACGTCGCCCACCGTGGTTTGCTTTCTTATTTTTGTCCATCGCCTGCGTGCTAAGGGCCGTGCATGCTGTCACAAGAGAGGACTTACGGTGACCCTCGCCTATTGTAACGGTCTGGGAAACGTGCAGCTCCGATTAATAGAGCGTCAACATGCGCAGTTTAAGCCAGACACGTCGACCTGACCTCCTGGCTATGTGACTGATTCCGTGCGAGACCAGGCAAACAAACTAAGGGGTAGCAACTTGGAGCACGTAATACCGTTTAACTGCCCATCACGATGCTGAACAACACTGCTGTATCTGTGACCTGGGGTTAGAGAATAGCGGTTTAGTCGACCAAGAAACTTATTTCCACAGT,677,48.6,Mus musculus
SEQ_496699,TACCGCCGTGCTGCGGTACCATACTACCACCGCGTGAAAGCATCATTGTAATCGCATGCCGTTAAGAGGAACCATAGCTGACATGCGCAGACTGTCTTTTAAGACGATACGTACAACCACAACTGCTTCCGGGGTGAATAATCTTGAGATATGCCCTCCCGTGGCGCGGCCCATTAGCGGGATCGTTCCAGGATCTCTTATCTTCGTATTAGTTCTTCAGAGCACCTCTCTACAACAGTGTCTAGACGCTTATTATCAACCTCGGACACCCGTTAACTGAAATGACAAAGATAAGAGACGTAGCTAGATAGTCCCACCGCCGATCAGATTAGTGTCTCTTGGCCTCTAATAAGGGTACATCATTCATTGCCTGCTCGCCTGCCGTTACGGCTCGAGCGGGCGAGCGAGAGAGAGTCACAACACTGATAGCGCTCATGACTAGTGAAGAGTAACAACTATAGCTTCCATACTTTCCGCTGATGTATCCTAGGGCCCATCCAAGGGCTAGCTGATCTTAAGCTTCGCATCACAAATCGTCGGCGAGAAGTCCCCAGGTAGTCTCCTTACCAGTACCGATTAGAAGGAAACGGATTTAACACATGTGGATCAATCACGAGTACGGCCGCTCAAGAGCGCTCCTCCCGACCCATTGCCCTTAACAGGCCAGCATTCGTACGACCCTTGTTCGCTTGATGGTTTCGCCCAACTGAGTGGTGACTAGGTGTCCGTATCCAGACTGCTGAAGGGATCTACATAAGACACGAGATCCGACACACTAGGGGGCGGTATATAAAACGGGAGAACTTTTGGACTTGTGATCCTTTCCTATGAATGTTCAATATATTGTTAACATTATGAACGCCGGCTGGCTCTACACTTTAGAACGAAGCAATCGTGCCATTGTAATAGTCTCGGCAAGCAACACGACCGAGCTAAGTGTCACGTGCATATGTTGAAAAATGTACGCCGACAGCACTGTCCAGTAAACTCAAGTATCGTGT,1001,48.95,Escherichia coli
SEQ_692675,CGCGAGTTGTAACATTTCGATAGGTCCTCCTAAAGCCCCGACCGGATCAGTCGCGTAGCGGAACCGAGTTCAAGTGTTTCAGAGCGGAGACCGAGCCTCCAATCGCATCATGGTATCTTTATGAGGCAGAGCCATGAATTCAGAATTGTAAAAACGGTAGGGTCCATTCGCGCGTACCTGGGATTATTAGGGGCGAAACGCTATAGCTCGGCGTATTCCATAACCGGAACCGGTCAGCCAAACGCGGGCCTCCGCTCGGGTTCATGCGCTACGTTACATGGGGGCCCTAACCGGCCACTTAATTGCAAGATCTCGAGGACTAATAACCACGAGATCACAAGCGGGATGCTTTTGCGATTGCGAGACATCCTACCAGGGTGGAGCACCTTCCCGCTACGTAACGGGGATCGACGAACATCTGAACATGCAGCCCTTTCCGCTATCATTCAACCTACTACCATGTATCCGTAGAAACTGTTGCTTACATAAACTTGGCTGGAGTAATTTGTTGATGGCCCTCGTTGTTGGAACAGGGCCGCTGATTTCGATCCATACAAAAATTGAATACTTCGGGTACGTAGCGCGAAAGAGCCTAACTCAATCCTCCTCAAACTCCGCAGATAGCTGGGGTGTGCAGGTCAAGTGGTCTTCTTGCTTCGTCCAACTTATCACACCTGCAAAAGGCAATACACGGTGAGTCCAACCGCGTGATTGCGCGCGGCAGCCGATATAGTATCATCTCTAATATAAGAATTAATGATGTTGGGCCATGACTCGGAGCCAGGCAGGTAAATGGTTACCGGCTCTGTCATCAAGCGATTACAATCACGCTGTTATCAATCGGATACAACCACATTCTTTCGTATATTTAGAACGGACGGTATCAACGCATCATCCTGGTCGGTCAGTAAACTCGACACCACTTCGCGTAATTTGTTATAAGCATCTCAAAGAGTGTTACAAAAATTGAGTACAGGTCTCCTTGTACGGACAAGTGATATCCCTCGGAGTGTGATCGGCTTCTACACGGCTCAAGAGCCACGGGTCTCCGAAGCTGGCACTCTTTAGACCCTATCGAATGGGCCCGACAACAGTATTTAGGAGTACCTGGGATCAGAAATGAAAAACACTGACACATAGCCGAAGTTCCAGCTCGGTCAGAGAGGGGGAAATTCGCCCTTTTACGCCACTAGTACAGATAAACGTCATCCGCCCACACAGTAGGCCCTAGCCGGCTGACCATCAACAAATCAAGCAGATCTTCGCAATACGCAGGTACCGGGGAAGTTGTATCGTTGCAGCCTTGGGGGTCCGAAGTACAGCACATGGGTGCGTACTTTGACCCCGCAAGAGCTTCCGTCACCCTGGACAACTACCGATCTCCCCCGCTGTGTGTGCGGGATGGAAACCGAGGCGGAGTCTCTTAGAGTCTTCCGTGCGACTTGGGGTCTAGCTACGCCCTCCACATGCGGCTCGATTAACGCAACGGATTGCCATCTTTAGCCCTAGATTGCAAGTCCAGTTCTGATCCTTAACCGGATCAGTGTACAACGTCTCGCTATTCGAATATATAATTCTAATCCTGAGTTCCTTAAAATTAATTAATTTTGTGGGTATCGTAACACCTGTCCTCATCGTAAAACTAACTAAGATGGGTATACCACTCCCCGAAATCATTTGGCCCGCGCGCCGCGGCCGTGAGCAATTGCGTGGATCATTTCCGTAAAACGCAGCATTACCCGCACCAGTCTGCATTAGGAGTAATTGCGGCGCCCGAAGGTGTATTCAGTGCGAGCTGTAAATGTCGTGTCCTACACGCGTTCCCACGTTATTTCATTTTGGTACCGTATGTTATGAACAATCGTCTGCAGCAACTCACGCGGCGGAGTCTCCTTTACCAACTACAGAGTGATCTGACC,1919,50.08,Saccharomyces cerevisiae
SEQ_170739,CAAAGTATGGGGGAAACGGTCAAGGTCTATGTTAAGCCGGACCGATCGGAGAAATGGACCCTCATACCTTGGCTCACGATGAACCCATTTGCAGCCTATGACCACGGTATTTACATGCCTCGAACGAACCTAGGCCCGGCTGGGTAGCCACATCCAGCGGAAGTCGGTGTCGCGACACCTCGCGAGTACTTGGCTGCGCCGTTGTCCATCTTCGGCCAGTAAATGTTACTGCATTGTCCAGCTGCCCCTCTTCAGAACAAGCGGAACGTCACCACCCACAGAAATTATTCAGTTAACAGGGTCCCCCCACAGATACTCTGCTGCAGGCCCTGAAAGAGCTTCGCGTTACCTAATGGTAGCTGAACCGTGTACAGAGTCTAGACATAGACATGCCTTTCCAATACTCGTCCTATCGATCATACCGAATTTTTACCACTCTCGCGCTGCATCCGAATAGGCCGGAAACCGGGACTCTGATAAGCCGGCTTGCCAGTACTTGGCTAGAATGATCTAGCTCTTCAGGGTACCCGGGGAAGATGCCCTGACCCGTTTGATGTCTTTGCCACATGGGCGCTAGATTCCTTTGGAACTGGCCCGTGCATACACGTACGTTGACGCGGCCTACCAGTCTCGTTATGGGATGTGACATTACAAGCCTGAGTCCAATAAATCAGACCTACCTAAGCGCTTGAAGACGTTTTGCCACTATAGATTCCTTCGATGAACAATCCAGGCTGTCCGGTTTTTGTAAGCCAGGTGGGGGTGAGAGTGCCACTGCTAACACTATCGCCTTTAGCTACAGAAGCCTCAAATGGTAGGGCCGTGCTCCCATGAGGAGGCGACCGTTCAGATGTTGCTACGATGAAGGAACCGGCACCGACGCGAATATTACGGTATACAGAAACCCTCCCACGCCCTTGATACCACGATTTCCTTCGAGGACGGCTAACTTGGACTACAAATGGGATGCAATCGTGGTTTTAGGGTACTGATTCGGCTGTGTTCAACCTTCAGTGGACTACTAGCGCGTTCGTACCAGTGAAGTCCCACCATGGAATACAGTTACCTTCAATTGCCTGCTCTTCTCAGAGATTCTTTACTTCTACTCGCCGTTATTCATGGTTACGGTGTTCGTACGGATTGGGAGCAGCCACGTCACGCCCAATGTGCAGTTACAGCCGCCCTTGACTACAGCGATGGAATCTAGAGTCCGAGAGGCCACAGAATGGACTTATGACGGTGTACCACGATTTTCACAATACCCAGGGAAGGCGTATTGTTTTTAGT,1287,51.44,Drosophila melanogaster
SEQ_642394,ATCCGGTATACATAACCATCCGTACGTGCCTACTCTAACTGAAGACATAGTCGCCGAAGATACGTATGCATGTGGTGTATTGATCTCGTACCTCACGTCCCGAACTTTAGCAGGCTCCCCCATCGCTGGAATTATCCATCGCTGTCCATAAGTCGCGACATCCTGGACCCCTACTAGATAACCAAGCTCGAAGCCGATGACCCCCCTACCAACCGTAGCATGACTGCGCCATTATTAGTCTGCCCACCATTGCACCACAATGGAGTGCTAACCGACAGCCAAGCTTCTCGGTGTGTTACGACGACCTCTCCCTGGCGCTTGCGCATACAAGCTATCGTTGACATCTTACTGGCACGTCGGAAGTATCTCGAAATGGAGGGTGGTCCGTACAACTGAACCGCCACTATCGAGACATCCGATGCAGACTTCCCAGTTCGCGGATCAATCACTAGAGTTAAAATGTGCGGTCATGAGTAAGGGGACACAAAGAATAGTGACAGACTGGGCAGCAGGACTCTGCGCGTTCTGTTTAATTGCGCATTGTCAGGTAGCGCTAGGTAGTTGACTCTCAGTGTGCCATCTATCGGATCGTACACTCCCCCTGAAGCTTGGTCGCACGATGCCAACACGGGTGTACCCGACAAGCAGGTTGCGATTACTCACTAAGCCCGAGCCCGCCATCTGATTTGTGGAAATGCTAAGTTATAGATTGGTTCAGCAGAAGTTTAACCTAGCTATTTCGGTTCCCTCAGAAATGATCAAGGAAAGATATACTGTGCACCAGTATTTTAGGTCAGTGCGTTAAGTCATTGCCCCGGTACCCTAGGGCGTGCGGCTGTGCTTTCATGTTTATCGAGCAAACGGGCGGCTATGGTAGATTTTGTTGAAGGGGAGTACAAGGAGCAAGTGTCATGCATACGCCTCCTTTCTACTGAGGTCCGAAAATGTAATTCGGCGCGGGGGACTGCTTATCAGCTCACCCATTGTGATCAGTGACCATACTGCCAGTTCCAAAACCGTCTGCAGGGGGGAAGTTGTGATTTTGGCCTCGCAAGTACTAGTCCATACG,1069,50.7,Saccharomyces cerevisiae
SEQ_941699,CCCTCAGGCTTCTCTGAAAGTGATCCTGGCGGGGAAACCACCTATATTGTCGTCGCGGCATGTCACGTCACATCTCTGTGAAGGCTACACTTTCTTCTGATCAACACACTGAGGAACATCAAAGCGCACTTGCCTGTTAACGGGCTAGGGGTGAGCATGCATGACACTCGTCACGGGTGGGAATTACACCGTTGCTGTACACTGCACGTATCCCGAATGAAGCATATAGTTCTGCCCGGGCGTGCTTGTAAGTCGCTAGTACTGCGCTCTAGTTCCAATATTGGTCTGTCTTAACCCCAAATAGTGAAAGCCTGCACGGGTAGGTATGCTAGGCAACAGGTAAACAGGCAGACCCTATTTCGGCCCATCGGACGTGCGACATAGACATCGGACCCCCAGAATGGGCTCTAACAACGCATAAGTTATATTGGAGAACGTTCAAACGTGAAGATGCTTGAGAACAGTCTACCAAGGCGGTGGTATGAAGTGCATGCCATCGCGGCAAAAAGGACCCTGCCAAAACTGGTTCTTCTTGCTGCAAAAATTTTTAACTTTCCTATCAGTCACGCCTGTATTAATAGTTTCTAAAAAGGACATTAAATCTACAGTACTCCTGATAGATGATGGCTAAAATTCATGTTTCTATATAAAAACAGGCTGCTTCCTAATGATAAAGACCCAATGTTGTAGATGGTAACTTCTGTCAATGGCATAAAGCTCGACGGCCGCTGTGTTGTCTGGATCCAGGCCCGTAAGAGATCCAACAGAAGGCACTTTTTCGTTAGTACTATTCCATAAACATCCGCAGAAGAATTTGAAATCTCGTCTAAATTTGATTTTCTTAGCAATCGCATAATGCTCGCACTGGCTCCAATAGAGGCGCTATTGCGAACGCATCTCCTGTAACTTCGAGCTATGTGAGGTTCGCCTCGGAACATGTTCTGACCCGATAACGTCAGGCACCCTAACCGTTATCGAGTGTGAGTGAAAGCAACCTGGTTACGGTTGTTCCTCAACATCGCAACATAATGCATGCCTCAGGGACGATTCTTCCTCAATGATGCGTACCGTATACACATCACGACATTGGGTTGATCATTAAAGACTGTGCTTGTTAAGGGTACCTGCGGTCGCGCAACTGCAAAGCCCAACTGGGCAAGAATACATGGGGGGTCAGCAAGCTAGGGCGATTCTTCCTAACTGCCGCTATGATTTGACAATTGTCAGCCAATGGGGGGCTCCTATAAGATGTGATCTCAGATAAGGTGCACTCACGATTGCCGGAGGACCATGTCAACATTACACAACCTTACAGGGAATGTGCGCGGGCCGGGCATCGGCCCCACCACAGTTTAAGAGAAAGTGACCCAGGTTTCCTGCGGTCCGGCCCGACTAAATGCGAATGCATGCATAACATACAATGACAAGATATGCACTATTAAAGAGCTTAACGACGTATCGAAGCCGATTTAACCCAGACAGCCAGGAGTGAGGTAGCCTTATACTATGGTTCAAAATCGCCTCCCAGTT,1530,47.58,Drosophila melanogaster
SEQ_723079,GATACCTTCGGGGGGTTATCACCCGAACCTTATCCAGCGGCACAGCCCCTCTCTCAGGAGAAAGGGATGTGAGAATTCCGCACTTTGGGACCCCCCCTACCACACGGTCAGATGGCCGTTGTCCGCCGTTAACATCACTAAAGCCACGTCATGCGGCCGCGTGGAGCTGGTGCCAGCGCATATTTGGGTAACTCTATATGGGACCGCTATATAGTCGTGTGGCGACCCTGGCGCCTCATAATCTCTTCACCGTGAAACGGTCCGAGATGATCTCTTGAAGACCTCGCCTTCGCTGAAGGACCAGGGGGCTTCCTCGAGAAGCCTTTAACGTCCTTATTCCTGCCGGCGTGAAGGTGCGAGTCTCAATATAACTATCTGCTGGATGACCCCGTGACGTGAATCGCTTCATTTTGTTCTCGTAACCAGACATAACGCCACCTCTATGAACTAGCGTGCTCAACGTGGCGTTTGAGTTGGCAGCTCTTCTGATGTGGATATAAGAGGCTGGTTTTTCATATACATGCCAAGAAAACCATTTATCACTCGCCACTTGCCAGACACCGGCTGTCACCAGGCCTCGGTATTCTTGTGCTCCTTCAGTCCAGGACAACGAATACTTTTTCGAGGAGTTCTGGTTTCGGGTAGACGTAGTACTCATCAGAAAACGTACCCTCTGCGTGCGCGGCAGGAGGTAAATCCCCTCGGAAGCCTCGTCACGGAAACACGAACGGGCAGGCAGTGCGACCATACCCCGTCCCGTTCGCCACGGGCCGATCGTTCGAGACGCATCTAGCCGTGATAATCGACAGTATCCCCCTTACACATCGCAGGCAAGGGCGGGGATATCCCAAAGACGGTGCACATTCCATCCGAAACTTCCCCTAGTCG,888,54.28,Mus musculus
SEQ_593058,TCGACAATACGAACTGTTACCAGGCACCCACTCACGCAGCTTCCCAAAAGCCCAAAAACTCAATCAAATGAGAGCGTTAAGCTTATTGTTCCGCGCTGGCATAATGAGAACTTTCGAAGCAGGCAGTCCAGTGGCATCAACTATCTTCAAACTGGGCGCGTCAATCCATGCCCAGCGTGCGCTCCTACGTACGCCTATTGAACAAAGTAATACCTTCCGCTTTCACAGGAGACGCTACGTGTCCGCCACCAATAAGAGGTGTATTGTACCAAAAAAAGTACTTTTGAATCTTGGCGAGAAGAAATACCCTCCATGCAATAGGCTAACTTTAGAGCAAGATGGTCGTGAGTGTACTTGAAATCCGTGGGGCTGGTTCGTTTTGAATAAAGTGTCGGGAATCTGAGTGTGACAGCCTTTGTTGCCATAGGCCTACTTTTCCCTCTGTCTCAGTATACTCGCCACGGCAATTTGCTCAGAGGATACCCTTGTCATGCACAGGACCCGCTTCACCATCGCCACAATCAAATGCCCCGAACCCGAAAGGGCGACCACTAGGGTGTCAGTCCCACATACTCCCCGCATAGGTATGCCCGACGAAATGTTGCATTGGGTGGCGATAATGTACGACGAGCAGGGACACATGTCCCCCCGCTTGGGCCGTGGTTAAGGAACTAAAAAATTCGGGATACACAGCGTGCTATAGTTTGTGAAACCTTTAGTCTGTGAACAAAACGAAGTATACTAAAGATTCCCCATAATTATGTGATAGGGAAGAGAGTACCTTTTGACACGTAGTTTGAATCACCGTTCGCTAACCGAAAGAAATGAGGCTTGGAAAGGAGTGACCAGAACATGATACCACGCCTTCTGCGCACGTCCCATAAGAACTTGCAGACTGAGGGGCTAGGCTGCTGTTGTCCCCTTGATTTAAGGTCGTTTGTCCGCGCCGGGTCGGGGTTACCTTCCACAGGGATCCACTAGCCCCTTACGACGTGTGACTCTACTTCCCCATACTTAATCAGTACTTCTCGACACTAGGTTACAAGTTATAAGGCATTGCATCGCAATCGGCCATTTTCTCTGCTATGTCAGGAGGCAATGTTGAGATCAACTTAGACAATCTTCGCATATATCTATAGTCGGCCAATCTCACCTATACAGCATGCCAGACGGGACACCCTCACTGCTCTCGCGTATGAACCTGCGCGACCAGTCATCTATGTTGGGGCGCAACTACCGTTCATATGAGGGTCAGGGAGGTAAGGGGTGTCTAGATTGGCCCGTACATGCCGTGACTAGGACACACGGGCAGGCCCAACTCCT,1323,49.51,Saccharomyces cerevisiae
SEQ_871330,ATCCCCTACTTTCGGGTTTGGCGCAACTTTCCTTCATGGAATATAAAACGCTTATCATCGTGTCCTGAGGCGTGAATCATGCGCCACCGTTGAGCCCGAACGGAGGCATACACGGCGTTCTATTCCGCGGGACATTGGGTCTACAGAGCGGCCAATCTGCCGGGAACGTGGGAACCAGCAGTACGGACCATGCCACCTATGATAATACCCCATGGTTCGGCGGGCTAGAGACTGGTTCGCAGACCGCTGCCCTGCTATGGATGATCTCTTGCAACAGGGATCATGCGGCCAGAAATAACGAAGAAAGACATTTGTCGTGGCCTTATGATACTGGAGACGGCAGGTGGGGTGCCGTGCCCAAATACGCGTGTCCATTGCCTCCCATGCGACTACACTAAAGTCGGTAGGAACCGATTCCTTAAGTACAATATCAATATTGCGCCGTAAGATGCGGGGGTGATAATCCGGTAGTGGCAGCGGGTCCTTAAGCCTTCTGTGATCTGGGTTGCCAGCCTTTAAGCCAAGATCGAGCAACTGTTGCAGCGTGTTACAGGCGAGACACGAGATGCATCGGCTATGGAGATGCAGGTGGCACCATTAGCGTGGTGTGCATTATACGCAGGTCTGGACAAGGGCTCCCATCACGCGTCTTGATGCAATTAGGAATAGCTGATGTCCTGCAGGTGGCATAATTCCGTAGAATATAGGTTGCTGGGTGCCAGGGGCGTGACGTGGACCGTAGTCGAGGAAAAGATGCCTGTCACCGTACGTGATGATGTTCACACGAAACTCATGCACATGGGTCTGGTAAGGATAAGAGCCCTAGCTCTCTAGATGCAAACCCAATCGCACTCGTCACACTGGACTGTCGAAGTGAGGGCCGAGGGCCTCTGGCCTGCGTGTGCTGATGGACAGTCAGAGCCGGCGATCACGGGTTGTGCCATGTCTCGGAACGCGCATGTAGTGAGGATGAGACGTACGGCAGCCGTCGTCGTAGAGTTGACAGTTATTGGTGTATCAGACTTCTAAAGGGTCACAAATATTGTACGCTTAAGGTAGCTCCTCGCCGGTGCGTTTAAGGATGGTCAATCTTTACTCTTCGACATACGTTGCTTATTAAGGGTTTGTTCGATGACACCATCGCCCTGGAGTGGTCGGTCAGGAAAATGATATCCGTGCAATATTACACCTTAGGAACCGAGAAA,1205,52.53,Arabidopsis thaliana
SEQ_280679,GTTTATACGCAGGCAGCGGTACGTGAATATGGTATAGGGAAATTGATAATCATGTGGCATTACAAACGACACTGCGCTCACATGAAAATATAATGGCGGGTTTAGACTTAGGTGGGATAGCTTTCATTGTATAGCGGAGACGATCTCTAATGAGTAACTTTAAAGGGAGTCAGACGTGAAGCCACACGCTGGTACGCTAAAACCAATTCATGAGTGGGCGTCCTTCGGGACTCACGCGTACCCCTCGGGTGTTATATACACGGACACTCTGGTATCATAGGTGGACGTAGGCCCTCCTCATATTCTCGTCATGTAGAGCTTTTGTCTTAGCTCCTAAAACCAGCCTCAAAGAGGATCGGAACGTAAAACTCGGGAACTGCAGTAACTTTACGACGCTGATCCTACCGGTATAGAGACTCTGTAAGCTCTAGCGCGTGCGAGCCGATATAGACCATTTCATCTCCGAGGGTCTACTGAGTTTTGCGTAGGTCAGACATGCGTGCGGTGAGCAATTGGCTTATTCTATGGGCGACCTTGGTGTATCGGTGATTCTGCACCGGTTGCGGAAGGTAAATTCTCTCTTATGAAGATGCCAGACGATGTGCTTTCAGGATGCCCGGGATCAACCAGTAAGCTCCGGTGCGAACCGTTGGAGGGTTCGTGTACGGGGCTTAACGCTCCCGTCCTTATTATTTCTGATACGAGCAAAGCCTGATTCAAATAACAGAAGGAGTCTGCCACGGCGGTCGAGGTCGATGTCCGATGCATTGCATAAGCCGCCTCTGACTCGGGCATTTTGTGCAGGAAGCGTAACTTAGTGGGCCTTCACATCTCCTGCGTTCTGCGCCCTCAGTGGGAGACATTATGCTATTCGTTTTTCGCGTCAAGACTACGAAATCCCAAGAGGGGCTATATCCACATGGCTCATTTCGGGGATCGGCCCAGCCCAGGTTGAGAATAAAAGGAGACTAACCAGGGACAATTAATTTTGGCTTCCCGCGCCGCCTGAACAATCTCGCACCCTCTCCCACACAGCGCCAGGGCCAATGGGTAGATAGATCTTATGTGGAATACTACTATTGGCTACGTTCAGCTGATGCCTTCGATAGTTAACTGCAAATTACCCGTCTCGGCTTGGCAGAGAAACTCGGAGTAGAGGGCCAACGAAGTCGCATGTTTCCCATCGGAAATCCGTGGGTAATTACTAGATCATTCTCGGGGGCCGTCCTTTAAAATTACTGAGGACACGGTGCGGTCATTGATGAGCTAGTAGGTCCTCTACGCAATCGAGTTGGCTCCGTGG,1303,50.04,Escherichia coli
SEQ_727375,ACAGTCCTTGGCTTTACCCGTTTCCAGCCCCAAGCTACGACACTGGTACCAGTCAGTGA,59,54.24,Escherichia coli
SEQ_621078,GAGAAGCTAAATAACTGGAACGCAAGGCGGCAAGTCAAGGTTCGTTGAGGTAGCCGAGATCGAGCTCATGATGTCGACGAGCGAAGGGGGGTGCTGCAATTGTCATGCAGATTGCCCCGGTCTCCAGTTCTTCTAATTTCTCTTGAATCGGGCTGGGTTCTTACTCAAGCCCGGTACACTGTCCTCTAGATCTAAGGTTCGACCTAGCGTGATCTACCGCGGTAACACGCCGCACTTCAGTGTGTTTGGCACAGGCTTGTGACGCAGACTGCAACCACGTTGTAGGGTTGGCGCGGCCGATACAAGGTTAAAGGCTCGTTTTCAAACCCGAAAGCCTTTGTCCTAGTGGAGCATGGCTCGTTGTCAGATACCTCTGACTAAATTGCCTCCCCCTGCTACTTGGACCTCGGGGAAGCTGGGGGAGTTCACGAACTGGTTATTCCTCTGTGACG,452,53.32,Caenorhabditis elegans
SEQ_240550,GCAAACAGACTCTCAAGGCGTCTTAGGGCCCCTGATCAGTAATGCACCAACGTAGCCTGAGTCGCAAAGATGCTCCCCAGATACCCAATTGATCATGACTACATGTGCACAGGTCGCCTATAGTACGAGACGACTTAGGCTGATATGAGTCTGCAAAGGCAAAACGTTTATTCAGATAGGATTCGACAGTCCTATGCCAGCAGGGTCCCCGTAGGTAGGAAGAAATGCCAAGGTGTTAATTACTGCCCCCTGCCGTGATTCGGCGCGATTGAAGCGTAATTGCTGCCTGCGGTGTATAGTTGTCACGAGTCAGGTGTCAACTGATGTGATCGTGCTCTCAAGCAATGACCTCTGCAATCGAGATGCTTGCCGTTAAGCACAGGACGTGGTTGGATTCCTGCACGATCAATTCAGTACAGTTCTTAGGTTCCCATATGGGGGAGATCAACTCGGGAGATCCATGATTAAACGGACATGATAAGTTCGAATGTGAAAGGGAGCTGACACACTGGCACAACATTCATCGTTTCGTGACGGCAATCACATACGCAGTTACTTGCGTGCGACTTGTTCTATGCGTAGTGTGTTGATTGCGGTCGGATGGTGTGCGGATATGACCCGGGCTGGCGGGGCGGGGTACGATAGAGTAAAACCTTACCCATAGAGAATAATTAGGCCGTAAAATCGTCCTGTCCCGTTTTTAAGCATGGGGAGGGCGTCACGTTCTTTCCTAGACTTGTACCACGAACTGGACCCACCCCTTCACGCGGACATATGAAAGTAGACCGTGTATTAGTAAAGAACGCACTCACTTCGGCTCAGGGTAAACTAGGATTCTACAACTCACGAAGGAAACAGTCCAATACAAGAGGTGACGTGGTTCCCTATGAATATTTGCGGCCTACCGCACCACAACAGAATATTCTACCCTCCAGTAGCCTTCGGGTTACTAACTCCCTCGCGAGTAGCATATGTAGCGGGTTGTAAGACGTAGTTTGATCTTCATGAACCATATTCGGTGCCGTTAGATGAGTCTGATAAGTTATCCGTACTGATGACAGTCTTTGGGTCCGGTATCAAGAAGGGCTTTGCAAAGCGGTGGTATCTACACCATGCGCTTGGAGTAGAGAAAATGGCACGCATAGATAAGAACGAAGTGTAATTACGGCAATTACGGTTACCCGGCCACAGATTGGCGTTACCCCCCAAAAGGTATCGGAAGTGAGCCCCCACTCAATTCGAAGCGATCGTGGCCTTTTGCCGGGTATTGTACCTTAGCACCACACGCTCAGCCCTTTTGACCGTGTTCCAAATTCGAGCACTACGTCGGCAATCGTCGCCTCATTGTTGGTCTGTGAAACGAACAGTCCACCGCCAACAGCGGGCTGGGCTTGTTGGTTAATCGAGATTACTATTCCTATATCCCGTCACCGGTGGTCCGATTCGTAACTTGCGGCCAAGTTAGCGTCGAAACGTCCGACGTAAATAGGCGAGTCACGTGGTACCAGACTGTGCTCTTTTCGCGGTTTTGTGTGCTCAAAAACCCCTTTGACCGGTAGAGTGACAGCCGATTATGGCAGAGAAGAACGGCTATGAGTGAGTCTAAAGAGACCTATACTTCGTGAAGTCATATGCTCTGCATAGTGGCAGTACGAACGTACGGGTTGTCTTCGAACGCTCTCTGCTAATTTGCCTAAGGGTAGTATTCGCACATAGAGTGAAGTGGTCACATCTCCGCTCGCCGTAAAGCGCGAATGGAATCGAGCTATTAGGGGTTATCGACGTGCGGCCGGCTCTTGTATAGTGATAGTTGCGGGTCTACCGATCCAAGACCATGACTGCATTGGGTGAACATAATTGGGTGCGAGGAATGCAGTGTCCGATACGTCCGAATCCTCAACTCCTGAACTGGCC,1914,49.84,Homo sapiens
SEQ_456878,ATTTATACGGGATAATAGCGTGTACGAAGTTGACAATCAGTCTGGCTCAGTCGTTTGAACGAAACTCACGATATATAATAACCCTCACCTCCCTCTTAATGTACTTTGTGGGCATTTACCTGTTCGATGGGCACGGAGCACGGTTGAAATCTTAGTTTAGCCCAGTAAAGGGAATAACAATGAAATGAGTATGTCGTCCCGCGTTACCTGTGGTGTGGAAGGCGACACGAGGGGCAATAATACTAGCCGCAAGTATGATTAACATTGTCACGCAGCATCGGCATACCTGATTGCATGAGTAAATGGAAGTAACTTAAGTGATTGATGCTAGAAAAGTCCATAGGGCCGGCTACGGAGTGACCATTACAGATCAAAGTCTTTGATGCTAAGGAACGTCCACCCTCGCCTCCGCGCCCAGTATGTTGGCGCCTCTCCTGAAATGCTTCACCGCGAGCATTTCTGTCTCTACCTTGCTCTCCCGC,482,47.3,Caenorhabditis elegans
SEQ_936355,TTACGAAGGATTGCATAATAGTGATTATGAGCATAAGCCGTCTTGTCGTGTCATGCCAGCGAAACGAAACAATAAGTCTTTGAGCACTTGACGACTGCGGGTTTTTCATA,110,41.82,Homo sapiens
SEQ_168363,TCGTGGTCGACTTGAGTAGAAATTTGGCTGCTTCACGTAGCGTAAAAAATGCAGAGTTCTAGTGAAAGGCTCATGAAATCTAAGTGCCTGGATACGATAATTAGGAAGTGTGACGGGTTGGAGGAAATAGGAGGCGTTGGCTACGCAATGCATTCGG,157,45.86,Caenorhabditis elegans
SEQ_862477,AACCCGATCGGTAACGTAAACCAAATCGATACAACTTGGAAGGGAGGGTGGGGATATCTCTATATGCTCAATCAGCTGCTCCACGAAACAAATTGAG,97,45.36,Saccharomyces cerevisiae
SEQ_406216,AGCCTTATACACATAGAGGCCTCAGGATTTATTATCTTTAAGTTGGACACCTAGGCTTTAACAGTATTAAACTCGTAAGTGGTCTCCGGTAAAGTAGGAATCCTTTCTGTATTGTTGAGTACTGCATCCGCCCGGGAGGGAGCCGGAGAACATCCTACTGCAGTATCGTGGCTCCACCACGAGGAGGGTGGTGGCCGCTCCTAATAGATGTCGGTAATGCTACCACGCTTACTGCTACTGGTTTCCCCAAACGTGAGGGGGTCATGACGCTGAACGCGTGTGGGCTGCGGACCAGCTACCTGCCCTGAGTGAATTCAAACGATTGATGGGTATCCCTTGGATGGCGAACAAACCTATGATGTCCCCCAATACTCATCATGTTTATCTAAATATGTGCGCGTTCTGAGGATCAGGGAGCCCTTTAGCCTCCGCTACCGGCCGGTGGCGCACATGGGGAAGCACGAACCAACGGGGCCACACTGAAAAATGCTTGTATAGGTTCCGCGGAAAAGCGACGTCTGTGTATAGGAGCAGCTCACATCGCGTGGGGCTGACCCAGTCGAAAATAGCCATCAAGAGCGGGGCTCTGATAGTCGCACTGTGCTACGCATCTTCGGGTCTAGGATGAGATGGATCTTCTACCCGTGACTGCTTCACTTAACCCAAGGTTACCAGAGAAAGAGTTTCAGGTCCCCGAAGTCGTATATTGCGCAGGGACTTACACTCATAGGCCTGGAACCGTGTTCCCTCACTCGCGGGTGTTCTACCATCATTCAGCATGCGAGAACCCATTGTTACCGAATGGGTAGACACGCGGGTGTTAGCACTCTATTACGGGGTGTCTAGGAAAAACTTGATAGTCGCTTATCGGACTAATAGCATACTAGACTCTCCACAACCGGTATAGTCATTCCCTTACCACATCGGTCGTGCCCGTCCCTAACCACACTTGCCTTCGTCAAGCAATGACAAGGCGTTATTTTACGTTACTAATTCCAGGGTCCCCACCGCCCAACCAGGTTCATAGGGAGAGATAGGTTAAACTATCTTAAGCTCATCGTTATGCAAGAACTAGTTAATACATTGAACGCGGCCGTAAATCATAGGTAATTTGACCTCATAAGAAGTCTTTGTATCCAAATTCCCTACGACAATAGTTGAATCGCAAGCGTTAAAGATAAACGACGGCATTATGTAGTTCACCTGTTGTAGTGTGACTGCGCACCAGGTATTCTCACAGAGGCATCCGACAGAACTGAACCCGTATCAGACCAGATCAGATGTCGGACAACTTCGTCTCGACATCATCGCCCCTTGTGACGAGGCCGGGCATGACCAAGCGGTAACGTTTTTACACTTGCGCCTTATACCTCTGGGCAGGCGTGAACACACGCGCACGGTACTAGGTGAGGACATTCTTGAGATCCGTTTGGTTCTCGCGGTCCGAGCCTCCGGATGGTGGAGTGACATACCACGGAAGCAACCGATGCAGGTTCGGCACTTATACCTCATTATACAGAGATTTGTCAGATATCCTCAAGATGGC,1546,50.19,Mus musculus
SEQ_662685,GTTATGTGGCACGTCTGCAGGAAATACCATGGAGTAAACGAAACTGATCCGAACTAAACGAAATATGCGACAAGTGCGAAGCTAGCCTCAGGATGGTCACAGCCAAGCTCGGAGAGGCGACGAAATTGCTAAGCGTCCTGCCGTAGTCTAGTTAGCTCCACCGATGCCTGCGCGTATATTAGATTTATCATGCGTTTTAAAGCCTTGCATCAATCGTTTTCAGAAGGACAATGTAATCCCCGGTAAGTCGTAAAAATGTTCCTGTGATCCGCACCGGAACAGTTATAATGCCCATATGGTCCCCATCTTGCCTACCAAGCGATGACCGACTACCTTATTCATGAGTGGTGGAGGGCGACGGCTACAATCCAATTACTTACTCGAACAGTTTGGACATGGATCGAACGGCGTGTTGGCGCGATCTAAGCTTGACATTGAAGAGCCGATAGGTACACGATCTTGCGATAATGAGCGAGATGTCAATTGATTGGTTCAGCCACCCGCGAATATCATCGTCGATCGGTATCGAACAAATACTTAGCGCAAAAATCAAATTCATGCCGAGCAACAGTAATAGACTTTACCACTGAGCGAGGCGTAGCTTGATGGCTGTTTACGCCCAATCGATCAGCTCCCACTCACTTTTCAAACACATCTTGCACCAGCACTTCCTACCCACTCGAGAAACTCTTAATGAACACAGACATGTTAGAACTCCTGAAACCGCATATCAATCCGTGGGCAACAACAGATATGGCCGATCGCCGTAAGCTTGAGCCGTAAGACCCCGGTGGGACTACAATTGAACCCTTTCCATTGCGTAAGGAACTTCGAGGTGCACAGAGAT,847,47.7,Escherichia coli
SEQ_954168,TTCCGCTCCTAATTGTGCCGTGAGAGATGCTCTGCCCGCGCCCCCCCGGTTCTGTTTGCGCGCGCGTGCGTGTGGGCGCCCACTATTTATCTAACCCTATCCTATCCCTCCCCCTGGAAGAAATCTGCTTGGGGGTTAGATAACGCAAGCATTCCTAGTTCCCAGTACGGGTGACGCGCTCACTATATGGCCATTAGCGTAAAGCTGACACGGAGATCCTCACTCACCGCTTTCGTCCTTGCTCCTACCTAGTATGCGCTGCGAGGCGGCTATGTTACAAAATTATCGAAACACAGGGTCACGAAGATAGTGTACCAGACCTCTACCAGTTCTATTCATGTCTAAAATAGGCTAGGATCGCTGGTTAATACCTGCGGTCGCAACTTAACGACGGCTTTATGAATTCGACCTCGGCGACGGAATGTCAATTTACATAGAATGTCTTGTTACAACTAAAAGCAATAGCCTAAT,471,50.11,Caenorhabditis elegans
SEQ_954348,ATCACCCCTGAACCTTCCACGTGCTGCTGTGATGGGCCTCCTCAGCCATCAGAACGGCGTAGATGATTCGTCTTGATAAGATCAGGAGGCGTCTGTTCAAATCGGGTAACGGGTGCGCGCTTTCCACTAGCCCGGCGGCGCTCTTAGCAAGCTAAATCCACTCCTTGTGCCGCGCAACCTAGCGTAATCCCAATGTCTAATGCCAGAGGGGAACAGACATTAGACGCTTGAAGGGCTGCATCCAGTGCCTACGATTGGTTTCAACTTGTGAGCCCCGAGGCGAGTCAGCCAAAACGAATTAGCCTGGTTTTAGTTCGTCTGTTCGCCTAGAGCCATGCAGAGTCTATATCCTTCCAAACTAACTCACGATTCGTAGTTCTACGCCGAAGATATAGATAATCCCCTCGTGTTTCACTTGCTCATATTCATTTTTCGCTTCGCCTGGTCGGGCAGGGTCTGGCTATGTGTGAAATTTGCCGGTGAAAACCCGCTCTTAGCAATTCAACCTTCGGAGTATGACACCGGAGTGTGCAACAAGCGGGTTATCCATGGAGCGGTTCGGCGTGAGTGAGACCGCCTCGGTTCTGGGTTTTTACATAGTGCACCATCGCCGAGTGTCTCCAATATGCGCTTTTAGAGAAATGCATGCGCCGAAGAAGGCTGCCCGCGGTGCGGTGGAATTACATTATTCTTCGGAAATGCGACAAGTGCAAAGCAGACTTACCGGAGACTGAAAACTCGACGCTTGACTCCGAACTCTGGCCGCGGAGAACAGCTAACGACCTAAAGGCTGTTGGAGTCGTTAATACAGCTTACAAGTGCCGTGTACTCAAATTAGCAGTCAAACTGATCACTGTTCTCAAATGACCAAGCCCGGCATCAATAAAGTTTGGCCTCATTTGCTCAGGCCCTGCGAATTTCCCCAATTCCATTAGGTACGCATCTAGTATGACTAAGCGTAGCTGTGTCAGGAAGGCGACTTTCCGACCCATAGAATTAGCTGGCACATTATCCCGCATTGTCTACAAAG,1030,50.58,Arabidopsis thaliana
SEQ_142801,GAAACTCAGGGGTTTCTGCGGTATACCTGTCGTGCAAGGTTATCTCCCCGTGATTTCCCTACTCTAACTTAAAAATTGTACCCAGCGATCCCTCACAAGCTCTTCAGCCCTATCAAGCTCGAAGGTCACTTCGGTCATAAAGCATTGGTATTAAGGTAATCGGCGGGGCCCTTCTCATATTAGTAATGCCGCAGAGCTTGGCTCAACGTTCCCACCCGACATAATACCGAACTTGTTTATCACCTTCACGTTTAGATGCATGATGGTGACAAACCGTACTAACGTATCCGCACACGACCGTGCGCCACAAGGCGAAATGGTAAAAGGCAGAGTATCGCCCTATCGGCTCTCTCTTCTTCTAAATACATACCAAGCTGAAATCAGCGACGCGCTGACTCTCCTAATGAGTTCTGCACATTGTGGAATGAGGAGACCCGAAACGACACACGGGAGCCAGGTCTACACCGAGCAGTTTTGGCTCGTAGGACAAGTCCCTAGCTACTAACGCATGAGCTTAGAGGACAAACGGAAACTACAAAAGCGCGGGCCATCTCGGCATTAACAGTCATGACAATGAGTACCGTCCCCAGCCGGTCCGATACTATCCGATGGCCTATGCTCCATATACAGGCCGTGATGATCTGTGCCGTACGCGAAGCTCGTGTTTACTTTTAATCTTGTTGAAGCCGTTTGAGCATCATCACCCGTTGGCTGACATTCGTATGGTGCTAGGAAGATAGGGACCTGCCGACGTGCCTCAACGAAGTACATTGGCGGCCAAGCATGCACACGTTCGTAGTTTCAGCCTGGGATGTTTCCTGTGGCGACACGACTAGGTGGGACTTAAGAATCCATCGCGGATCAAGGCCTGTTAAGGAGGCGCCCGGAGTAGCCCATGTCGGAGATTACGATATGAGTCGTGAATAAATCGGCTCGAGGTCATCCGTAGCCGTTACACAAACCCAATACTGACGCAGGGCACGGGTCTTGGTGGAGATAGAGAGAATATCCAAGGTTTTTGGAAAATTCGTGCATACGACGTGTTAATAGGCAGTGAACTCACTATCTATAGATGTACGTACTCTCCCTTCGGGCTGGCTTCACAACAAGAATATCCCTAAGTTAAAAGTAGAAACGAATATTAAGACCTCAGTTCAACTCACCTCCAATACCGCGGTTATGAAATCACGGATTCGCTTCAGTACCCTCCACCACGG,1217,49.47,Mus musculus
SEQ_396780,GCACGCTGTCAACCTGCCTATGACGTAGTGGTTTTTGAAGAAAGGGGAATGTCGATATGGTAGAATTCGCCTGAAGCGGATTACCAAATCATATAATGGATGCGGACGCTTACAGTCTTGGGGATGTGCGATCAAGATCTCCGGAACCCGGTCTGTCTAGGGCAGTGAAGTCTCCGCTGCAATGGTCCAAGCTGAGCGCCCTTTAAGACAGTCGGGACTCTCGGCGCGTGACGCCATCCTGAGCGCTTTCCAGCCAGACTTCAATCAGAGCCGTCATCCGCGGAGAACGCAGATGTATTTTCTTCAGACTACGTACTAATCGAACTGGGCCGTATTTGTTATCACCGAGGTTGAGCTCTCAAGCACTCAACACGAGTCTATTGCAGGCTAGTACAGAATCTTGCGGTTCTGTCCGGCCACTTGTTCTGCAGGGGTGGGTGACGCATCGGCCACAGAATGTGTAAGATTTAGCAACTCAGACCTTTGGACTACTCACTGTTTGGTCTGGGCTAAAAGGCAATTTGTGATCCGCACAATGCACAGCGCAAGCTCTTACTCCTCCCCTTAGTCATAGCTATAACTCTAGCACTCCTCTTGTAACCGCTTGAACCGCTTGGTCAGCCAATCTCAGTCCTGCCTAAATTTAATGGATTTATGATAGGCGTTACCCTTCCCGGTTAGGTGAGTCGGGGAGCCATTTTAATTTACCCACATCATATGCGCGGTCCTGCAACGCCGGCGATTGCTTTCGTCTCCTTCCTCTT,764,50.65,Caenorhabditis elegans
SEQ_425220,TTTAAGAGGTCCATTAACAACTCACCTCTACAGTGGTCACTGTTTCGTACCTGTACGGTCGCCGAGGCTAGTTCGAGTTTTTATACGGTGTTTCACAGAATTGCTAAGGGTCTGGTCACATACGGCCTCCTGCCCACACCTAATGTATAGAGATGTTGACTTAATGGATTGCGCCGATTGAGAGTACGGCGTATCGCAGTGCGGTGGGTGGCTCATGCACTGAATGGCCGCTCCGTAAAGACTAGTGATTAGATCGGGGGCTGGGTATGCGAGTAAAAGTCGCCGTCTGACCACCCGCCGCATTGTTCAAGTATTACCACGCCCCGGCAAGATCAGAATATGCGGACTATTCGCCGTGTGGATCACCAACTACTACGCAGACTCGTGCTTGGCCATCCCACATCTGACCCATATGGCCCAGGGAAGCGAACACTTTGGACCCGCAAGACTTGGGTCTTACGCAGTCCACCCTCGGCCAGCTACTGACCGGTCATAACGGAACATGTTACTAGGACCGGTGTTAACGTATAAGGACTCACGGGTGCTCTAATAATAGTCCCTCCTGAAAGCTTCAGGTATAGTTCAAGTGCCACCCGTCATGGCTTGCCTGCCAACCGAGGTTGCCTAACTAATCTATAGTTGTAGGCTGAGAAAGCTCGTAAGAGGAGAAATCGATCTTCCCCCCGGCAGTATCTTTTAGTGCGTTTTTGTTCCTGGCGAGGCGGGCTTATATTACCCGAATTCCGTTTGCTACGTTCATTGTTACCCGCGGTCCAGAAATAGAGCAGTCATCAGACAACGCAAGATATTCTTCGTGCCGTATCGCCTTCGTTGGGTATTAGCACTAAATCGAAAAGATGCACACAGGGGTGACTTAATTTTATGCAGTGGCCTGTCGGGGTAGAGCATGGGAGAGAAGGGACAGATTCGCAGCTGGTGAGGCTCATGGCTGGATGTCGCGATTATATCGGTATGTGAGCGCCACCCCGATGATCAGTCCGTCGGCTATCTTCCCCTATAAGCGGGTAGCCGTGCTGGACACACGCTCGACCCTGGCGGCCAGCTGGTTAGTCACTAGCGTTTTTGGGGGCGCATTTCGCCCCCCTCATCTGCTGTACGTTCAGTTTTTATTTCTGAACCACGTAGAGTGGAGCGAAACGGCTTGCGCTGCTCTCGACCTTTCTAGATATGGCAAGTAAGGCGCTTGCAGTGTATGAAGGTTGGTTCCCAGGTAGAAAGGCGGCGGAGAGAAGCTATCACTGCCGCCAGACACGGCGACACCCGACTGTGGTCGATCGCCCCCCCCAATAGTGCCCACTGGGAAGGAGCGTTTCTGGGACTTTGTCAGACACCCCCGGCCCTGGCTCAGGGGCTTAAGGTGATGCCGAAATTGGTCATAGGACTCATAAGTCAGTTCTTGGTAATCGCGTGGTGC,1435,52.89,Arabidopsis thaliana
SEQ_292395,AGAATGACATATATGTCGCTCTACAATATACGTTTAGCAGTGAAATAGCGAAGCCCAACTTCGCTGCGGTCACGAAGTCTAGATATAATTGT,92,40.22,Homo sapiens
SEQ_619902,ACCTAGGTAAAACCTTTGGCTATCGGTACACAAGCTGTGCAGACGGTTACTTCAAAGGGCAATTAGACTCACCTTCTTAATTCAGGACCTTACGTATCCACCGTACGGCCGCTGCAATGCATCAGAAAGTCAAATTATCTCAAAGGTACGAGTTACATTAGGCGTATCAGAATCGATGGAAGTGCCTTAATACCTACAATGCGCTAGTGACGCTTTGAGTCTTGGAGATCTATGTGACAATAGCGTTAACGACCAGAGGGTTTGTGGTAGTCCTCGGACCTCGCAGGCCTGCGTGGGGCCATCATATTAACAAGCCTAGGAACGAACCCTCATTAACACGCGGTTATTAGAAAAATGACTGGCCGTCGACGCAGATCCGCTAAACGCCACCATGGAGCTAAGTTTCGATCCCGTACTCCCCGGGATCGGCCTGACCATCCGGGGAATGCTAGTCGAGTACGTGGCTTAAGGCAGCGCGTCGTAGC,485,50.1,Homo sapiens
SEQ_730880,TTCTCCTCACTAGCATATGCGACGGGGGGCGATGCTGAGGAAGTGTAACGTGGCTCGATGGGATCGGCCCTTGACGTATCATATCTACGAAGGAGACCGTCTTGCTATCGAGAGGCCCGACGAAGGCATTCGGTCGTGTGTATCAGCCTCCTGTTTACTTTTGACACCTACCGTCATGAGCGCCCCTATTCCATTGGTGTCGTACGTCAAAAAAACCCAATCTCCTCGTAGCTCGCTTACTGTCTAATAAGCAGTATCCTCGTATGTAAGGAATCAACCCCGGAGGTCGGTAAACAATGGTTTTAGCCGCAGAATATGGATTGAACGCCCTCTTTGCGGATCCGTAGCGAAGTGCAAAACACAATGTTCTTGTAAAGGCGTCCTCACAGTCATCCCAGTCAAGGTTCCGTCAATGCACACTAAGGATGGGATAGTCCGTGGCTAAACATAATATTCTCGACTCTCCCATATAGTGAGGCGACTAATACCCTCTTGTCGGAGGGTTACTCTCCATAGCGCCTCCCCTTACCTCGCTTTGTACACGCGCAATCGCTCAGGCTAAAGAGGTGCTAATAGTACCGCTCGACCCCTAATGCGAGGTCCCGTTGCTATCACATATGTTGATCCCCAGCCCGACATCGATTGGGTTAGAATCCGATGAACGACCTGCATACCAACCTGAGAACAACGCACCGATAGGGTTGGTACACGAAACGAGCTATTTTCCAGGTCTCCACTGCCCACCGTTATTTGCATACAGCACGGCCAGTCGGAGACCTTTTTAAAGTTAATCTTCGACCAGGACCCACAATTGACATCTGACGTAGTGCTGGACTTTTGATGCACACGAATCCTGCAGGATTACAATTGTTATGGGACAAGTACAAATAAATCAGGCGGCCAATCTTCACCGCGTGGTCTTCAGGGTATGCTATAATAAGAACCACACCGCCAGAGCCAAACAAAATCGAGTTTGTCGAATCTACTAACGGCTAAGCGTAGAGCACACCTTGGGACATATTCGGCTGCGGGTTCTTGTCTCATAAGCAATCAGTATAGGAGCTCCAGCCAACTAGCGGCGGCAACAATGTGTAGCATGGGTTGCGGACTCGCAACGTCCTCCGTCTGGTACTCTCG,1137,50.04,Homo sapiens
SEQ_910800,CGACAAGTTGTAAGGACTTCGGATAGGTAAGCGAGGCAACAAATGAATGTTCTGGTAGTGTATGGAGGTCTAGTTGTCTTGTGGGATTCCACGCTGAAAGACTTAGATAGCTTACTCAACAGCCCGAAACTAGGTTACAGACCAAGTGTACGCACCGCACAGCACAGCGTCGAGCAGTGGTGAAGTGCCAGTCTGACCGTCTAAGTCAGAGACATGGAATACGTAGTCCATGTTCCGGCACTACCCACAAATCCGTAATAATAACTGACTATAGGAGTAGTAATTTCAGGGTTTTGCTTACTTTGCGAGGGCGAAGCCCTTTGGGTTCAGATGGGATGCAAGGTTGCTACGTTACCCTTTATTCCTCCAAGGGCTAGT,378,47.62,Escherichia coli
SEQ_352912,CGACCGCTTTAAGCGGTAGAAAGGTTAGTGTGCCGAATAACGATGGACTTCCCTCACAGATGAAAAATGTGAAAGCAATTTGAAGATTCCCAGCAAACCCACGCACCGGTGGCGAAAAGCGCAGGAGAGGCCAGCTGCGGTCGAACTGCACTACTTTGCATGCCTCTGGTTTCCCGTTCGGCGGTAATGATATGAGAGCAGTTATTTCATTCCCGACGTCTTGGACTGAAATATGCCTAGAAGGGGCAGCCCCATGAACACTGTACTTCACAGTAGGGATGACAATGGTTATTGTACCCTCCTTACTCAAGGCAAGCTGCGCGTGGAGGGGCATAGCGGCGTTATCGGTACCTGAGTTGCAATATCGACTTGGTGTCGTAGTGAATACCATATGAATATGAGTATGTTTCCACAGCGCTGTGTCTATTAATATGATGTATTCGTCGCCGTCGAGAACCGATCGACAGTGAGTGGGATGCCACGAAGCATATGGATGTATCTGAGCTTTCTTGTCCGCGCTGGTACGGTTCGCTCGGTTATGTAGAGAGATTTACAAAGCCGAATCCGATAATTACTGAACGACGGGAAGTTATCCGCATGACACTAAATGTTCCGTGGTTCCTTCGCATCATCGATGCTGCGCTCCCGGTATATAGTATGCCAGGCGACCAGCTTGCCCGTGACGTTTGGGTAACCTAATTAAATCCATGAGCCGGTGGCGTCACGATTGACGATAGTTGTGTGGGCCAGAGCGTAATCTAGCGGCATAGATCCGCTTCACGCACGGAAGCCTTCTGGCGAGTTTCACGGACTAGCATGGGCTACCGCCAGTCAATCAGTTGTACTACCCATACGACACGTAAACCTCCGAGTGTTTTGTCTAACCTCAGTAACCCCTATAGGCTCCGAAAACGCTTTTCATCGGCAAGCAAAAGGAGGCTTTTTTGAGCGAACGCCAATAAGTGTTCCCTAGTGGAGGATAACCGCGCCTGTTTGCAGTCCTAGTCCACAAGTTTAACGACAGGT,1026,49.9,Homo sapiens
SEQ_760187,ATGTCGCGTGACAAGTGAGTCCCACTGGCTGCCTCGGGTAGATGCGCCAATGAAGACGGCCCGCCGCTGAGCGCCGGATGTATCCCGCTGAAAGTCAACGCAGACATTAGCTGGGCGGGTGACTCGTCCGTACCCGAGACAAGCCTCGGTTACAGTTACATTTGCACTTGCAGTGGCCGAAAGGGCACTCGGCTTGGGGACGGGTACGGAACAATCCAATGGTTGGATCGAGAGATATGAAGAGCTGCCCATATTTCGCGCGGATCGCGAGGCGACGTTGCTGTCCCATTATCGTGCTTCGTGGCCTCGCCACATTACAGCGAATACTAAGGTTCTTGTAATTTCACGAACCTTTGGTTCGCGACACACTGTTAGGATCGATCAGGTGACAGCGAATGTACAGTATTCACGGGCATACCACTGTGCAGTGAGGGATGTATGGAGCTACCGCGTGGTGTTAGGGTGGGATCCAATTCAACGTCTTAACTCCTCACACTGCGTGTTTCTACGTAGCGACGCCCTAGTGACTCTCTCTTATTGCCGCTTAATTTACCTCGAAGGAAGACGAGTTCTGTCATAGCTAGGAACAATGATATCGCATAGTTGACCGGCACTGTGACGGTACGTGAAAACGTAGTCTGCACTGATGAAAAACTAGAGTAACCGGAGTCTGAACCCCATTGGGTCAACCGCTTCACGTTGTTCCGACCGTCCCACCCAAAACTAGACATAATGACGCGCACCTGCTGATGATACCAGTGTCGCTGGGGGAATTTTGACACAGGATTTCCACGGCCGCCGTCAAGAGACATCTTTATCTGGCACCTGCTCGCCTTACGACTACGGGCCTAAGGACTAGCCCTTGTGAAACTCACCTACGGCTGTCTCACAGGACGGCCGTGGAAAGGTCTTCCGATTCGGACGACTGTTCCGAGTCCCGTGCTAACTCGTTCTATACCCTAGTGCCATTCATGACCTTCCCTAATAAGGGTAGGCGGCGTTAGGAGAGTCCCACTATATACGTCCTGCACTACATCTTGGTTACAGCACACAGTCCCAGTTTCACGGACTCAACGAGACTGTAGGACAGATTACAGAAGTATCATGATATGCTCATTAGGTGATTCTCGCCTATGATATCCAGGCCGCGACATACATCCCTCACACAGAACGCTATGACGTAGGACCGCTAAAGATGCAGTCTTCTGTCATCGTACGATAGCCCGGTAGGCCTAACCCCTGGATGTGGCAGCTCGCACGCCGCCAGTAGACCCGCGCGGCACTACACGCCACATTGCAATTAAGTTACCTAATTTAACGACTGTGCATCGGGCTTAATCCACAGGAACAACAGAGCAAGCGTCCACGCTTCACCAATGACCTCCTTCCAGGGTCATTCCCGGTGGACATTATTAACGGACACTATCGCTTATATTAGTTCAGTCGTACTAGTGTAGGTCACAACGGTTGCGAGTATGCCCGCGCTACCGCATGTAACTTGTATGCTGGTGAGTTCGTGGAGTTTCGATTTGCTTATCCTAGGCCGCGTAATTTTACGCGTCGATACGAAATACCCTTATGGCCTTCCTTACAAACGCTGGTTTAGACGGTAGGAACGGTCAACGTGTCTGCTTCTGCGAATAAGATCTAACCAGCAAGAAGGGCTTAGGGACAAATCCACCCTATCAGTTATTATCGGGTGTTGCATCTAGTAAAAGGGAGCGACGCTGTCAACTAGCGGTCTCTGGGCGACTGTCACTACCATTTGGCATCATCAGGGAAGCGCCGCTTCGAGCTCCTCTGATATCATTCGGTACGTCGGGCCTTGCACCGGCCTTTATATAACTCGTATTGGCCGGTAACGCGGTCAATTGAGCTCTTCTGAGAACCGCGCCGATCATGAATTTAGCTCATGAGC,1918,51.77,Mus musculus
SEQ_545672,TACAAATCGCGACAGAATCTTCCTCTCTCGGCAGTGTGTGCATAACTTTAACGCCGCTAAATCCCTGATCTAGGGTACAAATTATAGGCGACAAAGACGAGGTTGACAGGCAGGCTGGACTGTTTGCATAAGTCACTGGGAAAATACGAGCATGCGTATCAGGTTTATAATCCGAATTGCACGTTAGAGAGGGTTAAGTACCGCTTCGGCTCAGCCCGACGTGTCCTGGCTGATATTCGAGTTTGCAGGCGGCGGGTTGGGCACAACTGGGGGCTCCGTGACAGCCGACGCCGCCCAGCCTCGCCGAGAGACGGTCGAGTAGTGGAGTGATTCGGATGGACTATTTATCCTAGGAAGCGGAATGGAACTAATCCTTTTAAGCGCTCTCAAATGTCCGACTCGACGAGCATGGGCTGGCGCTTTCTTGCATAAGAATAAATCTGACGCAACCGTATAATGTAGAATAATCTGCGGCAACATCATCTATCTCACAACCCGTGGTAAGAGCAAAGTATTTTCAGATCTGCGACCGACCCATTTTGGGACTTGAAAAGGCCAATTCGAGCCAAGATCAG,575,49.91,Drosophila melanogaster
SEQ_422319,ACTTTGCTGCAACACTACTCCACTCGATGGGGTGAGCATCATCTCTTTCGTGTGAAGAGGACTCGGCAACACAAACCTGCGCCAAACATCCATACCGCTATTAAATAGTGTAATACCAGTAAGTTCCGCGACTCGTACTCAGGCCAACTGTACTTCAGAGGCGCTAGCCAATGATGTCTGAGACAGGATGCCTCATCCGAACATCGGCTTTACCTCAAGCTCAGAAGGCTTAGCCGACCGTACCCACCCTATACCGACAAGCTTTATGTCATCTTACCTTGTTTACTACATTTGATCTTACGTAAAGACTATACTATAATCTGACACGTGTTCTCACGTATGTTAGGATGTCCCGAGTAACCGCGTATAATCGCACTTTCTCTATCATGATATCCACGAGCCCGTCAGTTAGGTTTAGTGGACAGGCGACAGACTGTCGGCCTTTATGTACATGACACATCTCCTCCCAGTGCTATACCGTAGCAGAACCTACACGTTTTGACCATCAACCAATAGTTGTATAGACTACGGATCCGTAGTAGCAGGACAACTTCCCGGACCAAGATCGGCAGCCGAGTGTCCCCTGTCGCGGCATTGTCGGATATCATTGCTAACCCACCGTCTCAGGGCAAGGATTCTCGTCATATATCGGCATCCCACAAACAGCCGTTCCCCGCCTCGGCGGTTCTCTATCTGTACCCGTTGTTTGGCTTTCGTCTACGTTCGGGTTCATCCTGAGAAGAAGAGTTCTGTAGTCCGTTCGGGTACGGAAGGGGCGCTATAGTGGATACGGTCCCGGCGACCCCAGTTCTGAGTTTGGTCGGAACGAGTGGAGTCCTCTGAAAATACTGACCCGAAGGCAGTATTATTATCATACCCACTATTTCTTTCTGGGTACGAAAGACTGGAGTTGCCACATACACACCCAAAGTGGTTTCATACACATTCCAACGCCTGGGCTTCCACTACTCGCACACTCACGTGCAGATCACCAAGCTTGAGCAAGGGGTGATAAGTCATGCTGTATTGGGTAGACGTGGGGCGAACTTACCGATGCACGTTTATGTACGTTTGCTAGATTTCAGCGTATCGTCGCGCCAATAATTACGAATGCACAGGCATCGTTTTGAATGACTAAGCGACCACATTACTAGCCGGCGATTGCCATTGGCCAGAATGAGCCTTTATGTATTAAATGGCTGTCAAGGCATAGGGCTCTGTACTAATCGTGAGGTTCGGGCGCATCAATTTATCAGGCAGCGCCTTAACTTTGCAGTGGCAACTATGACGTGGGGAACTTAGGAAGACTCACTATGCAGGGGCTTCCCGCCACCTAGTAGGTGAATTTTCAGAATTGATAAAAATTCAAATAGGCCCATAAGCTTCTATATCACGAGTCGGTTGCTACAGCTGAATGTTCGTCGTAACCCGCATACGTCCCCCATACATCTTGGCCTCATATGTACTAACCCCGAGGCAATCTTTGTCAGGAACGAGTTAAAACG,1505,48.7,Escherichia coli
SEQ_552842,TATTTGGCTTCTCCCCTAGCTCCAACCCAAGCCAACGCGAAAGTCGCAATATATAATTCTGCCAGCCAAACCCCTCTCCGAAGCTTCGTCACGGCTCGGAAGGGACGATAGATAAGCGGCACTCCGCGCATATAGTCGGAGAGAAGCTCCGGTTCTCGGAATTCGGGTGGTATATACATCGAAATGAGGCCAGGTATAGTGCACGTTCACTCTCGTATTCTGCCTACGCCATCAACTGGGAGCGCACGCATTAATTTTCTTGGTGCCAGTTCGTGGGGGGCACATATTAACCCATCAAAGCGACGACCATACCTCGGGAGGAAGCACGTACTTTATCAGACCAGGCCGTGGTTTGTTAGCTGCAAATTGCGATTAGATCACACAAACCGATCTGACTGTGTCAGATCAACTGCTGTGTCGTCCCTGTCTAAACTAATGGCGGCCGACTCGCGTAAACTCAACAGGGACTACTCCCTAGATATTCAACGGCATTGTCGTCCGAAAGCGACACGCAGCATAGTTCGCACGGGATCGCTGTTGCACTGATTCCGTTAGCTCCCGCATATTGACGATCCGAGCGTCCCCCTACGCACGTCCACCACTTAGGGCACTAATTGGCACCACCGCCTACCTCTACGCATTTATTTCTTAGCCCTATTTATGACGCTGAGCGGTCCAAAGGCCAATGTTGCCCGAAGCTACCCTGGCAGACAACTAAGTATTAACGTCTTAGTACCAGGTCATGCCGCAATAACGAAAATTTAAGGCACCAGACCTATTCGCCCGTAACGACTGCGGGGCTCGTTTGCCAGACGGCGAAACCTTGCACGTATGTGCCCCATTTGCCAGACGTGAGTTCCAGGCGGAGATGCGAGTCCTTCATGCAAGGCCTAGTTCTAGTTGGTGCCAGACCTAAATACAACTCCTAGTGAATCTCCGCAAGTCCAAACCGCCCCCTTGTTTTTCATTACCTGACCTCCTTTCATGATATAGAAAGGTTTCTAATTAGCCGCAACCCCTGAACCATTGGCAGCTGGCACGGGGTAGTCTCTTTGAGAAGTGGGAGCGATAGGGCGCATTACAGTTTGTTCCTTCGTCTAAGCGTTAAGGCCTCTGCCCGCAGCCGAATATGGATGACACCCCGCAGCTGCCCTTCGATTAATAATGGAGTTCGCCACATCAGGCAGCAAACACACAGGACTTCGTTCCAATACGGTAACGCTTGGACCAAGCGGTTTACAGGAATATGGCGACCGCATGTCCCACTTTGCGCGGAGGCAGCCCCCAACCTCAAGATATGCAACCCAGAATGAAGGTGCTTCTCCTCCGGCGTGGCGGGGCGCGCACGTGCGACCTTCTATTGCGCCTAACTATGTGATGGGTCGTCGGGCGTATACCCATGGGCGCACTAATCACCGGGCTGCGCGCTTATACTGAACAGCCAGGTGACTATACTCACTGCGGTTTTCCGTCAACATATTAGCTTAAGGTTCGAAGGCCCCGATTTCACGGCTAAAAGTACGACATCATGCATAGATCGTGCAAGACTCTTCAGGCCTCCTCACCGAAAAAACGCGGCATAGCAATTCCTTGGCGAGATGTATAGTCGTTATGTCGGCAAAATAGGGTCACTGAGTGGGGAACCGAACATTGCGTGAACATTTCTGAACGAACATCGTGATG,1683,52.05,Escherichia coli
SEQ_183659,AAATCGTTAAGCGTTCCGGGTAAGTGGTCTGATCGGGCGGGAAAGTATGAGGAGGGCTCTGCTGGGATCCGTCATACATCTTCCAGCTAAATTCCCCGCCCAGCTCTGGCTCGCAACGCGGGCTCCTCGCGGGTAAGATGCGTATTTGCGTTATACTCAAAAATCATCTTACAGATTATGATCATAAGTTCTCTATGACTTGTCCGCGATGATTAGGTTACGTGATCATACTCTGATTAATCCGGGCAGAGTTGGCTAAAGCGGCGTTTTGGCTTTTATTTGGTGGTTGCAAAATTCACGCGAGGCCCAGGACCTGGTGATTTCAGACGCATTCGCACTGCGCATAAGGTACCGATATCTGCTTTTAAAGGTCAGACATGAACGGTGGGGAAAAAGCTGACTGTTGTATTCTGGCCGTTGGAGGGTCGGCTATTCATCAGGCCGGGCATGAAGGAAGAAACAAATAACTGTTGCTCTTCGGTGTTCTAGCGTTCGAATTACACTAGCCTAGCATCTTGAGAGCGGCTCTCATCTGATCCTTTAACTACACACGGCGACTGCGGAATATGCGCATCATAGTTTGTATCACAAGACCCCAGTGCCCACTTCAAAGATCCTAATGTGGCAGTCATTCAAGCAACCCTGTCAAAAAAATCCGTCCAACCATGATGAAATCATATTGTATAGACACAGGTAAGGATCACCAGAGAGGTGTCCTAGGTAGTTCTGTGGCTTCCATAGGACCCTGCCGCACATTAAGAAAAGGAAAGAGGTGACGGTTGTGGAAGTCAAGTCTACGCCTCGGTTTACGTGTCTCATGCGTGTCTGTAAAGGCAAATTATCCACGTAAGCCGGCCTTAGGAGGCCTGCGCGCCGGGCCTCACTAGCAGTTCGCTTTAAGAGGAGGGCTGACAGCTAGATGTTGAAGTAAGAGTCGAGTTCTTCTATCGGGATCTTAGTATGTCGGCGGTTATATGATCTTTCGCGCCGCGCAGTCACTACGAGAGATCCTAGGTCCACCCAGTATGCTTGTGGCACGCCGCAAACAAGCGCAAGTCTCAGCTAAATTTCAACCGCATGCCTATGTGACAAAACCATCACGCTCGATGGGTCCTTTCTGCTGTTTTTGTACCACCTGGGTCTACTATAAATTTAGTGTCGATGAACCAGCCTGTACGGACGTTCGCGGACTGTTACGAAGATAAGAATACAGACGCGGCTAGTGCAGGTTGCGGCTTGACTCAGATAGGCTCTGTTAGACCGCTGTACCTGGCTACGATCCAGGGATCCATGTACTATAAGGCCCTTAACTTTAGATAGTCAACTGAATATGTCCAACGTCCCTGAGTAGGCTCCACGTCTCGTCTGTTGATTAGTGAGCTTGACGAAACGTCATTTGGACTAGCTCCTGATATATCCAACTAGTTGTCAACGTCCCTTAACTAGGTCTTGATAGCGAGAGTTACATCCTGACTCGGGTCACTCCGGTGGGTCCTTCTTGCACTGGCTCAAAAGCCTTCATTGGATTGGGGACAGAGACTTCCTATGCTATCCCAGCCCTAAGATTCTCATAAGTACACCAGCCGAGCATGTCTAGAGTCGGGATATGACTAACTATAGAATTAAGAGATGAGAAGAATCCCGAACCCGGATTTTGGATTGTTGTCTGTACAATGGAAGCCGTGCAGCGTCACCAATTCTAAAGGAGAACTAGCCCTTAACACGTGCTCTAAGCGAAGCGAATATCTCACTCTATTAAGCATCTATGTAGCCAGCATTATGTTCATAGGCTTTAC,1796,48.16,Homo sapiens
SEQ_398576,CACATTCTGTTAGTGATAATGTCATTGATCTTATTCGTGTTAAGGCGCGGGCACCTGATGGAAATCGTAGAACCAGCTGCCCTAGTTATGTACCCAAGATTGGTTGGGTCATCACTTTGAGTAAGATATCAGATCAAGTATCTTTCCATACCCCAGTTATCATTGGTGCAACACAATAGGGTTCCACCCTAAGAAGTGCGGTAACCACAGGATT,214,43.46,Saccharomyces cerevisiae
SEQ_513073,CGAAGGGGATACAGCGATACCCCCTCATATCGATGCTTAGCGATTACAGTAAATTTGGTACGAAGCCGAGTCCGAGAGCGATGAATCTCGATCTTGATACTTCCCTGAGAGGTTCTGCTGGTACATCCTTTGGCCTTCTCTTTACACAGTGTCGTTCGCCGCTCCTAGTTATAGATACTATACGTCGCGACAAATATCATTCCGCCAGGTTCCAAGGTAATTAAATGAGCCAATGTTTGGCGGTAGGCCGTTATGAACCACGCTGTGGATCCGACGAATTGTAGTCAGGAACAGTCGAATCCCGTTTCCAAGTAGCCCCCGTTCTGTCTTGAGACGATTGTTCAGCGCTCTAAGAAAAGGTGGTAAGTGTGTCTGGCAAGATCCACGAGAATGAGTCGGGGAAACTTCACCTGATATAGTACCAACGAGCTGCTATACTGGGCAGACTCGAATCAACTCCACGACAGATCCAATCGCCAGAGGTCCGTTGCGTGTCCGCAAGATTTCGCCGGCATGATCAGTAGGTGCTAATCAGGATAAGCTGCTATATTGGAAAGGGGTCACCCTCAACGTATGGCTGAGGGGCTCATCCTGCATGGGTCCTATCAAGTAGGCCTCTAAGGGTGCGTCGTATTCTCAATTCGACTATTGATGTTAAGCTCGTAGCCCGTAGCCAGGTTAACATCGGAGCGGGATAAATAGCACAAGAGGATGGAGGGGGCTACCGGTTGCTGGTATTCTCAGAAGCTCCAGCATAGTGCACCTCCGCGGTACCGATTACCAGTGCACGTCATACAAAGGCCAAGCCACATATCCATCAATACCGGTACTTGTAGATCAGCCACGTTTAATACTTGTGAGCGTGCTGGTCAAAAATGGCATCCTTGAGATTAAGATCCTACGATCCGACATGCCGCCGTTTAGCCATTAAGCAACGGTATTTCTGTAACTCGAACGTTCGATAGAAGAATAGATGCAAACCCTTCTGATCTCTATGTCCGGGGCCGATCCCGGACTATTAAGATACCAAATATCCCATCGACGTCCTTGTGACATCATAGTACAGAAGTGGAGGGTAGTTACATGTACTGGCTAAATATTTAGCCCTGCGTTGTGGGCCGCTGCGCTGCCCAGAGCAGCTGACAACCAGCGTATTAAATTCGGCGAGTAGTGAGGTTCAGGATCAAGCTAGTCGAGAGCTTTGGCCTTACTGCACCGACTCGAACAAGGCGGATTATACTGGTGTCAGATGTCGATACGTGGCGTCAGTTTCCTGGCGCGAACACTTCCGCTAACTCTTTGAAAGAAAACCCGTTAACCCCTGCTCACGGTCTCCGATAACGGTCATGCTATTTCTGGTGGGGATCCGAAACTTACAACGACACTCGATATCAAGAAGGAACGGGGGACATTCATCAGTGTCACGCACCATCATTGTTTGTGATCGATATGGTTGAGTGTTGGTACGGTGGAAGTCCGCTCCTGGCCTACCCAATGTGTATAACCAGGTCGTGCGACGATCGATTTAATCCACCGGCCCATGAGAGGCACAGTTGGACGGGCAACGTTGCCAACTTCGTATAGAAGGAATATGGCGTGCACAAGCTTGTGGTCTACACAATAGACCAAATTGCGGGTCATGCGACAAACTCTGCTAGGACCGGCGGGTCGTATAGACGACTCTGAAATAGAGCTGATGATCATAATGCGAGACATACCCACGAGTAAAGGGGTTCTACGTTCTAGATGAACTCAGGCAGATCCCGGGCCAGTCATATGGGTGCCCTGCTGACCTCGTGGTTCGC,1805,49.97,Caenorhabditis elegans
SEQ_906710,AATTCCTAGAAATTATCCGTAACGATCCATTGCCTCACACCTTTCACTTGCTTGCTGACCCTCTGCTGTATGGCTATCTTTGAATCGAACTCTAATGTTGGTAGGAATGAAGTCCATTAGGACGCAAATATCTCATGAATCGAGGACACTCCAGCCCCCGCAAAGGCCTCCGCCACTGCTATTTCTGTTATGAGTTCAAGCTCGCGTGATCTGTATTAAAGCGAGCGTGGCACTTACCTCCAGCGAGCGTTGCCCAACGTTCAATAGAGATCTACTCTACGGCCTATGTAGATGAATCTGTCAATGTAAGCTAGGAAGGTGAGGAAGATTGTCGTTGAGGGACAAAGTGTCAGGCATCGAATGACTCGAAAAAAACCCTCTCGAGCACCCGGCGTAACCATGTTCATACGTCCATTTCTAATCTTAATCCATTTTTGTAGCTATATCCATCG,452,45.8,Homo sapiens
SEQ_347014,CGCCGTTGGTCCCGTAGTAGGGTCCACTGGTAGACGGGGTGGTCCGCGGCTGCTAAAGAGTCAGCAATCCCAGTTTAATGTGATATTATCCCGGGTTGTCGGACCTGAGCGTGCTGCGAAAGTGCCCCTCATGTTGCCTAGTCCGATCGGTGGATCCACAGATGGGTTACATGCCGGTTCGCCTGGACTAAATCTAGGGGGAGAGGCTGGATGGACTTTATAAACTCAAGTGAAGGGATAAAGGGTTCCAAATAAGTATAGATATTCTTCCCGGCATCTCCGGTCTATCGGACGTTAGTTATGAACCCCGAGTCACAACAGCAGGTTTGAGGCGTCTTGCTTAATCGAATGGCTAAGAAGGCTCGGACGTAAGAGGACTTATCTCCGGACTAACCAGTTAACCGTTGCACAAACACACGAGAAGGGCGTCACCATCACTAAGGATCCCTCAGTACTTGGACAGCTTTGCGATCCGGAATAAATGGGCGCACCACCATTAGTAAGGGCCGGGATCCGTACGGATCCTTTCAAGTAAAACCCCCACTGCACCATGTCCACAACCCACTCCTGCCCTCTCATAATCCACTCCGTTCCTTATCTACCAAAGCGCCAGTGCTATACAGGAGAATCGTAGCATACTAAGCTACATACCTCAATTGAGAGGCCTTCCCAGCCTTTCCTATCATTTTGCGTACTGCTGACACGTAAGCATTGAGCCAGATTTGGGATGCACCCAGCAGCCTGTGTTCAGCATGATCCCGACGCTAGAGGTAGAGGCCTCTTTCACTCGAAGAAACCGTGGACCTATAGATCAGGGTGCGGGTTGTGTGTACGGGGCGTCATCACGAACCTTTCCGACAGACCAATGATTCTTTGTTTGCGCACGATACACATTCAAAATAAACTGACTGGGCTTTCTCAAAGTAGGTGGGGGGGGTATTTTTTTGCATTAGGCGGCATACAGCCCAGTTTCACTTAAGCAGGCACCTACGTATAGCCGCCATATCCCGGGGGGGGTATTCTGAAGGTTCCGGAAAGCGCTGTCTACTCTAGCCTACTAGGTGGGGATAGTCCCGCACCAGTGACAGGCCTACATAAAGCTGCAGTATCGATTTTTCCAGAAAGACATAAGCTACCGACCATTCGACAACGCCCCGGCACGTAGAACGTTCAACCCTATACAAAAGCGAGCAGCGCTCCGATCCGTCATGAGTGGCAACCCCTTTACCTCGCATCCATAAACTCGCCATTTTATAAATGTTTGTAGCTAGCATACGGACTACATCAGGGGAGGCGCATAACAGTCTGCTGTGATGCTGCTTCCAAAAAAGGAGTGTTCAAACCTTCATTGACAGGGTATCCACATATGCCAACGATTAACGCCGCCGCAGACAGCG,1397,50.89,Arabidopsis thaliana
SEQ_397779,TTGAAGGCTACAGGGGTCACCATTATCTAAACGGCTCGTGTTAAAGGCCCATAAGTTTTCGCCCCCTCTGTAGTGAGTGAATCAGGAGACCTCTTGCATATCATCACGCCAGGGAATTCCACGCAAGCACCGTGATTTGTTGATTATGTGCACACCTCCAATTCACCCTATCATAGGAGCATGAGTTGGCAAGCGGTGTCTGACAATCACGACAACCGCTCCTCCTTTCGCTTTTTTCCGAGTCCCGGTCGGGTTTCCGATCCTTTCTGGTTAAACGAGTTAAATCTATGTTATTTCGTCGCAAGTCCAGGGAACGCCAAGATAGCACATTTAATAGCTATAATCCCCTGGCTGTCGCTGGCATAGGTCTGGGGGGCGTGACCCAGGAATCATTATGCGGGGAATCTCTACGCTTCGTTGCAACTGCTCGCTTGGTGAGGGGCCATAAAGCGAGCAACATTTTCAGTGTTCCGGATATCCGTCGCAGGGTCTATTTCGCGCTAAACATAGCAGATTCAAGGTTCTTCAACGTACGCAAGTAGATTGGTCTAAACGCTATTGTAGAGCATTGTAGATGCTGCCTGCTGATGCCGGCATTGTTCTTTGTAATAATGATAGGAATCCAGAACGTCCAGCGACTTACGCAGCGCTGTGAGTCCTTACTATACGGCAAGCCGTACAGTTCGTCGTCGCCTTTTGATGCAATATACGCCTGGCCAGTAGTACTCGAGAGTTCCCGACGCTAACGGTTATGGTTGTAAGAATGTTATACTTTCTAAGCCGCCGCCGCGACGACCGAAAGCATTGGTGAAGCTACTCGGAGAGGCCGGACGACTGGTCGCTTAAGTGTGACATCACGGCTTGTACATCCATAAGTCACTAAAATTTAAGAACCGCACCTTTGCACCACACTGATCAACCCTCGTAAACCACGATACATCCTGATAGGGTTCAGCGTTCGTTCGCGTTAGTGATAGCCACCCTACACACGAGCTCCCAAAATGTTAAACGCACGAAGGCTGATGTGCGTCTCAAAGATCAGGACTGCGCGCCCGAACACGGCGCTCTGGCCAGTATCTCAGAGGCGTCCCAAAGGCTCTCGAGCCCGCCTTAATAGTCGGTGGTGAACAAGGTCCCGTCTGCTCGATGTAACTGCCTTACGAAGAGTTGGGTAACTGCATGTCACGGAAGGGCCCATCGTAGCCTGTGCTGATTATACTCACGCCAAACGTGGACGCATGGTTTTACGCTGGAAGTTGTCTGAAATACAGCAATTGTACATAAGGGGCATATGAGGCTTGTAACCCGAACATGGTCAATTGAATCCACTTTCGTGTTCTATGAGAACCATACACGTCACTATCTTTTCTTCTCCCCTGCCACATGTTGACTACAATGGGGTAGCGTGCATTGGATAGACACTACTCCAAGGGTATGTAAGCATTTCACGGCTTTACGCTCCCCCTCTTGAAAAGGATAGATTCGGTCGCCTCATAGACGACAACAAGAAGATGCCTTTCTACTCCTAATGCTACTGGACCGGCGAAGTGGCGATATCGAATTGGGGGTACCGTTGTGTTTCCACGTCCTACCCGGGGGCGATGTTTCGTAGGCCAGAACCGGACCCCCTTGTACCATATTAGCACTGCTCCCAATAGACAAAGTA,1666,49.88,Saccharomyces cerevisiae
SEQ_205007,AGATACCGCCAGCTGATTCAATCCCGGTACATGATTCTCCTTATACTTATCAGCCGAGCCAAACACGACAGAAGGTAGGGCATTATCACATGCGAGGTTCGTGGAAAGACGAAGAGGTTTTATCCGCAGAGCAGCGTCAGGACATGCGTTTTGGGTGCACCATCGACGGAGGACAAGAGTCCAAAGGGCAAAGAACTTGTCCAATAGCACAATCGATAATTGCTCTGCCAACGGCTACGTGCTTGACTCTCACATGTCAAGTCATTCAAATCACCTAGGCCCTTGTTGTCAGAGGGAACTCTACTCAAGGCTTCTGCGATTATCGGCAGCACTTCTTTTTAGTACATCGCTGATAGCATCCTGCTAGGGAAAACGGTGTATGCTTATATTCGCAAGGGACTAACTGTGACGGCCCTAGCCGGGAAACGCATACTCCTACTATCCTGTGCAGCCCCTAGCGGCCAGGCGGAGACCGCATTCTACATATACGGAAACTTCTCAGGAGACAGGTACAGGAGAGTTAGGAGCGCGATCACAGAAACCCTACGAATTTGTTCGACAGACTTACTATTATGCCTTGCGTTCTTAGAACTAGGTAATAAGACCTACACTAAGAGGCGGCAGAAATCTCCGATGAAAAAGTGACCGTTCCAATCTCGCAAAACCGGTCGACGACAAGATCTTTCCCGTGTTGTAACAGCCTGGTGGGGGGCCTCGTGCCGAAGATTGCCGTAGTCACGTGGCCAGTGAGACAGTTTGATCCTCCTCTTGCCCCGGCAGGGGCTCCATCGGTTCCTTTGTTTCGCTATCTAAACGGACGCGTCTCTCTTCTGGGATTCCCGAAGCGAGTAATAATTTAATTCCTTTATTGATACCTCGCAGGGTGGCACCCAC,894,50.11,Drosophila melanogaster
SEQ_739888,GCAACACGGAGCGACGCTTTGCACACTCTTTCACGGGCAGTACTAGTTCAGAAAGGTCATTCAGTAGCAATAGCTCCCGCGGTAAGGACGAATCTCAGGACGTGTCAGGACTGCCTGGATCACTTACTTATGAAGTTCACCAACCCTCACCGCCTAGGCTCAGCTAGGCCAGGCGTGAGTCGCTACACAGACAGGCGGGGAATCGATGGCAAGCCGCTACTGTTCTGCGTACTGGGGTACACACTCGAGCACACAAGCGCGCCTCAGCCGTGTGAGCCGTGTAGACCCCCGTCGCACTCGTCGATCGGTCCTCCAGCTGGACGGTAGACAGCGAAGAATGGTAAATTGTCAGTGTTCTGGCACCTCGTGGTAAAATATGGGATGTCCTCACCGCGGCGTGGTCCTTTCGGTCTCCATAACTGAGGCGTCCTTCCTTATGACTTGTCATATAAATCGTGCAAGAGGCAGGCTACAATGTGTAGGCTATCTGTCATTCGAATATAACCGAGACTCCCTAACCAGTCAAGTTCTCCGTAAGCTACACGAGTGTCACGTCGCCAGACCTACTCCCGGCGTTGCAGGGAGTATTGGGAATATGTGTATGCAGTTAAATCGTTTACGATAAGGCCAGCCCGGTTGGGGGTGAAAATTGGCCAAAATGTATCGCCTCGAGCGTTTCAGGAACAGAGGGCAGCTAGTACAGGCTTAACGGCTCGGGTTATCGGAATTTTTGCCTCAACGTAACCTTATTCCGTTATCTACTTGGCAGACGGAGGCGACAGGCGACTTGCGACTGCTGTCATTTATTGAACCCCATATCTCGGCTAGTGCTGTTAAGGAGCTTGGGCCCACGTTAACAAAGGCGTGCTCCTATCTCTATAGAACCGCGGGGCTAAGAAATATAGGGCGGTCTCCAGGTACTTAGAGGAGCAGAACCGGGTTACGGAATTACTGTTCG,958,52.71,Homo sapiens
SEQ_179676,CGCGAGTGAGATGGAGCCGGGGAGATGCATTACCCTTTCCGCATCGCACCCTTAACACGCTGATATAGGCAAGGGAAGGAATCAGATGATTCCACTTGAGATAGTCAGCTAACTCGATTACGTTCTGGGTTTATGTGTTCCTTCGTCCAAAGTGATTAGCAAGCCCCGCTAGAGCAATCCGTGAGAGACCTCCCGAATTATATACGGGGGTGCCAGGAATTCCTCGCCCTGAGGACAGTACTACACTGCGGTTGGCCCATGGGCGTACGGCCAAGGAATTTGTTACTGACGGAGTAAGCTGCACTAGTAGACAAAATAGCCCTTTCCATGCAAACTCATTCTCTTTCGGAATATATATTACCTATAGTTGGTTAGTATCCGGACGGGACGTCTTAATTGGTATGGTTCTAGCCAACAGCCTCTTCCCGACGAAATCTAATTCGCCAAAAGCGCCGGGACCTGTGGGCTAGGTAAGCCTACCGTTATGAGCAGCAGGAACGTATACGGCGAGTAGGTCGTACTCGTATCGCGACCAAACCCGACGTTGTGCTGGGGCCAAACTGGCATGTGTTATATCCTTTGCCAGTCATCGGCACTGTTATAAGTGTATTACCTTAACTGATAGTCAACCTTTGTAGTGCCCCACTAAAGAGTACCTAGAACATATGAGAGCACTCTTATACCGATACAGTAAGGAGGGATAGTGCCAAATATAGGTTCATTCGTGCCGTATAGACGTAGCCGGGCACAAATAATGCCCTCCGGTCGAGGAATGGCCAGGCCACACGTGCTCGGCACGTTAGCCAAAAGAGGCCAAAAGTTAGTCACGCACTGATGGCCCTAATTCAGGACGGTCCGTATCAAAGACGAGGACTGGCTCAGTAATCCTGTCGTTAACACGACCAGAAGTACACCAATACCTCCCGTCCGCGACCTGTACATGCGTGCTCTACCACTGTTGTTTTTCGAGGTCCGACCGCTTCACCGGAATACAGAAGAGCAACGGTCCAACCAATTTGCACTAGTAAAGAACCTCTAACTTTGACTACAGTGCAGTGCACATTGTGCACCGATCGGGCCCTTGTAGGATCGCTGCTTAGAACACTCAACAGGAGCAACAGAAGTTAGTCGCCCCAGTAAGTTCGCCTTTGCGCACTACATTATGACGGGTACACTCATGTTACCTGTATTCACATTTTGTGCTACGAGGGGCTGCACGTACTGTTAATTGTGAATGCGAACATAAGGTTCCACTAGCAAGGTCGACCGCAGCCGGTAATGTGAC,1285,49.73,Saccharomyces cerevisiae
SEQ_727499,TCAAAAAGCCCCGATGGCGAAGCAGGCGATTTGAGCAAACATCGAAGCCGCTGGGGCTCGCCAGGGGCATTCGTTCCGAGGATTATGGAAATAGCCCCATCTGCTATCGATCTCTTTTAAGTGACGGCCAGCTAAAAGTTTCAAACTCGCGCGTGATAACCATGTGGAGCTGGCAATGCGGCGGACGCACTTCTCATTAGTACTGGCTGAGGGGCGAGGCGCATCTTGTGAACTGTGGGTTAAACCAGTCCGGATGCGTTCGCTACTTTAAGCGCTGAAACACGATGTCCGTTGAAAGGGTTAACCCATGAGGTAACCTCCCGCTGGTGCCAGACTACATGTCAGCGGGCTATGCCAAACCTAGCTCGTATTTTGGGGTCTCGATTGAGGCCCCAAATCGTTTATGGGGGGCATTGCGTGGACCGCGTGCCAAGTGTACGTATGCAAACAAGTGTCAGGCATTTCCACTCATTCATGAGTCGATAGCCCAACGGCTGTTGGTGTGAAGTTGGCTGCGGACCATGTTGGCCTGTCGTTAGAAATAGTAATATATCAGGCCGTCCCACCGGCGGGCTAAACTGGCTCATACTGCCCCGACATCGCTACATTATCGAAGAGGGACAGGGTCCGTTCTCTTGCCCCGATGCAGACGGTAACAGGCGGCAGCAGTATACCGAGGCCCCCGTAAAGACGACCGACATTTTCACTATCCTGACTTCGGGGCCCAGTGCTGCTTGATAACCTCTGGGTAAACGGACCAGGAGGTTAAACGACCTTGGCGCACTCCTCTTTATAAACCGACTCTCGAGTCCCACAAGTTCAAATCTCTCTAAATTTGAGATTAGATAGCCTAGATTAAGTCAACAATACGCCAACGCTGTCGTGTTAGCATGGGATATTCTCAGGTGATGACCTATACAGGCGGGAGGCGTGGACGGTAAGTGTAAAATTATCGGAAGACCAAATATCGGCACTCATTTATTTGGAATTTGGGTCATCCCACCGTTAGCCATCATCGTCTGGTCAGGCGAGCCGGACGGGAGCTAGAAAAGGCGCAAACCGCCTATTGATGTTAGCTCGGCCATCTCCACCCGTAACGACTACTACACTCAGCCGCTTACCTAGCTTTCCTACCGAACAACGCCTGTGAGTGATCATCTATGCTGTGATCCCTAACGGTATGAGCAGAACCCCTCAAACGACCTGCACAGTAGCGTAGGACCGAGAGTACCTCACAACTGTAATAGTTGTGAGGGGACCTAATGACTGGGTGCCTTTAGTTTCATCAGCGGCAGGGGTGGCTCTTTCGAATTGTGTGGGTATACTGAATGATTAACCCGAACCCTCTTCTGGCGGCTCGTGCGAAGCAAACCAATCGACCGGGGGACCTCCGAGGGAAGCTGTTACTCTACTTGGCTCACCTCTAACCTAATGTAATCCTCGTTTTAATGATGTAGCGACATGGGTACGAGTCTGAACTAAGTTGACGTCTGCATCGCCTATAATTCGATCCGTCGTGGTGATT,1525,51.61,Caenorhabditis elegans
SEQ_872077,GCAGCATCGGATAACTGACATCAAGGCCAGTCTCGGGACGCGCGCTATCTTCGCTGAACTCACTAGCCTGCTTTATCCAGCTGTTTGCCAGACTTCTTGAACATTCGCATACGGGCTACTCACCGTTGTGAACGTTGACCATTCTGGACCGGCAAGTGGCCGCAGCGCGCTAAACGTCCCTGTTACTAGGTAGGTCGCTTGCCGTCGTGTGGCCAGGTGCTCGCATGACCGCTCGTCGCTCGGCTGCCCTAGACTCAAGTCAGAGGAAGGACACCGGTACCAGACTGTTGGACGCCATAATGTTGAATTGTGAGAGAATGTCAGGCTTAGTAATGGAGACGCATTTGGGGTCAGGAGCGTAATACTGCGATCAAGTGGTAAGGGGACTATGACATCCCCAACTCATTCTGAATCCGGTTACCGGGCCCGGTTAGTCCACTTATGTCCAGCGCTTATGCGGAACGGGTGGCGGCATCATTCTTTGACGAACTCTTGTAGATTGCCTTGCCACTTGTGTTCAAACTATATGAGCAGTCCACGATCAGGCGCTGGGCCAGAAGTAGTAACAGCTACGGAGCGTTTCCTCTCATAACCCCGTTTCAGTGCCGTCCGGCATCCGATCACACAGACAATCTGTTAGGTGCCCGAGCTCCACTCATGGTATCATACCCCCCATTGCAGGCTACCGCGAACGATTCCAGGTACCCCTCATCGATGCGACTATATTGAGCCCGGAACCTTGGCCTCAAATTACCCAACGACAGTTAGCCCAGAAAAGTCTTCATCCCGTGCCTCCCGATCACAACAAGCAGACGCGGAGTGCCCAAGACTAGGGCGGCACTGACACGAAGACGAACTCTCGCACGGCGATTTGCTTGATTTTTCTGTATTAGCTGAACTGCTCGAAGCGGAGAGTGGTGGGCGGTTTGACGGGCCACCAAACCTATGTAAGTTAACTGGGTGACCGAGATTTAGCACTCAGGGGTGGCCGCATGCATCTAGACACCCTCCGTGTGGCGCAAGAGCTGACCGCATTCTTGATAAACATTGGATCAGTTCATGCCACCCGGGGCCTCCACCTTCCATAGAGTAGACCCGTTGACTAGTGTCGGCTCATGCGTATCCGCAAGATCGTCTGATCTCCAGAAACTGTCGGTTTTGGTTAATTCGCGATCCCAATGGTCTATAACAATAAATGCGCCGGGTAGTGACACTAGACGGACCAGATACCCATCTACCCATAATAATACCAGCAGGACCCGCGATAGCGTGCATTTTAACCGCCATTCAACCGCGGTCAAGAAGTGACTATAGGTGAGTCTTATCTGGGAAGAGGTTGGTATTACGAAGTGTTGTCGTCTATCTAGCCAGGCGCGTGAGAACGTCACACCCT,1393,53.05,Saccharomyces cerevisiae
SEQ_505728,ACTGATCAAGCTGACGTGACGCACGAACTGCAGTCAGTACGTTGCGGGCACATTAAGGATGCCGATAGCACTGACTTTGCCTAGACTTTCCAATTCAGTGACTTAACGAACCTCACTGAAGTACACCTTTTTAGCCTAGACATGGGTTACTCAAATTTATGGCACGTATAGATCGGGGTTTGCTTCTTCGTCAGCAACGCCGTATATCAACTTCACATAGTGTAGGAGACTTACTCTAAAGGCCTCCCGAGCTCTAAGCTGACATACAGCTCCTAGATCCGGGGCCAACCTAAAAACGAGGGATTACGCCCTGATCATTCCTGTAGACTGTTAAGGGCGGAGCAGCAAAGGACAATTAAACAACGCCCCGGCTATAGCAGTTCCACTACCCCATTTCGTCTTAATCTGATGCGTAGAAGCACGTGTTGAAAAGACATAAGTGTTTATCGTCAGGATACCCCGCGTAGATAGTAGTTCAAAGCGGCGGGCAGGACCTTTCTTTACTGCGGTGACGTGAGATGGCACATGGAAGTCTCCTGGTGGATTCACCGGTGTATTGATAGCAATGGTGCCCTAGGAAGTAAGATAACCTTCCATTCTAATGTATGAGCTTACCTGAGACGAAAAAATGCTCCTGCGACGTTCCGCACACCTTGCCGGTTTCCTCTAGCAATCCGCACTCAGTGGCTAGGGACTACGTTAATGCGGTACCGGCAGCTTCGCTGTTAAATCGAAACATTCCACGAAAAACGACTGAGCAGGACTGAATCAAGGTCACGATCGAGCGACCAATAGGTAAAACATACCTCACTGTCTTTACGAACAAGTTTTGAGACGGTGACGCTATTAATATTGAACTGTCGACTGCTGGGCGGCGTCATCACTGCCAGTATTACACAGTCATTAAAAGCGAACTATGGAAGGGACGTTGCAGGGATGGATTCTCTCCCTCAATCCGTGCAGAGTTGCGGTTGACATTTTTGCGGTATTCACTGAGTTAGGACATCCCGCTCGTCATTATACTGACAACAGGTTTTCGTAGAGACTTTTGACCATCTTCATTTATAGCTCATACACTGAGGCACTGACCCCGCGCACCGAGAGAAATGCGCGACGGCGCATCCGCAATGAACTTTGAGTGTTTGGTCCCTCAGCGAGATGCTGCCTAGCGACCTAATTGGTCATTCTTATATGGCTCTTCGTTACCATGGGGGGAAGGGAAGGCCCTCAGATGGGCCGT,1240,48.63,Drosophila melanogaster
SEQ_797371,CTTCGGTATAGAATTCTAAATCGTCATGGCATGCGGGGCGTGCGAGCGTTAATTCAGAATCGGCCCTTATGCCAAGCTCCCAGGGATCGACTGTCATGCCTTTTCTCTGGCAGCCTGTTCGGGAGCCCAAGGATAAATTCTGGTGCTAATACCCAAACGTCCATCGCCCACGCCACTTTTTGTTTTGGTGCCTCACTGCATTGTTCAACGGGTTTACTGGCAAGAACTTAGACGAAACGCTGCTACGTAATGCACATTGTTCACAAATAGACCACTTTGCCGATAACTGTTTTCCGTGCATGACGGGGCATAATTCAGCGGTGAATTCCCTATTAGGGCGTTGTGCTCCTCTGCTCGGCGGGGCCTTATTTCCTTCTTGACTATCTCTGGTCGAAGGGTAGCTTACTGCTCGCATCATACAATACCTCTAATGTAACATAACGTATAGCCTACACTGCATAGTGATAGTCCCGTCCTTCACTTAGATTTAAATATTTCGCGCACCTATTAGGTCGGCTTAAGCCCCAGTATGCCCGTTAGATGCGAGACATTGCCTCCAGCGTGGGCGCTCAATGGCTCTTTGGGAACCGCGTAGGCAGTTGATCGCCTCGCATAGTATCCAGCACTGAAACATAATCCAACAGACGAGGAATTGCCAATAGCTCTGGGGTATACTCTCGAGTTAGCGGGATCCTCACAAAGGCCGTTGTTCGTTTGTGTCGGGCATACGGGTCTTTCACTGCAGGGGGAGACTTGATGGCAGGTATTCGCATTTCAATGCAGCCTAAATCACGCCCTTTGTGGCGCTTATCGATAGCGCAACCGTGTGCCTGGCAGCCGTAATGCAATAGAAGTGTTCG,860,50.0,Caenorhabditis elegans
SEQ_970333,TCCGTTACAGTGCGTCCGGGAAGCCCAGCCCATCTGCTTATACATTTTCTTCTCTTCATCATCCGATTCTCTGCAACGCGGTGAAGGCATTAGAGGGACCCGCGTCGTAGTACAGTTAAGGCCTGTAGCTCAATTTCATTCGATCGTCTGACGAGCCTCTAGGCTCGGGGGGCGTCAAAGGATATAGTTGATTAGTCGCTTCGAAGTCTTAATAATCCGACTGGTTCACGAGAGTTGTACGGATGATCAAACAAGAGTGCACCATTTTAGTTACTCTTACTATCGTACCCTGTATATATGGACCTGGCGACAAAAGACGTCGGCGACACCCGGCCTCCCGGCTCTGTGGGCAGCATGGATAAGCGTGTACGTTTACTCTCAAATAATGCCAGCACAATTGATGCGCAAGTATTCTAAGGTTCGAGGGACAGCATAAGTCTCGCAGACTTACCAACTATATCCCAGGTAATTCTATTAGAGAAGCAGGTAGACTCCCAACATTGCTTCCGTTCCGGAGGACACGATCCCACGTCTACCAACACTGAAACTGCTCCACGGCCACTGTGAGCACTCACAAGAGGTTTTCGTTGTAGGCAAATCGCAGCAGACGTTCTCAGCCGGGATCAATGCGGATATGCTTTAATATCGCAGTGTCACCCCGGCGAAGCGAGCAGGGCAAGGAGCGCCGGACCCGGTGAATGCACATCGCCGGCAGATGCGGCCATTCACCAGTCCCATTCAAGCGTCCTAGACGCTGGAGCGGAGTCTCTATTGCATCAGATTGCCACGCTAAGCGTACGAACTGGATCATTTTGCTTAGAGAATGGACTACGCAGTTTACATGGGTGGTCTCATCTCCCATCGGAAACGCATGGCGGTTGCGTGGGGCTTACAGAGGTTGACTATTGTTCGCGGGTTCGAGCGTGCTAACCGGGCCGCTTTTTGGCTTCCAGAGGTGCTCCGCCTAACGTATCTGTTCATAATACACTCTGGTACACTGAGTAGTCGCCGTTTACGTCCAAATATGATTCATGGGCGAATCACGGTTCAGATTCTTACCTTTAATATCTACTAGCTCCCATCCTCATGCGAGCACGGCTACAAAATCAAGTTCCTAAACCGATACTGCCAAATTTACTCGTTCTTACCATGCTCGTCATTAAAGTTTCGCCTATCTTTCACAAATGCTGCGGGACACCACCAGGAGAGAGGTGGGCGCATCGTATTCTGTTCCGGGCTCGCCCGCCTCGCCTAGAGGGGATTTCGGTAA,1270,50.94,Arabidopsis thaliana
SEQ_911878,ACGAGTTCATAACGGCTTCTCCGCCAGCCCTGCGCTGAGACATCAACCCATTGGGCCGCAGCGACTGTTAAATTCGTATATTAAGTATATACCTCATCACGTTGCGGGACTAAGGTCCACGTGAAATCTATCTAATAAAAAACCTACAGTTTAGCTCTATAATGTTTCCGGTTTGGCTGAACGATAGTCGTAGGTACCGTCCAGTGTTCAGGGCGCATATCTACTAAAAGATGTTGAAGTGGTGCCTTTGGGCGGATCGCGTCCGTTAAGCCGTCAGAAGTCAGTAAATGTGTAGGGGTCCTGTGACAACTCTCTGCTGGCGCCAAATCTCTCAAAAGGGCTCGGGTGGTCCGGCAAGACTTCTGCTATATAACAGCTCATTCGCAGGCAACGCCCCGTAGGTATGTGACGCAGAGGGAGCATTTAGCTTCATAGATGTACTCCGTACTATAAATCTTGTCAACTACAAACGAACCTCAACTCAACCTATCAGAACAAACACATGTCTAATGTTAGCTCACACACGAAGTGAACGCTCGATGCAAGAAGTATCAACGTACGATTACAGGCTACGCGTTCAGCTACAGTCGTGTGGCGTAAATTTTGTTTGGGCTACGTTCACAGAATCGCCAAACCTGGCTTAAAGGGCACAGTAACAGAACCTCGGTC,669,47.53,Mus musculus
SEQ_226191,GTCCGTGGACACCAGATCGTCCAGTATCCGGATCCACCCTTTTGCCATTATGTGCAGCACTTAACTCTATCGATTTAAGCGGCTCCAGTAAATATTCTAGAACAAATTTTGTATCTGTAGAGTTCGGATGGCTTCCTTAACCTATCGGGTTAGTCAATTACACGGCTGGCCCGTAAGCCAACCCCACCTTTACTGGCCATCACAATCGTTCGGGTGGCGCTTCATCGGCTTCAGCTTGGTCACCTGCCTTTGATCATGTATTCGGCTTTACGCCTGGCGAAACATACTGGGTGCTCAGCCCTTAATACTCTCCCAAGTTCTCTCTACGGCTCATGCGCAGCTGGTCACCAATACTCGCATTTTCGAGACCGTATGACACCGGGTCACGCTTGAGGTACGAGCGACCCGCATCGGATTTCCATCGTTTGGCATCAACTTATGCCGTTCGCAGATGGATACTAGATACACCTCTCTTTTGATGATGACGCCATTTTCGCCCGACGTCCCCTCTACGGCGAAATGCTGATCGTATAGCGGACTCGCGCTTAGATATCACCAGCGCGTAAATCTCAAATAGGGATGGTTCACTTTTGGGGCTGCTGCATGATCTATGAGCATCTATTTCGTGCACGACGCCTTAATGCGTAGGCCATATCAGTTGCGGCCGGGTTTGTTTCGGTTCAGGGTCATTGCATGGACAGGGCCCGGCTAATTATAGGTACATGAAATTCCAAGCATGGGGACTGCGCATTAGGTGGTAGCTCAGGACCGCCGTTGGTCGTGCGCCGTTGATAAGCGGAAGGGACAAA,809,51.05,Saccharomyces cerevisiae
SEQ_402350,TAGAATGACGGGAACCACCCAGCGTGAGGATATGTTTATCATACACGTACATTACAAAGGTCCCAAGAGCTTCACTCTATTTGTCATCCCCTAATACCATCAGCTTGTGCTTTTAGTCAAGTTAGCTCGGGATCCACTGAATAACAATACTCAGCGCGAAGACCGTCGTGGCCCACCCTCCCTGCGCGACTGATCCAATCATGTCTATATCATTTTTGTACGGTTCCGACCCACAAGTCGCATATGTTAACTCTGTGGCAGAAAGCTGGCCTTCGCATTTTGGGATCTGCGACTGTGGCACTT,303,47.85,Caenorhabditis elegans
SEQ_337513,CCTTTATCATAATCGGCCAACTAAAAACTTAAGATTAGTTTACAGACCCCATCAATTTACGTTATCCGATAAACACAGGACACTGAGACTGGTAGAAAGCCGCAATTTACGTCGGTACATCTACCTTTTCTGAGGTCACGGAAACGGATGTCCTATTCGGACCCATAGCGTAAGTAATCATATTTACAAGTATGCCCTTCGTCATCTAACGCCAAATCGCGCAACTGAGTACGTAATTCGGATATCGTCGAGACCGCTTCCGAAAAAGCCTTCAATATTTGTAAGGCGCCTGTATTCTGCCGAACGAGCGTTCGCAGAGCAGGTACTGACCGTTGGCCACCAGCGTCGAACGCTATATATTATTTCTGTATGTACTCGCCGCCGCGTGTAAAGGAGTTAAGTTCAAATGTGGACTTTGCGAGCCTCATGCTGACTTGGGGCACTTTTTGGCGACATGCTAGGAGAAACAGTCGTACGACCAATCGTGTTCAAAAATTTGCTCACGCATTTGTGCGGGAACAAACGGGTTGAAGTGAGCAACTATGATATCGAGTGTGGTTTACTTTGGCGTTTGAATCTTATCGTAGGCCAGAGGTCCAATCAACCCAGCACCAGTTACATGGCGAAGCGATCTTCACGTCATAGCCGTTATGAGGCCCCTTACGGGAATCACCGTAGAACACAGTGGAACCGCGGGGGCCGCTGATGTTTGGATTGGTGGGGGACAACCCTGGTGTGTAACTCTACACGCGATGCATCCCGGATTGCAAATTGCCCGTTGCCAATATCCGGATCCTCGGGGGAAACTAGAGCCTCGGCCCAAGAGTAAGTCATCCCACAGGTTAGACATGATAACCGTTTGAGATCATTAACCTTTTGGCTCGTTGAACACAGAGATGCAGAGGGTTAGAACTTCCAATAGAGGCGGGGAGTATGAAGCCTCCTTACGTCCAGCCTAGTGGGTGCCGAGCTACAACATAGAAGTGGCCTGCGATGCGGCTCATTCCAGCGCGATTTAACTAGAGTCCAAACATCTGTGACGAAATCTTTCCTAACGTATACGGAACGGGCGTGCGGGGAATCCGTATACCCCCTAGGACATAGACTCGTGGATTTACTTGTGTCCACGTCTCCGACAATTGCGGATAATCCATGTGAGTAAG,1163,48.75,Caenorhabditis elegans
SEQ_892685,CATTTAAGACAGGCTGAATAGTCCCACTCGAAGGCAGGTAGACCCCGATGAAAAAGCCTAGTACTCTCAATTACCCATGTTTTAAATATTAGCATAGCGCGCAACCTTTATGGCGCAGCGCGTTAAACTTTGCGATTATCGGAATAATTAAC,152,42.76,Homo sapiens
SEQ_101347,TAGGTGATATCGATACTTCCCTTCGGATGCCTTAGTTTCTGTCAACACTGCGGGCGCCGGATAACGTGAAGCCGTACGTGTGTAGCTAGCAGTAATGACGGACGGAACAGTGCACATCCTGACCCTATGGACGACATACACAGGCGTCATGTATGAGAATGCATGCAACTGTGACTTGTTCTGCTTAATGCCATTACGCGTTAGTCTGTAATGGTCGCGGTGAAGACAATATCCGCCGATAACCCAGTTGACCCCGGGCGTACTTCGGTAGATGGCTTGATCAATTCACGCGGCACCGTGTGAACAATTTTGCTGTTGTACACCGAGAGTGCCGTCGAACAGTGTGAGAGGCATTTGTCTATACTTCTGGAGCGGTGACGCTGTAAGACCAGACTCTGCCCGGTTCCGACCGATCCCAGGCCCACTGCATTAGCTAGAGAAGCAGTGAAGGGCTAATTGTCAGAATTATATCCACGGTAGCCTCCAGTCCTGGGAAATCGAATATCATACTAGTTCCAATATAACCTTGTCTCGGTTTCGGTGGACCACTACTTCTCGTGGAGTTTGAATTAGCGTGTGTGGGCTTCCCATATACAGTCGTCCTAGTTAATACGAGGAAGGTAAACATCCACAGAGGTGCTAAGGCGTCTTGGGATGGCGTCAATTAGCCAAAACGGTCGTATGGAGGCATGAC,694,50.0,Drosophila melanogaster
SEQ_956201,TCGTCTTACAGTCAGTAGGGGTGATCTGTATTTACACCGATAAGATGCTTACAAAGAGTAACCGGAGTCCCGTCTGTTCCATGCACTGGTCGGCCTTCACCGTCGATGCCACAACGGCCTTTCTTTAATATGAATGTTGAGCACAAAATATAGGTAATGACCGCGCGTTGTGTCCTGTTACATGCACAAGAAACCGGATGATTTCCTATTCCGAATACAGATCTCAAAGATATCTTATAAACAGCAAGTGCTCGAGGGCTGAGATAAATACAGTACCAT,279,44.09,Arabidopsis thaliana
SEQ_322981,GGGTTGTAGGACACACGCCGTGCAGAGAGTCTTGTAGAGGCGGAACAGTTAAGCGCACTAGATTGTAAGAAGTCGGTGTCGTTCCATGTCAAGTCCTTATACCGCGAAATACCGGCTTATGACGCCATAACAGAACAGTGAATTTATGCACCCTAACAGCGATGCCTCCCCGCCCCTATATGTGTAGACCCTCAGAGAATTGCTATCAACATACATATATGGGTAAAAGTCTCTGCGTGCGGGGCCCAGATAGAGTTTTCTGACTCGTCTGAAACTTATCGTCTGAGGCTGCCGGATCATTGACACCGAGTCGGCTGCCTGATTAAAGCCCCATCGAGCAAGGTCAGAAGCTCGTGCTGGCTTTACGTCAAGCCCCTCCATCCACGATGGGAAGACCTATGCTATAACCTGGGAAAATTCCCCAGTAGCGTATGACAGGCCCATTAGGTCTAGAGTTCAGGCCGGATCGATGGCCGGGGTCTTATCCCGTGACTCGAGTGCCACCGTTAGTAGTAGCTGAACTCTGGCACATTCTGGTATACGCAGAGTTGTTTGGGGATAATATTGGAGTCCAGGCTAGCATACGCTTTACGACTCCAGGCAAACGAGGAGCGCTATGATGAGCCTCAGCGTCGTGTGTCGGTCGAAGTCTATAGGACGTCTCAAACCACCAGGCTCTGAAAGGGTTATATTGATGAACCACATGCAAGACATTACGTCTCTAGCGAACGCATGGACGCTAAGTGAATAACGCCTACCTGAGATGATCTTGCAGGCTGTATTCAACATTTGGGTGAAACGCCTGCTTTCCGACGGGCAAGAGGTGGGACTCGCCCAGGAGGAATGGTGCACGCGGTAATCTCCCTGGCCAAGCGCCTGAAGTTAGGGAAACATTTTCAGGGGGTGAAACCAATTACGTAGGCCTGCCCGTACAAAGAGCAGCTGAGGTAGGTTAGCGTGGGGCTTCTGTGCGGCCCTATCACCTGAGCTGGCTCGGATGGCCAATCATGCCCCTCCTCGTGTAGCTCAGTCAGGGAATGCCCTTTTTTGCGTGCCGATTTAGGCGATTAAAATTCCCTCGAGATCTTGTCGTGCGAGGGGATGCCCAATTACCGGTTGCATGAGATCTCCACATTGTTTCCGAGGGCGGACAGCTCCTACGCCCCAATCACCCGCGCGAGACGTTGACCGCACATTGGGCGTGATTGCACAGTATGCCGGGGACCAAGCTGAATATTTCATATACGGAATCTCATAACTACCGCCAATACCGATCGGTTTGTCCACAC,1289,52.37,Homo sapiens
SEQ_206003,TGAGGCCCTACGTCAAGCGCGGAGCGCCAGGACGAGGCCATGCACTGATCACAAATCACGATATCCG,67,59.7,Mus musculus
SEQ_664067,GATAACGGCAAATTAGAGCGGCCTAGTGGCGACTGGGAGTATCGTGCTTGTGTTGCGCTAACTCAACTCCGGTAGACTACTATGATAGCCCGTTTAGCACAATCTATCACAAAGCCTGTCTAGAAAACAATGGCACAGGCGGGAAGCATGAGGTGTCTGCGACACGGTACAGATTGGGGGCATATGGCAGGTCAAATACATAGCCAAGGTTGATGCGGATGCGCAGCAATGGTGTACAGATTTTTGCATAACGGCGGTTCCAGAGACCCCCAATTACCTAACTTCGTAGAGTTGATTACGCTCATCCACACCTATTTAACAGGATTGATAGTGGCGGGGTCATAAGTGTAACATGGACAATCGCCAAGAAAGCCCCAGAAGAGACCTGGGAGTTGATTGTTCTACCAACCCGCGCCCTTCGACTATCCACGGCGTCCGACACTGTTTACACGTTTAAAGAGCTAGGGCTGTTGCCACACCGGAGACGGCTCCGTGGCCCAGAGATGCTGGATTGACGTTAATCTTGCAGGGCCGTACTATGATGTGTTCGTGTAGCTTGCTTTAATCACCGTACCAGTTTAATGTTAGTCAAACGTAGGCCTCCAGTAACGAGTCTAAGCGTTCAGCGCCTGCCTCATCAATGTTATTTCGCACAGTATTTTTATCGTCCAATCAGGCTCCTTGAGACGGGGGGGATCTATACGTCGTAAAAATTACCCTCGGGCCAAGTAGCAACCACTGCGATCTTAGGTATATCGGGAACACATGTAAGAGTTAAGCGTTTGCACTGGCCCGCTTATCTCGAATGTGTTCTTGGCCGGGGCCCCTCTGCGTCTGGAGTTGAGTTCAAATGCGCATGCGGGGAACTCACTTGGCGAAGGATTGATTACATTACCTAACAAGTTTCAGCTCGTCGGATTAAGTTGGTCCGATCCAGATTAATTATGCAGACGGGATAAAGAGTTATTCCGCGCCCATCGGGCACCTGGTAGACATCAAAGCCGGAAGACGGTAATGAGACCTAGTGTGGGAATCTTCAAAACGACCCGTAATCAACATACACACTTAGAATATCTTCGCGAGGATGCGTGGATCTGGGAACGTGGTGCCAATTAACGATCCAAAGTGTGCCATGACCCGTAAGAAGGAGGGAGGTGGGAGGGGTCGTCATACATGCTTCCAAGGACCGGAAAACATGTGAGTAGTCTAGCTGAAGTCTCAAGGGTTCGCCGAAAATTATCGGATTAGTCTGGGCGGGACCTTATATCACATGTAATGCGAGTAACTCATGGTTTCTACCCCTTCACGCCGTGTGGCGCGGCGAAGGTGGTATTTGCTGCGCGTGGGTGTGTATTGATGCTTTGCCATGATCTGGCCGATGCCTGGTTTTTAGCTTGACACACGTCCAGCTCACTTACGCACTGGAAACGCGATGTTGTCGCTTGCACGTGAATAGAGGCATGGGGCCACCTAACCCCTTACATGATCGTCCGGGGA,1497,50.23,Drosophila melanogaster
SEQ_496789,GGTTCATATATTAGGTGTAATGTATTCTCGCTGTGCCAAGAGTGGATATAGTCTGTAGTCACAGTGATTAAATACGTTCGGGAATTGAGACACATAAGATGGCTGAATCAGTTGATCGTCCTCAGAGCGTGCACCACGAAGTCAATACGCTTCAATAAGTGTATGCCAAGTGTATTAATGGTACTGGTCAACGTGACGTAGGACCATAAATAATCCAGGGCTCTGAGGCTCTAGCAGTGGTAATGAAAGTTGTCACGATAGGGTGCCCATTGCAATCTCTGCCCACTGACGATATCATGGGCCGGGCCACATCCTAATAGGATTAGAACGCAACGCCCCAAGCGAATGTAAAGCACCGTGGGATGGTGCGTGCTAGTGTGTTGAGTTTCCTAGCTTGCTGAATACTACCCGGCCAAGGAGCGACCGGTAATAACAATAACCAGGATTCAATACAAATACAGGCCTAAGCTTCCTATCTCATTGTCCGCGTGTGAGTGAAGGTCGTCACGTCAAACTTGGAATAGTGGCCGGCCCACTATGGCTGTTTATCTGGAGGGAGACCGAAATGGCCCTATTTCTTGG,582,47.42,Saccharomyces cerevisiae
SEQ_555751,GGCATTAGCGGTTTGGGGCTGCTTATTCGTATACGGGTCATCCTCAGAGAGTAGGAGCCGTTCGGCTTCGCTGCCCCGCCACGCCCCGAAGGTCGCGCAGACTTAGTCGAGGTTAAACACCGACATTTGCAACCAGCCTTCTCTAACCTTCACCGTCAGTCCATGGGCTGCCATACCGTGGGCATTTTGGATTGAAAAGCGGGAATGGCCGGCTACGCACCGAGATCTGGACCATTGCCTATCTTTCCAAGATAGCGAGGTCAATACAAGGCTCTACATAAACAAAGAAGGCCAGATTTGCAAACGCTACCCTATGGTATAGTCCACCATTATCGTACAGTTTCAACCGATTTAATGGATAGGACACCCTAGTCCGTTTGATGGCGACGACCACAGCACGTGGATCCTCGCGGAAGGGTACGGATATGTTTTACTCTCAGGCTTCCGTTCCAAAACGGCTGAATGCGTGTCCATACTTACCAGCTTCCTGTCGAAGCCCTTCATACGAACTAAGACGGGAGCAACCACCCCACCGCGGATCTTTAGCAGGTTGTTTACTATCTGGACGGATATACAAATTAGCTGATAATTCTCAGGAATGCGTACGTAAGAGGATGAGGACGGATTTAACTCGTCACTACGCACCCGAAGTTGTAAACAGGGTGCAAACCTCCACAACCGGGGGTCCTACAGCCGCTATTGCAAATTGACAAGCTAGGTAGGTTGGGAATGTTCGACGCCGGGCCGATCGCTTGTGCCGGCCGAGGCTTTAATTTGCAAACCGAGAAACGTGACCGTCGTGAGAGGATTAAAGTCGAATCGTTGACGGACGATACGCAAGTGGATGACGCAATATTTTTCGCTTGCAGGTTGGCTCTTTGGAGGCATTAATCTTAGTGCGTCTGCAAGGTTGCTTTTGGCTACCGAGGTCCGACTAATCGCAGAATAACAGTGCAGAAGCGGAGAGATCTCGACAATCGCGCGTTCAGGGCCGAAAAGTTAACCACCCAGACGGAATCTAGCTTTGCCTGCCACGTAACGGGCTATGGTTACCTCA,1057,51.28,Homo sapiens
SEQ_669437,TGCATCTGTCATGCCCATGCCCATCCGTATAATCCCCCATTCGCTTTCCGGTAAGTTCGGGTTTTGGAGTCATCATTAGCCCAAGGGGAACATCAGGCAGTTCTGACCAGTCCTACGAACTTGGTTTTTAGGCCAACAAGTGTGTTTTAGTGCCTCGATTCTAGGAGGATGCTTCCGGGAGTGTACTCAGACGGGTGGAACATGCAAGCTATGCGTTCGGTCACGGAATACGCGAGGCCAAACTCGGGACGAGATTACACTTCCAATATCGTGCAATGAGGTAAAT,286,50.0,Caenorhabditis elegans
SEQ_401582,ACCAAATTTAAGGAAGTTGCACCGCCCACGATGCCAAGAGAGGAATCATCAGCTATAGAGCATGTTTCTATGATACGAGGTAGGTAGCACTGGTCTAGCATATTCTTTCTCCAATTGATAATCTCCTGGCTATAAACACCTCCAGGAGAGGCTTGTGACACGTCTTGAATGGGAATAAAACGGCTTGTGCGGGCGACAAGGACGATGACTTTCGAGCAGGCCGCGAAGCGTGATTAGGGCTTTGCACACATTCCGCTCCGGGATCAAAGCCCTCTCGCACCAGTGTGGTTGTTGGTAGTAATGATAAATTATTGATCATCTGGGGGAGCCATCAGGCATGCTACTAGGCATTACTCGCAAAGAGGGGCTGAGGGGGGGAGTGCTCTTGCTCGTGTACACGGTACAGAAAGTCCTACACGTTTCCTAGGCGAACGAAATTTCACCTATTTCTCTTGTTCGAGCTCCGAAAACATTGAGGGTGCTGCGTACCGAGGGATAAGCAGACCGGTGCACCCGCTTAAGGAGCAGTATTGACAACGGGGTGGATTAGTGTCGAGCCTATAGCACCATGGCCTTAGAGTATTCACACTACGCGACTGACACAGGGAGAGTAGGGCCGCGTCCAACTGCGTTCACGATACTACTTAGCCATAATCGAGACGGATGATTCGCGCCGCCTGCCTAGACCCAAAATTCGAGTTATCGTCAACGAAGTCAGAACGGCAGCGCATGTAACTATGTACTCCCACTATTACACACACGCTCAACCGCTTCCTCTCTTTTGGATATCAGGCGCACCTTGGCACTGGTGTGTCAAATCATACACCCTCTAACTTGGTGCGAGAGATCCCTGAATTCAGTACTTGAAGTAATATCGATCCTGGACTATCTACAGTCTGCCGCATCCGTCGGCTTGCCCAAAGGCCAAATCTGGAAGCTGCCTTCTCAGCGCCGGAGTCTTTACCCCAAGGCTACATAGACGCCTTCCTTGGGATTTCGTCCAAGCCCCCGGGCGCAGCGTCGTGCTAAGTACTCCTCGAACCTCTCATCTCGCGCTGGGATCCCGTAACACAGAAGTTTCGCGTCGGGATATGCGCATAGAAGTATGTCCATATGCATGCAAACGGGTGGCGTTACCGTCACGCCCATGCGTCAATGCACCGCTGTTACGTCAGTAAATGGGCGTGTACAAGGTTATCTCATGTACTAGCACTGCCAGCACTCTTTAGTCCTCGTCATACATTCTATTCGCGTTTTAACAGATCATCAGACGCGCGTGGCATATGGCTCAAGACTAGCTTCCCGTCGTTCTATATCATTGGCCAACAATCGATCTGTCCACGTATTCCCCTGGGAGTTGCGTTAAGTTTGGTCCACTTAATAAGGCAAACCGGGACAACTCATCCGGCAAACCTCATGTCACTTGGTCAGCAGGCCGGTTACGTCTCAACTGGACTTTAGATGTAGAACGAAATATAGTAGTCATTGTTCTTCTAACTCGCCCGTAACGTGTTAACCCTAGCCCGTCTACAGTTTGTTTGTCATAAGGGCATTACCAAAGGGGGCCCCGGTATCGATTCGCAAGATGATAGCTGCAAAAGAAGGACGCGGTGGTGCGCCTAGAGATTGCATCCTAAAATCATATCCAGACTGTCCGTACCGTCGTGCTAAATTTTCGGAAATGCTAGCATAAGTAGATTTCTTTAAAAATGGTCCGCGTATATAACCCTTATCCCTGGCTGACGACCAAAGAAGTGGGCTAAGATTCCCGGATCGTATTCGAAGGCGAAAGGGTCCGGCTTCGACAGCTTCATACTCGTTTCCTTCGGCGCTGTAGCACTGTCAAACAGTAGAGTCTAGCTCGGCTCAATTATTTTAACCCCGTCTTCGACAAAGCCATCAATTAAATAATACGTTAAGAAGCCACACTGGCCAATAGCTGAGTTCTAGTAGATGGCCAGA,1962,49.64,Arabidopsis thaliana
SEQ_472804,GCTTGGTCGGGGTCACTATCGGGGGGAGAAGACAGACGTTCTTCTTTCAAGGTGGCGCCGGTATTGGCGGTCGGCGTGCTTTTGCTGCAAAGGCTACTATAACAATTTTCGATGTAGAGGTTTCCCCGCAACCCGATGTCCTTTGCTGCCCATCCAGCCGTCATCGGTCTCGTTTAGTACCGCTCTACGAAATAATCAAGCAGTGCCAATCACTATCCGGCCCCCTTAATCGAGTACGGGGTAAACTGGCAATTCTTTCTAAGAGAGTGAACCTGACCCAGTGCAACAAGCTCGGCCAAAGGTTGACCTGTCACATCCGAAGGTAGTGGACTGGAACAAGTTCATCAATAATGGCACTCTCTTGTCACCTCGGCACGCCGGGTAGTCCCCCTCCAAAGAAAATTATTCTATTTGAGCACTTCGTCGTAGTGAGGTAATCTTTCATCTAAGCGTCATTCAACGAGTATCAAGCGGTGGGGTTCTTAATGTCGGGTAGACGGGTTAGGTTCATATATTCCATCCAGCATAGCGGTACCCTATTATAGTGAATGCGAGTCTCTAGTCCTCGCCAAAGTTACTCGAACCTTGCACGCAGATCCGTCATCTTTTATCAGATGTTTGCGCCTAAGGGAAGATATTCACTGTAGTCCACTCCAAAAGAGGTTCCATATTTGCCGTTTTACTTGGGGATTTGGACCTCCATTGATATATAGAGTAGTACATTGGGCTTTTAATGACCGCGTTCAGGGCGGGAGCCAGCCCTCCCACTAATATTAAAACTTTTCGTCAGACTGTCGTGGCAAAAGTAAAATCTCGACAAGAACATGCATTAGACTTTCATTGGTTGCGTGAGGCGTCACCCTGGGACTTGACGAGTAACCATCGCAATTTCTGAAGACCGAATGCGGCAGAGGTCCAGAGAGCAGTTAGGCGCTCTAGACAACGTCTGTAAAACTATGGGATGTCAAATACAGAGAACCGTTTTCTAAAATCGGTTAGCACTCTTTATGGATATCAGAGGGCGTCGTAGGTATCTAAAATTAGGCACAGTCATATGCATTGGGACTACGATAATATTGCCTTGACTAGACGTATCACACTACTCTTGATAATAACGCGACCAGTAGGTAACGATACATGCTGACGCACAGGGTACATTTTGGATGCGGCTCACTGCCCGCCGCGCTCTTATGACAATATCGAGACTTTACGCGTTCTACATCGTCCCTGGTAATAGTCTTTGGTTGTCGAAGCCATCATAATGCTGCCCACGGATCTCTAGGAGCTGAGCGATCGTGCTAAAAACGAAGTGTCGTCTGCCATCAACACAGCCGTGATCCGTCTTGCTTAAGATCTCCCGCATAGTATGCCCCTTAACCAGTACGATTTGGCAAGCAGACCCAGCGTGAGGGCAGATGAGTCACATTCCAACGCAGTGCGGAATATTTCTCGGGGCGGTAGGAGGAAACAAGGCTGCCAACGGAATAGATAGCTTCGCGGAACTTATGCGTAAGCTAAGGTTTACCCGTCAGGAGCGTTGTTGGTGTTAGTGTATAGCGTCAAGAAACTAAAAGGTATGGTGTCTTTAAATACGTTCCGACTCGCACA,1608,47.95,Escherichia coli
SEQ_308129,ATAATGCGACCACACACACACGCTAACTATCCGTCCCTGTATTTTCTAGGTTTTTACACATTCGGAGATAAGGATTGTGGGAACTCCCTCGAATAGGCTCAGAAGCAACCAGAACTGCGAAGTGGACTTGAACCTGGCCTTCTCCGGGTGAGTAACCCTTACAGCTGGGACTCTCGAGTCATGACGGTGTAGTATGAACGTGCACCTGGTCTTATGCGTTTCCGCATATAGTCGACAACTTCTACACCGCGTTTACAACGACGGGCCTAGGGATAGCTTACGATAATACACTTCCAAGCCGATGGATGGCGGTCGGTATTGCTATAGCCTCCATGCACGATCAGCACGGTTGTATGCACATACATCTCGTTGTCGGCGTAGTAGAGTAGGAGTGAAGGCATCTCGCGTTTGCCGTAAGCAGCGAGAATGTTTCTTCTGCGAGATCTTCCAGATCCACCTTGTTTTGGGGCGCGCATTAGTTACGGATGTGGGTTTCTCTGGAGCCGGATGCGAACGCTTTTGAAGCCGGGAGAAGAAGCAGGTCGTCTGACTGGCGCCCGCACCCGACCATGCAATCGTAACCCGGTCTGGACAAGGCGACAATACTTAGTCATTGTATAATATTCTTTTTCATCGTATGGGTAACCACAAGATGACCTCTATCGTCTAGCTGAGTTGGGTAAAGTCCACGATTCGCCAAGGGCCGAGAAGGAGCTAACGAATAAACGAAAGCTTCCGGCGTTGTACAGATGCCTCCCCCCAGTGCTCGCCGATAGACACAGGCACAAAGTGGTGCCAAATGGCTGCGCTGGTCCCAGCCGTGAAGATGAACAAATGCACTTTGTCAGATCAAAATAGGCATACTCGAGTTAAACTATAGACTATAAGGGGCTGATTTCTAACGCTGTCCCAGGGTTAGTAATGTTGGTACACAAACCCCAGACGTGCTAATGCGTTCAAGTACCATCTCAGGATTCGACAACTAAATGTGCGAGTCGAAAAGTAGTGCGGTCAGACGATTTCAGCGTTTACATCGGATTCCTCATGTATACATATCGTCTAGCACAAAGCAGCCAAGCACACAGTTTGGACGGGGTCATGGTCACAGAAGAACCTCAAAGGGGAGAGTCTGATGTCGTCTATACCAAAAGGGTGATTTTTTCTTGGACCACGTTCTGCAATGTAATGACTTCCTAGTGCTATTTATCTTATCCAGATGCTCTACTAAAGCTGACAACCCGCTTGTCAAGCAACGGTCCCTTCAGTCACATCTGTGACGGAGCTACCGGAGCGAACAGGAACGGTTGCCGCCTTGCTGTCAGCTCAGGCTGTTGAGAAAGGAGGTCCCATTAGATGATGGGACTACACCGACACGGGCCGCTTCCTCACGGCACTTCGTCG,1401,49.89,Drosophila melanogaster
SEQ_337330,AAGGAGCGACCCACAACACGGTGCATGGAAGCGCAGTATATTGGAAAGCGGAATTTTAAGCAATACAGACTTATAGCTAGGGAGCCTCTAGGCACACGACCGGCGCTCGTAGTTCGAAATTGTCCTCCGTCGGTGTGGACAAAGACAAAAATCTAAATTGTCGCACAAGCGAAGCACTAATGGTCCTCGTGACTGGTTCTGTCTTAAATTGGAATCGCACGAAAATTACCCCAGAACAGAATCGACAAACCGGGCACTAGGATTGGTGCGCAGGATAAACCCTAATCGAGGTCTTCATGAGTCGGGGGCATTGTTCCCTTATTTCTGAGGTTGGGAATTCACGTAGCTGTGGGCTCTTGTAAATGAGTAACTGTTGACCCGCGTGGTGCCCGAGGTATTGGCTAAAAGCGTACGATGGGCGGTGCGCTCCATCTGGCACCCACTACCGACGCATTGATCCAGAACCAGCAACATTACCGGGAGACAATATATGTGGCCCAAGAGGCTTGCAAAACTATGAGGGGCGAGGATAACCCTCAAAAGGAACAGCTCTCGCCTGGTAACATACAACGATTGTTTAACATCATGGGACATCGTTACAACCATGATGGTGCAACTTGGCTCCGCGGCCCAAGTTCGCTAGGCAGACCTCGTGACAGTCCCGAGTCTCCTCTATTCGATTATCCACAGCGTCTGGCCGCTTATTCGATTAAGGAACCCCGCGCAGGGCCCCCTAGTGGAATATGGCTCAGGCAGGACCCAGAAGCGACTACTGAAGGATGAGCTTAGATCGCGCCCGAGACCTCGGAGGCCGTAACAGGTGACGACTTAGAGATTTTGAGGGCCGTCCGAGTTATTGTTATGTGTGGCTAGGAACAATGAGGGCACCGGACTATTCCAATTCGAACGCACCGGCATTCGGATTGCATATGATTGTGTCTTTCGCATCATGCATTCGTACGCTAGTTTCCTCTCCCCTGGTAGATGGAGCTCGTTGACTACGCGTCTGTTAGGTAAATAGCAGAGTCACGTTATGGAACATTCGAGTAATAACTTGTACTTGTATTGTTAGATATATAGGCCACTGCTGGGTACTACCACAGAATGGATGAATGCCATCAGTTTTGCCGGTAATTGCAGAGACGAAATCCTATAACTGGCCTACGTGCAAGAGCGGCGTTGCCGTCAGATTGACGTTCCGAAGGGAATGCAGCAGTTTCGTGACTACGCCACAATTCTCCTTTCGCCCTTGAACCATCTGGCTGTAGGTTAAGTAGAACGAGTAGTCTTCTCGTAGCCAAGACGCTCGTTGGCCGGTCAACCATTCGTGCCTTGGGAAGCTATCGATGCAGTAACTCCTAATGACGAGTACAGTCTATAAAATTTTAAAGTCACGCGACCATGCTTTGACTGGAGTTGGTTCTCGGCGGACACCCAGGGCCAAAGGTTAGTTAGCCGCGTACTCCTTTGCCCTGGTCTGGGCCTGTTTTCCATCGATTAGCTTCACACGATGACTTAAGTGTCTCCGTTGCAATTTGTTTAGTGACGCTCACATGATACTTGAAGACAGGCTGGTAAAATATTGAACGGCATTTAGAGGGCCCCACGCGGT,1612,50.0,Homo sapiens
SEQ_597027,TGTCTATCGCTACCTTAAGGTTCGATTTATAGTTGTCATCCCTTGACCAGCCTGGTCTAGATCGCAGACCTCTTCCCCTGGTCCCCTACATTGTGCTACAGGGAAATCATTTTTCCTTACACGGGAATAATGTATCCAGTGTGCGGGTCCGTGTGACGTTTGCTCTCGAACGCATCATTTCGAGAAATGACAGAGCACTTTACATACAGATCGGGATAGCCACGTATAACTATTCTAAGGTATTTTACATGGATCAGAGCACCAACGTTATCCCTAAAGGGGGCAACTATCAAGCATCTGTGACTGACGCTAGTGTACCCACAGGGCTCGGGCGACTAGGTCCTTACGCCACTTATTTAGTATGAGTGAGATGAATCCTTCTACGTTGACAAGA,394,46.45,Caenorhabditis elegans
SEQ_422693,GGCTCAGCGGCTTTTGAGCCATCACAAATTGAAGTTCCTCCATGCGAGTATTTGGTCCACGATACCCGGCCAGTTTTGATGGGATT,86,50.0,Drosophila melanogaster
SEQ_970635,TATCGAACTCTACTCCCACTAGAGAACACTGACCGATCCCTTGACCTACGCTCCCTACGTCTATAGGCGTATCATAAGTCCGGCAGTCGTCAGAGCTATACTGCGGCGCAGGAGGGGCACCATACCGTTTTGGTTTGTCGAGTGAACATGGTAGATTGCTCGAGAGGTGCCACTTCCAAGCTTCACCCACATTAATAATGGGACCGAACCAAAAAACTGCTACTAATCGTGAACCCTGCCTTCACCTTATATTGTACCAGGGGATTTGAA,270,49.26,Caenorhabditis elegans
SEQ_645770,TACCACAGTCTAAACCACATCTGTGTGGCACGTCTGTAGCTTGCAGGACATAACTATTACT,61,44.26,Drosophila melanogaster
SEQ_878643,TTGGACGCCCCAAATCAACAGAAAGCTGTTACCCGAACATCGCAAGCAACAGTTTAACAATTGGCGAGATGTGATAACCATCAAAATGAAGAATAAGAAACGACGTAGCGTCGGTGCACCCTGGCTAGCTTCTTTCGCGCAGGCAATCGAGGTGGAGGCTGTCATGGGAATATAGTGCGCCGGTGGCATTAAGACGCCTAGTACCCATCGGGTTGAGTCACTTTGCCACGTATTACCATTGGATCGTATCCTTCGATTACCTAAATGGGGGTTTATAAAGTATTGCGAACCAGCCAGGTCGGAGTAA,307,48.21,Caenorhabditis elegans
SEQ_188018,CCTGGTGGGCTAATCACGGGAGGCCTCAGATCAACGTGACCGTCCGATAAAAATCTCACGAACTCGGCGGTATAGCGGAGTTGTACCCGGCTGGCAGCGTCCAATTGACTATACAATGTTATAGTGTACTCCTGTGCTGTGCTATAAGACCTGGGAACAACATGGGTCAACCAAATATCTGCCAATAGCGATCGATCCCTCCTCCCTCCCACAATTCCGCGCGTCCTATTCGATATCACCCGAAGTTTTGACAGATCAATAGGATACCAATTCAGACATGTCCCATTTCGGTAAACAGCATCTACCTTCAGGGGCTGCACCTAAGGGGTGAATACAACTAGCGCAGCTGTTACATCGAAGTAGGATCACTTAATCATGTCCCTTCTATGGCTACGTTCCATCTGATGCTATCCTCCTTGAGACGCAAGAATTGATACCAGCCGATCCAGGGCGAAATCACGTAATTCCCGTTGAGTAACTCTATTATTAGTGGGTATCATGATTAAAAGGTGCTCCTGGGGAAAGGGAGTCTAACCCTGATCAGCCCTGACCACAGAAATGGGGCATGCTGTTCAAAAGCTATT,584,48.12,Caenorhabditis elegans
SEQ_436332,ACGAATACAGGGGGTCTCGTGAGACTGTTTCAGGGCTTTTACGCTTTGCGTCTGTGCCACAGCGCCTTAAATCCTTTTTCACGCGGATTGATATCAGTCGCAAGTGCCAGTGTACACGTCGACGGGGACCTCATCAGTAACAACTGTAAGCGCCTGAAATCCCCCATTAACCAACCCGTTTGCCCCTGTGCAATTCGTACAAGTTGGCAGGGGAAAACGAGATCTACCACACTGGAACCTAACACCCTATGAAGTAAGAGGAGCTAATAAAGCGTAAGACAAGATGCCGTTTTACCGGTGTTCGATCTCTCCTGAAGAGTGGTATACGCCAAATGAGTGGGGACGCAGCACAAACCACAAACGCTGACTTGATTAAGTAGAATAATCGATGACGCAGCCTGTATTTGCGTTATATTGTGTTGTAGAGTACTGCAGAGGAGTGGCTGACGAACCGGAAGATGACGTCGGCCTTACGAACGCGTGCATCTCCATTTACCCTTGCAGAAGAATTTACACCCCGCTGAGCATGAGTCCTGCTAGGATGCTCCAGACGTCCAATTCAATAAGGGGCACGTTGCGTATCGTGCGGAGGCCTGTGGATAACAATACCGTCGTGCCTAGAGTGTTGAAATGGCGCAGAAAGAGGTGGCTCACAGCGGACTAATGACAGCACACG,676,50.15,Homo sapiens
SEQ_536902,CGTGTAAGTTCGCCCCGCAATGCCTAAACATTTTAGGCTAGAATAAAAGTTAGCAAGAGATGATAGCGTAACACTGCGGCATGATTCAGTA,91,42.86,Mus musculus
SEQ_330924,CATCCACCACTTCGGTTCGACTACTCGAGGTTAACAGCTCTATCCTTGCGCACACTCTCGCTTCGCCCCCAGATATGGCTGCTTAACCGGAATCCTTGAGGAAAGTCTAGCTAATTTACAGCAACGATTAATTTAATCTAAGACCGCCATGGGACTACATATGCTTTCCAGTTCACACAGAGTGTCCCCGGGCACTCTATGATCCTGGTGAGCCGCCCCAGACATGCGTATTGACTACCCAGTCTTCGGCCGCGAGAGATAGTGCTCACAACTAGAGTACGGTTTAGGACTGTATCTCCTAACTCTGAGTGTCGATGCTGACAAAGTAGGCTAAGGTGCGCAACAGTCAGTTAATTTGTCTAAAAGCGCCCACCGTTTTCCGCACATGCTCAAATGGATACCTCCTTGTACAGCCCAAGTGACTGAGCAATAGCCCCCTTGTGGCACAGAAGATCTCTTGAGAAGGGATTGTCATAGGGGATTCGAGTCTTTATGTGACTGCAAACGCCTCAGATCCAGGCCGTGTTCTACCTGCCATATTGATCACGATACAAAGCTTGATAGCTACCCTCATGTTACGATACTTAGAGTCCGTTTCCACCATCTCCTCTCGAACTGGATTGCCACACCAGAAAGCTATAAAGACCCTTGCTCCCTTAGGGTTCCCGAGTCTTTGATTTACGTCTAGCCAATTATCTAAGGTAGAGGCATCTTGGACCCATCGATTAACCCCACAGTATGTCATCATGCGACCGGTATATGGACGCTCCCATCTTCAAGACTTAACTGTAAAACAAGTTTGATAGGGGTTCGGGATCTGGCGAGCAAGTCTGGTTCACGGCGCGATACTAATTCCTCACAATGGTTTGATCACGTTTCTCTTCCTGTGCTGTGCGACGACGCTGGGGTGGCCCCCATTCCATACGCAGGATAGGTCACGGACGTGACGTCATTTCCCGAATTTCCCGGGCTTCCTGTGCAGGGAAGCGGTCGTACCTATTAAATGATTTTTACTTCAGCCAGGACACTCAAATAAGGCCTACATTTAGGCGCCACAAGCAAGGTCTACAGTTAGCCATTACGTAGAAGATGCAGCGGCCTCCCAGACATACATAAGCTTGGACATATATCCCTCCATAATAAACGCCGTAAAATAATTGCTGGCGGGTCATAGATAAATCGTCGAATGGTAAGAGTATCGGGCCCTACAGATTAGGTGCCCGACGCGGCTGATTCCCGTCCATTACACCGGGCCAGATGAGGTTTACTCTGATACGATTGGGCGACCCACACTATTTAAACTCGAAGTTAGGGGCAGCGTAGATATCCGACGCGGTATTCTTTTGACCATGAGCCAAACGAAGTCTTGAGTAACAAAGATCACTGACGATAGCTTATCACATAGCGTTAGAACTACAGAGCCTAGGCTCTTTGATTCGCCGGGTCTTAACATCCCAACTAGCAGCGTTTCGAAGTATGATGTTGAACTGCTATGCAGTTGAGTAGTTCCCTCGACAGGACTTGTAGCTTCATAGCGATGCACCACTGAAGCCCATAACTGCGGAGCTAAAAGTGTGAGCATGGGGCTTAGCAGTGACGCAATCACGACAACAGAAGGGACCCGACGTGGCAATGCCCCCATCCCGTACGGTATCATACTGACCACCGCCTAGAGTCTCTTTGGCCATGGAGATCCTCTTGCACTAAGGGGGGTACGCAACAACTGTTGACCATTAAAGTTTGTAGTAACGTTGCTGCCCATGCGCGA,1768,49.21,Mus musculus
SEQ_546285,CCCAGCGTTGAGCGGGATCCTGCCTCCCTATTTCGTCCCCCCTTCAATTGCACGAGAATTAAGGTCGAGCCGATCGCGTGG,81,59.26,Saccharomyces cerevisiae
SEQ_601780,TGATACCAATAGTACCTTACCCGCCCAGCCCTGCTAGTTGCTGACACGGGAGGCGTACTCTGCGCGGGCTTAAGTCGTTTGTTCGTCGGGTTAGGTAGGCCTCTCCTGTCAGCGAAACGCCCAGCTGCCTTTCGTACCTTAATGATGTGCCCAGCCGGCGAAATGCGATCTCAACAATGTCCACCCAAGTATATTAAAATCGTGCGGAGGGCCACGTTCGTCCCAAATGCCAGATGCTACACTCAAAAACGTTACACTCATAGGTTTCATTCTCCAGTACACACCTTTTAGCTGATCTCCCCTCTCCGAACCATTTTTGTAGCTTAGGTCGTCTCTCAACTCCAACCGCTCTATGAGAAGGCGGGTAGTTTGCATGCGCAGACCCCCCCATTGATCCTCCAAGCAACCCGAACTTTGACAGGCACCCTGACTATTCTCCAGAACTACGGCCGTACTAGCATAGCTGTGAATTGGCATATTCAATGGTAGGCTCATCAGTAATGGTAAAGAAGATAGAACTAGGTTCTCGTGGTCCAAAGGTCGCTTGTACGATAGCCCGGCGCCCCTACGTACTTCTGTAGACCACGGTCGTAGAAGGTCGTTAGAACAGAGACGCGAGCTATGCCCTAGTGCAGGAGGTATTTCCGTAGCAGTACTGGGGACTACGCCTCCCAAACAAAAACTTCCTGCCCAGACCTAATGAGTTCTATGCGAGGCTGATGGTCGGCATTCACCAAACAATGATGCGGGCGGGTGGAAAGGGGATGCGGACTCGATCCACATATAGCTAGCTTCCGCCGGCTCGAAAAAGTACCTGTGCAACACAATCAACGGTGCATCGGCTCTCAACCCCGTAACTGACATTACGCCCATAAGTGCTTGGCTGTGCATAGCCTAGTTTCCGGGGTTCTTACGATACGGGTCTATGGCTAGCGAACAACACTTAGATTCAAAGCGGTCCTCGCCGACGTGCCTGAACGACCTACACTGCGAAAGAATCTTCTTAGCTAGATCGATCAGACGCCGTATCACGAGCACCTGACCCCCCGGTTTCATTAGGTAGACCTGCAGCATCTGTGCCTCCGTGAGGGGGGAAGTGGCAGTGAGACTAAGGAGCTGATATGGCTGGCGCATAAATGCAGTTTTACGCGCAATGCGAAGGCCAATTGCCCTGGGGGACTTTTGTAAAAAAAGTGATAACCTGTCGAGATAATTGGTTATAGGGCTCGTATACATAATATCCTGCGTTGCAACGTTCCGCCTCGTATTCCTCGCTTTGAAGGCTTCGACGATAATTGTCGATATACAGTCTGCAGAGAGTTTCATCAGTCGTCCCAGGTGATTGCCGACCGATTGCACAGACGCATCATTTAACATGTTAGCCTTGACATACGGAGAAGACCTCCCCAGCTTGTCACTGGAAGTCCCGCCGACGC,1436,51.46,Drosophila melanogaster
SEQ_732433,TGGATCGAAATCAGACCAGATCTAAACCCCCGATTTCTAACAGCAAGTCCTGTCCGGAAGCCAATGCTGAACTGAGGACTATAGTTAATGACACTCCTGTTGGCCCCAGCGACTATTAGAAACGGGTGGCTAATGGCATATTTACTTATTGGAGAGTGAACAATAGACTGCCGACGGTTTGACCGTCTGTAGCATTGACCTGAACCGGTATTGGCCCCCGGTATCTAAATCAAGATCGGCGCTGCCCAATTTTTAGGCCCACCTGATCATTTAGATAGACTACACCATCCTCACGACATAGCTGTTGGCCCTGCCTTAGAACGTCCGTAAATCTGGTCTGATCACACCTACCGAGCGATGGCGAAATTGTATTAAATTAACGTTTCTAACTTTTCCGCTACGGACCAACTCTCTCCTTAATCACACGGATCATATCTCAGCTATCTGATGTTGGTAGGAATCCTAGATTATGTTTGTTTACTCCTGGTCTTCCTGCTAAATTCATTGATGCGTCGCAACACTCGTCGTGAAGCTCTTCATTCAGAATTGTCTACTAAGCTATATTTACATTCGGACCAACATTTACCGCCGTCATGAAATCGGTAATTCGGGGCACGATTATCTACGCAGTTAACAGGGATTGAAACGAATAACGGACGGTAATACGAGAAATGTGATTCGGGTTAACCGCTGGGTCTTCGATAGGCGGCGGACCCCCTCACAGGCTGATAATAGATTCAGCTCCTTTTATGCGACTCTTGCGTAGCCCCGTATGGTGATTGTGGACAATAGGTACGGAAATTGTTGGTTGCGTCTTGGCCATGAGTTTCTAGCTCCTACGAGCGGAAAACATCTTTCATTGGGCTGCTGTGTTAGCGTTGCTGTTTGGTACGTGGGCCTCTCATAAGACATCCGCCTGCCTAGTATCATTCCTGCCGACGGCTTCCTTCTCTCAACTCCCTCCAAATCAAGTGCATTGTTATGTCTTTCATGTTTCGCACGTGCTGGTGACGTGATTCTACTGCGAGTTAACAATTGTTTTAGGATCCACGCCCAGAAGATGTAAGTCCCGGTTCGGACGGTACCGTGCTGGAAACGAGCTCTGGGCGCTTTTCTCTGTACTTCTATCGCGCTCTTCATTGGATGCAGGGGGTCGTCATTAGGCGGGTTCACGAATTGTTACACTACGACCTAACATCTTGTGGCGGCAGCATCAAAGCTTCTCATACGGATTCGACCCAATTCAGCTGTCAGAATCGCGACGGGTGTGGATCAGGGCCTACCTGAGATCAAGGAAAGGGAGGTTTTCCAACAATAACAAAAAGGTTTGGCGAGGGTGTCGGCTATCAGCAGGTTTCCAAGTGAGCGTGAGTCTTGTCCAGGCA,1385,47.94,Drosophila melanogaster
SEQ_933814,CATTGATCATGTGCTCTCGTGGTGCTTTAGAAAAGGCCTTACGGGTAGATTACACGAAGGAGTCTTCATCACCCTCAGGCACACGCCCTCGCTGGGTCGGAGAGATAGCAGATTCCGACAGTGGATGCCACGAGCCGGTCCCTACAGAGAGGGCTAGTTCACTTGTCGGCTTGTGAGGTGGTAACTCTTCTTATTCCTACCGCTCTTTGTAGACCTCCGCGTCTCCCTAGTTTTAAAGACTGTGCTCTCATTCCCGTCTAAACGATTTAGCCAAGGTTCGCTATCCTCTTAGTCACTGATAGAACTGCCAATATGACCCCTCTTCCCTATGCACGTATACGAGATCTGAATGAATCTGGAGTGAGGCTCGATGCACCGTGTTTTGTTCTCATAAAATGGTACGGTTCCATGCCAATTTTGCCCGTGGGGGTCGTGCTGGTTCGGCTATACCAACCCACGCTATTTTCTCAAAGTCTCGTGGGCCTGGGACCATGTACCAAGGTACGAATTGGGTTCACGAACCCTAATGACGGGATTACGTCAGGTCATACCTGTTAGTGTTCCCCACACGCATGGGCTCGCGGGCAATTAAGTCTATTCCCGCCAGGCGTATAGGTTCTACCTTACCATTTGGTATTGGCTGAATCC,648,50.62,Escherichia coli
SEQ_997483,TCCAACGCACCGGCCTGGGCCTGCTAGAGATACGACAGGTTGTGGGCACTTAAGCGTACGGGAGGCGGGATCGTCGTGATACCCCAGGTACCGGACTCGGCCCTCTTTCCACGCTAAGACTAATACACCGAAATAGTAGAGTAGGTGTGGGGGTTAGGTCGTGGTAAGGACTTGTGGCCCTTCCGCTATCAAGCCCTTCTAGCGTCGCCACAGAGGTAAAATTTGTTACCTGCCGGACTGCCGACACTGCCTCTGAACACGACTTAACCACGAGCCCGGGTAATTCTATGGACCTTATGAAATCCCGCCCGAGAGGCCAAACGCGGCCTGACTCTGCATTACTCGTCTACTAGCATATTAGCCGAGACACTTATAAGGGGGATCGGGGGACCCACTAAAATGTCCGGGGCATAACAGTTAGAATCGCACTGGCTTCCACCACAAGGCTCATCGCTGAGGCAAGAATGAAGTTGGGGTATCTAGAAGTTCAGGGCAGTAGCGGAAGGGAGCCGGTCGCGCAGCGTGTACTTATTGAGTTTGTGAGGTCTGCCACCACTAATAGGTTGTTCAGGGGAATATAGATACCATATACGCCAAAGACCATTCTGTACAAACACGTCATTCTTTTAAGGCTACTTCCTGTGGCGAGTTTACAACTACGACTCTAAGCCCACGGCCCGTATGTCCCCGATTGAATATTTATGCATACTGGTCCTAAACCACGCGCTAGGTGATGAAGCAGGGATCAGTAGTAATGAGAACTAATTTGGGGGCTGCTGTCAACGGTCCGCGTGACCTCAGTAGTTCCGGCCCACCCCCCGTCCAACGCCCCGACGGATATGCAGCAAGTTATCCATTTCCCTATACCGGTGGATGATCGATAATAAAACGTGCTAACTTTGAGCGACTATCTTACTGCGTCCGAATTGTAGCACCCGGGAGATTATGGGCGATCGATACTTTTGCCTTCGTTGGAACCGGTGGTTACGACGTCGTCAAACGATCCTCAGAGCGGTGGTGTAACTATGACTCGTAAAGGGAAGACGCGCAAATACTAAAGGGCCGTTAGCGAAGAGAGCAGGGATCACCCTTCTTGCGTCCCTCATCGGATATTGAGCAGATGTCCAATCTTGCCTTATCTTCACACTTTCGTGGGTGGTAGAAATTGACTGCTGTACTTGAGGGTGAATAGGCACAGCGTTCCGGCGTACTCATATCCACCGGTGGATCGACTGAAAGGGACCTCCCATCACCTATAGAACGCTTTAGGAAATCGTAACTTACTATTCTAAGTGATTTAAGGACTTGCGTTGAAGCTCGGATGGTCCGCCACTCAGACGTGCGGACCCACTTGTCAGAGCGAGACTTTTCTCCGTCTTAACTTTAATGCGCTAGCCGTTACGCTTATCCAACTCCTCCCATGCTTGTAGTGGCAATAAGCCGCATGGGGGAATACATGGTATCAAGCTACCCCACACTTTCGAGTCGCGACATCATACATACTCGACAAGCTGACCATACTACGGCTGCATACATGACTCGGCGTCCTGGCTGCATATTGATCTAGGCCGCTGGAGGGGTACGACCCCGACCTACCACTGCATTGTTAGTTACCCACCTCGATCCGCTTAGAATACGATGGCTTAGATAGGTTTACTCTTCACGGCGAGCTAAGCGCAAAAGTGCGTGGGGTACCAAAGGGGCTATGGTGTAGACACTGTCCGGTATATTCGTTCTATTGAACGTTCCGGAGATTCCGAGATTGTATATATGATTATGGGTTTACG,1787,51.04,Escherichia coli
SEQ_900000,TCATGTCCTAACATTGAGCGGTCTGGACCAGGGATCTGAAATCCGGAGACATTAGTAAGTCGAATACCGCTACCGCCAGACAACAAGAGGGTTGCATCTGGCACACTCCACCAGGAAGGAAATGCACTATCCGCAAAGCGGTGCATACCCCCCTTCGCGTCCTACGCGAAGCATAGTCTCTCTTCTAATCCGACGTTTGACGGGGCGTCATAGTTTTCATTCTAGTATATTCCCCTTCCTCGGACGAGAGAGGGCGGCAATGGTACGAAGAGTTATATAGCTGCGACGCGTTCTCATGTGGCGTGCGCAGTGACTGGATAGGATCTGATCTGCACTTAAGCTGTAGCGCCGTGGGGGGACAACGA,365,52.88,Homo sapiens
SEQ_960624,TCCAGGTTCAGCATGATCAACTCTCGATCTGGGACGTTCCTCGGGGCCAGGAGTGTTCGAAGAATTACCTCCGCACCTGGGAGGTTACCGATCATGCCGCTTGACATTTTAGTCTCCGGATTCTGCGATACTTGAAGATATTCAAATATGCCGATCGGGGTGACTGCGGGCATCGGCTTAGAAATGACTGCACAAAATAGTGCATGTTGTCCCCTAGATCACGCCAATCCCTCCGTGATGCTTAGTAGCACGCGCAGCTCTTCACGTTTTTTGGCAAGCTTCTGCCAGTGGATAGCGCAGTTGGGATATAGACTTACTGCATGCATAATGTCATGGCTACGCATCGACCCCTTTCTAACCTTGCGGGCGCACCTGTGGAGGGACGACACCTTGGACTAGCGCAATTCCGTCTGAACTGTACGAACCGGATCCCCTCTTAGAAAGGCCACCTTTGCACATCGACGATCCGATCAACGGACGGAATAATATAAGTAAGCTAGAAAACAGGAGTCTCCTGGAACCTCTGCTAAATGCGGTCGGTGACT,545,51.19,Caenorhabditis elegans
SEQ_821323,ACTCCGTCGACACAAACGCATGTCGGGATCATGTCAAGACAACTCGAGGAGAATGACAAGAACAATGGTCAAAGAAAGCAGGCCCCTACAGCGTCTGTAACTCCTTGGGTTAGCGCAGAAGGTGCAGCAACCTCTGGACCCGCCTCGTACTACGGGGCCCCTCTACCAAGTAGTAATTGGTAGTTTTGATTAGCGGTCCCAGGCAATAATCTAGGGGTGCCATTAGAATGGTCAGCGAGTGCTTTTCGCCATCACGGAGGTGATCCGCGTCGTACGACCGTCCGTCGGGCAATGTAAGTTAACCAATGTACTTAAAAAGGGCCGTCCTGAACTTGTCGGTAATCTGTATTAGTGTCGATGATGCTCTTGCAGAACTGTCACATGTGAGACTAGCTGGCTGCGTTCTTATAAATGCTATG,419,50.12,Saccharomyces cerevisiae
SEQ_756885,GGATACACCGTGTGACCGTGAATCCTAGATAACATAACTACGGCTCCTCCCCACTTTGCATCCTGGAAGATGTGAGACTTTTTTAATTTAGCGGAAACCGCGCCTTTCCGT,111,47.75,Caenorhabditis elegans
SEQ_817336,CATCGGTGCTTCATCACCGGGGACATCGTCTCGAGGGGTTTGGAAGTGAGGGACAGAGGTTATTGCCCAACGGATAAAGAGTACTCCTGGTCACCTTGTTAGCTAGCTGCGTGGTCACTTTTGTAGTTGTACCCATCAAAGGCTTAGGCAGCCTCTACTTGAAGGCTTAACGTTTCCACCTAACCACGCGTTACCGTGCAATACGGGCTGATAATACGGCATGGATACTTGATATGTCGCGCGCGAACTGAAGGACGCGACACCTTCAGGTGGGACCCCGTCTGGCACCGTTCTGAGCGTCTAGGCACCTTGCCGCAGTGCGAGGTTTAGGCCTGATCGTCAGCAAAATCACTC,354,53.67,Caenorhabditis elegans
SEQ_196025,TACTATACTACAGATCTCGCCTCTTGCGTCTTGTGCGCTGCCCAAGAAATACCACTTACCTCTGCTATTAAAAATACCAAGGGTAGGTGTTGTTCAGCCAGAGACTGGCATACCTGATATCTGGTAAAGTACGGCTACCAGCTTTGACGAGAAACCTTACGCCTCAGCGCCCATCCAGAGCTGTGGTAACGACTTAGATAATTCCTTTAGGTATGACATATGTTGCGAGCTCATTTCGCGAGTACCTATCCAGGCTACAAGATCGCGACTATTACGATTACAGTAATGTGTTGTAGAATCCAGGATACATTTATATCTGATCCAGGTATCTCACGGGTATGCCACCAGCTTCAAGCGAAACCGCGAAAAGAACGCCCAATTAACGTTTAAGATTGGTGGGATCGTTGAGGTGCTGGGGCGAAATAAGAGACATGAAGATGATCTAATGAGAACGCAAGCAAGATCTGCATGTTTACCAATTTAAGATGCAAAAGTGCACACGCCTGTGCCGACGATACTAGGTCGACTGAAGTACTAGCTTTACCCTCTTGGCCACTGTGCCAGCCCTCACATTTGTAAGTCCCACCTCGTCTGACATCCGCTGGCTATCTCGGCGAGGTTAGCCAAGCATCTAATACTATGTTTGCGCCCCCTGAAGGGTCTGAGTAATTACCTACGGCGCAGGCAGCAAACGCACTCAGGACGGTCATCGGTGCTCGAACTCCGCGGTTCGCCGTTTCGGGAAACGGGGCACGTGGCAATAGTGATCCACTACTTATAGCCACCGGACAAGGCCTCTTGTCCCTTTCGTGGATAATAGGTGGTCAGCAACAAAGTAAATCTTCATGCCACCCGGTACAAATCTAGCACCCCCACGTTGACAGACGCTAACAACTACTGGAGATCCAGTTTGCTCCCCCCAAGCCGATGTAGTCACACAGACCACAGACATCTCCATATAACAGTCAAAGCAGTATCCGTGGATTATGGCGAGTTTATGACATGCCCGCCCCCACTTGTCAGTGCAAGCCAGCCATCGAGTGATTGAAATCTCACGTAAAACGGTGATTGTTCAGTTTGTGTTTATATCTGGAGAATTCTGTCATTGGCCGCAACAGCATCGGGTCCCCGGGGGAGGAGAGGTTGATTCCCGGGGGTGGGACCTGTGCCTAAGGATAGGGGAAATATAGGACCTCGGGCCCACCTTATCAGCCGCTTCTCCTCGATGCACGTCGCGCGGGACTAGCAAACAATGACATAGGGATATCTCAAGTCGTTGGAGAATTCCCCATAGTCGTGGTGTGTGGTCGTGTTCTGCATGGCGCGAGCGACGCTAGTTCGTGCTACCAAATCACCTGACTGGAGATAGTCACAATCAAAGGGATAACGCAACCGATTCCGTACGTAGCGTGTCCACGTACTTCTTAGATACGCCCTTAGATGCGAAGCTACCAACAGGCCGCATGAATCCACCAGAGCCCCGTATCAGGTAAACTCCAGGGTCGATCGCGGAGGTTGAACAGTGAGATTCGAGGACTGGGGCAACGGGCGAGACTTTCCTTTTTGGGTCCTGTAGCCTAGTCCGGTCTTCTCCCCTACAGACT,1604,50.62,Arabidopsis thaliana
SEQ_430151,TTACGTCTCTTTAGACCGACATTAGACAAGTGCGCGCTTGAATGCGCTTAGGGGTAACATATGATTGGTTGTCCGCCTCCTCTCACAAAATGGTCCGTTTGATCCCAAGGTTCAAGGGGAAGACTAGGGAAGCGTAAGTATTGACAGGCATGTGACGCAAAGCGCAAAGCGCATGCTCCCGTCGTGCATATAACTTCGATCGCGTCTGAACACAAGCAACCGACATATAACTTAAAAGCATACGCGCGAATAACCCAGGCTCCACACGGAGAGTTTCCATTCGCATATGGTAGACTGTGCTAAAAGCCATATCCTCAAGTGCCATCTTGGAACTTTACCATCCGACAAATTAAAAGCGCCAGGGTGGGAATCCCGTAATCGCAGGTCCACCCGGCCTAGTGATATAGTATAAGGCTGAGTCAGGACAGTTAATCCCGTCATGTGGCCAACATCCAGATATAGAGATATCACCATATCGCTGCCTTGATCACTCAAGTGCCCACATTATCTGGTGGATGAGTAGGTCCGTCTTTCGCCGACATGCTGTAAAGCTAAGGAGATAAAAAGTTACCTTGGATTAACCTACCGATCCAAGTAATCCTTTTTGCGTGCCAGTCATTCCCGCTGGGACAATCAGTATTGACCAGGCTCGTGCTCAGTTTGTACCCGATCGAGATAGTACCGTAGGCCGGCTTGTTGGCAGCACTGGGGTGTCGGGGGACATACGTGTCATAAGCTATAGAGTGCCCGACTCGTGTTGACAGTAATTTATGGTAAGCTCTGAATATTGTTGTCCAAACGATCAAAAACACTTAGTTCACTATTTAACTTGCAGAGTAGGCAGACGCAGGCCTTCTGTTACAATCTTAACGTGACTCACTGCTAGTGAGCTGTATTGGGATGTGCCTGCTTGTCGGGATAACTCCGCCTTCAACAGGCACGAGACATGCCTGCGGGGTTCGAGTACTTTGACTGCTATACGGTTTAATAGCACACAGACTATTAAGCACTGAACGTATGCTCCTATGTGTCGCCGATACATGTTCGCCAATTATGTGAATTACCTAATCTCTCAAAACATTCCCGTTGGCCGAATAAGGCCGACCAGTTATCGATTGTCCTACGGATCTGTCGCGGAGTGATACCAGCTTCTCGTTTGGTTTAAGTGAGATCCACTTCACGCTACGGTCGGCTTACCGTCTAGCGGCAAGCCCAGGGATGTACGAGACCAGGACTAAGTTTAGCAAGTCAGGCACGCACCTTAATCCTAGCAAACAAGGTATGGATGCCATGCAGAGAATCCGAGTGACTTTGTCTTACTCGGTTGTTTGTTTCTACAAAGGTAACTAGCGTCGCAGCCCTGAATGTTTCGCAGCACTCGGCGGCCCCGGCGTATGGTGAGTCGGATAGTGGAAACCATATTAGCCGGCATACTCTTGTTACTAGGTTACCAAGCGTCTCAGCGTTTAACGATTTGTAATGTGCGCATTTCGTACCCTCCGGTGAACACCACCCCAGGCCGCAGCCCTTGTTTGCATATGCTTTGCCCCACACCTTGCGGTAGG,1565,48.88,Arabidopsis thaliana
SEQ_895930,AAGTACTTGCTCAGCCCTGCGACCGTCCCATGGTGGGCCTCTGCTCGTCCAGGATGCTAAACTTAGACAACTCTCTTTGCTTCTCCGAATTCCTTTTGAAGTTTCCAAACAGGGCTGCAGTTCCGCGAAGGGTATGCGTGCAGAACACCCGATAATTATTATCGCGGAGAACTTGCTTAACTACACGAGCAAGGGAAAGCCTCAGTCTTTGGGGGGGTAGAGAACTCGTCCATAAAGTAACCCACGTGCTGCCGGACAAAACATACCATGATTCCGTGACACTTAGCATAATCACGTCTCATCTCACCATTAGATCGAGTAGCCACAACAACTACGAGATAATACGCAATAGGCTAAAAGTGTTACACACCGACGTCCGGCTGCGAAACAAGATTGGGCATGCATGAGTTCACACTAAGGGGACCTCACGTTACGCGCCCGATAGAAGCATGTTGTACCAATTCCTCGCCTTGCTGCAGCCAAATAACACTCCTCCTCTCTACTGAGCCATCCCCGGCCCTTAGCGGCATGGATAGTCTTAGATCCACCAGCCAGCCTTACCAATTACGCAGTGAACGAAGCTTGGCTTGAACACCTGAGGATGCGTCAATAGCGCACCCCCGCGTCTCGGCGTGTGCGCTCCACCAAAGTCCTAAATTGCCCTTAATTTCGAAACGCTGCGATAGAGACCTGTATAGAGTTCCATAAGGGCTCGCTAGATCTTGGAAGCTATCTAGCAGGGTTGCGGAGGGCTTTGTTCCCTAAACTTAGACCCAGGGTCGTGAAGCTCATTTACTTCGAAGTAATATCGCTTTGAAGTTCTTCGGTTCAGGCCCTATTAGGCTGATTATGTGCATTTATTACTACTGGCTTCCCCCACGTGATCCGCCTCCATCTTTAGTCGTATGTAGTGCAAGAATGGCTAGTGCGCTAACCACTAGCTGTACGCCATTCACGCGCCGAACTGACTCAGGACAGAGGACGCTTTTATGTTTTAACCGGTTCCGCTGCGTATCGAGCGGATCAGTGCTCAACTGAATATTGGAGACCCATAGAGGGGTGTTTCAAGCGCGTGCCAGCTCCGGACAATATGTCATTTTTGCCGACTAACTCCGCGGTGTACAGGTCGAACGGGCCCGATGTGAGTAATCGAATAACGTTTTACGCAGAGGGCGATCAGCCCTCGCAATGTGGATGACCAGTGCGTTCAGACGGGAGGTCGCCGAGCCCCCATGGTCATTCGAAGTCAGCGGGTGCTTGGTGAGACTGGCCCGTACGGGCTTGATTCCTTCGTGTAGGTCCCGCTCGGGCTGACAGCCTAC,1322,51.82,Caenorhabditis elegans
SEQ_402409,CTGGGCTACAAACCCAGGTCTTGTCAGATGTCTCACGCGGATTGGCACAGTGCATAGCAGTCCATCCACTCTATGGTAGCCTCTAGATCCCATGTTAAGTAGGACGAGAGGTGACCTGATGACCAGTCTGTAAAGTCGTACTTGTGCTGAATCCTGGTGGCCCGTACGCGGAACGACTATCTCACCACCCACTGTCCCGCTTAAACTGCGGAGTCGAATCCTGCGGGTTTTGTCAGAGGGACGAATTCACTCTTGAAATTCTACGTGTGAGTGGGGCTGTAATGGCTGGCGTAATGACATACTTGTAGTGCCCACCGAAAATCATGACAGTACGCGACCTCGCACAGAGTAGTCACGAACGACTTCAGAAGGGTCGGATCGGTGGTTTCGTAGAGAACCGCCCGGGTTCTCAATCTATCACAAACCATCCAAATAGACGCCGAAGCTTAGCGTTATCATTGAGCACTGTTTTCCGGATCATTAGGTGCTCTTCCCCCCATTGCGTAGTGGCTTCCGAGACTTACAAAACCTCTCGCCCGAGTTACCAAGCGCCCGCTTATGTCCAATATCGGAACCTGACCCCTGTCGCGCGTTCCTTCATACACACGAGCGCCCTCTGGTTGGAACAGAAAATGTCTCTGCGGATGGCGTGACGTGAGGCCTTTTCTTCCATTAGGAAGTAGACTAGAACTGGAGTGGTCCGGTCCTTCTACTGTCTTAGGTTGTGCGTC,731,52.12,Drosophila melanogaster
SEQ_213473,AGTAGCCCGCGCACTGGTAGCTGGCACTGCAACTATGTACGTACCCTACTAGTAACCCCTATCAGGCATCGGCATTGAGCCTAATACAGGAACGAAAGTATGTAGGTATGTCGCACTTAGAAGTGTTAAACGTATAAATAGTGTTGTGTTTCGTCGTTAGCCAGGCTAGCTGTCAGCATAGTGGGCCCTATAATGTGGCCAGTCTATTCTTTTTGCTGATTAGGAGCCCCGGTTGGGATACATGTAGCTCCGAGCCGGATCCACAGCAATGCGTCATTCGAGGTTCCGACGTGTGGACAGGGTAGCCCCGTTCTGTCGACCAACAAGTTCCCGCGCGATTCGCTTCCTGCGGGCTTCCCCGGGTTGTATATCTCAATCGAGCCTTCTAGGAACTTGATGAATAATAGCTCTTGACATCTGTTTGTCGTAAGGCAAGCAGCTGTATCCGCTCCATCTCACACTTTACACTGCAGCTTACTAGATGTTGTGGGCTGCGGGCAATGAGACGTTTATCAAAGAGCTGGAGGGTATACGAAAGCGCCACCCACCCAGTTACTGGCTGGGCTTGGATGGCGCCGTTGGGTACACGCGCAAGGGGGTAAGTTAGCGTCTCACGCCCTGTTAGACCTCCATACATGATTTACAATGACAATATCGCGGTTTCGGTCGGGATCACTCGGTCAGCCAGCCGCTCTGTGTGTAGTAGGTTACTCGGACTTGGAGCCGATACATAGCCACGCACCAGAGGGCTGGCCTGGCAATAAGTTCTCCTTGACGCAGCCGATTTGGTCACATGGAGGTTTTCTCATAATACACTAGGGGGTCTAGGCCTCACAAGACCTTAGTTAGTGCAGTTTGGTGCTTTGATAACAACTATCTCGGGGTACCTCTGGTCGGAGAAAAACTTAATTCGATCGTCACGCTAGGTGGGTGGGTCGTTTGATGTCTGATCTATACTGATGGGGTTACTCGCCCGTTACATACCACGTGGTCGGAGTGACGCATCACACTCTCCAATACTCAATTGAGACAGACCGAGCATGCTACTTGCTTACGGCCTTGATGTCAAGTCCGAGGTAAAGCTAACTGGAAGTGGCGACACCCTTACTGGAAGACGAATCGGTAAAGAGTCGCACGCCGAAGGTGTATCACCGGCATATTGCTTCTGGGTGCCGCCATCGAGCTTAGAAACATAGATCCCTCACTGGCCATAATTGATAGCATAAAGGACAGCCGCGCATCTGGGCGTAGCCGCGGTCTCGGTGACACTTGCCTATGCAGCTGTGCGGATTAAACTTAATCAGCTAATCCCGCCATGGGTGCTGGTTAGGATCCTTACTCTTACCTCCGACTACGGTTTGTTTCGACATATGCTTTCGCGACGAAGCTGCAAGGAAGGAAAGGAATCTGTTACTGATCAGCAGACCAGCTGCTTTCGCACTCAATACACGTAATCAATCTGCTTGCTACCCGTAATCTCGACGCATATACTTTCGGAGTTTTAGCTTCCAACAAAGTATGAACCCGGTAAGCGTGGGCAGGCGGTGAGCTGCACATACGCGGGCATTGACTAACGGAAGTGCAAGGTACGCGACTGTGGCAGACAGAGGTAAGAAGAACCGGTTGATGGTGATGCTCGATGTTCTCAACATACCCTCTAATAAGAATGCAGATCTTATAGCCGTCTCTGCTCAAGAGCGCTGTGATTTGTGTGCCCTACCTGCAGTAACAGGTCGGCTCGCGTTCACGTAATATCTAATTCCTCTGCCGCGCGCAATTTCTCATCTTAGTCGGTATGCGGCGACCCGCTTCTATTCAACCTGAATAACCACAAAGCTCAAGAATG,1846,50.76,Saccharomyces cerevisiae
SEQ_213384,CAGCTTTCCAATAAATATTATCGTGGCCTATGGTCCGTAGAACGCATTAGAAGAAGCCACATACTTCATCGATTATCGAGGTAACCACAGCGCAGCATGCTATGTTTGCGTAGTGATTCCAGACCGGATGCTTCCAGCCTACTGGCGACGGGCGGGTCTAGAGTAACCGCGGATTACTGGGGATCGAAAAGCCCTAGTTTCGTTATGAAATTATGTGTGGCTTGAACGCTTGTTCTTCTAATTAGCAGCGGTCGTCCTCGCGGGGTTGGCTTCATGAATAGCAGGCTCGCTCACCTGCTGCCGCAGTGGATAGGCCCTTCGTGTACTGACTCACCGAAGAGATAACCCAGGCTAATCTATCCAAACAAGTCCCCTTTTCGAAATCGCACAATAAGTGAGAGTAGTATCGGCATGACACATGGCGGCTAACGATCCAACTGCGGCGTATTTGGGGTGAGCGTAGCCAACGCATACCGCCCAGGTGCGCTGCCTGGTGTCAAAAAACATGTGCACCTCCGGAGCGGCGGAGAGCTACTGGGATAATTACTGTAAGGGCGGCCAAACCAAGTGCTGAAGGGTCCAACATCAGCCATTGTTGACGTACGAAGGGCTTCACTGGCCACTTGAGCTTCTGTCAGGGCACACAGTTTCGACAGTGACAGCGGTTCTAGACAGATACCACGCCGGTTTCAGTTACCCCGCCATTTGTCATTTGATCAGTGCAATTGGCGCGTGGATTGCGCTGAGAGGCCTTACTCATGTGCGTCGCTCATTCGCCCCACACATAAAGCTCCGTGGATGGAGGTATTATCGAAACACTAACTCACAATCACGTGGGACAGGATTCGACGTGACTACTGGTATGAACGGACTGTAGACGAAGCCTACCCGGTACAAGAATTGCCCTTGGGATTCGCGGGACGTACGCCTTACTTACAAAAAGCCACATCGGGCCCTCCCTGGATACACGGTTTCTCCTATCATGTCGGCTGGTCCGCCGCTGCGGCGTAGGCGACGTATGTCTATGGTTATTGAAGTTCTCTAATAGATCTAGAAGTCTTACCCAATCCACGATGGTGATAACACTATGCACGGGATAGGAGGTCTGCCTTACTCCTGGGCTTCAGCCGCCTTTTCGCGTGTACGACATTTGTGGTCTCTATAGGACGAAATTGCGGGTAGGGTAACGGCGTTGCCCTAGTCCCCAATGTCATTCCAGGGTGGTGGACACAGGACGACTACCTGGACGTACCTCGAGTTGTTTAAGTGTAATCGGTATACCTACCGTACTTCGTTTCTCCGCGGAAGGCCGCTCACCTGCCCTAGCGCAAGCTATAAAGAGC,1343,52.2,Saccharomyces cerevisiae
SEQ_772575,TATATTGAACGTTGTGGCACGCCATCGTTACAACGACCTTCCTTTCTTATCCTGAGTAGCCTAAACAGATCGGCGTGAACTTTGAGGGGAGCTGGAGTGCCATGTCGGTAGGATTTAAATCTGTTCTCCATGTCTACGCCGTAAGTGTTGCAACGATTCGGGGCCAAGGTACAACGAAACTTGTCGCACGAAGACATGGATGCCAGGGCACAATATGGGACTCCCCCCATAGGGTTACTGTCCCATAAGCTTGCAGCACAGCCCCCTCGCCAAAAAACTTGTCGTACCAACCGATCTTAGAAGCGCGCTCGTAGTTAACACCAGCAGGATCCTTGTGGGCAAGCGCACTATCCGTCTGCGTGAGGTGATGCTAGCGGGAATATACCCATTTGTTTATAACCCATCCTTGAAGTATCCTAGGGATGTTAGTATCCAGGCCAGAGAATCTCTGCAGGCCGTGCACTGAAGAATTGTATGCCTAGAAGGCGCTCCGCAACTACATGATGTATTAAAGGTGTCACCTCATCTTTCAACCATTGTGAGCTCGCGGCTCGAACCCAGAGTGCACCCTGAGAACCTATGATTAGAGAGAACTCGACCTGCCGTCGGTTTGCCGATTCTGATTTGCCTCACGGGCGTTCACAGGCAGAGTTGGCGCCCCAGTGCGGTTAGTCGGTCATGTTAATGGCTACGTACACCGCGGGGTAGGCTGCATTATTATTGACTGTATCTCTTTCGGCGTCTCCAGATTCTACAGCACCGTTTCGTTATAGGCTTGCGTTAAACACTTAACTCATAATGAGGTGCATTC,811,50.31,Drosophila melanogaster
SEQ_325646,ACACATCAGGTTCCGAGCCGCTAAGCACGAAGTCGGGCTTAAAGTCGACCAGTGCCTATATGGGTCAAAGCAGTCGAAGGCGCATGCGTGCCCTTGGACCGGGTAACACTTTTATCGCCACATATCGAGGCAATAGTTGTTATCCTAAGGTGTACTTAACCCAGCTCGCCAGCTGAGTTGTGAAGGTCAGTGTAGCTTATACTTAAGATGAACAGCCAGCCAGGGGGACGTTTCGAGAGGAATATCGCTAGCGGGAGCCACACTGGAACCTGCCTGACCCGTCCGCCTAGAGGGCCATAGTGTCCAGAGACATCCACGAACAGGTAACGCGTCAGTGGAGCCCGGACTCTGACCC,355,54.65,Arabidopsis thaliana
SEQ_511839,ATTTGTGTTGTGCACTGATGGATTTGCTGTTCGGCGCTAGCCCCTGGGGGTGTAGACCGCAGCTGGGGGACCCAATGCAACTCTACTATGGGGTATCTCCGGTACCCATTCACAAGATGCACAGTGTTCCTCAGGTGCCAATATTCTGACCTGGCATCGGGTTTCATCCTGAACACAACTGATTATCGCTGTCATAGGATGACGCTCATTTATAGACAGTGCAGGAG,227,51.1,Mus musculus
SEQ_320124,GTCATAATTCCTCGCGTCAGTCCTCGGGACGAATTGGTGACTACCGTTAGACGGTACCTTCCACGCTTTACTGCGACAGACAGGGATCTTGATTACATGTTCCTTGGACATCGTCCCCCCACAGCCGCGCCGTCATTGTCCTAAGAACTAATGAAGTCTACTGATGGTGGCTTCGATGCAGCTCGAGGGGTTCCAGCCTACACCCCGTTGCTTCCTGGTTCCTGAAGATAGCTTTAGGTTTCTACAATGGACCTGTACTGCTCTATCTCGTATAGCGATGGTCTAGATAAACGGGGTTGTGGGACCTGTGGACAGCGATGCGCGCGATCTAGGACAATTTATCGTTTTAGTACAGAGGTCCTTCGTCCTACCAGGAGGCCAGACGCTTCGTTCGTGGCAGCCCGACACTCGTTACGCGAATGACTAAGACACTAAATTGTAATGCGTTCCGGGCATGCTCCGGCGAATATACTGAAATGGTGAGGCTGTGTGATTAGTGGAAGCTACTGGGATTGCTTGTGATCCGTGGTGCTCTCTGGTACAATCCGGGTGTACTATTGATGTTGCTAGTTTTTGTTTGTCTATGGAGTAGATATAGATGGGATAAACGCTACAAACAACGTCTCCATCAATGGTTTGACGGCACGTGAGTATGTCAGTGTGACTTAGTTGCTGGAACTGCCGGAACGGTTTGGTTCTCAGTCTGGGTGGGACTCGGATGTACGGTATAAACCACCCCGATAAGACTTGACTAGAAAGGTCGACGGTGTTCCACGTGCTCGTTAATATAGGCATTTATTTGTAATCTCTCACGAGAGGGTATTCAGGCGGATCAGAAACCGTCCACAACTTAGACCGATATACATAAAGAGTATCGGTTTCGTTGAACTTGGTTCTGGCCGGTGTTGCAATTCAATTTTTGATGGAGGAATGTAGGCGGGACTTCCACACGAATCATTGTATTGGCAACGATTGCCATTTGAAGGATGTCTTTGGGGGTGCTATGTACTGACAGTCGTACCGGCACTCTCTAAGCGAGTTGTCATCTATACATCTAGATGTTGCCTCGCTTCAACTGGATCTCCATTCCATAACGTTGGAACCCCGGGAAAATCGACGAGTGTGGATGGGGCTAGCATAAAGTTAAGTTAAGTATTTACTTTAGAAGGCCATTCGAATGTTTTTAGGACGAAGCCTGACGGTCACGGACCCCAATAGCCCATCTTTCTGAGCTGTTTGTCCGCCGCCTCCAGAGGCTCACAGCCGGCTACACCTGAAACCCCGGCTCATTACAACAGGGTACACCCCGTGAAACGCTGCGAACAGCTGCCGTGAGCTAACATGCTTAGGGATTTCCATTGGCAACCTATCCCTTACAGGAGACAAGACCTTCAAAAGGTACTTTCTTGGACCAGTCTCGAGAATTCCCATCTTTAGTAGAGAGCTTTTAATAATGGAATCACGACAGGACTCGATAACGGGCTCGAACCGTTTCCCTAGCGAAGCAGCTACTATCGCTGTTCAGGGCTCGCCGCCTTAAGATGCCCGGCGACGTCCCAGACCTAACACCTATGTATCCAACGGCTGGCTCGTAGTAGGTAGTGTTGGGCAGCCAGACTCAGTCGTCGAGTCATGACCGGCGTTCTGCAGTCACATCTAACTCCGTAGGGCATAACCTTTTCTTGCGGTTAGTACAGGTATCACTTGATTTGTGACCTGGTCGTATTCCAATGCAAAAGTGAAGTACACGATTAACACAGTAACCACGAAAGTGCCCCTTTCTTGTAGGGCATGTGTTAATCGAGTGAAAGCGTGCCCCCAAGGCACGCTCATATGTAGTTTTGTTTCAGATTCTCTAATTGAACACATAGGTTACGAACAGGTGTTCTGACCTCCATCGGCAACGTTACCTGCACACAGTTATCTCGGCTTACTTGCACAGTCAGATAGTCCATGTGCGTGTGAATCGTTCTTAATCTAGATAACTTCACATTGCG,1997,48.67,Arabidopsis thaliana
SEQ_631254,AGGCTCCTAAATCCAGTTTTGTGCGAATTTGCTTCGTGCTTCGTGGTCAAAGTATTCGATGCTTGCATATGAGAGCCCTTACATGACTCTAGCTGCCGCAGCAACGACCTAAGAGCCTCCCCCCGGGCCGAGGGGTCCTTATCATGATACACATGCAATGAGTATGTTAATGTTAGACACAGCGGATAAGAGATATCATCGACACATATATAGGTGGAACTCGTTATCTGCACTAGGAGAACGAGTAGCTAAAGATAACTTCGCTTCTAGCCAACTAAAATGTCATCTTGCTGATGAACCGGACACCTAAGCGTAATGACAGTACAGCAAATCTTGGGATTTTTTTCCACTTGGACCTTAATTCGAAAAGGTGCCGGAGTCCGCTTCATACAATTTGCTGTCCTAACTATTAGTTAAACGAACGTAGGGTCTTTTCAGGCCACGTGCGCCGTCAACCGGTACAGTTTCGCAGTGGTACTGCCTACATGCCGTTAATGCACCCGTGGAGATTCCCGGTTTTTACTGTCTTCACCAGGAGGGCTTCCGCCGAACCACCAAAATGAATTACTCATACAACTTCGGAGTGGACGCTAGAAAAATGTCCGTGGCTCGACTGCGCAACAACACACAGGCCATTGTCCGAAGCCCCTCTCTAAGGTGACAGCTAGACCGGTCGGGAGCCACGCTCGACTAATTTCGTACTACACCGGGACCAATCTGTCTATGTCACCCAGAAAGATTGCAGCCTCGATACGTCCCTTTACAATCAGACAGAAACCTTTGCAGCAGCGCAGTGAGAGGTTCGATGTCAAGCGACGCCCGATAGACTTTGCTCGATTGTTTCATGCACCTTGTGAACGTTTCCGTTCGTCTGTAGTGGCCGTCCCGCGATAACGGCCAAAGACTAAGTAAAGATAGCACGCGGGATATCGGCGGTTAGATGATCACCCCTTGCATGGTAGGGGAGTTGCGCCACCCTTAGACACCCATGCGACGTTAGGGTCCTTATGTTGTGGTTAGCCGATTAATTGTCGCTACAGATAGTATCCTCGTCAGGACCTACGACTTGGACTAGATCAATAGTTCCGTTTTCCTGTTGTGTTCCCCTCGTTAAGGAACTATGCGCATCTCGCTCCCTTTGCCCCGTGCATCACGTCGTATTTGGGAAGATTGCGTTCCGGTCACCCCATAGCGTATCACTAAGGTTACTGATAAAACGTTCAACCAGCTCCCCCACCAACCAATCGTACTCTAAGTTAACTACCCTAGGTATTAGCGGTTATACTAAAGAAGTGCCCTGCAGACCGGTACTTGCCGTGAAAGTGGTGACAACTTGAGGGTTTTGGTGAAACGGTCCAGTAACGCG,1366,49.19,Mus musculus
SEQ_655449,TAACCTGTGGCCTACCTCCTCTAGACGGTCTTTAAATTGGATCAGTCCGAAAAGAGCGGACTGATGTATGGTGATGTTGTGGGTTCGGCTAGGTAGTTTAAATGTCATTACTCCGGGGAAAAACCCGGTATAAAGCAAAACATACCCAGATTGTCTTCAAGTTCACCCACCGTATCTCC,179,45.81,Escherichia coli
SEQ_301855,TATTCATACCTAGCACAATATGCCTCCAGGCAACTCGCAAGCAAGCCACCTTCCGCGCCCCTCTTCCCTGGACCGAGTAAACCAATAGTGCAACGTGTGCATAAGTTAGCTTAACGAAGTTTATTGTGTGTCGGGATCGCTACTGGCACCCCCGGAACTGGTTGGCCAAAAAAGGACTCTGATAGTGTGACTTCCTCTTTATGTTAAAGGGAGTCAATCCACACGGACGGTGTTAGGGATTGCGTAGGAACTCAATGCTGCGAACTATAGGTCGACTCGTCCTAATTCGTTGATACTTAAAGGGGTGGACGATGCGACAAGATATAACTATGAGGTATGCAACATCCATGAGTCCAATTAGATCGGTCATTAGCCAACCACCCAACCGAGTTACGCTCACTTCTTCGCCCAGCAACGGGAGAGCCTATGTGCTCTTTGCTAACGTACCTAGATTATATTTGTCTACGAACTTGGATTTCTGGTGCCCTACCGGCACCGACGGATTGCGTCTGGTGTTGGCCATTCCCTCCTACTCGCACAAACGCCGCAGCAACTTAACGCCGCCCCTGGGTGAGAAGCAGTGAGGACAAAAATCCCATCGCGCGGGCCCATTAGAAACAGTACCTAGCTCACCGGCTTGAGCCCATTGCCCTCAGAGTTAAGTATGAAATGCAGTAAGCGCAAGATCTTTGGGGACTCGATCACTAATATGAGGATAACCGCATCAGCCTCCGATATGGCGTAGGAGGTCACACAGATCCCGTTGGCATCAGTGTCCTACGCGAACCGCATTCTACCACATTAAATGGGCGTACGCGCAGGCACGATATGTACGTACGTGTGCGGGCTGGCTCGGGCGCACAACCGTTACATTCAGGATCATTACGCTGGAGAGCTCCACTAATCACTAGTTCAATTTATCAGGGGAGTTCTTAAGGGGGGGTGTAACGCCTAATCAAGCTCCCAATTCTCCTCAAAAGTTGGTAAAACCGTTGGGCGCTGTCCCAGCAATGAAACAGGCTAACTGTAACCCTTGCAATGCGACTTACGTCCCCCGGGTCCGAACAGCCAGGATTAGTAGCCGATTAACGGGGACGTTATAGGCTGACTTATGTCATGCGTAGTGTTGGAGAGGCTAGTCTGACGCCCCACCTCAGCTGGGTAGAGGGTCGACTTGCAAGTTACCCAGTCCCTAAGGCTAGGACCGCCAAAGAAGTGTCTT,1222,51.23,Escherichia coli
SEQ_503051,GGATAGGTGCGGCAATAACTTATAGGCCCTAAACGGTCAGATCCACATAATTTACGCTTACTGTCTGGTTACCTTGTGGACGGCACTTTTCTGCCTGTGTCACATCCCCAACTACCCTTGTTTACAAACACTCCCCACTAAAGTTCCATGTATCATACCAAATACGTGAGAAGTTGACCACCGCAACGCGATGCTTAGAAAAGCAGTACGCTGGACGGCACAGACTCTCCACAGTGGCCTATAAAAGAAAAAACGGCAAGTAGTATTGGAATGTCCAGGGAATATGCGGTAGTATAACGAAAGTCGAGGGGGGAAAATCCCTAGATCGGCCGAGTGACTAAATCCACGCAACCCCTAAGTTAAGTGGTCAATGAGTAGATATATTTCATAATTCCGGACTGAAAGAATCTGGCGAGTGCTAACGTCCGGCGAAGGATCTAGTATATGTCGAAACTGAAGCGGCTGCACGGGTCTGATATGAGCGCAGACAGCGACATTAGTTGGGCAGAAGCTGTTACCGTTTAGGTACAACATTTAGTCTACATGGAGACTGGTGCGTCGGGAGGCAACCCGTTAACCCTGACGATAAACAGAGGCCCCATCCTATACGTCTCGGAGGTTCCTGGGTATGGAGTCACAGTGAAACTTGAGGGTTTGACTCTGGGCCGGGAAGGGCGACGAGAGATGGACAGGGCCTCCAACGCAACCGAAGTCAGATGTCAGATTAACCAATAAACAT,739,48.58,Homo sapiens
SEQ_774256,CAGGTGCACAGGGCGACCCAAAATCAATACAAGTGCTCGCCGATTCTTGGGATG,54,53.7,Saccharomyces cerevisiae
SEQ_384143,GACGGCCATCCCCTAAGAGACTACGGAACGACTAAGAGGCTCCTTCTGGGCTATAATATGTTTTGGGCTTACATGGAATGTCAAACCGGTCGGGCCGATTTTCTGACATATGCAGCGCATGGGCAACCAAACTGACGGCCAGTGATGATCATATATAAAGTTGTTAATATACATACAAGATTCTTCCTTAACTCTTTCCGACCACCTTGCGCCGTTACCCGTCTTCTTGAGTCTTTAGGACGCGTAGATATTAACGTA,258,45.74,Caenorhabditis elegans
SEQ_253573,CGTCAATGTTGCACTTGGATGTGCGGCCCTTTCCGTCCAAAAGACTCTACCTAAGAAGCAGTCTGTACTGTATCTACCAGCTGCGTTATCGTATACCAAGCGGCCAAAAAACACGTGAAACGCCTATGCGATGTGGCTCGTGCGACACCTACGTCCACCTCGCGGGTAGTCGATCTTCTAATCTTGCGGCTGGAGTCGAGGTCCCTAAACTTCGTACACTTACCCAGACGTTATGTCCCAGGTATTATTTTACTGCTTCTGAAGTTGATGATCTGCAAATTCTGGGTAACCTGCGTTGCTTATACTGACGGGGCGACATGGGTACATACAGTTTACATTATATTTGGTGCACGCGGGCGCCCAAACCCGACACCTACTCTAGCTTTTCCCTAGACCTTCACTGCAACATGTGTCGAGCTAACGGATAGGTAAGTCCAGACGGCCCTGCCCTTCCTCTGCACACGACCATGTGCGCGCCTCTCATGCAATGTTTGTTACCCTGAGTTCGTTACGGTTCAGTGATGGATGGCGACGATTATGGGGATCTATTCAGCGATCGTCCCCCTTAGAAGCGGCGGGCACTGGTTCTATTGACTTGTCCTCCGGCGCATACGGATTGAGACAAGCCGTCCAAATAGTACCGTAGTTTCATGGTCCGGTGAGCCACG,668,51.5,Caenorhabditis elegans
SEQ_512667,GGAATGTGCTTTCGTGCGTACTACTTTTCGGCTCGCAGGTAACACGGTAGCTTATGTAAGGACGAAGAGCTACCCACGGTCAAATGCATGGCACGACTAACGGCGCTCGCCTTAGCTGCAATGGTTATCCATCTACGCATAGCGAAAGGAGGGATCAGAGCCCTAACACATATTTATGAATTAAGATACTGGGGCCGGACATAGCTATCACCTACTCGTGAAGACTCCTACGTATTTGGCGAATCTATATCTTAGAATGTTGTCTCAGACAACCTTCTGTTTTCCTTAACGGAACCAGAATTCATCAATGCTTCTAGAGTGTGGCCTCGCGTATGTCAGAGCCATTCCGGCTACAGTCCTAGAATCGCCACGATACACCGCGGGCGATTCCCGTGGTAATCGAGTATGAGACGCTTTTTGTGTCAGCGAGGGCAACAAATTGAATTTGGATACAATGCGGGGATATATGGCTGTCAGTGGTAGTCGATTAAATTTAATGCGGCCCCCATCGCAATGAGGAAGGATCCCCTCCAATTAATCACCCGAGTTTTAACGCTGGTAATGGAGTGAGTGACCCAAGATTCGGCCGTGTCAAGGTCGAGGGAAGGTGATCTACCCCTATGTTAACGGAGAAGCAAAACATCGCTAAAAGCCAAGTATATTAGCACACGGTCGCAACACTCTCCGAGGCACGCTCAGATATGTTGCTCAGACCGCCGGATCGGTGTCTTGCCTTGGTGGTTGACTTAGTCCCACCTGAATTTCAGCTCTGTGGATAGCCTCAATCTAAGCCACCGCGGGGAATCTAAGGCAGGTGTTGCTTTAAATTAATATCTCCGGGTCCAACTCACGCCGACAATCCATCACTAGACCAAGATATAAAGCATCTGAGGGCGGGGCCACGATAAAGAAAATTGATTATAATCGGTCTAGCAGTTCATTGAGACCCAGGCTGAGAAGCCCTCTCGGTCTCTATTAAAGCACTCGGCTGGCAGCCGGTATCCTCGTCCTTCAGCCTGAATATAGGATACCGCACGCGGTATTTAGCGCGCGCGAACGGTGGGTTGCTTGTAGTCAGAAGTCACATGCAGCTGAGGACCCTTGCAAAACACTAGTTTTCGGCTGTTCCGTATGCCCATTTCGAGGTCCTTCTCTAGAAGCGAGCGCGAGTAGGAGTTAGTCTCTACCTATAGACAGAGATAGCTCAGAACAGGCAAGTTGGCCCTCCGGGATACACTGTGGGGCTTATAATGGTAACTAAGCCTATGCTCCGGTTGTCCTCGCGGTACCATTAGATTCCGCAGTGTGCGCCCAGGGGATCAGCAACAGACTCCGCCGGTTTAGTGACCATTTATAGGTTTTGGCCCTTCTAATGGGTATGCTCCAAGCACGCCTGCAGGTGATACTTTAGTACTTCTACAGGGATGGCTGTCCAAGCCAACCTAGAGGGATGTAGAGCGTTAATTCGACTTGGGGACGACTGTTCCGGACCCTAGCGACCCTTGGTAGGTACCTCATTATCTCGGGTAACCCAGAGCTCCCTGATTAACTTTGGTGCAGACATACCCCCCATTATCGACCCATGTACCTGTGCTCCTCTTATCTGTTCGGAGGATTCTCTAAGAAACGTCGGGAAGGGGGAATTGTTACAGGGAGGCCGTATTGCCGCGGGTCAAGGTCTTCTCAAGAATATCGTCCTTATTCGCTACTCGTGTTGGGCCCCTCGTCCTACACCAAACAAAGTGCCGC,1749,50.31,Caenorhabditis elegans
SEQ_274450,GCTGCCAAAGCCGTAAGGCTAATGCCAAGCGTCAGTCGATAACGGAAGGGGAGTTCCCTGCCTAAAGTCCGCCTCTAGGCCTGCGTCCCACCTGCCACAGCACGAAACACGTGTACATTGCCATACATTAGGATACTAGGGACTGTGTCGAGCGGTCCAGTCCTATAAACGTTATGGCTTGGCAGGATCACCCATGTACTCAGGCTCGGCCTTCGGCGTCCTAAAAGCATTACATCGTGGCGACACTAAGATGATAGTACAGATGTCATTATCCCTCCCCTAAGCTCGCCAAAGAAACTTAATCGCCTAGGATAAACGCGGTCTGGCCGGCGCAAGGGTTTTAAGCTCGAACTACGGCTATACAAAAAAATGTCATTCGAGGGGCGGAATCGATACTAAGGGACACTTGGAAATGAAAAAATAGTACGTAAGTATATGGATCGCCATGACTATAATATGACATTCGATTACCTCCATTCTTAATGACTTGATGGCGCCCAGTGCTCTCCTTTATTAGCCTGACGTCCTAATAGTCGTCGTCCAAAACATCGGCTGATGCGACCTTTTGGCCTCGGAGGAACAACCCAATCCTTTGGTGGCATTTGACTTAACCATGTCCGTGAACCGCCGCGCTTTCCGTCTTAGCCTATCTTCCGATCTTGACGGCCGATCTACTCTCGTCCGACGGCTGTTGTAAACAGTCAATTTCCAATATTGCACGGTTAACACTTTCACAGTATCACTTTGTGGCGCTTTACTTAGCGGTACTGCGACCGGGCTTTATTTCTTGTTCGTAAGTAGTACAGTATCGGCCAGTCGAGTCTGGCGTCAATTTTCCGACCCTAATGCTGTCAACAGCTTGTCTCGCGAACCGCTTATCACATGTACATGTCCATCTCTATTAGCTGTACTCCCGCGGGAGGGCTATTCGTCAGTCCAACCAGACAGAAGGTACCTGAACTGCGGGGATGAGGCAAGCTCATGATGAACCAAACAGCCCGACTGCTGCAGGGTCTTGGTTTCTGCCCATGTAGCTTCAGGATAACGCAGCGGATTCAGCCGACCTCAAAACGACTCGTATTGTTGTTGCCGACAGCATCGAGTAAAAGGCACACGGCCACGAAATTACTGCCATACCACAGTCTTGAATTTTCTCGTAAGTTAACCCGCCACATAGACACAGACTACATATTGTCTCGGTTACATCAGCCCTTGGTCCAGATGGTAGGCCACACTAGTGAGTCAACAGACAAAGTTTCGACGCGTACGAAAAATTCATGTCGAAGATACATCAGGATTCAAAATAATTAACCCTCGATCGATCCCGGACTCACTGATGGAATTACCAGCATCATACCTGGGAGCGAGAGACCGTCTCCCGAGACTAAAAACATTCAGAGGTGTGGTCCTACAAGCATCATAGGTTCGATTCAAGGATGGATTTACACCTTTTGCACAGAAGTCCATCAGGGGTGCGGACCTAATGGTAGGGCACCCAGTAAGAAATGGTGAATATCGCTCATGGCCGAATGAGCTTCTAACTCGAGTGGAGTATCACTAAGCGCCGGTCATTTATTAATGGTTCAAGTAAAATCGTTAGTACTACAAACGAGGTTCTGGGATGAGAACATTACTGCCTTTCCTGGAAACCTATGG,1656,48.37,Homo sapiens
SEQ_401496,GAGGACCCCCCCGTCGGTCACGGCGGCTTGCATAGGTAGGAGCTTGAGAAGCGCGTCCACGACACAAACTGAAGTGCTGTGAGAAAAGGGTCGGCCCTAGACCCTCCAATGTCCGTGCCCTTGACTCGATGCTCCTGCCCCCGTACATCTTCCTCGTGGAAATGGCCGGGTCGGGATATTTGCACAGGCATAGGTATTTTGCATAACTCCTATTGTCTACAGGTCCGTGAGCAAGACACATAAATCCTCACGCTTCCAAGCCACTCACCTTTTCAAGGGAATGACGCCGTGCGGGTGCCATGATCTCTGGAGGCATAGAGTGATTGGAGAAGAACCTACGTTGGACGCGGAGCACCAGCTGCACGCTGTGTTTTGGCGCATAAACGAAACTCACTTGATTTCGCAACAATCGTTTAGACTCCCCGGTACCTATTTACTTGGTCGATCCGCCGGAACATTTGCCCGATGTAACTCTTTAAGCCACAGGCTTCAGAGTGAGATTACCGGCGAATGTTGTTTACTGGTCGGGTTTGCCCTTAGAGCGCGAATACGCGCTTTCAAAGGTAGTGATAACGACATACCACATGAGGACACAGGCGCTACTACCTCCCCCGACTCCCTAGCACTTTCTTGAGTCTCCCCGCTTTCGTCGGCATTTGGGTCTTAGAGCAGTTGAGCGATCCTGACTTGTCTCTCCAGTAGGCAATTAGGTGAGTATGGGGGTCACTTAAAATCGCCCTCCTCGGGCGAGGAAGAGTTCTAATATGTTGTTAAATTATCTCTAATAGTTGACTTGTAAGCCGAGCTGACAGTAATCCCCCCCTCGAACTTTTGTCAGTTTGAGACGCGTTTCCAGCACAAGACGGCTAGGCCCTTATGCTAATCGGACCTTGGGTATTTAGAAAGTTAGGTATATAGTGGATCAAATGGTAGACCGGTCGGTAGTAGCATAACCGTGTTATTTGGCCCCTGGCGTCTTTGTTGACAGGACCCCATTGGCGAGACTCACTATTCTCTCGAGGTAAATGGTATTCGGCATAGAATGTAGCAGAATCTGACACACCCGGAGACCGTTCCGGCTATGTGAGATAGTACACGGACCGATGCACGTAAGGAGTTCTAGTCGTTCCAGACTTCACTCGCGAACCCACCTGGCCTGACTGCTTTGCCTTCGCTGCAGCGTCGCCCTGGCCCTCACGCATGTTTCAGCGG,1212,51.9,Escherichia coli
SEQ_355381,ACCTCAGTGGGGAGCATATAGGGGACGAGTCCTACCCCGTAGTCTGGCAGCGTGCAGTTAGTTTGTCTTCGCCTACGCAAATGCCCGGCGGCAACGGAAGCAGTCTCAATGCCAAGGTGGTCCTGGGCGAAACTCCCAGTCGCTTTGATCACCGATAGCATCGGATTCATAATTGACTTGGGAATCTAGTTGTGATATCGCATTCTCATGGCATACCGGTATTCCCGGCTCTGCCCCAGATCGGAATCTCTCAGATGAGGGGTTTAGTTCGTGATGCGCGAGCCCTTCCTCCTGCAGGTTAACTGCAGTGACGCTTCCTCTACTTCTCTGATACATCGAAAGGCCGATATGGGCACGATTCGAAGATAAGTTTAGGTGAGCCTTTCTGCCAGCCGAGCACATAGAGGGATGTTTGGAAGCGATGTCCGTTATGGTGTGAGATTTCATTACCGGCTACGCTTACTGCGGCCTTCGACCGAAAGACCCCATTAAGGTCAGATGCAGCGTGTAACATCGCGGTTCGCCGTTATGCGGAACGCCTCTGGCATGTCGCAGCAATCCACGGCTCGATGACCATTACCAGGTATCCCGCAGAGAGATAGACTTACTCTCGCCAAGCTTGACTATACACGGCGCGAGCACCGATAAAGACTGAAATCGCGTCAGGTCTACGTCTATACCGTGAGGACCTAGCCTGGTCGCCTCTGGGGATTCCACTATACTACCCCGGCAACGTGACCACACTTGGATTGAGTACCGAGGCTAGATTTGTACTTTAGTCGGCACGCTATAGGGAAAC,799,53.07,Caenorhabditis elegans
SEQ_815668,TTAGGGTAAGATCTAATATCCACCATCCGGGTTGGAAGGCAGCCGATCGTATGATATCGGTCCTCATCTTCGAGAACTCGAGATTTATAGGATCTGATAGCTCTATCCGCATCGCAAGGCAAAATTTATTCAAGGTCAGTGTCCGGGTCTGTGATAGTGCTCCCCGCTTATTTTAAACGATATGAGCCTCAGTATGAGTATGTCCGTTCCCAACCGATGAGTGACTTCACAGCTTACCCCTACTTGCTATGGAGGCCCCGCCCCGCTTATTGGGGTAACGCCTAGTACGACGGGATGACTGGACACACCGGCCTAGCTTG,320,50.0,Caenorhabditis elegans
SEQ_414361,GTTAACAGCTCATACATGAAGACGGCCTTTGTTCCAGCCTCGTACCTGCGAGGTGTCTCCTTTCCCTGACCTCCCGCCGTGCGATTTATCCGCACCACTTACCTCTAGAGTTGTATTTAGGCTCCACCCAACCCAAGCCCTGTATGTACTCGAACTAGGCGGCATTGATGTACTTGTCTCGATAATTTGTGCTATCAAGATTCGACAGCCAGCTTATACAACCGATTAGGGCGGCTCTCGTTCTGCCCACCGTCCGCTTCAATGGCCTCAGAGGGTACACTTTGTGCAAGTGGGCCATCCACTCGACGGGCTACATTTATTGTTACGTAAGGGGCTGTGCCAGAGCTGATTCCATGTCACTTCAGCCATTAGAAAGAGTGGAACCATTCATGAAGATGGATGTGGGATATCTGTGAGCGGGGTCGTCACCTCCGCCGGTTTGCCCCATTAGACTCCATCGGATCCGAAGGTGACTTGAATTTGGTTCGTCCCCGTCAAGGCTACAGCGGATAGGGTCGCCATTTTAACCGCCGGCGCCTAGGGGGCCTGGAATCTAGGCTCTCAGACTATTTTTCCCACTGTGAACGAACCGCTTCTTGTTCGGATAGACCATCAGGCGAGTCCACCCGTGCAACAAGCCCAACCAATTAAAGGTGCCGATATAACATCACCCGAGGGTTTTGCAGCTAGCCCACGGTTCTTGACCGAGGCGCAACGTCAAGCTCGCAGCGTCTCAGTGTCGTTCCTGCATAGACTGGGCAACTCCCCTCCGGCACTCGTATATGACATACCGTCCTTCTACACCTTCCGTCAAAACGAGGGACATACGCGTATGTCCCACCCCAGGAGCCATCGGCTAAAAGACCTCCTCTTTTACACACTAAAAGCGTACTAATTCTCCTCAAGATATAGCTCTAGGTTATCTGCTCACGGCAAGTACATCAATGCGTTGGTCCGTATGTTCGCTACGCAAACGGCGATTTACGAGGTTTGCACCCTAGAGCCGGGTAAAATCAAGAACAACGCAAGCGAAATTCCACAGAGGGTTGTCATCGAGGGACGTAAGTATTAACTTTCTCAAAGTCTACGCTACAGCATGCGCAGTTGCTCGAAAGGACGACCACTAGGGAGCCGACAAGAAGCGTGGATCGTCCCGCACACATTACTGACACGGGGATAGCGCTTGCCTACACTGCTTTCCTGTAGCTACTCTTTCTCCTTGCCTAGGTCCGCAGCGAGACAAACTCGTGCTTTCCGTGCGGC,1263,52.41,Arabidopsis thaliana
SEQ_142736,CTCGTGGGTCCCGGTTATTACCCTATTCTTAGCAAAACGGGACAAGCAGTTCAATTCTGTAGACCGATGCCTT,73,47.95,Caenorhabditis elegans
SEQ_976504,TCTTGTTAACAACTCCAGAAGATAGTCTGAAACCATTGGTTATCTGCACACGCGGCGGCAAGATTAACTAACGGCTAAGCTTGGGCGCAAACGGGTAGAGAAGTATGAGGCCTTTAACTTGTGCTGGACGCTGCAGCCATGTTTACGTAAGTTTACGGTAAGACAAGCTCTACTAGGCACGACTTATAATGCCGTTCCGTATCTGACTACAGGCCCAAACGAAGTATCGCCACACTGGCATTGTAAACAGGGGGCGGAATCGATAAATGCTGGCGAACTCAGTCTCTCGTAAGCCAAGCAGCATATAGACTCACACTTGCGCAGGTAGGAAGGCGAGGGAGGTTCGGAGCTGCAACGTTCACAAGCATCCAGCGAGCCTTACTAGGGGGAGGTGATCAGTAGAATGGTGAAGACGTTATTGATGACATTGCCTGGGTCTCATCCCAGTGGCGCTCAGGAGCTTGGTTATAAGCTCGATAGTAACTCTCGAACAGTTCAGGATTCCGGGACGTCAGAGATTGTTTATTCACATTCCAGGGACGGCATCACCAGTGCCTAGGTACGAACCGTTGCCCGTTGAGCGATTTCTGGACAAACGGGGCGACGAGACTATCGCTGGTGTGGTATAGGTGCTTTTTATGAAGGGACCGAGAAGCATAGAATGAGTCAGATATGCAGAGTGGTAGATATGATACTTGAGCTACGGTATCATGATTCTCCTATAAGTACGATCAGGATCGCGCCGATATGACCTAGGACACAGAGCAGATTATCCACGGTCGTCCATCTCCAGTTTCGTGAAGGATCAAACTCGTCGTTTCCATGCGGACTTAAAAGCGATGCTGTTTTCCATGGACGTAGCAATTCCCAATCGTCTCTTACTGATTCCAAGGCGCGATTTTAGACCACGTGCGCCTAGGCATAAACCTGCAGCGCTTTTTTATTTTGCTTAGTACGGCTGCTATAACATCAGCTCCCGTGAGTCCTCCTGACTCCGATCTTATCGGAACGCCCAATTCCATGATCTGAGCCTTCCTATGCGTCCAAATGTTTCTGGGGCGTGACTCGGCAAGCTGTGCGGCT,1083,49.58,Saccharomyces cerevisiae
SEQ_353530,GGATAGTTTACCCCATGTGGCGGAGGTGCCCAGCGACCCTTTATTCTAGGGATACCCCATCCACGTGTGAACAGAGCGAGCCCGTACACACCACACGCTCCGAGAACACCCTCGCTTACGTGTCCCGAGCTGTAAAGAGATGAGTGAGGGTGTACCCGTGAGACTCTTCTAGACCCCTCACAGAGTCCCCGTGTCATTGTTACTCTGACTCGCGTTTCGGCGAGACGCATAGAGATAGCGGTATCCATGTCCGCCCCCCTGCAATTACGTATTGTAGGACAGGGTTCGTTCCAGGATTATTTCTTACGGTGGACCGTCCGACCCATATGCCGAGCTGAGCATATTAGAGTAGGCCCCGCCGTCGAGCCCGTTTGTGGCGTCGTTTATCTGTGATATAAGGGCGTTATTTTGTCATACCGCGGGGGGATCATGTGAAGACTAACGGCGGAACCTGATCATTGCACGTGTAGTGCAGTCTTTAAGGTTATGAGACAGGACATGCCACAACTGCTGCTAGTACTAATCATTGGGATGCGTCTATCAACTGAACTCA,553,52.8,Arabidopsis thaliana
SEQ_204478,GCACATGCTTATGGGTATGATGGCAGACGTAGGCAATTACTTAAGCACTGGATGCCATGAATTGCAATTGAGCAGTTCATCCTGAACCGATTTAGTATCGGATAGCAGTCTACGGCGGGTATTGAGCATACGGTGTGACGTTCACCCATCAGCTTGCTTCATTAATATAACGCGGCTAAATCGGAAGCGAGTTAGTCATAGTCTCACATTTCACTTCTGGCGCGGATAGGTGGCCGGGCCCGTACAGTCCGCAAGAGTTGTTTACTCAGGGCTCAGGATACTGGGCGTCTCTGTTCGTTTGGTTGGACGAACAATCTCTGCCCTCCGTAGTATACTCAGATCATCTTGTCCAATTTGACCGTCAAAGCCAGGAAGAAGCTTTCAAGCGTTGTCTGACACCAACACCCAATCGTATGTCGGCCACACGTATTTTTGAACTAGAATCATTTCCGTTTTGGTCCTATCTGGGAGGTCAAAAGCGAGACAGTGTATAAGGCCGGTGCGGAGATTTCGGGAGGTGCTGGCCAATTGGCCGCCTATCACTAGAGCCCGAAATCCTGGACCCGAAAGCAAGTGAGTGGCCTGTTCGCTCTTTTGATGGCTGGTGGGTTTGATAGCATGGAAAATGCGGCGTTTCGGGTTGGCTGTTGGCGCGCGGACCTCTTACCCAATCCCGCTTCATGGTTCATATCACCATTAGGCTCGGACCGATTAGAGTACACCAGGCGGACCAAAGTAGTCTCCCCACTCAATCCCCTCGGCTGGAGCGGGCCGAACAACGCCGGCCGGGCTGATCTCAACGTCGCTGATATGATCTGCATAACCTTTTGTCGATATGCCCAGGACTTAACGCACAAAGACACATCCTGTTCGTCCGCCCTCATGGTAGTCGGTGTTTTACTCGCGCTCACCATACATCATGCAGCGCTCTGGACAGCAGTAGGGCAAGCATGAGTATAGAAGGCATGTGCATATAAACCTAAGATCTGGTCATGATCCCGATCGTAGGCCGCCATTGATGGTGAGGCGTATGCGTAAGGTCTTGGGCCGGGGTTGACGAAACCTCTCTGTCCCACTCGGCGCAACATAGGTGAACTCCCATCGTGCCATTGGTTGCCCGACAAAAGTCGCCCTCTAACGCGGGAGTTCATGCTTCCTACCTGCTTGGCGCGGCACAGGTATTTTCCGACGCCCGCACCCCCAGCTAGTAGGACGTTCAACAACTATCGTTTGATAGTCAGAAAAGCGATGTCGCTAGGCTTTTTAACATTCGCCCGATTCTCCAATCGATAATAAGTATAGTAAGGACCGGCCTGGGCGAACGACATTCAACCTACGCTATAACGCAGAAAACCAGTGAGATACCGCTCGACGT,1375,51.78,Caenorhabditis elegans
SEQ_962488,CGCACCCCCGCGAAGCGGGCGTCTTCTTGTTGGTAAGCGTGGTCGGCTAGGCCTATCGGTTACAGAGGGCGTTCTAGACTCCCATTCTTGGCTCACGAGACTTGGACTCCGTGTAAATCAATTGCCCCGCGACAGGTGAAACTCATAAATAACGTCACGAGCAAAAGGGGCAGCTACAATCCGCTCTTCGTACTGCGGTACAACCTTTGACGCCTCAAGCTCCAGCGGTGCGGGGCCAAGAGTGATATTACCTATTTTAATCGGCTAAGCGAATGGAGCCCCGCCCGTTGTGTCCAGCTTTTCACGAATGCTCGTCCAGGAAGTCCGGGGCGCTGCGGCCTCTGAGAGTACTAACGGATGGGAGGAACGCACTACTCGCCTACTTAGTACAACTATTCGGTATTATCTCTTAGTCGTACGGTCCACGAAAAAGAAATAGAGTTGGTCGCTTGAATAACGGTCCTTAATGATTTCAGAGCCGGACCCCGGGCTTTTCATGTACGTCCACGCTCAGGGGCACTACAATACACGACTTACCTCAAGTTTAGGCGGAAACTATACGGTGCCTATGATGGCCGTTTCTAATAGTCCTCAAATACCGGCCATTCTCTCACATTAGCAATACCGAATACCCGATGCGAATGACAATTTAGTGGGGTGATTTCGAGTGAAGTTACATGGTGCGTAGTGATAAATATCCACACGCAGTCTTTTATAAACGAGCTGATCCAAACTCTAAGGCATCAAAGCTGCCAGGCTCGCGCAGTCCCTCGGCAGACATAGGAGCCATTACGGAGACT,800,51.0,Homo sapiens
SEQ_936351,GGGACCCGTTCCTCTACTTGGAGCAAGAGCTAAATATCATTATGTGCTACCCAAATCCAATGCAACGTATAAATGACAGTATGTCTCTATGCATACGCTATGGCCATTGGCGCGGCGCCCCAGCCAGCTTGGGCAGGTCGTAGATCCGGGACGAGAACTGTGCCCGCATTCGGTGGTCTGTATACTATCAAATCACGTGGCGTAAAAAGACACCACACGTCCCTAGATATCACGTCTGCAGGGTGTCTTGGAGTGGAGAGCCGCGACAAATCGGCGACATTGTCGCATAGGGAAATCTGGTATACCTGGTGTTTGCGCATACAAATGAGGTCGCGCGTCGGACTCGGGCTGAACGAGATGATGGGCAATATCGATTTTCCCTAACGCATCTTCATTCCAAGAACGCCGGATATGTAGTTAGAGCAGATTGGCGTCAGTTTTACACGGCGAGAGGTTAGAATAGCCGCCTACGACTTTACATGTCAATATTGTTGTCTCCTGGTAGCTGCCCGGCCGTTTACCCAGAGAAAACTCACGCTGAATGTAAGCAGGAGCGCCGGTCCTGAGTCTCCACTGCTGTTCGTTACTCTATTTTCGATAACGTCATTCGCGTATGAAGGTTCGGTCTAATATCATCGTGTGACCAAATAGTGCGAAGAATGCCGGTACCGTGCGGCCGGGGGCTTTTGGCTATATCAGTGGCACCTGGACGGGCCTATAGACTTCCTAATGCCATGCGTGGTAAAGCCACGCCATATGCCAGAAAGATTGGAGAGCAGTTTCGCATGTCCAACGTTATGGTGGGCGAAGTGACTCGTCGAACGAGCGCACAGGAGTAGTGGCTAGCGCGACAGCCAGGGAATAAGCACTCAAATTCGTTCCGAAGGTAGATGACGGGATAACACCTTCATACGTTGAATCTTCAATACATTGTGGACATTCCCTCCTCGTGTCTAGGATCCCGGTCTGCTCCTACACTCTCAGGGGGGTCTGCCTCCATAAAGATTGCGTTAGCAGACATAACGGCGCGATTGAGACGGCATGCGAGAGTCAGACTGCCCGCGCGATTAGATGGTCCGTGCTGGGAGTCCAATGATTTCGCCTAGTCTGACACCTTACGGATTTTTAGCATTCTTATACAAAGAAATGGTGCCTAGCGGAGCTGATGCAGCACAAATGATCTGAGCCCGAGATTGGGGGAGTAGTTGGAACTGTGGCCATCGCTTGTTGTCGTGACGAGCCGCTCGAATACAGAATTGATTTCTGGATATTCCGAAAAAACGTGAACCTGGGGTTGTCGTCGAACTATGTCATTTCCATCAGTTTATAGAATGTGCAGCTCAGCATCCGCATCCCAGGCGGGCCGTGCATGGCAAGTTCATTAGGGCTCTCTGTTTTCGTCAATGGCCAGAAAAGCATGGGTGGTGAAGCTGTTGTTTAGTAGGTTTCAACAGGAAGTTCGATAAGTTGTTCTTTGAGGTTATCCGTATTTGACTAACACGCAACGTCTCTTTTGTCCCTCGACAAGCAACTAGTAAATATATACACAAAAACCATGCCACTGGACTTTTGCATGAACAACACTAAAATCCCCTCCGCCCTCTCAGCCGGAAGGTATCATTCGCTGCCGGAATATACCCTATCGTCCCGGCATATCATCACGTGATGTAGTGAGGCGGTGTGGCTGCCACCGGTCCAGTAAGCGCGGTTTACGAATTTATCGGTACTCGCGACGTGTACCGGCAACCCAGCAATAGGAGCTACATTGTCAATCTCGCTTGGATTCGTG,1789,50.31,Escherichia coli
SEQ_987508,CCTCTTACTGCTACTTATGCAACTAACCACACGTTAATTAATCGACAAGGGGGCCATACACCCCTTTGTGCTACGTAGCCCAGCTGTGAAGGACTTAAACAATGCAACCGGAGACTAAATT,121,45.45,Mus musculus
SEQ_156713,TCCTTGTAATCGTGTACCATATTGTCGCCGGCCCTAAACACCCTTTGAGCGCGCTACCGGGGCCTTCCGACCCTTAACTTTACACGGCAGGGTGTGGCCATGTACGGGTGGAGCATCCTAACCCGCTATGCATTGCGGCGTATCTCACATACGACGGAACGTGCGCCATGAGGCGCCGGCGGAGTTTTGCGAGCGCCCGCGACACCCTCGACCACTAGGGGGTCTCTCATGTCCGTCTGAGCGGGTTACACATTCTAGGTCCTGGAAGGACTTTTTAAGCGAACTCATATATGCGTTGGCCAATTTACCATACACTAACTGTGCTCGCCCATCTGAGTCTTAAGCTGTGGATCGTACTGCAGCCTTACTTGCAGTTGGTTACGGCAAGCCACTATGGTCAATTTGACGCTCTTCAGAGAAGAAAATCCACCCCTAGTCTTGTCGGGGATCTTACAGACCACGCTCAACTTTAAGCGGCTGCGTAGTGGCTGATCGGTCCCTGTGAGTGACCCTCACGACGTTGTAATCAATCTTACGGTTCGGCTTTTTTACCTCCCCGCGTTGGAGGTGAGTCCGGGCTGGCGCGGTTTTCCACCCCGACATGATCCCACCCGTATCTCGGTAACGATTGTGAAGTTGGCGTATATTACCGCAAATGAACCACCAACACAACGGGCCGACACGTTCAGTAAGCACCTGAAAAGAAACCATGACCACCACTCCTTGTAGCATCTATCGTGACGTTGACAGCGAAATCGTACTACATTGTGTTTAAGGCGGACAGCAAGCTAGACCGTTCTTAGTCTCTACAGACTGCCGTCCCCCCGCACGTCGTTAGGTTAGTGACACGTTTAGTAGAGTACTATTGATGCGGACAGGATGTAGCTGTGCACTGGAAAAAAGTTTCTCATGCTAAACCTACTTGAGTG,929,52.31,Drosophila melanogaster
SEQ_211409,AGCGCGGCCCTGGGTGCAGAGGATAGCAGTAACGCGGGGCCGACATCCCCGCTTGCTCTTACGGCCGGCTGCCTAGGCGCGCCCTGGCGTAAACTCCGAACCCCAATCCCGGACTTCTCGGCCACCAGGAGAAGGTGCAAGCTTGACTAGTCGTGGGGTTACTCGCCGGGTCCGTGCAACAAAAAAGTAAAACTAGCTATTGCCCTGTGAGATGTCTTTGATCGAAAGACCACCCCGTTGTGCTGCTGCGCTCAGGATGGTGGCAATTTGTGCTTCCGGACTGGATTATCAGACTAAACGAGGGCATCTCCAGTCCCGTCGGCATTCACGTATCACACTATGCATTACCGGGGCTGCCAAAGGATGGCTGCGCGCACCAAGGATAACTGCATTACACACGCAGGTGTCCCATTTGGGGTGTCGGGCAGTGCCTCGGCAGTGTTCCGGGGTTTCAAGATCAGGGTGTTATCTATTGAAACCTCTGTATTTGCAGGTACCGGTTGACGCTTGCTCTGGGCTTCTCGGCATCTACGTCAAATTGCGAGGCTCCCCTGCAAAATCGGTCCACGAAACTTTGCAGAACGCGTGAATATCGGTCAAACTGTTTGGTAGTCGCAAAGTTTTTCGAGGGGTCGTCTTACGATTGACACTTGGCCAACATGGCGTATGACCTAAACGTAGCTACGTGCGATGATTTGGGAAGAAAACACGTCTTTCGTGGGATAGGTGTGATGTGCAGTGTCATTGGCAGCGGTGGCGGGGCTCTTCTGGATCCCTACCATCGTGCATGAGACCGACCAAAGTTTGGACTTAGAGTAAACCGACAAACAAATTTAACCGGTCTATATCTGTCAACCGCCACGACTGGTTGGCTAGCCATACACCCGACCGAGAGTCATTTCCGTAACAGAAGTATCAAGTCGGTGGCCAATAGCGTAATGTACATTGGCTGGGCCCCCTAAGATGGTCGAGTTTGCGGTGACTATATATTATCCCCAACCATAACGTATTTTGAGGTACTGCCCGCGACACAAGACATAGGCTGCTATAGACACGAAAGACGAAGGTTGACGAGCAGGCTAGAATCCATTAAGTGAGACGTAACGGTACGGTCGACTGATTCAGATCATTGGCCTTAATGTGTACTGCAACTGGGAAAAAAGCTGCTATTCTGTTGGACCAGCCGGGATGTATGGACAAACGAAAAGACATTCTATTTACACGGCCCCGGTGTGTAGAAAGCAATCACAGCAGAAGCGGCTTGTGCAAGGGTTTTTATAGTGCAGCTGGTTACCTCCTTGGTCATCGGGACAACTAGTGCTGGGCTTCCTCGAGCTCCGGTCATTCTTTGTACCTGTCGGAACCGTCATTCGAACCGCAAGCACATATGGGCTTGACGCGGATAACTTATCGTAAGCCGGGATATTGCCTCGGTTAGGAAGGAATACGAACTGCGCGTGGCGTCTTTCTGGTGCTTTCCCATAGTCTAATTTTAAGCACGTATGGACGACCATAAGAACAATAAGCTCCGGCCGACAACCAGTGTAGGCTACGATGACTTA,1562,51.66,Mus musculus
SEQ_337054,TTATTGGAGTAGAGAGATATCAAACAAGGCAGCATCTGAATTACATTGGCGTCTGCAACCTCTTGCATTTTATGAGTCGTCGGTATTAACAGCTTTGGGGGCACGTTCAATGGAGGAGGCCCAGTAATTTTTGACTCTCTTTTTTTTACTGCAACACGACCCTCGCCCTATCGATGCCAGTTGTCACCCTCGGGGGGACCTAGAGACGAAGTTTTGGTACGGTCGTTAGTTAATCATACCGTGCAGCGCTGCAACTATTCCCTCTGGATAGGGACCCGGTCTTTGCTGAAACGTGTCTCAAGGTGCTAATTTATGCTCTTTGCAAGGCGCCACTTCCGGTATAGGGGCGTAAGGTACTAAACAACATAGAACGCGGGTGTGCTGCACCAGCTGTTTAACTTATGCATTTTTTCACGGCAACCTATCAAACGCCATCATCGGTGAAGTCCCTTGGCTACGCTGTATCTCTAAATAGAATCGGTAAATCTTATTACGCCATCCCTGATGTACAAGCAGTAACTGTTACTTGCTGCTGACGTTTGATCGCTATGCGAACCTTTCCTAAAAGGGAAATTG,576,46.53,Escherichia coli
SEQ_583071,TGGACTACCTCATATCATCGTAACTCCTGGTTACATTTTAACCATAGAACCCATCTCCGTTACGTGTACGATTATTTGCGAAGTTGTATGACACTTAGCGTTATTCTAACGTTCGCGAGGGTGCGCCCGTGTGAAACCAGCGGACTGGGGTATCGGGTCTATCCATCCCTACCAGGTAGTTCAAAATTACTCCACACGCGGGTTGCATAACACATATCGTAGCTTTACAGGGCTCCATTACTGCTAATTAAACCCATGTCTACGTGTGCACCGCGGAGTGAAGGGACAATACGCGTTTGCTGCGATTGCATGTAATTCGCAGCATATCTTTAATGGCATCAAAATGCGATTTACGCGCGAGGCGGTTCTGGCTAAAGGTAGCTAGCGTTAGGGCGGGGGGCTATGCTGAAGCAACCCGACAGCTTTATTTCGGGACAAAAATCATAAGAGGCAGTGGTCGTAAGGCGAGCTCGAACAGTCGGAAATTGTCGCAAAAAAGTATGATCATATTGTGCGAGTGCTGAGAAATGGCTAGAATAGGCCTCTTAGCCGGGTATCCTCCTAGAGTAGCTGCTTTAGAAGGAGGGTAGATCAACTCGATGGCAGCACGTCCCTATTTTGGAGAGGGGCGAAATCCACGATTAACCTTTACGTCCGACACAGCCGGCTTTCAACTTCGAGTACGACCGAGGTAACCACCATCGGGTGTACGCTTTGTCTGAATCGTGCTTACCGTCGGAGAATCAGCCAAGCAGGGTGGGGATGGAGCCCAGCGAGGTCCAAGAGGAAGTCTTGAGCCTGGACGTGACACTTACAGACCCGTAACGGATCGTTCACCTCGTTCAGGACCGAGTTTAAACGCTAGGTTGCTGCAGTCCTCAACCCACCCTGGACTGAAGCCATCCCCATTGTCTCACTAAAGCTCTATCCCGAGGAGCGGTATAATTGCCCGCCAAGCTCTAGTTTATGCAACCTGTAAGCGGGGCCTCGGTAATTGTCCTGCACGGCAACAACGGTGGCCACATCGTGTTATTCCCTACCGGACGATACGCTGAAGACCCGCACCACGCCCTGCCTAAGGTACCCATTATAGAATCCATACGGCATTCTAAAACCTTACCAGTCTAAGGTGGCTGTCTCACTTTTTCGTATAAGTAGGCGGAGGCCTTCACTTGTCCGTCGTGAATGGACACTGACACCCACCTGTGGTTACTTTTGTTGCTGCTATGTTGTCCCTAGGGGCTCCCGACAACTGCTCCAGTAGAAAGCGCTACAATCGATACGTTCTCTTCCAGGTGACCTCGACGCAAGCCCACGTCCTTCGTATGT,1329,50.94,Homo sapiens
SEQ_954635,TTCACTCTTACGCTGGTGCCTGTATCCGAATGGGTAGGACTAAGAACGATGCGGATTGCTCAGAGAAGAGCATGACCCGAACAGAACCCTATGGCAAGCCATGCAACTTTACCAGGGGTCAAAGCTCCGTCAACGGGCTCCCAGCTTCAAAGACTAGGCCAAATCCCTTTGAGTGTGGGTGGCTGCGATCGTGTGGTCCTATTTTTTGACGGAGAAGGTAGTTCTGCTGCAGATCGCGTATTAGTCCATTTGCGGAGAGTGCCGGGTGACCATGGTGACCCCCCTAAGTTCCCACGTGGTCTCGATAACACCTGTGGTCATACGTCGGAAGGTACAAGTCAGTTCCCACCCGGGCTGCAGGACCACTCAACCGATGTTTCAAATACCGTTCTACGTCGGACTGAACACTCGCAGTCATTATGCGTGGTCTTGGTTTTTTGAAGCTCCCACGGTGGCAGAGTGCCTTTCGGAACCATTAGCGACCTCCTGACGCTATTGAGGATTGTAGTTATGATTCCCGGGCCTCCTGCATATCATATATCTACCTCCTGCTCTGATTGTTACAACAAAGCACGGTCATCGACCCTGAGTAGAT,595,51.76,Homo sapiens
SEQ_566559,TAACAGGAGACTTTTCAGTACCCCACACACGTGCTGACCTGCACCGAGGTTTGGCCACAATTTAGTCGAATTTGGATCCACTAGTCGCTCATATCGCGACATATTCTCATCAGGTTCTGAGGTAGGGTACAAGGCCCTGTGCAACTCCGTCCATAGGTAGCTGGGTCTATGTGCGACTTGAGATTGCGTGGATTGTACGCCTAAGTGGGCCTAAAAGTTATTCATGAGGTGATAGACCCTGCGGGCCGGATTCACCCGAATGGTTTAGCCGGCCACAAATATCGGATTCCGGCGCTGAGTTGGGCCTCAAGCACCAATTCTCTATCCGGGGCCGCTAGAAGTCGCAATTAACGCTGGTGACCACGCATTGAGATCCTCGTTCGGCTATCATGATGAGACAGGCTAACTCACAGAAGAGAGGTTAGCCCTGATCTCCATTGGGAGGCCCGAAAACTAGTTACGTAGGTCCCGACCCCTGATGATGCATACCTCAGTGTTGGATGCGCATTCTCGTCGACTCTTACACTGCCGTGACGGTGAATAGCAGGACCTCACAACTTGATAGATACGGCGGACCAGGCGATCTGGCCAACTGCGGGGTACGCATCATGTAGTTGTGCATTGACTGGAAGGGGAGTATAAGCAGGGTGTGGATTGACCTGTGGCCCTCGTTCCCCCTGCCAAGTTGTGATTCTATCACATCTCCGTCAGTGGCAAACTCGGGACGGGTGGGTTGAATGTATTAACTCAATTCTTGATAGAATTCAACCATTCCCACCAGACTTCGTTGTCCTCCACTCGCGTGTTCGTACCAGGCCAGACATTAGACTCAAAGGTCTCTAGACTGAGTGAGCTGGACTAATCATATATTCCAGTCCTGATTTTAATTCATGTCCGCCTCAACGGCAGGGGCGCTCAGAAACAGATTCTCTCGCCTATGTAGCTTTTAGCCCTGGCTTGGACAGCGATTATGCCGTAAATTCACGGTAGAGCATGGGACCCCGTTGCATCGTCCCTAAATGGGAGCACAAAGTGCCGAGCGCTCTGTCACGCTTGGTGAAAACAGTGAATTCTATAAGCCAGCTAATACACGATGCTCTCACAATCGGGGTTAATACGCAGAGTAACCTCTACGAAGGCTGCTGCAGCACAAGACTGATTTTCTTATCAATTCGATGGCTTGCGTCTGTTAAAGCTTGGAGATTTAATTTAGCTCGATGCCTATAGTTACTCGTACAGCCTGGGTCTACGCTTGAAACCAGGACATCTCTGGCGAGCAACCGGCCATTCAGATAAAGGTAGAGCGATAGAATAGAGGTAATACACACGATGGTGAAAGAGGTTTGACTAGTTATCGATCGTGACGCTACTGAGCCCTGGTAGCCTGTATAAGGTCTGAGTAACCCTTTTAGTTACTGTCTTCACGTTAGCATCTCCACGTGACCTGTCTGAGACCTCAATCCTTCACGTAACCAATCGCAAGTTACTCACACAGGGATAACACAACTCCGAGTGGACAGGTAACTTCGAGATATCCAAGATTTCTGCCATCCGTCCATCTTCTGCTTAATTAGGGACAGAGATGTCCCGCCATCCGTAGAGGGGCGCTATAGTACCGATCAAGCGCCTTTGATATTGTCGGCAACCTCTAGATACTGGTCGGATGCGGAAATCAAAATGTAGGGGTCAGCCGGCGCGGGCAAA,1704,50.0,Homo sapiens
SEQ_650312,CTAAAGAGAGCAACGATTACATCAAAGCCAGAGGCCAGGTTTGAAGGGCCCATCCTGCACGGTGTAAGGATTTCTGTCCAGACAAGTCTACAGTGGCTACGCCCGTTGTCTTATCTGATTGCTCGTTGAAAGATCTAGAATCCAGTTGTACATATGCGGCCTAAGTGTTTTATGGCGCCCGGCTTCCGGACACTATCTTTGTGGTCAGTGAGTAATGAACTGGCGAGTGCGACCTAGGGAGAAAAGGTCTCGACTGTTGGTAAACGAGGAGGATAATCGAGTAGGAAAGCCGGGCCGGACGTGCTTGCCTAACCCCCCGGACTAGAAGCCCAGGGATGCACAAGGCTCTACATGGGATGTTACAAGCTATCGAGCGGGGAAGTCTCGATTAAAGAGCAACCAATTCTGGCAATATTACATGTAGGCATGGGCCCCAGCTCCAACACTTACCTGAACTTGCCAAACCCGACGGGATACCTAGGAACGCGTTTGGGGTCCCAGTCGGGTGTCCTTCCCGAATCCCATAAGCCCCGGACTCTCTTACACCTGTATACATTCTGTCTGCTGTTATTAGGGAAAGTCGACAGATGCTCCAGTGAGTATTTATCGCATAATCGTCGCTTGCGAAGAAAGGCATGAGTATAGCTATACTGTTCCGTATTAGCACTAAATTTTGCTCAGACCAGGAATATATCTGATAGTAAACCGATCTACGACAAGCCGTTCATCTTACCGGGTGATAAGATTATTAGACCAACACAGCGTCATAGATTCGCACCCATCCTCCCAACGCGTGCCAAGTAACCAAAAGATAAGATCCAAGCGTATGCGTATTCCGGTCCATAAAGCGTTGGCATAAGAGACACACGAAGTGGCTTGGTGTCCTGCTTCCCGGAATCCGCCGAACCTATATTGAGCACCGTAAGCTGAAGTTGCGGATAATGCTATAGAGAGGTAGATTTGATGGCTCCAGCTGAGATTGCTAAGAAGGTTAATAACACCGTCCGAATTATAAATATAGAGTC,1025,48.39,Drosophila melanogaster
SEQ_982079,CCGCGACCGGAGCCAACTCAGGACATGATCGGAGGGCGTAATTGGACTGACAACCAAAGCGTAAAGCCTTATCCAACGATCCCGTAGTCTACGCGAGATGTGCGAATAACAACCGTGCCTCCATGACCTGAGTATTGTCCCAGACTAATCTGCCGGGGTCATGGGGGTACCCTGTTCGTTCGTTTGCGTTCAGGATGTAGACCGTGAATTCAGCCTGGAGTGTGACAGTCTAGTCGCATCATACCTCTTCGCCCTCTTATAGGCTGCCCCTTTTGTGCTCGGCCCCGTCGGACCAGCTTCGAGAGGTAGCGTATTTAAGAACTGACGCCTGGCTCACGAATCGAAGCTCCAAGCGCCCCCCAGACCGAAATAGACAAATAGAGTCCACAGGGAGCCCACTACCGTTCCGGGTTATGTGCCCACTATCAGAAGCACGA,437,54.69,Escherichia coli
SEQ_806308,CAAGGATCCGCCATAGCCAAGAGTCAATCTACCGACTCGTAAACCCTCCTAGTCCTCCCCCCCCGAATTAGACGGAGAGATTCGATTGGCAACGCCTGGTTAGCCGTACCAAAGCTACTCCCCCCGCGGTGTAAGCAGTAAGGCTCCCCGGTAACTGTAAGGCGCTAACTCCTGAGTGCCGCTGAAGAGTTCGGGCGCAACTACGCCCAATTGTACTGTGTCTCAATGTCGTCGAGAGTAAGTGAGACGAACCGAACTCCCATGAAAACGGTATGAAGAGAATCGCAATTCTGACAGCTCACGCAACACCTCCTGTGACCCGTAAACTGTAATGTTTATCGAAGTTGAGAGATTTCCTCTCGCATGTAAAGCATCAACACATTTCAGAGAAGCACTATCGAAGGACTCTCCAAGTCCTTGTATACCAGGACCCTCGACAAGATGTGACTGCTTAAGTAGCCCGTATTCAATTACCCCTGAAGGTAACCGCTGCCTGATTAGACCGGAATCTAATGCGACCCGAGCACACGGTACTTCCTAGAGCGCTGTCTTGAAGCCTAAGACTAACATTCACAAGACTCACTGCTATATTCTTGACCAACACCACCCTTC,612,50.16,Drosophila melanogaster
SEQ_916139,TTTAGATGCCTTTCCTTCTCGCCGCATGGGCTATAGAATGGACCCGCAAACTACCGTTGGCTACTCTCCGAATAAACATTCTAGTACTGCTGGCTGGCCAAAAGCATTAGCCTCTCATTTCAAACCACATGTGTGATCTGGGTAGTAAGGAGGGGGATTTGGTCGAAGAATCAATGTAGGCAGCTAAGGTATAGAGAGCACCCTCGTCAAGTATTGACGGTGCAAAGATCGGGAGGTTCACTGGATCACAGACGGTACGAAAACTGCGGCCTTAATGGCGTTGTACGATTATTCGGGCGTCACCCGGTCTGCTCACGCATAGCACCTGGCCAAGACGTTGTCCAGCGACATCCAGGGAATCGGTTATGTGACCCAATCTAGGTCCGAACTGTCGCTACTACCCGTATAGGCTGTGGCTGACATGCTCTTATAAGAGTGTAAGTAAGTAGCTCCTTTATCTGTGAGGACGCAATGTGGACGTAACCGAGTGCCCCTTAGAGTGCTCTTTTACACAACCAAAAAATAGCACATAAGCCAATAGAGCGCATTTCTTCATCTGAGAGGGGCGCGATGGGAGCGTAAACAGGTATTTTGAAGGGTATGAGGTCATTCCATCCAAATTGCGGTGGAGACCCACCAAAAGGGAGGCGCTTTCATGACACCTACCGCCGGACTACTGTAATTTGTCAGGAATCAGTGTGCACAGGGACTACTGTCTTTGCCTCGACCGCCCCAATGGGTAGAGAAGACGTAACCAGGTTCTAATGTAGCCAGAACGCATTGTCGCCCTCTACATCTTCTTACTGGTCTAGAATAACAGGGATCCCCTATCCCTTATCCTCGTTTGCCCTTTACGAATAACTGTCGAAGTCGAGTCTCTTTTGAGAACCTCTTGTTCTGCCTGGCCCTCTTGATACGAGTGAAAATAAATTTATCGCGTTAAGCGTCAAAAGACCAACTGGGACTGCACTCGATACCTGCCTTGTATGAATACGGTCGCCAGACGTCTCGCACCCTGCATCTTCGGCTCTTGTATTTGCTCATTTATATTGAGAGGTCTATTAGCTCATTTAGAATGTAGCCACGGCTTGCTACAGTACCACGTGTGCGACTTTATAAGCAGACCCTTCCTTGACCAGGATGCGTGTACACGGACCCATTCA,1163,48.75,Homo sapiens
SEQ_549049,GTACACCTGGCACTGGCCTAAACTTCAAACCGACACACATGGAAATAACCCACTCGGATTAAATGGCAATCGAACGGAATGTAGCATGTAGCTGTGCCATCCTCTCTTCCATAACCTTAGTAAACTTGCTCTCCTGCATTCCGGGGGAGGGCGATCGATTCGCAATTCCGGGGCAAACTCTACAAGGAGTAAATTCATTCCATTGAGCAAGGGAGTCGACAAATACGTTGGGTTTTTGCGCGCGCATACCGTCGCGGGTTCGTTTGCACTCGTCACGGAGGTGAAATAGCCGCCACGCGATAGTGCTGCAAAACTCTTTTTCACGCCTCTGACTCGAGTACGAGCATGTAAGTTTGTCTTGATAAGCTCCGAACGCCTTTTTGCAAATCATTGCAGGATGATACTATTTCAAGGCTGTATCGCTATCGTGGAAGTAAGGTCGCGATAATCGTGCTTTGCATGGCGCTCTGGCACGTGCACACTATCCCAAGAATTGAGGAACAGTTTTGTGTGCGTATACTGGGCCTTGGAGTCCGGTCTGGGAATACCCATAGACGGATCGCCATCGGCTTCGATTTCCAGTACCGCCTTCAACAAGCAAAGACTTGTTCCTATTTTAAAAATGTGAAAAGGGAGAACCGCTGTACGATGGCTGTCCTGAGATTGGACCCCTCGCACCGTGGAATATCCCTCGAGGTCCCATCGTCATAATTTTACCTCAGGCCCTTGGGCGCTGGGATTTATTGGAACATGCTAATCGAAGTTGAGCGGCGTTGCCTAGGCTCCTCGATTACGCGACCGGCGGGAGAACTTAGCGGGCACTTGCCCTGGGTGGTGGCGGTACTATTGCTCGACGACCATGGGACCGGGAAGTCGTCTCTCTTACTAATCGCCAGTGGGGATGTTGATTCTACACTTCCTTATAGCACTTTTCCCGCGTCCCGTTCTGGATTCCGAACCTAATCCACATAGGAGAGGTTTTGTATAACACCAAAGGTCCTGAGTGAAATTCCTCTCTGGTCTCAACGGAGAATCCGACATAGGGCGCAAATCAGTGTTGCGTTACGCCAAGGCCTTGACGCACCGTCGAGTGTGGCTCGCTATACCCCAGAGAATACGGCGCATTGTAAAGACATCATGAGCTATACACACCGACGTTGTAGTTTGGAGCCGATGAGACGAGGCTCGTTGACCAAAACCTGCAGTACGCCCGCACCAGCTGATGACACACCCCCCTACACAGGCGGACCGATGCCCCGGGTGCCAATTCCCATCCAAAGTGATAGGGTGCGTTAAGCCGGGCATTCTATCTGTATGCTGGTAGGATTTCTCTCCGTCAGGTATGCCATGTGGTCCACGAGCCTATGGGGCGAATTATACCGGACGGTCCCCGCTCATCAGAGATCACCAGCTTTCGCCAGGTTTTATTC,1430,51.68,Arabidopsis thaliana
SEQ_374901,AAGAGCTGGAGATTTACCATTGAGTATGTATTGCTGCTTTCAATATATTGAGTAATATGTTGCTAGCTTGCACGCCAAAGAGGACAGTTCGGGATCGGATGGATTCGGTCCAACCGTGCCGATCGGAGCTCTATTGCGTGCTCCGTTCAGGATGACAGCCTGTGAGGGTATGTGTGGGATCCGAAGGTTGAACATGACCAACACTAATCGGCAGGCTGTCCTTTACGTGACGCGAATTGGGACGTCTTTAGGTCATGGAGGGATTGGACTGTGACACCCGAGCGTGGTTTTACTCTGCAAAACACAAAAGTCATTGAAGGCTTGACGCCTAAAGGGTGGTACTCATTTGCCACCAGGTCGAGATTATGAATCACTGGGACTGCGGAATCTAGGGCCATTTGACATGTCGGCAGGACAGAGGCCTAGCTAGACCTTCGTCGGAACGTTAGTGTTAATTACACACTCCGAACGATTGATCGTCTGTACTACGCCTCTGGTTAGCCTAGTAATGTCTCTGATCATGTAGAGGCGTGGAATAAACATGAGTGCACGTTGGCAGGCTTACAGACTCCATAGCCTGACACATCGCATGGACTGCTGGGAGCCAATAGGCTCCTACATCGTTGTTTCAAAGCTCCGTTGCTGACAGGGGCCATTGGATACCGTAAAGATTGAACCCTGCCTTTGGTTCGGCGCGACTATTGCTTTTCAACAGGAAGCGGGGTGGAAAATCGTGTATAGGGCTCATAGTGGCCACTTGCTCGTCAACCGAAACAAGCTGCGGTTTAAGCCGGAAGACGTGATTGTCCGTGAGAAGCTCCTAGACTTATTGAACCGCCATTGTAATCTCAAGTAAGTTTATTCAACTGACCAGAACAGGTGGGTCATCGCGTATGGGGGGTGAGACATCGGACCCTCCCTGGGGCTGCTCGGCAGTTACCTCGTGGCGAAGGGAGCTTGCAGAAATCCCGACTGTACTGTCAAAACGCCCCTAGAAAGACTTGGAGCTAACTCGCCCATCGAAGCGACGGCATGGCTCGCCTTTCATATTACTGGAAGCCATAAGGGATAATATAGTTTACTTAAGGTTATCAAGCCCGTCACATCACCCACCATCGATCGAGGTATCGGCGCGTGAGTTAGTGATTCTAAGATAGTCCATGGACAGGTGTGTGTACGTTTGAATTATTCTTAAACATATGCGTTTCGTCGACACATAGCAGAACGCGAAAGCAAGGAGCTTGATAAATCGGCGGTTGCGATCAGGCCATACAATTTATTGTTGGTACATTTCGCGCGGGCCTGGCCCCGCAGCCCCCCCCGTTTTTCCCCGGGCTTGATCCGAGCCCCCCCTTTTGATTAGCTCGGCACGCCGTAGCAATACTCTGCAGCGAGTCATCGCTCACTTGCAATCAAGTGACTGTGCGCTCCCCGTAAGACCGCTTGTATGCCATATCCGGTTATTGTCAAGTAACAACCGTAATGAACTCTCAGCTATGCAAGTCGTGGGAAATCGCTTACAGCACGAGCCCAAATTATGGACACGAAAGAAGTGGAATACAACAGTTTTACGTGCGAGGGGGGCGTGTTCTCTTGGATATCTTGACCCGTTGTGACCGTTTGAAAGTCTACCTACTAGGCCGCCCTTACCTCATATAAAAGTTATGTATTCTTACAGCAGTGCATCTGGACTGGCCGAACAGGGAAGCCACTGAGGGCCACCTCTAAGTAGAGGGCAAACAGGTGGACGCGACGTTTACGGAAGTCAACCTCTCGCATCGCACACCAGCGAGCATAGCCGGCTGTGCCTTACAGCGGAGTTGGTTATAAGAGCGGGTGCGAGACAAGACCGCGTCTT,1858,50.7,Drosophila melanogaster
SEQ_527085,CGGCACGGTTTATTGTTTGATATTCGCCGCGCCTGCCGGATAAGAGTCATACGGTCAGCGGGTAAATTGGGTTTTCCTCCGTTCTAGAAACCACATCGTATTAACTCGGGGATGCAAGGAGTTTTCAACGTCATTCATGGGGGGCGTCATTTAAGAGGGCTAAGACATGCATACTGTCTTACGTCTTAGCGTGCGTCCTGAGCGTGATCGGTGACCATACTGCAACGGCACGAGTCCACGAACAGTCGCGTTCTCACTACGGACACGTTGGTTATCACTTAAATGCTTCGCGGAGTTTCACACCCGACAGGTCTAGGTTGCACGGACGTGCTACAAAACTTTAACGCGTCGCTTCGAAAGAGGTAAGCTATACCAGTATAGTTAATTTCCCATTGTCGCGCTATGTAGACCTGAACCACCATAATCTTAAAAGAAATGCAAATCTGCACACCCCACTCATGACCGCCGGGGATGCATCTGGAGATAATGTACATAGTCTAACACTGCTAATGGGAGACTGGGTCCTATTGCCAAAGGGAAGCAACTCTAGGATCTGTTGCAAGATCGACCCCCATGTGCACCTACCGAACGATGGCGTTCAAGAGGAACTATGTCTTGTTCTCGGCTCCAGTTCGACGCAACATTGAGCCTGAGTGGGCAGTGTGTTCCCCCATTTTGACGAAGAGGGTATTTAGCATATGCGTTCAGACTCTGCATGGGATGCCGTTCAGGGTAAGGTTCTACTGAATCCCAGGTTATGTTGCGAGGACCCTATACACATTGAAACGGTCTCTGCGGACATATTCGTGAGAGCATCCAGCTGGAAGCGCTCCATCGACCCAGTGACTACAGCGTAAGGAGACAGCCTACACACGTCTGACCAGATTTAATCAGTCTATGTAGCCGCCAATATTCCTGGGTTGAGCTGAAATTAATGGTCTCTTTCCACTTGGTAGCCGGTAGTAGGCGCC,971,49.64,Homo sapiens
SEQ_160718,GAGCGGCTCCGAATTAGCTATCAATTCATGACAGGAACACATTCAAAAGATAGTGACCTTCTTTATAGACACGGATTCACAAACCCGAGTGCAACTTACTCATAAATAGATAAGGAATAGGAAGTCACTGTGATATCCTGTGCGTTTAACAAGCCGGATATAACCTATAATCCCAAGGAATAGGCCTCCGGCCATGGAAATTTTCTCCGCCTGAAAAAGCGCCAGGAGCTCGGCGGGGTCAATCAAGAGAGTTACTGACTCCAGTTCAGCTAACTTAAGGGCCATGTCTGGTTGTGATTTTGTTTGCATAGTCCGTTTGGATACATCATAAGACGGTTGGCACACTCGGGACTGTATGGGTTCCGTCAACATATTTCGCGGCACATAGGGGGGACACTCCGGTACCCCAATCTCTAAATATTTGTTCCTCAATGCCTCGATTCCGATTG,449,45.88,Escherichia coli
SEQ_796963,TTAGTCTTTAGACCCAGGTCGGTCGTTCGCGGTACGGACAGCTAACAGGCGCCAGAACAGTAGTTCTGTATAACCTTTGGCTTGAAGCAGGGACTCCGGGTGCTGTTTTCGGGTCCCCTCTGGGGACACAGTCTTTTACCATAGTTGCCGTACTCCTTTATACCCCCTAATCGATGGAGTGTCCCCGTTCGCAGGAGGTCATAATCATAGGTCCATAGGCACGGTTAATTCAGAGGTGCCGCTCAAGCGGAGTCCAATTAAACGTCCCGCAAGGACCAGGAAACGAACCCTTTAGCCCGGGTTACTGGCGATGACTCACATGAGGGCGGAAACCGTTGACGGATCTGTTACCCTAGCACTAAGATGGTATCGGCGATCAGATACGGAAATGCCGATATTTTTTTGGCTCTCCCTGATAACCAAGTGGGTTGCAGACCTCTCCACCAAGTTACGGACTGGCCTTAACTACAACTTTTTCTGGTATCTACATGCGGCGGGATAAGCTCGCCTGCTCTCATTTGAAACGAAGCTTCAGCACGAGATTATTAAGTCCGCTGAGGTAACCAATGTTAGAGTACGCCAAATAAGGCCTGGTAGACCTTGTGTATGACCTCCGTCATTGTTCATTCGGTAAAGCCGGTAATAGTAAAAACCCTCGAATACGGGAAGGAACCGGACATGGATTACGCCTAGAATCAGTTTAGGTTGTTGCGGACTTGCGGATAGCGACAAAACGACTTATTTCCGCAATTTGGGAAGGAAAACCACAGGACCCAGTTGAGTATGCCGTGCAGAGCCACGTTCGTCTTACGGAGCGTAGTTGGGGTAATGTATCCGAAGTAGACCATGCAATAGCCGTTGCGTAAGCTACTCAGACCTGAAACTTATTCCGTGTCCCGTAAAGATTGCTCGTTTGAGAAGCCACTCGTGGGTCTCCGTATGGGGCGGATAAACCCAGTTACGTACTATTTGTAATAGAGCATGAAGACGTTAAGGCACTACGACGTTCCTCACTCCCATATACATATCACTCTAGAATGCAGGCAGAACCCCCGAGCCGGCGGGACCTTGAGGGAAGGTTCTTTTACTAGCAGTAGATCAGCTATTCTGAATAGTGTTATATCCACTACAGGTTGAGACGGTAAGGTCGGAGTACTGGAGAAGGCGCCTTTCCTATTGAGGTGGAACGGCTGTACCCCTAAACTCTCTGCCCTTGCCCAATCCAGTGGGGGCAGGGCTGGAGCAATTCTCAGGAAGTAAAGATTTGGCATCTCCTAAATTCTATTCACATAGACGTACGCGACTCATTGCCACTTTCCGGCGCGTATAGATCCTGGGCACTTCCGTTATTTAAATATAGAATCTGCTGAAAACCAAATGAATAGGTACCTGTCGACCTCCACAAAGAAGTGCTCTTCTAGACACCGCCACGCCTGCCATATCGCTCCTTCGTCGCCGCTGGGGAGTGGGCGGCACCCTGGGTGGTCGTGTAGGGTTGGAGACAATCATGCTCCCCGTTGAGCGGCGCCTGACCTTCTCCAGAGTTATCTAACGCCGGTTATAGTGGTTCAGAGTGCCGGTTACGCAGAGACAGCTACCGTCTGAGCGTCACGGCCGGGGAAGGCAGGTGTATTATTAGCTTGGTGCATCGGGGTCTTCGACCGGGCACGTTCAAGAAGGATAAGTGGCGCAGAGTGCCGCAGCTCCGCCTGGTGACGTAGTTCTGCCAACGTCCTCCAAGCCAATGAAAGCCCGCTAACTGTTGCTATGAATGTACCGCTGCTGTGTTTCACTGTTTGCCGCCCTGGTTGAGATGATGTGCAAATGAAGGGATCGGCAATAACTTACGCCCCCAGATAGGGCTGCGAGGCCCGTCGTTACGGTGTCGACTACAGGCTGTTGGGCCCGGTTCGGCTTGAATTGTATCGTATTCCCCGAGTTGCCGC,1946,51.59,Saccharomyces cerevisiae
SEQ_985041,CCACCAATACAGCTGCTGTATCAGCGACATACCACTGGTCGCTTCAACATGTGCCTATTGCCCGACTGGCAAAGTTCCACTGACCCGCCTCGCAGGATACAGCGTGGCAGATTGTGTATCTCGCCGCCTACTCGGGCCGCACCAATCGATCGCTTGCGCTCGATCAAATTCTCATTATAAGAAAAAGTGTGCTGACGTGTAGCCCGATCATTATTGCATCTCTCCATGCCTGTACCAACTACATATGGTTCATCGGTAGAACATGTTACTTCCGGAATCAACTCTGCATAACCTCATACCCCCCTGTCAGCAGGGCCAACACAAATCATACGAACATATATATCATACTAATTTTTTCCTAGTCTTTAGCTCGGCAGAGATCGTCCCAGTAACCACACGGATTCCAGGCTATTTAATGACTTGCCGGTAGCTTGTTTCCTCCTCGTCCCCTCACGAGGTGCGCCCGCTGGCGTAGACGATCAAGCTGGGAGTCCGCAATTTATAAGTGCGACACCTGGCTCTAATTACGACACCGAGATTTCAATTCGAAGTAGAGTAAGACGGTACGGAGACGGGCGCAATTCTTGATTACCTCCTACAATGACCGAACCGGTGGGATGCGGACAGCAGCCTCATCAACTATACGCAAGTACTGCGTTTAACTGGCCATAGGCCCAGTCGTGGACGATTCGGAGGGACACCAACGCTTACTACCATTTCCTTGAAGCGGGCCTAGATTTAGTGCTATCAGCCGCAGCGCTA,762,50.52,Arabidopsis thaliana
SEQ_233361,CCGCCCACGCCTAAGCAGCATTAAACTCCTTCCGGACGTTTGGAAAGTGATTTATGGTTACACAACTAGGGTATGAATGCTGAACTGGGCATGACCAACGGAGAGATCAGGCTCGTTGCCGTTCATCCGGATAGTATAAATATGATTTTCAAGACGGGGAACCCCCAGAGTTGTGCTTAGGTTGCGGTCGCGATGTGAGCCTGCTACCCGGATCGTTACCTGAATTACCAGCTTGCTACTACCGGGGTACTAGGATGGGCTTCTGTCGGAGGATGAAAAGAAGAACGTTGTTCTCGGTTTCACCTACCCTGAAATTAGCCGCGCTAGGCTACGAAAGGTACGTACATTCGCACGCAGATCAGCCGGAATTCTATCTTTTGGTCTAAAATGCGACGTATCGGAGCTCCGTTCTTACAGGCCCCTGCATCTCTAGTTACGTCTAGGGGCAACAGCCGTAAATTAAGCTGGTCTTTTCTCCTGGACATCTTCTGCGCTCCTACCTGTGTGATTCTGCCCAGGGTACAAACGTGTTCCTACCGCATT,543,50.28,Saccharomyces cerevisiae
SEQ_813470,TACAATATTCGTCATTCCTTCCACGAACTCAAGTAGGCACCGCTCGCGCTTAATTTACGAACAACTAGCTGCCGCAGTAGATGTTGTGAGTA,92,45.65,Mus musculus
SEQ_182107,GTTCCTTAGAAGTAGGTACTGGCGAAAGAATAATCCTTACTTTGGCCCCTAGTTCGAATGTCCGCTGGCGTTCTCGTAGCGAGGCGCCCTGCATCCATTAATCGGTCTCCGTTCCCCTCTTAGCGGTGTTTTGGGTACCGTCGACTAGAAAATTAACGGGCTGCCGGAGCTGCCACTAGAAGTGATTGCCCTGTTCGATCGTTCTATACCTTGTAGAAGTAGTGCTCTCGCGATCGGGTCGTGCACCGGCGACTAAACCGCATATCGGTCTTTTTCATGTATCTTTATCGGCACCCAGTTCGCCAGAGTAAATCGGCGCTCTGGCTGATGTGTATATATGTACTATAGAAGGCTCCTGATTTCGTGCTGTTATACCTGGGACGAAACTAGCAAGAGACACCTCACTTATTATAACCCAAACCACCTCCCTCGCATGGAAACGCGGAGTCAATAGCTACGTTTCGGTCGACTTTATTTCCAATAAAGTTCATGTAAGACAAAGGCCGCGTTAGTCCCACGCCGATGTCCCACTACAAGTAATCGCAATGGCGAATATCCGCTCGTAAGTTTTAGCGATGAAAGGGGACGGAAAGGAGAGTTGCGGACTGCGTGTAGGGCGTAGTTAGACTGTTCTCTGTCCCCGCTAGTAGCCCGTCCGGATCGGGCCCTGACTCTTTGTGTTTATAACAAATCCTCGATTTGCAAAACGACTACCAGATAATAGTCCTACCAGCACGGTTTTAGAGCGTTGGGATCGTAAACAAGTCACGTAGTTTTACTAATGTACATTTCACGAGTAGGGGAAGACACCCAAATCCTGACCTCTCGTAGATCAGGCTTCACTATTTGGCCATCTAGAAGTGTCAATTCTTTTAAGACAATCTCTCGGCAAGATTGAATGAGGATGAGCAGTGTTAGAAGCAGTTTGTGCTCATGCCGTCATAACCCAGCCAGTTTCTGAGGGTGAAGCCACATCCACTTACTCTCGTCCTTATTTTTTCAAACTGAGGACCTATCTATCATGATGTTTGTACCTGAGCCGTGATTATCAGACCATCGAATGTGTCATTTAGAGGTAGATGCGTATCCGTACCAAACTCCCTGTCACCCCTCACGGGGCGTGGTGCTCGTCGTGTGGAGCCGACCCCAGCATAGCTCAAGTAGAAGCGCTAGCCTCGCTACATTGCAAAAAACACTAGATCCACCACAAATAGAGCAACCTGTTTCGAAGATCTGCATTCCACCTGTAGCCTATACAACCGTTCAATGGTCCATACATGAGTCTTACACATTACTGACCATACAGGCACAGAGGCTACAGGAGTACAGACTACTACAAGCAGCTTCGGATTGTTAATAATACTGAGCGTCTAGGTCACTTTGGAGACTGCAGTCGGTGATTTGGCTTAGCAGTTCAGCTAGGCAAGTTAGAAGATGGCTCAAGGTAACCAAATTAGGTCCAACCCAACACTCTAGAGCAGTGTAAAACTTTACTTCAACGACGCTCACTAAGGCACGAGATGTCAAAGCACGCAAAAAAGTATTTAGCAGTTACGCTCGAATTGATACCTGACCGTGGCTACCAGAGCCCTGGTTGGTAAGCCAAGCCGTCACGGTGTGTATCAGAAGCGGAAATTCGTTCTTTTTCACATCCAGATACTTTTATCCTAATAAGCCTTGTTTTAACCATTCATACAGCAATCTCCAGCCTAGTGCAATGGTCCGGCAAAGACTGGGCCCATCAGAATGCTTACTTCTATCAACGCGCCTCACTTTTGTGATCGACGGCTTCTATCACAACCCCTGATTTAGTCCAAAAATGGGTTTCTAAGGCTGTCAGCCTAATCAAGCCAA,1854,47.3,Mus musculus
SEQ_797131,AAATACGTACATTTCAGCGGTCTTAGCAGGAGTTGGGTGCAGGAAACTCCCACAAGGGACCCCATATAGCAAGGACCACTCCGGTAGATTTGGTAGAGGTCCACGTGTCAGTTGAATACAGGGGATTATGTGGGTCACGCTTCCCCAAATCATAATGCTTGCCACTATTTTCCCGTACCGACGGTTATAGATGGGTTGTGATATAGGAGAATCATCCGCGGCTTGCGAGTAAAAACAGTTGACTAAAGCACTGACACTAGCACTTGTATCTCGGCATGCACCAACAGCATTAGTAGTAGGTAATCTTAAACACGTGAGAGTACGGCTGTTAGTTTATACTAACAATGGCCATGGAGGGGTGCATACTGTTCTTGTGCTCGGTCCGATGCAGTCTTAGCCAGCAATACTCGCAGAGGACTAGCTCGGCCATCTATAGAGTTACGGAATGCTATTCCGATTCACTGATGTAGGGCATACATAGAGACAAGGGTATAAACAAGTGGCTGATGCCTGGCCGAAGCGAGGTGCATACCACTACATCCACCTAAGCCAGGGTGTAGGGTCCAGCACCTATCCAAGGTTTAGCTCCAAATTCCACCGAATGTTAATATTCCTTGATGTGTCTTTATAAGGATCGACGCGACAACGAATTAGAACAAGATTCCATCTACAGGAGCATGCAAAACGAACCATGCTTAATAGCGCACGGCTGTTAAATTCTCGGCAGGCAACCTTGCTGACGAGTATCGAGCCTCGGCACGACATACTAGGTTCCACCTCATTCACTTAAGGTGAGAGCCGGCACAACATCCTAAACGCGTCCTGTAGTCCTCAAAAGGGCGGAACAATTATATCCTACCGAGATACAGTCAATTTTCGATACCGCAGCTACCTTCGGTTCAGTGTGGAGGGATGAAGGGAGTCAACTCTAGTCGTCTTAAAGTGCACCTGTCACTGAACTGAATCAAAAGCTATCCGCCCTGTGAGAGCAGATCTAGTGACAAGCTTCACTTGGAATAGGATGGGCCTAGGTAGGACAGGGCTCTGAACTAGATCAGTAAATGCCTTCGAGTATGACAAAGCTAGATCTATGTCTACTGCGAGCCAGGCGGAGAAGAAATATACCCCTGCCCCTTTTTGCGCTGAAATTAGAGTGACGGCTGCCTTCAGAAATTTACCATATGTTTCCCCCTAAAGATCTTTCTGTCCCTCTATGTACACGTGAGCGGGCTTTAAAGTCATCGCAGCATCTAGCTGGGCGATGTAGGATAGGAATAAAACTTTAGATCTGACCACTATGCCCATCTACCGATCTGTGGATTCATCGTTTTACAGTTAGGTAGCA,1345,47.21,Homo sapiens
SEQ_481528,GTAAACGCGGGCCAACTTAGAGACTGTAATTTCGTAAGCTGGGTAGGGCTTGTGGTAGTAGCGGAGCAACCTCCTACGTTTTGGTAGCGAACTAGACCCTGGGGTCTCGGATTGTCTTGACCCTGTAACGTACTTAAATCGTCAATACTCACAAGCTGAGCTAGGAGGGAGCACCGGCGACTGGCGGACACGAAAGGTCCAAACGAACTACTCGTCGGCCAATTGACCAGGATCAAGGCCTGACGAGTTATGTACAAAGATGATAAGCGACGGTGTTGGAGGTCTGAAGACTTTGGTTAGGAGAGCGGACACTAGTTCCAATGCCCCATGCGGGAGGCCCTTGCTCGGGCGACGCTGTGCTTAGAATCGTGCAGGGAGTTGTGCACCCCAGTCGAAGCGGGGAGACGACAAGCTTTTCCTTACGTTCCGTTCTGAACCCGGGGCCTTATCTTGAACTCGTACAGAGAAGCGTCTACCACTGTCAGATGAACTTGTCGCAGGTACTTAGCTGCGGTCGGAATAAAAGCAGAAAATCCGTACGTTTCCGATATCAAGCGCCCCGGCTCTTAATCGACCATGAAATCGCAAATTTGTTAGACGTAATGGGAAATGATCAGTGGACTGACCGCGCGCCAAACTGCCTAGCCAGCGGGCAGGGGACGTCTATGGCTAGTCAGTCCATTAGTTAAAGAAATCTGGTGCAGGATATGAGCAAGCGGTGGTCTGATCCTTGTTAGCAAAGTCGTCAATCTCTCAGTAGCATCCCGGGAGGATCGTGGTCCCGCGTATGATAGGCAAGGCGGATCATCAGCGTACCAGGAAAAGGGGTTTTATGACTTGGCGCCAGGCCGTCAAGTGATTTATTATTAGAACGTTAGCATAGTGTCCATAAGTATTCGTTGTAGGACTTTAACACTGGTAGGTTCTGGCAACCGCGAGTCCACGCCTTGCGTTAATAAACAGAAGCACGTGGCAAGCTTACTCCGACGTTCATGGGTCCCCCCTAAGCGCTGAACGCAAGAAGGTCCGCGTGGATCACCAGAGACGAGAGTGCCGTGGTACATCAGAGGGCCTCTGTCGGGCCTCATCATGTTCATAACACTTTACTCTTAAGTTCGCTCTTCCTTCTTGACTTGACGGTAGCATCATAACAGATAAACGCAATTGCCGAGCAGACAAGACGGGAACGGTTAAGACCATAGTTCTGGAATGCAAGGGGCAGTACTAAGGCCTCGAATTAGGTCCCGAATTCAAGCCACATGACTACAAAGGGCAATCCGTCCGTTCAAGGAACTTTTACGAGACTAGGAACCCTCAAAAGTAGCTGGCCGCCTCGGTAGCTCATTGGTCAATTTGGATAAATGCCCTCATGAGTTGCAGTCGAACTCCTGCAACACTGGAAGCTTGACCACCAGGATAGAAGGAAAGGTCAGAATAGGCCCTCTCGAGCACTGGGACTCCGTTGAATTCGCGTTGGTGGCGG,1483,51.38,Homo sapiens
SEQ_870227,CTGACAGCAAGGGTATGCCTTATAGGTCTTTTTTCCTAGGGGGGCTGCACTATGATTCGCGTCAATGCGAGGCAAATGGTCGTAAGGATGGTATAGAACCCAAGGATAACGTTCGACTCGAGGTTAACGCAATATTACTGCCTCTCAGAAAACGCTTTCCAGGCGAAGCCCGGCTCCTACGAAGTGAATGTTAGTGGATTGTCTTAAGCCATGAAAGCTCCTATAGCGAGCATGCTATGCGAGGGAGGGTTGCGGTTAGCTGAGGACACACATTCTGTTTTGGGAAGCACTCCAGTAACAGGGACCAATGAAAGGGCGTGAATTATAGTTTTGACTAGATCGGGCAGGGCCCGTACTCAGCGGCCGAGACAACTGATCGCGCGTCCCCGCGCTCGCCACTCGCCCATATACGCACAAGATCCGAAGTACAGATACGGCATAGTGCGATAGTATGTGCAGGCTGAAGAGTTATCGATAAAACGGAACCCCTCCCTGAATGAGTGTTCTACTGTCAGTTTCATGCTGTTTGCGTTTTTAAGTGACAAAACAATCATGACCTGCGCCGGTCTCGCGCTGAGCCTTTACACAAAGACTGGGAACAGGTTGTTGTGACATTTAGGAAGCTAGTGGGGTTCCAAGTCATGTAGTCCCCTGCGGATCGTAGCTACGCTCTACGAACTACCTCCACTAAAAGAAGCAGCATATGTCCAAAGCCTCTTCCAGCAGAGCGACGGGACATCTACTACTTGCTACGGGGTTTTCCGCGTAAAATTCGTGCAGGGGATGTATGCAGAACAACTTTTCCGCCTTTCCCCCCGAGCTATTTTGCGCGAAATTAAGGCAGGATTGGAACCAATCCCTAATGCGTGGGTTGGGGGCTGTAATAACGGGGCGTACGCTACACGATGTTCAATACAATGGGTACCTTAAATCATTTGTAGCGAGCCATTACGAACACAATTCTTACAATTCGCTCTAAGTACCAGCCGCTAATCCATGAAAGTTTCCGTCTCTCTGAAAATTGAAGACACGTGTAGAACATTGATCTAACGATATTCTCCGACAAGCCATTTTACCTGAAGTAGATTCGACCCCTTTTTCGGATCTCTGCACCGGTTGCCGTTATGTAGGTTACACCTTAAGTTTAACAAAGTCCAAGCGATCGCCATTAATTCAACATTCAAATGAGAGGGCTTTTCACGCCCACACACCCCTTGAGATTAATCTCAAGACGGAGTTCGCGGTTATTGGTCCGACAACTTTGTTAGATCACAAAATATTCGAAATGGGAGCAGCCTACGAGTCGATCGAATACAATCCTGTAGCAGAAGTATGGCATTCCAATAGACCAACAAACCTCGTTGCTAAAGCAGAAGGGGTGTTGCATTCAACGGGTCATTCTATCCGCTTAGTTTCCCTTACGATTCCAATTACATTGAGACTGGCCCACACACCTACATTACAAATCAGGACAGATGTGAGTAGCAGTACGTTGAATCATCCGGCAGCGGACAAAATCCCATAGGGTCGTATCACTGTGCAGGAGGGTTTTTGAGGGCAAGCAGTT,1567,47.73,Drosophila melanogaster
SEQ_231885,AAGAAGCCCGGACGTTACTGATGTAGTATTTAACCTGAACAAGGTAATGCGATTCGACGACTGGTACCCCACAGGAAACCTTGAACCTAATACATCTTCCGGTGGGATCTGTGGGTCAGTTGTCAGCAAGGACTCCATAACGTCCTTCCGAGCAAGGCAAGAGTGGTCTTGGACTGTGATATTATCCCGATGTAATTCATACGAAGACACAATAGTAGATGGCTAAAAGCTACGACCTCGAAGTTTGGTCCCAACTACCGCTCCAGAGTGCTATATTTCTGCTGGCGTATCAATGGAAAGTGGACAGCAACAGGCCGTTAGAATTGAGAATAACTCGGGCTAGCGCGTACAGATCCTGCTTCTAAGGAGGCGTGGAGAAATAGGTGACGAAAAACACTGTGGCAGTCCGTATCACGAGGGGGCGTAGGGACAGTTATCGAGGGCCTTGTGGGCCTTCTTGGGCTTCGAGAGAATCCTTTTTAGCTCAGTTAATGACTTAGGAGTTGTGGGGCATCCAACCCATATAGAATAACCAGCCTGGGAGCTAAGTCGGGTGGATCGGGTTTCCGGTGGGACGTAGACTCGGGAAGGGAATTAATATGGTCGTGATTGTCTCTAGGCTCCTAGATTTACGGTCATATAGGGTTTACGACAGCAGAGCCCCGTCCCGGGGAATCGATACATTATTTATATACCTGCTAAGGGTTAATAAGCGAGCTATTATCCTCGTCTCCACGGCCTTAGTGTCCAACTGACGAGTCGCATCCATCAAGGTATCAACCCTCTCGGCGAGTTCGACGAGCTCACACCAACCTGAGAAAAATTCGTCCGCCCTCTCTCAGGAAGGCTCTGCAGGGGGTCTTCTAAAACACTCTCATGTCGAGTGTAAAAGATGCGGCGGTATTTATGCCGTTCGTAATCACCTGGAAGTTGCCGTGTATTTTGGTTCAGTGCGGAAATCCACCCCGGCGCGACGGGGGTTGGCGGTAGTTTTATCCTGTCAAGCTTCCGCCTTCACTTTTCACCCACTCTCATTTGTAGGCTGGGAAAGGTTAATCGGCATAATACCCTATACTTAAGTGTGTATAACTAAGATATCCAAATGTTGCTGGGTCGTTCTGCCCCACACAGAGGTGCAGCATAGACCCCTACGATGCAAGAAGATAGTCTAAGGTTAGCTTATTGGGAGATCCATTTATGGTGTTGTAAATTGGCGCTCTCATCAAATCAATCATGTCGCCGCGCATGGGTGACGATCCGGGTTGATAGAGAGTTCATTTGACCTTCCTATCAAAGTAATCACATGAATTGTTGAAAGCTATAATCTTCACTAGTTAACATGTGAATGCGCGCAGGTTAAGCGAGTTGCACGTGTGAGACGACCGAGAAGCCAGAAAGGAGTGTGTATAAAATACCCTTATTACGGCTAGCGCTCACTACGTGCAGCAAGATTCCAACGCATAGCGATAGGTTGAAACAATTATGGTATGAGCTCGAGCTCTTACGCGCATAGTGGTTAGAAGGATCATTAATGTTAAACCATTGAAAAGGCTTCCGCAGCTACTCCTACATTCGTGTGATTCGTGAGGTCTTCCGACCGTACTAAGGGCTG,1612,47.95,Homo sapiens
SEQ_568647,CGCGTGCCGTGCCCTATTGAGGTCCCTAGCGCTACGACATTGGTCCGAATGTGAATCCAGCTATAGGCTCTTATGGGGGGGGGTGGACAACCCCAGGCCTACGTTGTAATGCTATTGCGATCCTGGCTGCGCGTGGCTGCGCTCCAATACATTAACACAGGGTAGGTAGATCTGGCCGCGCGCCCGCTCGGGTACACTTTTGGTGGCCCGTTTTAGCACATAGCTCAGAAGGGCCGATAGGCTTCTCAACCCTCGACCGGCGAGACAAAGGGAGAGCCGACTAGGGAATTTTCTAGCTTGTAAATCATAAGGTACCTCTTGTTCGCAAGGAGATGTACTATCTATCTTCGAGGCTCTATATAATCGACAGTCCAGTTTTGGCTCGGGAAAATGATCTAATTTGCACGATGATTATAGCGAACTATAAGGGCGTGCTACCCCACAAACCTTTTCTCGGGCACTATAGAGGGCCCCCGATTGTGGGTCATCCGGTGTTTTGGGTCCTCCTGTCAGTCATCACCACAGACGGAGGTGATTGGTGCGGTTTTCGGGACGGTCATTATCCGGAAGTTACGCCTGTTAAGTGGGCGTTTCCCCCATGGGCGGTAGCCTTCCAAGCGTGCTGGCAGCGGTTGAGAGGACCTATTTGTCTCACATCACCTTAGTTCCAAACTAAAACCTCTCCAAAAAGTTTTATCAAACAAAGATGTCACGAAAGCGTTGGAGACAAGAATATTGCCGCTCGTTGACGCTGAAGAGGACGTGATTAATGCGGTAAGCTGATCCAGTTGATAACCCCATCCGTCTGGCACGTTGGATACGCCCGAAGTGATCGCGGAAAGGTTGTACGATTTCCTTTGGGTGGCTAACGCAAAGGCGAGTGGGAAAAGGTCCTAAATTTGTTGGGCAACCATATCTATCGACGAATCCCAGGCGTACCCGTCTCACATTACTGGGTTTAGGACGCTGGTGACTACAGAGATTATTTCACACGGGACCTTTCCCGGTGTTTACCTCAGCGTGTAGTGAACCGGTGCCGCGTAAGCCGACACCCCGAAATGTTTCGGAAGTGATATGAGTGTGCATAGGTTGCGACACGTGCAGTACAAAGTGCGGAAATGCTAATGAGCAACACGCTCCGTTAACATATGTACTCCTGATTTAAGGACAAATTACTTACAAGATAGACGGCGCGGGATCCACGCACCTATTGCAACTCAACGGACCCAATTTCGAAGGCTCGCTTCAATTTAAGATAACCATAACTAGTTACCTGTGATGCGTAGTTCCGAAGTCCACGCCATTGTCTTGCACTGCTCATGGGAGTCAATCTAGCGGTTATCGTGTTTGCCGGTATGCCCGATAGAACAGCATATGCCTGACCCGATCGATTTGTATGCCGATGCATAATGCTTGAATCAGTGTTCCTGACCCATGTAAAAGGACCGCGCGGTGACATTGGGAAAGGTCCTGATGTGTGCCACCAGGTGACATTAGGCAGCCCTCCAGCTGAATCCTAGCTAAGGACATTGGGAGCGTGCTC,1543,50.81,Escherichia coli
SEQ_626199,GTCTTCTCGAACAGAGTTGAACATCCACGGGAACCGTCGACTCCGCAATCAATATAGAACGGCCTCGATTCGCGCGTGGGTGTACTCCTGAACTGACTAATTGTAATCTGGTGACCGTACTCAACTTGCTGTCGTCACTTTATGCAAGTCGATGTCCCCGGTCTGGCTTGCGAGCCTGCTTGCGTGAGTCTCTACTATCTCGGGACGAGTCATTTGGTTGGGCTTCTTGATGCCGGCTAAAACAAAGAGCCGCGACTCAGTGAGGTGTGTAATTTCTCTCACGCCAAAAATCCCCGTCGTGATGGAGTGGGCTAAGCTACAGATTCTCTACCGTGGAGAAGGCTTACTTTATAGTAGGACATGACGGGTGTGGGATAGCCATTTCTATGATTGTCGTCCCTTATTAGGATTCACGGTGAGTAAAAACTTTTGTACTTGCGGCGACTAATCAAACGGATTGGGGAATTCGCCGTTACCCTTGACTACCCATGAGTGAACACACCCACGCTGATATCCCTGATATGAATAAGGCCCAAGGATCCATCGAGTCGCGCGGAAGTCGGCTTCGACTCAGCGCAGACGCTCGTGGGATCTAGGTCACTGCATCGAAAACAGGAGGGCATTACCCAACCGCGGTCTTGAGGGGGGCTCCCCCGTGCCGCATTGCATATGCTGCTAGAATTTCGATAAAGGTCACTGCGCAGTGACCGCCGTCACTGAATGATCATAAGCTTTTTCCCTCAGACCTGGTCGGACTAGCACTACCTGTTAGGACCGAATCACGTTCGCCGGCCTATGAAAATCTGGAGATATCCGACCAATCGTCTGTTAGCGCCGGCGAGGAACATCCGTTGGCAGTCTGGTTACCTGCCATACGTTTGCGGTTGATTGCCTCTTTCTAAGTTCTTGGCCTTGTATACAGGGTTATGTAGTGCACGTACTGCATTCCCCAATTCCAGGCGTGCAATCTCTAGAAGTAATGACTCGCCACGCGACATCGGCCCTACATAATATAATCGACCTACAATTGAACATCTAATGACAATTATTGGCATCCATGGAAAAAATGCGACAGACGGGGTATTGACCTATTCTGTCCGCCACTGGTTATGGCCGACGAAATGCTGTGACGTTTACCAATTATAACACTTATGGGTGAAATGTGTGCTGTCCCGTCCGAAGATATCGCTCTGATCCCTACTGGATGCGAGGCAAGCATGTACTCATGTACTCTTACGCCCTACATGATGTCCTTATCCGTATCGCCGGGTGGATTACGCTAGTTTGCCATGACGACTATCGCAGTACAGAGGGGGTTTAGCACCCTTCTCGAATGACCAGCAGCAACCGTCTCCTGTGGCCTTTATACTACTCGAACACCAAAGGCTCCCTATTTAGCTCCGATTCCTCATACTGCCCATATGAATGATGACCGATCAATTCGAACCTAAATGTGCGTATCGATCGATCTCCACTGGTGACTCCGGCGGCCCAGATGAGCTGGGTTCCGCGCCCGCGCAGTCCACCTCGACAGGTGTAGCCCTGGGATAAATGGTGCACGGAGTGCGTGTGCAGGGCACAAATAAGCCATACGAGTTTAGCCGTTCGTACAGTTCTCTCATGCTCTGCAGCAGAGAACCTGCGGTTATAGTGCATACGCAACCTAAGGGCACCGC,1676,51.01,Saccharomyces cerevisiae
SEQ_336354,CTGTTACGAGTGTAAGTGGGTAGGGGTAACTCTGTGTCCGTAGATCGGCACTGCCATAGATAAGGATCACTTGTACGGAATCGTTCTTGAAGTCATGCGATTAATGGAGAGGTATTATGCGTCGTGAGCCCATTGCTACGGTATCAATTGCCGCGTACCACAGGCGATGTTTCCCCGGTCCCCCCCGCATCCAAGTGCTGGAGTTGTAGTGCCGCGGTCTTTGGAAAGATCATGATGGCTCGCGTGAGGGCCAGGCAAGAACGATAGGGTATCATCTCCAAGGCTTAAACATCGCAGGCAAAGTATTCCGGCCTAGCCTATCTGCTTATGCGGTGTGGATACATGTGAGGCCGGTCGGCATACTGCTATGTAAAATTTGAGTCACCCGACAAACTATTTACTGTTCTTTCTGTTGAAGTCTTTACGCCAAGCATCTGAAATTAAAGGCCCCATGTAGTCAAACGTTCTGCCCGTCCTGACTCCTAGTAGCTTATTGGTATACGCGCTACGATAAATTTGAAGCACCATAGACCTTCCTGGCGCAAGTTGGTCAACGACCCGTCCGGTCCTACTGCCAGGTGCCGTGATTGAACAATATAGCGTGTCTCTGGCTGGAATTCTGCTCAAGAACATGCAAGGACTTCCGTTTACACAGTACGAAGAGAGCCGCTGCGCGCTGCTCGTTCACAGCTGAGGGCATCTTTGAGCGCGCTTATGGATTATCCCAAGCATGGTCGGTTGGATTTACGGTTCCACAACTTCTGGCGTGGAGCCTTTGACGGCGCTTTTTCCAGAGTGGTACCTGCCAACCCGTAAATTGCGGACGGCCACACCTAACAATGTGTCATGATACGACGCAGCCGGAGGCTAAGAAGTTGTTTCCTGAAGGAACTAGATGCGACAGGGGTATCTACGAATCGTGTAGCTCAAGGAATATATACGTTGTCTTAGGACTTGTGTGTCGGCTAGCATATGCACTATACTCTGTCCTTGCGCGCATCACAGGATGAGAAAGCTCTAGTTTAGTGGGCGATATACTATCTGATTGGTCGTCTACGGCTTAATCGAGTTGCGTCTGTCGCAAGGGTTGGTATTGGCAAGACAAACTAACGTCTGAAGAGACAACTGCGCCGCGTTCTTCGATATTCTTTCGGCACCCGGATGAGGTAGGTTCCTCCTCGGACTAACTTAATGAGAAAGACATGGGTCTGTTATACTGTACTTGTCAGAGCACGTTCCACAGTATGTCTCGTCGGCTGTAGGGCAGTCGGTGAAGTCCTCAATAGGTTCAGGTAAGATGTTGGATGACTTGGGTATTCCATATTACTCTTACGATAGCTGTAGCGCCTACGCAGGCCGGGGTAGGTTGGTGAACCAAGGATGTTCCGCACTTAGCTCCGACGCAGCCGGACCTTAAGGGGAAATCAAAAGGCTCGGGAGTGTCCTGTATTTGCCCCGACTGTTGGTCTGCCCACCAGTAGAGGCTGTCATGGTATTCTAAAGTACAATCGGCGAGACGCTATTGCATTTTCACCATTTGTCTGTGGCCACCACTAACGTTGGCTTTCGACCAAGCAACGGTGAGGCCCAGACCGTCATATGGGCCAGCATGGCGTGTAACTGATGGCGCGAACCCCTCTTACTAGACCTGTCCTAACATACGCGGGTCGAACTGACTGGAAGTCTGGCTCCTCGCACTTTCTTAT,1706,50.64,Saccharomyces cerevisiae
SEQ_728130,GTTTGTATACTGACTCTGCATTTAAAACAAGGGATAGTTGTGAGAACGGTAACATGCGGTAATTTCCGCCGCTGCATTTAAGAGTCAAGAGTTATTAAACTCCTGAGTTTACCGCACGTGTTGGGACAGTCTATTAAGAAGACCTCTCGGGGAAAATCTGATAGTGTCCTACCGACAGACCAGACATCCACGATAGTAGAAGCGTCAGCGGATCGTCGGTTATCCGTGTCCATCTGTTCCAGCGCCCCTCGGATGCATTCTCTAATTCTGGAAATCGCAAATTGGTCGCGTTGAGCTGTTTGCGCGTGCTTTGCCCGGCTTAATGATAAGGTCACAGATTTGACCCCTGCCTA,353,47.59,Mus musculus
SEQ_319225,CCCCGATTGCATATGCAAAGGTACTAACGTGCACACGACCTGCCCTATAGGTGCATGATGTTGTCTAAGCTGTTAAGGAGACTGGGACAGGAGTAGAGTGCACTACCTAAGAGCCGTAGCATCTGATGCATAAGTAATTAGTCAAATGAGCCCTCTCACGCGATGGAGTTCTTGGAATGGAATAATGCCTGAGTCGCTTACGGAGAAGAGGGTGTCTAAGGCCAAGGTTGAATTGCGCACCGGATGGCGAGTATGGCTGACTAAGGTGAGGTCTGCCCATCCGCTACGTGTTAACAGAAATCTTACCAGTGCACTTTAACCAATAAATACTCCGACCCCGGCGTGGAACATGGAAATCTCAAACCCCCTTCATAATATAGGGTGCACTGTGAAAATCATGAATACATCCACAGGTGTCGGCATGTGGTCTTGAATCGAGGATGGTTCAAGTAACAACCCGTCGCCGCCCCAAATCTACTGGCCAACAGTCCGCAGCGCTTGGCTCACGCGCGTCGCCAGATGACCAAGACGTGTACACTCGCCTACATTTCAATGCTGTACAGCATCGTGCGTGCGGCATTGGTTAGTGTCAACTATCCTCTCGTCAGGAACTGATCTCAATCGCTAGCCTAATATATCTCAGGCGGACTCTGTGGCGGACCAGCGAACCTAACCATAGAAGCTCGCGTAATCCCCCGCCGTGTTTCCACGAGTGGCTCGACTGTGAACTGTTCGACCAGCCACTAGGGCCCTAGGAAAGGGGGATCCGGGTGTATTCTGGCGCGAAATTAGTTAAAATTCCTTTAGGTCGAGAGGCGTATTCCCATCGGTCAACAGCAGAAAGTGTATAGATACATCAGTTCTTCGCGATGATATGGCACCAACCTGGGCAAACGTCACTTACTCGAATCTGGAGCCCCCGGTGGTCTGGATCTGAGGCTATTAGTTGCCAGGGTGATGGTTTGGATAACCGCAGTGTTTCACACTTAAAAGGTATGGTATCCTCTGGCCGCCTTTGGAAGAGAGAGCGAATGTCGATCCGACCGCGTTAGATTCGTGCCTCGGTTCCCTACACGCTTTCTTATTGCAGTGATGTCTGTACTGCATTGGGAATGGCTATGGTTTCGAGGTATAGGTGACTGGAGTCTTCCTGTTAAGCGGTCAAAGTCTACAGCTTTATCACGTCCGAGAAGCGACTTGAAATGCAGGTTCGTGCTGGCTACTCGAGTAATTAATGAGTTATGGTCCCCTTCACCGACTACGCACACTGACACTCCTGCGGACAGTCTCCCAGAAAGCCTTCTCAACGCATAACTCCCGGTTTTTTAACATACTACGCACAAAACTTGCGGCGTCCAGAACGGGCTAGTACATATTTGCGGTAGACGCGTTCCCCCGAAAACAATCAATAATCTTATCACGACAATATCGTTGTGGTGGTAGTGCTGGAGACTTTACCAGCTGTCCACCCCATGGAGGATACTTATCAACACTCGCCGGGTGATTAGTCA,1511,50.17,Saccharomyces cerevisiae
SEQ_643176,TAGGGCTCAAGGAATGTAGGATGAAATTAAGTTGCGCAGCTACCCATTTACACCAAGGGGCTCACTTAAGGTGGCTACTATTGCTGCAAACCCAAGACGATGCGGACTTGGCGTTCGAAGCTTAGGTTTTCAGGATATAATAGTTAGGAGTGATATCAGAGCACCGGTGTCTATGTGCTCGTAGTCCGCGGTGTGAGATACTTAGCATGTTAGGCATTGCCCTGCTCACGATGGTTCATGACTTACCTAGCTCGTTGTGGGAGTGGGTTTACAATACTGACAAAACCATCTAGAATCGCACCCTGCTCACCCGTCCAGGTCCCAGATTCTTAAGTTGCAAGGATAGCTCTATGTTACTGTTTGCATGAGAACTTTCAAACATGGGACCAGATGGTAGGGGTGGTTGTGCAAATTTTGGCCGCATCCGAGGGGAAAGTTCGTAGCTAGTGCTTGGAGCTGGAGAAATGGCCATACTTCTCTGGATGTTAGCAACGGTCCATCAATTAGGACCAAAGTAACCGTCGAGTCCCGGTCGCGTGTCTACCTTAGGATGTATGCACGCGGTCTGTGAATAGACAACTATCTCACCGAATAATTCTTACGGTTTACGATTTTAATGAGAAGCACTCCCGTTAAACGTCGATCGCATTTAATTCGAGGTCGTCGGATATGGTAACCGACATCGTGATTGTAGGTGGAAACACCCGATCAGTTGTACTGTTGCGTGCTGTACGTATTTTCATGTTTAATACCTTTTCTTACTCAACGACGGCGATGGTTACTCTTGATGAACCCAGCTGTAACGGGCTTGCAATTTGAAGCAACCGCCCGTTTTTCAGGGCCAGACATCACAGTAGGAATCCTCGCTGCTGGACCGAAAGTATCCATAGCACCGGTACTGTAAGGCGATCGACCTTATACCTTGATCGTATGCACCAAGACCGTTCATGGTCGTAGCAAATCTGCCGCGCAGTATGAACATTGGCTATTAAACATACACAAAGCTGTGATGGGTGCGCCAACTAACGAGCGCCCGAACAGGTAGGATAGATGTAATAGGAGAGAGGGAGTTAAATACCCAAGTCCTGGGACTATGCTACGAGTAACTTACCAGCACCTACATCACAACGCCCGTACAGGGCCGACCTTGTGTCGGTCTCGGTTTAAGAGCGTACTTACTCTTACCACACGGCTATGGACCTTGCAGAACTCCGTATTATATTGAGTACGGTATTATTCCTAGCAGCCGGATGCCTGCGCGGGATCTCATCCAAAACGCTGATTGGATTATCAGAACTCCCGATGCGGACGCTACATGAGTGGGAACTCAGGGGTAGTAGTGGATCGTAGACAACAAACCAATCTTCCATTTGCTAATAGTTCTGGCGCGAGACGTGGAATTTGGGGACATGGTCTATGTCACGACACAGATTCCGTCGTGTGGAAATCTCTGAGAGCATTATCGCTTCCCGAAAGCCATTACCCGTTTCCGCTGCATACGGGGATTAGTAAAACAACATCGCTTAGGTGTAACAGGCCTAACAGCGTCCACTTGACATTTGGGGAATAGGAGAACGCTCGTCTTTCAGCCTTAACTGCGAGTAGTACCGAGCCAACTTCATATGCCGAGTTCACTTGTCTTTGCGAATCCGGTGTGAGCCTATACCCGATCCAACCGGGAGCGTGA,1687,48.43,Escherichia coli
SEQ_730058,ATGGGACTCCGATCCCCTGTTGAGCTGTGGAAGGAGTGCCGATTAATTTTGGAGAAACCTTGGGTTACAACGCCATGTGCGTTTACCTGTCAAACGCAGATGAAAACAATGTATAGGCGGGGGGGTAAATGGATGTTATGACTGAAGGCACACGCACCGTTAGAATGTACGCAAGTGGATGTAGAAAGCACCTTTCTGGACAAGGCAAACTGCGGAGTTTGCCGCTT,227,48.9,Saccharomyces cerevisiae
SEQ_456434,AATAGAGTGCGCCGAAGCCCTTTACGTCCGAAAACGGTCCGTTAGGAGTCAGTGCATTTTGTTCTCCTACACGGGGTAAAGAGCAAGGATCCGTTACGTACCAACCAACGGTATATAAGAGTCTTGCGGGACCTTCGATCTTGCCTCTCGATACATTCTAACCGTCTGTTGATATAGGGCTCCTGCAATGCCTCTTTCACCGCGCTGCAGCCGTCGCTTTTAGCAACGGAAGCTGCGGGGCAGGGGTCCAGCCGGCACACTTGTGACTCAGCAAATGAACGACACTATACGAAGCTCGTCTAAGTATATATCATCTGTTTTATTTGTAAAAGTTTACGGGCCGGATGGATGGACGCGCCATCGGGTCCGATTATCAACCGTGCAACGAATGGCAACTTGCCACGCAGGACTCTGGTTATAGTTGTGATGTCAGTGGCAACATGGTTTGGTCTAGGGTAGTCATCTTGAAACAACATTCATTGAGCCCCGTGCGCATGAGGCAAAAACATGGAGTAGCGGACTCATAGTTTCTACCCATTTGGAGACCCCAGTGGCCACTTAAACCTGCCGGTCACAGAGCGCGAAGAACATAGTCAACTCTGGTACCGACGCGACCCTTTAACAAGGTGAAGTTAGTTAGAGGTTGCTGTTGTATCTGTACTCAGATTGTAGGATCACCCCCAGGGGCAAAAGTAACGGGTTGGTGGCACCGCCCTCTCAATGTCCCTTCAACGACTAGAGACAGGGCTAAGCCAGGATTGAATGTACGTGAGTCATACGTACTAGTCTCTTGCGCTGCCCGTTTCGGATGGCTGTGCCACCTGTCTAGCCGCGGGTACTAGGGGGACCCATACGCTGCTACTGCCGATACCATAGGAGAGGGGGACACACGATAGCGGACGTCGTTAGAAATAGTGCAGAAACCCGGGGAAGCATTGCCGAGTATACTCCGGGATTCGACATCGTATTTACTTCGCTTGGTTGGTGAGGGCGACCCTCTACGGCGAATGATGCCATGACTCCGGTAATCATAGCCGTGGAGCGTGGGCCTTCGGACCTCTACTTTCAGCCGGGCAGCGTGCCACTAGAACGGGACACTACTCAAAACGATCCCGGCGACCTTTTGTTCAGTAGACAGATCAGCGACTCGAAAAGGTGGGTTTACTCCATCAAATCCCCACGGAGCACTTACCACATAGGGGTGGGGCATGCGGCCTCCACCGGTCGGGACAGCGGTTTGGTCACAAGCGAGGACTGATAAGGACCAAGCAGTTGGTTGAAACATAATCTATACGAGGATGTACTCCGGCAGACTGAGTCATCAGTTGAATAATCTGAGAACGAGATACACCGGGGCTCATTGATTATAGAAGTGCCAAACTAGCCTGCTATATAACGAGTATGTACCCCTAATAGATAAGGGCATAAGGACGATGTATAAGCACGTTCCCGACCGTCACCTGGCGAAGTACGTATTGTAGGCGAACTACACTTGCCTTCGCAATCCAGTTTAGGTAGTAGATGGGGCACGCCAAGTACTACTCATACCTCTTGTTGGGTTAATCTTTTGGCGTCTCGCCGCGGCAACGAGTGGCCTATTATTTCACGAAATGGTAGGACCGGTTTGGCGCCGTGTCTCGTGGTCTCGCCCGCAGGGAACGGTGAACGACTATTCAGACATGCCGAACCTACCGGATCCAACGAGCAGTTCCGTTGTGAGATGTTGACGGCCGGTCTATCTGAGCCGTCCAAACTAAGGCATACTTTGAAGCCGTCGCTCACTTGATACGCCTTGCTCTCCACG,1804,52.0,Mus musculus
SEQ_409817,TATCGGCCGGATCACCGACTACTTAAGTGGAAAGATGGATCAAGCGTCTGTATATTACCAAAGGATTTTGTGAGCAGAGGCACAACACTGGCCAGGAGGCTAAGCCAGTACAACTAATCCAACGTAGCGAAAGTGCCAACATGGATCTGCCCTCATTCGGTCTATTCGTACCCAGTAGCTGACCTATAAGTGGACTACTGTACAACGAGGCACTTGGGAACCGCCCCTTGTCCTTCAGATTTAATCCGGCCTGCGTATGGAGCATGTCTTCCTCTCAACGAATTGACCACTGTATCGATGGTGAAATGAGGGAGTGACAATTAAGTTACACGTAATGACGCTCCGCTAGAGAGCCCACAGGTGCCCCGTACTTAGGCGCCATGGTACACGCATGAGATCCCGTATCCCTTACCCTTCGTGGATCGGAAGGCTGTTCGATGCTCCGCAAGCGTAAGTCCGCGGTCTCAGCCGTACGAGTATCGTAATGCCTCATTATCTGGGTGGTGGTTGAGGGTAAGTATATAAAAGCATCCTGGAGTACCTACATGGCTACGGCTAGAATGGTCCCTTAAGTAACTCCGTACGTACGTAGAATATAAACCCAATTGAGCTGCTTATGGACTCCAATGAGCGCGTCTGAGTGACCGGTCGCATGTTGGAGTTACAAGTTCGGGTTTCCACCTGGACTCGCTACTATAGAAAGTATCCTACCGCGTTAACTCCCGGTTGTAGAAAAGGTCCAAGATTGGTTAGGCGAGTACGTATCGCAACCTCTAACATCCCCATTTAGGCTTAGGGTGCAAGCTTACACGCGCTCCTCTGCGCAAAGGGTCAAATAATCTGGCAGTACCGTGGGTTAGAACACGTGTTATGAGAACGACGTAACCGCACTACAGTGCGCCGCATGATTTGTGGTTTAGAAGTGGTCCGCGGATACTCGGGGTGCGTGTTCTTCGACGTCGTGCGCTGACCATGGCGTCGTCGCCGCGCAATAAGGATGCCTGCTTCCTCCTTATCTAAGGGAGCCTAGGGAACACAGCCAGACGTGCCCCTCATAACTTTTGGTTTCAGCTGCAGCGACTCTGTGGGTTATGTGCGGACTGACTATTGGAGAAAGAAAGTGCTTGGCCACGTCTATTGCGAGGCATCTATCCTCAGTGAAAAAGTCAGAAATACGCCACTGCTAAGCCAGATATAGACATTACTCGTTGAGCCGCCCGAACCAAACAAATTTACGATCTGTTCGCTGTTCTGCGAGAAGGGTTAACTCTGCCACATTACACGCGAGAAATCTATGTTGCACCGCCCCCGGACCACAACTCAAACAGTACGTTATCCTATCAATCAAAGGTGGCTGTTCAAGCTTCGAGTGACAAGCACTCGTTTTGACGGAGTAGAGCACCGAGACTATGTTTTTTCAGTCGGGCGCTGAGTAGTGTTGGGTTCTTAAATGCGTCTTAAGATCTTCTTAAAATGAGCCGCTTTTACAAGTATGCGCCCTTAGAAGAAAAAGGAGCCCCCAACAAGCAGATTAAGTTTAGCTCCGATTAATGTCATATAATGCTTAGCGCACCGGCGGTTATGGTGTAAC,1591,49.53,Saccharomyces cerevisiae
SEQ_537631,ATATCCCTTCTGCAGTATAGCCGGTGAGTGGTTATAGCTCGGATGAGGGTCCGAGTTGGATGCCCAG,67,53.73,Saccharomyces cerevisiae
SEQ_849980,GCCCTCCCAGCTTTTAGGGCAACCACCCACAATTCAACCTTACGGTGTGGTGCAACTCATGAAAGATCCTCCGGATAAGCTGATAGTAAGGTTAGCCAGTACTGAGCCGAGCGCAACGGCTCCAGAAAGAATGAATCGATCGGGTAACTGTGTGGCATTGCGCACGCTTGAAGGGAGGGTAAGCACTGCCTGCGCGCGTAGAGTGTTTCCACCCATGGTGTATGGGTCAATTCTGATTACAAGTGTCCATTAAACGATTGCAGAGGGGGGGATAAGAGGTGCCCCAGCCCTTTAGGATCAGTGCATAGCGTGTTCGCAGGCACGAGCTTCGCTGGATTATTCCTGGGCTGAGTCTGCGGAAACAATCAGGTATCCTGGTCAGTCTCTCACTTGGCTGCAAACATTCGCTTACTAGCTAACTCTAAATGCCTTATCGTGCGTGCACGACAGTGGACGTCGCGTTCGGTTGCTCGCTCGTCTCCGACCCTCACATGAAGCCCCTAGTTGGTTGAATTTTCTTGAAGCTGTCGTCTCCGCTTGAAGTATACGTCGTGACATCTTCCCAGCCGCGTGCTTCCGCAAACAACACAGCGATGTTAAACGTGGGACCTAGTATGGGGCGCGCTGGAAGAACCTTCTGGTCTGCCAGAGAGATACCCTACCAGGAACATGTGGCCTTTTTATCCCGGTTGAGATAGTGTGTAGGTCTGTGACACTCTAGGGAGGGGTTATGGGAAGGTTAACGCATTAGGCGCAAAAGTCAACTTTCCGTCGCCTTCCGCCAGTGCCCAAGCCGAAGGTCGTACAGCAACGAGATCCGGTCAACGTATCCAAAAGGCCGCAGTGTTATAACCTGACGGCAGTCATTATGAGCATAGCCCAACACGCTACCACGCACCTGCCAATATAGATCTACATGTATATTGTTGTTTCGGTGATGATGTACTTCAGATTACCGAGTGCTATTCGAAGCGGTAACGCGCTTCTTCAGTTAAGAGTTTAGCATTGAGGGCGATTTCGTCAAGCCCAGAGCTTTCGGCTTGTCGAGACTAAGAAGTTGAGAGAAAACTTTGCCCTGGACCGACCAAGATGTAGCTTGGACCACTCAACTTTCAGCAT,1119,51.21,Drosophila melanogaster
SEQ_258679,GGTAGACAAAATTTTACCCAAGCATTACTATGGGGAGCTTGCGGATTCTAACTAAGAAATATATCGATGGGTTTGGATTCAGTATAAGGCAGAAAGGCGACTATCGGGTAGGACTAACGTTTGATCCCTCCGTTCCCGA,139,43.88,Escherichia coli
SEQ_241058,TTATACGCACTGGAATGTGGAGAAGTGTAGCGGTGGTGTACCGGATTCAGATAATGGCCAAAGAGTATTTCTGTCCCGCAGGTCTTTAAACTCGTCGAGGAGACACCCTAATGAAGTATAAAGGCCGTTGAACCGAATTGGAGCAGCCCCTCGTTTGCGCGGCCTCCATTTGAAAGCGGGCTAACTACATTGCGGTTTCTCCGCCGCTTCATACGATATATGTTGCGCAGATGTTAGATGGGTCGACCTATCATCGGTGTTTCTACTTGGCACTATTTACGGAGTTCTTTCGAGTCCGCCATGAGGTGTAGCGAACCAGTAATGCACACTAAACTTTGCATGGTTGGCGTCTGAGCTGTGTTATGGGCATAACGGATAAAAAACGATCTCGCTTGACGTAGCGCGCATCCTGTGAGTTGCTATTGTGGTGCCAATAAACAGAAGCAGTCAGGGGGCCACTAATAGTCCACCAGATTCCTGCTGCATGAAACCACCCCCACCAGTTCATCAGTAGTTTGTAGAGACCGATTGGCCAGAGAGCTTGGTCGAGCTGAATCGCTTGAATTAGCTTTACTTCGGATGCACCGTAGACCCTCGTGAACGTGAAAACGATCCCCCCTGACCATGAAATGCAGGCTTATCAGTCCAATGGACATGACGGCTCCCATTTAAATGCCGCATCGCGGCATCTGCTTTATACTGCCCCCCTCGCTGCGCACAGCTCAAGACATTTCCCCAAAAAAGCCTTACTACTCGTTCTCTATAGTTCTCGCAACTTTGTACTCTTTCACGACGCACCTAGGAGTCACCACGCAGTTCCGCAAGTGGCAGCATTCGCGGGTGGAGTATTCACACGTCATCGACATCTCCGCGATGGCTGGTGCACACAACCTCAGGTAACGCCGCTTTGTTGTTAGTAGCGAGATGGTCGTTAATCCTACGGCAATAATTTTACTCCGTGCACCGCTTCGCTGCTTTAAGCAACGCGAAGTCACGCAAGTTACGGCATGAAGTGACTTTTGAGTCTATTCCTGTACCGTGCCAGCTGAACCGATGTTATTAAACTTGTCTAATAAAGGGGCACGGGAAACAGATTTACGAAACCTGTAGCTTCTCCGCCAGCCACCTACGGTCAGGCTCGTCTAGCTCAAAAGGTCTCTGCAGGGCAGAGCTCCTGTAGTTGTCAGTTCAGGCGTCCTGCACGAATACGTGTGATTAGCATATCAGGCTCACAACTGTCTCACGCAGGCCATAAGGATTTGGTGCTGGATATCGTGGTTGTGCGCGGGTGGGCTCCAATAGATTCGCCGTCACAGCTGATTTGTTAAAGAAGATAGAAGGGTAGGAAAGGTGACAGAGATACGAACATTTTTTAGAATTCTCAGGCACAGCGTCTCCCAAGGCTCGAAGGACCATGGGTATGTAAATCACCCACGCCCGTTACGGATCTCAGTCTCGAGTAGGCTCGGTGAGTACCGATGTGGACGTCGCGGCCCATGCCGATCGGCAACAACACTCAATGCTGGATTCCTTCCAAGTTTCTAGTTTGGAAGTAAACGTCGCACTCATAAAATAGTACGGTGGGTGTCGTTTATCTGCAGACCATCAACAGTGGCACATGAAGTGCGTTAACTGCGTCGCTACATATCCTATTGATGGAAACTTTTGCTTGAACACTAGTTTACGGTAATGACCTCCACACTAAGCCCACTGTCACAGGACCTTTTCGGAATTGGAAGGTATACCGGTCCCCTGGGTCTAAATATATAGCGACACTGCTAGATCAAAGACTTCCCAGGCACGGGATATGGTGCAACCTAGCAT,1824,49.67,Arabidopsis thaliana
SEQ_859558,TAGGAGACGTCACCCATGAAGCGGCCATAGCGGCTCTTATCCGATTTACGACACAGTAAGATAGGCGTGGACTTACACCACATATTCTGAAGGAGGCTAGCACGTATAGGACAGACAACACGACATCGGATTGTCGTACAGTTACAGAATGAGTTGTCTTCGTCCCGACCTCGAGAGACAACTGTTAGATATTAGCGGAGTTTAGCTACCCTTCCCTCTTATAACGTACAGTCCTCAGCAGAGTATTGTTACCCAATACTAGCGTTGGAGTTGATTAAGGATCATATGCGCTCCTCAGCTTGCATGTTCGTTTTGCACCCCTTCTTAACGATTTCGGGGACCTTCACCCAAGTTACCGAGAACCGTTTTACAACTGGTTTCCCTAGAGCACACCTCAATAGTTTAATTCATCTCTGCCCAGAGACTCGGCCCCAAACAGAATCAGTTCTGGCAGTACAGATAGCTTCTTAAGGTCGAGTAGTGGAGACACACGAACTGGGGCCGTCACTGTACATTAAGCAATGCGAACTCAGAGGCTTAGTGGACTGGGCGGGATGAGACACACCTTCGCTAGCCTTGCCTATGTCGGAACGGCTCGCATAAGTGTTAGGGCTATCACGCCGCCGGTTCGCCGTCTGTTTGTAGTTTTTGATTTGAGTTGCCTGGTCGCTCGGAATACGCACTGTTCATCTCCCCCCAACTAGTTTTGCAGAGGACAGATCCATATGCTACCGTAAGGGAGCAAACTCTCGTAAATCGAGGGGTCATGGACCACCCGCTCATGGGATCACCCAACTCGGCTCTTGGCCTCGCGCAGCTATGGGGACATCTCAGGGGCGACTCCCTGCTTTTATCCTTGAGGAGCCCCGGGTCAGCGTTGTCACAATGACCGCGCCCTGTTTAAACCCTGCCTACAACTTTATCTTCACGCGGTCCCCTGAGGTTGCACGCTATTACCTGGGGTCGCAGACCGCGTAGAGACGGTACTTGTCCCTGGATGTAAGTCATGAGCGTACCCGCGCTACCGCGTCGACAATCGAGAGACGAGGTAGCACTGCATGACAAAACAACTCTTTGCTTCTACTGGTGTAAGAAAGGAGGGCAAGGCTGATGACGGAACCAATCTTAATTCGTCTAGGATGAAGGGCCGGAGGAGAAACATGCCATGAACACGTAGTAAGAATCAATTGGCGGGACGTTCAGGGCCGTGAGGCAGGATGTTTAGCTACTGTCAAGAGCATGTGGGCGTTACTGACGCTGTACTTATGGACATACGACAGTACTCAGCGCTAGTTCGCCATCTTTGAGAGATGAAGCTCAACAGCCTCACTGGCCTGCCATAGCCCCTGATCAAGCTCCCTAATCTTGGGGGTGTATGTATACAAGAGCGCGCGTGTTACACGATACTAATCTGGAA,1417,51.16,Arabidopsis thaliana
SEQ_805852,AGATTCAAAGATCATGAAACCGAAACACAGGACGGGTATGGAAAGTTTTCATTCATACCAGGGCAGACTTTAGACGATTAGATTCAACTGTGAGCCTCCCTCAACGCGGCTGAAAGAGTCTTTTTTTCGTTCACTCAGTCCATGGACGGAGGTCCGACTGCATACTTAGAACATGGCCCACTGGCGAGGCTCGCCCCGAATGAGATATTAGTGTGACGTACTTAGTCTTACCGTTGACCGGTCTATCTCGTCCTATGAATACGTTAGCGAGGCGCTTCAGAAAGTCAGTTGTGATCCCTGAATACCTCTCAAGGGGCATGAAGGCGACGCAGACGACTATCGTCTAACTCTTCCACGTATTTATCTGTCTAGTTTTATAGCGAACTTCATGGGGCATCACTCAAATGGCGTATATTTCGTAACGCTTCCGACCTATTATTGAGGGGAGCGTGACTCCTTAAGTTGTCTATCGAACTTGTCCAAGCTCCTCGCCCAAGTTACCAAAAAATTAACAGCCTGGAGGGATCGATTCCTTT,536,46.83,Homo sapiens
SEQ_235575,CAGTGCCCGGACTACTCGGTCAAGAATCTTCCTGGTTTGGGCTGACGTGTACTATTTATATTGACCATTGACGTCAGTCCGTATGTGCTCCTGGTAAGTAACAGTCGGTTACGCTCGGTAACCTTGAACTAAGCGCGTTTATAGTCTGCTTAGTGGAGTTGCCCGCGGTGACTCCGGGCAATGAACAGTTGACTGGGAGTGCCCCTCATAGAGTGTTGCTTACTGGGTTTCCTGCGTCGACGACCGGACGGCTAGGCACGGCACATTCCTTATGACCCTAAGCCTGAACACTACGGTTGAGGGTGAGACTTGTGCCGCGCTCAGTCGACCTACGTCAAAAGGCGGAGTTTGGGTGGTAGGGACTTCGAGATCTAAAGCCGCCCAGAAGATTCACGTGCAGTCCAGCTACTAAAGTCCGAAAGATTCTGCTCTCTCAAGCAACCGTCGGCCTAGGCCTATGAGGCCGGGATGACTCCCGCCTGCATCGGTGCATATCACACTCAACTCAGCTGTATCTAGCGGCCCGGCAACCTAAGGGGCCCCCGTGTACATACGGCTTATGAGCTTTCTTTCCGTACAAGGTGCATCGCCTGTATTCAGGGGGGGGCCAGGGGGTGCAGTCAAG,625,54.88,Homo sapiens
SEQ_824712,GGAGTCACTATTCATTATGGTACGAAGCCAGCTAACAGTGCATTAGCCAAAGAAATCCCTGAGATAAAAGACTGTGCTACTCTACATGCCAACGAGCATGTGAGTCCCGGGTGCGAGGTATGCTCCGCGGGAGCCTGAACGCTACTACAAAACGAGGTTCAGGGTATCACGAAATCCAGCGTGGTGCATGACGTTGAAGCGACGAGCCGTCGCCTGTACATAGACGAGTGAGAGAGAGTGGCGTTCATACCTGACGATTAGCTCAGTAGGTAGCTCCGCCTCAGCCAAAATGAATAGTCGCAAACGCTTTTTATGTAAGACTGGCCGTCCAATACCACAGCTTCTTCGGGCCTATTCATGGCTAAGCCCCACACTCAGTACTTACCAAGACCCGTTGCTCTGGCTCCTCTTTCACTACTTTGAATTGTTCTCCACACGAAACGCGTGTCACTTACTTATCTGCCGAGACTGATTGGTCTTAATCTTATGACGTATAGCAGAACATGTTTTCATGAGACCTGATTCGCACCGCGTACCCGCTTCATCAAGGCCCGAGGCCGTCCGGCAAGTTACCGGAGGTGGAAGGGCCCTACCTAAGCAGCTCCTCCCTCTGGACTCGATGTAACAAAATATAGCCTCGTTACTCTATAGCAACCACGTGCGAGAGAGTTCTATATCGTACTGGTTGCGTGTTCTCGACATCTTGCTGCAGGGACCGATCTCCCAGTTACTCGACGATTGCCATAGGTAAGATCCTGGCTAGGATGCAAGGTATGTAGGGACGGTCTCAGGACTGCTAAGGCCATTACTGACGCGTAAAGAAGTACCTTGACCCCATCTCTAGTACCCCAGTAACATATAAC,863,50.29,Saccharomyces cerevisiae
SEQ_820423,GCCGGTCAAATACACTCTGACGATTCTCAGGAGAGCAGGGTGGATCAATTGAAAGGCGTGGTTGGGTTTACGAGCTGAATTCTATCCGTACTGGACAGGAACTTCGCTGATATGTTGCAACGTGCGCTTGTACCAACCCCGTTGACTGATATTGGGATTCCCTATCTCGATACTCCTTTTGTCCCGCGCCTGAGGAGTCGTTACTCGGCACTTACTGGTCATTGCAGCACTGTTTAATCCAGCAGCAGTTAACACGTTATCTAAGGAGCCGTCGGCGTAGCCATTAGACGTTTCCGATTTATGTGGCTGAATGCGATTAAGCGAATTGAACCACCAGAGACCGTGTACGCGGGGGTCTGGTCACCGTGTTGCGTAAAATACACTTACATCAATTTAAGTGTTGGTAGTTAGCAATGTGCATCTGATACCCGACCTAAACCCGGCATCTCGCGGCCCGCTAGGCTCACTGTCGAATTCCCATCGCCGTTACACATTAACAGGCCACACTGCGGGAAGTTTCAGGACCTCGGCTATTGGGTCGGAACGTCGAGATGGGTACAGATAGGCTTTTTTATTTACCATTAACACCCAATCAGACTTGAGATCCAGAGAGCCGAAAACCCCCCCTTAACGGTTGCGATTAGCGTTAATCATCGCATACGTTGCGTCTCGGGGATACGTGTTGCACGCATAGCCATTGCTGACGCGTTAGTCGGCTCTAGAACAGAGGTTCCGACTCGCGCACACCATGCCCGAAGGGTTCTGTTCTATGTAGTTTCACGGCGGGAATGCGTAGGTCGCCCGCGGAATTTCTTATGTGACCAGATTCACTTCATGACTCGGAGTCCCTTAGCATTTGGTGTGCTCCCATTCCCACGATCTTGGTGTTCTTTATGCTTTTCCGGCGTTTTTCCGAGAGTGTATGCCGCTTCTCTGGGAATCTGTATGTTCTGCGCCCAGTAACATTCAGGCTAGCTCCGCCTGAACAATTCCCACCGTACTTCTCAGCACACTGCGATAGGATTTGACTTCGCGCGACACCTAAAGCTGAAGCACACGTTGTTTTGTTAACCTATAGTCTCCTATCGTTATTGACGTATTGGCGCTACCGAGCCACACTATAAACCAATTCAATTCGATACACAAAATTTCCGAAGGGTTTGTGGGATTCAATCTCCTCTTATGAAGGTGTGTTCGAACGTGCTCTTTAGCGTGGTATTGGCAGACAATACGCTCGATATCGTCTGACGGCAGCGGCCGAATTAATTTAGACCTCATGACCCCGGCCCCGGGATGACACCATGTTGGAGCTAGCGGTCGAACAGTATCGGCTCCACATGGGGTACCATAGTTCATGTGAATCTCCTTTGTGCTTGCCTGTAGCGATGTAACTCACCGGTGATACATAAAAGTCATCGAACGATCTCAGTACTTACCACACAGTCCTGATATTAGTATTGAGAGTAGGGGGGAATTTCCCCGCGGTGCTAGCAACCTTGTGTCTAGATCACCAGGGAAGCCTTTTGGCACCGGTGCCCGCAGGATTGATCTTTGACTTCTGGAGCCTCGGACTACTTATACTGGGCCCTATATCAGTGAATGCCTGTGCGCGAGAGTCCACCATTTCAGTGCATCACAGTACGAGCCGCTCTTAATCACTCCTTTGACTTGGCGGCACAGTCATCCGTACATACCGC,1697,50.09,Drosophila melanogaster
SEQ_719313,CATCTTAACTCGGCTTATAAGGGGGTCGAATGGCACGAGCTGTACACCACTGGGAACTAATTGTACTAGCAAATTTCTGTTAGGCCCGTCTGGGGATAGTTTAGGGAACCATTACGTCCGTGGCCGCCGAATGGGTTTGATGCTCGGGGCGGAGGAAAGGGTCTTACCGATATAGGGTACCCTTCAATTGATGGCACCTCGAGTACTGGAACCCTAGAGTGAATTGACATGTCGTGAACTTATTTAACTATCAGGGGTCATAAGTGCAGCTCTCGTGGATGTAGACGGCCTTTTGCCGCAACCCTATATCTGACCGCCTCCCTTCTCGTGACAATCCTTTAGTCCTACGCCGATTAATTCATTATTAATGGTTAGCATATCCAGCTATTGAAGACGGGAAAATTCTCTCGCACTGTCCTTTATCACAGACATTGCACCATCGCCAGTGATGCAGTGATCTAAGGAGGGGTTGTACATCAATCGTTATCCATTCTCGAATGATCGGGTCGGCGAGAAAGTGTGGGGGGCGAGAACTGGCTACGTCTGCTGCTTTGAACGACAAGCACGATATTTCACAGAAACATCGCGTACTTAGGCCTGTTACACCGCGGGATATTTAACCTGGCCAAGTCCTATGGAGTCATGTACTTGAGTCGGCGAGGCAGAGCAACCTGCTAATGTGGCGCTTGTCTGGTCCCCCGCATCATGCTAGTAAAGTTGGCCTCACCAGGACGCGCTGCTTGTGGCTCTTCATGTAGTTATACTTTATGTTCATGCTCTAGGCCGAGAAGCCACTTAGATCCGAATTACAGACTAATGACCCAATAGTTCCTGCGAAAG,840,49.05,Arabidopsis thaliana
SEQ_875325,CTTCCCGGTGTTTGACGTAAACCTTTATAACGGCAGCAAGCCAACTGCGGACAACTAGAGCGGTACCATCGGCAGCCAAATCGCTAAAGGCGAGCCCCTCATATTTTGGATAAAGGCGACCTATTCAGGCACGGGACCCTCCCTACACCCTATACTTGGATAGTTAGAGCCTGTTCAGTCCGATCATCTGTCCCGTACAAAGTGCCGCTGCCCCCGGCAGGTCCAGCCCCGTGTTACTAGGGATCAATGCAACGTACTGGACCAGCTCGTTCTCATCCCGTCGGCAGGTACAACTGTCCGGATTGGATATAGTCACTCAATTTCCTTGCATCGCTTGAGCATATGCGAACGGAAGGCCACCTATTTTGAATTCTGGTCCGTTATCCATCATAACGGTCGAGGTGGAACTAGTCGGCTGTTCTGGTCCGTTTAACATTCATCATCTTTCGGGGTACTTGGTGGCCCGGTGGAGACCTGCACATGTCGATCTACTCTCGAGCGGCCCCAGTACTGAATGACCAATGTGGTAACGTCAAGTCTATAAGCAGGGCAAGTCGCAATCAGCGCATTTGCAAACCTACTCAAATCACGCCAAGTTTGGTCGGTCCAGCCTAAGACCTGAGTGGAATGTAATAACTTGTTTCTGACGCATTTAGTGGTAGCTCCATCAGGCCCCTGGTGTCGACGCCAGAACGTTCGCCTCTCATGAGACGGATGCTAAAGAGATTTGTGTGACTTCTTACAGGGTTGCCTAGTTGGGTCTTTGATTTCTGCACAAATGTTAGCTCATGCTTTACATACTAACTGGACCTGGTCGACCCGAATCATACCGGGGCGAAAGACTAACGTGCCCTAGCTCTAGACTAATCCCGTGCACCCTCCTTACAACAGACCGCAGATTCGTCTACATCACGCTGTTTTTCTATGGGCACAAAGGACGTATGCTTCATTTGCACCCTTAATGCGAATCGCAATTGGCGGCAGTGCACAGATCGCGATGTGCGCAAGAGGGCGCATGGTGGGCTATTATCTATATACGAATGCCCCCCGTGCCACCACAGTTCCAACCTCCCGCTCATAGACACGTGTATAAACCGAACTGTCCATTGAACTCCATGGTCTTTCGGGATAATGATACTTCAAAATATTGGTTCATGCCATGGTACCCAGAGTAACTCAACCTGATTTGTTGCGCGAGTCCAAATAACCATTGCCGATGAGTATTAACTGCACCAAAATTTAACAGAACCAATTCGCCAGGGCAGACCTAAGTGCAGAGGGTAATACCTGGACGAGGGTACTGCGGGCAGCGTCACGTGAACATGGGCTAGGCACCGTCTATGTCAGTTCGGGGATCGACTCTCAGAAAGGGTTGTGGCGATGTGTATCGGACAGAGGCGGGTCAGAGGGCTCGCGGAGCCCCCGGCTCCTTCTAGGCAAATAGGGAGGGCCGATGCTCGAACTAGATGAACGACTGGTCCTAATAACGGTTCTGCAGGGCGTTTAGGTCGGAAAGTCAGCATTTATTTAGGTAGGTCGGCTAATCCGTCGATTGCCTTCAGCATCTTAATATCCTTTGATTGACCGATTTAAACCGGAGTATATTACGGCACGGGGTGTAACTTAGCACAGCTCATTCAGTACACGAACACCATTT,1657,50.57,Caenorhabditis elegans
SEQ_932723,TGTTAAGTATGATTGCCGACACGGGGCGTCATCTGCGGTGCTTCTAATAGCGCCAGATACAGACTGCGCCGGTTCTCGAGTCGATGTGTGCGTGATGCCGAGGATGTGGATAACTTACCTGGAATATCCAAACGGTAGCGAGAAAAGGTTTGCCATCATTAGTACGGATAGCATTAGGTCTTAAGAAAAGACAGTCGTCAAAGATGGAATTCCCGGCTGACTGATATGAAACGTAATGCCGGAGTGGAAGGTTAAACCATGTTTACTACAGTTGTCTTGAGGGAGGATGGTGAGGAGGCTGATGATAGTTCGAGAGACCCGTAGCAACCCTCTTCAGGCTATGCCTAACTTATAAAAGTCGGGAGACCCGGTACAGGAGTTAGGCAAGAGAACGAGTCAAGGTGCGGTCACTACTAGTGGTTAGTTTAGTTTTCACAT,438,47.72,Saccharomyces cerevisiae
SEQ_723000,TCTTATCTCATGCTGAGGTCTGACGAGGTGCGATCTCCAAGGTGTCCACTACACCAGCATGCCTCACTTTCATATTCGCTATGGCAGAAGGCACTTCGGTGAACAGCTTGAGGCACCGTTGCAAGAAGGCAGAGTGAACGACGGCTCGCCAGTCCCGCGTGCGTTTGAGCAATAAAGCACACCGGATCGACAGTTTTTTCGACGTAATACCTATCAGCAGCTACACCATGTTAAATTCCAACCACCAGGTACATCGACCCCACACAGGAGACATCAATGACTTAGTACCAGCAATTTCCGCATACCCCGTATCAGGCCCCAGCGTGACCCGGCTCCCGCCGAAACCATAACGATATACTCATCTAGCTTCGTGACGGGCACTACACATATCTATATGCGGTGCTTTATATTTTGAGGGATTGTAGCTCCTATGTTAAAACGAAACGGAGAGAAAGTAGAGGTGAATTTCTTTAGTTCTCGGAACGGTTAAGTGCTGTTTAGGCACGATTGAAGTGATTCCTATCAGTATGAGCGTTAATGTTCGCCCAAGCGGTTGGCTGAAAGCACATCCTGTAACTTTGTTTTACTACAACAATGCGAGGACTCGATCTCTTAGTCCCATCTCCAGTTGTGCATCATAGGAGCATACTAAATCAACTCTGCTGCGTAAATGGGTTGGTCGCAATTGGAACTCGTTCACAACTGTGGTCAACACTTTGTCAACGCAAGTACGCATAGATCTTGGGTACTCTCGGGCGGCTCTCATGTCCTGTAGATAGCTATCATCACCGCAGTATATAATAGCTACTAACTGCTGTCTCCCGTAGGTATTA,833,47.54,Caenorhabditis elegans
SEQ_290747,GTACAAGGTGGGAATCATGGTAACCCAGCGAGTGGAGGCCCGTATTGAACTTGCCAGCTGTCAGATCCGGCTTAAACTGTACTTCGGCTCTAACTGACATCAAGAGCCAGCCGTCTCTAAACGACACGTCAGGACAGTCTGTGGGGGGCGTTTCCTGGTTGCAGGCCTGATTAATGGCCTGCCCATAATCCCAGAATCCATGTACCGAGGGAGCTTTAGCCCTCATATAAATGGATAGGTCCTGGCGACCCTTCTAGGACAGTACAGCTTCTGTTTCTGCCGTTCGGGAGCCACCCCGCGGCTTACTCTAAGACTAGGGAGACCTAACCACTGCTTTCCCACGCATGGGAAGTTCCAAGGCCCTGTTGCTTTGTATTCCACCATACTTCTTGTACAGACTTATAAGATAGCCCACAGCGGTTATTGGTGGGGGTCTGGTGGACATGAACAATGTGGCGATATCTCAAAAGGCGCGGTCTTGCTGAATACCCGCAGGCAGACGTTTGAGGACGGGACGTCTAATCAACCAACGGGGACAATGCCCGTCGCCCCTGCGCAAGCAAGCTCCTCGGAACATGTAGCCTAGTTCAAGAACGACGCTGGACTTTTTGCAATTTGACCAGAACAGTTTATGGCGGGAGCACTCCTGACTAGACCTGCCCAGTAATTACACTCTCTTTGTCGGCCGGGTGTCAATTCGAAAGTGAGCACGTGCTGCACCACATCAACTGACTGTTACAGAACCTAAAGACTGGCGTTGAGTTGGCGCAATCGTCCTTATATCCGTAATCCCATTACGGGATAGTGGTAGTTAGTTGCGCCACGACAGCTCACGTTCCGACGACATGGCTAACTTCCCTTCGCAGCGAATACGTCGTCCAATCAAGCCGGTGCAGCTCGGAACACCTCGACGGTCGTATTTCACTCACCTGCGCTCCCAAACTCCGTCAA,951,52.79,Caenorhabditis elegans
SEQ_107268,AGTTAGAACATGTTGCCGAAAGGCGTAGGTGCCTGAGGTCACCCTGTTAGCATAGCCGGAAGGTGTGGACGTCGGGGAACTGCTGCTGCAGCGTTGCGGCCAAACCACAAACTACCAAGCCAGGCTCGCGCACTGTTACTTTTGCTGTGCGTATGCGTTACTCTTTATCAGTGTGACCGTATAGGATGAGATCCTGCATCACTCGCGCAAGTGCAGCATGTGAGGACTATCGCCGCGATACTCGTTGAACGCATACGTTTATTCTGCCAGT,271,53.14,Arabidopsis thaliana
SEQ_592643,GATGGGAGATTATCGAGCTTCTGCCGCGTACTAAGGCGTAAACCCGTTACCTTTATTGAAGCTTCAAGCATAAACCCCACAATCTTTAAGCGTGAGAATGAGTTCCCTTACCGATCCTCACCCTAGGCTGCTGTGTAGCTTTACGGATGCGATGTGATTTAAGTCCCCTGGTAGTTAATCTCACAGCGAGTGTCGTAAGATTATAGAGAAGATGAATACAAGTCCCGCTTAGAGCAGTGGTGGATGGTATTCGGCAAGTGCAGGGAAAAAACCCCTAGAAGTCTTCCCCCACTCTGCAGGAAATAGACTCAGAAGCATCACCGGCGCAGTTTTGAACAACAGCCACTAACAAGAATATAAAAGTCGGTTACACTGGCCACCTGCTCCGCCCCGGGTTAGAAACATTTCTATGGATCCTCGCGTCTTGCGTAGACAGCGCCGTGTCTCATCAATAGCAATGAACGGTTTACCGGCGGCAGCTATCTAGAAAGGCGCTCGTGTTGTGTATATCGTGCGGTCTCAATGCCACAGATGACGGCGATGCTGGATTGAGGGAGCGGCAACCGCCACTATGGCGGGATCACATCGCTCAGATCTTGTCTAAGGACCGTCCGTATTGACGATTATCCAGTGGCCTTTAGACCTCCCCCACGTCTCGTGATACTGTCTCCGTTAACCGGTCATCGTTAGGCCTACCTGAAGTCACAGGATCCCTTACACGGACCGGGGTTACACCCAACTCAGAGGTCGTCCAAGCAGAAGGAGCCACAGGTATTCGGCCCCTACGTTCTAACAAATGGGG,802,51.0,Saccharomyces cerevisiae
SEQ_340599,ATCCGCTGACTACTTAAAGCGCAGGATATAGCAAACAAATGTATCGGAAGATGGCAAGCGGGGTACGAATATAATGCTATACAAATGACCCTCTTGCAATGACGCGGTTCGAGCGGACATCCGGCTCTTGTGCCCTAGCTCCACTATGTTTTGATTGATGCGGTCGTGGTCCAACCGAGGGTCCACGAGGCTCCGGATCTTGATCTGTTCCTATCGAGGAATGCTCGGTAGATTTAGAATCAGTACGCTACCGGCCAATATCACATGACCTTTTGCCGGAGGTCTCAAACCGACGGTTCTAGGGTAAAGTCGAAAGTGGCGATAGTAGGTTTGTACCGCTGGCTCAGGTTATGTCAACCATGAATTCGGGATAGTCGCCCAACCCCAGAGGCAAAATGCTCCGTCTTATAAGAGCGACGCAATGGGTACACCATCCCCGCTGCGTTTAGGCCTATGTCTAGTCTACTCCATAGCTACTGCATGCTAGACTGAATTATTGATTTCTGCAGTGCCACCATCAACATCTTACGTCGCAACGAGTGCCGGGGTCGCGAATGGAACCAGAAGATCCAGCCACAATAAGAGACTTAGATGTGACATTCAGTTTACTTCGTGGACCGTTACCTGATATGCAGTTTTGATCCTGAAGGTACCGGGCATAAGTACTCCTTCCTCATCAAATTCTCTTCCCTGTGACGACTGTGGCGACGGTATAATACTTTAGATCTCCATTCAGCAGCAAATGGCCGTCTTTATGGGGTGTTACAGCTATACAGGAGCTTTATTGCTGTCGGGTCGTTTAGACGCAGACCGGTAACACGCAACTCAAGTTTCTGCTTTCTCGGAAAGTTGGCATCCCGAGCGAGCATGCTCCGGCTTAGAAAAGCCTCGGACCCCGGCTTTCGCTCTCTGCAGGAGGCATAGTCTTCCATCGCGTGTGCTGTGTCGGAGTTTAAGAAAACAGCTCCGTCTGTCATTGCCTTCTCTACCAACTCCATGCCCGGCCGCTCGTGAACTTCTAGCCCTTTAACTTAGCCTGGCAAATACCGGAAGTTACACGCACTTCATAACTCGAGTCTAGCCACGGACTGCCAACCTCGGTACGGGCAATCATGCATGCGATATATGGCGCTCTCTTGGTGTATTGTCCGTGCACGGCACTATACCCATCTACATTACTCGCTGCTCCTAGAGTCGTTTACAACAACGTGGATGTTTCTAGGGCCCGCCCAGCTGTAAACGGCCTATGGATCGCCGAATGCAGTCAAAGTTGCTGGTGAGGGTTGCGCCATCCCCACGCCACCCTCACCCCCAATTGCGACGATAGTAGTCGTTAGATTCGTTGCGGGGACCTTGTAATGGCTTTCCATGAGCCACAGATGGGTGACGACTGCGGTGCGCCGTGGATCTACTGATCCATAGTCCCGCCCTTATCTTCGATTAGCCGAGGGGTGAACTTCCCTAAAATAATCGGCGCAACCTGAAGGAGCAGTATCCCAACGGAATGCGTGAAGCCTCATACTGTTTGTCTTACGCCAGTGAGGTTACTAACCCTTGGCAAAGTGTATGATTCCTGATTTCTTGCATATTTGAGTCCGTCTAAGAGGCACCACCTAGAACCTAACATCCAGATAGCAAGAAAACCACATCGAGATAATCTAAGCGTTTCATGAAGCTATCGTCAACGCAAATGGAAACCCACCTTATCCAAGCTTTTGTGGAAGTCCTAAACGTGTTCATCCCACGTTGCATTCTACTCCATGCGTTGTGGGATG,1775,50.14,Drosophila melanogaster
SEQ_468357,AGGAGATTGGGGGGCTTAGGCAAGGGAGTGCTACAATCGTACTACGAGAATCAAATATGCTGTCCGAAGTGCGGTAACAACGCGTTCATGCCCAAACTGAGAAATTCATCCGTGTGAGGACGTAAGGCCATTACTCCTAATTCCAAGTCCCTCAACGCGATTGCCTCTTTCGGCACGAGAAAGGTGGGTCAATTACCCATCGTGTAACGTTCTACATCGCCGGGACATCATGTGCCAAGATGCGAATTTAAAAGATTACGGTGGCGATTGTGCGTTTTCTTTGGATGAACGATTGGCTGCGAGTGTCCGGCTTGAGTTACCGAACTTCTGAGTGGGCACATTTTGCAGTCGAACGCAGCACCTGTTCTAAACACGTTCGGCCAGCCCTGTTCGGGGAACTCACGAGGCAGCGCGCGTGTTCTGTACGCTACACACATTGTTGACGTACGAGTAGTTTGGAAGGGGTAATAGAGCCAGGATCTCCCGCAAGAAGATACTGGATGGGGCGAGGGAGTGCTTTTGGTAACGTGATCAGGACTTCGGGGAGCAACTCTTCTCCTTAATGGGCCAAGAGCAATGATACCGAACCATCATAACGGTAATAGACTCGATAGCCCCTGAGAGTTCCTCATTGCGATTACGGTGGCGATGAACCCCTAGACCTTTTGGGATGAGTAGACCCGATTCGTGTGCTGCTGGGCTAGCGTTTTAGAGGATTACGAGAATGTGATTTTCGCAGCTTTGTCCGAGAAGATTTTTGGCTCCCACCTTTCAGTGGCGATAAATAACTCAAGCTAGAGTAACCGCTATTGAAGGGGGCGGTGACGTGGGAGAGTCGCAGTCGCTGTTATCGGCAACTTACAATGCCACCATGCCCGTAACGTTACACCGAGAGGACGAATTCTATACTCCGATCATCCGAATTGACCCAGAATGATGCAGGCGGGTCAAACTAGTCGTAGTCACTCGGTGCCACTTCTGCGGGCGTGGTAGCCAGCTAGGCCCTACCGCCGTGGTAGTCACTGCGCATTACCTATTTAAAAATCGGGACGATATAAGGACTTGGCTATATCATCCATTAGCTGGATGCTCGTTTCTCTTCTAATGGATGGCGAGCCGACGAGTAAGACCCGCAAAACTCATACTCGAGATTCGAGATACTCACTTGAATTGCGCCTATGAGCCCGAGTAGATCAATGCGCTCCTTTTACGTCACCCGCGACATATCTTACGCAACCCAGTGGCGGGGGATTGAACTTCGACCTTTGACTGTTTCATTGTCATAGTAAGGCCGGGCTAACGGAATCCATTGTGCGTAGCGTATGGCGTATGTGCAGGATGAGCTACTGGTAACCCGCGTACGAGGAGTCTCTTACATTAGCAATGTCGGAGACCATCATTCCCACGAGGGAGATTGACGCAAGAAATGTTGCTCGTGCGAATCGGAGATGTCACGGTCAGCAAATGGGGCACGACGTTCGAAGAAAGATCGTGAATTCCTTTCAGGGGCCGAGCTGGTCATATAGTCTGATCACTTACGCCGAACGGGATAGCATATCCTGGGACTGGAGTCCTAGCCATGGCACCAATGCCTTCAAAGGACCTTATCGGCAGTACCTAGCGATACTC,1629,50.83,Mus musculus
SEQ_299890,CTCTTATACAGTGTTTAGTTATCTACGAACCTTACCAGACCGGTACTAGGCGCCTAGCACGGTGGCGCCTCTGCAGCCCGCGGATATTTGAATGTGACCATGGGGCTTTGTAGTCATCGATGTATGGTTTAGCGTCGGATACACATCGTCGTAATGATTCGAGCCAGAGAGCGGGCTTTGATCTACGATACCAGACCACGGTGTAGGCACGCCCTGTAATTCTACTGCTTCTCGATTACCTTACACCACGAATTCTTTCTATATCCGCTCCCTGGCAACTACTCGCAAGGTGCCCAAGATCTTGTGAAAGTTTCTGCCGCGAAGATGCCAATCACATAAAGGCACAATCCCAGCTGTGCACTTGAAACTTGGAAAAACATGCGCCGGCTAGGACAGCATACGTTTGGACATATGCGGGAGGTGTCATGTTTAATGGATCCAACAACGACACCGATAAATTTGATTTTGAACACATCCACGCTCGCTATAAGTGCATCCCGATGATCGCGGAATGGAGAACAGCATCGATGAGCGTATTCCCATCCCGGGGACGCCGAGAGAGGCGCATTACGTTGCTGTTAGCCAAATGAAACATGGTTTCGTTACATGGATCTATCACGTCGGGAGGTAATCCGTCCATTAACTCCGACCCACGGGGAATGGTGTCCTGTACCCTCGTGGGCGTTAATCGGCCCCCTCCGTCTCTCACTTTTAAAAACTTATGTAGCAGATAACGCGTGCACGGATTGAGGGGCGTAAACCGTTGATCTATGTTACTAGAGATGGTGTCTATGGATGTGGCTTGCAGAAGAGGTAGCCAGCGCGCTATTAATTGGGGTGCTCCGGTGGCGCAATTCAAGTTTGTTTTATTCTGTGCACCGGAGCTAAGGTGGAATTCATGTTGGCACTGATAAACCCTTTCGCAACGCGGGGTGCTAGCGAGATATAATGTTCCGGTACTTTGACCAAGAAAGTTCAGGTCGCAGACCTCTGTTCGATGCTTTCAGGGTTGGTAGGGTCTGCGAGTCGGGGAGATTATCAGAGAGCCTGGGCGGGCTTGTTGCGAAGGGCCTGCGAGCTTCCGCAGGTTTGACCGTAGCGAGACACCAAATCACTCCGAATAAAACTCAAAAACTAGTTCAGTCTACCCCCTGATGCTTCGAATAGTAGACTAATGGAAGACAGAAAACACACTAGAATTCTGATTTGATTCTTTCTAAGGGCTATCTGCTCCGGATGAGTTGGCTCAGCAAATTACTACCAGACGCGTCTCGACGTCGCGCCGAGCAAGTGGTTTGGCTGCAGGGAGGACCCCACCCCCAAAGATAGAGCTAAACCAAAAGCTGCATGGGAGTTTGATTGCAATTTCTGCAAAGTCACACCTCGCGGTTTAGCTAGGCCGGAAAATAATTCAATCTTTATAAGAAGACAATACCGCCCAGCCAATGCCTGTTCGTGGGTGGTTGCTGGGCAGATGGCGGTAATCCTAGTCTCGAACCTACTTCCAGGAGATGCTAATTACAATTCTCAGGTCCGACTTGACTCTATTCTACCTGTACTACGCCTAGGTGGTAAGGGTTTCGATAGTTAGCCTATAAACCAAGTATGGAGTCGATGAAGCACAATCAGCCCTCGTCGGTTCGGTCAGCGGAATTGCGGTAATCGGT,1667,49.61,Caenorhabditis elegans
SEQ_748620,GTGGACCACAGCCGTCACTGCCTAGCCTGAAGTCCATGTAAGCGCGTCATGTGGACAAGCCATCTCCAACACCGCTTTGCAAGAACAATAAACTATTGAGGTTTGTTTAGGCCTAACGCTTACGCAAATTCCACTAAAGATAGACCCAACGTGCTACATGATTTTAACTACCATTCCCTTGTAACCTTGGATAATTGACCTTGGTCGCCATTGCTCCTCGAGGCACGGTTAGTCATGATTCCGCATGTTGTCTGCCACGGGACTTGTTGCGTAGGAAGAGCCCTGGATCGTAAGATTACAGTTAGCGAACCGGCGTGTGCATCGGGACCGATCTGATATGTGTGTACGGGACGCTGCGTATGTGTAGACTTTGTAAAAAGCAATTCGAGTACTGTATCAAATTACTACCTACCAACTCGGGGACTGTCACGGAGCTAATGTCGTATACATGTACCGGGCACCTACTTCCCAATAATCCCGCAGCCGGACGCAATATCCTTACAACCTCGGGCTCCTATGTTTTACCTTAGGATCACAACTAGCCTCTCTGATATGGTAAAGAGGGCAGTAGCGACTCTGTTAGGTTTCGAGTATTCGGATTAAAGGATCTGCCGTACAGTGCTGCTTCCAGATAGGCGTCCTCTTCCTCGATCGTATCGATCGGATGCTCCATATTGTGGATCGGCGAATGTGGCAAGCAGGCTACTTATTGTAATAATGGCGAGAACGAGATAGGTGTGTGAGATGTTGATTCAAACGTAAATGCCTTGGGAGGGTCCCAATTCAAGAGGGGGTAGGCATTTAATTTAAACCTCCCCAAGGGCTTTCGGACCGTTAGTTTCACGCCTGATTTGGCCCAGCACCTCTTGGATTCGCATG,879,48.46,Arabidopsis thaliana
SEQ_756231,GCTTGAGATCTTAGAAAATGGTTCTCGCATGCATCAAACTTATTGCCCGCGACAGAGACACAGCGTGTGTATTCTATTCAGGACTTTCCCGAATCCTATCGTTGTTATTATATACGATTGCCTTACTATCACGCACGGGTACCTAGATTCAGTCGCAAATTACGTAGAGCTCGCGAACAGGTCGAGTCAATGTTTGGTTCTACTTTCTTACAAACACCATTCCCCATAAGTTGGTAGCTCAAATTTACAGCCCGGAACGTTAAGTCGTTCGCAAATGTTGTCGGACACGTATTATATCATTAAAGTTAAAGACGCAGTGGGGTCCCTCAGCTGAAAGCTACATAACTCCTATGGCCTCGCGCGTACGGGTGAAGGTCAAAACAACTAGAGTTAAGACGCGCTCTATAAAGGCAATCGCGTTAGGGTCGCTTAGAGGTGAACGGTAACAAACATGCTTTTTAGTGCGTAGGACATTGCCTACACATACACATTAAGCAAAGTCACCCCGGATCCAGTAAAGAGAACCCGGGAGAGCCCGCAAGAACTAGTAGTCATGTACCTGTGTGACGGAGCTACAATTGCGCCGCCCGTGTTGTAAAGCTTAACGAGTGTGCTAGCTATCGTCGGGATCACAACGGTCTTGCCGCAATGACCATTAATTGATCTGACCATCACAGAGGACGGAATCTTCACCCCCGTGACGCCTCTTCCTCGCTAGAACACGGTGGGTCGGTTAATAGACCCACTACCACGCCGTTGGGCGCATGCTGCGACTACACTCCCCTTTGATGTACTAATTAGGAATAACACTGCAGTGCGGATGAACATAGGCGCCACTCTACTTCCAGGTGGCATTCCAGCCCTAAGGTGATAGCTGCGTCGGATGTCGTAGATGTTTATATCTGTACCACTCGAATGCCCGACAGATGTGGTACTTGCCGTATCCGGCTCGCTGGAAAACACCCAAGCCAACGGACGATGGACCAACTTTGCTACGTTGCCCTGGTGCAACAGTGAACCCAGGGCGAATTAGCACTACCAAATTAAAGTCCAGCTCGGCTCACCACTATTCAACATGGTTTAAGATACGTGCAAGATACATAATGTGAAGTACGATAATTGTGCCTGAAACGATAATCGCAGTAGGCGGACTCCCGCATAATGTCTAATAGCCGTCGAAGAACTTACAGCTTCAAGATAGAAGGATTCGACAGCCGAGAACGAAAACTCCCAACGAGAAACCTGTAACCAGCTATAAACACTTCTTTCTCGCGACCGCCCTCGTCATCACGTCGGAGCAATTGCGTTTTACTAAGTCATGACTTAGGTCAACCGCTCCCAGTAGGGGTATGACCTCTCATTATGGTCCGGAGCCTGAATTAACGAGCTCTCGTGCCTTACGGCCCTGAGTAGCCATATGTGAGTTGCAACATTGCAACCACAACAGGGTCATACTGAAGTAGACACCCACGAAGAGGTCGAAAAATGAAAACTTCCTCACTTGCCATTCTACCCAATGGAAAAGGTAAAC,1531,48.07,Saccharomyces cerevisiae
SEQ_839952,GAACTTAGTGTGGGTCCTCTAATTGGCCGGGTCACGATAAAGATTAAGGGGAAACTGGAGAGGCGCAGGTACTTCTGAATATGATAGCCCTTTGGGATGTGTTTCAGAGGGCTGAAGGCGCCCCTGACACTCGAGGGGCTCGGATATCAGTAAGGCGGAATCGCAGCGTTCCGTCAACAGAATATGTTTCAAAGCTCGGTTGTGGTCTGAGTCCTGACGCCCGCCGCTTGTTTGGTACGCATAGCTGAGGATCAAGTATCTCCGATCCTCGTGGCACCTGAGCCCCTAGCCTAATTTTCAGAACATGGACGCTCTCCTTGCGGGTGAATTCTAAGGTGTCCGCTCTAGGTAGATTGTACATGTTTTTGGTCTCGGGCATACGCTCTACCAAAATCGTCATCAGTGAAGGGAATAACGTCACTTCGTGTAGGCGTCAATCGCGAATATCACAGCGGCAGTCGGTGGTAGGAAGCCTAAGAAGACGGACGATAACTGGTTCAAAGGGATCCGTTGCCTACGACGCGCCGGATGAAGGACTCCGTAGACTCACAAGGTTAAAGAGTACTCATAGTGAAACTCAGACTAAGCAAAACCGGAGCTGGCGTCTCTGCAACGTTCCCACCTTCTCAGGTTCCAGCTTGAGATCGCTCACCGAACCTCCCACATAACACGCGGGGTGACTTTGCGTTGACATTCTTCTAGACAGTGTTTTGATTCTTAGGGGATGCGGCTACATAGTGGCTATTGACGATTATGTAAGCGAGCAGCTTAAAGACAATGGCCTCCCTAGCTATGCTACGTGCAGGCGGTGTTCGTTTGGCATGTTATTCTTTAAGCACTTGGGCTGGTGTAGTGATCCTGGTAATTCAGACCGCATACAAATCATATGGTTGTTACAGCTGCGCGTAACCAGATGCAGATCACGCAGAATGGATCCGCGTCCTTAGTCCCCTTTGCACCTTGGCTGCCGATATGCTGTACGTTAAACCGGTAATCTAGCTTTATACCAGTTACCCTGCCGGTCCTGATTCACCTGATTTCCGTAGTTGCTATACCAGTCGCTTGTGCACGTGACGTGAAAACCATCAGCCACTTCCTCCCCGCGGACGGGATCTGTGCTATTGCGTAGGCTTGTGGTAGTAGCAAGCCAGAGGGAGACGTTTACCCTGGGTGTCAGAGACCCGGGAGGGCTATAAACTACAAATAGCCCATGTGGGACGCGTATGGGAAAGGCGGGTGCTTGCGCAAAATCAAGAGCTCTGGCAAACAATTTCTTCGCTATGCGGCTCGAATAACGGCTTCTAGGCCAAATATGGAGGGAACCCCAGTTCGAACGTTTGATGCTGCCCCCCAAACCTGGGAGCTATCAGCAAGGTAACGGTAGTCGCGACGCAAGCCGCTACTCCGCGAGGGGCTGCGGCGTTGTTGATGCTTCTATGCCGCCCTTGAAGAGTTCTACCCCAAGACAGTGATTTTAGCTCGAGTGGCGTGAACTTGGACCTTATGCACAGCCCGCGACCGTCGTTGATGAGGCCCGTCATACAAAGCTGCTTTGAATTGGTATTCTTTCTGCGGCACACACACCATGCGTGCAGAGAAAGCGTCCAGGATCTCATTCGATGCTGAGTGACGATTCTTCTTTGTCGAAGTGTTCTACCAGTTTTCGCTACTTTTACTCGCTGGGCCCTATCTAAGTCGAGCATGTATGCCCCCGATCTCGAGGCATCAACGAAC,1734,51.67,Mus musculus
SEQ_233212,GTGGGAGCTCATGTCTATGAGATAATTAAAGTCGAACAACGAGTTGTCCCGCGATGCCTTATAGATTGAGTGGTGGCTACTTAGTTCACGGCCAAAGCATTGGGATGCCAATCGCATTCATAGGGTAGGTGTCCACAGCCCCTAGAAAGACATCTGAGGATCGACCTGCCTAGATACCTCACTGGCAAATGGGTAGACGGCCGTCTAAGTCGCTTCGGTTTCATGTATTATCAGTCCAGTGGCCGAGGAGCCCTACCCGAACCCCCCACTAAGTTGCCTACTAGCCTAACGTTGGACTCTTGCTCTGTACGCGCGGTGAATGTGTCTTGGGGTTTGTTAGACACTTTTAGGGAGATATGGGGATCGTACACAGAATCACGGTCAACTCAAAATTGATGTATACAGTTTTGTTCATCCGAACAACGCGCCACTGACTCACCGTTTTAACGCTAGTTGTAGCAGTTCCTATCCCGATGGGACAAGTTCGATGAACGATACGCAATTCCTAGCCGGCTCCAACGTGGATCCTTCTAGCGAAGGAGAACTCTGCAGGTGACCGGTCCCTGATCTGCTATATCGCCTTAGAGGGTAACTAGACCAGAGAGCGGTTCCTAATCTATCGATCATCTCGTTTGCGACAGGAGCCGCAGTTGTGAGAACGGTTGTATTCATGGTACTCTCAGTTGAAACAAGTACCAGCTGAAAGACACTGATGATATGGAACCGGCGGATTATATGCGACATCAACACTACTGTTTCATATGGTGCTGTCAGAGAACGTGCACAGATCGCAGTTTGCCGCTTGGACAGATGGTCCAGTAGTTGTGTACTTTGGGCCTCGACTTGAAAGTGCCAGAATATTTGGTAGACACTTAACCTAATTAGATCGGCGCCAAACACATAGCCCTAAACTAGCGCAATGAACGCGATGTATGATCATTTTTACCGTATTGTGAGTACCGTAACGTATTGACATAAGTAGACTCATTATCGTGGTGAGCGGTGAGATGTTATAGCTGTCCAACGCCAGCCCTAAATGGCCTAATGTTCGTACCAATCCTCTGGGCTACGTGGAGTCGTAGGAGTGCGACCATCCTCACGCTTCGTAGTTGGCAGCCATCGAATTGCCGTCTTGCATAGCTAGGGTTTGTGCTCCACACCGGGGTGGAATTCGAGCAGGATGTTCTCGTTATTATGACGCTCGGAGGTAGTCGGAGGCTTGAACGCTGTTCCAATATAGTGGCGG,1246,49.04,Drosophila melanogaster
SEQ_258064,TCCGAACGGTGCATCTCTTCCAGCGTAAGCCAATCAGCACGTCATACAGCCTTAGGGCCCCTGGGCTGGGTCTAATAG,78,56.41,Saccharomyces cerevisiae
SEQ_188872,CCTGCCATTAGTCTCGTAGCGAAATAAAATCTGTCAACTAACGAGCCAAGGTTTGATGGTGTGGCCCGAGGATGACGTATGAAGTACCCCACGTTCATCTACTATAGACTCGATAACCTATGTCGAAGGGGATATACGCGCCCGGTCTATTCTATCTATAGTGCCCCTCGGGGCTAGGAGTGGCGTGATGGCTTATGTTAAGTCCGTATTTTCCAGGAGTTGAGGATATAAAACAGGGGAAAGCGATAGGATGTGATGCAGGTCGGGGGGGTAAGCAAGTGAACAGTATCAACCCTTTGTTGGATAGTCACCGTGTCGTCACCTTATTCCAATGCTAAAGAAGTATCCAAGTAACAAATGTTAGGCTTCTCGTACGTCGGGTCGTGGTCATAAGATCCAAGGACGTCTCCCCACCGGATTAACCATACGACCCATGCATGGCACACAGAATCGAGCCTTAGACACCGTGAGCCAGTGTAGGCTCCTCGTCTCGAAAACCTTCAATTTGCACCCTCTAAGGGTTACCGAGGCAACTGAAGTTTTGACGTTGTTAAGAACCTAGCGTGATCATGAGATGGATGCTCCTTGGTCGTCTCGGCAGGCGGAACCCGCTTGAGACGCGCTGTTAGATTACTTGGTTCCATTGAGCCATCTTAGTTGGGACTTTCGGGTCCTGCATTTGCTACTAAACCGGGGATGTGATGGCACTGAGTCTCAGTGCTATAAATCGTTATTTTGGCGGACTTGCGCATAGCTGAAGCCCATGCCTTCTGGCAGTATGACTAAGGGCGGCACTGGAATTCCAGCTGAACGCCTGCACAGTGGGACCTCGCGCCGCATAATGCACCGACGAGACGATAAAATCCCCCCAAACCGCTGACCAAGATGGCACCTTCTTTGCGGGCAAAACTTTCGCACACGCTAGCGGCGAAGCCAGGTTTCCCCCGATGAGTGTATCCTAAGCGAGCTGGGACGGCTGCACTAGCCAAAGGATCACAACATGCACGATGCTGTTAGGGAGCGCAATCAGATGTCTGAAAAATGTTCTGACCACTCTATTACACGCCCAGGCAGACCCAGTTAATGATCCATACGTTGAAGTTAAGTACTAAGCACAGTAATGCCCGACGCGTGCATTCCCGATCTTATAAGTGAACCCATCCGCTAGAATACCCTATTGGTGGTAGCTCTCTGCTGGAGACATTCTAAGACAGTAGCCATTCAAGCATTATTTCGTGTCACCTATGGAGTTATTCCGTTGCTCATTCCCTGACTACTATAGTCTTTGAAGAACGTGGGTATTTTTAAGCCATGCCGCTCCCGCGATGTACATCAAGTGATTGCAGAGCCGACTTGTATCACCACGGCGTCCAAAGACCATTTACTCCCTACGGATGCGAGCCGGTAATTGCCTGGGTGCATTTAATCTTGCTAAGAAGCAGATGAAATACTGTACTGATAAGCCGACCATAAACGTAGGGCAGTTACATAATGTTGGTAGCCGGCTTTCTGTGCGCTCTGGGTGGTTCTTGGGTGTGCAGGGGGTCCGCCGGATTAACGGAAGACCCGGAATCGACCGAAGCTAGAGCTGACACTAAACGCTATGGATCCGGTTTCACTATGTGGAGGAAGCCATGGGGCCATAGTAACCCATCCGTCGGAAAAGTTCGTTAGATACTTTGCGGGGCGGAAACATGCTTTGCGTCTCTTGGAGAGCTCTGCGTTCGAGTAACCGAGCCCACTCTCCGGTTACTGGAAACGGAACGTGGAGCTTTGCTAGAGCTCTAGGTCACAATGGCAGCCACGTA,1808,50.39,Drosophila melanogaster
SEQ_844884,ATTGACGCCCTGGCTTTCACTTTGTACTGCCCGATTGTCACATCTTACATAAGCAGAGACTTAAATGTATAGGCTACGTCATTGGGTATCGAGCTAGTCCGCGCGAGAGGTGAGGACCCAACTGAACTAGAGATGAGGTAAAGTACTCGTATCGGAACTGGCCGAATCTATGGAAGATAACGCTATCTCCTAGTCCCGCTGCCGATCACACTCGCGGGGGGATAGCCAACCCGTCGAAAACAGAGTTACGAGACAGAGATACCGGAAAGGTGTTCTCCTACACGGCCCAGTGACCATGGGGTCACACACACTAAGCCACCCAGCCCTATCGTTATAATAACAGACAGCTCTGACGGGATTGTACTGGTCCGGGCACGCACCATAACTTAGCGGGAAGATATTGTGGACCGCCATAAAGTTTACTAACGCCTAGATGATTTATGGAAGCATGGCGGAGATAGTGTTTGCTAAATGGGATGGCGGACACTGTGATCTCTGAAGACTTAGGGCCCTGGGATGCGAGTTAAGCTGAATAGTCCCCGG,543,50.64,Saccharomyces cerevisiae
SEQ_333445,TTGCGACCCGTGAGCAGGGAGGCGCGGGGGCCTCTACCTGGTGTAACCTTCAATAAGAACTAGTGAGCCGCGGTACCGGCTATGAGTCCGGTGAGCACTAGCATTAAAGTAAGCAGTCCAATATGCCACAATCCGCCTCGAGCTAAAACCCGGCACTTCCCACTGATTCCATTATCTAGCTCTTAGTCGCTCCGAGCGAAACTATCACTGTGTGCGTGACGCTCATTGAAAGGGGTGAAGGGTGCCAAATTTTAATACCCTGGTTTTGGTTGCTAGTACCGGAGAACGGAAGTACACGCTCGTGAGGCTTGAATTCGGACCTCCGTGGTCTACCAGACCTCGAAGCTCGCATCGCCCTCCAGACCAGTTTAGATGATGCGTCCGAACCTGTTGGACCGTGGTGGGTTCGAAGATGCAGGGGCCGTACCTCCAACTCACGCTTGGACCTGCGCCGACGTGGCGTGGAGAACGAAACGGGCACACGGCGCGCGACTCAGCGCTTGCACCTCTCGACATCCCTAGATATGAATAGCGTAGGGTCTGCAAGTGCCATCAATTTCGATGGCTGTGTCGTGGCTCCCATCTTTCAGGCCCTATAGCTTGGGTAGATTCAATGCACTGTAATCGAAACCGGGGAGCCACGGTCGAACGTGACATTTTAATTTAGAGCTCCTTGACTAGTAGTCGGTAGTCAACTTGTCCATTGTGGGAAGCAGCATCACGTCGGCCCTCATTGTGCAAGCCCTTGAGGATTGTGGATGCGACCACTTTCAAGGAGCAGTGCTGTTAACCTCTACGGACTCTCTGTTTTAACCTGGGGTGGTCCCGACCTGTTGTATGTCCAGCGGTAGGAAACTCACGCATATCTGTCAACCGCCTCTCAATCAACATTGTCTCTGTGTGCTACTCGCGCCTGGACCCGGGATCCTTCATGTATGTATAAAGCGGCACTAATATAGGACTCAATCGGGAACAACGATCCCAGAGCCCTACGTAGACAATTTCATTTTCCGTTTGGGAAGCGCTCCGTACCACATCCGGCTACTACATCACCGTCCTTGATCATGATCGTCTTCGTGTGGTCGCTGTAACTGTATAACGTACCCGCCTAGGCCGACGCAGAGGCTCGTTGTTTGTATTCGACTATCGTGCCATCGCTTAGTCTAGGAATGGTGGTGGAGTAGGTCAAAGCTGGCGGATGGCCCGTATTAGACCATACACAACAGCACCTCGCCTAAGAGGAAATCGTGAGATCCCTAAGACGCGGGAAGGCATACGGTAGTGAATGGGGAACCATTGCTGTTTCATGTAGGTACATCGTACAAATTTCTCCGACGCCCCTGGCTGAAGTTTAACCCTGTATATCCGTGATCAAAGACCGCAACCCATACCTTCATCGTACATCTACGCGCAAGGTATTAGACGAAATTATCCTACTATACGGCGCTTCGTAAGGCCGCTTATGGGTGGATTGAGGCAAGGCCCTCGATACTAAGTAGAAGGGCAAGTTGCCAGCGATAGCTATTTGCGGTCGAGTCTTGGTCTTTGCGCCCCAACTAGCACATGACTTGGGTCGTATATACGAAAACTTCACAAAGGCATAAAGGATCATTGTATACATTGCCGTCAAGTTTCCCTACAATA,1644,51.64,Escherichia coli
SEQ_297248,GCCGCAGGCCTAGCGTATTCAAATTATCCCCCCCACTCTTGTGCGTATCACATCCAAAACGAAACCTGAGGCCCTATTGGCAAAGACTTTACATTCGTTTGAATCACGGAGTTTTGGAGGGAGCCCTTGATTTCATCTCCTAGTATCCCTATCCGATGAGGAAGTCCAAGAAAGCACGTCCCTCTGATGGCGTCGCTTCCTATATAGCTCAGGTTATTCTACAGCTCGAATGCCGGGTGACTTAGTGGTCAACGAACTCGCTCCTTCGCTTATGTAGGTAACAAGCTCGTGCTCTTCGTTCCTTCCACTGCGTGGTCTTAGGGTTTGTGGCGTAACTGTGTGATTGTTCACGCATCCGAAACATCGCTATTGAGTCTGGCGCTAGCACTCCGGGGACTATGGTACCCTTCATACCGCCCGAACGCGTCCTCCCAATCAGCACTGTCAATTCGCTGGCGGCATCCGATAAGTTGGTAGCCACCATCATCTTTTAGTACGCTATCGGAGTAGCTGGAGTAGTGGAAGGACAGTAACAATGTCAAGCACATGAGTGGCTAACAATACAGGGCCACATACGAATCCCGCACCGCGAACTAGTTAGATTGTAAGATCCTCAGCGTACATTAATAGCTTCAGCGGAATTATGCAAAGCCCCGGGTATCGCTGTTCCGTACCACGACCTGGTCTAATAAAGGTTACTGAGGCGAAGATCGAACCCAGTGGCTATTCCGACTCCATGTAAATCAGCCCCAACGGGAAACGTTATAATGTCCCTCGCGCCGAATAATAGTGTTCCCTTTTAGCACATGTCTGCAGAGTATCAGGTCCGAATTACCTATATTACTATGAGCTTCGTTTTATCTAAGACAATGAGTCTGATATCCCTGTGTGGTTGCATGTCTGCTCACTCTTTTTCTATATGAAGGAGTGGAGACATGTGAGAACCTAACGACACTTTTAGGAAAGAGGTTGTCGCATAGGTGGGAATACAGGTCGGGACACGATGACTACCGATCATAGCGTTGGGATCTTTCCGTTCAAATCTCATGTATTGTTTTGCATTAGTAAAGCCAGCCGTAACGGCACGCTAGAGCCGACACACAGTGACATTGACAATATTGACGCTCGCGTCCTCAAGTATGACCCTCTATCCCCGTCCAATCCCTTGCCTTGTGATCAAAATACAGAATATACTAGCTTGCAGGCAGTATAAGCAGAGCTACATCGCTCTCTTAAGGGCTAGCCAAGGAAGCTCTTCCTGGCAACCTGCGGACTTCT,1278,48.36,Arabidopsis thaliana
SEQ_654198,GGAATGACCATGCGGTTGCCAGTAGATAGTCTTCTCACGTGTATCACCTTTTATACGACGATTCTGAAGATTCGCTAGACGATATCGTTGTTAGCTGCTGATTCACATCAAAAGCATCATTCGGCAAGTGGACATCGAGACTTCGATGGATGCCGCACAACTTCTACATCACTAAGCGCTCCGCCCTTGTTCCCCCGACATCCTTCGCCCGGCGCCCAGGCACAGGCTCTTAAGTAGCAGCTGCCTGAATCCTGATGTGCGTTCGCTGCCTCGTGAGACGCTTACCCCCAATGCCCACTTGAGAGCCGCTCTGCGTTCAAAGCTTGGCGTTCTAAGTTGGCCCAACACGGACCATGCTGCGGCCGAGTACTTCACCGAACATAAACTCGCACAACCAGGTTCATATGCGGTTTGCCCCGACCTAGGACTGATTTCAAATCATAGTTAACGCGTGATTTACCACTGAACTGTCGTTGTTGTACCCGTTCAGACAGGCCCGCTACCCGTGTGAGCTGGACGGTGTCGTTAACGTAGCTGTCAGTAGTGACGGTCACGGCCTGACTAAGATCCATTACTGATTGACATGTTCTAGCCGGCTAGTACGACACCAGAGCGGTGGTCTGCGTGCATTGTTGTCTTTCATCCTTTTATCACGTTATTGAGATAATCAGTCACGGGTGGGGTGAACGTGGGCTACATCGAACGTGGTCATTGGTCCATCATCGGGACAGATACAAATGAATGCCCGATTACTACCGTATAGGATAGCGTTATCTCCCCAGCAACGGCTCCTAGGCGGCTCTCTCACTCGCTTATTCTGTACACTTAGCGCTGCAAGCGTATGCTATTGCTATTGTACAACCGGTAAAGCCTCTTGTTTACCCCTAGTCGCCTGGGAGGACAATTATGTGAGTAATCTAGTAAAGATTTAGTCTTAATTAGTCTTCGATCTCTACCTAATAGCGGGTTACCCGGTAATTGTCTTGTAGAATAATAAAGTCAGTCCTCAATGCTACCGACAAATCTCGGAACGTGAGGTCGAGACCCTCACTTGGCCCTGGTGACCAGGCGTTCTAGTGAATTAACAGATATTAAGAGCTCATTTACCTAGGACCTGTATACAAAGTCGCACCCTATGGCCCAAGTCGCGCACAGAAACGGATAGTGCGACTCCCAAAATAACCCGGTTTGCCGCTCGCTAGAGACCTCCGTCATGTAAGTTACCCTGTAGGAAGTCAACACACCTGGATTTGCAGCCCCATGACTATCACGGCAGGAAGGATACCTGTCCCATTGTGCCTCTGACATCTAATGTCCCGGTTTGCCGTAAACGACGGGTCCGTTCCCTTCCTTCTTGATCTAGCAAGTTACGGACTTGGATATTTCCCATTGTATTCATTCTGAGGGCGAGGACACATATACTTCGGGCGCGTTTTTATCGCAGTTGCCTATAATT,1456,49.66,Saccharomyces cerevisiae
SEQ_133593,ACACGGAGCGCCTTCAGGCTTAGCAACCCTACATAGGGCACTAGCAAGGGCAAACGCACCGAGCTCAACCAACGGGTATCCCTTTGTTGCCAGCCTCACAGACGTGACAACGACTAATGATTGCGTCATTAACTTCCAACTATGGCGTACACGTACTTCGTGACCGGCCGGGGCATGAATTAGCTGAGCTATAGCTTACATAGACGGCCTCTGACATTACGTTCGCCTCTGGAATTTGTCCGATTACGGTAGCAGATTGAGACTATTTCTTCAAAAGCAGCCGCGCGCGAGGCGGTATTATGCAGTTACAATAGAAACTTATCTGTCCTGACCGACTATCCCCCTGCTAACAGCGCGGGCGATTAAAATTAAACTAAGGTACCAAGTCCGGAACAGCGTAAGTGGTGACTGGCTCCTCAGCGATACGAACCGTATCTGCCGCGATATACTGTGACGCCGCCCTAGACCAGCTCAACTAGCTGCTCCCGGGAGGTAGCGACTGGTACCGCACGTGCGATGGCGTGTGTTACACTCCAATGATGAATCTAATCCGCGAGTTTATTTCAATTCGTATATCCAATAACAGTCTCAATGTACAGCTCCCTCGAGCTATGATGAATTATTCTCAAGGATTTGCCAGATCAAAGCCGTTCCTTCGTATTGCCTCTGAAAGCGCTGCCTGCATGCTGGTCCCTGAGACAGTGAAGGACACGCGGGGATGCCCACGTGCTGGTCACGATTGCGTCAAAGCTCGTTGACCGCTAAGGCTGTTAAGGAACTTACGTGACGTCTGGATTAGTTGTAGTTGTAAACCTGTTAGTCGCTCCTTGTTTATGTGCACCCACTGAAGGGGTTTACCAGTATTTTCCAGATCTACCATATACTGAGTAGTTTCTAATGGATCGGGCATGCGTAACTCAGACCGCCTGGCGCTAGTGCGCAGGCGGATGGTGGTTAAAAACTAAAATCCGTCCCGAAGTCCCCTAGCTTCGGGTGTAGCCTTGTCCACCGTCTTGCGCAAGCTTCGTTTTCGTCCGGCTTAATGCGATTGGAAGTGTCTGGAACACATTGTATTAACGTGACTGTGCACAGTATCTAGTCCCTGCGCAATCAGGGTCCATCTACCGCAGCTGGAGCCGACAAAATCTTAGCATGAGCCAGGCTTATTTG,1170,50.51,Homo sapiens
SEQ_745515,TCGCGAGTCTTCCGGGTGTAGTCAAACATGTCTGTGAGCACAGGCTCCACTGTCTGCACCAAGGGACCCGAGAAAAGACAGCCATCATCTTAGTTATGGGCCAGTAGCGCGCACTAGATTTACTGCCACAGCGAGTACGAAGGGTCTAATGGTCATGGATCCGGAAATAACCGAATCTTAGCTATTGTCGATCTAGTCGCCAAACCGCCTGCTGCATTTTGCGAGAAATAATCTTCCTTACTAAGTGAAGGCGGCGCAGAGTCTGCCCCGTTGTAGGCGTCTGGGAGACTCCTCATTAGGCTTACGACGGCACATTCATGGGGGATGAATGTCGATATTAGAAAGACTCTCTAGAATGCCCCGTACGGAACGCTTCTTGGACGATTTTAGGTTTCGCGTCTTCAATCTCAAGCAGTCAGCACCACAAGCGGTCGACAACGTGGAGTTGGTCGCGCGAGACGCATCTGGTGCCTCGGAAAGACGTCCATGCCTAGGTAGTTGGGAGGGGCGCTCTAGGGGTAGAGTCACAAGAATCACTTGGCGAGATATACCATTTCCGAGGTGGAGGTAAGAGAGATCTGCGTGCGATGCGCAGGACGCTCCCGCTTGAGCGAAGACACAAGGTCGCGTAGTGATTAGATCCACTGCTCGTACTCTCCAGCGTAGCTTTTCACAATAAAACGGCGAGAGACGGTAGCCCCGGGGAATATGCGGCACAATCTCGCGGTTCTTCCGGATCTGGTGTGTACACGATAGCAATCAACCGGCCTAAGAGAGAGCAATCAGACTGCACGTCACAGTGGTTCATGCCCATAACGAGCATTTGTAGTTCACTTCATACACCGGGCATGTACTGTTTTAGGTATCGTTGGAGTCGTACAATGGTTCGCACTCCCGTTCTGACCCATGGTGAGGATAAGCAAAGATATGCCCTGGGGGGCTGCTCCTCTCCTGCTTGGGGAAGGCACAGGCCCATAAATCTGGCAAACCTTGTCAGATAATATCAAAAATCGTTGTCCGAGAAGGGGGTCATGCCACCCACGCCTGCCGTCGGCTCGACCTACTTTGCGCAAGCACACCTTGGATGTTCTCATTGGGCCGCCCAATACTGATAGTACAGATCCTGAAGTGCCCTCGACCGGTCGAAGCGTAAAGAATCGCTAAGTACCTTCTGTTGATGGAAAGACCCGTTGTGCCTCCTGAACGCCAGGTTTATAACGACTCCCGTTCCTATTTAAATGAAATGCCGGTTTATTGCTGTAAATGCGGCCTTCATTCACATACCGCCGCCAGAGATTTAATGCAATGTTAGTGAACGCAAATGAGCTAAGAGAGGTGCCCTCCGCAAGATTGTGCGCCCAAAAAGGTCCAGTCAATTTGGGGGACTTCAGCACTAACTCACGGACGGACACATTGAATTTACTCATGTACAAATCGCGCCGAAAGTAATGCAGATTTGAATAGAGATGAATGCCGCGAGACGTAGTTTAGACTACTCAATAATGCATAATCAAATCACCGATTGCACCAGACGATCAACCCGGCACGCCTTCTAAATCACTCTCCACCCCGTCGTTTACCCCACCCCGGTGATTGATTAGCTCACCTGGCGGTGAAGGTGGCAATACCTACGAATCAACGGTAATCACTAGAAAGGAGCTGCAGGCACCACACTGAATATTCGTGGATTACATTACAACGGAGCTATATAAGGACCCTGAGACGGCTATGTTAAAGACCGTGAAGCAGGTCGGCTGCACCACAAACAAGCTTGTGTCCAGCCGCCTCGGCGCAACGCAAAAGCCGTGTCCGATATATATTCACTCCGTATGTCGAATGCTGCGATCCGCTACCGTGGATCGCCATCACTAGACTCGCGATATTCGGTTGCCGAACGTTCAAATGTTCTGA,1911,51.02,Drosophila melanogaster
SEQ_166763,ACTCCAGCGCTAATTACTTGATGTTGGGACATTGGAGAAGGGTCTTTGTGCATGGATCCGACCCCTAGCCCAATGGCCATGGATATAGATATCAGGTTACTTGCGGGCCTCAGGGGCATAACGATACTACCAAGGTAACTGATTAGGCAAGCGCCTTCCGTCTCTTTGAGCTATCGTTGGTGAGCTTTCAAAACTTAACCTTAGGGATCATGGCTTTTGCGGGACTGGAGGGGTGGAGTAATAATAAGAAGCAATCCCCTTAGAACTAAGATCCGCGCGCAGGGGAAAATGCCTCGCCCCAAACAGCAAGCTGGGTCAAAGCATAGTGAGGCAACGACGCTGAGTCACGTTTCGTCTAGCGCATTGGGATTGTCCTGTAGCCCGAATACTACTCACATAGTGGCGGACATGCCCGGCGGTGTTAGTCGCCTGATCTGCTAAAAACGTGGAAGTGCCGCAGAGGGACCATTCCGTACTCTACTGCGTGTTACGTAATTCACAAAGGAACAGTTTGCTGTATCACGGTACCTTCAACTGGTTCCTCTGACCGCACTCCAGGCCGCCTGACACACACACTGTTCATCCTTGAACTCTACGGATACGCTAAGTGTTCGAAGGGTAGCACGTCCGATAAACCGAGCCGATACACCCCACTCCGACGGTTTATATAGCACGTAGGGGCGTGGCAATTTAGTGCACGGGCCAGCAACACGTCTATTCATCTTGCTCTAAATGGGGGAGGCAATGGGGATGGAGGATTCGACGGCTTAGTAAATTGCCGACTAAGGGGGGAGGGACTTGTACCTATATAACCATCCGTTTACATTTGCAACCAGTGGTTCGGCTGCGCCGTTATACTCATTGGTTTGTGGAAGGCTATAACACAGCACCCGACATTACACCACGCGGTGGCACGACAGTCCTTGAAATTGCCGGGCTTACTGATGGATCAGCGGCACTGCTCTTCTAAATCATGGCGGACCTACTGCCGCTCCATAATCAATCATCGCTTAATATTAGATCCGATTCATATTCCTGTTCTAAGGGGCCCTTTAGTTTCATGCATAATCTTCGGGGAGCTTCGACCGACATGACATTCATTGTATCGATTAGGGAGGCTAGTATCTTAGGTGCAAGAGCCTCTTCGACACGGACGCGTGCGGAATTGACATAGGTTTAGGTACTATTTCTCTAGATTTAAGTTTTGTGGCTTTGACGCCGAGGGTAGTTAAAAGACAAGCCGATCCTATTCTGAAACGATTCTCACGGCGCTTTCCACATGCCGTTAGTGCGTTCCAACAAATCGCATTTATAGTTTATACTTACTCGATGTGCGACCCATTGCATCGACAACAACGTAAAAGCGACGTGTGTCATGGTCAGTTACAGTGAGATGCATGTCGGATTACCGTAAAATCGACCAAGGAAGGATAATAGGATAACCAATCTGCAGGATTTGTTCTAGCATATTTAGAGCAACTTTGTATCCGGTCTAGCCATCGTGATGGGCATGCCGACTATCCCTACTTGACCTCTGACACATCGGGACCTGTCCGGCCAAATACATGGAACTTGTAACGCTCTATTAAGACACCTCCAATTGTGTCCCG,1610,48.94,Homo sapiens
SEQ_488452,CAGCGTACGTTCAAGGAGATCCTGAAGGGTGCCACTGGGCTTGCCACATCGCTGCGCCAATATAGTTCGGCATTCCGACAGCGACTCAGACTGGGGTCGATCCTTGGTACTTTTAGACTACCTTACCCCGGGTAGGGTGTCGTATTGATGCAATGAGATATGCCCCTGCGCCACCCCTGTAACTTCGGAAACCAGAGCCTACTTACCCTGGGATAAATATGATTTGTTCCTCCGATATGACTAATTACCCCAACGCCAGACAGAGGTGAGAGGGGGTTGACTAACATCGGAAAAGAGCGTGATAGCGGCAAGCCTTAGGTGAGCGCCATTTACTGGTGTGGGGAGTCCCCTGACAGGACGTAAAGGAATAACACGCTGCTCACTTGCTTCTCCAAATAACTCTTGGAACGTCGGTTACTATTGCACGCTAACCTTTAACCTGTTTGCAATAGTGAGGCATCATGTTTCGTGTGAGCTCGTTGGTAGTGCTACTAATAGAGAAAGTGTCTTATTCACTCGCACCTTCATCACGATTCCGACCTGGATGCCAAAGCCAAGTCTTGCCTTGCTGGCCCACCCTTGAATTGTTGCTGGTATTATGCGCAAAAACTGTAGATATATTTCCAGGGGGTCATGTATGACGACATGGTGATAAACTGTAGTAAGCTGTCAAGAAATAGGATGAAGTGGCATCAGCGCCGGAGATGAGCGCCGAACAAGAGGCCAAGATGAAATCGTGCGACTGTTCGACTACCGTAGTCGTCAGGCATCTTGACAGACTGACTCATAGACCTTTCCGCTGAGACAGTATGATGTCAGGGTCAACGAACTTGACATTTGGCACCTGAAAGGGTTTTTCCCTCCCTAGCTGACGTCTGGAATTTGTGAGTGTGCTAGATCTATTTGGTCATACAAAGTTCCAGTTGATCGACAAATTTCTGTCTCTATCATATACGTCCGGGGATCCCATGAAGGCCTGCGTCCGGGAAAAAACACCTCTATCCCCCACCTTTTTGACGAGCGTAATTATGCAAGTATTTATCATACGCAGTTAAAGTAAAGTTTATTACAGTTAGGCTACTTAGCGTGAGCGGGTAGCGCACACGGAAATGTGCTCTACATCGCTTTAATCAGGGTGGATGTAGCCCCCCACCGCGCTGAAAGACCGTCGAGGTCCCGACGGATTAGGTGCACAGGTTCACATGCAGGGTGCAGGATAAAACCCACGATTTGGAGGCATGGAGGGATTCTCAGGTGGCGAGGTCCAGCTGAGTGAACCTCAATCTTCTCCCTATCCCCTCAACGCTCCAGACTAAAGTCGACACCTTGGCGGACTCGATCTCCACGGCAGCTCGAGGCCTAGATCCGCTGAATTGGCCGGTGCCCTGGGAACGTTAAGAAGTTTTCTTATAACGATAAGTGGTCAAATTCGAACCCGGGTATCGTGCGCGCCTCCTTGTAGGGGAGGCCGCGTTCCAAGCTGTCATTCGCTAGCCACCGTGAGACACGTAAATACTGCGCTGCCGAACTGCCCCTGGGCGCTAGAAGCCGCTTAACATGAGACAGTCGCCACGAATGGTCTA,1583,50.54,Arabidopsis thaliana
SEQ_572051,TGAAAGCTCCTTGTGTTTAGGTAGGGAAGTCCATATACCGGACCGTTGCCAGCATTACTCATAGTATAGGCAGTGGACCACGGCCATCATTTACTTCTGGGCAAAGAAATCGCCTACCGAAACCCCAGCAGCCGTCGGGTGCCACAACCCCAACCAGCCATCGGAACCGAGTAGCAGTCAGTGATCATTACAGCGGTCGCACGTAGGGATGCCGCTGACTGCGTTATATGGTTTGATCGCGGACCCTCACGGACGTCTGTCGGTGGCTAGGTTTGTTAAAAGATCTCCCGCGCCAAAGAGGACTACGCTCGGCGGCGCCGGGAGGCTTTGCCATTCCAGCGGTGGTGAAAGTGCATATGCTGGAGTTCCATTCAATAGGCGCAATGTCCCAACGTCGATTAGCTGAATCACACGGGTCATAAGGCACAATACCCATTCAAGCAAGACCGGGGTACTTTTCGGATCGGGCGTTATCGTGCTGCGAGTATCTACAGTATCGGTCTCTCAATTATTTTTCGGGCCGCACCGCGCGGCCAAAATCTGGTGGTTGGAAAGACACTTGACGGTAGTGCCGAGGACCCCATGATAGCATGCCTATTCAGGCAAA,607,53.71,Mus musculus
SEQ_885151,GACTCTTGAGAGGGACAAACTGCCAAGGGGCACATGATGGTCTGATTGCGGGCTGGTATCGGACAAGCAATGTATCCCGGGTTGACGGAAGGACTAATGGGACCTGATTTCAGAAACGGGATTACCGGTGCGTTTTTTGGCCCTATATATAACCGACCCACGCCCACGCCCATTCAGACGGAGAACGTGGTAATTGGGAAGGGATATATAAAACAAACGTCTCTTTCCGTCTCCGACCCCGGCCAAACCTTTAGCCCGGTTGGTCGCGCCACGGAAGCGTCGTTCAGGGCGCCTAATACTCGAGTCCTGAACGCGCATGTGTGAACTGCCCCGGACGATCTTGCGTTAATCGCACAATGGATCTAGGACTCCCGGTACAAGGTTTATCACATATATAATGTCGCGATATCAGTCTCATACCACGATCCGTGGTCAAGACTAATGCCGTGGAGCTTGCTCGAATACAGTCTCAGCTCGCGACGATT,485,52.37,Saccharomyces cerevisiae
SEQ_980336,GAACCGCTTGAAAAACTTTAGTTCATAGATTACTAGGCGTTACCCGGCGAGTACGGCTCTAGATTCAGATAATGAGCACACGCCAGACGTAGAAACTTCGACTATGTAAGTCGGCGTTTCTCAAAATTCCTTCTTAGTTACAAACTCCCTTACTTTCGTACTTTAGTGTCGGCCGCGATACGCGGCCTATCTTTGCGAGATGACTTATTGATTGGAAGCAAGATGGACATACCGTACCGAGCGACACTCTATAGCTCCGTTATGCCCCTAAATGCTTACAGGAGCGTTGTGCGGTTTACTGGCGTGAATGCCTCGCGCAAACGCTTATGACAGATGCGTCGGGTTTACATCCACCGCATAGCCGGTCAACTTAGTTGCGACAAACAGATCCAGTGGTCAACAGCACTCTCCGGTGGCGGCACGCCCGAAATCCGTGAGGATATGAGACTGAGGGGAGTTCCGCCACGAAGTTGGTGGGTTCGTTTTTATAGGGGGAAATGGCATACCCCGCAATCTGGTAAATTCATCAAAAAATGAGTTTGACACCTAGCCCAGCAACCCCCATTGACTGGCGCAGACGCTAAGAAAGACTGGTATTAATAGGCGCGTAATCACGTGTTCCTTCCGTCGCCGCAAGCAGCGAACCACATCACGGCAGATTTGTGGCGCCCGCACCTTTGACTCTGCCGGTATACACGAGTTCCCCTAGTCCATGCGTGATCGTAATGTAGAGACTGGTAGATGTAGCACGGTATCTTAGCCCGTGGTTTTTCCTGGGAAACCCGTGTAAACTTGCGGCTTTGTCAATCCGCTTGTAACCAGGTGGATGAAGGTGTCCGTAGACTGCCGACTAGTGAGCGCCAACGGGAGTAAGTCGAACACTCTGAAGTCTTTACGGAGTCTGTATGATGGGGCGACATGTAATTAACTACAGTGTACATTGTCCTTGAAAGAGCCACCCTAACGACATGTGTGCTGTAATTTGATTAGGATATGGGGTCGTATTAAAGGGCATCTTGCAAAGGCTACGGCTTAGGATTGACTAGTGCCTTCGTGGGCGTGCGTCCCCGCCCCCATAAAGTCTTTAGCTGAGTGGTACGTGATATTTAACTAGCACTTACTACCAAGTATATAAGTAGCGCAAGGGCTTCAAATAAACATGTGGCAACCTAGCAGGGGAATAAGATAACTGAAGAGATTCTGTACTGTATATCTATTTTGAATTCTCGAAACAGGAGTCCCTCCCCCAGCAGCTGCA,1258,48.89,Arabidopsis thaliana
SEQ_164669,CTAAGCTAGAGTTGATGGCATTAGTGCGGAATGTCAACTTCGAGACACGCGTCATCCCACACGAGTCCAGATGCGTAGGTATCTTACAGTAATCACGACAAAGCCCTATCGCGTGTTGTGTAGCAAAGACACATACACCCTGGATGAGATTTCGCCCGCGTAGAGAGAGGCTCCGAACAGCCCCTTTTGGCCACTCAGTAAACCGTTGTACGACGACGCTATCCCAGATAGGTGGCGTGCCAGGCTAGCGTGTCCGCCCAGACCTAAGCCGGATCCTTACTCTTAGTCCGATGTTTCTTGTAGTTTATCTCCCCTAAAAAGGTCGGACGAACAACCTACCGTAACGGCTGGAGTGGGGTAGGCTCAAGTATTCGTATATTCCCCCATGGGATCCTAAAGGTCGCATCTTGGGTAGATAGCTGAGTAAGCGCCGAAACCAGACCCGGGTGATAAGCACTGAGGCAACTTGAATGATTTATGACCTCAGGTCGACAATCACACACCGAGATTTTGGCTATCGTGGGTGCTATCTCAGTCCAGTACTCAGCACACTTGCAATTTTGATACAATCGAGGGTGGGATTTCTTGATCGACTGTCTAGTACGACCGGCGCAGCCAAAGGCGTGTCTGCCGACTTCGGCTGCAAAGGGATAAAGGTACTACCCACGGGTGGTGAGTTTTTACATTTGACACTGAGTTATCTAAGCAGTCAGCGCCCGGAGAGCTCCTTCAGCCCACAACTCTGGCATCCCTGTGTGTATTCGTCCAAAAAACC,775,51.1,Mus musculus
SEQ_816996,AGATCGTGCCTGCCATGATACACCATCTAAGGACATGCCGCTGCAAAATTTCATCTATCATGATTCCGTTTTCGGAATCCGCAAAGGCCGGATCGCCTATTGCTTCCGTAGTACATGCCTTTGTAGCAAGCCACACACATAGCATGAACTTTACTGCTTCTAATCGAACTAGCGCCTCACATGAAAGCTCCTAGTGGCCACGGCGTGGCTACTAATACACTCGAACGCCCTCAGAGCGGGGGCTCTGTGTACACGAGGCAAAAGAAAACACACTTACCTTTATCCGGCGTTTGATTACGAGCGCAACATGAAATACCCTTTTCATGATCGAACACCTAAAGACCCCCTG,349,48.71,Drosophila melanogaster
SEQ_936452,CGTAGTATTGCGGGGCAAGATTTGTGATTCTACGATCCGGCTTCGTATGGTCAACACCATTCCCTTACTTATATAAGATGGGACGCATTAGATACTTCAATAGTCAAATCTCCCCATGGGTAGCCGACCTCCGCGCAAGTCAGTAGGGCTCTAGATTTGGGGTTCACGTTGGGCGAGCTCCCGGAATGACGGATCGAGTACCCTGAATCCATTTGTCGTTAACAAAATTTATGAGCAGCCTCTTAAGGAGAGAGACTTTAATTTTTTTGGTTGCCCCTTGCACTCAGATGTTCCAGCACCTATCGAAGAAAAGGTAGGAACGATGGGTTATCGGCAGTTCGTTTACGGTCCGCTCACATCTACCGCGATCTGAGTAGGGGACAAGAAACAGAGGAGTCATAGCCGCTGTAAGCGGATCCTGACGTCTCGTCCCCTA,436,48.85,Saccharomyces cerevisiae
SEQ_972168,GTGTATGTGTCAGGTTGGGTCAGGTCGAGGAGTGTTCTCCGGGCGAGTCGGCACTCTCATTCCGCCACTTGTCGCCAATCAGATGGCGCTCGAATCCTGAGTCCACTCTATATACAGCCCTGGACGCTTATAGCATGAAATGGAGATCCAGTCACGTCGCCATCACTGGGCTCGGCCCGCGGGTACTATTCATTAGAATTGGCGATCCTCCTCGCACGGTATATTATCCTGCCACTTCGACTCGCACGGATTATACCTGGCAAATTGAGCGAAATCTAAAATGAATCTATCTCCCTCGCAAACCTGACATTTATCTGGGTATCCTACGACTAGTCAGGG,339,51.62,Mus musculus
SEQ_889211,GTTTTCACGAATAGTGAAATCTCTTGGGCTTTTTGAGGAAGCTCCCGTGTTCATTACCTGAGGCTAGGGTAAAGGGCCGGAGACCCTCGTGTAAAAGACCAGAACTCCGTTTGTACACCAGGCTAGGCGGTTGAACCTTAACCATTGAGTGGGTACATTGTTATCGCACCCACTCGGGGGACATTAATGACGTGCAGACGAATAAATCTGCGGCCGTCTCTGAATTCGATACTTACTTATCGGCACTATGGACTGGGTACACGCGAACATTGCACCGCATTTCAGAAAACCGGATAATGAGACCCCACGCTGCTCTTGTGGCTCATTCCAGGAAGCCCGGCTGAGAGGAGCGCTCCAGTGTCGCGGCTGTGCTCGCACGCTAGGGGGAACGATTTGTTTATACGGACACCCAGAGGAGTCGGGTCCGGGGATTACCGCTCCACGGAACCTTACCTGGGTTTTTCGGGCCACAACGTGCATGCCTGCGAGACTTGTCATCTCCACACTCCCGAAAGGCTTATTGACCATCCTCCCGAATCCCGGAGATAGATCACACGAAACGATCACCGAATGCGTTAGGACTCGTCTGCAGCTTCTGACCTCTCGAACGCTGGTTGCCGGATATATTTCGTACATCTCTCAAGGAAGATGAACGATACGTCCGGCATAATAGTCCAGATGTGCCTATAACCTGCATCCTGCGCCCTAGCTAAAGCGTTATTGCACTTGGAAGGAATGCTTATTGTCCGCGCGCACGTCCATAATCACTGTTTCTCTGAGTTGTATATTCGCAGCGTCGCTACCAACTGAACGCACCGTACTGTCAAGATCTGTAAACGCTGGATCCCATGAGCTGACGTGAGAGAGAGGTTCCCACATCGTATACCCGGCTTGTCGCGTTCCAACCTGCCCTGCTCAGTAAAACTTTTCATGGTGACGTGTCACCTGGGCGCCTACTCCGTTGGCATAGGATCGATCAGTACCTAGCCGCCGATGCTGTGCGGTCCAGCATCCTGAGCAGCCCTCATGTATCCCCTTTGCGGTATGACACTTTTGCGACAGGATGGATCCGGTTCAGTGAATTTCGGCGCGCGAATTATGGAGTAATTTCACCAAAGAGGACCTCCTCGCCTAAAACGGCAGACCAATTTCGGTATGCTCACGCTCTGAAGGTAATTTCGCTCGAGCGCTCCGCTGAGGGGGTGGGTTCCCTCCTTGGCGCATTGATCAAAATAAGAGGAGGGTTGTCCCCGGAACGGAACAGGAGTATAACATCGCCAGTATCTAAGAGCAATCGGCGTCGTCATGCTAATGCAGCCTTAGATTTTCTCATGACGTATCGGACAGTCAAGAGCGAATAATTTTCCACAAAGGTAATTCTAAGAACTAGGTGGCAACACCAGGAGCTGGTCAGTGGGACGCATTCCGACGCGTTGGGTACTTACTATGATGTTCT,1456,51.85,Escherichia coli
SEQ_335507,ATGCGATGCCTATATCATGGCTGCGCTATTGCGAAATAGGAGAGTGAGGAGCCCCATACATCACTTATTCCACTATAAGAGGGACGGGTATTGGACTGGGCCTTTGTCTACGTGATTCGGCACTTGTGCATGCCCGTAGAGCATTCTGGATTCCGCCAGTTGCTAAGGTGATCCTACTTTGATGAAGGCACTCGGGTCCGAAGCAGTTGAAAACAACAGCAGTTAGGGTTACCAACGCGAAACTTGCGGTGGTCACCACCCAAACCTTTACAGCATATATCTCTCCTGAATTCAGAACCCGTAATCGGCCCTAAACCATAAACCGCGGAGTGTGGTTCGCGAACACTCGCGCGGGATATGGACTCGGAAACTGTGCCACTATTACAAGGAGGAGGTTTCATAGTTGTGCATCCGGGACGAGGCAAGGTGACTACGTTCTACGGAGAACCTGTGGTCGGAGCCCTGCCTGAGTGTCTGGCTGTATCCCTACTCGGGAGCATAAGTTTGAACGAAACTATTATGGTACAGCCCGCGGTGAATATCCAGAGGTGGTCTGCCCTGGAGCTAATACCAGCCAGCCTCCTTTATGTAGCAAATTCCGTCTATAATCCAGCCTCCTTACACCGGTGAGCGACAGAAATCATGGGGACAAGAGCGGCTTTCGAATCATCCCGGATTCGTCGCGTCTCCCAATTATAACCGGGACTGTGACTACACTGGTCTACATGGAAGCATTTAGTACCCCTTCTGCCGTCAGCCCGGTCAAGCTCTCTTCTGTCTAACGGACGAATGAACCCCACTGGGTCCTCTTGAATCTCGACTCAGACAGGTCCGAACGATCTCGGGATGCGTCCCAGTATCTTTTATTTCATGCTTCTCTAGATTGTTGAGTGGCGAGAATAGTCAGAATATAAAGGACTTTAGATTAAGAGTGCACTACCGGTCTGTGACCCT,954,50.52,Saccharomyces cerevisiae
SEQ_571814,CAGGTCATGTCCGGGATACCGTACGCGTGGTATTCAATTAGCTGAGAGCTGCGACAAATTCGCCTTAGACGATCCGCATTTGGGGCAGCGTGACACTGCCATACACGCCATGGAGGTAGCTTTAACCGCTATCCCTCACTATGCTTAAGTAATTGCAATTACGGTACGTTGTAGGTCGCCGGCCAGGGCCCACTAAACTCGCTAAACGCGGCCCCGTTGCGTTGGAGCCGAATCTCAAGAGTTAAGGAAGAGCTCAACAATAGGAAACGTTGTGAAATAACTGGCTGCAACTCAACAATAGCTGGGGATTATGTTTTCCTCGCGGCATCAACTATCTTTTGGTTAGCTATTTTCCGCGGATTAACCGATATAAATATACTGTGACGATCCGCTATTAGGCTGACCTAAGGGGTATGCCGCATAACTTTGGTCGGTAGTAGTGATCGCCGAGCAACTTGATCGACTAGGGCATCTGGAATAGTATAGTGGATTGGGAACCCAAGTGATATGGCGTAACGCTCGAAGGTGGATATCTCCTCAAGTGCTGGGGGCCAAAGCCACTCAGGTGCCAAGGGCCTACATGATGCTCAGCCCGCCACTGGGGTTGTATTCTCGCCGATCCTTCAAGACGCTCTTTCAAACGCCATGCGTGACGTCATAGGTGTGAAGGACTGTTCGCTTAATCGGTGACCTTTTCCAGCGGGGACGAGTGGACTGGGAAACACTTTGTTCAGAATACCTAAACACGAGTCGGCACTCTTGCAATGGAATGATCGTGCCCTTAGTTAAGGAACAGACAGATCGGCCGAGTTGTTGTCGTCCCTTGGCACCCCAGCACATCAAATGCGGTCGTGGCTGGGGAGTGCTCTACTATTCACAGAGTCTGGGTCCTGTGTGGAGTAGATTGGCTTATACCCAAGACTGGGCAATGGACCCGGGTACTGCATGCCGTCATACGTTATCCCCAAAGGAGCCCCTATCCCCGTGATTCCCTGAGCACTACACCTTTAAACGA,1015,51.23,Homo sapiens
SEQ_842428,ACGACGTGACAGCAAGTCGAGGGATACCACCTTGAGCATGGTTGTCCGCACTCTGTCAATCCCGAGGACGAACCCCTTCCGCGCGCGGTGGAGACCTTGTTTAAGAACAGTAGTCCTTACCATGCGATGACCTGGTGAGCTAGAAACGTAACCGCGCGATCGGACTGAGAAGGTATCGATGACATATCATTGCTAGAGCGACAATATTACGGGCCAAAATAACTCCTCAATCATAGTAATGGGACGGGAGCAGGTCGGTACCGGTCTTGTTATCCAATCAAGTCAAATAGTCAGTGTTTCTGCTTAGGGTCACTAACCGTGCGAGTTAGGTATTACCGTCCTCTCGTATCTCATGAAATCACCCTATTACTAGTCACCTGACCTTTGGAGCATGGTTTTGCCGCGTGACATCAAGCGGCCACCATAACGACTCCGTGACCGTATCAGAGCTAAGCCCAAATTGCGAGTGACGCCTGTATTAGAAGCGCCGCCGCTTTTGGCGAATGTGTATTCTAAAAACCTACCTTAGACAGAATCCCTAGAGGTCGCTGGTTTCAAGCTGCGGTTCATGTGTTGCCCTAAGTTGGATGAGCGTGTATGTCACGGAGGAGCCGCGACCTTGCGGCTAGGGTATCACGGCAGACAGGTTTGACCTCTGCCTCCGTGTATCCGCCAAACTGCTAAACAAAAGCGCGCAAGTAGAAAGTGGTTCCAAACACGGTGTCTCATTGCACCTCACTGTAGAAGCCACCCA,754,51.06,Escherichia coli
SEQ_710965,ATCAGAAGTGAAATAAGGTTCAGAGCACGCCTTCGAAGGTCTTACGACGTAGGTCGCCGTGAGGGCCTGCGTAATCTTGGAGGAACGCGTGGTAAGCACCTTTTGCACTTAGGCCGATTCACGTTCTGTGACCTTTCTAAGCTTGACCTCAGTTTGTGAGTTTCGTATTATTGTAGAGCACCTCGCCGATTTTTTGTGATCGACTTAACGTGCTGACTCGATCTTAACGGTCTGATTACGCAAATGTGACGGGTCCTATCGCTTAAGCTCTACCTAAAATACCCGCGGATTTATAAACTTATCCAAAATTTGCGTGCACCCCAAGAATGTACTTCAGATTCTGTTTGCCCACCTCTCGTCGGCTAGGACTGTCACTGGTGTACGGATAGGTTGATCCCTAAGTTGATGGTCTACCATCTTCTCCCCAACGGTTCGTAAGAATTTCTACGTCCGGCCAACCCTTCCCTATTGTAGATGGCATGAGGGCAGTCAACTGCCACCAGAAGACCATATAAGCATGCCGCCGGAGTTATCTAAATGGTTCATCCAGAGCCCTAGGTCCCGATCGTTGCACCTACCTGACTACGCAGCCAAATGATGCTTCGTGACCCAATAGCCGACCACGCGGTCGGCTTCAAAAGCTAAGGAGATGCGGCCTGCTAAGCCCAACGAAACCAGGCATGTAGAACTCTGGAAACGCACAGAAAGCAGTTACTGCTTAGCACTGTAGAGTATGCGGCTATGCTGCTGGTTGCTTCAAGGGTAGGGAAAAGCCAGTAAACATAGCTGCGATTCTACGTATTTACATTGGGCGTGACGGGATGTCTGTTCGATGGGTAACACTAGGACCTATTTGAAACAACTAGCGGCAAGAGAGATCGACAGGGCCGCGGACGATAGCAATCAGTGATGCAAAGGCACGTGTGCAGTGCTAACTATAAATCAGCCACGTCTAATAAAGGAGCCTCCACGGAGTTGTGCATTAGACCAGCTATGCGGCACACTTCCATGAATTTGCCCCTAATCGTGATGTGCAATAGGCTTAGTAAAGAACTCTGGCTTAGGTCCTTTTGTTTTACTGCGAGCAAGAGTCTCTCGCACGGCAATGCCAGAGGGCCTCCCGCTCAATTGCTACAAGAGATGGGGATAGCTGATTGTTGATCTGCCCGGGATAACCCGCGAGAACGATTCACGAGCCGGGGTTTAAGCGAAGGATGTGCTGGATAGAACTTTCAACTTGGAAGTCCGGCGTCAATCCTCTGAATGGTCTAGAGCAAATGGTAGTGTTTTCGGTACGGGCCAATTAGAGCACTTATGCTAAGGGCTGTTCCGTTGTATGACAACGTATGTGCCGCGGAAGGTACTAAAGCTTCGACTTCAGGGATCCGCTACCAGAAGCGTTATTCGGATCATGCGGCGCTATTAAGAGTACCAGTCTCCAACTGAGCAATCACCTCGTCTTCAGCTTGATCCTTTCGTTATACAAAGCGCTCTCTGCGCGAGATAAACTATGACGCAAGCATCAACTCGTTACACCGAGTGGTGGGGGGCGACGATTCTCGATCCACCGAATAGATTCACCAACATTGACTTATCGGTCATTCAAGCATGTGAGTCCTTTTATCTCTACATGGCCGAGACCACGTCCTTGAATTTCCGGGGTCTATGAGTATTCGGGGGCGATCATACGGATCCATTTCGTGTGTGCGAGAGTGAGGAGCAGCACGCTGCGGCTTTGGACGCTCTTTCTAATATCAATATACACAAGGGATGCCCATCGAGAAAAGATACAATGTCTTTAGCTGCGGTAATAGCTCTTAAGATGCTTGGGAAGGAACTAGTTTCATGCTTCTGAGCCCATTTGCGCGCATTTCGACGGAATGCGTGGAAAATGAATGTCATAAGGTGATCT,1912,49.01,Caenorhabditis elegans
SEQ_896722,ACGAGATGCGGTCCGATTACGACCCAACTTGTCACGTGCATGTCTCGAGGATCTCGCGAAGGCGCAGAACGTCGAACCCACCCCTTGACTGCAGGCCCCAACCTCCATGTCTGCAACCTCCCCAAGATAACCGCCTAGTTCCTACCTTCCCTCCGTCGTACGGCTAACTTTGGTCGGCGAAGTTTACTATTATAGCGCATTAATGATAACTATCACGTTCGAATTGCAGCCATTTAGCAGCTCGTACACCTTATGAGCCAACCCTAGTTATTTCTCTTACCATAGGGACCGATCGAAACGGTTACGCGGAACTACCCGTTGACAAACTTCGCTAGTCGATCATGTGCGCGCTTGGTCCCCAATGTCAGCGTGGTCCCCGTCGAATAAGCTAGACACATATTCCTGCGGATGACCCCTATCTGCCTCCACGGCCAATCATCGGTGGTGCCCCCGTCGTCTGCCTGTTCTGTCGCATTCCCAACCCCGGGCCCCGACACAGCAGGTATCTAGTATAGGCTTTGTAGCGTTAACAGCGACTGTCCTGTGAATCCCTACTGCACTTTTGATAAAACTTGTGCTCAACAGTCTCACCTAAGGTAACGGGTGCGATTTCTTCCTTACCAGCGCATGGATGTTACTGTCGCTTAGGATTTCAAAGTATGCCACCGCTAGAGCCGTCTATACAACTATGTTTTATGAGTGTGCGGTCACCTGACTCGCCATATTTTCGGGAACTTCCGAGATAACGCCGGGAACCCTTTTATTGCATACTCACGTATAGTCCAACCAGATGCGACCCTTTCTGACATTAGGGATTGAGTACTGCACGCAAGTGGAATAACGCAGCACGATAAGCGGTCTAACACCAAACATTCGATTGAACGAGTGAAGCGTTATGTTACATCGGGCCGTTATAGTTGTCAACCCGATTTACGGCGCGTCCATCCAGCGCGCTGGTTCTCTCTCATTAAGATCGGTAATGATTTAGACTGACGAGCTGGTTGCCTCTACCGTTCAACCCCCCGCGGATACGGTAAAGTATCGAAAGAGAGGGCACTCGTTCCGAAACTCATTTCCACGCGAGATCCTGACTCATGAACGCGTCTTACACCGCCCTAAAAAGCCGGCTGAGCTGGGCCCCTACCGTTACCGCGGCATCGTCTGAA,1166,51.54,Caenorhabditis elegans
SEQ_614622,AAAATGAAGAGCCACAGCGTGATTAAAAGCCCTGTGTTCGGACGTGCTCTCAGTGGATGGCTTGGCTACCACAAAGCAATTGAATACATTTGAAGCCATCGACTGGCTCAAGACCGCAATCTCCGTAATAGACACAGCATCAGGGTGGCTTAAATGGCCATTACTACCAAACATTGTATGTTTGTGGAGGAGACCCTACCATTAACCAGATTCGACAGACCCCTGCGCAAGTTCTTCCTAACAAGTCATTATGGCGACTCTCGTTGTAACTGGTAGTCAATCGGCCGCACTCCGCCAGAACGAGTTCGACCGGAGCCGTATGGAAGGAATCTGTCATCTCTGCTACACCGTTATTGCCTCCGATACGTGAGGTTTAGGTCTTTAAACTTCGCAGACAACACCTGAGCGAGTAAAACCAGCCATTGTTCTCCTTGCTGGAGGTACCCGCACGGTTTCCCATTATGAACGTTCGAATCATCCGTTTCTTCACGTTGAAATGGGAGCCGTCTTAACTCTTTTAGCTATTTTCCGACTGTACGCAAAAACTCGATTACTTTAAGTGTTGTCCGCAGTACCACTTCGTAGACCTAGCGATGGATGTGATCCGACCGGACATGGTAGCCATATTGCCTATCTCATCTACGACACGAGCTCGA,656,48.02,Drosophila melanogaster
SEQ_201180,TAGAGCGTGACCGGTTTAGCAGTTCCGTTTTTTATCAACGCTCGGGCTATGCAACCGGCACCAGAGGGACATTTTCCAACAGCCCACTAAGATATCGCCGATGTACGCACTATCGCCCTCGTCTGTCAATCAATGTCTCTAGCTCAACACCTCTTTAGCTCAGTTGCCGGATTAAACTAAGTCATCAAAGTAGTGCTGTATGTTTAGGGCGACACGTCTCCATCAGATTGACATGTACCTGCCGCATCCAAGAGGTCGTGAGCTACTAAGGGCCAATCGAAACACCAGACAACACGACAAATTTTTGCCCTGACAAGCGAAGCCTAAGGGCGAGAGTTCACCATCGTTGCCGAACGGGACAGCGCTCAACCCATAAGGGTACTGTCCCGGGCATCATAACACGTCGATAAGTTACCAACTCTTTTCAGCCAAAGTCAACAAAATTATTTTCGTATTGGTGTTCTCTAGGAATGCTGAATTCTTTCATGTGACACGGGGGCCAACGCACTCGAGTTTAAAAGAAGCCTACGCTAGAGTTTAACCATAACGGCAGCGCGGAAGGTGTGTGTGAGGTCGACCATAATGTTCCGCAAGTCTATATTAAAACATCTTTCACTGTGATTTTCTCGCATGACCCTAAGTAAGCGAGAGGCCGAAGCGCAGAGGCCCGGGGGAATTTAGAGTCGTACGGTAGGCGTTCATACATGGAACGTGTCTCCTCCATTGTGATCATGTGACCCACCCGATATACCGC,754,48.81,Saccharomyces cerevisiae
SEQ_781964,CACCCGGCCGTAATGTCATCTGAGGATATTGTCAAGCGGCTCACTCGCCCGCGACAAAGTAGACAGGATAGTATTAGGGACTACATCGTTCAGCCTACCTTCGGTCCCTGCGTGTATCCGCGGGTTCAGGCCAATCGCGGGCCAGCCACGAGGGTCCAGCGAATACGAGTACCCATGTTCAGTACCGAATGGGTACGAGTAACTAAGATCCCCACTCAGCTACGGTAGGGGGGTTGTTAAGTAAGGATACAGTCGATTAGCTCGGTATATCTCCTCGCCCACGGCGAGTGGTATCGTCCTGATCACCATGTCCTAACCCAATGAAGGGCTGTACGCTGGAATGAGTTTCAAGAATATAAGTCGGAGGCGCCGAATATGCGATGTTCTTGACAATGAGGTCGGCCCCGGGCATGAGGAGTCAGCGTACTGCCCCCAAGTGCGTCAAGATAAGGGCCACACCCGAGGGAGTTAGAGCGCTTCGAACGGATTACCCAAAGAGATGCTTCGAGAGTATTTCTGGGTTAGGCACCAAAATGTGCGAGTAAGCACATGTCTGCAACTATACCTAATAAGGAACATAGTGCAATAAACCATAATCATTAGCCTGAGGGGAAGCTCATCGATGCCCCTAACTACCTGTCTCTGAAACAAGATATGCTATAAGTCGCGACGGCTTCACGATTTTGCACTACCTCTAAGCCTTACAAAATAATGGGAATAAGGCTTACCTAGGGGCCACATTACAGCTCGGCTGCTCAGTGTCCAATCCCCTCTACTTCTGTAGCATACTATGTTATATGCGAGGTAAGCGTATGCCGGACTACACGACTTCGTCAAAACGCATGAGATGGCCTCCCGCTAAGCGTGGGAGCGCGAGAGTGAACGCTATTAGGTGGAACACGTGCTGGTGCACTATCTTATCTATGGTAGAACCCAGTTTATTGAGGTACCGTTCGTCCTTCACCACGTACCAACAAACGTGTGGGGTTAGGCCTAAGTTCCGGTCCGCAGATTTGTCCACTTTTGGCTCTTTATGTTCTAACACTCACCTTAAGGCTGCATAGGAGGAGTCGGTGTTTAACCGCCGAAATGGATGAGCATACAAAGATCGTGTCCGAGACGCGTCGAGAACGCGTATCTAGTTAGATC,1149,50.57,Saccharomyces cerevisiae
SEQ_410390,GCGTCAGCATACCATACATATGCTCGCTAGTTGGTGCGGAAGGCAACAGGATTAACCGTGTCTTGTAGGACTACTCGGCCAAGTTCTAATTTTTTAGGTTGGGTCTGGTCCATGAGTTCTCCTGTAGCGAGTAATCGCCAGACCTAGGGACTCACCGAATCTTGAAGCAATATTCGAACATCTCCACAAGAGATAGCGGTTTACGGCCACTCTTCAAAGCTACCAGACTGACACGTTGAGAGCGGCGTGAGCCTGAAAAGATGAAGCAATCTGGGTTATATATCAACGCGGGCAGCCTCACCTAGGAACTCGAGCTGCACCGATTGCACTCCGTTAGAGAGTCCCCGACGCTTTTGTCTCAGTGTCTACTCGTCGCACGGAAATGCGCCACTGGTGGACGCTGGATTACTGTCTAAAAAATGGCATCCTGCTCCGGATTCCAGACCCCGACATGTACCAGCGAAACTCGGCATCGCGGTAGGAACCCGAAGAAGGCTGATCTCGCATCCGAAACCCACCTCTTATTGATGTCATGGGTCGCGGCTAGGAATTCACAGGCTACTGCTTATGTGTGCTTTCAGCCGTGCCAACTTGTAATTCTTCGCGACGAGAGACGACACGAGACTTGGCGAAGGCCACGACTACGGTTGGACATGTCACAAGAATTTAGAACTGCCCCAGGGTCATGATGTTTTGAAGCTTGTCCCCCTTGAGAGGGGCACGCATTGCGAAGCCATCGTACGTCTGTAATGAACGTACCCATGAACAGGACTCGAAACTTTCAGTATCGTCGCCTGTACAAACGACTGAGTCTATGGGTACAAGCATTTAAATTATAAGACGATCAGGATGTATATTTTTGAGGCGGCGTAGCTGTAGGTAGATGTGCAAGCTGGGGGGACGCTATTTGTATGATAAACTCTCCAGTTAGTTGCTATGAGCGCCATAAAGAGCGGACGGCAACCAATGGCATAATCTCGAAAGAGTAAACATAAATTGGGGCTGCAATACAACTAATCTCGGGGAAAATTGATCTATGGTTCCATACTTGTTATGTTCAAGGCATCACGGGGAGCCGAAAACAGCTTCACCGACAATCCCCTCGCATCTAAGCACAGTTATCCCCCGGAGGACGCGCTCTTCGTCTCACGTTCTAGCGCTAACTCGTGGGAGAATTACAG,1181,49.79,Saccharomyces cerevisiae
SEQ_270112,ACGTCTACATTTTCATTCACCCCAATACTTACTTTAGGCATGACTCTATAATCAGAGGTTCGCGTCACACAGGTCCTCGATAGGGGCAAACCGCTTTGTAAACGGTGAGTGGTGTAGGAGCGGGGCCCGATTCGAAAGGGAACTGGGCAGACCAAGCTTTGCGAGTGAAGCGCAACACCTCAGCCCGGTAAGTTGGATACGTCGTGTCAAAGTTCGCGGGGACTTCCACCTATGGCATGCCTAATTCACCCACTATTTGACTACTTAAAAAAGACGCCTTTACCCAACTATTAGCATCAAAAAGACTGGCTTGTAGATTCTCGGGGGACTGTAATACCTCTTACTTGACTAGGAGAGAGGACTGAGACAGGGTCACTATCCGCGTCCCTGAACGGAAACATTGGGTTCAGTGGGTGTATCCCCCTCTAAATCGCGCAAACATGTATTGTTTATGACCTGCTTTGAATGTCTTTTCTGATTGCCCCCCCCTACATATAATCCGCGTCTTCTTTACCAATGCTGGCAAAATCTGCTCCCATGGCCGAGGTACGTTCCTCACCGTTAACCTTTCAGGTACTGGCCAACTCTGATTTCCTAGTCCTATGTCGCGATATTTAGAAGAAAGGCAGCAAGCCACTTAGTCAGCAAGAGATGTTCTTTGACCCATGATGCACGCCTCAATATACACCAACCATTCCGCCTAGACGTGACGCCTCCCCGGGAGGCCTCGGTGTTGTTACCTTAGATACCGCCGGGCGTTCGGCGAGCACGGGCTCCGTACCAACGTTTTGCAACGCTGACAGTTTCATGCATGGCCGCCTATACGGGATAAAATCTTCTCGAGTGGGGCATTACTGAGGGACAAACCTGCGTGTAGACACGGAGCAATTGGGGCTTCTGTGATATATGAACTTCAGAACATGATGGCAAACCTACACCCTCACAATTTATGAAAAGCGGCACTTCAAGGTAGATCCTCGCTTTTTACGCTGTTCACAGTCGGAAATTGTAGACCACATTTCGAGTTCACCGTAAAATTGCTTCCCACTTTCAACCACAGCGGGCCGTCTCATATTATTGGACCTCTCCGTCACTGGAAGAAGAGGGGGACTGACAGATCTTGAAGATCATCACCATCGGTCCCCGATGCTCG,1153,49.52,Mus musculus
SEQ_898335,CCAATGAAACATTCTGTAGCGACGGTCCTTATCCGGATAGGCAATGCGATAGGCTTTTCTTGTTAAGAACTGAAAAATAAGGTGAGTACCGCTGTTGGTGGGAAGCCTCCTATCGTCGAGATGCTCTGGTGGGGGCCGCCCCCCGCTAACATATCTCGCGCTTTCTAAACATCCTAGGGTCTCAAGGGACAGCTACATTCGGTTTTGCAACAGTATGATAACTACTCAAGTTGTCCCAACAAGATGCCCTCAATCTTTTTAAGCGAACAGGTCGATGGCCCGAGACGCGGGGAGGGTCTAAACTCATGTGTGATACCGTTATAATTGCTAAATTAAAGGCAACCTTCTCGTGAACGGCTTGCTGCTCGGCTGCAAACATTGAACATTGGTGCCACAGACTCAAGCTCTCCACTGGGGTTATGCAAGCTATGTAACTATGTCGCCGGGCCCGGCGCTTGCATGAGAGGGGTATAGGCGTCTAATTAGATACGTGCTGTTCGGGGCATGTGAGCCTACCGTCTTCGCGAAAGTGGCCCGCACCCAAATGCAAGCATGTCGCCTCCTGCGTAAGTTTACGGAGCACTCAGGGAACACAACATCGCTTAGTGAAGGGCATCCGCAATAGGCGAAAATAGTTGAAGACTCAGGATTGTAGTTTTCACGAGATGGGAAGGTATGAAATCGGTTATTTTTGGTGCTGTATTCTGTAGGTTATCACGAATTTACCCACATCTTCTGTGAACGGGGTAGTAGCATGTGCCTAGCAAGTAGCTCATCCGATGTGCTACAGGTGGTATCGCGCATAGTTGACCTCATCAAGACCTGGGAGCGCTTCACTAGGAGCTCACATTGCGGTGGGGCCACTGAAGTGCGGATCTACCAGCATGCTTCGTGCGTCAAGATCAAAATTCCGGAGCTCTTTTACGACAAGGTGGAAGATGTCACCGACCGGTAATATTAACGGACACTTT,971,49.64,Homo sapiens
SEQ_551751,CGTAACCACTCTCTTCTATATCTCGCGTCAAAACGGAGCTAAGGCGCTGGACGAGTGTAGGTCTTTTAAGAGAAGTAAATACAGCTCCTGGCCATCCCGCTTTTCAGATTGCCCCCGACGTCTCGAAATAGCTAAGTCAGCTCGACCAAACTTTAAAATTGCATGCCACGACCACGAAACGAGTGGGGAAAGCGGGCTTGCAAGCCCAGACCCTAAACAGCACCTATCCGACCACATGGGTGTAATGGACCTGCTTAGTTATAGGTTCGTGGGTCGCATAAAACTATCGTCTTGTGCAATAGGGTCTACACGACCAAATCCGCGGTCTCTCCCCCATCCAACAACAACTCCCAGAAACAGCGGACAATCGGGCCAACCCGGAGTCTGTAAGTAATTCCCCCAGTTTGTTAGCCTCGTCGTTTCCGGCTCGATTAGTTCGACGCGCTATTATGGCCTCTAGCCTCACGACCATCCCGCGGCATAGGTACTGAGTACCGCGAGTGCTAGAACTCCGCATCTTGTTAGTCTTCTTTGGTGCGAGTGCGTCAGCAACGAAGATGCGCTCCGCCCTTAGGACTTGTAAAAGGGAGTATTTGTTTCGTCCCATGTATAGCCAAGTCCATCTGTCACTGCTATCTGGTAATGCCGATCTTCAGGACCCAAGAGCTTGACTAACCGAAAGAGGGATGTTACGGGCCTCATTGCGCATTCATAGGAATACGTATTTCGTCAGGCGTCGGGCAGAGAGAGGTCGAGGGTCCCTCCTCAGCAATACGTTCGGTCCAAAAGCATGAGAGATTGTAGTTGGGACCCAAAGTACTTGGAGCTCGGCATTTTGAATGACTTATGCTACCCTGCCCATTCGGACGCCTTGTTGAAGATGGTGCGGCTTTCAAGAATTCCTTGCTACATGTGTTTACGATTTATTGGACTAGCGTTTTGATTAAATCGGCCAGAGACAGTTAATGGTATTAATGTCGTTTTGCACAATCTACGCTATCGGTATGTCTGCTCTGCCGCCGTAATGAGCGAGTATCGGCATGCCAACTCAAAATAGGCGGTGTCTCATGACACGATGGCGATGGGCCAGCCCCATATATTCCAGTAATTTTTAGCCAGGGGGGGTGGGTAATCCCAATGCTAATAGGTCTGAGTAGGTTCAGTGCAGATTCTTTGGGACGAACGGCGGCGTTGTTTCACCTCCGGTGTGGGCCACCAATGGAGCAG,1227,50.53,Homo sapiens
SEQ_163990,CTCACGTTAGACAACCTGGGCAAACTCGCCGTATCCGACGCGGGGACATTCCTAGCTGGGGTGGGGACGTTGTTCGTGTTAGGAGAGAAAAACGCGCGACTAGACCCTTACGTTGGACTGGAAGATAGGTGTCTAAAAGTAACGGATATTTACAATGCATACGGCCGAAATTGGTAAACAATGCAAGAATAGGTAGCTACAGGCACGAATAGTGTCCTGAGACACGAATTCCACTAGCGGTGAAATTATACCAGAAGTTTGAGCCCCAAGTAGTAAATATAGTTCCTGAACCGCTGATCATTTAATTGGGAGCTAAGTCCTCGCTCTTATGACTGGGGGTCGACATTACTTGTGTCTGCTTGGCGATAGATCCGGCACATAAGGATACGATTAAGTACGAACCTGTTGAAATGGAAAGCACGGGAGTCGTTAGCGGTATCCAACTACGTGTATCAGGCCCGCGGGCAAGTGAGTGACCCGTAGGGACCACCCGCCTTGACGGCATGGGCGAATTAGACCCCCTTATTCATAGTGACGCACATCCGCTTTGAATCTGGGGATGGGACCGGTCCCTAGCGCTATTGTCCTTGCAGATCTATAATGAGTCGGTGTGCACTTAGATGAGGCTCTAGTATGAGTTCATTGGTTCCTATATATCCCTTCAGGTATCAATTCACAGGCCGGCAATAGGTTCCGAAACCAGGCGATTGTTGGCCTGTACACTTTGTATGATACAACATATCTCCCGGACAGAACATATATTATAAATTCTTGACGCCCTCCGTGAGCGAGAGAGTTGATCTTTAGCCAGCTAACCGTGAACACAATAAACTCAGTCCAACCAGTCCCTTTGGGTTTTGTAAATCGTACCACTTCCAGAACCCGGGGCACTACACTTACACGGCAGTGGCTACTACTTAAACCGGGCTCCTGCCCACACAGTTAACGACCAAGTTGCAGTTTAGAGTAGATCTCAAGTAGCATTATACAGTAGATAAGAAAAGCTATGTGGCCTTAGGTGCCCCACTATTATTTTATAGTGCACCTGTGAACTACCGAAAATCGTGAGACTACCGACCATACTCCACACGAGTGCGACAAGTTATCGCCAGTCTTACACACACCTATAACACAAAATTTCTCACTTTGTAAGGGAGGCTGCGGTGAAAGCCCCAACATTCCACGTACGTGCCAATCGCCAAAGTTATACAACGGCACATGGAAGAATTAGTTGTCACAGGAACTAGAAACTGATCTACCGCATAGTAGTTTACAATT,1278,47.1,Arabidopsis thaliana
SEQ_238407,TGGGATGTGGCTGCTGGCCTTGTTGTTGTGATTACAGTAAGATAGTTATGAAGGATGTGCGTTCATGCAACCAATTTTATCGCGGGAGGTGATGTCATGGCCGAACCCAGTTATCCAGGTGGAAAATCATTCAACGATTGATTTTAGTTCTTGTTTGACACTTCTAGACCGTCAGGGCCCCAAAACACCGTCGGCACGCTGGGGTTTGTGTAAGCCCACTATGCCGATGCACACGCAGGCTACCAAGCAGGCGTGATGAACTTTCTGCGTATAGCCGAGGTGACCGCGACGTAGTCTCACCAGATTAAACTTCTCGCCACCGGCTCCCCGCCGCTAGACGTAAGACCAAGACACTCCATACACGCGTGGAAAGCCGTAAACTG,383,51.44,Caenorhabditis elegans
SEQ_442745,CAGCGAAGTTTACAGTATCTGGGAGCGCGGTCCTCGTATTTCCTTCACCATCATCCTGGCCGACCGGCTCTCCCATGATTTCACAAGGCAAAAGCTTATAGTCTTTGGTTTCGAATACTCTGATCTTCCGCCTACCTACAGGTCGGCGAGGTAGCTTGTCAGGCATTGATACCAACTAGTTAGGCGCCCGGCAAGGGCACGCATGAAATACGGACCAATGTATGTGGTATCCAGAGTACCCTAAGCGATTAATTATATAAGGGTGAACAGTGTACGGCACGAGCCAATCAATCACGGCTCATAGATCACATCCTTGGGGCCGGACGAATTAATGTCGCGGCTAGCACACCAGCAGCCATAGAGATACATGGTCATAATTGATCCGCCAAAGTCCTGGGAATGTTAAACCTGATAAGTTGATAGGCATCTTACCTTAGGTACTCGCGTGCGTATTGGAGGAACTGTTCACATTCTCCCAGGAC,482,49.17,Saccharomyces cerevisiae
SEQ_218900,TGGCAGTCCTGGCTTGACTCGTGCCGATAAACGTTAACATGCGTAATCTCACACTGGGCCCATTACGAGCGATGGATGAAAACCACACTTTACACGAATACTGATGAGTTGAAAGAGCGGGGAAAATCCCCTGGGAGAATCATAAAGCGATATGGCACCCCGAGGTAGATGTACGGAGATTTTACAGTTAAATACGGACGCACCTACCCGTATGGCTGGATATTGGATTGAAAGCCACCACAAGATTTCTGTCAAATGCACGGTGGGTCCACGTGTCTGTCGTCAGAGTTTTGCCTCCTTGAGTAGCTTTTGGTGGGCGGGCAGCGGTATCTATACGCACCCCGCGCAGCTACTATTCGAATACCATGCAATTTCCTGCTTAACGGACTCTTGCACACCGCCTCAGCTGCGAATACGGACAATCCTCAGCTACTGAATCTGACTGCCCTCAACGATAGGCGCACACTTACATCACTCGAATTGCGAATGCTTCTGGTTACGTTAGCAGTGGCAGGAGAGGTGTCTGAATCAGCCCGCTTCTATATGTAGTCTGTAACCTTGATCCGTAACTCTCGGGGTTATATGAGCCTCAGCGGGCGCATGTACGGATGCGTGGCTGGTGACGGGGCTTTTGTTATTATACTTATTCGAGC,653,50.08,Drosophila melanogaster
SEQ_997786,CCTACACGATTCGGAATTGGCGCAGTTCGATGACTGCGTTATGATAAGCCTA,52,48.08,Caenorhabditis elegans
SEQ_915690,ACGGCGATCCGTGGCCTAACATGACCTGAACACCAAGCGATGACCTAGAGAGATTACGGGGTTATTGAGTTGAGTAAGTCGTACGCAAGCTAGAAATCATCCTAGATCTTTCACTGATTGCTTAGTCAAACTTCAACGCTTCGATTCTTACATAGGGACGGATGCAATCCTCTAACGGGCATGGAACAATATAGCAATACGAGGTAATTGTTTCTTAACTGCCGACCTACAACCGGACATCTGTCGCCAGCTTGAAGGGGGCAGAGCCCCCACTTGACTTGTTAGATTCCGTCCAAGTACGGCACCCTCAGCACAAACCTATTGGTGACCATATACGCT,339,47.79,Escherichia coli
SEQ_356776,TGTGTGGGGCCGTCGCATAGAAATTGAATCCATGGAAGAGCTAGGGAAGCGGTGATAAGGTTTATCAGAGCCTACAGTCGGCAAGGTTCGGCTTCTGGTACGTTGTTCGATTTGGTCGCTTGTCTCCTGATGCACTGTCTTGTAAACAATAAAACCGATTACCGATTTCTGTAGGGCTACTGCAGAGATTCTAGGCCCCTTATGGTACGTAGGATACCGCATCTCTTAGCATGGTCTCTTTGATCAGGCTTATCGCCTTTTAACCGGTCATTCTTGTGCCCATTCAAGTGCCGTTGTGGCTGAAATCATGTTCAATCTATGCTATTACCGGCAACGCTCCGTTTTTTGAAACGGCCCGTCTGGATTGCTTTAGCAGCCACCCTCTGGTGTCGGAGTAACTCATCAACAATGTACGACAATGGAGAGTGCATCAGGATATCAAGCAACGGCCGAGCCTTATAGGCAACAGTTGCTCCGCGCCTCTCCACCTCTAGCGTGGGGCCTGTCTTTTCCGAACGGTGCGAGGGACGTACTTAGGACGGGTTTTTCAAACGCCCGCAGGAGACGGAGAACGAGCAAGAGACACAAAAGCTGTGGGTACGTCGATACTATTCCGTTATTCGAAATGGCTTACTAAGCTTGTGCATACTTAAAACGAGGGACCTACTCTTTAATCCCTCACGTACGGTGCCCAGTACGTGTAGAGGTGCCGCCAATACTATAAGGCGGAAAGGGTTATCGGCATCGTACGACGAACCAATTATGGAACGTCGCTTAATGGACAACCCATCGATCTGTTCACCCATGCTAGAGCGTCAATTCCATCATACTATCTCGCCGATGCCGGACATCTATTCACGCCTA,864,49.54,Arabidopsis thaliana
SEQ_166647,GGGTGGCCAAAAAATTAGTTCGAGTGGGATTCGAATCTATTAGTTAACTGGATTGGCTGGGGCCATAGACTATATGCTAGCCGTTATAAAGACTCAGATAGCGTAATAAAGCGCTTAGGGACGGGAACATTAGGTTAGAATGTTGCCAAAAGGTTGAGGGCTTAAATCATGCATAGATACTTTGTATCCTGATTGTCCTAAGGTCAAGCATCGATATACACAGCGTAATTAAATCTGAGATGTCTTTGAACCCCCCGACCTGCGTTCCGGCCTCGCGCTACGATGCCCCTTGCCG,295,45.76,Caenorhabditis elegans
SEQ_536076,CCTCTTCGTTCTTCATTCATGCTGACAGAATTGGAATAATCAGCACTCGTGAATGTCGGCCAGATGGGCTATCATAACGCCATGACCGAACCCACTTATCTGGGTTATGACCGTCCCGGGTCTTGAAGCCCGCTGGGGTCTTCACTTTGCGAAGAGTTATTTAGGCCCCTGACTTCCAATGGAATCCGCTTCTTTTGACACTCAGCATATGGGATGCGAACGCCACAATCCGCATCCTCCAAAATATAACTTGGTGGTCGCAGTAATTTCATCGCACCGGCGCACATATCAGTCCATAACGAAGCGATATGCTTAGTAGCTGAACACGGAGGAACAGTGTAGGAGAGGAATTTGTGATCAGGCCACCAAACGGCAATGAACGGAAAAGTATTTGGACAGTTTCGAAAGATGGCAGGAGTGTTATCATTAGAGAACGCCTCATAAGCAGTTAAAGGTAATCCGGTGCTCCGGCCGCTCTTTATTTGCGGACCAGCATTATATGCGTGTTATTGGACAGCTGGCGTGGATATTGAACGCCCATAGCATACTGCCAATCGAAGCCGAATGGGACGCTACCAAGAGTTTGTCGAATTCGTAGTGCTGTTTAGAGACAACCCCACCGCGATAGCGCTAGGTAAGTATAACGACTGCGCCCCGCACCAGTCAGTATCTCTTGACGCTTCTGGTATCCATGTCGGGACATCGAGGATCAGGAGTGAGGGTAGAGCTGTCCGATCCTGAGCCGATGCTCCTTGACTACGAGCATATCTGTCTCCTCTAGGGGTGCAGTCCAGTGAGCGATCCCCGACTCGGGCGAGTCACGGATATAGCACTCATAACGGCAACCTGCCCTCCTTCGATGGGCGCGATTGTGTTGATCCGCAACAAGTCAGAAACCCGAATAGGTAGACCCGAGTCAGAACCGCACCTACGTGGAAGGTAATCCTTTACGCCCGGCTGCTACTAAACTACCTCTATTGCATGGGCTTGGGACCTAAAGTATCTAGATACGGTTAGCGCCCTGGCATGCGATATGCGTTCTGCGTTCCACAACGTGGGCTTTACGTGGCACGGCTGCACGAGTAATCTCGCTTCCAAGCAACTTTTTTGTTGTCGGGACCTGGAGCAATAGGTCAACTAACGAGGTTACCGAACATTTTAAGGGGATATTTGCGCAATTCCTCTCGTTACCCCGTCTTCCATCTGCTAAATTGTGCAACAAGGTGGCTGACCCCGGGTTACCCATAACCACCTCAGAGGCCCACTGTTCTACCCACTGGCAGAGATAAACTAGAGTACCTCACTGTATGGGCCACTGCGCGGCACCTTCCTGGTTGGACTAGCACCCCCGAGGGCCCCTATTTCTCAATAGACACCACATGTCCATTTTGTAGCCCCATCCCCACCAGATTCCCAGTCGGAGGACTCGGTCCCCGGTAATATGGGTCCCCCGACCGGACACTAGGGAACTCCTCTTCCCAATCAGATGTTGCATGTGCAAGAGTGAACGAATACGCATATTAGCGCTAACCCGGAGGTTGCACGGGAACCCGAGCGGTTTGATCGGACGATGTTCTGTACGACACTGGTAACTGCGGGTGGCTTCAGCATAGCGCTTGCGTAATTGAAACAGTTACCCGAAAGGCCTAGCAATTTCGGAATGAGAATGTCAGGCTCTGCGGCTCCCAGCAACGTGGTAGTTCAAAAAAGACCCGGAGAGGTGTAACATTAAAATGCCTTTGAATCCCGAAAGATCACGGCGATGCCTCGCCACGCTAAGTCCTGTGTGCCATACCCTGCGGAATTATTAATGATACAAATATATTCCTTAGCGCGCCAGCCAATCATGGTTGATATGCAGAGGAGCCCGAGTCAGGATCAGTGAC,1886,51.43,Escherichia coli
SEQ_799911,TAGCTACTATCAAGGCACATATAACCTACAGTGTAAAAAGTCGCGTCTGGAAGAAAGGCCCTTTTGCTTCATGCAATAACCGAATAGGAATCACGGAACTTTCAGAGGCGCAGACAAAGCGGGATTGGCAGCCACATGATCCAAACTCCAGGCAGCTTTCCATAACTCGACGGGGTCGCGCGGTATAACAGTCACACTGCACTCTCAACGATA,213,48.36,Homo sapiens
SEQ_784783,TAGCCGGAATCCTCATCAGAGCGCTTCCAGGCCCACAGTCACACATACAATCATCTAAGAGACAAGTCGATCTTGGAAAGGAGCTGTAGTATGGACGCTGTACCATATGGTCAGTAAAGGAAAGTGCTAAGACGGCCAGGACTGGTGCGGCTTCAGGAAACACGGTTCGGGCTGAGCGAGTTGCTCGACAGCCTGTAGAGCAGTGACGCGTAACAAGTGAGTCAAGCCGCCTCTCGCGGGAAGTAGACGGACCCGAACGGTAAGTCCGCAACGGTTCACCGTGAGTAATTCCAGAGTCTCGTAACGCGCATCAGAGGGACAGAAAGGCTACTGGAAATCCTCCTCACTACACTAGCTAAAACACACCAAACCACCCTAGCGATCCAGTCTGTCTAGATACACCGTCGTAGCCTAGTATTTAGTGCATCTAAACCCATACACGCTGCTCAACGAGCGCGTGATGCTTTGCGTGAAGCACTCGCTCGCCGCGTTCGGAGTTGATGCTAGCTTTCGCCTCGCCTCATCGCGAAATGGATTGTGCCTGAAGTCCGGTCGTAACGGAGCGTTTTTAGGCATTGATAATTCAGTGTGGGCTTTTACAGAGAGAAAATTAGCATGCGCTTCGATATCTCGAGATACCCCCGGGAATGTCGCTCCAGACATGGTGAGATTCGTTTCCCGTAAGGGGCGTGAACTCTTCGCGGTCGACATGGTTACCCACTGTGCCCGAGGTGAACGTACCACACTTTTCTTTCCCGTCAAGTAACCGCGCTGTCAGCTGACCCGTGAACACGGCCAGTAAGATAGGAACCTCAGCTCAAAGCTCCTTCCGCCCACTTGAGTAGTTATGATGACAGATTTAAATTCTTGACCGACTAAATGGGGTTGGGGAGGTTGAGTCAGACCCTTCGAGCATCCTCAGGCATCAGTAATGCAGCGTGTTTTGGACTCCGAGGCCCCTAGTTCAACGTCAGAGGTTACCGTATTCATCGCCAACTTCTGGTAGAGGCACCAAAGCCCTGCTTACCACTGAGGGAGGGTGTCGTGCTGGGTCAATAGGGCAGTAAAACCTCATTCTGGATGCGCCGTATCTCTCAACGTCATGTGTCACTTCCGAAGACTTGCTACATTGGTTGGTGCAACGGCCAGTAGATTGTCGGCAACAGTTATGAACGCATCCGCGTCCCTCCGTTCTCGGGCCCAGACCACCCCTGCAGGACGCGGCCCTTCGAAATCACGATAGCTTCGGAGAACACTTTGCTTCCTCACAAGGCTTCGGCTGTTGCGCCTCTAGTTGAAGGACACCGTCATAAGATAGCACGCACCAACGCTCAAATAACGATACGAGTTCTGGGATTAGGGATCGTTTAACGTGCTCCAGACTGTGTTGGTACTGTTGTCTTATTTGTACCTGGGCAACACCGTGTGGATGAGACGTGCCGTGTTAAGGGGGGAATTAGACCCTTACGCCATGATGCTCCGATAAATTCGCTCTCACGCATCTAATGAGGCGGCCCTGGATCAAATCGCTCTTGCGCAAAGAGCCCGACAACGTGCCAGGGTTGCAAGGCCACCAGCCTAATGACCCAATAGGCCTGCAAAAACAATGCGGACAGCAGGTAGGGTTGTGCCAATACTTTCTGCAAGAGTATTTCTCCATCTGCACTAATGTATACCAAAGGTCGTTGTATCAGTTCGGTTCACGTACTCGCTGTGTTCGGGTCCCCGCCTCTCGTCCTAGTG,1743,52.44,Saccharomyces cerevisiae
SEQ_751233,GCAAGGAGTTCCGCTGCTGATATGATTGGCGGTAGGTGGTCGGATCCGTGAGGCGGGGGGTAGCTTACTTGCTGCTCGCCACTATTCTCTGACCAAATACCAGACAATCGATTTTTGAAGGTAAATATACCCCCCCTAGTGAAATCCTGCGGTAATGAAGTTAGAGGGTAATAGAGGTCGACCCCTCCTTAGGTATTGGTTTCGATTGTAGTTCTCGTCTGTACCAGCCATCTAGCATCATGGTTACCTCTTGAGCAACCTTCTGCGAAACAAAGTGAGTCACTCCATTCCCTGCTACTCGTAGGCCCGACGTCTAACCTACTCGCCGTGATACCACTCAAAGTTTCAGTTGAGCGAGAATGGTGAAGTTAAAGGCCTCGGCGAATGGAGTGCATTAACTAGCATGGCCAGGTCACTCTTCAATTAAGGTTAAACACTACGAAAAGATACCCCACACCTATCCCCCCTTTCTGCCTAGTGTTGCTGGGTCCCAATTTGTTTGCGATCACTAATACTTCCGGGCATGTTGAACTTGGCTGGTGTCACGCGCCGTCTCCTAAGTAGTGTCTTCAGGGCTTGCGCGAGTACTAATCGTTACAATTTAAACTCCCGCAATGTGTCTGACATTACTGCAGTGTATAAAAGTCAAAACAAACATTTCGACTCTACTTACCCACACTAGCTGTCACCCGCTGGTAGAGAACCACCCAACGCCAGCACTGAACGGTCGTGGGATTTCGTTAAGAGTAAAGTATATACGCTCAGACCTGAAGATGCACAGCTTTGTACCGCGGAATCATACAGAAATAGCTTTGATATCCAATGATGACGCCTGACCCGTGGACATCAGACCGACCCTACTAACTATAAGCTAATATCCAGACGCTCCGACCTCTGGCCCAGCAGCCAGCGCCAGCGGTCCACGTTACACTAAGACAGAAAAGTTTCAGCCAGCATTCCGCTTCTAGTCGCAACCTTTAGTATAGGAACTCATCGTCGCCAATTAATATACTCAAACCAATCATAATCGCCTGCTTGAAAAGGCACGTTACCAAGG,1057,48.16,Escherichia coli
SEQ_440801,TTTGCTCCAGGATTGGATCTGAGTACTTCTGGCCTTCGCACCCACGGCACAACGGGCGGGGGATGTATGCCGGCCCTATTCTTCTGATTCGTCGATCGAAATTTCAACGGTTTTCCAACCTAGAAATTACCCGTGAGGCCCTTGCTCGCCTTTTATGAATAACGTCGGGAAAACTAACAGTCGCGCGAAGCGTGAACAATCCATATGGCAAAAATGTGTAAGCCGGTCCGGCGGAACTCATAAACTTCGGCATTGATTATGGTCCACCGTGGAAACATTCAATTCACCATGTTAATTCTGATATGAGATGCCTAAGTTGACGGGCCTCACTTGGTAAGGGCTTAGGTCTGGTATGCA,357,48.74,Homo sapiens
SEQ_335726,TAGCGCTTGTGCGATTTCCTCCGATTGCCGTCGGCCCTTGCTGCCTGAATTTCTAACGGTAGAACAGATAAGGGTCGCGTTGTTTTCGAAACTAATGTTCAAGAACGGCGCTAACCCCGGAGGTGGCACACCTAGCGTCTGCCGAACCAGATTCCGTTTATGGTGCAATTCCGCGGTGAAGCGCAATCTAGTCTGGTCTGAATTGAATTACCCCAGTTACTCTTCTGCTGGTGCTATGTCGTAGAGGGGCCATTTGGTACATCTATTGAATCCACCCTACGGATCTACGAGATTCCAGTCGTTCATCGAGGAGTTTACCCCCCAATACGACCTCCTACTCAGCAAAGTATAGGCGTACGGTGTGCAATGATTGTGTACGTTGTCTCCGAGGGTTGTGACCCGCTCCTGAAGGAAACGGAAACTCAACGTCGTGAAGTTATCAGACCTGTGATCCATCGATCGACGTGTGCCACTACTCCCCATCCTTGGCAAGCGCTGAGGGGTGCTTCCGCGCGTCCTGCGTAATCTTGTTGGCCGCTAGGTAAGCCCGAGTATTCAAGTTGGCTTGGCAGGCCTACTCCGGACAGGACAACTTTATTTTTATACAGCCTGGCAGGCGCCGCCCAGCCTGCCCGTTAAACTCTAATTAAGCAGCGATCGTCAGCGACGACCCACTGAGATAGTCCTGCCGATCACGACTAGGGGACTTCGTATGGTTAATTGAACATCGTCTCTTGTTTTTAAAGGAGTCGGCGGTGCGCGATTCCCATTTGCATGTGGGCTTAACCGGTCGTACCGTGTTGGGAGATGCCGATTTTTTCAAGACGTAAGAATGTTTTCGTACTAATACGAAATCGATCATCTCGGTTCACATGCCATATCCAGAATATTGGCTAAGAGTCTTGACAAGGATGAACAATGAGTTTTCTCTCACGACAGGCAATAACGCCACCTTCGTATGCTGAATCGGTTCTAACTCAATCTCGCTTGGGCTGCCATGCCTTTCCGGGTGGCGCCGATAAGTCCAGGATTCACCCTGGGGAGGCAGGGGGATTCAAAATACCGTGCTTGGTGCAACGGTCGGGGCGCTTATTCTAAGTCTGCTAGCCTGAAGGAAGCATTTCGACGTTTTGAGCAACTAGGGCCGGCCGAAAACACAGCTTCTGTCGCGGCTATTTACACGGAAGGACAGGTAATCAAATGGCCATGCACGGTCGTGGTCCCAGTTGAAGTTATTGCTCGTCCGTTTATCGGAGGAAGAATCAGACCAACCGCAGGATATCCGGGAATGCAAACTTGCGTGCCTGAGTCCCCCTTCGAGCCGTCGAATACTCGTGGTTAGGAGGAAATTTGGGTACCAGCGGCCACCACATTAATCTGACATCGGGATGCATGTGCGTTAGTGTATTATCAGAAGTCTATTATTAGTTTGACCTCGGGTTCCCACTCGGACGCTACCCTGGTGATGGAGACAGGCCCAACCTCACTGAAAGGTCTCTAAGTAAATTCGTTGCAAAACTTTGGCCTATCTCCGCAGACGACAGGGAACCCCCACCGAGTTGGACCTACGAGAAAGCTTGCGGCTCAGCGGCCCGTATATCATATTAGTCCGCAGTGCGCTCGGTTTGTTTAACAAATGCGGGGCTCATAGCCCCCCCCCAATAGTATCGTATCTGCGCTTTGGTACCTGTCGAAGGATAAATGGTTCCACATACAAACGGGCTGGCGTAGTGGACAATTAGCCCACCTACCATAGACAAGCCACCATCTCAGGCTCATCTCAACTTGCTAA,1792,51.28,Mus musculus
SEQ_297647,AGCCAAAAATGGAAGCCGTGGCGGAGTGAACCCAGCATACTTGTCCTAAAGCTAGTGCGTGGACGGCTCTTCACATAGACTACACCGTGTCCCGACTGTGCTTGTTTTTTGCGAGTGGAACACTGATGTTTTTGCCTCACTTTCTTGACGTTTGTTTATAGATCTACAAAGGCCAGGCGTCAGGGCATTTCTCATAGTGGGACTGGTCTTCCTCGGCCAGCAGGTTCGGCTCTAAGGCTGTGACACGCCCTCGGTATCAGTGAGACCCGCCGCGGAGGTGAAACAAGTGATGTTACCAATCGGGTTATCTGTGGTAGACATCTTGCGCGTCAAGGCATACAAATCGCCAACTTCTCGAATCGAATAGTTACATCTCACTCCCCCTAGGAAACTAACGTGCTTGGGCCCGGTGGAAGCATCTTTATCGCCAGGTTTTACGTCTTGCTCATAATAATTCACCCCGGGATCATCGGAGCATTAGGAGTAAAAAAACGTACCTACGGGGGACCTATTGGCATTCAATAGGAGCCGGACAGCTGCAATCTCTCCAACTGTCTGGCTTTCCAACCGCATGGTGAGTATAATAGAACACCGGCTCGCAGAACATGAAATACCCAAAAGTGGTCCATCTCTCACGTAAATGATTCCAGATGAAGTTGATACAGGAGTCGTGCAGGGAATAGATGCTTTATTCTCTGACGCCTCACAAAAATATTTAGAGCTCCGATCAGTGGCCATGGCATACCACGAAAACTAGGCGGTCTTGTATATGCGTGCACGGAGCACATAGCTCATACTCTGGTGATGTTGCCTCAGGAGCCGAAATCGCTCCCATGCATGCGTCAGCCGGCGGACCTTGTCCAATCTACA,870,49.77,Drosophila melanogaster
SEQ_405733,AATGACGCGGACTTTGTGTGAAGTAAGCTTCCGTAGCAGCATCACCGCAAATCTGGTCATCAAACCTGTTTGACGCAAGAAAGTACTGCATGGTGCAAGAATCTCCCAATGTACAGCAAACACGGCCAGCATTCGTGGGTGCGGGGACGGACCTTCTTGCTTCCGGTTATTGTAATGATCACTCGGGGTGATGCGCCTCAGTACGATATGGTTCCAAATATATCGTAGATAAGTGATGACGAATAAGAGGCGAGCGTGTAATTTAACAAACATGAGACGGTCTCATTCACCAGGAATTTTATCCACGGCGAAGAAAACTAGCCTAAAATTGGAGATGGACTAAATGAGATATGAGTATAGTGGCTCCTAAGTTAGCTATCCCGGCGATTTTTCTGTAACTCATTTTGCACTGCTGTGAAGAGCATGCGGATGCCGAGCACTGCCAGTTGTGTATTAAAGGCCCCGCTAGTTCTTACTAACACTAGGTTCCATTAAACTAAATAGCCAGCCGGCGACAAAGTAGGGGCTGAATTCAGTCACTTATGGCACGGGGTGTATCATTGACGACGTTAAGTTCCACTGTCGGACACCCTAGCTTCTAATCATGCGGCTACCGATTAACCACATCCTGCGGTCGGCGGCTCTTTTACATGGGTTATCGAATCGGTCGTAGCCTGAATGGTTGGTGTTTCTTATAGCTCGCCCAATCGGGCATTACCTGACTCTCTAAAATACAGTCTAACCAATTAACTCTCGGTCCAGTTTCAAATGGAAAAGCGCTATAGGCGAAGAAGCTGGATCGATGACTCTCTAAACAGCTCTGGTCGACACTTGTTAAGATCCCATAGGGACTCTTCATGTGGATTTCCGTGTGAGTCTAAGCAGAAGGAAACTTCATCGCAAGGCGATAACTATTGAATCGAATGTTTTGGTTGGCGACATTAGCCGTAACCGTTCGAATTGATACCCCGGTTGTCGTCCTGCATCCTTGTCCTGATCAGGAGCCTATTTAATTAAGCGAAATTCGACACCAGGGGACACGACGGGTCTTTGAAACCGAGCCTACGATCCTAAAGGCGGATTTCTAGCTCGGAAGAGAAACGACGAGCAGGTACTCTAAGTGTCGCTTCTTTGCCGTACCCTTCTATGCATTTCTATGGAGCACAGTAAACAATAGGGAGTCCAAATTAGAGGTATAATTACTAGCGAGCTAGTTATGCGGTGAACCATGATGCTTGTTTTGGATGGTAACCCCCGCAGTACGGCCCCCGTATTACCGCCTATGAAGAGATTACAATCGTAGCGACTACCGCATGGAGGGCAAGTACTATTAGGACCCCATTCAGTCGAGTGCTCAATAGGCAATGTACTTACAGAAAAGCGTTATCCTCACAATTTTAATTACTCACGAAGGATACTTTTCGACTAAACTATATGCGGTTTACTATTTGTACATTACGGGCGTCCGAGTACGGGCCCTGTCAGTCGTAAGGTAAACGGCTGGATTCTAAGTGCTCAACATCCCTAACTTTTCGTCGGCCAAGGCTCGTACAGAACCGATTCAGCCATCGTTAGATTAGTCTTCGTTACTTGGACCAGAGTATATTCGTCAGAGTTCACTTGTGTTCTTTCCACCAGCACCCTTCCCTAATGACTTACATGTCCATGAGGTTGCCCAGGCCTACCGCACGCAGGCGCTCTGCCCTTCGACGTTGCGAATATCCCCAAACGGGTCGCATCATGGATAGTAATTCTACAGATTCAGTATGTACCTTAGCCCCTAATTCGCAACCTATCCTGAAGGAGTGAACGGAAATATCCTACTAAAACCAATAGGTCGTTCTTCTACAGGAGGATGATTGGGACACCGCGCGTGGCGAGCAGAAGGAATTCCGCCTTCCGGCAACTTGTA,1912,47.07,Arabidopsis thaliana
SEQ_922722,AACAATAAATCACGACAGCCGCAAATCCATTCTAGCACGGACAAGGGAACAGGGTTCACTTCGTATCCCATTAGGCTCTAAACAATTCGCTAAGGCCGACGCATTTCTCCTCCGGCACTTTGCAGCTCCTTGTCCAGGGGAACGTTTCCCGGCTAGAAAGTAACATAGTGCCTACGTCATCCAGAACGAACTCCTGTTTTGTGAAGTGAGGTTCAATTTGCCCCGAAGATCAAAACGAACTAACTAACATAAAGCTATGTCGGGCGTACTCTTCCTATGAATCGCCCGTCTGGTCCTGGCTCGTTGCCACTCAGCTGGAAATCCGTAACCGGTTATTGCCGGCTATTGCGAAAGTTCTTTGTTACGCAATCCGTCGTAACGGTCATCCTTATGCCATAAGGAGTTGCTAGAGTGGTTTTTACCAACCTGGAAACACAGCACGAACGTGCTCCGTCGCAATTCCCATAAACCACCGGTGAAACGGTCATCGAAGATCCCGAGCCGTACGTTCGGGTTCCTTGCGAAACCTTAACCCGTCGCTTCGGGTACCACTTCTCCTCGGAAGGGCACTGGCCATATCAGCGGACTTAGGTCTAAATACGTGAGTAACCACAGGAAAAAGCTTATTTAATTATATTACTTCAGTAAAGTTATACCCGCTTTGCCAAACCTGTTGTTAAATTGGATATAGTGGGTACCGTTAACTACATAATAGAACATTTAAGTTGTTCGAGTGACGCAATTGTGCCTTTTCGAGTATGCGGGTACGCCTGGAACGATCCTGAGATAGATGTAGCCAGTCCCTCCATGCGTCCGCGGCTCAACACTCACGTGCATAGCTCGTCTGTTCGCCATACCTCCAACTGCAGCTACACAAAGCCGAGGTACCTGGCAGATCGACGATGCCCAGGGCCCTACATGGCGGCCCATGGGGCGTCAGCACCTTGACACCCCCGTCTTTAAAAGGTGACGCGGACGTCACGAACCCGGCGCATTGACGCCACGATGGCACCATATGCAACTCCACCCCTACGCCTAGTCACAAATACTTAGGCTGGATGAGTATTGGGGCACTTGGGCTATAAGACCATTTGCCTACGTTACTGCCACTCTCAAACGTTTACGTAGTGTGTAAGCGCCCATATAATTACTTGGACCGTGAATCCAACTAATGTCGGCTCTGGCGGAACTCCATGTATC,1200,49.92,Homo sapiens
SEQ_624654,GAGTAGGAGCTGCCACTTCGGTGATGTATTACGGAATCTCGCTGAGTCGGACGGTGGATTAATTTGAGGCGGTCTGGTTCGGCACCAACGTAAACGTCACACGGTACCGCTTCGTCGGTCCTACTATCAGTGGCGATTTTTTGCATATACCCATTGTCCCGTAGACAAACGGACATAGGCTGAATTAGCGGAGGTGGGAGAGTGGAACTCTGGGGCCGAAAATCCGGAATAGTCCCGAGGTACAGGAAACAATATAGCCCCACAATAGCATATCGGTATGGTCGGTAACCGTGTAGGGTTTAGCTGTCCGGCCGTTAAGTCGTATCGTTACCTAATAGCAATACGTGTAGTGGGATACTAAAATGGCTTGATGGGCTTCAAGAAACTACATAATATCATAAGAAAACATCGGACGTCAACGGAGCGCGTGTGGCCTCACATATATTCGCTGTTTAGACCCCGTGCCTGAGGAAAACCGTTACGACTAAGTCTTCCTCTTGCATGTCCTTAGATCATGAGCTTACGCGCCAGAA,533,48.97,Mus musculus
SEQ_540223,TTAATTAGATACGGTAGGGAATGTGTAGTACCTTATTCGGCTGAATACACCAACTTTCCGCCGGATTAAAATGCTAGTTGGTAGCACCTCAACCCCAGCCAGCCCGGCTCCAAACTGACCGTAAATTTACACCATGTCTCCCTCACTATCTGAGTGTGGATCTATATACATGATGCGTCTATCTGGCTTGAACCCAATCCTCTATTTACGGCAGAACCTCCCTAAATTAGGAATCAACAGGTATTCCTGGGGGGATCAGAAGCAAGCAGGCTCACTGGGCCAGCCTAGCAAAAGTTAAATTATCCCCCACCCGACCGACCAGCTACGTTCATGCGAGGAGAAATCAGATGCGAGGTAGATACCGAGCCTGGGGTTGAAGGTATTACAGTGACAGTGTCAAGAGGGAGCCACCTTTGCCTGTTGGGGCGCCTTTATCGCTACAACCTAGAATACGTTAGCAGCTGAGTGAGCGTCTCAGTAGATAGTCACTCGCCGGAAGGCTCGGGACCCAACACCTGCCTGTACGTTCAGAGGCTCGAGACACGTAATAAGATCCCTGCTCAGTATGGGGTGAAGTCTACTTGCCTGTTGCTAGAGGTGGATGGCAGGTGACAGATTCAAATAATTACAGTTGAGTCTGAGGATTGGTGCCTGCGGACGACCTATATCGACTTCGGATGTAGGACCTCCAAGGTGGTCCGTGAATGTCCAATAGGCCCTTCTCGGGTAGCCGGGGTCGCACGTCCCATGGTCTCTCCTTCCAACATGCGGAGGGGTGATGGAATGGACTCGTCTGCTCCTTTCATATTCGGGATGCCACAGAATGATTACGGGGGCACCCGCTTCAAAGGTCAATCAACCAATGTTATGTGTGCCTGCAGGTGGGATTGAGGAACGCCACCTTGTATAAGTGCCTATTCC,921,51.03,Homo sapiens
SEQ_774224,GACCCATTCGGAATTTGCCGATGCTTCGTTTGCCGTCTTGCGGGCCTCTGGACGCATCTTTGAGTGTCATTGTAATGTGACCGCTGACTAGGACGTAGTTGCCGTTTACAGCAGAATTCGTACTACATCCAAGATTTACGAACTCATACCA,151,48.34,Drosophila melanogaster
SEQ_573181,GGATTAGAGGGTGACTACAGCATTGTCGATTACTGGACCATCTACGTCCGTAGCTTCTAAGTACGGTACCATCCTCGTTCCCGGGAGCTCAGCTAATTTCTATGCGGGCTTGCTCGACGAGGTAAATAGTAAGAGTATGAGACGACATTAATGGGTCGTGCAGTGCAGAGTAAGCTTCGTCACACTGCCGGTACGCCAACGTTCAAGGTGTTGGGATTAACTGTGTCAAACAGATTATTACTATTATGTGCGCTAGGTTGTATCAGACCCACTTGTTACGTTTGACCCCAACGTCAGATAGCTGAAAAGCGGGTCAGAAGCAGATGCTCCTTCAGTTTATCAACCCACCTAATGGGCCTGGAGGGCGAGTTTACACTAAATCGACCCATAAAGCCTTAATCAAAGAGTAGTCCCGACCGTAAATTGTTCTTATGCGTACGTATGATGAACCGCCACGGATCTGGCTACACGGCAGCATAAGATTAAATTTTGGATGTAGGCGAACCGTGAAAGTTATACCGACACCATTTTTACATATAGGTGGAATCCGTGAAACAAACATCTCTACCTCGCAAGCTGAGCAGACCCCGCCCGCTATGCCCCACTAGACAGCTAGGTGGACCCAGTGAAAGTGACCGGGTCTGGGTCCAAATCCAGGGGCAAGGTTCGCTGTCGTCACTCAGTAGATAAATAGTATGTTTTGTGGCTCGTGAAAACATCCAGGTCGGAGTAGTAAAACCTGCCGTATAAGGAATCGATAGATAACTCATCCCTCGTCTGACGCCGACGATCGAAGGGCCACGAACTTCAATAGCCGAGGGTGGTCGAAAGCCTCTCTCAATTAGGAGGCCAATTCGCCCCGCTTTTTGCTGGGCAGCGTGGTGCGGCTCATGGAGATATTATCCGTAGGAGGGAGGCGTAGCCACAGTAACAGAGAACTTTTTTGCGGTGGCGAATGCTTGACCCCCGATAAGGCGTCTGTACACGGTACCTTCACGTATAAAAAATAATCGGTCGTTCAGTCCGAACTAT,1032,49.03,Mus musculus
SEQ_861534,CCGTTGCCTGTAGTGTCACATCACCCGTCCCCGGTGGCACGAACTTCCACGTTGGTGGCTATCCGGTGCGCATAAAGATCTGTTTTCTCGTACGCATACAAGAAAGAGCACCTGAAATGGGCCCGATCTTTTCATAATAGGGACTCTAAGAACGTAGGTGGCTTAGTTAGTGACAAGATGGCCAATCCGCATGCCCTCAAGATGTTTCATGACCTCGGTTTGCTGGGTTCTTTGTGACACAACGTGAACCAACTCTGAATGATTCAAGTTTTTAACTTTAGCTTAGCTTAGCTATCACGTAGTCAAGAAGCCTATAATTTAGTTAACGAACTAGCCGAAACCCAAGTAATATTGGATGCAGCTCACGACGACATTCTGCGTCGCTCATGAGGGCTCACGACTTAAGCCTAGCGGGTGAACAGATATCGACGCAGTGACTGCAACCATTTGAGGTATACGTCCGCGGCCCACACAGAACCATACAGAATTTCGTCAATAAAAGGTTGTGATCAACTAGGTGGTCCAGAGTATCGAGTGACTAAGTAACGAGGCTTAAGCTCTGATTATTATAGGACCCAGAAAGGGTGGTATAAATCTTAAGCATGCGTTATTTTTGATGTGGTTTATCCAGCGAATATCGAAACACGTATGGATTGATATCCAGTGAGGACAGTATGCTCTTCAACTTGGTAGCCAAGACCCCTTTTCAGACGGAACTTTGCAAAGTCTATAAAGGGAAGTGCGAAAGGGGAGTCCACGGGGACTCGTAGGTAGTGAAGTTGTACTTGTGGTGCATGTTTTGCGATTCCGCCTAGTTATGGCTTCATACCCGCATCCGAATTGGCTCCATCCCGGGCAAAACGAGGAAGCGCTCTAGGATCCATCCTGTTCCAAGGCCGATCAGCGTTATGTACAGTTGCCTCAGAATTGTCGTCAGAGAG,941,46.97,Drosophila melanogaster
SEQ_675587,GACTCTCTGACTAACTCTAAGCCCATCGCTTACGGTGCTGATGAGCTGAGGCTGTATCGGACCCTATATTGGGTATCACACAATAGAGATCACTCCTGACAGCTTAGGCGCACTGCGCGACCTAGCCGACTAAACGACGGCAACGCCTGAGTACGGTGCGAGTACTGAAGGCCCATCTCCGTCTGCTGAAACTTACGCGTCAAGTAGAAATAGAAGGCATGTTGGTCTGTCATAGTTTAGTGACCACTCGGTGTGTGATTGTACCACAGTGAATCGCGGTCTGTGAATCCAGGCTCGCTTCTTTATGGTGATATACCTGCTTCGACCCAGGGCGTAAACTAATGAACGCTCACTGTTTCGAATGACATGACATGAGTACCCAGTGTGTTGGAAAACAATGGGAAATAGCACCTAGCACCGGTGGGGTGCCAGAAGTTGTGGAATGAAGGCAAGGCCACCGCAAAAGGCAGAAAACGAGACGTCTCATGGAACATATTATTCCGTCAAGTGTTTTGCTACTAATCATAAACGACCACGATCGGTTGGGTCGGTTTCTGTTACCGGCGTGGAGAGAACTCATACTCAGTTTCGCTCTCCGGGTTTCTTATAGTACATGTCATAAACCCCAGAGCGGGTTCGTTTATTTTGTCCCGTCCATTGACTTAGTTCGATAGTAACGCGGCCACTCGGCGTCACACAGACAGCCGCGCCGCTAGCCACCTATGTTCTTAACTTGTCTATATTCCCAATGTCACATCTCGGCCTGTGGTGTATAAGGCCTAATATCGTAGGCTTACGGAGCGATCGCCTCGAGCCGGTACTGTCGCTATTGCCGGAATGTGAATCTACATCCGGCAAACGAAGACTTAATCGCTCACAGCACCGGCGCTATGATTGACAGGGGGTATTAAGGAACTAATCTCATTAATCAATTCGTGTCACAAGTAACGGTTTCTCGGCTCATAGTATGCGGGGGCGATAGAGACGGCCTCCA,994,49.8,Mus musculus
SEQ_913409,CCGTACTCAGCGCCACCAGAAATGGTATGTGTCCTGTTGACCCGATCACAACT,53,52.83,Caenorhabditis elegans
SEQ_998929,CTAGCGCAATGGACAAATTAACCTCTCCCTGGCACACTGCCTCTAGCTGAATCAACGACGCTACAGCGCTAAATGCCTAATCAATAGGTACCTTGAACCGTCCAATAATTACTCCTCAATGTTCTACCCCCAGCCGCAGATCATGGGCCCGAATACACGGTCCACGCGGCTCAGATACCAACTGTCCCCACATTAAATTAGGAGCCAGGGGAAACAGCAGGCATTCGTTGCTTGTCGGCCATGTTTTCCACCCATTGATGAAACGTTATCGCACCACTGGGCACTGAC,288,51.04,Escherichia coli
SEQ_514951,TACTTTTACCTGGTTACGGACACTATAAGGCATGAGTGTTGGGCACCTAGAGGGGAGTACGGATTGCTCCGCCTAGGTGTCCTCAATAGGGAGCGGATCAGTAGAAAGTATATCGCTTCCCCATGACAAGACTACCAGTTGTGAGTTAGGTATTCGTGCGGAATTATGACCGGGTACGTTTGATCACCGTAGGAAAGCACTAGGTAAGTACGTGGACAATCGCCAGTAGATGTGAGATTTATGAGGCGCTGGATCTGTGTCCGCTCTCGTCATGGGGTGTGACGCTCTAATCAGAACAGTGTTGGGCCCCGCTTGTCTCTTTGTCGCCGTACTATTGCGAAATTCCAGAAAATTCTTTCAATTAAGAGAAGGGCATCCGTCGTGCTGGGGGACCAAAGATTACGGGGTGAATTAAAGAGCATGCGTTTTGCCCAGGATGTCAGTATCGTATCTGAGTCTCAATCGGGCA,469,49.04,Escherichia coli
SEQ_199119,AAACTCTAGTTTTATCCAATTAGATGCCAAACTAGGCTCAGGGACCATGAGCTCTGGTTATGATAGCTAATGGTTACCGACTCGATCTACTTATCCATTCACGAAGAAGTGGCTTGCACGGACGAGGGGTCCCTCCCATCTCTGACTGTCCCTCGTCACGATTTCAGGCCCAGGTTTATGTGGGACCTCGGGAGTGAGCCTGAATGCTGAATTGCAAATAGCAACATGGGGAAGCGGAACCGCAGTGCTGATAGTACGCGTGGTCGTATTGTTGGGGGTAATACGGGCTCGAGCCTGCAGAGGCAGTCGTGAAAGGTTGGGAGCGTCGCTATCCGCAGTCAGTAGAAGGCCTGGTCCAGCGCCTGCGTCCACCAGGGTAGTGCGGTTTACATTGCGTACTAACATTTTTGTGTGCTATACGAAAAGACGGATCGACCCCCTTGAGGATTAGATGTCCTAATGCTCTACGCATTAGTGCCTTGGATTGAGGCTCTACCTACGGTCTAGCGAGCAACACATAATCGGCTCTGACATTTCGAATGGCGCTACCCGGACTTGTCCTGGGGTATACGGCGAGCTTCTGACTTAAATGTAAAACGTAGGCCTGGGCGTGCGATAAATTGTATGTGGGGTAATAACCAATTTAAATCCCGTTCACGCCGGCCTGAGTCATGAGTGCTCGCATTCCCCTGCGTAGAGCCTTTGCTGAATATGCCTCCAACTGCCCCCTGAGGCTCCTTTTCGTGGCATATAAACGTACCAACCTCTGGGTGTTTCAAAAACCTAACTCTGAGACCTCACGCCCCGAGTGCGCAGGCACGATGGACCGGATGGGTCTAACTCCTTTATGACGTTCGACGCGCTAATCTGTACATTGAGTGACCAGCGGGATACCCCATATCGTATCCACTGCCCTTTCCCCTATGAGTCCGCTTGCTAATCAACTGGGCTTATTCAATTTCCACTAGCACGGCAATGGATAAGAAGATGTTGTGCATCTGACACGTCCCTGGGAGCGGAGGGGTCACTCATCAATATATTCTGAGATATCACAACCCGCTATGGCTCGGTCACCTAGTAGCGAGACGCCGACCAAGCCTACGCTTGAAAGGTATGTAAAGGCCCACTCAACATTTGATACCTCTGCTGCGAAGCCTTAAAGTTAATGCCGTTCATAAAGCAATCACAGAGACTAATACCGTACACTAAAAGCTAACTACTAGTCTGGTCACGCGTATAGTAGTAAGGGGGGGCCTCACTACTCCAGCAGGGTTGTAGGGCAAACTTACAGCTCAAAGGGACCATGCGTGCCTTTTCTTTTGCTCAGAGAAAATCTTACATCGCCAGCTACACTTATCCCCGACAACACTATCGCGTGGAAGATGTAGAAACCTTCGCTCCATGGGCTACTAGTGTACTGGGCGGCTAAGCAAATTTTTAGGGCATGCTTCCAGATTACATCAGGTAGACGGAGGCAAGGGCGATGGCGA,1490,50.6,Escherichia coli
SEQ_127914,GGATCCTCTATTATAGTGCATGAAACCAGACATGAGTTATTTACTCATTGACACTGTGTAAGCGCGCCGTATTGCATTTGCGTTAGCCAACCGACGATCACCGCTGAATCTCGTTGCCAGGGCCTTCTCAGACACAGTAGTATGACTCGTACTCACGACACCGGGTGTAGCCATCAAGAGAGTCTTATAAGAACCGGAATTGCATTACAGCCGACTGTGTCGTCACTGTCACTGACGCTTAGGTCGCTGGCTGACCACCTGATCTCGCAGGATAAAGGGATACTGCTGATGAGTCCCCAATCAAAACGGTGTCCGCGATCGTGATTCATCTCCAGCGGAGGTTCAACACCCTGCAGCTGGTGTCACCTTCATCACGCACACCACGGGACCAAGAATTCCACAGTTATCTGCACTGTTCGGGAGGTGCTACGCAGGCCGTCTTACCTCAGCCACTCTAAGTTGAAAAGTTCGTGAGTTTCATTGCAGACTTGACAGGGCACAGCATCGGGACATAAGCGTAATCGAGACAGATTCTGGATTTACGACGTACACAGCCTGGCTCCATCGGCTAGCGTGCTGTGAGTATGGAGCTACAAAACGGGACTATGTGGTGAGCGGTTTTACATTTCAACGGTATGTGAGGGCGATCTGGCGCCCACCAGAGCCAGTACAGGCATCACGCTCGTATCCGCAAGGTACCTTCAGCAGTGAATGCAACTCGGTATCGATGCGTTATTGATTTGTGAAGGAAACGCTGGATGTCGTGTCTCCCACTGAGAAATAACAATCGTCAGCGTGGGACGCGCCGATGAGTAGGATCCTATGCGATTTGCGCGCGACTTTCGTCCCTGCAGTTTCACGTTCGGACCCGGTCTAGGCTGATGTCGCCGTATAACTCTTATATCTCCCTGAGATTACACTCTAGCCTATGGCTAAACTGCATGAAGGGACGCAGACCCGGGCAGGGAGGTATATCTCTTGATTAAACGAATGGGCATCTAAACTACTTGACCAGAGTGTTCCGACCACATGCTGAAGGGATTTTTGTAATTGTAGCACGTAAGCCTTAGTGGACCGACGTCGTTAGGAACTCTCCTAGGACGCGTTTTCTGGCCCTGACGCCTGAAGGTGATAGACAATGTCCAATCTAGTAGAGAACCGTTTCTGAACCGTGCTGAACCCATTGTACCGATCACGAGAGGAAGACCTAAACAAACATTCTCGCGTATTCCC,1233,50.69,Homo sapiens
SEQ_259716,TAGGGTATTTGTCATAGGGCTGCGAACTGAAACTCGCGATTGTAGTTAGTGAGGGCATCTAACCGTTTCGGCTCCCGCCACTTAATTCACGGGTTGGATCGACCCTCATACGAACGTTCCGTCCATAAGCGGGTTCCGGCCGAGTTTTGGTAATTCAAGGTGGAGGTAGAACATGGTAGTGTGCCGCGGACATTGAGAACGCGCGGGTCGCGGGCCTATGAAGGGCAGCGAGTCGTCCGAAAAGAGTCAAAAGCTGGCTTTCGAAACACTCAGAGGGATGAAGCTCACTTCAACCCGACTACGAACATGTTGAAATTCAACCTTAGACGCCTAGGTGCCCAATACCTTCAAGAACTACCACCGCGGAGTACCGAGTAGGGTCGGGAAAGTTACGTTGTTAGTGAAGCGGAGAGCTGTGGCTCCATAACGTTCCGTACGACTTACGGATTGCTTCATTGAAAAAGTCGATTCGATGCAACAAAGTTCATATTCCCGATTATGCGGTCCGAAGAGTCCCTTCGACAGGCTCAGGACCAAGCCCTGGGACAATCACTGGATTTAACTGGGTGACGATAGGGAGAGTTGCCCCCAATAACCCGCTTGGATGCCAGACTACAGCAAGCACGATGGGTAACCCTAGCACATGCACCTCATCCCGTATGTGGTAACCGTGAGCCTACGGGCAAAACTTGACGGGTTGGACTTAAGTTTTCCGGTTAGTGGGATTCTACTTTGCCGCTGGGGAAGTTTTGCTATACACCGTGTTCGAAAGACCATCTGGTCTGCCCCGGTGCCCATTACGCAGAATTTCGGTTGATTTGACGGATTGCGTCCGGTTGCTATAATAGGCGTGGGCTCCCGTTGTGTCTACGGAGTTTTTTCGTCATTATCTTAGGTGCTGCCGCGTCTTCATAGAACTTCCGGGTCCTTACTTATCTTAACCGGATGGAATGAGTATTACTTGAAGTAGGAGCTGGTCACGGATCAAACCAGCACAATGTAACAAGCTACCCGGAAAGACAAGCTCATAAGCGGCGAAAAATACCATACATGGGTACGCAAACAATAGAAGGGACGACTTATCAATCTGTAGAAACAGGGATAATGGACGTTCACCGCGGATCGGAATCATATGTTCCGATAAGCTGGATGATCACGAAACCGTATTTGTAGCGCGTACGTATTGGAAGGTCAATTATCCCTAGCGTGTTTGATTTGACGTTGGAAAATGCGTTCCTCCGTACTCCACGTGAGGGTAGCGTCAACTCTCCGTAGAGCGGAAGGGGATGAGACCTTCAGATGGCGTGTTCTTACGAGCCGACATCGGCTCAGCCGTCTTTTAGAATATCATTAACACGCGGGCCTGCTCCCTTACCGTATCTTCCCGAGAACCGATAACGATTTCGAGCGCAAACCAATTTCTATTATTCCCGACTCAGTCTCCACGTGTCGTTTTAAATTCCAGGCGTGGCTCTAGGGCGCCCCTTCAGGCCGATAAGAACCAAGACAGTCTTACTTGACGAAAAACATGTTAAGCCAACTTCCGACATT,1551,49.84,Saccharomyces cerevisiae
SEQ_235221,CTTACGTCTGGCTCAAGTAAGATGTGCTGGCTGTCCCAAATCACAAGTCAGGGGGGCCATCTTCCAGGCGTAGGAGCTTGAGGGACAACTTCATTGACCATGCTGTTGGTCATTGACACTTTTAGAAGATGCATACGCGGCTAGGTTGGAATGACTCTGTTTGAATTTTGCCCCGAGATACTCATACCTCGCTCCGCTAGGGACTAGCAGGCGTGTCGAAAGGATGGGTACTTAGGTTATCCACGACGCCGCTACATTCGTGAATCTGTAGTGATCCCCCCTTTTGCTTAACACATGATTACTACCCCTACAACAGCCTAGTAGGCCAAACACTTTCTTGCAACGAGCAACCAACGCTTAGGTCATAGACAGAAGGTAGAGTATTATGATTTACCCTTCCGGTTCTAACAGTATTATGACGACAGTAATGTTCTGCAGTGAACAGGGCGCGTAGCACGCCACTCGTTCGGTCCTTCATTCGTCGAGAGAGCTGATCTAGGATCCTCTGCTTGCGATCGCTACCCCCGTAGAGAATTGGACGTCTAGCGCCCAAATATCACTATCCGAGGTTAGACCTC,578,49.48,Mus musculus
SEQ_273860,CCGAAATCGCGACGAAGACGCGCCTCAGCTATTACTGAATTGCCGGAAGGTAAACTATGTACATGTGTCCCGCGGATCGACTTTCGGGACTCGGTTGTCTCAGAGGTCGACATATCTCACGGGTATCGCAGATTACGAATCATGTAATGTAGACAGAGTATTAGCCCGCCTAGCCAGTTGTCACATAACTGGTACCAAGACGCTCCGTTCTAAGCGGTAATGATGGATAGGCGAAAAATAGAGACTACATGGATTCTCATCACGAGCAAGCATTGACATGTGGCATGGTCGGGTATCCTCTCCTACACAACCACATAACTACAAGGATGACACTGTGAACTGTGCGCTTACCAGGCATGATTTGGGTGTAGACCCAGGTATGGTAATGTGTCACCGCGCAAAGCTTACGCCTTGTATTTGGAGTGGGGGGCACCTTAGCCGGTGAGACCGAACTATCCCCTATTAGGGCCTGGCGGGGCGTGCCCGTGATAATATCAGGGCTAGCCAGCGCCACTGGGGGGCGTGGCCCCCCGTCAATTGTGGTGACGGCCGGGCACAGATTTGGCGTGGACCCTATCGGGGGGTCGTCCTCCATCTCATGTCAGGTGCATAGCACCGAGTCCGACTCACTGTTTCTGACTGCACGTGACCGAATTTCAAGTCCGGACAGTACGCGACTTAAATTCGTAAGCGCGTTATGAACCCATGCAGGGCCGTATTCTAACCATTCGTCGACGCCAGAGGCAACAGTTCGCGAAATCAGTACCGTGTAAACCTTACTGGGGAAAGATTTTTCACACTAAGTGGGTTGAATTTACGTCAGAGGTCATTATCCGTAGCGGGAACTGGTACATTGGATCAAAATAGACGAGGACCTCGCGCTTTATTATTGCCTTAACGAGCCCTAAAAGGCAGAGCCGCGCAGTACAATATCGCAGCTCGGTCCCTCGGTACGTGTACCCCGTTAAGGCTATATCCCAGATGTATGGAATGTAACACTGCCCTCCCCCATCACTAGAACAGTCTAATTCCTCCTCTGTAACTGTAGATACTACACTCTCCCAATGCTGCTTGGGCAGTGCGTCCCCTGTTTTTGGGGACGTGCAGTCATGTCGAGGTAATCGTTTAGGCAGTCGTTACCACGAACGATTGCCACTAGTATGAGCTGATGTGGACGCTCCCTGTAGTGTGCATCAGGCGTGGGACGGTGGATGCTAGGGCCTTCTGTAGGTATAAGAGGAGGGACGCCGGCGTTCGAAAGGAGCATGGTTACTGGGCCTCATTATTAGGAGCTCGAGCCTTTTCCAGCTTACGCAACATAAAGAGTTATCAAGTCATAAAATGGGAGGTAAATTACACGCCGCTGGGCCCTGCTGGTTAGGATAGTATTTAAAAACACAACTGGATCCCATGTTGGGGGTACTGACTCAAGATGTGCTTCTGGTGATTCATCAGGGCCCTCCAACTAAGACGACTGCTGAAAGGGCAGACCGAAAAGTGACCCAGTGAAATGCATCTGATTCACAGCAGTAATCCAACCCGGCTTGAAAAAACCAGCTCAGCGTGCCTTTGAGCGTTTATTCTAATCCGTCTTAAGGTGTCCCGA,1606,51.12,Saccharomyces cerevisiae
SEQ_814570,GGAGTTCAAGCATGCTACCGCATAATACAAGGCAAAGCTTCAGAGCGGCTGGTGTCCAAACTACTAAAACTGAAGATTCGTGTA,84,45.24,Mus musculus
SEQ_155907,GCCCCATTGGCGACACGCGCACTACTAAGTTCCACAGTCCTCGGCTACAACCTTCTAACTCGGTGGTATCGGAAGACGTGGATGTTTGGTGGCGCGGCCTTCATACCATAGTATTGCTCGGAGCTTCGCTCTTCAGTAATGTCACAATATATCACTGCACAAATTAGGTCCAGTAACTACACCCCACGGTTAGGTTCGAGCCCTCATTACAGGCCAATTGCCCGATTTGTTTTTCATGGCGGCCGATACGTCGGTACCTATGGTACATATGACACTCCTAGGTTGCTCCTCCTGTCGCTACCCTGGACTCCGTGGTTTTGTAACGGGAAGTAGGTATGCCTAGAAATTTGGACCACTATCAATTAAAGTCCTCAGCCCGCTGGATTAACCCGGTAGAAGTCAAATGATCAGGACGAAATTAGAGTCCGACCCTGTTGTTTTTATTGCGTACAGGTCGGGAATAATAGCTTCTTCCCATTGGCCATTTACAGTACCCGCCGGGTCTTCGGGTAGTGTCTGGCTTGCGGCTCCCGAACCCTCGAGGAACTAGGAGCAGCTCACCTCAAAACCCCGCTGCGTGGATCCACGCACACAACTGACAGTGCATTGCAATAGGGAATCTTTTAACCGAGGATTTGAAGCCTCGTCAGCCGGTTGTCCTAATTCTACATATGCCCTATTAAAGTGAATTGACCTTTGCTCCTAATATCATGAAGAACCCGGGGTCAGGCGGGTGCATGTGACGGTGCCTCCCAGATAACAAGTTGTGTTTGGCGTGAAAAGGCATTTTCGAATCTACCAGGAGTAGCTAGGGCAAAAGAAAGACTCCACAACTGCAGCCGAAATTAGAGACGAGAAGGCCTCAAATTAACAATGTGTCTTAAGACTCACTAGAGTGTAATATTAAGACTACTTTCATTAATTAAAGAAGCAAAGACGACCCTGCTGAACTTCTAAGGTTTCTACGTACTCTGTAGTGAACACATCCCGATTAGGTGGGACCAGAGAAATGAGCTAAGAAGAAACATGGACCGAGTGCCGGAAATCGCCAGACTAGATGTCAGCCAGGCCCGCATTCGATTATCAGCAACGCGGCGTGCTGAGGAGCTCTCCTGGGGGTTATTTAACACCGCAGTTACCTGGCATCGCTGGTTCTTGCCAAACGGGTACACGGAGTGGCGGCGGATCTGGTTGCATCATGCCGATAGCCAGAATTATGGGGTTATCGTAAAAACCTTGGGGTCCACATGCTCAATTGTTTATCGTACAGGACCAGAGTGCGGCCGCGTCCATGCAGGGGACTACGGCGACGTAAGGTCACCCCCCCCTAATCGAGTTTGGAAGTACTCGAAACGCCAGAAGGGCGTTAGGGAGACCGTCCGCTTGGGTTACTTAACATTGTTACTTGTAAATCACACTGATCGCGCGCTCTCCATGCTTCAAAACCACTCGTGGGCGGGATTGGACTGGTCATGAATAGGATATCTAACACAGTCGAGTTGTACCGCTAGGATATCATCTCGACTGCATGGCAGTGCTTCAAGACATCACGCAACTATGGCACCATCAACACTGGCGACGTAGACTAGTTCATTTATC,1599,49.66,Drosophila melanogaster
SEQ_336245,TATTTGAAAAAGGTAGAGAGTGCGCTCAAACGGCCTTGTACGAGAAGGCGCGTTATGCTTACGGGTTTCCTCTCCTCGATCAGCGCACGGTTAGTGCCAAACTGTTATCCTACTTGCGCGACGCCTTTACGCTCACGTAAATGAAGAGGAGCAACCGTTGAGCCTGGAGTGCGCGTATCAAACGAGAATCTCAGGATAAGGGGGCGAGGCGGTGCAAGGTTTGTACCATTTCTGCCCTGGGTAGCCTACCAATCCCACGCATCGAGTATGGTCTGGCCGTTTTTGTTGCTCCCGCATCCGAGCGGGGTTAAGATGCTCGGTGAGTGGCCGAACGATGCCGCCCTGGTAGGCTTTCCTGGTGTTTATTAGTACGTCCGGGGACATGTAACTTCATTGCAATACTAGGTCGAGGACGATGGCTACGACTAGCTCTAATCGTCCAGATCAACAAGGGGCGTTACCCGACGGCTTGACTTTAAGATAACCCAATTGCGCTACTCCAACGTCAATAAGCAAGTACCCACTAGGTCTAAGAAAATAGTACGGGATTGCACTGTGGTCATAGGATCCGTGAATAAAGAAATAGCTGGCACTGGGTACTACCTCGATACGATTTAGGACATTGAGAACTAAATATCTACCGCCCTTCTTGTGTAGGATACGTACATGAGAGGAACATTCAGCTAACCTTGTCAACCAAACGGGGGACGTAGTTTACAGAAGGGATAGCAGGTGGCATGTGTCGAATAAATTGCAACCTGCATCACATCTGTGTACTCGAAACGCTTCCGCGCCACCGACGAACCTCGTACCACCTGAACGATCGAGCCGGCAAGGGCGGGGGCAGCTACGTTTGTGGGACAACACTCTACCCCGTGGTAGAACGCTAGCCCTGAGCCATCCATCTCGGTGACATTTTTAACATGCACCGCTCACGACGAAACTTAATGATCTGTACAGTTGTCAAAGGGCC,973,50.98,Mus musculus
SEQ_735049,ATCTCGGGCGAATATTCAAACAATTCTTATAAATCTTAAAATAGATAGACGTCCAACCTCCCTCTGAGAGAGACTACCAAGGGCTCACTTGAGGAACTCCCAAATAACAGATGAACCGTACTAAATTGATCTTCCTAGCAACGAAGGTGGTTGGTCTGGATAGCCTTCCAATTGTGAATAAAAATAAGGCCACAGTAAGCACGGATGCGGACCTCCGAATGACCCCATTCGTCGAGGATCCGAAAGTGTTCTCCTTAATGTTCAAATTCAAGTGAGTCTTACGGGATGTGGCTGTAGCTAACAAACGCGGACAGCTACGGATTCGGGCGTGGCAACATATCATACTGCCGCTGGAACAGTTCCATGCATGTATGGGTACCGAGATTTGGACCTGTGCATATGTAGGTGATCTGACTGAGACTAACTACCTAAATAAAAGGATACTGATCAGACATGCGAGCGCACCTATACTGCCTGACTTATGCTATAGGAAGTGCAACGCCTGAAGTTCCCAACAGTTGCGGGGCGCGTTGCTGAAATTTCACAACTCCCCATATAACGGTCGAGGGTATGGTCCTCTAGCTGCGTCCCAACCCAGTATCGTCGGCCGACAGGTACCAATGTACACCTTAGCTTTCAGTAGTCGGCAGTGGCCGAGAGCTGGGAAGAGGCCGAGTAAATGAGAAAAAGGCCTGTTTAGAGCTAGTATTACGTGATCACCGCGCACTTAGTGATGACGCCCCAGACTTGTTCAAATCATGAACGTCTCCAATATTTTCAGGCTACCGACGCTCTAGTTGTTTTGAATTTGGAATAATGGCTTTCAAGTAGACCGGACCCCGACTCAGCTCTTGACGTTGAGTCTTCTGCCGCAATAATTTTATGCGTTGTATATACATGTTTTTCTTCAGTCCACGTGATGAGATGAAACCAGAAACCTTTATGACCTAATATGTTGGCTGACGGTAGAGAGTCCATACACAGAACCGGCCAGTAATCTCGTGGACGTGGGCTTTTAGCTTTAGGACTCTCTAAAGTTGCTTCCTGGCAGAAAGACCATTTGCGCAGTATCACACCAAGGGAGCATGTCTTATCTCGTTTTCTAGGTAGAGGCGTGTGTGTATCGTCGGCTAGTATGAGCGGATGACACATGACAATGTTAATGGTTCGTACCAGCTCGCGACACGGAATAGGGCGTACCTCAATTCAATTAGAGTTCGTCATGGTATAGTTACGGGCATGAGGGCCACATTGAGTAAGAGGTTCTCTGTCGAACATTTTATAAGTTGACTCCTCTTTATTCTTCTATTGACCGTTCTTTGACGCACGTTCCTATTCCATTGTCCGCGACACTTCCGCTCACAGGCTCGTCTATCTTGGCAGCGGTATTGTGAGCAAAAAGTCGTAATCTGCACCGAGGATGACGAATTTTGTTTCATGGAAAGCTAAGAAAACGGTGACGCAGCAAGTAAGCTAAAGTCCTCCACCCAGTGTTCACTTGTGAAAGTCCCCAATATAGGTGCGTCGCAACACCCGTTGGGACATGGTTTGCATGCGTATATTAACTTTTTCTATTAGCTTTCAGGAGCAGCCTGCCTACCTCAAGCATCCTCCACCTGCTCGGATACGTTAGGAAAGAGTTGACCGCCGTTAAA,1655,46.71,Saccharomyces cerevisiae
SEQ_677893,ATGCACCCTTGTCCTCGGCCGGGCGCACATTCTCGGACTCAGAAATAGTTCATCGCGGACTCCAGTCACTGGTGGTAAGGTGTAAGTTGTTGAAGTTTCAAATCACTCAACCAAGGTTGTTTACAATATCTCGTCGCATGCGTGGCTCGTGGGCAATTGGATAATTTTCCTTCAAATGGCCCTGCGGAGTTGGCCATTCTGAATCAAGACCATCCAGTAATGAATGTGTTGCCAACTTGCAATCGCTATCCTGCCTGGTCCGGCAGCCGTGTTATAGTTAGCAACTATTCGAGGGAACCGGGGGCTCCAAATGATAGCTGCGGCGTCGGGGGTGATACTGCATCGTCCTTCCTACTTATGTTGGTGTGATTATACATTAATTTTGTGAGCTGTAGGCTCGCTCGCGGGGAGATCGGCCACTGCATCTAGTCCACAAGAGTAGTAAATGAGACCGTCTGCGGTCCCGGCGGAGGTAAGCATATCCAGGAGACGTGAGCCCGCCAAAGCGTCCGAAGAATTTCGTGACTTTCCGGCAACCTGCTTCATTTTGTGGCCTGGAGACATCTCCTTAACAATACGCCGCACATAGACTCGGCCTGGCACAGCGCTGCGCTACGCAACGGCTTCATATTTTGTTTCTGTCACTCGGATATGGTCACGTCGTTCACGACCCTTAAGGCCCTTTTTGTGGTTTGCACTTCTTAGAAGAATTGTGGTCTGCTCCTGATTGAACGATGGGAAAGGCATGATTTAACTCAAGTCGGAGATCGTCTTCGCTTCTATTTACCTGTGAAAAAGCTGTAATTATGGAACTGGCGCGTAGCTTATCGGTGTAAGTCGCAAGCGGCCGAGTGGGCCAGTCCGTTTAAGAAACCCTGGGACCGACCGGCAGTCATTAAGTTGTGGGAAGTGCACCATCTGAATATTCGTCTTGGAGGCGCCGTGGAGACGCTCTGTAGCAGCGACCCACCACGCGCAATCAAAACATGCTGAGTCGTGACGGAAACAGCAGGTGCCTTCCCCCACTTGGGCCATGAGCGACCGATGGGTCGTTCTGGACCAAGACTCGCGTCGAAGGCTTCAAACACCGTGGCGTCGTAAGCAATACCTATCGTAGAGAGGCGTCAGACTCGTGTGCGTCGTGACACTTGCTTCATATAAATGTTGTTTGGCTGCCCATTCACACCTTCTATGTGTCCCGATAACGCGACTTGATGTGGGAGATAGGATTCGGGTGAGGGACAATGGTGTAGTGACCCTGATCAGCAGACAAGAGTTCACATTAGTATCGAACGCCTTACACAGGCTGACATAACCATCAAGGACGTCTGGGAGTCCGGCGATGCCGCTGGTTTAATCGGGCACACAGATCCCAAAGATTTCTACAAGGGAGAAACCAGCAGCGGGGACTGACGTGATTAGTGTTCCGGTCGCCACGACATCCGGTTTGGTAACGTTTCGGGAAAAGACGACACGTAACCCCGTCACTTGCTCGAGGCCACAAAGGAATAGAACGGAGACAGAGGGGCCAGTGCTAGCGTCGCTGGTAGCTTCCAGACGCTAGGAAACGTGTCAAAGTAATGTCTGGCCGGGTGGTCACTAGGGACGCGTAGATAAGTATAAGGTCTCTTAGATTAGATACCGTGACACCTAAACTCCGTGGCTAAATAATGTAAGAGGATCAAACAGACCCAGGACCACCACCCCTGATTTATGAGCTTACGATTCGAGGACTTATTTTAACGGGTCCATCAGATTCCCACGCCAATCTAGCTGCAGGACTAGCAAGTGGAAATGTCGAGGTCTGTTTCAGTCAAGTAATCCTCGGGTAGAGTCCGCAAAACGAACAATGTAAAGAAGCCCTTACGTG,1870,51.18,Homo sapiens
SEQ_748446,CGCTACCCGGAGCGCCTCTCAGAGCAACCCGGCCGAGGATTGCCGAATAGTCGATCGAGACCCAGGTCCAGCGGAGTTTACCCAGCTGCGTTGCTTGATAGACAGCTGCCTCATTCTATAGCGCCTAACCAAGGGTCGCTGCGGATGTCCAGGCTGTACCCACTAGACCCACACTTAGAGTGCACGAAGCCAACTACGCTGGTCCCAGATCGCTAATAAGAGGCCTCACTGCCGCCCTCGATCCCGTAGCGATCCCTGAGCGTTCTCTGAAGTGTCACACGGCTTGATGGACAAGCGTGTGCGCAGGAATACTCGCGGGGAATTCACTCGTTGATCAACTACTAAGGTTAGTGCAAAGTCGCCTTTGGGGACCCAGAAATCACTGGGAATTCAATATTTTAACAAGACAAAACTAAGCTGCCCTGGGGGTTATAGATACACGGATCCGGGACGTGGATCTGTAATGTCAACGGTGACAGCGCCCAGTCCAGTCTCTGTTGTGCCTCTTCCGAGCTTAGTCGATTGGACCCGATTAGCAGTATGTCAGGTCGCTACACCTTGCCCCGCGTTAGCTCATTAGGGTGGCTCGGATAGAAGATGAACCTTACTTTGACATTGCACTACGGAGAAAAGTACGTCTCAGAAAGTGCTTACCTCTGCTCGCATCGTTTTTAGAGGAATTCCATAAGCTTGTACCTTGCACGCGAGTGCCAAAATAGTTCTCCAGAGCGGTCCTGCCAAGTTATACGACCGAACCATTAGCGATCACAAGAAAGTAATCCTACAGATGTTGCTTAGCATTGGTCCGTTAATAAACGAGCAGAAGTGGTTGAATCACATCCGCTCTCAGGCCCAACATCGTTAGTATGGTTAGATTCGCCCGAGCGGCAGGCTCTATCAATCCCCTTCCCAATCCGACACGGTATGGCGGTCTCGACTGTAGTCGAATGTTAGGGAACCGGGTATCGAACGGCGTCTTTCTGGGGAGACTGGGGCATTTCGATCCCGAACACGGTCCCTGGTCAATTACGATATGCCAACTGCCTGTGTAGCCCCCAAGCTGACAAATGAACGCGTTAGTTTACTCACGAGCGCGTCGGGAAGGTACGTCGTGATACATATATGGTAAGGTTGGCAGTTTCCACTTTACAGGTATTCTCCTGTAAGTTAGATTTAGTTAATCGTCAACGGGTTACCCTTGTGCCCCAGCCCGAACAGACGCGTACGGTTAGAGAGTCATACATTTACCATCCGTTCCGCCGTTTCCGTTTTATTAGTCGCGTTTCCTTCTTCATTCGCCTTAGGACGGGCATGAGTACGCTCTAGAAATCTTAATTAGGTTCCGCCTCCCCGGTATATGGACCAAAGGGTCAAATGTATTGAAGTGTAGTACTGGCGCGTACTATAGGCTAATGGAGGGCGTCTTCCATGCACGCGAGTTCAGATGACGCCAAGCATGCCAGTTTCGCTCCACGCCGGCTGAGGGGTAAACTCGCCCGAAACGTTAGACAACGCTGACGTGGGATCGATACCGTTAATCCCTGCACCGGTTGAGAAGCACTTGTACTTTCACGGCCGAGAAGAGACAAAACAACGATACGAACTAGTCACGCCACTCATG,1621,51.51,Homo sapiens
SEQ_787499,TATTGCCCGCCTACCGGGCTCTCTTCATCAGGATACTTGACACCAGGAGCTTGGTTCAAGAGCCAAACTAACAAGCTCGCACGCGGAAAGAACTCTTTCCCTGTGCCTCGATGGTCGATAGGCAATATTCTCGCCCACAGAGAGTGGAGCAAGTGGGTCAATCCTTGCAGGCAACCTTCTAAATGTTATAAAATCACCAAGTTGGGGCCGCCGGGGGGAACCGGGGAGGGCTAGATCCATCTCACCCCAGTTTTCAGGCTCGGGACCTATAACAGCGTCTTAAGTTGAAAGTAAGATTTCACTTAGGCGGAATTCAACGCGGTGTCTGACCAATGACCACGTATCACC,348,51.72,Saccharomyces cerevisiae
SEQ_773975,AATGGCAGACTTTACCCACTTCAGCCTGCGGGCAAATTAAGCCCCGATTAACAGTCACATTCTGGATTTCTATTACATGTTGGAGAGTTTCTCAGTTTTGATAAGCAATCCTCGCAGCGATAGTATCGTGTCATCGCACAGATCCCTGTGCGCTTAAGTCGCGCAGAGGTGAACAAACACTACAGTTTGATTCAGGGGCTTTATACCGCTCGGTCGATGGAAGTTTTAGCACTTCTGGGCGCTGCCTTGGTTTCTGTCAGTAGGTACCTGACGAGCCCCATCAACAACAAAGAGGCCAACACCTCTGAATACATAAGACGAGTGCGATACCAAACAGTCATAAATTAGAGGATTGACTTACCAATGTCTGTACGGACATGCGTTCATTAGACAGATCCATTGAGACACCTTCAAGGTGAACGTAAGAAAGGGAAAGCCTTGAAATCCCCCAATAAGTATGCCGACGGATGTCAGGATTAGTGTCTTGGTTCGTGTTTGACCTCACTATGACGAAACTGCAAACGTATGGCTAACTATCGCGTAGGCGTCTGTATGTCTTCCGCATCGTTTAGGCCGTCGAAAAGCTTCCCTATATCCATGAAGTAGTAGCGCTGATTAGCCGTAATTTCATCATTTAAGTCACTAGTGTGATAACGGCTGGGACAAGTAATCCTGACTAAACCCTAGGTTATATATGGTAGGTATCACCTTGTAGGAGAGGAAAGCCCAACGTGACCCTGCTAAAGCCGATGAAGCGTGGTCGTGTGGTGGCAACTCCCATGAATAAAACCCCACCATATATGTAAGCGCGCAAATGCACGTTTTCAGAAATCTGGCGCCTGAGCCCGGGAGAGTCTTGAATGAATCAAATAGGTGATCTCCGTCCTATTGTTATGTACCCTATCTTTGCCAGACACTCTCACGACACTTCGGAAAACCTATCGCTAACAGTTAAAGGGACCGATACTGACGGGAGCAGCCCCCCAGCCTAAAGAGTCAATTCGTTGGTACCGGACCCGTCTGTCTTGAATCAAGTTAGCTGGGACAGAGTAGTGGGGCTATAATGAACGCTCTTACTGGGTATTATAGATTCGCTAGCAGGTTCGGCTTCACATATGTTGGCAGGCCCCTTGTTTTACTTCCCGTCGGTAGGCGTGAACGTACGAGTATTCTCTCGGACCGAAGCAGCGGCGACGATTAGACTCACTTACAAAGATGCTTCTGACTCTTGGAAACACTATTATGAATTGGTACGTGAAATCACCGAATACCGACTAACATGACTTATGGGACACGGAAAACTACAAAGCGTTCGGAATTTTCTTCACGGAGAGCGTAAGTGTTGTGGGGACCGTTTCTAGTGGACGCCGATGCTTACCGACGGCATTTCATTCATTGATCGCGCTTGCAA,1411,47.13,Arabidopsis thaliana
SEQ_197384,TTAGGCATAATTCGCTCCGTCAACTTGCTCCCTTCTTCTCCTAAAGGGGGATCATTAATATCCTTCCCAAACAGCATCGTTAAGCAACTGTGAGGGACTCCACTATCCCACCAGAATAAGCTTCTTCGGCCCAGGGTGCCGGTTAGCCCGCGATTTAAGCTAAAATGACACCCGGAACCTCACCTTCCTGGTATAGAGCCGGCTATGCGGTCACCTAACGACCATATAAGATGGCTGCGTTGAATTATGTTCCATCGTGGAAGATTGGTGACCGGGAACGGGAAAATGGGGACCTAATAAAAGACCGCGGTAACTCCTCCCGTCTGAACTAAATATTACTCGCGGGATACCGTCCTAAAAGTATCGGTTCGAAAGACTTTATACGTCGTTACCTCGGTATCAAAAAGCGGTATTTAGGACACTCGCACGCTCTAGTGATTGAAAAGATGGGGTGTGTCCCATAGAACCAGCCGCAACGTTTACGCACCCCCACACCAACGCTTCAGGTAACAACCGATACTTTCGAATTCATTACGCTGGTGCCGCATCGTTGAGCGTCAGACGCCACTGAATAATAGGCCCGCACAGCGTCACACCCAAGGCGTAAATACCGCCGGTTCATGTCCAATAAGATCAGGGGGCCGGGTAGCAGCTTGGCAAAGAGGCCCGAGCAAACATGCACCATCTCGCGCGGATCCCCACTGCCTAGACGCTTCCATCAGTAGAGGGAGAAGCATGCCCGTTGTCGTTAATGTATCGCCATGGTAACAGTCGCACACGTGATATTCATATAATTTCTAACACGTGATTGATGGTCAATTCCAGCAGAAAAGTAACTGAGCTGCTGAGCTGCTAGTAATGGGCAGTCATCCGTTGCATAGAGCGGGTGTTGGCCCTCGTCCAGAATCCA,910,50.44,Homo sapiens
SEQ_109557,CGAGCAAACTGGCTGACGTCGCATCTACTAGCCGTTACTCTTCTTCAGGATACACTTTGGCCCTGACCGAGACCCTCAGAACGCCAAAATTAACAAAGTTTTGGTGGGCTGTACTGGCTTCTGACGTCTTAGGGTTCCTGCAACTCCGATACCTACCACGTCGCCGCCTTGAGGAGCCAAACGCTGTTAGGCTAGATACGCATCTGGCCCACAGCGAAACATTTCGGTCCGTTTTGGACTTACTTACCCCGGTGACAAAGGGACTCCATCTGATATAGGACCAGTTTTAAGATCCTAAATCTTAGGTTAGGGCCTTCAACCCGGGGCTAAGCAGCTAGCCGCGATTTGCTCCCCTCCAATTGGGGCGTTTGAGGCGGGAAGAACGGGTACCGCTCGTACATCAAAATCGCGAAGATTGAAGGAGCCAGATGCGGGCCTTAATGTCCCAGGTGACTGGACTGTACATCTAGTAAGAAAAAAGGCCGTACGAAGCAGACTATATTCTCATTCAGCGCATGGGGTTGCCGGAGAGTTGTCCGACACTCAACGGTCCGTCCTACCGCTGCCTCTAATATTGCGATATATGACTCAAGGCTGTAAGGATGTCGGGGCCTACCCAAGAAACTCACATGCTCGTGTGACCAATGGAACCGCCAGACATGGCTTGCGGGCCTGGGTTGCCTCCTATTTTAAGACCCAACACGGGAAATAGTCCCACTCCGGCTCCCGAATGATTCGTTTTAGCTCGTGGGAAAGAAGGTGACCTACCTCTCCGGATACTTCCAGAGATTCGGACTCTGCGATTTTAAACAGATAAAGGTTGTTTACTGCCAACAAGGCAACCTTGGCAGTCCATTAGTGGCTAAAAATTCCCCCAAACTTAAACGTCCGATTATATGAATCACGGTTGCACGAACGCCTAAAAGGTAGTCGTAGATCCCCCAGAAATATCGCTCCGTCAGTTG,965,50.78,Drosophila melanogaster
SEQ_384026,GAAGGTGAGATAGTTGCCAACCTGGAATACACGGCGATTACCATTGCCTGAGAACTTGTGTATCTCGGGTT,71,47.89,Drosophila melanogaster
SEQ_992846,ATTAACTGGGAGTAAGCAAGACCAACGTGGGGTACTGTATCTATACCAAGCTAGAGTGTTAGCAAGGGATCTACGTGTAAAGTGAGCTAGATACGAGCTCGCCAAGTCGTTTTTAATTAAATTACCCTAGATACAGTCACGACACGTCGCGAGAAACCACTACGACCGGCTCATGAAAAATTACTGGTCTCTTAGCAAACGTAGAGTCCCTTACGCGGGACTGGGCTTCGCGGGCTGCGGACGTATCGTCACAAACTGGGTTGTACTCCAGCGGCACTGCGCCCGTGGGCAGGTAGGCGTTGGACTTACTCTCCGGAAGGATTCCCATCACCCGGGGGAAAGTATGAGAAGCCTTGATTACTCTCTACGTACGAACATGTTTCTAGGGCGTCCGGCTCGCTACATGCGTTGAGCCGGCCAGAAGGGTGGTGAACATGTTGGGCTGCGTGCGGGGTTATGGCCTGCGGGGACGTCTGGCCTGGTTAATCATCGAATGCGTTCGCCACCTGCTCTTCAACATCTTGGGCCCAGGCGTCGCTGCCACCTATTTCGGTTAGATACGAAAGTTCGGTTTTGCCCTTTCGCTTCCTCTGGTACAGTTCAATACTGAACAGTGAAACTCTACTCTAACTATATGTGAGGACGGCAGCTATAATCGAAGGTCCGTATACGAGGACTTCGAAACCAAATTGCGATTGATGTTTTTGAGTAACTCGATGAAGAAGGGGGTACCACATGCCGCGCGTGTCAAGATAGGTAGAAGCAAAAAGACGCACACCAGGATATACAACCTGCGAACAGAACGTATCGATGTTAAATATCAGGGCGAACGGACAAAGCGGGTCAAACCCCTCCGTAGTTGGTTTATCCTCGGGGCGCGCTTTAAATGTTTGGGGAGCTACCAATGATACCGCTACCGACGAAACCGTGAAATTTAAGGTTGCTTAGTGACGCTCGCAGGGGCGTTGATAGCAAGATCAGACTGTAATTTGTGAATGCTATTCGTAAACCGAAGACTCAGATTTTTACGTTTGTTTACCAAAATCTATATGACTTCCAAGCCGGAAAGGAGCACCTTCTACACGTATAATGACTGTCGTCAAGGAGTGTCTCTACGATTCTGCTATCTCCGGAATAAATTAACCATTGTATTGTTCTGGGCGCGCAGAGTGCATTCGCAACTTTTTTGCCATTAGGGGCGACATAATGAGTAGCATTGCAGGTTTTGTTGGAATAGAGCTCGCGCCCTCGAAAAGATCGCTCACGCAGCCCTAGGCCTAGTATCAAAGCACATGTCTTCAAGGGCACTCTAATTCCTGAGATC,1324,49.09,Drosophila melanogaster
SEQ_345735,TTAGCCGTGCTCAAGTCTAAGGTATTTCCTGTACGTTAAGTATGACTTCTAAACAGAGGGCGTAAGGTCTTGGTTTGAACGGGACCTGCCGCATAGCCAACATATTCGCCGGGCCCTACTTAGAGACTGTGTGGAACCCGGGGGGTGATTGACACCGAAGCAGTATACCTGTAACTGTCCGCCTGGCCCTACCACCGATCCCTCGCATAACTGTTTGGCACTGGCAGCCCAAACCAATTCAAGGTTCTGGACTGGCACAAGGCTTGACTCTGGCCTCTGCAGTGGAATGGGTCGCCTAAACACTAGCTGCTAACACTTAGTACAGAACAATAGGGAATAAACTCTGATTGTTGGAATATTGCATCCTAAGGGGTAGACCCACACGTGGAGTGGCTGAACAGGCGCGGTGCTGGGTAATCGCAACTCCGGTTACATGCCGAAGGGCAACGCGTACTTCGACTTCACCAATTATGAAATACTAAAAGGGTCATACCGAACAGTACAGCAGCGATCAAGGCGATGTGGTCAGAAGCGGCCAATTACCCCGTTGCTCTAATGGGTTGATCATGGTTACCGCTCATCGGAAGCAACAGGCGAAAATCTGTCCTCTACTTAGAGGTAAAGGCACTTCGCTGGTTACTAGTGCGTCGATCGGGTAGCCAATATTCTTCTTATCGATATAAACACACCTATTGTTATAGTTATGTTTCTCCGTGTCAACTATCCTTAGCCCGGGGCACTTGTTAAATTGGAGCATATCATGAGATTGTACGCGCGACACATGTGTAAACATTAAAGAGGTGCTGACCGCCTGACGATCTTCGTTATTGCAATCGGACTGGACGGGGATAGAGAAGATGACGTTCGTACAAATAGCATGGAGTGGATAACCTTTCTCAATTTAAGTGACTTTATTATGGGTAGGGCAGTCAAAATTCGACGCCTCTCAATTGCCACGAAAAATATTGACGTTCTCTTACATATGTTGAACGAATAGCCTTGGAAACCGGGATCTTGCTACGACATTGAAAGATTCGCAAATTGGGGGGCCTGAGCCCTCTGTGCAAGCTCTGCCCACCGGGCATAGGACAGGAGAACGAAAGTTACCGATCGACACTCACTTTTTCATCCAATGTGCTGTGACTTCAGCAGCGAAAGTACAGATATCCGATGGAACGACGGAAGACGTTATGATCAATGGATTTTTCTTGTGTATAAGGGAGACTCAGTGCAACATAGTTAGGTCATTGCCGCGAGTCGTAGCGGCTCGAAGAAGGTTATATATGATCTATCTATGGGTGAGACTAATGCCGCCCTCAGTGCCCCAGCACTGCAAGCACCAAAGCGGGACAATGAGCCAGGCCCCCGTCATTTGATTTCACGAGATTCCTCTTATCCCTGGTGATCTTGCGATAATAAGGACATTAAACTTAAACCTCCGTGCATTTCCTGGTATGATTGGACATTAATGTGTGCGTCGACGCA,1485,47.88,Homo sapiens
SEQ_707172,GGAAGACAAAGGTCACCTCCCAGCAAGTAGTTCCACTTGACCGGTGTCCCCAAAACACCCAGTAAGGTGTAAGCTCGACTGATCATAGGAATAATCATTTCCGTCGGGTTCTGCATGCCCAACGATAATCAGGGATTTCAGTTCCAGTGACCACGGCACTTATCTGGGGATTCAGACATTATTTTTTCGTCGAAAGAAAGATCGATGGAAACCTGAGGAGGCGACGCGACCCTAAGCAGACATACATCCTGCGTGAGAATTCGTTCGGTTTGCTTGCCCATGCTGTTTTTGCAGAGGCACTCCCCAAGGACGTGCGATTACAGCCTAGCGGACCGATTACAGTTAAGCGCTACCCTGTCCCTTGGACCACGCTCTAGTGAGGTTTACGAATCAACGTCCTATCCTTATGTCCGACGTAACAAGGCCGAAATGACGAGGGACTCTTGTTACCGACACCTGGTGTAGACCATAAGATGATCTTCAAACCACCGCCGCAAATAGGCAAGCCTATCTATACAATCGCAGTCGCCTGCCTCCAAGGCCACGACTTAGATATAACTCAGAGGACATGGGCCGTTTCTCCTGACACGGTTGCGCGACACTACCCTCCCATAGCCGTTGCCCGCATCTCCCGGAGTGTTCTTGCGGAAGTACCGAACGCCGACGCCCTATTGTGAACAAGTGAAAGTTTATGATAGCTCCTATAGGCCTGCCGCTTTTAGCCTGTAAAAACCACATGGTAGTGTGCCTCGCGTCGTGCTGGCCTTATAGTATAGATGGTCGCTAAATGCTTGTCGCGTTCCAGCCGACGTTTCCGCCGACGAAGGCACGTAAGGCGACTTAATTGAGTGTATGTGGTTACGCTATGGATCCAAGCTTATGATGCTGCCGGGTACCTCCGCGATTCTCCTACAATGAATGTGTGGCATCTCGGCCATCTGTACGATGGTGCAGACAAGTCAGACCGGGGATACTGACTCAGGTCTCCTACCCGTTTAATCACTATCTCGGCGAGGGGGTCCACGTTCACGGCAACGGTCCACGTGGGTTCTTTTGTGCCCCCGCTGGGCCAATTAGTGATGCTGGATGACGTATCAGAATTTACTTAGGACCTTAAAGTAGCGTCAAAACAGGAACGATCACTTCCGCCTCTGTTTGGCTAATTTTATCAGGCTAGATGTAATCGTAGGGTCAGTTACATAGGTTCGGGTTACGAAGTTTCCAAGTAGAGACTAACCCCCCCTCTGTTTTTGTAGGGAGGCGATTGTACCAGCCCAGGGGGTAGCAGTAATCTAACTTCGGTCTGCAAATTAAGGAGTACTGCCCTAGAGTTTGGCCGATTTATCGGTCATTACTTTACCCGGGTACCCCCGATCGACACGTCTACGGGATCTCGTACGTGATCGCCTCGACTTCGAAAACCAGTGCGGGCAACCTGTTAGTTGCTCGTGCAGAGACGGCTAACCCCGGGGCGGTGTTGTTGTTACAACACCATGCTGTTCTTACCCGCTCTA,1514,51.32,Mus musculus
SEQ_786458,GGAGGTTTCTAGGCCTCCCCCACATTATCGACGACACAGTCACAGGATGATCCTCCAGGAGCCGTGATATAAGGTAGTGCTAGGGGCGTAGATATATCGGTCGCACGCTTGTATTTTATGCCTGATGCGTTTTCTACTCTTTACCGCCCTCCGTTGTTAATCGGCCACCCGAGAAGGGGTGCGGAACCTCTTTACCAGTAGACTAATTCCAGTCAACCCTCAGTCTTAATCGGCACAGGTCCCCCTCCGCGAGGGCATGGGGCTCTCTGTGGACGATGCACACTCGAGGGCTGAACTTTGATTTTCCCGTGAAACGAAATATGTCTACAGGATGGTTGTAGCTGCTTCGATAGACTCGACCAAACCTTGCCAGTTGGCAGGCCTTGATGTCTCCAGGTGATCACTGTGTACGGCCTCTAGTCATCGACGGTACCACTGGATGATCCTTTGTGGCCCGTATTTTATAGACGTCGACTGGTTAATCCAACTGGCCACTGAAGGTAAACACCTTATTAAGACCCCGTAAGATTCCTTAAAGTATCCAACCACTTCGCATAGTAATGAATGTCTACTCGTGAGTCGAGCTGAGGCGTGCGAGCTCGATTAATTGCGCATTTCCATCACAACTTCTATTACGTTCATTGCCCTCTCCCCCACTTGATCCTGAAGAACACATTGGCCCGCATTTGGATGTTGTCGATGACACCGTATAGACTCGAGCCAAGGGGTTCCTATAGTACTGGAAAGACTTCACTTATAACTTTTTTGATAAAACCTTATTTGCCTCACCGAGCTGGTTTCCATACAATATTGTGCCCGCTCGGTGTCGACCCCGCCTCGTTCGAACCCTTCTTCCAATGTCTAGCCTTTCCCTTCCTATTTTGGACCGCTGTCTGCGACATCTATCAGCACAGTTACGGCGCACACTGTTTGACTCAATTGGACGACTCCCTAAGCGCCGGCTGAAATTTTCTGATCATTGGGTACCAGCGTTTGAGGATCAATGAGGAGTCAAAGCCATAAACGTACTAAGATAAGTTATGTATGCCCCACTCTACGATCTTCGCGTCTGGAGCTACTGAACACTCAAATTAACTATGGCATTGCAAATGATGCTCAGTTACACCGCAGGCATCGCCTTGGTTGTGGAAATTAGAATCGAACATACCAAATTTTACGTAGCGTAAAAATCGTTTATTGCAGAGAATTCAATGGTAGAGATGGCTCTCGCCTGCATTGGTTACTCCCCCTCATATGCGTGAGCGGAGATGGGTAGATTGTAAGGACGAATTTTCGATTAAGCGATTTACGGAGCGCATGCAGACCATGTTGGTGCATTACGTGCCTCGGGCGGCGGGGAGACGAAAACGTCGTGTGGAGAAAACAACGTTAGCACGCCTATCCCTGCGGAGTACCTCGCTGAGTTGGGCGGGCACTGCGCCGTAGCGGGCCGTGGGAGACATACGGGGCGGCTTCATTTCAACAGTTTCATCAAGTACCTACTAGGTGACCAGAGGTTTCCAAAGTGAGTAGGTACGGCACCCGACGATTCCAGCATATCATGACAGATACGAGTCTACAGTATCACGCATGGTCGCTACTATCAGTTGAATCGCCTCTGACGCACCCCAGAACCAATTGCTGGCGTTAAGATTAATCGAAACATATAGGGGAGGCCTCAAGAGGAAGTTCTTCGAGATGCCTCCAATCAGTTGGCTTGAGGAAGACT,1729,49.33,Drosophila melanogaster
SEQ_176516,TGGCGTTCCTATCGCGTGTCCTAGAGTTCCTGATCCTTAGTTTGATTAGGTTTCGGATGTTCGCCCTGGCGACGGCTAGGATTCTCCAATGTACTCCGTGTTAACATCTGACGCACGCTAGCTCCAGTAATCATATATAATATTGTCTAAACCCCAGTGTTGGTCTCATCAGACAGGCCGTGTGCAAAAGTTTGAGGCTGAACGACTTGTAATTAAATCACAACCCGTGTGACTCTAGCATAGCAACCTTCCCTAATAGCCTGGAAAGGTCCCATACATGTCCGTAATCGAGCGGCCATGCGAGTGTTAGGAGGCATCTCGGCTATGGCCTGATGGCAGCTGAAGGACCACCTCGAAGACTTAGTGGTCCACCCAAAGCCGAATTTTCGTTCCGATTTCTTGGAGGGAAAGTCCGCGATTATAGTGGGTGACGTCTGGTTAAACCCCGTTACGATAATAGTACGGCGTTCTGGGATGCGGACATTCGACAGAGATCCTTGGT,502,49.4,Mus musculus
SEQ_126757,TTTGCGCGGGACTTGTTTGCGTGCTGGATCCCGTGCCATATTGTCTCCGACGTTACGTACAACTATCCATTTGATGAACCGTCCTAACAAACTGTCCAGTACACCGATCCCGGATATACACACAGAGCACTCGTCCCCGCTAGGGAGCCCTCACACCCCATGGGCGTGTCAATTATTTCTCGATTCTCCGTTGCGCACTAGACTTCCCGTTTGGTAAGTAGGCATTCTCATTTTGTGCGCCCGTTACACAAGCCCTGAGTATACCGAGGACTTCACATAAGGTTAATTCGTAAAGGCCCACTACGGGAACCAGTAAACGACTGTCCTCAGGTGGATAACTCACTTGGAAAGGTCCATTGCAGCATAGAACCTGTTGGATTGCCCGCTTCTTTAATACCGAGCGACCCGCAAACACTCTGCAAGCAGGAATGTGCAGAGGACGAGCACTGTGTCACGCAGGCCGGCAGAGATATTCGTGACAAGTGTTCCTTTAGTGAAAGCCCACTGAGTTAAAGATATTAGCGGAACTCACTGTCGAAACGGTTAGGATGTTGCAGTAGGAAGGTAGGCCGATCAGTGGGCGCACGCTTGGCAAACAGCTCGAGCCCGGAATTGAGAGTCACGTAGAGCCGGCACAGTAAGCAGGTTCGTCCGACGGGAACTCAAGGAGTCCTTAGTCTGACCATATAGAGCCACACATTTACAGAAGTCAGTCCGAGATTGCGCCTCGAAGCAGTTATGGCTAAACTTCGGAATGCCAGGTGGTAAGGCGAAGCGGACGGTTCTTTCGATGGCAACATGGCTATTTACGAAATCTATAGGGCATGGCAAGTAGGAAGGAAGGGACCAGTGCCGGCCCAGTAGTAGCTCAGATAGAAGTATCTAATAGGCTGCTCATTCTAACCCATAGCCGATGTTATGGCCATTCTGGGTGTGAGCGACGATTTTGGCGAATCGTTCGGACGCAAGACCCTTCCACGATAGGCATTTTAGGTGCATGACTTATTTCGGTGCCTCGATTGTATACTCATCAGTTTATTTTCTACCATGGCCTGCTCCTTTACGTCATAGGCTC,1075,50.42,Mus musculus
SEQ_117012,GTGTCACTGTGCTGTAGACCGACCCCCTGATCGTTTGGTATCTAAAATCCCAAACATTCCATGAATGTGCGCATTTCCCTCGCTGATTGGAGTGTCGGTGTCGGTTGTGGATAATAATGTGTTTGGAGGGTATACGGTGCATTTAAAATGGCAGAACAGGTGGGCCCGGCCTCATACGACCGTGAGACGATGCACTCCGTCTGCAAAAACCCGAACCCTCCCAGCCCGCTTCTTCCTATCGATTTGCTCTTACGGTGCTGATGACCGCAACCATATAAACATCACTGCTCTAATCAATCGTTACCATTAGGGACGCTTTTCTAATTAGCACCGCGCTTTTAGCAAGATTCTAATCTAAGTGGCGTGAATGTTCTCAGCTGGCCTGTCGCGCTGGTGTCCATTCGCAACTGTCGAGTGCTTCGCCGGCAGGCTATCGTAGTGCGATCCACATAACAACGACCTAACGCTGCGGCTTAGATGGGCCGGTTTTGCCTTTTAATGGTTGTATCCTTGAATCAGCTTGGCCCCAGGCCACAAGCACTTACCGGTTGCCCCTTATAGGGGCCGCAAGCGTAGGGCGGAGGTCCGGTACCCCGCAGCGTAACCTCTGGTAGATTGAACCTAAACTCTAGCCATCAGCTCAAAACCGGCGGGCACACGATCGAGGCCAATGACTGGATAAACCTTTATCGTCTATTTTGTATGTTTTAACTTATTTACTGTTAGTTCCCCCACCTCATAGGCATCTTAGCACGACTTTAATCTGGGAATGTGGAGAGCGTCTCAATTCGTCCAGTTTGTCCATGCACGTCTGTTCCGGTCTGCGGTATCAAAACCTCCGCATTCCTCATGTGAATATCTACGTTAACGCGACCATGTCTCACCAGCTACTGGCGTCGAAATTCGCGCGCAACATTCAGTTGTTCATATCGCGGTAGAGTCCCTTGAGGGCGCTAGGCTTTCATTATATGAATACCAGCAATCCTAATAGAGTTATTCTTCAGAACATTATGCAGATTGTCATATCTAATGCAATTTGCCTACATGGCATTGCGGTCGGCTTCGAACCACCCGTCAGGGTGTAGAACCATATAAGAGCCTCTCCTGCTCATTCCCCCCTAATTCATTCACGGTCCGGGGACGGTGTCGGAGACGAAAGGGCGTACTAGGCACAAAACGATGACGCTCGCTCGCTCTCAAGAACACCATGATGAGGATTTCAAACGGAGTCATAAGGGGTGTTTAAATATAGGTGAACGACTTCGCGGTTGCTTGCGAGCAGGCTAAAGGTGGTCGCTTGTCAGATTGCGAGTTAGCATTAGTACTTATGTCCTGAATGGGCTCTGTATTTCGCAATACCCGCCCGGGCATCGGACATTACTAGCCTCGCTCTTTAACCAGCGTGCTTTGACATTCCATGCAATTTGCTTTGATATCTGGTTAAACTTAGTATGAACCGCGCTAGCCCCCTGAAGTCAAACGGGCATGTAGTGCGTAGCTGGGGCTCGCTCATGGCCGAACTCGTCCGCACAT,1533,49.9,Caenorhabditis elegans
SEQ_715084,ACAATCGGCGGTCATAGGAGCATCAGTTCAATCTTGGATGCCCCTCCTCAGGTACTCTAGAAATAGACGCAGCTTGATACTGTCGCCCGCCTACAGACCTCTATCTACCTAACCCCTACGGCGTCAACAGAACATCGGGCACACACCGTTCCCCCCTCCTCTGCCCCGCGTACCTGTACACACGTGCTGTGCAAGCTGGCTCGGCTCACCGCAATCACAAAGCTCCCCGGGGAATCAAGTCAAACGCTGACGGCAATTGAATGCGTCTAACCTTTATCCTTGCAGACGTACTTGGGGTGCTCGTACGACGGAGCTATAAATATCGGTCAGAGGAGTCGCGCCATTTAAGTTGATTGTGAGGACTGATTGTGGACATCTCGCACGTATCGACATGGATTGTTCTCGTTCAACAGCGGGCATGCGTGGAATCTTGCGAGCTGAAGCG,445,53.71,Caenorhabditis elegans
SEQ_731175,TGATATTCTCGTAGAAGCTGTCGTTGGTGCGAGGTCCGATGCCGATTTGTGCATGCGTTACGCCGTCGACACCCGGGATCCGTACCCAAATCGACGGTGATGACCATCCTGAGAGGAATTAAATTTCGTATTCCAGCGCGAGGAGATCACGAGCTCTGTAACGGTTAGCATCAGCCCTTCCGGGACAGTGAGAGGAATACCCGTTCAGCTCGTGGGTACATCTTTTGGGAAGTTTTTTTCGGATCTTCGGTGCCAAGTCGACCATACAGGTGACGAGGCATTCATCATGAGTTAAGACCACTGGGCCCGCAATAGGAGAAGACGCTGGCCCCCCTCGCAATTGTGCACGGAACTCAGTCTCAGGCCTCAGGAAGGGGTACGTGCCACGTAGCTTGCTTTACCATCACACTTGTTGTCTATTGCGGGGGTTTACAGTCAA,439,52.85,Caenorhabditis elegans
SEQ_838136,TTTAAATGACCGCTGCGGCCCAAATGGTGGCATCCGTAGTTGCTGTATTTTACCAGTCTGAACTCTCGGCGGATTCTCCGCATTACAGACGTGCGTTACTGTCGTGCGATAGGGCGACTATGAAGGATAATACCACTCTCGCTAGAGCAAAACAGAAGTTTCAGACTCGAGGAAGTTAGCCCTCACGGAATTAATCAGCTTGGACGGCTGCAAGGCTCGTGGACTATTCCTTGGCTGAAGATCTGCGTAACCGACGCCTCGAAGGCTCACAGGGAAACCTGTGTAATTAATCGAAGTGAAAGCACGCCTTGTTTATTTTTCTGAACAAGCGAGCCCTCTTCAACCCGTGTACACCCCTGCCGGGATGTTACCCGTTGGGGTCACAAGTTCCTCGAATCAACACAAACATCCATCAGCCTGGTTTAGTCGGGTCGGGCATTGGACGTGGTTTGCTCACCCTCTCCGCGT,468,51.28,Escherichia coli
SEQ_469213,TATCTTCTACTCCGACTTATTATTTCCCCATGTTGGCTCGTCGCCATACTTGCTCCTAGTCTGTGCACAGCGAGTTAGGTGCACAGGGCCGTTCTTAGCTCTAACGCGTGTCACGGCTTACGTCACCAATATTGATGGCCACACGTATCGCTGAGACGAGTACTCTGAAGAGCTCATAAGTGAGCATAGGGGGTTGCGATCAAAT,205,49.76,Arabidopsis thaliana
SEQ_763229,AGTCCCTCATGCACTTCATTTTATACAACTACTAGCACTGACCCTCCTGAACTAACTTTAATTCAGTCACTCAACCATCACGACGTGATTCCGTGAATCTTCCGCTGTCCATTCACGAATTGACTTCCTCTACGTGTCCGTTCGATTTCTCTACTGGACACCGCCACATGACCTTTCGCATATCTCGTGGATCTCTTTGACCCCCGTGGATCGAATGAATAGTACAACGAGGCACAGTTCAAGCATACCGCAATCGGATTGAATGTACCTGATTGGCTACTCCTTCGATTAGTAAAAAGGGAGCTCCACTTTGTTTATCGTCGGGGGTTAACTGTACAGGACGTGCCCCCGAAGCTTCGACCACTTTGAAGCGACGATTTCTGATACAATTCTACTTAGGACGGGCTCATAAGCTTAGTATGGACATGCGAGTAGACGGTTCACTAGACTGCGGGTCTGGGGCTAAAATAAGGCCGGGTACCGGAGTGCATCATAATTATTTGCCCACCCAAACCCTATTCTCCGCGTGTCGACGGCACTGCTGTTATTTCATAGACCGGATTTGGACTGATCGTTTCTTTACCGTCCCTGGATTATGAATTGATCGTATCTGAACTCGAACTCAAATGTCTTCCTCAGGAAAACCTCATTGGTGCGGCAAGTATGGACGGAGAGAGTGCGGGAATTTGTTCGACGTTGAGCTCTTGGCACTCCGAACGCTCTCCAACACAAAATACCTCCTATCGACAGGACACTCTCCCGTTCGACCCCCCGAGGGGAGACTATGCGCCATAATGCAACGTTCGGCAACCGAGGGGACTATACGAGTCATAGCGCATTCAAAGAGAAAACAACTGGTCTTTTCAATTGTTAAATTCTTGCCGTGCTGATCAGAACTCATCCCACGCTCAACATATTAAGGGCGATTCGGCGATCGTGCCGTTAATCATTTATGAGGCGCCGAGGCAC,969,48.4,Caenorhabditis elegans
SEQ_891236,GTGTATTAACCTTGCCAGATTGATAGCGATAGAGAGGAGAGTCAAACGCGGGAATTGTTGTAATGATGCGACCTTATACCAAACCCGGATCATAAATACAACCGGGTCCTTTGTTGCTTTTTCGATTCTTAGAGAAAAATGCAACGGAGTAGAGGACCTTTTGTACGCGTGCGGCATATAGAAGTAGCCCTAAAAGGCCTCAGCTGCCCGCAGTGGTGTTGTAAAACGACCAGCTACCTACGGCGACGTGGACTATGAGCCAATCCGTGAGGTTTCTTTAGAGGACATCGCTCGGGAGTGACGCCCATTTAGACTATATGCGGAGTAGCCATTGGATACGTTTGCGCTTTTGTCTGGTTATGTTCAAACCCGACGTCATGGGGGGCGAGTATTAGTAGTAGATTGCGCTTCCCCATGCAGCTTCGAACTGCCGCAGTATATGCCTAGAGCTATAATTCAATCGAGCTTGTAGGACTGCACCTGTCGGTAACAACACTGGTTGTGCTTAGTGTGTTATGAACCTCACCTGGCTATTGGCTACTTTCTGCCCAGCACGCGCACCTCGGCCCGTAGTGTATGTCTAGACGCCAGATAAAATACTTAGTCGGAATCATATCACCTCAGAGCATTAGCTTTTGCGGTGGGGGGTCGCCTTTCCAATCGAGAGATAGTCGGAGGACCAGTTTACTCGATAAGGGATGGAGGGCTCAAATCT,715,48.81,Mus musculus
SEQ_332654,AGGGCGCTGGACCTTCAGGAGACACGTGCCCTCTCATTTACTTCCGTAATCTGAGAAAGAGGCCCCCTTGGACAATATACGTCGGCGACATGTAGTCGGGGTCCGTCCATCAAACTCAGATGATCTGATCACGGCCCTGTTTTTCTACAAGCCACTCTGGAACCAGGCTTTGACGCCTGACTTTAAGCGAAATTAGAGAAGCATCGAACCGAAGTGGTATATACTTAATGGACTTATTGTGGCGGACGGGGTTTGCTCCTTCCGTCCCTCCTATTCACCACGACGGCCAGGAGTGAGTAATGTCATTTATAAGAAGGGTCCACGAGCTCCTGCACGTTGCGTAACGTATTCTTTCCATCATGGTTTGCGCGTGGGGAGAAACGCGTTCCGCATCTCACCAGCCCCGCCCATGGCTGGCGACCAGCTCACCTAGGGCTCTCCTACCGATGGGACGGCGTACACTGTGAACAATCGATCCCTCAATTAAGCTAAGCCTCGCGTCAACCGCAGTCCCAGTATGTCGCAATTCGCGCGCAGCGTCCCAAATATGGTCGACTGCTTGAGGACTCCGGCTGCCAAGGTCTACGTGCATAGAAGGACTGACTCCAACCATAGTGTGAACTGTCTACGCACTGCGCCGTCGAGAATCGTCCATTTTCGTTGCACTAAAGGGGTCGATAATTGCGAGAGTCCAAGTTCAAAGCGGTCGTTCCGCGGGAGCCGCGAAAAGTGGTCATAGTGAAGGGAGTATCAAGTGAGCAGCTCTCGGGGTCATCA,777,53.54,Arabidopsis thaliana
SEQ_572168,TAAGCTCTGCCGAGGCTCGGCAAGACTGGATGTCTAAACGCGATATTACTTGCAGTAAACGAAAGATAAATGTAGCAGCCGGCAGAGTAACTGTGCCCCTTGTTTCAGACCCCCGGGCCGACGGTCGGGTTCGCTCAAAGTGTTTCTTTCGCGGGTGCTTGAATGATAAGTTGTGCAACTGGAGACCTGATTTTTATGTTTCAAACGGAACGTAGAGCCGGGCGCGTATTACCCCACGCGCGGTCGACTTTCAACAAGAGGCATAGCTTTGGTTTGGAGGACTCGTGCTAGGAGCAGCTGGACAAGTCCGATAAGGAAGTATATGTGCGAAACCCTCAACGCAGGTCAGGCGCGGGTAAGTAGCGAGTTCCAGCTAAAGCCTTTTTCTTAACGCTTCGACAAGCCTATGAACCCGAAATGTGCAACATGGTGTGCATATCAGTCGTCGGACTCTAGGCTGAGGTCAAAGATCTCGATGAGGCGGACCGTATAGTTAATTCAGGGGAACCAACCCGCTTGAGCACAAAAGCATGTACCCACTGGGCAAGGGTATTTCACTTGCACCGGTCCCTTACCATGTACTAATGAGCTGGGCGTCTTAGTCATTACCTTTAAATAAAAAAAAACATGGGCAGCCACGGCTATTACGTTACAGCTTGTCCATGAGGAGTTGTCCGCAGGCTCTTTACTGGTTCCAGCCGTTCTTCCGCGCGGGCAACGCGGCAGTGGGATGGTTCGGGACGCCTCCCTCATACTTAAAGCTGGGAGCGGTGATGTCTAGACTGAGGGGCAAAACGCTACGAACCGCCAGGTATATCTGGAATCATCGTCGACA,835,51.5,Arabidopsis thaliana
SEQ_450465,CATCTCAGCTTATAATGTCAACCAATATAGGACAATAATGCACTTAGAGATTTCCATGATCACCATCCGAGCGAATATTCCTTGCGAAAATGGTACGAGATAATGTCGCAGATATGCTTGTGCAACCAATATCAGAGAGCGACAGGCGTTATAGACCTTTTGCGTTCTAGGTTATTGTTGCTACTTTCCGATCACAGAATATGACCTTTAAGCGCAACACGTATATTGCAGATAGAAAGGACTTTACCTGAAGGAACATTTAGCAACATGTTCCTGTGACCAGTGACCCCATACAGATGCAAGTACTACTATTATTCTCCAACTCTGATCAGTGCGGCCTTCCATACGTTATCGTGACCCCTGGTTCCCAATCTTCGTCTCGACCCCGCTCCTCGTGGCTTAAGTAATTTGGGGTCGCGAAGTTTCTCCTCCTATTCATTAGTTGTCAGATCCTGGTAAAAACGCCGAATAGACACGGCAAGCTTCGGCCTTTTCACCTCTAGTTGAGGTCATAGGGGTGTGTTTTAACATGCAACAGTATACGAGTCGCTAGAGCACGAAGCACGGTTGGGGCTGGCACCGAAACGTATCTATCCGTGTATATCCTGAGACT,613,45.19,Caenorhabditis elegans
SEQ_331159,CACGATATACGATGGATCGACCGCAAATCGCATGCTGAGACCCCACGGTCGGAAAAGGTTAGCGGTGATCTGACTACGTTCGGCCCCTCTCGGATAAATGGCAAATTACCACACATTAGCATGGTTACTACTAGCTTCTCCAACGCTGAATCCAGGGCTAGCATCGGCGCAAAGGGTCGTCGTAAAAGCATAGGCATTCTTTGCCTCAAGCAGCGGTGAGAAGGAGGATTGTGGTGGGGAGATGCCCAAAAGTTGTCAGTGAGAACAAGCTAACACCAAAAACAGTCGTGAATTTGCCGAGAAAATGAGCTACTCATAAGGTAGGTTCTTACTATCGGTCTATATGGGAAAGGAAACGTCAAGTCCCTCGAGTCTCGACTTAACGTGTGCGTACTTCACGAGCGTCTGACTGCTGCTCCAAACCGGCGGATACCTTTGCTCACCCAGCTAGAGTGTAACCGCCAGATATCACAGGGCGATCACCCTCACTAATACATCAGATGTTGCGGCAATATATAAGAATTTTTTAATGGCAACTCCTGTCATTAGCCACTGTCGTCACGCACCATATAGATGGACGCAGGGCATCGGCTGAGAATTGTAACTTTAGACCATGGATCTGAGCTACTTCATGGGAAAGGTTTAGTCTTATGAACTCTGGTCGACAGTGAAATATCCATATAGGGTTACCTGTGTGAGTTGGCCGCCGGTGTATGTCGGAGGTGACTACGTAGATGATTGTTCTGGGAGGACGAACTGTGTCGCATCGTCGCAGGTCAAACATGGGTCTGAGGGCGCAACTCGATTGTCTGATTCAACCTATCAGCCCAAGGCGAACTGAGAATGCCCTACCGTACCCTCAACCTGAATTTGGACGTGTATAATCGTCTTGGCGCATGAAGTTATTGCGAGAACATTGGTCGCGGCCGTGAAGACCTCATGGAACTTGTAGGATAGGAATTAAGCGTCTCGCGTGTGAGCATAACGAAATTATCGTGCGCTGATGCCGGACGTATCAGTGGATCCATCCCCATCCATTGGTTTAGCGGGTCAGCATGTACCCGAACGCCTATAGGCGGTGTCCCCGGGTGCGCGGGATCGGGGGGGTTATTTGCGACATTTACAGTCGACAGCGAGCCCTGCTGGCAAGCTCCGCGCAGCTCCAAGGACTGGAAGCGGATTGCCGACAAAGATAGGTAGACTTTCTAACACCGGATACAAATGCCCATCAGTAAGATTACAGAGAATGGATATTTCTATATGCCCGGCACGGGTTCTACCCCATCTCACCCCTCTATCGGGTGTGAGCAGTGAGGACGGGCGCATTGCGTGGCGAAGTCGCCCAACTTGGCTAGGCTGTAGGTTTACGAATAGATATCTATGTAGATGACGCGGCCCGTAGATCAGGATGGAGCACGCTGCTTAAGGGGCCGGGCTCTGGGTTAAAAATTTTATATCCACGAGAAACCAAGAACAGAGTATCTTAGACTCATGGCAAGCTCTCCTGGATTGAACTCGCGCCGGAAAAGTTTAATATAAAACCCTCTCACTGATAGTTGAAAGATGAATATTGTACTAGAAATAGCTGCTATAAGATGCGCAATATCTGACCAGCCATGCTGTGCCTCGTCTCTATTGGTTGTATCTCAACTCCGGCGATCCTATGCAAATTGCCGCGTATACGCCCTGGAATATCCTCTATTCCCTCAACCCGGACGCGAACGGACCCCTTGACTGTGCAGTCGGAAAGTAAACTTGACTCTTTTCGTAAGGTCTTATTTCAAAGATAGCGTTCAACGAATTCACATTAACCGGACCGATCCATTACGCAAGGTGCGCGGATGTTGTTATCTCCCC,1857,49.6,Caenorhabditis elegans
SEQ_912837,CAAAAGTTAATGACGTCCCCAGCCCTGTCTTTTGGGTCCACTGTTGATAGCTGAGCTCTACAGTAGACATACGGCGAAGGGAAGTTGCAAGGCTGGGGCAAAGCGAGTAGACAACCCACTTGAGCGCTTCGCGGCTCCACGAACGTGATACGACCAAAGCCAGATTTCTGACTTATCGCAGCAATGCCTATCTCATTGTGTCCTGATGGATTAGCATCTCATCGCTTGTGAAGCTGTTCCTAGTACTATCCCAGGAGGGGTTCAGCCAATTGTTAATGTTATCCTGTCGATCAAGGATCAGGCATATCTCGTTGAGATCTATAAACAGAAAAACGGGAAGACCGACTAGGACGAGAGGCTGCGTTCCCCTCCCAAGAGCGCATTCCCGTGCCCTGGTGGGCCATCGCGGAGTCTTACGACGTACGCTTGTGACTGGATAGACGAGACACCCCGGATCTAAGCGGCTCGGCATTCCAATGCCTTGTCTAGAGAATATGACATTGGTATAGCCAGATGTCCAACTTTCGAAGGAGGTTGGGCTCAATACTGCGGCGAGAAGGAACTTTTCCAAGAAACATTCCAACGGAACGGTTATTCCTCGTAAGCTGGCACGTCCATTCCCACGCAATGACATACCGTAATCTCGACCTTATTCATGTATCTAACTAGTAGGTACCAACTGGTAAAGGAAGGCACTTGAGGACGCGAAATGCACTACCTGGTTTTGGCCATGGGATCAATGTTCGTATACGTAAGACGCAGTTGTATGCGTCTTAGTCCCTTCTTGACACAGTGTAGTTCTTTAGTTCCCAGTTAACTGGTCAGCTTTGCTCTGCACGAAAATCTACAAGGGCTATTCAAACTCGGAGGTCAATTCTGTTAAATGCAAAGCCCGTATATCCGTTTTACTGACACGGTAGATCGTATCCTTCAACACGGCAGACTTACGCACGCGGGGTGAAGGCAGCGCGAGACCACTGAGGATTCACGTGGGCTACGTAGCATGTCACACTGATACACTATAATGAACGTAGCCGCATTACTCCAAACGTCGATCGGCCACCGCAAGTCCCTACATGGTTACTGTCCTTAATGGGGCCAATCTGGATACTCACTCCATATCCAGGCATTCTCAAGCTTGCGACACCCTGACACGTTACTTCGTCCTAGGTTTATATTAGCGTGTACCGCTATCTATTGACGATTAAATAGCGGGAATAGGCATTCGCAACATTGGTTACGACACATACCGGTACGCGCCCGGTATTACCTCTGCGTTTAGTAAGTGAGGAGTTTCTTT,1300,48.92,Saccharomyces cerevisiae
SEQ_406856,CGGGGCTGTCATAACGCTGGGACAGACCATCATGCGCATTTGTGACAGACACCTAGAAGCGGGCCTAGTTGCGGTGTGTTGTTTAGCTTATTTACGTTTGCTCCCACACCACCGAGGGTAGAATTTGCTAATTAGTCGTCGACAGTACCTCATCGGCCAGATGATCCGAGCCGTATAGGCTACTACACGAAACAGGTAGTTCGTGGGTCAATTGATGCGAGGACCAGGCGCCAAAATCTGGGGATTAGCTAGTTCTAACGCGTACGTGTTACTTTACGGGGTAGCCTTTGCGGTTGAGACCACTTCAAGCGAACCCTGCTGATGTTAAATGTGATGGATATCCGTATATTTCTCGAGAACGACGTAACCACGGACTATGTTATTTAGGACGCAGCATGGCGTCTACTCGTTGAGGTTCGTATCGAGCGATGCCTTCTGTTACTCACCGGTACGGCCGCTAGATTGAGCCTGGGGAGTGGCTTACCGCCTCTTCAGGGGAACCGGTCTTGCGTGGCCTATTGAACCAACTACAGCCAACAACATTGGCAATACAGCCCTCTTGGACTTACGGTAACCGTGTGATTCCATTATGACTGTCTATCTGGTGAAGACATAGTGAGTCCTTATTTGGTCTAGTCATCCAGAAAGCGCGTTATCGGCCGCGGCTCCTTAGGCCGAACGAGGGAGCCAGCATGAAGAGCGGGGATCCGATCAGCACGTTATAAAGAAGTGAGCCAGGCAACAGAGATCGCCTATGGCAACTTCTTATGGTGAGTCCTCCTCGGTAATTGACTGGGAGATTTAGCTACATGCTACTGTATTGTCTGGGTGACTCCATGTCCTCTCCTGGCCCTCGAGGGCCAACGACTGAAGGCTGCAAGTTCTTGACGGCGCGAGCGAAGAGGTGTGCTGCGAACAGCATGTAGCGTGCAAGTGCAGCGCACGGGCTACCCTCCGGTGGCGGTTAGCACAGCAGACCTTCGCTATTGGACTAGCGACTTATCCTTTCGGTTGAGCACGCACGCGCCAATCCCTGATCGCTATAGATAGTGGCAAAAGTTCTCTATTGTACTGGCCGCGCGCGCAGCAGCCTCTGCCCTCACAGGGTCATGAAGTGAAGTCTCAACATCATTAAAGCT,1139,52.41,Caenorhabditis elegans
SEQ_229935,TCGATTTCTTTGACCGCAAGTCTGGTTGTATGTGTCTGCAACTGTAAGAGCCTGCGTTAAATCACTGAATCCGGGAACGATCGTGTCCCAAGATGTATGTTTTGCAACAGTGACCGAAAAGCTTGTTCCGAAGAGAAACTAGCCGCTACCTGACTGTATGGCCACGCCCAAGAATGTATGATACGCAGCAATGGGAGACTGGATGGGTATAGCTCAGGGTATGGACCCGAACCTCAATATTGCTACAGTAAACGCAGCGAGGCATCCTTCCAATTACCAGGGCAAGCTGATAACATCGGCATTTTTGAGGGCGTTTTGCCACTGTACGACTCGATCTCCACTCACAGTGCCCCGTGCCTACTTGACGTTATATGCAGGTTTTAGTGCTTGCAATGCAATCGAGGTTACACCCTCACGTCTCGGCGTTGAATTGAGCAAGTACTCTTGTTTCACTCCATGTAACTGCCGCGCGGTGCCTCACTGGCAGCTGACCCCATAACCTACCCAACTCAATCACATGCATCAAAAAACTCCTGACACCAATGAGTGTACCTCGGTAATGAGGACCCGTTCTAAGTCATACGGCATGGACGATTTCGTTGCGTATCTGCATGACCCCGGGGTTCAGCAATCCTGATACCTCCTACGAACCAACGGGGTCAATAGCGGCCGGCTCTCCTGGTTGTGGACATAGAATTTTAGACTCGCCCGACGGAAATCGCATGTACATAGTGTTCTCGTCATGCCAAGAAGGTGATGTATGTAGTTCGCCCAGTCCGATAGCGGGACACTTTTGCTCATGACGGACGCAGCCTGAATTGCGTCCGCTGACGGCTCAACGGCATTAAAGGGTACGAATTCCTCCCCCTTACACCTAAGGAATCAGGCTGGGGAGCCCCGGACCAAGGTTTGAGTAGCCTTGCCACCAGATTCATGGTTCCCGTTTGGGCTACTTGATGATAGATCTCGCTAGGCGGGGTATCAGTGACAAGATATCGCGACAGGATTGTGCTTGACTGGCGATTTAAGTGGGGGCCCAGGAGTCCTTATACGGGACCCTGACCGGATGTAACAGCTGCGGAGGTTGGTTTTCATCACGCTATGAAATACCCTTAGCTCACGCAATACGCGTGGGATCCTCAGGCTACCTGAGGTATCAACTTAAAACTAGTTTGGCTCTAGCTCACTGAGGCATGGCCCCCCATACCTAGGGCGCATATAAGTAGCCAATAGGCGCTAGATGAATACCCTGATCAATATCCGCTTCGGTTTGGGCTTAGTCAGGTCATACGGCAGCTCATTAGCGACTCTTTCTAAAGACTGGTTATGGAAAACTATTAGTTGGCGTTGAGTTTAAACGGTCGAGGGAGAAGCAGTTATACCTCCGATATCATTCCTAATGTTGCACGTTCTCAAGGCTAAGAATTCAGTTAAGATCTACGGAAGCCTACGTACAGCATCGCAAGTATGTCGGATCCCCTGCGTAGGCCCTACCAGTGCTGTCCTCCCAAAGTGGGAGGGCAAACAAGTTGTCGTGCAGGAAGCCATATTGGGGAGGCCCACGGCCGCTTCTCAGCTCAACATCCGGTTCTTATTCCTTTGCATAAAGAATGTATGGCAAGCTATAGCTCCGACAAATCCCTGTCGGTTGCCATTCTAGCCAAAAT,1667,50.33,Drosophila melanogaster
SEQ_327854,ACAGCCTGAAGTAGTCCGGACTTTTCTTGTTGCCATCCGGGCACGGAGGCACCAGGCGATGCACCTACACCAGAAGGTTGAGCTGCTACTTACGCGCTTCTCCAGCTGGTTGCCGGTACTGCGTTCAAGGTTGATTTTTCTCGTCTTGATGCCCATACCGGCGGAGTAGCCAAGAGATTGAAGCAATCTAACCGAAAGGACTCGGCCGCTAACAACAGAGCGTAACGTACGCCAAAATTATAAGCTCTGGCACAACGGGCAACCTATCCCTGGGTTGCTCAACATCCGTGAAATGGGGTCTTCGCTCATTTTCGAGGTAGGACACTGGAGAACGCGTGCCCACATCTCGTAACCGGCTTAGCCCATAAATTGCTTAAATACTGCACCGTTACAGTCGCATCAATTGCCTGAACCGGTTGTCACAAGAGGACCAATAATCTCATCTCTTACCAACACTCCAAGCTGTCGAGCGACGGAAATTACTAGTCCCGTTGAGGATTTCGCAACGTAGTTATGCAGACTGCCGAGCTTGGGAGGCTCGTTGTACCTGCGTGACAAGGGGTACAGGTGAACCTTTCTTGCCCGGATGCGTCTCGTGGCCAGACGGGGAGCGTACGCGACATCTAATTTGATCCGGTAGCAACTGCTGCCAGCTCGGAAACACATGGCCAAATGACAGATACGGAGCCAACATTTTATCACATTCGTCGCCCACCCTTCTCCGCATTCTACAATACATCCTCAAAGGGGCCCAATACGCTAACATGTGTGGATACGCAGCTCTTTAATTAAAGCCGAGTATTGACACTCCATACTAACTCCCAAGCGACCGGTAGTTGTTAAAATCACCCAGGAGTCCATCCGGGCAGATGTATTCTATGTGCCGGTGACCTGGCCTACGACGTCCTTCAGAGCCGGCGGTAAGGTCGAAATACACGTCTTCAACGGAACGGGGCTACGCGATATGAAGATCTCCGACTTCGGAAGATATCCACCGCTTAAGCGTAAAAACAACGCCAGCGTTTGTAGGGGGCGAAAGACGGGCCACAAGGTCGGACAGTCGAGGCTTATACCGAGACC,1080,52.13,Escherichia coli
SEQ_775013,CGGGACGTAGAGTCTCAGGGATACAACTTCCAATAAAGGTGTGCATCCATGGTGGATCGGTCTTTCCCCGGGAGCGTTATTACTTTCAAGGGGACAAAGAATACACAGAGCCGCTGCTGCATTCGCGAGTAACGCAATGACGAAATATGATGAAATGTCGGCTGGCTGACGACAGGCGGGTCCGTGAGTAGGTTCAACCGGGGATCCCGCAAGGCCAAGAAAATGCATAAAGCCCCCAGTACGGTAGTCGGCTGACCTTGGGTAACACGCGTGGCTGTATTACTTAGACGTTGAGAGACTCCTGGATAAACAGGTTAAGGTATCTAAGTGGCCGTTAGTAATCCATGTTCGCATTCCGTCGCTCCTCCATCGATATTCATTGTGAGTCAGCCCACATTCGCCCCAGATTGACGCAGGGTCGAGTGGCGCTATTTGACCCATACTGACATGAATCTAGTAGATCTCGCTGTGATCGACCGGAATTGTACCGTTGGTAAATAGACCTAAGCCACGGCCGCAGTAGCGCAATATATATTATTCCTATATTTTCGGTGTGAAGGTAGTGTGTGATCAATGGTATACTGCATGTGCTCTACGTGATATCAAGCATAGAGGTAATTGTCTCCCCGTCGTAGAATACCGGTTTGTCCACCGGCCGTGAATGTAAT,668,49.25,Mus musculus
SEQ_129560,AACACTCAGATCCAGAACAAGATGGCGGAGCCCTATTAATTGTATCTACGTGTACGAAAAGGCGAGAACACCGAAGAATTATTATTAGTACAAGGTACCCTTCGGTCGGTCTACTACTAACGCCGGGCTAAGCCATGACACTGGATAGCCGATGACGGTTGGAACGCCTTTTCATGTTCTATCCAAATCGATTTCGCGGAGGCTACACACGTTATATCCCCCCCCACACTAGGCTTTTGTACAACCCGGACCCTTGTTCTGCAATCAATTAGGCGCGACGTGCCCGTGAAACCACCTTTGCTCAAAGTCATATAGTACCCGCCGATGTTACTGATGGCAATGGAGTGCACGGGGCTCGTGCGGATTGCGCTACCAGCGAGACCCGATCAGACAAAAAGGTGCTGGCTAGCGAACTAGACGCAACACACCCAGGCAGCAATCGAGTAGTTCAAAGCCCCTGCATCATCAACAGTCCTAATGCGGAACATCATCTTGTATGCGAGTCGCGCAGTGTCGCTCAATGAACGAACATACCGACAGTATAAGCGTCTTATCCGAGGCTAACTTTCGAGTCTCAGGCGTGCTCTCAGGGAGTGGCAGGTACGTGGTCATGAGTTTCATCCCAAGCTAGGCAG,635,51.02,Homo sapiens
SEQ_607347,TAGTTTATACGTGGGCCAAAGACACCGCAGAATAATAACAGAACTACACAATAACTCATTCTGTTTCTCAACTGAGCATGAGTCATCGGTAACAGGCACGAATTCACTACAGTGACACTGGAACTATTACGTTACCGGTGGCACGATCGTGGCATAAGCGACTATCGTGATCGGTCGTTCTAAATTGCTCTATCACTTTTGACCACCCAGTGCGAACGCTAATGTTTCTGGTCGGACATTGAACTTAAGGAACTATGTGAGCCCACCCCCAATCCTACCATTCCTTGTTGATAGTCTAGATGAACTCGTGTGGTCCCAGCAGCACCAACTAGGGACGCACAGTAGTTTAGCTATGGGACTCATCTGGGTCGTCTACAAAAACGAACAGGTCCGATAGTACTGCGACGAGTGTATCGAAGTATTCACGCTCTGGCTTTTTGAACCGAGGTTAAATAAACTCAACAGTGGTATCGACAGTCAGCAGCCCCCAAGCGCATGGCGGGGGACCGGTCTCTGGCCGCGTGGCGTCTCGGATGTGACCTATAAGACCCTTGACATCGGGTAGATACAACTGTTTATACATACCAAATTAACCTGCAATGTAAGGTTTAGCCGGGAGCTGAGTTTTTTGAGGTAGCGAGTCTTTTTGTACTGTATTCTCCCAGACTGCTTTTGAGGGAGAAGAACTATTCATTTGCCATTCGGGTCTGCGATATTCAGTGTGAAGATTACTACGTTCGCTAAGATCCGATAGCCGATGTTCCAAAGTGTAACAAGTGGCGCCAGATGGGACCCCAGTAAGAGGCAGCAACGTACACCATCCAGTCTAGCGACTTTGTTCTTAAAGAACACAAGGACTGCGCTAGACAATGACTCATCACAACGCTAGGGTTTAACGGGGATGGGTCAAAGTAAGACCTGGTTCCTTAATACGCACCTCCTTGAGGTGAATGGTTCGAGTCAATGATCATTAATGTCACCGTCCCGCTAGCGCAGCAGATTCCCATGGGCCTACAACTGACGCAAGCTGCTTAGGTATGGCAATCCTGGGAGCATGATCCTTAACGAGGCACGCAGAATAGAGGGTGCCACCAAATTACACAGCTGCCCTAAAGTGAAAGCTCTTTCCCTACCGTCCGAACTAAGCGAAACATTGTTCACTGGCAACCCCTTAGAGACAACAATGGTTGAACGACGTCATGGAAATAGCCAGGGTGAAGGGTCCCCTACACAGTTACTGAGTAAACTAGATACGACGTATAAATATCGTCGAATTAGGATTCGTGGCTTAACCAATATCGAAAATTCCGCCCCCATGACTTCAGTGGCCTGCATGGATCGCGCGTTTTCACTATGAATTCCGCCGCTAATGCCATGAGCCTATTGAGGCCTAGTATTGACCCCCTAAAGCCTCATGAGCGAGGAAAGGGGTTCATGGTCGACCTGGTCTTTCGCGTTCAGAGAACGTAGTGCATGTTGCCCCTACACACGCAATCGGTGCTATATTTCTCTTACATAGAATTATGATTACAGATAATGTCTATTTCCCCTTGGTCTTTAGCGAAATATCAGTTACACACTTCGCGTCATTAAGCCTTAGAAACCTTGCTGGTAATATCAAGCGTCGCTGCGGAGTTTACCCATCACCGCCGGTTGGTGCGTTACACATTGCAGGAAATAAACAGGGGTGCGGCGTCCCCGGTCCCAGTTCCGGGGGTATAATTAGAAACCGGGTTGCCCAC,1742,48.05,Mus musculus
SEQ_133605,AGTAACATTTTGTCAGTCTATGTGCGTCCACGACGCTTCCCTGAGCTCTGGAAACCATCCTTTCACAGTCCATTCGCCAATGCAAATTGATCAGTATAGTATGGGAATAGTGGCGAAGCGTTGAGCATTCATACTCTAGACGGCGCTGTGGTACAGCACAGGCTACTCCTTTTCAGAACTTGCACCTGTACGTAATATCGAACCTACCTTAATCAGGATTGGCCTGACCCCTCCAATAAAGCTACATCTGTAGACCCAAACCAGATGGAACGGCCGATTCGTATTATGGCTCGTGCTGAACGGTACGCTTGGAGCAGGCTCGGGCCGCCCCTTCGCAGGGACAGTGGCCGGCGGTCCATTTTCGGTAGCGTTTCGTATGGTGGTGTATCCGAA,393,51.15,Caenorhabditis elegans
SEQ_981609,TACATCCATATGACCTGGGGCACACCGCACAACTGTGTATGCACCATCGTAATCGCTCATGATATGGGTTCTAAGAGCATCCCCCAGTTCAGAGTATCAGAACTGATGTCGATTACTAGGATCTAGCCACACCCGTTGATCGACGTTCTCTTCCACGTGAGCAGCATGGGCTGCCCTGGGGACTCATAATAGTTGTCTAGCCTACACGCAAACCCCCCTGCTCAACCTCTTCAGCGCTTCACTTTTCAACATCCGTCCGGGAGGAAATCCTACGAGGCCATCATATGTAACGGAACGCGGTGGGAACCTGTGATCGCGCGGGCTGCGTTGGTGGCTTTTCAGGACGCAAACAGCACTGATCGCGATCCTGACGGATCCCAGTTCATGGAACTAGTGTGGTCCACTACCAGATAACGTCTGACCAGCGATGACCGCGCAACACACATTCGCAGACTTTGAACAGTATGCAATGCGGATCCGGAATATGTAAATCGCCGTACCATGGGTCTTCCGCGTATATGTCC,524,52.48,Saccharomyces cerevisiae
SEQ_281726,TTGGCGAGACCAAAGCTGTTTCCTCTTTCCCTCGAGTTATGATTTGTAGGGAGTCGCACTATCGAAATGTGCGTGTCCTATACATTTCGGGATTTTCGAGCCCAGGAGATGCTATCAGGAGACATTCGAGGCACTCTGCTTACATAACGCACTAGGAATTAAAGGAACTGTCTCCTCGCATAATGCGTTGACAGCCCTGCCAACGAAGTAGTAGTGAGGCGTAGCGCTTACGACATGATGTCGCCCAGAGGGCAACGGTGCGCTCGCCCAGTATAGATTCTTTTTAACCTGGACCTGCGCATTCGGATTATTCGTAAGGACCGGGTGGAAGTTATACCTAGTGTGGAAATAGAGCGTTGCATTTTCAGAGTTTCCCCGGACCAACTGAACGCTAGAAAAATTACTTTTTTGACCTATATGGATTAAGCACAGCCCGTTTACAAGACATCGTCCACTTGTCCGTACGGGTCTTAGCCACCGCGGATGCTCA,490,48.57,Escherichia coli
SEQ_120584,GGCCCGTGTACCTCCCTAGAGTTCTGCTGGTTTGACTCTTGGACCCGCTAATCCCGAAGACGTAGAACTGCGGGATCAACCGCACGGGTAGCTTACAGTAAATCAATTCGTGTATCACGGGCTTTCATGTGGTCCTTTGCGCTTAGCCCGGAGCCTATCGTATCCTAATCTAATCGGCCTGGCATCTGCCCAGACGTGGTTGCAATGATATCGATTGTACGATACGTCGCCGGGGGCTTGGATTGGACGGGCTCG,255,54.51,Escherichia coli
SEQ_239401,ATAGCCAACGAGACCGTACATCTTCTGGAGTACTTTACAGCTTAAAGCGCATAGTTATAGGACTCAGAGACGAACGACAGAAGTTAAGCCTTTCGGACCAAGTTTCAATGCCTAATCCAGAATTCCAAACAGGCACGAACAGCTACGTTACGAAGCCCGTAGAGTGGGCTGTTGCATCAATTCAATGCACTATGTGGCCCTTCCATAAGACCGTTAACGAGCCAGATTATCGTGCACTGTAAGCCGGGTCGTGATGCATAATTGGACACAGTTCGTTGACGACTTATATGGGACACTAATGGTAGTATCACCACCAGTCTACATTGCGGCACCCTATGGATAGCACGCACAATTCTACAAGGCACACCGTTGTAATTGGTGGAAGTATCTCTATTAAAACGAGAGGTCGAGCCCTTATACATTCTAACTTCACGCCTTTTATGAACTGCAAAGGCAGTGGGGTATCCCCTTGTTCACGATTAAAAATTTTTCGGGTGACGTGTGAGTAGGAGGGAAACTTCGGCCACCTTTGCAAATGTTTG,542,45.76,Mus musculus
SEQ_591343,GGGTTTTTCTAATGAAGGAGCGCCTGTTACAGCCATTGGCAATACTTACAGGGTAACTCTTAAAACATGGAATGCTTTCAATGGGATGTGCGGAATGCGAATAACGCGATGAATTTCCAGCACAGGTGATTCAAACCATCCTGTGAGGGTCGCTGTGCCAAATTGATCGGGGACGAGACGTATCTCCTTATTGATTCAGGGAGGCGGTTGTGCGTTTCTCAGGCGGCCGGTAATAAAGCAATCGTCACCTACAATATAAAAGCGGTGTTAATAGTACTTATCTATCTTGACGAACTAGGACGCCAGTCGTGTATGCAGAAATCAAAGGACAAGAAGGTAGTCGGATCCTAGCTGTCCACAATCAAAACCCCTTGGACCTTTTTCGACTCTTTAGCCGACCGGGGCCGTACCGGCAGGATAAACAACGAGCGGGTGCCGGGCGTTGCTGAATCTACTAGTAGGACCGAACTTGGTCCAGCATTTTAGAAGCATTGCCTATGGCGTATGCTAGATCATGTTAGAAACCAATTGGTCTCCGCATTGGAGCGAATCTACCAAGTCTGGAACCCTCCGCGGATAGATTTGGACGGGATCTTTGGTGATCAAATCAGGTAACTATGTCTAGCTAGAGCTACCGATCAGGCCGTCTCAAAGGGAACCATTGTCTAGACCAAATGATCTGAAGCTTGTCGGAGGGACGCAGGTACTATTGCAAAATTAAAAGGTCCTTTAAAAATATGTGGGATCAACATGGGTCCGAAGCTCGCCTGTGTAACACCCATACTGCAATAGTTCGTCAAAAGTGGATAACGACAAGGCTTCGTGCCACGTAGGCAGATCAGCTTCGAGCCGCGGACTTCCCAATTGCGCCCGATTTCGGCGACGCGGCAAAGAAGTACCGTGTGCATAGTGGGCACTGCCTGGTCGGTCCGTAGGGGATAGC,943,49.1,Escherichia coli
SEQ_993024,ATAATCAAGATCGCCGATACGTAGGAGAGGGACTAATTGGTCATTCTTTCCTAGTAAGAATTTGTGTCGGGTGGACGCCCCGTGCTCAGTCCCATAAGATCCATGACGCCAGTTTGGAGTCCCAACCACCCTGTGTGCGACTTAATAGTAGAGAACGCTAGACTACTAGGCTTACAGAGGTCTTTTAAGAATTTCGGAAGCTGATCTAGGTCGTAGCTACTCGATTAGTTGTCCAGCTTGAGCTAAAGCGAATCGCGACTAACTCTGCTTTGGCTTCGGCGTTGCTAGTCGCGTAACATAATAGATAGGTCTTTTGAGGTGAACTAGGATTATATCTTACGGAATACGATACACTGTGCAGACCGCTGCTTAGGCTATTTG,381,46.19,Saccharomyces cerevisiae
SEQ_437210,GATGTCAGTCCGGGGGCAAATCCCGAATCAAGTACAACTACCTGCCACATCTTAAGACTTAGATACCCAGGGGTAACTGACCCCGTGATGTGCACTTGGCTACCCTTCCTCGGTCACCTTCCGTCCTGAGGCCGTAGACGATGACGCACGCCACGCTCGACGAATACCTTGCTGGTTCGGTCCTGAAGTCCTTCAAACGTATGGGACTCAGGGCCGCGGCCGTGCAATTCGCCATAGGCAGCTCAAGCGAACACGAATTGTAACCCATCCACAGCACCTTCAAATCTATATATGCGGGTTTTCTCGGGCGCCTGAGTTGATCATCCTTTGTCTTGTATAGGATTTTGGCACTTGAGACGTATTCCACAGTCTGTATTCGGACCCTGGTATCGGACTCTGTTTTGAAGAGGGTCACCCTCGACTCAGCTTCACTAGATCTAACGGCACTGATGTTGACCTTGTAATCGTTCTGCGAGCTTAAATAACTCCCGAGATACCATTTGTGAAGTTTGGTGACGGGAGTGGAATCACCGCTAACCGCTGTGTTCGCCTGTCTTGTGTGTTGACAACGTAGCATCCGCCGTAATTCGACAACTGGTTGACTGACTCTCCGGAACAATGTGTATCGATGACCATGGATCCGGTAAAGTATTTGACACTGGAGTGTCACTCATATACCATTTCATGATGGCACCACTACGGCGCATTGTACGATATATGCAGCACCCTGCATAAAGCGCTTGGACACAGAGGGCGTTCGATGGCCGTGTGGTGATGGCGGAAGTACGCGATTAGCTTTGGGTATCAAACGGCCATGCCTCTAAACTAAGTATGTGCTAAGGGTTGCTTAAGCTGTGGCCGCCTACTGTTCGTAGTCGCGGGTCTATCCTTCATGAGATTCACAATTTGCTGGATTTTGGGTAAACAGTGCACCATGGCCATATCGACAATGTGTCGCTTAAAAACTGGTCGATGAACGTTGGTGGACAACTTTATCGGTATAAATACGAGGGTGCAGAGTCCAAAGCAACCTCTTGGGCTCGCGACCTCGTTGATGACTATATCGTTCACTGTATCCCGCACTTCCTTCAGCAGTACGAGGGAACACCTCCC,1113,50.31,Drosophila melanogaster
SEQ_446956,GCCATCCCTCTTGAACTGGTGTAAGCCCAGGTTCTTGGGCAAGGGTCGTTATTCGCCAGACAATGCGGTGCTGCATGGACACAAGCTTCCTCTCACTCGGTGTATTCCGTAGCTCGTCTGCCTCTTTAGACGCTATGACTGGCAACGTATAAACCAAACGCGATCTTAGCACGCTTGCCCGCTACTAACCCGTGGTGCTGAGGACTCGCATTTAGTAGCCCGTCGTGGTTGGGTAGTCCATCTGGCTAATTAAAAGCATATTTACGGTCTTATACAATTAAGGTTAAGGGTTACTACACGTCCTAGACGTGCAAAATCAATTATGGGTGAGTAAGGGTTGTAGGATGCACGTATCTTCGTGGTTGACCCTCAGTTGTCACGCATTAGTCGCAAAAAGTATGGTGTAGCTCAAATCAGGCGCCCGTTTTATAGGTGCCCGTCCACCAGCACACAGTAATACAAAGTTCCGCTTCATAGAAGTACCTTAGAATCTGTGCTAGTCGTGAGTCTACAATTAAAAATTAATGATTCTATGCACGCGGACGCACGTCTTATGCGGCCCCTCCCCTTATATGGTTGGATGACCGCCCTATACTACGAACACCGGTTAAACTGTACCTGTGAATGGGCTCTGGTGAGACACGCTAGACTCTTACCTGAGTGATCAGTATGAACTGTACTACACTCGACTAATTAAAGTATAAATTAACTCTATTCACTCGCCCCCTTGGCAATCTCACTCGCCCCAAAACTTGGGTTATCCTAGGCCACTATTGAACCGTGGCAGCGCCCACGGATTCTTTCGCGTTAGCACGCCGAAATTCGAGCTCCGAACACGCTTGTGTGCTGCATGCCACAGCGTGGAGAGAGGCATGCTGTACTACTAACCTCTGCACTCGTATGACTATCTAGATTGTTCGGGACAGGGATGTGTAGCGAGAATAGCGCAAGCTGATGATGTAAGAGACCCCCATCTCTGGTCCGCTACCGGTACTCGTAAGAGTACTAAATGGTATGGTAAATTGCAAGCGCCACAAGGCACTGGCTTTTCCCGGCCTTGAAGAACATTCTACATTGATCCGTAGCTTGTCGAGGATCAAAGCCCAATTAGTGACAGCGACGATAGACCTCACAGTAGATCTACAGGTTCAA,1152,48.52,Homo sapiens
SEQ_719867,TACATAATATATTGCACCCCGACTATTGAAATGGCTAGTGACTAATCGTTGCCTTGTAGGAAACTACCCAGCCCATTACGTTGTCTGCCTAAGT,94,42.55,Saccharomyces cerevisiae
SEQ_987209,TTCTAATTCATTACATATAACTACAGCTGTCCTTTCAGTGATTAGAGGCCATGCCAAAAAAACGATAGTACTATATCCCGGAGGCTGACCCTGTCCACAGGCATTGGCCCGAAGCGCACCTCGGCTGATTCTAAAATTCGCTGTGAGCTGGGTATTTATAGAGGGAGCAAAGTACCGCCAACTCTATCTGTCTACTAAGCCTAGGCTAGAAATCCGACCACCAATCCAGATAGGGGTTGCAGGATGTAAATGCAAATCTGGGAAGTTAGACAGTGCGGTGGCTGGCACTTCAGTGATGTGAGTCTGCCAGTTAATAGGTACCGTGGCTTATAGCGACGTGACGGATAACTACTCGCTGTTACCAGTGATTCGCTTGTTGTACTCGACGTGGTGCGGTCGATCAATGGGGTGTCGAGAACAATGCATGTTTCACTTCTACGTAGGAATGATATCGGACAAATGTCT,465,47.31,Escherichia coli
SEQ_186288,AAGTTATCAACAGCCAGTCAAACATATGCTCCATATTTAGGAAAATTTAGCAGCAAAGTCGTAAGCCGACGAGGCGGCAAACACCCCCAATTCTGTGCGATGCTCGCAGAGGTCTGGCTCACCGTGGCTCTACGGGGGTGGGCCCGATATACAATACGTTTGCTTGTCGCAGAGGATACGGATAAAAATGCAGCGACCAGTAATGCGTATATGGGCACCTCGTGTTGCCTTTCCGAAGCTGAGAATAACCTTGGACAAAAGGAAGCCTAGTACTCTCTGCTTTAGTCCGGATAATGCTGCCCGTCGCATACCGCGTCTTGAGAATGATGTAAAGGAAGGGCACGCGATTGAGTAAAGGGCCTTCGACTAGGGATCTGTTTTCCAGAGTGACCAGTCCATTCGAACACTAGCGCCTAGGAGGCGTGGCAGGATATATGGCCGTCTCGCCCGGCGGTAAAGTCACTTATTCCTATTTTAGGATCAAACGGCCGCATAGGATACTTTCGCCCAATCCCTAGCCGTAGACTACGTATTGTGTGCTAATCTGTGGGTTGTATGCTTTGATCGCCAAGACCTAGTACCCAAAAGTCAGATTACGAGCGTTCCTGGCCTTCTTTCGATCACAGGGCCATATTACCTTACGTGACGTGCTATGCTTGGCCCACGGACACCAGCGGTAAGGCGTCGTAAGTATCCTTGATTCAGTGTGAGAATCGCAAATAGAGAATTCGCCCGCCAAATAGTTTTTCAGCAAGAGCGACTCCATCCTAAGACTATCCAGCACGTACAGAAACAGCCTAATCAGCTGCTGATGCGCCTGTGCTTTACTACGAGCCTATAGGATGGAGAACCAGACGGCGTCAGAATACAACCCCTGTGACACAAGTCTTAGATCCGCTCGCGAGACTTGAAGGAACATGTTATTGATATTTTTCTAGAACGGACTCGAGAAGGTACAGATTTTTTGTCCAAGCGGTTCACAACTTATGTGGTCAGTTCAAAGATTCTTAAGGGGCCCGGCTACTTGCCCGCAGGCTATCCGAACGGGTGGTTCTGAGCACGGTCGGCCGTCTACCGAACCCCTTACGTTATTACTAGCTTGTTTACCTGTGTCCGTGTCTGGATGGTAAGCTTTGGCCATTATAAGTCTCGGGCAATCCTTGTACAAGGTCAATCACAGGAAAACGGATCCCCCGTTTGTGCTAGGTGGGTATCGTTCTACGCAGAACATACTGTCGGACGACGTCCCCAAATATCGTCGCGATGGCTCGTTTTGTCGTGTGGGAATGACTCCGGTATAATGATGAGTTTCCTGGCCTATGGCATCACCGCAGCCTCGGAATAGCGTGAGATGATGGATATTCAGTACTTTGTGTTACGTTGTTCTTCTCGCGGAGTGGTCGTTGAGGAGATTCTCAGCGCTCCAGGATAATTAGGCTAATCGTGGGATACCGTTAGCGAGCGCTGTTCAGGAGTTAGGGATATCTTGTTTAGAGGGTAACCGTTTGATATCGCGGACAGAACCCGCGGCCGACTCGTATACGTCGGTTATAGGTTCTGGGGCCCGTAACCCTAGTTGGGTACCGACCTCCCGCCCAGGGGTGGAATACCCCAAAAGGCGCGTACTGGGTAATGACGCCTGCTGGAACCGGACGCGGCAATGACCATCTGCAGTGTTAAACCGGGCACACTCCGTGATAGA,1702,50.71,Escherichia coli
SEQ_757756,TGGTTTAACCCTCATCCGCCCAATAAAGCCTTTGCACCAGCGGAGGGCGGCCTAGTGCAAACAGGGTCCGCTAGAGCGCTGGTAAACAGGAGTACGCTAGCAGTGACAATAAGGTGGTGTCCGGGCCCCCTGGCTTTCGCCTACTCCCTCATAGATTATGATGTAACATCCTTCGCCCGACCTATACCGCCCTGAAGATATCTTTAACGAGTCAATAGGTGAAACCTCGTTAGAGAGTCGGAGAGAGCGATCAACATACCACACCGCCCAGTGGTTGTGGCAGTCACGATCTGCGCTATAGAGCCATGTGCAAAACGGGTGAATGTGAGTCTACAGCATACATGGATTGGTTTCGTCCTGAAACTTCGAGATGCCCGGCGGGCCGGGAAGGGAACGACTTATACCCATCGCAGTGTGGGAACGCTTTTGTAGTACTTTGTTACAACTTGAGCCCGGTCAACGGTCTATGGTTGTGACGATACTATGAGGGAGTGGTCTACAAGAGCTTGTACCTCTGCGGGTCACAAGACCGCTCGTATCGGGGTGCGGTTTGTTTGCTGCGCCGGGTGTACCACCCTTACGTTTCTCACTTTGTGACGTCGGTTCGTCATCTCCGAAGGACAAGGCTTCGTTGTATAATGGGAGCGCAAATGGGGGATCGAGGCCACTTGTTTGAGAATCGTATCTCAATCATGTATGGCATCTATTTTACTTTCAACACATCCACAAGACATGGCGGCTCTGTGAACAAGGAAAGTCATACATGACC,769,51.5,Homo sapiens
SEQ_667582,TAAACATTGGCTGATAGCCGGAATAAATCTCCAGTAACCAGACGATTATGGTTGTACGTGCGCAGTCTATAGCCTCGTTTGTATACTGTTAGCCGCGAACCCGCTGCCCCGCATGACCCTACCTCTTGTTCTTAGGATTGTTGTTTGCGCTGACACACGTATAGCCGGTTGGCTCCCCTAACGTATCTTGAGCTGGGTCGGCGTGTTGTTAATCACCGTGGTAAAAACTATGTGTGGAGAATCCCGCGCCGCTGCTAATACTTGTATCGTTTGGAACCCACTGCTTCTGGGTACCCACATGAGAAAACTTGTTTACATGAATTATACCCCATCAAGGCGCGAAGGTTGATCTTGCGCTTTTGATCGCAGATATGTGTCACTTCCTAACGGTGCAGTATCTGCAGTTCACTCATGTCAGATTCTTATAAAAGGGCCCTGAGCACTATGTGAAACCGTGTACCCGCGGGTGTGCAAACACAATCCGAGATCACGGTGTAGCGATTCTTCTCCAAGCTAAAAGTCGAAAAAACACAGGAGTGGTATGCGCACCCTGTTTATTCCTAGACGTGGATCGTCTTGTCCCATTAACATGTGGAGTCGCCAAGCGTATTTCGAGGGGAGGCCTGCGCCATAAAAGAACAGGATCTGTGGTCTATGCCTTTAGATGTTTCACTTGGCGCCCGCGGGGATTCACAGACCAGCGCGCAGTCCGGGTTGAGATGCGTGGCCTGGTTGTAGGTCACGATCCTCACTGCAGGCAATGTCCGGGAAGTCGAATTAAGTAGCTTCGGTTATGAACCGTTTGATATACAGGAGGTTAGGCTTGACATAATACATGTTCTTTATTATACAACGCGCCAGGTCCAATATAGACTGCGACGCTTCGACTGCTGGAGGATGTCACTTTGACTTAACTATC,919,48.86,Caenorhabditis elegans
SEQ_210351,CAAGTACCGACGTTTGTTTAGTTCGTTAAGAAGAAATCAACACTCCGTTATTCTCGAAGGGTGCGTGTGTTCCGGTTGGCAGTGGACTCTGACCCGCCACGACATGATTACTTGGTTGAAGGAGTCCGGTCACACCGTAATAGCGCGTAGGCTAAGTACCATAACCGAAACCGGTGGTCCAATCCGGCAATTTTCATGGCAGCGAGGGTTCAAGGTTATCCTTAAGCGATGCTTAGATTAACGGCACCAAAGTCGTGCATTACTCGAGCTTTGGTGGGCCCACGGTTACCGACCTATGACACCTCAAGGTACC,313,50.48,Homo sapiens
SEQ_540063,TGTATCGCTGGAACCTTTATTTGTGACTCAGCAGAAACTAACCGTACCAGGTTGTTGTAACCCTCGTGCACACGAAGCGAGGTCCGTTCGCTCCACTTCAAATCAGTGTATGCATGTGGGTCTAGATGTTCTTGTCGTTATCGTGATAGAGTCAGAGAACGGTGTTACGCGTTCCGGGCAGGAACCTGTTGTGATTTCCATTAGTTAAGAGGATAAGAGATTTTTTCGAATTTATGCCGCTCACGTAGGCCGAGGCCGAGGGAGCCTGAGCGAAAAGACTCTAAGCCGGATCGCTACGGCCAGCGTCACCCTACCTACAGGCTCGAATTCAAGAAGCTCTGAGAATCCCAGCAAGGCAAGAGCAATGCTCGCGTCACTGCAGGGCGTTGGATAACCGCTCGACCTTGGATGGAGTTCGGCGCGCCGGTACGGGAAAGGGCCGAACTCCCTGATACCGTTTGTCCGCTGCAGTCATCAAAAGTGCGGCTAATAACGCGCGGATTTTACCTGGGAGGCACCGGGTCCTACCATGTGATTCAGGGCCCGTTGTCAATTCCAGTAACAGGCAGTGAACATCGCAGTAGGCATATACCCCCTTAGCACCGCGTTAATTGGGCTTCCGTAGAGAGAAGGGATTGTATCGATCGGACAATCGATACGCGTGGGTCGACACAACCTGCTTGGTCGCTCCGAGTTCTAAGAAAATGGTACTCAACCGCGGAGATCATGAACAGCCGGACATGAACGTATAAGCGTGTGCTTTCTGTCCGCCGGTACAGCGAAGGCTGAAACCGTCTGTGCCTGACTCGTGATGAGATAACCGTTAGGTCGAGCCGCAATGCCTAGGCAAGTGCAATCGTCTAGCAAATTAACAGCATCCTGCAACTTATTACGAGGTAAAATATAGTAGTTTCTGCGGTCGGCTGATAAGTTCGGTGTATCCGCAGCGGCGTCGCGGCAGAGCACTCCGTGTTCGGCTATAGAAACAGTGGACTTTACATGATTG,1006,51.99,Arabidopsis thaliana
SEQ_213642,ACGTCGACGAGTCGGGTACCTACGCGGGAGGCTCGCCCGGAAATAGTGGGCCGATAAAGGTGTAAGTGGGAACTTGTCCTTACAGTCGGGTTGCCTGGGATCAGTTAAGAATGAAACTTCCCATCAGTCCACAGTCGAGGCTTACCATGAGGGATATCGTTATGAGTGAATGATGAAGCGGCTACCAGGTCCATCGTTGAGTTAGAAGCGACGACGGCGTCCCTACGATGCCCAGAGGAGCTTACGTCAATCACATAGCTTTTACGTGTGCCAGCCCTCGCCTATGTAAGCCCTACGCACAATTGCCCCGGATGCACGGTTATTTAGATTCTACTTACGAATTATAGAAATGCCGGAGTAGACCCCTGCTGGTACCATCCGTGGGAGTACATATTCCGGTATCTGCCATAAGTCGCCTGTGATGCAAAGTACCGAGCGACATAGTTAACGCGCTTGACAACGGCGCTCTATAGATCAGTATTATGACAATAGAGCGAAAGACCCCACGGTCAGCACATACAGTACAGCAGTGCCTGTGTCCTCATCGTGAGGTGGATGACGCTCCATGTGACTTAAGATGTCACTGCCAAGGCCCTTCTCTAGGCATACCGAGAAGCTACTAGTGCACGTCGCACTAGGGCCGGAAGCGGCCGTAACGGTGTTGTGCTCTACTGGAGTAGCGCCCTAAAACAAGAGCTGAGTGGGTTTTGTCTTTGAGTTTTTCGAGCGCTAAGGGCTGAGGGACTTAGGTCAAGTGATCAAATTAGGGCCGCCCAGGCGCTCAATTCCCCCGTCGATCCTGTTAGGTCGTTCCTGTTTGAATAACCTTTACCATGCCTACCCCCAACAAGTCGCTCACTTTGACAGGAGCTGTACGCATTAGAACGGAACGAAATATGCCTGTCTACTGCTCTGTCGAGCTACGGCTATTCCACGTTGCTGTCTTGTTTTTCTGTCTCTCTTTGTTCCATTCAGCAGTCCGAGTCAAA,989,51.26,Saccharomyces cerevisiae
SEQ_422311,CCTCGGGTCGCGGATGAGGGAGTGCCTCTACGCTGCAGGGTGAACATTGAATGCTATTGCGGTCGGTATTGGGCGCTTGCATAGGTACCCGTGCCCTAACGTATCGCCGGATCCAGTTCAATCGATATGAGATCTAAACCAACAAACTGCGAGAAGGTTTATCAGGTCGTTAATCTGCGTGCTCACAGCCTCCCACTACAGAAGTATCGTGATTTAGTCCAAGTATAAAGATCGCGCTTCCCGGGAAATTCGTGTAATATTGTAGCCTATGCTTTAGGACCCCATCCGTGAGTTTGGCATACTGTGCTTCACTCCTCGGCGGGCCAGACGAGATGGCGCATGCGGCCATCACAGTTAGGCGAGTCTTCCGATTTCAGATTCTTTTTCTCCTAGCCG,396,51.52,Saccharomyces cerevisiae
SEQ_113701,CTTGGCCGTCGTCGCAATGAGCAACTCTTAAGCGAGTACACTCGGTGTTTCCTCTCGCCCGAGATGGCAGTTTCGTGATGGCCTGCGACGTTCGTTCATTGCCATAGTCTACTCAGGAAGTGAGTTTACATGAAAGGGGACCCAGCTCAATGCTCCTGACTCACTTCCGCGAGGAATTTGTCTAACTCTTCTAGACCTTGGGAGATGCCCGTAACCTCGGATGTAGAGACTAGCATATACTA,242,50.83,Escherichia coli
SEQ_338333,TGTTTGTCATGTGGTTGATTCGTCAGTTAACTAGTAAGTTCCGAGTCCAACTGTGCTGGATGAAGTTCTACCCTAGGCAAATATTCGCATTAAGAGTGAGAAAGGCTCCACTCGGTCTATCTAACGATGGAACATTACAGAATCGCAGTCGAACTCCCCACTGTAGTGCAGCTCGGGCGAATCGCCGCTAACAAATGCAACCCCCGCGGAGCACGGTATCAAACTTCCGCCAGCAGTCAGGACCCTGGCTATCTGCGCTGCTCTTGCGATAGCTTTGGATCTTGAGCAGATATGGAACTGGAATAGTTCTAGGACTTCCACCGATCTCTTCTCGGCCCCATCAACCCTAAACTCATCTATGCCCGTGCTAGCCGATCTGCGTAGATGCATCATGCCGGAGTAATTAATTAATCGTAGAGGACAAGCAGGCTTAGTGGGCACACAGGACACTACCACACGACGCGAACCGACTAGTAACCCGAAGATAATAACCGGCCGGATGGGGGACGTGCAGATGAATTTAACAGGCCATAATTTTGAGTAGATAGCGTTCGGGCACAACAATAAACGCGGTCCAACGCGATTCATTCATAGGCTCGAATCAGTGTTGCATAAAGTTCGGAAGAGCATCTCTTTGTGTAGGTAACACGATAATTCCTCCTTAATGTTGTGCACTAACAACGGTCTGATTGTAATGGTAGAACGGCCGGGCGGAAAATATTGATGTTCGCTAAGCAAATCCCGAGTCCCAGGCTACT,758,48.68,Saccharomyces cerevisiae
SEQ_673145,CGGAGAAAGGCATCGTAATCGCTAACCGGGGAGGATCTGGTTCCAAGACGTTAGTTCTCCCTGAGATCGTTGGAAAGTCGATTTAAAGGATCAGCGTTCCACGTAATTTACGGTAACTCTACAGGTGCGCTCCACTGACAGCGAGTATCTCCCGCTCGGGAGTCT,165,51.52,Saccharomyces cerevisiae
SEQ_945918,GGGCTCAGTTCACCTACGGCGATGGTACGGTTCACATCTCTAGATAAGTAAGGATAATCGTCCTTCATCAAAGCGACATGGCGATCCAAGCCTATAATCCGCTGAGACCTCTTACGGTGCTCGCTTCACATAGTGCCGCCACACTGATGTCACTAGCATATTAGAGCTACATGGATCTACTACGTGCGTCGCACAACGGCAAAGTAAAGTAAATTCATGTAAAAGAGCACAAGCACTTCATTCATGATCGTCAGCCGGCGCCCTCAGCCATCAAATGATCACTGGAGGCTGACAACCAGCTTTACAACGGGTCTATGGCATGATCAACCAGCCCCATGGACTTGGCCACTAAGTCAACCAATAATTGCATTGCATCATGGAGACCAAAAGTAGCTGCCAGCGAAAGGCGTAAGTGGCGGTGATTAGCCGGGAATTCCATCAACGAGGTCATCGGGTGAGACGCACTGATAACCGTAACGCAATTCTTCCTTGTCATCAGGCTTTAACGACTTGTTATGTAAATACCCTGTAGTACGTCTAACCATGGCAACATCGTTGCTTCTCGGGCGTCTAGTCATTTCTCATCTTTCGGACAAGTGTAAGACACAGTCGAAGTGTTAATGTGTTAGGGTCAGCTTACGACCGACCTTGTTTCCACCCCCCTTAGGCTCTGAAGGTTTGTGCAAGGGCCGAATTTAAAACGCTAGCGCAACAAAATCCAGTACACTCAGTTACATCGCGAACCAACCAGACTAAATTCCCTAGTTTAGCCCATAACACACTGCGAGAGCGCTCTAAAAATACTTTCAAGGAGGAAACAACGCCCCGAAACGGGGCGGACGGACTCGAGGCGGTGCCACTGGCGTCTTTCAATGCTTCACGGAATTAAGACATGAATATACTGGCTCAACTGAATCAACAGTTGGACTCCGCGTCATAAGTTTAATTTAAGTTCTCTGCGTATAAGCGGTGTAGGTGTACGTTATCTCAAGGCAACACCGGGTAAAACTAATACATAAGTGCGGGGCATCGAAGGTGCATATAGAGCATG,1051,47.76,Escherichia coli
SEQ_233033,TCTGGGGAACGCCAGTAATGATGCGGACAAGGCCCGTTTTCTCCTACATCCCTCGACCTAGCGCTTGCGCGCCGTGCACGGTCGAGTTTACGGTGGGAAATATTGATTGGTCGCATCTTAAGACAATCTACCGGCCCTCATTTCAAGGGTCGCCCGAATCACAACACACCTGCGCACTATCTATTCGACCACTTGGTCAGACATCGAACGTCTAACTGGACCCCCTGGTTCTAGAGCGTGGCTAGCGGAGGGTGGGAACGCTGGACCGGTTTGGGTAAGGATCGGTGTTTTGGTGCAAGGCACGAAAGTATGTTGCTCGTTCCGGCCCGAAAAGACATCATATTTGTCCGGGTGACTCTTGATCGTAGCTCTTTTCCGGCTACCTCTTCTTCAACGGATGTGACCGTAGGCCTGGAGGGCTCTCTGGTCAAAGTCCTCTCCGATCTGAGCGCTCCATAAGGACATAGTACGGAACCCACAGAACTCAACCATCATCATGGTCTTATGGGGCTCTGGTGATCTTTACCATCTCGAACAACGCCACCATTATAGACGTAATTCGTACATGCTATCTGATTGCGACAGGGGCCTTAGCCCCGTTAAAAATGGTGCGTCCAGTCCATTACAGTGCGTGTGGTCCGAGCTAGGTATGATAACTCTGCTGATAGCTATACCTGTGAATACCTGGGCTGAGGCCGTAGACTTGTTAAAAAGCCTCGATTGCACGGACGATTAACCATTGTGTAACCGACCGCGCACGTCAATTCGAGACAATGGGATCAGTCTTATACAAAGTGTGTCCGTAACTTAAACGGGCCCGCACGTTCCAGCACCTAATTTAGAGTCATTGTTGACACTGTACTGT,865,51.21,Escherichia coli
SEQ_229997,GTACGCACCACAATTGCCTAATCTTCTTTGAGCACGGCCGCGATCTAGAGGGGAGGAAATGCATTATTGTGTCGGGAGTTTAGGGTTTCGGATCTGTACACACTAATTTAGCGGGGACCAGAACAATATGGGCTCAGCACAACCGGGACGAGTGCATGCTCATCTATTGGAGGTAGTCTCGTTGCAGTCGACATGGGACTGCCTGAAATTCGAGCTAGCTACGACCTATCAGCACTTGAGGTGCATCAAGGGAAGCTCGAGTGCAAAAATTCGATTGAACATCGATGCGGTCGATATGGATAATATTTCGATTAATCCGCTCCTTTGTTACAATACAATGATCTCGGAGCCTGCAGACAAAGGTACCATCGAGGGAAGTCATCTGCCACCTGGTATAACAAGCTATTGATGAGACACTATTACAGACGGGCGCGCAACGGAGAAACCGTTGGGCCAGATGTAGACAAAACATTCAAACCTCACGCGGTATTTGATCGGTTCCATAAGGCACTGCAACCTTCTAAGTTGGAGCGCTCTAGTGAGTACCCCGTCGGAACGGTGATTTAGCTTTTGTCTGCGAGAAGCTGACGGCCTTTCCGGATACAAGGCGATCTCTGGAGCTGTTACCCACGACTGAAAAAGCAAAGTTAGAGCTGCTAAGCTACAGTTTCACAAACGGGCTAATGATAGCCCCTGTGCAGAAAATGGGAACCATACTTCAATGCCGCTACGCGACAGGGCGCAGTCTCTGGTAACGCGAACATGCGAATTAGGCCGTTCGCGCCGGGGAAACACAGCTTTAGAGTGTATCTGGACGTCTGTGAAGATGAGGCAAGTACAGAGATGGACGGGAACCCCTCTTCACGGTCTTTAGATATACCGGGCTTTAGGATTTTCCTGGGAGCTGCAGGGCCTTCCCAGATTTTATTTTATGCGTCACACAGTACCCCTAGGGTCCTAGTCAACTCTGAATTGCGTACACACGCCGACCTGGAGATGGTAAGCGTTATGTTGCTTTCTCGCTTGCCCAACCCTTGGATGTACAGCTGCCTAAGGCGGCCGCTAGAACTCTGGACCAATTTTGTGAGCTTCCTTGGCTTACCTAAATCAAACTCACATGTGGTTGTTTGCCCAGAAGGCGTGGGCGTGCGACGCTTGGAAGTTGCAGCTCTCTGGGTATTAGGTCGAAGCATACTGCGGTCCTTCGGTTAAGCTGAGACTTAGCACACATTCATACGGTTGATTAACATGGCGACTACTATCATAAGGTGTGCTAGCCTGCGCTCCGATAGACCATGAGTTTGAGTCATTGTAGGCATCGGTTAAAGATGAGGGGCGACAAATTGGGCTACTTTATGTGACGATAAGAGGACTGGTCAGTCAACGGGTTCTTCATTGTACAAAGGTCCCTCCGCGCAAACTCAAAGCAATGCCAAAGGGTGCG,1444,49.72,Mus musculus
SEQ_886203,AATGCTCCGATATTCCAATCGTCCCGATTAAATCAACGCGCCTGCAAGAAAGCGGTATAAAGAAACTATAATGGGTGACTAATGTAATTATCACAGTATTACCGACGCTCGTGTGCACGTTTCGACCAATGTTCTTCGTGGTAACGGGGGCATACCGGGGGCGCCGTCGGCTAGTTATGGATCCTTTTATTAAGCTACACTCTTAGAGCACTGACCAAGGTAGGCGATGCAATCCATACTCAGGGTCACCCTAATTTCAGATGCTACTAGCGGTTACCGCCAAATACTTTTCTCGGGAATCACAAAGTCGTAGACATGTGCCTGAAAGCAGCTGGCAACGAAAAGAGTCAGCCGTTTTGATAAAATTTCCAGCCGCACGAAGACGTATCGGTAACCGCTAGTGCTGTCCACAGGGACACTCTGTGAGGGGTAGGAGTAGTCTTGTGTCACCGCGGGTATACGCAAAAGACGGGAGTACTTTATGAATTGCCTAACAAGGATCCCATCACGTGCGCCGAAGAGCGCAATAGGAAAGCGCCGGTTGATAGCTATTAAACACGGTACCCTCATAGGCAGGGGGCGCTGAGACTTGTCGCTCGGGACGCTATGTAGTCGAAGTTTCTACTTTATGATCTCAAGCCCTCAATTTCCAAACATTCTCATTCTAGATAGGAGCAAGCACCTATTGAGCCTAACTAGTTTACAACGCCACCCGTACTAGGTTATTCTGAGTATCGGAATTCAAAGCTGCCAGTGGAAATCGCGAATACTCTGTATTGTATCAGTAACTAATATATCGACTCCATAGGTTTGTTAAACACATAATCGGTATTTGCGCCAAGCCATATTTTCGTGGATGTGCGTATATGCCGATGACGCGCGGTGAGGCTAGTACGGTATCACCAGGCGGGTCTGCCACTATAGGCCCAGTCTACGGGCTTTGCGTAGCAAGGCACCGTGGTAATGTAGAGAGAAGAAAACGCACGGCGTTGTTGCCGGCTCACTTTCTATCCTCCGCTCAATAGCGTACGAGCTCGACGCTGACTCAGTGCACGATAAAGATAACACAACACAGCCCGCCCAGCTTAACTCTGTGTTGTGCCCTCTAAACTGTTGTGGAAAGAACAGAGCTCGCGCTGCTGCAAACCGCGATGGTTCCCGGAAGAACAGGGAGCACACAGGATCCTAGACATCACGATATGTTACTCCACGAACAACACTCGGACAATAACTCTTCGCAGCTGTAAAAC,1250,48.72,Homo sapiens
SEQ_203295,CCATTTACAAGCCCGGGACCACAACTCTCTGGTACATATTTAAAGCTGGCTAGCCACGACGCTTGGGTTCAATCACGGGAGACTGTTAACAGGGCGCAGTGGGAAATAAGAGTACTCCTGAATAGGAGTCCACTGTACGCATCTACTTGATTGTTTAGCTGCGCTTAGTGGGGTCGAAGCAAGCTGAGTCGTGCGAAATGTGAAGCTTTCGACAGATCCCGGGTGAAAGGGTTCGTCCAA,240,50.42,Saccharomyces cerevisiae
SEQ_278575,CAAAGGGCAAGGCGTCTATCCGAAGTATTGTCTAGTAAACACGGGATCAAGCTGTGGGGCCAGGTCTACTTTACGAGGAATACCGCAACAGTAGCCCTAACGTCACCTTCATGCTGATGCGGAGAAAGCTAAAGATGGGGCGAAGTTTGTCAGCCCTACTACTGTATCCTTGAGTCGGGTTGCCGGTCAGCACAAGTGTCCTTAACATGCGACACATTTAATCAATGGGGAATCCCGTAACTTCGAGGCTCTTTATAGGGCTCCCGCAAATAGCGTGGAAGAAGAGAGGACTAGCAATCGTTCAAATTTGCTGCCGGCACAGAGTTTATAAAGCTGAGACGAATTCAGACCGATTCGACAAACAGGATTCTGCCATCCAGCGCCGCATCCGTGGGAAGTTCTCTTGCAATCCCAGAGCGTACCTATGTCATCCCCTGCCTTGTAACGAGTTCACTTTCGGTCAGAGAATCCGTTATGCGGACTGGGAATTATGTGTAATCGGTTTGCAGATATCAGACCGCTATTTATTTAGGGCGAGTCGAGCTCCTGTAACCTCCTAGCAGGGCCCCCATTGGTCATTCCACCGGTCGCACTGTATTGCTTGGGCACAAGCACGGTTGTTAAGGACATTAAGATGCTCTCTAAGCCATTACCATTTGGGACCGAAGGCTCATATGTTAGTTCGGTGGGTGAAGGCTGTGATTTAGGTACCCGAAAAGGCCGCGATATTACAGCACTCGTAAGTCTCCACGCTGTGTTGGTGTCAGGTAACCATTATGACACATAAGTTGTTCGGAACTGTTAATGGACTATGACATTGTCTTGGGGTCAATCCTGCAAATCTGAGATCCGCATTGACACAAATGCTGATCGCTTTGTTTCGTCTGAAAATAGTTTCTAGTAGTCAGTATTCTGGATGTAACAAAACTGTAAGCACATGGGCTCCTTCCCCCTTCGCAGACCTCCGGAGACCCATCTGGAGAAACCTTACTGCAGGTGATTAACAAACCACAATACACGTGTTTTTGCTCATGTGGTCTACTGCCATAAAGAAACGTCCTTGAATATAGTGATTCTCAACTTTGGTCAGCTCCGGGTTCCGAGTATAGCGGCAGAAGATATCGTGCGCGGTCCATCGGTAACTAGTTTCGACTTGTACGCTGTACTTTAGAAGATCACGTGACGCCCGGTTCTTTAACAGGCCGCCGACAACTGAAGATTATTGCCAACTGTTAAACGGAAGCGTAACAGATTTATGATGGTTGAAATCACGGTTCATCTTTTTCTGGAAACCGAAAGTCGAAGCGAAAGTCCAGCGCATCCTAGAAGACTGGATTAGAGGTTCTGTATCAACTACCAAGATTTTTGCAAATAGTGAAGGCCCAGGAGCGCCTAAGCACTCGAGCCCCACTCGTGACATATGGGGGCAGCCGGGTCTATACGCATATTGTAGGGGAAAGTTGATAAAGCCCTCTCCTTTTAGAAGAC,1488,47.72,Homo sapiens
SEQ_154319,CGGGCTGAGCCTATTTGACTTGCAGCCAGCATCTGCCGCATTGGAACCTAGCCACAGTGTCAACGCGCAGCATCCCTACCGCGCAGTTACAACGTGGAGTGGAGTGCCTCAGGTAGCATGGAGACGTCAGCTGAGTATCTGTCCTAGTCACGTGCCCTTCTTGGCGCTCCACTGCAAACGTCACGACTCAATTTTGCGTGTCTTATCTCTGAAGAACTCCTAGCCCTCGGGCGATGCTCGCAGTGATCGTCGAGAGATGTAGTCGATCACTCTACCCTAGACTTGAAACGCTTACGCTGTTGTATACTGGTGTGCGTACTGTAGCTAGATGCTTCGCCTGATAATACATTGGGGCCAAATAGTTGCGGCGGTTCCCCATACGCGAGTCTCCGGTGCTCTTTACGAGCGAGGCCATCGAAATGTAGGTGTGCGCAGTGTAAAATTAAGATTTATTATAAGGAAAGAACGCGGCCGACTTAGCTACGTTGCGCAGTATGTCGGCACCTCTTTGGGCTACGTTTCCGTTCAAGGGACCTGAGTCCCTCCCATGTCAGAGTTCGTTATGCGACTCCCGTTTAATATATCGGTGGTGAGTTTGCATTACTTGGGAGTAACGACACAAGCATGCTGTGGGCCATAAGATTCGGTCACCGGCTGGATGTGAAGGGAGGGAAGAGGTTGACATTCCAACCATACAAATTCCGCGGTGAACAGGGCCAGGCACAGTTTGTGGATCCCGATCACCAGTATCTGCCGAACTACGCTGAGTCGATGACTAGACAAACTGATAACCTCGGTGGAGGTTTTTAGCAATTGCAAACACGGGACTGGAATCGTTGACATGGGTGGATCAAATGGTTTTGTGCCGTCACGTGCCTCTAGTTAATAACTAACTG,896,51.23,Escherichia coli
SEQ_885108,AACTAGGACTCAGTGATTGAACAGGGCGATCCACAGCCTTATGTGAGGGGACAAAGACCATTAAGCCTAATGAGGAGTCCGCGTATCTGCCTACTTATAACTACTTCGGCAACGAAACTATCATTTCCCTGCCCCTGTAGTTGACCACTATCGTTAATCATAGACTCGTCGGTTTCTTCAACCCTAACCGTCCGATCCCGTCTTCTGTATGTCAATTAAATCGTGGTCATAAGCTGTTAGAAGTTGTAGAACCGAAGGACGTACTACTTCAGGTGTTAGCAAGTAAGGCACTCTCGACTCGAGGTCGGAATTTCACGGGACTCACCCATCAGGTTAAGTGATTGGTGAGGGTCAATCCCAGTTTGTCGTTCCGAGGAATGTCAGTAAGCCAGGGTAGAGTATGCTGTAATCCCTGGACTTGACTGGGACAAAGATGGAATCGCCCCAAATGACGCAGGACTAGATACAAGCACCTCCAGGCGTCCAGTAATGACCGAGTAAACCTAAATCAATGGACTACTCGAAATACTGAGTTGGAGGAGCTCCTACCCCTACCCGAACGACTCTATTTTGACCTATCACCGTCAACGAGTGCTATAACCTATGACCACCCAGACTTGTCGTAGAGGGCCGAATATACTCTGAACGGATCCATTTGGAAATAAGGTTCGGATACGGGTGGATAGCCCCGGGCAGAAGGCACCAGTTGGTTCCAAGAAGAGGTAGTCAATAATAACAGGCTACTGCATTCAACCGAATGACCTACGCCTTTAGTGTTAATGCAGCGACGGTCCAACCTACTGACGTGCATAGTCATTAATGAAGTGTTTGGACGCGCGGATCCTTCAGAGTAGAGCACAGGTGCGTTAGCGGTTTGGTCAAACAATTTTTAAGCGAAGAACCACTAATAGGTGACACGAAAGGCTAGTTAGGCTAAAAGCCTATTACTAGCTTCATCGCACACCCTTTAAGTTTCGGCAACGGTAATTTGGAAACCACGGACTGACCCTATAAGCCGTAGCTTTATTAGCCCATCCTGATACTTTAGTCTCACGGGGGCAAGTCGGCCTTAGGCTGGCGCACAACCGTACTAAGGAGTCTTGTTTAGAGGCTTGGAGCCTCATTACCTACAGCGATGACCACAAATTAGAAGCCGCGCATATTCGCGGACTCAACGGTTGAACATTGTGCCTTGAGTTTTCACCACACCGATACCTCTTGGAACTCTACCACAATCTTTTACGACTTGTTACCCCGATTAATGTGATGCTTGCCATATACATCGCACTGAAAGGGTCCTCTTCACGAGATTACCTGCATAGTGTAGATATTTTCGCTAGCCAGGATAAAACAGCCGCCGGTCAATCAACCCGTAAGCGGCCCGACATGCTAATACCTACTCTAATGAGAACTCAATGAAAGATGTTACGCCGGCACGTGATGCGGAATAATTGTGTCCGCTACACAAAGAGATTGGGCCTAAGTATAGCCGAAGCCTCCCCCGCCCATCCTCTGTCCAACATGCTCTGTGCCCACTTCATCTGTCCTGAGGCCCCCTATGGCGTGGTCATGTGACCTCTTAAACTCTATACGGTCAGACTGAGAGTCCAAGTTGCAGGGCTACACTCGTAGAAGCGTCAAAGTACCCAATTGATAAAGGTGCCCCTCGCCGCCGTACAAGAGAACACACCGCTGCAATGTACAGGTTACTATAGCTCGAGCGTCTCCTACCTATGGGCGAGTTCCCGAAATCTGTATTTTACGTTCTACGGCTGCTGGTCGTACTATATACTCGTGCAGTCGTTTTATAT,1811,48.26,Mus musculus
SEQ_159274,GTAATGGTACGACACACGCGGCTGGCGATGGTAACCCCGATTCATCCCATCTCACGTACAGGCCGGAACGACTAAACAAAGCCGCGTAATTCCTGTGATGTCTTCCGGACGATGCGCTAGTTCGAGATGTAATCTTGCTGTCGCACGACTTACGTGGGTTTTACTAACATCAAAGTGCGCCGCCAGCCCAATCTGAGCGAACTGTTACCTTCCTTATGATCCGGTGGGTATCAAATCAGGCATTTGCGATATGCACGTTGTGCCTAACTAGAGAAAAAGTGCAAGCAACAACCTGCTGCATGGCTAACAGTCACCACTGCGCCGGAGGTGGCATTGTGCGACTAGCTAATGCTAGCCCGCCTGCCCCTAAAATCACGCGACTATTTACGGTCGTAGGTTTTTCCTTTTCAAATTCACGCATCCGACCAGCCAGACCTGCAGCGGTCCAGAGGCGTGTCAAGAACGTCGTCTCTCGGGTCAGAAATACCGGTCTAATCCAGGTAGGGGTCCTCAAGGCTTAGCTGGAGCCCGTTGCATACTAGTGAGGGATCAGCCAGGTCGCTTACTAAAAACCCCAAACAGATCACGGGCTCAAAAATTATGGTCTTACTAGGCGGCTCAATCCGGTAACGCAGCTTGTACCCAGCTGGAACCCGCGTGCCTCTGCGAGTCTCAGATCCAAAACCGTTACGGAAAAGGCGCCAGGGGTAAGGGTGAGGTGTATCGCAGGGCCCCCGTCCTAAAATCTGTATAGGTGATACATCATGTTGCAATACCTTGTGAGTCTACAATAAGTGGCGTGTGCCGTGTGTGATGTGCGCTTACCAACCCAGGGGTCGTCTCCATGGGGGCCAAAGTCGACAACGTCTAACAGACCAGTTAGTCCCATCTAAACTCCAATATCACCGGAAGGAAGCGACTCGTGCTACGAGACCGCAGAGGCAGATCCACGCGTCGCACGCGATGCGGTTTACTATAAATGGTTTTGATGCCGGACGCTAGAAGATTGTAACAGTCAGAGCTAGGCGAACCGTTGGCCCCCATTGGTGGTCAGGACGTTCTAATACCCTGTGCACACCGCCGGCGCGCTCATCAGTGCACCACATTCAGGTCAAAGTATTAGTTATACCTTTATGAATTCGGTATCTCTTTATGAATAGCTGTCTAGCCTACGTCTGAGTGCAAAATTCGATTTCCCACGGCTTAGTGACCAGTAGATCACCAAGTGAACACTCGAATTAATATATCCTATTCAACCAAGGAAAGCCCGTTCGATGTGCCTAGGAATCTACGCTATGACCCATCGTAAGCTCGGCCACCTAGAGTAGGCGCTCGCGCACGTCGGATTCATTGGGGTGTAAGTAGTATGTTCATTACGCATTATGCCAAGATTCATGCTAATTGTCTCAGTTTAACGCCTTCATAACTATGCCCTAGGCCGGTCTAGGAAATTCGTGTCACCACGGAGGGAACCGGACGTTACGTCTACCTGTCCGGTGGTCCGGTGAAACTTATCTTGTCCGAATCTTTTAGCTAGGGACTGCGCACTCTACACATTTGACGGTTCACAACCGTCCGGCCCCCGCATGCTACCCATTCTTGGCTTGAGAAGGGGCGGATAAAAAGCAGACTAAACCGCTGCGACCTACGAAGTACCTGTATCTATTCGCGCTCAGGCAGTGGCTAAGTTTCAGTGATGCCTGGTGGCTGCCCCTCATTGAGTATTTTATTATTATATGTCCAGAGTCACGGAACTTCTCTGTGAGAAGAGAATCGTAGGGGGTCCCGTCAACGGTATGGAGAAGACAAATACTCAAGTGTTGGAGTTTAAAGATACTCCGAACAATCAGGCTGCGAAGGGTGCTTTTCAGCATTTCGCGATGCGCGACTAATGCCTCATTTACTGTCTGGTAAAACAGCTGGACAGG,1928,50.73,Caenorhabditis elegans
SEQ_587796,TGTGAGACAGGTTCTGGCACGGCACATCCAGTCACGGCCCCAATTTTATGTGGCGACAATGAATGACTATCCTAGGCTATGGGATTATCTGAGGTGACGTTAGAGGTGCCAACGTGTATTGATCCTCGATCCCAGGCAGTAGACCAGAAAAACTAGATTGAATAACGCGTTTCTCTTAGACGATTTCACGTCAGCACATGCAGTGTGTACTTTCGATAATACGTATCTGCACCTTTTACCAGCTTGATGGTGAAGGTCGAGACCGCGAGATAATAGCGAAGGGTGCTTCGCAATACAGCTGCTTCTTGCCTCCCTGGCTGCCCTCTGATTC,331,48.64,Escherichia coli
SEQ_758519,AAGCCGTCGAGTGTGATCGGTAGGTATGGCAGACGCTCGTTCTCTTCAAGATAAGTAATCATAATTATATGTGGCGATGCACCAGGTCGCTCTCGATTTAGTGGTTTGTCTGAGAGGACTGTTTCATATGTATGACCACCAGGCGTTACCGCATCTTCTTTATGCGATGTCTAGCGCTAGCTTGAGCTCGGGTCAAAATGACTTATACATTATTACCTAATTTAGTTTGTGATCTGTGCTTGGAAGGGTGGCGTGAATGTTGACACAAATGGGCAACAGCCTTAGAATATTTGCGGGGGAGAAAGCCGGCGATTCGCCAAAAGGTACCATTTATACGCAGCACCTAAGGACAGGAGGGCCCACGCTGTAAAGTTGGTACGACGCTTTCCGTCTGGTTTACAACGTGTCATTATCGGTGATGCCAACACTCTGACGCTCAGGCGTGTTATTGGTCCGTAAATCGGCGTGGCGCCAGGGGTTTGTGAATTTGGGGGCAACACCTTATATCTCCTGTAGACACACTCAGACGCGGTCTTAAGCGTTGGGAGAGCAGGGGTAGAATAAGGTGCGAACACACTAAAGCGTGGGACCGAGATGGGAGGTTCTATGACGCTGGGCAAGCCCGCGCTAGGCGATCTCTAAGCCACAAAGATTCATATCCGGACATTGTTAGCTCATGGTACCTTGACATCTTTTGAGGATGTACATTCGGGTGGGCTTCGTGCTCCTTCAGAGCCTCCTCCAGGGTACTTAAGATCGTAACTGACATTTAATGACTGCCGGATTACATTTTAGTTGTCTTCACTACATTGTGTCAGCGCGGAACGCATCTGCGAACATTTACGTTTGCCAGTTTTGTCCTCGCTGTGTTATAAAATATCGCCGCAGACCTTGGCTTTGCAAGTCGGATCTCAATACGCGCCCAGCCACGCACCATCTTGGTACGTGAAGCTGACATCTAGAGCCTCGTGTCATTGTCTTAACAGTCCTAGGCAGGAAGGTCCTCTCCAGCGACCCTTCCCCGTGCCGGCACACATCCTGCAACGTCGGTCTTCGCGATGCCCCTATAGCTCATTCTCCGGTATATGAGCCGTAGCTGGGTTGAGCGATGTACTGGTTCCTTTTATCAGATTTGCTGGGGCGACGGTATTCATTTCGAAACGAAGACCATGGTGTCGGATGTTGCGAGATATCCGCGTTTCCGTAGTATTCCAGCTGTAACGAGATGCCCTGCGAAGTCTGCCGGTAAACCATCTCCCCTAATATGACCAATCTCGGTTTGACGACTCGTCAGCCAGAGGGTGCTCGGCCCCACGCTGTCTACGAGTATCATCTAAGAAGCGACCCCCGTTGGGAATTCGAAACTGCTCCACCAGATTATCATGCCAGCAAGCTGCCCGTACGTACGCCTGCCATGACACCCCTCGCCAATCTGATGGTACGTTTGTACCATAGACAGATAGCGGATCCTATCTGTAATTTGGTTCCGCAAGCTTTTCTTTTACAAGCGTAGATTTTTTGAAACAATGGATATGCCTCTGATAGCTGTTCAAGGCCATCTCCGGGTCAGTACATGACTTTGTACAGTATCTCCGCCTCGTTTATTTGCTCATACCGGCGTAAGGAACATTGAGCACCGCGATACCATATGTTGCGCCGTATGTGGCAAGGGCCAGCAATCATTTCCAACGCACCAAATCTAGCCTGAAGCTTGAAGTACCATGTGGGCTTTTGTGGCTCCCTGTGAACGTAAAAGAGATCAATGTAAGACGGTTAGGGTCCCATGCGA,1789,49.86,Homo sapiens
SEQ_120576,ATCGGTGGTGCGTGCTTATACAGTGCGGCCTGTAAACTCTGGCCGAATGCTAAGGCTATAGAACTCAGACCTACAATACATGAGCATTTGGAGGCTTAGTGGGCCGTTGGCACCCCGCAGGGGACGTACCTTACCTGTCGTAACGTACCTTATCGGGAACATACGTAGGCATGGTACAGCAATGCGCACTCGTCCCGTATTGTCAGCCGGCTACAAAGAGTAGTAGGCTGATGCCACCTTACAAGTCCATGCAACTTCGTGCGCCATCTTAAGGTACTGTGTTTATCACTAACGTGCTGCGATATAAGGTTGCTCGCTGAGGCAAGCAGTCACCTAAGTATGTATCATAACGCTACGAGGCCACGGTCCTACCCTTCCCTACAGGCGATTGATTCATGCACGTTCGTCGCAACGTACCTCGCCGGTAGAAGAACTCCTCAGGTAGTTTATTGCTTCTACTTGTGCAGCCGTACTATGCCTTAAAGTACGCCTGTACCACACTAGTAGATGAGTGACCTGATTAACCGATTGGCGTCAATTTACCCTACCGATCATTCTCTCCGTATGTTTACTGTTGCTTCGCACCTCTTCACGTTGCGAGGGTGCTCGCAGTCTATAAGCACCGTGACAATTAACACGTCGAATGATGCCTGCTGTCTAGTCACTTAATTATATCTGCATCCATAAGGTTCATTAGGTGTTTTTCCATCAACTCATTACTGCGCTGCATGTACACCTGCACGTAACGTACGTGACCCGGTGCCGTCAAGAGATACTTTTGAATCTGCGCGTGGAGACCCACACAGATAGAAGCCTGTATACCGGGTTCTCTTAGTTCGAATTCACGTCACGCATTGAACTACGGCCCTACGTCAATCGCCTACTTTGAGGTTACGCGGGGAGGCTGAAAGGAGTGGTATAGGTAAACACCGCATTGAGCCCGCATATCTAGAAGGCCTGGCTATGCAGAAAGCTTGCTGCCACAATATGCGGAGAAGCCTTCGATGGCCGCACGATCCGTGAATGTCTCTTTCTAACATCAACTTGTAACGACGAGATTTGCCGACGATTACCGTTGGGAGCAAGGCAACTTTAAGCAAGGGTGGAGCGGAACGGCGGGAAATTTGCAATTGTAATAGCAATATTTACCACGACCTTGGCCGCTCATGCACTAGGAGGCCGGTACCTTATATTAAACCTTACAAAGTGCTCGTATGCGATCCAAAGGGCGACAGCATCGGCTTGATTGACGGGC,1255,49.72,Homo sapiens
SEQ_187785,AGTCCCTCCTCCGGCAAGATCGGTCCGTAACAATCCTCCGCCTTGGCAGAACATGCAATTGCGGATGAAGTCGGTAACCGCCCCTAGGGAACTCAGAGATGGCTGCCACATCGGGTATCTAGTACGCCCGCCCGAGGCCCCACAACGGTTCTCACAACACCAGTCAACACACCAGGTCACCCGACCCCCTCCACACTTTAAGTTAAGGCCATAAAGCTCTTCACCGCTCAGCTTTTGTTGAACTCGCCGTGAGGTGGCTAAGCTGACACTGTGGTGCATATGAACTAGCTTACCCGGAATTGCACAATGGAGCGGAAGTGCGGATCGGAATCGGGTGCCGGTGAGGCATCAAAATAAACCCAAGCGGCATCGAATCGGTAGCCGTTATACATATGCGCCACTTAACATCAAAGGCCGACCACTAGGCTTCAAGGTGTTATGTTAGGAATTAAGATACCCTGCGTACAGTGGGCTGGTCGGAACAATTCCTCGTATTACTACGCATTCAGCTAGCAGATCCCATCGAATGTGCGCACATGCCTAGACTGGACCGCCGCTAGTATAAACTAGGCGCGTCTTTCTTAGGACACCCACAGGTGCCTCGTGCCACTTTCGCAGGGAGGTAGATATCGACGACTGTGTATCCCGGACTCTTGCTCGCAACTGGTTATTCTGCGACCCTGTACCCATGACGGCCACGT,701,53.78,Drosophila melanogaster
SEQ_279038,ACCCTACAATGATGAGATGAGTGTACAACTTGATCCTAAGTCACTAAAAGTGGAACAGAAAGTGGTGACCCACTCTGCCTTATCGGTAATGCCCCTCTTGCCGGGCTTCCCGAGCAGCCGACTTACTAGTGTAAACCAGGTGAGATGCGTTCCTGCACATGTTCGCTTCGGTGATTTCGCCCCTAGATGCCGTTTCGATCACCTGCCAGCAGTTGCGTTAGGGCGCTACCTAAGCCCGCGACATGGGAAGCCCAAAGCCGTCTGATGATAGAGGAGAAACTCACGACGAGGTGAATGGGGATAACCCCACGTCAACACTTACCAGTCCGAGACTAAGTTGGGATAGAGACTACTGCTAGCTAGTAAACGGTGGTTTACCATCACAGGGCTGTTATCGTCTCTTGTTTCGGAATGTTAAAGGTCGTGGTGGGCGGCGCTTCCACTTTAGTAGGATGTGATACCACCTATTCTCGTCCGTTATACTCAACCGGGCACTTAAGGCGAAAACTTCATGATGAGAGAGCGGAGCCGCTTCTTGAGTGCGGAAACAACGCGACAAGAGACAGAAATTCTCGCTCGCTCCGGCTATCGCGATTACCGATTATCCTTTCGTCCCTATAGTGGTTGCTATCGCCCAAGCGGTATACGTGAGTATTTGGGCGATTGTCTCCGCACTACTGTGAATAATCTTACTACAGACACCGGAGTGGTCTCGCAGAACGCCACATGCTGACCAAGGGAGAGTCGAGGTGCGGGTTGAGTCAGCCCACAATGAATGCGTCCCCATATTACTTTCTGCGCGAACT,806,51.36,Mus musculus
SEQ_577127,AAGAAGAAGTCATGTGACGGTAGCGTCACTCAAGCTGATGTCCTGGCCCTTGGACGACTTCTAGCGGAGGGATAGCTGGATACTAGGCCTCTATAACACTCACCGCCACCGGGAACCAGGGGCCCTAAGATATAGGACAAACACCAACGATGGGTCATGAGGATGACGTTTGTGCGATCATACCGCATGGGGACTTCCGATGGTCCGATTGGCCCTTGTCAAACATTATCTGCATCTTCGAACCGCTTCGTATAGTCTGTAATACCCTTAGGGTCGCTCTTTCCAAAGAGTATACTGCATCAAGGCGTTGGAAACAATGGTATAGGCAGCGACGATCCTGTCAAACTTACGGAATCTGACTCGCCTCGCGTGTTGCACCGGTATTGAAGCATGTGTGTCGGAGTTCCTGGTGTGTAATGCGAAATTCCGGACCCACGTAAACTAGGTTGAGAAAAGACAATGTCTCCGGTGTGAGATCACACGCCACAGGAGCAGGATGACCACCTCGCTAACTGACATTCGAAATAGGCTTGAGTGGGCCGGTGCCTCCGATTAACGATATTCTGTGCTGCCTACATTCCGGCTGAGGTTGGGGGTGTTTCTTCGTGATTGGTGCTTGATAAGTGTCATCCTATCAAAGCGAACCCCTGCTAAGGGGAAGATTGTAGCACTTTATTAGCTTTGTTGTTATCATTAGCGTTTAATAACAGAGCTGGCGGTCCGTCGAATGGACCCCGCAACTCCGAATCAACGTCGGGCTACGATCGCACACAGG,775,50.58,Arabidopsis thaliana
SEQ_294254,AAACGATGGCACCCGCTCCGACATGTGCCCCGGATTTAGAATAGAGTTCTACCCCCTATCTAGAACACATTCATAGTGGCTTTTTTGCATCTCCCAATTAACTACCAGTGTGTCAGGGGTAAGAAGTCCGGGATGTTATCAGCTTCGTTGCTTTTTAACGTGTGGGTTACCGCACACAGCTGACTCTATGGGGGAATGTCAATAAGCCACCATGGGCTATTTTGAACGTCCAAGTACTTTTGTTAGCTAAGACACACGACATTTGTAGTTGCGGGGCGGGGGCAAAAGTCAATATTCGTGACCGGTTCGATCTTGTCGGATCAAAATGGATTGAAACCGTTACTTGACAATTGACAATCAATAAGAGAACGAGACCTTGGTGGTCATTGGAGATTTTCTTTAAAGCGCAGTGTCACACAGCACCACACGATATACGGTTCGAACAAATGACAAAATATTGCGTTGTACACCCGATTTCACGAGTGCGGACTGGGTGGTTGGCATCTAAATTGCGCTAGACTCAGTTTTGGGGGAGACGCTCATACGGGGGCTCCGAGAAAATGGATCCCTTGGGAACTGTGAACCGGGTATTAACCTGAGTCCAAGAAGTCAGACGAAATCAACGATATAAGCTGACACCTATGAGGCGTAGGAAACTAACGTATTCGGACGCGCGGTCGCCCGAATCGCACACCAACCTAAAGAGACCCATTGTAGTAGTCTCGCAGAGGAGGCCCCATCCAATGGTCCGACATCCGATTGTAGGAACGACCCGTTCCAGACACACGCACCCACTCCGATGAACTACGCGGCTACGTTCTGGCGGGCCAAACCTCACGTGAATTTCTACGCCCCTGCAATTTCGTCCGACCCGCACTCCCTTATCTTATCACGAGTACCATCAAGCCTGCAGCTATCGGTTTCTGAGCCATCACACATGGCCCTTATATGGTGCTTAGTAGTATATGTCGCGCATACGCGATTTCATGACCGCTGAGGGGACTGTCGTGCAACGGAACCTCGACGTAGCCCGGTAGAAAGAGGCGCCACTTATTGCTGTGGGACCGCTAGACCAATGCGTTGAAGTGCTAGGGCGCCTCGGCGGCGTGCTCGGAGGTCACCCTCAACTA,1130,50.62,Caenorhabditis elegans
SEQ_169113,CAGTCCAGCACCAGAAAAACGGCACCCAACGGCTACTGATTGCTTTATTACCAATAAAGTACCTGTCAACCCCCTCACTACTGTTAGGCGAGACGGTCGGTTGGCCGGGCTGTGTCTGGTTTGGTTGTTGAGATAGGCAATCAAACGCACAATATAACACGCTACAGGTCTTCTACCTCGCAGAGACACCTGGGGAGGCTTACCCTGCCATAGGATCGCTGCAACACTCGTGCGTGCGGACTCTTACTTTGTTGAAAGAGGACGGGGTTCGGAAATCGTGAGCACATTTTTGCAAACCACACTTCGCCGGCTACGATCGCGCCAGCGTGGTTTGTGGATGGTAAACCCAGAGCAGGAAACTGACGGATCCCTGTACGCCCGGGCCACTACCAAGTACCCGAAATGGTCGCCCTAATTACCTATTGTCGTTGAATGTGGCTTCGACTTAGACACTTGCTCGTATAGGATCGGACTCACACACAGAGGGTCTTGTTGTAGAACCGCCCGGATTCTACCATTGTGCGCTAGCCACACAATGTTCATCGCTCGTGTTGATGCACTTCAG,565,52.21,Homo sapiens
SEQ_896890,GACGACATCTCTCACGTGGTATGAATTGTTAGTCTTTACGATAGCTGAGTACGTACGTAGAGGCACGGCGAGTGTTTCCCATTGCGGTTTTCTGAAGCCGGGAGTTTATCTCGTATCTTTTTAGGACTATTTTATTGACCCCATCTTCCGTGTCAACCAATCGTCCTCGCTGATCAGATTTAGAGTTGAGCGCCGGAGCGCATGACTTAGACCAGAAACCGCACG,225,48.0,Saccharomyces cerevisiae
SEQ_792723,ATCCCAGCTGTAAAGCGGATAGGTTGGTCACGACCAATAAAGGGCAGGGAGACTTTAGAGTGTTCATCGTGCGACAGCGTAGGTACAACTATAGAGCTCTTCGTTCAGATTATATATATTAAGATTCCTAATCGTAATTAACTGCATGTGGGTCATTAATGGGACCAGTGCTAATTCACCGACCAGCGATGAAGCCGTTGGGCCTAAGGCCAGAAATTCATTTACGAATACATGCCTGAGTCCAGTTTTCGTCGTGAAAAACACAAAAACTTGAACCATATGCCGTTAAGTCCGCGTCGTTCTCCTAGGATCCGTGTATCTCGATACGAGCAGTGGGGATCGTGTCTTGGAGTCCCAAGACCAGCGCGGTTTCGTATCTCGGCCGACGCTGGAATGAGATTGTAAAGGTGCCCCGGCTGGCGCAGAGTCCGATCAACTTGAGGATAAGTTACCGAGTATGGATGGGGTAGCCTGCCCAAGTGCTCAGCCGTGCACTCGCGGAGGATACTACGACATGACCGGAGTTCAAGGAATTATGTTTACGGTGCGGGAATCAAAGGTGTGCGCTCCAGAGGAACTGTCCTGCTATGTAAGTTTTGCCAGAACGGGGGTTCAAATAAAACAACACCTATTCCCAATACGGGTCCATAAACAGTTCCCAACAGTATTGGCTATCGTTGCATAACGACGGCGAAAACAACTGGTGTCACAACCCCCGGTATATGCTTGTATTGTCCGATAAAAGGTTCTATCCCACATATATCTCAGTCTGTTGCTGTGAAACACTTTGCATAGATTAGCCTACTTGTGCGAACTTGTTAATGTAACCGAACTCAAAACCCAGCGACTTGACCATGACACAGGAAGCAGAGGTTAGCTACGTCAAGATGACGAGGGCGTGAGCGAATAATGGAAAGACGACTCCGAGTTAGAATACGTAAGCTTTAATGAACTAGTTTTGCTGGCAGTAGTCTATCACTTTTAGGAAGCGTTTACGCTACCGACCTCTGTACGTATTGGGGCACGGTGCTCTATCGAGTGCTTCGCTCAGTCGTTAATTAAACGCAATCCAGGGTCTGCGGCTAGACGGGTGCACGCATTAATGGAGCTAATATCGTGAAGGCCCCATTGGTACTCCCGGTGCTAATCACCTTTAGTAAGCCAATAACCTTAATGGGATTCCTATGCAGCTTAGCTTCAACTAGGCCATAGAGGTCAGCTCATTAGGACCGGATACCCAGGCAACTGACACATATGGTTCTCTAGCACAGATGTCTCGCCGTCACTGATTCGCAGGCGCCAACTTATACCGGCCGACGAATTCCAAGGGCCATCGGCGTTCACTTTCGCTTCGGTAGGCGTATTGAGTGCAGCGAATGACAGCCCCCCTCGAGCCGACACGATTGTAGCGACGTGCTGGAAGATTTTAGCTGTTATCTAATTTTGCAACACTACCAACGCATCAGGTTCGTTAACTGGTCCACACTCCTCCTTACCGAAATATCCGTCATTACATATGTCCTTACACGGCAACTGCTAATTGCCCTGTGCTTGACCGCGCGGCAACTATTCGTGACAAGCGGGTTGCCACACTGTGTGACCAGGAAGCAATTGGTCAGGGTAGCGCAACGTGCTGTTTCCGCAGGGCCCTAAGTGCATCGTACGCCATGAATATATTTGTTCCAACGTCCAAGAGTTATTCTGAGT,1707,48.74,Caenorhabditis elegans
SEQ_888823,AGTTCTAGGCCAGCTCCATAGAAGGCAGCGTAGACCAGGTAGATCGGGGTCCACATCTGATCGCATGTCAAATGCGGGTGTAAGCGGAGGACCTACGTTGCAAAGTGGAATGACTCCCTTCATAACAAAGGGGGGTGTACTTCACGGAGATCCTGCACATGGCACACGTTCTGATTACAAGAGCGCTACTGGCGGGCGTAAGTCTCTGTAGATCTTATGATCATATAAGTCTACCGTGCGTTGCTACCAATCCCATTCTGAAAGGCGGTTTTGCACGGCCCTACTCTACGGGTCCTCGCGGAAGACTATTTATAAATCGTACTGCCAGTAACTAGATTTAAGCACGAGTCGTTCACTTTTCAGTTATGTAAACGAGGTACTCGAGGACAGCTGTTAGTCTGTTTCTGATGGTTATTTTGTTTTAGCGTAGTTACTGGGCGCACAGAACGGTCACCATTGGTTCCAGATAAGAGATGGCATTGCCGCATTGGGGTATCAATAGGTACACCGAACGAAGTGCCTGTTTCGCGCTGGGACCTAGCTACTACGGGGGTATTCACAATCATTTGCATATCGTCACTGAGTTCGAGAACGATGGAGCACTTAGACTATGGCCGGAATAATCAAGCAGCGGTACCATGGAGGCAGCCCGTTCAGAAGTAGGTAAAACAAATAGAGTCCGCAGTTTCACTTCAAAGTGTGATTGTAATAATCAAAGGACACCTCTTATGTACTGGAGCCGCAATCAGGGCTATATTGCACGTCCCAGGGGAGCAATGGTCTTGCATGCATCTAATGCCTGTCATTGATGTAGGACCGTCAGGCTCCCTCTGTTCGTATTGAGCTGGTGGCGATATGATATTAACGGCACGATGAGGCAACACGTGCTTCATTACCATCGATTTCGAGTTTAGTGGCCCTAACTTTTATCCTACGATAGCATAGCGTACTACTGGTGAGTTAATGTTATAAAGACGGTGCTTCGAAGTACTGATGGGCCCGATTTTGTTTGACCTTTCGCAGTCAGCGTCTTACCCTACATACTAAACGTTCCGCAACTGTTCGGTGGTGTCACTTCTGCGCCCGGGGAGCGTCCTAAAATGCCACGCCCAATCGAGTATTGTGGAGGCCCTTCCTTCCAGTGTTTAGCTCTCTGTGATGGCGCTAGTAATGTTGGACTCCTGTTGCTCTTCGGGCGGGACTCTAACTGCAAGCGTAGGCATCGGATTCCAGGCAATGCCTCTATGCCGGGTCGGGCTTCGTGGTATTTCGGACCGTCAGAATCACGGCCTGCAACGTGCTACCATATCGCAACGCGATATGTCCGATTAAAAGACCGGCACCGACGAACATTAGGGTATTTACATTTGAAGCACCCCGAGGGGATACCCGCTGCGCAGCGTTTCAGCGTGGCACTGACCAAAGTCAGAAAGGCAGGTTTCCGTTTCCCGGTCGCAGATCATTGGGGATTGAGAGCATCGTTATGCAGTACTCCTTCGACCTTGCAGTCTTACCAGTAGGTTAAGCGTCCAGAGGGCAGACTATCTCAGTCCGGTACGATTCATTCGCTGCTAATCTTATTGCGAGTGATCTGCCGGATGCTAACTCCTCTGGTTTACCAGAGGGCGCACTGTGGTCACACAAACACTTTTAATAGGCTCTTACGAGTCTGGAACAAAACTCCGCTCAACCCAGCCCAGGTGCTGAGGGTGCGGT,1716,50.0,Saccharomyces cerevisiae
SEQ_977491,CGAGAGATTACTACACGAGGGGGCCGCGAAATGTCTCAGTGTTCACAACTCGGGCCCCACTTGGCAAGTATTGATCGGTTGGCGTCAAACGCCTCTGCATAGCTAATTTCTCTTGAGACTGTGTCAGTCGACCAAGTATTCGCGGTTGGTCAGGGATTTAGTGAGCTGAACCCCGGACTCAACGAAGGATAGCATTCGGCGGCACTCGGCCCCACACAGGTTGCCCTTGAGACTACAGTGACGCTTACCATCCCATCCGCTGACTTTTCAGGGCTGATATGTTAACGAAACGATTCAAGTATCATCGTATGCACTCTACTAGTTCATACAATACAGTTGGTACTTTCCCTGCATTAACTTCCGATCTCGCGCGTACCTTCGGTCGCAGCCGGGACTGCAGACATCATTTCGAGGAGTTGCATCATGGATGTGATTCGTCTCTATTTAGGGTAGAGCAAAGGCCCTTTGTCGTCTTCATATCCTATTGGCGGATTGGATCTCCAGCAGCCGAAGGCTGTAACGGTTTGGTACGAACCGTTACGCCGCTTGCCTCATCACAATGCTATATTATTCGATCGTACGGGCGCTTTGTGTTCCACGTTGATCGGTACCAGCGCCATGGTGGGCAGTCGAAACATGTAACGAGATTGGTCTGCAGACGCTTACACGGGACTCCGGCTGTATATACTATGCCTCGTAAGGGGCAACCCAGGACATGAGCGGATGCAAGGGTGTACGTCGAGGGCTCTGTACTGGCGCTTAGAGGTCGCTTTCCATTAGAATGTTCTCATTGGGCCGTTTCAGGATCTAAAGCTCAAGAACCAGATTCGTAGGCCAGGGGAGGGATCTTGGAGCGACCACAGGGGGAACTAACTTTTGTTGAAGCCCAGAAGAATGTTCCGAAGCATCACCCTGCCTACCTCGGTTTGCCAAAAGACTGTTATAACCAACTGAGATGGATAGCAATAGTTGGTACGTTCGTTGGACCGGTCGCGAAGACAGGATACCACTGACCCCGTAATAGTCCTCGTCCTAGAGCACATGTAGCACAGCTTCCTATTTTGACGCCTAGGGTATGAGAGGTATAGAAAACAAGGGCAATAAGCGCTGCT,1112,50.9,Escherichia coli
SEQ_520392,GCGGTGAGGAAAAGGCAGTAGAGGCCTATCCGGAAAACCCAGCCATAGTCACAGTACTGACGATCCCACAACCCGCCGCACCTACCCACAGAAGGGCCTTATCGAGAACTACTAATTGGTGTGACCTAATAGGTCCGACTTCCGCAAGGGTAACTGGAGACAGAGGGCCAGCCAGAGGGGGCTACTGGTACCCTATTTTCGGAGGCCATATCACCTGTTGCGGTGACCAATACTCGGAATA,241,54.36,Saccharomyces cerevisiae
SEQ_302598,TGGCAGTAGCTACCGAGCCCGACCAATTCTAGGAGTCATGCCGATAAGTGCTATGACCCTCTCAACTGGTAGAGCGCTTCTGGGGTCCTGTAGTTCTCCCCTCGGACAACACCGTCCCGTACCACTAGTCCGTACCGCACAAGCGCGCGGGCAAAAGATCGTGGTAGCAGTCGTCAAGTCTTACTAACTAGCAAGCTATAAGGAGGTAATAGGTCACCCCAAGTCGCTATCTAATCCCACGCTGCTCCCTCCATCTCACCAAGCAGTGACATTTAGACTCGTGAATATGTTGCTGCCGGCCTCGCCTCGTCTTAACAGCAGTTACTTCCCAGCGTGACTCTCACCCAGCTATTCTTTAGTTCAATGCCGGTATCATGTTCATGCCAGCCTCTAAGTTGTATAATATATCTTTTCGATCTCATCCGTTCAGGGCTCGTATGAGGTTAACTACCACGACGGTCGGAGTACCGAGCCCTTAATGTAAAAGAGCAGTCCATGCCACAGTAGTCAGTATTTCATGTACAGACCGTCGTCCTTAGTTCTATCAAGTCCTGCGTGGTTTAGCGCGCGTCCGGCCATAATGATAACCCGCGTCCCCCACGTGACCGACCGCTCGCTAGGAAGGGTCACAATCCTCGCGCGTATCAGATGGCCTCTCCATGCCTCGGGTCTAGTCAGGCTTAACTCGGTCTGGTGAGCAAATATAAATTAACTGCCACGGGTGCTTGGGAATGATTAGAGGCCTACGCAATCCCACGTATGCATGTGGCTCCCCAATGTTGTCATGGTTAAATAAATTAAATCCTACGTCTGTACTACTAGGCGGTCAGTCGTCAGTTGACCAACACAGCATCCGCGATCGTATTGATTGGTGCCGATATAGGCTGATAGATGCAAGAGGAAGAAAAGGTGCTGGTTTAATAGTGTTCCTGGTATGTTGGGGATACTTTTCATCTAACGGGAGCTCGGTCGAACCTTCTGCTACTCATGTGGAGAATACCCATTTAGAAAGTGCTACAAAGTGTAGATGTACAGGTCACCTCGCTAATCCATCGCTTCCCACAGAGACCGATACGGAAATTTCCAGATGGGTTGTGAGATATAAAAGACCTTTGGGTTTTTTATATCTTACATCATGGTGTATAATTCCGGTAATAGATTGCTGTGTGTTGAATGAGTGCCGGTCCGGCCCTCCGGCCTCGATAAGGATCCGCCGGAATTTGGACCTAGTTTGACCATGCTTATGAGGCCGCGGCACTATAGGCGACATCATTGATGGTCGAATGCTGCACTAGACCGATCACCATCTGCTCCTCGGCCCCGTCTCCACGCATCGACTTCAACCCATGTGCCGGATCGTCGTTGTGTCCCCTAGTGTGGGTCCAATTGTGACTCAAAACTTTCGGGTGAATACGGTAATCGGCTGGTCTAGTTTAGGTCTACAACTAATACTTCGTTCCGGGTACAGATTTAACAAAGCCGGTAACGTACGCAAACCCCTGTTCTGCGCGTAGTTCACCCGACAAGACTGTGCAGTCAAAGAACTTCTTGCTCTCCT,1558,49.87,Arabidopsis thaliana
SEQ_389196,CGTACCATGATGCTAGGACCTATTATAACGACGGCTCGGCGCCACTAAAGGCTCTATAGCTGCGGGCCTGGGGACACGAGGTCCAATGGAATCTTGTACATCAGTTGTGGGCGGGAATATAGTGATAAGGCTCATGCCCTCAAAGTTCCAGTAATGACAGAAGGCCGGCGAGTGGCCTGTTGAAAAGCCGCAAGTTAATATCAAGTTCAGTCTTGTCCTCTGTGACAGTCTTCAGGGATGTCGCCGCGACCAGCGTGTTTATCATACGCACGGAGGTCGCTCATATGGAGAGCACGACGCGGATTTGCTAACCAGCGCTGCCCGGATCAAGGGCATCAAACGCCGCAGATCGATCCATTACTTTGGGTTTAGAGCCGCTCGTTCCGAGGAGATTAGACGGCTTTAGGGTTATCATAAGGATTCGTTCATAAGTTGGCAGGATCTATAGGCCCTCTATCCTATCCGCTGGAAATTCTGGCTGATGTGGCCCATTCGATCCTGCATCCATGCTCGTGGTTGGAATGTTTACCCTCTCCCCGCTACGGCATATTTGGCGTGCTGGACGGTACCTTGTAGGTTTTGTATGGGTGACTTAGATAGAGACGGTTCGCTTTCTGATGGTTACTACGACGGCTCGGCAAGAGCTGATAGATCGATCTAGCCGACATGGCACTTCGGCTGAAGATCAAGATTTTGTGATATGAAATGAGAGTAACGACATGGTAGCGAGGTCAGACCTACCTCTAACTAGCTTGATGCTTCAATACGACGAAGCACCTCCGTGGCGTGCTAACTGCCGATGGCTGCCAACGCGACCTGTTTCTGGTGAATCACGAAAGGCGTGTATCATTTCCCGGCCTTACTTAATATTATAACATCTTACAAGTGGCAGTAGCGCGGACGCGAATGTCCGTACCACCGCTAACACCTGCTATGCCATCGTGTATTAGGATGTTGGCGCCCTCTTGACGACCGGGCTCATTACATCTGTACAGATGGAATCCTTCACGGTGCCTAAGACCCGTCAGGTAACC,1034,51.16,Arabidopsis thaliana
SEQ_163211,TCACCGACCGGGGACCACGCAGTTTTGGCCCACAACTACATCGCTTAAGTGGCACCGGGTGGCGTATCTTTATAGAAGTGCCGGGAGACTAGCCTAAAAAGAAGTATCGAACCCGTTCGAACATTAATACCTCCGCAAGGCGCTAATCGCTATGAGGCCTTGTCTGTGACCGGCGCTCAAGCGCAATGACAGTCCCCACAAGTGCCCAGTGTGGCGGCGACGTTAAGACAGCAGGTTATGAGGCGAGATTCGGCGCCGACTAGTCAACCAAGAATGCAGATAGCCGGTGCAAACTCAGTAATAAAGGGTCTCTGAAGGGGAGGTAACATTTATTGATGTGAAACACTACCGCAATACACCTCTTTTTTATTATATGCTTTTGTGTTACAGTCGAGCGGCCACCAACTTATCAATTCATGGATCCATAGACAAAGGGGCTCCGACAATGTTCACCTGGCGCACGATACCCACGTGCATTTTCGGTCCGAAAGACCCGGCGCATATATAACCTGCTCAGATAGTTAGTATTACCGTATGGGGTTTTACGGACCGTCGGTTGTACCTTGTTCCGGACGTTAAGTGGGTTGAACTGTTTTGTTGAAACCAGAGGACGGGGGTCAGGTTCTGCGGGCCAAGAAGCGCCACTCTACATTCGTGCATGCAACATGTTTGTGTACACAAGTATCAAATCAGCCAGTAGACGCAGAAGTGGTCAATATTCTGGATTACCGGGCCTATCTGAGCTCGGACGCGCTATCCACAGCTATATCTCGCCATCACCGAGGATCCAGTTCAAGGGTAGATAAATTTCCCCGCTAACGACCCCACGTCTAAGGATCAAGAAGCGCAGATGGATACGCCCCATGGGGCTGGGTTGTGCATAAATCTTTCCTTCATCTGCTTGTATTCTCTAGCATCTTTCCTGAACTCGAGAAAATATCTGCTCTCTCGACAAGATCCTGCTCGTTACTAAAGATGTCGCCCTATCACAGGGTATCTGTCGTGCATAAACAAACAAGTCACTGCTCCTCCAGAGACAGCGTAAGTGGGAGTTCATGACTCAGCCTCTGCCAAGCGAAAGTCGTGTGGATGTTGTCACCGTTACATTGTCTGTAAGACCAGAGCCCCATTTGCGGTAGGATTATGTTCATCGTACGATAAGAAACAGGTGTTCCTGCGCTAAAAACTTCCCAGAGCCTTTGCTGGCGACGAGTCGCGTTCTCCATCACTAGCGTAACGGGGTAACACTTTCGATCGGTGATCTTGTAGGAGACCCAATACGCAGCTAAGTCTTTTGGTCCAATATCAAGAGACATGTGTCCTTTCGACGGGCAC,1335,49.59,Drosophila melanogaster
SEQ_382139,CCCGCAGACTATCGGCGTTAACCTCAGGCGATTTGATAAGGATGATCAAAAACGCCTCAGCCTTCCTGAGTCATTGGCATCTCGTGAGTGAAGTAACTTACACTCTTCCAGTTCGAAATTAAAAGTATTTTCCCTCAGAACCACGTGACCGTACAAACGTCACACTTTTCGTCCTGTGCTGTAGGGCAGACGTCCCTTCCGATTGACCGGCTAGATACGCTACAATTGCCACTGAACGCGTTTCCCACGTCGTGTATTGCGTGAGTTCGGGTTAAAAGTGCTTACAACCGACATCCGATGGATGTCCGTACCAAATTAGCTGGGCGCAGTACGAGATAGAAGACAGGTCCAAGCACTAACTTAGGACGATTCCCCCCCCAAGTACGTTTGTCTAAGCTTTGCCCCCGGAAAGCGTGTTCGCGCGGCGGTATATAATTGGGTCGTCGCTCAATTAGGATTGAGTGTGACTCAAAATAATCTGTCATCACCCAAGCTATCGGCACTCTATGTGGGAGACTGATATGATAGGCGATCGGCGTACCCTTTGTGTGCGCTTCGATCACTTTCTAGATCTAGCCACGCCTACGGGCACAATAGGATAAACGGATGCTTCCCGGACCATGTTCGAACTTTCATATGCTTGGATAGAACTTCTGCCGCGTCGTTCCCCCCGGCAATATAATATAGAGAGTCTATTACACGCAATGTGGCCGTGGGCCTTATTCGAGGTCAGAAAGGGAGGATTTCGCGACCGTAATAGAGGGCAATGCCCACCAATATGCGGGATACCTTTACCTGGTCCCGCCGCACGGCCCCGCATCAGAATTTGCCTGTAGGGACACACGGCTAATGTCCACAATGGCTGTTAGCGTGCCCAATCCAGGGGGAATATAAATCTTTACGTCTAAGTTCTCGGGAGTATAAAGGGAGTGCACAGACCGTCTGAGTGCTCACTGCAGGGTAGGAACACGGCTACGGCGGTAATGCGGGCCCAATGAGGTCACTCGGAAAAGCTTCGAAGATAGTTATCACGCCGTGTGGTTGAGCACCACGCCTACTATCCCCTACCGGATTATAGGACTTAGGCCTCGGCATGTTTGGACGTCAAGATACTAATCATGAAGCGATCTCCGACAATCCGAGGTGCAGCGGACAGCGCCTTGCAATTGTGGCAAGCGCGACTCTTTAGTAATATCTTTAACAGTTGACTGCAGACGAAGGTAATTTAGTGAAGTGACGTACCGCTTTCGGACTCGGCGTGCCCAGTACTGAGCCAGCGATCCACATTATGAGAAGCCATAACAACGTTCATGGCACTAACGTCTCATCTCCTGACAGACTAGTTATATGATCCGTTCGGACTACATTACGTGACACGGACCGACCTTGGCGAAATGCCCCTGGTCACAGGGCGGTGAACGTTGAGACGGGCAGGTATGGCCGTAACGAGTGCTAGCCGTCGAGAGGCTAGTGGATCATTTATGAATGGGCTCACGCATACTCCGAGACTCCGCCGGTGTATGGGTGCTGATTGAGCGTGAGATGGGTTTCTCCACATTGATCGAC,1566,51.15,Escherichia coli
SEQ_736261,TCATTACTGATGATAAAGTGCCAAGCCGGATGTTATCTGTGGCTCAATACCTGCCAGCGTGTACAGGACTATACGCGATATGCGCACTTCTTAGTGACCATTCTCCTGGGGGGCGTCGAAACAAGGTAGAATTCAGACCATTCTATACCCACCCTGCCAAAGTGGGCCTAGCCATTCCTCCACTACCAGGCGTGACGCTATCCCTATAAGCGTAGACTGGAAGGACTAAGGAGGGTGACTTATTTTCGTGAGATGTGTCGGTTTCGACCCGTCCAGCCTATAACTTGACTTAATGGCCTCACATTACACTTTTGCATTTTTATCAGGACCTCAGAGTGTTGCGACCGACGCCACAGCAATTTAAATTGACACATTCCTCGGAGTGGGTCGACTGGGCATCTGTCTGGTCTATCTCATATTGTCAAATTATGTCGATCACAGTACTCAAAAGTCCGACCAACCCGACCTAACCGTATAATTCAAGTCGGTCTGATTAGGTGGCACCTTCTTGCGAACAAAAAGGCTTTCGAGGTGTTAGTTACCTCTAGAATCCAAGTCTTCTCGAGTGCAATTTAGACAGACTTCCTGTTAGGATCGTTCATTAACTCTTCATATCGACGGATAGGACGTTAGTCTATGGAAGTGGTCGTGCAATGCCCCCGGCCAGTCACTATACCGCCACTGCTACACGAGACTTCAGCTACGTTGGGCTAAATTCAGGCTAACGCTACGATCCAAGCGAAGGAGAGCCACCTTGCAATGCGGAGGATTTTCATCGATCGCGGTTCTACAAGGCATCGCCGTAAACGGTAAAGGATGAATACGCTTAAACCATGCTCACCGGTCTTTCTATAAATCACCCAGCGCTTAGACAGTAAACTGTACAAGTATACAGGTGAGCTGGCACCCGCATGGCCAACCTATATTTATAGGCGGTTGGCCGACTTGGGGCCGGACGGTGCATCACACTCAATGCAATGTAGGGAAGGAGAGTCCTAGCCACGCTGACGAACCATCTCACTTTGAATCTTACCCATCAAAATCGGATCCACAGCTACCGCGGCAATAATGTTACCTATACATGTATAAGGATCTAACCGGTCCTTGTATCCCTACAATTTGAATTCATAGGAACATTGCTAATGACTCGAGCGAGAAGACCCATGCGCTAAAGGGGTTACGCCGCGTAGTCTGTTACCGAATCATACGGGTCAGTCTGTCTTCACCCACTGTTACAGCGGGAAAGGTCAGACCCCGACTGGGATGTGACCATGACCTCCACTGCCCTCAATCGAGGGAGTAGCCATACGGGTCACTCCCACCGCCGAGGTGTTTCAAAGTACGGCCCGGATTAAGCTTCATTGCGCTTGTGCCTCCCGGTGCAGCCAACACATCCGGCGGCAATCCTGGATCCAACATATTGGGTGCTGGCCCAGGACGTGGCCCGCCTGGTGACCATGTAAGTCCCGCACGCCGTCCCGAGTACTTCGAGGCACTATGCGGGATTCGGGCTCGTGATGTGGCTAGATAGGCGACTAAGTATTGTACGGGCATATAGCGAAAGGGGCGATGCGTA,1576,50.51,Saccharomyces cerevisiae
SEQ_905830,GAACTCTGGCTACTGGCGGAGGCTGTACAAACCAATGCCATTTCACGCGTCATGGCTCGATCGAGTTACGGTATGCCCTCCATTGCATAATAACCCAATAGATTAATTTGGCACTTAAGATCAACGACCTTAAGACCCTACACTGAAGGCGATTCTGCGGGTAGACGACTGCACCTAGATTTCATCGGTCACTCGATCAGTCTTTTGCCGTAAGGGGAATTACGGCAACAAAGCTACATCAACCCTCATATACATATGGTCCGAATAGAGGCACAGACAGTCCGTCCCGGAGTCATGACCCCGGCTGGCCCCCGATACTACGCAGAGCGAATAGACTCAAGAGTTTCTTTCGTAGTACGCGGATCGTCCCAAAAACTGACCAAGTCGTTTAGAGTTTTTGTGCCCCCTCGTTACGAATCCCCTACTTGCCGTCGAAGATATCTGTTGTTACGTTTCGGGAAAACTTCCAGTAGTATCACGTATTTTGTTACCATACCCGACGCCTCAGCGTCCAGGGAACCCCGAGGCAATGTCCTAAAGAGCCCCCAGGCACTTTCGAATTGTTCATGGCTTGGGGTCTGCGTGCGTTTTACGCGCTGTTAAGCGGTTGCCCGTTTACACCCGGTCCAGTACTCCATGGTTCGCCCTCATTAGGTAGGTCCATCACTTCGCTGGCAGGACAAGCTAAAGCCTTCGATCCTATTTCCGTTAGGCACGTCGCCGACAAATGTCAGACGAACATAACGTAAGAGTCGCACTGTCTCTAGTGGGCTACTCGGTCCTATGCTATCCATGTTGTCGCTTCGGATGCTTCATTTGGAGGCGTGGTTACCAATGTAAAGATACTGACCCCCTGATTAGGTAATTTACGAATAAGATCCTTACATAGACTAAAAAAAGCCCCATAATTTAGCACCATGCGGTTGATATAGGAACGCGAGCGAGGTAGCGAGACAGATCTATATCGGCTGGGACGCTGTTGGCTCGGACCGTAGTTCCGCGTCGACGTGGGATCGTCTCGATCATACCGGTCTACAATCTACAATTACCTCCGGCCGGAGTTTTGAAGCATAATCTTATAAT,1083,49.58,Arabidopsis thaliana
SEQ_618403,TGTAAGTGCAGGCGGGCCCCCAGGGCTCTTCGGTAGAGGACCAATACACCTAACGTGGAGTTTCGAGGCACAAATGGCCTAGTTGTTTGCCTATATGCGTTAACGTTGGTCAGTTGGCAAGTGGAGCTCACGATGTGGTCATTCAATCGCGACACACTGTGTCACGGTATCCACTATTCCCGCAGTCAAGCGATACGGCTGGGTCCTGCTCAGATTTGCTTTGTCTCGATGCTGGGTCTTCTCGCCATAGATCGC,255,53.33,Mus musculus
SEQ_211389,AGAGGGACATTGCCTGAACTCATGTGGCCCTCGGCAGACAGGGATGACTAATTGCCTAGGGGTATCACTTGCCTAAACACGCATAGTGACTCTACGCGTCCTGCGAAACGCTCTCGGCAACCTACTCCAGTCCTCTAGCAAACGCAGCAACGTAAGCAGTGAGCAGAGGCCTGAATTCACGGTAGCTCGGGTCTACGTTCGCAGCGCCATTGAGCTTGGGGAGGGGGAGTCGAAACAATCAGTATTAGGGTAAGCGGTTCGGGGTTACTTGT,272,54.41,Arabidopsis thaliana
SEQ_695085,GGTAAGCTAATTTCGTTGAGACAAGACCCCTCTGTTCCGTCAGATGGATAGAACGGAGGAAAACATGTCTTCAGAAGCGGATACCAAAATTGAGGTTTGAGTAGGGATAAATGGGAGGAGTTGACGGATGGAAGTGTTATAAGATGTAACACTACGTTTTAATGATCGCTGGGTCCCATCTTTCAGACGTCTCTATTCGAAGCTTTTGTATAGCTTTGTGGCGCGTAATCTTTAATAC,238,42.44,Mus musculus
SEQ_497630,CCCAAAGCCGGGTTGGCGCATATCCCTTTTAGCGAGGCGTCCTACTGCGGAAGGCCCTTTACGACCTGGCTGTAGGCCACACGACAATATGGGAGTAAGATACCCAGACAGAGAACTCCCGCGGCGCCGCCAAGTCGGTCGTGCAAGTCCCTGGCGTTGAAGTTCTAAACCTGCGGTTTCTTGAGTTAAAAGTGCATTCAAGTGCGCTTGCCAGTCAATCACCAAACCCCTCCTCCTGGAAAAGTCATCTGGCCCTAGAGGTGCACCATTGAGCCTGAAACGCTTCTGAACGATACGAGACAAACAGAAAGGTGGAGGCGCTCGAATGAGCGGCTCAAACACCGCCAATGGAGCAACAAGCACACGATAACATCACTCTAAATACATTCCGACCTGACCGTTACGTCCAAAGATGCGAAAGAGTGCATCGGTGGGGCTCTGCCCTAGTTCGGAATGACTCAAGTTAATGT,470,52.98,Homo sapiens
SEQ_121052,CGGTTCTAACTTGTACATTGTGGGGCGATAGTGAGCGCATTCACCACGCTGCGCGTAAACGCGGAGTGATCGATTCCCGGTCGAGAGAGACCAGCGCTCGTTAGTTCCTAATTGTTGAACTTGTAAGAATATAGTCTCACCTTGGCTAGTCCCATGCGGCCGTAGCGCCTGACTTTGGGCAGGTGGTCGGCCTTGTTTGGAAGTTCAAGCACCACTAGCCACTAGCCGGTTACATTGGCATTGTGCTTCAGAACGCGAGTGAAGGAATTTTCGTTGTCACTGCGGACATGCCAGTTCAGATATCGGTCATGCCGACAGCTCGTCGAGCACCCTTTTTCTAAATCCTGAGGACGGCTTGAATGCGAAGGCCCACGAGCACGATGGTGGACGGTGTCCACTCCCAACACACGCATATCGAGACGTACTGCGTTCGGGCCAGTGGAGTTACGGGACCAGCGTGCTACAGGTCGCCGTGATATGCAAGAGAGCTCACGCGGACGTTAACACTTATCGCAAGACCCTCAGGCTAGATATCTTGATCTTCACGGGCCTCGGATGGGGGCGCTATCGGAGCTAACGTATTTGACTAAACTTCGACGGTAAGTCTAAATGCCACCATCACTGGGCAATTACATACCTTGACCATGCCACGAATACCCAGCATCGCAGAATCTAGGTATCTTAGATCACCGACTGTTACTACTGATCCCATTCCCAGCTTCAGGCCGTAGGATGTTTATTTGTGCGAGATTATGTGAATGTCTATGACGAACCGAGTAGAAGTGTAAATGCGTATACTGCTTGGTGAGACAACCGCACTCAGCACCGCTGGAGTTTAGTGGTTCTGGGTTACGTGGCACTGAGGTGGGATTCATACGTCCTCACTTGTGGGCGACTGTGGCGCCTCGTATGCTGGTCCGGGCGCGCGCTGGCACTGGATCGGCGTTACGATGCCGAGATTACGAGGGTGGCCTCACTTGCAGAATTTGAAGGGAAGGATAATTTTTGATCGAGCCGAGCGAGACCAAGCTGGTCATCTTCCGTCCCTGCCGGTGCCCCGGGCCCTCGCTCTCCATGCAGTCGGTTAGTGAACTGGTCTCTAGTATGTCAGCCCCTATGGGGAAGGGGCGCAGTATGTAGTCCTAAATTACTGATGGTATTGGTCGTCCGGGCAGCCACGCACCCCGCCGTCAACATCGCGATCAAGGGACTGTTCGTTATCCCGAGCACAAGTACTCCCTTGCTAAGGGAACCATGTGGCCTTGCCTTCGGCGCACGGGTGTTTAGTGCTGACGTCCTAGTGTGTCAGCTAGTAACGAATCGGCGAATATGCAATAGGATTACGTAACTCGCGATTGCGGGGTCACATGTGACTTCCACGACGTACATTCTCCTAAAAGCTGCTATACTGGTTCCAAAGCGCTGGGGCTAGCCGTCACCTGGGAAAGAGTAAAATTCCGCTCTCATATATTGCGCAATCCGTCTAGGTGACAATGCCTCTGCTTTAGTATAGTAGTGATGTAACTCGATAACAGCCAACATAAAATCTGACGTTCTATCGCGAGTGCCTCCCCCACCCCTACTTAGTGGTGCGTCCACGTGGTATTCGAAGTACCATGCGACCAGGTATGCTCTACTGCATGACATACTGTAATATAACCACGTTAAGCTTCTAGAATGCGAAGCGGCCGATCGATGCAGCTTGATTCTCGTGTTATGCAGCCTC,1726,52.49,Caenorhabditis elegans
SEQ_250555,TCCAGATTGTTTTGGTTGAAGCGCTTACCGCGAGGGCCAAGTCATCCTAGCAGACTTTTCCCTCGAAACACACTGCATACGTCGGGACGCGGGTCGCTTGGTATATCGGATAGGGACCCAGTGAGACTAAGCTCGCTTCAAAGCGACTTGCCCCGCGCTGACCTTGATACCGAACTACCTGCTTCTAGATTTCGCCCAGAGCTCAGTCCTCTCTAGTGTTCTTCAATGTCCCAGAGCGCGCCACATTCTGCTGGCCGTGATAGACCTAAAATTCCGAACAAAGGCGCATCCCGGAAGCGTTTCGATATACTCTTTGCACGGGTTTACAATGCACAGGACAACCCTGCCACTAAAGTCGACAGTCCTGTTGAAATGAATACTGTTCCGTGTAGTGCGCCCACTAGTAGATTCGTCGAGCACGTTTACAGCGAGTTATGTCTCACTCGTTGCTTTTCCATTGAGCGCGGTTTGTTCGCACCATAATGAGGATTGGGTATCTTGACCGCTTCGGGGGACCCCTCACACGTGCGACGAGGCTCTCGCAACATCTGTAAACATAACCAGCTTTGCCGTGTATTCACCGACTTGCGACATGTCGAGACAAACCTCCAACGCGCGCTGGAGGGACGGTGTCTACGCCACGGCAGCGGAACCGAACACACCTTTGTAGAATCGTCAACGCCGGGAAGCTTTGCCCTCACAGACTGGCACGGGTCTAATTTGGTGCCCACGCGCTATACATCCCATCTTACTCTCTATTTGGCATTTCTGTGGCCGGTTTTTATGGGCAGGAGGCGTGAGACCTGGAATATGACGTACCCCATCACAAACTATATTAAAGAACCTTCAGAAGCTCCCGTTTTGAAACCATAAGGAAGGTAGTTCGCGAGATCATTTCGTTCAGCACATCCCATGGCGGCTATGGATGCAACCGAGGCGCGGTGTGGCCTCTTCGTAGGGGCGGGGCATATAACCTTATGTCCCCCGAAAGCTAAACGTTTCGTCTTCTTTGATTTCGCCGCTGTAGGTGACTCAGAAATCGTGAGGGCACAAGGACCAATCAGGATTTTGTAAAAGTGTTCTCTTAGTACGGATCCAAGCGTGGGGCACCAATTAAGTCTGCGTTAAAATTTCGTCGGCCTTAGCTCAGAATAATGATTGCCTACGGCAAGACCAGGGGTCCGGATCATGTCCATAGTGAGAGCGGAAGGTTCGCTCTTATACCCCTGAACAATAGAATAAAAATCCTATCATTGGAACACCTGGGCGGTCTAGCCCAGGAATGACAATTAACCAACTACGTATCATGAGATAATAAGCAGTTCCCTTAGTTACTCTATCCGACTCGTAAGTCGGTTAGATCATAGGAGTGCATTCGTAATAAACGACTTTTACGCCGTGAGTCCCTCCTGACTGAAGGGCCATTCGACTTGTATGTACACCAGCGATCTTTTGGTAAGCCTGGATGCCACCGAAAGTGTAGTTCAACTTGCTGAAGTACTAGTATCCGGTACCTACAAACAGTATGTGCACAATCCCGACATGCGCCGCTGTACAGAGCCTACGTGGCTATGCTAGCCAGCGTCGCCATGGTAGCCGACGCTAGAAGTTGACCGTCCCTTAGGTGTATCAGTCGTGGTCCTGGAATTTTTAATGGTGGTTTGCACATAAACCCGAGA,1679,50.39,Arabidopsis thaliana
SEQ_721114,TAGCCATTTAAGACATGTGCTTTATTCGGATCACTACTAGTAGTTTACACACCCCTCTTGCAAAGTGCTCTACATTCCCCCCCAGTAGAGGACGATACAACATCCGCTGACGACCGGAGGTTATGCACCCGAAAATATCATGTGCCCCGCTACGAGTGATTGGCCACCGATATAGCCGATTTGACTGCTCGCAAAGGGTACCTATCCGTGTGGAACGTTTCGATGATGCGGGAAAGCCGGGTAGTGCCGTACAGATACCTTTCTAGGGCTAAGTATTTCCACATCCCGTAGAGAGAGGTCCACTCCTACGGCGTCCGTGGGTCGTAGTCAGAATCGGGAAGGGGGAGCGGCGATTCCCAATATAGTTCGAGTTCTCCTCGCAGAAGTCGGCTGAACGGCTTTATAGCGCGCAAACCCTGGGGCATATTGTGCCAACGTGATCCGGAAACTGAGAGTCTGTTCAAAGCATGTTGGGTCACGATCAGGGGTGTCTGTTGGTGCGTGCTGGTGTTTAGATGGGCGTCTTTCCATTGCGCCATTCGGGGGTACCGTCGACAACGCTTAATGCCTGATGATAGGTTCGTTCTTCGCTAGTCACCCAGGTGTATCCCGAGAGATCCTCAGTGCTGACTCGTGTTCGCCGGGTGGACCGCCCCCTCAATAGATGCAGTATGGATGGTTCTTTAACATTTCGTTGGCTGGTCCGTAAAGTCCAGTGATGCTGTACCTGATTCGACTGTAGCTACACACGCACCTCTAAGCAATGCCCGGCCAACGGTCTACCCCCAAAAAAAGCGCCCTAAGCGTTCGACCGAGTCCGCGTCGTGTTTGGCAACGGAGTAGTTGACAACGTAAATTTAGGAGCTTAGTGAGCTTGATAGCATGATTTGTACTATTCCGCTGGAGGTGGGTGGTGTGGTGATTGGTTGGACTTGGGCTCTCACAGCCCGCTTTTGACTATGGCTTAGGAGAAGCGTGAGAGATTAGACTTTCATAGGCACATTCTCAACCGTCATATTCGCGTGATAAAGTGCGATAGATCGCTGGGTATCCGTTAATCAAATCAGTCCTCCATGAATTAGTAGATTTTATCATAACTCACCGACTTCACTTTCACCGACCCCGAAGGTCTGACCATGTGTTACGGCAAGGTCTACGACCTATTGTTCTCCATTCAAATACAACATACTATGGCGTTGTTGGAGGAGCGTGAGGAACGGCGACGATTTAATAGCCTACTACATGAACTGCACCCTGCCGCTGCCAGCTCATCGATGAAAGAACTAGCTGGCCACGGTTAGTCGAGGGCGCGGCCTGTTCAAGATTGTATCGATTCTGTGTGAGACCTACTGAGGGTTAATTTGTGCTCGGTGCCAAAGTTATCCACGCGTGCTCCTCGTACGGGCCAGTACTTAACAGGTAGTTTGGTCGAGAGCTACTAGGTATACTGCGTCATTTCCACATACCATCCGGGGAACTAGCCATCACACAATGTGCGGTATAATCCCGAGAGCAACCCATTTAATTGCTGTCACATGTAGGCGTTCAGTCTTAGTCAGTAAGAAAATGAGTATTTATAGGTATACGCTCCTAGCCACAGTCGCGCCAGACAGCTGAACATACTCCCGACTCAGAAATTGGCCCAACGAACAAACCCACACGTTTAGGATATCGGTTTACTGACGTTGCTAGAAAAGAGTGGTCTAACATGTGTGACAATCCCTACGCGCGCTCTCGTATTAAAGCCTGAAATGTCCCCACTCGCAAGGATGTAATGCCTATGTGCGACGGCCGTATCCGAGTACCGTCGAGATGTCCCTATAGCAAAGTCTGGGGTCAGATCGAGGACTCTTGTCTGGGACATCAAGCCGGTATTGACGATTCAAACACACATGTAGAGCGCCAACCTAACTGATCCAGTCTAGTTAAATGATTGTCGGCAGGTGTCAGGGCTTAGGACAGAAAGTACCCCGATATT,1978,50.15,Escherichia coli
SEQ_510184,GTGACCGGTCACTATATCTGCCGTCAACTCATGAAGAGGGCAGGGTCAATAGACTCCAATCACATCGGCTGTCAGGAAGACCCCGGCAGAACAGCCCCCATAACTAACATCACGGGGTTCATAGCTTGTGCCGACATCATTCTGTAGGGCCCGTGTTTGATGATATTACATGCATCAAAGGTGCACGTACGACGTAAACCAGACATAGCATCAGCTGAACAGAGTTAGACGCTAAACAAAATCCGGTGCCCGGCGAGGTCAACCAGTTTCGAGGTC,276,51.09,Saccharomyces cerevisiae
SEQ_508061,GTGGCTGTAAGCCCGACTTGATATGTGTGCATAGCTCACGGCCGAGATCATATCTGCTATCCGTAAGGGAATGATCTTGGCGTCACCTATTAAAGATGTGGATGCGATAAGTCAATAAGTTAAGCCTCTTTCTTATCGCTCGAGGAGCTGTCGCCATTGGCCACGAAACATTCGATCGGCTCCTTGACGTCTGCATTACGCCGGTTTAGGACCCGCACGGTGCCTGTGAGAAAATTGGGAAGGTGGCCAAATGGTTCCAGACGGAATTAATCGGCCTTGTATACCTGAATGAGTCTCTATTCTACCACCGGTTTGTGACACTCACCTCGGTAATAACAATCGTATTCCCCTTCTTCCACGAACGTAAGTTGAAGGGTCGGCCGCAGATGGGTTACGCTCGACGAAATCTCGCTTGGAAACCCTTTGGAATTCCCAACTTCCTCGACAATCCCACCAGCCACGGGGCCGTCAGTATTATACCTATATTGGCTCAGATCCGAGTGTCGGCTTGAGACGACGCAATCACTTTAGGGTAATTTAGCCGTCCCAGTAATTCTAGCACAGTAGAATCCAAATTTATGGCCGTGGCCCTAGTAGAGCGGTTACTGAAAGGAGATCAGCATTCTCTTGGAGGTATAAGGATCCTGTGATCCATGCCCGGGCTGGACTAACCATACTCGTTGCCCGATACGACGTGCTATGATTCAATCACGATGATGTTCAGAGTACGGGCCCTGTGCCAAAGGCATATGTTTGCAATTTCAACAGGACTATTTCCCCAAAAAGGTTCGGCCGCTCGCCCATTTTGCAGATGACCTGTTTCGGGTGTCGCGCCAGATTCTCCCTAACAGCCCTTCTGGATCTCTCAGAAGAAACGCACTCGAAGTCGCGGTCCTTTCCCATTCGCGGGCGCGTCCGAACAACGTCTAGGGGATAACGCTCAATTTTTCATGGAACGTGCGCTTCCCGAATGTGATTGTCAACTGTACCAAGTCATCACGGGCCCGATTATTGCGGATACAGTCCCTTCTGTAGGGTTGCTCGATACGGGCATTGAAAGTATTTCCGGCTCCAGCAGTCAGACCCTGCGTGAGAAGCATCGATTCCGCCGAAGGCCGTGACGGTACAGATCTTAGACCGGCTTGCAAACGACCTACTGATAGGTGCCAAATCCCCTCCGGCTCGCGTGGTTCGCTAAGTATGGATTGGGAGATTTCGGAGAGTTCTGCGTACTATGACTTCTGAGGTTGCCCACTATACCCATGGATCCCTAGCTGCGATCTGCCAGCGGTCTTTCCTTATGGGTCGGCTGTCGTCCAGAGGAGCAGGCTGCGCAGCAGATGATGAGCCAGATCCCATTGCGTCTATGGGTTATGCTGACGCTGCCCTCAACATCCTAGGGTGACGGGGGTCTCCGTCAGGGCCGGTTGACATTGCTCGCGTTAGGCCCACCTACGAATGTCAGAACTTGGCTGCATATTTGGGGCTTCGCGCCTTCCTCTTCCTATACATGCTTTGGACCGTAATCAGTTCTGAACCCACGACACAGGTCAGAATGTTTCTTTTGAGAGGCTGAAATAGTGCGTTGACACCAAAGAGGGTTTATGTCAATAACATATCACGCCCCAGGTTGGTCAGAGATCATTAGGATGGATCGGTACGCAGCTAGCGCGTATGTTACGGGCGTCACGGAGGTAAGTCCAAAGTGTCTATAGCCACATTCTACTCGAACGCGCGA,1738,51.55,Caenorhabditis elegans
SEQ_623987,GGTTAGAAGTCAGGGCGCGTGGACGAAATTCTTCCACCTCCAGGGGTACCACGATTAGTCGATCAATTTTGGGCGCCATTGCGAGTCCGCACAATACTAATTTAGCACTGCCAGAGTGCCAATGATGTTACTAAGACGGCTCGTTCATGCGCTTGCAGCAATGTATAAGTGCACCTGTAGCGTCCGTGGGTTGCAATCCCCCACTAACTATAGCGGACGCCCTAGATCTCGCCATGAGGGTAGCACTCAAACGCAATCCTTGCCAAATCAATTGGGAGACTACAATGGGCGGTTATGAATAAACGTGAAGCACACAACTCTACATACGTCTAGGGACCTAACTTAAGGCTGACTAGAGGCTCGAGTTATTCTATAACAGTTTGTTTCGATACTAAAGACCAGGCGTGCACGGCAAAGTTCCACTGAAATGGTTTTAAATTACTTGAGCAATCATTACGTTTGGGTGCTGAGAGCGTGCCGAGTCACTGTAAGGAGATACACCCATAAGGCGTTTGCCGCTGGGTCTACTGCTAATTTCCTAACCCGGATGATTCTAGGAAGGCCCTAGAGTCGCCCACTACACGCGAGCCCGTTCTGCCGGCCGCCAGGTTGGAGTTTCGTAAGTCGGACTTGTTGTCCTGTGGCCGGTAATCTCAATGCGTTGTGTATATATAGCTCGAACTGGACGACCCCATCCGCATGTAGTATGATGGTCTCAACACTGGTGGCAAACCAAAGCAACCTATCCCTGGATACTATGCGTAGATCTGAGTCTCGATGATCCGCCATCGACCACCCAAAGAAACGTCTTGACGAAGGTAGCTTATGGGGTGTTAGTGGAGAGCTGAAGGCTAGCGTAAGGCGGAACGCCACCGTAATTAGTGTATACCTTGCCCAGGGATTTCGAACCTTGCTCCACCACGGAGTAGATTCTAATCCCAAAACGAAAAAAAGAAA,957,49.43,Arabidopsis thaliana
SEQ_903624,TAGTCATAACCTACAGACTTATTACAATAGTTTCTCTTTGGCCGTGCTCGTCGCGAGTTGGAGAGGCGCAGAGAGGTACGTCGCTCTTCTAACCGGACTTTCCAGCCTCCCGCGCAGGTGAGGACACGCGAGAAGGGTTGCAGGCTCCGACAGCTGAGCTTGCTTGTCTTTCCAGTAGTACAATCGACGCATTACCCGTTCAGTAGTCACATGATATCAAGAGAAGCATTTGGTGGCTTCGCGGTCTGGCGCGAATGAACGTTTCAGAGTAGCACATAGGCAGTTCCAGCCGGGGCGTAGTAGTAAGCCTCATAATACCCGAATTCACCGCAACGAGGCCCTCGGTCAATCCATGCCAACCCAACTTCATACAGCGTTCCTGTCTGAATAAAAAGGCATACCGTAGAAAACGGAGGTGCACTGTTCAGCGCGGGGCTTACAACACCGACGAAATTCCGGCCAACTTGTATTGGACTAAGGCCAACTGACTGAAAACAAGCACTGTTAAGACTAATACCCTAACCCAAGCGCGCAATAGAACTAAGGGGCGTGGCGAAGGTAACTTGGACGGTGACCGAGAGTGTGCGGTCACGGGAGTTTACGTGAGAAACTAATTGTTTATAAGAGATCAGTCGATTAATTTAGGGTATCCTATATGTGAACATCACTGATCGGTGCTGGGCGTTTCTGCTAATCTTGAGTACCGGGGTCAGCGCGAAAGGTGCTTGGAGAAGATTTATGGTACAACACCAACATTGTCTTGTGCCATCGTGAATTAACTATACTCTCGAGTGCCCCACATAGAGGCGCTAGGCCCGCATGTCTCTTCATAGAGGTCCCTCGATAGTCGAGCACTCCGAAACCTAGTTTCTCTTATCCAGTTAATGGACCCGAGACTCATAGCGAAAGTAGATGACTACACTGGTTAGGAGGGTTCTGCTAGACGTAATAGCCGACTCTCAGCCTGGGAAAGTACTGCGTACAATCTGTGACTAAGTTGGTAGGCCGGTCTGGCAGACAGCAACAACAGCCCGTATCCCTGAACGGGGTACTTTTCCGGCGTGTTGCGTTGAGCCCGACGCGTGATGTTGTGGATCCATCAGTTATTCGACATATCTGGTGTCTTCGCCAGTTTACCTTGCCCGTGCGAATCACGTCGCGTATAATCCCCACCATGTTCTCTTATGACCGTAAGCGTGGTGGTTGAGCGATCGTATTTTCTTCCATTTGATCTCACATTTGGTTATTTCAAAGGGTTTTAGTACCTGTGGCGCTGAACCTGTTCATTATATAGTGAGATCGATGTGCCTCTCAGCAGAAACCGTGTTACTCTTCGATAGCGGCTGGTGTAAGAGATAACTATCGATCGCAGTGGTAAATCTATCACGTTCCACCAACTTCTGCAGACTCCCATGAACGTCTGCCAGAATGATATAGCAGATAGCAAGCGGCTGTCCATGAAGTCAATAAGTTACTTTACTCCCTGCGTATCCCCTTCCGCTGGAGCCTGACCATGCGAAAAAGAAAGCATATCCTCAAGCTGTAGGACCTTTACTGTATAAATATAGTGCAAGCTAATGTCTTCTGATGCTTATTTTGCCCCAAGTCTTGCCCACTAAGCTTATGTTAGGGATTTTTTTCCCTGTTAGTTAATAGTCCATTGATTAAGCGGCTCCTAGTTTGTACGATGTGGTGAGGGTTACGCGAAGGGT,1712,48.48,Drosophila melanogaster
SEQ_647075,CTACCGAGCGTAGGCAACTCGGCCAGATTAGAAAAGTCATGGAATGTGCATTACACTTATCTCATAGACCGCCGGAGGCAGAAGCCCGAGAGAAAACCACACGTTCCTTACAGCCGGAGAATCCGTTGCGGACAGTAGTCGTTATGCACAATGCGCACAAGCGGTCATGTCAGTACAAAGGTTCTGACTCACTGTGTGATCCAAGTTTGAAGGCCTTGTCCCACCGACTACGCCCACGATTCGCCAACGTATCGGTTCCGGCAGAATAAATCACATCTGGGCTAGTACCTTTTGGGAAGCCACTTTATGCTGCCGCACAATACTGTACCGATTTTTGTTAAACTCTGACTCGCCGTGCCAACGGAATAACAATTAGGATACTTGCTCCCGACAGGGGACTCGCCCGATGCTGGGCGGGCCTCCCAATCCGATTGACCGCACTGGATCGCCGTAACTAACCGGTCCTTCAGCGTAGTCTGCAGGAAGTATTTCAGCACTTTGTTAAAGTACGCTCATACTGGTGGTGTCATCCTAGCCCCACAAAGTGGTCTTCGTCAAGGAGAGGTTGTTCGGAATTTAGTTCATCCCACTGTTATCCCCTAAGTTCTCGTATAGTTGCACGCGCGTTAAACATCTCCCTTTCCTCTATTGCCATTACTCAATTCCTTTGAAGATCAGATACTCAATAAGATCAACACTTCGCCTTGTGCATCTACTCAATCATATTACCCGTGATGTGACGCTGTGAGACAGGCCCTGTATTTTTGTACGTAACCTCTTCAGAGTGAGCACGTCCCATTGATTCAAACCGAAAGTCGCGGCCAATATAACTCTACCAACATCGGTTATTACGGGAACCTACTTCAAGGACGCCGCTCGGTGCCAACAGGTGTCTGAAACTGAGGCCGATGCAACAACTTCACAATGAAAGCGACACAGTAAACGCTTCGCCAAAAGAAATCTTGTGTCCAACATCGGACTCCATTCTCCCGGGGGGACTCTATTCGGATTGGCCATCCAAACGTCCGACTAAGACTTAACATTTCTATCTTGGCGCTCAGTGCTGTTTGGTGTGGAGATGAGCAGCCCACATTATACGGGGGAAAGTCTTTTTATCAGCTCGCGTGACCATTATGAGGCTCGTGCTTTGGGCCGGCAGCCGTTTGTTGTGGTCTCGGGACGTGCCTATCTAGCTAAGTGCTCCGCATAGTCTCGTCAAGTATAGCACGGGTTAGCTCTGTTACAGACTACAATTGCATGGCCAGTGGTCATACGCTCCACCGTTTGTTGGCGTTCACCCGTTTGACTCGACGAGAGCCT,1320,49.85,Caenorhabditis elegans
SEQ_467306,GTTACGCGGCCAATGGAAAAACGCGAGGTTCTTGAAGCGAGCGAGCACCGTTTACGCAGCTCGAATAACGAAAGCGGGTAACAAAGGCTCTGTACGGACATGGGCGGGAATACTCGAGCGTTAAAAGAGATACTGGTGTCGGTCAGGCCAGGCCAGGTTCCCTATCGTTTGCGTAATTCAACCAGCCGTTCACAGCGCTACAACCTTGGGCGCGGACAGTCCTAACCTCAAGAAGCGACGGCGCCGTTTATTCTGGAGAAGCGTATTACTTAGGGGAAGCGGTTGAAACACCACAAATTCAAGAACATGGTCATCGAATAACGACCCTGCACACTCCGGGAAAGCGTCAAATTCGGCGCTATCGTTGAGTTCTAGCGGTTTAGGGCCTGGCCCTGCCGTAACAAGAAGCTCGTTACGCGGATTCTTGCACAGGA,434,53.0,Caenorhabditis elegans
SEQ_764461,CCGATATCCTCCTTGGACAGATACTAGGATGAGCCTTTAAGTTTTGTAATTTCGATCGCAAGCCCAGTTATCATCTACTGAACTCATCGGACCAAAAAGTGAAATGGAAATCGAGCTCGGGGATAGTACCGAAGATCACATAGCTCTATGCCGGGAAGCCGGGTTCAGTGTCACGTGCCATGCACGTGTCATCGCTTTGACCCGTTATGGTGGGATAGGTGGAGTTAATACGAACATCACAGTCAACTCGATGGAGGGGGCGCTCTGGCGGCCACACATGCAAGTGTGCAACCCGCAGACTTGGCCTCCTGCGACCCAGTCCTTTGGTATAGGATCAAGGCGCATTATTTTTGTCTCTACGTCATGTTTCAATAAACTAATCCCTAGATGGAGATAGCCTCTATAGAAGATTCATAACGTAATCGTGTTGACGCGATACACTACAGCCACAGGTCCTTAATTCTAACAATACCGCATCCGCCAAATAGAATGGTTTATAATTCGCGTCCAGAGTAGTACTTGATATCCGGCCATGTCGTGCCTGATGAGGAGTCGTCGGGAGTTTTGAGGCATGATCAACTTCATCTTTGTCTGGTTCCTGGGTAACTGGATGGTTTGCCTTCCTTAAATGGCGGTCCAAGAGAGGGATACCTTATTTTATTTATTCTTGGTCGGGCATCGAATCTGAGAGAGAAATATACTCCTAAGATTAGATCCGGGCAGGTGAGTGGGTTGTATACCCTAGTCAAGTGTAAACCCCGGAAGGCGTACGGAGCAATGGCGGACTTGCCCTGTACGGTACAGGCTTAGCTGCGGAGTTCTTGCGTCCATTCTAGGAACCCATCGTTGGTATCCGGTATCATCCCCGTTAGCTTCTATGAGGCGAAGATCTTAAACCAAGCCAAAGTCATGCCAGATCGCATGCCTACCGCTGAGAAGATTAGTTGGTCAGTGCCGGTGAGGTAAAATACGGCTGGGTAGTGGAATTGCAGGGCGGTATGACCCCTAGCCATTGGGATGATGATGGAATGAACCGCGTGCGAGGGTGGCCTTGACGTGGGGATGCTGAGGTATACCGCCTCTCTACACGTACTGTCAGCTGCCACAACGAGACCGCGGAAACAGGCCCTTACGGTAAATGTATTAATACCGCAAACTGGATTTGTCCGGGGTTTGTCTGACGACTCATTACTTTTTGCGCCTCTCTTTGAAGTAAATCAGCGGTCCATCGTGTACACTTAGAAAATCCCAACCTGCTGACCGGATGGCGCAACGAAGTCTCTCAGTTGCGAAGCGATCCAGAGGTCTCCCTCAGATAGCTAGGGCACG,1329,49.51,Drosophila melanogaster
SEQ_683913,ATCGGCTTAGAAGGTCCAATTTAGACCTTTCGCAAGGAGCTAGTCAGCCTCACACGTGTTTCCGTTCTTGGTTGAGTAGGAGCGTGCGTACTCTCCGCTACTATCCGCCCTACAATATTAGCGCGGACGCCGGGGTCCGAGCTACCTGTTCTTAAGTGCTGGTGACGTCTACTTTGTGACTATGTCGAAGCAACCTTGATAATCGAATAAATATTCTATTTTGGAGTCAAGTCTGCGTACGAGGTCATCTGTGCCTTTTTAGGACGCTGAGTGCGGGACGTGGTACCTATGACCCCGTATCACTTAGCCGCAGCCGGACTGGCAGAATAACTGACACCGGTTTCCTGCTCGTGATGTTTAACGTTCAAGCATGATGTTTTCCATGAGACCGACTAACCTCAGATTTCGCAACACCCCGCGGCGGCCTCCGGTTGTAGCTATTAAAGAACACACCAATTTGATCCATTTGTGCCGCAATTTTCAGGCAGTGACCTCGATATCTGCCCATAGTGATATGCTTATGTCTCTATGCAGTGGGCAGAAATTGGATTTAAATGGTCTCCGAACGGTCCCCACTGGCTTAATTAGTACCGGACGGATACCGATCCCTTGGCTTAGGAACAAATTGAGTGGGGGACTCGTCGATTGCTTGGTTAGGAGTCCGGTTACCCGTGTACCTCAAACTGTCTTACGCAATCTTGCGGTATGTATTTATGAGATTGTCACGATTTTCACACTTGAGGAGCAAACCAGCTAGGTCATTGGTAATCATATTTAACTCGCATGCCCTTGCTGCCTCTAATTTCACGCGGTGACATAGCAATAACCCTGAGCTAAGGCCCTCGACCAGTGAACGTTTTGCGTAACAATTGAGCTTAGACGATCCTAATGAGGTCAAGAATCACGGCCCCAGCTCTAGTCATGATAATTCTCTCATCCCGATATATCGGTTAGGAAATGGTTCTTCCGGACACAGGGCGGAAGCGTGCTATACGTCTCGGTGAAAGCAATACTCCCGGCTTCGACTGCGTCGTTCTAGCGCTTGTGGCGTGTCTTTGGACGGTACTTGTAACACATACAGCCCAGCCTTGCAAAGAGATGTCGAGGATTCAGACCCAGGCGTAGCCTGTGGTCGCTGTGGGCCTCGATTGCCGCGCAATCTCCTCCACCAACGAATCACCAACGTTCCGGACCACTCATTGAAAAGTTTTGTTGTTGACCAGGTTCCACGCCGACACAAACTGAGTCGTGTTAGGTGTTAGAGATCACGACGTTAATTGTCCGCCCATGTAAAAGAGAGAGTTTAGGTATGTCGGGGCTTGTAGACCTCCAACCCCGGAGTCGCTATACCTGAATATAGAGTCATGGCACCATCCAGCCTTTTCTCGTTCGAACCCGCTCATCTCATGGTCCCCACTATTTATGCCGTCGTAGCTCCAGCGGGCAGATCGTCGAGTCAGAACCCCTGCGCTATAAATAGTCTGCGGATGAGACGCGCAGTGCTGAGTATCTAAAGTAGCATAGAGTAGGGGTCCATTATAGGTAAACTGATGCCCATAGCGGTTTTACTAATATTTTGTGGCTTTAAACTGGTTGAATGGGTGTACATCGCTAAATGACAGAAGAACTGTGCAGAGCAGTCCTCTCGGGACACTCTTGACTAAAGAGCACCGTCGCCGTCAGTCCGTGTACGCAACTGGTAAACTACGATATCCAGAAAGGCCATGATCAAGTATCTAACTAGA,1745,49.17,Caenorhabditis elegans
SEQ_361997,ATATACGAATCCCACGGCCACCCCACACTTGGGTTGGTCCTTCCACGACGCAGTCGGGATAAAATATTTGAGGCTTTTTCCAATTCACACCAGCCACCGACCAAGCGCAGATAATTCAACATATACAGATGCACGCAAGTATTTCAGTAGTCGTTTTAATCCATTCACATTTTTTAGATCAAGGACTTTTCCTTCATCATCCGGGACACCGGAAGAATCTCAACACGTCTGTCTGCTTAGACCGACTGGAGAACTCTCTCGGATTTCGCACCTTAGCTCAGACCGCACCATCGAGTTCGATCCCCCCGCGAACCGCTCCTAAGGGTAGGGAGATTATCGCCTGGCTATCTTGGACTTATAACTCCGTTTGCTTTGCGAGTGGTCAGTTGGCGAAGGGATGAGTACCCAAAACGGTCGTTTCGTTCTCCCGCCTTTTGTGGACAATGGTCCAGACATCCCATCCCATAGAGACGCACCGTGCAGCCGAAATACGAGTCTG,499,49.9,Caenorhabditis elegans
SEQ_788456,GAGAATAGGTGACTCGTCTAATCTGGCAGTTACTAGACGGGGTCACTGGTCGAACAGCCATGCCCACCCTGTCGAGCAACTCGACGAACCTAAGCCCCAGTGAGAGGGGGGGCGCATAAGTCAAGGTAGTTTGCCGGTCCCCATTAGGGTCATTGCAATTGTATCGGTACGTTTGGGCTATCGCAGTACCGAGATACCGACCGCTATCTACCTCATCCTATCAACTCGCCTCGGGTAGAGGTTAATCCGGACGGACGCCCGCTAGAGTCTCGGCTTCAATTGCTGTATTGGGCGCGGGATACGGTGTACTTGCGCTATAAAGCCCCGAGCGTGTCTCGACCTCCCTACGACACGGCTATAGTTGTGATCCCGTAAGGCCCGACGTTTTGACCGCTTAGTCAATCTAGTACGGCATCAGGTGCCTAACCAGATCGATCTCTGA,442,54.75,Drosophila melanogaster
SEQ_641721,TGCACATCGGGTAGTGCACACGCCCAAACAGCGTTTAGCAAGGCGGGTGCCTAATATCTGTGATTTCATCTCCTTAGCAGCCCAACAGTCTCTCGCCTCCGG,102,54.9,Caenorhabditis elegans
SEQ_647547,ACCTGTGTCGCGTGACAGGGTGAACTCGACCTAACATTCAAGTACTTTGTGACTTTTTTATCGGTAATGGTCCAAAACAATCATCAAATTATTTTAACCCCCCATCCCCAGGACTACGAGAACATGCTCCACCTGGAGTGCTTGTACGGGCCGCTGCACTTAATGTAACCGTTTTGTCCAACGTTAAATTGAGGGATAATCAATCACAGTTCAAGTGTACGAATATTATCAACTTTCCATCTAGGCACTTAAGCGTGGGCCGGTTTGAAATAGACTCGAGAGGGCGTACGGGGCTTCTATCTTGGCCGGCGTGTATGTGCGGCTAATTAAGATGTCCCCGAGACATCCACTAGAGCTGCGCCAGAGCGTTAAATAAATTGAGCAAGTAGTCACGAGTGGCTATTAGACGAGACCGAAAGGGCCACCCGATCTATAAAGGATGACGCTGTCGTAACTTGGCAAGGCCGCCACGTGACTCATATTGCATGGTTCCTGAGTGCGCTGCCGTGGGGGTACTATGGAAACGGTGTCCTTGGGGGGTCTCAAAGTTGCGTCACTACTAACCTCAGAGGGTGAATAGTGCATAACAAGGC,593,48.74,Caenorhabditis elegans
SEQ_798678,GTCAAGCCGTGAAGTGTGTTTTAGTATAAAAGTGGTGGCGTTAGGTGCGATTACATTCCTATCCTATAATGACCGTCTACCCCTTAATGCGATGCTGCATGTACTGAAGTGAAGGCCATTTTCGTTCTCTAAAGACTTTGTATATGCGTGGACCTACCCTGGAGCGCTGTCCACCCAGTCGGGGTAAAGTCTCCGGGTACCGTGAAGTTATTCGAGTCAGTATCCAACGAGCCGTGCTCCAGATTGGTGTAGTGTCCTACGGTGTGGGTCCTCTACCCAAGCTATTCCAGCACTAAAGGTAGAGATTCTAAGGTGGTGAGGTAGGCCAAAGGCATGCTTTATAAGTTAAACGCAAATATCCAGGAAGTCTTGTTACAGGGTACATTACCCCGTTATTCAAGAATATTACGTATTCGAGCCAAAAGCGGCTGCCATGTGTGCCATGGCTCTGAGTCTTCCACATCTTTGAAAACAACGGGTAAAAGGGACGCGGAATGTGCCTCCACGATCTATAAGGATTCGTAGTCTGAACCAAGAGTGGCTTAATTGCAAGCCCGGAGGTAGTGAGTGAACAAGACTAGTCTACCAGGCGGAGCGGTCCAAGTTAATCACAATGCCGGCATGACTCTGAACCGATGTACTCCAACGCCGACTATAAAGGCGCTTGTCAGGTATAGCCTAGGGTAACAGTCTAAGGCGGTCTTCGTAAGCTTGCAACCCGCGCGATAGAAAGGAGTACACTGATGATCCCCGACCCGAGTGATACCGTTCTGGATAACACTACCAGTTACCCCGACCAAGTGTTGCAGTGGTACGTACTACTTTTTCGCGAAGTGACCAGCCTCACGGAACTACTGTACCCCATTTACCTGGGTAATTACTCGGTGTGGCCACCTCTTCGGCGG,905,49.28,Mus musculus
SEQ_799627,CCTTACTGATGTTCAGGTTAGGATGAACGATTCTCTTTTAACCTAGGCTGTTCGTACACAGAGAAATAATTGTGAAGCACCCGGTGAGGTAGAGAGAATGAATCTATAATCTCCGGGTAATAACCCTTGAGCATGACGGTGGCGAGACGGATTTGACTATACTTAGAAGGTACAACTGAATGGGGCGGTAGACCTCAAAAGGATGGCGTCTTAGCTGGACCCACTTAATGACTGTCGGTGGTCACGCAATCTGTTCTGCCTAGAGATGAAGACATCGTTAGTCTGCGTTGTCTTGACTGATTGTCTCT,308,45.78,Homo sapiens
SEQ_516141,CACAGAGTAGCACGACTCCAACCAACGTGATATTTAAACGCGACGCCGTGAAATAGGTGCACAGGGGTGTAACGAGCATTTCGATGAACTACTATTGATTGTCCGCTAAAGTCCAAACGCAGAGCTTTCCTCTTATCGGGAGTGCTCCGGTCCCGGCCCTGGGAATCAGTTGTAAAGGACTACGCCGCTTAACGCAGCGTTAAGCATTCCTCAGATGACGAACAGCTATTCCATCAAGGGTGGACTCGATCTGATACGCAGCTGTAGTGATGTGCTCGAGATCCGGGGAGCATGGACCATACCCTCTACCAACCTAAAAAGTTCGTGGTAGCCCCTCGCAAGGATGAGGGGGACATGTCGTCTTAACAAAGATTACAAGGGCTGAGTTGACAGATGCTATACTAATGCTCGGTTAAGCAGCTTTCTTTGTGGTAAGGTGTAGCTACTACCAAGGCGTTGGCGGCTTGTGTAGGTTGAGCGTAGCGTACGACACCCAGCACAGCACTGGGAGATAACAACGAAGTCACGCGCCTCAGACCTCTACACCTACACTAGCGTAGTTCTTGATCACTTGATATGGCTCACTTGGTGGTGTGTTTCCACTGAGTGACCTCCAGCTACCCAAGATAACAAAACTATTCTGTGCGTCTCATTAGTACACGTTACAATCCAAGCAGAAACTCTAATTTCGGAGACATTATTCAGCTCGTCTGAGAGACGGCACGCCGTTCGGCAGCGTCCCGGGAGACTTTGGTTTTAGGTTTGGTCAAAGTCGCCACTCGGAAGGGTATACGTAGGGGTCCGTATCGATCCCGCATTTGCATCGCATGTATGGCTTGAAGGGTGAAGAGGTTACAACCCCTTTTTCGTACTCAACCATTCGTAAGGAGCGCTATGGAGTCCGGAGGCAATAGACCCACTTTTGGGATCGGCTAGCTCAACTGCTGACTAATGCAGTTGTATGCGATGGTGACAAGGGACAACCCTCCTGTGCACCGGAATAAGTTGCCCCTAGCATTCAACAAACGTGAGACGCGTGCGCGCTAAGATACTCGGGTGAATGCTGGCATGGACCCTGGAATAGCGAATTAGCCATTCCTCGACGGTAAAGCCGGCAGTTCGCATGCATGTCAGGGTTTGGAAGTCAGAGACCCGCCCCTCCCCTCACCGCAGTTAAATACCAACTCTAACCATTTACCTTTCGGAAGTGAGTGAAAAGAATAAGTAAACGTACGTGCTGTAGCGTTACACGGGCTAACACCTCGATAGCCACGTATGCGCTTGCCTGTCACAAAGCAGACGATTGTAATATCCTTTTCGTCTTCATAAATTAGCCCCAGGACGCGAGGATTCGACGATTATCGTCTGTTCATATGTCAGTGATTTGCCTGTACGAACAAAGTGGGGGTACAAAATTAGTGTCACTTCATACATCTAGCATCGCTGCACTCGCTTTCAGTTCGTGCTTAGACACCTGGCTTCAGGCAAAGTCACGTTCCGACGAAATATCTTGTGGTAGCATGATATAGGGATTATTGCAGGAATTTCAAGCTCTACGCCCACATGGTCGAGACCGGGCACAACCGCTAAGGTTACACTAAACCTAGCTGCTTGTTTCATTAAAGTTCTTGAGCGTCTTTGTGCGACTACGCGCGAATTGCAAACCTAAACCTCTTTTTTCAAAAATCTAGCTACAGCATGCCTTTGCACAGTAATCGATGTTACGAGGATCCTGTCTTAGTAGCCCAGCGAATGGGGACCCCAAAACG,1769,49.24,Escherichia coli
SEQ_985698,TAGCGGTCTGAATGGTCAACCGGCGGTACCTCAGTCCATAAGGCAGGAGAGCGAGACTATGCGGATTAAAGGAGCTGCTATCACGATGTTCATGATCGTTCTAGTTGAACTTTTCTGAAACCCATGTCGACCTTGCCGAGTACTGTGGGAAAAAGGCCACCCGGCAATTGGGCTCACCTGAAGTACCACTACGTCAAATTTACTTGAGTGCTCCTCCGTACCGACCTAGGTCCATCGTTTACACCCATCCCTTACCCTCCTGCAGACAGCGTCACGTCGACGATGTCAAACTCCAATCGTGTGGACGATCTGTCGCTTAACCGTGCGTAACGCGGTGGTTCCAGCAGAGGAGAAACGACTGAGTTTCTCAGCGGAGCCCACGCCTGGGTAGGGATAACCTGAGATTCCAAAGCGCGAAGAATGTGTCCACGATCCCCAGAGATTGCCACGTGCCCTCGAACCGCACCTTTTCGTCTCAGAGGAGCCTGTGCTCTCGCCTGAAACACCCGGCAGAACATGTTTGCCTTTTTCTAACCTATGCTACGTTTAATCGACGTTGGTCTACGGACTTAAGTGCGCGGCCGTCATCGCCCGTTAGTACGTACCCGGTTATGATATTGCCGGGACGGTCCAACGTTCATATTCCTTTACGCATTCGCTTCGGCGACCGTGGTTGAATTCCCGTAGGTAGGTTTCCTGTGGGTACAAGGAGGCTCTGAGTCGGAAGCTCCGTCGTGTAAGAGACCCGGCATACTGTGCCTATAGTGGCTTGTCCGGGTTAGGAGTTGATGTCAAACTGCTCCATGGGTCGCGGGGGCGACCGTCGTGGACCAATGGGGAAAGTATCTCTACTTGATAGCCTGATACGCTCACTTGGTGGTCCAACTTTCCGGCAGAGACCAGCACCAATCAGAACTAAGAAATCATCCCTCACTTAGGGGTGCCTTACTATGCTTTTTCCAGTTGTTGTTTCACCGGCCGGGGTTAACGAGTTTGTCTGGTTATAGTGTTTCTGAGATATAGGCTTCTGACGCTTACTAACCGTACAAAGTATACTCTCTCAGCTGGTCCCCGCATGCTCTCCTTTTCGACACCGCTATACCAATGTACGTACGGGTATGACACTAAACAAGTGGCGCAATCAAAACAGCTCTGTCGTGAGATCTGTCTCGATTGGACGCCACATGAAGATGTTTCCGTAAGGTCCGCTTCTACCATCCCGGCAGGCAAGTTGCTTTGCCACGTGTACCCGAGCGAAATCTGCT,1265,52.17,Mus musculus
SEQ_152696,TACGGACCGCGGGGAAAGAGTAACCCGTGTAGTCCGTGTCCTGCAGTTGCGTCCCGTATGATGTCAAACCATGCGTGCAAACTATCTACCAATCATAGGGGATCACCCGGGTACTCAACAGAGAGCAGTGTCAGACAGTACATCTCTCAGCAATATTGTACTCGTATGCCATCAACTATCTTTATCCCACAATGTGGAAACACTTTCTAGGTAACACCAAGGTCGGTGTACCATTTACACTGATGGGGGC,250,48.8,Drosophila melanogaster
SEQ_228559,CGACTCCGTAAGGTCTATGTAGGCTAGCGTCTCTATCTTAATGGTGGGCGCCATTATGCATAGGCAGGGCTATGTGTTATGGTACCGAGAATAGATCGAATCCCGCCGGGCCACAAACGCGGCCCAGCGATTATACGTAGCTTTAAGCACTAGCAACAACGGAGGTGTAAACCAACTGCCAATCGTTCTTCTAGAGAACCTAACTGGATTACAAGACCTCTGGGCGTACACAGAACCCTATGCGCAATCAGTTTGTGTGAGGAGTAAGCACGCCTAGTGTCGCTGCACTCGGGTGACAGATGTTTCTATTAGCAGATCTCTACTATGTAAATCGCTGGCGCAGTTTGGGGTGTCTATGGAAAGTTGGGAAGGCCTCGCTATGGTACCCATTCGAATGGTTAATTTTACATCATGGGGGCCAGTCTTCATACAAATCGCTACGCCAAGCGGGAATGCCTTCTGACCAGTCCGCATATGAGTGTTCCTCGCATTGGCCCTCCGTGGGCAGCCCTAAAGCCTCTCCGAAATCCGTCCTTGACGCCTCATGGCGCGACTATATAGAGCGTATAAAAGGTCATAACTATGGGCCTAGACAGCAGCGGTACCGTTGTTTCTGTAGAGCACAACGATAGTATTGTATTAGTTCTAACGATCCATG,658,49.7,Saccharomyces cerevisiae
SEQ_446535,CGTGGGGTTTAAAACTGGAACCTGTCAGCGTCAGCGTGTCAGATATTTGAATGCAATCTGGGTCGGGGGATGTTGGCCTCGCTGGGGAGTACGTATCAATAACACAACCGAGAACCAGAGGTTACGAGACGGGGCTGCTCTACTTGTTCGGGTACCGTACTCCCAACCTGATGAAAGGCGTACGCCAGTCAGTCTAGAACATTTGGCGAGTCGCTCTATTTATTCAACATTGGACTTCCACTAGATCCGCGGAACAGAGGCGTTGACAATTGGTATCGCTCGTTAGTCTGCCCACTGCCGGCCGCACGTGGATGAGGTCCGTAGTCCATGAATCCTTCGCGTGCCCCCCTGAAGTCGGCAACCGAGTAGCTATTATTTACCCCCTCGAAGCCAACTGTCACCTCATGCAGCGTAAAACTGTAACATACCATGCTGCTGTGGTCTTTGCAGACCGGGTTATAAAACTGGTGTCCCTAAGCTATCTAGGTCGAGTAGCGATACTCAATCATCAAAAGCGATGAGTAGGTTACCTATGAGCTCGTAGCTCTGTAAGAAGATGAGCTGCTAGGCCTATAGACTCAATAGTTCGCTTACAGGTGAGGCACGCAGACCTTCGCCATACCCTTAATCATGAAGGGGTATGTCCATAGCGGGATAGGGAAGTCTGGTACTGCACGTGATGTAGCGAGGATTCGATCATAGTGACGCTCTCAGAACACTGTATCCTAGAGGTTTTCAGCCGGTTGGGGATCGTCCGGGTGTTGCTGATTGAGCAAGATAATTCGCGTGGAATGATTGGAGGGATGGTCTTGAATCTGATTCTAGCTCATCAGACCGTATGCAATGGTTGGCTTCGAATCTTCTTAGCAATGTCGCTTTAAAATACATATTACATTGTTTATTGTATCTCTGTCGGTTTTCTGTGCGGCCCGGACTGTTCTAGCGAATTTACACACTTTCGAGTAAGCGCACCGACGCCGCTAGGTAGTGCGCCGTCAACGAAACTGGCTAGGCACTTGAGATAAGTTAAACATCGAACGCGGCCGGTCCATGTCCGCGAGCTACGCTGTTCTCCACTTCCTCTGCGATTGCTCCTCAACCGCCGAACCGTTATTGACAGACAACGACAAATCTAATTGTTTTAGTTCGGAGCAACCCGAAGAGAGGTTTTTTCAATATCGAGGAGTAAGTTACTCCCTCTTGTAGCCTCTACCAGTTGGTTGGGTAAAACTAGCCGCTCAACATGCGGTCTGCCGAAGTGTCGCCAACTTCAACCTCTCCGATAGAAAGACTGTGGCTGGCGAACACGTCCAACGCATCCGCGGCCAAAACGCACTCAATTATGGTAGAGTCACCCGTTGTCGAGGTCCTTAACTGAAGGCAGGGCTGGACCAGAATAATCCAGGCCGATTCCGAGAATGAGTCATGGAGCTGGTGAGGTACACTGAGAATGCATGCCCATTCCCCGCATTCGGGCCCCATAGTTCTTGTTGCATGTCACGCCGGACGGCTGG,1514,50.66,Escherichia coli
SEQ_414385,CAACGGAACTCTGTAAACAGGCCTCGTAGATTCAGTCTTCGCACATACTTTTGGAACTTAGTGCCGACAAGGCTATGTGTAGAGGCCGAAGCTTTGAGTACGCGAGAACTCTGGCCGGTTATGTAGAAGCCGGACAAGCACAGGGCACAAAGGCAGTTTTTAGCAACTTGGTTTACTTACAATGAACTGCGCGCACCCCATAATTTCGGGCAGGGTCAGCTTTAGTAGGCATACGGGGTCGGTTTCCACTGTAAATGGGACCGCTTAGAAATTCGGGAACCCCGCATCCTGAGG,294,50.68,Saccharomyces cerevisiae
SEQ_397151,GGTACGAGGTGCGACCACCAGAAATCAACCGAGTCATCAGACGTTCGGCCGGACCCGTTGGACTCAAGACCTTTGCCACCCTCGGGCCTGGCTGCTGACGGTGTGTAGACCCATCGAACCCGAAACTGGACGGATACTACGTCGGCGAGATGATCAAGCTCCATACGAGACGCGTCATGTTGTTGAACCGTGCGGACACGAACAAGGACTACGTCTGAGACCGATAGGGTCCTCTAGGCGCTCAGGCCCACCACAAAATTTCCTCGCTAAGTTGTTACTGTATCCAGGCCTCTGATTCCATCTTGGTGAGAGTCCACACGGCTTACTCTATGGAGGCGTAAGCAGTGACTCTTCCGGAGATCAACAGCGTTGTTTAATAAGAACCCCTACCTGAGTTGAATCTCCACATAATTAAGACTCTATATAGTCCTTCATGCTAGCTTACGAGAAGGTTGAGGTTGCAGATCGCTGATAAAATTCGTTCCCTCAAATGAAAAACTGGTGTGGTAGCAGGTGCCGTTCTGATAGATCTCTGGCAAGTAAAAGCTGCGGTGGTGCCTCTTACTAAGTCCCCTTGAGCCGTCCTGTTCATTCCCTCCTTTTTGTATCGTTAACCCCATGCTATCCGCAAATGCCCTGCGTTACGTGATCTCTTTCCTTGGGAATCCTAGAAGCGGTATTAATACAACCCAAACACATTTCCTGAAG,708,50.14,Caenorhabditis elegans
SEQ_248708,AAAAACAGAGGTCTCACCTTTACTTGAAGCATTTGGTTGATAGGTTGACGTCATTCCTGCCAACGTGCAACAAGGTGTGGCAACGCGACGTTGCCCGCGCGTTCTGGTCTTCCGTTATAGGAAAAAAACCACATCAACTAGAATATCCGCGGATAACTTTGTGAATGGGGACCTTTACGCCAAAAAGTTCTAAACAGCAGTCAAAAGCGGACCAGCATGTGTTCGCTACTGACCTCCCGGCTTATTCCCACGCCCAGTTAGGCTCAGGCGACCGACTGACATTGACTTTAGATGCATGATAAATTTCGGACAGCCCTAATGCAGGAGGAGCGTACCCGCGCCAACACAAGGGTGTGTGGTTGTGGTTGCGTAGTTGGGCCCATAGCAAACTCAGTATTGTAAAAGTATTTTGCATGAGGCCTGTCGTTAGATCTCTTGGTCTCTTTACACTCGAGTCTGTAAACACAAAATGCATAGGAGTGAGTAATGTCTCCACACAGGGTGAGGGCGGTACCATTAAGGGGTGTCGAACCCGATATGATAACGTCTGTACGGGACCCGCATGCGATATCACCCAACGGAATGAGTAAGTCCGCAGTTGCGCTAGTCGTTTGTTCATGCCTACTGTATGCAAAGCGACATTAGGTGATTCTATACATCGGCGCCGGAGACTCTGCCGAGCGATCGGAAATCCGGAACTAGAACGCGTCCGGAGCGCAATGAAGGGCCTATAGTGTGGACCGATTACAAAGCGGACCTTCCGGTTTATCCTACTCTACTCACCACGGTCAGACAGTATACCTCTTCATGGTAATATTCCGCCATGCAGTGGCGTATAACTGACAATAAAGTCTGAGTGATCCTCAGTCTGAAATGACACGCAATCGGATCAACCCGTACAGCAAACTGGTGTAGGTTCAACCGATGCGTAGCTACAGTTCCACCGTCACGATCCATGGCTTGTACTCTGTTCAGAAGGTAAGTCCGGGGCCGAAGCCTGGAAACGTTATCTATGCATGCGTGCCTTACTGAACCTCACAATTGGACGGGCCAAGGTGGTTTTTTACCTCATCGATATCGTAACCCGCTGGGTATTTGCATGCCCGAGGGCTGTCTATCCTAGGGAGAACTCGGGTAGTCGGGTCCAGGTTAATACTACCGTCAAAATCGTTCATCATAGAGGACGGGTTGCATAAAAAACACTGAAGATCCCATTTTGAGTTATCAGCAGCGCGAGCAGAGCGAACGTCCCGTAACCGACGGAGGTGAAATAAACGCCGCGAATCAGATTATGTGACATTTTTTCAAGAGATACATCCTC,1321,49.21,Mus musculus
SEQ_593322,CTGGAAGCGTGAGAATCCGACATCCCTGTACCGTAGTCCTGGCGACTACTCCGGGTACCTTGTGGGTATCGTGATCAACTATTAGCCTAAGTTACCTAGTACCATTCGTGATATCTAACT,120,48.33,Escherichia coli
SEQ_494629,TACAGTGGTCTTCTAGTAGAAGGTGGTAAGCTACGGCATCTACCCCCGGTGACGTGCCGCATGGTTTTAGTTGTAGACGAGTGGGTGCCATAGTAGAGAAATTATAAAGAATTTACGTGGTGCTACATGGTCACGAGAGCGAATTGCGGAATGGATTCCCGCACCCAGAGACCGAACATCCTGCATTTGCTGGCATACTGCCGTGAGGTGTCACATATGGAGAGAAGTTACTGGATTGGAGATCGGCCCCCCTATCATCCAATAGCGGATACCCGACCTAGCTAAACAGCTCGCTTGGTTTCACACACGCCCCTCATGTGCAATTATGTACATGACTGAATCCGTGGTATACCAATGACTCCGAGTGTGCAGTATGCCTTAGCTGCTCCAAAGGTCCGGGTCCGCCAGGGCCCTATAAAGACTATCTTCTTAAGACTTGGAGGACCGTTTTAATGCACCGTGTAGATACCCAGACGTCGAGACCAAAGTAGATTAGAGGTCTCCGGCCCCA,511,50.49,Drosophila melanogaster
SEQ_771410,GACCTCATCTCTTGTGTCAAGCCAGTGCTGGGAGACCGAGTAGAGCGAATCTCAGTGAGATTTCCCATCGGCGACCTTAAACTGTCCAGCCTAAGTCGCACGTGGAAATTTCCCAGTTTTGCTATAAGGATCGAAGGTAAGATGAGCACCAGCTCCCCGAGGACTTGTCGTGAAAATGATTCGCATGGACAAGTGGTAAGTACGGTAGGTGGAGCCTACGTCATTTCCAGTCGGAATTGTGGTAATACTGATCGACACGCTTTCCGGACGACCTTGCTAACAACTCACTCGGCCGAAAATGTCCAGCTATGCTTTGCCTAATAAGATCTCTAATCACCGAGATTCGGGTACCAAATCGGGCTGCTCTGACGAGGAATAGCGAGATCACGTGAGGTAGCCAACTTGAATCCAGGCAAACACGGGTTCCCCGAATTAGTCCCCATTACGAACTGGCCGAGGTCTGCTAGCGGCCCCTACTATACCTAGCTCCCTCGCTATCGCGGGGCCCGAGAGGTTTTACGGTGTTCGGTAGTGGTACGCGTTCCGCCATGGGCCGTGAGAGGGCTGCCTCTTACACAATGATAAACTGAGTTGAACGAACCTTGTTAAGCACAAACGGGTTAGAGTGTCCTACGACGCACGTCGGGAGTAATCAACTCAAGGAGTGAGCCTACGGTGTTACCGAGGATCGGGCCCTCATCTTGGATCGGTGCGACGATCGTCTTAAAATCTCGCTCCCTGGAGTCAGCGCTCGGCAGTTCTTTGGGATTTAACGGGGTACTTGAACCCTAGACCTGGATAAGTTCGTCACCACGACACGTCTGCATAGACGTTGTCGCGCTGGGCGTCTATGCGTGTTATTCTGCGACTAAGGGGCTGGACGTAGTGCCTTATTACCTCACGAGTGGGCAAGCCAGACTATAAGTTCAGCTATACAGCCCAGCCTGAGCCTAGCCAAAGAGTTGCGCGCGGGGATTGCGCAATCCCGGCCCCCCTTGCCCTATGTGCTACTCCGATCACTACGAACGCAAGAGATACAAGAGTGCTAAAGACAGTGTTCAGTCCCCGGTCTTCTACG,1078,53.06,Drosophila melanogaster
SEQ_526626,CCTGATGGCACGATTGGGTTAGCTGGGATTATCTAGTCGATACTTTTCACCCTTACTCAACGTTTTGTACGATTGTCCGGGATTCCCCCAACGAACCACTCGTGGTTTATCATTGGACGGTTATTCTTCCAATAAGAGCCGTAAGGTTATCCAGGAATGAAACGCGGGGACGGCAGTTGTTCAAACAACGGTTGTCACACCTTGCCGGAACTGTACTGATACGCAGGCGTATAGGCTGGTTACTAGATCCTCGGGGTTAGGTCTCTCACGCAAGTATTACGAGACCGTACTGCCTATAGTAGGCGCCGGATTATGAGCCGCCCTAAGCTTGT,332,49.7,Mus musculus
SEQ_686851,AATCCCTTGCCAAGTTCCCCGCTTCGGCTCCGACCTCGCCTGGTGCTACACTGGCCCATACCAAAAGTGTGCGGGACTGTCACTGCGTAAGGCGGCGCTCGGGGGGCTAAAGCCTCGGGCATTGTCGAATCAAGCTGTCCTACTTAATTTACTCCATCTTGACAGGCGAGTATTACCCGATGTAATCACTCCACATAGAGTCTTAACGTGGCGATTCGAAAGGTTGTACCAAAAGGATAATACTATACCAGGCTACCGCTCCTAAGTGGGCTCAGTTGATGCTATTGACACCACCCTCGGCAGCACGCACAATAGATTAATACATCAGTCGGACGCCCGCGTAGACTGTTAAC,353,52.12,Drosophila melanogaster
SEQ_216562,GCTATTATCCGCGGGATACTTTCCATGCTTAATATTAATGTCAGCGAAGAGAGCCTGGTGTAGAAAGTTAGCTAGTCGTGGGGCCGAAACCCAAA,95,46.32,Arabidopsis thaliana
SEQ_736326,ACTGCCACAATAAAAGTGAAAATACTTGTGCCTGAAGGGTCGGTGGGACCTCACTTGAAGCTTCTGGTGTAGTAATGTCTCGCCTCTAATAACGAGGGTAACCTCGGGCCATGTGCATTAAGCGCCGGGGACAGTCCGGTTATAGGCCCAACGTGCGAACACCATCCTCGGGCAGTCATTACTGGGTCACCTTAGGCCGAACTCTATAATCCCGCCCGGACACACTATTGATGACTATGTGGTACTTTCCATAGTAGACGATTTATAGGAAAGCTAGAGTGGTTAATCGCGCCGATGTCTTAGGG,305,50.16,Caenorhabditis elegans
SEQ_193771,ACCCAGGGTCGCGGGCATCGGCCGCGTGTAAATATGCGAGCCTGCCTAAATCTAGAATTATATATGCTTATTATCAAGTTCACGATCCTCCCGTCCAAGAACGAATCGACCTAACGCACTGAGGTTCCTTTAAATTCGTTATCTAACAAGAACCCAAAAGGATACGTTGAATCAGAGAGAGTAGTTAGAGCGATCCTGGTACGTGGTTTTGGGCGCGGTAAAAGGTAAATCCAGCTGTGAGCGAATGATAAGTTGTCGCCTCTTGTCTGCGTGTATCGCAGTTGCGGAAAACCAGAGCACTTTGGATGATGCGGGGCTACTCTAGACCCGGCATGTGGGAACGAATATGAGTGATTTTGGGCCCGAGTGAGATCCCTGCATTCAGCGAAGGGGGTACGAAACTTCGCTTTGAGCTGCAATGAGACTCTCTGTCTGGTACATGGTGATCAAATACAGAAATAAATACACTTAGTATCTCTTCTTCTCTTATTCTAGGGCGTGCCTTTCCCGGGGTAGACTCCAACAGACGGACGTACTGGTACACAGACCCTGACTGCGGGTACCTAAAAGCGATGCATAAAAAGACCTCCTGGCGCATCGCTGGTATGTGGGATTGCTTCAGAAAAGTTCTCACAATAAACAAGGTATAGAGGATCTGTCGGCGATTAGCGAGGTGGTTCTAAGGGACTTTTCCCAAGCAGCACTCGCCGCTGAGGGCTCGGCCCCGATTTACGGCGTTGGAAATGAGGACGAAGAGTCTTTAAACACCAGATCAACCCCAAACTTCAAGTGGTGGTCTCGACTGCCCCGTGATCTTCTCCGGGTAATATCTTCCACCTACTTTCATGGGAGCCCACTCAGCGTGGGGTCCAGAGAGAGGTATTCATGTCTGC,893,49.5,Arabidopsis thaliana
SEQ_882329,GGGGCCCGGTGTGTGTGTAGTTGTCGCCGCATTATTGTACGAAATACCAAAGGTTCTATCCCTATGACACAGCAGTTTCTTTCCACTTACGATAAGCCCACGCAGGAGCGAGCCTATAGTCCAAAGACAATTTATCGCATACACTCCTGCAGTGTATCCGTCTATTCGCCCGCACGAATGTGGAGTAACGAGAGGAGGTGAACTTCGAGGCGTGTGTCTAACAAACTTATAAGTAGGTACTATAGAAGCGGAGCGGCTTAAGAGATAGGGGCCCCTTGTTGCTGAGCATTTCAGTCGCCACGCCTTGCTGGTGGACTTATGTAATGGTTGCGAAGACTCCCT,342,49.71,Escherichia coli
SEQ_982228,CGGCTTGCCGACGTAGTCTCGGTGATACGGCTTTACGCTCTTAACTTGAAGGGAGACACAATCTGCTAAAATAGGCTTCGTGAGCCTTGTCAAGGGTGGTAAACCTCACCGGGAATCACATACGTTTGAGGACCGACACTAGGACTAATTTAGAAGCGTCTCCACAAAACGGCTGGACCTACACCCCGATATAACAGTCACCGCGCCCTCTGCCAACTTTTACACACAAAGGTTACGTCCCATCGTAACGTGGCGCCTTGCAGAGATGGTGGCTCACTGCTTAATGTTTCTACGGCTCTGTGTGAACGCCCATGGTGTAGGTTTTTGAAAACCCGATTCGACAGTCTAACTGCAGCGGCGTCCATGACTGAAGGGTTACCCTGGCGCGACAATACCTACTTTAGTCTTCGCCTTTTTGCTGATCCGATCCGTCGTGTCATGATATCAGCGGGTGCCCGCGACCTTCTTGAATTAACGATGCAGGTACCCGTAGTGAGAGACTCAGGGTAGCGGGTTATCACAACTTTCTCATACACGACGCATGCTAGGGAATGGGTGGTGAATTCTACGTAATGGCTGGCCGGCAAGCGCGACGTTTTAT,601,51.25,Escherichia coli
SEQ_454570,GGTATCAGTATGGGATAGCCTGTATTCAATGGGCCGCTCGTCGCATAAGGGGTTAAACATTTGCCTTATGTATGCCCGCAGGGGGCAGTGGAGCTATCAAATACACCGAACCGGGATATAGCGACTCATCTACCGTTGTGAAAATTTAGTACCACTATCCACGTCCGATTATTACTCAAAGCCTAAGTGGGAGTATGGCCGGCCCAGTTCAGTGGCCGTTTGATGGCTACACTCACCAACGGAGCAATTCAAATAAACCTGGAGTT,266,48.5,Arabidopsis thaliana
SEQ_370293,ACTTCGAATAAAAGCTTGCAATGTCAGCAAGTATGGTCAGTTATTCTGAAAAAATCTGCGCCAGGTCCCCCCGCTAAAGAAAGACCGAGCTTCTGCAACTTTCGGCTGACTAACTACAGCACGCCTCCTGAACCCTTTGGAGGTCGAAAATGTGTATTAGTGAGTGACAGCGTCTAGCCGACCAGCCTCCAGTGATGCCTTATAAAAGTATTTGCAACTATGTCTTTACACCCGCAACGGGGGTCAATTTTCTTGGTCAAAGGAGATCAAGGGGAAAACGGGATACGTAGTTGACGCAATATCCGGCAAAGCTATTGGACCATCTGTTGACTGGATCTCGGAGGCGCCGTGGCCCCCTCCTAAATGCATCCATATATTTGAGTAGTATTGAGGAGACATGGATTCGTGGCAAGTTTTGGCTTCTCCCTCTGCACAATCGATTTCGGGGACTGATCGCAAAGTCATAACTTCGAAACTAAGATAATTAGAGATGACAACCAGTATGTATGTCGCGGTTCCCCTACGCGGGAGATGCCCCCTCCCAAAAAACACCCATAAGGAATAGCGCGTTTTCTCATTCAGACTGTTGGCTGGTGGGGAGATAGGAAGCTAGGGGATGATTTGTGCGCTTGCACCCTCGCCAGTTACCAACCAAGCACGTTATATTGCACTGTCCCGGGCGACACCTCCATGCCAGCTTCTAGAAGGCATGACACTGTCAGGGCCCCGCAGATCTATTCCCCTGTCAGTTGACAGACACTCTCAGAGTCTAAAGTGACTGATAGCATGACCCGCCCCCGTCAAGGAGCGCGCCGCCTGAATTAGAGAGAGATGTTCTGTATACCGCGGAGGGTCCTCCATAGGTATATACTAGTATAGTGTGACAGAATACCCGATGGAGATGTCATAACTTCGCGGATACTGCGGGATACGGCCTAATTGGCGCTTCGAACGCCGGCGGATGCATACCTGGACTCGGTTGACTACTAGATATAGTCCGGCCCAGACCTCCCTACGTATCGGGATGTTCGATGTCTGTCTGCAATTTCAGGTCTGGCACGGCCACAGAACCGAGACTTACTTGCCGCTACGGGCCGGAGAGTGTAAATTCAATCAGGGCGAGATACGCTTGCAGCTTACCGTTATTCTTGAATCGCTGGGGAGCCAGGCAGACGCTACGGAACATATAGTCGCGGCCACGTACGTTTTCGCTCAAAACGTTGAAGGGTTTTGCGAATTGTCTATGTATTTGAGAATCAGCGTCGAGGGAAAGGCCGGCTAAAATGTTCTTTGGGATTCCAGGGCGTGAATCGCTAACAGGGAATATGAGGCACTAGAGATAGTAGTCCTATACCCTCCAGCCCGATCTCGTGAAATTTTGGTCAACGTCAAGTGCTTGACTTTCAGCCCCGTTTCTACAGCCGTTATATTAGGATTGGGGATGTAAGAAGAGAGCCCCGTCGGATTAGGAACGGGTCTTTTCCGTATAGGTAGTGTTTGATGTCTTGCACTAGTGCTCCCTCGCATGAATAATGTCTATCGTTCAACCCCCTAGTTGTGCGGGGATTGCTCAGGTAGAAAGGGGCTGGGCGAACCGTAATACGTGCACTGGGTCACGAGCAGCGGGCTCTGGCGGTGTAGTCATAATTCAGCTCGGTGCAACTGCCACGCGAGATGCAAAGAGTACCGTTCAAACATAGGAATTGAACGTAGGACGGCGAATTCTCTAGTCCTGCCCCTCTCATTACGGCGATTTGACAGAAAACGGATGACGGTCAACGCTGGGCGTCAAGAGACGTAATGTGGTACGGAAAACTATTTATAAACCATATCTTTTCGT,1840,50.11,Homo sapiens
SEQ_530015,CTAGCTCAAATCAACCGACGCAAATAGAATACCACTGCCACAAAGATAAAAAACCGTTGTAAACCGGTTTTTGGTGATCCCGCTATAGCGTAGAACTGCGAGTTCCCGATAGATTTAGTAAACCTCGGATCTTTGTATATGTCATCTGATTTTAGTACTCTACCTCCGTTCAACGGAGACAGATGTGGTGGAGAGTCGCAGTAAACCTAAGGGAACTCAGCCCATACGGGTAGCCGCCGCACAGAGGCACACAGACAGGTCGGTCCAGAGTCTCCCATGGGCTGTAGAGTCTGACCGCACTCTGCCCTTGCCGTGAAGATTTTTGACCTGTCACGTACGATTGATCCCCGCTTGAGTAGTGTACGATTGCTCCTAATGAATATCGTTGGTGCATGCTCGTGTCTTATTTTCTGGTGATTCCTGCCCCCGAATGGCTCCGCGTTCTTCGACCACATCCACCGACGGAGCTTATGTCTTGGTTACGCATGTATTGCTTCGCAAAGTATTGTCTTACACGCACGTTGATGTTAAGGTCGTCCGTACAAACAAACGGCTTTCTGGCGCTGCGAAGGCCTGGACATCTGAGGAGAAGTAGCAGAGCACAGCACTGCGCGGAAACCTTCTACGTGGGTCACGCCTAGAAATTGACTTCGCTTTCCGGCGTTCTGGGCAGTACGATATGTGATGACGATATGTTACCAGCTGGAGGGATTTCGTAGGATATTTGGACACACATCATTCACTATGGCTCAGCTTGCTAATACCGCGAACTTAATGGCCTAGCATAAAGTACCCGTTATGCGTATGCCGCTCTATCTAAGCATGACGTTAACCGATAGTTTCAGTATGGGAAATAGCTGAACGATCTCGGTATGCGTAGATCTGGTACTACTCAATAAGCAATTAGCAACTGATTAATTACTGATGATAACTGGTGCCGCGCGCATCACTCTTTTTTTCTTGGGTGGAACCAGCTCATCTTATGCGCACAGCGACGAATATGCAAGAGGACACTCCTGACAGGATGGCTTGTACCGGTGCCGAAAGGAGGCCTAAGTCCGACGCAACACGTAAAGCAACCAAAGAGAGACTTGCCAGGATCAGCGGTGCTTGACTCCACCCACCCCTCACCCGCTGCCCCCCTCTCCTGACTATACCCGCGAGTACCCTGCCTGGTCCCTGCGCGCCTTATGTCTGATTGGCCTGTATTTAGGGCCTTTCGTTAGCTGAGGCGCATGGGCTGAGCGTTTGGGATGTCTTAGACGAAGAAATCCTACCAGATAGAACTCAACGCGTCGCTTGATTTCAGACGGACAAGACTGATCGATTCTTCATCTACCCCACGCACACCGTGTCTACTAGTGATAGGTGCGTTCCCGGTCGAATATGCGCGCGATCTTTGCAACTCAGAATTTCTTTAACTTTTAGCTACGCTATTCTTCATTGGGCTCTTCGTTCTTTTCGATCGCTAAATAGTTCCCGCCTTCTCCCTCATGAGAGCAGCCTTACGATGCATGGGAGAAGACACGTGCTCGCAAATCCAGGCGTTCTAGATTCACCCGTCGAAGCCGTCCAAGCTTGTACGGAGTTTCCTCGGGAACAGTATGGCCCATTAAACACTACCACCGAAGAGGAACGTGTACCAGGGGCCGGAACATTATGCATTTGAGAAGACATACAACAAAAGCATCCGCCTAGTTTTGCACTGGAAAGGCGCTGAGGGGCAGTTGTATAAGGCGGCTGAAGCGCTGTTAGACCGTGATAGAATCATTGCCGAGGTTGCATTAGTCTCTATCTGCGCACGTAATGACTAACCGGTGAAGCCCCCCTTAGGGGCATAAGACGTGCGGGGGTGTAGCGCGGGCCGGAGGCGAGTGTAGAAGCCCGCTCCCAGATGATGAGGTAACTAGCTTGCTGGGGCTCGTTCAGAGACTGTTTGGGGAATACCTCATCTCCAAGCCTCAATGTAAACACGGGTCAAGCCTGCGTTATAGCTG,1997,50.63,Mus musculus
SEQ_573670,GCAGTCTATTAATTTCATGTCGGGTCGTAATCTATAGCTCGGCCAGTGTAGCACACCGGAGAAAGGTGGCGTTTCAACCGCGCCACCAGCCTTGATTACATAAGTGAGCCTGAGCAGTAGTCAGGCGTCCGGCAGGAGCTCTTGTAATAGGTCGAGACGGCAATACGCGCCGTGGTAACTTCGTCTGCCCCACAACTTCAAACCGATACACACTCGTTCTGGTTGAGCCTCGAAGTTCGCAAGAGAAGAGTGAACCCGTATATTATTGTAGCGCAGGAAGTTGAGTATACCCGCCATTCGCTTGGTGGAAGGTTCGGACAATCGCGCATTCATACGAATCGTTCGATTGGTAGTATTAGTAAATTTTTTGACCTGTACGGCCATGACTGCTCGTACATGAGGAGCTAACCTTATCAGTCTGTGTCTATTAGAATGTGACGTGGCTTCTTTTTTAACTAAGGCATTGACGCGGGTAGGCAACCTTCGCCTAGGGAGAGTAGCGGCAATACCACATTCACAATCTCTCTTGCTGAGCATTTCGGACGGGGGCTAAGGTTCCACACTTGAAGTGCTGCCACGATCCCCGCAGTTACCTGACTACCCCAGAGTCTCATAGTCCCGATTAGCCATGCAGGCCGGTACCACCTCTCCACCGGCGCGCATCCGGACTAACGTTCCATGAAGGTCGTTTTGTTAGAACCACGGGTTTATCTGAAGGGGGTGGTCACCGCGCGACTTCATAAAGTCTTATACCGATTATTGGGCTACTTTCGTGTAGGCCTTATGGGGCATAAGGTAACAACGTGACAGACCTCTTGAGATAATCAAGAACACGCCAAGGATGTCCTCGTTGGCGACAGGGGGACTGCTCTAACCTTTAGTTTACCTTAGACCAGCTTCTGGCATTGAGAGGCTCTCTTCTCTCTCGACAAGTGGACTTGGTTAGGACAACAAGCGTCGGTCGCAACCTGTCCTTCTTGAGGACAGTTTTCTCGTTGCCAATCAGGTGACCCCGCATCGTGTTCAAAAATACGGCACCGCCATATCAGTGACACACCGTAGAAAAAACGACTCCACTTCACTTAGGCTGTAGTTCAACGACATGCGTCTCAATAGCGGCTTAACTTATTTGTTGCATAGCTAGAATCTACGGCGAGAATACGATCTGTGTGCTTGCCAAGAGGTCAAGGACATGAAACCCGGCGCCGCAGTGCTTCATAATGTATGCATTATGAGGCCTGTGTCGATGAAGCGGCAAGCGTCATTATGCCGTACCTTCTACGTAGGCTGATCGGGATGAGGCTGCTGCTTTGAGT,1316,50.23,Homo sapiens
SEQ_970825,TGAGTACTTTATCTCAATATCCTCCTCGTCATCGACGGATGGATGCGCCCATCACCAGTGGAACAGGCTCGAAAGGACAGATTGACTAACCCGGGTGCCGATAGAATACTCATAGCTTCGCTCAGGATTGTCATGAATGCAAATCTACACTGTAGCTGCCTCACCTTTGGTGGACTGCCGGATTTGTGGCAGCAGCCACAAGAGAACCGGGGACTCGCGAAGTGTTATCCGGGTTCACCCGCTACACACATATTTAGTGTAATCGCATGGAATTAACGATATTCAGGGATGTTGACAGCTACTGTTAGCTTTGCGAATTACATGGGGAGCATGAACAGATAATGCCGGATGCTGTCAGGCCATAATAACATCGGCCTGGGAGTGTGAAGAGCTGAATATGTCATGCGAGATAATTGTAGACGACTAAGTACGATTCCAGGCGCCAGAAAGGTGCGTACTACTTCTGGGCTTAGACGACCGCTCCACTCCCTTTCTGGTTACATTTCGGCGTTCCAGATTCATCGTTATTCCTATCA,536,48.51,Escherichia coli
SEQ_143605,AGAGGGGAGCTTATTAACGGCAGGGTCATCATTTATTAGGACAGTACCGTTGTGAGCATGAACCTCCCCTCAGTTAAGATAGTGCCTGAGTGTCTGACTACCCTCTCAAGAGGTAGCTTACTAGAGGGTTCACTCCCGATATAAGCGCAGTCGGGCACCAGACGTCCCCTATCAGCGAACAACTGAAATGAGGTCCCAGAGCGAGCCAGTCCCTTACGGATCTATCAGCCAGGTGCGCTAAAGGCGACTAAGACCCGGCCCAAAGATGCGTCCCGCGGGCCCTCGGACTGATATTTCGAGTTACAATTTTTGTAAGACGTGGTTGAGAGTTATAGGCGGCAGAACTCGCGCTTCCAGGTATACCGCAATGCTTAGAGAAGCTCGCGATACCGACCGCCGCCTCCTCTGGTGGCACACGCCGGACCTCGGCTCTTCCGCTCCGGCAAAATGCTCGAAGTTAGTGCATGGCCTCACAATCATAGGCATACGCCAACCGCCCCATTGGCGCATCTCTACCGTTATCTGTCAACGCTTTAATTAAGGACTACCCCCTCCTGTCGGGTACATATGGCTACTGTGGCGCACCACATCGGACGGTTGCAGGAGATAAATGTTAGTCCAGAACTTAACACAGTGCAGATTGCGTTGGTACAGTTGTGTATGGATCGCGATAACCTGGGCTCTTCTGACCTGTGTAGAGGGAGCCTGGCATGTGCCTCTGCATGGCATGCTTAACGCTGGAGGAAGGTTCGATTGTAAGTGGCTAGTACCGTGTTGGCATCTTGGATCATGCTCAACTGGACGGAGACAGGATAAAGGCGCAAAGGAGGGCCGGGTCCGCCTACCGAACTACTAGGGTTAAGCGATGTGGGCCGTGTTGTCTGCCTGAGTCTCTAAGTGGTCTTCCCTAGAGTGCGTGGTAAGTTCTCGACGTAAAAGGGGATTAATCGGAAGGGCAGCAAACGAGCCGCCCCGTAAAGCGCGTGCACAGTTAAACCGGGAAAAATGTTTCGTGATCCATGGCACAAGAAACCTGC,1037,53.42,Caenorhabditis elegans
SEQ_384407,TTTTTGTAGCGAAGCGCCCTTTATGAAGTGGGGAAGTGTACGCTGTCGTTTCTTAACTTTCCAGTGTTCCTGGATTTCTTCAGTGCAATCCAGTAGGTGTTCCTGTACGACGCAAGATAGACTTCAATCCGCAGCTTACGCCTCGGTCGGCTAGGTTTATCGGCCTACCGGTGTCATGGTTTTATGAATCTCAAACCTCATGCGAGGCGCCTGTATTAATGTGGACGTAGGATTCTATCCCACAACATTGAGGCACTAACGATCCGCAAGAGACACGACTCGGGTAGTGTATTCCATCTCCTCCCGGCACATCGTCAGGATTGGACTTACTTCGTCCATAGTCATATAACTGCACACCAGTCCGACTGGCGTACCTCGTCTGGAACGTAGATTTGTTTCTAGCACCGACCGCCGTGCATCATCAGTAGTGTTTTTTCTGCAACTAAACCCGCGTACAGGGCCTACGTCAATGCTGAGTTTAGTGCAATTCATCGTGTATTCGGGGAGGGCAACGCTGGACAGCGGGCAATTATCCGGTATTTCGTTCAATTTCTAGAGGCATCGTGACGCTGTTAGAGTGGGCGGCGTGAGGGAAGTCGCTTTTGTGCTATTAGCCAAGAAGTGCGATCTCTGACTCCCAATTAATGTACGACTCCGCACTTGGTGCTTGGTGTTTGATCTCGTATGGTGGGGCGCCATAGCTAAAATCCCTCCCCTGTGATGTAGTTATCAGCCGTAGGTATGTGAGAGGCAGCGCGTGAGCG,764,50.26,Mus musculus
SEQ_523312,GAACCAAAGACGTGCCCGGGTCTGCCTCTATGGATATAATCCCTACGGCAATCCATTGGGGCGGGGTCGCGCTCCCGATAGCTGGCTATGATACCTAAACCTGAATTAACCCTCCGATAATAATTGGGGGGTACTATATCCCCGATACGTATTACCTAGATAGGCTCGGG,170,51.76,Saccharomyces cerevisiae
SEQ_857948,CCAGACTGCGACCCCGCGGTAAAACTCGATTTTGATTTACTTAAATTGCTTGCTCGTTACGTACCGGGGTAATTTCTTCGCAGCAATTGGTGGTATTTGAACTTTGCGCGTGGACCGCTAGACAACCAGCAACTGGGTCCTCTTTGCGGAGATGGTGTTTAAGGCGTTTAGATAAGTTATGTCATCGGGTGTCAATGACGTTTCGGCCCTCCATCACGTCGTACAGTCGCAAAATAGCTTGTCATGATCAGTCCCGAGGATGTGTACCAGCTTGTCAAAAGGCTTCCATTTTTGCGCCCAATGCTGATAGCCCTCAACAACGTCGTGTCTCCCGCCGCAATCACCTGCGTCGGCCCGCAGTGAGTTCATCCCCGCGATCATTCCGCCCGGCATAACTTTAAAGGCACTGTGCAGTGCTTACCGAAAATACTCTCCTTGCCTGCATCACCGCCCCGCATACTACCGGAAGGGGGTGGCAGCGCGATAGGTTTTCTCGACACCTGGGTTAATACTGCCCAAAG,521,52.02,Mus musculus
SEQ_762459,CCATTTGCTACTATGGAACACCAAGCCTGTGCTATGTCGAGAATAATGCCCAATCATCAGTAATTCGCCCTTATGGGGACGTGTATTTTGCGCTGTCCATGTTTAGGAGCATTGGACAGGCCCGCAAACCCTTAGGAAGATTCA,144,47.22,Drosophila melanogaster
SEQ_194879,TATAAATCATTGCTATCGATGTGTACAGGAAGCGGCGCTGGAACTCGGAGTAAGAGCCCACACAAGAGCCGTTTGCTCCATCTCGCAATATGCGTGCGCGCAACGCACAGGGGTGGAGAGAGCCAGTACGAGACTCAGCGAAAATCGAATGACTGCGAAATTAATGTGTACCTCAGGGTTCTAAATCCCGTGCTGTGGTGAGCCAAGATAAGGTCCTGGGTTCCGCTTTGCAACTAGCGTAGGATAGTACCTCGGGAGATTTCGCGGAATGCAATCGAGGCTTAGGGGCATTCGGTCACTCTTTGTCATTCAGAACGACGACTCATTAAAGACCTGCGTGGTTGAAATAAGTGGACTTAGAAGACGTAAGATGTGGCATTGTCGTCGCCCTCTGGAAGCGATCTGTCACGTGACTCTACGTGGAAACTGTTCTGTCAGCACGAGGTGTGTTTATCTGGGCTGGCAGCTCCATGTGCAACGGCTTCCAACCGGACGGTCACCTTACCAAAATTATGGCCGGGGGAACCCTACCCCTACTGGATGATTCTGGGCGCTCCTATTACCAGGGGGAGAGTTAGCGTTACTGAGCGATGAATTGAATAAGATACCGCTATGGAGTTACGGCCGGACACGAGTGACTGGCCGATGATGGGTCCCGTAAACAACTAATGCACTAAGGCTCTCGATAAGCTCGGGCGAACAGACGAACTCAGACTACCGCCTTAAACCAACTCGAGCTTCGATCTCATGCCCACAGCGGTCGGCACTGTGTTGCCGTGCTGACTAATGATTTCTAAAAATGACCTAAATTCACGCCGATCGATTCCTTTCCCCTTAAGCTGCGAGCGCTCATGTAAGGGACGCATGATAGCGGTTCGCGGAGCACACCAGGCTACACATCAATATAGCATTATTACCCAAACGACGAAAACGATAACAGGTGACCTTAGGAATTGCCGGGACCGGCAGTATAACACCGGGACAAGTTCATTACGTTGAAAGAGTGGAGAGGCGTTGCGCAAGGGTAATAAGCCACCGAACCAGGCAGCTTATGATTTTC,1060,51.04,Caenorhabditis elegans
SEQ_857281,GAATAACTGCTGTGAAGGAGATATGGATCATCGGTAGTTCTTGCCCTGCAAATACCAAGCGTCCACTCTCGGTCCTTAGCTATATAGTAGGCGCCCCCCCGTCTGTAAGGTGGTAAAACACGGTTAGAAAATGCTTATGGGTAACATCCATCTACTTTTGACACTATGGCTTCGCTGGGCAAAACTAGCCGGGAATCAGAAACCGGGCGCGACATGGTATAGACGCTGCATGTACCTCTCCCTCTTAAAATGTGAAGCCAAGTGGGTTTCAGTTAGATATGGCACAAATGCTTTGTCTAACGGAGAGGACCTTAACATGGTCACATCGCTTGCGTACACAGATTAATGGCAGCACATAATGCACCACTGATATGACCGGGCTTCTCTGATAACGGAGGTTAATGAATCTGCAGAGGGATCGCCGGGTACCAGTACGATAAGTGGAGTGGCAACCGCAATTGGCCAGCTCGGAGCGGGCCACTGGTTATCCCTCGACTTACATTCAGGTTTCATACGTCGTCGTCAAGGACCTAATATCCCTGGAACTCAGCCATCCAGTACTCGATGTGATGAGAGCTCTGTTTTGCGTGTTAGCGGATACTAATGTTGCCCCCTGAAGATTCCCAGGCACCTTATGTGCTGTTGGTGGGACCATCGGACAGCTCCGGCGTCATCTAAGGGTCTGGGTCGTACAGAGATACGATGCGGGTTCAGTTTCTGGGGATATTTTGGTCAAAGGTACTGATAACCCGGCCCAACTCGGCGTGATAGGGGGGCGCCAACGATTGAGGATAAATAAATATACCCGGTAGCATCCGCAGCATGATTTACTCACTCAGATTTCTCTTAAAGGGCAGGTTTTGTCCCTAACGTCCCACAAGTAGCTCTAACTTACTAATTTGGAAGTGCAGCAACTACGATAGATCGTCAAGGCAGCTTGCCTACTTTCTGGCGAACCCTTTATAGAAATCAACGTGTGGTTAATCAACACAAGTCTCAAGCACAAGGATTTTGGCATGACACGACTCCGGTTGCAATTGCCTAACAATGGGCTGATCTTACCACCATAGGGAGTCTAGGACGCAAATAAAGGGTAGGCACGGCACCTTCGGACGTGGTAATATTCCATTCGGTGAATGAGTACAAGGCATCGACTACCCTAATAGTTGAGTACCCTGGGAGCGGCGCGTCGAGTAAGCATAGTCATGCATCAGGGTTTGAAGGGATGTGTCAGAGGGCGGAGCAACTTCTATGACCGTGTGTTTAAACAATAGCTATGAGTTATCAGACCTACCCACAGAAGATCTTTTAGTCAACAACCTATCGCTGGGCACCATCACTGATTCATACGCATATTCGCGTACTCTGAATCTAGACCATGGGGGAAGCGCAAAGGCTCCCGAGATGGAATAGGGCTAACATCCCACCAAACTTTGACCCGCTCCTTCCTGGGATCGGCATTGCCACGGTATACCTTTAGTTTAGCCGAGGACGCAGGAGAAGTTTGAGGGAAGCGGTTCTCAATGGGCAACCGACCGGTATGATAACCCGGAACAGCGATTATGTGCGCAAAATACGGCGAGGCAGGTGTTGCTATGGCTACCTCT,1607,49.35,Homo sapiens
SEQ_740841,ATTCATCTTCGGGCCCGAAGGGGTTCACTCGGACACGTTGAAAACCGGTATTTCGTTGCAGGGTACTATGTGCGAGTAATGTCTCAGACTTATCTGGCCCATTTCGTTAGGGATTGTTTTCGTAGAACAGTCCAACGCGCTTCTCTGTGAAATGACCTTCTTCAAGCCTTACGAATCATTACCGATCGATATATTGCGGAGTGGGAGGGCTATTTTATGAACGCTAAGCTCCTACGGCGGCCCATCCGTGGGCGTGTTAAG,261,49.04,Caenorhabditis elegans
SEQ_773254,GCACTAGGGGAGGCCAACATACGTAGGACACCGGATCATAAGCCGTGCCGGCCAGGCCTCAGAGAACGACATTTTTATTCCAGGAAAAGAATATGCCCCCTCCCCAATATCGGCCAAAGAATTTACGATACGAGGGTTGACGTCACTATGTGCACTTAACCAATATAAATTGTCCCGATCTGTTAGTTATTAATAAGCGTCCAGGCGCGCTAAGTTTTACACATGACTTTGGCTAGGAGCTTACCTTTTGAACGGAGATGGC,262,47.33,Arabidopsis thaliana
SEQ_443140,CCGAATGCCCCGCTAGGACATGTCTGTTTCCGGGGCCTCGAGTACATACTTGCAGGACGTGCATTGACCCTCAACAAATTCAGATCTCACATAACTGCCCGTTTCGTTGCATGACAGTGCGCTATTGATATGGACGCCCGGGATTTAGTGCTTACACCATCACTAAAAACGTGAATACTGATTTGTGAGGCTGTAAAATATCCGAAACGATGAGCGTCTGCTCGGGGGTGGATAATTGTTATAAGGACAGCACGGTACTACTCAGTCCTCAGCTTTCAAATAGCGCCGGATTGTTGGGTCATCCCGGAGATAGTGGGCCTGGCTCTTTGGAAGGGGATTCGAGTTATGACTTTTACAACGTACGTGATGGACATGGTGTAATACAAGCTTCCACTCGTCGTATGTTGCCCTCTAACCGTGCCCGTTACATATACTCCAGCCGCACTGGTGATCGGGCCGTGTAAATGGTTTATAAGATTATAACGATGAAGAGTATGGAAGTTTATTCCCCAGTGACTCTATAATCGCTTGATTCTTGGCTACATCAATCGCCTGCGTGTGGTTTACGTAACTAGATTCACGCGGTTCCGTTTGGCGGCCCCCACAGGTAATTCTCCCAGTGGGCCTACAATCCTGAATGTAGTACTTGTTAGCGAATCCGCTTTCCCTGGGCGTAGTGACGGCACTTGATGTGCATATCTACCACAATTGCGGCCAGGGTACAACGCGCCGATCGGCATGGGCTCCCGACGTAAAGAATCAGAGCTTTGTTTTGGACCCCAGATGTTTCGCCGTGAGAGACTTCGTTCAGAGATTAATAACAGGCGTTTTGCATGCTGAGATCTCTTACAGGGGTAACGGCCCTGCCTAATGTAGACGACGCCTTTCACAGCGCAACGCGGCTCTCATAACTTAGACGGCAAACTCTTACTTCATTGCCTGAGCCCTGCGAACTCGCGACTTCATTTCTTTATATAAGGTGTGTCCGTTAGGAGTCGTCTTCCCTATATTTATTATCGACTTCGTCGAAGGAGCCCCGACGGCACATGGAAGGAAGAAAGTCGCGGAGCCGGTCTTCCCTATAGTGTCGCCCCGGGATCATATTGTATTCTGTGGTGCGCATCTCCTGTATGCATTAGTTCTAATGCATGACGATTATCAGAGCCGCCCCTGTAAGGCTGCGAGGCTGTCCACCATATGCAGCGGAATTGTACTGCCCCAGGCACTGTGCGAACCAATCTGGCGTGGATCCGGAAGGAGACATACCTTATCTAAGCCAACAGCTCCTGGGAGCCCAACTGTGCAAAAGTGCGAAACCCACTTAACGTATGTCCGTTCATTAGTAGCCCGAAAGACTTTACTCTAATCACACTATAAAGTTATCACCCTTAAGATGGGCCTCATGATGTAAAGAACGCAGATGGTAGCGAGTGAGTAGTGGCTGATTGAGCTAGGCGCATGTCCACCCCTCTTCTCAATACCCATCGGCCGACGAGTCACCCCCTCCCACATGCGATCGCGCACATTTTAAGGGCCCACTAACCACCCGGTTGCCTATAGCGTCTGCGTCCGGATTCCGAAATCTCTCCCCTGTAGCCCCAGACATTTCAGGGAAACTCCACAGAACATAAATGGTACTTACTTAGTCCTCTACTCTCCCTTTCTAAACGGCACGTCGGGCTGTGAAAGATGGCCCTATCTAAGGGCATGCCACGCATACAGTATGGAACATCGACTG,1738,50.17,Drosophila melanogaster
SEQ_258854,GGTACTCGGACCCACCGTAAGTTCGCGTCACATGCCCTCATCCAACAGGTCTTTTGATTAAAATGCGTACGTGTTGTTCACCAGAGGTCGGTAGTCGTGCAGAGAGTAGTTAAACCCAACCTGCGCTTCCAGCGGAAATCTGTAAGTTGACGATCAGCGGTCGTTGCCAAGGTTTAAACGCCGCTGTCGCGTGCGACGTCCAAAGACTGCTGTCACATTCCCGTCACGGTTCACGACGGAAAGAGGAGGAAAAATGTTTGAATACAGCTCCGTGTGTAACGCGGGGTACTTTTCGCTCGTCATGTCAATAGCTGCCTCGGCTCACCTACAGAAATGGGCGCGGCGTGCCTTCAAGCCTAGTTAGGCCCCCAGCTTTTTGTACGCACGTAGTCGCCTTCGACATCTATTAAAACGACTTACGAACTGCCTGCCTTACAGTAGTGATCAAAGCTACCTCATTCCTATTCCTCTAGTCAACGAGGCGCCGGTTAGTCAATATATAGGTCGAATCTACCGGCAACGCCAAGTAGTGTATTTTCCCTCACCAAGGCCCTTCAAGCATAAATGAGGAGGGGGGAGCTCGGTAAACCGCCCTCGTGTTTGAATTCTAACACCCGGACACCGGATACGTTCCTCTTCTAAAGTAGTCTCGTAGCTTCCACAGATGTCATAAAGTAAGTTAGCAACTATTTCTAGATCGGTCCCGTTACTTGCGCATCGATGTTTTTTAACGCTCGTAAATCTTTTATGGGACTTAAATACTGAGAGAGAGTTATTTTTCGCCACCTGGGCGGGCCCTTAATTCGTTTTGCGGCGTACGAGCATCCGCACGGCTCGAACTGACAAGGGGTGGACTCACAAGGGCTGGTTGTC,873,50.17,Drosophila melanogaster
SEQ_785614,AAGCGTAGGTACCGGGGGGGTTTTAAAGCGCGCGCGTGCCCATTCTTTCCCTATAGGGGCCACGAACCAGCGACAGAAATGAGGCGGATGGTCTCTTAGAGACAAAGAGGCGTCCGTGTCCGTGTGGACGTGACTGAAGCACTACCTACACGCACATCCTAAGGCCAAAGAATGTACGCCCAGAGTTGTTCACCCCTCCCGAAATATGCGCTCTGTACCTGCTGCAAAGCTAAAATCGGCGCCGAAGCGGGGAAGTGTAGATTTTTAAACGTGTATCGGAGCGGGCAAGAAATCTGGCCGCGACCGCGACAGCGCATGACTTAAGATTACCTCCTACCTCTCCGTACAGATACTTCCTGCCCATTTCTTTGCGAAACAAGCCGTAGGTGTGTCCTCTCAACAGATAACGCTACGGGGACGTCTTGTTGAACTGCTTCTACCGTTACCTGGCCGTCCGGGGCGCAAATCTCGATAGGGTGTTTTCATATGGTTCATTGACTTAACAGTGAAGTGACCTTGAAAAGGGCAAGGCCACGATCATGGGGTTACAGGAAAAGGTTTAGAATTGCAGCTGCACTTACCATTGCACAACCGTCAAGTTACTCCGACTGTACACCAAGTACGCTCGTCACTTTATATTATCTGCCTACGCCGCTAAGATGGGCGTACGACGTTAGCGTAGACCTTTAAGTGTTAATGTAAGCAACGAAAGCATCTTGACTTCCACTACGAAACTTAATACGAGTCACCAAAGTTGCATCGTCTATATCCCCGAAGCCTTGGAATGGGAGGCCAAACAAAGCAGCGGGTGCGGCTTGGTGCGACTAGGCGAGCATACGTGAACCGACACAACGCTACGTCGGCCAACATTCCTGAAATCCAGAGTTGACTCCTTAAGACCTTTAATAGTGGGAGATGCTACGAAAGCGGCTACGTCATACCGCTGCAGGGCGCTGCAATAGCCTATAGTGGATCGGACCCTGTACGAATGGCGTACCGAAGACCCCGCCAGATATCGACTATCCTCCACGAGAGCCGGGTAATTAGGATTGCCCAATGTCAATTACACTTCGAACCGGATTAGAGTCCGGCGCGCCATACGGTTAAGCCACAAGCCCCTATACTCAATGTGAGGTTCCCGATCTAGTCTAGCAATCTCCATCTAGTCGTCTCCTCCTAGGACCTGGTGAATCGCTCGCCGTGCGAACGTTATTAAATGTCCGGTGCGAGCGCGACCGGGTTCACAACCAGTTCCGTGTGCTGTGGGGATTGATTCTGCTAATAGGCAGTGCCGCTTTTCTTTCAAACAGGAAATTTGGCGGGGGCTGCGGTAACTGTTGTAATCTCATTCGATGGGAGCACCCTAGCGAGCAACACAACGGGACCGATAACTGGAGTACCGAGAACCTTCGTGTTACTTGGAACTACCCTACCGTTAACACGCATCTAG,1450,51.59,Escherichia coli
SEQ_774519,AAGTGAAGTAGCTGTTCATAAGACTTTGAGGGAACTTGGCCGCTTCCCTGCAATAAGTCACTTTTCTAATCAGCAGGCCGCTAACCGGCGACCGATGAAGGACTACACATGGCTTTCTCGACAATTAAAGTTACGACATGTACCGTTCTGCAAGTTGGAAGTCTATTCATGTAGGACAGGATTGGATGTCAATTTGCCTGTACACTAAAGGTCACCATAGGAGACGCTCCAGATTATGGGATCGGTCGCTGTAATCAGATGCCCACTGGGGTTACATCGTTACGAGTCGTAAGCATGCGTTTTAGCTAGAGTCAATTGACCAGTGTATACAACCTCGCTCCCGTCGCCCCCTACTGAAGCAGACCGCATTCTATCCTGTGTATCTGGAGTCTATTAAGATTCGAATAGATCCGCCGTCAGCGATCACATGTCGTAAAGGTCCGCTTGTCATGCTCGTATGCTCCAACGTCCAGTTTTGGTTCCTGGGTTATTAAACTGTAGAGTACGCATCAAGCACTCTATCTTCGTAGACGACGCATAATAAAGCAAGGCCTCAGCGCTGACCGACTCGGCAAAGAGGTGATCACTCGGTACGTTTGGCCGCCTGGAGGCTATGTCATGCACTATCTTAATGGACCTGCATCCACTACAGTTACTGAGGACCACCAATTGGTTCCGTATATCCCAAACGGCGCCCTCACTTGTTGCCGCCTGTAGCCCTAACCATAAAATAGGCAACGGCCGACTCTTGATTAGAAGCCGAAATCAGATAGCTCACGTTTGGACTAAATTGTATACCTCCATCGCCTAACGAGCCTATATTCGAACTAAATCTATAACTTCCTTATTTGAGTGGCTCGCAAGAAACTGCCTCGCTGATGTGAGCTATAAGATACCTCTGAGAGTTGCCGACTTGAGATTCGCCACACAGAAAATGATCAAACTTGAGCGGCGTATAAGCCAACCCAAGTTATGTCCGTCCTTCCCGTGCCAGAGGACCCCCGTATATGATAGTCAGGCGGTTACGCAGCACGTGAGTGTGTTCCTCTTATAACAATTCAAGCATAGACCAGACTCTCAGCCCCCTTCCCTCCTCACGCTGCAGCAACTAACCATAGCTACACGTATAAGGACATGCTTCATACCACAATTCGTGGGCACCGCGAACAGTTTATCGGTAACCTGGGCATCAGCGACTGTTGTCTGAACTCGTTAAGCGGGGGTAATCCTAAGTTTACTTAAAGGAGTTCAACGTCAAGGACACGGATACAGAGCTATTCATTTACCACTTTACGGACATGCTGTTGAGGGCGAGACTGTGAATTTGGCAGGTACATACTTATGCCATAGCTGCTTTGGCGCTCACTAGTACTTCGCAATAAGCGGGTCCCAGGCGCACCTCTGTACCAAGCTCCGCATTCGAGTGAAGCTTCAACGCATGCCGCCGTTGACGCTAGTCCACCGCACAGGACGACAAAATCGTGTGAGGACTCGAACGACGGTGGCGGAG,1510,49.07,Homo sapiens
SEQ_182616,GTGAAATTTGTTCTACTTTTTCACGTATTAGCAGACATTTATGATAAGGGGTTCCAGTAATTACGGTCGTCCTGGAGCCTTCCCAGTTTTGTCCGACTGATCCAGAACTTTGTTTTGTAAGGTACTGACTAGCTCCGGGACAAGGTATTCGCGAGCCTCACACATGGCGGAAGCTAACGAGAAGACCGGATGCAATCCGCTCTATGGAGGACGGCCCAGAACAGCTCTTGTCTCAGATTAATGCGAAGGAACTCCCGTGCGATGCATTGAGTTATGTGTGATCGTTTTTCTTGCTGTAAGGCTCCTTCATATTGGTTTAGCCAATCTCCCAAGGTCCTGCAGGGGAACATTGTTAACGCAACTTTTCACGTTTATTGGCCACCCAGTGTGAAACGTGAACGGGATAGTCAGCAACCGTTAATCGCTGCTTGACCCTCCGCCGTTAAGAGGGAGTGGTTGCGTTACGCACGAGGATCGGTTGTTAGATCCATAAGCGTTTATCCAAACGGACCAAGTTGTTATGCCTTACAGGGCGTCATTAGAGCTGTATAGAAAGTTATCTAAGCGCTTAAGTTCCGCCGACCGAACCACGACATCGATTCCAAAACTGCTGGCGGTACCCGAGGCGACTACTGCAGGATTTTGTGGGCTGACCATGTACCACAGAACCACGGGAGATTTTTTAGGTTAGGTGTAGTTAATGAGGAGCACCTCACGGCACTGAGGAAAGGGCGACAGTCGTCTGCTACTTGCGTGGGATCGACACCTTTACCGAACTTGAAATGTGCCACCTTCAGGTCTGTGCGTTAAGTACATTACCTAACCATTGGCGGGGCAGCAAGGTACGTTGGAGCAGACTGTATTCAGTTACAGCGACCTCCTTGCTGGAGAGATGCTTGAGCTATTTGGCGATGGTAAGCCGTTTCCGTGCTCTTTGGAACGTACGCATACATCTCCAGTCAGTACAGTTGGCTTAGTCTTTCGGACCGGACTGGGCCCCAGTGGGTGTGACGTGTCCAAATCTACATAAATGAATATCCACTCGGGGAGGTCAGATAATTCACCTGGACTGTCTACAAGGCTTTTGGACTACGCGACGCGCTGGGACTTGACTCACACTTTCTCTCTGTATTTAACTTTAGCGGCTTTATATACTCCGGTGGTGCCCTCTAAATGTAGGTACTGGACAAGAAGTCTAAATTGTCGGCTATAACGTCGGAGTCTGGGGGCGGGGATTCAAAGGACTAACTTCGTGGTAACTCACTGCTTAGGCTGCCGTCGTACCCCCCGCGACACCCCTATATAACCAGTTGCAAGGGAAGGTGAGCTCATTATTGGCATGCGTTCAGCCCCGCAAAGGTGTAAGACTTTAAAGTGGCCGGGCGCTGACCGCCTAAAAAAGCTTACTCACAGCGATGTCGCCACCGGTCGTACCGCTGTCGACCTCAGTGAAGAGAGGCCTCTGGATTTTTCGGGTATCGTTTTATCATCGCACCGAAGGAGGACGCTGACCAGCTCCGTGCCACATCTTGACTGATCGGATGGCATGCATCGATGGATAGGCAAATTCCTGATTGTGGGTAAAATTGTGCAAATGCTCTAAGATCTTTGGATCGGAAGGCACAAAATATGCCTAATTCAAACTGCTGTAATTCTCCCTCCGGGAATGGTCCCGAGTGACGCCTGCCCGTCATCCTTGGTTCACCGTCTACCCT,1715,50.03,Mus musculus
SEQ_698579,ACGTCTACCATTAACACAAAAGTAATCCGCGCCTCTAACACTCGGTATGAATAGTACGTATCGGGAATCACGCTTCTTAATTAGAAGTCCCCCCTCTAACAATCACCGCTGGACTAAGGTGTACGTCGTGTTTTTCGTGACTAGATTCAAGAATGCCTGCCACTGCGCGTTGAACGTCTAGTAAGAGCGGAGGTTGTAGAGCGGAGTCAGGGTTTACGATGCTAAGGGCCATAATGCCGCTTAGTTACTTCGGCTGTGGTTACACGAGGCTAGGGCCACTCTGCTCTATGGTAAGACAGAGGCGAGGGTGTGCATAAACAAGCCGCGAATTAATTGATCCCACCGGTAAGCCTCTACAACAGTTGACCGACACCATCAGAGCCATACGCCGCGACCCGAAGCCTAGTGACCGCATGGGTATGAGGCTGAATCCTACCGCTTGCGAAGAAGATAATCACGCCGTTATGCACAATTATATTCTCATGTATTAATGCGCAGTTCACGAAGGCCCGCTCCGCCGACACATTTAAGGAAGATATAGGCCTAGCAAAAATATCCGACTGCGATATAAGGGAAAGATTGTTCCCCCACGAGGATGCAGCCCCATAAATACAGGTAATTGCTAGTTCGCAAATCGGTGCTTCACGTAATCCCAGTTCCTATGAATGATAAACAACGTGGGCCCTGAACAGGTTGGCTTAGAGACATACAAAAATGTGTTGAAGTAGGAGCGCGGAAATGGATGGCGCCGGTGCAAGTGGCTCATAACGATGGTTGTATCCTGAGTGATAGAGGGGGGTACCTGAACCTCCCCTTTCGTCCCCACTCGGCCCAACTTTAAGAAGGGTGGATGCAGAGGAACGGTATAGATGCACTCCGATTGAAGTGTGGTTGTCGGACAGTTAGAAAGAACCGAAAACCAGGGAGGCAACTTCACATTTTTTGTCGAAGTAGAAGGGAGGTGACGGGTGTGCCCAGCCTGTGGCCTTTAAGTTGTGCTAAGTGGAATGAGATAATCACATTATCATAATTATGTCACCACAGATGTCACCAAGATGAAGTAGCGAGAGTGAGCCGGAGGGGCCCACCATAGTCTTAACATAGCGCAAAATTTACCATTACCGTTGCCCCTGGCCCAGGAGTTACTTGACGCGCAAGTCTGCTAACAATATTTCTTATACTGAGCGGATAGTTCAGATCGGTCTATCGCAAGTTGAAGGGCAGCTGTAGACAGAAACTGCTATCTGACTACACGAGCATAATTAGGGAGCAGGACAATCCGGGGACGTGTCAATTCAATTGTGCTGTCCGAGAAACTGGCAGACTC,1327,48.76,Saccharomyces cerevisiae
SEQ_650647,CTCAGGGCATGGAACTCGCCATAAATCAAAAGTTTCGCTAACCTCGACTAATCAATCTTTCGCAAGTAGGTGAAGACCGGTGCGGGGTCTTCTGCCTAAGCTTGCATAACGATCTAATATGAACTGACAGAACGCAATTAGCCTTGTGGAAATCCGACCTAGAATACTTCGTCAGGGGGGCACCGGACTTTCAGTACTTCGTGAGCATGGAGAACTTCTAGACAACTTCTGTCGACCGCTACCGATCAAGCCCCAGAATGTGCCCGTACACAATCGCGTCCGAACGACGTAGCCCTTCCATATTGAAACGCGCAAATTCTATCCTAGTTCGTACGGGTTACCTTCCAATCAATGGTTCGTACTTCGGTAGCTCGACTTAACAGACTGAGGCGACTGATACTATCCCCGATCGCTGGACATAGCTAGTTCACCTGGCATCCATTTCGCTGTCAAGTAATCCCTCTGTTGCTGAGGGATCTTGTCCCGGGTGGACACGGTGGACGTTGCATGCCATCATCGACGCAACACTCAGAAAATTCGAGTTTGACCCGTGAGCGACGCAGCGCGTTTAGCGTGCGCCAACCAAGCCGTAATTTAGGGGTCCGAGAACTTAAAAGGCACGTCCTGCCGCAAATATTGCGGATTCGGAACAGAGTAAACGCGTGCCAAGGGTGTGTACTTCCGCAGCCGTGTGGATGAATGTACAGCCACCGTAGTGTGGCATTTCACACTTATACCCTTGGAGGCGTACTTTCCAAGTTCGTTATACACCGGCTATTCTACTTACAACACTCCCTGGGGGCCTGGCTTTGGAGGCGATCTAAGCAGATGTTGGTAACTGGTCAAATACAACCTCGGTCTTTAGGACTTGCGAGTGAGCGCCTAATGAAACTAGATCACGGCAAGCCAATCGCCAACACAAACGCCGGTGCCGAGGGCGGCTCTAACCACACATTAGCTTCCTTTATGAAAATTCCTAGAACCACGGTTTTAGAAGCATCATTAACAAAGGTGTTTGTCTTCGCGCCCCCTATTCCCGTATTAGGCAGAGGGCGTGGAACTTACTAGCCGGACTTTCGTTAAGTCAGTGTTACTCGTATGAAATCGGTGCAATGGAGGGACCAACAAATTGTTGAACTATTTCGCCGCGCTGAGCCAGCGTTACTGTCAGGCCAGATCGTATCACCTGACCTATCCATCGTGGCGCATTTCGACGGGACGAACAGTAAATTTGTGCTTCTGTCCTGCCGTCACGTACAGGCCGGCAGGTCTGAAAGTCGGACTGACTCTCTAGTAGTTTGCGTTACGCCGACTGTCTATAGCTGGTCAAAGAGAGTCGTAAGCCGATTTAGAGTTTGGATGCGAAGCGCAACTTCTGCGCGCGTGGGCCGGTGAACCGATGTACTTGCTCTACAAGTTCTTGAAACCAGGAATTCAGTACGTAAGTGGAGTCTCGCCGCATCACAGCAGATCCCTTGTCCCATTAGACAAAAATTGATGAGGACCACTCCCTATTACTGTTCGCCTTTATATCCTAGACCGCTGTGAGCGTCTGTTATCGACTCGGGCGAGGACTCGGTTGTTCTCGGTCCGATGTCACTCCTTTGACCAGATGCAACGAAGCAGAACTATTTCGACACCTCTTTCCCGAGGGTTTGAGCATGAAATGGATTCGGTCTGGACGCAATATCTGCTGCTCACGACCGAAAGACTCCGGCCCGAAATTGCCGAGGCGAGCGCAAGACCCAAACAGGATCTCACGAGAATTGATTGTCTGCAACGCCATTTAAACTCGAAATTTCCATGCATGGTCTAGCACCTGTCATGCAGGTGGTGAGTCAGACCCGATGAAGCAGCCCTCACTTTAGCTGTGGAGTGTAAAAGACAC,1888,50.58,Saccharomyces cerevisiae
SEQ_574988,TCGAGAAGGCCCTCTCAAGGAAAAGGAGCGTCCTTCTCAGGCTTCGGCCGGCGGCTTCTGAGTCAGCGACAGTCCTCAAGACCGGATCTCTGCCATTCTGAGTGTAAGCGTCAGTCACGTGCTGCGTCAGAATACCTGTACACGTAGGCATGGCCTGCGTTGACATCCCGTTGCCCGAAAGTCGTGATACGATGTAATGCTCGGCCAGACAGTAGAGATACGTCGGGACTCTCGATTCCCTACATCTTCGCATTGGCTAGCTCTTGATCCCACGGTCGACCCAAGGTATTCGTTAAGTCCACCGTCTGTCTCCCCTAGCTACTTACACCTTATATCGCTGGAAGATGTAAATCGCTTTCGTATAGTCTATATAAGACGTTTAGGTGTGGCTTCTATCTGACATACACTTCACGACAGGCATCGTCACATAACCCACCCTGCTGAAGCGACATCCCGCTAACACTGAGAAGCTCCAATGGGCACCGAGGATGAATGGAATGCCGCCCGGTCGGTTAGATATTATAGATGTTTTCGCCAAGCATAGTCAGAACCCGATGAAGTAACCTCAGATATTGAGTCGTTGAATAGCTCTCTGCTATTACTCTGGCTTGCGGCTGCTCTGGTAAAGCTACCCATAATGTTTGCAGTCAGCCTAGGTCCGCAGAACGGACATCCCGGGGCTTTTTGTCTGACGACATCCCATAGGGCCTTTAGTTGTCGTCCCTGTAACTAAGTGAAATGATACGGGGTTCTACGCGATCCCCCTTACTAGATCCTCATGTTAACGGACCAGTCATCCCTTTAACAAGAATCGTTGTCTTCGTGATGCTCTCACGATGAGGTGCTAGATACTCCCCGCTCTTCATTCAGGATCGCGACATAATATGCAGATCCATGTCTTAGGGTCGCTGCTAAATTATAGTTCACCGAGTACTTAGAGTGCGTCAAGCAAAAGACCATCGTCCCTGCTGGCTAAATTGGCAGACTGGTGTAGTCGACCTCGAGTACAAAATTCCGCCTTAAACCTTTCTCCGTGAGGAAACGTGAGCTGCGAGGCGCTAATTGACCGCGAGCCGAGCACCGTCCTAGATGACTTATTGTCCTGTGTCTTGTTGTTCATTGCCGGCACAGTGTTCTTAACACCGAGCAACTGCCGTATTGATCACATCCCACATCATCAAGTAGAGCGTTACTGAATACCTAGGTAGCTGTGCTGTTCGGTTAAAGAACGGTACTTCGAGAGGGAAACTTTCGCTCTTTATTAAGGCCTCGTAATAGCACACGCGTTTACGAATCAACACTAGTGGTGATAGCCCCTCGAGTCTGTGTCCTCGTTGGGTTAGTCGAAACACACCTGCCTGAGCCTCCTCCACGGAGTGCCGTCACTTATGTCGTTGCATGGAAGCGCGAGGCCTGGTCAGAATCGTGAGGGCGCAACTTAGTCAGGAGGGATGGCTGGCTAAAAATATACTAAGCACGCGATGGTTAGGTATATGAGACCTGTCTACACATGTGATTGGATAAGGTTTAAGGTCGGTGCGTGTGCACGACTGTTCGTAGACCCGGCACCTACCTCCCCGCAAGAAGTTTGCTGGTATCAATGGCGACATGTTAGCACGATCGCCCTTGGCCTCATCCTACCTTTTTGGCATGCTGAATAGGTAATCTCGCCCTCCTACCCTGGCCAAACTTAATGTATCATCACTAAATACCCAGCCCCCCAAGGTACCAAGCGGTGCAGGTTAGCGCGGGCACGTTGAGCCAGAATATTTGCGTAGATGGGACGAACGCGCGAGTCTATTTA,1804,50.5,Saccharomyces cerevisiae
SEQ_737994,ACTGCTTGAAGGCTCGCCATCGGATGTCCGTGCCATCTTCACTCTGACGATATGCGCTACGCATTTTTGTACATTTACAGCAAAAGGGCGCCTGCGACAGGCAACACTCGCCACCCAGATGGATATAATTACAAGGTTAAGTATTAGACTTGCCAGCATCCCGTTAGGACACTATTAAGTATAGTGGTAATCACGGACTCTCGCACTCATGAATGGACACCGGGCTTTCTGGGAGAGGGCAGTAACCGTTGCCGTAACCCGTTGGTCCTTTATTTTTGTTGATGCCTCTCATAGGTAATTCGTACCTGTAACTTCTTGCGGTAGGAGCGCTGCCAATGACGCTTCGCCCCGTGGTATCCAGCACCGGAGACAGTAAGGATAGTGAAGTGGTTCGGGTACTTTTGCTCTTTCCGGATGACACATTAAGGCAGAAGATTCTGTTTCCTAGCTTGAATTCACAGCCCGCGTCGCCTGGCACCCGACTCAAGTATTCCAGGAAACGGTGCGCGCGTCACTTCAGGCCTGACTCTACAGTGCAAGCGAACGGAGGCATTGAGAGATGACGCATTTACCGCGCCGGATCGAGGTTAGGTTATCTTTCATCAGCTGGACTTAGAGCCCCAAGAGTTCCGCCTGGACAATGGCATAATCCGATGAGTAGTGGGGCCCCAGTGGTACACGATAACGCAACTCTATACCTCCGAAGCGATAAAAGAGGTATACGCCTCGTCCACAGAACGCTGTTGAAGATGTGCTTTTCGCGAATAGACCCGTCGGTAGGCTGAGCGCGACCTTCAGTCTCGAAACGGTTGGAGGGGAAGACCTCGACCACGTCGCGAATGTCCGCGTGTTTCCAGCAAAATTCCGGTGCAATGTGGTGGAATCCGCAAAGGCTGTACCCGTCGGCAACCCGATTTAAGCAAACCGACAAATAGAATCGCGATCATCTTAATAAACTCCAGTGCTACCAACAACCGTCAACGCAGAAGCACAGGTGTGAAGGAATCCGTTTTGAATCGACTTTATTCTCCCCTCGGAGACTGATTTTGCGACCACGATGTCGAGCTGGGTCTCTCCCACTAAGTCTGACGCCAGTTTCGGACGCCATATAACTTGTACATAAAACTACCCAGCCCGCCGCCGAACCTTCACGACCCGAGTATCAAATCATTACACCTCTCGCGATTTCGGCCACTCGATATCCCATGATTACTTTAGCATCACACCTGCTTAGTCTTAATTGACCATACCCCGAAATCTTTTTACTGGACTTTGACATATCATGGCTTATGGAGCTGACGTACGACAACGAGGGTACGTAAGGTCCGAACAAAGGGCTCGTCGGAGAGAGTAACGACATGACTATCGATTGTAGCCCAAGTCTGACCCGAGTCGTCATTGATTGTAAGGAAACGCTGAATGATTGCTCTTCCGCCACCTGCAATTCCATTTGGCCTACTCCAATCGTTTCCCGATTGCGCGCCTTCGCTACGGGACGTAGCACCGGGCCGTTTGTTGGTACTACTGACACGGTGTAC,1538,50.91,Escherichia coli
SEQ_375939,CAGGGCATCTCCGGGCAGTGTGTTATAGCATTGGGCTGCTCACGGATATTCGCGTGATTCTACAATGGTGGGTCCGGCATGCCGAGTATTGCCTGACTAAGGTCTAGCCAAGTCCAATCGATGTTTTACCTGACTTCCTAGTTGGAGTGTGGGGCTCACATTTTGACTGTCGTCCTGCTATCCTGGCTTCCATTAAACAGGCGTCGCCGATTCGGCGACAGAACTGAGCGTGGAGAACCTTTAACCGAATTTGTTTTTCCAAAGAGCAGTCAAGGATGTCCATAGCCATCAGCGCAGTCGAAGCAGCAAAGCGGTCGATCTAACTAGATGGACGGCGAGCTCGCAGAAGCAGTTAACGGCAGGCGGGTTCCACGTCTGAAAATTGTAAGCCGTTACGTCGATGAGTCGAAGATCATGTCGCCTGATGTACGGCCATAGACTAACTATAGGCGGCAGTAAGGTAGTGATCTCCTAAGATACTGTCAATTCGAAGGTGTCCTCGCTACATTTAGTTCAAATCGACTTGGAGCGGGGCGTACCCGAGTACGGTGGCTTGACATTGAAGACCTAAGCGTGCTGCGCCAGTGGGTCTTCGGCGTTGATCCCGGACTGTTCCCTACCCTAACCGCATTTCATGGACCATGGGATCAATTATGGTTCTTAGCGGGTACGGAAAAGTAATGAGCTTGGCTTGCCAGAGGGAACGGTTTCAAATAGCCTTCGACTCTCAGACGATTCCACCCAATCGTACACGGTCAAGGCGTTGGTTTTAATTACTGGTCTCCGTTTCACAGGCGGGATCTTAAGCGTAAGAGTCCAACCCCTCCGGGATTCGTATTAGCTTGTAGCTCAACTGGGTCAGGGACCGCTTCGATACTCGCATCGTAAAGTAATGAGCTGCACTTATGGTACGTCGCATTGCACCAACCTAGCCTGGAATAGTAGGTCGGGTGTCCGGGACCTAGAGTTATCGAGGAAACGTGGTCACCCAATGCATAAAACGCT,1005,51.14,Homo sapiens
SEQ_294439,CGAGCCGCGCGGTAAAAACACACCCGCTTGCGAAGGACGAGAAAGCAGTGTTTAAGAACGTAAAAGGCGATACTTTGACACGAAGACCAATTGGAGTGCGGCTGAATTTGGGTTCATTGAACCGCTCGGTTACATGCCATTCTAGGCACAAGTTGGCGCCCTAATAGGCCCTATAATAATCTTTTGCAAGCATATGTACTGAGTGCAGCAACGTAGTACAGAGTGCTCCCGAAATGCACTGCCTCATTTGCGGGCCGTGAGCCACCTACTCTTCCGAGCGATAAAGTGGCTTTAATCCGATGTCGGGGAGGTGCGCAACATAACGAGCAGCTTATACATTTGCAAGTGGTTATCTCTATTATCACTTCATCTAAGTACGGGTCGCGAGCCAGAGCAGCTTTACCCCCAATGTGATACTTCAGTTCCATCAGCGCGCAGGCCTTCATCCCCAGTCTATCACGTCTGAAAAGAGTGTGAACCTTAGTCGTTTGTCTATGTTCCGTTGGTTAAAGGCCTATAATCCCTGCAGGGCGGAT,536,49.25,Homo sapiens
SEQ_554575,CTACCGCACCGCAGCATAAATAGAAGACACGTAAGAACTCCGTAGCATCCACATTGCTTAATAGGCGTGTATAAGGGCGGGGCTGTAACCCTGATGCTAAAGATAAGATCCCAAGCAGGTGTTTTAGCAACAACCCGTTGCCAGATCTCCCACTTAGGACCATCAAAGAACCAAAAGCCAAATGCGTGTCAATGAGCTCAGAGATCGCTTCAGTGGCACGATAGCAGCCCCACATACCTTTGCTGATTAGTACGGGGTCGGTAGTTTTCTTACAAGTGATTACACTTACTTCAGGTATCACGCGGTATTGGTAGGAGGATGCGCGAATCTCGGATCTGGACGTCTCCTGTGGGTCCGAACCCAATTCGCCCTAACCTGAGGTCAGAAATCCGTACTCTTGGGCTCAATGAGCGCAGTCTACGAGGAACTCTACTAGTCATAGTCGTTGTAGCCTTGTGCTCGCTAATTATAGGCTGTACGAACATGGAGCTCGCCCAACTAGAATCCGGTGACCGACATACATGTGTCCAACCGGAGCGGCGAGTCATCACTGAAGTAGTCAAGTGCGGCTTTGTTTCAGCCCATAAATACCTTACTTGACGCTTTGAAGAGTAGGGCTAATGATCCTAGTTCCTTAGGAACGCCTTCACGTGCTAAATCTATTGGACACCCCCGAAGAACTTAGCTTCCGTGGGGAGTCAGACGCCGGGTGCGCAAAATATTTGTTTATACTGGGGACAAACATACTTCGGAGAACCATTCTAAACCGGTGTTCCAAGGTGAAGGGGAGCGATTACCCGATAAAGTGAAGCAGTCAGTGCAAATGCGCCTGAGGTCCTCATCAAGTAGCGATAACAGTCGTTTCAGTATCGGAGGCAACCGCAGACTACCAACATTACCGCTATGGACCTTAGCTCTTTATATGCCGTGCAACGGCGCTTATCGATCAGTCTTAACAGAAAGAGTAAAATGAATCTTGCCTCATCCCATTGAGACACCTTGGAGCCACCACAACCTAAATAGGGGTAAACTACCGTCCTCTCCTCCACGAATCACCCCACTACAGCCCTCAGAGAAGCTCAGCTGACGTATTCTTCGTAACCTAGATAACTACTGATTCACCCAAAACTGATACGAATGGATTGCTACACCGAGGGGTGTTACTGGAGGCCAAGCGAGTTTGGTGAGTTGGGTGGGTGTGATACACGCGTAGGACTGGCCTTGTCGCCTAGACCTTTCGCGAGGCTATCACGAACAGTAGCGTCGCCTTGGCCTTGAATCCGTGGGTCTCCGTACTTTCTGCCGAGCAGCG,1312,49.85,Homo sapiens
SEQ_289870,GAGTTGCTCAAATTCAGTTTATTCTCGAGGGCAGACATAGCGAGTCGAATGTTACCCTGTCCTATCAAGGCGTGTAGAGCAATCGGCCCGCATCACACCTAGGGAAAGGCCTGCATTGTATCCTAAGATCCTCGTGCTTAAAATGCGTCCCTTAGGTATTATCGCTGGATTCTGTTCGAGTCCTTTTGGAGCATTGGTGGATCTCCTATGGCCGGAGGACCAGGTGATATGACATGCCGACGGCTTTATTACGCGGTATTCATAGACCCGTTCACGTGGAGGAGCCAAAAGCTACGCCCGGTCTTTACTAGACGATCTTAGCTCCGTTTTATTGATATACCTGACTTGCCAAGAAACAATTTATTTGATGCAGCGCATGCCGGAGACATATCCAGATATCAGCCGTGCAAAACTCGTAAGAGCTGCTGCTTGTCTAGCCTACCTGGGGTATATGCGCCGCACGATTCCATAATGGGGGGAGGCTTTCTCTTCCCCACCCATTATTTCATACTGATCACACAGCTAACGATAGGAAGGGCCTTACGGAAAAGACATCTAAACGACAAGGACACTATGGTCCTGTCCTTTGACTGCTTTCTAGGGCAAGTGTTGTACCAGGGGTCAGTATACTCACCCCGAATCGTGGAGTAATGCACGGGTCCCTCGCTCGCCCGGTGGATATAAGGGATCAATCACTGACGCCTTTTAGTCGGCGTTGGTAACTGGTTCCGCTTAATATTTACCTTTGTACTACCTGCGTCCCAACTGTACATACTTGCGTCTATTAAACGATTTAATATAATCACCCGTCCCATTTCTTTGGAAGGGGTTTATGACATGTTTAAACCCTAGTGGCGCGTGGGCTTTGATACATGAGAGTAGTCGTACTACCTTAACAGGTCTCCTAAGTGCAAAGCCTATTGCCTAGCGTCGGAGTGGATATGTGCTGAACCGGTACGGGGGTTGCTGTCTAAATGTTCTGATAAAGGACTTCTGTGACTCACTAGAATGAAATATGCAATTTGGGTTAGATGAAGGTCACGTTCGGTAAGAGCCAACGGTGAACTTTTCATAAGAGCTGTCTCCAGCCATCTCGCAGCCGGGTAGCACCAAGAAGGTCGCATGTTGCGCGTACAGCAGGTATGCATTACGCGCAGCGGTCGGCAAGGAAGTTGTCGGTAAGAAAGCTGCTATTATCCCCCACATCATCTCGGCAGATTCTGCCGCGTTAGTCGCCACATTCTAACTACCAATAAAAGTCCCTCAGAAACGATTGGTATTGCGGTTCGATAGCATTTCACCCGTATCGCCAAGAATCGAGTGCCAGTTAGAGTCCGGGGATTCCGTGATTATGACTTGGGGTGCAAATATAGAGCGAGGCTATTTTCACTAAATACGCGCTCAATAAATGTTCGCCGTGTGAATGGTGGGTAGGCGGCGAGTAAGTGTTGATCGGATCCCTTATTCCCGTAAGATCCTGGGATTATGGGTAGCGGGGTTGTATACACAGTTTTAGGAGGCATGATACCGAGACAAT,1537,48.28,Escherichia coli
SEQ_474644,CGTAGGTGCCCCGAAAATAAGGTCGCTGAAGATGTGGAGGATCACGGGGACACCCGGACAACTGCGGGCCATGGGATAACACTGTATCAGTTGCCGATAACCAATCACGGTGTTATACGCAAATTCGAGGCGAACGATCTGCGAGATCTATGGCGAGATACTGATCGCAACCCGTATTGTGTGCACGAGCTCGGCCGCGCCTGTCACTGCCAACGCACTATATTAGTTAAAAGAGCATGAGCTGTGCGCTGTGGGGAGCGAACAGGCGTCTGCCACTGAGATCGAGATCGCGGACGGGCCCTGTATGCGGCGATCTTCGACCCAAATTAGTCCCTTATAACGGTGGTAAGACTATCTCTTTACTTGTCCGCGCGGTAGCCCGTAGTGGGCTGTCTTGCCGCGTCTTAAACCCGACGGGCGGAGTGTATGACATGCCCCATCCTATTCAGTGCGGTCTGTCATGCGGCAAGATTGTGGAGGTCGCTAGTTAGTCGGTGCCGCCCGGTTACAAAACGGATGCGAGGCGCATGCCGCGAGTCTGTTTGGCAGGGCGCATGCCTGGAGCACAAGCTGAGACTTCGAAGCTTTACCGTGGATTACAGGATCATGACCAGGATGCGGATCCGACACATACAAGTGGAATCAAGCTATTATTGGCTCAATATGAACACAAACAAATTTCGCATCAGGGAATCTTCTTTGTATCTCGAACAGAGTGAACGTACTGACAAGCCATATAGGATCGCCATCCCTGAGAACCCTCGAGCATCATAACCATGAGTATGTCGTTCCTGTCCTTTATATGGTTAGTCAGTGATACAGGTGGAGTGATGCAGGGTCACGGTGAACATGGGACATCCTCTGAGACCGGGGGAGTGTAAGATGCCCCTTCCCAAATTGAGAGTAGCTGTGCGACGCCATAGGGACCGGCATAATCGAAGAAGCCCCAGTAACAGTTGGCTTCCTTCGCCTCACACTGACTAGCGCGCACCTTTACATCGTCAATGTGGCAAAAAGCGCCAATTTAGCCCCATTAAAAGGATTTTCAAACGTGCCCGCGTGATGTCCATCAGCTTTTCTATTATCTTGGGGTGGTGAGAGTTGATTCCCCCGCTGTCAAAAGGGATTGAGATGGCACCTGCTTCACGAAGCGGAAACAGTTATGTGTTACAGGCAAGGATCCGGTCTATGGCATATGCAGGTGTTCCAGTAAGCAGGTGCGGATTCAGCTGTTGGGGACGAGTGACATCCTGCATTGGCGGGCCCCCTGGTACGAATCGATACGTACCTAAGGGAAGGGTCAACGAGTACCGGAAGGGTATCTTGCAATTGGCCACGACCTTTTCAAGGTTCGGACGGTTTCCTGCTCGTCACTTTCCCTCATCGGCACTCATCCCGATCCGTCACGCCCAGGAGTTCGAAGGGATGGCATCCGACCATCGGGTCGT,1448,52.97,Arabidopsis thaliana
SEQ_162507,GTCCATGTCCAAACTGAACCTTAGTAGGTGATGTCCTCCGATATATCCCCTACCTCGTTCGGGACAACTGTTCTGGGCCAGTATGTTGAATCCGGACTATTGCGGAAGGGGGATTCGAGTATCCTACGCGCGGCCTAACTCGCGCACCGGAGGGGAAAAGATGGCGTCCAATGTTATTACCAAACATCGAACTTCCTAGCCCAGAAGTGCTATGCGAGCAGGCGCAATCTGGGCAGCCCTAGTGTATCATGCTAACCGACGGCGCATAATCCATTTCGGGGCTAATCAAGCCCTAAACTGACTAGTCATATGCACACGGTTGTGGTTCATTAGCAATATCTCGAGATACTCCAGTGTGCATACGGTTTGCTAGCGCTCCTAAGTTCTCAGCACTGTAGCGACTTCCTTTTTCCCGGGGATGCGCCGGTCGGCTCATGCCTTAATGTGTGAACTCTCGGTTAAAAGTTGTGCTTGTCCCGTGGTATGGGTGGTGAGTCGTACACTGTGTGTGCCGGGTGTCGATCTTATATTTGAAAAAGTCATTCAATTTTGGCACCACCGGTGGAAATCAAAGGAGCCGTGCCAGGCGCTGCGCCTCTCTATTCGGTGGCTTCCCATATCCGATGAGTTTCATGCAACTTCGAGACCGTTGATTTACAGCCCCACAGGGAATTTGCAGTGTTCTGCTGAAAAAGCAGGGTGCGTAGTCCAAGGTGGATAGGTGTCTGGGGAGACGCCGCCCCTTAATATAATTTCACGCAATGAACCATATGCCATGGTTACTTAGCCTAGTAGTCATATCTCGGGCCCGCACGTATCCGCTGACGGAATCCACTAACGCTGGTGCACACACCAGGGACTTTCCTAGATTCCACGGGTACTGAAGTTCAACACCCGATACATTCTCTCAAGCCCATTCCACTGTGGTGTCCGGTACCAGACTATCTGTTCTACCCCAAAGAACTTCGCTAGGTGTCATCTGGGGCCTTGACTTCTGGGCGTATAGTTAGCCTCGCACAGTACCATAAACTGAGGCCAAACGAAGGAAGCGATTTCTAAAGCCTGCCATCCTCCTGATTATGGCTTACCTTGAACGGGGTGTTAAACCGATTCACTCCCGCTAGGACAAAGCTGGCAACGCTCTCCGGCGAGACTAGTGTGGTTAGACCAGAACTTGTAAGAACGTGGCAGGCGAATATGTCTCATTACTGATTCGGACCTTAAGTCTAACAGTGGACACACTAGGATGTGTGGCTGC,1258,50.95,Caenorhabditis elegans
SEQ_395370,ATTACACCCGTCATAATGAAAGGTATGTGTTGATCCCGACAGCTATGCAAATCCAACAGCGGCGCGCCTCGTTAATCGGGCGTGTGAGCTGAATTCCTAAGGCCTCGCCAATAAGTTTAAGATCAACTCCTCTTATGATCCCTAACAGCACCTCGCCGAACTGTGTGACCTTGACGAGTATAAGGAACGGTAAGCACGCACAGCTAAACATCAGCAGAGATCGAGGTCCGCAATCGCGGGTGTGCTCGCCTTGGCACGGGTCCTATTTATTCGTGTCAGGGATGAATGACGGCGCCCCTGCAGCTTCTTGTCATGAACTAAGTCACCATTGTACTCTTTTAGGCAAAGGCTCTTTGAGAAGGTGCTAAGACGACAAAAAGTTTCTGCACCCTAGGTATTCGGTGTTCTTAATGCGTTTGCGCCAGCGGTGTCGTGCTGCAGTTACAGCCGAGGTTACGGGCGTACTTCGAATTCTCAAACGGTGGATAAGATCCAATGCGTACCTAATCGCACCCCTCTACGGGTCTTGGAGAGCCCACAGAACATGACTCTCTCAAGAGGGAGATCAGGGGTTGACAGAACCTATGTTAATGCGCTAGTAGTAAATCCCACACGCCGGGATCTGAGTAGTGACACCTCACGTGTCTCTAAATTTCTCGGGCACTGATCTTTGCCGGCCGTCGTCCGATAGCCGTTATACCAAGAGCTCTGTGCGCGGGTATCGGGACCGAGCTAGTAGCTACTATCTCTC,751,51.13,Arabidopsis thaliana
SEQ_785410,GCGGATGTTCCGATCCGGAGCACAATCCCTCAAACCCTACAACGTCTCGCTTCCCATTCGAACCCGTGTCCTTATCAAATAATTGAGGTGTGCCAGATCCCTCTCAACTGGATAGCACAGGTAATAGTCGTAGGGGCGAACGTGTCTTAGCACACTCGAGCTGAGATAATAGCTAGTGAGCAGATTGGAAGATAAACAGCCCGAGATTTCCCTCTGGTATGTTCTGATAGAGCCCATCATTTATCAATCCGAGGCCTTGCTGCACCCCCTTTTCGAGTTCGAAAGGAAGAGTCTACGCGCTAATAGCTCTGGAGAATATGACAACGCCGTTAGGGATGTCCGAGTCTATCTTCCGGTGCGGCCATGTGCTTTCGAATGCAAAACGGGAGAAGGGGGGAACCCTAGAACAAGTGCGAGTGGGAGGGGGCCACACGGGATACCGCCCTGCCACTTGAGTGGCCTAGTATGTGCGACCAACAGGTGCATCAAAACTCCCTGACTTGGTGAGTCGGAGGCGGGAAGGACAAGTAAGCCCAGCAGAGTTCAAACTAGGGTGACCTCGCGGGTCGGGAGCACTGCCTGCTTTATATTCAGGAGCAGTTAATTGGCTATAGTAAGTCCAGTGTTCGTTGAAAAGTTTTACCTCACAATAAACGTTTAACCCGGCCGTGTGTTTAAACTTGCCCCCTTGCCTTAGATATGCCTCGTTGAAATCTGCTTAGGCTAGTCGAGAGCCGACTCATCGACTTATAAGTAAACGGGGTGTGCTTGGAGTGACGTTTAGTGGGAGTCTTGGGACACGTCAGGGTCTGGCGCCGTTCGCACACGTCGGCCCGCTTTAGTAACTACTGGTGTGATCAACCGACAAAAGAAGGCATGATCGCGCCCGCGGACCAAATAGTCAGTAAAGCTTCCACGTCCGGAGTTTAGGCTTCTGAGCTGCATAGTCGAGAGGACTGTCTACATGGCCACCTATTTTTTAGTTATCCTTTTTAGAAACAGCGAATGGTACGACATCAGACGGTCGCTCCAACTA,1036,51.06,Caenorhabditis elegans
SEQ_339149,CCTTTCACGGGAAAGCTAAACAGCTTTTTTAAAACAATTCGTTAGAGATATAAACATGAGAGTCAGCAACTCAATTAAAGGTCGTCCCTCCAGAAACTAGCAATGGACGGCATAAGTAACGGTTCATACGGGTGCGCAAAGCTTCCACCTAGGTCACTTCTACATTTCAAAACGGATTCCGAACGGATTTAGCATCTCAAACCGCGCAGGCTTTCATCCGATCTTCACTGCTTGTTATATTGGCTCCCTCTACGGGGTAAAAACGCTGCACCACAAGACTCTTTAAAAGTCGCCTCCGCCATAGGAGAGTAACTAGAATGTTCCTCACGGAAGCTGGATAACACGACCAATGTTCTCTAGTTATCACCTTTCCGATTCATCGGTTCGACGAGGCGTAGTATATCAGGTGCAGGTATAATTTTTGAGCTATAAACGACGACACTGCCCCGAACGATGCAGTGCGAAGGAGCACCTATACGAGTGTTCGGCTCCTTTGGATATTGTCAGACCGACGGCCAGTACCCAGTACAGGAGACATCTGTGACGCTACTACCGCTGTAACTATGTGAAAATTCACGTCCCCTGAAGTTATGTCAGGGCTCCACTAGGGCATTATCCTGGCGCTTGCATTATGCCGATTCGAAATGGACAGACCGTAAAGGGCAACGAGCGCTAATCTCCTTTCTGGTCCTCGGTCCTATCCAACCACGTCATTTGCGAATGACGACCGTATGCGTAAAAAAGCTGCTGTGGTTTGTAACCACCAAAAGCATCCAAAAGATGCGCCCGATGTCAACCAAGGTTGCGGGAATAAACTTCAATGCACAATACCCAGCAGCAATCCCTACACCAACACGGTCATGAGGGTCCTTACGTCTCCACCTGATAAGTACCCTTGCCCTTAACGTAAGAATTTCTTGGCGATACAGGTATACTTGATTCTGCGAACCCTGGTGTTGTGATTGGTAGGGAGGCCCCCAGCGTTCTTCTAGATCTTCCTCTGTAAAAATGGTTTTCTGCCTAGTCTTTCTGTGGTTCGACCTTCAGTCGGGTAGAACTACGCGGACGATGGGGTTCTACTAACACTATGCCCCAGATTTTTTACCATTAAATACCACAAATGATGGGACACTCCGTAATTGTTTGTGCAATTACTCGATAGAACTCTATCCATTGCTACCCGAAACTCGTAAGCGAAAGACGTATTAATGTACGCCTACCGAGTGGACTGGCCTGATGCAATCGTCACTGCGGTAGTACAATAATTAGAGGAAAGCCCTCA,1282,46.96,Mus musculus
SEQ_565595,ACTACGATTAATCTGAACCTAGATCTGAGGAAGGAACGTGTAGGCGAGTGGATTGAACCACCCAAGCCGCGCCACAACTTCTGTCGCTGTCACGCGTAATACTTGTGTCTCGATGTCTTTTGACCGGGCCGACTAGTTCGGATGTTAGTAGAAACAACATTGATTCTCCTAAGGTGAAAAGGCCGCCTTTTCAGTATAGCTTACATACAGCATCGCATCGCGCGACACACGATGTCTTAGCCTTCCATCTAGCCTATACGGGTAAAGATGTAACCACAGACAGCCAGATAATAAACCACACTCTTACCCATGGTTTGTCACCCTTGAGAGGCGCCAGTTCCCGACGGCCTACACAGTGCCCGTTTGCACTCTGCCTAGGCCTATTCGGCAACAGGTCAAGAAGGACGGCCGCTAAGTCTTCTTTGAAACGTTCATCTTATTGGTCAGTTGGGGTTGGAATACTGATCATAACTAATGAGAAGGTTGACCCTCGTCGGGTTTTATTAGTGCGAGAAAGCGTTGTGTAAGTTCAACGTAAAGCGCAGCCCGGGCATCTCCTGGTTTCCCTCCAGGGGTTTCGTTATGTGCGCCCGCGTAAGGGTGTGTGTACGATCAGTCGAAGCGCTGTGTGAAAGCCACTCCCTCGGGATCACGTTGGGCCGTTCCAGGTACACCCTGTTGTCCATACAGCAACAGTTGATAGTCTTACCGCCGTGATTTGTAGCCTGATAACCATACACAATCCTCATGCATGAAACGCTGATCTATGATTATGCCATGTAGCGTATCACTTAGGTCTGGCTTTAAGGTTGTGCCTCCCTTCCGAATCTATAAGAAATCAGGATCAATACCCGCTGACATAGACGTTTCATGTGTTCCTCGTGAAATTAATTGCTCTGGA,901,48.83,Homo sapiens
SEQ_104721,CCGTTAAGAGCTAATTCTGGATGGTGGGGGCTTGAGAATTGCAGTGACACATAGGCATCCACAGACTGGAAGGCATCATCCGGGATGCGGGGCCCGTTATTTTGAGCATTGGGGGTGCGGTGTGTCGGAGTCAGTGCGTTAGGGGGACAGGATACATACCGAGGACATGGCTACTGCTATAAGAAGTCAAAGGACGACCTAGAGCCGTGCAAACAGTCTGCGATAACTTTGAGGATAGCTGCTGGTAACTGTGTTAGACAGCATCAAAAATCGGATCATCCGGGGAGAGGTTCTTCACTAGCATTGAGCGGTATGCCGTACTCTCCGTTGTTAGCAGACCAGTAGCACGGTCCAAAGCCTTGAAGCGATGCTAACTAGAAGTCAGTTACGGGTCATTATATCCCCATCCTTGTGGTTACGAACGACAGGAGGGGCTTCATCGGCAGCCCGTAAGTGATGGCAACCTCAGTATCAACTGTTGCGGTAAGACAGGCACATGATACACTATCACGCGCGCCAACCCTTGAGGGCACTAGACAACCTGACAGAAGGTGGGCCGCTCGTTAAAAGTATCTGGATATAAATCGTCACAGACGTCGCGGAAAAGACCTCACGCAAGGGAATTGGGTGGAGCAGGCTGTATAACAGCACTTTGCTTATGGGCAACAAGGACATTTAAACAGTTTCATAGGGTTATCCACTGAGTGATAGAGAGTTTTCGCGCCAACCCTAAGGTGCCCCCCCGCGGACAGGCATCAAGTTACCTCGCCTTGTAACGCTACCATTTGTCAGGGCGGCTACCCGTCGGCGGTCTCACGCCGAACGACCG,829,52.23,Saccharomyces cerevisiae
SEQ_928098,GTCTACAATGCGTGTAAGAAGCCTCGAGGCTCACGAGAATTTGTAGTCCAGACCTGTTGATGCGGGAACTTGGGTCCTTGGCTTGGCGGTGTGTCAGCGAGACTGGACAAATGCTTATGGGCCAAACCAAAACGGCCCATACTCGTCCTCAAAGGGCGTAACGTGGGCCAGCGTGACGCTTAGCCTGTTTATCTGTCTTTATCGTGGCAAGTTTAAGAACACCGGGTTCTTACGCTGTTCTTCTGGCAGGGATTGGTTTACCGGACTTTCTCAGTACATATTAAGACCCTCAAAGTGGCTATAGAAACTACCCCGCGCTGAGTGCTTGCTGTAAATCTGTTAGCATTGTAAAATTACTCTAGTAACGTTGTTGTGGAGTGGCAAAGGAGTCGAAATCTAGCCCCAGGGAACTGTGGTGGACGCTGATGAGACGCATCGGTTTAGCCCATCAATGTCATTACAGGTGGAGTTGGGCCAGGGGGATGACCGAGACGCGCTTACTACCTACTGTGCTGTAGTAACGATAATACAAGCGAAAGTAGTTCGACGGAGATGGGTTTCAAGCGTAACCGACGGGGTGAAGTTTGAAGGTGATGTGAACGCGTGCGAACACTTAGATCTTGTGCCTTCTTCAGGCTGTCACGGTGGCAGGGCTTTTCTCAGTGTGTGAGTAAAATTATCGCGTTCCAACGATTACCCGCGTGACATTCTGGACGTTATGGCGTCTACCAACCGTATTCAACTTCATGCAAGCTGAATGTATAACACGTCGCTTAAAAAGAAATCTCGTAAGTGTCACTACGCACCCGGGTTACGTTTTACGGCGGATGAACAGTTGAACGGGCGACGACAAAAAGTACCTTTCTCGAGGGTTGTGAAGATTCTATTTGAAGCAGCTTATTGTGATCTCATCGCGTTGACTCTTTTTTGGACCCCGATCATCAAATCTCGAACGGCTATCTGGGCAGCTGCTTGCATGTGTCAACGGCAATCGCGGCGTGGTGTAGCCTCCAGTCGGGTGGCATAACCACCAATCAACCGGGGCACGACCAGCGATTCCAGAGTGTTCCTTTGCGGTAGCCAAGGATACGGTAAGGAACGAGCAGTATGGAAACGTACTAAGATTGCCAGGGGAGGCGCGGTACAGCTGATACTGTCGAGTACCCATGCACTCCATGCATACCTAAGCTATGACTGTTTGTCTGCGTGCTGTGGGAGTGGCATTATACTCTCCTAGGCTGGGGTGGTCAGTGGCGGCGCAGCATAGTTGTCCCGGCGACAGCTGGCCACCTCCGACCATCCGCATAGGCCCGAGCGTTGAGTAGTATCGCATCCGCTCTTCTAATACAGTTGATAATCCAGGTGTTAGCCGCATCCACGAAACTATTCTGAGGCTTTCGAGACTTTAAGGCTCGGATTAAAAATGTCGCCAACTAAGTTCACCTATTCGGCTGGAACTCACCCACGGCTCAAAAAAAATACTTAAAAAGCTTTGATTGTGGTATACGGGGGCGATCTTTCACAGCTCAAAAAGTAGCGAAGCTCTTTAAACAA,1554,49.81,Caenorhabditis elegans
SEQ_637653,GCGTCAACAGTATGGCCGTAACGGCCCTTACCGCGGGTCTTGCATCCAAGAAAGTGAAAGTCATACCCGTCGTCTTTGGCCGTGTTACCAAGCCCTCGTAATCTGATATGTCAAGTCACAGCAGGTATAATGTTTATCTCGATTAAGATCACATCAGAGGCGTCAGAGCTACGGCCTGGGGGAAAAATCGGTGTACCAGAGTAGTACTTCGCACTGCATGAGAGATTTCTTAGAGACCGGGATGTACCAGGAGTCTCTGTAGCCGCTATGGGCCGGTTGGAGGGGCACCCCGAAAAGACAGAGGTCTGCGGGCGCTGATAAACCTTCAAGTCCGTTACGCGCCCGATCCGTGTGATGTCAATTCCAGCCGTCTGAAACGCGCGGCTAAGTCGGCCTCAGGTTCTGTTGCCAGGTAGAATTGCCTCCTCACCGCAAGGCCACGTGGATAGCTATTGGCGTAGATATGGTGGCAAGAACCCGAGTCTCTTCCTGACTAGGGATCGGGTGAATTCCACACACATAGTTACCGGGTACATCTAAGATGAGATCCGCCAATCAACCCCAAGAGAAGCGCGTTGCGCCGAAATCCGGATGCACATCCAAGGATTCAGTGGAGAGTATTTACGTGTGGCAATTAGGATTGTGCGAAAGTCCCGCACCGGCAAAGGGTGTCAGGAACAAGTCTTGTTAGGATTAAAGGTGGGTAGTGTGGCACCGATTAAAAAGTATGGCAGAGACCAGGTGTATAGGGCAACTATCATGGGTCGTAGCAGGCTCCCGACTAATTACCCTCTCTTCAGCCCAAACCTGCCACATACAGAGGTACCATCGACATCCTAGTGCCTAGCTAGAAACCAGTATTGAGACTGAGTGCATGTAACTTAGGCT,888,51.69,Caenorhabditis elegans
SEQ_307084,AGCTGTTGTGTACCTTCCAAGGTGCTGCGTGACACGATACATACGTTTGGTGACAAAGGTGCCCACGTCAGCTATAAGTTGTAGATCGGATTGGGAGGATATGGCCTTTAAGGCGATGAGGAACGTTGGTGAGTTACTCACCCTACCCCCTCGGACTCGCCTGATATGTTACACATTCGTTTGAAAATTATCTCCAGTACCGGATTGCCGTCGCTCCCCAGTCCGTAATAGAACGCAATGTGCAATATGGCTTGCAAATCATTAGCATACGTGCGTTGCGAATATTGTCACAATGCCACGCGGTTTAATTAGACTCGTGGTGCCAGCTTTGGCCTATTCTGAGCCTTTACTTATACAGCCATTGGCCTGAGGGGTTCTGGGTGTGCCATGTTAAAAAGCCCGTAAGGACGACCGGACAGGGACAATCCTGACATTATCTGGTTTGGGACGTTGGTTGGCACAAATTTAACTAAGCGTACGATCTTAACAATAGTACCCGCTACCGACCGGTAGGCCTTGCTCTGCAGGAGGAGTGACTTTTTCCGCGAGGCGGTTCGTAGGGCACCCTAGTCCGGCAGGTCAATTAGGAAGATAAGAGTTGTTCGGCCCGAGGTGGCAGTCTCCACCCGCTGCGGGCATCTAATACATCACAATGCACCGGAAGAAAGCTTCTGGAAAGGGCTCCGTACGGGTCTTATGTCAGTCGGGTCTTCGTTCGATAAACTGTCACAAAGCATCCGCAACAGTGACCGGTGACCTCGGCATGCCCGTCTTCCCGTCGATCTGGGGTGGACTACGACTCCGATGCTGAATCGCTACTGAGGACGGTTGTAGGCGACCTGTCACCACAACCTGCTGCCATCCGTCGGTGGTGTAAAACGGTGGTTGAGTATGCTTGGATAGCGCTTAATGGATATCTGCGGCAGGCATCTGTTGCTGGCGCTACAAATTGCGGTTCTTTGTTGAGAGAGACTAGATGGCAAGTTTTAGTAGGGTACGCGCGGTCGGGGCTTACAACCACCTGCGCGAGGATCGTAGGCCACTGCCCCTTTGCGTGTCGGGAAACGGAGGGCCCATAAACTTAATTGGACCCTACTCACCCGAAAAGTGGTATAGTTTCCTACAGGGGGTGATCTGCTGGCGTCTTTCGTCGCATCGGTGACGTTGATTCTGCCCAACCGTTTCGATAAAGCTCTTGGACTCCTGACTGATGCCAAGAGTTTATACCATACCTTAAAGACCCCGAAGAAGCTACCGGCTGACTAGATCCCCGTGAGCCATAATTGTTCACGCTTTGCGGCGTCTCATTGGCTTAGAGGCACGTACGACCGGGTGCTAAAACCATTTTACTAGTCCCAAATGTACGACAGACTAAGGTCTAGATAGCGAAACTCGAATGCCATGCTGCTATGGGACACGACCCTCCATAACTCGAGGAGTGCCTGCCACCTATTCTGTTTCTGACTGCGAATGGAGCAACCACTTGATAACCGACATTAGAGGGCAGTCGTGCTTGCCAAAGTATCTCCCCACCTGGGATATCGAGATGAGTAGTCAAGATATTCGACTTAGAAGAAGTAGAAACAACAAGTGATACAGGATCCACCTAGCGTAGAACCATATGTACCCACTGCTCCACAAGGCAATTTACTCGCTATGTCTAGTAGTGAAAGACTCGAAAGTTCGGTCAAAATGGGTGTAGTGTATACTTTCCTAATTTTCAGCGGCGT,1730,50.64,Caenorhabditis elegans
SEQ_437244,CACCTTATACAAGTTGGCTGCTGGTCAATGCGTGCTAGACGGATTTCATGGGTATAGTTGACTGCTGACGATTGTGATAACGAAAACTACCGCCTTCCATGTTTATACGAAGAAT,115,43.48,Saccharomyces cerevisiae
SEQ_941626,CGACTGAGTCTAATTCCCGCTTCGGAGTAAGTCGTCGTTTACACAAGGTTCACGTCGGCAGCCCGATATGAATTTCGTATTGGCAGCAATCTTAAGACGAGTTAATCAGTTGTAACCTGCTGAGTGTTGCGGACCGAGATTCCGGACTCGTAACCATGGTGGAATCCCGAAGCGAGTTTCCCGAACGTTACGGGAGAGCCTCCTTGCCGGTAGGTGATGTTAACGGGGTAAACGCCTTCTCTGTAGACTAAGCGAGGAGAAATCAGGAAAGACCGTCGTAGGCCAAATGATCGATGGCCCAACTTTATAGCGGCTGTGTATCCTCGCTGAAATCACGTTGAGATACCCTTAATGGCGGATTTGCGTCGTCAAATTGAGCTTGCCAGGTACTGAATCCAGGCCCGAGATGACCGTCGATACAATATTCCCGACCCTCTGTCATTGGGTGTTCAACAGTGCAGAAGGTTACCGGCAATGTTCGCTGTAGACCTGACAA,496,50.4,Arabidopsis thaliana
SEQ_192390,CCATGGGCGGGGCCGACTCGTTCAATGGTAGTATTGTTTCGCGCTTCTCTATGTGTACACGGAGCACCCCAAAAATTTTCTCCTCCGTAAGCTCTACCTTATAGTTGATGCCCTAAATTTAGGATTTGTTGCAAGATATGCTACCCGATGGTTAAACGGTAAACAAGCGCTATATTGTCGCCTTGGGCGCGGGTCAGCGAGGTCAGTAGAGTGGATACGTGTATGAGTCGTGGAGAATCTATTGAACTTTAATAGGACCAAGGATGAGGTCGAACGTGGAACTTGGTAGGTTTAATCCTAAGACGAC,307,46.91,Caenorhabditis elegans
SEQ_341721,TCCGTTTAAAGACGTCCCGAGAAACAATTCTTAGTGCGTTTCCCCCGGGCTGCAATTTCGTCCAGGGCCCGATGCGGTTGGTGACCTTGCTTTGCAGGATGCCCACACGACGTCACATTGCAGCCCAACTGACACGGTTACGTAAGTCAAACGGAAAGAATCAGCCACATCGGTGACGCGTCACGGTACTCAGGTTAAGTCTTGAATGTGCGGCTATACTTGCTATTCCACGGACTGTCTCTAACTCGAAGCACCCCCATCTACGGTCGTAATTGTGCGGGGTAGTTCAGAGCGGTAGGGTAGCATACTACTCCGGTTTAATGCTCTTCTCTTGAAGTTTCGGAAAGGAGCGCGGTCTGCATTTGTACCCAAACTTTGTGGACTTGACCCAAAGCGGTGCGTTTTGTATTCGTGTATTCCCACTAGTAGTACGTGGGGCGAATTATTATCGACACCGCATCTGGAAGACATGTTGCGTGGTCTTTCCTGAATAGACCTCAGGATGCACAGTTCGGGACAGAAAGTTCGGGGCGCAAGAGCGTACATTCAAGACCGTTGTTACATATGCATTAGCCGTAATAGTAAGACAACTACTTATGTTTATTTAAGCGACTCTGGAATCTGCTACCCTTGGGTTCGTCAGCGGGCAACGCGTCGACTGTAGGTTTTGCTCTCGAATGGTCCCACGTACAAGCGTTTTTCACCATTGGTACTACCCGTTGTGCCCATATAGATCCATCTTGCTTGCGGACTACTGAGAGGTGCTCCGCATGTCACATCTCTCTCTGGCATACTTGGCGCGTGACCATTCATATCTAGATTGAGTAGCCATGCGCTAGGAAGAGGGACGGACGACGTATCGGCACCCTCTTTAATTTACGGCCCAGTTTTTGTATCTCTTAACGGCGTGAGATTGAGGAAAAAGTGGACACACACGGTTTCCCGTAGCCTGCCTGTTACAGTTCTAGACAGTGTCCTGTTTTCGTGAGCAATGCTAAGCCGGAGAGGTGTGCTGGCCGAGCGGGGATTCGTCAATTGATAACGAAAAGGGGGAATACGCGGATCCCCTCATTCTGAATCCGACGCTGACAAATGAAGTAGTCGTCGAAGACGCTGGGGTTCGCTCGTCAGTACCTTCCTCACCCCAGGAGTTTCCTAGTCCGCAGGTCATGATCGGCCCTTCAAATCGCCGTCGCGATTAGCATTTGTGAGGACGAGGCCGGGCAACGGTTCGCTTTCATCAGTCTTCGCAGAATGCCAGCGCATTGCACTAGCGGTATGTGTCGCTCACTGCCTGTAGTCGCTTTCAACGTTTCCGGTCTACCCCCGTGGAGACCTAGAAAAGGCCGGATAGCCATTGGGCACAATGCAACTCGTCTGACCGGCGGTGCATAAAGGTAAGAAACGACAGTTCAGACACACCCACGGGCGTCCCCTGAAGTAGGAAGAACGATTGGGACACACATGGATCCAGAGGCACCCACCGCTTCAATTTGGTACCACGAGATCTACGCAGTCAAGACGAGCGAATTGATGGCAATATTTGGGCCATGAGACTTTCAGGACCGGTTGGATGTTGCCATTTACCTTCGAAGGACCATGTTCTTGCAATCGGTCGGCTGCTTGTTTCCTGATCAGGAACCTCTGATCATAACACCTAAACAAAACTCTAGAACGGCCGCGCTAACCCACTGTTCCCCTGCTGGACAAGCTGCGCCCGTAGTTTTTCCGACACCCAGGGTTGTGAGTTATCAGTTCAGATTC,1764,51.42,Mus musculus
SEQ_667183,TTGGCGCGGCTTTCGCGGTCGATTAATGGCTGAGATGGTAGCGTACAGTTCGATCAGTAGGTAATGAATCCGGTCTATGAAACATGGGTCGACCTTCATTACACCTCTAATGCGACAAACGCGAAACTACCGGAATTAGTGAGCAAGAAATCTAACTCAGAGTTAATTAGACCACTCCCCCGCGGTCCCCCCCTGCACGCCAGAGCCGGTTGTGTTTGGCGCACCACAGCGTTCGCTTCTTAAGCAGAAGAAAGTGGCGGATGATACGTGTCATGCTCAGAAGACTGACTGCTGTCAAAAATTCAATCTAACCCTATCACCCCCACTTCAGCCGCGCTCATACATGCGTGGCCGCGTAACACCCGTAAGTACCAGGTATGGGGGCGCGCGCTCGAGCCTAAATCTAGGCCCAGTCCATGTCTGATCCGTATATACACGTGGTCCTGTGGCGTTATGGTTAGGAGACGAGCTCTTTACTTCCATTGCTGCGTGCTTACGCGTCGCGGTATCCTTGTGATGCGTTCGTCTTGCAGGTTCGATGCGGGTGCCCAACTATTGCATTTCCCTCATTTACTGCATAGCTTGGTTGAAGAAAGGGCCCCATCAATATAAGGGATGTGGATGATGAATAACGAGCGCTAGAATAGACTGTCCCAGTAGTTGGGAACCCCCACCGGTTTTGCTCCTGCCGGAGGAA,697,51.94,Drosophila melanogaster
SEQ_758256,GCTAAACAGTGCGATGCTACATATGGTTCGTAAACACTTGATCGCGCGCTTTGTAATTCCGTAGTAACTGAGCCGCGTCCGTGGCAGGACTCAGGTTAAGGGGTTAGACCTTTCGCTAGGAGTGAGGTAATTTGTTCCGCCGTAAGGCCTTTATCAGCCGGCGTAGTTGTACGACTTTAGGAGTCTGCGACTAGTGTAGATTCCCGGGTATTTCAATCATCGCAGTTCCGGCCTGCTCTGTTCTGAAGGACCCGGATGCAAATCCACAATCGTCACTGCTTCACTTGGGCGAAATATGTGACGATTAGGTGTTTAGAAAAAGTGACCGTAAGCGAAGACTAATAGGCTTAAACGTAGAGAGCCAGTTATATCTAGAGTGTTCAAGTCACCGGACGTGTACGTTTGGATATGTGGTAGCTAATCTTTATTACTTAGTCAGGTGTACGTATGAATCACCATGCACAGGATTATCCGGTCCAAACCGGTTCTATAGATTCCTCGTGGGCT,507,47.14,Homo sapiens
SEQ_847190,GTAGCCTGAATATTTCTTTCCACGAGATGCATAGATTGTGCACTACTACACCGTCGGGCTCTTTGGATTCATGGCGCAGTCTCCGGGGTCTTTGGTAAAAGCCCTTCGCCTTGAATGTCCTTGTAGAAAACAATTCGATCGGTCTGCACCAGCCATGAGCCCTCGGACAGTCTCAAGGGCGGTACATTAGGGTTGGAGCACCCGCTCTCGTCTCCTTGCGGATATACAACTAAGAAAGTACAGTTGGGCTCTCCGTTTGCTTCCGCCTTGATGATTGAATTTATAAAATAAGTTCTCGGCTGCCGAGTGGTATATCTCATCTATCCCCCCGGGCATATGCGGGGGAAAGAGGAATAGAATTATCATCCTACGTCATTAACCACGCAAGCCACTCATGCTCTTATTGATTTATAAATACCAATGTAGGGTTCCGGCACGTCTCCCGTGCGGAACACTCCGAAACCGAGGCCCGCGGGACGCGATGTCACTAAACATTCGACCTCAAACCACACTAGACTAAATAGACAATGCCCAGGACCACCGCGGAGCTATCACATCGACATTGAGCCATTTTGCAGCATGCGAAGGGTGAGCACTCCCTCGCACGATCGGGTAGATCGGTACTATTTGGTTTCTCGGAGCTCGCCAGCGTGGGAACCTGTGTAAAGTGAACAAGAGAGTCTCAGTCAGCTGTGGTGCCTAGCTGATGTGCAAACAATATACGAAGTTTGCACACGAGGATATAGGAGTATAGAAGCAAGTTCAGGACAAAGCTATACCGATAGAGGGTATGTTCTATCATTACGTCTAACGGGAATCATCGTCTTATATACCCTCTAAAAAACCATGTACGCGCAAAGTTAATAAAAGCTTGCGGGCGGAAGATTTCTAAACTCGACAACGTCGTGCGCATCTTTCCATTCTGGG,927,48.54,Drosophila melanogaster
SEQ_888368,CTTCGCGAGGCGATAGGCCGTGGCTGTAGGGGAGATGTAGTCGCCAAAAGTCAGCGAACGCCGCGGGAGCACTTACGCAATCCGGTCTCTCTCTTACTTAGATGGTTTTAACCGCCAAGTTTGTCTACGTTCTGGTAAGCCGTCGCGAAGCATTGCGGGGTTTGAACTGAACAAT,175,53.71,Mus musculus
SEQ_426021,CGGGCGTGTTTCTGTCTAGACCGACGTGTAAGGCGATACAACCTCCACGACAGTGAGTTTTCCGGGGAACAACCTGCTTTTATAGTGGTACCACGCTACCCAAGAATGTTCCCTACATTCGACTATCGTTAAGATAGTGCCTAACTCGCCATCTTGCTGACCGATGGTCTGAAATTGGATTTCCCCCCTAGTGGTCAAAGTGGTCAGTATAGCATCGCCGTATATCTGGTCTAGACTACAAGTTAATTCGGTGCTTATTGAGTGAGGACGTGTGTGCTCATTAGGGGTGTAAGGATTTCCACATTAACGGTTGCTATCCATGGACATCAGAGTCTACGTCTTTTGCGGACTCCATAGAGGCTAGGCGGCTTTGTGAACGCACGAAAGAACGTGGCAACCTGATATTCGTAGACCCCTCTTAACACCTAAACTCTGACACTGATATTCATTGGTCAGTTCATCACTAATCATACTCACTGCTGTTGTGCCACACTCGGAATCTGCATTACTCCTTCCATCACAAACTCGTGGTAGCCCCGTCGCTCGCCTCTAATCGGCACCTGGTAGGATTACTGAAAACCGTTTTAAGTTGTACGAGCTGTCAGCCGATGTACCTGTTTCAGAATAAACTAGAGTCTATCCGAGTAGGGCCGAACTTTCACGTTCCAGTTTACTCATTTAGCGTTATCACGGTTCACGGCCCTATATACCAGTTAAAACCCTCT,725,47.17,Mus musculus
SEQ_489284,CACCGATACAGAACTTATCTGGGTCTAAACGAACGTCGGGGTCTCATGAATGCATGTAAAGCCCCAACCGGTGGCAAGCTGGGTAGTGTGTATTTGTTCGAACCCCCGGACCGAGGTTCGGTGATGTGTGTGAGAAAGCCCTGGTCAACTGTACCCAACGTCAGACCCTCATGAGTGACCGGCCGCTGTACCGATTAAACATTCGGAGGATTTAGGGACGGGAGAATTTCCGCCTGGCTGTTTTACAATAGGTAATATAATGCCTAGGTACCTTAGGCCTACGCGTCTAACCAATGACTGTATCCGGACTCAATATTCCGCCGCATGCATCAAGGAGTCCAGCCCACTGCAAGGATGCTTTTCCATATAACCGAAGATCTCGGACCAATTGTACGACTTCTGACGAGTACCCATGGACCAAGTGCGTCATTCGGACATCTCCCTATTCAGTGCGTTCTGACTACCTGATAGGCCCAGCACTTTGCTACAGAATGATGCTGTAGCGAAACCTTACGTGTACTTAGGCGCCTTGAGTCAATTTTCACGTTGAAGTACAGCAAACCAGAATCCCGTTGTTCGTGCGGTCTTAATGTATCGTACCTATACGTGCCGCGATAGAGACAACAACACACCCCGGGCGGGGCGGGATGAACGGCGCATCGCGGGGTAATGTTACCGAAGTGAAATCCTCTCGAATGGGAGCGACAGTTCGTGCCGATCAAATTCCCCTACATCTCACTCCTGAGGGATGCAAAAGTGAGGAGATGGCGTTCATGGGGGATTTACGCGTATCAATCTCGCCTAATTATTGGAATACCAAACCTTGAACTCATTGCTAGTTTATCGCTTCTCGTTGAATTATCTAGTGTTACCACTCGGCGCCCTTGCGTTTGTGGGCACTGTTGCAGTGACGGGGACCGCCGTACCCGGATTTTAATGTCTGATTGCGAGGAGGGAAAGCTGCCAAACGCAAGACAATAGCAAAGGTGGGCCTCGTACACACTGTCTGATCATTGCTTAGAACTACGTTCATTAAGCCTGTATAGTCAAACGAGTTTTGACCCCATCCCATGAGCGTTCATGTCCCGGCACATCGAAACACTAGCCAGCTCGCTGTGGCTTTGCACGGTGTTCGCCTCGCTTTAAGCAATCCACCAGC,1159,50.56,Escherichia coli
SEQ_368816,CGACATAAGATTCAAAGCGGCTTACCCCATCGCCTATTTTTGCCAAGACAACTCGGCCGCTGTGAATAGGTACGATGGGTTCTGGGTAGAATCACGTAAAAAGTTCGCTCAGCCTCGGAAGGAGAACTTATCACTACCTGACGGCTTGCACTTACTCTACCCTGGAACCCAAGTTGTGAGACTATGGCCGTGATAGCAACCTGACTATCGAAAGAATGAAGTATCCGATGCGGCGGCCCCCTGTAAACTGAGGCGCAACCCACCTATCTCTGAGAGCCATTAGGAGCTGGTGTGGGCCAGCTGCCTTGTATAACATGCTCACAAATGGTGTACGCATACCTGCGACGGTTCGTCTTTCTCTTCCACACGACGGGGTACGGTTTGGCGATAATAGATACCATCCGACTAGCTAGTTCGCTCGCGCTGGGACCTTCCTTAGGGCGATATTTTTCGTCACAGTGGATATGGGTGCCTAGTACCCAAGCCTTTCCACATGTGCCGCACGGTAGCATTTGTTGGTGCAGATCGTTCACAAGGGGACAGTATGCCTAATGGCCGTGAGTCCGGGTCGAGATTTCTAAAGGGGAGCTGAAGCGAAGGTTACGTTCGGGGGTATTTTTTCGCGGCTTCTTGAGAGCTGATGAGAAGAATCTAGTTTGTGTAGGAGCCGCTACGAC,677,51.55,Drosophila melanogaster
SEQ_882374,AATCTAAGCTAAATTATTGCGTTGAAGGATTCGTTCTAAGAGCACACTACTTTCTTAACTCTTTTGGGCCCGAGGGTCCAGTTCAACATCAGAAGCGGAGGGGGCGAACAATTCACATGGGGAGGTCGGTCGTTAGGATTGAAAAATTTACCAGGCTGAGGTCCCCACGTCCAGTCTCTGCCTCCAAGCGCAAACGGCTGGCTGTGGATGTGGTAGTACGACATACTCTAGAGGACAGATAAGTTCAAACGTGGAGCCCGATGTGTTCGGCTACGCAATTGACGATCGCGAATAGTGGCCGGATTCCGTATGTTACGACAGACGTCCGTTACTTTGAGAACGCACAGTAGGAAAGAGTCTATTGAATTCGAAACCCCTAGTTACGATGTAGGTATCTGTCTAACCCCCCACTTTCTAAACACCAGTACTCCGGCCCGACGTCTCACCGTAGTCTGACTTTTCGTCGAATGCATCTACCTAGCGAGCGTAAGCGAAATACTAGATAGGCAAATGTACGGATCCCGCAAGTGTATCATGATAGATGTTCCTTGTCACGCATACCGACATAGGCTCCCTTCGTCTAGTGGCCCCGTCAGCCGGGAGCGGTTTCGTCCGGGCGTGGGATAAATACCATCGTCCCCTAGACTTGCGACTAAACTGTCTGTAAAAAGACTATTGGACGCCAGCGTTAAGGAGTTCCATACGCTGTATCTTCCCGGCAGCCTTATACTGATATCATATTCTACTAATACTTTTATCAACTCGTGAGACAGTACGAGCATACAGTCCAAATGTGAGTATATTTACCGACTTCCAAGCTTACGAGTCCTGCGATGGTGACAAAACCATACTCAAGAACAAATGCAGCGAGGTAGTATTGCGGCGTAAGTGATGTCCCACGCCGCGAGGATACATACGCGTTCTGGAGGCACTGAGTACCGTTAGGCCTTCCTCAGGCTAGGTTCCTTACGCGCAGAAATTAGTTGGGACATCGTCGTCATGACTGAAAGTCCAGACAAAGAGGCGGTACCTGCTTACTCATGCAATTACAATGCGGGGTTGGCCTTGGACTCCTTGACAGCCGCCCGCTATAGTAACGGTTGGCGCCTTTCGGTGAGAGGTATCCTATGGGTTAGTGCCCAGCGACGCTCGTATATATATCAGAGGCAGGGATGAGAGTGTTGAAGACATGCGACGGTGTATGTCAAAATAGCCGAGATTCGGACCTGCTAATCCGCCACATACGCTTCCATATCGATTGTCTCGCGGGTGCTTTCGGTGCGAGCATTAATGAGGCTAATGTGTGGTGGTGGGTTCCTGTTGCGTTCAGCTTCTAAGTTACAGATCTAAGCCTAGAGTGCTAAGTGCATGATTACCAAGTACATCGACCGGTTACGAGCTAGTAGGCTGAGATGTGGCAGATGTCACGGGGCGTACTCGGGGCTGTTAAACGCGCTCCCCTCACAATGCTAGGCGGTCCCCATTAACGACGTATC,1496,50.0,Escherichia coli
SEQ_500716,ATGCCTTGAGATAAACTTTCGCAAACCGCAATGTCCTTAGAATGCCCGAGCATGAGTCTCAGCATGGATCCTTACCTACTCTATAAGGCCGTATGCATTCTCAATATTGAGAACCCATTCCCTAACCCGAAATGTCTGGAGACCAGCGCGTCCATTTTGGGAGTCTGACATACTGTCTGTATAGACGTCGAAGTTATAGGCCGATGTTATAGGCATACGACCAAGTGGGACGCGAGTCCGTGGCACCTCTGTGGGATCCACGGACTGTCACTCGTATGTAAGGTCTATAATCGTGGAATGATCATAATGCAATGTGGTCCCGGTTCGTATTTTGGGGGAATATATTTTTCGTATTACTTGTTGCACGCTATCAGCGTCAGGGCCATGTAGAATCCTCACGAATGAACCCTCTGCTTGCATTTCTGGTCATATACGGGTATCTAGTACAGTCCGAACTGCACAACACCTTATGCGCAGTTGTCGCGAGGAGAGATGCCACTACTGCTCCCCATAAGTAGACTTTCGGTGACGCAAGGACACCCTATTACCCTAAATAGCCCTGTCGGCGGCTCAACGCACTCCCAAGTTCCTTTATCCCCGCAATAACGAGACCAGGGGCTCCGCGACCTTTACTCTACCTTCATTGAACTGCCGGCGTTGAATGTTTAACGCGAGTACGCAATCTCGTCTATCCCGGCGTATGCCTTCCTGAGCGACACGCCGCGCTATCAAAGAGGAGAAATGGTCTGACACTTCTCCGTGGTCAGGATTGTTAGCGTCCCAGACTTATTGGAGTCGCCACGAATCCTATAAAGCGTATCCTCTCTAGTTTTTAAATTCATACTTTCACAGCGATTGTACGGACAATCCTACATATTTGGTCGCTAGATTAACAAGCTTTGAGTTTTGAGCCCTCGTTTTTCTCAGTCCCTC,933,48.34,Drosophila melanogaster
SEQ_214312,AACGAGTCCTACCCCACCTAGCCGATCAACAAATCAACGTTGACTGGGCGAATCCTTCGTGAGGTGATTGTTCTTTGCATCGCGTCTCGGAAGGAAGATCCGGTCTACGTGTGGCTTGGCGCACTAAGGGGCGCTCATTGGTTCCGCATGAACGATGGCATCAATTGTTCCTGTATTAGACTTTGCATCAATCTGCCTTACACTACACACCTCATATAGCTAGTTGGATGCAACCCGAACGCCTGGCTCATACTCCCCTTTTTCTTCAAGTGGCATTGTTGTAGTCATCAGTCAAACGTGAGGTGACTCAGGGGAGCACACCCTAGCTCTTTTATACAGCAAATAACGATGCTTTCATCCCGCCATGGACTCCAGAGAGCGTGAGGCCTGGTTTGGGGCACTCGAATTCCGAGTCCATTGAAACTGAACAGTATCATTGATTGCATGTCCTCCGCTTAGCATCGTCCAGAACAGGCGAGGCTTGGGCGAGGAAGTATTGATACTTCACAATACGTTACACGAATGGACAGAGCCCGTGGGCGCAAGGAGAGGCCATTGAATACCAAGTTGGCGTGTAGTATTAAGTCTAAATTGCCTACATTATCTCATCTATCAAATTCGCCCAAACGTAGGCCTTTGGCGTGACGCTCCGGGGAGTGGGATTATTTTGATGAAGTTGTCAGATAGGTCCGGATTCTATCTCTCCGCGGTTCTTCCAGTGTCAGACTCCGTGTCAACGGCGGATGGGAAGCCGGTACACTGAGAGCACTGCTCTAGAATCTCAGATCTTGTAAGTCATAACAATACCGGTCTTGAGATAGACGAGCTACGTAGTGCAGTCCACTCGTGGGTTCACATCTGCGATCGACATGATCGGCCTGAACATTTTCAAAATATTGTATTGGAAGGTAGCCATTCCGCCGACGTGCACGCGGTTGCCGCGTGACCCCACAGCGCACGTCGCGAGCATACTGTCTCGGATGAAGATTCTTAAGTTGCCGCCATCATCATAGACGACGTGACGGCGCCGAGAGGAACCTTCTATGTACGTCCTGATACAGCGCGTTGTACTTAATTGGCGCAAATTGTCGCTGAAGCTTGAGCCGTTCTGTACTATGGGACCGAGCTTATCGACGTACTACAATATTGATTCTTCAGATGCATACGCCTAGTGCGGCTACGCGGGGGTCCCTCAGCGCGACGAGCGCGAGCCCCGATAATATGCACTCGTGGATGACGTTGTACCGTTCGACCTATTCGACAATTCTACGGCCGCACCCCGAGTCCCTCCATAGATTGGTTGACGACTCCACTGCCATGAGAACTGATCCGCGTGGAACATACTATTCACCAACTATGTTAGAGCGCGCATGCACAAGTCTTTACGGTTTGTGACATACCTGACTCTGATGGATCTATATACTTAAAATCCAGAAAAACCAGACCACACGCCTAAAGCGTTTATGCCGGGCCCGCTGGGTCAACCTCGCTTGTCGTTCAACGTTACGCCGCCTCTCGGCTAGTACTCAAGC,1532,50.78,Caenorhabditis elegans
SEQ_555742,CTTTCAAGTCGAACCAGGTACAAACCCAACCTCCTCAGAGTTCCCCGTCGGGCAACTTCGCTGTGACCACTCGGCTCAAACTTTTCATGATCAGAAGCACTTACTCCTTAACGTGTTTGGGGCGGTAGAACAATGCCGCGACTATATTGTCGAAGGAGGGTGTTTCGTACGAGCATAGGAGGCCCCTGGCGGGAGCGTATACACCATCCTTCTGTGGAGCAGGGCCCGCGGCCCGGAACTCGACAGCTCCCCAGTTACTGGCCCAATCGCCCCTCTCAATATAATCCCCCTTTTGAATACAAGGATTGTCTGTAAATATTATATATCAGTGTGAGTGCGCCACGTCCTGCTCTCAAGATGGGCTAAAAAGGCCAGGCAAAATTTCTGATGTCCGTCGAGTCAAGAATCAGCTGCTTCTCGAAAGGCGGGTCGTCCGAGGCAGATGACATGTTCAAACCGTGGAGGGTTCTCCAGCCTGTCTTGTACAACAATGAAGGAACGGTGGATGTACGACTGAACACGTTGTTGGAACACGTTCCACTATATGACATCAGGGTTCAACCAAATTTCCTCTAAGCGCTGCGGTTGAATGTATCGCCAACGCGCGTCGAAAATCCTTCACTTCTCCTTCTCGTGAGCTATTGAGAGTGTGGACGTCTGCGTCAGCGTACTTCGAGGCAGACCTTCTGTAATTGCTGCACTCTCTACCAGGCTAGCCTCCGGACCTATCCACGGGCCATTGTCCCAATGCCAAAGCTACCACGGTTGACTGTGGGGTGAGCACCGTTCGTGGGGCACTCCCTGTCGATCGCGGTAATTAAACTACCAAATGGATGGTCATGGCCTATGAATAAGCAGTTTGGCCATTGCTGTAAGCACAAGCATCACCTCATGTACTTTTCCGACTACTGTGAGGCGCGAATGAGCAGGCCAGCCAGTAGACTTCTCGCAGAGATGATGGACGCTGACGAATGTGTATATAGGCTGTTGTCAGGATTAATGGTAATAGAAATCCAGGCGAATCAAGCCTTTACTGCGCCTCCCGAGGGACTTACACTGCGGGGGGAGATTTATACCCTTTCGGTCTCGACGCTAGAAGCGTTGTTAGTGCCAAACATTGTAAGAGCATATCTACATAGGGGCGATCCGCTAGGATTATTTTAGATTTATAAGCACCATTGAGCTGACATAAGTA,1195,50.54,Mus musculus
SEQ_652041,GAGGAAACCTGTCAATGTTCACAGCGCCGCATCACGTGAACGTATATCTATAGCGCGTTGTGCCATAGCTAACTCAGGTGAGGCAATCATTGAGTTTATGCTTTACCACGGGCGAATAGCCAATCTGAAATGCCGTGGCTAATCTAGAAATGGGTGCAGGCCTGTAAGTCGGATACAACTTCGAATTGTTGAGGCTTGTGCCCTGTGTAAATTTGTATATCGCGCGATTATTCTGGAGGCCCATTGCTCTCTGACATCCAATTATCGGCACGGACCGTTGATCCCTCGGCACCGGACCTACCAAGCTGTTACAATGACAAATACGCAGGTAACGGGCGTGTACGTCGAATTCAGCTTGTACGCCTAGCTCCATTACCGTGTGCCAGCCGGCCGTGTCGTGGACCGCAGTAATTCTTTCGAGGAGTTTCCCCCGAAAGCTTAACTTTGCTCCAATCAAGCGCACCCACCCAAGCCCTGTAACTCGATGCTATATGGAAAGACGACACAAGTCACACCGCATCCGCGACAAGCATGGATCCGCTTGGCGTGGCAGACTCAGCCTCAAACGCTGAGTATAAAGCATTCACACCCGAATGAAGTTTGCGGAGTCTGGCTAACCACAGGCATGTGCGTTCACAGAACGTCCGGCAATCGGGGTGATGTGTAAAGCAAGTAATCTCCTTGGTGATTCGTTGCTTATCTACGGAATAGCCACCTTCTTCTGGGCTAGTTGTGATGTCTAATTGGATTCAAGGCGGGCCACGATGGCTCTGGCCTTGGGGCTACGGCCAGGGCAGAATGCCCCCCCGTCAACCTGAGGGGATGTGGCCATAAAAACTCTTTCGGTCCAGTCTCGCCATACTACGAGACGTTACAGTGTTACACCAATCGATTTTCCCGGACACACGCGTCTGACACACCGTGTTGACAGCTATGTGGGCCCGCCGGACTATACATATCTCGCTTGCACGAAATATCTTTAAGTACGCCACTATCCCGAGAAATTGGGCGCCCAAAAGAGTTATTCAGAGACAACGGTCCCTTGGATGACCTAGAAACGGCGCTTGAACGCGGGTGGAAATATCTACGCGGTACCTTCGCTAGCATTTTGGGGTTCCCTACAATGTCGAGTCGCAACTCCGCTTATTCATAACTGCGGCCGACTCAGCAGCCTCCACTCAGGGGTTAAGTATTACAACTTCCTGGGGTCAGATTTCGGGCTATCGTCAGCCCGTGCGTGCCTGGAGTCGCTCGAACTCGGCGGAGACTACCGAACGATGTGAGAATCTACGATTTGCGCTACCTAATTAGGGTTATGAGTGTCCTCACTTACAAAGAGGCCAGCACCCCATTTCTGCGTGGATCCGCGAGATAGTAACAGGGGAACCAACTAGGGATTAATTTTATGAGAAGTTCGATGCCACAGGATGCCTTGGTAAGGCTGAACGGACGATAGCTGCCTCATGGCGATAACTGAGCCGGCAGGGCTGTGAATGCCTCTTTCGATAGTTCAGAAAAGGAACGCGGGCTGAGTGGTCTTTACTGAGGAACTACATGAACCTAATACTGTAAGAGGATCTCAATTGCAGTGTTCGTCTAATGAGCTCCGCGGGGGGAGTTAGAACACTAAGATAGATGGCTTTCTCGAGGAACAAAAAGCGAGGTCTCTGGGGACTCTGATGACCTCTAGAAAGCATCTATGAGTCGTTCTTAGGAGAAGTGGTGTTATGCGGCAAAGTCATTATGTGAGGTACACGGAGGGAGTATCTTTCACCAGGATCCGCCACCGTGCATACGACTCCGTCAGCTTTATCAGGCGGTACAAATACCTCCTA,1835,51.06,Escherichia coli
SEQ_637251,ACTGTTATAGAGAGACCAGGCTCGCGCGGGATTATTCATGGAGGTTCGGAGCCCCGATAGTAGGTGTCCGCCGTCGAGACTTTTAACCACATCCTAGAAGAGGTACCTACCACGGAACTGCGGGGATGGAGAAGAAGCGGGTTAGCGATCACTGCGTGAAGTAGAATCTGGAGGCCGATCCAAATAACCTCAGTTATGAAAATCCGCAGTCCAGTATTACAAAACTCACGTATTGGAGGCTCTAGGGTGCTCAGCCGGCTCTTCATTTGTTAAACGTTTGCTCACGAAAGCTGCTCACCCATGACCACGCATAGTTGGGCAAGGGGTAAGTTACGTCTGTTTGAGCCGCCTAGCATAGAATTCGTGATAAATAAAAATTCTTGAACGTATAATTCGCCCCCGTTAGCAGGTGCTCTGGACAAGCAACGCCCAGTACGAGATTCATCTCTTGTACTGCGTACGCATCGAGGTCTCCAAATGAGGTTTCTCTTCGTATATAGCTCAGTTTGAGTTGCTAAGACTGTCTTACTGCAATCTTGGCGCGGTACCGGGTTAAGGACCCCCACTACAGCTCCACAGAGGATTCAGGGCTCCGTAGATGTTGTCCAACGTATAAGATACAGCTCGGCTTTATTACGACTCATACGCTACAAGCTTACAATTAGTTGAGTCACGACGACCTAGCTGGACCACCAACTTATGGTCTGACGTATTTTGGTAAGCGCGCACGAAAGGTGCAGGACACCAACAAAAGGCCTTACTCCTGGTTTGAGCCGTCTGATCGCTTACTCGAAGCTTGACCAACGCTAAGCACTAATCATACGCTCTCTTGGAACAGCCACGCCAAACGCACTTTGACTTAGCCACTTGGGATTTAGCTGTGCAATGTCTCCATGGGCTTGTAGAATGGTCGAGTGAGCAGATTCAGCGATGCTTACCTTGAGTTGGCGGTTCACCTACTCGATGCACCGTTCGTACGACACGAAGGCGATTTAAGATTACCGTCTTGGTAACCCTCATCCCGAGCACCGGCTCTCCACCGACTGCCAAGTACAATGGGGCCATGGTACTGAAATCGAAGCCCGATGTCAGAGCGCTCAGTCGCGAAGTTTTAGATCTGCACGATCAGGACGCTTGCACCACAGTAGAGACTCCTCAGGTGGAGTACGACTGTCCACCTATTATCCTATGCGCGGAGATAACTAGACGACCCAGTATGTAATTAAAACCCAGGCAGGGTGCCTTACACTTCAACTTAAACACCCAGCGATGTGAGTGGCAACTTAGCGTGCGTCCGTCCGGAATAGATCGGGTTCCCGGTCACTAGGAACAGCTCCACGTTTCAAACATTATACACCGACAACCGAGCACAAATCGAATAACCTTGAAGGTGGTGGCACCGGCTACACAGCACTGCTGTTATCAGTCCGATACCTCACCCTTCCAAATAGACGTGAGTTCACGGAGACTAATGTATGTAGGGCACTAATGCAGGTTAAAGTACTTTGTGCGTGGCCGTATGTGAAGGGGGCTTTCACACCCAGCCTAAGACATGCCCGAGGCTAATCCTATTCGATATCAATGTCACATAGCACGGCTCGCCTGGACTAAACCCCTCTTGGTGACCTGACCGACTATGGAAGGATATTCTGTCCTCTGATGGTAATCCAGGGGACCCTTTCTGTCCGCAGACTCTGGATGAGTCTGATCGGCACGACAATATGAAACCGATACTAAA,1738,50.0,Caenorhabditis elegans
SEQ_250261,GGGAGCACTCTAACTTAGTAAACTTCTCGCTTATAATGCTGCATTTGAGGCTTGTATGCGTCTCGATAGAGGAGTTAAATGCAGTCTCCCCAACGCGCTAACGCCAGCGCGGGCTCACGTAGACAGATCCGACACCTGGAAAAGATCCCATTCTTCTGTTCATATGATTGGTTCTTCGAGCAAAACGGCGATAGGGGAAAAAGGTACCAAGGTCATGCGTTGCAGATATCGTTATTTCACACTATCTCCGAGTTCGGATCCTTATGTGTGTGTAGGATCTCTGTGAGACTTGAGTATCATTTTCTTAAAAGTCGAATTCATACGGTGACTAACACATATTGTCCGTAAGACACATGGATAGCCCCTCCGCCGTTGTATGAAATGGCTCCCTTGTGCTAATCGTAGCAATGCCCATCTAAGAGATCAAGCTAGGAGTCCTGAGTCCTTGTCGGGTGAAGATTCAATCGCTCTATGCAGCTTCGTTTAGGATTCTAGCGGTGCAGCGAACTGCCTCCGCGTCGCATAGGTGAGGATGCCGGCTTTCGCAGCGACTATGGATGCGCATTGGTATTTATTTCGGAAGGTATTCTTCAGCTGCCACCATTTCTGGGTCTCCATCTCAGCAGTATATATCCCTCCGTACACTCTCGTCGGAACGTCCTGAGCGGTCGAACCCGGCCCACCATTTGTATGTTCTAAGCTTATACTTACTTCCGTTTTCACCTCCTATGTGCGCTATCAGACCTGAAAGCGCGTCCCAGTCACGACCCAGGTCCGCCTTCAATATCTCATCGGCACAGGTTTCATGTAGAGGGGAGGCAGCGGTGGCTAGAGGGCGCTAATCTGCTACTAGGAACCGATACTTCTTAAAAACCTCCTTTACAAGTATCAAACTCGGTAACGGGCTCCAGGTGATGTGCCATGCTCCAGACAGTAATGCTGCGATAAATACACTGTCTTGTCCTGGATTACGCAGTTTCCGTCTGTCTGGCTAATAATAATGCGCAAAATTTGTAGTCATAGGAAAGGACACCTCCTTGTAAGGCCTGGACATAGGACTTGGTCAATCCAGAAGCGAGGTACCGACTGCAGGATCACCTTAGTTACTGCCCGTCTTCGTATTACATACAATTCGCTAGGTACGGAGAGACGTTACTGTCGGCAGGAGCCCGGACACATGAATGGTCTTTCTGTCGCCGTGACCAACACATGAAAACCCAGATGACAGATTCTTAGTTACACACTCGAACGATTCAGGAGCGCCAAGAACCAACACGTTTTTTGTGATACTGCCAAAGGATAGCGTTCGTGGACCCGTATTTAGTAGTCTGGGTGTATAACTGCGGTATTTAGGGAAATATCGTTTTCCAGGGTGGGGGACAGGCTCCAGAGGAGATATAGGTCATTCCGAGGGGTGAGAAGTATTGGTGACTAGATGCTGTGCGTCCTAATCGGTCGGTCCGGGAGGCCTAATTGGGTGGGTGCGGGAACAACATCACGGACGTGGCGCAAGACTCGAGAGAACGGTTAGTTGGTGTATCATATTTGAGAGAGTTACACGACCGGCTTCACGGACATAAATGGCATCGACTTCCGGAGTGGTTGCGCGTTCCCGGTACGCAATTGCTGGGCAAAGGGTCGCTAGCCTGCGTTACATGGTTCAGTTCAACTTCCCCTTTCGTTGGTTTGAATACATCAGATTCTAGGAAGCGTCCTGCAAATTTAAGTCTAACGACAGACGTTGTATAGATTACGTCAAGGTAGGCGTGTAGTCGCCTTACATGGGAAACCTGCTCAGACTCTGCAACTAAATGGAGCTACAGTAGTAAAATAGTTGGAAAATGATAATGGGTT,1854,48.6,Drosophila melanogaster
SEQ_825058,AATCGAACAGGTGAGCGAGCGGTTAGTTAAGTGAGGTTACTGAGGCGTACGCCGAAAGCTGGATGCAACACCGCTTCGCCGGGTGGTTGCTGCATCAAGCGGCGGAAGTATTAACAAAGAAACACCGCTCAAGGGAAGACACCAGTCGAACCGGGGGGTTATGAAACCACGAAACATACATCTGGCAATATCGATGTTTAGCTGGCGAAATGCAGGGGCACCTGACACCCTATCAAAATCCGACGTCGATCAATGATTGAGGAAAAAATTCACGGCGCGACGAAGTTGACGCGGTAAATTACCACCCTCCAAATCCTAGTTCGGGATATACCCCCCTCGTTGAGCACGCGCGAAGCAGTTCTAATCGCTCAGCTGTAAGCTTGTGAACGTATTTTATGAATTCTTCATTTCGCATGGCACCTCATCCAGAGCTGGCATCAGCGTTATTAGGCCCACAAGAAGGTTAGAACATTACCCTGGGGTAGCACGCGCGGTAAGCCTGTTCATCTAGTAATCCGTTACTTCAACATAACCGCTCCTCGTCGAAACCCGACCGAACTAGGGATGACGCTATACCGATAAGGCATTTATCGGGTCCTGGAGTGCATGACTAGCCGACAATGCTATAAAACCTCGATTAGAGTGCCAGCCTTCATCTAACGTCAGCTTTTCAGGCGTGGCCCAACGACGAATTGCGACGGATGGATGACTCAGTTTCGGCATTCCCCGGGCCGTTCGAACTTTTTTGGTCTTGACTCGGAAAGTAACCCAGTAATCTAAATAAAAGGCTGACAAACTTAAATAGGCTTTTGCCGTCGATATGGCAGCAGTTGACGACCGAACCGCAAGGACATGCCTAGACGTTACAATACTCTGTGACACTTGTTTGAGTCTCGGACGTAGAATATGCGGTGGAACTTGATCATATCGACGTTCTAGCGTCCTTTCTATGCAATCACACACACCATGTACCGTAAAGTCGAGGATTGAACAGCTCAGCGGTTCACAAGTCCTACCGTCAGGTTCTATCGGCTTATGCTTTCACAAGGTATTCCCCGCTGTGCAATAGGTTGGTTATCGGGACCTGGTCACCTAGTGTTTTCCTAGCGTGGCAGTGGCGCGGGAAACTACCCACTTCAACTAAAACCCACGACTTGGTCGATGCAATGACGTGAAGCACCTAGGATTCATCCCAAGTAAGCCGCTCCAAAGCCGCGAGGGTGCTACGTACGCTGATTGCAAGGCCTTACAGACGGTTAGATGATCGTGATATTTAGTCCAATATCTGCACTAATTTAATACGAAGCTGGATCCGGCAACAGGCTCGCGCAGAAATAGGACTTTTTCGTAACGGGCACATCGTCCTCAACCTAAGATGCTATTAATCCATGTAGCCGCCTCTCTGTCAGCGGGGGCTCCGTTTGAGCCGGGCAATCGGAACAAAAACACATATCCCGCACACTATGGAATGCCGAAGTCCCATTTACGCTGCACACAGACTACCTGGGACGCTCCCCCAACAGCCTATTCGTTTCCGTGCTCGTCACTGTGATGGTGATCGCAGTTTGTGTTTGAACTCACCG,1583,49.97,Caenorhabditis elegans
SEQ_947549,TGGGTAGATCACCACTACGCGAGATCTCTTTTCGAAGGTTGATTCTATACATGTATTGGAAGACGGTGTGCATAATTTGGCACGCAGTCTCAAATGAAAAGAATCAGGTATAGAGACACTAATATTTCGAACGAAAGGGTTATAGC,146,40.41,Drosophila melanogaster
SEQ_203984,GCCCTAGTGCAATAGATCCAAGTACTCACGAGATAGACCTATATGAATGCTCAGCCCACTAAGTTTTTATCGCACGAACCGGTCTTCTTAGCAGCTTACGGCCCTGATCAGCATGCTTCCTGTTAAAATGTACGACAAGAAGCATCATCATGTAAATTCAGAATCAGAGCAATTGGGATGATCCCCAAGCTCCGGTCCGCCAATCTGACAGCTCACATATCCGGTTTCAAGCGAATGTCTATCATTTTAGCATCTCCCACCTACGAGACGCCTATGCACTCGCTTTGATGCCGAAAGGACGGTAATATTCGAAGATGAACTGATCTTCCCGCGATTTCTCGCGTCTTATTGCGCCTAGACACTGAAGTGTTCCAATCCGAGAATCTTGTCGAAGAACAGTACGCTGGGATCGAAGTGGCGAGCCTAGTGCCATGAGTCCCTGATAGGGGGTCAACGCGAAGGCTCTGGTCGTCTGCGGATGCCGCCAGGCAGACCAGTTTGTGGTGAACCATCTGGCCTGGGAGGGTGGAAACGAAATCAGGCTCTCAGTCGCGGATGCAGGCGGCACCCCTACGAGCTAGCGGGACCCATACCGGACACCCAGATGGTCAATGCCACGGGGGGTCAAGAAGGTTAGCACCGCATCTTTATCTCTGACGACTTACACGGGAGACAAGCTGGTTTCATAGTTATTATGACGGCCTTTCAGCACTCTCTGAGACGGTGTTCCTTTTTGAGGTTCAGGTGGACGCTCCCGTTGCAAGACTCAGTTCTGTCCCCTGTTAACTTAGTGGAGGCTCTCTACGTGCCTAAGAGGTCGGGCTGCTGGCGTTCACGCACACACGTAACTTCCTCACTGTAAGGAGCGCCACGCCGGTAGAGTTCTCAAGATTTGCGCGGTCCTACGAACGGCTGACCCCAAGAAAACCAGCACGTATGGCCGAGAAACCTTCTGTCTATTTACACGGCCGAGGTCTCTTAACTACAGACATCGCTGAGTTGTCAAGGGATACAAAGTTTACAAACGCCAATGCTAACTCAGGAGGTTTCGCGGCTTCTTCAGGTCTTTTTTGCAGGGATAGGGACTATGCACCAGAGGGAAACTTTCAAGGGGCAGGTCCTTCTTTCTTATGGTATAGCAGACTAAATGGCGTTTGACCAATGGGGTACAGGGAGCAATTCAGCCCAGTGCGATCGATGGGATGGCAGAGACCCTGCCTTCTAGCGGAAGGTGCAAGTTACGGTGAGTTGAGAATACTGAGCAGGTTTGAGGGCCTAGCCGAACGGTATGCGGTACCGTTCTCGGCTATGGAACTAAGCCGCGGATGGGTGCGGCAGCCCGGATCATCTGCGCGACCATACCTCCATATAGACACTCATCCCAAGCCTAGATGTCTAACGTTTGTCCCGGTTTCTGACCTGGCGTTAATTATTACTGCCATGTAGTAGTTTA,1453,51.75,Arabidopsis thaliana
SEQ_544996,AACTTCTTCAGATCCCCTAATTGCTCTGGTATCGGGGTACAAGCCGTTCGGTGCG,55,52.73,Caenorhabditis elegans
SEQ_172762,GGACTGACTACAATAGTGCCATGCATTTTTTGCAATGATGGCATACACAGAACATCAAAAAACATTATATACAAGCCATAGCAGCTTAGCGAGCTGTCATGTGTTAGACGTCGGATACGAGCACAGGGTACTTATCTAGGGTAATACGCACATTATGCTTGGAGCGTAGTTCTCATATAGCAGGAGTTACTAGTTTAGCGTTTTTAGCCGATTTTACTAGG,221,41.18,Caenorhabditis elegans
SEQ_829330,CTTTAAGGTTCCAAGCAATCGAACTGAGGTACGCTGCGACGGACCACACACCAATCAGAATGGGACGAGATAGGCCATCAATCAATTAATGTGCTCTGACAACGAGATTTCAAGGGCTCGCATCATACGTTCCAGAGTCTCAACCAGGGCTAAGGAACATGTAACAGAAGTTCGTGCTGAGATCAGGACGACAGCGTACATCATGAGGCTATCGTATCACCGAGGGCGGGACACCTGGTGCACGAAGACTGACTGGACCGGGACGACATCTATGAGTCGTGCAGACAGGCTAACTGTGGGTACCGTAGGCCTGCAACCGGGGGGAGCGGGAGAATGCATACAATTACAAACTGGGACAACGTGCAAGTGTTACCCTCGAGTTCTTTCGTGGACTGCGGAGAGAAACTCACATTTAGGCGGCGGGCTGTTCTGGCATAGGGGGCAGGGAAAAACAACGACTCGTCCATGACTCGCGGTGCACTGGGGTCTAAAGATATCGTAGCCTCAATAGTGAGATGATTACAGACATGACCGTACAGTGCGTGAATTAATTTTGCAGCTAAACTCTAGCTCACCGGTGGCTGAAAGCGAGTACTAACCGCCCGCGTGGTAGGGTGGATACCACTGTGAACCTCTGTGAATGCGGGGTAGAGCTCATCGCCAGTCGGGATCTAGCTGCACGGCTAGAGACCATTTTAGCCTTCAGTTTGGAATGCTAACCTCATCCAAGTGTTAAAATGAAGGGGCATCTAAAACATCTGTTGGTGCAACTATCCCATAGAATCATTACAGCCCGCCACCGCAAAACTTTTCGTGTACCGTCCTCGTAAGAGACACTGAGCAGCGCTTATTCTTTACCTAATGAAAGCCTGCATACATGTGGGTTAGCCCCGCAAGCGTCTTCGCAGGGATTGAGATTACATTTC,926,50.76,Arabidopsis thaliana
SEQ_440917,AGATGCTAATTGCACGTTGTGCGATAAGAATATATTTCAATCTGTTCATCAGCCAGTGAATAACGTGACCTCTGCATGAAAGAACTGCGAGAAGGATTTATTATGGCCTGGACGGAGGGATGTTGCTGAAAGTATAAGGGGCGCGTGAGCGGCACACCGTTGATCCATCGTCGAACCTCATCAACACATTGAAAGAACCATCAAGTGGCCCTGTAGTTACTTCGATAGTAGCGAATCGTGCTGTACTACCCCCCCTCGAAACATAGAAGCTCTCGAGAAGTTCGAGATGGAACAAGAGAAATACCGAGCTGTTCAATAATGCTGCTAGCATGGGGGTTCCCATCCTGCGCAGCACCGCTGTCCAGCCATGAGGTACGTTGGCAACGGAACATGGCTTGTACGAATCCTTCATCTGGCGAAAATCAACAGGAAGAGTTGTTTGGAGGAAGACCCATCAGTGAATGCGAAAGAATGGAGGCGCAGGGCGACTATGACGGAATGAATGGCCTGTCCTGGCAATCAATTTAGAGAATGCTATAGGTGCGAGCCCTCCGCGTGGCAGCTGATCAGCGTCTTGCCGGAGTCTCGAGACACTCGAGTTAGAAGGACCGATCTCGGTTGATGCATGTGACACGATTGTAGATCACGCGCGGCGTGCGTTTGGGGTCGAGTCAAGTATGCGGAAGGCAGTTAGCCATTTGATGCTACACAGAAAAGTGAACATGGCTCCAGTCCTCAATTATCGAGCACATATTAGGGGAGACATACGAAACTAATTAATGTGAATAGTGAGTCTACAAAAGGATGACACTTCCGGCCAGTACTGGGGGTACGGCTAGGATGATGCGTCTCCGTTAATAGCTCTTTTATTCCGATAGATACAGGGACGTCGTTGAGTCTGGCACGCCGGCAAGTGTGTAGTCTGGTGTGGCCTAATATAGATAGACACTGTGAGAGTCTTGTCTACAAATCTGGAGCTAGAACTTCTTGGCCACAAAAGCAGTAAACCTTTTGGGGTTACGCCGAGTCGAATGGGAACGCTCTCTAATGTCGCACTATGATTCACGCGTCAGGCCGTTCAGGCTGCCTGGCAATATCAACGGTCTATGGCTCCACTGTTAAAGCGTTTGCCCCCGGGAAGAGTGCTGGGCTCATGACAAGCGAGTATAGTAGGCCAGCGCTGCCAACGTGTGTAATCCGCGGGCTGTAGGTACACATCGCCGTCGGCAAGGTGGAACCAGACTTCCTATCTGACGGTACGTTGTGCCCCAAGCCTTGAGGGTCGAAGATTCTGCCTCGTGCGGTACGGCACGCGGTGGAAGAACATTATCAGTCAGCAGTCATCCACTATAGGGTATGTGTTTACATTTATCAGCTTTATCGCATAGATTCGGCAGTTTCATCTCTCGGACACTTTAGATCCTCTATTCTGTCTCGGAATCAC,1444,49.93,Drosophila melanogaster
SEQ_551995,TTAATCTAGCTAGTGGATCCTTAACTGCACGCACGCACGCGATAGCGAGCGGGCGCCAACCGCGTGACGTATTGTTTTGAGTGACTGCCCTTGCCAAGGTCAACCTACTTGGTCCCGATCGTCAGCCCCCCAACAGATATGCGGACGAACTATGGGTTGGCATATGGCCTGTCGTCTGAGGTTAGGCTCGTTTAGAGCACATGTTTGGTGTTGATTTTACGTCTGGGTCTACTAGTTCGTTACCTATCTATCGTAGGCTATGCTCAGGAGTTATCCGCTACGCCAGGAGACATTTAAGTTATTCCATGACAGCTTCCCACCCTATGCCCAATTCGAGTTGTACACGTCCAATTGGAAGCTTATCGCTCAATCTTTGGGTATGTTAGGCGAACACGTTAGTGTGTTTTCAGAGCCTGTTAAAGAATTCCCATAGTCCTTAGTGTGAGTGTGCGCTATTATTAAAACAAGTGCGGTGTCGTGTGTGTGATCCAGCTCTAAATTCGGACAAAACGTTAAACTACAAAAAGACCCATGACGTTGATTACTCCAGCCAGGATTCGCGGTGCAAATGCATAGCCAACAAATTTCGTTAGAGCAATAGATATGCATTAGGTACCCACCATCCGGGGGACTGAAGCTTACCGTTTTCGCCTTCAAATTGAGGTAAGACCTGGAAGCCGATCGCGATTCTTTTGGCCAAGTACGCTCAAGGTTCTCATTGACCCTTATGAGCGATATTCGGTGCGTGCACCAGGTGAAAACACAGCGTAATGTGGGGGTACTGACGTGTTCGGCCATTCTTAGATCATCTATAGGTTTACCGTGTATATTCTGAACACCTGGCGCTTCGACGCCTTCTTCGTGGTCTTAGTACGCTACAAGAGGTTACGGACAGTAGTGAGAAGCAATAAGATCATCGGTAATAACCAGGGGAATTAGGGTTATTGTGACCGGCGTAGTTGTTAACTGATTACGCCGTGTCAGAGTCAAGAATACTAGTATCCCCGGCTTGACGACACTGGGTGCTCTGCCGAAATAGAAGTCCACGATTACGTTCCATATGTGACTACCCATAGTGTATAGCGGGGATTACGCTGACCATGGTGCATCAGCCGACGCCCTTATGACGCCCATCATATGTGATACATGATAAGTGTTGCTCAAGGGGACACCGCAATATGACGGTAAAGAGGGCGAACCGCTACCCTAGGAGTAATCGAACTGGTGGCCCACGGTCTATTCCAAGTCGGGAAATCCATTTACTTAATAAGATTACCGAATCCCTAGCTTGAAGGAGGCTAGCCAGTCCGGT,1312,48.09,Arabidopsis thaliana
SEQ_688576,GGAATGAGAGTCAAGAGTCATCGGACGACGCGACGGCGAAGTGGCTAGCTGTGGGTGCAACAGAGATTTATGTACTTAATGCACTGATGAGACTAACTGAACGTAACTAGTCGCTTGATGAACCCAGCGTGACCTTTGGGGGATAAAGAGGTACCAGAACACAGCGCGTAATTTAGCTTTACGGCTAGTAGGATACATCCGCGGAACACGTTGGCACCACGCCTCAAAAAGAGCGCCATCATGGAGTTGCTGTTACATGCATCGCGGAGCACCAGGGCGTTGGCGACATGGGTATCAACAGCCTTCCTACACCGCCCGGTCAGCGGCTAATTGAATATCCACTGCGTATCGGGGGGTAGGTTGACGAGATTCAGAACGTAGAGAGATGAGTGGACTGGGGCTAAGTGACAAGCCTCACGGTAGTTTTCTTCGTTAAGCAAATCACTTCTTAGATTCAGATTTAACCGTTTGATGACAACGTGAACACAGCAGTTAACCACTTGACAGAATCCTTCACAGGTCCCCGGGCGCACATGAAGGGTCGGTAGGCTTGCCAGCCCTTTGATGGAAAGTTCCCGTCCCTCACCAATACTAACACTCACTGGTATGGACCCCATGGAAATGCTCGATTTATAGGTTCTTCGGGAAAGCCTTAGCCTTCCCAAACATACGCATGTATGGTAGATGCTTTATACTTAACCTATAGCCGCTCAGTTCGCGGGAATGAAGCGCGATGCGCCATACGGTGCAAGGGTTTCTCGCCTAAGTTAAGGCGGATCCGCGCGGACGGTTCTACCGTCAAGTCTTAAGGAATGGGCAAAGAAAATTAAGGTTCTATTCCCTGAGTGCACCTGCACGCTCCTTGACCGCGCACCGGTCTGAAACGAGCGCTAAAAAACCAGCGGCGCACGCTGCGCCATGTGCTCCTGCGCTTCAGAGCTATGGGGCGGTCTCGTTCAGTTGCAAACCGATGCCATCAATGGACTTAGATCGTCGGAACTTAGAACGAACGGATGTAACTTGAGGGAGGCAAAAGCGTATATTGTTGACCAAAAACAGCGGCTTTGGGTAGCAGGCTGACGACGGAATATAGTTCTGGAGCCTGAGTTCGTTCTCATCGCCGGACTCCCAAATAAATCGAGTCACCTGAGTTTCTCTCAGGTTTTTGAGGGTACGGGGTACCCTTGACCTCAAAGATCACTACCAACATAACCTATAGTCCGCAAACCGGATACGTGTAATTCTAAGACCCTATCTAGGAGAGTGCGACGGACTTTCCATTAATCGATCTGCTGTCGAAGGTAAAGTTATACTAACAGCATTCCGTCCTAGCTACACGTGATATCGGTGTCCTAGTGTCAATACCTCTGTGAGCATATGGGCGAGATATTCAATGTATCAATACCAGTTCTGTACTCGTAGCACAAAATATTACGTGAAACAGGGGGCGGGGGCTGGTATAGTTAGGTAAATGAAGAGGCCGTCTGCTTAGTCCTACCCACTTGTAAGCCGTGCGATTTCTGTGTAGAAAGCGCTACCTACCCATATCCGGGCCAAGCAGAAACTTGCTCGCGAGCATCAATCCACATAGCACTTAGAATGCCCTATAGCGTGGTGTAATAACAGTTGCCTGCCTCTAGTCGCTACCAGCCTCTCCCTGTCGATGTGCCAATGAAATGTTCTACCCCTTATATCGAACACTAACCTGTTTCAAGGGCTCCTTCCCTTTAGCATTGTA,1738,49.65,Caenorhabditis elegans
SEQ_550006,GATGGAGTTTAATGGATGCTAACACGAGCGGTTGCCAAGCGAAGAACACGTTTCCTAAAGGTTTGGAGCTCATTTAATGCGGCCTACTTGAAGAGCGAGTGGGACTTTTGCGTCAGCCCCTCTTGGTGTGCGTAACCACCGACATTGCACCCGTTCGATAGTACCAATACATGGAAATGCCTACTCTACATATTTCTGGGCGCAGGTTGCACGAGTCGGCGACCATTCCGCAGCGGGAGTTGTCCACGTTTGCAGAGATTGCCTCAGAGAATATGGGTATAAGCTAGCGGCAGGCGGCTTGTTCAGCCCACAAAAATGTCGATAAGTAGGAAGCGTTCCGCCATCTGACCTTATAGAGACGGAATCACCGTTATGGCGACAATAGCACAAATTTCATTACTCCGCCTCGAGATCAGAAGTCTATGGTCAGCCACAGACGCTAAGGAGGAGAAGCACTTGAGTACTCAACAACGCTACTAGTCTGAGAACAGTACGTCCCTTGCTTGGAGCTCCGGACAGACGATTCTGGAGGTAACCAAACTGGAACGTTGGACAAGTCCTGCTCAGACCCATGCTGGCGAGAAGCCTCACAATGGGACCATTCTGACAGCATACCGGGCGCCAAAGGAGAAAAGCATGGCGACGTGGTAATGAAAACAAATTCACGATCTTATACATTCCCGAAAGTACGGTGATTCCCTTAAGGTATCCGGACCGAGTCCACCGAGAGGCCACTCAGCGGAATCGTACCTAAAGTAATTGCCTGCAGCGGGACGACGTCTCGCGTCTGTTCATGGCCATACGGCTGTTGCCGTTGGAAAACTAGGGAACTTACCTTCTATGAAGCAAACCGCGGAATGCCCCCGTGACTTCTCCAACGATTACAGTCTCACCTGAGTCATGTTAGAGCAATCTCTTTGATTAGGGTCTGTACGGGGAGTATGATGTGCCTGCTGTATCCGAAACTGTTGCTTGGTCATCAACTACGGCACATATCAAGGCGCAGGTACCAAACTATCCGCGCACGTGGTACGGTAAGGTGCCCTCCGGACAGGCCAATGTAGCACTTTCAGGTTACGCTCGGCCGTTGATTAGGTTTGCCACCTGTTAATCATCGCTCGGTTTTCCACCACACTCTGTCACTAGAAGGCCAACATTTGCAACGTTCGCGCAGCTCTAAAGTAATGTTTTAGTGTGCGATGCCCCCCATAACCAAGATCTATGGATATCAATTTGAGTGATATAACAAGACGGTTAAGTGTCTGGTCAAGTTGGATAGATCCCAGCAGCCGCAGTACAGGGACTTTTATTGCGCTCCAATAAGCTGTAGGTTGCCGCAATATG,1344,50.15,Drosophila melanogaster
SEQ_375147,GATTATCAAACCCTTACAGCAAGCACGGAGGGCTGTCTAGTTGTATCTGTCTTAGTGGATTGCTTCGATATAAAGGAACATACGACCGAGAGATACCATTAACCGAAACACCAGATGTATCTAGTAACCAGTTCCTCCACCGCCGCCAATATCGGGGCAGCGCTACAGTGCCAACACAAATGCTCCGTACACCGCAGCTCGACGTGTGTTAATATAGAGAGCGCAGTTTGAATCATGCCGTAGCCCATAGAAGTACTCCTTTATCTTCCTTGGTGACGCTATCCAGCCTCCCAATGATAAGGAAAAGACTTTCTTCTCCTACGTGGTGCACCGGGCAGGACACTTTTGCGTGTTCTAAGCGAGAGTAAAACATCGACGCTTTCCGAACAACCCACACTATTTCCTAGGGAAGACGTTTTGTAGTTAAACATCCGACACGTTAGGATTGCCCGCGTGGACTAAGCATGTTGCCTATTATCGAGCTGACCGGCGTCTTGTGGGTTGCGGACGGCCCCGGTATGTATTCTCCATTGTTGCGCCGATGTATGTCGCCGATGATACGGAATGCCTAGGACTACTTTCTTCCTTTCGTCGAACTTTACGCGGTAGCTGCCGCTCAAACGACCATGCAAGGTTCGCGTACGCCTAGAAAAAAGACTAGATTCACTGAGACTAACAGCAGTTTGCGGCCAACGCGAGGTGGTGAATAAAGTCAATTCGCCTGTTAGCAACTAGAAATGTTACCCTTTCTAGCTGATAGGAGATGCTATTACTAATTAACTAGCGGGTGTGTGGTTGGGTTACCGTAGCTAATCGACCTCAACCAATCATCGGGCCTTATTTGGTTCAGGACGTTTGAAGATGTGAAGCGCAGTTTGACAATGTCGCTGGCCACCGATTGATGGGGCAATGTTACTTACTAAAAGGAAGGCACCCATGAAGGCGGGGTAAAGGCGCAGTTTTTTTATGTCAAAGAACTACCTGCCCTCCTGGCCGACCTAGTGACCCAGAAT,1013,48.57,Caenorhabditis elegans
SEQ_499814,GCGTTTTAAGGATTGGAGTCGAAGAATTGGAGTAATATGCGAAATGTACTGCGAGGGCAGCGAGCATCATCAAAGCGGCCCCGTGCACCGACACCTGCGTCTTGCGGGGGACGAGGGTAGTACTTTAAGTTTTTGGCCTTTTCACGTTAGTAGAAACGATCACTGTACCGTCAATCTTAGTGGGCCGATTTACAATACAATCATCTCGTCAGTGCCTGGTAGGTGTATGGACACCAACTGCAACTCCGTGAAAGGGATGACCGTAATCACAACAAAATTATAACCTGAAGCTGTGTTTCGGCTACTTGTTACAAATTGGATGAGTGGACCCCGAATTTGCAGACAAAGACTCATTCTGGTAGGTACCTTCTCAGGAACGATATTGGGGGTGTCGGGATCAAATGGCAGGGCCCCGTGGGAGTTCCAGGTCGCAAAGTCCCGGAGCTGTCCATTCGTTGTGATTCGTTCGGAACTTCAGACATCTGAGACACCAAACCCCAAGGATGTCAATTCCTGGTGCAGCCACTCTTTGAACTCTTGCGTTGCGGCCCTAGAGTGAGAGGCCGTGCGATTTGGCTAAGACCGTCGATTTTAGGGCGATCCTCCTAATGGTTAAGAATCACTGGTATGCAACGTAGAAGACAAGCGCG,650,49.69,Arabidopsis thaliana
SEQ_355859,GGGAAACTGGTCCTGTGCTTGAGGGTCGAGATGGAATGAGAGTCTGCGGGTCGGGCAGATCCATATGTTAAGGGATGCTTATTCGAAGGATCCCTGGTCTTAACCAATGTCTGGAAGTCAGTATTCATTGGGCGACGTTTTTAGGGGCAGGGTAAAGACAGCACAATGCACCGCTGTTATTTTGCCGTTAGATGTTACGTGTGGCTGCCGTTATCAAACCGTTAGTACATGGAATTGCGGCAAACGAGTGACCTCCAGAAGCCATAACCGGACGCTACATATTACGCGACCGCCATTGTCTATGGAATTTTCGATTATTAGACGGATAAAATAAAACTATTCTTACCCGCATGGGGCGGGTCTCGAATTCAGCATATGATCGGTGAAAGATCGAGGTTCATGTCGAGTCGTTTTTGTCCAACCTCCTGAGCGTTGCATTTGCGTGGAAGGACAGAAGAGCCCGTAGAGTCTTAGGGTCCGGCCATCATTAGCCAAGCAGTATGCCAAGACCGTACAGCGCTCTCCCACCGACTGGCTAGTATCGATAGATTGGTCGCGCCCAGATCCGCCCACTGGTCTGTTGGGTGTATAATGCGTGTAGTCCCTTACTCTTCACCAACCCATACACCGCACGTCCCGGTGTAACTCGCGAGCATGCGAGGCCCATCCGTGTCACGGGTTAAATCTCGTTGGCCTCACACTTCTTGGG,709,51.06,Drosophila melanogaster
SEQ_919276,ATATTTTTGCTGTCACGTTAAACAGAAGTCTGACTCGTATTCACAAAAGTTGGACCCAAAAGCCGAGAGGCTTACAACCGGCGATGTTGTACGCGTCTAGTCTTATTTATAGAGCAGGCCCCCATATATGTGTGCTCTGATTTATCCCACCTTTCGTCGTTCCCGGCCCATCTAGACCACTTCATCTTCGCTATCGTCTCCAGTTAAGCAGGGGGCAAATGTAATGAAAGGATGTAAATTGCTTAGCTTCGTTTGATCATATTTGTTAGAGTTGATAGGTGGATGCGGGCACAGCGGCAATCGTTCTGAACAGGAGCGACGCCCGGATCAAGGGGCGATAGGCAGCTCTGATTCTCATCTGTACGGTCCATCGGTTCCAAATGTCTTCTTTTCGAGCGCCGTCGTGGGGATACAAAACGTGAAAACGTAGCTGAGAGATACGTACCTCATGCCGATCATCACGGCAAGTTCACGGCGTTTGACCGCACTGGAATTAATCGCGTAGGGGAATCAGGTGCGTAATTCAGCGTCGCTACTTTTTCGCGGCAGGAACGGCACTCGTCATTTAAGTGCCTCGTGGATACGCCGCGCGCCATCGGCCAATATCTAGGCCTGCTGCCGGGTCCACGAACCCCATCTGCCTAATGGGCAGCAAACTATCCCAAATCGCGAAAAAAATCCTT,683,50.07,Arabidopsis thaliana
SEQ_779120,TTTGCGCGACGATGTCCAAATGCAACGGTACGCACTAAGCCCTTCTTTCGTGGGCTTCCTGACGCCGCTGGGCCCATGTAAACACAAGACTAGGTCGGTGCTGACAATTTTCGCAGCGTCAGAACACGACTGTAGCTTACGACTGGAAGGCGGCCCGATTGTTCTAAGTAAGATTGGATTATACCTCATTTCTGGACCGATGGCGGAAGGTATAAAGGTGTTTTCGGGAATTCATCAGCTCACTGAGAGCTGCCGATTACTCTTGTGCCGGGATTCTACCGTACTTAAGCCGTCAGCTAACGCATTCTGGCATAGAGAGATCCGTGCCAAATGACCGACTAGCCCCAAGGGGTCTCTGCTCCATGTGATTAAAAGGTACATCACAAGCACGCAGGGTCCCTTGGCCGGAACGTATGTCGCTCCGCCTTTCGCTTAACGTCCCGTAGCATGAACCTGCTACCTTTGAAATTTACTGTGATATGGTACAGGGATTGATCATCGATGTGCCCAGTGGAAGCCACGCATCCATGTATCTTCCGTCGGACGGGGCAACGTTGCGGTAACTGGGGGAACGTGTGACTAGCTCCTTGTCTAGCAACTCGTAGAACAGTAGGTTAAGCTTCGGTAACGCAGCTAAGAGTGCTTCAGGCCAATAACAGCTTGTTGAGGAATGTATAAGGATAATGATTGTCCCACATACCATACGTTCTTAGTCTACTCAGAGAAAGACCCGTTTGCTGCAGATTCTATTTAAAACTTTATTTGCACAATTCGCAAGTATGGTCACCAAAAGAGAGTGTGTAAGGTGAGCGCGAGCTCTCGTCTTCCCATTTAATGCGGGCGGTAGAGAGGGTCTCCGAGCCGGGTGAAGATCACGACTGGCCAGCATACAACTCGAACCCCGACAGGAATGAGTGTGCTCAGACGGGGTGGTTATTCCCCTATAAGCAGCTGCACTTGTGTCCAAGACCCCAACCTTCCCGACGCCCTCTATTGCGAAGACCACGCTTTGTCACAAATCTAACTCATCCGTCCTAGGGGAGGAGCAGCGTGTTTTAAAGTCGCCCTGGTGCTCAGTCACTTGACAGTGTAAAAAACTTCTAGTTGCTCGACAGAGAGTACTGGCCGTTGCGCGTTAAGTGAGGAACACACGACTTGAAACTATCAAAGGGCCTGACCTGAAGAGTAGGCTTATCATCATCATTCGTACGTTCGCGATCGCTATTGCCTACAAACCTCTACCATACCAGGGATCGTAAAGCTGTCTAATGTAGGCCCCCCAATGCTGTTGAGTTATTACAGGGCTTTTAGCAATGACAGTGCCTTCGAGGTCTGGACTGATACTGGGCTAGGATAATGTCCAGGAGACGATATCGTAGTTCCATGGGCAATGTCAGATGTGTAATGTTACTGATACGTAGCCTTAAACCAGCAGGCGTAATGACACACTCAACTTGTGGTCCCGTATGAAAGTCGCTGTCTCCTTACCACTTTTTGTCTATCAGTACGTCGGTACGGGGAGGCTTTTTGGGCTTCGCACAACCACTTTAGGCGATTTGATATGACGGTTCCACGGTGACTATGATCCTGTGGATAAGACCTTAGCGACGGACCGGTAGCGGGTGCCCTTTGATTGATCATAGGAGCCTCTCAACCG,1657,49.85,Escherichia coli
SEQ_751954,GAAAGAGCTTGTGAACTAAGTGCATTTGGGCTATGTGCAAGCCGTGGTTTTATGAAATTAGACAGGTTTGGCCTTCCTGTACATGTATAATTAACACGGCATAACCCAAGACATACGCCTATTCGCGATATGTACATGATGCTTGCTGCAGTTGGCTGGAGCCCCAAGTCCCCGCCTCTGGGATTCCCTGTGCTCTAATATTCTCGATTTAAGTCCTCAAGTGCTCGGCCGGACATGATTCGCGACCACAATATTTCCTGACCGCAATAATATGTCAAGCTCTCTATAGACTCTATTACACATTAAATATGCCGGTACTTATTATGAGTCGTATTAACTATTGCTATCATGTGGACTAGTCGAATCACTAGCGATGTTGTTTAAGCTGCGGTTATTCTTTTTTGCATCCTTGCAGCTGGCATTGCTTATTCTAAACGATAGCTCGATTGGGTATAGAATTGGCTTACCAATTCCTCGTTGAGCAGTATACGCCTCCTCATACTGGTCCCCGGAGGCAAAGGATTAGGAAATAATTAGCAGACGGACTTCCGATGGCGTATAATATTTAGGTCCGTAATACTCGCACACCGACGAAACAATGTTTCCTCCAGCCTGATGTATTGGGCTGACCGCAAGTTTAAAACAGCCTAAAGATCTTTTTTATAATCAGGGTTGCGCATCGACCAAAATGTGCCGCGGTGTGGAAAAATCACGCCGTGAGCGCTGTAGGCGAGCAGGCGCTCACGGCCCGCCCGAAGGTCGGGTTCCCTTATTCCGATACTGATTCTCGCTGATACGGAATACACACCGGCGGTAACTATTTAGATGGAGATAAAAGCGTCACCTTTCTATGACGTTTAGTATTAAGGCAGCGATATACATCATGATGCTTCTGTTAGGTGGTCACACCCTCCTTATTAGGTGTAGATGGTGAGCGCCGGCAGTTTCGTCGATAGTTCCTCCGACAGAACCGACCCCCATGAACATGCTCATTTTAATACATAGTCCCCTCTCTTAAACGCTCAGTATGCACATCGCCCGACAGTGGGGCCTTGTTACCGTTCATGGTAAATACGAGTGAGAGCAAGAGCCGACTTGTCGGAAAAAATGTCCGCATAACCTTATATATAGTGATGTCACGATCATCGAGAGACGTGTCGAGCATTTCTATTAGCGAGAACGCTTCGGGACTTGATTTTGAGATCTAAGTATCGCGCGGGGGGGGCCCGCACGTCGGCATAGTCTGTATCGCATTATCTTCTGATTCAAGAGGCTTATGTCCTTCAATACGTGCAGTGCATACCAGGTTGCCCGGATGCGGTCATTTGCGGTTCGCTACATGATTTCGCCGACGGTGGCGCTTAGTATTACGCTACCCTGGTTAAAGCATATTGCCACTTGCAGCCACACTAGTAGGAGGCGCTCCAATTTCCCGCCAAATTCGCAGCAAGGACTGGTACAGAAAGGTTGAACCAAGTCCCGTGTTTCTAATTGGCGGTTAGAGGCGGACCGGAGGAGGACGTCCGGGCGAAATCTTGGAGCCATCTTGGCATCATAGTACTATGGGATGCCGAAATTATTTGTAAAGGTCCGGAACAGCAGGCTGAG,1608,47.7,Mus musculus
SEQ_147926,CTGCTTAAACAACTCAAGGTGGCAACACTCAAAAGGTACAAACCGTGGAAAACGAGGCGGGCTTGCGGTGACTTACGTCGTTAAAGTAAGAACTATATAGGACAAGGACAACAAATGCACCCAGGCTACCTTACAAGGGATCGAGCCCCTTAGTAGCCCCTGCGTACCGCCACAAGGTTCAATACCGTTCGTAAATGTAGAGGACGCAGTACTGCACGGGTGTCAGGGACCCTAAATGAACAGTACTTGCGACCCCATACGTAATGAGATGGCATTAGGTATGGGTATGTAACCTTGCGGTATATCTCGCTTTCCCAAACGTATTCGGCTGATTCGAACGACTATAAATCCTTTGTTCGTATTTACTGGCTTCATGAGTACAATAACTCGTATATGTACGTTACAACAGACAGTATGGGACAGGACGGGGCGGATTTACAGATTGCTCACCGAGTCCACCGTGCCTTGTTGCCCCTCTGCTACACAAGGGTATATCGCTAAAGCTCCCGGGTGGGATGCCCCGGCGCTATGTACAGTCTATGACAAGCTTCTTATGTTCTCAGTGAACCCCATTCAAGCATATGTGAGTATGCAGCGTCGCCGTGACCGGTCCACGCTCCTGAGCGCCTCAGTTACGTAGTGACAACTCTACAGTGTATACGCAGCGGGGCTCTACTGGAGTACTAGGAAATCTCCCCTCTCCCGCACCACTCGTTTCAATATTACCAATTTACTTGAAATGAAGATACTCGACCGAGTGAGTAAGTCGCAAGGGCCCAATCTGGAGAGTGTACTTTGAACGTGTTGGCGATTAGACAGCATGACGGCTGGGCCGGGTCAGTTCGCAGCCGTGATGCAGTACAGATAAATTATAGAAGCAGGGCGGTGAAGAATGTGCACCGAGGACGTGTAGAAGCCCAGAGGATCCCATATAGGTTCTCGGCCGCATCTAAATCTTCATGTTGTGCACTCGGAATTGGGACGGATGGGTTTCGCGGTCCTGCGCATAGGTGAGCGAGCAGGGTCCGTTGCGAACACTCACCACGGCTCGTGTCGAAACTGGTCGGATCTATAAGTTTCTTCCACTTTTCGACGCATAGACCTTCGTCCGTTTACTGACTCCAGATTCTCTTCTACCTATGTGCGCTTATCCGGCAACGGACGCGATCATGCTCTCCATTCCCCCAACTGTAATTCTCGCCGGTCGGTTCCCCTCGATACCACCCTTGCCGGATATTAATTAAAGACTCAGGCTCGCACGCCGCCCACCGTATATAGACGGCCGGCAGTACTTCTCCGCGAAAGTAACAACATCCTTGGTAAGAATTGTGGGCTTTTGGTATGGAGCCGCCTTTACGTGGGGCATTAAAACTAAGTCTGAGGATTTTTTCAGCCCAATGCGGCGAAGCCCCGGTAGAGCTATGGAGAATAGGGTTATTTATCTGTGGCCACACGAGTTCGTCGGGACAAGGATGGCTACGCATGAGTCCGTGTTTACACCCGAGGCTGGCTGGGCCTTCTGCCTTTGTAATGGGAGCTGCACAAGGAGGTTCGGGGCTATAGATGTCCTCTCTACCGGGGCGCTGAGGGAATAAGCTCCTCAACCCCCATTTAGTAATGCTTCGCCGCCGTGACACATCATTCGATGTCGGTATTGGCTTCTTAATCGCCGTAATTTAGGGACCAAGTCAAATCCCCGCGCCGGCTAGGCCTAATCCCAGCTTCCGACCTCAATTAACTTCATCTTTCCCGCGTTTGCTATTCTACCGTTCTGATGGGGTATAAGCATCTTTAAAATATTTTCAAACTAAATTATGACATTTGCCTCAGGTATGATATCCCTCCTAAGCTACCACCTCTCGAACGTCTTTACTAGAATACCTGTGTGTAATATCTCGTTCTCCAGTCTCCCGAATCAACATTAACAACCTTCGTTATTTTTCT,1944,49.9,Saccharomyces cerevisiae
SEQ_547239,TTAGATCAGTATGGTAAAGGACCTTGGCGACCGTAACCACCAACGCCGCAGTTCACCCCTGTTCTCTTTCCTCGTCTAACTCCCGGCCCCGTGAAATCATGCAAAGATACACCACAGCCCCTAATTGGTCGACGATAGACCATGCACGTTTGGTACGTAGAGATGCGTATTGCACCATCCTCGATTATAGCCGGGCCTGGTGGAGCCCGACGCCCGACAGGGTCAGGCGTCTGTTAGTGTGTGAGCGGGTAAGGTTCGTGGACCACCATAAGTTTATTACTCGTGTATTATCGGTCGAATCGTAGAACCGACCGGGCCTAAGTCTAATTTAGGGGCCCGTCACGACATGTCTTAATGAAATTGCACTATAGTGGGGTGGAACAACCCGATCCATTCTAAGATGCCGACTTGGCCTTTCTCACCTGTACCATGTGCAGTTGTGTGACGGCTCCGCAGGATCAGACGTTGGTGATCAGCCGTGCGCCCATGGGCTTATGATGGCGCTCAATTAAGTCTGAAACACAGAGTCCTAGACGTGATACTTTGCCGCAGTTTCGGGATGTCTATTTCAGTCAAGCAAGCGTTACGGTGTATAGACTGTGCTGAGGCAACCCAATGCCTCATTGGGCCACAGCCTTAGCTACGTCGTGGTAGGCGGGCCAGCTAAGCAGCAACCCCCGCTGTAGGCTTGTCCGGACGACCCTGGTGGGCGGCGAGATATCGCCGGCGGCCATAGGTGCCCCGTATCCACTCGTTTCCCGTGGCCACTGCATGATGACGGGTCCAAATAACCCAAAATGTCACCTGCCATCACCCAAGCTGGTTCCTAGTTAAGCCCAGGTCCGCCTTCTGCACCTGGACCATTAGTGCGTCAGGCAGTAGTACCCGAGCGTTTATCTTAGTGAGACTGCCTCCCTAACGAATGTATCCCCCCGGCTAGAGGGATGCAGTATCGCGTTTGCTGCGAGTGGGGCGGTTTGGATGACGAAATTTGTGCCCCAGATGCAAGCGAGGGGGGTTCATCTTTCTCGATCAACCACAGGCTAGATGCTCTTCCTCACTACCAGTAGGACTCACATCTTCCCTATCGTAACATATTACTACGGTCCGACATCGAGCCGGCTGGTAGGTGCTGCAATGGTAGCGACATTCGATCTAATCTCTGATGTTATGAGCCCTCTTCCGAGAGGTACAAGTTAGCGAAATCTGTTACTCACTGGGGTCGCCAGCCATCCCCGAGAGTGTATTGTGCTTTCTAGCGTAGCCACTGGGCATCAAAAAACCAAGGGAGATGGTGCACCTCGTAACGGTGGACTTTCATATTGGCCTCATGTAATTGCGCGCTGCCCAAGTGTCCTCATTGCACAAATCAGTCTGGGGTACTTCTTGGCGAGAGCGTCCTTTCACATTGATTCTTTGTAGGCCACATTGAACAACCAACGAGTAGGAACTCGCATTCACGACAGAGTATCCACAGATTTAAGAAAGATTCTAATTATTCCTAGGCCGGACCCTGTAGCAACCTTGTCCTATTATGTATTCGCCTTTCATTTTTCGCGTGCTGACAGGGATTACGTCGACCGTTTTTGGACGTTACAACTACCTTCGACCAGCTGACTTAACTGGCTATTTGTGATCCTGACTGGTCGTCGATATGGCATGGCTCTGACGCTTAACGGTAGTGATTATTATCCTAACATTACAAATTGGAAGCTACCAGACGAAATGACTTGGAGGGTACAACTAACTATTACTGGCGACACGTACGCGTAATTCTACAAATATCGTGACTAGACGCCAAGTCTTCAACCTATTATGTGAACGCTCTAACCAACACCGACACGCGGTAGGCGCGA,1856,51.29,Arabidopsis thaliana
SEQ_354189,TGGCTGCGGGTGGGTGACTATCTTCGCGGGTCGGTAATCATCAGCGCAGTAACAGACGCTGTTCCGGGATTTATAAGGCTCCCTCAGTGTAAACTTGGCAGGTGGGAACCATCACGACCATAGTAATACCGACCCGGAAGGGCCCAATTGGGGGGGGTGCCACAAGCAATTACGTTTAGGATTTCCTCGGACGCCGGGGGCAAACCGACTCTAAGGATATCTAGGACACAATAATCGTGTCAGGAAATAAGGATAGCTACCTGAGGAATTTGAATCACTTTAGTTCACCACAAGTTTTTAGAGATCCTTCAGATATTAGAGGCAAGAATGCCGCGGGTAATGACGACAGATCTGAATCGTCAGTCGTAGTTGCTCGATTTATCCTAGAACGCCAAGCTCGCTAACGCTGGGATACGGGGCGGACTCCTATTGATCTGGGGTACTTCGACTCCCCGACTCTTCTTGGAATAGATTACATATCCATGGACAAGGCACTGCTGGCTGCTTGTGGTTACTGGCATTTGTAGTGGAGGTTCTCCACAATCCAATTGTTGTGCGGTATCGTCTTAAAGTTCGGCTTCTCCTGAGAGAAAGCCCTGCTCCTCTACCTTAAGCTTGAGCTAGATAGCCTCATAACTGTGTCATGAATAGGCAACCTGCCTCGCCCACATCATTTTCCTACGAGTTCATCGTTATGTTGACGATTTTGCAGTTCCATCCAGGGTGCGCGGGTCGGCCCACGACTCTGAAGTATCCTAAGGTACCGAAATTAGACATTTAATCTTGAAGAGAATTTCCTGCCTAGTAAATCTCCTGAGTTGGGCCATTCGGATCGCAGATTCAAGAGATGGAACTGAATCATTAGGTGTAGGATGCCTACTGTCAAGGCGTGTAATACACGCTAAGCTGCACTTCTTCAATGGTCATATGATCGAGAGTCACAGCCGTCGACATCGAAAGGGGGGGCGTCATCCGACTTCTACTCTACCTCTGTTACTTTTGTCCTGGCTGGCTTTGTATTTCTAAGGTCCACTTTACGAGTAGGGGGAACCTTAATAGATACCCTTTACCAACGAGTAACAATTTATCGGTCTTTGTGCGCCACTGAATGCACAAGAAGAACTACGATGAACCAGATGGCCCCTTGGTTGCGCTATTGCTTGAGAATGCGGGATAAATCGAAGGACTGGCCCCGTTAGGGATGACAGGAGCCTCTAATCGCATCCTGGGACGAGGATAGGTTCGCAACGCCGCGGATCCCGTGTGTATTATGGGCCGGACATAGGCCTTACATGTCGTGCTTAAGTGTTAGGATGATGTTTTGTATCTCATTCAGATGAGCTTACTCCATACGGGCTGAGTGGTAATATAAG,1373,48.58,Mus musculus
SEQ_866811,GAGCCGACCCGATTCCGTTTGAACTGAACCGAGCAACTGCGAAAAATGATCAAGACTGCCGGAAGCGCCTATGAACGCTCCCTATTGACGGATTCGAAGACCTGCCGACGGTCGACCCACGCCAGTTTTGTGACCTGAAGCATAAAAGACTGAACGCCGTTAGGAAGGCACAATGCACTGTGCCTGACATCATACCGACACGGTCATTCTATCTACAACGGATATTCCCTCATCCAAGGGAAAAAACATTAGCGTAAAACTAGGCGGGCTACATGATATAAACTTTATTCACGGTTGGACCTGCTGGCAAACTGTGAGTTTCAGCGTTTCGGGCCCTCCGCTACAGGCAGAGATAAGGGACCACACAATACCCACATTTCCAGAGGCAGATCCATATGGAGCATAGCGGAACACCACATGTAAAGCCATTGTATG,435,49.66,Homo sapiens
SEQ_952319,AACAGGATCTGACGATCTCTCGGCCGGGCACACCTAATACGGGGTTTATTCTATAACCCATGTTCGGTGTCCCCCACGACACCATATGTATAATAAGGATCGTATCGGTTCCGGGTTAATAGAAACCGCGGGCCTTCATGCCTTTTGCTTAGGGTCGTAAATGATCGCGGTCGGTGTGACCGACCACATAACTCACTGGCATTCGACAGGTGCAGGGCGGGGAGTTCGAATTCCAGACAGCGTAATGGCAAAGGTAGCTGGGGTCGAACACATTCGAAGGTCCCCAATTAAGCTCCACACCCACGTCCCCACAGGATAACAGGTTACTAATGCATCTTTATGGGTATGTCGTGGATGTCCGCACTGATTGGGGAGCAACTATGGGCTCACTAACTCCCAATATCGAGATCACTGCCGCACCTTAAGATTAGAGTCAGACAAGGGGCTAAGGACCCCATATATTTTCAGCAAGCGCAAAGTGAGGAGGAGGTGTGGCATCGAGTACTCGACTCCAACCTCAGTATAAGGGATCCAGCATCCTCGTTGCAACTCCGCAATAGAAGCAGTCGACCAGAAAGTCGATCGGTGTAATCCAAATCCCAATCGAACGTCAACACACGTCCCTGGCTAACGGCCGACATACGAGTGGGGCCCATGATCTAATCTAGCGCGCGGGCGAGTGTTGGCAGTACAACGATGTAGAGACATACCGTGGGCTCCTAAGTCGCACAGAAAATTTAGGTCCTAGGAATCCGTTAGAAGTTACCAGCAGCCCACAAAGGATTAGGTTTGTTGAACCCTACAATCAGAGAGTCCCCGTCGGTACCTGACGCATCGAGGTTACGTGTCATCCATGATCGGCTAGCAAAAGATATCTGGAGAAAGAATCCAGCAGGGAAGGTTCAATCGAACATCTCTACCATTGTCTTCGAGCACTTATTTTTTCTCAAATATAGTGCCCTAGTCAATCAGATAGAGTCCGGAATGGAATCCTACTCGTGCTTACAACTGTGATGAAATAGATAGCACCCCTCGGGGCAGATTCTCGAATGACCACTGCGGGTTATGGGAGTGACGGATAATCAACGGACGACGCATATCAATGTCATCAAAGACACCTGTGGA,1125,49.78,Caenorhabditis elegans
SEQ_597375,ACCGCCCTTGATACGCTGAGAGATGCTTCCAATGCATCTACCAGGCCGCTAAAGTCACTACAAAATTGTGTGATACCTCAGTGGTGGTTTGATTTCGCATAAATATCCGCTTAAGAAAAACGGCATAGCCTTAAGCGTGGTCTATCACGCCTGCAGCGGCTATCCTAGACGTCTGTTATCTGTTTGTCCTGAAAGAGCATCCGATTACTCGTGAGAGTAGTGGGCACACCCAGCTGATGGGTGTAAGCATCAGTGACCAACTGCCATTGAATCGGCTCCAGCAGGGCAGTCTTCCGGCACATTCTTACGCACGGCCCCGTGGCCCGGTGCCTGGTACGATAGATCGATCATAGAATGTGAGAACTTTAATCTCCCGGGGGGACATCTTCTACTCTCAGGATGGGACGTAAGCCGTACTAGCCAAAGATTTGCGGCCTTAACACAGAGGGCTCATGGAAGGTTAGGGAATTTAGTGGCGGCTACCAATACGATTCCTACTAATCATAGTTGCTACCTGAGGTCTTAGGCATTTCGGCGAGATTAGAATGCAGATTGTACGTGGTCTTGAGTCTCGCCGCGACCTTCCTTGCGCCCGCATTTCTCGGGTCCCCTACTCTTAACCTCAAGATGAGGACGGATCTCGTGTGTAGGGGCGAGGTTAGTAATGGTGAGCCTTGGTACTATGAGCAGCTATTAGTTAATGGGCCTTGAGATGTGCATTGGATGGGCTGCTTATCAAACGCCATGAGAGAACCCGAGTTTGGGGTGCCTAGACTTCTTTACGGGCCCGTAAAAACGTCAGGCAAACTACCAAACGGCTCCAGTGTCCTGTGACGGGATATAATCGGCTGGCGGGGCGGGGCACCGACGTTACTAGAATAACTGAGCCCCACGTCCTGCCAGAAAAGGTATATGCGCTACCCCATTTGGCTCAGTGCTTTTTGCCCAACTTCTGGGTAGAGCCTGTGCTGGGTTGATGTCCCCCATGCGGCTTCTGACGAGGTGCGACGTTGAACCTTACAGAAAAGTAATTACTGCGTTTCCCATCGGCGGAGACGGCTGACCGGATTATATTATGTTCCTGCGCAGCTCTATAACTATAACATTATCACCAGCGTTATACCCTCTCGCCTTGTGTCGGCGTCTTGAAGGAGCACTGAATTATACCCACTTGGTGCCGATAGCCAATGACAGCGCCTTAGCAAGTCGCCATCTGTTAAGGTATAGTTATTGGGTATCTCTTGCGAAAGAAGGCAGTCGTCCGTCGCATCTCGCGCCATAGTCCTGCTAGCGCACACAGTGACACGTATGCGTAGAAGTCAGCTAGTGTCGCAGCGGATCTTCCCCTGGCCGTCTTTCTCCGTTGGTGGTCCCCTCTGCGTCAGAGTTTTATTTTACCGGTTACTAAAAGCGGTTTTTACTAGGACAATGGGCATTCTCATTATACGCTTTGCCCTCTCCGTCGAGACTGCCCTTAGTCCCGTCTAGCTGAACTTCGAAGGTCTGCCTGGGGATCCAACAAGCGAAGTCGTGACTCCTC,1540,51.43,Escherichia coli
SEQ_296009,TCTCGGTTCGCAGCCAACTTCTTGGCCATCGTGCGGACCCCTAAATATGAGCGAATGGGTGTAGCACATAAGGTTCCGTTGCTTCGACGTCCCAGCTACTACTCTAGATTGTAGTGCTACGGTAAGATAACGAGGGGCCGCATGATAACTGTCACCTTGACAGATAGATAGAACGCCGAGGGAAGAAAGGTCCAGGGTAGAGGTCTCATTAAGAACGAGGTGGTAAAGGTCTTGCTGTATTCTCTCTGTGTGGGCTAGCTTGATCCCCGCGAATAACTGACTGACTTATTCCTGACTAGAAGATTTTAACGTCGGGGTTTATCAGGGATTAACGTAGAGAGCAAATACAGCTTGGAGTGCCTCACACACTTGAGCTTCGGACGTGTCACTATCTCGATTCTCGTCACCGATCCCTCGTCCCCAACCTAGAGATATCTCGCTCAAAGGGTCGCCATTTGGATACAATATTTTTACTAGCAACCTTCTACCAGCACACTGGTCACCAGTGCGAGCCTGCACGCAGGTGCGCAGCGTCGGGGGGACGCTCTACTTAAATGGGTCGCTCACACTGGGTTGATTATCACACTCAGTATGTATACCCTGGTCGTTCAATTGCCAGTATTATGTGTCTGGGGTGACCAGACCCTAAGCGAATGAGCATGCCACTGGTACGCGATAAAGGGGGAGTATCTCATGGCTCCGTCTCGTCTCGGCGCCTTTATCGAGGCGGGTTATACACACGAGCTGGAGCTTTCTCACAAATTTAGGGGTCCGCATACACAAGCTTCAACTTTGCCTGAGCGTTTGACGTAGCTGGCTACGCACGCACTTGGAACAGATATTTCGTACAAAGC,854,50.47,Homo sapiens
SEQ_333214,GCGTTCCACGTACCGTGGTCATCTCCATTCACTGGACAACGGTGGGGCGTACTACTCAGCCTGTGGTCCCAGCGGGGCGTGTTGTGCTGGTAACTAATGCAACGGGTTTCAGCAGTGGACCCCTTGAATTATCGCCGCCACATTTCTCATCCAAGTTATTAATAACGACACTAGTAGTATGCAGAAATACCCCTAATCTGGTAATCCCCCAATATCCGGTTCCGCTCCGCTTGATAACGAGTCCCACACTCGATTGCATCCAATTTATTGGTGGTATATCGTACAAGCATTCAGTCCAACACTTGACGTTAGTGTTGGGAGCTGTTCATGCACCGGGAGTCGGCCTAGTTTACCGCTAGTAACTACACTTCGCGCCTGCTAATACGTTATCCCTCTTGACATGGGACGCACGATGACCATTTGTTCAACCCAGTTCCCGTTATCCGTTCCAGATTTTGGAACGACCATCCACAGGAAAGTTATTTCCCGGGACGTTCCGCATTCTCGATATAGAAGCAGGAAATAATGGCCTTACAGCCGTTGTTAAACGAATAGTTTTATTGGACGCACCTTTGGGGACTAACGTGTCGTCCCACTTGTGTTTGCGTTCACAGAGCTAGTGGGTGTTTGGGGCTAGGCATAGCGTTTTTTGACTCAATCTCTATAATGGGCAGCCAGGGTCCCTTTGTCTCGAGGTTTACACACTAGCCAATTCACTTGCATCATTCTGCACACCCATTTGTGGGCCCTAACTTAACACTAAGATCTAACTCCAGGTCTTATTAGGTCCATCTGGGAACAACCCCCGTTCCATCAGTCAACCCGGCCTGTATTGTCGCGTAAAGCACATGTTCTAGGCCGGGGGGAAGAACCAGAATATCGCCGACGAAGGGTAGAGAGGTCGCACTGAGGAGGATCTCGAAACTTAGATAACACGTGTATATTCTCGGTTGAAGCATCTGAGAGGCCCTCTACAACACCGTTAGCGATTTTCCCGCCGTCACGTGGATTAGGATGGCTCCTCCGACAATGAATGAAACATTTATAAGAATTGTATATAGTAACTTGCATCTCGTGGGCTCAGAGATTCCATTGTGTGCTCATTTATGCGCTTAGTCTCCCACTACTTTCCCAGTCCAAAAGAGGGGTCGTGACACGTGTCCAAAACCCATACCGTTACAAGCTTCCAAGTGAAGTCTGTTGTCTTCATCTTTTTGGACGTTGCTAAGGGTTTGCAACTGTGATTAGGTGGGCGGTAGGTCTAGGCAGCGATGTGCACGACTTGCTGTCCAGGAAATGGACCGTCAAGGAAATTCCTTATGATCGTCTAGCAATATGCATGTTCTTGAGTTGGCCTATTATGTAAAAAGAAAGAAGAAACATGACCTATCTATGAAGCGCTGACTCGCGTCCGATTCTGAGACTGAATTGGGAACTTGAAATGGGAGTGTGCAAGAGCAAGCAGTAGGTCCCATGTCCGTCGCACAAATCGTTGACCGGTACTAAGCAAAACAGGGAATAGTTATCCTACACTTGTGTATATGTTTACGCATCACTTGCCGCCTAGTAGCCGTTAGACGTTTAGCATCATACGAAACCTGCCTGATGCGGACTCTCGAGCTTGATCGGAATAA,1634,47.86,Mus musculus
SEQ_690610,GTTATAACGCCGGATACGCTAACCTTACGAGCGGGCCGGGTATAGTGGTGTCCCCTGCTTGCGAGAGAAAGGAGGACGAGGTTAGTCGATTGGACCGCTCCAACAAGGATAAGATATGTGGCCCAGAAGCTTAGTCCGGGTACGTACATCACCGCCAGAACCTCGGTTGCCTCAAATTACATACATTGAGTGGGCAACACACCTTTAGGGGCTCAGGCTTTGTATGGTTTAACCAATGGCCTAGTATATTACAAGCACTGAAACGGAGACCGCCGAGCAAGCCCATCATCGGCCGCTCGACAGAACGCTTGACTGTCAAGAAACCTTATGCAGATGACTGGACCTGTCCCCCCATTTATAGCGAAGATTCTTGACGAATGTTGGCCTAGCCCTAGGGTTCTCAGCCCTAGTGATGTAGTTAGTAGCGGAATCAGGTTAATCGCGTCAGCTGTGAGATGATAACATGAAGCTTTATGGAATGGGCTAGTAAGCATCCAGCACAAGTGTGTCTCAGTAGCCTCATGTGGGGCGTGGCGTCTATTTCAGACAGTATGCCCCCCAGCCGTCAATTTGCTATATTACCCACCTATCTCCTTGACCACGTGCGAAGTACCCTGCAATCCGGTCGAATCCAATTTGCCGGTTACGACTCGTAACTTATTGCAGAACTATAGTATGTCCGCTTTTAGCCTCACGCGGAAATTGTCGTCGCTGACTCGGGTGGTCTAGTCGCAAAATAATTTCGACCAGCTAACTAGGGGGATTGTCTGTGCTCCAATCGCTTGTACCTTCTCAGACCCAAACACGGGCACCGGTCCTACCGGTTTCCTTATGAGGGCATGCTCAGTGGTGAGTACGTCGCAATTACGGCTCATTTACCACCTCGTTAAGAAGCTAAATGGGGGTAAGGACAACCTGAAAGGGTGAATTAGAAACTTGCTCCAAGAGCAAACAGAGGTCCGGCTACCTCGGTAAGCGTTCTGACCACCGGTTATAAGGAGTACAAGCGTTGGGATAGCCGCGGTGACTCTGCACGCGCGTCCGACAACTTCCTCAATGTCGCTGCTAAAGAAGAGATGAGCCACAAGAAAAGCTATCGCGTCTGTGCGTCCAACTTCTAACGTGAGTGCGAAGGGCAACAGTTTAGGTGGGTTCTGTTAATAAGTGACTCCGACACATCGCTTATACCGCGCGGAATCCTCCACTGCTACAATCGTAGACCAAAACCCGCGAGTCGTGAAGGCATGTACCAGAGTGCTCGGGGCCACGCAGTGTTTCTTCCTTCTCGTGCAATCTAGCCGATAGACCTGATTCCTACACAACATCACTAAGTAGGTTGAGTAACGTCGGTCTCAAATATGACTTCTCAAAACCATAAAATTTCTTGTCATTTTAGTCTTGGATCGCTACTGCTCGGAACTAGAAGCCCCTTGAATTCGCATAATCAGGCAACGATTGGTATAAGAGACCTGATATACCCTACAGACTGGGCCCAGCCTTGCGCCCTCCCGAGCCGTCTCTAGTTAGATCCCATTGCCTTGTAACATAACAACGAACCATAGGCGCCACTCGCTTCATTACCCTCCTCCTTACCGACTA,1599,50.16,Escherichia coli
SEQ_131783,GGTATCGCGCTATATGGGCTGACCTGCGCTGACTGCAACGTGACCAAGCCCTAAAGCATTGTGGCCAACGCTGCTTCCGCGTAGTATCGGGCAACTGCTTCCCCACGCTATCGGAAAAGTACCTGCACTTCATCTAATGTGCCCACTCGCAGGAGAAAAATGCCCACTATCCTCTGAACTGAACTGTCAGCAGAGGGTTATTCGGTCAGATAAAAACTTTAGTGCGGTGTCGAACGCCCTAAGGTGGATGCTTTCCGGAAAGACACCTCAAGGCCACGCCCAATGTGTGGCAAATACGCCTGGTCCCCTGTGGGGTATTCAAATTGAAATCCACTGTAACGGAATGTAGACCGACAGGTGGGGAGTGCCACCTCCAGGTGGGATCAATCTGCCTTTCAGACGGTATACGCATTACCCGACCCAGAGCTCGTAGCAAAGGCGCATACGAACGGTAGGTTAGACAAAAACGGCTCATCAGCAAAAAGTCACCAGGACAAAAGGTGCGCCAAAACTTTCTTTTCCAATAGGTGCGAAAAATCCGATTAATTCGAGTGAGCTGTGTATGACTGTCGGGCGGAACTAACGAATCTACTTCACAGGCTCTGATAAGGACTCCATACGTCTGTTATTTTGTCATGTAGGACGTCTTTCGGTGATTGTAAGCGTAACTCAAGCTCCCAGACCGGGACGTAAACTGCTACTCGCGAAGAAGTCGTATAGGACATTATTATCCGGAACCCTGGGCGTTCATCCCGCTATCCCGTGGAAGATCTGGTCCTGCCCCCTCAGCGACGGTGCTGGGAAGATCGTACATGAACTAATCCTCGACCGCATCCTCTAACTGCACGACCCAAGATCTCTCTTCTGTCTGGTACCGTTATTTTTTCATGGCTGGCGCGGTTCCGTTGCTAGATGCGGTGCGCCGAGCTGGGAAGAAGAGGATTGACACACTCTGGATCCGGAGTTATTCTTGTCTGGAGCTTCATATAAACAGAATCGCGTTAGCTGCGCGATACGTACCCACGCTCAAAAAAGACCGACCTCTCTTGAAATAGTCACCTGCAAGCTGAACAGACCCTCCTGTTCTCAGATTAGCTTTTAGGCGAGCAGGGTTGGAGATTCCTAGTAGGACTGGGATTTAATTAAATGGAGGATAGCTGCTGGTGTATTGTCGCAGTCGCAGGTCCCTTTGGAAAAGGCACCGCCGTGTACACACCGCTGGGTAGAACGCGACCAATCAGGTGCCACGTGGGTGAGACATTGCCTCCCACGTTGAGCTACAAGACAATCAAGTGGAGAGGGC,1303,51.27,Arabidopsis thaliana
SEQ_111406,ACTGGAATAGAGTGTGCGAAGTAAGCTAAGTCCTCTAGCTGCGTAAATAATCTCAACTCTCCCACAAAGCGTATGTTGCATGGTGCACCTCGCCCCTTGGAAGTACGCCATCGGAGTCATTTAATCTCAGCGGCACTGGTCAGACTCCCGGAGATTCGAACCTATTCTTACGGAGTTAGAGTTAATATTGAAGGATCCGATCTTCTAAGCGCGCGCAGAAAAATGCATTAATCAAAATGGGTGCCCACTCAGATGTCCAGAATCCATAACCCCTTCTAGGTTTGTGCTTAAGGTGGAGTTAGGGGCCAAAAGTTTCGAACGTTCCTAACTCCCCAGTCCGCGGCCTCACGGTCCGAACTCCGCACTACACATAATTCCTTCCGACTTACCAGTCCAACTGGTGTTTTGTTGAGCCGACCCTTTATTACGCAGAGCGAAATTGTCTCGAAGCTGGTGGCGTTCTTGACCGATAGTCAAACGATGAAGCCAGATCGCTGACTCAGCTTTGTCGGGTTGTCGTTTTTGACCTTTAGGCATAACGGACGAATGCCAGATCTCAGACGGAGTAGCCGCGAAAAGAACCTTGTTTTGGCCACTCGTTACCTCCCGGTGTGTCAGAAGGTAAAGATGCAAATACCCCCCTCTACATTCGTACGGCTACTTACGTTTAGGTCTACCCGAGTAGCGTGCTCTCCCCCGCAGTTGGGAAGTTATGGTGGTATATCATGCTTATATTGTTCTGGCGCTTTGCTGGTATCGTTGTAGAACACAAAGTGAGATGGACAATCAGGCTAAACGCACCTGAAATCGAATTCTGCACGCACGGTTGCCATGTAGTCCCGGAGTGACCATCTCGGGTTGGCCAGGATAACCCCAGGGCCTCACACCAAGGCCCAGTACTCTCATCATGAAATAGCACCACGCACAAACGCCGCCTAATGTGGCGAAAGGCTAGTGTTCGCCTCGTTCCACTGCGAGGAGAACGAGATTACGGAGTCAATAAACGTTACACTAGGATCAAAAACATGGAGGCGAACCCACCATCTCTTACATAGTAAGCGGGAGGATGGGTGGCCTCGTACAGGGGATATTTAGCCTTTTTGTACTACCTGGTATCCAGAGGTTTCTCCGACGTGGGTCGTCTATCTAAATAACACGGTACGTCACATAGTGGCTCATGTCTGCGCCGTGCTTCCGATCTCACTCTCGGGGGAAGCGAATCAGAAGCGCGGAGGAGGGCGTTGGTCACCTATCTTAACAGGCTTTCACTATCTGGCTTTAGCGCGATGCTAAAGTCCGCTGTAGCAGTCACGCCTAACGTAACGTCGATAAACGGGTGCACCTACAAGGAAGTGAAACTCGCTAAAGGCCGTCATTGTAAACTTTAGGTCACCTCCTAAAGGGACGACGGACTTCACTTTACTTGTCACATCGCGTTTTCCCGGTCGGCAGCGCCGAACCTAACCCCTGGGTTTCGTTCCATTCCCGTTATGTACAGCAGAGCACTTACACTCTTAGGAAGGGCCTTGCTTTTGTTCAGGGCCCGATCAGATGTACCCTGTGGTCGTTAGTTAAAAGCCATTATTAACGAGCAGTCTATTCGTGGGGTCTCTGGTAGGTGTACTGGGATCCATTTCCGTACGCAGTTAATTTGCAGGGGGATGTTAGTCATGTTTTTAACTGATACTATATGGATCAAGCAAG,1704,49.77,Mus musculus
SEQ_395383,GCCGGAGAACTATACCCAGTCACGGAATGCGAAACCGTACCTCCCCTCGGACGGCTTTCTCTGGATTTACTTCTATCGCAGAGCGGGATGACCGCACTCGCTTTTACTCTTTTCTCAACGCTCGTCGCGTCCAGGACGTAATAGCCCTTGTAAGACAGAGACTGCTATGTGAGACATAATCTTTTAACTACTGCTTAGGTAGAGGTCTCACCGAAACGAACCCTCGCGTCGCCCTCTGTCGTTATGAACCCCGAAATGGTGTCTTATAAAATGACTCTTGTAAAATATTGCGTGTACGCATAGTTGGGGTTGCTCTCGCTTGTTTTTTTCAGGCATTTGCTTACTAACCGATCCTGAGCCTACGCATTTCGCTGCAGTAAGGTGTTTTTTAAAGTTCTGGAGTTCCGGGTAGTTCGGTTCCCGCGGACGAAAACTCTATAAATAGCAACACACCCACAAACGGACCGTTAACGTCCTCGGGGTAGCAGATTGGTAGCACTTCCTATCTAGTAGGTCGAGGTTATGATACAAGAGGTCCACCGGGTGCAGATCGAGGCTGTATCCAGCATAAAAATAGTTAAGTCCGTGTGCATAAGAGATCCCGCTTATGGAACGCTGGAGAAATCTAATTTAACGCCTGTCGGCCGTTATTCCCGGATACGCGGCGTAAATGTGACACACATGACAAGAGGTAGGTGGTTCATATTATTGCACGGACGTGTTCAGCTGTCGGGACTATGTTCGCGGCAGCCAGTTCGTCATGCTTATACAATACAATTGCGGTCCTTCGTAAACTGCTCCACGGTTATCGTAGATACCAGGCAATGTACATCTGGAATCGGCTTGCAACCC,852,48.47,Escherichia coli
SEQ_717335,TGCCGACACGGTTGCTGAAGGAATAACATCCTGAACCCTGATCAGTAGGAAAAAACGATCATGAGATGCACGCTCGAAATGGTTGGTTGGCTTTTCGTATGAACAAGGTCGATCTAGGTCGAGGAATATATGCTCCAGATCACCGAGACGTTCGCTGTTTTGCCGCACGGGTACGAGTTGGCGCGTGACGGTAAGAGAAGAAGCTCCGTATTGGACGGAGCGTTGCAGCGTCCTCCATAGGAGCGCTCTGTTCCGTTTGAGACTCATAAGCGTCAGAAGTGTGAAAGCGTGGCCGAGTACGGAAGCAGGAACCGCCAATTGGATCATAAGAGTCGCAAGGTGTGAGCCCCAAATGGTAATAGTATGGGTTACAACACCCTCGGTCTGCCAGCAAATCAACGGCACACTTAAGACCCGGTCACGGTCCATAGCGAGGTGCGAAGAGAAATTCTGCTGATTTTTATGGGCAGAGCCAACGTCGCGTACATAGCGCACAGTTCGCCATCGGCTTCTTTTGGTACAATCGATTAGATTAACTAGCAAATTAATTTCTTCATAAATCTAACTCTACACACTTCATCGGGACTAACGATCGTCCTTAGTCGTCTCGGTAGAAGCCCATCCATTGGAGAAGTAGCAAGGCTAAATTGGTGCCAGGTAACGAACGTGAGTTCCCCGGCGGACTCCTAGTAGCAACGGGATACACTTTTCGTCGTGCACAGGCCCTGATGTAATCCCTCTCTTTTTCGGACTGCTTCTCGAATTGAGGGGGTAACTTCAGAAAATATCGATAACGATAACAATCATTTTTCCAATACATGTTGTCACAGTGCCGTAATACAGGACTAGAGATGATCAAGACAAGCAGGCGCGGCTGAGCTTAAAGTACCATGCGGAG,898,48.78,Caenorhabditis elegans
SEQ_412373,CTGACGTTTCTGTTCCACAAAGGCAGACTGACCGGCGTTTGGGTTCATATATCCCTTCATCCCTGTAATCTGAACTTGCCGCACATTGGAAGTCCCTTACGGTCCGAATTCAGCACCGGACGATGTTGGGAACGTGCGGACGCACCGATTATCTGTGCGTCTGTTACTCCTCGCAATCGACATTGACCTGGGCACCCCCCAAGATGAGTAAATAGGTCGCGCGGGGCAAGCAGCAGGATTTATTAGTGCAGTCACTGTGGGATATCTTGTCCTAATCACAACCGAAGTTACTAGGTGCGGACCGTGCTTGAATATAGCTCTTTAGCCTGTCTAAGACGCGGTCCTCAACTAACGGAATCAGAAACGTAGTAGAATATGTGTGAAAGTATTGGGCCTTCGCCTCTTGTGCTGACCGTGTCACGCGCCGTTACTACGGCTGCCTGGGCCACTGGTACTCCTGTAACCTTTCTGAAAAGTTGTTACACTTTTTTGTCGTATCGGTTAAAAAGAGACACGATATATTGTGCGCTTTGTCCCTCCCAGGAATGATTAGCCGAAACTTGATCAATGAACTCCCATGGCCAGACACGATAACTTGTAGGGTACAACGATAGTCTGTTACCAATTCGTCCGCTCCTCAGCGACTCTAGAATACCTTAAAAGCCGATACTATAAAAGATGCGAACCTAGGTTCAAACAAAGATGGGTGTGTAAGCGAGCGGAAAATGGGTGTGCCGCATGGAACATAATCATGTTCACAGCATACGTAAGTGGTGTATTCATACGATACGAATCGGTTCGGGTCACTGTATACCAATCGCGTTGCTAGATACAGGTCACCCTGCGAGAGTCCAGTCCGTGATCTCCGCATGAGTACAGGTCATCCTTCCCAGCTGGAATCTACGGTCGGCACCGTTTCTTTTAAAGTAAAGGGCACTCGCGGTTACATGTCTCTCACCACACAGGGCGTACTCAAGCGAGTCAAACCAAATTGTGCACGGACAGATATTGTCTCAAAGCTACCGAATATACCTTTGCAACCTAATTAACAATACAAGCAGGCATGGCATCCTGGAAACGAACAACGCGTCATCAACCCAGATTAGGTCACGCCAATTGATCTACATACCAGAAAGAAGTGATTAGCACTTGGCGCTCGAGCGAAGATCACTACCAGAGCAGTGGGCTATGACCTCCCTTTCGTGCGGGCACTCGACAGATAGAACCGGGAAAAAGCGGTCCAGTCTGTTACGCTACACTTCCGTGGTCGCGGGTCAGAGACGTCTGCAGTAACAGATGAGAGGGACCGCCAACGGGACCCCTGCGCACGATAGATTCGGGGAACTCGATCTTAGTATGAGTGATGTTGCGCAAGCGATGAAGACGGAACCCGCACTAACAGCGAAGTTTTCACCTTCGTTGACACGGAGCCTGTCCCAAAAGTATAACTATGCCTATATCGGCTCCCGCGAACGGAGATGAAAATAGGGACTACAAGTGGGGGTCGGAACGATTCCCAGGGTTCTACATTATGGTAACACGGCGTAAACTCTGGCGGGTATCCTCCTTTAGTGCCGGCGCCAGCTTGGGGATGCCGGCACTCTCCAGATCACGTGCACGGGGCTCGTAACATTGATGTTCTACGTGTAGTCTGGAGGATCTCTAGGCGTCGTATGCACAACAATGAACAAATCAGAGGCTTCCATATGGGGGATAGATTTTGTTTTACTACGTACGCGGTTCATAGCGGAACAGACAGTAGTTTTGTGCAATCCATGCGATCGTTCTCGCTGGAGTAACCCTATAAGTTACCCAGAGCTGTAATGTCTATTCAGCTGGGT,1841,49.65,Escherichia coli
SEQ_893288,GGCTAGGCCAGGCCAAAGTTCCGAGATGGTGTCACTGTGTGCTTTCGCGACGGGTACCCCTCGTGTCGCTACAAAGAGGTCCCAGTCGTGGTAGAGACCATTCGATGGCAGACCCGGACGTTGGTCCGACGAGCGGTATTAGGCCATGATAGAAAGGAGTGCAATCCGAGGAGACTGGAGGCACGTCTTACGCCATACAGTAGGGCCGAAAACGGTTGATGCGGGACCTTCGAGAGTCAAGCTAAGGTTTAACCGAGACAATATATGAGGCAGGGAGGCCATTGAGGAAAGATTTTTCTCGTGTGCTCCAGGAGCAATTGTTTCCGTCTTGGCGCGAAGGTAACACTCAGAGCGCGCGAGAAATTGAGGTTGTGGTAGGTAAGACTAGATTAGTCAGCGATTTCGGTCCGACCCAACGGAATCGTGGCTCTGTTCTCTGGCTATACTTGAAGACGCGATGTAGGCCCATTCGTAGGTTTAGACTTGGATACTTCTGAGAGGCGCTTATTGACGCCCTTTCACAGCCAATAACGCCGTTTGCGCGACAGCACATCAGATGTGGCATGATAGCGACTCGAAGATGCGTCGATCGACCCCACAGAGAGAATCAAGCTCATGTAAGGTACCGTCAGGACTTTTACTTCACAAAATGCAAGACACTAGCATAGCCGAACAGTTTTCTGACCTGTACCTACTGACATCTGGGCGACCTTGATCAACGCCTTGATCATACACATGAGGAGCATCCAGACTCTCCAGTTTATGGCCAGTTAGCTTCGCGTCCACAGCCCATTGAGCCTTAGTCTTTGAAGGAGATATACCTAATCACCCCACCAAATAGCCCGGTACGCATTACTTTCGGCGAGCTCCATGGTACTCTGGGTCGGTGGTACGGCACGGGTACACTGCACAGTGCAACTAGACAGCTAGGAGGCGGGTGCTGCGTTTTATCTCCGGGCGGTGCTCGGCGATTCCTACCCTTTTGAAAAGGATCCGCGATAGTAGGAGCGTGTTAGCCTGGGGTTAAACGTCAATCGAAGTAACCGTTGAATAGCGGGTCCGACCCGTCTTTGCCCTGTGGAAAGACCACGCGCTGATTAGTGTCGTTGATGTGAGAATCGAGTGGATTACGCAACGGTTGTCGAGGTCTGTAAAATCCTATTTATCGGCATGGCGAGCTAAGCCTTAACCTCCGGGGTTGTTCTCCCAAAGCACTTTATTCTACCCAGGCAAGAACACACAAGGGATCCTCACCATAGCGTCCAGTTCGCCTACCACTAACCCGCCCTGCGGCTTTGCCGTCAGCGGTAAGTTACGGCCGGAGTCACCCTGCTGCTACGTCAGTAAGATGTGTCGCACCGTTACTTCGACATCTTAAACTGAGCCGAATATCGTATACGAGAGCAACGCTTGAGACCATCACCATCGCTCAGTGGTTAGACACTGACGTTGACAGAGATCTAACGCATAAACGGCCAACTTCTCGGGATGGCAGACTGGTCCAGATATTGTTGGTCTTTTGGATAATTCGCGTTAGATAAGCCCGATCTTCACAATGTTTAGTGACCATTCGATCGCGATGCTCATCACTTTTAAGGATTCCGCCGCGTGACGTCACTACGGCGGCTAAGGTGGACCCTTCTTGCCGGCGTTGAGGAAAATTCTTCATAATGCGACCTATCGAGGAGGGAACACACACATCAGAAAGTCATGAATGCTAAACGATTTTATTTCCCAACATTTCCGGGCTAATGAGGTGGTCAAGTCGTAAGTTAAACCGGAGTTGAACGCTAATCGCTGAGAACGACCCGAATATCTTGATTATGTGCTTAGTAATGTCTTTTC,1845,50.84,Mus musculus
SEQ_400785,TTGGTTGTACCCTCCGCGGGGCGCGCCTATAGCACCCCGCCAGGCTACTACACAACTTGCTCGGGGAATCCGCTAGGGCCCTGAGCCATTAGGAAGTCTCGCAAATACAAACCTCCTACCAAGCCGTGAGACTCGGAGGTCCTATGCCGCTCTAATGCCCGGTGTAATCAAGCACTGGTGCCTATGCAGTGCTGTGGAGCTAATCGCGCGCGTCACATGGCTATGGCAATGGTAGAGTTATATTTGAGTGATTCTCTACCCATGATGTTCTTGCGGACCTGCTACAGGGACATGGATTACCCTTGTTGGCAACGTAAATCTTGCCTTATCATACTAATCATTTACTACGGTCATGTAAAGCATCCAATCGGACGTATGAGCGACGCTGGTGTGCTACCCCGACTGAACCAAGCAACGCTTGGGACGAAACTCTCGCCATAAGAGTAAACGGTAGGACCGCAATTTGACGGGTACCACGCGGAGTTCGTGGATGTAGCAAGCGAAGAGGATAACACGGTTTTACAAAACTCACCTCATATGCTGTACAAAAAGTCCGGTTCTATAGACGCTTGGTCGAAACATCTACGGGAATGGGCCTATGGGAGCGCGTGAATACCGACAAGCGGATAT,630,51.43,Caenorhabditis elegans
SEQ_928555,CCAGAAATATGCTAATAAACGAGCACGCCATTAGACCATTCGAGGCAGTGTTCCTTTTGTGGCATCGCCGTTATCGCTCACCGGGTGCATATCGGGCCAGAAAGCGATGCATCGCCGTCCACGGGTGTATCGTGCCCCTGAGATTCGAATGCCTAACTAGTATTTCAGTTACTTCGTTACGGCGCCCGATGAGGCCAGGAGGTAGAGGACGGGTTCGTCTGAGGATAGCACTCAGACCTGTGTCAACCAATCTTTTTTTAAAAGCTAGGTATTGTGAAAGACAAACCCTCAAACCTCACCGGAGGGTCCACTGCTTATTGCAGAGGTTTTATGCTTAGCAATTAAACCCATACAGCGGTTAAACAGGCTTTACGGTTACGGCGGAACTTTAGCATGCGTGCACTCGTAGAGGGAAAAAGGTAGTACTAAATTGTTCTTCTTGCCGGTTAGAAAGCTACCAATCTCTATTGCATCAAACCCACGAGGCCAGGGACTAAGGCGCCATATATTACTAACCCCATTGTGCTGTCCTTGGCCGCCGAGTTAGTAGTTAATGAAAGGATAAGTCTTAAAACCACGCCTGATAGAGGCGCCCCAGGTACGACGATTGTAGGATATCCTTGCGGGGCACGAATATCCTTAAGTCTATGAGTAGGCTGCTTGCATGACCGGATAACGAGTTGACAACGATGCAAAGCTGACGGCGGCTAGGGCTCACTTGAACAGTCGACCATGTGCGCTATGAGTAGGAGCGAGGGGGAGTTGTAGACTACAGGATCTGAGATCCATAAGTATTGATCTGGAGATTTGGACATGGGGCACGGGGGGGGCCATATAACGTGGTGGAGAGTCTGTGGCTGCTTTCCATTTTGATAACACTAGCCTACGTTTTTTATCCACGTGCAGATCGCCTAATAATATTGAAACGTATCGCCACTTCATTTCAAATGATAAGACGTCGTTCCCACCGCCGCACAGGGCAAATCACGTCAGAAAATTCACCATGTTACCCGAGGACTGCGTAGGAGCATCTATGGGCGTATGCCGGCCTCTTCCTCCGCTCATCGACGCAAGCTCTACTCAACTGTTGTCGGGACTCCAGTAGGGCCTCCCGAGTTGGCGATGGTGTTACGCAGCACTTGTCATTGGAAGCGCTGTGTGTCTCAGTCAGCTTTAAGTGGTGCGCGGGGAATGATCATAGGCCGCTCATGTGCCGCGTTGCTGAAACTTGGTACGAT,1238,50.16,Homo sapiens
SEQ_567705,CGTGGAGGTTACGGCACCTCGAATCAACACTCTAGATAGAGCATCTGCGTCTGATAGTCTTGCTTTTATCTAACATCCATATGGGCTAACCTGCGGCGAGTGACGGAGCTTCTAAAGACGGTTACGCTCAGATTCCCAAAGATCCAATGGTAGGTTTTCACGTCTTTTCGGCATTTCTCCGGTTCGCACGGTGCCCGCCAGTATAAGGCTTGGTGGAGGTTAGGTGAGAACGGCCAACTCATTGGTCGTTGGCGTGTTTCACTCCCCGGAGATGCCATCAAATCTTGTTAGTAGGTAAGCTTTCAAAGAAGGAAACCCAAACGCGGAGAGCATGCTGTCATACGCTTAGTAGAGTTACAGGTTAGCCCATGATGGCAAAGCACAAGAGACTAATTCATTCACGATCATCTGTGCACTTCCGAGGATTCTATTTCGCCTTAGTCTATAACTGTTATCTATAGGGACTTATACTCAACTCAATCCGAGGTAGATGCTGCATTTGTCAACGTACGGTTATAAGTCTCCTTTCCATTATCGCCGATAACCGTGGTGATCGCCGTGCACTTTTTGAAGGATCTATGCGACAATGAATGCTTAATAATCACTGCTCCTATGAATTGAGCGGTTTTGGACGTGCCATTATATTACCATCCCGCAGTAGCGTATGCTTAAAATAGTGCAGAGCCACCATTGGCTCATTGAGTTGTAGGGAGCTTGCATTGTCTACCCCAGCCTGTATCCGTGGCAACCGGGTATGAATGAGTAGAGGATGTAGTCGGAAAATGAATCCGGTATACAGCGAGGCTAATTTAGGCGACGGTAGGGAAAACCACAGTTAGGAATCGGTACTGTCGGCATCCTCGTTGGGAATGGGCGCTTCAATAGCTGATAGCGTACACGGATCAGGCTGTGCACAAGTTACGTCGCTGAACCGCGCTGGTTCCAATAAAGCCTATAAATCGCTCTAATTCGAAGTTGCACACCACATCTCCTTTAGCGTAGCCGGACTGGTCAATTAAAACTAAGGTCTCCGATGTACTTGGCAAGATGTCCCGTTTATGGGAAGGACGCTACTTCTGGACTGGGTAGGGTGAGGTGAGAACATTAACTGCACTACTAGAACGACCTCGTGGGTATGAGACATTCGGAGATAGACCCGAGCCTGGCTGCTTGACCTCCAACTGTATCTTAACAATCACGTTTCAC,1206,47.68,Arabidopsis thaliana
SEQ_401864,CCCTCGGGTCCCGTGCTAAGTGCGGAAGCGGTATGGGTCATTCCAATGTTGTCATGATGCGAGATTGCTTCAAATTTTCAATCTATCATTGGGGACCGCTCTTAAGTACCTGCATCCCCCGACGTCACATTTGCTGTACTGTTATTAAATTCGGCCCTAGTTCCAGGACTCTATATAACATACCTTTACTCAGGAATCGCCTGCTGCGGGACGGATGTCCTCATCAGCTAAATAGAATTTTACTATGTGAGTATCGGATTATGTCGAATTATCCGCATTCGGGATACGGAGGCGCGCTCGCCTCGGCGTGGCTTGGAAGGATGCCTCGGACCCCAACGAAGGTCAGTGTCTGCTCGCGCCCTAAGAGGCCATTCTTGGGAAGGCGCTTCTGGCCAATGATCTCTCGCCTCAAACTACCTACTATATCTCTGAGCTAGGGGGTCTCTCGGAATTGATCAGCACTCCAAGCTCCGTGAAACAAGACGTACTCCTATGGAGCTGAATGAGAAGTGTTACAAAAGTACAAATGCCGCTGCTCCTTAAGCAACGTATCTTAAAATACCTACGCGTTAGCGTCTTCGTATCCGTATCGTTATGCTAGCTTGGAGTGCTTTTATCGAGTACAAGATCGCTCGACAATGAGAATGTCTTGTCGGACTTACTCCCACATCCAAGACGGTCGGCGGCACACTTGTTCATTCAGAAATATGTCCGGCATTTCCCTATTTGTGTAGCCAAACCCCATTGATGCTCGGCACGCAAATGACTTTTTCCTGCCATTCCACTAAGCTGTTCGATCAGCTTGGGATGGAGGCACTTGATTCTTTTATGAGCAGCGCGAATTGGCATAAAAATCCAACCCACACGTCAGGATTCACACGATTGCTTAGGAGCCAGTGGGAGCTGGATGGAAAGGCGGTTAGTAAAATTTCCGGACTGCCTAGGCTTCCTCCTCGCATAATTGCGATGGTATGGTTTTAGACCGCACTTCGAGAGCACGTCACCCTTGCACGGGCACGCTGGGGAATTAGTCCGATCTGAACACGCCTAGGTTTTTTTGTTGGTGGCCTAAAACGTTCTAAAGCGGGCAGATGACGCCGCGGATGGACATTCGCAGTCGAGTCCACTGTGCACAATGTACGTGTAGTTTTCGGATTTGGCCAACTTATCATAAGACTCGGCCTTTGCTAAACATTCGCGGGTAATGCCACTGATAGGTAACAATTCTACATCTTGAATCTTAGGACTGGACAACCACCCGGTGTGCATGCAACGGCGCCCAGACCGTGGTCGACTCAGGTCGATCACTGTTGCGAGTACTCACAGGCTGAACACTGTGCTCTACGCGGATGGCCTCCTGCCTCTATGGTGATTCGGTAACTCTCCTAGGTGAGTCTGACCTAACGATGCGTTAGATGTTGCCGTTAACGCAACCACGTAGGTAGCCTTCCGAGCCCATCCTCATGGGACGCGCGCGTCGACTCCGGCTACGAGCGGCGGCTTAAATGCGGCACGTCCACTGGATGAACGCCGGTCCCGCAGCTCATCGAACTTGCTAAAGCAGAACACGGTCTACTAAGCTACAC,1586,50.88,Drosophila melanogaster
SEQ_307295,CTCTGTCCCTACACGATCCAACTACTCCCAGGTGTGAAAGGGGGCTTTTTCTGTGCTCCTGTAGACCTACCGCGTTAGTCTCAGTTAGCTTAGCTGTGAAATGGACTTACCCACACGGGCAGAAACCGAAGCTTTCAGAGCGAATGCTCGCCTACTTAGGCTTAGGTTCACTGCTTTACCCCAGGAGACTTGGTGAGAGACTGCATATCACACCCAGATCTGTAGGTTGCCGGGAAGCCCATTTGCGTCCACCAATCATCTCTTAGCCCTTGGTGAGGTCGGGGCGGGATCCAAAGCGTTCCTACTCTGGGAAACTGCTAATTGCGGCCTGATTTTCAGTCAATCTTGCCGAAGAACGCGTTTCATAACCATTTGGGAGTTCCACTTAGAAATTTCCCACATGCCATTCATTTGTAGACCTACAATTTGAGTTGCTATGAACGTCATGGGCTCCTGTGATACTAGCACCATGAAGTATAGCCGTAGGCACCGTCAAGAGTCTTACACCTGGCGTCCGGTCGATAAGTTCCCTCAGGTCGTTGACGCCATACTTCATCAATCCATCATCTCGAGAGCGCGCACCATAACCCAGCAATAGAGCTTGTCATAAATATTTATCATCGTTGGAGGCATGATGTCGTCGGGAAGTTGTTATTCAAGCCCGTAACCTATATGACAGTTTTGACGTTTTCTCAAGTAGCAGCGACGAAACAGTGTCATTGTTCTATGGCCTGGACCCTGAGCCAGATGTACTACCGTTCCGAATTCCCCCTCATACCGAACCCGGAGCTGTTCGCGCGTAATTAATACCAGCAAGGCCGTCGGCGACATTTTAAGGTGGAAAGCCGCATTGTGCCCAGTGGGCACCTAAGCAGGTGCGTTATGGCGAGCATCGCAACATCGAAGGTAGAACTCAGACGTATACGGATAAGGACTCGCTAGCTGGCCAATATGCTAGGCATTATCTGTACCATTCCTGTTCGGGGTGGATCTCACCGAAGCCCAGTTCCCACCAGAGTACGATTAGGGATGGGGGTAGAGCAAACGGGGTTACGTGGGCACTGCGTTTTAATTCCTCTGGAAAGGGGCATTACGCGTTTACGATTGAAACGT,1113,50.22,Homo sapiens
SEQ_600259,AACACTTTGAGCGCCGGGAGAATTGGTTGTCTCTTTCGTCGCTCCGGTACACTACTTTGTTAGCCGAAAGCCCGTACGGCTAAATCTTCTTGTATGCGCTACTGTGAGTAAGCGCTTTCCGGGTCCGCAAGGGAATGCTAAGACTGTTGTTAGGAGCTGTGCAATGCGGAGATAACCGACACTAAGTTGGGTTGAATGTTGCACCGCGATTACCTAGTCTCCGGGGTTGATCGTAGTTCCTTCACGAGCGGGGCGCGCCGGATATCGCGGACTGGTAGTATACTGAACTTTGAAATAAAAAGTGTACTACTACAATCGTGTCTCCCGTATCATCTTCTCGTGGTCCTCGAAAATATTACCTGTTGACCAGTAGGTGTGAGTCCGCAGGCGCGAAAATAGAATAGAGCGACCCTCCCTGTGGCAGGTTGTAGTGTATACAGAACAGCAACCTCTTGATATCCAAGATTACACTGGGTCTTGCGCGTCTTTAAGATGACGCGGACTCCCCCTGCCCATGGTGTCGTGAAAATGTTAAGGTGGTCCTGCCCTCCGGTGCTATCCGAGTTGCCCAGTTCCGCCGAGGAACCGCATGGAATAATCCAGGCCACTGGTCCACCTGTGGGCTCGCGTGCAGGGTTTCGCGTCCTCCAACCTGTAACATTTCAGCACGTAATGTGACACTGGAGATCTGCGAATACGCGAAGTCGCTGCTACGGCGACTCCATTGATTTCGCCAAGGACGTGGAAAGATTTGTTAAACAATCCGGCCGGAGCTACCCCACAACCTTGGACTTGTTCAGATTCCACCCCAGTCTCTGCGGTGATACAATACACTACAAGTTACGTTGCCGTGACTCATCGCCTCTAGTCTAAGAACCTCACGCCCTTCGTGAGCTAACTTGCTTTTCATTAAGTTCCGTGTGAGCTAGGATTCTCTACCAGCGAATGCGAAATCCGCAGGGAAGCAGGAGGAACGCGCGAGTTGTCGACGACTGTTGTGGGGGATAACGGAGAGCACGAACGATTGTTGCACAAGATGATATAGCCAGAGAAGTCAGCCATTATGCCCAGCTAATAGCTGTCGCCT,1087,51.52,Arabidopsis thaliana
SEQ_463358,CTCTGATAAGACGGCGTGATACCCCCAGGCAACTGCGATTTGGAAGCTGTGACAGCGATTCGTCATCCACACAACTACCGCTAGTCGTGTGCATGGCGGCATCATCTGCCCCAGCAACGAATGGTCTAATAAAAACTCTCTCTGTGCCGTGTTCTGTGATGCTTGCGTTTACACTGCATGGGCCATGGGGGTTACTGGGGTAGATCGTCTTTGACTCTATTACATGCCCGCACTCACATCACATTCCAGTATCGGGGGTAGGTTTGAACTATTCCCCCGCATACAATTTAATCACGGCAAAAGTCCATCGCCCATCCACCTTCTTAGGGATCGGCATCATACCCGCCCGTAGACCTTGACGCGATATATTGGCCGTCCTAAGACGTATAGAGCGGGTTCAAGACTCGTTGTTCCCATTTCGTCGGGCGATCTTGCGAAGACTACTTATTCCAGAGGGCCAACTTCCACGCACCGAAGAGTTTAGACCCCTACAAACGTCAAAAGTTAAGGCTGGATAAGTTGAATGAAAACTGAGGTAAGATGGGGGTGTAATTACGCCTACGGGTAATCACCGTGTTCTTAAACAGATTTCAGGCCCAAACGCCTCGAACTGCAGTTTATGAGCACGATACTTCACAATTCGTCGCTACTTCAGGATGCATACAAACGAGGCCTATTGGTGCCACGTCGTGTATTCCTTAAGTGCGCACGAGGCTATGGCTACTCTCGTTGTTGATTACCGCTAACTTGTTCTGTCCGCTGCCAGTCCTAGGCACCGAGGAACATGGTGATGGGGCCCGCTGCTCCATGTCAGACCCCCCGGGGCTAGAGCTAATGATAGGATCTTTAGTCCAGCTAT,859,50.64,Caenorhabditis elegans
SEQ_888013,CATCGGTCCAAAGATTATTGAGCAGTGGAGCGGAATGACCGGGTAATTAGAGTTTCGTTGCGTAGGATAAGCAACGTCTGTTGTGAATCCCGAGGTTAGGGGGCAAGACGTTAATGTAACTTCGTTGATGTTTGTGTATGGGTGGACCGAGGAAAGCGAGGAAGTAATAGCTCTGGTCGTCGGCCCCAACCGATGATTAGGTTGGTTGAATTCCACTTATCCGAAGTTCCCTTGTTTATGTTACATCTTGAAATGCAACGATACACCTGGAATCGGCCACAACGCTCACCCAGAAGCCGCGGAGGAGACACCCTCGCAAGTGGGCATGGTTAGACTAAGATTTTTACGTCTCTCGCCCCCTATGCTCAATACCCCACTTCAAAGATTTATGTCGGACGCAATTGGGGTGAGTCGAGACGGTTGCGGTTAAGTGTACAGCGAAGGTAAGGGGCCTAATCTCATCGATTAGAAAACGAATAGTATACTTTCGTCCAAACCACGCCGGTACGGTAGCATATGACACGGAGTCTGGGCGGTTAGTCTGTGCATCTTAGGCTAACGCCGAATCGGACCAGCGAATGGTACGTGAGTTAGTGAAAATAGTGGTGACGCACCATATTTGATGTACAACTTTGCCATTGATTGCATGACCGACGGGGACCTATATTGGAGACATGGTTTACCAAACGGTACCCTCTCGTTCATTTCATTAAAGGGTAACTACATATTCTTGCCCCGTCAGCTTTAAATGAACGGAATAGAGCAGGCACTTTGTGTAACCGGGCCGGTCGGCGGGAAAACTGGCCGATGCTGCTACACGGCTAACCGTGATATATCGGTGATCTTGCCATGCGTGAGACTACTCACTAACGGCATGAATTATATCGCTCCTGATATCAGAGCGCCCGGCAGCTTACGGCGGCAAGAGGGAAGTAACCGAACTAGTCGCCGCCTTACCCATGAGTTATCAAGTGATGAGTTACCGGCGACCCGTTCATAGTCTGGTCAGAGCCTCAAAGCAAGGTCGGAATTATCGAAATAGCTGCGTAGGGGGGGACATACGCTACCGGTGCGAGGAGGAACGGCTTGTCGTAGCCAGACTTAAGGATATCCACGGCGTGACTTATGCCCCCCATCGCCGGATTGGATCCTATTGCGATGACAATTCGGGGGATCTTTTTGTCCGTATCCCCCTGTTCAGCACGGGTGGGGGAGTCATAAAAGTTGGTAAACATGGAAGGAACCGTAGGCTAGTTTCGTCCTCATCGCCCCCCCCAGGACGAAGCGACGACCTATTAAGTGTGGAATCCTCGGACAAAATCCCGAACCATCGGACGGTCACTTAGGTTTTGCTCCCTCTACGGAAGAGATTGATGGATATAGCGCCCCCCACATGCGTATGGACCCCAGTACCGCTTGTAAGCACATTTGGGACAAGACTTTCCATTACGGGATAATGACCAATAGTAGTTCCTGTGCTCCCGCCCATCAGTCAAAGCATACTGTGCTATTGTGTCGTCGTAAGCAGATTACCGCCAGGTGTGTAAGCTCTACGATACACCACCCCAGAATACCGCTCCCACCTAAAAAGTGCATACAAACTCTTTGATAGTCGTGAAAATACGCGATTCAAGCCCGGGCTCATTGACTCAATT,1655,50.09,Saccharomyces cerevisiae
SEQ_282868,CAAGGATCTTTAGTATCAGTACGGCAACGGGGGAGAACTGTGTGCATATACAGTTTCCTAAGCACTACGGAAAGCCAGCTACTCGATATACTTAGGATAACTTGTACCACAGGAATGGCAAGGTTGACCGCCAATTGGAATCTAGGCACATGCGATTCTTCGCCTACCACATGTGCCGTACTGTACAACTCGGAAAACAGATTGTGGCAAAGTCGCCTCATCGTATTTGAAGGGCCTTCTAATTGGCTAGGACAAGTGCCTCTGGGCACAAGATCCGAGCTCTTCTAGACACCCTAAAGCTAAGTTAACGCATCAGGTTGAACAATAGTCGAAAGCTGTGTGTTCGTCTGGACGGCTACCCAGACCTCCCAAAAGATTGCAGCGTACACCCGAATCTCTCCTACACGGCGACCTAACCCGATGACTTGTTAGAACGACAGCTAGTGCAAAGCCGATAACTTGCTCCGAAATGCCCTTTGTAGATACAGTTACCGATTTTTCACTGGTATCCTCTGCTTTTGGGGAACGAAGCGTTCATGCATGCAGGCGTGACAACAGTGATTACATCTAACGTATCATATTGAATGAATGAACTCGATATATAGTAGGATAAGAGTCGTGCACACTGCTCAGTCAGATACCTCCTGGAATCCTTCTGGGGCTACTATGACAGGCGATCAACTGGATTGCCAGTCCACACGGTTGCATACTATTAAGTTAGCGGGGTTGCAGGACAACAACTACCCCCGCGGGCCGAAATTGGGAGGCGGCCGCCGTTGCGACCTATGCCCCAAGATGCTTTTATAGCTAACCCGCCACCTGCCGCTTATATCTCTTTGTTCCGTTTGATCGGCGCTACCCGAAAGCATCGGGAATACTAACGGCATCTTTCTGCCAGACTACTGCCCCGGCTTACGCACACTTAGGTTGTTAGGAGATGTAGCTCATCCTATCTACAGCACCCGGAGAAGCTATCGACTTATAACGATCCATACGACGATTCAAACAGGAGAGGTGATTGCTCGCCCCTGAGGCTCTTACAAGAAAGCAGCACCTGCGGTAGCTAAGCCGCAGGGTCATGTTGTGGATCGAGATGTCCTTCATGTCAACACAGCGTGCACTGTTGCTTTGTAGGCAGTAACGTTATGGGCTTCTAAATGTCTCGCTTAAGCTTCGTTCTGAGCGCGCCTAGGCTTACATCGAGATAATTAATTGCCGCGCAGTGTAATGCATACTATTCTAATCCGATTGGGAATTTCTGCAACCAGGGTGGGGATGGTACCCGCCGTGATTCCTGAATATGCCTCAAGCCTAAAAGCATGCCCTCCGTTTGCCCAGGACTTATTCCCTTACTTGTTCAAAGAAGCGAACGTTGATCTCCGAAGCGGCGATATCCCGGTTAGTGAGCGGCGGCCAGGACACTTAGGAAT,1430,49.44,Homo sapiens
SEQ_753180,CACATCTAGGTAGAATACTTGTATAGGGGTCGCAATCTGGCACGCGGCATACCCTTAGGGCCGGCATAGCTCAACACGAGATTGACCGCGGTTTCGCTATTCAAAACGTCGTCATATATTAGATTTGTTTGAAAAAAAACCCTGGCCGGACTGATCCTACCTAAGTCGGTGCACACCACAAGCTAGATGTACTCCCGGTCGACTGACCAATTAAAGACGAGGACTGGCAGGATCGAATCGTCCCGGGGGAACCATCAGCAAAGGTCAACGAGCTATCTGAATGATTTCTGGTGTGGGCACAGTGATATGTAGCCAGCTTACTAAGCGACTCCGGGAGAGTACAGGGGAGAATGCTCTACCTAGGAGTTTAACACATTCCTTGCAGTCGAGAAACTCGCTCAAGAGCAATCGCCTTAGATTGTCAAGCAAGTAGTGTGTGCATGGTTTGTGCGGGCGTGCGGCCAGCTGTAGGGTGGGGATTGAAAGCGTGGTAGGGGGGCGAACATCGCCTTTCGTCAGCCGACCTATCCTGAATACTGCTTCACGAATAATCTATGCTCTTCGCGGTTTACCCTTAATGTCCGGCAAGGAACAGTCTCGCCCTCCCTAATACCAATATCCCCTGAGTCTGCTTAGGCCCTGAGCACCCCTAGGATTCGTATCGTGTCTTCTAATAAAACTCGG,684,50.73,Escherichia coli
SEQ_736699,TCGCATATTGGGCGGGGGGGTAGGCTCCGATCGTGTTAACGGCAGTGCTAGTACCCCGGGCCGAGTACAGATTAGCGTCGATGCTGTAGCTGAAGGGCTCCACTAGTGGGCATCAGCCTTCTTTCAGGGCTAGGCAGTTATCCAGTACTACCTCCTGTTCCATTACAGCTGTATCCCCTTGTGCAAGCGTAGGTTGTGATCTTCGTGCTCTATGGCTCTCCCCAGACAACAGTATTAAATCTTCGGTGTGACGGCTGATAACGATGATCGTGCCGGACCAGTCGAGAGACAACGATTAATCGCACGAGTAATCATGTTTTGCAGTGGACGGAAATATTTCGGAGCAATGGTCGATTAATGACAGCTTGGCCCTTGACTAAGGGTAAACTTCGAGAATCCACTTCAGGTCCCCCATCGAAATCGGTTAAGTGGGTGTAAAGGATCGTGTGTGAACCTGTAAACGTCGTTCGTGTTTCCTTGTCGGGCCCGGCAATTAATTGTTGTGGGTTGTCATTAATGCCCCTTAGGTCTATATCCGAATGACCTGTCTAGAGACATTCGTAAACACGACAGTTTCAGAAACGCACAAAGAGTCTCATGGATTAGCGTTGGCACTACTGAGATAAAACTACAAACAGAATTGCGATGATCCGCTCATGCACTATGATCATTAAAATCCGTGTGACCGCATACACTGCCATTGCGTTTTGGCCGGTGAGGTTGCCCTAATTAAGACTTGGTTACATACGTACCTGTCACCGCCCCGATCAATACAGCCATCGCCCTTAGTAATCGTAGGACCTTTTTAGGGGGAGGTAGGACCCTAACACAGCGTAAAGCTTAGCATAACAAGCTAAGATCCTCTCGAGGCGTAGTACATGGGCAGTCCTTCGTCTCCCGTTCGCAACTCAAGTTTGTGCACTAGATTTGCGCGGACTTTGCGGCGCCTTAACTCTGGTATCAGAGCGCTACTCCACGGCAGAGTGTATCTCATATATTGTGGTGTCACGCGTTAGGCAGATAAAATCTCCCATGATAGTTCTACAGTGTATAATAAACGCCCTAGTCGCCTAAAATGATGCAGGTGTCCCTTTAGGCCTTCCCGAGTTAGCCTTCAGTTCTGTCCTCGGATACTTGCTTTATATGAGGCAGCTGTTCAGCCTGCACGCCTTTCTTGTGGGATTGTTGTGAGATAGCTTACCTCGAAGTAGGCTATGGGCTTACACAAAAAAGTATTCGTTTTTCTTATTGTAAACAGTTAAGCTCATAAACCTCTAGGATGGCCGCCGCCCGGACCCCCTTGGGGCCAAAACACTGATCTTATAGAGAGCACCATCTCCTGAGATCTGGAGTGTCGGTTCCGCTGACACCTTCGACCGCCTTAGGCGACGACAGATTCCACGCTGCCCGTCAATGATCCGAACTCACTATCTTTCTGAACGATGTCGCAAACGTTAGTTAACCTTGTGTG,1471,48.81,Drosophila melanogaster
SEQ_312169,GAGTGAGCAGAAGAGGGTTCTTCTAGTCGCCCTAGTTCAGGAAGCACCGAGTTGTCAATTTCCTTTATAGTAACATTTCGCGCGCTCAATCGTCTGGTCGTCAGCGGCCATGCCAGTAATCATTTCGTGAGGGCGGGTTACGGTCGGCGGACAGTTGCACTTCGGTGTCGCATCATCGTTCGCTATATATTTACTAGCGCCATTAGCTCCACTATCGTTGTCTTTAACGAGAAAGGCATGTTGGGATTGACCAGCGTATTATCTTATATCGTGTTTACCAATTACATGATGCGAATCGGAGTTTGGATTGATGGACTCTATTCCTGGGCACCGAACATGTCCACTCTCCCGTCATCGATGTCAGATTTTACACCAAAAAACCCCTTTGCAACAACCGTTTAGCCCGGTGTGCTCTGTGCACAGCTGCCTAGCCGCGAGCTTTAATTAGGTGAGTCGTCCCTTATCGTATGCGGCGGCACGGTGCCGGTATTGCCTCACAAAGGTCAGCCTGCTCGCTTATTCTAAAAAGGCAAACCGTTCAGAGTTGGTTAGTCCGATCGCGTCTTTGTTCTGGCAATGCTCCGTTCTATGTAATCCCTGCATGCCCGCCACTTGTGGACGAATTATTCCTTCCCCGCTGGGTAGGGGCAATATCATAAGATATGAACCTCGGCGATTTATGTTGAAGGATAGTCACACATGGAGACCGAAATTGTTCGTATCGTAAGATTTTAATGGTTGCCAGATCCAACGTTTACTGCGTCCTTTATCCTTGCCTTTGTTCATCGGAATGGCATGGACCACTTGATTATGGGACTTGATGCATTAATCCTCGGCGGGTGTGGGTGTATTCCATGGCTTCCGACGACTCCTCACACATCTCCAGCGTGTCCATACGCGGTCGTCCTGGCCATAGAGACTATACGCTCGGTTATACGCCGATCACAGAGGCCGCACAGATAAAATGCTGGCTTTGATACAGTATTCCAAACCAACTCCTGATAAAGCGGCAAATCCGTGTGAGTCCTGTCGTACGAGGCTTCCGAACGCTACGCCATGGCAGGCAGACATTGTGTTATCATTCTGGTCTAGAAATGTAGCCATTCTCCCAGGCAAACGCACTCAGTTCGCCGGGTAAAATCAGCAATCCGGATAGGGGAAGTCCCTAAGACTTCCGATGTCCGATCGAATACCATCAGGATG,1203,49.38,Escherichia coli
SEQ_898632,CAGACGCATCTGGAACTGTGTGTTTGGATTATTCTTCCCCGTCCCTAAAGCTATTTAACCATGGATAAGCAGGACTGATCCAAGGGCTACTTACGACCCGGTAGATCACCTATTGTTGGAGGGCAAGGACACCCGGGTTAAATCGTCGATATATTAGAATGTTGTTTTTTAGGGGGCAGTTCTGACGAGTCAGACGGCCGCGACACTAAGTTGTTACTATGGTGAACTGTGACAGGCATTTTAAAAGGCAGGTAGTCGATAGTCCTACAGTTCGCCGCTCACCTTTGAGGCAAATTCACAAGTTTAGTTTCTTGCACTGGTATAGAGGCTACCAACGTTTCGTTTTAGTCGCAGTATGGCCCGAGGGCGCGTTGCACGATCTGAGTATTTGCTACGGGGCATTCACTATATTGATCATTTGACTATTTTACAACTGAGATCAGGCGCGACCACTCCGTGCGAATAGTAGGCACTTATGCGCCGAATACATTCGGGTGATGCGGATGTTTAGGGATGAAGACACTTGCCGTTACTTCCTAATCTCTTTGTGTCATTGGCGGGGCCGCTCAACGGCTTCGTACATTCTGAAATATGGCATGACTGTCAGGTGCCTGCTTTCGATCGCGCACCCATCTCTCCAAACTCCTTCTTGCCTAGAGGGTGGCTCGCCGTTCTATAGTCCGTTTGCGTTGCCCCTCCTGTATTGCCTTCTCCGTGATTAATTGCCGGATCCCTCTATTGCCTCGTAGGATTGGCCACGACGCGCTCGAGTGCTTAACGATGAACATTTCAGACCAATCTTACTAAGCCCCATCCTATATGTAACGCGAGAGACCTCGAGGATACTGGCATATATAGCAGGTATTTGTTGCTCGTAGACGTCTGTCGTTATAATTCACCCATATTCTATTACTCCGTTAGGATAGCAGTGTATTTACCGCATCTGTGCGCGAATTTTGACAATGTTCCAAGTTTCCGTTTGCCTATCATTGTAGCATTTATCTGCATGCTGGTGTAGATGACCACAAGTTCATTATATATAACACCACTGAAAAGTGCCCATAAGGAGGTCAATGGCTGTTCGGACGTGAATGGGTTACCTGTAACCATGAAACTCAACCGTTCAAGTGTCAACTCGCGTAATAGATCTTTTAGTCAGAGCACCGGGTTGTGCGCAAACAATAGATTCCACCGAGGAACATCCAGTAATCTCGGCGCGGAAGGGGTGGTGGTGCGGGACAGGTCATACAGGAGAGA,1257,47.65,Saccharomyces cerevisiae
SEQ_978501,TTAATCTCCCGATCAAGCTACCTCTAAATAAGATTACACGGTACTACACCGACAGTACAATCGACGTTTCAACTACCGACGGTAACTTGACGGTCCCGGCGCTAGAAAACTGCATTCATTTATGTAAACGAGATCGGACAGAAAATTGAGGTTAGGTCAATGTGATTGAAAAAGTAACTGACGAAAACGTGCCCCAAACTCCGGGGTGCCAGTAGGCTCGAATGTAATGGACTCGCCATGTAGTCACATGCAGACCCAGGACAATCCCTGTTTCTCTTTTGGACGCTAATATGTATGTGCATTCACTGTAGTGAGACTCTCATGGGGGCGCGCTTGATTGGAACATCCAAAAAGTCGTGCCTTGGGCACACGGATCCTTCGACTTCACAAAGATATCCCAGGCTCCGTCACCCCGGGGGTAGGCGCTTGCGGCAGATCATTAACCCTTATTCTAGAAGTTCACCGGATGCCTAACCAACGATAAGCTCCACGCCATTCCGGGCGAGGCCAGCCAACTGGCGCTAAACTTGTTCCGTCCCGCGGTGCAACGGACTCGACGTTTTCTCACAACTAAGATTTAAAAGCGAGGCTCACCCATGTTATCCGCAAAGATTCATTCTCGTGGATCCCTAGTGCACATACGTGGAGGAGGGATTGTACAGCGTTTTTGCTACCTATCTTGGACTCGGATTACGGACCTAGGCCACTAAGTTATGGGATTTTAGTGGAGCCTATGTTCTGGTGTACCTGACAAAACAAGCCCAGTCGGGTAAGTTCTTCGCACAACCTTCTGACGTGGAGCCACACAAACCGTTTCCACTAATCATTGGCAGTAATCTTCTAACTAGCATTCACCAGCCAGAAATCTAGCATTGTCCTAGATCTGGTAGTTCGGCACGTCTGAGTTGGTTAGGTTAGGGCAGACGAGTTGTCGACGCCTTATCCCTTGAGAAGTCAGATAGAAGCACCTCCATCCTAGGGCAGCCTCACGCCTTCCATACGAACGGAGTAGACATCTGGCCCGGATGGCTTGCACGCAATCTCGGCCATACCACGAGACTGCTCAGCATCTCATACACAGTGTCTATTCTGCAAGACGTATAGCAATACGTATCATACTCAACGTGCGACGCGTAGGGGTATATTCAACGACGATTTCCTTGCGACGTTAGCTCGCCAGTCATCTTCACATGGCAACTTGAGACTATGCGTACCATAATCGCTCTACTTTATTGCTTTATGACGGATCAATGTGCCAATTCTCAGGTGGGATCCACCGAACCACCTGTTGTGTCTCGAACCCACGTGAGATCGTTCAATGCCACAATGCACAGAAGACTGTTTATACATTTACTCTGATCACGCATATCTCTATCGTATTTCGCGTTGGAATCCTCCGCATGCAACTCCGCACTACGTTGCACAAACAGACTCGGCCAAGCGTCATGTTGCGGGTTGAGAAACTCTCAACAGTGGCGACCCTACTCCAGGTGCTACTTCCGTGCCCCTATCCGTTCAACCGATGTCTAACGTCGAAAAGAGAACCAAGAAAGGTAGAGCCTCATCCTAATGTTTTAAGCAATGCGTGCTCAGTCCAAGCGACCTATAAGACAGGCGCGTTACTGTAATGCGTGATAGACTTCCTCAGACGCTCACTTTTGGAATAGTGTTAAACCATTGGACTCACAAGGGCATCAGAGGACCCAAGTACCGGGCCTTACTCGGGAGTACCAGCAGATCAAATGTCAATAGCACATCCGATCCTCGAGGACGGGGCAAGCATAGCCATATCATACCCTTGGCTGCCTCTGA,1812,49.28,Homo sapiens
SEQ_295507,TTCCTAGGCAAATTCTACACTCACCTGACACAGCCCAATTGGGCTTTCTAGTGGTATACAGGGAGTGTTTACGCATGGGCCTCCGTACTGATGCGGGCGAACTTCCGCTTGCGAATTCTGACTCGCTGAGTAAACCTGTGTTAGAGGGGTCACAATAAGAAAGAAAACAGCGGGCTTACGGGACCAGGCTCCATACACCTATTTTTGGGTTGACCGCCCATGAGCCCAACGACGATTATCCTTCAAGCAAGAAGGCTGACGCGATCTCATGTACGTTCCACCACGACCTGCACACAAGACGGTCTTCGTTGTTTTTCTGCATTCATAACGCCGGGCACACTGAGATTTCAATGCAATTGGCGCCGGCGTAGTATTCCGTGATCCATGTGCAGTCACCGTCTTAGTTCGTTCTCGATAGATGTCTCACCTGAACCAACTAACTCCAAATCACCGAATAGACAGTCGACAAGGGTTCTGCCTTTACAACGTTCGAGCATTGCTACACTGAATGTATAACAAGGGGCATCGGATTCCCTAAGAGCGCGTACAATATTGCAATGAGGCTTTTGCATCGGAGCAAAGATAAGGGTAGGTAATGCTAGCAGTGAATTTCATAACTACGTTTGGCTACCTTGAGATTCTACTTTCCAAAAATACTCGGGCGGCTGCATGTGCTGAGGCTAGTTACCTATAGCATTGCGCTTCGCTGTCTCAAAGGGAAAGGAGCTCCGAATGCCCCAAGATTAAATGGGTAGGTTAATCTCAGAATCGATTACGGTTCGCCTTTGTACATATAATCGTTGTAGTTTCACGACACCTGTAAGTGCACTCTTTGGCGAGATGGCAGCTCTGCCATTCTAGAGGTCGTGTGGCGTGTCTAGGTCCGCGGGGGCTCATCGACTATTTGGAAGGCGCTCAACGATCTGAGGTATAAGCTCCACCTATATGTACTTTTCTATAGTCGGCACAATTACCGCCCCCTATCAGGCCCGCATCGCACTCTGAGGCCCATCTCTCCTAGTTCAGTCAACCCAGTGCCCGTGTTGATCAGGCCTTTTATGAGTGGAAAACTAGACAGAGGGCGATCATTGCGGCTTTGGGAGCGCCTAGCATCTCGAGTACTGAGAGAGACGAAGATTTCAGTGGTGTTGAGACCTGCATCGTACCACACTTTATATGTTGATCATGTACTCTAACGGTACAGGATAACGCCCGCTCTGTGTTGAATGAACCGAGTTGCAGGCCCCACGGCAAGGCCTAGCCTACATAACCATTGGTTCCGGGGCGTTCCTAGATAATTATTTATGGCTCTCCAGGCATTGAGGGTGCCCCTAGTCCGAGAGTGGTCCAGAACGACCCGGGACTTCGATTAGGTGAGTACCACCGCTTTACGCGCGTGATAAGTTTTACCTTCGCAACTCGCAGGGAGAGTATGTGGGAGCGCGCACGCCGTTGAAGGCCCGAGAGGGAGCCAGGTCCAGAAGCGCCATGACCCTGACTTTACAAGGGAGGCTGTCGTGCAACAGACCCGAGTCACACTAGCGTTACCGTAGGTCCCAGGAAAGCTCTCAATAGCAAATTCCTCTGGAGACGTGCCCCTACACCCACAACTATATGGCTTTTCAACCCCAAGTGCGTGACCACCCATCGCTTGCTCGGCGCCCAATTGCGGCACCTATTATCGGTGAGCGGACTGATTCAGATAATGTAGGGTAGCCTGACGGGCGTCGATCCCTAATATTAAGTGGTCTAGCCTATAATCCGGCCTGAGCCCGGCAGGTTTTACCGTCAATATGATGAGTCACGCGTCTTGCCCAGACCCAAGACCAAATGCCAAGCCTGTGTCGGCTAGTTGCACATCATGATCAAACCGGTAGTGGCGGGCCACCATCAAGTGCTAGGTGTGGGACGCACAAGTACTTTAAGCGCCCACGGCGTGTTCCGGAACCTCCTATCAGGCCCTCTTAAGACAGATCTCCGGATCAA,1986,51.36,Drosophila melanogaster
SEQ_540164,GCAACCCCGAGACCCAAGTCGTGAGGAACAGGCCTCACCAGCAGACGTCGATTCGGGCTGCCTCTACACCGAAGCAAAGTGTTACTTTGGTTACGCTCCACATCGTCAAGTGTAAGCTCAACTCAATTTCCCTTACATCGAGTTAGGGTGGAACTTGCCGGTAGAGGGTGGGCTATCTTATCGTCGTGCGCGGGGACTGCCATATCTGTATGTATTGTATTAATAAGAAATGCAATAAATAATCGCAATATCAGCAAGGTGCTGAAGTCCAGTAATATTGATGCTTACGCAACCGACCACTCGGCGAGTCCCCCTAGCATCGGTCATTCGAGCATTGCTTACGTTACCCGACTGAACATACTGCACGAAGCCTGTCGTCCTCTGCTGTAAAGAGAAATATGAATCGAGGGGGCACATTCCGCTGCAACCAAGATCACTTTTCGATAGGCTGCGGGCAGACCGGAGCTCAATCATAAGATAAGATCAGGAAAGTGTTCACCACCAGAATCCCTAGGAACCCATCTCATCCATCTTTTAAGAAACCGCTCTCTGTATCAGGTTTAGGCCTTGAGCTGTATCATACCGCGTTCTTATACTCCAGCATGCAATTTTGACGAGTAGAAAGGACCACTAGAGGAATACCGAAAGCACACCTGTGTGGGGCGACTGCTAGATAAGGCATGTCGTACGTAAAATTTCAGTGGAACGTGCCCAGGCTTCAGCTCGCCTGGAGTTACACGTTATATTTACATTCCTAAGGCCCGATCAGAAGCAGTGGTTGGTGACTTAAGCAAGGCCCCAATCGGTGAGGGAGTCTTTGTAATCGGAAAAACCGGGAAGATGTTTCACATTTAAATGTTAAGGCTTGCCCAACTGGGCGCATTGGGGCGAGAAAAACACAACAGGGTTGGTACATAGGGTGCCACAAAAAGCAACATATACGATCAAATCCTTGATCAACATGGCAGTGACTGAGCCATATGGGGGTAAAACGGAGTTGTGTCAATGTCCACCATCTGTTATAAAATCCAAATTTGAACCCGTGCAGCTAT,1052,47.72,Saccharomyces cerevisiae
SEQ_138519,AAATTCCCGTAAAATCACGGAGGGCGCATCACTTTAGTTCATATATTATAGAAAGTCAACTAAAATAATGGCATGGGGCCCTGTTCATGTTTCGTCCGTGGGATTCGAGTAACACACTTTCTTAGTGTATCCAAGGGCCTCGAAGACTACGCCTCATTTGATTAAGATGAGCTCGTAACGCGTGTCGTGGCCCTCATCTATGAAGCTAAAGCCGAAGCACATCGACTAGTGTCATTGGTTTATGAAGTATATTGCGAACGTACTACCCCTTGTTTTCAATGCTTGACCGCCTCGAGTTCGAATCTACGCGTATTTATATCCGTGCGCTGTTCCTTATTACGTAAGGCAGGTGGGGTTAACAGCTTTTGGCTCATAGTTTCGCCCCATTTTATAGGTTAGCATTGACGTTCTAGTCGATTCGTGCTCTGGTATATTCGTCGTAGTGGGCCTGGATCAGAACAGTGTGCGCTGTAGTGTTACCTACTTCACTCAGTTCCCTGCCCTGTGACAGGCTACGTAGACTCCGTCAGACGGTTGACATAAAAATGTTGGGATCGCTATACCTACGATCACGTTTGGCGACTGCACGCTGTTGGGTGGTATGGAGAAATCATATCATGTCTGTTTCCTGCGTGGATTATGGAACCGCACCTAGACTACCATGTGGGCCCCAGGAATCAGACCGCTCCTTGTTGAGCTTGTCTGGGCCCCACAACTTATCTGCAGACTAGGTGCTCCGGATACTTCCCGTCTAGGTGCGACTAGTACGAGCTTGGTCCCAAGGCTTTAATCTGGTCGGACTGACCTAAGGTTTAAAACGAACTGGGTCGTTGCTAGATGCCGACAGCTCTGGGACGCCGGTAGGCCGGATACCTTCTAATATTCGGAGGGCATAGTGTAACGCAGATAGCGACCACGCAGCGCGCTGGCCACGCGTCGGTAGATCTTTACACGCCACACAAACAAAGGCCTTACAGATTTAGGCATAGGCGAGGACAAGGTAGGACTTCGCAGCGTCCCACCCACCACTATAGAGAAGATAATGACGCCTGAGATGCGCCCGGTCACCTACATCATCGTAAACCTCGTCACGCGTAAGTTAGTTGTGCGTCAGCAATTAGGTCATAGTCCCATGTACGCTTGTCTGATGAGGTGCCATAGTATGAAATAGGACACTGTCCTACTACTTGAGGCCTTTGTGGGCCTCTATTGGGGACTGGCTTTCACCTCAATAATGGAAC,1241,49.32,Homo sapiens
SEQ_256101,CTCTGACATTAGATGAGGGTACACCGAGTGAATCTGTGAAAGATCTGGCACTCGGTTTATAGAGGGCTGCATACACACTGAGTTTGAACGATTTTCGTCGCTGTAATAGACCGTAACTAGCAGGTGACATACCCCCTATGATGATGACCCGAGGTATTCCGCTAAGCTCACTTTGCGCGATGTCGGAAACAAGTGTGCTTAGAATAATTTGTGGTAATTTGCGGCAGGAGAGGACAGGATTAACGTGATTACTTCACAAAGGAGCACGCCAAGAACTTAACAGAACGGCAACGGTTGAACGGTATGGTGGTAGTGTCAACTGTACCAATCATGATCGTAGACGGCGCACTACATCGGACAAGAATTTCAGAAAGGCCCCGAGACAGAAAGGGAAGACGTAGTGAGCGAGCACCTGTATGTCTCCCTCTTATGGTAATGTTGAGTGCCCGCGTCTTAAGGATGAGCCAGGGGTATGACTCCTCCCGACCCCCGGTCGAGCGGGACTCGGAAGCAGTAGATATGGATTATAGCGTAACCCCGACCGGTACATTTTATATGATGGAGCGTTGTGCCGAACCCTACTTTTTATGGAACAGCAAGAGTGCCGATATTACCTGAAGGTGTCCTAGAGCGCCAGTCGAAAAGTATGGGCAGAGCTTTCCTTCCATTCCCAATCTGCTGATATACCAGCGATATCCATCTTTTTCTACATTCTTATAAGGCCGTTGGCGCGGCCCTCACACTTGGTCTGTCCCTAGTTAGAACTATACAGAGCC,776,48.71,Homo sapiens
SEQ_208207,CTCCCCTATGTTCCTGTGCCCCGGATTATGGGGCGGGGCCAGAAGTTAGCCCACCACAGGACATCCTGGTGGCGGCCGCAGTCGATACTCCGGTAGGGAACCACTTCGAGCGTATACAACCACCCGTAGTGTCCACGCATAAGCCGTTACATAATCCTACCTCAAGATAATCGCGGGCTTCCGCTAACCTTCAAAGAGGTATGCTGGTAATTATACGGAGGCACATGTATTTTCTCCCAGGGTTTGGGTCCTGTGAGTACCCCCAATGCGGGATAAACAATTCACATCTGCAGATAATTAGGGATATGTTGTCGAGTCCACTTTATTGGACGGTCTGGCTAAACGTTCGCGCATAGGACGCAATAGGGTGTGTAGTACGTAATCCGCAGAGCGATATGAGACTGTTTGTATAAGAGTACACATGGTCGGAAACTAAAGCTATCTAACTCCCCTGCTTGTACGTACACTTAGGCGTAAAGCTCGGTGAGAATTGATGATCAAGGATAGGTAGGTCGCGGTGCTCAATGATTAATGGTAGGAAACTTGCGAACTATATCCATCGGAGTGCCAACCACATATAGCCGAAAGTACCGGACACTTAACCGTTCAAGCACAACATCCTCAGCTAACCTGGCGATTAGGGACAAAATTCCATTCGTTCGATAGCCGTAAATCTCCCGAGAACCGGACTCCGTGTATCCAATGTGGCATGCCGACCGCAAGAGAGCCGCGCATGGATAGATGCAAGGCGTTCTCTTCCCGGCTCATAGTACGCGGTAAAACCTTGCGGTAATAGTGATCTCAGGCCCCCGGAGTACAAGGGCCCTTGTAAGCAGCGTTGAAGATATTGAGGGATCTTTGCTGCTTGAGTCATCTGGCAGGAACGAAAGCAAAACAATGTGCGACCTCAAATGGTCTCATATAGCGGTGCACACTTGCAGGGTCCTATTAGCGAAAGGCAAACTCAGAGCAGTTTCGTTCCAGATGAACAACCTAGCGCTACACACTGTGAGAGCTAAGAAATAAATTTCTCGCATCCCGGTATCGTACCTTGAATTATTGGGCGGAAGCGGACAGCTATACGCCTGCAGCACTCAAGGCGTGCACAGCCTAATATGTCTACGATATTCTCGAGAGAACATGTGCATCACCCCCGCCAATTGCAAGTTCAGGTGACGCTGAGGTATTATATAACCCCATGATGAAGCAGATAAGAACAGCTTACTTGCCTCATCTATGGTGCAGTGGCTCTTTGAGAATAGTAATACCCTGAAAGAACGTTTATTGATCTCAATGCAACCGCATGCAGCGGCGTCAA,1318,49.09,Arabidopsis thaliana
SEQ_273368,CACGCCTTTACGTGGTGGCGGGGGCCCACTCGTTCCTGTCATCAAGACACCCGCACTGATCGAAGGGAACTCTCCACGAGTATTCCGTGAGACACTACGGTGAAAGGGACTGTGATACTGTAACGCGCGATCATAACCCTCCCGGCTTACCACGTTATGGGATATTATCCGTGCGGATATATTGAACGGAGCCCATATCGACCGATGTGTTACCGACATTACCATGGTACTCAATTCAGGGTTTCCGCTGTCCTCAGTCATGTCGGTTTTTGTAGTGTTACCCGTATATGGACGCTGAATGTATTTTGCATATGCATTGTCGGCTTGATCTTAAAATAATTGGGTTGAGCCCGCATTGCTGGTTAGTGATCAAATCGTATGGTACGAACCCTTCCTCATGCTGCCCCTAGCACTCCCTTCTCAACGAGAGCTCCACTAGGCTAAAACATAGAAGACGCTCCTTGAGTGAGGACTACTCAATCGGAATCGGGGTGGAGTCGTTACTTCTGCCGCGTCGATACCGGAGACCTGCTCGTGTGGTAAGTCTGCGGCTGGCAAGAGGAGTGTTGTAGTACTAACTTCTGGAGCCTTAGGGAGGCTTCTGGGTGTATGCGGCCCAGCGATATAGAACTTAGCAGATTTCAATTTAAACTCTTCAGGAGACTATCTATTTTGCCGTGAGGCTCAGAATCGCCTACTCATGATAAGTTCAGTAATACGCTGTATGATGCAGGTCGCAATCTCTAAGAATAAACGCAATGTGGTGAGGCTGTTTTATGGTTAATTTTTTGGTTTGAGGCCGAAAACGGTTATTGGATCGACACAGAGCATTATTTGTAAAATCCTCTCGTTACTCCACAATCCTTCCCGCCCTTTCTTTGCTAAGGAGGGCTGGCTTATGTTCCCAGGTAGCCCACGACAACAGTTCTACCACCTCTCAGACTAGCGACCAAGCTCCAGGACGTGTACGGGCGAAGTCAGTCCAGCGAGGCCCCGCACCACGCGTGCGCGCGCTATAATTTGTCCGGGGCGTCGAAATGTACTCTAGGTCAGATCAGAATAGCTGGCGGTTACACTTGCAACCGGTGGACGGTTTATGTATGCTGATTCTTCGATATGGCTGTTGGGCTAACCCTCACTCTAGTCTAGAAATTCACGCACCTCGATTTTGCACAAGATGAGCGCCGCCCCACCGGTACCCTTCGTAATTCCCTTATTCATGGTCAGGCTCATCTTAGTACACTAACAGAAGGGGGGTCGGCGTCCGGAATGTTACATGACTCTCGATCTAGCATGTAGAACGATTCCCCTCGTACTGATATAACGATCGTCTGGAACCTCTAGCTGTTCCAATATCTTCTAGTAGCAGATTCAGTGTGATACCAAGATCTCCTGGACTCAGCACTCTATCCTTTCGCCTTGCCTCGTTAGCTGACCTATGCTGCCTGAATAGGTTACCTTCGCCATAACGGCTCATTAGTTACTGATGATGTCTAATGAGCATTCGCATCCTACCCCGCTACATCATGTTATTGTAAACCCCACCGAGAAGACATCAAGCAGTGCGAGGGCGTGGGCACGCGTGATGATAATACGTAACACGTAGCAGCCAGCCGCGCAGCTAGAGCTTGCAGGCCCGCGCGGAGTTCGATTAGCGGGAGGAGATTTATTCAGCGCCCG,1680,50.06,Mus musculus
SEQ_941799,GCACTCATGCCCCGGGGCGATTTGTGTATAGTTTCTCCTCAGGACGAAGTGCCATCGACCGTCAAGCGAGTAGACAACTGTCCAATGGAGCCCAAGGGTCTTACAGGTCGTCCGTTAGAGCAAGAGATAAAAAGAGATAGTATCGCTATACGTTAGGCGAGTGGTTTGACAAAGGTAACAACTAACTGTGCAGTGCGTGAAGGCTCTCGTTTGGATTAGCGACGCCCGGCATCGACCATGGTATGAGAGATTCGAACGCGCGTCCATCAATGGGCTTCATCAACCTACTGAAGCGCAACAACGGGTTGAACTGCGCCAGGAAACTCGAACGCCATAGGTTAAGTTTCAGCCTCGAAGAAACAACTGTGGAGGGGCGAGATGCTAATTAACAATTCGGCTCGGTCTGATTCCTGTTACACTGCCTGACCGCTCGACCGTTGCTCTAGTGGGGATGCTGGAAACATCTGCCCTATCCTCTCAACATCTATAAGATCGAATTACTTTCAAAGCTTCATTTGGCTACCCTAAGCAATGCGAAATGCTGCGACACCAAACCGAAGCTGCGTTTCTCGCTTACTAATGATATGGCTATTCTCACAGACACCCAGGTCCCTGGACTGCCCAGTCATAGTACTCCAATGGTACCGACGTTGGACCTAGCCCACCGTGGTTTACGGTAATTCAAGTCAGTAGATCCCAGTCAGTTGACGCAACAAGAGAACATGCCGGTTATCGAGGGAGCTATAGTACACGCACAGACCGACATCCCACGTCTTGGGGTTCCTAGGCTTCTGGTATCTTACAGGTCTAGACCTAGCAGAGGTAAACCCGGGACCGCGACCGGCCGACAAATTGATCCCGTCAAACGGGATCGGGAGGTTAGTTTCTCTGTGGGGCCGATGGCCTGTTGGCTCAACCCAGCGTTAACACCAATCGAGTTTAAGTCGACTACTACAAGGAAGCCCTCCGGTATGCACACCTAAATTGCACACCTCCGCAGCCGACAGTATTCAATGATAAATACTTCATTACTATTATCAGTCGTGGTTAGCTAGAAGACATACGCCAAATCGGGGAGTAAATGTTAGACTTGATCCACCCTCTGTATACTGACATCCCCTTGCCGTCTGCTAATCTCGTACAAGGCGTTCAAGATGGCAACCGCCATGGTAACTTTGCGAACTTACGAACCAGATAAGCCAGGTGTGTAAGTATTTCCAACTGAGTGCCAAACCTAATATCACAGCACCCGCCAGACTCCGACGATCGCCGACTCGTGCCGATAGATTGATGAACGATCTAATGTGTGACAACCCGTGTTTGCTAGGGAACGGATGGAAGGGCCAGCTGAGTGCAAAAGATTGCGGACCAATTGGGATCGGATACCGACTGTACTCGGG,1400,50.36,Arabidopsis thaliana
SEQ_801265,TCAGTCTTTGCGCGTTGTGAAGTGCACGGGCGGTACTGAAGGAGACAGTGCCCTCATCAGACCCCGTGCTAGCGGCCGGATGCATTTAGCAACCCCTGTTTACTTTTAGGAGGGGTTTACAGTCTGACGCAACGAGATTTTATGCCTATCAATCGCTTGTCAACACAGCAAAAGAAGTGGAATCTTAACATATGTCTAATTGTCCGAGTAGGGCGCGCACACTTATTCATGTTGTTAAAAGCTATAACACCTAACACGAGGAGCCACAAGTTTCTAACCGGGGAGGTGAACAGAGAGGCACAGTCTATTGACAGCTTCCCATATGATTATATATGTGTGCGCTTCCAAAACCCCATCGTGTCCCATAGACTTGCAACACGGACCGAGGTGCGCTTCTGTATAAAGCAGCACCCCACAGAGAGGGTAATAGCTGCTCAAACGGTGATTTCCATTTCCAGTACCCCGGTTCAGCTGTAATACCACGAAATGAAGGCAAATATTATAGCCGAACCTAGAGCTAATCACTACTTACGTTCCACAGATTGTGCCTGCCGTACACTACCTACCTGCAGATCAGGAAGATAATGGCGCGCCCGTTTTACAGAGGATATTGATTCGGCGCACTGATTCGGTACAGAGCGGAACCCCCAAGATAGTTGGAGTGCTATATCCTTTTGGCAAGTACGAGTTTCTGTTCAACGTTTCCTCTCTGAACTGGGACACTTATACGTGCTGTGTTCACACCACCGGTAGCAAGTATCAGATTTACAGGAAGATCTGTGGGCCCGTCTTCCCGATATCCCAAAGCGACGGCCATGATTAGTTATCTACCCTTAAATATTGCTCTTCGCGTGACTTGTCGCGTCCCTAGTTCGCAGTGAGCTCAGGTTAGGATCTAGCTCGTGTAAGGGTCAAGTAACCGGCTCTCTCACGAGGATCGAACGTTGAGACGAGGCAGCGTTCAGAACTGACGATGTGACAAATAGACGACTCTTTTATGGAACGACCACTCAGTTGGAGATGCCCCCAACGTGGAATTCACAGTCGGAACGGAGGATGCAGGCTCAGTTTGCATTTTTGACGGACGGAAATAGTCCACCGTTGGGCATTCTCATCAACACTGTGATGGCCATCTCAGGAACTATTTTTACACCTACTCTATTAATAAGGCATCTCAGACGCCCGTCATCTGATGACCGACGGACTGCTAAATTTACAGTAGGAACGAACAGCGAACGCAACTCCTGGCAGCTCGTTCCCGTTTAGCGCTTGTAATCTCACTGAGTTGTAGAGTGAAGCGTCAGGAGT,1308,48.55,Escherichia coli
SEQ_902534,AAAGAAACGGTTTAAGTCAAGACACCGTTTTCTGTTGGATCAATGTCTTCAGACCACAGCCCTGCCAGGGCTAGTCTTGTACACCCTTCTAAGCAAACATCCAGATTGCCGGCAGTCAGACCTGCGTGGTTACAGTTTGGACGGTACGAAGAACTTTTGCACGACACGAGAGGTCTGACTCCTTGCCGGCGCCCGGCACCCCGCGATTTCAAACTCTCACAAGAATCCATTCTTATAAAGGTCATGAGCGACAGAGTCAAGTTAGTGTTCGAGTCCCTCGAGGGTGGGCCTCGATGACTACGGTTTAATAACCCGCTAGCCCAGGCAATTACGACAGTTTCGGGTGACTTTGCCGTTTTTAGGGGGATTTGAACAGTAAACCCCACAAGTCAACTACCTGTGGACTCAGGATCCCTGCGAGGTCACTCGTGCTATAGTTTGCTCTCACTTACACAACAAACCGACCTGCACCGCCTGTTCCTCCTTGGGTTCAGCGGAACGTTGGTCGCAGCGCCCATGATCAACTCAGAGCTAAAGGGAGATTTTTGAAGATTTGATCAACGTTACTGAAACCGACACAAGACTCTGGCTCCTAACGCCTAGCATGTCGACCACTGCCACGCGCGGGAAACTTATACAATGTTGCCTGTGTGACTAGATGGTGAGAGGAGGCTCTAGAATGTGCATGTTAATAGAAAAGAGTGGGGTGTGTCATCGATAGGGCACACTTACAAGCCGAAACCGGACCTCTGGTCTCAGTTGCCGATTGCCACTCGTTCCAGGCAGATATTGTGGACTAGTACGCCAAACCGTGTAAGCTACGTGAGACGGAGTGAAAACGCTATTATGGCTGGCGTCGGTAGTATCGCAACTAGAACCTGAAGCACATGGCAGTAGTGTGACCGAACCGTCGAACAGTTTTTCCTATACCTAACCTAGGGCCTTGAGATGAGTCAGATCCGCCCGACTATTGTGGCTATATCCCCTACTCCGACCATGACCCACCACACGGTGCAGCCAAGTACGTTCCTCAGGTCAAATCAGTCGAGTATCACAGAGTATTCTAGGGGGACGCATCTACAAAGAAATACAGCAGTGTATTTTCTCAAAACCTGTTCGCAGGACGTCAGAACGACCGCCCCTGTCATAGTCGTCTTTACGTCATCCAGGACACGTGCGCCAAGAGAGTATCATTGAACGACCCAAGGCCCTCAGCAAGTGCGCACCGTACCCAGCCTTGATAATTTAGCTCGGCCAGCGTCCATCAATGAACAATCCTGTAACTGCCGATGGCACTAGTAACCCATGACCACATTAATCCTCCGCGACGACGAAATTTTCAGAATGTTACATCTGTCAGGTGGATGGCAGTGAGCTTGCACCTTTGGATATCCCCGGAGTGAAGACAGATAACTATTTCTTTAGGTGACCGCCATCTCCTGGAAGACGGGCATCCCCGCCCCCGTAATCGAGTTACCTGCTACCTTTTCGTGTGCGGGGTAAGCACACGTCGTTGGATCTGGGCCGAGGGACCTTTAACTATACGTTGAGAGGTACGGTGGATTCCCTCGGTGATTCGAGCCCACCATCTCTACAGCCTGGCTCGTATCCCTTCCGCACCCTAGATGTGCCTAAGACGTACAGGTGCTAACGCCTTGCTAGAGTCGCGGTGCCACGAGATTGCAAAAACGATCCAGTAATTGGTCAGTATCATAGTAGCCGCCTCAAAAACTAGATGGCCGCCGTGCAAGCAGCGACTGCCGCCTTGAAAAGTATCTGGCGTCTGTACGTAATAGCACCATGAACGTGACAGTGAAAGTCAACCTCGCCCGAATTCGAACCTCTGCAATCATTGATACTTGCATGTACGTCCAACCCCGCAATTGT,1887,51.09,Arabidopsis thaliana
SEQ_559833,AAAACAAAACAGAAAACGTTCTCGTCGTACCTAAAATTGTCGCGCAAGAAGAAACAGATTTCTTCCTTATGGCTGCTTTTACCGGCAGACCGCATACGCGTCCAGTAATCAAAGTGCAAAACCGCACCGCTGTGACCAAGGTTCATTAGATCAGACTGTTGATTTCGCGCGAAGCGGATGTTGGGGAGGTCAAAATACAATGGGGTCACATTCCGTGGGCTGCTCGCGCGAATTGTCAGTAATGCTAGGATGGACAAGCAACGGGACCGTGTATTAAATCGTCACCCGAGGCGTGATATCTAGCTCCAAGTAGAGCATACTGTGTACCTCGTAACCCTGCTACCACCGAGTGGTCTCCTGCCAAGAGGTGAGTCACAAATGACTTAGCGGTTCACGCCAGATTGTAACATTCGCAATACTCGCACTTGGCCCAGTGTACTCAGCCCTGTAAACCCAAAATAACAAAGCGCCTCCTATGTTAGTTGCATATGTCTAGTCTAATTACAAACGACAGTTCAGGCTCTCCATATGTCACATGTTATCGTGGTAAGTCCCGCTTCAGGATGGCCCTTGTATGGGTAGAAATGCCCCTTGCAAATAAGTCTGTACGCCGACGTAGACCGGCTCCGCTGCACCCA,638,48.9,Arabidopsis thaliana
SEQ_102355,CTTTAAATCGACGTACTTGCCACCCTACCTAGTCGCGATCTATAGGAATACAGGAAGATGTTATCTGCGTAAAACGAATAGTCCGCGCGCCAAATTCGACGCTCAATGCATGTGCGGGTTCCATCACGCAATATGGCTGGCCTCCGGACTACCAAGAGTTCGACTAAGCCATTTGCTATATTCGACTGGAGTTGTTGGCCCTGTCAGGTGATGGACGTTATCATTCCAAAACTTATATGGTAACCTGGGTTCTGAATTACCGTAAGCTTGTCAAATAAGGATGGGTGCCTGCAGTACGCTATGCACGCACACAAGGCGAGTGTTGGCACAGCAGCCTAGTATTTTGATCCCAATGGTGTTTACATTCATCGCATGAAAAACAATCACGGTCTCGGAGATCAGCATCCGCTATCACGTTCATCCATCATTACCCTAGCTGTCAGTAGAATAGCTCGAGACGATAGTTATAAGCCTTAAATAGCACCCTTTCTACAACCCCTTCTCGCTTGACAGTTTTGAAGCGTCTGATTCAGCGGGTTGCCTCGACTGGCGTTCGAGCACCCCGTTGGGATGTCTCAAGGAGCTGTCTCGAATACTCGATATGCAGGAGCCACGAACTAGGAGGATGACGTTTTCAAGGTACCATTTTATTCAACAAATGAGGTCGTCAGGCGACGTGGAGTATACTATGCCTCTTCGTAACATGTCGGGACCACAACCTTTTAAAACTTTTCATCTCTGTCAAAATCGTTCTGCGGCCTCCCTAAAAACATAAGCATCTCCAGGTACAAACT,794,46.98,Drosophila melanogaster
SEQ_139441,ATTTGGATGCCGCGTGGCTTTATTTTTTCTGGTGGTGAGAGTCCTGAGAGGCCCACTGTCTAGTCAAGGCAAAGTTCGCGAAGCACAGTCACCTAGGCAGCCGGCTCAACGCCTCTCATCTCGTTGCGCACCTATCCAATCCCGTAACGACCCCCGCGTAGTCAATCAACACGCTTCCACTCATAAATTTGCGACATCTAAAGTTCTGTAGATATTAAACCATGTTCTCGGCCGTAGTCCCCACATACCTTGACATTTTAGCTTTTGCGACATGTCCTGTTAGATCCTTGTTACGCTACGTGGTGAAATGGGCCGCTTATAGTTTCTGAATCTTTTCTTTCATGATTGCTGATACGGCCCAGGTATTGTCTCATTGGGACAAAGGCTAGCCTGTGTGGCTCGACTCCTGTATTTTTTTTTGCACTTGTCCGAACTGCGTGATGACAGCGCTAAACGGGAAAGCTGTACGCAGACAAGAAGTAAGGGAGGTCAGCCAACGTCGGGTCCCTACTTATTGGCACTAGGGGCTACGGCTTCGCATCAACCTCAGGAACGACTGGCAAATGGTAGGAGCGCGTCTATTATAAGTGCAAGCGAAGGTTGTGCGCAAGTGGCGTGTGACCCGCCTAGCCCGATTACCAACCATGTGCCTTCTGCCCCATTAAGATGGCAAAACACTCGCTCGACTAGGATATTCGCTCGGAGCGCGTTAGCTAGGCGACTACGACTCAAACGATCTAGTCTCGGAGGGTGTCACTCTCTGAGGCCTAGGGAGGTGACTCTTACTTATCGCTCAAGGTTCCCGAAACAGAACATGGAACTAAATCGTATATCC,835,50.3,Mus musculus
SEQ_552654,TCAATAGTTGTGGCTTCGTTGTTGTAGTGCCCCTTTCGAGACTTATATTGAGCGAGATGAAACCACGTTGCACAAGGTACGCGGAGGTCCGAGCGTGCGGGGTACATCAAGTATCGATCTTGGGCACTAC,130,50.77,Mus musculus
SEQ_789316,CCCTGTATCTAAGCGTGGTCGAAAAAACGCATGGTTCCCCTGGGCAGGCATTCTAGGCCGCAACATAACCTGCAGGACTCTGGTAGCTGGAGTCCAGCTAGCGCCCCTTTAGTCACTACTCGCATTTGACATGGGGTTCGTCGAGGTCCAAGCGTGAAAAGCTTCTCGCCGACAACCTTCCGTTTATTGTTGGTTTTGACTGAGTGCTCGCAACAACGCGTGCTGCAAATCTGACTATAAATAGCATATCCTTAGAATCCATGGATTAGGCAGACTCCGGTTCCGAGAGTTATGCCGAGGGTGCAATACGCACCAGGGCGGCCACAGTTAGAGCTCATACAGGCGGGAGATAGCTTTGCGCGGAGTATGTGTAGAACGAGTAGGCAGTTCGCGTGTCAGCCCCTTTAGGTGCCCAGTAATCGTCCAGGAACCAAACAGAGTCAAATCTGGCAACGTGTTCCCAAAAGTCAACGATTAGTAAGACAATGATCCTTAGCACCGCGATCCGAACATCATCCTCCAGCCCTGCACTAGGTGGAACCCATCACTTGACGACAATCTAACTTATCTACTCGAGCCCTAGATGGTTAGCCCACAGACCCAATTTAGATGAGTCGTAGGACCAGACCATTGGATACCAGCAATCTTAGGAGTGCGTACATGGTCTCCGATGTTTCTAATGTACATCAAGTTGAGCTAGCTCTGTCGGGTAGAGAAGGGGCCCTGTCCAGACGCCCATACCTGGCAGTACTAAGGAGTTCGATAATAACACTGGAGCAGAAGCGAGGTCTGAACCCATTCTGCGAGCCCTAAGTCAGTCATAGAAAAGATCTGTGATGGAACGCCTATGTCAAATTGGTGGTTCTCGAAATCTGATGGGGCACTTAGGTGGCTTTCTGCATAGGGACTACCCAATTATCACATCTTAACTTGCATTCTGTATTTGCTCTCGCTTAGGCCTGTGGGCGGCTGTACTCTTAAGCGGTCAGTGCCAATGAAAACCTCACGCAGGCTGTAATAAATTAACATTTGTACCTTCCGCGAAGTTGGTTATGTGTTATTGGGACAGATTGACAAAGTATACCAGCTTATGTCTGGGCGGGGGGCACCACCCGAGTGGCATATAATATTCCCCATACACCGCGGCAGTCAGAGTGAGCTTGCCCATGATGGAGCTGCTCCTGCTTGTTCTGCAAGACAGAAAGTTTTACGACCTATACCCCGGTAAGTTAACGCGGTCGCGGGGCGTACATTCCGATGCAATACGACAAGGGGTGCCACGAATTAGGGATCGCGCCGCACGTCAGTCCCTTGATGCACTCCGATCCGAATAAGTCGTGACAAGCAGCGCTGCTAAGTCATTGGACCAATCCCTAGCTTGCTGAACCCGCCGTATGAGTCCCTATTGTTTAGACCAGACT,1421,50.53,Caenorhabditis elegans
SEQ_802076,CCCGTTGCTTTAGAGCATTCTGTATTACTACCCCTATAGTGACCATGACTCCCAAGAGTTAAGGACTAGGTTGGGGGGACTATGGCCTATGTACCTCGTACAATGTCAACGGTAACGTATTGGGGCCTTTGGACAGTCCTCCTACAAATCCATAGTCTTAACCCGACAAACCCACTTCGGAGGCCAAGAAAAATTGCATGTCGGTACTGTCAGACGACTAGTGGAACAAACTAGGCGAGTGAAGGCAACTGAGCATGTATGACTCAAAGCTATACGGTAGCCTCTTTGCTCATTGCTTAGTTGATGTACATGGTACGATGAACAACCTCGGTCTTCCCAAGTGAAGTCATAGTATCGGTGAGCTAATGAAACGCCGGTATGTGGTTCTATGACAACTTGGTCTCGAAAACCACGATGAGGCTACTATACGACTACGTAGCAAAAGGAGCCCCTCCGTACCAAGAGGTAGGTAATAAAGCGTTCACGCGGAGGATGTAACAACAATCCTGACCTAAAGACGGACCAAAGGAGAAGATCGGTTTGCCTTCTATACGAACCCCCAGCGTACCCTACCGGTGGCTCACTTAACTTGACACGCTGTTCGCAACCTTTAGCTTGGGCATATCTCCTACCTGATCTGCGCTACTGTTAATGAACCGGCCCTCCCACGCGCTAACATAAACTATTACAATGATTGAGATCTCCCCTCATTGCAATGACAGGAGTGCACACGTCCGGGTAGCACCGCTTCATACCTCACACCCCCCAACTTCGCAAATCTAGACACAGATTAGGGCTAGACGTACCAGCCAATCGTTCCCCCCAGGACCGTTGTGCCTAAGCCACCTCGCAGACCAAACTGATTTAAATCCGTTACACCGATCAACTGCGGAGCCATATAGGGGCCTTGTGTATCTAATTCGGTGCAAGCTTGGGTCGCAATTGAGACATGACTGCCGGTACCTCAAAACCCCATCATGCTAATGTACCAGCAGGAGCATTGGAATCTCTGGTCGAGGCCATAACCTTCAAAGTCGTTGAATCAATTCACGCATAGGGGGACTAAGCGAGAGTATACCTATCTTAGCAAATGTGTGGCTAATAACGAGCCATCCACCTCCCGAGCATCCTCTATTCTTCCCGTGGGCAACAGTTGCTGATCAATCAATGAGTGGGAAGTTTTTATTTGAAAGCATCATGGTGCCATTCCTATTATTGCCCTCGGTCCCTGACTCTGGAATAAGCCTATCAGGTATGCGTCGGCAGGGCGTTCAGATCAGTCGTTCTATGGATCGGGTAAACTAGAGCTAAGCCGCGCCGCGCATAGCTCACTAACCTTTTTTATGTGATCCCCGTATGATGGCTTTCCACGTGCTGCCCCGGCTCGGTTCAAGTG,1396,49.21,Escherichia coli
SEQ_240121,AACACCGACACGAGGCCAGCGTCTAGAAGGCAAGGCTGCCACGAAACGTAGTAATCCCAGCGGCCAATTGATGAATGCTAAGCCGGCACCTTAAACCAGTTCTTAAGACCGGTGCAATTATGGAGGGGAAGCCGCGATAGTCAATGACTACTCCATGAACGGATAACGGACCCGCCGCCCGACCCCAGCATCAGTGTTCTACACCAAGTAATCTTCGATTAAATCTCTTTTCGAACAATCTTCCACCGATTCCTGACCAACAACAATGGACCTAGCACCTCCAAAAGTTATGTCATGTCAGGTTCGTCAGATTTGATGCCTCACAGCCGGGTCCTAGAACAGAGGGAGTGAGTTCCCTGAGTTGAAATCTGCGATAGTGGCACGCTCCTCGTGCGCTACAAGGTAGGCTGGGCTCCGCCTTTTGGCTGCAGTATATCTCAATGATATTTAGCACCAAGTCTTCTCTGAGACATATCGCGCTGTCCTAAACTATGGAACTACGACAGGTGAAAGTTTCTGGCGCAATAGGATGTCGTCAGTGCTGAAGGGTTGGCCTTAGCATTGGATGATACGGTAAGAAACCGATGTTTCACGACTCAATCGAGCATCCTGTTCTACTGCGGGTTGCTGGCTCTGCGTCCATTCTCCACGCCACGCCCCCACAAGCGGGATGTTTACCCATACGTCTTTTCCCTGAGTTGGGGAGGTACCGCTCGGAAGTCCAGAAACCCACTGGAACTGCCGGCGCACAGACCTCGCATATCTGGTGTAAGTGCAAGCTTGTAGTCATGAATACTCCTGTTAACAACGATGATAGCGTACGGGCCGACTAGAGCTGGTTCACCTCCGGTCAAGCACACGTGACTCGGTGCAAAGGCGTGTTGAATCGAGGGTCGGTATATCCGAAGTTATATGAATCCGACCGCCTACTACTCCCATTCTGTTCACAGGAAGTGAGGAGGGGGGAAAGGAGTACTGCTGGATGTGGCCGGGCACTTCGTTTTCCCCATTCGTGTCGCGTGACGCTATAGCTGATCATCCTATGAACATTATCTCTGTGGGAGAGACTCTCAACGAAGGAATTTCGACAAGGATTGCATTCTTCTCATCTTGTGATATGTTCCTTCAATAGACGTGTCCTATACTAGTCATTTCTTAGCCCCAAACTTAGAATCTATTGTTGTGATTCTCCGAATGCGTATCTGCGCTGCCCGGGATTCGTTCTACTAGGCATTCCAGAGGATTCCACCCGTTAAAAAAGTCAACGGATTGTTGGCTTTGTGTAAACCATGGTTTCGAAACTAGACGTCTCAGACGGAGTACACTGCA,1329,49.96,Mus musculus
SEQ_487496,GTCCCTATCTACCCCAGTTGTGGCGGCGTATATCTATAGCTGCGTTGGTGCTTACGTACCGCCATACCTTCTGCGAGAAAGCCATTTCAAAGAAGACTGCCTTCAACCCCGGACCCGATAATACTGTACTTTGCGCCAGGTTACAACGGTTCTATTTGGCAGGGTGCGTGTCCGCGCAGGGGGGTACGATCCAAGACAACCTCTCGGCTGTTTACCGGGCTGCGACATTCCGACATATTATCTCCATGCTTTGGTGCTGACCAGCAAGTCCCTTTTTTATAGCGGTAGAGTGTAGTAAGGTTCGTTACTAATACACCGTTCTATTCTAGCACCTACTCCCTATCGCCAGTCTGCCTGAGGGGTCTTGTGACTGAAGACGAATTATACATGACCTTTGAAGATCGGATGTTAACGAGTACAGCACATGAGAACTACTTCCATGGGTGTACTTCTCGGTACGTCCCGCCAAAAAGAGCACTTCTCTTACCCTGTTTAGCATAATTTAGACTGCCGCGGGACCAAACAATATTCCGGGTAGTGTAGGGAACGCCGGACCCCAGCGCTTCCCCTAGCTAGAGAGGACGATACGGTTTTGTCGCGCTTGGCTACCCGTTCGTTTCACACGCTACCGCCAACATCGCATATCCGGCTATCTGACTGCATTACCGTCAGCATGGTCATTACTAGCTGTGGACACACGGGGATACCTGCGAGAGGTCGACAAGACCTAGCTGTTGACTAGCTGGACAAAAGTCGACCGGAGTCGATGTCTGAAACTATACTGGTTCCCATTAATGGTCGGTTCGCTCTTACCAGCACAACGGGTAAGTGGACGAATGGGGTGTAACTAGCTCGGATCGGAAGTACCCAGCATGTACGTCAGAGTGAACGGTCGGCAGTGCGATAGGGTTCTCGCCTGGGAGGATTTATCCCAATCAACCCGCGAGAGCTTTTCGTCTGCTCACGGCCATGATCTTAATCGCTATTTCCCCTGACACCTAAACAAAGACGTCGTCGGTGACCCCCCTCCCGTGGTCAGCGACTGGGTGACGTGCCCTGACCAGATAGATTGAATGAATCACCGGGGAATAATACATTACAAGCACAACGGTGTAAGTTTTTCCCTGAGTTCTTTCAACTCATACCCGTTATCCATGATTACCGACGGCGGTGTACATATGCCGAAACAGCAGATAGTCGAATAGTTGCTAATTGCCCTAGTGCCTCGGCGGAGGTGGGAGTCACCACGGGGAGCAACTACAGAGCGTTAAGCCCCATCGAGTGAGTGGATGCATATCGAGCCAGCCCTTAATATAATGCATTCACCTGAGCTCTCGAGGTAGTTGGATCATAGCACAAAACGCCCTCCTAACAGGAGCAGTTTCGTTTGTTGGGTCAGTGCATCAAGAATAAACCTAGTGGTACAGGCGTCGAGTTAAATCGTGACCCACGTCAGTTCCCAGCGCAACTAATTCCTTCCTGCTATATTCATTGGCGTAAAACAAAGTCTGCAATCGCCCTGGGTCAGGTGAGGCATTTCGTGAATGCTTGTGTTCCTGACAAACCGCTGCTCCGTAATTAGAGCACAATATTCGCGGTACCCTACCTGTGTGCGATTTAGCGAAGGGCAGAATGATTATTGCCCGTACCCCATAGGAACGAAATGGGATAAGGGTCACTCTCTAGGCTATGATATACATTGAAGTCCAGTTCCGAACGGGCCATCGGCGGCG,1733,50.84,Caenorhabditis elegans
SEQ_510641,CACGTATGCTGCGATTCGTACAGAGGTGCGGCTCTTCAGGCTTACATGTTTAAATTTGGTATTGGTTATGCAAGTATAGTGACCAAGACAGGGTCTAGTCCTCAGGTAAAAGAAGGGCCCACCCG,125,48.0,Drosophila melanogaster
SEQ_609477,AACCCAACTGTAGCGTACCAACAGGTCGGCGCCCCTTTACCCAACGACATTGTTGACTGAACAGTGCCTAATGACATAGAATCTCGTCATGCTTCAGATAAAAGTGCGGACTGCTATCTATGCCATAATCTAGAGTTCCGCTCCCCTTACATCTTTATGGAGAGCTAGCATAGCCTTGATCCACTCGTTATAATTAGGATAATAATGTCTACCACCTAGCCAGCGCAGAAAACTTGCGGTACCATAAGCGTGTAGCGGTAGTGGATGCTAATCGGCGATGCCGGTGTTGGATTCGCGAGAATTATGCGACAGCATCATCGACCTCCAGTTATTTCAATAGTTACTGAGCGGGGTGCGCCGCTTTAGATCCAAGTTACGAACTCGTTCCCCAACAGTAGGTCCACAGAGGTAATATCCATGCAAATTGCTCGGTCCCCTCTACAAGTCAATCTACCGGAGAGCCGAGTGCCAGAATCCATAGACCAGCCCTGGACTTGAATCGTATCGCCGGTTACCATTGATAGAAGGTTATAACTATGACCTCGCGATAACTCACCATCTTGGAAGCCTCCCGGCCTGTGGTTAGGCTATCCCGCGCTCTCGGGCGACACTCAATTAGGACTACTTTTGCGCAGGACCCTCGTTGAAGGCTTAGGCGCATTAATTGTTATTAACCCTTACGACGTTTAACCTTACTCAAGGGTCAGATAACAAATGTTGTTAGGACCTTTGCGGAATCCTTGCCCCCGTTTCATGAGTAGCTGGGCGTTATCCCCGACCCTCTAACTATGTATAGATATGTGGACGGCTGAACCATACTAATCTTAATCGGATCACTCCTTACGTGGGCATGCTGGCGCCA,862,48.72,Drosophila melanogaster
SEQ_642609,TCGCTCCGTACAACATAAAGGGACAAAATTCCACTGTCACACGGATGAACCGAGAGTCATTCAAACATAGGTTAAGGTTCAGTAAGGGCCTTATGTGTAGACTGGAAGCAAAGGCTAGATTCAGCTATTGTCGCTATGGCGGCATGCGCCGTGGACGATAACGACCAGTATCTCAGGAGATACCGCCGTTCAGAAGACAAGTACCGTCTGGATGTATGAATCAATACCGGTCTTCACGCTAGTTCCGTTTAAGTCTTTGATCTCGAGCTATAACAACAGCGTGGTGGTCTGGACCTGGGCGAGAATGAGTCAACTTTCCACGTGGAAGACGGTGGGCCTTGCGCACTTTCAGCCCTATTTACTCGCAACGCCCAATAGGAATTGCAGTGCGACGAATCGCGCGGTGCGCATCGTCAATTAAGAACCTACACTAGCCGGGCACTTACCGAACGGACGGCTGGAACAGGGCTGGTGGAATCGCGTCGCCGAAACAATTAATGGTTGCAGTCCCGCCCCAACAAAAGCATACCCGTAGCGGCTGGGACTCAAGTCCTGGCTTACGTGGTCCAGACCTTCCCTACTGAGAGGTGACCGGACTCAGCCGCGCCACACGGTAATGTTACTATACCGTACCTCTTCCTATCACCAGGAAACTTGGGGAGCGTCGCTTTCTCAACCCATCATAACTCCACCTTCACCCCAAGAATGCAGGGCTTCTTGAACTGCCTCACAACAGGGAGGCACCTTCCAAGCGACATAGATTACTGCGTCACGATGAAAACGTCTTTTTATCAGTTTAAAACGCTCTGACGAGGAACGTTCTCTATCCTTGGAGAATATTACTTGCATTGTGTTTAACTCAAGCTGAGCGGCAGACGTCGGGGCATAAGAATTTATTGGGAATGTAATGTGTCATATTTAAACGGCTAGGTCAACCGCCTGGGCCAGGGAATCTGAGGACCTCGGACAGCAGGCCACTTGATATCAGGTTCGGACCTATCCCAACTCTAGTGAGAATTACACGAAGGCCTGTGACTCGGTGCAAAGCCAACGCAACGGGCAGCAGGCGACGGTGAAGTCCTTCTCTTGGTTCTACAGAACAGAAGTATGTGCGATCTCCCCGAAGGTGAACTTAGTCCGTCAAGAGACTCATGGGGACCCGAAGTTTAACCTAACGTATACAGATCGCTAAGTCTTCTGCCTTTCTGAGGCTATACAAACATTTGAACGCGGTATGTAGGTTGTTTCCACCCATCAGATTAAGCAGTATACAACATTAGTACTGATGCCTTACCGTCAGATGTAAGCTTGATAGAGCAATACTCGTAGCTCAACGTACGTAACCCCCGTCCTCGCAAACACTGCCAGCTGAAAGATTATACAGCAGCAGATGGGGTGTGTTGTGCTAAATCCGTACCCGTCCCCGATGACGCCGCTTTGTTCAAGTGCTGGTAAGTCGGAATAGTGTAGTGTATTTCCGGATCAGCGTGGCTATCAGGTCCTGTATCAGCAGACAGCTTTCGTACCCTGGGCTCCCCACCGACGTGTTACAAGTGGACCAGGAAAAAACTGAGGTACCTGGCGAATGTAGGTACATGGCTCCGTCTGAAGTCCTAGAGGTGTCCGAAGCATGGGTAACTATCTTAAGATCGACAATGCTTTAGCAGAAGACGTGACGCCTGTAGTTACCCGAGGAGAGTATCTGTAATGCCCAATCTATTTGGGGAACGTGCCGTCACAACGGACCAGCAGTACGGTGCATTCGCACATGATGCAGAGGGCGGTAGCAATTATCGTCGCATTAGCATTCACAGTGGCGCCACAGTCTCCTGGACCAGGACCCCAGGGGAACGCAAGCGTGTGTACTGACCCGCGACGGTTAATCTGCGATTTTATCCAAACAAGGGATTGACATTACATTTTGGGGAACGGTGAACTTT,1940,50.41,Mus musculus
SEQ_561748,GACACTCTACTAAAATTTTCTGAGCATGCTCCTGTCTCGGCTGAGACATAATGTTCCACGACTAATCATAGGCAGAAGGTGAGTAATCAACAAGTAGGTTGTAGGCTGGAATACGGGACCTACTCTGTGCCGTACGTGTCTATTACTTCAGCTGGGACCGTTAACCAATCATCAAAAATGGTCACCGCCTTGGATTACGGGGGAAGCGGGCATTCGGGACCTCCAGCTAGTCACAGTCGTCTACTCGGGTGTGCGTCCGCACCTCCCTTGTGGGGGCTTAAGCCAGGAAGTCACAACCGGGCTCGTAGTAGAAACTGCATATTACCCCTGCTGGCTGTTTACTTGGATCTGAGACACGGCGATAGGCTTAACTTGGTACACGTCGCTTTAGTCGTAATTCTTCTCTTCTTCCCACCGCTATCTTAAGGTCTTAAACCCTACAGGCAGAGTTTTTGACAGAAGAGGTGGCCTCCTTACTGTTACAAAAAAGGATCTCGGACACTGCCCGGGACCCACGGGAGTCTGTGGGGCGTAGTTATATCGATAAGATGTTTCGGAGCAAAGGGCAACTCGGGGTTGATATAGTCACCTAATCTAGGGCGGTCGCTCCCCAGTACCGG,620,50.81,Escherichia coli
SEQ_243288,TGAACAACCGCGACACGGCTGAAATATGCTGGGCCACCGCCAAACCCGCCCTGCACCTTCCCGTGTACTATCCGTAACGCTAGGGCAATGGCTGCCGGCCGTCCTATCATAAGATGCCAATATGGTTTAGGCGCGGTTACCTGGTAGTACTACTTTTTCACGGCATATTTTGTATCCCATCAACCGGATATTCGCTACACTGTAGTTAGCGCCACTAAAGTCGGCCATGCGCTTTCTTGAACGGCAATACTGTTATCGCTGGTTCTTCTTGATTGCAGTGAGAACCTCCTCAAGTTCTTATATAGCTCATCCCTAGACGGGGTAATACCTTTGGGAATACCGAATAGCGATGAGGACGATCTCGGCTCGGACAACTCCTTTTCGACGGCTTAGGCCCTATGGATGGAACCGAAAGTCGCTGAGGAACCCTGTACAGTAAATACTAGAAGGGGGCTATTTATCACTAATTGAACATTTTCCTCTCATTATTAATAAGGTTCGAATGTAGAATGCTTGGGTAGGTGGCCAGCCAAAATTCCCTGCGCGTACAAGTGCGCAGGCGTTGCCGGGACACTACTCGGTCTTTAATAGTGCCCACCTTCCTCGTTCTAGGTTTGTGGGGAGATAGGTATAATGTCCGGAACAC,646,49.23,Escherichia coli
SEQ_600643,GAAACCCTTTGTGATGAGCAATAATACGATGCTAAAATGCTACTGCAGCGAATATTGGCATTGCATACACTACCATGGTGATGTACAACAATCGCCAAGATGTGAGGGTGAACGTCCAGGTCCGTTTCACCGTTCAAATTACCCCGTCTAACCGGGATACACTTGTTTAAGTAGCCTGGGATGCAGAACCTGGGTCTAATAACCTCATCCATGACAGGTGGGGACAGACGTTGCATGCACGTTGAGTCCCTGTCACCTCGTTGTCAGCAACACACACAATTTGCTAATAGATGCCCGAGCTGCAATTGCATCAGCTTCTCCCTTCATCGTCAGGGGGCATCACAGTGTATCGCAGTTCAATTGTGTTCCAGGTCAGGAAGGCATAAAGGTTTTCGGGACGCGCTCCCGCCCGGCCGAGTATAGGAGGGACCACCGCTCGGTAGCCTGCGTGTTGGTGGGACCGCATGCCGTACCCGTGCCTGCGAAGGAAGCCTGAACCTTCCTTATCTGCTTAGGCATCCGTTTGACGTCCCCAATAACAGGCTCGTGTTGGCTAATCGATCTGTTACCTCGTACGCGGACATCCAGACCCTAGGTTAAAGATATTGAAAGCGTCGAACTAACCGCTTTGCCAGGATAATAATGATTCCCCAGAAAGGTCAGGCGGCGGTGCGATTTGTGCTAAGAAGGATGAGTCCTACCAGTGGCTTGAATGGACATGTCACGTCGAGCTTCTACAGACGTGTTCCGGGTTCGCGCTCCTCCCTCCCTTTACATGCGGTGCTTATGGTTTCGTGTATAGAGCCGTACTACAGCTCTACCCCACAACTGATCAACCCATCAGTTTCTATATGGCCGGACGTACTGTAAGGCCTTGGGTAGCTTTGCTAGGTCGGCCCTGACTCGGTACCGTAAGGTTGTCCGAAACAAGCGGAGAGACAGACTACTGCTAATTCTCAGTACAGATCAC,970,51.44,Mus musculus
SEQ_642567,GGCGAATTGGCTCTACGCCATTTCTATTGCGGACCTTGTTCGCTGGGGTGATGACAGATACCAGGCAGCAGTGGAACCCCGACTGGATACACGGGGCTGCCTCCTTTAACGGACTTGTCAAGCGTTCATGGGACACAGACTAATGACATTCATAGTGGGTCGTCTTTATGCCCTCAGGTAGGCATCCAGCTTGTGTGCACTACAATCTCATTACTTTCGGGCGTTCTCGCGCTCACTGAAAAAGATGGCCCGGTGATGAAGAGACGTACCGGGAGTGCGCGTGTACGGTTAGGCTGAGGGGGACTGGTTCAGCGTGCGAGGGAGCAAACTGATTTTATTTGAGTATGGTGACGTTTGCATTAGGTTCTTTATACGTACTTACTTATTGGAGGACTAATCCGCTAAGCGTACTCGCAGCAGCTCGATGCGAATATGTTATTCGATCATCTAATGTCAATGGTCAGGGCGGCGAGTTGGTCGTGAGAGCGAACTGCTGAAGGATTACACCAGGACGTTCACCATTTCGGTTAGGAAACAAACCAGCTAGCAAGCCCAGAAGATGTAAGTCGTCCGGACGGGTTAAGAGGAAGACGTCAGTCATTTGGCGGTGTCAGTGTCTTTGCTTGTAGATTAGCGGCGATCGATCCATAATTGGCCGTCGGTGTGTGGCGGGGCGGCTGCGAAACCGGGTCCTTGTAAGCTATGCTGCCAACGCAGGTTCCTTCCAGCCTCCCTGACAAGCGAAGGGCATAGGATTTCAGCCACAGTTACTTGGCACAGTGCGACTTAGGATTACAGAAAGGACATGCTAGGTATCCGCGATACAATACGGGCAGCGGCTGTGAAAGCAAAAAGCTCGGGAGTTACTGCGATTTACTTTGGATTTCCATTGAGATCGGGTTTGATGCTCAACATTTGGTAACGTATACCCAGTTGGCAATCTTGTCCCTTAGACCACAGATTGGGTAGCTTCCGACACGAACTCATCCCCGCGGCCTTAACTAGCCGCATCATCGACAGACCAAGCGGAAAATTTCCACGTCTCTAAACTTCCCTGACTATCGTGACCGCGAATCGAATACTAC,1085,50.97,Caenorhabditis elegans
SEQ_838203,GATCTGACGTGCATCGGTGGTGGGAACCGCTCATTCCCAACGAATCATACATCACTAGCCTACAAGATGTTTGTAGCGAGCTTGAATCTCTCCCATAATTTCGATACACAGCGTTATCTGCGGTGCCTCTCAAGTGAACTAGAAGGGCAATGTGTCGGTTAAGCGAAAGGCTATGCCCTTCCCGCGCTTGTGACGCGAGGCATTGGGCGGTTGACAGTTTTAAATAAACGCTGTAAGTGGATATATGGTACCAATAGGCCGCGCAGCGGCGAAAATTCTCGATCAAGTGACTAACATTCGCTGTTACTCGCACAACTCTGGTCGCCGCCTTCCAGATTCAATGATATCATTAATGGTTGACAGCTAGTATTTTCGCGTCCAATCAGCCATGACGATCGTGCGCAGAGCTTCGGCTTCTCACTGTATCCTTACATTCAGGGCGTCGGCAGTAGCCCCGGGGTTGGGGAAACAATACATGCATTACCAGCAATTTTTCCCCACGTACCAACGCCGACTAAAAAACTCGATCGTCAGAAGGCCCTCTTCATGGCCCAAAGTCTCTTTAAGTGGAGTCTGGGTCGGCCAATCCTATTCTCAACAAATCGTTCGATCACCCCTGGTGTAGGACAATTAAAGTCAGTTCGAATCGAGGAGTGCGCGTTGAGGAAGATTACTGCAAATGCGATGAAAGACGTGAGCCGGCGCCTTCATATCTACGTGTTGGTTTATTCCACATAGCGTTCGTTGGAGCTCAGTCGCAGTTTTACACTCAGAGTGTCTAATGGTCGAACAGGGGGGCCGTGACGGAATTCACGCTGAAGTCACACGTATTGGAACGTGCTCGACATCATCGGAGACAACCCGG,865,49.83,Arabidopsis thaliana
SEQ_840329,AATTCCCCTGTCGCGCTAACTTGTGTGATACTTCTGTGTCGGGGCTAGGGACTGTGCAGCCGTGTTCGTGTCTGACGGCCTTAGCACAACTCGAGAAGCCATATAGGCGAAGTTTCTTGGGTTTCTGCATTACTGCATCTTCTATAATATAACCTAATAATCGCCTTTCTTGGCTTTTAAAGCACCATTCGTCGAACGTAAAAAATTGGCGGACGGACAGTCATTTTTTTGGGGGTTATATCATATGCACTGATGATTGGTCATAAGGGGTTCTGTGAGAGGCGTGTACGAGACCCTTAACTAGGCACCTCTCATTCCTGGGAACGTTTTCGCCCGCACTACTCGTGTCTAGTACGTACGCCGACTGCAAACCCGGCCAGGCTCTTCCAGGGCAAACTCTTCCGAAGGTACTCGGTATTGATTTTCCGGTGTGTGACATATAAGCACTCATATTACAACCGAGCCTCCATCCTTGGCGTAATATCAGCAACCGAAAGTGTCGGCTTGATTCCTGCGTATTGGCATTTGGGTTTGCCAAGGCCTTGCTAATAGACGTTTTAAGGAATGTTTATTTAGAAGATTAAAATACAGCGATAAGACTTTCCTTGGCCGAATCTTGGTAAACGGCTAGTGTTCATCCGATTGAGGGTAAGTAGGGTGCCATCCGCCCTGAAGCGAACGGGTCTCTTAGCACGTTCCTACCAAGTTTGCTGAATTCAGGAAGAGATCCGACGCAGCACTAATGGCCTAGGGTAAATCTCCCCAGCAGTATCGCGCCTATTGCGATACCCTATACGCCTTCTGCCGTCCGTCCTGGATAAAG,823,48.12,Arabidopsis thaliana
SEQ_452220,CTGACATGCTCACTAACGGGCTTGTTTAACGACGGACTCGGACTCCAAGCATATCGGGGTTCCCTTCGTAGACGCCTTCGTTCAGGCTCTGTCGCTCGAGAACAGACCTGTATCCAATGCCAACCCTACCGACAGCGCTGGAGGTATGACACGCGCTAGTCGGGTTAGGTTTAGTGAGGGATAAATGTCAGCGGGGGTTAGATCGAGCATAGACAACTACACACCGGTGTTTCAAAAGGGAGTCCGTAGGTCTCTTGGCCGAGCATTTAGCCACGTCGGCCGAGACCAAACAGGGCATAAGCAGACACAGTACACGTGCGGTGGCCGCGTGCGCCAGCGCATGCAAGCGAGCCGCCACGGAGAGTCTACGGGCGCATAAAGAGACACAACCATTTACTCTGGGGGCACATGGGTGGATTTTCCCGTAACCGCATCTGGGCGCGAAAATTCCAACCTAAGTCCGGTGAGCTGCATGAATAGCGGGCTGGGCTGCGTTTTGTAAACCTGAGCGAAAACATTCGCTCGAATTCTAGCGTCGGTAGGTTCTATCAGGCTTCGTTGCTGGTCCTCCACTTACGATGGTCACCAGCTTGTGGCATCTGAATGCTACTGTTCATTCTGGCGGGAGCCACCGGGAAACGAGCTGCTAAGAAAATATCCGATTCCGCAACCAGTGCATGCAGCCCGTGAAAGCTCTTATCTGTTAGAATTTTGCCCATCGATAACACATCGTCCGGGGAACTCCCACGAGTCGCTGGAAACAGCGATGTACCATCCGTCACTCTTCAGCAGTAGCCCACGCTGGTTCACACAATCATGATTAGCGGTCTGCCCGTTGCGGCGGAGAGATAGTAACGAAGTTCGCTCCTGCGACGGCGATGCCACATTCCAGCGCGGCGTAC,902,54.88,Escherichia coli
SEQ_331089,AGGCACCATACTAAGCTGTGGGCATAGTATCCGCGGGCTTAATGGACGTTCTGTTCTGTTTTCTTTCCAACAGCGCAACTCTGAGCCATGCATCGCTGGAACTGCGGCGCCGGCTTGCGCCACTGTTGTACGACTTGACAGTCAGCGTACACAGTTCTTGAACTTAAGTATCATGTGGGATGCTTCTCGGTGATTCCATATGAGCTTGATGCTCGACCTCACTATAATCTCAGAATGTTCTGGAAAACCAACCTATGCCACATTGCTGATTTAGGTATGAACCAGAAGGATGCTTTAACCATACGTTTTATCAGGGTAAACTAGAGGCCCATTGTTCATTAGCAGTCAGACTGTCGCAAAAAGCTGGCTTCGTGTGTATACGCACGTAGATGGGTGACAGTACTCATGTATGGAAGTACATGCAACAACCTACTTAATCTCAGATTGTTTGGAAATTCTGCTTTGGCGCGAAAAGGAGAGTAAGCCTGCATTCCATCAAGACCTGGTGGGACCGACCACGGTCCTCCCTCCGAATCTCTGAATCAACTCGTGCATGTGGAAAGTCTCTGCGTTCATGATCCGAACCACGAGTATGGACCGGTCGATAGGTACACTCGTCATAATCGCGGCAGCTTACCTAATGTTTGGACTATTGGAATTCACAGATCATCTCACGGGACGTCGTCTTTGCATTTCATGGGGTTTATTGATCTTCCCTAGTCT,723,47.3,Homo sapiens
SEQ_798132,TAAGAGGCCGTTAGCACGCCATCACTCATCATGGGATTCTTCAGTAGAAGACGCGCTAAGGTGGTTATTAAGCGTGACCGGAGGTACCACGTATTGATGATGAGGGGTCCTATATATTCGATATGTCCTACTGTCCGTGAATGTGTCACATGTGTTGACGAGATCGAATGACCGCTTATACTATGTTGTGTTCATAGCGCAGTCCATCTCACTGCCAATTATCCAGCAGGTATCGCTGACACAGAGTTGACATGTTGCAGTCCCTGGCGATTTGAGGCTTTATCAGGGCCAGCACGCGCGCTCCCTCCATCCCGATCGATGAGCACCACACCAGCTAAGAGGGGACAATAATGTTGCAACTTCGAACTCCCCGTCGGGTAGTTCTAGCCTGTTTATACATTCCGCGCTTCGTTTAGAGAGTTAAACGTTTATGCCTTTTTAAAAACAAATCTGCCCCATCTGTACCAGATTCACCACGTGTACCAAATGTCCAGCAGACTAGATGCCAAGTTACGTCCCTTGGTGACAGTATTCGAAATTTCCGGATAACTCCCACAATCGTGTCCGGTAAGCCCACATTAATTTCCCCTGCGCTTGGGTGGTTTCAAAGGTTTTGACAGGCAGAATCGTGGTTAATTTTGGCTTTACGCCAACGAAACTAACGGTCAAGGTCAAAATGTATCCTCAGGATCAGACGGCAATAGAATCGCTGCGAGGAAGAATTCACGACGGGTATTGCCACCTTGCCCGGGCGGGTTTAGCATAAGGTTGTAATTTCCGTTACTGGGTTATCTCACTAACTTACTCCCACAGGAAAGGGTGCGAAACATGAGTCTACGTAGTGGGGGTATGAACAGAAATATGCTTCCAGGTCCGGCGTATATTGCAATTAACGTGTATTCGGGACTAATAGAACGCCCTCCCCGTCCAAGGAGCTCCCAGCCCCCAGTGCGAGTCGACGCATCAGCCGATGTGTTGTCGAGCCCGCAGGTACAATGCCAACTCCAAAGCCTATGGAAGGTAGCGGTGCGCAAGTGAGACCATTTTATGCGGGAGATCCGCCCATCAATGGTCAATAGAACCGCACGCGTGCGCGTGCGGGCCAGATCCGCAAGCCCGAGCCATATCTCTTACAACCTGGCGCCCAATATAATCTTTCCCTATGAGCCCTCTGGACCCTTTCCAATCAACGCCAACGAATGCCTAGGTCGTCACCCCCATGCTATACTGTGACAGATTTCCACACAGCCTACGAGGTACGTACAGCTTTTTTCGACGTGGAGCGTCACGTATGATTGCAACGAGCTTATCAGTAGGTCCACTAGACGTACCAGGTGGGAGTGGAAGTTTGTCTGAACGCTACACCCAAGTCTACCTGTTGTTCTAGAGCGGCCTTATGTGGTAAGGATCGCGTAAGACCTTACCTGAAATTGACACCGTCTGCTAGCTGTACCACTGCATAGGGTTCACCCTTACACTTCAGAAGGGAATCGGAGACGGCAGATGGTCATTAAACCCTAACGACCTTGTAGTGCAACGGAGCCCAATTAAAGTGCTGGGCCCAGAGTCCACCAGTTCAGGCACTAGAGAGGCCGCGGCAACTGGGAACTGGGCGACGTTTAGCATACCAGTAGCGCGTAATTCTACCAAGCGCTACGATATCCCGGCTTACATGGATGTGTATACCTGGAAAGGGCACTCTCTCAGAGGCGATTGTGTCAAAGCATCAAATAACAGGCTCTGGTGTCGGCTATAATTCCACATGTGGGGGGCTGTGCTGTATGTACATGTGGGTCTGCCCGCCGCCTGAGGGGCGTAGCTCGGACGTAATTATATTTTACTATTGCTCAAGTACCCTCATTTGAATCCCAGGCACCGGCGCGTTACGGCCTGCTGGCGTAAAACGTGAACACTAAAAAGCTATGGAGCCCGGAGGTGGGGTAGCTAACGTACTGGTGCGACCGTGTTCCGGAAAA,1976,50.81,Caenorhabditis elegans
SEQ_791190,TCCTGAACTCGACCTCGTGCAGCCTTGTTCCATTAATGAAGAATGGGACCGGGTGGATAAATCAAGACGAACGTCCATGAGTCCGTCTATAGTCTCCGAGGTGAGGCGGTGCTAAGAATTATATGTTGCTGTGTCGAGGATATCCAATGATATAGGATTTTTAACATTGGTTTCAAGGTATCGTCAGCTTCATTTAGGAGCCGAGTGCTGTTATAATACTCGTGAATACAAGTTATGGTTTGAGACGGCGAGCAGAAGACCCTAGCCGGTACTGACAACTACTCATAAGAGGTAGGCCGACGGAACTTCGGCTTAGTATGGAAGAAAGCGCAGTGAGTGAATCGAGACTTCCAAGGCGCCAATTAAGACCAGCTGGTTGGGAAGTAGACGAGTAATCTGCCCGTGTTTTTGGGCCCGAATACCCCAGTGCAACCGTGGCGTCTCTCGTACGTCACACACCGCAGTTGCGTCATGCGTGCGCGCCAGCCTGTAGAATCTATAATCATCTGCTAGCAAAGAGTGTCACCAAATACCGAGATTATTTCCTTAACGCTCTCTGCCAGCTCCGCGACACGGGTTAAAGTAGACTAGAGCTACTCTGATCATCTTCGAACTTCGGTTGAAGGGAAAGACTGATGCAGGGTGCAGAAGAGTATTTCGCCTAATGCTTTACACGCGTTCGGTCACGAGACACGGAGAGGTTCACTTCGTATGCCCGTTGTAATTCTTACCGCCCTATCTTTTTGAGAACGTACCAATGCTACTTGCTCCGAGTTGATGCGATTCGTTGGAGCTTAATCTGACCAGTATTGTGTCTGTTAGTGTCGGGCCGTCGCGTCGCTCGCTTTGGACGCTAGGGGCGCATAGACAGAGGAGGAGAGAGGCAGTACCGACCGTCAGACAAAATGAAGGACATGCTGACACATTTCACTCATAGGTATCAGTGCAAAGGGCCCAGCGAGCACTGTACTGAGTAACATGCACCCACCCCATGCATAGCTCTCAGCCTCGAACTATTCATTGGCAATCTCGCTCCCCAATAGGGAAAAGAGATCGTGATCCCCGGTGTTGAGCACTGCGCCACTCAAGTCAGCGGCTTCTATATGATCTGCCCTTAGTTGCAAGTGAAACAAGACTGCGTCTGTTAACCAAGGAACGCTTTCTTGGTTTGAGAGAAGGGGGGCCTCTGAGATGAGAAAGGGGTCCGTGACAAGATTCCCCACATTTTCTGGTAACCTATCCTGGTCGCCTCGCTTTTGCATGAAAACACTACATCCCCACAGCCTGGAAAAAATTGTTACGTAGCCCTAACTAGGCTGTTGACGATCACACTGCTAATATTAGCTCAGGATGTCCGAGGAGATAGTGAACCTAGGGACCGCATTAGGTAAGGCTTCAACCGGCCTCAGTTAGATTCCAGATACACCGGGGCAAGGAGACTTTTCCCTACCCCATGTATCACAGTTAGTCTTATCCATCGTTTTGAGATTTTGTTGCCTCCCTTTACCAATCGCAACATCGCCCCTCAAGACAAAGAAAAGAATGGAGCAGGTATGTGCGGTTCCCGTCCATATGCGGAAGTAAGTTCCAGCACATAGGGATGCCGGAGATACCACGTACACCGATATTGAGGCACGCAGCTCCGAGCATGCTGTCCCAACACTTCCCATTCGGATAGTTTCCTTCTCTCTCACCCCTTCTCCCAGATTGCCA,1713,49.62,Homo sapiens
SEQ_279353,AGCCGGTTTTAGGGCTCCCATCTTTGATTGCGCCCACGATCATATGTCGTATAGAATTCAGTCGTTCCTGACAACTAGGGGTAGTCGATGAATCGTTATCTACCTCACAATGGTGCTCAATGCCGGATCTTTCCACACCGGGCGATCTGTTCCGCTCATACCCCGGTGTCATCGAGCGCAGGCAGGTGGGATGCCGAGATCCAATTCCTCCCACCTCGGTGTCACGACTAAACTCCCTACTTTAGTTGCAAGCCCCCCCTCGTCTTGGAGTAGACACTATCCTTTCGGGCTTCTTTAGCCAGATCGTCAACGAGACGGCTATAAACATCTAAATGAGGGTCTGGGTAGACTCCGATAGTCCCCATTATTGCTAATCGCGGCCTGGCCTGCTTCCGTCGTTTCGAACATCTATGCCGCAAGTGTCGATCAAGGCTTAGTTCAGTCAACTACTCCAACGGGCCAACTCGATCTATTTGGCTCAGCCTTTTTTCAAGACCTGCAACCACGACCGCGAGACGACGCCATGACTCCGTAGTACTATGTTTCACCTTAGTTCCGCTGTAAAGTATAACCAGACCTTTGACCGTAGCCCAGGTACCTTGAACGCTATCTAAGGGTGAGCAATTGGACTTTTGACCTCCCGTTTAGATCGCACCCGGACCCAAAACCCTCTGTAACCCTGGAGCTCCGTAAGAGGACCGGTATTCACGCCGTGACACGGCGATACGTCCGATGACGGCTGGATCTAAGCTGTGACGGAAGTGACCCATCTTCGTGAAAATCGCGCTCGGAACTGTCTAGAGCTTGGACGCTGGAGCGTTACCGTTACGCCGGACCGGTGAGCCTGGAGCCTATGGCTTTCTGTGGATATCAGAGGGA,879,52.79,Escherichia coli
SEQ_457774,CCGAAACATCTGACCATGACTATGTTGTTAACAAGATTGTTCTGATCTACCGATGAGGGCGCACAGCCGAGAGGGTGGTGAGAGCCATCGCTAGATGTGATCTCTCCTGAGAGGTTTAATTAGGGGAATTGCTTCGCGGCGTTCCACTATACGGGGACACGGGGCAGCACCACCCCCCGGAAATTGTTACTGGACTCCTAGTGACGAGGATTGGATTACCTACCCTAGCCTTCGAGTGCAGTAAATACTGCGCTTAAGCCAATCCCATTACGTGTTTAAGTTCATACGGGACAGACACCTAGAATACAAAAGACCTGAATAAACCGCCGTTGACGTGCGAAGAGTGGAGCCTTTTGGGGCACCTAAGCCGGGTGTTCGCACGGCGCAAAGACGGCGAGCTAGTTCCGCTATGCGGTATCAGCGCATACACGCGTCACGAGGAACTGAGGAATTCGTGCTGTCACCAAAGAAGTCTTCACATGGTTACTTTTGGGTAAACTAAAGGCTGTGCTCGGTACATGCTGTGGTCACGCTAGGCGGACTCAGGGAAATTTTTTCGTTGCCGCTTCATGAATGGTTCCACGAATACAAGTGAAGATGCCCGCCAAATTACGTCTTATTAAAGTTTGAAAGGCCCATAACTTATTTAGATACATCGGGACAGGGTGATCCGTGATCGTTCTGAGTTCCTCGTGCTGCGTATAAAATCACCGCCCACGCTTGGCGGAGTCCACTGAGGTCCGGAGCCGGAGGTCCTCTGGTC,763,51.11,Mus musculus
SEQ_332263,CCACAAACCTCGGCTAATGTTTCTAGAGCAGTATCTCCGGGATTCTGGTTGCGAGTGTTCCTGAACAAATTAAAATTGAAAAAATAGAGACTCACAACGCAAAAACTTTCTCAGTATATGGGTGACGGCAGTCGTGTTGGTCATAGGAAGCGGCGCGTACGGTCCCTATGCATCCGATAGCTCTCGGCCACTGAGCTTGTTCGTATACACAATAGCCTGACTCACAAGTAATAAACAACACTAGGTACTACATGGCTTACTGAAGCGGCTGTGATACAACCACAATTATAGTGTCTCCGGACAAGCCCATCGCTTACCTAAGGTGCGACTTACCCTATCTCACCAGCTCATATTCCGGGAGAATCCACCCTTACAAGTAAGCGTGCGCATAACTCGTCCGGGATCGGATGTACACAGTTAATTTACCAAAGATTCAGCTTGCTAATATTGGCCGCATAACCTTAGGGCTACGAGCCTTACTCTGAGGGGCTAGTATACGAGCGCGCTGTGCAAAGAAGGCTAATTGGTCTGTACAGAGAAGTTACGCAGGGTATAGTGCCGTGCGCTCGTTCTATGGGTATTAAGAACAATGCTCCGCTACGAAAGTGACTGTTTGCGCGTTCCGTCGCTAAAAGGTTATATGGCCGCCAGGGCGCTCGTTGTACTGAACATCCCTGGAGATCCAGCTAACCCGTATCTGGACTTGACTCACAAAAAATGAGGGCAGTTCAGGATTTATATGAGTGCCACCATAGCTCTATCATCGACGGCCGGTGATCCCTAGTGGTCTTGCAGGGCTTCTATCAAAGCGGACCCACCAGGATGGACTATGAAATGGTCTTTCCATGTTGCCAAGCAACTGATCGTATAAATCTGAGGACTTCGACGACTGCGCCTCATGGACCGTCTCGCCCTCAGACCATGGTATCTGGGGGGGAAATCCGACCCTTAACCCAGCATGTCTGACCCGGGGTGATTGTCGATCTCGTACCCACCAGCCGCAGCTCACGGTTGTAAATATAGTTCCTCCGACTCAAGCTGCTCTAGCAGCTGCTTAGTATAACTGCACGCAAGGCACAGTGTACTCAGGACGTTTTACAAAGCAGGCACGTGAACTACAGCCGCAGGTCACTTCACCGCTCCATGTGCGACTCCCATATTGTTGGTCCCAAGGAATATGGTACGGGACCTATTTTGGCTGTGTAAAACATACCCGTCAAGTCGCTAGACCGGCAGCCCCAAGCCAAATGTAAGCCATCCACCAGGGCGACAATTGTCTCACACACACCACAGCCTATAGTTCGTAAACTTCAGCATCCGCGCACCTAATTGCACGTCGCAATGATGAGTTAACGATAAGCCTGTCCGCTAGGGCGGCAATGCGAAGTCAATGCGAGTCAAGGCACTGATCTCATTCGCTTTGGTCTTGATTCGCTTATCGCGTAGTGCAGGGACGGATAGAGTATCCGGTAAGGTCAGAGGGTTGGTGTAGTCTCGCAAC,1501,50.17,Mus musculus
SEQ_542188,AAATGGTAATTACCGGGCAATTTCCGGTGCTGGTCCCAGGAACTACCAGACAACTTAAACTTTAGGTCATTACACCACCGTTAGGAGTCAAGCCGACCTAGTCTTGTAAACCAATGACCATGTGCTTCTGCTAACCCACGGGGGTGGTGTAGCTAGTTTGGGAAGCTGCCCGTGGTGTACATTGTACTTAGCCGGTGTATAACTGTGCTCCTCCGCAGGCGTTACTTTCCGTCGGTCAATAAAGTCAAGGTGGCAGAGATAGGCCCTGCGAGTGGCTATCCACCATGGGAGTACGACTTTTCCCTGCCGATTGAGGGCTCTCTCGCGCTCCCAATTCATCGGCCAGGGGAACTAATCGCACCACAGAAGCTCTCTTACGCATTAGACACGTGTTTTCAGCGTCCTCCAGCCGCGTGTAGCCCGTACGCTCCCCTTACAAGCTACGTAATGTCCCTGGCTGATAACCTTATACACAAAACGCGGCTTGCGATGGATTCCTAAGAATAAAGCACAGAATCTGACCATAGGGCTAGCGCCAGTGAAAATATAGATTACGCTACGGCAACATTGGCAAGGTCAAATTCCGATTTATCCGAGGTGTTATTAGACTAGCAATACGACCGATTATGGGTTAATGATCCGTTGGAAACACTTTCTGAGCATTCCTGGTGTGTGCATAAAGTTCCCATCAACTACTACGCATAGGCTAAGCTTAGTATTCCAGAACCTTGCGTGTCGTGGTGTAATCGCGCACGTGCGAGCGACCGCGCATCTGGCGCTGATGACTGACCCCTTTCGGAATCCTGCCGAGCCACTGGGCGAAGGGCCAGATCAGTGGCAGAGATGCCC,849,51.24,Arabidopsis thaliana
SEQ_840154,CGGGGCGGTTGGGATGTAGGATGTTATTAATCCAACTGCCTAAGGAATGACCGTAGGGACGATTCTTCGACCTCAAGATCTATAGTTTACCTGGAATAATCAGTGTTACTTATGGAGCCGCCGACGCCAGTCCCTCAAACGTTAGTGGGACAAGTAGCCAGGGTAGACGGCTAGAGGCTTCAGATCACACGGAATCGAGACCGCAAAAGCGTCGCTCGCCGAAACGAGGCCTTGAAAAAGACCTATCTTGTGTGAGCAGTAGGGAGCATGCAAACCCTAGAGTGACCGATCCAATCACAGTGTACTACTGTGGAGCATTTTACTAGGTTCAAGACTACCGTGTTTAATTATTATTGGCAGCTGTTCTCTGGTTTTCCGCGGCGACACAATACTTGAAAGGGAGGTATACATGAGCTAGCACTATGTATTGTGTGTGAGTGTGTTGCCTGTACAATCTGGCATGATTGGGGAGGAACCAAGGGTACACCAGCCAGCCGGCGTTCCTAAGAAGTTATCTAGTGCGCAGGGCGCGTCGTTGAGCGATATAATGAAATTCCCCTGGCTAAGTCATATATTCTGAGAGCAGCAACAGCGGACAACCAGTCCCAATGTTATCGTCAGTCTCACCGGGTCTGTCGACGGATCCCCCTGTGAGCGGTGTGCGTTGCCGCGATATTCACGGGGGTCCTTGAAACGACCCTACGGACCGTGCATAAGCAGTTTTCGGCAGTCCGCGGTGCTTCTGAGATAGCACGCGAGTGTCAGTTACCAGTTAAGGGGCGAGATGTCGGACTACGATGCTCAAGGGGGGCGGTTATGGGAACGTTACTTAATATCAAGTGTGTGCTCGAAATTCTGTCTAACACGACTCCAGGTGATCCGCTGTCGCCTACACAAGGGGGAAATTCAAAACGTCCAGGGTCCATGACGGCACGGGAGTGTTGACTGCGCAGTGTCATTTAGAAAGGGTCTGATTTCGTAAACGAAAATAAATCATCAGCCGACTAAGTGGCCCGAATGGGTGAGGTGTCTGACAGTGACAGCATGGCCTACCCCTGAATTTGCCGTACGCTAAACAACAGAAAATAGAGGCTCAGAAAACAGTGAACGCTTATCAGCATCGATGAGCTCACGCAAGTAGGTTCGAAACGTTATTGGTCTCTAAAATTGGGTTCATGTTGGCACGTGCGCAATCGGCGGAAATCTCGGGGTTAGAAGTAAGTTACCCACTATAATGAGTTAGTGAGCGACCGGGCCGAAATTTTGCTCGTCCGACTTTAGATCGCGTAGATTAATCTGGTATTGTGACAGACTCCTTTGTTTACCTTCGCGGACTAAGATAAAACTATTGTCATAGGGAACTT,1364,49.41,Mus musculus
SEQ_972019,ACCGAGATGAAACAGCTCAACATATATCTAACTCGTCCAAGCGAGTGAATACAGGGCATAAGTCGTAACTCCAGGTTGTTCCCATGACCGAGGTTGTGTAGAATTATCCGAGTCTAGCCATCCGGCTAAAGTCAGGGGGTGAATCTTTAAGTTGAGATACTCATTGTCCATTTGGGCTCTTTAAGGAGATCGTTCCAAATATATATTGAGGCGGCAGATTATAGGCCGTGAACAAATGATGCCCTCCTAGAACTATGGCCAACTACAATGTGTCGACAACTCGACTATCGCTTCCATACAGCTGAAGAAAAAGTCAGGCGTGTGGCATCACACTGGAAGCGGTATGCCTGTTCTAGCGACGGCGTTCGTTTTATGCTACTCTATATAGCTATATCTTGGAGCTAACACTCCGCAGCGATCTGCGGAGACTGTTTACAGCCCCGTCAGTCGTTTCCTGTTTACTGCTAGCCGTTATAAGTAATCGATAGCAAGTACGATACTGGGGCCAGCAGACTGACGCCACCAGTTTATCAAGCGGTGTACCCTTACGGCGCCAGACCTATGGTGTTGGCCTCGTCTGAGCTAAGCAAGGCTGGTAGGGGCTAGGTGTAGATAGCCGTGGTGATAGTTTTTCCTTAACCACTTACAAGTTGGGTATCTCTTTAGGGGGAGGATACCGGGTCAAGTGGGTTCACAGAAGTAGAAGGTCCCACGCCGTACTCGTATGGAGAAGTGCAGTAAGCTAACAGAACGCACATCTTGGCAATACTAACACTAATCTAGGAGTCCAGACCCTATTCGTAGGCCTACGGATCAGATGTTGCTCCTGGTAGTACTGCCATGGTACAAGAGGCCGCCTGGTAGTCCGACAGGTAGCATTCATTCATAATTTACCGCAAGCTGAGCTTCGTTGCCCCTTGTGTAGGCCAAGCCGTAGCAATATCACCAAGAGCCAATAGCACGACTACCCAGCATCTTTATACGCCCTTACGCGTTATTCATTTTAGACGCTACGTAGATGACCCTAGCCAAGACCCGACCTACTGCGTGTTAGATAACGAGGGGTTTCGCCTCTGTTTACAACAGGCCAGTGGCGCATTCAGCTGTCGTTCACGCTGTGGAGATTGTGCTTCCAGCTCCATGCGCTAGACAGTACCATGCGCTGGATAAGCCGACTGTGTTTAAACCCAGAGCCTGTACTGCTGTAATGCCATTTATCCCATGGTGGGCGACTAATTACCAGCATAGCATAAAACCATCAAAGGGCGGCGGGCATTAATTCTGGATCCCGACCTCGTTACTTGCCAACAAGGGTTGGGTGGTGACTGAGTTGAAAGCCGCTCACTTTAATGCAGGAGTCTAGGAACGACTCGCGTGACTCCAAATCAGCGAGCATTTAATCGGTCTCACATGTGGGCCTCACCCGGTCATGTTTAGGTTCGTTAGGGAATCCTGGGCAAAGTTGAACTAAAAGATTGGCAGCACGCCACGGCCTTTAGTTAAGGAGGCCACGCGCGGCGATTGCCATGCCTTATAGTACCCCCTCCATCTGCCTGCACGAACAGCTCACCTCGGGTCGCCCCTTCCTCCGTTACTGTGGGATGTATTCCCCCCTGATTTCGTGAATTCATAGCGAAGGCTAACTACTGGAGACATGATGACCCCTTCTAACTAGGATCTCCCATAATCAGGTGTGGGTCCCGTGGTTCTCGTAGGTAATGCCAGCCCCGAGTCTGTAGACAGATAGGACGCCCGG,1756,50.34,Arabidopsis thaliana
SEQ_806863,AGAACAGACGCCGGCCCACCTCAGTAGCAGTAAGGCCCAGGCTCACTCCCAATTTCTTCTGAGGGCAGACCAATCGTCAATATTGGTACTCTAGAACGCGGCCTGGCCGTGTGACCAATCGCTGGAACAAAGGGATAACCCCAGCGCTGGAAGGACGCCTCCGGAATGGGCTACACGAGACGAGGCAACGTTATCGGCGTTGCCGAACCTGAGCCACTCACCCTCTCTGATGGTTGCAACACCCAATTGTCCGCACGTGTAGTTGGGCTGGGCACACTGCACTTGGAGCCATTCTTGACTAGCCCAACAACAAATGATCCTGCCCCTAACCATTCCATCGTCAAAGCCGTAGGTATTCGATAGAAAATCAGTAACGAGCCATCAGCCGGTCCATCCTCATTTTCTCTTGGAGGTAGCTCCACAGCGCGGAGCCATGGCGTCTTCACATTAGGGCGCCTGTGAACGTGCAAACACCCGTCCGATGTTTTCCTTGTTAGGCACACCGTTTGGCCTGGGCGCACACACACTGTCGCGCATACGTAACGACACCTATACAAGCCGTCGCGTGAGCGGTGACCGCTGGGTCTTAGCAAGGACTAGGTTACCTAGATCATCATTTAGAGGGACAATTAGGTACAAAAGGGCTACATAATAGCTGGTGAGGAGCCGTCTTTTGACGTCAATCGTATTCACCAGGGTCCACCTAAGCAACTCCTATTACGACCACAACGCCTGGAGGGCTCCATCCGCAACAACCAAAGGCTGGGAAACCTAGAGATAGCCGGAGCTATATGGGACTCATTCTGCGACCAGGGTTTCACACTGTAGCGAATACAGCGGAGCCGTAGGAGGTCGGGGTACCCGCGAACCGTGGAGTGTCTGCCAGAACCGGCGTCTCCCAACGTCCCCGCAAATAGCTTGTAACACATGGTTATTCATCACGCGTGGGTACTATCGGCCGTCGGGGCTAGTGTTCAGTAAAGCGATTGTAAGGCACGGGCATTTCTCTCATGCAGCTCGAGTGATTCCATACTAAGCATACACGAAATGGTTGACCTTTACAGCAGCTGTGCAATCCCCAGGCACGTCATCCTTGTTAAGCCTACCGCCTTTCTCCTTGACTAACCATTTAATCATAGACCTTTCAATGGTACAACCGATTGACGTGTGCGCGTTGCTTTGACCTTTGATCAAGAGCTGCCATCCCTCTAAACTTGTGGCACACTAACAAAGGTAGTACATGCGGCACGTCGCTAGGGTTTTCGCAATCGTTGCATAGCAGCTCGCGAGTTTAGGGAAGGATTGGGTCAGTATGAGCTCGGGACAAAGAGTCCGGCACTACCGACCTACTTTGTGGATTCAGGATATGTAGTTTCTACATCAAGTGTCGTAAGTGATATCCGGCCGTCCGGTTTTTACCACACCCCCTCGGGGTCACATATTGACAAGAGAATGGGTTGGGAAAGGCGGCTCATAGGTCTGGCAGCAAAGGGAGAAGGTTCCTAAAAGATGGCCTTGCACTGATATGAGTGCATTCGGAGTATGAGCGAAGCCAGAGAATACTCCTGTGCTTTAGCATATTCGCCTCGCCCCCCTCGTCGTCTGTGATTCTAAATAACGTGCTACAGAGATGAGATGTAGTGTACACTCCAAGCTTCGAGTATATGCTCATCTTTCGTACACCTGGAAAGA,1692,52.01,Mus musculus
SEQ_483832,ACTTAGATTCTTAGCTGACGCTTTTGCACGAGGCAGTGCGGCACAGATCGGTAGGAGAACCCTCTGGCAGATATACCCCGGTTGAGTAACGGAGCTTCGCTGATTGGTTTCTACATTAGGTGACTGAGGCCATCTATGATCTACTGCACGAAGTTAATGCGCATAATAGATGTTATCAACGGCCTTAGGTGATAGTGTCGCGCTAAGGTTACAGGAGTCACGGAACCCTACCCTACTGTAGCTGTGTCAAAGGCGTATGGTTGTGGAATAGGAGACAAGTGCGGCCGACGGGAGTAGACCGAATTAGTTCACTCGTTGCTGAGGGCGTTGCCTCGATTGAAACGGGCGCTACGCGTCAAGGCACTGGAAGCAAGATACTGCCTTATTTAATACATGTTCTATCTCAAATTCAGTGTCAACTCCGTTGCATGGCACGTATCCGCTGCATATCGTAATGATGAAGCGGATCGCTGCGTTAAATTTTCATACGGAGCAAGATCCTATAATCCCGGCTAGCGGCACTGCCGGATTTTCATTGTACGGGTTTTGCCGCGATCCCCAAGCCTCCCCCACCAATCAAACGCGGCCGACCACGGGCAAGTACTCTTTTAGGGCGGTCGCAGTAGTATCACGTGATGTATTCCCCAATTTTCTTCAAACTCCCCAGGCGCATTGTGCGCCGAGGTAGATTAACTCGGTAACGTGAGCCCGGGCTGTGTGGTTTGGTAAAGTGGAAGGGAAACGTCCGTAGCGGCCAAGCTTGGGAAGGATATTGAAGAACACGAGGCGACTTAGGCGGGTCGTTAGTTCGAGCAATGCGGACCACCTATGTCAGGATCCGGCCCTAGGATTCTGAAAAGAGCTTGAGCGGTTTGCTGAAAAATCGGGCGAAAGAGTAGTACATTTACAGCAGGGGAGGGTCTATGACTTGCCAGTCGGTATAATCCCCCTCAAGTACTATTCGGCTGGGGTGTGTCCTCCACATACGGTGCTCCAATATATACAGTATCGCCGTTAGGGGAAGAAAATCTGCCAAGGCTGGCTGTGTGGACTCGGTGTTAGCCCGTCTGTGTGTCGCACTTAACAAGTCTTCTGTTCGTGCAGTCAGGGACGGCTAGAGTCACTCGATAGTATCGGTTGAAAATTCGTTACGCAACCTC,1160,51.03,Caenorhabditis elegans
SEQ_620633,ACCGTAGTATCCGCATGTCCTGCGTGCGTCCTTTATCTAGTGGTCAGGACCAATAGGTCCACGAGGGAGCACTTCGAATAACCGGATGCATCAGGACCCGCCCCTAACGACTAGGCACCCCGGTCTACGTACGTTTAACGTTATGCTTACAATCGCCGTCTAGGTACGTTACTTCCCATTATTGCATTTAGTAATAGGCTCCGCGCTGGCACATGAGCC,219,52.51,Escherichia coli
SEQ_897075,TACTCACGTGGTTCCGTGGCCTTGCTAGTCCAACGCGACCCCTACGATAGATTTCTTCGCGCGGCGCTGGTTGATCTTTAACTAGGGATTTTCCCAATAGCCGCCGTGTTCATGCATTGTCCCAGCAAACCCCGGGACATCTCCAAAACCACTGTTCATCGATCATTAGTTATTTAATCCCACTCCAAACGAATGATGTTCGGGACAAAATACAAGAACAGGGGGGTAAAATCGCTTTTTGTAGCTGAAGGTTAAGACGTAAGATATGCAATCGGACATACCGGTCTTGAAACCTACATGAGATTGTCCGTAGCGCGATGTACGCCGGGGACTATTCGATTGTATACGCCCCTGAGGTATATTATACTCCCCGTCCACTCGGACCTTCAGGGCCATTGCTGCGTGCAGATTCAACGCAATTTAATGCATAAGGGGCCAGCTAGGGGGGATTGGGTGCGATTACACGCCTGTCATCGCGCCTAGGCATCGATCATAGCAATCTGTAGGCAGTTTGACCCGCGTAAATGAAATACAGCGTAACGCGCGAGGTGTAAGATCACTGCCCATATACCAGACCACACTACTGGGAAGCTGGTAGTGGACGACTCACATGATCTCTGTATGGATGAACCTGTTAACAAAAACGCGGTCGCTCGTATTGATATAATCCAGACATATGCCGCGCTGATTTCACGGTAGCCAGTGTTAGTACCTACGGTTCGTTATTTACCGACCCCTTACCCCGAAGGGCGGCACGGTGGGCTGATGAAAAGAAAAAAGAATACCAAGATGCCTTGGGCCTAGGGATTTCAATCAAGGACGATCTTCGACTCCCCAATAATGCTTACCATTCGAAACGAGGAGGTAGCGGTTTAAGGGGCCTTATATTCCTCTACTCTAAACACCCTCTAACGCCCTCTAGTTCGAAGCAGTATCACGAAGCACGGCGTGCAAGGACATGCATGTAAAGCAATTCGTAGTGGCAAGGCGCCTCGTCGGGCCCACAGTTTGACAAGGGACAGTTTGAGTTCGGTGGACTTAAACATGGGCGTTCGACATAACGTGTGCGGAGTGGGGGTCATTTAAGGTCGTGCCTTACTCCGACGAGATTCTATAAACGGAGTTCCCGTCATAGGTGCACTGTCACGCTGCAGAACGCGGCACTAATTGTATATGAACACCTCCCTAGTCTAGCAGGTGAATGACTGCACAAACAGGCCTGTCGCTTGTTTCCGACGTTAAAGCGTAGGTATGTAAGACCGACCGAGAAGCAGCCGGAGTCTTTATTCAGCAAACAACATAAGGGAAACACTCATTAGTGACTGGCCCCGTTTACCTTCTGTCGAATAACTTCTGCAGAGCTAGATAGAATGGTAAGTGTTAAACGCTCTACAATACGAGTGTCCTGTAGTGAGACACCGTCCGGAGAAGCGCCATTTCCGCAAGGCGACCAAGGTATACTGGGCGTACTAAAGGAACACGTGGATTCGAGGAAGACTCTAATCTAGACGTCCGGGTGGAAAACAGTGCCCGGGGACCATTCAGACAAACCAGTATGCTTAAGTTTGGAGCCGAGCCGGCCCTTGAGGTTACCGTGGGCCCCTGAG,1607,50.03,Homo sapiens
SEQ_105377,ATACTACCACTCCCGTTCGTAGACCTCTGAAAAATATTGCACTCCGGGGCCCTAAAGGACGACACTAATACAAGGACGCGCATAGGGTCTGGAGATGGTGGACCCGCACGACGAACTGCTTAGGAAAAGAACGCTGTATTGATCATCATAGTTGCTGTGTTAGGGGGCGGTGCATCGTTCGGGACTCAGTACCGGAGGTTCCTCGCGGGATACATAGGACCAGTCAACCGGAAGACCTGGAAGGTAGCGTTCTGGCGACGCGGACACTACGTATTCTGTGCAGGTTGACAACGGCCATATAACATAGCGATCACCATTCCCCCTTCCCGGCTCCGTACTTCCATCTCGCCTGCGCCAGTGTCAGAACTAAGCCTATGTCCAAGTTTGTTAGGACGGCGGTGATAAGTGCGAA,412,53.4,Arabidopsis thaliana
SEQ_694151,TTATCGTAGAGTCCTGTGTCTATAGCATTAGTAGTGCGCCGCCACTGAGAATCGTGGGGCTGCCCTACACGCTTTGTGGATACTCCACTTACAGCTCGTTGAGTTTTCGTGCCACACTTTGTGAATCCCGTAACATTATATTAGACTGCCACGTTTTTTTACGTTAGGCCGGTCGAGGGGCGTTACTGCGGATTGATTCTACTACACTGACGTAATTATGTCGGAGACTGGCCCGTAAGTCGGTGGGACGAGCAGCCAGTGTATCTGGACGCGACTACGCATAACGACTATGATCACACTCCTCTTGTATGTCATTGATGCTGATACTTTGTTATTCCGGGATGCTGGGCGAGTATAATGAGGTGACCCCAGAGTGAAGCGTTGCAGCGTCCTACGAGATCAGCTATGGTTTGGGCTAGCAATTGCCACTGACGGTTTCTTGTATGTCTAACGACCAAATTTTCGACCATGTTTAGAATACCGCCGCCGCCTTCCCGTCCGTTCATCTCGCAAACAAAGGCCCACCCCTGAGCAACCCAGAAGGTGACTCATAACGGGGGATATCCCCAAAGGTAGAGCCCGTATCCGACAAGGATTCGGGTACGAGTACTGGCGTGCTCATGGCGCGTTAACATGCCATACCAATGCCCGTATCATTCGCTTGCTGGCATAATAGTTAATCTTATTATAGAAGGCCAACCTTCCACTAGCGTACCGAATCGAGCAGAAGCGCTGATAAAATACGGAGGTCTAACAGGAATGGCCATGGCTCTCGCAAGGTCTGTACTTCTTCCCGGACATATCAGACAGAGAGATTCCAATGCAAAAAGTTAACTCAAAGGGGATGCGTAGTGTAGAACCATTATTGCATAGACCTAGAGCAAGACTAG,890,49.1,Arabidopsis thaliana
SEQ_187285,GTTAAATAAGCTTATGGGGCTTCATAGACACTGTAGCAGGGCTTTACCGCTTGGGCCCAATCATCGCTATTGCCTCACTTCAGGGTTCTCAACGTTGAACGGATTTCAAAGGTTGGAGTAAGTAGTGGGAGAAGGTGCTAATCACCGACGGTCTCTGGGTTGATACGGGACAGTTGTGGCGAACATTGGTGACGGAATATGGAGATGCTAGACGACTGGACTTATCGCTATGGGCATAGTTCAGGCATATAGGATTACCCTTGGTTTTAGTACCAAACATGTCAGCGGTAAATTTAATCGTACTCTTTAGATGGCCGTTTGCAGTAATGCTTAAACCAGGCGTTCCGAGCTAGAAATATGATGAGGTTGCATGAGTGCTAAAAGTAGTCCACATGGTGTTAAAATAGTACGACGGGCCCACGTGCCGGCTCTTTGTCTCTCCGAGATTTAGCCCCTATTTGCCTTTATGGAGGGTATAGTCTCCGTTACTGATTGCTGAGCACCCTCTAGGCATCACCGAGACGTCGTTATCAGATTAAGGATGTCAAGGTGAGAAGAACTGGCTCAGCCTACCGTCCATTTGGTAACTAACTTAAGCGTAAACTTGGTGTCACATAAACTATGCTCTGAGAAAATGGGAATGATTGTAGTAAGTACTCACTTGCACGTATGTATGGCACAGAACCAACTTTATCTGAGCGACGGGGGTGAAGCTCCGATGGCTTGGCTCGTGTAAAGACTGATTTTGGATCGGGGTCACCCGGAGCAAAGGGGCTTCCAGGCCTTCTACGTTTAATTGCACCGATCCGCTTGTGGAGTTGAATCATTCCAACAGGCCAGCGTTGGATACAGATTCAGCATTGCCCTGCTTACTTTCTAGGCAGGGGGCGCCCGCGGACCTGCCCACTCGGTTCACTCAAGCAACGCCCAGCCTCCAGGACGATCGGACTCAGCCCCGCGTAAGGTGCATATATATGGAAAAGTCTATGCCGACGCAGCGTTGAACTCGACGTTTGAGGATTTACATCTCTGAATATAAGAACATCGCACGCACTCTAGACGCACGTTACAATGATTCCCCCGCTAGAACGTCCAAACATTGTGGCCTTACCTAAAGCAAGCCCACTTCTTCCTAACGCCCACTATCACAAACCTACTCCCTGGTGGAGCCGCGCTTAGGAAAGTTCGTCGTTATAAATCAGTACCAACAGGCAGCCGTTCGATATCCGAATGTAGTAATTCCTAGGCGTACCTGATGCATCCCGGATGTCGACGGATACAGGACAGCTGTGCAATCCAGTATGTAAAGCGCTCTAGTCCTTACTGAGCTTAACAAAGGCGATCGTTTAAACCAATAACGAACTCGCGAGTAATCTTCTCGTGTGCGAGACGTGTAAGAAGGCGGAAAAGACACTGTAGAGTCTCGCGCCAAGCTCCAGTACATGCAAGACCCGCCACCCCAACACGGGAAGGCATACTGCGAGATTGGCAAACCTGGTCCTCGATACATCGGTTAGCACAGAGCTCTCCACCCACGATGAGGAGGAGGATTGATGCTATAGTTCCGGTAGAACAGTAAACTGGAGAGTAGTGCGTTGAGGCGCCTGTGTGCACGCAGCGGGTCCTTAATGCAACTGGGTATGTCGCATGAACGAAGCAGGAACAAGCGCGGTTCAGATAGACGTTGGCGAACTAACGCATACTTAAAGTCCCAAACGACGGGGATTTTATCGTCTGAGCTTCCGTGAGGAACAGCCACCCGTGAAGGGCCGTTCTCGGATCGCAAAAGTGTCACTTACGTCAGTAACCCTGGGCCAGCAGAACGAAGGATGCTGGCCTGGCGGGGACACACGCAATCTCCGAACGCTATTCTGCTCGGTGAAGCCGCAATCTATACTGTACG,1903,50.18,Mus musculus
SEQ_781863,CCGCAGGGGCTACCCTCGGAGTCGTTGAAACTCGTTGAACCCACGATTAGTGTTTTGGCCTAGGGTTATCAAGCCAGTATACGGCCAGCAGGTCATGCCTGCAGACTCCTGAATATACCTTCGCTATTGCTCTTTCTCCGTTCTGAGCTTGGTATCGGCCCCCTCCAGCCTCCTCATTCTGGGTTGCAGTTTCTTAAGCCGTCCCTTTCCAATCGCGAGGTTTACGACAGATTCTGGGCGAGGCGCTCAATCCACATCGTGAAAAGGGTTGGAATTCAACGTCCCCTTGTCTACCCTTGTGGAGATCCCGGTCGTAGATCCTTTTGGGTCCAAATCAGAAAACAGACCGTAACCCGGAAATGTGTTCGGTATCGATCGGGGACGACCTAATTATTCAGGAAGTTTAAGACTCATGTAACGACACCTAGTCCTTTGTGTCCCAATAATTCAGGCATCATTGCGCCTCTCGGAGGAGTTGACTGGCTTGCGTATCTTAGTCCAAGGATACAGTGTTGTAATCTGGACGTTCTCACATTCGCTTGTTCCTGGGTCAATGCATCTCTCGCGAAGGGTTTTTAGATTTGGGGCTCAGAGCGGAATTAGGCTCCCGATCACAAACGTCCTCGTGGAGTAGGGCCGAACGTCCCTTCCTCCACGGACAAAACGTGAGTCAGATCGATGGTTAACTCTGCTGCCGGAACAGTTCACACCGCATCCCAAATCACGCTTGGCATAGAGCTGAACAACAGTCGGGTTAGCACACCGCGTAAGAGACTTTCGCACTGCTTGTTCGGGCCGTGGGTCCGCGCAGCAATATCACTATAAGGCGCCTGCAAAATTGTAAACACGGTGTTGTTACCTGGGGAGCCGTCCCCCGCCAGTTTACAAGTTTATAATTAGTCTTGTCTCCCGGGTGGTAAGCCGGACCAAAATTCTTTAACGTCCCTGTCGGTGATAGGTCTACACAT,968,51.24,Arabidopsis thaliana
SEQ_228563,GCGTTCAATAGTGATGTTACGAACTGAATCGTAATCTTCACCCGAGGACCGTGCGGGTATGGCTGCATAGAGCACTTACACCCGGGTCACGGGTTGTCGGGGCTCTTTATTGTCGATACATCAATCATGGGTTAAGATGTGGATTGTATATCGTCAGCATCATGTTCTACATGCAAGTATCACATAATCACACCGTCAGTGTTTAATTCGAGGTTATCCTGCTTTGAAAGTTTAGGACTGCAGGTCTGCTGAAACCCTCAAATGAGTGAACCCTCATTCCTGATTACCGGCTTGCGCTACCATAGTCAGTAGCGGCTGCTCATTGAGAAAGTTCAGTCGGTACAAAGTGGGCTTTCTCGTATTTGGGTATACCCGTCTAAGTGATAGAACACCGCTGGTTTAGGGTGGATATATTTGACCATGCTTATCGCGCCTCGAGGGCTAAAAAAGTATACAAAAGAGACGCACATAGGGGCTCTACGGGGCCTCAGTATCGTTTCATCTGCCAATGTGTGACGGCTCTCGGACATATGGGCATACTAAAATTTAAATCCACTTGAACAACTCAATAACTAATAATGCGATGGGGTGGTATCATATGTCATCTTAAACGTGATAAATTATCACCGGTGTGGAGTCGCCAACACGGTCATTGGACTCTCCTCGACAACTCAGATCTAACAGTTGTTCGTGCGATCGGATGCAGAAAACGTGAGATCTTGGGTGGTCACATAGAGTACAGTCTAGTGGGAGTGACCAGGTGTAAGAAAGCTACTGCATGAAAGGCTTCGGTGATCCAGTGACCACGAGTCTGTAAAGCTTGTAGAGCCCGATATGAATGCACGATGATCTCTGATGGATTATGATGAACGGTTAGGGTCACTAACCCAAGCATGCCATGTTATAAACTGTGCGACAACGCAGAGTGTCCGCTGTGGCGTGTGTCGGAACATAGGGTTTTAACTACAAACGAGAGTACGTCATGTAGGCGTGAAGACCTGTCAATGAAAGCGTACTTTGCCGTCTTTTGCGAGAACATCATCAACCCTCCTTACATCAACGTCCCTAAAACACCCTACTTAAGGGGGGGCGGGAGTCCAGTGACTTTCAACAATGGGCCCTTTCATTCAATTACAAAACCTGTCGGGATTAGCTATGTGCCCAGGCCGCATGCCAATTCTTTGTCGCAGTTGGAGCTTAAACAGAGTTTGGGTTGATAGGACTTCATGGGAGTAGGTCGCCTAGCAAGAATTAGTCGACAACGACATGCGTGCGTGGTAATTCCTTGCGGACCTACGGTTACCGCGTCTCAAGAACCGTCTCTCGGGGAACCCCATAGTCACCCCCTTGGAGAAACCCATCCTTGTAACTGGTGTGCGCCCTGTGAGGTGCGCGTGAGACGCTGTTCTAGTACGAATTGAAACGGGTATAAGCGCATCACCGGCCTTTTTTGACGTCTCCGCGCAATGTTGCAGACAACCGGGACGATCCGTTCAAGTCTATGGGGCGGGTTAGGCGATGGGCTTCTGTAATATCAGGAAGCATCACCCGCAAGTTTTCGCAGCAGACGGGCTTTCGTTGTCGAACCGGTTTGTATTTGCTCTAGTGGTGAATGCGCCTTCCCCAGTTTATTGCCCTACGATTATCGGCCTGCCTCTACTCCACGAGCGGCATTGGAAAGTCCATCCTGGCATTTGGAAGAGGAAAGATCCTAGGTACAAAATGAAGATCTTAATCCGAATGGACCAGCCACGTACTACGGTGCGGTGGCAGGCACCGAATCGACCTACAGAGCAATATGGTGTCAATAAGACTACTTGCGCTGCTCGTCC,1832,48.74,Saccharomyces cerevisiae
SEQ_168212,TCGCGTACCAGGAGGTCGACGTCCGGGTAACATGACCTCCAGCGTCAACGTGTTT,55,58.18,Saccharomyces cerevisiae
SEQ_123990,GCCAGGCTATACTACTGAGTCTCCCGTATAGCTAGCCTTAGGTCCATGGGCTAGGGGTTTTTCGTCTGACAAATAGGTGCATCCAGCTTAGGGACCAATAGCGGTTGTACAGTCAATTCGTAAACTCGGATCAGTCTCAACCTCGGATATTTTCCCATACGTTGACTATTAACCCGTGCGTGGTTGAATAGCCTGCCTAAAGGGCGCTCAAGTACAATCTGTGGCATCGTCTCATGCTACCTTGACGGCTCGGTACAGGCGTTCATGCACCTTCATGGAAGTAACAAACCGAATATACACGTCAGGACTCGGCAGACTGGGACTTACGGGGCCTCATGTCTCATCGAAATGCAGGCATTCTAATCAAGGGTTAGTGGGTCGTTAAAATGGTGTTCGATACTGTAGTATAAATAGCGTGGCTCCAAATGCAGACGGACCGATTTTTTTCACAGGGCCATCCATCCACGCCGCTCTAAAGGCTAGCGGATCACAAATAGGTGAAGCTCAGAATTTAAGGTCCTCGGAGCGACTCCGTTTCACGTGGCCTCCAGGCTTCTGCGCGTGCCCTGGCCTGTGCAAATAGATTGTTGAACCGCTTGTGGCAGACTCAAGAGCATCTTTTTTTCGTTTCAGATACCGTGGTCTCTATTTCGCTTATACTTTGCGGAGATACTAAGCATAACTAACGACTCTGACTACATCTCGCGGGCATACCGTACAGAGACAATGTCAGGAAGACATTGTAGTCAGCCACAGGAGCGGTCGCTGAGTGTGACGCCCCCCCCGGCTGCCGATGGAGTGTCCGGATTAGTTTAATGGGCATTCTAAGGCTCGGCATCAAGAACGTTTGGTTTAGACCAGTCTCTGTAAGCGCGGAGATTCCGCTGAGTTGTGAGTTGCGACTCCTCGATAGTGATCTTAAATGCCCCTAGTACTCTCTCATGTCGAAGTTAGCACGCGAAAGAGACTATATTACTCGTCTCCGCGCGACGATCCACTGCTAATAGAATCTAGTAAGATCAATTCGGTGCGCTCATACCGCAGGTAGTCTGCGCTCGCCTGGTCACGCTCAAACACGAACTGACAGAGTCGCTGGGCGGTCCGGTAGCGGCATTCAAGCCTCCTTCTGAGTGGACGCATGGAACCGCTGCTAGTGCGAATGGTGGGAACGATACCGGCGCTGAGTTACGTGGTGGTTCGCTATGTCACCAACGCGGGTTAGTCTAGCTGGGACGGGATGGTCAATGACAGGTAGATGACCTGAGACTTGGGCAT,1275,51.22,Mus musculus
SEQ_848712,ATATACGGCGACCTGGTAGGAATGCATTGTGCTAGAGAACACCGTTTAGCACCGACCGGGTACCGACCGAGCTGGAAGGAACTCTCGCGCTTCGCCCGCGCGATGGTATAGAACACAGAGTCTCTCAATGTTGCGGAAATCCATATTAATATGAGCGAACCGCATGTAGAGCCTACCAACAGGTCCGCGTCTACTGCGGTCCTGGATATATTATTAACGCAATAATGCTTTTGACCAGTGTACCTTCGCGGATATTGTTTCGGGGTTGTCACGCTCACGTTCTTCAGTTCTTCGCTGAAGGGTGATCTGCTCCAGGGTCTTCCGAACCTCGGAAATAGCTAATATCTTAGAATCGATACCAATTCAGTACTTTCTTCTACGTGGCCCCCAGAATCAGACCAACGCTCCTAAAGCTCTTCGGTACGCACGACCCCCAGGAGGGAATTGTTAGTTTGCGGACGAGTGAGATTGTGATCCGAAATCTTCGGGTACTTTGTTTACCGCGTCCGGCAGGGGATTCAGCACGTCGGGTCATTTCTATTGGGAGGCCTATATCCGGAACTTCCCAAAAAGAAAATTTACCAATTCGCTGCGGCAGTATGACACAGAGTACATCAATGGAGAGGTGAGTTGCTCGGCACTTTCCCACATCCGGGCGGCGATGGGCCCTGACGATACCCGGGCGAACTCGAAGAACCCTTAATACGCACAGTGTCTTTATGAATCGAGGAAAGTGCTCTCCGAGGCAGTTCTCTATGCGCGGTTTCCCATAATTTCGCGTTCAGTGCCCACTGCCAGGCGATTCCTGACATGACTTATATCAGATACCTGATCCAGTATGCTTCTGCTCTCATGGCGGCCTCCTGGATGTGCGAGTCCAACTCTCGATGGACTCAAGATGTGCTATCTCGGAACAGCACTTCGAGATGCCGCTATTGGGAGACAAGTAATTTACCCGTATTTGAACTGTATGAACGCCCACGGCCAGTCGATGCTCCCTACTGGTTAGATTACTACCTCTTTCAGAGAATCAGAGTTGACGCTGGGGACCATCGTAGGTTCAGGCCACATCCTCAGAGTTGAAGCCCCACCTTTTAACTTTTATGTGGACTAGCCACATCACTAGGGGTGTCTAGGGACTGATTCAGTGCCACCCGTCGACCATTCGTTATCAGAACAATACAGGAATGACCTTCCAAAAGCTCATAAGGTACAACCGATGTGACTATTGGGTGCGGCTAATGCTGCGCATGGTCTTGCTTATTTGGACCGAAAAGAGAGGGGATGCTCGTGGTAAATTAGTCACCCTCCTTCGTCGCATCTCTTTGTACACTTCGGGGTTATATGCAGCCGATTCTCAGGGCCGATACCACGGCGAGACGGGGTGCATCGACGCAGGTTGCGTTCCAAGGGAACTCCTATTAGCCTCTCTCCAAAGGGACAGCATTCGTTTTTAAAGCAGTTGAAGTGCTCCACGATTCCGTGTGCGACCAAA,1495,50.57,Homo sapiens
SEQ_206317,TCATAGTGCGTACCTCGGTCGGCAGGCAGCTTCTGTACAATAGTGTGAACACTCGTGTCTTTATATCGGACCCCCCATCATCACGTCCCAATGATTGTAAAATTGCCACTCCGTTGCTACGTCCCCGTGCTGGGATACCCGCGGAACAGCAGAACACATAGCCCCGCCCTACAGTCATGGAACCGTGAGAGGTAGTTTCGTTTTGCGTTCCCCGGGAAGGCCACCCACATTTGATTTGCTAAGAACTGACAAGCCAAGGCAGATGGGTCCGAAGAATTTAACTGTTACAAGCCCCGTCCCCGAATAGCAGATAGGCGGGAAAGTCCTCATCCTGCGCGCCGGCATCCAAAGTCGCGAATCATAGTGGGTCCGATGATAGGTGGCGGTCCCGATTAAATCTTCCGGCGCTCTCGGTTTGTCCGCAGGCGGCTCCACACTTTCCCCCGGTTGGCATAAATCTTCTTGTTGCTCTAAGAGGGAGGGCTTATAGTGACGAATCCCTCACAGGTATATATCCTTTTACTGGGCGGTGCTGCACAGAGGCTGAGGCGAAGAGACCTTCTCGTTCTGACGAAGCCGACCTATTAGCTGCCGCGGTAGACAGACGTTAATTGCTTGTGAAGTTGAGGCTGTTTCTGTCAGTTCAAAGACAATCAAGGGACTCGTCCCACGAGATCACGGGTCCGTAGGGAGGTGTTGTACCATAAATGGTGTTACTGCCGAGCTGTGCTCCTATTAAGACGTAGTCCTCTTGACTGTGGAAAAAGACTAAGGATCTAATGCCCGGGCCTAACCAGACCCTTAGATGACGAGTATAGACGTTTGACAGGGGAAGGGACGCGCTTCTTCAGAACCGAAGGTTCCTGTACCGCTTGGATGACGCCTGGGAGGACCATCTGCTGCGGTTATCGTTTGGTTATATTGTTGTGTGAGATCCGTCCGGTTCACAACGGAGCCTGCCCGCGTGAACCATGCCGTATAACGATGATGTCAGACGTGTGGGTTCAACGCCTAGCGTTATATTCGCAAAAGACGGTAAAGTAACCTACCATTGTAGGAGCGACAATCCACCTGTATGTGCGCCGGTTTCGTCGTCGTCGGAGGGATCAAACCGCATACAATTAAGCGCCGCTGTTGACTTCGGAGTATCAAACCCTCTTTGCAAGTCCCCGAAAACTAATGACTACATCGCGCTGTCGCTACATACCCATCAGGGCTAAAACGTGTGTTTGTCACCCGAACAATCGTGGTAATATCTCTATGGGTAACCTAGCCTTTGCGATCTTTCGGATGTCCTATACTCTAGTCTATGCAAAATATGTAATCTGGTTCCGAACGCGGTACAGAGGCAGGTCACCACCCTCTCCTGTATCTACCGGTCGCTACCCGACATTACTTCGAGGGCGCCTAAGAACAAAATCGCCCCGGGGCTGCTTTAGGCGCGCTGACTCTCCACCCCGACTTCTCTTTAATCTCCTACCGTTAGTTTACTTTTTGCCTAGACGCGTTACACACGGCTCCCATCCTTTCGCGTTGCCAGAGGTTCCATCGTGACGGAGTTTTTTTACCCAGTTGACATATGCATGACCAGTGGGCGCCCACTCGGTTAGGATTGATACCTCAGAGCGCGTTGCAAGCCTTGGGGTGTTAACTTGGTCTAGGTCCATCATGCCGGTGAGACCTTGCTGGTTAAACCACGAACTATGTTCGGCGTTAGACGACTGTTGCTGTGTATGATATCATGCATTTCTTGGTA,1756,51.59,Arabidopsis thaliana
SEQ_759335,ATGTCGTTCCATGTCAATCTGTGCTTTCCTCTTTTGACCGCACAATGAGAAACGATTTCCGCGAACCATTAATACCGGTCCCAGGGTAATCTGCTAGACGGGGCGTATGGCTTCACGGTCGGTTAACGAACACATGCTATAGCATACCAATCTGGAGATCTTGGGCTTGATCTCAACTTCTATTGTATTCACCGAGAGCTTATACAGACCAAGAGTCGGAATGATGCGTGAACAGAACTAACCGAGCCGTCGATCGTTAGTGGCGACAATCTCACATATCCTCTAATTAAATGGCCCTACTCATGCAGATGCATAGGGACGCGTAGAGCCTTCCGACAACAATTGCTAGATTTCCGCAATAAACATGGATTCCCTAGCTTAAGAAGCTGTAAGGTTCAAATAGTGCCAACCTGGGCCTTTGGGTAGAGTATGACTATCGAATACTACTATGCTTCTGTCGCCCACGGAACCTATGAGATGAGGTTATAGAGTGAAGCGGTGATTTGGCACCACGGACCTTTGCCCAATGGCCATATCGCCGTTACGCGACGCTGACAGAAACCAGTCGGCGATACATGACCGCCCTAATGGTGAGCACACAGGTGGGCCAGGGACTCTCATCCCGACAGCTTTGCGGTACAAAGAGGCATCCGTCGTTCCTGCGTGGTAAATAACAGGGTAGCAGAAGAGCTGCCCGCAGCTTCAAAGTTGGCTGGCCAAGTAAGCCCCCCGTGATACCTCGGCCTCCCACCGTTCCTTCGTCTGCACGTGCTGGGTATACTACGATGCGAACGGGCACACAATAAGTTCTGTATTTCACACGCGTAATTTTTCTTATATGTCGGTCGATCTGTATATGGGTTTGCGATGCTCTGATCGCTTTCTAAAAAAGAATAGAGTATTACACTTTGCGGGGGACCCTTTAGCCGTGATTCTACACTGCGAGACTCGATGGCAAACCGCATTCGAAGCACTGTACTCGCACAGGATGGCCGTTTACGAAGGTTCCGCTGCTGGGTCGTCCTGAGGCTGGTTTATTCCTCCTGCCGGCACAAGCGTACAGGATAAAGTTGAACTTTTTCGTGGCCCCACTAGAATCCCCATGATATCCACCCGGCTGGCGTTCTGGTAACTGCCCAGTCTGCAAGTCCCGATCCGGGGAGCCGGTGGGACTTAAGCTTTCTCGACTAACGTTGCAAGGGATCAGTGACTCTGCGTGTCAGGTCAGCCCATTTCTCTTCTACTAGGAGCATAATCAAGAGCAGGTGTTAGTAAGAAGTCGCGGCTAGCAAGACATGGTATTCATGTCTATCCAGGACGTATGCCTGGCCCCTGACTTTGTGTATGCGGCCAGCGCGTAAGGCAGGCGTTACATACCCAGGGAAGCAATGCTACGACATGGGCAACCCAGGCACCAGTGATTGGTTAGCGGTAGATCTTGTCCACGTCGTAACCGTATTTCAGGTTTCTGCTGAAACTTCCGTGTATGACGGAGTTGACATTTAAAACCACCGAAGTCAACTTGCAAAGCAGAAGGCTATCTGCCTCCCTAGGAATAGAC,1561,50.48,Caenorhabditis elegans
SEQ_703480,GCAAAGCATTAGCTCCCGACGTGATTGCTCATGAGTAACTGCTTTAAAAGCTTAAAGTTTGCCTATGCCTAGGAGTTAGTACGATAGCAGCCACAGAAACGGGAGGTCCGCACCAAGCGCGGGGGCATCCTGATTTTTAAGAGAATCCTATATGTAATCCCGTACGGTAGGAAGTGGTAATCCGCACTGGGTAGTCTATGCGAATAGAGTAATATTGGGGGATGTCCTAACGCACTCCGAGTCAGGTTAATTCATTTCTTGGAGGAATGAGCCAGTTCAGTCCGCCCGCCGGAGCAGGTCATCATGTAGATTTGCAACATTAATTTTGGTAGCCGAGGAAGGCGGAACCGATTTCCTACAAGCTGGCCCCACATCCACTTGAATGCCCGGACCCTACGCCGCAGGATTCCGCTGAACGGGGGGCATTTGTCATGTATCTTACGTGCAATAATTAATCCGAAGCACGGTCTTTTACTCGACTGCTAAAAGACCAGAAACCAGCAGCCTTCTTAATTCAATCGAAGTTTGAGAATAGTAAGATCAGCGAGACGTTTCCCTCCGTCTCCTTGAACATACCACCGAACCTCGGGCGCTGGCCCCAGGTCTATTCGAGCCTCTTAAAGTAAGGTCTTCATGTCAACGGTGATTGGAAGCGGGCGCCCTTCGGCCTGCGACATAGTCTCGAAGCTTCGTCGTGAGACCTGGGGAGCTGCTTGGACACTGGGGGAAACACAAAAGGACACCCTCATTCGACTGGCTTGCTACGCGCTATAACTGGCTCGCGAGTTCTTCGTAGAGTTATAGAGATCCATCTTACTTATAACCCGGACGCACTTAGGGAACGCTGTGTTCCACCAAGTGGTGCAGCGCCCGCTAGTTCAATATAGAGCTCGCAGTGATTAGAATGTCCGAGATCGAGGTATGGTCTGGCTTCTAACTCCCCTATCCAAATACGTGTAAGTGCGTGAGTAAGTTGGGGTGAATTCCGATGCCCGTTTGTGGCAGATGTATGCGAAAGGACCTTAACTGGGATCTGTATACTCGACGCAGGAGCAGTATGCGTTATAGAGAATCGCAGACGATTGACGTATCTCACGATATATAAGCGTAGAGCGATACTGTCCATGACCAATCACCTTGCCAAATGGTCACTCACCGCATTCCATGCGTGAAAGGTCTAATGCGTTCGTCATCCTGAAATCCTTCAGT,1209,49.71,Drosophila melanogaster
SEQ_335869,AGGCCCCGACAAAGAGGTTGCCAGCTAGAGATAAGCAACCTTGCTCGCCTCTTGTCTTTCG,61,54.1,Mus musculus
SEQ_213825,TTTGACCGTGTAGGTTGGGCTTCTAAGTATCCAAGGAGTTCATTTAGCATACG,53,43.4,Homo sapiens
SEQ_686627,CACACACTGCCGCAGCGGCTGGAAGGTATAACGCAGTCATCCCAACACAGATACTATTCCAAAGAATGACGAGAGCGGTTTGCCCGCCTAAGGGCTGGGCCGCTTAGTGGCTCTTATCTGTCCTGCATATACCGTATTGCTTACTCCGACGGCACAAAGCAACACTTCTACGGCTAAACCCGCGCTGTCACATGTCACTGACGTTTCCCCGAATCTAAATTTCGAATTTGGGCGTGACTTAAAACGATGACGTAGTAACTGACGAGTGGCCCGTTTAGAGTCACAGGACTAATTGCGGTTGATGTCCTGTTTAGCGAGCCGTATATCAGGCAGTGGAACCTTGTAACTGACATGTACGGCGTAAAGTTCCACTGCATACTCGCCCTTGTGCTTGCCAGATCACCCGGACAATGAAGTGTCACAGTCAGTGGAATAAATCGCGTTTCCGTGGCCCC,455,50.99,Arabidopsis thaliana
SEQ_747644,TGCCTGTGCGCGCACAATTGTAGACGCCCCTGAACTTCAACAAATTATGACGCCTTTGCCCTAGACTCATAGGAATCCAAGTGACCTCGATTCCTATACGCTAAAACCGCTTGTGCGACAGGTATCCCCATTTCGAGCGGCTATTGGTGGGGTATGGGTATATGTGCAGCACTTCAGTGTCCCGGTAGTG,190,51.05,Caenorhabditis elegans
SEQ_165692,ACCTTTTTTACCGCCGAATCTGAAAGCGCAGCCTGAACCACTATCGCAACACGCGAATAGAGAACTCCAACGTCTCAACGTGCCTTCATCTATTAACGTGCAAGCATCGAGGGGCTTGGCCTGAATTTACTACAGCCAATTGCACATTGGGCCTAATCTCCGTTGCGACATACTCAACAGCAGCCCAAGGTGCGAAGATGCTTGCCCCGGGATGGTCGACTCGGGAAATTCACGTCGATTCCGTAAACTGAGTCAGGACCCCAATACGATATGTTATCTAGATCATACGCTGTGTTCACCGCTCTTGGGTACTTAACGAGATGTTTACAACTATGCATTCGACTATGCGTAACTCAAGGGCCGCGGTTCACTCTGCCATACCTTTCCGTAGTCCTACTACAGATACTCGCATGATGTCTAACAACAGAACGATAGGTTCTACTACACCGTTGACGACACGTGTAGGCCCAAATTAAAGCTAGTAAATCTTAACATAGGCGGACACTGATGCAGTCAAAAGCCGAAACGTGTGCCCGGGCAGGAGAGTGTACGTACCATTTATCTCTTGCTCTTATGTTTCCGTCGAGACCTTAAGACGGAGGAGGTTAGCACTTTGAAACGGACAGCCAGTCTATACACAACCGAATAACATTATGTGGATCACCTGAGAAACTTTCTGTTTTTATGGATTTTGAGCATAGTGACAAGGGACAAAATAAGGCTTTCATTATACCTTGACGATTCCACTCCGAGCTACCGGACAAGAGAGCCTTGGACAGTCTTCAAGATCACCCCTTTCCCCCCGCTTTGAAATCCCAGGGTGGCTCGATTTCCCTTCAAGCCATGCACTCCGAGCCCCAGGCGATATGAGAAATTAGGCATCAAGTCTCACATATATGTCCCACGGCATAGACCGATCGCCTCAGGTGGTGGATGTACTATCCGTTAACGGACAACGACCCCAACTGCCAGTCTTGAGACTAGGCAGCGGGCGAGACCTGACTCGTAAATTAAGGTTATCATTGCGAGCACGAGTAGCATCACCCTTTTGGACGCGCAAGATCGGGGGAGCGCAGGATAGCCAGATCTCTCGTGAATTGCAGAGATGATCCGAGGCATTGCCAGTGCAGAGGTACAGGTCCGTAGTCTTTAAAATGCCGGTAGGATATATGACTGATATGGGACCTACCAGACCAAGCGCTCGCGCTCCAAACCCCGCACCGCTGGCGAAGTCCAGGCGGGGAGTGAAAGGCGCCTCCTATCGCAAGTCTGTATGAGTTCGCCTAGTTCGTTCTTCCCCTTCTATGGGACGTACGTCTACCTTAGACCATCGCATAGTCGCCGCTATTACGACAAGCGCATAAAGCTTGTTCGAGAATGTGCGCTCGGCTGCAGAGAAGTCGAGAAAGAAGTCGTTCGGGCTAGTCTCAGACGAATCGATGTTCGTGTGCGATCCTGACCTATATCTTGTACTTGTCGGTCTTCGAGTGTGCCCTAGCGGGCCTTGTTCAGTACGGATTTTCGACGTTTTGGGATACTGGGCGGAAAACGGCGTCGTCTTCACCAAAAGCGGTGAGGCCGCGATTGACCTTCCACGCAGCGCCTTCGATGCGTGCGGAGGGGTAGCCCTTCCGTAGCAAGTAATTAGACAGCGTTCCTGTACTTATCTAAACCAGCTTGTCTATAGGGGGGGGGGGGCGTCTCCTAATAATTATCCGCGGCCTGCAGGTTAGGCGAAGGATGTTAGGATAATAGTAATTTCTCCGACCGCAGATGACCCCCGTCCCGGCTCAAAAGGTTTTGGGATCAGGTTCGATATCTCTGATACGTTTCGAGGCACAACGTTGTAATCGCTTTAGGAGTTCTCACAGGCA,1874,50.64,Escherichia coli
SEQ_503553,GCGATCCGCAGTTGCTCTCAGGCCGGTGGCAAGACAGCACCCATTGGTTAAAGTAGGTAACACATAATACTCACCAGAACTACGCCCTGGCAAGAAAGCACTGCTGGACGGCAGCGGGACTTTGGGACACAATCGGAACCCTCGAGCCCCCCGAGGTGTAGCTGCGACCCCGATGTCACTTAGGCCTGTGCGGCCGCGGATCTACTAAGGTATACGTCGAATGGGGGTTCGGACGAGAAATTGAAAAAGAGCTGAGGACAGTAACAATGTCAACTTTGCTCCCCCTTTAGGCCCCCGTATGGTAATTGGGTCCGCAGAGATAATACCAACGTACGTAGACGGCCAATAGCAAAGTTGATCTCATGATGCCAGCGGTTGGTCCAGTAGCTTGACCCAGTTCCATATTGAACTATAGTTTGTATTTAGAGGGATTTCAATTAAGGTGAACTATTGAGTCGTCATCGACACGTTACTTCCCTGAAACCATGAATTGCACTGATCCATTTCGACCAACAGCAAACGGCCCTACCGCTTAACAGACGCTGGTTGCTGAGGGTGGCGGCAGTCTTACATGTGGTTACTGGGGTTAAGCCACGGCGCGCTTTTCAGCCTCTCACGTCCGATCTCTGACCTGCATTTCGATGTCTTAGCGTGTTGAGTGTCCACTGTCACTGAGCTGAGAACACGGGAATACTGCGGTTAGGCCCTTCTACGCGCACAAGCGATTATTTTCGAGATCTACCTCGGCCTGAGAATGCATAGACATCCTGGGGTTACCGTCACGTTGAAATTATTAGGAGCGGAAATCAACGGTCAAGCTATCCTGATGTTGCGAACGTTGACGCACGGTCAGGAACCAGGTTGTCCTTCCTGCACCCGTGGACATTTTTACAATGGCCCATGTACGGAGATCCTGGTAATGTGCGGGCAGTATGAGCAGTGCGCACTTATAATTCAAGTCCGCTTAACCTCGTAGAACGTCATGTACCTGTACTGCATTCCCCAAGACATCTGGATCACGCGGACAGCTGGCGGAGGGAAGGAAATATTAGGCTACCTCGCCTTGGTAACGCTCCTTAGTACCGCTCGAGTAGAAAAGCGGGGTCGCAGGGTTCTACTTACGTGTTC,1128,51.51,Saccharomyces cerevisiae
SEQ_835738,AAAAGGTCTTGCGTTGGATGAATGGCACCGCATTAATCTGATCTGGTCTTGCCGAGAGAGTTGACCCCGCACTGAATAAGCCGACGTGAGGAATGGATAACGCGCAGGCTGGTCTATCACCCAGGAGGATAGCATTGTACACGTGAAAATGGCTTTGTGTCGGTAAAGGAGATTCTTGCCCAGCCATCCTAGTGCCATAAAAAACGCTCAGACTAGGTAAACCCATATTCCTGTTTCTATGTACGGAAAGAGGGGTTGAGTAGGTAACCATTGTAACGTTCATGTTCTCGCGTCTATCAACAAACCAGGAAATACGTACGGTTGCAGCACACGC,334,47.9,Homo sapiens
SEQ_416694,CGTTCTGGCGCGGAGAGCCTCTAAAAGTCTGATTTAAGACTGGTAGGGGACCGAGTCGATCACGCTCACGTTACCATACAGCACTAAAACTCTTTGATATGGTTTATCGGGCGCAAATGTCGTCATATCTGCGGCCTGGATTACCATCGACTGTTACTACTGGCAGATGCATGTCCATATAGTTCCTATCCCAGCTCGAGACGGGTTTTCAAATCTTGGTAACGTGGCCTCAGCGTGCCAATGCTTCGGTGTACCCTCATCGCAGTCGCCTGTCCGCGGGGATGACCCTAAAATAGTTCTACCGTATTTAGTACCTCCGCCGGGAGCGACTTCCCAGGTGAAGAC,345,51.59,Drosophila melanogaster
SEQ_129374,ACACAACCAACCCCGGGCTGTAGGCAGTAGAATGATTAACTCGCGTCCGTTGTGCAAATGCAAACTCTCACCCCGCGACCGTTTCTATCGCCTGTTGCAGCGGCCCTGTGCAACATTATCACTGCATGTCCCTAATTTGGTAGGTATAATTTGTTGTCGCACCCAGAGACGTGTTATTAGGGCGAGATTATAATAAATGCCGCAAAAGAGTGTTGGCGGCGCACGACTCAGATTCACCACGACTGGCGGCCTTTTCGGCTAAACTGGCCCATCCTGCGACATGGAATCAGCGTATTGAGGCTACGAAATTTTAGCCGCCAGTACTGATAAAGTTGTTTGATCCAGATTAGGAATCCTACCTACCCATAAGAT,372,48.92,Homo sapiens
SEQ_572665,GGGCCGTAGTGACGTTGCCGTGGTGGTCTTAGGCAGCCACACTTGGATAGCCGGACTGTTACAGAGGTCACCACCGATAGCGGTATATCTATTCCTAAGCAGGTCCGAGTGCGAGCGAGGTTTGCCGTTCGGTGAATCCTCTCCTGTGCGATAATGGTCACAGCGTAGTGGCGCTTCTAATAGAGGTATAAGTGTTAGGCCATATAGGGTGGGGCACTCTATATAAAATCACGGCAACCGGGAATTTAACGTACTCGTCTTTCGCTAGCCGTATCTATTGTGAAACCAGGTGCTGAGAGCCATTGTGAACTGTCAATTGGAACTAGTCTCGCGTGGTCTCCCCTACCAGGTCGAGGCCAGCATGGCTTACTTGTGGGTAGGTCTGTCATCCTTCAAGCGTATGTATCTTTCCAACTAAAACTGACCGAATGCCCGTCCTTAGAAATCGGAGACCATGATCGGTTAAGAACGGTGCGGCGACGGATCCTCGCCTTGGCTGCTTATATTCTCTCCAACAACGGTCTGTAAAAAGATATTCGAGCTCACTTGGAGAAGTAGAATACGCAGCAGCTCTTCGTTCTAGAACAAATTAACTTCTGGCTCGTTTTAACCAATCGTATCATGTGTGAACCGTTTACGGGCTATTCTTGTGAGTACCATCTACGATCATTGCCCTCTGGGTTAGGCCAGCAATTTAACGTACGATCGACAACCCCCGTACTGTTATACAGTGGAACACGTCGGTGATATGAAAGCCCTGAGGGCGTATTTCCGAAAGGGGAGGAGAACAAGTGTGGGATACACAGACATTTGCCGGGGCTAAGCGGAATAGATGTGGCCAGGACTCAGTTATGGTTATGTAACAATTAACGTCCGGTGGGGTTACACTTTGGTGTTCGGGTGGCTAAAATAACGGGGGTAGTCTCAGCCCCAGTCATCCGTGAGGTAAACGTTATTACACTTAGCCACTGTCGAGCAACAATTTGTGTAGACATGTGCCTAGCGGTATCCTCGGAGGGATGAATGTCTGCATCGCCACCACGCAGCCCCGAGAACCCCCCTCTGCCA,1068,50.09,Homo sapiens
SEQ_470627,AGTCAGCCGCACCCCCCCTGTACGCCCCTCTGTGGGGTGTGTCGGCTGAACACCAATAGCATCTAAAATATGGGAGTGCAGGCGGCACTCAAGTCCCGCAGTCGAATCCCTCAAACCGAGGCGTCTGTGTCACTCTAAAAATCGTACATGCAAGCGGCATTAGCGGACCTCTGGTGCCTAGATAGAGGTGGGTTAACTTCTTAGAATTAACACGTGTGCACTGTATACTAGATCGTTATATTGGGTAGGCCCAAATAAACGGCATGTGATGAGAATGATGACCTGCCGGAGCACGTGTCACGCCGGTAAATCGAACAGATGTGAAAAAAGGGAAAGCAGCTGATAGTTTAGCCCAAGGCGCGATATACCCTAGGGAGGAGCTGTTGGCTGACTTGGATAGTTACACCAGGAACCCGCCCGTGACTGATCGAGCGTAATAACTATTTGTACCTGCGAAAAGGATCTATTCGTGTTTCAAAGTACCATACATCCTCAGGGCATTCTAAGCACCCCGTGGGGTCCGCTCCCGCGGGTGTTCCCGCGCATCGTGAACAGCCATAAGATCTGCGTTGCTGTGGCTAGGGCCGATTCGTTACCGTAACTGCGAACAACGG,614,52.12,Saccharomyces cerevisiae
SEQ_481010,TTTTTACTGGTACCAATGCAGTGGTAGCACTCGGGAACACATAGCTAGCACGTTCAGCGCACTATAGGTAATATCATGTTAAACGTATTTTAGAACAAAGATAAATCCAGACGTAGATACCTTCTACAGCGATCTCGCGCTAACCACGATGCGGACGTCGGTTCGTCAGACACCCAGGTCACGTTGTAAGAAGAAGTTCTTCGGGCCAGCGGCACCACACCGACAGCCGCTAGAGCCGGTTTGCGTGTCAGCTACTTGATTCGAGTCCCAGAATGAAGCTAGATACAATGAGGTTAGTATGCAAATGTGTATGATATTGGTTCCACGTGTATTCGGAATGAATCTCCCGTCATCACAATTATTGTCGACCTGGGTAGACGTACCGCCATTCGCCACAATGGCAAGGGCCGTCTACTTGTACGTTCGGAATGATGCCTCAATAGGGAAAAATTGTATCGTGGTCTCTATGTCCTGCTTAAGCATCCAATGAAGTGGACTGTGTGCGTATGGCACATGCTTCTTCCCCTGGGTTCCGGCATCGTGGATAGAAGGGAAGGTTACTGATTCCTAAAACACTCGGAGAGCAAACGAGGCTGAGTGTTTCATGAATGTACCGAATGTCGCCCATTTTCCTCAAGTTATTCAAATAATATTACTTCGGTGTTGCGCCTTCCGGGAGACTGGTAATATCACTTCTTAACTTCTGGCAACGCTTTGTTATCACGACTGAATGCACTTTTGGATTGGTCCACGTGGCTTATGTGAAAATCCTTGTTAACAGGGAATGGATGTATGAATGAAAACACAATGGAATGAATCGCTATAGTCCTCAAATTTGTCACTCG,845,45.8,Caenorhabditis elegans
SEQ_120398,ATCATACTGGTGGTCCGTGTGAGAGTGTCAATTCCGCATAGTATTGGTGCCTACCTTCTGAATCCGCAGAACGTTGGTATCTTAATTGTGTCCAGAAAATAGCCCTCTGGTCCTTTACCCCACTGTTCGGCTCTTAGCATGAGCGGGACCAAAAGGTCCTCGGTGATCCATACTCTCCGGGGGAAACCAGAGCAGGAAAACGCTAGAGATGCTCCTAGAGGCAGTGGCTCCTGACCTTAACCCGAATCGAGTGATCCCGCGTAGCGACAGACCCACAATGGCCCCATTAAAGTACTGAGCCACCTGGTTTGTTATAGATTGCTCTAAGTGGGAGGTTCAG,340,51.18,Homo sapiens
SEQ_977814,GCAATGGCGACGAAATAGAACGGATCGGAGGAAGCGGGCAGTGCTATACAGCTCTGCGGACTAACAGTTTGGGATCTAGTCAATAAATGTCGATTTGTGGTTAGGCTGGCACAAGGCCCTCGTGGACCCGGGGAACTTCGGTGGCTATTCCCCCCCTAACAGAGACGTTTGACGGCCCAGGGTTTTACACCCGCAATTATGCGAACTCTACCAGGTGGTCAACATATTGATCTCACGGACGTTGTTATCCTAGCGTACTAGCTTGCAAAACGGACCCGAACCATGCTGGGACCCCGGCCTGTCGTGTTAACGAGAGATAAACTCCGGACCCCTGTTCACTGTTCATTCTATGTTGGTAGCAGGCCCCGTTGGAACGACTTTGGTGTCACGTTGTTTCTTGGGGTTAAGTGACTCTCCGGTATCGTTGTGGCATCTTCGCTGTCTCTACCTGCCAAGGAGTCCTAGTGTATGCAACTATGTCCAGGCCGAGCTCAAACGAGTATCTACCGAACAAGAATCCACCCCGGGGTAGCTGGGTGGCTGCGGCATCCCTATCGAGGGGAGTCAGTAGAGATCAGACGGTCTTACATTTAGCAATGTGGAAGTTGGCGCGTACAATCTTTCGTAGCGTATCGGTTCAGCTGGGCTGATCCCCAGTGCTGGGGAGCCAGCTTTATCTTCGTGGCCCACTTGGCCCGTATCTCAAATGGGCCTCACTGTGCGGTGGCTCCTAACAGTGGCCCATGTTACGACGCGCCCTGACTAATGAATGGTGGGGGTGTTCGGTCAAGCGTCCGCAGTACATCCGCTGGAACAAACTTTTTTTCCACGAAAGGGTGAATTGATTTACAGACACGTGCCACTTCGTGGCATGCTATTCTGCGATAGCGTCGGTGCTACTTCACCTGATAAATTCTCGCATCTACGACTCCGTAATGTGTTTCCCAAGCTGAGAGCGTCTGCGCCGCCAGCTGAGTTTTTTTATATGAGAGGTACCGGGCCTTTCAGTTGTTAAGATGTAAGGGTCGATTCAGATGTCACTGTACTGTCACTGAGAGGCGTCCGTCGGTGGATTACACTATCCGGCCTGGTAGTGACTCCGAGTGGTGTCCCTAGAATGAGGTCACTAAGATTGCGACCGCGGCTCAAAGAAGTAAATGATGGCGGTCGGCATAGGCTATATGTGCCTCCTCTTTCCCAGGGACCTCATCACGCTGTACCCGGCTGTAAGGCGAGACATTTCTCCTGGGTGCCCTAAGGGGGCTCCACCCGCGTGCACTATCGTCTTCTGGTGGCGTGACTAGCAACAATAGCCTAGTAGTCTGATTATCTGGCCGCCCTGTCATGCGTTGCTCAGTCCGTTCCTAAATCCGGTACC,1378,53.19,Saccharomyces cerevisiae
SEQ_271183,CTCAATCGTAAGTCAAGTACTGGGTTGGCGGGGCTAGTCGCGTCCACCATAGCGACT,57,56.14,Drosophila melanogaster
SEQ_239350,AAATTACTACTAGTAGTAATGATTCGCCTATCATAGATCTTGATATGAATAGATTGT,57,28.07,Caenorhabditis elegans
SEQ_568144,CTCTTTTTCCTCAGTTTGTAAGTCCAATTCCAAGAGTCCTCGGATAGTAGGTAAGTCGTGCAGCTCTAGATGCTAGACCCCACCCATAAACTACTCGCTAGATGCTTACCACTCTATTTCCTATACGGTAGCCCGGTTGGTACTTTACTGGGTCCACCCTAATAAGTACGCGGATAGGATAGAATGTCGCCTAGGATGAACGGCCGTTTTGTTCATCTTTCTAAGTGGGCGGCGTACTTCGAAGTAGGCGTAAATGCAACCTCGTACAAGGGAGAGCTGTCATAGGACCCGGGTCTCCCGTGCTGAGCCAGCTCACACATGAAGGGCTAAGCCTCCTAGGCAGGCCACACTCGAGTAAGCCCAGGCGTCGGTTTGTTTCTTGTGAAAGTGCTCCCCGTTTAATGAACGCAATAAACTCACAGCGGAGTCTTAATGCGGTAATTACGTACGAACGGAACTCGCTCGGAGCCTAGCGGAGTTACCCGACGCCTGAACCCTAAATCAGTCCCCTAATCCGCCTAGGAATGATGCGTTACTCCATGCAGATAATGGCGAGAAACTCTTAAGGAGACGCGGCGGGGACTGTCCGAGAGTAGCTTAATTTTGAACCGGTTTCTTAGCCCACCCCTAGAGGAGCGCTACTCAGACCCATGGCCAGCATATACTTGCCTCGCGATAACTCTAATGAACTACTTTACAGTGGCCAATTTTGACCTCAGTACTGTTCCTGAGACGCGAGATGTTGCATTCTACCCCTGCCACGGACAGGCATCCGTAACGCACGCCATCTGATGACAAGAACGTAGTGGCCGGATTTGGCGATTGACTAACCATGGTCGAATCCTGCTTTAACACTAAAGAGTAGAGATTACCACAACGAGAAAATATAGTAAAAACGCCAGACACGGGGTTGTATGCGGTTCTGTTACGTGCGACCGTAGATGTGGCGATACGGATGCACCCAAGGAGTCGAGAAGGCTATGGGTCTTTGAAACCATCAGTACTTACCCGTCGCAAGCTCCAGTTGCGATCGGCGTATGCGTGCCCCGGACATTCTGTCTCAAATGCGAGTCTTAGCGTAACGAGGCATGAGGCCCAGCTTTGTCTAAGTCTTCGTTCGTGCATAACGTCGGTCTGCAGCGATCGACGGTGTCTCACTTTTGGGGCCGACAGACGTTCTAAGCCTTTATAGTCGCTTACTTAGTGTAATTAGCGTAATCCCACGATGGTACGAGAAAGGGGGTGACTCTTTTAATCAGTACTACCCCGCCGTCGACCTTTTAAGATAAAAGTATACGCGGTCCAGTCTGTTACCTGCAGACAGCAAACGGAAGCTTTGCCTTTGTGATTGGGCCCGCCGACGTACGATTTGTCTGTCGGTAGTGATTCGGGGAGCATGTACCATTTTATCGCGGGGTAGGATCGCAATGA,1431,50.59,Arabidopsis thaliana
SEQ_841652,GTGCAGATCGACGACCTAGACGTGGGGAACGTCTATCCTTCTACCGCGATCACAGGCCACCGATAAAAATGATTTGACGGCGGTTTGGCAAGGCGGGGGTAATAAAATACAGAGCGCCAGGCCTCGCCCATCGGCAGGAACACTGACCTACACGGGCGTGGAGTTTCGGAGGCTATCACAGCGCTTCCATAGCACTTTTCTATCAGAGCGATTGGCTTCAGCCCGCGTACTATTTATTCCATCACCGGTTTGTTGTTCGAACACGCTTTGGAACAAAGGTTCTACCGATGTCGCGTGAATGGACCCGGCAACACATAACCTACCAAAGACTGCACGTTTCGAGTCCCAATCTGGGACAATCCGACGCAGGTACCGGAGAGCGTTTACCGAACTTGCATATGATGTACACCTGCCAGTGGACGTGGAGCCGTAGGTACATCGGGTCAGTTGTGTATTAAACTTCCCCGAACTGTTGATATCAGCCGCCACGTCGATCAGATAATGGCCCCGAATGTTACTGCTCGGGGCGCTGCCACGCGGGGCTAGAGTAGGTTATCCGCGTGTCGAGGTCCTCGCCCGGGGATCCACCTCGGGGAGTGGACCCATAGTATATCTAAGGTTATAATAAGTAGATGCGCCACACCTGGTGCTCGAGATCCCAATAGTACTCGATACGCTCTTGATTCGAGAAGGCAACCCAGGTCATCACTTACGTTGCTTAGAAGTAAACTCTATGTTGTAGTCGGCATAGA,752,52.66,Mus musculus
SEQ_229002,TGGTTTAGTGGCTCTTGTGAACCGACAGATCGCCGCCTAACATAATAGGTAATCCTTCAACATGGTTGGTCACCAGAGTTGAAGGGTAGAACCCAAAGTTAGCATGTTCATTACTAAAGAA,121,42.98,Homo sapiens
SEQ_627277,CAGATCCTAGGATCCAGTGTTAAGACTGCGCGCGACGTCATTACAACTAGTGCCTAACAAGTTATCACAGGGGGCAGGATACTGCTACCGTTGTTCCGTAATTTTTTGCGGCAGTTCGGTATGTAAGTACGCCCAACAAGGAGAAGGTCCGGGGTGCAGTGGGAATTCTCGGATACTCGCTGAATGCCCGCGGTATGCGTGGGATGCAATGAAGTTAACGGAGAGCAAACAGTTCCTTTTACCGGGTTGAGGGCACATCGTGATGATGAGGCCTTTAGCCTGCTAAGATCGGTAATACATGAGCGTCGTTTACCATTAAACACCGTGATGGGCACACGCCGACGACTCCCAGAGGTGGCGCAAAAGCGAAGGATTCGGTTGGGATGCCTAACTTGACAGGATACGTGGCCTAAAAATACGCGGTAAAAACAGGACCAGTCGTCCGGAAGCTCGAGTTGTGCATCAGTGCAGCTTTATTTAACGGACCGTCGTCATCCGCTTACCCTGTTATACGGAGTAACGGGTATGGGTTTTACAGGCCTGCGCAAGTTTAGAAGGTACGGAGCTATACTGACCCCGGACATGTTCTCGAAAGGAGCGTCGGTTCATTCGATCGAACCCCGCAGACTCGGGATTTGGGTTAGGTGGGAAATGTCGAAGCAGCCATCGATCGGCCCTGAGACCTGAGGAGCTTGCTGCAGATCAGCTGTCAGTG,715,52.17,Arabidopsis thaliana
SEQ_152913,ATTCTCTGCTGACGAGGCCCTATCGTGGCCTCACCGTTCTACTAAATCAACGTTGCACACATACAGCACGTCCTTTTCGGTCTCCCGTATGTCAATCCAACGTAATAAACTTTCGGAATAACCTTATCGCGATGTCGCCTCCCGGCTAGCTAGCCCCACAAAGAATGGAGGGGATGAGGTTTTAATAAGGTAATAACTAAGGGAGGAGAGCGGGTAAGCCATGGCAGGTAGCGTCCTTCCTTTTTGCGTTCTCGCGTACCATTGACGTTTGCAACTTAACCTCCAGTCTGCGTCCACCCACATCGCAATTGGCACTGAAACCGGAGATAAAAAAAGATAAGTAATCTCAAAGGAGTAGTTACATGGTTGAGAGACGACACTCTTCTACACGATTATGTGCGGTAACTCTCGATTAGAGGGCTCTGGACATCTTTCTACATCAGATAAGAGAGTCCTCTTGGTACCGTAAGGCATTTGCCCGGCGGTTTTTCCGAGCATAGCTTGAGTACGCGAACAAGATGACTTGAGATTCACAACCCAGAATTGTTCAACCTAAAAGCTGCTTGGCTACGTTAGATACTCCCTACCGCTACGGGTTCCTCTTGCTCAGTATACGACCGAAGAAAACGCTAACCCCGAAGAGATCCTTCACCCACGTGCAGTGATAAATGCTTATAGTTTCTTCGCAATATATGGCGTGACAGTTTTGACGGTTGGCCTTCAAGCCCCAAGGCGGAACATGTGCGGCGGGCGCCTAGTGTCATATATCATTGGGTTCGGGTGGTACCAAGGACCGCAGTCCACCATGCGGATCTGAGGGGTGCCGATGAGACCTCCCGGACACTTCCGAGGCTTCTCAAAGGTTCGGCCGCTCTCCGGCGGCGACCTTGTGACAGGCTCCGACCTGCACGCAGACGATGGATGACGCACCCTTACCCGACGCTAAGTTATGGCAGGATGAGAAAAAACATAAATACATTCGGGACCCTGACTAAAGCTCTGCTGTCTTTCGCGCACCCTAGCAGGAGGACACAGGGTGCGCCAGCCGACGATCAACAAATATTGTAATTATGTCTCCACTCATATCTCATGCGCTACCGGGTTGGTTCCCCTGGCGTGACGCCTTCGGCAGGATTTCCCGTACTCCTGTAGGTCTACCGGCACATTACGCGGGGATAATCGCCTATTCAGAATGGCTACAGAGACTAACGCCTTAGTATCCCGCTCGGACACAATGTGGACTGGGAATCGCCGATCCGCTAAAACTTTTCTGCGTTCCGACGCTATACCGACTCGATGCC,1301,51.19,Saccharomyces cerevisiae
SEQ_544805,ATGAGGACTCGTTAAGTCGTCAACGCCCATGAGCGGAGCCAGGAGACAAAAATATATGGTTTGAGATGACTTCCTACCCCTCTAATGTACAAGACTGAATCTAATAATTTCATAGAGGTGGTGCGACGTTTTGTTCTAAGTGTTATCGTGCGGTACTCCTCTTCACAACAGAGAGAGCTTGAGAGTCACGAGCTACAGACTCCCAGATGGATTGGCGTACCTATTGCTCATGTGTAATAGGGTATCATAACCGGTTGAACTTCGATACATCGGGAATAGCATGTAAATTCAAAGGACAAGACTCATATGGCGATGATCAGTAACGCTGCTTC,332,44.28,Escherichia coli
SEQ_735572,GAGATTGGTTAGACGAAAGTAAATCCCTCGCGGCGATGAATTTGCACCAGAAGGCAGAGGTCTGGCGATAATCTTAAGGGTCTAGCTCGCCGCCCGCAAACCTAGATCTGTGACCGTACTGCCTCTCATAGATCATACGCACACACGTACCTCAACACGGGAATGTGTAACAACTAGAGCAGGAATCCTAATAATCGTCCTTTGTTAATTCGTATCTCGTAATTCTTGCGTTGTTGCCCATTGGCAGCGGTCCGCGAGACCTTTTTGTGCATTACAAGTCCCGTTTCAACCATTAGTGGAGGAGCTGCAGAGTATTACGACAGTCCTGGAATCGCGCCACAGGCTCTACACTACTCCGCGGGAATGGAGTGTAGATCGAGTGCTCAGTCGCCCAGAGGCCACCCCGTCGCGAAAACCATCCGCGGATTGTTATCTAGAGTGAGAGTTGGCCATCCTATGTTTTCGTTCCCAACTAGCCTAACCTAGGTCGAGCGAAATTGAGAGCGCCGTGTAACGCTTCGCAATTCCGCCAACTAATTAAACAGAGGTAAATACGCAGTCATGCCCGGTTCCCCTGCGGAAAAAATTGCCGAGTCTGTGATGCTGACGGTACGAGGTTAGAGGTCGCCGGACCGCGTCGGCGTATACATCTATACCTGTTAGCATCTCGGAGTGGTCCCATATGTCCTGCACGAGCCAAGGGTTGCGCGCGAACCCAGACTAAGCCCCCGTTTATTTGATGGCAATCTCACCCCACATTAACTTTCTCCACAAGATGTGTAGGGTGAGGAAAGTCGAGTTGGGTGATACGATTCGGGAACTGCCCAGTGAAGAGAAAGTTGAAACTAATTCGTCCTATCTGTCCATGATTCCAAATTCTGGCTTAATATTGTGTGCTACTTCAGAGTGTCCTGCTGGAATTTTCTCTATTCCCCTTTGTGGCTGAGGTATCAATTAGCCGTTCAAGAGCGTTTGAGTTACGTTCCACGCTGTTCTGATTTTACTAGAAAAGGTTCGGCACATAGTGAAAACAAGTTAACAAGCCATAAGAACCAGGCTGTCACTAGTCAGGCAGGTCCCCTATCACTAAGTCGGATTTACGGATCCTCGACAACAACAGTAGGCTAGGCTGTCACCTCCTAGGGGCGCTGAGGAGACAGACATGGATGGTGCACGACGTCACCATCATAAGGCTGATATCTTGTGAGAGGGAGATGGATAAACACAGCATCCGGGGGTGCCAGAGTCTTTTGGGTAAACAGTTCCGATCGTAAGTAATAAGACTCTATTAGCCACTCATCACCCGCTTGCGACTGGTAATGGAAACTTGTTCCGTCCAAACACGCCTGGCATGGTTGGTTAGACCCAAGCA,1372,49.64,Saccharomyces cerevisiae
SEQ_625034,CGAGGCTTTTGACGCCAGTGCCGCTTTCAAGCTAGAGTCAACCCAGGTTTTAGCTTAGACAAGCTTTCCTAAATTCATACGACAAGTAGGAGTTAACGGTGCATTGGGACTGGCGATGAGTCAGTGGCTAAGTTGTCATGTGGTGGCACTCTCCGTAGCATTCCAATTGCTCATCCATAAGGGTCATTACTGCGAGGATTCCCTGCCGTGACTAAATGACCCGTGCTTCGTCTTGACATCGTTCCGGAAACCCCTCCCGCAACCTTATTTATGCGCAGATTTTGGTTTTGTAAAACGTTAGGCTACGGATCCCCGCTACCCGAAGCTTATTATCATGGGGGGTGGTATCGTCTTATGTTCACTGCAGTGCGTTGGCTGGTTAAGTTCGGTGTTGTGGGCGCCGTGCATGCGAAGAAGCCCACGTGCAATATACGGAGTATCATGTGCGCGCCGGGCATCTTGTGGATTAACACCACGTGTTGCAACGTCTCTCTTCACGTCTGGCGTGCGATCGAACCTAACGGCGAAGCGACGCCCGCAACTTGGGTGTGTCGCGCACAATAAGGGGTGTCATGGCATATGAACGTACTAGTGACGTATCGGCAAACGTCAGACGAACGCTAGACTA,628,51.59,Escherichia coli
SEQ_583721,TATTGGGCAATCCAAGATCCGGCCGCCTGGTACCAAAGTGTAGCCACATTTAAAAGTTCCCACATTAACCCGGTCGAACACGTATTTGGCAAATGGTTGCCCACTCTGGTAAAGAGTGTGGGACTTCA,128,48.44,Caenorhabditis elegans
SEQ_529568,ACAACCGATATCACTCGCTTCCCGCATTTCTCAAGTTAGAACCCCTGTTTAACCGTACTGGTGCTCTACCCGGGGCGACGAGGCTTCTGGACTGTTTGCCCTTCCCAGACCAACGACCCCCGTGGGGTCTTTCAAAGCACTGCGAGGATACCAAGGTGATCATAACCCCGCACGATCTAGAAACTTTGTGTTCTAGCAACAGGATTGTTAGGTCGCTTGGGGGCAGTCCTTTTACTCGGCATTACCTGCTAGTTCAGGTCTTCGGCCAGCATTCAATATAGAGGACCGAATCGGACACAATAGATAGAAGTAGACTCTTCCTACTAATTGTAATGGTTTTCTCGGATTGCAATGTGATCGACGAAACCTTAATCATATGACCATTGCGTGACATGCGTATCTTTAACTCTGAGTGGCTATCGCCCACACATCATGTGCATAAGTCTATGGTTCATGCTCTTCAATCCAGTCAAGAATTAGCCGCCACGAGGCAACGTAGCTTCAGCCTGCACATTATTCCCAATAACTTAGACATTTGTACTATGCGGGCGCTCCGACGTGTCCTTACGGGAACCAATTCCTAGCGACTACCGCACAAGTCTTCACCTGGAGCGTTCGCGAGCGGCGTTGTCCGTCGGCGCGTGGTTATTATGATCGCTTTTTTTTGCAACCACATCAATCGACCAGGTGTCCCGGCCATGCAACTGATGAAGCACTATACCATAACTCAACTCATCTGGTCAAGTGATCATACCGACTCTTTATCGATATCGGACCCTCTATGTGTCCTTCAAAGTTCCCTGAATGCATCCGTGGCGCATGAGCCTGGTGCGTCCGCTCTATTTATTAGCTAATATGATAGACGGAAATTAGTATATAATGCAAGGGCCTACTGTGTTGGAGGCTCTTTCGCGAGTCCCGACTGTTGGCAGCATATTGTCGAAAAAA,948,48.42,Arabidopsis thaliana
SEQ_840310,GCCGTAGTTAATGTCGCGGGGCACAATCATTGATTAAACCCCAAGTTGGTCCCGCGGTGGTCTTGGCCTCAGGGTAAAAATTGCGATTTAATTTCAGAATTTATAGGTCACCATTTTCAGTAGGCACATTACTAACAACAGCTCCGATATTCACACACGGTCGATCCGTTAGGTAACGATAAAGTCTTTCCGATGATTAACGTATTGACGCATTCTATCGAACCCGATGGGGGAATGCCTTACCCAGCGGAGCATACAGAGCAAGAGCTTGGCCAGACTCCCGTGTATTTCCTAAATAGGCTGAACAGGGTTTACAGACCATGAGCAAGGGGCGTCGTTGACGGGATGTTGCCGGGGAACCGCAGCATCTCTAGGGGCTCACGACTTACGTGGTGTAGCTTAGTCACAAACTATGCCTATCCAACGGGCCAAACCGCCCTAACAGAATGTATCGATTAACTAAGCCTGGCACCAGGATCGGAGGCCCAGTCAGAGCACTCTAGATGAGGGCGCGTGCACACGTGGGGTGAAATGCGATGCATCCGATGGAAAACAGTATGGTCGTCTCCTACACAGCGCACAGAGCATCTCGTGTTACCGACCAGACGAGGTGTCAACACGCTAGCCACGTGGTTTAGGGGGTGAGTCACAATTATGTATGTTTAAAAATCCCACCCGAGCCCCAACAGGTTTTACTCTGGGTGTAACTATGAGACAACCCAAAGGTCGATGTCGTGAAGGCCTCATATCGTCTAATCGAGTTGGGGTGATTACCGCTCCCTCTCGTATTGTAAGCGGTATAGTGTGTAACAGGATGAGCGTGACCTGCACTTCTGGCGAATTGTAATCGATGAAATTGACGTTTGGTCCCGGTCCTGAACGACGTGGATCTGGCGTTAGCCAGGCGTCCTGCCCAACCGAAGTCCCCATAACGACAGTGGTACATAGAGGGTTTCCATAGGTTAATAGCACGTTTTAGAGAAGACCTCCTTACGATTCCCTCGCCCGTCCGACTCCCTCAAAGAGTACCCTAGTTCCCCGTCCAGACCCAATACATTTTGGCTATGCTTTCATGTTACACGTGAAAAGGGTATGACGGCGTGCGATATGCGCCACTGGCGCCTTAGTGCAGAGAATTTGTATTCTGACCCCATTCTATTGAGAAGAGGGCAGTGAAAACTCGAGAACGCAATTAAGCAGCCTGTACCCCAGCAACAAAGCACGAAAGCCGCCTCGAGCAAACCATAACGACTTTTGTTGGTGCCAGCTGTGCTGACAGGATAGATCATAGAAAGCGGTCTATCAATAAACCCAAGGTCCAAATAGCGGATGGTCTATTGCAATCCTAGACATCCCGGCAACTGTCCCAGCCTCGTAAGATGAGGGCGAGGATCCAGTGTTCCGAGAGACGGGCCCACGTCACTATCTCTGAAAGACAAAGCCGTAATCGCTATCCTCGAACACATTAAAATGCTGCCACCGAATTGCTGCACGGTAGGTGTTTATTCAATCCAGTCCAACCATCTACAGCACTACCCGATCGTAAGGGGACCCCCGTGACTCGGTAGTCCTTCACGACCCTGGGTCAAACACTCACCCATTAGATCACACCAAGCAGTCATAAGTGGTTGGCTTTGTCCTTACATCCAAATAGCGCGTACATTGCGTGGATTAGGAATGGGCGCACTATGCGGCACTGAATTTATACACTGACCCACGATATTTTATTGATCTCAAAGGGATAAGCTCAGATTTACGATTGCCGACAAGGATGTTACAAAGGCTGGTCATCGCCCACTTCTCTACATTATTAAGCATACTGGATCTACGCACCCAGCTCTGCCTCGCACACTGGCATACCTGAGCCTACTTACGTGCAATCGGGCTTACCCCTCTATGTACCATATGGGCATAACTTTCTCCAGGTTCTCAGCGTTC,1938,49.9,Arabidopsis thaliana
SEQ_129927,TAGACGTTAGTCTTCCGGACCATTTGTGACCACATGGATAACTCGCGACTAGGCCAACGGGATTTCCGTGACCTCGAACTGAATCACTATTAAGAACAGATTTTTCTTGAGTGGACAGCAAATTTCGTAGTCCGACGCGTTATACTAAAAACATTTGTAATTACTGCGGCTACTACAAGTCGCCCAGACGAAGTACAGTAGATTAGGCTCCAAAGAATAACTGATGCGCATGGCGTGGATTCGAAAACTACCATACGTTCAACGTGCTGATCGCTAGTGTTTACTAACTTCGTTGATTGCTCCCGATAGGGCAGGCAGCCCACGTAGATCTTACCGACCTAACGTTTACACATGAAGAACCAACAGCCCCCGCCATGAGGCCATATGCACGGGCGGGGCCGATGCTCAGCCTTAGCAACCAAACATCGGATTCGTAGATCGCGCAGGAATGCTTACAGTTGTCCGCAGGTCTAAAGGTG,479,48.43,Saccharomyces cerevisiae
SEQ_298616,AGAATAAACTAATGTATTTATGGGGCTGACGCACCTAAGCCCTGTGAGATCCAACCGTGCCGTCAGGCTGTTCGTTGCGTGTCTACCCCCGGGGTGGTTCAGCTGCTGTAGTAGGTATAGGTGTCCGTATATTTTCTGGAAAAGTCGCACGAGTTGTATGGATAGTTGGCGGTTAATTGCCGGTTATTTGGTTGGCCATGATTGCAACAGTGGTGTGAGCTGACGGTGGGCTAAGATTTATCACTACTGTTGGGCGCAGTTTATTGCAGGCTGTGAGCACCATGTCCGAAATCGCTCCTTCACGCTTTGCAGTTCGCGCACCGAAACCTCCCGTTGCACTCCACCTTATCGACTTTAGAATTATATAGGAACCCCAATGTCAGATGATCTAATATGTGCTCCTTAACGACCTAAGACAATGTGTCCCCATTTTTCATGACCTCAATCTAGGGAGAGGTTCACACCTAATCGGTTCTCATGGGTCACCACGAAGCGCCGGGGTATGCTGGCCGCACCTCGCCGCAGTCAGGGACGCAGGTTAGGGTCGTAGTTGAGTGTTGCGAGGCACCGGGAGTATCCAAATTCTCCTCTTCGAATGCGGCCCGAATGTTACAGTCTTCGGCCCGAGAGGGCCTTTTTCGACAAAATCAAGAAACTTTGGACAGGATTTTAACCGCGCGAACGCCATCTCGGAAAGAGGATACAACAGGACAATGGGTCCCCGCGGGTAGGAGCGGTCCTGTTGCAGTACATGAAGACAACGTTGTATATGACAGCCGTTTTGGCCCGGCTACGCTGCCGTGGCCCTGATCGTTCGGCAAGAGATGATTAGATTTCTTTTGTGCTGGGATGCCCTACTGGCTCAAATAGAACACGACCGGCTCACTGGCTCACTCGATACTCGCCTATCGGTAAGCGCGCACCTCCCGTACTTTAGTTGCCCCACTGCATTCCAATAAGACTTTGGCCTTGATACTAGTCGGAGTGAAGGACACCTACCACTGACAGTCGTCCCTTAACAGCCCCGTTTAAGACTCATAAATAATACTTTTTAGTGTATCAAAATCACCCAGTCGATCCAAATCGAGTGTGGCAACGGGCTTTTCGCGTCGACGCCCCAAGGGCAGGTTACCAACCGCTGAATGCTTGCCAGGTGCTGCTCTGTGAATCAACTAGTTGCCGACGTGATAC,1191,51.22,Arabidopsis thaliana
SEQ_388378,GCGAATCGTGATGATACGGGATCCAGCTTGGGTATTGACAAAGTCTTACAAAATGGACCGATCGACGGGTCGATCTCTCCACTTGTATAAAATACCCGCGGCTATCTAGAGTTTCCTTTCACAAGCAGTATTGTGCCCACCTGTGCGCTAGGTCGGCGGCGAATAGGCCATTGCTTTGCCGGGTTGCGCTGTAAAGTCGGAAACCGCCTATCATACGACCGATTATATCAAATGTTACGTCACGAACGACGCTCTGGCAACCCTTAGTATGATGTTACTGACCAGTATTGAGGCCGCGGCAGGCTGATGCCGTATTTCTATAAATGCTGCTCGAAGCTCGCCGATTTTGATTCCACACAGAACGCTTCCTAGCCTGAATAGCCACATGGCGCTGTCACTAAGGGTCCATCTAACACTTATCCTCTTGTGCAACCTCGGTGTGTTGCCTCTAGAACCAAGCAAGAAATTCGGCATAGACGCGCCACGTTTCACCAGATAATCTGGCGACACCTTTCACGAAATTGTTAACCCACATATAACAATGTGGTGCATTTTACGCATAGCAGGACTCCTGAGGAAGGTATTAAGTGGAGGGACCGTTATAGAGGCAGTACGACAGAAACCGGAATCTGTGGAGCAACGACCGCGCGGCCCCAATTAACGAATACACCATTACGGCGGCAAGAACGGGACATTCTTGCCAGAGACGGATGAAACGGGACCGATGGACCCGTCGCTAGAGGGCAAATCGCAGCACCCGTTCCGGTGACCTGGAGATCCGGCGATACGTTGCATCTATAAGAGCTGGAATCGCCTAAAGGCTTGATCGGGGGCGGATAGCCCGGTGGAGTCGTTAGTCTCCGATAACTAGGACCCAGGTATTCCTAATCGTATCGGAAGTATACTGACTCCCGAGTACATGTGCGGGCCGATGACCGGGCCGTAATAGCCAGGATAGGTTGGGCACTCCCCTCGCTTTCGCTGATGCGCCTGAGTTGTACTAGACAATTTTGTTTCCTGGAGACGTGCCGACCGTGTTTTCGGATGCCCGCAAGGTCACTCTTGAGACGGACCAGCGAATACATTCGAGGTATTCTCTACATGGTCACAGCGTCACTCTCCTGTATCATCTCTGAGTAGATTGTGTACGCCCGCGCCATGATGACGGCCTAGCGGCCTCATTTTGCTGATGTGGTTCTAATGTCAGTAGACGTAATTTCCTGTGTGCCTCCGACTACGTTATGTTTCCCCTCTCGGCGTGTTTCCCCGTTTGACCGGATCCTCCGTAGGGAAGAAGACGTAGTGGGTGTTCTAAGTTCAACCAGTTCCAACTAGCGCGTTGTCCGATATTAAAGGATTAATGCCCCACCAGAGAAGAAGCCAATCATCTCCGGCGTCGCAAAACCGCCCCGACAGCTAGGTCCAGCAGGGAGTAGGAAGTATATCAGGTATATCC,1456,51.65,Caenorhabditis elegans
SEQ_484008,GTATAGGTATAGCATAGAGACGGACACCTCCTTGATGCCTGCTCTAGTCTCAGGTAGACTAACGTTCACAAGTGACATGGCAAGAGCTACGTTCATGGGCCGTTAACTCTGCGCACAGTAACCGTCGGGTAGTACACGTTATCAGTGGACCAGGCAGGGTCAAGAGCCGATCGCAAGCGCTATGGACATTTGAGCGTCGCTGCGTGTTGCGCTTTGCAGGTGCGCCGAAAATCCTCCCATGGCTTCGATTGACCATACAGCGGAAGGAAATACCGAATGTTCGCGAATGCGACCTTACGGAAGGAGTTGAGAAGACCTGGTGCTGGGGTTTCGGACCTAGCACTTCTATGCCTCTTGACCACGTTGAGGATAATAAAAGTGGCGAGAATTTTTCTGTATCTAATTCCCGGTAGAAAAATCGACGCTGGAGCTGAATAGTTCCGTAGGGGAGATCTGTACTAACCGGTTACGTCGCGGCCCTTGCACCAACTACGTATGTCTGGTACTGTGGCGCACGAGGCATCGCAGCACATCCTCATGGAACTAACAACAAAGCGTTGCGTCCCCGGTGCATCTTTTGAGAGGCCGAATGCGCCTTTGTGTAAACCGGCTATCCCGAACACTTGTCTTTACTTCATCATTTCCGTGACCGCGAGTCGTAGAGTTATAGTGACGTTTCTGTGCTTCGGTCGTTGTGTTAAGAGTGGATCTGTCTCCCCAGTGCCTGAGGCCATGGTGTTTCCACTAGATAATATAGAATGTCAACTCCCTACGGCTCTGGGCGGGGGTGCTCCAGATCAGGAGGGAATTTGATATTGCCTGCGGCCAAGGGCCCTTTCAGAGTCATCCGATTGGGAAAGTCTCCCCGGCGCAGGTTTCTTCCCTGCGTAACCAACTTAGGTCCGATTCATACTTAGCGACTAACGCAGTCGCGAAGAGCGGGGCCCCAGCGCTCCTCATCGGCTTCCTCTGGCAGTGCCCGTCACAGTAGCGCTTAGCTAAACATATTCTACCAACT,1018,52.36,Saccharomyces cerevisiae
SEQ_411682,ATCGCTGAACACGCACCTCAATTTCATTGGATCCCCACAGTTCCTAGGTGCTTTTCCAGTGGCAAGCCAACAGTGACCTGTAAACTTTTGAAGGTTCGACCGAACTAGCCAATCAATGAGATAAACAAGTTTCAGTCAGCCGACGCCATGCATGAACGCCCATGTGGCATACTTTCTACATTACTGCGGTCGCGGGTGTACTTAGGGGCCAAAGAGTTACGCACTCCCCTCGTGTACTCAGTAAAAGGTGACCTCTCTACTGTGTTATAGATCCGGCCAGTGGCACCAGTGGAATGAGCCCATGAACGCGCCAGTTGTAGCCTTTCGCATTCTTGGTCCAGTCCAATGCACGTACTATACTATATGTCAACTTGGTCATGACCCGTCTCTACAATCTACCATGTATGGTCAAAATAGTAGAGTTCTCCAGGCCCGTGTAAACTTGCACCCGTGTGACCAGGGCTAATGCCTGCTGGCGGGGCACATATCGGCAACCCCCGTTCTGCTACGTACGCGGTCGAAGCGCCGAATTAACCGACGGACCTTAAATGACGGTTGCATACTACTGGAGTCTTGGCCCATCATAATGCAAATTTGCCGGCCTTCGCATCCGGCACAAGTGAGATATATTCCAGATTCCAAATCACCACGCCAGTACGGGCGCGACGTAAGATATTCCCCTTGTTCGACAGGTCTAACATCTAGTGTTCTCACTTATGTCGCTGCCAGCTGTCCGCAATGCGTCATCCACCACTTGAGACCTAACGCCGATGACGCCAGGCACGGGGAGTGGTCGCTCTCAATGCACGATTTCACCGGGCTTTCAATCTAGCTAAGATGATACGTGG,848,51.18,Drosophila melanogaster
SEQ_913347,GAGAGAGAGCTCCGCCTGGATTCTGGCCCCCTGTGCACGTTACTAACGCAAAACTCAGGGATGTAGGTAAAGGTTCCTTGGCCAGAGGATCCGTGGCGTGGGTTACATATCTTCCCGGGGGTCCCGCGCTGAATCCTGCTAAGGTACGTATATGTTCTTCTCGGAGTCAGAG,172,55.23,Arabidopsis thaliana
SEQ_969200,TCTGCTCAGGGTTGGGTCTTCTCAGGCATGGCTAGGGATAAGCCAGGATAGCTAATTGGAGAGCGGTTAACTGGGCTGTCGGAACGCGAACCCCTAATATGGGGAGTTCTATGGTATTGACAGGATTTCCACCCCCCATCCTGAGAGAATGCACGAGGCGGGTGTGCCGGCTGCAGCGATACGCACTCACCGAATGCTACTGGCTTCATAGCGAGAACTCGCGCCTTAGGACGCGGTAATTAAACTCCTCCGCGGAGTCTGTGTCCACGAGTCCGGCTTTCCCCACAGTTAGCTTTAAAACCGTACCGTCACAGGTATTCGTCGTGATCACTTGGAGTAGAGATCTAACCCTTTCACGGTTATAGCCGAGGAATCAACCATAAGATAAGTCCTCTATGCCATGTGTAATTACACCACCAGCGTTGGCCAATGACACCTTTAGGACGGTCGTCGAAGCTCCCGCGGCAATGTCGTCGACATTGTCATGCTGAGCTTCGAGCGGATACCTAAGCTTTAGGTGTGGATGTTAAGACTCGTGGCGCAAGAGCATGCATGTAGAAAACCTAGAGTGCCCGGTCCAACTATACAGATTGGGGATTATGACAACGGAATCTGCTACCCGTCGGGGCCCTAGACGCATCTATTACGGCATGGGAGATACTACGCACGCGAGACACTCCAGCATTCGTCGACCCAAAGTCGCACCTATAGAAGAGTGAATGCAAATGCCGGCATCGGCCGCACGGCCTTACTGTCTTAGACGACCTATCAAATCAAGTGTAGGGACTCGCATCACCTCCGACCCGAGGACCTGCCACGTTTCGCTACCTTTACTACACCTAGATGAGGATTGAACAGCTTTGCCTGACTGGAACAGTAGCATCTTGACTTGCAAACAGATCACCTGGCACCTGGTGGAGGTGCCTTAGTAGTTAAGCTTGGCGCACTGGTAAGTTAGCCCGAATGATTATTAAAGACACGCGTGTGCGCCATATCTTAAGGCTCGAACCGAGATCCAGGGCAGCAGACAATTCTCTCACTATCCTAAGAGCTCTAGCGGGTAATCTGTCGTGAAGCTGTTATTTAAGTAGTAACAGCGGCGTAGGCCAGGGACCTTCTGAGAGCCGTATCCCAGTCTGCGTCCTCCGAGGCCCCCAGATTTTTTCCCTCCAAGTCTACCAATGTCGGTTGAAACGTCCGTTCTGCAGTGTATGGATTGCCTCCGCTTATACTAAAATGTGGAGAAAAATTATATCCGTGCGATTGGGGAACCGGGTTTCCTGGCCGAGTGTATTCCGTACGGCCCGGCAGAAAATGACGGTCATATTTATCACTCGACAAATTTTTGTCGAATGCCGAGCAGCGGCAAATTTTGTTATTCGATGATACAAACAGATACATAGTTCGCCCCAGCACAGTAATTAAGCACCCTTTGCTAACAATTCCAATTTTCAAGCTCTAAGCACCCTGGCTACGTAGAGCCTCCAGCCACTCAGGGCGAAGTCTATGATTTGGGGACACTCCAACGCCTGAGAAACTTACCACGGTGAACTGTTGCAGAGCTAGGGCTTACAGGGTGGGAGTCATTTGAGGGTCTAGTAGAAATCTATAGCAT,1615,50.71,Homo sapiens
SEQ_569156,ACCCACATGGGTAACCCGTACTCTCGGTCCGGGGAGATTAACAAGAATAGTCTAGGTCTAAGTTTCCATAAGTCCACGTCGTGGCGTCAAGGGTAAATAAGATAGGCTTTAAGCATTGCGTCGCAGCCCGTGCCGTGTGGTTTACCCGTTCGCTATTCCTGCCTAGCTACTCCAAAGGCCTCATTCCATCGTAAGAGCGGACAAATTGGATTGCGCTCCAGTTCACTCACTATAAGAACCTTTTTTCGAGAAATTGCGCGAGCCCCTCCGTGGGGTGGAGCATACTCTAACTAATATCCGGATGCAACCGTATCAGAGCCAAAGATTAGGCCTCAGGCGCACGTTGTTCTCGTAGCCTGCTAAACGTTCTACGTACCTGGCCTTGCGTAGACTATACGGCCCGTGTTGCTATAAGTATACATCACGGGATGGTTTTATCATTCGAGGCGCCAACGCAATCCTAGCAGTTGCCGCCTGCCAATTGAAGACTGGTTGAGCGTGACAATGTGAGGACCGAGTAACCCAAAAAG,530,50.38,Caenorhabditis elegans
SEQ_362050,ATATGCGGAAATCACGTTTGACCGTGTTCTAAGATATTAATATATCATCGAGAACGGGATTAGAAGGAAGAGGCTTATGATGCAAAAAGGAACGTCCTGATTGCTGAGGAGGAGGACGGTACCAGGCCTATGGGCCAGCTCTGAATCTAGAAACAAACGGCAAGAAATATCCTGACCAATGGGAGCGGACTAGACAATCGCTGCAGATTTTTTGGCAATATCGGCAAATCCTTCTTGGGTTGCAAGCCCAGTTCGGAACCCCCGAAGAAATCAACGAGATGGGTGTTACTGGTCGGCATTCCCCCGTAACGCGGCCCAATAATAACTATGAAAGGAATTTCCTGCCTTTTGGTACTTGAGAAAACGTAGAAGACGGTCCAGTGTGTGAGAGTACGTCCCTTACCCCTAACTTATTTCCCTCATGTCGGTAATGAAGAGGTCCTTTACTAGCAGACCCAGGGGCCCCTAAACGCCCTTTAGGCATAGTAATTAGGCGGCGACAGAACCAATGGCTTTGGAGTCTCGCAGAGAGTCTCCATAGACGTTACCGGCTATAAAGCATACGTTTTTATGTCCAAGCCGCTCGCCACAAAGACAGACTGATAGGTTGAGCAGAGACACTTCTCACTAGTGCGTAGAATCCCCTATCGTCTGTATCGGGTACGATGACCCGGGGCGGACCAGGGCATAGACGTTTGGAGGGTGCATAAGCACCCCTGCTACTGAACCCTCATTCCTAAATTTCCCAGGCTTCTAGGGATGACTTTCTTATTCTTTAGCGAGTTCCCGACAACGCTTTAGTGTGTGCAGACACGTTACCCCGCCGGCTATAAAAAACAGATATGAACCTATTATCCAATGCACATCTCGGGCATACGTGCGCCGTTGAACGACTCCGCCTACACGAGACAGCGGCTCGGCCAATAATGAGCCCGCCTACACTACCACATCGGGGCGCTTCCAGCTTGCGTCTAGCGGCTCTTCCACGTAAAACATCCCTGCTTGCAAAGGGAACTCAGACCTAATTACGTCCAATCTGGGCTACACTACTTAAAGGCTGTTTTCGACAGCACTCATGCAAGGCTCTCCTCGAGAGCGCCTCGAGCGTCCAAAAAGAACATCGTACCTCCTTCGTCGGCGCGATCTAGAGCCTCACGAATGATAAAAATGTGATGCGTTAATTGGATCGAGTATTGATGGATAAAACGGAATAAGTGCTCACCCAGTCCGTCAACGCGGCTTCGCTTTCAAGGTCTAAATCTCAAGCTCGCACAGCAATGTGATTAAGAGTGCAGTTCCTGTATCCAGACTGT,1313,49.35,Arabidopsis thaliana
SEQ_861823,TGCGAGATCGGACAGAAATGTGTCGTATGTGGTTTTTTACGACGATTGATTCGTCTAGACAGGCGCGTTCTGATAGCCACCTAGTACCGGGGGCGATCCGGCCTATCTACGCGCATCGCGAGATGTTGTTTAATAGGTCAACTGGTTAGTTGGACCAGACTGAGAACCATTTCCCGACTTACGAACAAGGTGCGTCTCGGCGCGACAAAACAACGACTAACGGTTTCTCCGTTAGCATAGCAACCCGAAATGTACGGTGATGTCGGCCTTGAGGACTGACAAGGCGGAACGGGTTTAAACTTTGAAAACCATTAATCGTCAATACCCAGCTCCACGCCAGATGAG,345,50.14,Caenorhabditis elegans
SEQ_246735,GAGTGCCGATATGAGATGCGACCGCGATCTCTCGCGCGACTTTGTAACCTAAGTAAACGTGGTGCGTCTGAATGGTAGGGGAAAACTATTCGCCGGTGGTTTGGGTAGTAGATGAATTGTTACCGTCGGATATAGGCTGCTCACCCGAGTCTAACACAACACCCCCTCCACCTAGTCTATAAGAATGTTTGTCTGATAAATACCGTATTCATTAAACTCAAGTGGAACCCCTTAAGCCCACGACGGGCCTCGCGAGTCGACTGTACTTCCACTAATAAACTTCCAAATCTCGGGGCCAGGACTCGAGAATCATGGACGTTGCCGTCCGACCTTTTGGTCCACTCGAAAGTGGGTCATTGATGTTGGGTCCCGTGGAGCTCAAGTAAAGGCGAACGGGTGGACTTCGACAGAGAGCTTATGTAAAAAGGGAGCTAACGGTTCGAGCAAGTTGTAATTTTCTTTATGGGTGCATGTCCTATATGCCAGGAGCCATGGCCGAAGTCG,504,49.8,Homo sapiens
SEQ_632290,CAAGGTCCAAACCGGCCTCGAGAACCCAAAGGCTAGCCATGTTGTTAAATTCGCCACGCTTTTGAGGGTTACTACCAGACACGGTATCTGTATGTGCGTCGGGTTTCTCCATGCTAGGGCCGCCGTGCGAGCCACCGAACATACTTTCGGACGAGAGAATGGTAATAATGCCTTCCTATGCCCGGCATAGTCTACATGCCTTACTAGGGGAGAGCAAAGTTTTATTGAGACTTTCTTTTCGTCCGCCATAACATTGGCCTCCACATTGACTGGTCGACTAGGTCTGCCGGGACGTTAAAAATCATAGACCGTCCCACTATCTGAACATCTAAATCAAGGAAGATTTGCTTCTTGTAAGATTAATATACAGGCGATTCGCTCATAGTGCGGCGCCCCATACGGGATGTGGAACGTAAAAATCGTCAGGAGCTGCAGATCCCAGGTCTCTTCTTATATTGGGATGGCGATTGATAACGAATAATGATCCACTTGCCGACGTCAGGATCCCCGTGCAGCTTCCCGTAGTCTAGTATATCCCCCCTGACGTTTCTTCAGCACGGAAGGATGGAGGAGATGTTCTCGTTCGTCAAGATGAGCTGCGAGAGTGAATCGTCGTCGCCGCCTTTAAGAAGCAACATCACTAGTCTATGACGGTCGTAGGCTTACAAGCAGAAGCGCTCCCCTAGACCGTAGGGGGCTACTTTGCGCGAAGTGGCGGCAAGACTTCGACTGTGTGTCGCTCGATCTTCTACGAATTCAATTTGCCGAATCGTAGGATATCTTGACTTAAACGAAACAAGATGTTTTGTTTCTTTCGCTAATTCGGGCATATCCAGAAAGTGGTCCCGAAAGACGTGCTGTTGGCCAATG,870,49.2,Saccharomyces cerevisiae
SEQ_887163,TTATGCAGGCTATGGGCGAGAACCGCTCGTACATCCGTGCCTCATATATGGCGAATAGCCATACTGAACTTTCAGAAGCCCTACTAACCCGGGCGGTTCTACAGCCATTGGAAACTGAAACTATGGCTCGCTAGATCGTGGAGTCATCGATGAGCGGCCCCGCTAAAGTATAGGCAGCCCACATGCGGCCAAGTCCCGAGCCGTCTGAAGCTGTACGCTAGGAATGTGCTGTTGGATCGGCTTGTGGGAGATTTCCAATGGGAGCCTCCAGTCGAGTTGTCCACATGCCTGAACTCTTACCTGCCCCGTCCAAATTACCTTACCCGGCTACCAGATTTGTCCAGGAAGACTCTCACCCGCGTTGGATTGCGCAAGGTGCTTACATCGTGTCTTACCTTAACTCACTTCTCTTGTTATGCCCGAAACAGCACGTCCTTCTGCTCGCTAATAGACATCGTCCGATCTCCCGTGTGACGAGGTTAGATCAAGGAACGCTGGTTAATGACTTTCTACCTAGGGACCCCAGTATATCACCACTTCACCCCTAGCGGGCGCATCTACGGCTCGTTTAAAGCCTGATTTAGCTTCGTCATCTGTTCGCCATCTACCGGGGTAGGTGGGCGTATTAT,629,52.46,Drosophila melanogaster
SEQ_502309,AGCTGATTCAGTTTTATCATTGACACTGCATGTGCTCGTTCGTGACAGTCCGAAGCCCGTATGAGGTCTAGAGGCATTCCCATCCACTGCTGACTCCTCAGTCGATTCTATTGCGCTAACACTGTTCCGGCCATCTAACCAGGCCACCGCTCCCCAAGTTTCATCCTGCGGGGCTATTGCATACACCCTCTTCGTCTCAAACATAAGTATGCCCAACTTCCGTTCACGGACCAACTTTGCTACGCACCGGAGCTATGTTCGGCCACGGCCGATACTAACTGCTATATTGTGGAGACCCAGCACTGTGGAAAATAGTAGATCTACGCAATCGCTTGCGGGTCCCCTTGGATGGTTAGCTTTTCAGCAGGACCTATATATGCTCTGGACTGCGTAGTAACCTTGGTGAACGGCCGGCACCTCATGCTGGTCGACCACGGGTCGAATGTTGACCTTATACTACCGCGTTCTCCGCGGACGTAAATATTATTACGTCTAGCGTGTCATAGCCCGGGCTCGCTACCTGAATATAATATGGCGGGATAAGACCGCGGCAATCAACCCATTCCGAGTCCAAGCGGATCTAACCTCGCCACGGTGGAAGGTACAAAATCCAAGTTCTACGGCAGGGACCGCATCGCATGGGGGAGCATTTAGTCCCGATGGGATTCAACTCCTCAAGATCTGGAGGAAATCATAAGGGGTCACCGATTTGAATCCAGTAACCGGTAACTATAAAGTCTCCTGGCCCAGAGGAGTTTGTTTTCAACAGAATTGCGTCATCGACGTGTGCTCTATGGTTGCCGCTCCGGAGATATGGTGCTGTCAGCACTCGAAGAGGCGTCAATGGTGACCGCGGGTTGGTAGACTACACTGGTAAGCCGCTCTCGACGCTCGCGTTTATAACATGGCTGTTCCCGGAAAAATCGACACGTTTGCCTAGCTCGATGGGAATGCAACATTGTTACGTGGAAGGGTCCATACAAGTGCCCTACGGGATCATATATGAGAAGATGGCCATTCGCATGATGTTGTGCAATAGGCCCGGGCTGTACCGGGCAGCAGCTAAGGGGTGCTCCTCCTCGGAACTTCGGTATAAACCACCATTGGTACGGATAAAGCACTAGGCCGGTATTTCCGATGCTGGTCCATGTGGAATTCACACGATCTAGCTGCATTAGCCAGAATATGCCGTAGCGACATACTCAGGCCTGGGAATTGATAGTCGTAAGACGAGTGTGTGGACCCCGGAGTATACCAGGCACCACTTACCTACCTCAGATATTGTGAAAGGGGATCTTAGCCGGGCATAACCGCATAACTTCTAGTGCTTTAAAATTTAGCCGTCTGTCATCGGACATAATTTCCAACCCCACAATCGGCAGTAGCACCACGAGGTACGGGGAAATTACATCACCGAACCTGCCGCGCTAGTTTTAGTTTCTCCCGAATGGTGGTTGCTCTTAGGAGGACCGCCTGGCTGGGACCAAGACACAGTCAACAGAAATCGTTGGGACTTCTTGGGACCCGTTCGATTTCGCGGACAATGCTACCAAACTCAACTTGAGGCTTATCTACCTGCGTGCAACCCTATATTAAGTCTTTCGAACACCCAAAAGTGAACTCGTGATAGTCGAACCCAGGGCTATACTACTGACATCAGTTGAGGTGGTTAGGTATACAGCGACTTCCCTCGCATTCATGACGTCCAGTATTTGGCCACGGACTAGTCGCTTGCTACCGCCAGCGCATATTCCTGCCGCCGAGACAGCGTGAGAGTGGAGTGGTCAGAAGAGTGCAATGGTGTTTGCCTATGGTGCACCAAAACGATGCGGATCAAACGTTTTTACTGAAGTGAAACAATACTGGCTTTGGGTATAATACTCATGGGGTTTTTTCTTGTTCTATAATTTAGGACTGGCCGCAACTAAAGGAACCCCTTGGGCTGATGATTCCCCTGGCACCAAAGTCGGACCCCGAGCTACAGGTAAG,1989,50.88,Drosophila melanogaster
SEQ_216647,CGAACTCAGCACTCCAATTCCGTGAAGGGCCTAGGGCAAGATCCATGCTATCGCTTACTCAAGATGTTCGGACCGAGCAGCAGTCTTTGGCTCGTTGCTGAGGGGCAGTGTACCTACCACTGACCCTTGCCCAATGATATGCGGGGGGTACTCCTTCGAGCAAATATGTATACTGGCGGGCCTACACTAGCCGATGGCTATCTAGCCTCAGTAAACCATTGAATTAAAGCATCCATATCGTTAGCATCGGTTCGTGATGTGCTTTCGCACACTCGGTAGGTCCCGCCGCCAGCCGCCTTTACTCAGACCGACGCAGTATAATTCTTGCAGAAGCTAGGTAGTTCGCCGGGCGACCACTCTTATTGAACCCCAAAACCGCTCGTATAAGAAGGTTGCGGGCCGTAGGGTAATACATGCATAACACGCGTGCTAACGATCAGTCGACCGAGACAAGCCAGATCCAGCTGCCCTGTAATATCAAGTGCTGTATCCTAGGGCATGCGTATACTCCCCATGTGAACAGCTCCTGCATCTAGAGTTAGAGTCTGATTCTCGAGCGTACATCCGATACACAAGTTGCCGCCTAAAACGACACGAGTAATGTTCCATAATTACGGTGTCAGAATACAGGCTTTCTTTCAGGACGGAAATGCTGGCTCGTTTACAACTTACTGTGGACACCGGAAATAATTCCCTCCTTAACGATCTGCCCTGTGGAAAGAGCGCCTGCCTCAGATCACAAAAATATCCCGGTAAACGAATAAACTCTTGCGCGACATCTGGATTGTCCTGCTTATACCTAATAAAGCCGACTTTGTTAGCACAATAGGAGAAGGATTGCCTCCAGTGGATCTATACATCAGGTCACTCGGGTAGCGGGCTGCTAGGCTATAAGGGAGCAATCGACATCAGGCTACAGGGTGGTTATAATACCCATTACATCTACGGACTTCGAACGTGAGGAAGGTTAAATCTTGTTCTAGAGATGGCATTGCACGTTGTCGATTTGGTTTGTAATCGCAGGACTATAACATTGCGGTGATCCCACTATTGTTAGATCTCTAGGCTCAAACGCGTAGCGACTTATCTACAATATTTCACTTGCAGTATAACCCGGACGACTATAGGTTCACGAGGTTGGCGCAGGCCAGACACGCTAAACGCAGGAGGTACCAACCGGAACATATCTTCTAAGATATTGCAAGTATTAACGGGTTCCCGTAATTCGATCCCCTTTGGAGCAACGTGACCATT,1254,48.72,Homo sapiens
SEQ_174025,TAGCTATTCGACCCTCTTCTGGGAAGGAGAGCCATAGTGATTGACACAAGAATGCTCTACACGGTCAAAGAATGTGTGGTCTGTATGAAATGCCCAGCGGGCTGCGGCGCCCGCGATGTACAGTAATGATAGCCCATTTATTATGAGACTATCACGTAAATTCATTCCGCGGCTTTGCCGACACAAGCATATTGCCCTATGACACAATTCCGACCTTCGGCTAGAATGCGACTTTAGAGGATCTTCCATGATGAGGATCGGAAATAGTACCTGCTAATATAGCGAATCGCTTGGTAGGTTAGGTAGAAGTGCCTAGCAACCCTATGCTCTAGGCAGTGCCCTACAACAATGATACTAACGAACCCGCTTCTAATTGGGGGTGGCGCCCTTTGTCATAGAAGGTTTACGAACCAAAAGGCACTGATTTGGTTATAATTGGTACCCCCGAGGAGATCGTATCGTAGTCGCGCGGTTGTCCCCAAGGTGTAGTTATATCTTAGAATGTGTTCATCACTCTTGACGGACTTGTTTCCTTTATTTTAGGCCCTCGTAATTTCGCGACTGCAGTGGTCTTAGACTTTATGGCAGTAATACCTTATATCGGGTCTGTATCCATTTAGAACCATATTCAGAATACACGAGCCTACTCAAATATTCGGTTCGTTTAGCCTAGACTTGGGTCTGGTTGGTCGACGACGGTGAATTCTCCAAAGTATCTTCGGACTTGAAGTACCTACGAGCATGGACACCATTCTAATTCTGTACGCGCATCTCGCATTCACCAAACCAGACAGCCAACATATCCGTGCTTTCATTGGTGGCACCGAGTAGCGATTGGGGAGCGCCTTTCAAAACAGCGGAAACACCGCCTCATCGCATCAAGGCGGGGGCTCACCGGGGATCCTACGGGTGTTGTATGCGCTCTTCACTCCAAAATATCGTTCTATAACAAGACGGACGGGTTCGAGTAACTCCTTAAGTCTTTGTTGGTGACATAACAGAATTGGGAGACTTCCTCCCGCGCTTGGCATGGATCACATGGTGAGGGCACTGGCGCCCAGTTAGGACAAGATCCCAAGTTCGATCGACATATACTGGACGAGTTCACATATATATCGGTGTTGCTTCGAATCCTTCCACCGGTGATCTACGCTTCCACTATCCTCTGTACACGATCACACCAAGCTAGAGGACAGTCCCCCGACGACGCCCGCAGAGCACATCATCCCCCGGTTAAGCTCAAGATCAGAATTTGAAGAATTTGAACACACCATAAAGCAGCCGGCCCCTGGTCGAGTATGCAACGCCAGTTGAGCGATATAGCTTTAGCGCACCCCCAACCCTGTCATGGATTGCCCGTGATGTTAGAACCAACAAGAGATTCATACCCGCGCGGTCTTAGCTGCGATTAGAGGTTATCGGCGTTACTACACCCCCGTTCACTAGCACGAACGTCCGTTCGACAAAGTAGCCGCGCACGTTAATCCGTCCTGACAATTGGACATTCAGAATTTTGATAGACATTCACCAGCCATCTCCACTGAAGCCGTATGTCATTTGGGCGTCCGGTTTTTGCCTAGGCTGATCGCTGCCAACATCAGCTATAGTTTTACCCTCAGGAAATTCCGTTGAACTGTGCCTCGCGCAGCCAGATGAAGGGCCTCTGGCTCTTGCGACAAACCGATAGCATAGCCCGCCTCTCGGGGACTCCTTTTTGGACATAACACGGCCTTCCGCCAGCTGAGCGTTAATCGCATCTGAGCTCGCATGGCTGCCGTATCTTACGTCTGGAGAACACTAGTTACGTAAGAATAGAGTTATGCAGTTAAATCACTAC,1837,49.27,Saccharomyces cerevisiae
SEQ_150697,TCTCATGAAGTGCTGGAAATGCAAGGAGGGCTTGAACCATACGTACGACGCCGCGCATGATATACGACTGAAAGATGGGAGACGACACCCTTGGTTCGAGTTAAAACGCAAGTATTCTGGATGCGGAACCTCCTGGCCCCTTTGAGGTTAGTACTCTGCTATAGGTGATCGGGCTACGTCATTAACGAAGAAGCAGTTGAATAAACGTCAAGAACCACTTGCAACGAAAACGGGGATGCCAAAGCTCCTGGGTCCCAGTAATGTAAGTCTGTGTGAGACGCACCTCAGGGTGGAGTGCATATCCTACAGGAGTTGGCACATTTTGGGAACATATCAGTTATTTGGACTGCCTTGAAGTCCTTAGATGGACCTGCGGTTAAGTCCAAGACAGTATTCCGCAATCCTTGCTTGTGTATGATATCTTTCATTCGTCCCATATTTCATTACTCCTTTCGTTCATACCCACGCTCGGGAGATCTGCATATATGCATCTAGCCAACAGTTCCACGTTGGGCTAGTATTTGATTCTAGCTGCTTTTAAGCGCGTATGGAGGCCTAGCTACCCTCGACCCTCCCTCAACCGAAGAAGTCTGATGGATCCTGAAAAAGTCCTCGCATGCCCCGCCTGATCCCGCATTCCTGACTGGCCGCTACCTTTTAGTCGCATTATATACAACGTCTGCAATTTTCTGTTACCGTATACCGCGATTGTGCCGGTCGCCGAGACTTGTGGATTGTCGCTTGCTTTTGGACGTGGGGAAGAGTAACCTTTAGAACTTCCCCTTTCCTTTCCGACGCTCGTATAACACGGCATGGATCCACCGACGAAAGTTCATATGCATCGTTACCCGTTTTGTCACTCCGTCCTGAAGGGATTTGGGATCCGTTACCATCACGATCCACTAGCACGGGTAGGACTCGCAACCCAGCCGTTCGCTTATCATATAATAGCAAACTACCGCGAGATACTTCCTAAGCCTGACAAATCACTCTTTAGAATCCTTTGGTTAATAGTCAACCGACGGGGTTGACCCGAACACAGTACAGGTGGCTAATAGCAAGGAAAGTGCGGAGTGCCTATGGTCCGCCACTCCGCATGCTCGACGAGACACTAACTTTGTAATCGAGGGAGAGTCGCGGTTCAGTAGTTTCGTGCCCGGTCAAACGCGTGACAAAAGTATTTACACTGGCCCGCCGTGCTAGAGACTCAATTTTGACCACCATGCGCTACACTTCAACACTCACAGACCGTAGAGCAGTGTGTTGGCATTTTGTGTCGTAAAATTCGAACAGATCAGTTGCCACGGCTTCGTGGACAGATGGAAAGTGTTATTTTTGCTACACATGTATATCACAACCCGGTGGGCGGGTGCGACGATCGAGCCTTCATGCGGTAAAATATGTCCTTATTGCTGGCGTCGCCCCACCTTGAGGCGGAATTGTGTCTGACCAATGAGAACTTCTCTCTGGATTTGTCTAGGTTGGTATGGCGACCACGACTAGCATTGTATTGTTTTTAGGAGCTATGTTACGATTGCCCATCAATTTAGCCAGTGAACCTCTACCTATCCCACGTTCTTCATGCCCACCTCGCGCGACGCAGAATGTTCTCGGGTGATGGTCTATGAGGCTCACCCCCCGTAATGTACACAATGCTCCCTGGATTCCGCTATCCCTATTCAAGCTCTACAGATTTAAGAATTATCGGAGGTAGGTGCTACAAACTCCCACATGCACAAGAATAGTACTCCCTCGGTGCACGAGAGCTAATAATTCCGAGTACCCTGTCCTAATAATACGACTGCTCAGTTCCGCCCCTTCGGGGTTTATAGATACTGGACCTAGTCT,1848,49.03,Mus musculus
SEQ_322296,GATCTACAAACGCCCGTGCTCCGAGAGACGGGTCGGTCTGACTGCTTCTACCTGAATGGATGATTTATTGTTCGGCTTAAGACGGGGTTGAAACGTTGCGAACCCGCGGATATGAGGCAGACTGATCCTCCAGGCGGCACCTCTACGGGCCAACTGAACTGTATCTGGGTTTGTTGAGACCTGCTATTCCGGGACCCCGAAACTTTTCGGGCGAGAGTCTGACTTTCGAAGAGTGTACGTTGGACCTCTCAACCCTGTGTTGCCAACCCAGGTAATTCAGACAACGGAAAAGTCATACGCCCCCACCCGGCCCGCTCTTCCCGAGTTGATTGTAGCGATTTCGATTCCGTAGGCACAGTAGAATCGGTTGGCGTGCTGGCAGTGAACTATCTTCAACGAAGTGACAAGAACGACACTGCGAATGGAGTGAGATAACTGAAAGTACACGGATGGTCGATCGCTACTGAGGTCAGCATCCTTCTATGCGGAAGGATAATAGGAGTTAAAAAATCAGACTAAGAAGTTAGGTACTTAGCACCTATACACGAGAGTTTATACCCTGACGAGCTGAACATCTCATAAAATAAGGACAGTGAGGTGATCTATATGCTAGTACCGTAGTGTGATGTTACGTCTAAGCTTCAATAGGTTGGTGCAGTTAAAAGCCTTTACCTCT,676,48.82,Arabidopsis thaliana
SEQ_831929,ATGGCGGCGGGCACCATCTAGATTAAGGATCTGCGGTTACGTGCGGAAAGGGTGAGATAAAATGTCAATAAATACGCCCGCTTTTTGAGTTCTTCTCTAGGGGCGATGTCTGTCCGGCCGTTCTGCTGTCGTTTTCACGGGGGACGCAACCGGGGCAGCTTTGCATCAGCTGTCTTTAAACAGTTCGAAGTTTGTCGGTAAACCGATGGCTCCTACTGAGCCTGGCTGAGCGTCGCTCCTGAAGATAATCGAGGTATACCAGGCGTAGTAGATAGTCGTACGTTGCGTGGATTGTCATGAGGCTGCTCATCTCAATAGCAGGGTAACTCTCTTCTGCGTGAAACCCCAGAATCTACGACAGTTAGATGTCACTTTAATGGAGCCCGTTGTCCATTATTTGGCTTATGGGCCGATGGTATTAATCGGAAGGCGGATCTTCCTACTCGAGACCGACCGATACATCTGATCTGCACCCAGCCACCTCTGCTTCTCACAGGCGATAGGGCGACATAAGCGGGCACCTCCGATCATCAGAACGCCGACTAGCCGCAGGTTAAGGTGTGAGGCGGTCTGGTACTTTTGTGGTACTCTTTTCTAGCCCTTTGTGG,608,51.81,Escherichia coli
SEQ_617156,ACCTAATAAAACTTTGGGAGATTACAGGAAATGTGCATTCCTCAAGTCATTAAAAGTAGGATCTGAACACGTCGCATTTAGGCTCTGACCGCAGCACTGGTCGTATATACCAGACTTTCCTCGGGTGGGGGACGTTATTACGGGTACTGTACCGGTAGTTCAACTCTGCGCCAGGAATACGTATTACATGGACCGGAGATACCTATAGCGGCATTTCTACACACTGGGTGAAGTAATTGGCTCACGCGCCCTATTATAGCTCGATATCCTCCTGTGCTCTTACCATTAAGACTTGTCCTGTTTGCGGGGAGCCTAGCAGAAGGACACTGCTGTGCTTACAGTGTCATCAGATTGTGAATGCGGTGCACACTAGTTAACAGTGAAAACGATGCAGCAAAATCCGATTGACAGTTGATGCAAGTTCCTGCGGCCGCTATTAAATCCAGGGTCGCCCAGAGCTCACAAGCATACTCACCTGGAATAGACATCGGAGTGTCAGAACGAAGCCCCAGCCTATTTATGAATCGGTATAGCGGCCTGGTGGATATTATGCGATCACGCGTTTCTAACGTAACGAATTAACGATCTTTATAGACATTCTATTATCCTGTCACAGTCGTCGTTGATCGACAAAAATGCGAAATCGCTTTGCCGGTGCGTGCAATGTGAAATCAGCGGACGTTTTCCAATTTGCACATAGAAAATTATGTGCTGGCAAAAATAGTGATACTACTATTGTCGATATTGTTCCCTGTGATACTTCCGCAATCGGCGGATAGAAATAAGCACGTACAGTGGAAGACCAGGTCACCTCCCCGGTCTCTTCGTGGGCACTCGGGATCACCTCTATGGGTGTAGCTCCTCCCTCCTCGGACGTGGATACAATTCTTCCTGCGCGTGCCTAATCCAATTAACTGACCGGACGCAAGACGGGACGCGAGCAATCGTGGGTCGCGGGTTCTATAAAGCAGAACACAGCACTTCAATTGAGGAGCGATGCTCGTTCAGA,1009,47.97,Mus musculus
SEQ_420678,CCGGTGCTAGATGCACGACGATGTTACACAATACCAGTTCGGTTTCTGTGCAAGAGAGTCCACTCGCCAAGACAATAGGAAGGGTATATGCTCATTCGGTGGCGAATACCTGTATAATCATCACCTATCATATCAGTGGTGCATGTGTGACGGTAAAAGGGCATCTGAAAAAATGCAGTGCGGCACGGTATCTCCGCGAGGGTCAGAGGATGCATCGAACATACCCTACTCAGACTCACCAAATATTGGTATGGCCCATGTCGGTATTCGCCAGCGGCTATCGTAACCCGGGTAATCGCCCATCGTGTGGCAGCTGTCGGACCTATTGAATTAGGTCATAGTCAT,345,49.57,Drosophila melanogaster
SEQ_684474,CAGACGAAGTGCTCAACGCGGCTTGCGTTTTTTGCGGCATATACCCTCGGGTTCCGCCATCGCTAGTAGCGTATCAAACGGAGGAGCTTAGCAGCTTCACCAGCTGGCCTCGGTGGTAACGGAACTCGGAAGCTGTGATCTACACCACAGAGTAGCCCGATACAGTAAGGGCTTTACCGAGGCGTGATAACCGTTAGAGGAGCAATAGAATGACATAAGCAACAGAAGTAGAATCCTAGGACGCTGAGCAATCCTGTTCAAACCCAGATCGTACTGATATCAACGGCGGGGCGGATTCGTTCGATGCAACCCCGACCCCG,320,53.44,Arabidopsis thaliana
SEQ_424233,TCGACCAAATATGCCGTACCGGGAGGTGCTCTATACGCATCCGGAAATTACTCGGGCAAGCTTAAGTGAGATACTGAGCTAGTAGCAGGGATGTCTGGCGTCGCTACGTCCCTCCACGTGTCGCAGGACTCTGTCTCGCTTGTCTAGTGCGAGCCAGACCTACTACGGCCGCACTACTTACTAACTCTGGCACTACCCAACGTACTAGCTATTTACAAGTGAAAAGGTCACCATCAACACGACAACCGGCCCTACAAGATTGGCCGTTCCCTCGGGGGGCGATACTCGTCCGCTTAGGCACAGGCTTTTCACCAGACACATCCTCTTCAATGCACCTTTAACTAACGTAGACGGTACCTGGGTAATAGGGTCCCCAAAGTCCGGGGAAATTAATAGACGAGCAGGGGCCGTATCTCACCCCCTGGAATTCTCTGCACCCGAAAAGGACGGCGTACTAAGGGTAGCACTTAAATAAATGACCTCTACCTATCTCTTAAAGTTTCCCAGTAGCGGAGCCTCCGTCCGTCTGACAAGTGGCGCGCTTCTCCATGTCCCCGTAGGACTGTACCTGCGTGCAGAATCTTATCGCTCACCTAATCACACTATATATGGTCCTCTTCTGCTCTCCCGGGAGCCGGTAGCTTGACTGGGCCGAAAAGCGAAATCAGGGAGCGCACTTTCTCCCGGTCCTTGGATATTGGCAGTGAAGTACGACGAGAGTCTTACCTACACGCCGTCAGTACAACGTCGTGTACGATATCCGTACTTCTCGATTATGATGTCTTCTGGTGTTGGTCACAGCAGCTTCCTGCTCATTGATCTCAAACCTGTCGTGCGAAAAACGCGCACAAGTCACACACATGCCAGACACAAATGGCGACTTTCTTGTCATTGCCCGGTAGACAATGATAATATCTCCGACATTCCGATGGAGCTCTAACTTCGGGCGCATGGAAGACGAATCTTGTCCTTCGTTAGGTGCACTTCGATTCTGGTAGTGTAAAGGTTCGTAGCAAAACGAGTGCGAGGCGCAGTTCACCGACTGGGAAGAATCATTCACTGTACGGCCTCTCCTAGTTGACTAAGCGCTGCAGTGAAGTATGCGAAGGGTCACATGCTAAACTTCACATGAAAGGTTTCATTATAGGCCGCAGGTGCCCGGGAATATCTCTTGCCTTCTAACACCATCCCTTGTATGAGTCGTCGTAGCTGACAGGCGTAAGTCATGTCAATTCTATAGCTCCCTTGAATTGCAGCAAGTCCCTGAGAACTAAGTCACCCGACTTATTACCTAACACGGTACGAGTCATGAGGGTGCTCAAGTCTAACACGATGGTACGTTTCTCTGAACGCCGGTACGGCATGGTCTGTTTGTTAAAGATTGCTGCAACGCTCGGACGGAATCAGTGAGATAAGAACCGTGTGGTGCTCTTTGACTAAATTGTCTTAGTATTCATACAGTCATCCCATGTGGCGTGGTGTTGGTTATTATGTACTCTTGTCCCAGCGGTGAACAACCCGTAGCGCATAGGAGTCAATGCGGACATATGGGCATTGCCATAGATTCCGAGCACCAACGACCGCCTATTTGCTACAGTTCTATAGGGCTGTATGCCATAGGGCGAGACGAGAGTCACCCGTGAGGAAATTACCTATGACCACTGGACGCGGCTGGATGCACCCTTCATCCTTGCCTGAGATAAATCGACAGGCTTGGCTAGTACGCGTGGCGAGAATTATCAAGGCAAACCGGATGATATGGGCACAGATAAGGGCGACGGCCAGCTATCTGTTCTTAAGGGAGTGGAGCCATCTAGAGCATTAGGGAAAAAATGCTCCACGATCCGCACGGTTTTAGGCATTGAAAGGCCAAACCTTCCAGGAGTGAAACCTGCTCGTTATTACCAACCATCGATCCATAACGTCTAGTAAAGCAGAGAGGCGAGAAAACGTTTCGCCTACAACCCTACTGTCGTAGTCG,1981,50.48,Mus musculus
SEQ_331690,TTACTCCTAGGCCGCAAACAATCACTTAGCTTTTCGTCCGGAGTACGTTGCACGTTTTCCGCACCTCTTACCTTACTTCGACACGGGACTGTGCATTTTCGACGGTGGTTTGTTACCGTTGTGAAAATTACCTAGAGACCCGCGCGCCTCTCGAGCCAATCGCCCGATTTTTAATCTTGTCTAGACTTGACCCAATTCAGGCTATTAAGAAGAGTTATTGTCAGCGCTGGCTACTGAGGCCGGTTGAGCTTGCACTAAGCGTTTGCGATCTATGACGGCATTTCAGGTCGTGCCGACCTACTCGGCGCGGTGACTGACTGTTGAGATAATCCTGCTGACCCAGACAGGAAGCCTCGGGTTATGAGATGAGGAGCGTGCAGTCTTGATCCGATGTTAGATTGCATTGCAGCAGCGATTGGGGCTCGCGTTTTAGATGACCGAGGCATGCGTATCTCGTCAGGACCCCGCACGCTATTGCGTAGCTGAGGAATTGCGAGTTTACACGACAATATGAGGAACTCCAATTTTTTTACACAACGATCGACACCATCCACGGTGGCAGGCCTAAATGCTCCATGGCGGAGATGACATGCGGCCCTTCCCAGCTTGCTCGTCGCGCAGCCCATGAACATTTATCGCGTGGAGGGGTATCTTCCACCTTACAGCACAACAGTAGTCGCTTACTATATAGTGGGCGGCTTATACCTTCGTGCCAAAGTCTCCCACTTATCCCCGCCCGCCGGGGTCACCGGCGCCAGATAAGTGCGGACCCTGGAAGTCACTCATCACGCAGACCTCAGGCACAAAGTTGTAATATCTTCTCGCACCCTCAGTATATCGTCGTGTGTACTCCGTAAGCGTCCACCTCATGATTACGGTGGAAGGACCGAGTCACCAGGTTTTAGATATCCACAGGGGTCGTCTTGGAGACGTGATTATCGCACGACCATAGTTTACAACGTCTAAAAGTCATATCTGTGGCTCCGTCCCCTGTGAATAATTTCTACTAGGAAGCACGGAGTTCTCCACTTACACAAAGCGTATAAGGCGTCGATCGACAAGGTTTAATCGTGGTTCAAACACGGGAGGTTAGAATCTTCTTACCATTAATCGGGCAAAAACTTCTTTGCTCCATAGAGAAGACACAGGCTCAAAATATTGTTACTTTTCCATATCGACCGTCGCAATAGTCCACGTACTCAGTCGGTACATGCTGAGTTTAGATGCCTCATCTTGGACGTTTCTTCCCCCGTAACTTGATTTCCTCCTAAGTCACTATGTCACTCTCGATAAATAGATAAAGTCGCACCGATCGGATCCCTAATGTGGTAAAACCAGCCCGCGAAACTAGACCGTCAAACAAATGGGGAGCGAAGCACTTCAGTTAAATACAAACGCTCGAAGAGAGCAGTGTTCTGACTCAGTCACTGCGGGGATTCGAGTGACCCGACCCTCCACTAAGGTGAGCTGGGGGGAATCACCGCTTCTACACCGTTCTGCAAATAGCCGGATAGCGTTGAACAGTCAAGTCTAATCGCCCCACGATCTGCTTCTACCCCAAGTTACAGGTCAGGTGCGCGATAGACTCGAATTATGCACCGTCGACCTTGTTGGTTAAAGGACCCTATCAAATGCGCGAGTTTCG,1645,50.15,Caenorhabditis elegans
SEQ_307025,GAAAATAAGTTACTGATCCGAGTACATGGAGGCGCCTTGTTAAAATGTATATTGTATGCTCTCAGAAGAGCCCCGGTTTTTGGGCGTGGTCTCAGGTGACTTGAAGCCACTTAAGCTCTTACACACGGCTAAGCCCAACGCCCTTACTCGTATTATACCCTAGGGAAGCGGGTCAGACTAGCTGCGGTCAAGCCCAATTTAACACTCAAACAGGACGCACCGAGCTCAGAAACATAGTCGGACCGTTTCAATTGGGCTGACATTGTATCCACCGCGGATGACGCCCGCCGCTATCAACAGTTCCACGCATGACCCTGATGCGCTTCCACTAAGAAAAGTGTTTCTTGCATCGGTGCGCACGTGGGGTACCCAGCAAACTGTATTAACCTATCACTGCGGGGAGCAACTGGACGTATATCACTTAAACACGTTCGGAAATTTTTTTGCAGTTTACGGGTATGCAGCCACCACAAGATTACTTGCGGGGCTTAGGTTATTAGAGCCAACAGCAATCCGGGGAGAGTTTGACATCAACTTCGATGGGTTAATTATTATCGATATCCAAGGACCACTTCATCTTAGGACTAGAGTGGTAGATATGCGTAGGCAACGCTCGAACGATCACGATATCCTCTGAAGGCAGTGCCCATTGGCACTACCTAATCGGTGATGTGGCTTATTCAACTTTTCCGCCTCACGGTATTGTAATGCATCATGGAATATACCTGTCCGCCGCGTGTCCTCGGGCGGCTCTTCAGGCACGTAAGTGTTCTTAGCACTTTGAGGGGCTCTTCTTTATTGTGCGTGAGTACCGAAGCTTGAGGGTCAAGCATTTTTCTTCTCCGCTTCGAGCTTTAAAGGGTCCAAATCAGCATTTGCTAAAATGCTTTTATCCCCGAATGGAGCTAGGATCAATTCGAACGCACCGTGTCTCTAACGAACACAGGAACGGTCATGAGTAATGTGACGAGCTAGCCCTCCGCCGATGACAGACGCAATCGTAAGAGCTGCAGTGCAGTTTAGGCGCGGTCGTTGGTATTTTCGGAAATTAGTTATGCTCTTT,1063,48.54,Drosophila melanogaster
SEQ_301535,AGCGACGCGAGAGCGATGACCAAGGGATATTCAAGCACGATGTGAGTCGTACTGCACTGACTACCTCACCACCCACAAGACCGACATAGTGTAGAGACACGCCGTGTCCGCAGCAATTAACTGCTTAGCAAGGTCGCTTTTAGTTGTTTACCCAACCTCAGGTGTGAAACTTAGATGAGAGTAATTATCCA,191,48.69,Homo sapiens
SEQ_957376,ACATGCAGAGCTGTAGAGCTTTCCCATTTTCTAGTTCACAGCTTAGGTATTCATGCTTGCCACAGGTTTTGATTCAAGAATAGGAAATTGCAGTGTATAAATTGTATGTAAACGTAATTAGTTCAAGGACACTGTTCACCGACCTATCTGAACGATACAGGTGCACGTGAGTAGGCTAATAAACTATAGGAATAATGAGTGCGCATATACGGTTTCCTATAGGCGAGGGCATACAGAATTGCTAATGCTACATCCATATTCTCTTGCGTTCTCCATTTTCGCGCAACATTGCTGTTTTGAGGGTCACGTCCGCAGTCTACCAGAGGGACCCCTAACATCAGATGAACGTTTGATACCAGCCAACATGCTGTGCCCGGAGGGGTTGGTACCTGGCCTCAAGACCCTCTCTCCTACAGTTATGCGAGAGTAAGGTGGCAATTTAGTTCCGAACTTGCTTGGGTCATCAACGGATTCCGAAGGGGGGGTGCTGTTACTGAAAGACTATAGCTTAACACCATTGGGCAGGTCCCATGACCTAGCGAGTTGCCAAGAGGTCTTTAACTGTTAATTCGCGGTACTTTTACTTGACGCCTGTCCTCCTCTCCTACTCGCCACACGAGGATATCTTTCTGGTAACCAAACGAAAAGGCGTTGGGCAATGCCGATCGAGTAAGGTTAGGACGACGATCTCTATGGCCACCCATCTGGAATCTGAATATCACGCCAATACACCTCCTGGGCACAACCCATTTTGTGCGGCGAACGATGCGTTGGCATCCCGGAAACCGGTATGATGATCGGCTGAACAAAGATCGCTCGGCGCTCAATCTCGCGCTCTCCCCGAGCACCAGCTTCTGAAGTGCCGATCATCTCAAACAAGGTATTGACTCGGAGTCAGAACACCACCAAAGCTTTATGTGGGCGATAGACTCGCTCAGCTATCCCGGGGTGTGAGTTCATGTATTGCATAAGAACTACCAGGCTGACAGGGAAAAGAGGTCGCATATGCGGGATATCCAAAGGTGGGCTTTCGCTGATCGAAACAACTCCTCAGCACTGTTGTTAGCATTAGCTACAAGTTAATGCTCAAAACCCCACCCATTACGTACATATAGCTGTCAACTTTGAAGTTGGTTAGGGTGTAGGGATAAAAACGAAAAGGTATGGGCCGACTAGAGACATTGTCACGCTTCCATTGAAGAGGCTAGCTGGGAGAACGCTTCATCAAGTGCACCGACGGAATACTCCATTATCTTGAGTGATTAGGTAGCTCCGTTCGTAACCCCGATATTGATGCTACGTAAGTCC,1308,47.94,Drosophila melanogaster
SEQ_104720,TCCGTAATACTATACTCTTGCCGGTTAATGAATTTTAAGTCTAAGGCCGTATGTACGTATCGAGAGCGATGGTATACTAGTGCTCGCATGTACTCTGCGTCGTTGGGGCAAATGCGCGTAACTGGCGCACTTCTCCACTCGCACGAAGTTCGCGAATCCAATGTTTTACGATAGTCGCACCTCGCGTTTACTACGGATCATCCCAAGTCTCAACAACTGGTCGTGAGCTTCCGGATCCAAGGCCAGACGGGGACCTTGAAGTACCCGTAAAGCCGTGATGGCGTTTTAACCGGCGACTATCGTTACACATTATTCCATATCGAAGTGGAGTCCGCTGAGGAGGACTAGGAAAGAATTCCACGTCGTACACATAGACGCGAGCGTATGCCTCTTATGACTCTCTACCGTTTTATAAAAGTTATCGAACGGTGTGCATGTCCTGTTGAGGGGGGAATGAACTTCACTACTACAACTAGCGGCGCGCTAAAACTTAGTGATTACCCTGCGTACTGGCGTGTTTAGCGACAAGATGTGAGATTCTACGCGCTGCCTCCTTCGCCAAAACTAGCTCTTATAGGGATACT,584,48.8,Caenorhabditis elegans
SEQ_643901,TACTGAACCTCGCTAGCCCGGACTTGCACAGTAGAGATAGCGCGCTCACCCTATCACAACTATTCCCGGACTTGCAGCCGCGAAAAGATTCCATACCAAGACGAAATCCTTAGTCAGCTCGACACTTAATCTTGAAATGACTCTGGCTCCGTTAGCATCTAGGTATCTACCCAGTCCATCTTCCCTATACATAACAACCGAGTCGCTCGGATGGTATGTTGAAGCGGTTTGGGCTCGCACACGTTACTCTCGCCGACTGCTCATATAGAAACAAAATGCGGAATGACGGGAGCGTGTCGACTAAGGTTGGGTTTAACCTATAGGATTGGAGTTATTAGCCGCCGCCACAATGGCCAAACCCTGCGCATAGGGGGCGGATCCAATTGTGGAATTAGATGAGGTTGAGAGTTCTGTTGCTACACTAAGCCTAGCTTCGTTATGTGTAGACCTATCCACACGTCACTCACGGAAGGATAGCCAGAGGCTGGCGGGTATGTTCCGTTAACACCACCGCGCTCCTTTCCTCAACACGACGATCTGGCAGATATCCAGAGGCGCTTCTACTATTTGTCGGACGCGCAATTGTCACGCAACGTCCAGTAGAGGTACTCAGCCGGCTAATACCCTAGTGGGCACTTAGGATTATAAGAGCCTGCTTGCAACGGGGACGACTAAAAAGAATCTAACCTCTGCCCTTGAGGCGTCGAACATAAGTCTCAGCCGCGCTTGCGAACACACCTCGCCCAAGAGACGGCGGCGCGGGAGCAATTCGTGCAGCCGAGCCTGTCTGGAGTCCCCAGCTGTTCTCCCGATGTGGTGAGTGGGAAACTAAACCTAACTAGTGTACAGATGCTAAACTGTCTAACTACTAGAAGGATTAGGATCGAGGCTCGCCATAAGGCAATAACGCCTATCCCCATGTTTAGGCAGTCCCGGATAGCGGGACAGTTCCACGTG,957,51.83,Saccharomyces cerevisiae
SEQ_874843,GGATATCACCGCTTGGCACTATGGAGTTGGTCCGTACCTCAAGAATTCTTTTTGCTCTAATGTGCGGAAGTAGTTAATCAGCGTGCCACATGACCGCTTAGCTACGAAAGTCTGGCGCCGAACGTGATAGATGAAGAGCCTTTAGTCGGGAGCCGAACTCATCTACGTAATGGATAATACATCCGAGTTTAAGCAAGCTAAGAATCGTTCCTAAAATACACAAGTCGACCCTGTGAATTTTAGCAGTCTACGATTTCGTTTAACACCTTTGACCCTAGTTCCTCCAACCGAATATAGAGTACACGTAAAGCATCGTGGTATTGCGTTACCCCCTAATTCTTCAAACTATGGTTTACTTTGCCAATCTCCTGTCATCCAAAACTGGGTGAGACTAATTGGTATATTTCGTCATTCGGGAGCAGCGCCATCGATGGTTCGCTATGCGCCCGCATTTAACATAACTGCGGATGGGCGTAGACCACCCTGTTTAGATGTAGTATGGAGCACTTGGAGTGGCG,518,45.95,Mus musculus
SEQ_328345,ACAGCGTAAACGTCTATGGGATATGTGTATACCTAGTAGTGGAGTCAGGCCCTGAAATCATGTTTGACCACGCATCTACTCGCACTCGGCGAGATATTAAGTCAGACTATTATGCATGCGAACTCGTCGCAGTTCTTGATCGAATACCAGGTTAAGCTGTCGGCAGCCCAACTACGTTGCGACAGCGAACAATAGCATAACAGATGGGTCAGTGCGAATTGTCAATCCGTTTCCTCTATCAGTAGTACCCCGTTGAGTGCTGCATTGGCTGACTGCACAGTAGATACAAAGATACGGGGATAATAAAAAAACATGTGACGACGATCTGTAGGCCAGATGTCTACTCAAAGCCCGTGTCGTGCGTGTAAGTTAAGGTATTCAATGAAACGCCATATTCCGGGACTGGCATATGCTAAGACTATGCACTCACGATAGGCCGCAGACACTAGTCATCACCTTAGCGGTTTTGGAATCGCTCGAAAACTACAAGTTCCACGCCGCACCCCTCTAGTTAAAACTCTTACGAAAATACCCGAAATGAAGCGAAGAATCTGGCCGCGGTCTAGACGGCCGTTTACTTCGGAGGTTGATTTTACTATGTATGAATTTCGAAGTATCGTTAGCGCCATGATTTTTATTCACCGACTGGTAGATTGAAAGACAAATTTTAAAAGTTCGTGATATGTTCACGTGATGTGACGTACATGAACATCATCTGTAATGCTCTAGTCAGTGCCTCAATACCCTGGTTCAACCTCAGCAAGCACGCCATGGGGAGCGTTCGACCTGCCATTAGCTTTTACTTATTAAGTCAACTATGTTATTCGGTGTCGGGAGATTCACTCGATAGCAAACGTGTTGGGCCGCACAGAATTCTCTCCATAGGGAGGGAACGTATGCGCTAGGACAGAAAGTTCGCTAGCCGAGATTTGCTCAATTTGCGGTGCACCTCCCCAAACGATTAGCCACCGATACGCCCGGGGAAGATTATTTAGCGGTAGCACCCAAAAAGGTAACATTTGACGTGAGTCGCCCTATGCTGAATTCAGGCTCGTATAAGCATCACCTGCGCGTCTTATTCCAATACGCTTCAGATCGAGTAGGATTGTCTGGGGCACTGAGACGGTCTTAACAAATTCCGGCAGACCGAAGGGACGAGTTATATGCCATAATCTACCTCCTAGAGCCTCCAATTTCTGCGGAGCAACTCCACGGAAAAAGTGTACGGGACTGATCGTCACCTAGGTACATCCAATCGACTGG,1263,47.11,Mus musculus
SEQ_201077,CGTAACCACTACACAGGAGTGTAGCGTAACTGCCAGCCAATGGCTACTATGTCGACACCGCGCTCAGGCTTGCGTTAACAGAGCTTGCATTTAGTGTTGCCTTAAATCAAGTAACGATTTCTCGCACTCCTGGGAGTCGTTACGGAGATTCAATCATCTATC,162,48.15,Saccharomyces cerevisiae
SEQ_157713,GGACATTTCCGCCGATAATCTCGTCTCGCTGGTGTACTCACTAGCAATTGGTCAGTGCTAGCGGGACCCCCCCTTTTTGCTTTAGGAATGCCCCCAGACACACCGGACGAGAGCGAGCTAGATCAAGGCCTTTCGGCATGCTTTCCGTGTACATTATTTGCCGGGCGGGTGGGCTCCAAAGCAAGTCATCCCGCCCGTGCACAATCCAAAGGGGTCAGGTACGAAAGAGCAAGGCAGGAGGTCTTCTTCCTTGTCCGGCTTTTTACCAGGGCAAGGCCGATTGTAGCTCCATTTACTTAAACCTTTGGTCGGTGTTGCGACGATCAAACTCGTGCCTCTCGCGTATTTTCGACGATCCCAAACCTCAATTTGGAGAGTTTCCAAGTCCATGGGTGTTAGCCTATTATGCGAATTGAAGAAAACTTTGGGTCCCCTGAGTGCTGTGAAACGGGAAAAGACATCCTATAGCCCTACAAT,477,51.57,Escherichia coli
SEQ_971122,CATTCGGTCTGTGGAGCGTTAACCCCGAGGTCAGAAGGTTAGCTAGCGCGCTAGGGAGCATTAGCTCCTAGTAGATTGCACTTTTGTCGACGAAGTGTCTCAGGCTGACAAATGAGACGGTCGACGATCGCGATCCCCACGGATGCTTGCCGAGCTCCCCTGGGCCACGTTGTAAGGGTCGAATCGATTATAGGAAGACTCAGTGAATAATCGTTGGTCTTCTTGCTGGGAGCCCTGCCCGAAACAGCCGCGTGCCGCCAGTAGTACGTAAGGCTGGCGATCGCATACCTCATATTTTGTACCGCGGGCAATAAAGTCAACTCGAACAATGGTCTCAAATATGCGGCGGCCAACCGTCATGTGTGTCCGAATCCACCGGAATCCCGCAGTGTGGTAATAAGGGTTTGTTCTAACCTTCCGAGCTATACGGCGGGCTAATTGCTACTAGCTGAGCCCCTGCGAGGAGACTGATTTTAACTAGCTACGTGATGCGAGTTGAGTTCT,504,52.98,Drosophila melanogaster
SEQ_503489,CGTCAGAAGTGTGGTTAAGCTCAAGTCACCGACAGTGTACGCCTCGTCTAGAAGTGGAATCTAAATAACTAGAATTTAAATGAGGATGCTCCCACACATGTGAGTCCCAGGATTCCTTGATCCCAGGCTCATCAGGCAAGTCTATGTGGCGGTTTCTCTTTGTGGGGGTCGATCCCTGGAATGGTATGTCCGTGCTTTTCGAACGTGCGCTACGGAACGTCCTAAGTTTACGTGGTAATAGTATTTTCTGGTTGTTCGCGCAAAGTGTCGTAAATGGGGTTATATGGGTTCCCTCCTGGTCTCTATCTCGACGCCCGAAGCTGGCATGGGTGTTCACAAGGCGCGCCGCCGGCTGTCTGCAAAGTCGCACGCAAGGACGCTCTCGATACTATTAGAGTCCCCGCCCGTGCAAAAAATAATGGACCCCCCTGCTGCACTGTGGCTTGCCCAGCAAACTCAAGCCTTTCCGCGAAATTCAAGTGACGTTGATCCTTGGTAGCGAAGAATGCTTTCCTGGGT,519,51.45,Saccharomyces cerevisiae
SEQ_188958,CAACAAAAACCAGATATACACCCTACCCGGGCCCGCATGACCTATAACGTTCCGGCGATGAAAACATCCCAAACCCCGCATCGTGTGGTACCCATCGGGGTATATTAGACCGAAGAGGTAATTCGCTTGAGCGCCATCACGTTCAGCACCCTCATACCGGGAGCGAAGGTGAATGCCAACAGATACGCATTTTTTACCTCCAACTTTTGAAACATGCGGAGGTGGAGTCTGCATCATCAGGTCTTCCTAGTACGCCGATCTACTTCTACTAATGCTCTATTTCTTACTCCGTTTCCATTGTTGTACAAGCTCCTCAGTGATCGGAAGCAAGGTTATCGGATAAGCGTAGGTCCTGAGCCGCGCCACCGACGGGCTCCGTACATTGCAGGGGGGACTCGAGGACTGTGCTGTCGAATCCCGAACAATAGCCCCACCCGTAAGAACAAACCAGCAGTCTGCTCTTGTGCGCACCCTTGTTATATCTGAATTGACTTCGGGTAGCTTCGATCGAAGTGTCGTCAGTAAAAGGAGCCGCCGTGCAGGGTAAACACGGTTGCCTCCGGCTCTTGGGAAGTTTACTCCGCTAGCGCGGCTGGGGTGAGACACACGTTTTGCTAGCAACCTGCTACAAGAGCCTAGGAGTCGCAATCTCCAGGACGTGGTAGAATTTAGGAGGGCGTCCGAAGCGAAGGGGAGGGGTCTAAGTCCATAGACAGGCGGCATTTTCATCGACGGAGAGGTAGGAGAGTATCGCCTAAGAAGTGAATTGGCGAGCATGTGGAGAAAACCTAGTCGATCATAGCCTCCCCCAAACTGCCTGGCGACATTTGTGCCGGTATCTAACCCTAGGCATACAAAGCACCTCGTGCAAACGACAGTATACACATCTAGGCCTAGGTATTTGATGTTCATTAATCAGGAGCTGCCCATCGGCTATAATCTGAAAAAGAATACTTCTTATGCAGGACCGTCCAATGCGGCTTTTATTAGCAATCGGCGTTTAAGAGCCAATTAGATGTCGAGCGCAACGTTCAGGGAATCCATCAGATTCGGTTGTAAAGCTTGCGCATGGGCCGCAACTAGCTGCCTCTATGGTGTACTACGTGAGTAGCTCACGCTTTATTTACGCTACATTGGAGAGTAACGGATCAGCACCCATGCGAAGTTCTTTTCGACCACGTCATCGGAAGACAGTCCAGGATTGAAAAGTTTATTGCAAGTGGGCCGGAGGTGATATCGAGTGCAGGCGTTTCTGTATACTGTTGGGCTTAATCCCCGGAAGGTTCCCGGGTGTGTGGTACAAGCGGACTTGCAACAATACCGTCTACGTGAGAAGTAGTACCCGGACAGAATGTATAATGAGGGTTACATGCTATCTACAGAATAACTGAGAAGGCACCGAATGCGTGCTAATTGCGTGTTGCTTATGATCGCATAGTAGACGACGAAACGGGACGTTCGGCGTCGATGCAGGTGCGTAAACGGATCGGTCTTTGGCGTGATACCGCCGGTCGCACCAACAAAGGTCGCTGGGACGTACTGCTAAAGCGGTTAACACTACCAGTGCAAATGTAAA,1576,50.7,Saccharomyces cerevisiae
SEQ_577120,CTATGACGCCTTCGTGTCATGTAGCTAATTAAGCCGGCGATTAATGCTAGTATGGGTTGGCAACAGGCAGTCCTCTATCGGTTTAAGATCGGGGCGGAGTAATATCCTGGATGATACCAAACCAAGCCAGTTCGAGGAATAACGATCCAAAGTATCTTTAACATCACGAATTTTACACGATTCATCCTCGGGCTTGGCGCGACAATGTTCATGATACATGCAGAGTAAACGAAAACAGTCCCAATTACGTTTCCGTAAGGCATTTTAATCACCCTTACTTGTAGCTATTCTTGGTTATGGCTTAACGTATCCGTATGCCCCCCCTGAAGCTTCAGTACATCTGCCGGGTATGAACTTCGATGTAGCGATGGTACTTAATTCACGCCAACTGCACAAGGGCAGACCCAGTGATGGACTAGAGACCTAA,427,45.67,Drosophila melanogaster
SEQ_534595,ATGTGCCATTACGGGGGTCGAGTTCGGCCGGCGGTCGATGTCCTCCTGGCGATGCTCCCACTTGCTAGATCCTTATCCGCGACCTTGCTCAAGAAGCGGCGCGAATAGAGACACAGTTAAATAGGTGGGTTCTACAGGTAGGGCCAGTATTGCAGCGAAGGCATCCCATGTCGCAGCCTAATGCTAGGCGTATCTCCCTTGAGGATCGCATACTTATCATTAAGAACATTGGCACGTATCTATCGAGTTGGTTACCGGTTCTGGGCAAAAGCTGTTTATCGAAGGTGACAAAATTGGCCTAATTTCTACTGATGAGGGGAAGATCCATGGGATCCTCGCATATTATTGAACTTGGTGTAAATGACTCCCGCAAGCGGGGCGTCTCCACGTTCCCATATCGGATACAAGCTACCGCCCGCCTGTACACCACTAGGACACCTACGCCCCGAGGTGGCGACGAGTCACAACACAGACGTGCCTTTCACTACCCTCACCCAGTCTAATGGGTCTATGGGGCGTCTCTAGCAGGCCCCACCTCGCCGTAGAGTGAGGAAGCAATTCGTAAATTTCACAGACCTACAGATGTCACCAGATGGCTGATTCCAGTCGCAGAGAGGTACTGCAGTAGACTAAAGGCAATCCATGGCTATCCTTGTCACAGGGAAGTCTTTGTCAATCATTGCTGCAGACATGTAGAAGTATTAGAGTTTGGCATGAAGCGGCTTAGATACACCTTTGCAGGCGTGGTTGTACCGTAAAACGATTCACGTTGATTAGCGCGTATCAAGCAACGATAATGAGAGGCACTCAACCACCGGAGGCGGTCATAGTCCTGTATCTAATCCCGGCCAACCATGCTCTTATCCCTAATTAAGTGAGTGGTGACCGGGGGCCCGACGGATATCTTGTACAGAAGCTGCGCACCACACCTTATGCAACATACACCGGCCGAACATATAATGGAATCTATGCGTCAGTGGACCCAGTGCGCTGCCGGCTGCGGACGAAACAGGTATTTGCGGTCGCGACCGCTAGTAACAAAACGCAAATAATCCCGTGTCAGTTCCAGCGGGTGGAGCTGTTTCGTCTCACAAAGTCATCACTAGCAGTGTGAGAAATGTCATATATACAGCCGTCCCTCTATAGTGCACAGAGGTGTCTGATAAAATATGCGCTGCAGAGACGGAAACTCAATCTCTCGGTGGGGAACCCCGATAGGGTCCGCCTGGGTGATCCGACACGCCGCTTCCGAGCATGGAATAGGCCACGACTACCTCATTCCCACTCCCCAGATTTTATAGCCTTCGCAGGTCCTCTCGCCTTGACTAAGGATACCCTCGGAAATACGCGTGGAGCACACGTGCGTATGAGTCTGAACGGTAGGCCC,1387,52.05,Caenorhabditis elegans
SEQ_497553,GGGAATTGTGGGCGCATGGCCCTTATCAAGACTGTTAGGACTACTGCACTACAAACTCAAACATTGCGCCGAAAGATCGGCCACCGCCACTGCCGCGTTTATGTTACCATAGTCGAGAATAAGTGAAGGGACCCTCATAGAAAGGCAATTTAGCGTAGTCTAGCGCTTGTGTGGATCCTGACAATAGTTGGCTCGTGGATACCGCCAAGATTATCTATTATACCAGGGCTTGTGAACGCGAGTGTCCCTGGTACTCTACAGCGGGTTCAGTATTTGTTTGTCGTCTCGCTGAATGTCTTATAGGTCCGCTTTCACAAGAATTGCTACACTCTGCTCTTTATAGCAGTTGCCAGATCATTGGTAATTCCGCTTCAGCCAACCACGGCGGCGCCTCAAGTGCACCCGTTGTGTGTAGTGCTCCGGGTAAATGTCCTATGGTTATGGTCAGAAAAAATGCAAGCGTGGAAATAAAGACTAGGTCTGTTCGGCAACTAGCCTTTGAGTCATCGTATACACGCAATAGCTTTATACTCGTTCATGTAACAGTATAAGGTTGACAAGCTCGTCTGGCCGACGTCACGTGAGCCTCACTACGTCAGCTGGTATTGTGCGTGAAGTCACTCAATAACGCAATACGAACACGAGTAATGTTTGGAGTTTGGTCGGGGAAAAAAAAGATTGGAATATATTGTAATGGTCGACGTCCTTGGCAAGCATGGACTCGACGATACTTTGAACGCAGTTGTACTCCAATGCATCAATAAATCACTGAGACGAATACTAAATTCAGACTGTACACGGCGACCATTGGTAGTTGACCTGGGCTCATGTGATATCTCAGAGACAACATGGACCGACCGAGTGGTTTCGAATCCGGTAGCAGGACCTCGGGGTCCAATCGATGGGAGTTCCGCCAATACCAAGTAAATATGTCCCGTGTGATGGTAGGCACAGCAGGAGCATTCTATTCGACCACGTTGTCTTTTCTACAAGAATTCCTTTCAATGTCGCACAAGTAAGCAACAATGAAGAGCCATTAGCGTACGTGAGTGATAGCCGCCAGATGCTTCGCCCTTAGATATTGGGGCAAAGTACTGCACCTCGCAGCGGCTGTCTGACAAGATGAGATGCTCAATAGTGGCCACTTTTATTAGCCTAATCATGAGCTGCACCGAATAGATTGACGAAAGGGCCTCGATTAAGCTCTGATGCGTCAGCGTTTCTGTTCGCAGTATTGACGTTTTTGTATGTACAATGAGAGCCGATACTATTGCGGAAGTCCTGCGAAATAGGCAGTCCACCTGGCATAATCCGATTTTTATGCGCACTCTTAGTCCGGAAAAAAGTACTAACTGCATGTAGAATACCTGGATTAAAGCCGCTCTTAGCCGAAGTACGGGGACCTCGAATGCCGTACGTGATCCCCGTAAGTTGGGGTGTGGACACTCCCGGTGCGGGGCGCCTGCCGCTCTCAGGGTCAACAGGCCATCTTAGTGTCCCGCACCCGATTTTTAGGAGAATTCTATGTTCTCGTGTATTTTCAAACAGACGATCTCGTACTACGCCGAGCGGATTTATTAGGATAATATTATGGCTGTAACTGAGGGCGGCTATCAACTATACTATAATCGCGGCGTCATTTAGCTACTGATGTGATTAAGGTTCTAAGGTCGGACTCGGTGCATGAACATACAGCGTGATGATCCCTATTTTATTTCAAGAGGCTAAATTCACTCAATGACTCGGCCTCCTGCGTATAATCAACATACACCCTCCGTTATGTGAGCTTCTACGCTCTGGGTCAACCTCTATTATTGTCCCGTTTAGCGCTGAATGGAGACGCGTTTCGCATTCAATGTCGAG,1863,47.45,Mus musculus
SEQ_626350,AATTTGTCCCAATTCAACGTCAACGACGCGAGGATCGGTATGGGTTAATCTCAACATGCCTGTTTGACGACTGGCTCACTAAGTGCTGAGAGGAACATTGGCGCACGAGATTTTCCTCTTGCCTGATACGAGTCATGGTCAGACCCTGTCCTCATACGACCCTAGAAACGTCGAACTCTACGTGTCGGGGTGGGTTACATCATGCCCGTAAAGGAGACAAAGGGCTAGATAGCACGGGAGCGACTTGCTCATGCCGCTTCTGACCTGTACTTTATATTTACTTAGTGATCGAGTCTACTCGCGTGCCTAGATGGAACCATAGGGAATCGCTGGCGTGATACATTCCGACAGTACATCACTAGAAGGGCACTCACTAACCTTTTCTAAGTCGAGTAGGCAACATCTTCCGGTCTTCGCGGTTATCTGCTCGATACGAGCAAAAACTAAACCTAGTCCCGCTAATACTGGTATTAGGCGCCGTTGGACAACTGGAGTATGCACGTTTTTCGGCGTTGCCTCTTTATATTTGGCCCATTCTAAGTGCTAAGCCTGGGAGTTTATTGCTCACGGCGGGATGTTCACCGGGGTGTGGACAGCAGGAAGCGGGACTACCAAACTGTATGTTATTTCCGTATGACGTGCT,643,49.46,Arabidopsis thaliana
SEQ_520170,CACTGAGATCAGAACTGCTGCGGACAAGCACGCGCAACTCCCGGTACCCGGAAGGAAGGCAGACTCGTCGTTCAGAGCGATTACGAGGGGCCTTAGATGAAGATATCTTAGGAGTGTTAGGAGCAATTACCAGTCCGTGCGAGAATGCTAAATACTACCTAGTATCGACCGAC,173,52.02,Saccharomyces cerevisiae
SEQ_983537,TCTACGTGGATTTAAATACACTCGATTTTCATGAGAGGTTGTGCCCATGACATGCAGAATGGTCCGTGCGAACCTTGTTAATTAGAACAGATGAAG,96,41.67,Caenorhabditis elegans
SEQ_235257,CAAGTTTTAACCGGAAGACCGTATACAAGAGATAGATTACCGAACTTGCTAGGGCTCATTAGTTGAAACATTATCTATACTACAAACGCCCCACCCTCAAAACTGATCCTATCTGTATATCCCCCTGACTTACCGAGGGATAGTGCCCGCTTCGCGGTCGGGTGTCCAAATAGTAATCGCTTAACGGGTTTGAAGCAGCCCGAACGGCAACATCTCCAATTGAGGCTGTATATAGGGACCGAAGATCATCCCACTTCTAACAATCATGATCAATCAATCTGTAGACAAGCCGTTCACCAGAGCCACCGAGTGTGCGCGCAGCGAATTCCCCACTACCCTCACGTGGAATTTGGGGCGCGAGTTCTATTTAGATTTGTATCGGTATGACCTGGTATTTATTACCAGCTGGCACCTGAGACCGACAGCGTTCAAATGTAGACACCGATTACTCACACCGCATACTAGCCCCTGCGGCTATATGCTCCTAGATATGAATACTTGCAACAGCGAGTTCTCTTTTCCAAGCAGTCGTACACGAACAGCCATGACGCACTGGGGGGGCCCGGATGGGATTGGACATCTCCAGCGACGTGGAACTTCATATCCACCTAGCGGGATCGTCGGCGGGCGAAGGTGTGTACGTTGATACTTGCCAGGAGGCCGGAGAATCAGTCGTATCCGTCCAGTAAAGCTCGGGCCCCCCGGAAGAGATCTGGAAGCCGGGGCCTCTTAACGTTTCTAAATGTAAGGTCACATTTCCGTGACGCCTAAGGCTCCGACGCATGCACTACCTTGCTAGCCATAATCTGGAAAGGCCACTGTCAAAGTAGTGTTGGAAGGCGTCTGGTCCTCTTCCGCGCTGTCGTCTCGTAAGGCCATCAGCGCACGACTAAGAGGAGGGTCTTACGGGTAGTCAGCGGATGATCTGGTCTCGAAGCATTGCGACAGGTTGAGGATGCTAACGAGCGTTTTATTAGTTCGAGGCCATTTTTAGGCATCGTTTCCTGTTTGGCATGCGTGCCGTACTCGCGTCGGAGCAATGGAGTTTTTTTCAACTACGTAAGCGCATCTCTGGTCGGCAAGCGCGGCTCATGCACCGCGTGCAACACTCTAGATTGGACGCTGCCATGCACGGTTGAGCGGCCTAGCTAGATGACGGCCCTGCTTATGAGGCCAATTGCTATTTCCTCATTCATCTCTCTTGGGCGGCTTGACGTGATACCTCGGCCGAGGGGCTATCGATGCATCCCTTACTTCACCCAAATACTATCTAGCCAGCCAATGCCTTTGAGCGTTGGCCGGCCCTACGTCTCGATGGCATCAAGCAGCATGATTGCTTAGTGCCCGTACAATATAACGGATCGGTGCCAGTTTATCACGGGGTCCGTGTAAACCTGCGAGTAATGCGGTCTAACGGTTCGGATGGAAAGATCTTCGCGGTAAGACGTGCGCGGCGGTTTACCATTATTTAAGACCGGGGCCCAGTGCCGCGAAAGCATACAGACATACCATGCATTCTACCGGGTCTCTTACCAATGCCGTATCAATTTCCCTCATTATAGGGTCGACAAATGATGAACATTCAACCTGCACCAACGCTCAGCTGCTTTATTGAAGTCTGGAGAACCGTCGGCCAACCGCTCTATCGCAGGGCAAGACCACTCTGACTGTAGCTGGTTAGCCCCATTGCCGATACCGATCCCTCTCCGTAGTAACGCAACATGTACCTTCAGTGACTCTGCACGGTAGTGGTCTGTGTATGGTTGGTACCGTCATGAAAACCGGTGGATTGTCGCTTGCTGCTTACGATGGACTGTGGGAACTCAACCACATGAAGTCGGATCTACTCATTACCAACATGGGCGC,1866,51.93,Drosophila melanogaster
SEQ_996407,GCGCGTGCGGCATCCCAGAGGTGTCTCGGGCGAGTCCTTCTCTTTCGATATGGTCTAGAATTATCAGACTGGCTCTACTGCGATTCGAGGTGACTGTACCTACTGTAGAATCAGGATCGTGAGCCCATACTTGTATTCGTCTCGTAGGGGAGGCAACGGAGCAGCAATAATATGGCCTACGCGCAAGCTTTTGCGACGCAGGTTAACAAACTCAGAAGGGTGCTGGGTTGGTACTGATTGGGGGGCGCGTCGACTTTTGAGATAGGAGCCTGTATTTGAATGAGGTTTTGTGTCTATATGGAGCTCGCAGGCATTGGCACTACGAAAGCACAGAAGATGGACGGTAATAATGGCGATGGTGCTCCTAGCAGGTGGAATCTCGAATAGCGTGGATAAGACGCACCTTACAATCATCACCGGCTCGTCGGGTACAAGTTTATCGAAACCTTGTGTCCTAGCCAATGTCGGTTTCCCCTCATTTTCATGGTAGTACGGTGGTACCTTCTTCATACATACTAGGGTGTCCCAGTTGCGCTACGGTCAACAAGTGCGGCTGCGTTTCTTCCTTTGCAGTCACTTAGAAAAGTTGTTGCACTAATATAACTAATAGGAAATACTATGAGGAAATATTCTAGGTGTTTCGCCTGTGGAGAGTGAAACTCGTCGGATAAGGCACAAGGTGATGTTCTTAATGACACACCGCACCTTAGTCCCAGTAAGGTCGTACACGCATGGGCGCACGTTATGCAAAGTATATACTGTGGACTTTCCGGATGTCAATTAAGTAAACCTCTTCAATGGGTGTCGTATTACGTTCACAGCAACACTTCGTACTAACAGTACTGCGGAACCTTAGTATTTGGCGCAAGTGCTAACTCTCCAACCGGAAACCAAAAGGCAGTCTCACGCAACGCTTCTAGGCCCGGGCGCCCCCAATGATTTCGCAAATCGCATATCTAAGCCCGGTATTATCAGACGTAGAGCTGGACAGCGAGAGCGACCTCCCGTAAATTCACGAGTA,1021,48.78,Drosophila melanogaster
SEQ_209986,CAACTCGAAATATGAATAGTCAAGAGCCTACGCGGAGACCAGGCGTCTCTTTCAACCCGAGCTAAGAGCGAACCACACTGAAACTCTAACAGTTGCTTGCAGTTGTGGCTTTCGAGATAAACGAGCAAGCCGAGGTGACCCAGAGCGGCGTATCATTGTCTGTGGTGCTACATGAGTCGGCTGCAAGCCTTTAGGCCTATACGTGCTACCGTTTATTAAGAAGGTTAGCGCCGGGGTTTAGCACAGATAGAGCCCATTAGAGCAGTCGATCGATGCCGGCCCCGTGCCATACACGCCTCTTGATAGAAAGGACCCACTGCTTTGGGACAAAACGTAAACGGTCGTTTATTATGATAGAAGGAATGAACAATTATCGGTTGGCGACATCTCCTAGATAGAGAACTCCACTGTGGCACTACATATGCGAGTTTAACAAGACAGAGACTTTGGACCGAAGCTCGCACCAGATCCCGAACTTAATTCCTGCTTTTCGTGGGGAGTTCCTAGTGCCTTCACGACGAGCTGTTACCACTTGCCTGCTCGGCGCCATGTCTAAGGCGAGACCTGAGCCAAAGCGTGTGCATGAGATAGTGACAGTGAGTCTGGAGTTGTAGCACCGGGCCTATCTCGTAGCCCCGCGCCACACCACAGGACTGTTTGATTCCCCGTATCCTCTCGACCGCCTGGCGCGCTAGTGCTGGAGTAACGGACAGACGCATGGTGATGAAGTAGTTCTCATCTCTATCTGCTCTATATGCTTGAAATGCCCGAAACCTAAAGATTGAAACGAAATGTCTTAACGCATGTAACCCAGCCTGCGCGTTACTGCCTGGGTTCCGCTACTGTGAGCCCTGTTAATCAACTGCCGGCAGTCGAGTTCAACGAGAATACCCCCTGTGCAGTGGACCCGCTATATCAAGAAGGGTGCGTGTACAGAGGTTCAACGACTTTGCATGCGGGACTTAACGCCGGTTAAAATACTAAACAGCAATAGACAGGCGTAGGCCATTGTGTCTCTATTTATGGTAACTATGGGTGAATGCGCTAAAGCGTAGTACACGTCTGGCGGTGTGTCCAAAGTTAACGACCAAATGTGCAGCATTTGCACAATAAGGTTCACATCAAGAGCGTTAAGCTGTACTTAAATTCGGATAGTCACCTTGTTCCTTAATGTCAACCGTTCTCGTTTGGCTAAGTACCACAAGAAGACTGATAATGGGTCAGTTCGATAAGGAACATGGCCGTGAGATTCGGCTGCGGTTAACAGGCTAGGGCATCCGTGTTGGTCACACGCCATTACTATCATATTACATTTTAAGTGCCATCCACACAGCGTTACGGCGGTAAACATACCGCTGAGTGAGGATTTTCAGGCATTCCGAGAAACCGGTGTAGCAGTCATAAGATGAGGTCTCGAGGTTCGGTGCGTACACAAACTGCCAGCGCGTCGCAACAATTCGACTTCAAACTCATTACAAAGCCCGTCCTTAAGTTTGAGTACCGCAACAGCTTGTAGCGCGTGACTGTAACCATGCGCTCGAAGCGTTCGCTAGTTTCGCGGTAGTTACACACTAATGCTATTAGTTCTCCGTGATGGGACGTCTTTTTTTTTCGCACCCATGATCGTGGCATGAACTTTTAGCTTTCTTAAATAAATAGTGAAGACCCGATGAATTGGGAGTAGTCGACACTGACCACATGCTTGACGCATCAACCGCTCGCCTAGTTAAGCAGTGTAATCCGGATTACAGAAAGGATCTCACTGCAAATGAGTGACAGGCCACCTTCCGCCAGGTGGCGCATTCCATGATTCTTGTTAGCGTCGGTGCCGGACCTGGTATCAAAGAAGTGGCCATTGGGAAAGAACAGGGGGCACTTCG,1880,49.47,Caenorhabditis elegans
SEQ_156937,CGTAGCCTGGTTTAGTGGGCGGACACGCTGGTGGGTGCTAAACCTGGAACAAGGATTAGAGCGTTCGCCTTCAAGAGACTGCTCTGAGCCTGTGACTGTCGCAATCCTTTGAGGGGTTTAAGGGAGTCCGGGGCCAAAGGTTTGGCAGATCCTCTATACCTCCGCAACGCTGCTCGAGTAGTGCGCACGTTCAACCCCAGGCGGAAGATTGAAGACGTGATAACATAAAGGCACGCACACAGAATTATCAGGAAGTGTCTCCTGCAGCGGATTCCCTTACGTAGGTGGAAAATGATACGCCGTTGTTACACATTCAGGTGTTCGCGGACTAGCCGTTATCAACCGCCACAAAGCGTATCCGCGTCGCGGTTGAGTGAGGTTTGCTGTGTGCTGCCTCCAGTCCGTTGGTTCTTTGTCTAGACAACCTTCAGGTATAGACCCGCTCACTGCCTGTTATATATGAAGCATCATGCCCTACTGATTTCGCCCTCCCAACCGTTAGCATAATAAGTTACGCCAGGTAACTTTTTTGAGACTTTTAAAAGCAGACACATACGGGAAGAGCTAAAGCGGATATACACAATCGCGGGACAACTGCCGAGGCTCCACGCGTCCTATACCACGCTACTTGGAGACACTCGTCCTCCAGAAATTAATCGGATCGTGTAGCCTCCCGTTGCAAGACCCGCCGGGCAGTTGTGTCTGTGATACTATCATCGAGCTCCACACACCTCATGGCCCCTGTTAGGTCGGATAGTTCCGTGTGTAGAGTGGACGAAACGGAAGTGTCAAATCTTACGATTAAAAACTAAGTCCATCCCCTCGCCTGCGAGACAGCACATGATTAAGGTGTGACAGGCACCTCCAAGATCAGCCCGGGTAGCCCGCCGTAATACTGTCAAGTAAGTGTGCCAAGCCGAGACGTCTAATAGGCGCGTTAATGTCTATACCTGTACCCTCGATACAGCGTCGTACTGAAGAGATCAGGCGACGGCCACCTTTCTAAACTTCCACATAGACTCAAAGGTCCGACCTGAATGGATGTGATTGGTTCGCAATTGTTGAGGGAAACTCCACTCCGAGTATGCCTTATATCTCTCTCCGATTTCCCTTTTCCGAGCAGTGGACCTGCACCTATAATGTCTTTACGCTTAATGGCCACGTTGTTGGAGACACGGACTCATGAACGCCGGTGCACGAGGCCGTCTGAGGTGCCAGCAACCATCGCACTCGCGATACGTGCTCCCGTGTAACACATATCGCGTGTTCTAGGTCTCGATAGGACCTAGCTTTAAGGTGCTAATAAGCATCACTAACCCTAGCGAGCAAGCCACAA,1336,51.42,Drosophila melanogaster
SEQ_598443,GTCTGGAGTGTTTGAGCGTTAACCTAATCCCTCGCCTGAGCAATGTCAGGCTCCTATGGTGTCTGGGAGACATCCGTGGCAGAGCTGATGACTATTCTCACCTTGGTGCCCCATTCGTTTTAGACATCACTAGAAGCACTCGTCCGCATACTACCAAAATAGGTCGGGCCGCTAGGGGAACAGCGAGCCCAGTTGCCAGTCGATACAAACCAACAGATAGAGATCTTAGGTTCCCATAGGGGACGCACTGTCCCGGGCAGCTATTAACGGCGATTTCTGATATACCTATTGCGTTGATATAACACGGACTAATAATCCACCTAATACCAACTCAACCGGCACGAATATCCTGTGACTTGGGCACGTTTAGAATCAAAGATAAACTGAAGTCCTCTGTGGGTGTTGAGCTCACGTTCCAGCACCTTCAGCTTAAAGGAACAGTAAGGCAGGCGGTTGTCGGCTGGATTTTCGCCCTTGGATATGCGTGGCCATGTCCTGCACTGTGGCATTTTAACCCGCTATGTGAACCGAGATTACCAAAGTAATAGAAGACACGCAATAGATAGGTGCAGGATTGTCCTTTAAGGCTTTACGAAAGATATTGCGGGAAATTCTCTGCGTCGTCCCCAAGAGCCGCCCGGGACGACTGTACAGGTGCTGAATAGAGGAGAAGAACGTAAAGTTCATGGCTATCCAGTCGCTCGATCTTTTAGGCCATTCTATGGCCGTTCCCGGTGTGCTCAAAGAATTCCAAGTATGGACGAAGGACCTTTCGTATCCCGACTTCGTCGTAGTATGCACAGACCCCAACGTCCCGCCAGAACGACTGCTGGGTCGTCGACAGTCCTGATATTAAGAATATACTGCGCCCCATCACACTTATTTCTTCATCAGTTGGTCTGTGAAAGCGTTCAGAAACTATTCGGAGGCCCTCTTTCCGGCCCTGAAGACAACGGCTTAGTAGCGCGGAATAACGAACCACTCCCGGTCCTTAATTATTCCTCTGTCGCGTAGTGTGATCCCACACTAACTCGACCTCAATATTTTATT,1050,49.33,Escherichia coli
SEQ_852114,CCCGTACCCGGCAGGGCGACGTTAGGGAGTACAAAAGAAACCTATTTCGTTCCGAGGCCCACCACCAACAGCCTGGCCACGCCAAGAGCATCTCGCGCTAAGGGCAGATAGAGTGACATGAATGTGTGAAGCTAGTTTATTTTTCGTGGGATTTCACATCAGCTTGCTCGG,171,53.22,Arabidopsis thaliana
SEQ_118621,TAGATGTTGCGACCAAGCGGCACCATGCTCCAGATCCTGAAAGCGTTGCGTCTCTACGGACCAAGCGGAGTGATCTCCAACATATCAGAGGCAGGCCTAGTTGGGTCCAACCGGCATTACGAGGGGTTAGATGAAGAGCAGCTTGTAAATGGGGATTTCCCAAGGAGTCCCGATCCGATTTGTGTGACAATAAGATACCTATGAGGGTGCTTATTAAGAACTGTGAGATAAGGTCATGATAGGCACAGGAGAACGGGTCACCGTTTCGTCGGGTTGCGCCTCAATCCGTTTCGATCCCGAATCACGTCTTGATCAGCGTAGTTATCGCCGTGCAGGGCAGTATGACTTTTGCAGACCCGCGCTCGCCCAATTGTGGCTTGACAGCATTTTGGTGAATTACGTTGGTCGATTGTCCTAGCAAGTTATTAACGTTAATATACCCC,443,50.11,Escherichia coli
SEQ_391120,ACCTGTAGCCATCGCGGGGGGGGGGAGATGGCGTCGCTGACCGCCACATTTCAACGATTCATTATCAGGCGGAATAAAGGGAAATTCTATTGAGGCACATGGGGGGACGTCCCACTTGCAGCATTGGCGTCCTGCCAGCCACGCGGTGCGTACGCACCTGTGACAGTACCCTAGACGCCTTTCGGGTTTGGGATCCCTTACTCCTTCTGGGGCTGACAAAGTAGCCGGTGCCGATTTTGATGCAAAGAGGTAAATTCCGTACCTCGCACACAACCAACTATGTGTAGAGTAGATGTACTCATTGCTACGAATCAGAATAGAGGAAGAGTTTACTATAACGCAGCTTGTACCTAATAGCTGCTGTGTTCGGGGATAACCATTTTGATCGAAGATTCCGTTGTAAATGTTATATAGACCCCCTTAGCTCTGAAACGATCGTCATACTCATACGAAGATGGGTCTTGAGTAATACTTGGAACTTACTAACCCGAGGGTATTAAGGACTCATTAATCCGCGCTTTTTGGTGGTTTAAGCTTACTTACCCAACCTGGCAATCCCACCTATGAGCGCTTGTCGCTAAGATGAGTTTTATACGTCGCTTACCCGACGTTGAAACACTGATCCCTTAGTAGACCGGCTCGTTTACACATAAGGGCACGGACCGTAGTTGGTATGGTCGATACACGCCATCCCAAAGCACGAAAGTTGATGGACCTTTAACCGCCAACGGAACACGACTTCACATTACATAGCGATCGCATGACTAAGTGACTGAGCTCGCTGAAGTCAGTAGCCCACAATGACGTCAAGACGGTTCATTCTGGCCTAGCACCCCAATTTGGGTCCGACAGTCAAGCAGACAGTCAGATAGTCCAGTAGGCTACCTCTTGGGCTTTTATCTATAATCACGCGGTGGATCGATACACATGACATCTCCGCTCCCCACGATCAACAGTCACTTGGGAGAGCAGACTAGCCCGCACAAGTTCCCGAGCCAGACCGTGGGATGGGGTTCCTCACCGCTGGCCACCGTGGTAAGCGGATAGAAATGCCTGCTGTTAAAAAGGGGACCAAGAGCTCGTTGATCGCTTCATCAACAAATAATTTCACTAATTTGGAGACTGCCAGTGTTCCCGCTGAGTAACAAGGGCACGGGTCCATGCATTGTGGAGCTGGATCAGCTTGGAAATTCACTTCGTTGGAATATTTGCTTCCAGCGCGTTAATCATACTAGTTAGCGTAGTCTAGTCATGTAAGCCCGACCAAACGACAGCCGGATCAGCGTTGTCAACAGATAAACGAAATAATCCCATATCTTGCCAACATGGATTATGCCGAAGGTAATTCACGTACGCACTGCATGTACAGTATGACGCGTGCCATGTCGGTCTGGCCTTAGGTCGGTGGTCCACAACGTCACTGTACCTTGCCGCTCGGAGGTGGACTCGAATAACTCGCGGGGAGGGTCCGAGACTGCGTGTGCCTGGGTGCATGTGCGTTGTGATGTTTTTTAGGATCATAACGCACTTGTACAG,1536,49.93,Homo sapiens
SEQ_887774,GCTTGTAGCTTCTTTGAGGACTTGAGTTATCTGTACACTTCTACATCAGGAGCTACGAGACAAAGACATGAAAAAAGCTGGGCTGTATAAATTCGAATGCCTATAACCGACTGACGCGGGTATAAACAGAAGTGCGAATCCAGCTCGGCAAGCGGGTAGTGATGTCAGTGAGCCCCCTGTGGTCGTGATGAAGTGTGTTTGGATAGCGTATCGTCGACCCGGGTACTGGGCCAAGCGGCATCCACCTTAGCGTGTATGGATCCACTGGCTTATAAGGCCGCGGTACGGGCTGGTGATCCAAATTCCGCGAGTTATAAAGCCGTTTAACGACCCGAACAAACCGTAATGGTATCGGGTGCAGTGGAACTTAGTTCTTTCGCCATACCAAATATGCACGCGCACAATGGTCAAGTCCCCTCTCTACAACCTGCGTTCAGTCTTCAGATAAAAAACAGTCCTTTTTCGTATCGATTCCCACGGTGATTTGGATTCAACAGATCCAGCGGTGATCATGTAGAGTTTGAAGGACGGTACCCATATCAGCTGCCT,549,49.0,Mus musculus
SEQ_736344,ACTACTGATCGTTCGACTTAGGTCAACGGCACGCTCGAACAAACGTTGGCGATCTGAGATCCGGGAATACGGTTTAACAAACGCTATGTAGGATTACAGTTTTCAAACGGGTCTGTGCGGAATGCATGAACGTACTCATGCCCTAGAAGCTGGGTTGTCGATTGCGTATGCAACGGCATGGATATTTCGCCGCCCCCCTAGCTCAAAACCCGATTTCTTGATGCCTCACGGCGTTTCATGTAAGCGGGTGTCTGGGAAACTGATTGTCCTAGGGGAATCGGAGGAGTCCGAACGCACATTAATAGTGTCCGATATTGGTTCACGCCAACTGGACCACACATTTCCCTGATGTACCTGCTCCAGAAATCCACGTCGAGGTAGCGTCAACCTGTGCATGGCGATGTTAGCTGATTTGCCGAGCTGCACGTTATAAGTTTGTGGACACTGCACTTTAATCTAAGCGGTGTGGATTATGTTCGTGTGTACGCGAGGTCCTGAACGAGAGACCATAGTTGTAAATCTGACAGCGAGTAAGCTCCAGGCTGTCAGATTTCGCTGTAGTAGCTAAGAATGTAAGAAAAAAGTAACACACCAGCTCCGGTTCTAACGAAGGCCGCTAACTGCATTGCTCACTCACGCGAATCAAACATGCTAGCATTAAGTGTGTACGAGATAGATGGAGACCAGAGAGGGATTCTATTGTCGTTTTTTCAACGTAAGAAACCTAGCTATGGACAAAAACCGGCCGCAGCTCTAGTTTGGGCGGCACACCTAGGATCCATAGGCCTTTGCGGTTCAAATAGGCTAACGCGGTCCTATAAACTCGGTTGTTCACCTCATGATAGGACCCTGTCCAATAAGGGGCGCCCGTTACATCAGTGGACAGGAGGTCACGCGACGATCACGAACCGTAATCCACTATAGATCCGTTGTCTCAAATGTTGGTCGAGATGGCGACAGGTTGCGGACGTGTAATCTAACACTCGGGTGGGCCGTGATACGGTGAGCCGGGATCAAGCCATTTGTGAGAGCCTACAATACAAACCCGTCATCGGAACAGATGCCAGAGACGTCCGATGAAACCCACAACAGAAGCCGAATTTCGTGTCGAGGGCTCGGTACGGTACGAACAAGAGTGCGATCACGAGAAGCTTCCAAGTCTAATTCGATAACGGCCGAGCACCCTGTCGGCCAACCTGGGCCCACACCGTATTTAGTTGAGTCCCCTATGGAGTTTTGCAGGGAAGAGGGTGTAACTTAACCTTGGTTGACGCTTAGCTTTAAGGGCGAGCACTGGGTACTTGTCTGGAGGCGAGGCGAACTTCGGGGCAGGTTAGATTAGTGCGCAGGAATCGCTTCTCAACAGACATTATTGATGAGTATCTTACCCGCCAACGCGCAGTATCAAATTCCGACACACGATGGAAATTCGTGAGTTTCGATGTGGCCCTGGGCTGAGGGTGCCTTTCGGTACGGGCTGGACCTCTATACCCACGTCCGTGTGCTGCTAGATAATTATCATTCGTTTAGTGTTCCACTAACGTACGCGGCACATCTGTTGATATGGCATCTGATCAGCCACAGTTTCTATGACCAACGCTGTGGCGTGTCGTCGGGGAGGTAAGTCGCGAATTGAACACTCAAGCTACGCTAGCAGCAGTCTAATGTGTTTGGATTAAGAGAAGTAGCTGTATAATTGCGGAACGGTTAGAGCGACCACTCAGGATGCGTGTGAGGGTCTGTAAGCGGTAGCTTAAGCAAGGGTCAATATGCCATCGTAGTAAATGCTGGGTACATTCTACGCCGGGATAGTCTGTCAACGCTGACACGTTCTGCTCCAAGTTAGAAGGCGATGCCGCTGTCGACGGATTGGTGCGACTCCT,1883,50.45,Escherichia coli
SEQ_862443,AATGTACAATTACCACAACCACGCGATTTGAGTGCAACAATGGAGTGAGTAATCATCACGCCGTAGGCACGTCAATGGATCAACCGAGTTTAGATTTTTTATCAGTCGTAGCGAATTGCCATACTTCTCCGTCGACAATGACCAATTTTGTTCGGTGCAATCTCTGTCCTCTTTCGGAATATGTTGGGACCATGTATCGCCTTTACCTTTCCTACAAGCAGGAACCGACATACCAAGGGGGACAGGAGCTAGCCAAATATTATAAGACGTGCCAGCCGATCCGATGTGTCGGTATAGTGCGTATCGGCCACACACGCTAATTATTCCAGTTGGCCTTGCGTCAAACTTTCCAGCCGTCTATTGCGTCGGTTCATGTCCACCAGGCCCGAGTCGGTCCACTGGATAACCGCTGTGCAAGGAGTAGGTGGCGCTACCCACCAAGGGGAGGCATATAACGTAGCTTACGAACTTCCGTCATGTGCCACGAGTGGTGTAGGCGCGCTCTCTGCGCAGAGCCTTAGGGGTATGAATCACTATATATGATCCT,547,49.73,Escherichia coli
SEQ_855593,GCGAATAAATTTTCTACTCGCCGACACAGGAATCAGCTGGGGGGGCATGATAGATCCTAGCGAGGACCACGCGCGGCGTATACGTAAGTGTCGCACGTACCAGCCCTTAATGCTGTACTGGTATTATACACATTGTACTTCGCTGCCAAGAGTCCGATATCGAATAATGTGTCGACCCCTGAGACCGTTTAGGATGTGTTGTTGAGCTACACTAATCTTACCACCTGGGAGAATTAAAGCGTGGCTAATGGTTGGTTCATCGTACAAAGTGTACGACGGGGGAGAACTGTGCTATAACCACTAGCGACATTGCAGGCACTTTCTCATCTGTGCATTCGTGGCCGGACGAAGGCGCGTGCCAAAGTCATCTTCGCCCTATACCCCGCAACTACAATTTTCTGGTACGGCGCCCAACAAAGTACAACCGGGTGCGTAGTAGTCGGAGGCAAT,450,50.67,Drosophila melanogaster
SEQ_740718,CTTTTGCGTAGCGGATTCACCAATGCGCGGTTCACTAGCCCTTAGAACTCCATATAGTGCCTGGTCCAATGTAGTCATAAATCCCTAAAAATGGCGACTAAACGATCAATTAGCTGATATTCCAGCCCCTTGGTCTCTGGCCAGTATTCTCATACGATAGTAATGATCCCCGAGAGACTCCCCTCATAGCGTCTAGCAGACAGGCACAATTCGACGCTCCATCCCTCGCAAAAGCAGTTGCCGTGACGATCATCTGCTTGGGATAGAAGGTACAATTGGACCTATCCGAACGCGGACACACTTGATTTCGTGTACTCCTCTCCCCCATCAATACGTTCAACGTCCTGGAGTAAAGTGCTCGAACTTTTGTGTCGCCAAACTTCCTTATAAAGTACAACTTCGCTATCTATTAATCTCTCCTCCACTTCGCCTCGCGCACGGGATTCGGATGTAGGACTCGAAACAACCCCCTGGGCTCGGTACATTGGTTGTCCGCGTACTGTCCTCATGCTTGAACCTTCGGAGGATTGGTTTCTGGCGTTCGCAGTGGTGAGTGGACAAAGTCCGGGTATTTTGGTCGAGTTTGTGCCTGGGTGGTTACAGATCCATGGAAGGAGACTACCTACCCCGGTATCGCAGCATTTTTGACACAGGGTCAGAGTGGACTTTTCATTGTCGAACAGGGCTGGCAGACAAGTAAGGCATTATCAGGTAAAATCCTCTGGAGCGCCGTCGCACTAGGATTACAGCTAATCCTATTCTGCAACAGTGCTGCGAAGTCTATTCCTCCTCCTTTAATACGGCTAACTTTCTTCAAAAATGGGGTTTTACTGGTTGTCTGCACACGAAGCATAAATGTAACTCGCGGACAGCATGCTCATAAAGTCCGGCAATAGGTCGCACGATAATACTCTTTCCCAATACTAGCGTTAATTCCTTCCAAAAGATAAGCATATTTAGCTTTAGGAGGTGTTCCAGGAACGGACCAGATATAAGCAGCGAATCACACGCTAGCACATATGTGAATTGCTTTCGCGTGAAGTAGATTAAAAAAAATTATTGGGGACAGGTCACAGCTACTCGGGGGATCCTTCCGGGAGACATGGTACTGAAATCCGACTTTACTGCCCTATTCGGGTTTGTTGCATAAATCCAGTGATCTTCTTTCTGACCCCTCATCCTGTACTGCCTTTTGCATATTTATAAGTTCATCGCACGACACGGCCATAAGGATAACTTATCAGACTGCTCAGCTATGTACGATACTCGGGTAGAGTCCTGGTAGTCCTCGGGAGTATAGGTGAAATACGAGTCCGCTGGCCGAGGGGTATATTCAAGTCTCTGTATCTGATGCAGTTTACGCGAAAGGGGCAAAAATGTATGACGGACTAAAACGTGTATAGCAGTGTAGGGAGAAGAACCTTTTAAAATTCAAAAACCTAGTCTCGATCGATTAAATCTGTGGACTCACGCTTAGAAAAGGTGTGCGACACACCTGGGTCAAACTGCGCCATTAAGCACTACTTGGCTCCTATGCTGGACGAGGTGCCGGTCCACCGTTTCTGTCACAAGAGGGTTGGTCAGACATCCCCAACCAGGCACTTCACGCCGCTAATGATCGACCGGTTTTCAACAATCCTGGAGGCGCGGAATCATATCACCCGGATCGCACTGAAAACGGGCGATGCCCTAGGCCCGTA,1700,48.06,Escherichia coli
SEQ_239456,CCGTCGGACCACAATCGAGCAGATCATCATCCCCTTCGTCGGACTAATCACACACCCTTAGCGTGCCGATCCGATATAGCCAATATAGCGAGTTATTCTTCGGAGGCACCCATGTCTAAGCCGGATAAGGCTCATTTAGTACAGGTCCCTCAAGTCCGATACGCTGATTTTGTCATGTCTAATGCACATGGCTCACTCTCCTTTGAAACGTATTAACTCAAGATTCCTTAGTCACCATATCTGCCTTGCTTGTAATGTTGTCTAACAAGTAGTCCGTGCTTGAACTCCATCAAAACGACTAGGCAAGGTACCTATCTCAGATAGCTCGACATCACACTAATGCTGGCGGTCCGTCACGCGAACTCAGGTAAAGCCGCCCTCAAGGTTCAACCGCCACTAGGACACTATATTCGTGAGATAGCGCCGTGGCTTAGCAGGGTGAGAAAGGCCTTAACCCGCGTCCACGAAGTACCTGCAATCCTGACTCAAATAGAAAACGAATTTTGCCCGCACGTATCAGCACAACTAGTCCCGGCCTAGAGCCCACCCGGCGGACTTTCAAATGATTCCTATAGACCCCACCCAAGTACGATTGGAGAATACTCCAGTCAAAACAGGATTAGCTATTCGGAGAAACAGGCTATTAGAGAGGGAAGCCGATAAAATCCAGTTTTTTCGAAGCTAGCCCGGCATCTCCGAACGTGTTCACTAACATCAGCGCAGCGCGCTATGCTCGCGCTTATGGGTCACCACCATCCCGGGGTTGCCGTGACGTGCGACTCTGCTGCGCGCTAAAAAGATCCCGTCCCAAACCGCCATCCAGCCGCCAGACCTCTTGTCCCTGCCGATTTTTCCTAGCTAAGTCTACTTGCCACGCTCTCGCGCGGAAAGGGTTCGGAGACTAATCAATTGTATAGAGGGTGGATGACCGATCTGAAAATATATACAGAGATCTCAACCCTAGTTCCGTCAATTGTAGAGGTATGCCCCGACCCCCACCATCGCGAATGTAAACCATTGAATCTATTCTTGACATAACGGCTGAATCCAAAACATGAGACTCGCATGTTTAATAGGCGATCGCACGAAAGGCGGTATTAACCAATCACGTCTCTGTTAACGGCTAGACAGACAGTTTTTTGCCTCGCTAGTGCGTCTTGAGTGAGCCCTTCGCCCGCTTTGCTTTTCTGACAAAGTTGACGATCACGTTCAGCTTTAGACTACTCGCTACCCCGTGACATCAATCGACAACGATCAGAAAGCATACTAGTCTGGGAGACTCTCTTTGGCAACGGCTATTCAGTGAAGCCTGTATCATATGTCGGGGGACCTATCTGGAGGCCTGGACCACAACCGGCGTGAGGTCAATTAAGATCTTCAGTAA,1384,49.71,Drosophila melanogaster
SEQ_132898,GGTATTTAGAGGCGGAGTCTGGCGCAGATTTGAGTATCCTCCTTTTACCCTGTTACACGGCTCATACAGCGACTGAGATGAGGTTGCTTTGATCCAACCTGTAGGGCTGGGTACCCAATCCGGTCCTTTACACTATAAACATGCCGCTACCTACTTGTGTACTGAGGATGGAAGCGACCCAACGTCCCGCCTGCTCGATCGCAAGTTATGCGTAGGACTTAATAGTTACGCTATCACGTTATCCCAGCCACCTAGACTTTGCGTAGAAGTACCCAACGCAGAACATTATTGGTGCACGCACCACACGGGAACTACAGCAAGGTGTATTACTAGAGGTGCGCCATTTCGGCGACCTTTTGTCTCTCAGTCCGAAGTATCCCTTATCGCGCGATGTATCACCTGATATATGCACTCGACTGGTATCACTTGTTAGTGCCTTGTTCTCTGTTATCGCTGGCCAGATATTTCAAAAGGAATACTCATTCTGCCAATTGATATCGGGGTTGTGGGTCCGGCCTCCGTATGCCCTGAAGATGACAGCCCCGCCGCTAGACTCACTATATTCGCCGTGCCTGGAACTGTAGTTCAGGTACGAATGTTGTTCCACTTTAATCAGGCTGAAAGATCGTAAATTAGCCCCGCGTGGTAGAGTGGCCTCTATAATAAACCGTGCATTTGGTGTGGCGGATATACATCTGTTATGAGATTGATTGCTTCGGTGCCTCTTGCTATAAATAACGCGTTTGGATCCGTCGCACTTACATTCCCTTCCCACTGTATCCCATTTATCAATTAATAATGCGAAATAAGAGGAGTGTGGACGAGGCGAAATTAAATCAAGTACTCGCGATCTACATGGGCCAACATCTATGCAGCCCGTAATCGAGCATCGGTCGCTCCCACATACTGAATGCGACAATACCACCCTGCGGACTCAATCTTCTCAGGGGATTGATGGACTGTGCGTTAGTGCACTTCGCCCGGTGCCATAAAGGGCCCATAAGGCCACCGTACCCCATCTTACGCGCATTAACTAGTCGTATAAAAAAGCAGAGCGATTCTCGCCATTCTCCGAAAGATCCATCTACAGGCAGTCACAGTTTCGATATCGCTATGACACGGACTAGCCCGTACCATTAGGATAAGGTGACAGGAAACAT,1160,48.62,Drosophila melanogaster
SEQ_830527,CAATAGCGTCAGGCGGAACCGTATCGAATCCCCGCGCGTGTGAACCGCCATCGTATACACAACCTCGCAGGCTGGATTCCGCATTGGTACTTCTACGTTTGATCGCCACCAGATTTCCGCTTTACTCACCAACGCCCGCGCAGGGGATTGGATGGTTGGCGATATAGACTACGACTGTATGGGAAGGTGGCCTTGATGCCTAAGGCTCCACGGTATGGTATGGCTGAAGCCGGGCTCATCTAATATAGGAAGATCTTGCAAAACAGAACCCGAAGGGACACTACGTGATAATGCGCTGCTCACAGAGAGTTATTATTTTATCCTACAAGTACGCAACTTACACTCACCTTCCTTTCGTACTATGCAAGGGGGAATCACAGACAGACAGCCAGGCTGCTGCGCCCGTCATTGAACAGATGGCATATAACCCCCCTGACAATCAAGTCCAGAGCTATAAGATCGACGTTGCTATTGGGGCCCTCGGACGAAAGAGTCGAATATAGGGACCTCTTAACTGGAAGCTAATTCAAATCGACACGCAGACACCTTTTTTCTCGAGATAACCCCGAATGACACTAAATTATGCTACTGCTTCACGGTGTGTGAGATCCGTCGATCTGGGTCACGCACTAAAGCCGCCCGGTGAGTAGAAAAAGTCTGCATCAGGCAATGGTATTGGCACATTTCCCTGGAAAACATAGGTTGTTATGCCGGTCGTTCAAGTGTTACCGCTGCTAGTCTCTATAGCTGAGCACGTAGTGGGGTAGGAAGAGAGGCAGTGGATAACCTCGGCGCACATTCGATCGGCGACGAACCTAAGCGCGGTGCTGATTACATCCATCTGTTGGCTGTGATGGTACCCAGGGTAGCATGCCGTTTTACATCTGTCTGGTTTTCCTAAACATCCCCAGGACGACCCGTAATCCCAGAGTCCGGCTCAGCCTGGGAGCAGATGAGGGCTGGCAGATCGACGGTCCGTAACGCGGATGTGTTTCCCCGATAATTAAGTGTTTTGGGGATAATAAGTCACTTCCGCCTCGGTACGACAAGATGCTACTAGCATAGGTTTTCTGACGCACTTCATGAGATAGGAGTTCAAAGCTATGGAACAACGTAAGTGCGGGGCTCCAGCCAATAATATTCCCACACGTCCGGCACCAAGCTGCCGCTGCCTGTCGGTGAATGATGATTATCTTACTGGAACGCGTCGTTAGTTTTATACATTCTATGTGATAAATAGTGTCATGAGAGACGCCTCACCGTGCCAATTGTTGTTGTGGGACTGGATTGCACCGCAAATTCTTTAGGACTAAGTCTTTGCACATCACTGAGGCGATGACGGTGGCGCACT,1351,50.33,Homo sapiens
SEQ_173272,GATATGACAGCTCACTTACAGACCGGCCCGCAGTTGATCTTAAGCTATGTAAGCCCC,57,50.88,Saccharomyces cerevisiae
SEQ_632754,AGACGCTAGCGCAGTCAGAGGTCTCCTGTCTGTATGAACCCTTACAAAGCTTCCATACCATTGTTAGGATCCATTGAGGAAGCCTTGTTATATTGCATGCCACTGCTGAAATGGCCTCAAAGTTCCGCACGACAAACACGGCGCAATGAGTTGTTGAAGAGCTGTGGATGTCCTCACTTGCCCGCAAATATCAGACTTGGCGATCAACTTCTTATATGGCACCCTCAGGTGACTACGGTTTGCGAACTGCACATCGAGTCCTTTAGGACTCTCGTTCGTGCATCGTGCTCCGCGCTGAGCGAAATATGAAGTACGGCGGTGGGCAGTTAGCTGGTCCACATTACGGACGGTTGACGTTCATCAGTCATGCCTCCTGTTCATGGTTCAATGCGGGATTTTATTACAATAGGACAAGATTCTTTGGTACAGGTCATATCTCGAACCTAGTACCCGTGCTCCATAGACACTCTGCACTACACCCGCCAGGGTCTTCGGTACCAACACAGTGGCCAATGGAAGTCGTAAATGACACTCTCACCGCATCTAGCCACCGGCATTTCGTCGCTCGGCCCGGAGTCGGCGCGAGCCGCGTTCTGGTTTGGCCATTTAACCCCGGTACCAGCCGTCTACTCTAGCGCCCCTCGTCCACTAAGAGATCCTAGTAATGTGGTTCTGTACTTGTTCAAAAGTCGTCCGTTCGTAGCACTACGATCCCGGAGTAAAGAACCGAAGACCGGTCATATCACCTTCGATATGAGGGCCCTTGACCTACGTGTCCACGACAGGCAGGGGCCGATGAAATTCGAAGTAGGACCTTTGGCGGACGGTAAATCTTTAGTTGCATGTTACCGACGAAACTTGGGTGACTTCGTGACGCGCCGAGGGGTAGACGTGTGCCCCCGTAGCCCCATAGTGGATGGGCTTCAAACTTCGCCTGCGCCTTGAACACTCTCGGGCTGGCTTCTTATATTGAGGCGTTTAGTGGATTAATATTCACGGTAGGGGACGTACATTTGGGGATTATCGCGATATAACAATCCCATTTAGAAGTCGAAAACTGCCCCGTTACCAGATACAGATTGAATGGGTCCTTTGTTTTAAGTCCTGTCCGGTGACAGGCTTCCCCCGCCGCACCTGGCGAGACCTAACATCAGGCGCACCGTGAATCGACTAACTGCACGGGGTGCCCAATGAAGAGGACAAAAGTTTCGCATTAATCTAGGGAATGTGTCGGCAAAACGTACAGTTATACGCACGGGTTCCCCGGGCGATGCGTGGCGAGTGAGTCGACCTCAACAAGAAGGATGTGGCCAGGCTCCCGAAGCACCGGAGTCCTTGCGTCTGCACATGTGGCCAAATACGACCATCTTTACAAGAAGCTGAGGTAACATTACGACTATGTGGGATAAGCTTTTAAGCACGCTCGATAGATCGTGACCATGGCAATGATATTAGAGCCAATAAGTATGAAGAAATTTTAACGTCAAGTCGGATAGTCCAAAACCGATCTATACAGATGAGCTTTTCCCACTGAGGGGACACAGCCAGTGCGTTAGAGACTGAGATGGTGAATCCTGACCCAGCACACGGTGTTCTCGGACTCGCCCTTGACCAGGATATGCATTAAACGCATATCATGTTGGGCTAAACCTCTTCTCCTGTACAATGGGCGCTCACCCAATTGAAGCTTGGAGGTACAACCTGGTCTCTGCCCGGGCGCTGTCTCTATTACGCCGGTAAACGACTGTGCTTACCTGTCGAAATGCCCATTTAAAGCGCTGTCCCCTGCGCCCAACGATCGCATGACCGGACACA,1815,51.46,Saccharomyces cerevisiae
SEQ_306527,ACCCCGAACTCATGGTGGGGTCGGCCCGGCCACAGAAAAAATTGGACAGTCTTCCAGGCGACTGCAGACCGCGCGCCACATTGGATTTGGGCTAATCGGCCTCTCTAATCAGGAGGTTTCTTGAAACACTACCGTTACATAACACATCACTCTGGGGCCAGGACGCGACGACGACAGGAGATTTTAAGTAAGGAAGAACTGCCACGCTCCCGTGCGCGGCCACCGGACTGCATCTTTGCTTCCCCAGTCTGCACCAACCTGACATTGGCAGCCGAAAATGCGGTTACGGGCTGTGGGTGTGTAGTCCGAGTAGGGACAACAGTAGTGTATTCCCCCAGGGACATCGCGCCCAGAAGTCTCAGCTTGCAATACCCTAGCCTACGGCGGATTCCGGGACCCCGGAGGTGGGGCTGCCTATACCTCTCGTCTCAGCCAAAAGGCGGTAGGCCCTCTTTCCTCGGACAGGGTCGAGGAGGTGGGACTGTAGCGAGTTCTACAAGTGGTCGCAACCTTTGGCATAACGTCCGACAACTGAATCTCACTGTTAGACAGGCCTACGTGGCCGGTATAGCTGCTGGGGTCATCAGGCGGATTGGGGCGTTCAGCACAAGTTGATGATGTCACATCTTGTCAGGTCAC,639,56.65,Caenorhabditis elegans
SEQ_651375,AGGTCGAGACAGCTGCCTCCACAATCAACTGAAGCACGCTATCAAAGTCTAAAGAACCCGACTACCGATTCCCCGCAGACTAGGCAGACGAAGAACGAGACCGAGCCAGGTCGAACTAAGCGTACCGTCGAGCCCCTGTTATACCAGTGTTAGGACACCACACCCTTACCACTTGCCCACTAAATCATCAAAAGGATAACCGTTCCGGAGTAATTGTATAGGTATATGTTCATTTTGCTTAGGGCACCAC,250,49.6,Saccharomyces cerevisiae
SEQ_324368,TGGTAATCCGTGCTCTAACGAAGGACGTATGAACACTGCCCCGTGCTCGGAATGATCACCGTAAGCCTATTACCTTCGTTTTTACGAGAGATATGCACCCGGTGCCTGTCTTGATTCTGATCATAAGCATCACTTAGACCCACGCCCCGCGCCTTGGAGCAGTAGGTGCGTCGAACGAGGAGGATTACCCCAACGTGATATTTCTGAAAAGGTTTCCAGTCGACAGAACTCCCGAATCACACCCAGCTGACGCCCACTGAACACACGAGAGGCGCAGGAAATAACGCCTTCGGTTTCGGAGTTAAACACAGCCAATGGCGCTTGCGTTTACGTCGGGCCTGCTACTGTACGACCGGCGAAAGCTTTAACTTAGAAATTCTGTTCGGCCGTGGATCCCCCGCGGATTCTGACCGCCGCAGGAGGCCCGCTGATTGGTCTTTAAAAGTGTTCTAGGTTTTGATATCGCTTAGGGGGGCCCGCGTGCATTCCTACAGGCGAATTCTCGCCATATGAGTTAACGCTCGCGCGTCTCCTTATTCTGCGCTCCATCTAACCGAGGTTGCCACGCACGTTGCAATTATCG,583,53.17,Drosophila melanogaster
SEQ_633623,AGACGCGCATACAGCGGCAGACTTACGGTGTTCGATGAGGAGTGTATGGATATCAATGGGCGTACTCGAACATAAAACGCAAATCATATAGTGTGGAACCTTGCATGCTGCACTTTTAAATGGTGCCTTGAAGTCATGACGTTGGCTCTGGCTACACACGAACGGACCTGGACAGATATCCGCGCCCCTCTAGCAGCACGATGCTGAGGCAACACATGGATAACCTCCAGCATGCCGGAACCTCGTTCTTAGCGCTATGCTCTGCACCCAATCGGGTTGACGACAGCGAGTCTATGATGGCGATGCCGGGGGTGACCCCCTAGATTGTAGGTAATCTAGGGGAATTACCCTCTTGACTGTACTCTGTAGGTTCACGCAAGTCATTCCGAGTCAGGGGTTGGCAGGTTCAACCACGTCCCGAGAGGCGTTCGCCTTGATTCGTTGCCAGAGACGTCCATGCACGTATTGGAACACCCCTGATTTAGCTGAGACGGAGTGAGAACGTCTTTCCCTATGTACCGTTAGCACGGATACGGTCATGGAGCTCCTACACCAACCGAGGCGTCATCCCTAACCGATTCGTTGCCCTTATGTCAACAGAGCTTCCATCCGGAGCGCGTAGTCATCACTTCCACAAAGACCGAGATACGAGCTTGGCCCAGGACTTCCCCAGGGCCTGATGAACTGTTTATCACATTTCATTCTTTCCGCTAGAACCTTCCTCCGGGGGTGATTAGGGTGAGCGTAGATCCTACCGCAATGTTGCGGTTTCAAATACTTAAAAGTCCTGGTCGCGCCTGCTTCCCAGGCTTCTGACGACCTTTGACCTTTTTCAATCCAACAAATCAGCAAAATATATGTTTTTATGTTCATGAAGACCGGGTGAACAGAGTAGACATACATACTAGTGTAGTGCTTCTTGAAAATTTAGTACGACTAGGACTACAGTTTTGAAGGAACTCCTAGAGTCAAATGGTTGTTGACGGTTTCAATAAAAGCTCACCGACTGGCGATAGGTTCCTTGGAGTTACCCCTCCCAGCGGCCCATTTAACGCGGGTATACATGGAAATGGCCACCTTGACGACCGACTGCGGTATGTGCCCTGAGGTGAGCGCAGCTTCGTAAGCTGCTCTTTACTATGCGGTAGTGAATCCTGATTAAGGACCTCCACCAATACATATGAGACATTGTCATCCATCCCTTTTCCAGGTCGGGACTGTGGGAAGTAGCACCTCATGCCACCACGATCATAGAGACTTGTGCGAGGGGTCTTTCCCTCCTCGACAATAGTTAGTAGCTCTTGCTCAATTGAAGTTAGCAGCAGATAAGCGAAATATGTTAAATAGGCTGACGCACGGAATGTAATGAAACAGTATCCAAGTCTATAGATGTGGCGTTCCATTAATTCGAACGGCGCTAAGGTCTTGGTGTGAATGATAGGGCATACGGGCAATGGTTCACAATGATCGTTGGCCAGTCATCTAGCTTAGGGTTCTAAGCGGTACGCGCGCACGGAAGGCCAGGCTGCTGTCTTCCACCGATTTCGGTGTTTCCAGGGTTATGTAGATACTGACAGTGCTAATCAGACAAGCGGAGCGTTGGTTCATTAATTCTTAGGCGCAAAACGCCCGTGTAGCGCCGAGGGAATGTCAGTATTTAGTGTATTGGAGGTCACTATGCGACATTTTGATACAATGAATACTTTCCCCATTGTGAGAGTTTGCGAACATACAGTAAGACCGTCTTGTATCGTGCTATCGGGGCGGACGCAACATTACGCACGCATCAAAACGCTTTGATTGCCTGAGCAGTGTGAGTTCTTTGTGTTGGGGCGGAACATAAAATATCTATGCGACTCATTGATCTATCGTCTTCG,1877,49.12,Mus musculus
SEQ_330121,GCGGTACCTCGTGGGCTCTTCCGATTAGCTCGACATCCTACCTGTAACGACTATATGGAGACTTGGTGGTAGCCCTGCACGTCAATAAAAACCACCTTGTTCCTAGCGAGCTGACTGGAGGAAGGTAAATGCCATGTACAAAACGTGTAGCCGCAGCTGAAGGAGGTCTGAAGAGGAAATCACGATCGTTATCACCACCTTACTTTACGAATAGTGTGGTGCATGTAGTAGGCTGCCGAGTGCAGGTGTCTCGGAGGTCGAAGTTGACGCCCCGTTGGGAAAAGTGGTCTTAACAGTGTGCCCGCAAGTAAAAGTGGGACGTTAAATCTCCTGCTTGAAACTGCGATCCCGTAGGGAGGACAACGGCTCCATGCGGACACTCATGTGATACGCTAAGTCTGATGGCTGTCGACGACCAGCGTTTTCGTCTACGGTTTCTTACGCCTCCTAGAATGAACGGGAGTCAGCTTATTGGTCGAACAATAGCACAATTCTGGATCAGGGGAAGAGATAGTTGGCCCAACCTATTCTACATCTCGCCCCCGCTTACCCAGCCATGAAGTTGGAGAGAGAATTAATTTAAATAAACTGCGCATATGTCCGTTGCGTTGACCACGACCACGCGTGGGTGGAAAACTTAG,641,50.39,Drosophila melanogaster
SEQ_478111,GGAAGGCGCCGCTAGATAAGTCAAGAGGTATTTAGAAGTGTCCATTTAAATGTTGACCGACTTCCTCAAATTGCCGTCAGCTAGACTTATAAAGGCCGTCCTTATGCCAAACGAGCGAAATTTAATTTCTGTCTCGGGAATGGCAACTAGATGTGTGCTAGCCGCTAGGGGGGCCTCTAGCAGGGAACTGACTGTAGTAATTAGCGTTCAAACTGCTGGGACCGGTGGTCTTCGGCCACAGCCAATGCCAGAGGCAGGCATTCCTGAGCGCTGTGTCACGAGGACTGCATCTATCGGTACGGGTGTGTCCGGCGTTGACTGTCGCCAACTCATCGAGTAACTATGAACCTGCTCTTCTAAGATAGAGGTCCCGCTTATGTCTTCTACGGCTCTGTTTTCAGGCGCAGATGTCATCTAGGGCACTTCTCGAGCTATATCCTGTTCAAAGACCCCATTCAGACGTCGAAAACATCACCGCGAGGTACTCGCGAGTAGCCTAGTACCCCCTAGCGAACCCGGCTGAGGCACGCTGGAGCTAGCGCCTTCGCAGCCTCTAGCCCAATATCTTAGGCTGCGGAGAACCACACTAGGCTTACAGGACTAGCACTTGCATCCATGTAGCAAAAGTGGAGCTTACTGCTAGCCTATTAAGTCATATATTCAGATTCCTTGGACACAGACAAACCCGCAAGAATCAATTCTTAGGCGCCGTTACATTCTGAATGCTTGTAACTAGATACTAGGAGCACACGGATCAGACCAGAGACGGACACTGTGGGGGTGTGGAGTTAGCCCCGTGATAATCGAGAGTCCAAAGGGAATTTCGTGCTAATCTTGGTGATTCGGATCAGAACCATCTCACAAGGAGCCACGGAACCGCACGGGCCCTGAACGTGATATAGGGTATTTAGGTTCAAAACTTGAACGACCAGTATCCACGACCTTAAGTTGCGTATTCAGCCAGGAACTATAGTGCCTGGTGAATAAGTTCTAAAACGAAGGAGAGACATGGGTCCTTTACGCCTCAAGCGTCTCTCCCATGACGTCCGAACATGGTAGGGATGCTGTGGGGGCATAAGCGCATGTTCGCGTCATGAATGCTAAGGAACCGTAAAGGATACTCTTGTCACGCCACTTAAAAGACGACGAGGCACAACGCTGAAAGTGGCCGGCATCATAGTGCCTTGGTGCCTGGATCAGCCCGCAATGGAGTAATTTCCCCTACAGTTAGGACCACGCTGTAGTCGGCCTGGCTGGGTCAATCGATCGTTACGGGATACAGTATAAAAGACCCTTCCATCCTTTCCCATTCCGCTTGAGGATCGTCCTAAGAACACTTCTATGCTCTAATCCCCGATGAAAACTCTGCCGTCCCTCCACTAAACAACATGTATGTCGCATCATACGCGAGGTGAGTGGTGCACAAGCAGCCCAGGCAGCTATCCCAAAATAGCCCTTGCACGAAG,1466,50.75,Drosophila melanogaster
SEQ_363107,AAGGCGCTACTCGATTGAATGACGACAAAGCGAGAGGGGTGTAGCCGGATCAGGGGTTCTCGAGACTTGAACGGTCACACGTTGCATCTCTCGAGGCTTAGTACATAACACCGGCGGGCTACGTACCCGTCGATAGGCTGTTGGGAGGCTGTAGCGAAGACTGAACCAAATTAGCAGGTGCCTCACAAATAACATCTATGTGGTGGATCCGGATGGATGTCCCCGCTTGAACTTTTCCATAGTACGTACGCATTGAGCACTTTAGAGACCGGCGAAGTCTTAGGATGGCTAGTTTCGGTGTGCTTTGTTACAGTTAGTAAGCATGTACCCTCTGATCGCTGACTGTGTCGGGCGGATTATAACCACTGCTCGTATTATACACTACATTCTCTATGCAAGCTCACCAGTATCGCTAGATCGCCGCCGAACACGGTTATTCCCTACCGGGGTGGAGCGGATAAGAAATATCTAAATTGATCTCCCAATGGAGAACATAGAGCAGAACTTCGCAATATGGAAGACGTGACCTATTAGTGTGAAATCGAGAGGCCTAACTAA,558,48.92,Caenorhabditis elegans
SEQ_630837,GTTGCAGCACTAAATGGTGGGGGTAGCAATAGCTTATAGTTAGTCGAAGCGTCTGTCCCACAGGCCACATAATGATTGCTATAATATTCCCTACACCGTTGGCAGGAGCAGGTACTGTTGCGGCATGTGGGAAGCTTAGGGCTTTAAGCAACTCCAGACGCTCGTATCACGTGTTTTAGATGGCCCGCTCTACTCGAGAGGGTA,204,50.0,Escherichia coli
SEQ_458425,CGCTTGCATCCCATATTAGGACCGATTAAAAGAGACCCAAGGTGGCCCCCTGTCGTTGGACTCACTTCGTGTCTGCATGCAGGGTTCGCGTGTGTCTCGCAAACAATGTATCAAAGAACGCTGACGCTCACACGGTGTTTCCGTAGTCAAGACAGTCCCTATAATCCGAAATTCTAGTAGCACTTCGCCTAACTAAAAGCAAACAGCCGTCGCCGTTTACATCGTAAACCCTCTACCCTAGAGTCTTCCGGGGGAAACGCGCGGCGGTATCTTTTTGGACCGTTCCTAATGGTGTAGGGTTTATACAGGATCGAGTGCGACAGATAAATGTAGTATGGACATCCAAATACTACATGGGAGACAATGAGCGAGATCCGTGTGGCACGTCGAGCAGCGATATAGTAGGCGGTGAGCCAAACGTACTTGTCAAACTGCCGCTATCCATCGGTGCCGCCCAACAAAGTCGTTGAAGCGTAGCATCCGTGTGTTTGTCGGAAATCACCCGCCGTCACAATACTATTAGCGTTGGATTGCTGCCGAGAGGTTCGGGGTAAGAGTTACGGCCACGAAGACCGACTCAGAATTATTAACCATAAGTGTATTGAAACGGCGCAACCAGGCAGCG,625,50.56,Arabidopsis thaliana
SEQ_844886,ACTACGAGTATCTCCAAGGCATCGATTTCCCTGGGTGACGTACGAATTCACCGACGCTTATTGGAATTCGGCTCATGATTAGACCTATTTCGCGCCCCCTGGTTCGGACTTGGGGGAGCGTTTGTTACCACTCTACTCGGCAACCGTGGCAGCCGGATCCAAGCAACGCGGCGCGGAGGGCGATCCGTTGTACTATACATCAATGGTCTATCACGTCCATGGGATTATTAGACGCTGGGCTACGCTTGCCAGCGGATCGTGTGGGCCACTGCCCCTGCTAGCATCTTGACTCTATTGGGTGCTAGCAACGAGCTAATTCGCTTGTACAAAGCCGCCGACATCCTCATATACCGATGCAACGTAGCGTGAGATGGGTCGCGCTGGTTGCTTTAGAAACGGTGACTTGTCGCGGTTTCACGGACCGGAAGACGGACTTAGTGGTACATGTGAATGTCCAAAGGTGACCTGTCATTAGCAGTCTAGATAAAGATGGAAGCTATTATCGCTACTCCCGGTTAGGCCACCTCGTCATCATAATCGAACCTATATGCGCGACGAAGGTAACCAGATGCGGTATACCCTACAATCGGGGCGGGACCGATTCGATACCTGCTCCAGTTCGTTGAATGTTGCCATGCTTGCCAAACTTGTGCCTGTACGATGTATGGCCTTCGATCGACTTGATTTTTACTGGGAGTAAACTAGGCACGATCCGATCCGTCACAGCTACCTTGACAAATTACTTGTCACACCGGGACACAGGCCGCCTAGGGCAGGTGCGGATAAACTAACCAATCCCTAGTAGGCTTTTGAGGTAGATGAATTATGTCATGGCCTTTCAAAAGGGAATGACTCTTTAGGTCCGGCAGACCACCTTATATGTGAGATTATATTCTTTTAGGGGTATCGCTACCGGTAGCGTATCAATCGGTCCTCACGTTCCATTGCGGCTTCGCTGACAGACCTCACAGTGCCATAAAAACCATTGACGTGTAGTGTCCACGTAACATTTTCTCTGTGTGCACGTGATCAAGCTCTATGTAGCAGGGGGATAGAAACCCGTCGTGCGCGCATTGGGGGAAAGAGGACCCAAGCGGGGACAAGCATCAAACGTTTAATAGCTATTTTCCGCCACACTCCAAGCAAAAACCAGAGAGAACGATAGATGAGCAGACCAGCAACGAACGTCAAGTGGTATAACTTGGGTTAAGCGGCCGACAGACCAATGGCTTTAATGCCTAGTAAGGAACATCACAAACTGAGCTTACTGTCGTCTGGTGTATTAGTTACACAGTTGTACCGCTTCCGAGGACTTGGACGGCCTTATTACGGCACAACTGATACATGCCGGAAAAGGATAGCGAGGGTCCCTTACCCCGCACGTGTAATGGCGATTTTGCAATGGTGGTCTTCGCTTACTAGAAGCATCCGCGCCGCAGGCCGTATTGACATAGTGCCAGGCCCAGTCCGGTCACTGTTCTATCCGGGTGGTTGCGCTTCACACACATATTTACCGACTCTACACACGTGGTTACAGTTGTAGAATCGAAATGTACCCGGCGGGGATCTTGATCTTTAATTCCTGAGCTGGCGCATGTTCGCACATTAATAGTGTACTGA,1620,50.49,Drosophila melanogaster
SEQ_613320,GTCCAAGGGGAGATGTCTTTTTACAAGTTAGTAGAGCTGAAGGGGTGTCAGTAAGAGATGAATCAACTTCCTCCCTTGGCTGACACGACATCGACCTAAGTGCGACAGGTGAATATGTGTAGCGGGACGTTCGTTTGTTACGATGATCGAGCTACCTTGCTGGGAAATACTATACGAAATACTAGCCCATAGATCGAAAGCTGGGTTGCTCTATATACGCCGACCCTTGCCAGGATGTCGCGACTGGGTCAGGGCGCCACGTTGCGCGCATCACCAGTTCCATACCCGGGGTATAGGTATTTAAAGTGTTTAATTTCTTTGGAACGTAAGCAACAGGAGTGAGAGACTTAATTGTAGATCTTAGGCAGCGCACGGCCCAACTGCGGCGGTGTACCCTGTATCTGAGAAATTCATCCATAAAAATGCCGGTCGTCACCAAGCCCAAGCTCGGAACGAGGGCACCTGGTTCGTTACCGGCGCGGGAGGGGCGGGTAGTCAACTTAGTGCGGAGGCTCGGTTCTGGATAGGCGTGGACTGGCCTGCGCGTTTGGAAGATAAACTAGGCATAGGCTCATAAGCTGCTTAGGCTTGGTGCGCCACGTTGTGAGGAGTGCAATCACCGTATGACGAGCACTACCCCGCCCCATACAGGCCTGGTTTTGCCTCTAAAACGCCACGCGTTATGTTCAGCCTAAATCCTCGGCTGAAGCTGCCTCATCCCGAAACTAAAGTTCAGATCTCGCTTTCCCCGTGGGCCCTGCCGCTGAGCTAACTTCACATACTACTTCGTTCAAAAAGGAATGGACACACACGACAAGGATCATTAACCGTTGTAGTCGTTAAAAGGCGTTGGAGAAGGGGCGGCTGGTCGGCCTCATGTTACCGATTAGGTCGCCCGAGTTTAAGTGTGGCGTCAGTTGATGACGAATTACCTGTAGATGAAGTAGCCTGAGCGAAGTCGAACTGAGTGAGACTCGGCAAGCCATCGGCCTCTCTTTGTCATGGACACAGCTGATTGCGAAAATATCTAAGCGTGCAAATAGCAGGGGGTTGCGAGGCTAGGGAGCCTGACCGTTGCCACGTGGCGCGTTTGGACGGACCGGCTATCAGATACGTCTACGTAGCGTCATGTGGGTGACACAGGGGAAGTCATAGGAATGGGGACGGAAACGCCTAGTCCGGTTATAGCCATACGCCTACGAATCCCTGAACCCCACATCTTTATGCATTCTCTAAGAAATGCAGGGGGTAATAAGCGCGTCCAACTAAGGCAAGCTCGCTGTGATCCTGTAAAGAGTAGCTGAACCATTTATGTGCAGCCACTAGGTGCTAAGATAATATGCATAGAGACTTCGTATCATCTTGCATTACATTCCCGGTAAACCCCCATTATGAACCTCGTGTTGACCAGAAGAGTGGCACAGCGATATCACGCGCAAGCTGGTCGTCCATCGCCGATACAGAGTCTCAATGGTAGTAGGTCAGTGTAAAGGTGCTTCCCAAAGTTATACAAGCTGGTGCCTAACCGTATTTGGCGGGTGTAGACGGCTTAGTGTTCCATTGCTTATATAGAGGATCCTGTTTTAGCGTCCCAATCTCATATCTTCTTAGAAGGACCTTAAAGAGTTATCGTCCAGCTATTATTTTGGGAACAATCTTCCCGACCCCTAATTCATGCGCGGCCCGGTTAGTCTTACGGGAAGTAATAGCTAAGCGTCAGACAC,1724,50.7,Homo sapiens
SEQ_651445,AAAACCTATAAACAGTTTGTAGGACGTTTATCATTGATGGTGTCAGCTAACCGCGTGTTCCTTGGACCGGGCATACATATGACGCTTGTTTCCACTATTGTTAATGTGTGAGCTAGCCCAATAAACTCTGCGCCAGGCAACCCAGCGCCAGCCAGCACTCCATACGCCGCTACGCGCCTATGATACTGTCATCCGCATGTGTCTCGCGACTCATGGGCAAGATTGGAGGTTCAGAGCTAAGTACCAATCTAGAGGTAGTAACCGTGGTCAACGGTTCAGAGAACTGGTGGCTGTTGGTAAAGTTTGCCGGTTACAATCTGATTGTGTATCTAGGAGTTCGACTGCTTGAGGCTGTTTTCAGCGCTCCCTGCAATTCCTGGACTCTATACGGACCAGGGCGGGCCGGCAGGGGCTGGGCTAGACTCCTGCACCGTGCACCCTCTCCATCACAGTCACAGACGTGAGTTTTCGATATCTGGAGACGAGCGTCTTCTACTTCGGCCTAAAATACGCAGGTGGTACACGCGACTGACTCGCATCCGTTCTGGGTCCGTCCGAGACATCTGCCACTCGTGCTTCCCAGGCCGATAGTTAAGCTGACCAATTATTGATATAACTTGAGGTAAGGAATATTCACACAGAAATCGATCTACTTCCGTCCGTAAGCCAGTCGGCATCAAAGATTAAACGCTTAGTGAGCTCTCAGAGCCCACAATAGTGAATGGCTTGATCTCGACTTACGTCACATCCATATTGCTTCCACGTGAGTTCATTTATGACTCCAAGTAGCCTTCGAAATATATGCGGACTCTATTTCAGATAAACCATCGTCACGTGGAGGGGTGTTGCTTTGGGTCCGGCTCTGTGAAGCTTATGAGCATTCATATGCTATGACTGTCCTTAATTCTCTTCATGAGTCGCTATCACGTTTCCTGGGTACAGATTTGCGAGGCCATCACTCCCAGTGTTCGCTCCGTCGGAATACACTTCGAGGAAGTCGGAGCTTAAGCCAGCACCATAGGGTCCTATAGATTTCAAATCCCGAAACTTCTAACTAGACGCCTTCTTTTCTGTCTGCGAAACTAAAACTACACCATTGTGCCAGAGATCCTTACCTGATCAACCCCAGTTTTACCATGTGTTCTGGAACGAGAAAAGATGCACTCTTTCCGTTGGACCGTACTTATTAAGTACCGCCGAGAGCTCACTGACGATCAGGCACCCTGTTGCCTCCCTTTAGAAATTGGAAAATGTAGTGTCACTTTTAACAACGCACGGTAAGCCGCAATTTGGTGTCGGCGAGCCCGGAAAGCGTCTGCCGACCCTCGAATGACTTGGCGCATAGGCGGCGTAAAGCAGCAAAGTACCAGCAACAGTGAT,1380,49.35,Drosophila melanogaster
SEQ_422228,GGATAATTTCTTGTTCCGAGGACACCCTGCTGATTACTTCCCCGGATTCTAGGTCCCAGTTGATTCGATGGTTC,74,48.65,Arabidopsis thaliana
SEQ_172190,TGTCCCTCTAATTCCTCGCTTAGCATTTAAGTTGATACAATGGCCCATAAAGTCCCAGGCTGGCTCGAGTGCGGGATTGTGCAAGCTTCTGTGGTGTGGTTTCGGATATTCGAGATATATTCAACTACCGGAATGATGTCACGTGTCCGACCATAAAAACCAGCTGCTTTAACCCCAGCTTTTGAGAGCGGAAAGAAATGGAGTGTTAAGTCCCCTATGGTCTAAATTCCTCTTTGTTAAAGCTCGGGTCGTTCCTCATCTACATTGCCCCTTCGGGACTGATATCCACCGTATTGACCGTGGGACCCCATGGTAAGGCCAACCACAAGTATTTCGAATAAAGCCGTCGACTTGGTTGCCCAGTCAGTGGCTACAATTCTTTTTAGTGTCATATAACACGATCACGTTCAAGCATAAGGAAGGGGTCCTGACGTGGGAAAATATGTCGTCGGGCGCGACCGCTCCCAGTTGAGGACTGCGTGCCCAACCTTTTGCGGAATCACGTCGTGACGAATCGTCAGACCGATGGAATTTTAAGGATCATGCATTTACTTGCGCCGCATAACTTGCGAATCGACCCTATCCCAGTGCCTCCAAACCCCTAACTCAGGCCTTTCTAGTGGCTATTTATGGAGGTACACTAACTCGTATACATAGTTTTTCACTGTGGTTTGTTATAGGTCCTATTTCCCGGAAAACAAGCCAATAGGGGCTGATGCTGCTCCAAATGTGTAGATGCGATGATCTATCTACTCTAGAGAGGCCCTACAAGGGTGCGCTAAGGACTAAATGGCCGGAACTTGTGTCGACATTGCGAAATGAATTCAGCGTAACAGCCGCTGCACCTCTGGGTTCCGACCTCAATAATGCTGCGTTTTCGCGTAATTTGTTGAACCCCACCCGTGCCACCTCTTTGGTGCTATGGTCCATCTCTCGCTACTTGTTTAACCCACATTTAATTCTGCTGTGCTGCGATGCCCCGCGATCCGCCATCCTGGGCTAATAGACGGTCATTGAAACTAGGTTTGGACAGGTGTCCTGTGGGATTTTATGGCCCTAGCTATTTCGAGCCATGATTGCTCTTATCGTAGAGCCCAACAGCTGTCGCACATAGCCATCCGACTAATAGATCGCG,1135,48.72,Caenorhabditis elegans
SEQ_835988,GTACTGGCAGTGGGGGTGCTAGTTTGGTGCGAACTACCTAATATCTTCAAATCGGGAGGCCGGACCAACACTGCGTTATGGACCCCTTGACGTACCGGCCACGTCTCCGGTGGTCGGAAAAAAGCCCCACGCCATTCGCCACTTGGGATGGGTAACACGCCTGCCGATCGGGGACTTATACAAAGGCCCCCGACCCCGCTCTAGTCTCCGGTTGTACACATAGGACGGACCCTGTAGGTCTAAATATACGGGCGACCGATGCTCTTTGTGCGTCGTACCGCGCACATCTCCTATTCGTGAGCGTTTACATCGTCGTTACAGCACCATTATCCCGTACTGGTGTAGGCACTTTGCAGCAACAATGTGACTCAATTCGAAGGTCGATTTTGTGAACGCGCACATCCATTTCCCGCATCAATGGCCTGTCGCTGAGGCAACCTCAACCAACAAAGCTCATTCCTACCAGGCGCCTGTTTTAAGCGACTCCGATCCGATGAGGGAGTTGCTAACGTGGGGGACCATACGGTATGCACGCATCAGGCGTGTAGTGTACACTTGTACACTCTAGATGAGGGATGAAGTCGAGATCTCTTAGTGTTAGAGCTTATTTCTGCGTGAGCTGATGCGCATAGGGGAACGCTGTTGCTCCCCGTGGCCACGCATACAGGCTTCTCGCACTCACCATGCCCGTCAAAAGATCTTCACAATATCAACATTTGTATTACTCCCTAGTGCTCCCCCCCTTTCTTGCGCTATTTACTGGGAAAGGTACTCCGGCTCGGCCCAAAACATTAGCTGAGGGCATACGGTCACTTTGGGGTATAAGCAGGACTCGCGCCTGGAAAGTTCAGTCTTGACCGCGTCCCCTTTGGTTGAGCTAGATGGCCTGTCCATGTAAGCAGAGATGTGGATCTCCCACGTTTAGTCAAAGGGTCAAGTTGGGTCGTGTCACCCGCTTGCTACTTAGGCGAATACCGGATGTTCGCATGTTATACATTCTGATGAACTTCGGAGCCCCACAGCGAGACTACGTTTGTAGGCTTCTGATTGCGGGTATGACCAAAGTCTTAAGAGTGCATTTGACTGAGTATGGTCTAGGTCAGCCCGCTGTGAATCGCGCACTGACTGTAACCTGTCTATCTTTAAAGCTCCAGAAACTACTGCGCCCCCGAAGTACCCCAGCGCGTACGTGGTGGCAGTCGGCCCACGGACCTAGCAGTGTATGTCCGCGACCCGAACGTTAGTAATTGTCGATCTCTTGGAATGGGCCATGAAAAAGCTGATAGAGGGTCGGCCTGCACAACACGAAACACTCGCTGGGGATACTAGGGGCAGTATTGTACGTGCCGTAACGAAGTAAACTCAATTTTTCTCACTTCCTTCAAGGAACGACAACTAGACGCTACAGTGATCATCCGGCCAAATTTTTGTGCTAGGAGCCGTCGGTGTTATAGGATCCGTCGCGCCTGTTTCGTTCTTAGCGAGAGTGGAGTTCGGTATGTCCGCCCCTAAACGGGAATAGTGCCAATCACTGAGATGTGTCTTCTAGACTCGATCCGAATCGTGCTCCTTGCTTGATTTCTTTTAAACGTTACCAGCTCCAGTAGTGGTCGTGGATGTGGCGGCCAGGGCTACTGGATTCTAGCGATACATAAAGAATTGTCGTTCCGCTGCTGTGCAGTGCTTTAGTAGACTGTCTGGTACGTGACTTAGCACCATAGACATCAACACCTCGAATTAACACAGTCTTGTGCTGATCGCACCATGATGGGCGCGAGTTGGGTCGTAGACCTAGCTGCTCGTATGTCTAATCCATAATTAAAATCACCTAAGTACCAGTGCCAAGGTACCTGAAGTGTTCTAATGCTGGGGCGCAATTCCTGATTGGATACGAATCGTA,1900,51.42,Drosophila melanogaster
SEQ_815695,TCACGTCCTTGTGGGCGAACACCGACGTGGCCGCACCTCACGACCCAACGAATGGAAAGGCTGTAGGAGTTTAACCTGGCCGCACTGGCTAAGGAGGGGATGACGTCGAAAGCAGGAAGTATTTACTGACATCAGCGATGAGCGCCTGCAGGCAACCGGTGTCACGCTCGCTCGCGCAGAGTAATGATATGGTTCGAGCAGCCGGGGGGATTGGCGCTGCCAGGTTACGCCGTGTGATTGCTATTCCTGTGCAGGACTACTCTGGACTAGTGCCTCGACAAGAGTATCGATGGAGGTTGTGAGTGCTTCGGAAGTTTACGTCCCTTCAACGGAAACCCCTAAACAAAAAGCTGGTGGGCCAGGAAGGTTGGTTTC,375,55.73,Drosophila melanogaster
SEQ_707950,ACCCAGACTTGCGTAGCATCTATTTCTTGCTGGTTGTAACTCTGCTCACATCCATCTTGAGCCACATTCTCGCAAATGAGTAACCAATGTTTCCTATGTGAGAGATACCGGTCCACAACAGAGGCTCTCCACGAATGAGGGGCTTCTCCTATGGAGAAACCAACGAACCACCACGACCATTGTCAGGAATGATTACCCTCGGAGAGCCTTGAAAAAGAGTGATTCCTGGTTCTCTTGGTAGGCTGGCGTTCAGATCGACTCACAAATAAGTGTGGTTCTGGAACCTGATGTCGTCCGAATATTTACATTGAAACTATGTTCAAATATGCGGCGCGATCACGGAATAACTCCGGTTTCCCGGGAACCCGGTCTTGGCTTCCGGACGATATTTCGGGCCCTATTAACTGCTGGCTCAACAGGGAACAAGGCTCTATTCTGGAGATTCTTGAGGTTTCAACTGCTAGCGGGCAAAGTACACACGATATCATGCCTACTTGGATCGACACAACGCAGGTAGTGCCATCGCATCCGGCGCACTACTTCTGTAGAAACGATGTAGACTTGGGAGGCTTTTTGGTACAGTTAAGATTCCATTGTTCAACGGGGATGGCATTGGACTCCCGGAAGGGGCTCCGGTGCGGAGAAACTGAGATTGGATGGTTTAAAGGCTGTCACAGGGTTTCGAGGCTGTTGAGAGAACATACTTGGTTAACATGCCATAAACAACGCTCTCTTGTCAAACTTCAAGATAGCGGCCCCGGTCAGCAATGTTGCTCTGATCCAGCAGCTCGAGTCATTTTATAGACAGTCTTACCCAGCCCGCCAAATGGGTATTTGATGTTAATGTATATATCGAAATCAACACAAATACGGGCGGTCGCCCCCGCCCCCAAAAATAGTGGGGCCTGACATTACTCCAAGCCTCAGGATGGTAGCTTTTAATGTTCGCTTCGATAGAGCTATCTTGTTGCTGGCAGGAACCTACAGTCTCAAGTTGAGAAGGCTGTGTTACGACACGCTCGAGATGTAATGTCTTTCGAAAGTTCCCCCGTCCGCGAGGTGTACTCTGATTCTGTTCCAATCCGTTACTCCCCGACCTTAGAAATTCACTCTGGCCGCGGAGCTTAGAAAACGACATATAAGGTCGGTTTACACCCGAAGGGTGTTCGTAT,1172,48.63,Drosophila melanogaster
SEQ_863827,GTGAACGTTGGGATATCGCTGCGATCGCTTAGGCTGGTGTATACGTCTGGGGCAAGGCATTCCAAGCGTTTGCGTTGGAAAGTCACCTAATTACGGTAAGTTTGAAGCATCCTTAGCTGACGGCATCCATTCGCCATTATGGGCGTAAGGATGCGAAATTCGTACTCTGGTGTACGTACCGCTTCCA,187,50.27,Escherichia coli
SEQ_398511,TCAGTGTCTTGCTAATGGCCCAGGCGTGTAATGGTATGGGTTCCTCCATTACTGGGTTAGATCGCTTTCTTAAAGTTAGGGTACATAAACTCAGTTTGGATACCGATTCGGCTCTCGCAATGGACAACAATGTGGGCCCCGCGCTGTGAGTATCACTAATTTATTGTATTAAATTCCCCGGCCAACCAAACGGAGAGGACTTCCCAGTTCTACCCTAGGTTCGAGAGTGCACTGCAATAGTGGATCAAAAAACAGCACTCTTTGTCTGACCTACACTCCAAGGGGAACAACTTCATTGAGTTGGCGCGCTACTCGTCATGGTTACAAGCTTGATTTACATTGTTAGCCCTCAGCTAGCTGAAATTATCGGAGCGACGGTAATCCCCGGAGCACCCAATGCGCTAAGGAGTCAACATCATACAATAATACTATCAACCCTAGAGACGACGACGCGTATTGAGGTTCTTCAATCGCAGGGATAGTGTCTATTGCAAACTATCCCAGACATCGAGACGCAGTCACCTAGCTCAAACGTGCGTGTTGGAGATACGAAGTTCATTAGGTTGGGCAATACAGCATAGCGAGGTACGGCCGCAAGCGTCCATATTCGTTGTCTTTGCCAATGATTGATCACTGA,637,47.25,Homo sapiens
SEQ_934389,GTCAAGTAACCAGCACCTGAATACCATATATACGTCTGAGTCTCACGACACATTCTATACCATGAACGCGTATCATCTCGAGCACTGACTCGCTGTGGTAATATGATTTCGCCGCCAATATTGCTCTAGCCGGTCCCGCCCGCGAAGGGTGCAAAAAACCCTCTGAACCGAACCCTACCATTAATTATAAGGTCGTTAGCCACTAAAGCCAACGCGGGGATGTAACCCCGGCATTTGAGGCCTAGGCTTAATACCTAGTGAGCCTAGTTCGTGGTTCCCCATTACCTACTGTTAGAACGTCTACCACTTTACCACTAGGGAGGTACAAGGTGAGTGATCGAAGGAGGCGTCTCCATCGGAGCGAATAACCCTAGCCCATTGTTGACGCGAGGCCTTAAGAGTCGGTGAAACATAGGGGCCACGCCCTATTATGCCAGCGACGTGGGCCGCTTACGAATAAGACTGAGTTTTCGCCCTACCGCGAGAGCAATATTCTAAGAGGGGCCAAAAAGCTGCCGCGGTCCAGTGGAAGATTTTGGCCGAGCAACAAACGAGGACAGTGGTCCCGCTAATTACTTAAGGGCCTGTTGGGTATAATGAGGGCACTATCTAGCGAACGCATACTCCACCGGTGACGATGCTGAAATAGCTCTGTGCGGTGTCATCGAGTTTTCTCATTCGCTTCAACGATAGGGAAGCAAAATCCCTATTAGGTGTTGAAATCCGCATTGCTAATTACTGACCCCCAGTAGCAAAT,757,50.2,Mus musculus
SEQ_919488,TGTATTCTCACGGTGAAAAGGCGATTGTGAAGGCTGCCACTCATTGGACGGCGGCCTCATGACCGCGATGTGGGGGCTACGTTCTCGAAGGTTACCCCCGTAATTACACCGCAAAGTAGAGGCTCGGTCCCACTTGGGAGTAAGCATCCCTTGCACTGCCAGTATCGCGCGAGGCTTTTCAGACTATCGCCACTACGATGCTCACCACTTAGTCCCTGTGTGAATAACAAAGAGTGAGTCACAACTACAGTCTCCGTGCTTATAAAGTCAGACTTTTAGTGAAGAGGGCTTGGTGCAACACCCTGAATCCATACGCCCGCAGGCGGGCCCTGCCGTTAACTGGTTTTTTTGCGAGGTGCGCCGTGTGTAATGCTAAATTAGAGCCTTACAGAACAGGCACCCTAGCGTTGCACGTCAGGCAATGACAGAGGGACCTCCAGAAAGGTTTGGTCAGCCAGATTAGTTTAAAGTGGCCCCTGACGCGTACCACATATCGCGTGAGTGCTGGGTAGGATCTCCCCACTAGTCACCCACCACCGGCTACCATCAGCCTCGACTCGAACTGGGATTCGTTCCAGTGAATGAACCTACCTTTGCGAATCACGTTCCTATTCACTCTACGCATTCGAAAGCCATGAACATTCCCCATTCTCTTGGGGCCTTGGACGACTCCCCCTAAAGATGTCCGTTTGTCTAAAACTCCTGTGCAATCAAATTCTACGTTCCACCAGGTGCAAGATCCGTAGTCCTAAAATTATAGTTCAAGTCCTGGGCGGACAGAGTTTCGCCGGAGCACTAAACGCCTCCTATTCAAGCAACGGCATCGAGCATTTCCAGACTCAGCTCATCGGCCGAGCACTGGCATTATGTCTATTGGGGATATTAGCCAGACCACCTAAGTCAAGAAGTCTTCGGCGTAGCATGGGCGCTCGTCGAATTCCCTTACGACGCCAATCACACCGGCAATGTCAGTAAATAAGCCGCCTCTTTCGAGCGTATGACCTCAATTGGCGGTACATCTTCTCGTCCACACCCTTATCTTAGCTAATTGTTGTTCGGGAGCTCCCCCACGATACCGGATGCGCTATAATCTCTGGACGCACCTCGAGGACTTCACTTCAGTCTCGAGAAGTGGCCCGTTGAAGGTACGGCCCTTGTGGCGAACATTGGGGGCGATCGCTCAACGCGACTTGACGATTCCGGGGGATTAGCGTCCGTCATAGTTTCAATCGT,1233,52.31,Arabidopsis thaliana
SEQ_895275,GATTCCCGTCGCAATAATACGTTATAAACCCCGGAAAAGCTTATAGAGTCGATCCGGCTGAAGCTCAGACAGGGGAGTTTAACTCCGTTACTAATCACTCGCTCGCGCAGCATGCACAGAAGAATGGATTCTCAAATTCTGGCCCAGTCGACTGTGGCAGCTCGGACTGTGAGAATGTACTGGAATAGCACGCTGTGGCTAGATCCTGAGTGAGCTACTGGAATTCTAGAGCTAAAGATTGGCCGTACC,249,49.4,Caenorhabditis elegans
SEQ_409463,CCATCTTAAGGACTAGACTAGGATTCATAGCGGGGTTAGGGGATTAGAATTTGAAAAATGTTGGGATAGCACTGGTTAGGTTCACCGGTCAACGGTGACAGTGATGGAGTGAGATAGTAGCGTTCATACCGACTTCGAGGTTAAGGTAGACCATCGACGCCGCGGTGTATGCCTAACTGCGCAACCTCTATTAACTTAGCGTTACACAAAAATCTGTGCTCAAACCCTACCAAAAATCACCTCCCACCCGCTCCCCCTGCAACAAACTCGACTGGGCCGACACTTGGCGGGTACGGAACACCTTAGGCTTTCCAACTTGACCATGAGGCGCTAATACACAGCAAACGTCACTCCAAGTTCAGTGAGCAGGGGATATTCTCTCATTGAAGGAAGCTATCACACAGCTTTAGACGGTGGCTTCTTGCGTTTTCCCGATAGGCTAAATTACTCATGAAAGGCCGGTAGAGGCGATCGTGTCATCGTTGCCACCAATAATGGATAAAATTTGGCCAAGAGGAGGTGAAGGTTCCCGGTTAACTAAGGGATTCCATTGGCCTGCGCATCTTGCTCATGTTGCGGGCTTTTACGAGAGTATCTTGGGTGTAACTATGTTGGGCGATGTTATATTAATCAATTTTGACCCTCATATTCAAGCGGAACCCTCCTGAAACTTCGTCGATTTCCGGTCACTGAGAGATCAGGTTCGCGATTTTGACGATAATCAGGGGGAATTCGGCCTGTGTGGTGTATCAGTATGCTTTAAGCTAAGGTAGAGATGTCTAATATGCATCGGAGTCATGGACACGTCACCTGGCAGTTCAGTGGCACAACCTAGTGGGTCAATCGCTGCGGACAGAACGTTTGAGAAGCCGGCTCACCCCGCTCTCGAGCCCTCATACTTGCACATGGGCCGGACTCTCTTCCATGTTTGCTCGTGGTCTTTCGTTTGTGTCCTTCTCTATAGCAGTGGTGCCCATAAACTTCACTTGTCAGACACCTTCAGTCTGTCGATCCTAGTGTCTGTCCCTGGTCCGACATCGTCTTTGCTACGAGAGCGACGATGACTTAGCTCGGATGCATTTCGTCCGGATACTACCTTGCTCAAAAAATCCAGCGGGGCACTACGGATCGAGCTAGCGGGCTATGCGCC,1150,49.65,Saccharomyces cerevisiae
SEQ_346669,TCTTCCAAGGCAACCCTACCCTGCGGGAGACATTGCGTCGGACCAGACTGGTTGCCAAGTTCCCTTACTATCAGGCACGGAACGTTGACGAAATTCGAGATAACTCGTCGCTTGCAACCGCCTTTCGATTTCGCGTCTTACGGGGAAACGTTGATAGTTTGATATGAGCAGATCCTCGCCCATCGACCCGCTGCTAAGAAGGCCGCGCTCACTTCCGGCCCCCACGATATAGTATGACAAGTAGTGTATACCGAAGGAGCCGTGGCAATATCACATGTCAGTCTTCCATGCTTTATGCGCTCAGATCTGGGTTACACTCAAGAACCCTGCACTCCATCGCATGGCTTGCATTAATGTCAGCTATAAAGATCCTGACCCTAACCTAAAGGCCGTCCAATAATCACGGTTCGTTAGGCGGACTAACCACGCGTCAAACACGATTCTTTGGGAAAGGCTGATCATCGATCCGCTTAGCCCCTTTGGAGGGGTCCGCCTATGACCAAGACGTACGTCGCCGATCCAGCATGCTTGGGACTTTCAAGAAGCTTAGTTGGGCGTTCGCCCGGTCAAACTATTCCAGCGGTCTCTTTACTGTGCATTTAATGCGGCCGTTATTCGCACGTCGGGCGGTTTTAGGCACTCCCCGATACGTTCAAGGGCACGTTCTCGGTTTAGGAATACTGTTACGACCTCCGAATGGAGTGGAGGGGACCCCCTACCTCGGCAGAGTGTATAAGCAGGGAGGATTACAGTTTAAGATGGCTCGCTTCAGACAGTCCAGCTATGCATACTACCGGCAACTCCATATTGGAAAGTGCAAATGTCACAATCCAGTGCATTGGGTTTCCCGGCCTAAGGACAAACTCCAGCGCGTCTAGGGCCCCCATTTCATTATGATGGCCCTGCCAGAGTACAATCCTTCCTCTCCCGGCGTATCGGCTCAGTGCCCCAGTCAAAACAATACATTAGCAGTCTTAGCGTTAATCGAGAAAGGTAGTCCGGAACAGCTGATTATCCCCTAATAAGAACCATTCTCACACGGAATCAACACCCTAGCGCGTCTCATCGTCTGGTCCAAACATGTAATCAACTAGCCGGCGCGCTAAACGAGTAGCTATGCTTCGAGGATCCTACGTCTCCGTCTTCGGCTCCTGTTGAACGCATGAGGCGCGTTAACACGGACGAGTGCATAA,1193,51.8,Drosophila melanogaster
SEQ_672021,TTCACGTACTCGGCCTGTACGACAGAATTGACGTCGCCGTTTTGGTCAGATATTTAGGAGAGAATGCGCTCCGAGAATATGACAATGCGAAGCCGCGAACATCTCCAGGCGCCATCACAGACTCCTCTGGCGTGCCTGGTAGAGTTCATCCGTGGGGTCGGAGGGGTTCGTCGAAAAACCAAATTGAACGGTGTCCCACCGATACCCCCCGATCGACTTTGGTAACAACACTTCCAGTCGATGTCGCCAATCGCTCACAATGAGGGGGGTTAATCTCCGGGTCTGCCTTCCAAGACGGCCATGGTTTAATTATGAACTCGCCCCGCAACAGGACTTGACACCGGAGGCCAGTGTCCTCACAGCACTTCAGTTGTCATGGTGTCCCAGCACTCACTCGACCGAGCGGTGTCGAGATGTTTGGCGGTGTTACGCTTGACGAAGCACCGACACATTCCCATCAGGATCACGAATGTCTCCCCTCGAAATTTAGGCTCCCCTGGCGCGCAAATCTATTGTCTTAATAAGGGTAGTGAGCAAACTGGCGCCTTTATACTGATTTTATACCAGGGTATTGCGGATTATGTACACTCTCAAACGGTTAGGTGGCCTTGCTATGCGGCACTTAAACGCCTGTGATTAAAAATACGACGACGTCGAGTTATAATATTAGATGGACGCGTTACGCGCAGGATAGATGCCCGGATGCTTACTCGGCCCACTTCCGCTCTGTGATGTTGATAGGCCCATACGACTTAAGCCTCTCTGCATATAGGATATGCTTAGTAGGACTCCTTAAGCTGTCTTTGTAAAGTAGTTGTTTCGGTAAACTTGCACGCATTCCACAGTGTATAGGCAAAGGACTGGGGTGAATGACGTGGCATGGAGTACAGGCTACTTAGTCCGTAATAGCGCCCCTGCACACATACCGCTAACGCGGCGTATAGTCATGGCGCGATAGGGCTGCCAAGCGGTTGAGGGCACTCGGACTTCGGCGCCCGATGGAACATCAAGCCCGGCCATATGGCTGACTCATATTTTCCTTATAGTTTAACGGTAGACCCATGATTCCAAGCAACGTTGAGGTCGGGATCTCGATATAAGGTTTGGTAAAACTCTTCACGGAGAATTCGTTCTCAATTTGGTATACTACCTCACCAGGGACGGCTATGCCCTTCTCAGTGAGGGTGGTTAAATGGCCCTGGCCCATTATAGACTGTAGACAACCCACATATATCACCAAGCTGTCCAGTATAAGTTCATGGTAACGTTGTCCCCGCTTGGAAGCCCCAGTGTTAAGTATGTCCCCTCCTCTCTGGTCAACGGCTGCTGCTGGAGAACGGCTGTCTTCATCTGGCTAATATTGGGTGCGTGTTGGCCATAGCTAGAGAAAGACTACAGTACTCGCTTGAACTATAAAATGCGTTACGCATAGAGGTCGAAAAGAGAGCTCATCTCATCCCCATCTGGGAAGTGTCCCGGAACAGTTCTATCTGCATCTTGCTTATTTCCAGAATCATAAGCTCCCCGTGAGATGCTAAGATCCCA,1545,50.36,Escherichia coli
SEQ_561340,GCGAAAAGGCGTCCGCCTGCGAGCCATCCGGCAACTTTGTCATGAGGACTTCATTCTGCCTGACAGTGCATGCTCAACTCCGGACACCGATATGGCCGCAACAGCAGCCTTACGATTTTTGGTGACCTTCAGGCGCCGCGTTGACTTGTGCCTGGAGTATCCTAGGATAGATGAAAAAATGTACATTAACGGCACATCAGATGAACTTCAAGTTAACTTCCTAGAAACCGTGTGGGCTAACCCCGTCCAGCAGCCAAGGACGTCGCCCAGCCAGAGTCAGCGACCCTTCCCCCGACCTCGGATCCCTGCTGTATCTCATGACATACATGACTGAGTGCCGCGGCGACTTTCCATCTAATTCTTTGTCCACTATCTACTAGATTTCCGGTCCACGCGGCCTAGTGGTCCGCCATCTACGGAAAGCAATGATGCTCGGACCCTCGACGTGTGTTCGCCTTAATGCCTAGAACGATTTAATTACTGTAAGCTCCAACACATAGCCTAGCCGGCTCATGCGAGAAGGTCAGTAGGTCGCCCAGGTACTCTACCCTGTAGAAAAATCCTAAGTTATCTGATAACCTTCAAGCGATTACCGCCTAAAAATGCGCTGTTGGCCAAAGGGTCTCATGAACAACGGCCGCAAGCAGGTACTCCGCGTTCTGGGCGTAAAGTGACTCGACTGGCCCCCAAACACCCAGCGCGATTCCCGACTAAGGACAGGCTACTCGGAACATTCCGATTCTTTCCTTCTTGTATACCAGCGACCGGCGTTGGCATCGGGCGCGTTTTTTCGGCACAGCGTTGAGATGCTGCATGTATTGACCCGCCCTCCAGAATATGGGGGAAGCGTAGTCGCTCGAGAATAAAGGAGAGGGGATACCG,882,53.17,Drosophila melanogaster
SEQ_456310,CGTGGTCCTAAGTACGGCTAGATCCGCCCCCCCGTCTGTTCGCCAGGATTACAGAGGATGAGAAGATCTCCCGCGAGACGGCGCTAGTCTAGGGGTGTACTATAGAGCAGACACATAAGCGTTATGGATGCCATCTCGATTACCAGCAATGCATGAATGGACTCTGGTCCATTTGAACTCACGGCGCCGAGTGGGTATAAAGTGCTCTTATGACGTCATCGTAACGTACGATCCCGTTTATGACGGTTGGTACATTTTGAATCTGTTAACCCAACGCTCGAAATGGCGTGCCTAATATGTTTCCCACGCCAGAAGGTACATTCCATTTAGACCTCAATTCTCTCAGAGTTTCACTGCAGCATATTACATAAGTATTTATTTATCAACGGCCTATGACGTGCATGAGGATTAGAATATTACACGGTGCAGAGGACCATCGTATTGCTCACGACCTGGTAGAGACCACCATGTGTCTCTCATACATACACGTAAGGGCAAGCCTAAACAGGTAACAGCTCACACAGAGATTGGTGCCCGGTCATTAGGGAGGTCGATTCAACGTGCCGCTACACCGACCATACCTAGAGGCATCATGTCGCAGCCCACCACAACTACGTAATCGATGTCTTAATATGACTTAAGAGTACTTAGAATCTATCGGCGCCCGGCCCATTACAAGTGATAATCGTTACCAAAATAGGATAGGCGGGTTTGCACTCGCATGGAAAATCAATTACCGGGCAGTTTGCATCTCTTGGTCGTAGAAACTCCTCGATTGCAAGTCGGACAGTGTGAGTCCCTCATCAAGTACCCGCAGGAAGGGCGGCAGATCCTGTTTTCATGACCGTTATAACCGTACTAAAATCCGCTTATTGGTGCGGAGAGCCTCCGTAAGTCGAACTACGCGAAGAAGTGCGCAGAACACGAGGAATGATATCGTAGACGTAAACATTGTTAACAGGCCTAGTAATTTTTTCCGTAATTTGGATGTACACTTTTGATCAGTCATGCTTTGGAGCTGTGTTGTCGATGAGATCGACTGTCAATTGTTCCAAGGACGCGGTCCTTATCAGGTCCGTGAACAATCGGCTATGTGATCATGGGCGGGACCAAACTTGAGAGCGCAGCCGTCGTTAAAAACCCCGAGTCAATTACAGTCTTCAACGCCTGGGCCGGAAGAAGCATTTTCCAAGGTGTTTCCTATCCCATCGGAACGACACGATCAAAGAGGAGTACTACAGAGAGGAGCATGTGTCACCAGATAGAGACGACCTCATAACACGATGTTTGTAACAGTTAGTTTTTGTCACTAAGAGCGATCAGTTTCCATGGACATGCCTGTAGTTGAGCTGAGGACGTTATGGGCTAGCAAACTACGGTCCCCATGTCGATCTCCCTTAACTACGTCCTGCCTCTTATTCATTTAATAGACGCGGACTTCGATGCTAGATTACCGTAATGAATTCAGTCGGTATTCATAAAATATGGGGAGTTCAATTGCCTACCTCTCCTTCCTCCAACGGCTCCATACACTGGGTACTCTTCAGCTGGATGGCCCGTACTGGTCGCAGACCAAAATGTCAGGCTCCTAGACGTACGGCTCGACTCATACCACAGAACACTTAAGGTAATGTGGGGCTCCGAAGGAAAAAAATGTTGTGCGAGTCATGGCGGGTCTGGCTCCTAATGGCTTCGGCAGTCGCGTAATTGAAATTTCTCGTGTCATCTAGATCTGTTGTCGCGTGCGTGCTA,1752,48.0,Mus musculus
SEQ_866141,AGGATCCATCTTGGTAAAAAAATGGTGCCGTAGGGCATGTAGACCTCGCGCGGCACCCTTTAAATATTGGATGGGGCGGCGTATGCCTAGACTAGAAACCTAATTAATGCCTCCCTCGTTGCCCGAAGTCAGAAGGCAGAGCAAACCCTGCCTACCCTCTGTCTTTAGCATAGACTGACTTGAGGCGTCAATTCAAAGCGATAAGGCTACGTCACTTCGGCAGATGTATCCGGCGAGTGCTTGGTTATAAAGAGCATCACGGACTTCCTCTGTCGCGGAACGGTCATATGAGGCTTACCCATACGGCGCACGGCTATACGGGGCAAGGCCCCTCTGCACCTAATTGGATTGCGCGGAGCTAGTGGTAGCCGTTGGGTCACGTGGTGGAATTTCATCGGAGTGAATGTTCCAGGTGTACATGGAAAAGCCTGTTTACTTGGCGAATCCAGATCTTGCCGAGGTAGCGTCGTCCGTCATTAGCATCTATTTTACCATTTGACCCTTATTCTTTTAAATTCACTCGGAAGCTGGTGAACGTATCAATTTATCCGAACTGGACTGGGCGTAGGAGACGGACCTGATGTGTGAGCATGTGCGGTGGGCCTATCGGGCTCACATCCGGGCTTTGACGGTGACATGGCACGCGCGTTTCCAAACGATGCTCCCAGCGTGGCGTGTCTATTGCGCTGCGCAGCGTATATGCCAGAGGTAGGCGGTTGTTTACGACCATGGCTGCAAGTAATTGGACCGGTTTGTTTCTAGTTAAACAGTGCCGGGCCGCAACGATGCCGGTGATGCCGAGCGTATCCTTAAACTAGGCCACAAGGTAATGGCTCCTCCTCTCAGAGGGAGATGGACTCAAGAGAGTCCTGCCGTTAGGTTCGGGGAGTCAGCGAAATGACAGAGGGGTCCCTCATCTGCATGCCGGCTCGGCCCGAGATAGGTGAAAGTCCCTTACAACTTTGACACTGCCCCAACTAGTCCAACTCGAGTTGAAATGCTTCGGCCCCCCGTAGAAAACCCTTTACGGAAGAGCTGATATCAAGGACCGGGAGACCTCTCTCATTCGAGCACTGCAACATCCAGAGAGTCTTGCTGCACCGAGGCCCAACCGGACAGCGTG,1123,53.34,Caenorhabditis elegans
SEQ_548345,TAGTGTCGGGCTTAAGGCGGCTTGAGAGTACTCTAATATCAGACTGTATGTCGACCGTGCCCCTCCTATTTCTCTATACGCATCCACAAGTCATATCATGCGCAAAGGATCACACTCCTTCTGTAGTCCGACCATTCGCCACTTATCGCGTAATTCTTAGACGCCACGCTAATAACTTTGCTCCAGGGGTATTCAGTAATAAAGCTTATACCGGGACCTTCCCCGGCTCAAGTATGCTCTAAGCAAAGATTTTGGGTATTATATATTAGTTTCCCCAGATAACGTCCGGTGTGTGACCCATGGAAACAGCGGCTCAAGCTCTGTGTGCCGTCTAACGTATAACCTCGGGCTAACGATGGACTTGGCCGTTATCGTGGATCGAACCACCTGTTTTAACGGACGCCCCATGATTGTTACTAGTTCCGATACAGGTTAGGTTGGAGAAGTAAGCGTGCATTTAGCAAGATCATATCATCCCTACGGTCTACCTGTATTGCCATGGTCACCAGGAGTACGTGCCTGTCCGTGCAATTCTTCTCTTCTTATGTCGTCACCTTGGTCCTGATCCGCACAAGGCGGAACGCGGATATTGTCGATGCAGGAACCCCACTGGGTCGTGGAGGTTAGACTGAGGTTCAAGCAACCACGCGCATCTTTTCTAAACGGTATGTAACCACGCACTAATGTGCTGCAAGTAGCCTCAGGGCTGAAAGTGGGCCGCCAACACGTCAAACTAAGAGAAAGTTGCTGAAGAATGAGATGGGTTCGAATGATAGTAACCAAGCGACGGTATGCTTTTCTCCCTTCACCTGCCTATCGGGTACACCCCACTCTGAGGATTATCAACTTCCTAGCCGAAGATGCTAATCCTATTGGCCACGTGAAGTCAGATTTCCACTTTTCACACACGGACTAACGTTTTCGAGTATGCATTTCGCCAACCAAGTGGAAAGCGTCTATCCCTCAACAAAGTAATAGGCGATGCTAGATCCTCCAGCTCGTGCGGCACTCGGGGGTTCTCTAGTCTAATAAGACTAACGACCATTCTCCAGCGTGGAGTCCCTAACATGACTGAGCTGAAGGAGTAACGCGCCTTTTCGCTGAAGTCAGCTTTGTGTTAGTTCCCGCATTGCTTATTATATTCATGGGATTACATTCTTTGAGCCCTTTGGAAACCAGGCACAAGTAGGCCAGCATGGGTACTTTGGACACCCACCAGGTATGACGGAGACGAAACGAACACTTGTATTAAATCCCGATGTCAGCTCCGCAAAGAGTCGGAAGCTGGCGACCTCACGGCGAATTAAGAATGCTGGTGTTAAAGAAACCATAGTGGAACAGTCTGTCTACAAGGCTGGTTTAGCACTAGAGTTGCCCGCCAGTCAGGAAGGTGAATCGATGCAGCATGGCCACTAAGACAGGGGGATAAGATATTGTTTGTTCTACGAGTCTGCAGTTTGAAACCGGTCTGATGTGTATTCGGGTAACGCCGGCGAATTTGCCGTACCTCTGGTCTTCCAACG,1523,48.79,Saccharomyces cerevisiae
SEQ_855450,CGCCCGGTCCCTCAAATTCCTATTTTCAACAGTGACAATACCATGGATACTGTGACGCATCTGAGTACCCCCTGGCGTAAGTATAGCTAATACCCAGTCAGATTCTGGGCCTCGTAACCCTTATTTATTTAACATACTGTTTGTCGGGTCCGTCTTATGAAGGTCCTTCAGAGAGTGGAGCTGGCGTCGGTACACTCCTTTAGGTAAAACCACCGTGTTTGGGCGTTAGGCCTTTACCTTGTAGAACCGATGCCGGGCCATCAGAACGCTGTCTTATTGTATAAATCGCGTTTCATAATCTCCCATTGACGTGCGGGAACTGGCGACTCTTCCACCTACAGGTACAACTCCGGAGTCGCTGACTCCCAGATCGGGCGTACCCAGGGCAAGCCCCACCATTAGAAATAGGGCGTGATTTTGTATGGCTCCGTTAGCCCCTGTTCGCCGGTCAAGCGGCCTCACGAATGTCCCCTACGGACCACTCATCAGTCCAAACCATATTCAGCTGGACGCTCGCTGGTCTGACTCTCCTGCAACAGGGTCGTTAACCTCCCACGTGGCTGACTCTACGCGGTCCGGGCTGAAGTCTTACCGTGGGTGGCGCCACGTCGATATATCTGTACAGTGCGACTGCCCGTGACCGGGCTTGCCATCCGAAGCGTACGACTCCGTAAACCAAGGTGTAAAAGTTAACAAACTATCCGTGAGCAGTATATAGGGCTAACGGCCACGGCATCAAATAACGACGGTGCCGAACGGCCTGGGTTCCCGACTGAGAAATGTGGTTCGGCAATGAATACGACAAAAGAAAAGTCCTGTGTCCCCCAAACCGCCGTAGCCAATAAGCATGAGTGCCGCTCTATGTCAACGTTATCACATTTAGAACTTGCCGAGAGAGCGTCTCTAGAGCCACCTGGACAAGGCATCATAGTCAACTGGTGTCGACTATGGTCAACCTACTCATTACTGCACGAAGTCGATGCGATTTACGGCTGAGAAATCAATCCGCCCTACGAGTATGGCCAA,1026,52.14,Homo sapiens
SEQ_425917,AGTCGAAAGTATGAAGGTTGTAACCGCCCGATGGATGCAGGGCCACTTGGTCACGCTAGAAATCGTTACACATTATTATAAAGTTGTTACATATTGGTATAAGCGACTTATGTCCGTAGGGCAAAGCTGTTGTACCAACGGTTCAAGCTAGGGATGCAAGACTGGCTACTATGGGAATCTGAAACGCTTACGGACGGTGTGAAAGCACAGATTTCTGCGCTTACCCCGTGGCGTCACTAGGGGTCTGCCTCGCGATGGGCTCGTACATCCGAGTTTACTAATGAAGGTTTGTGTTCGACTCCGATAACCCACTGGGACCCACTCGAATGGCAGATGTTCGGAATAGCGGTCGGGATAGAGCCTGGTTAAAAGGTCTGCAACTGGGTAGGTCACCGGTGTCTACGGTCTAACACTGGCAACCGGACGCTATTGTGAAGGATAGGCAGGTCGGTGCCTGGCCACTTGCTTGTTCTGATACCGGTTAGGCTCGGTTGACGCCTTTGTTACATGCCTATGAGGATACCGCCAAAGTCGCTGTTTTCATGCCTACAATATAGTATTCTACACTCGGCTCGCGACGATTCTCGCACTCTAGTCCAGTCGCGGGGGATGTGCCGCACCGCATGAGCTCGTTTACTTGCCTCTGGATCAAGGAAATCCGAAACCTTTGCCTTTCTGGGTTAGGGGAGAGTGTATTAATGTGGCAGGCTTGACATGTAGAGAGTCCCTGTAGGTTTTCTAACGGCGCATTCTACGATGAAGCGCCATCGTTACAAGGCCGAGAGTGACGTATGCTTAGTAGTGTAGGAGCGCATTCTAAAGGGATATTCGCCAAGATTAGTATCGTCCTAACTTACTTGCAGCCCACACTAGGTGCTCCTGTCCTGAATTAGGATTGATAAAGGAATGTCCACCATCATCCCTATTGCGCAGAACTGGCGCGTAATTCGAAATGGGACTCAACCGCCATAGCATCAACGTTGGGGGATGGTTATGAATCTCGCAATCCCATGCTAGACTCGCGTGGACCTTTCGATTTGCAGGACAAGTGGTTCAAAGACAGAGTTAATCGCCTCACTTCGCATGTACGGGCAGGACCATCATAAAGTCGTTGGTACTATC,1122,49.91,Mus musculus
SEQ_573881,GGCTACTGGAAGCTCTAAAGCATGGGTATTCCAGTAACACTCGCACATGAATTTGCCGTGGGGCAGTAGGTACCGCGTCGGACGGGTAAATTTCGCCATAAGCATGTAGGCCAGAGGTTTATGTGCAGGCTCCAGTTAACAAGAGAAGTGTATTATGAATCTGTTTCGACTAATATTGCCAGCTCGAGTGACGCGAGTATTTCGGCAAGATCTGATGGTGGGCGATGTACACAAGCATGACATTGCCTCAACTTGTAGGCAAGTTGGCCGCCTTCTTGTACATACAACCACTTCGCTGCATGTGGTTGAGCTGTCCCTTTTCGATC,326,48.77,Homo sapiens
SEQ_376896,GGTCACGGGCCGTAGGTAGTGGACGTATTGTCGGGCTGGCGGGCTATGTACAGCCTAACTAAAGGGCCATTTGCGGTCTCCGAGGGACGCCGGCTAGGCTATGAGTTACTCGATTTTGGCAAATAAATGGATATGGTGGCTCGCGTTGGGGTCAGAAGGTTGCACTTACTACCGGCGGTCATGATAGGACAGGTCAGGTGAGTCCGGAGATCGAAAATCTCGGTGATAGGTACAGAGGATTGGCGCGGACGTGGGCTCCCCTATCCTTTAGTGTCGAACAGCCACAGCCGACCGATAAGCTTATCGATACGATGGAATTTCGAGCCCATAACGGACAAGCGTATAATGGTATGAGGAGCTTCCATCACGTCGACGAAACCACTAAAGACCTGTTCCGGGGTTTTCCCTATCGACTTACCGAAGCCGAAGTTAAATTTGTTACTCGCAAGCTGTATCGTGATGCGATGAGACTCTGCGCACGTTGGTTCCCAGACTCATGTCAGCTAGAGCCACTAAACACGGCCTACAAGGGGGTTTTGCGCACGGGTTCGACCATGACTACGACGACCCTTTTAAAGTAACCAACCGACAGTACTGGCTTATAGGATCAGTCAGATTGATGCACATCGACATTCGAGCTCTGATTATATGCCATACTCGACAGTCTGGGTTTGGCCTGCGCGTGTGCAGGGTTATGTAGCGGCGGGCCACTGACACTGGTCTGCTCGCCCTCAGCTACAAGATAGCCTGAGGCGGCTCCTTTATCAGTCACTAAGACTCTAACCGGGGAGCTAGGGTTCATAGTAATCACTGTGAGCATAATGCGGTCTATCGCCGATACTTCAGGGACTCTGGAATCGCTACGTTCAGAAATTCGTAAAGCATGGTAAGACAATCTAGAATCAAATCATTTGACTCTTACAAGGCACGTAGCCCGCCTGTGGGGGAACCAGACGGTATTTCGAAGTGTTGTTTGGGTCCAAGTATACCCTTAAGAAGTAGCCGGTTCTTCTAGGCCATGGTCCCTAAGGGCGGACAAAACCTTATTGCT,1051,51.19,Mus musculus
SEQ_917575,TGTGTGGAGTTTACAACGGTCCACGAAGGGACCCGTACTAATGTAAAGCGAAACCACCGTGAGGTATGCCAAAAGCCCACACAAGGTATTCATATTAAAGACTATAAGATTTGCTCATTCTTAAGAGGACTAGACCTACGTCTGTGTGCGGCGGATTGAGGACGACACATTTGGCTATGAATATGATTCCAGCGATTTCCGGTATAAGTCTGTCGTGTGCTGCACTGCTTAGACGTTTAGATTTTATATGCCAAGATTCCAGCCTGTATTGGGTGGTGTAGTTATGACTATTTCTCGATAGTAGTTAGTCGGTAAAAGGGGGAATTTGTCACAAAGCAATCCGTGGGTTCCTTACTACTGAGTAGTTAGTTTGGGCCCTACCTACCTAGCTATTGTTCTTTCTTATCACTGGTCAGATGGGGTTTCACGGGGCCAGTCCATAGTAAGTCCAGATATGATTATAAATCCGGTTCTTACCCCAAGACCCGACTAGCCCACACAGGCCAGCCCTACTCCGCCTGCGTAATACCTTATCGACCCTGCAAGCTCTAGCGAAGGTATCAATAATTTCACGGTCGTCAATCCACCAACAGAAGCGAGCACAGGAGGCGTCCCTGGCCGTAGTAATTATCGATAAAAGACTTTTCGATCCAACAAGCTCGATTCGTCGGAGCTTATCCCCGGAAATAGGGCAGGCTGGCCCTCCCCACTATTTCAAGACAGGCTCGCGTCGTTATTAGTACAGAACGATTGAGATGGTGACCTCGATACACCTTGTTGCAGCGAGGGATGGATTTACTCGCCAGACTAAGAAGCTCGACCATACCGGTAGGGTTTTGTCACAGGTAGCCGGGGACGCGTGTGTAATGTCACTCGGTGTGTTCAAGCCTGAAACATTATTTTTTCCCAGGCTCGGTTCATCAACCAGACAACCTAAGAACGCTACCGCCTTCAGACTAATATCCGAAACGCATGCTGGTCCCATAGACAATGAAGCGTCGACTAGCGTGACCTGGCATATTAGAGAGCACTCCCGCGGCTTGACGGGGATCGATAAGGCGTTGATCTCGTTCTAGCATGCCGTGGTAGTTTGGGGAGGCTGGGTGATGCAATGTCAAGGGTGTTTATAACTACATTTGGGGAACGAGACTATTATGCTGGACGAAGAGGATAATAGATAAAACCTAGTCTGGTACTGTCACTACACAGAGACACATTCGATCGATTACAGTGGATTGCGTCACCAACAAACTTAACGTCGGAGGGATACTGCACGTTGGTCGCACAAGTAACGTAACAAGTCACGGATAAAGACTGTGAGCAACACTTCGAATCCAGCATGTAATGTGGGGGAGGCCGACTCAGCAGCGCAAATGTTGTAGGCACTCACCAACGGTGGCGACACCTTGGTCGCCGTATTATTGTTACCGAACTGTATGCCGTCACCAGGCAGCGATCTCTAAGATTACATAGGCCTTTGCCTAATTGTCAAAAGCGATGATTACTTATACATCTACTATTGACTTTGTCGAGGACGCCGGCGGTTAGGAACGCTCGGGCTACCCCCTGTGGACTTCTAGCTACAGTTGTTCGGTATTTCTCCTGTCTAACATTCCATCAATGGCTTCAGTCGACATGTAAGGGGTAGAGACTAACAGCCGGAATTAACCACTGGGAATTCATAGCTCCGTTATCCCAAATGTATTGGCTGAGGGGAGCTCTCGAAATCTGTTGCGCTGCTGGCTTAGCTCCGACTCGGGTCTAGCCGACTTACTTATAGTCCCTACTGGCATCGGTCCTCGTT,1804,48.45,Homo sapiens
SEQ_390386,TCCCTGCACGATGCTGTGCCGAGCGTTTTTTACCCGTCCACCCTTGTAGAGATTCCGTAATAATTGCACGTGAGGATGTCGCGCGACCGTCGAAAGATCGACACGAAATCAAAGGACGCGGTTTTGGGCAAATCTCGCCGGATTCAGGTCTGGCTGACGGAGCCTGTCACTAGCGCCATGATGGTAAATTGCTTGCGACTACCCGTCAGTTTTTACATAAGGGCCGATCCCCAACCCCCCCTACCCACATTATAGGTGAG,260,53.46,Mus musculus
SEQ_703698,AGCAATAGCAATCTACTCAAACAAGAAGTTATGCCCGCGAGATCAGCTGCCCCGCTGGTTAGCCGAGGCGCCCGCTTCGCACCAGTTGCTCCAACTCATCATGGCAAAAAGTCGTCCCACTTTATCGCGCAAGAGAAGCAATGCCTCGCTTTCACGCATGCCTATTGGCCCCCGCCGAAAGGTAGAGCCGCCATTTCTCATTCTCGCGAAAGAAACCTCGAGCGATCAGCGTCAGCTGGCTACGATTGTAGTAACCCTCGCATTCAGTATTTACCACTGAGAAAGGTTTGAGAATGACTCATTATCAGACCCGGCAGTATTCACGTGTCAGT,332,51.81,Arabidopsis thaliana
SEQ_697493,AGGCCTCATTATGTACATATACTGTGCTGTGCAACCTTATGATCGGTGTTAAGATTCGCAAATACCAAGATCCAAGGGCTTGACTATCATCGAAATCAAAAAGATTACGTTGCGCACGTTGCGGCACGATTTACGCGTGTCTTCGTACACAGAACGGTAGCCTTACAAATCGCGATAAAGCGAATCTTACATGGAACAGACACACCTGTCTACTATACCATTGATAGTAACTGATTAACGTCAGCTTTACGCAATACATGTGCTTGATAGTCAATGGTGATCGATATATTACAATAGACGATCGCGCTCTTTAACAGGAATTGTTTATCGATTATAGAGGGGGGTTTGGTAGTGAGACCATTTACAAATTCGAAACTTAAATGAGTTGCGGGCGAGCGTCTTTGTCAACACAACAAGCTCAAACCTTTCCGCGGGTCTAGGCTACCACACGACACTCAGGTCGGGGCTGGAGGATGCTGGTTGGTATCAATCCCCCTCAATTGCTACGGCGCCGTGTCAGTTAAACGGACCGCTCCTAAATCCGTCAAACGAGTACGTAGGAACTGATGGTTTATTTTTGAACTCAGAGAGTACAGCAAGCTATCGCACGCGGCAAGTCTAGCACCTGCGGTATTAGTGCGGTCTACATATATTTTGTAAGGCATGTCTCAGTTGGCCATGAGGACTGCCACTCGAACATTTCGCATTAAAACTACCGATTCAATAGAGTCGGTCTGCCGACAGTGTATGTGGACCGCGACCGAGCGAGCTGTCAGAAGATCATTCTGCTGGGAATCCATAACGATCGACAAGAGAGCAGCAACCCTGTTTTGGCTAGTATTGGGCCATATCTTGGATGAGTGCTTCTCGAGTATTCTATAAGCTCGTTCCAGCACCACTTCTATATTAAGGCGCTACCGATAAGCCGTCATGATTAGCCAGCGATCTTGGATTCGTCCATTACCATCTTACAACTCCGGACCTGTGGTTCACGTGTAGACCGGATGGGCTTCGACTAAATCGACGGATGATCCTCGTCTCCATAAGGCGTAAGGAGCAGAAGACAATAATCTCGACATGGCACTGAAAAATCATCCAGGCACGTATTAATGGCTCTCTCAGGAGCTATCTTGTCTAGATTCCCGTACTCACGACCACGAATTATAGGTCTTGCTATCTTACCGCGTGTACTCTGCACTATCTGACCTTATTATAAGCCCACGGGTAGCTAACGCATGCGTGGTTAGTCGCGTACCACGCAGCGTTCTTCGCCGAGTCCGGAGTCGCCCGGTAAAGACCACTTAGTGGAAGTGTCACTCTCGAATTTATTTCTTTTACTCGTGCCCAGCATCCCCCGGAAGGGCCGTTGTCTTGACCTGCGTTGGTCGTATATTGTTGAGCCAGCT,1406,47.44,Arabidopsis thaliana
SEQ_587117,CCAACCCCATTTGGCAGTATAATATCTGGGTGTGACCTGGCTGAGCTCTCGATAAGGGGCCTTCTGCTATTCATGCGTGCTTCCGTGTATCCAGTAGTGTTAGAAGAGAGAAAACCCCCCGTGCATAAGGCTGAAATCAGGACGATTACTACAGGCTTCCGGCGGCTCAATAGACGCCCCACATATGGCGTAATGATAGAAACCACGTATCTCATGTGGCAGATGTGGTTACGTCAATTATAACCATTCTCGCTGTACGGGACTGTGCGGCCTGGACCCGGATTCGACTTACTTCATCGTACTCTAAACATCATGAGAGAATACTATGCGTCTTAATTTGCCTGGTCTACATCGCCTAGATCTAGAGGCTCGAATGACTGCACAGAATGCGGAGGCCATGAGCCCTATTGGGAGTACAGCTATTTAAGGCTTTTTGAAACCAGGGGACTATGCGTGAGTTTCACCGCTCTTATCTTAAGGGCCGTTATGACGTCAGCACTAGGGTCGCAACGATACTTTCTCGGATGGCCGGTTCAAACATAAAATTAGCGGGAAGACTGCAACCAGAGATTTTTGCACGGCGCAGAGCTGTCCCGACAAAATTCCAGCTTTGCCGTCTTGCCGATTAGAATGAACGCTGGCCCGACATCCTCTTAAAGTACCCGTCTGTTGTAACGCAGTGAAATGTTCGTTTCCATCTCCCGCCTACTGATGACGCATGCATCACGTCGGAACTTGACGTAGTCGTAGAAGTGTCGAACCGCTGCCGATGAACCTCTGGAACCACGCCCGCGGCGAACGCAGACTGCTCTAAGTCAGGCCTACCAGGCAATGATGGTATGCCCCTTTCACCACCTGAACTTCAGACGATGCACTGGGTCGGAGTGAAGCTCAGCTCTCATAGGTTAGAGTTAGAGTCATGATCTCACGACTGATGTCCTGCATCAGGTAGCTCCGACGCTTTCAGAACGGGGGCCGTCCAATTTTGTTGATCGTGGCTTGCGGTGTTGACCGAATGAATTTGGATTGGTAAGTTATAACTAGCCGGACTGCGACCGACCATAGAGGATTGAGACCCACAAAGACACTGGAGATAACGTTCCCAGAAACAATTACTCAGCGCGCTTCAAGATCCACTGGCTTGGGCGTGTTCCGAGCCGGTTATGATCCGTGCCTCATTCGACGCTTCATGGATCGGGGATTCTGCCATTGCTGATGAAGAACCAAGGACCCGCCCCTTGGAACGATGCTGGGTCGAACGGGTGAATGCTGACTACCACAATACGTATGGGTAACACCTCCAAGCGACTTAGCGGGGAAAACGGGTCAACTGGGCACGGAGGAGCGTGGACTTTATAGCCAGGGGT,1367,51.35,Homo sapiens
SEQ_901770,GCCGCTTGTGTGCCACAGTAGCGAGTATATCTCATTGTGGAACAGAATCTCACAGAATCCCGGAATAGACCCTTGTCTGCTAGCACACTCATCGAAACCAGCCGGCTGTTATGGTGCTAATCAACAGGAACAAAGATGCGGTACTAGACTAATGAACTCGGAATGTTGACGCTCATCGAGGGGACCCCCAAGCTAATGATTTTTAGTACCGGGGGAGGTTCTTCCCATGGGCAATGTCCTCGCGGCGCCATCTTGAGGTCAGTCAATCTAGACCGTTCTCATCCCGCTACGAATGGTAGAGGTTGCACAGTGTCGCGCCTGCGATTCAAAGTAAATCGACACCGGGGCGTTTCGTGTCCACTGAGCTTGCTACCGAGTACCTCCCAAGGGATGCAGAGGCTAACGTTTGAATGAGGTTCTGCTAGGATCGGGCTCCTGTGTGGCAATACTCCTCGCTGAAGAGTAGTCAGGGTGATATTCGAAGGATTGGCTCGTCTTGTCCAACCTAATAGCGTACCAGTAATGCCTAGCTCTTCTCGTTGTCCCGTTTATGCTTGCCTAACATTTCTATCGAGCTAGACTAAGACGGAGCGTAGGGGGAACGTGTAATCCTTATTATATTTGGTCCTATAAAGGAGGGTTTTTAGAGGGCGGATCTTGATTGGGGCGTAAGGTAGGCCGGCCCACTGTGGTGCTAAGGTCTCGACGACCCACTCTTGGAGCCGGATTATACTGCTAGCTTTAGGTCTCAGGCATAAGCGGGGTGGACCTTCGGTTAGTCAGCGCTTAGGCTTCCGAAGGCACCCACACTCTATGTTAAGAAGCAACGTAGGTACGCTTAGACTAATAATATGTGTGGTCACGTTTGTCGATGCATTAAAACCGGTTCTACGCCCGTAAGGCCATGCTCTCGGGAGTAGCCCGTTAAACTAGTCGTATCTCTGTTCGATGTCGCCTGATAGATTCGACTACCGACTTACGTGGTCGTACCAGCAGCCATACTTGGCTCTGGAGAGACGGTCCCAATTTTCTGCTTGTGGTTGTGCATGGGGTGTCGTCTCGAGAAAAGGAATAACTCGTGTGACCCGTATGCGGTGCCCTTCCCCGTCGATCTCGCTGCTTCGTCCGGCAGAAGGATGGCATGCTGGCAGGGGCGTCTTGGATAACAACAGAGTCACTCCGCTGTACATCATGGCTTCGAGGTCTTGGGTTGCGAGAGTAACAGGATCGCAAGTCACACTTCCAACCTTTTATCGGGTATTATGAACGATAAACGTAATAATCCTTCAGCGCACTGGATTTATGTATTACTCATGCACACAAAAGATTCTCATGTACCAGTCGCTTCCGTCCAGGGATCGGTCAGGCTTTGCCGCATTAGGATTGAAGTACACCTACCAGATTACGCGACGAATGCGGTGGTTACTACAGTCCGATTGCAGTGACTCACTCGGACGGTATGGGGACGTATGACCCCCCGTCCCTAGTGGACTGCAGCTTCCCATACGCCATAGACTACTACGGCGACAAAACATTATCCGAGAGTGTATAACTACACCCTCACGTGAGGCTTGGGCTGACAGGGTCAATACACTGAGCTCTCTGTAGAACTTTGGTTTAAAGCTAATGTTTCCGATGCGATCATGGTCTGGCGTATGAATGTTATGCAGGGGGGTGAGACGCACCGGTAAGAAACTTCCTCTCCCTAAACGGTAGTGCCACTTGCGCCCAAAAGTGAATGAATGAACAGCGGATGTCTGCCGGCGCTACCCGTGATGATTCTTATCCATCGTGAATAACCGCCGTCGTAGGGTTCTCTTATAGGCCTAAGGTTTAGAAAATTTGGACAGCCTGGACACCTACACGGATGAAGCTCCACATCCGTCACGTATGAGCCGGCCATTAAAGATCGAGCCAAAGGTTCGCGATGTATTCGTCATACAACTGACGTAATGAGGGCGGAGATATTGACCCGATAGCGTCTGCCAAGG,1991,50.78,Caenorhabditis elegans
SEQ_198410,ACGCACCAAGTAGTTGTTCACAACAAATTGTCGATTAGACTTTACAACCGTACAAGAGATACGGAGGAGAGGAAGGAGCTTTGCCGGACTTTTGCATATCCTACCGGAATAGCTGCCTGAAAAGAGCAACAGTTGTATTATGGTGCCTAATTCATCGATGTCCTGCCGCACTTCACGAACTGACGAGTATTGTCAAACAAAAATCACGGGCAGAAGGGACTAGTGCAGAAAACCCTTTCACGTTTACTTTTAAACGCGGGTTTTTGACGTGGCAATACCAACCTC,285,44.91,Drosophila melanogaster
SEQ_297809,CGCCAGCAACAAACTTTGAAAAACTGAAACTTGCATTCACCAGCCATGGCTCCAGTCCCTCTAGTCTTGCATGTTTTGACCCAGGGCTAACTAGACGTTGTAACATTTGGGTTTTCACCAGAAATGTTTAAGCGGCGAGTCCTCATCACCTACATTTCCGGCTTTGGGAACGTGAGGCCTGGACCATGATCTACGATCAGTCGGACCGGAGCTCGAACTATCACTAGTGGTCTGGACCAATGGATAATCCG,251,49.0,Mus musculus
SEQ_493012,AGCGACCTCTTGGATGCTCGCGTGATAGGGGTAAGGGGGGCCTAGGCCGGAATTGCGGCGCTTTGGTCGCTTCGTATCGCATTCGGGTAAAGGTCAAAGGCATTACTTGTTATTGAACTGTGTAGTAACGTCATATCGAATTCCCCTCACACATACTCATCAGAGCCCGGTTCTGTGTGAGCGGCACAATGGGGGTCGAGGTCGCTAGCTCCCACCGGGCCTTGGGTCTACTTGTGGTCTCTTTCGCCGCTGGCAGCTAAGCTATTTTCATCGCTAGAAACTAAGGAATTTAACTCTGCCTGTTAGCGGTAGGGAATCAAACTACTACGGTCACTCAAGGGGACTCCAGTTGGTATCGACAGTCATAATTGCCCGGTGTCACCCGTAGGTCGCTCCAGCCTTCCGTGCACTACTATTGGTGGTATTATTTAACCCGTGGAATCGTGGTTACATCCCGTATTCCAATTGAATCTAAGACGGAGGATCGTCGTACTTCCGCGGCGCTGGCCCCTCCTGGTTTCACAACTCTGACGTCGTATGCCACATAAGCGAGGCGGCCACGTAGACCATACTCGGAAAGGTTCATGTCTGGCGAATTAATGGTGAACACAACAATTTACCAACTTCTATTAGTACCCAGCACGCACTCTCAAAGCTCCCGGCTCCAATTCTACTCATGCGGGATTCCTATGCGTCGGGGACGGATGATAATACCTTCCTACGGCAAGCCGATTGACGAG,740,51.89,Escherichia coli
SEQ_132519,TCTCTGTTACTCAATACGGACACTGCGCGACCCTATAACTTAGGGACGTAATTGAAATCACTATCACCCCACAGACAGGTACCCAACATCAATTACGTGTGGCCGATAAGCCTCCGGATACAATCACTCGGCCAAATGTTTTTCTGCT,148,46.62,Drosophila melanogaster
SEQ_602650,CGCTAGGGAGCTTTTGTGCGCGAGTCCTGCATTTGTTATTCTTGCATGAAGAAATCACATTCGGATCTTGTGAGGAACAATGCGCTTTCGAAACTTCCCAATATCACCTCACTTGGCGCGTTACCTGAGGGCTGCGCATCACTCGCAGGACCCAGCAGTAAGGCACCTAAGTCATTCGGGAAATTGTGGATGCAGGAGACAACGGCATCGATCATATCTGCACCCACACATGCGTGGGCTAGTACGTCTGTCATTAGATTGAACGTGGGTCTGACCACGCTCCAACCGCTTCCTGTAGCTCACCATGCAGTCTTGCCCTTATCCCAACCTAAGAGGGTATCACTCATGCGTATAGACCCTCGCCGGTAAGCATGACAACACAGGAGCCCCGGCCACACGTACCCTGTTATTTGAGGGTTCTCACAGAGCACAGAATGTTTCTCTGGTCTTCACTTGGGTCAGTTTCTGTAGTATGACTATCATAGGTCGGGCAACCTTCATTACGGAACCGATCATCTGCAGCGGTAAAAGAAAGAAATTTCCCGCGGGTGCCTCTAGATCAATTTTCCCCCCGCTACATTGATGTAGAGAAACACTGAAATCGACCTCGTCTGCATCGTTAATAATACACTGAGTTACGGATTTCTTCACTTTGCCAAGTGTGTTAGCCGAAAGGTAGGACATAAAAGCCGCCTGTGACAGTGCCCAACAGGGTAAAAGATATGCAATTCAGCGATCTACATGTCACTTCGACAAGTATATTTCCGAGCAGGTGAATACCTTCCTATGTTTGGATATGCGGTACCCGGATAGCTTAGAAAGTTAGGCCCTGACGGGAAGTCTAACCGTTAACCCGCCACTTCTGTCATCCAGAAGTGGAGAGTATGAATGGGGGTGTGCGAATGCTTATCGTTCCCGTTCCCCGCAGATATACTCGTAATGAGTATTTCGCCTGGCCTCCTGGACGAATGGCGAGTTGGTTAGCTATAATAACGGAATGTTGTGTTCCAGTGGCGTAGGGTGAACATATGTTGCGAACCTGTTTTGTGCCTTTATAACAGTACCACGTCACATAGTACACCGGCAGTTCTGCACCGATGCTATGGCACGCCGTCTCAAGACTCCCCTGATTCGCTCACAATCGATGAACAACTGGGAATGGACAACCTATCGCAAGCCTTACTGAATACCAGCCAGCTCATATGTGGTAGGAAAATGCTTGTGGCTCGCCTTCCTATCTAGCT,1244,48.95,Arabidopsis thaliana
SEQ_837990,GGCTTTTAATGAAACGTGTACGCATACACGCAAAGCGCATGCACAACATGGTAATGGCTAGGATTACATCCATTGTCCTCAAGCCGGGACCAGTCAGATCAGTGACAATTGACAACAAGAGCCTACGTGGGTGATGTTCTGGCCTTGAGGCAAAAGGATTGCTAGCTGCAAGCTTAACCTTAGTAATTGGAACACCGGGCGCAAATTGGTAGTCCGTGTAGCCACTACCGCAATCATTGCGAACACAGTACTAGAAGTTACCGGAACTTGTAAATTACCACCCGCGGCTTCATTGGACGAATATAGGGGAGTGTGAACCCCCGGTGTTATTTGGTTTTCAAAGCAAAGCAATAATGCCAATTGAGGGTTCGTCCGATCAATCGATCATGAGCGTTAGGTCATGTCAGTTGTACCTAAGGTAATATCTCGTACCACTCGGTCACCGGGATCGTACTCGCACCAGTGTACCGTTCTATTTAGCACGCGCCAGAATTAGGTATGTGCACCCGCTCCCTGGACGCTCGTAAAGGTTTGTGCATCTGGCTGGCATGGTTAAGGGATGAGGAACCGATGAGTTGAGGTCGGCAAGACGTGTGTACAATACGCAGACCCTAATTCCAGGTG,624,48.88,Escherichia coli
SEQ_557681,GGCGACAATGGTCACACCGCACCAGCTGTTCGTAAGTCTCACAGTAGAGAACTGCCCAGCAAGTAGCCAAATTACACGTCAAGTAGTTCACTGTTGTCCGAGTTATTAACCAGTAAGGAGGGGACTAACAGTGCAGTATCCCTGAGGCTTTGTTTAGGTGTAAATTGCACACAGCTAGTGAAC,183,47.54,Mus musculus
SEQ_741149,GTAATGGGATTGCTGCTCTAGCTCTTTTATCTACGAGTCACTCGAGCCTCCGGCAGAGATTATTGGAACTCCATCGAATTCCCACCTACAGACACACTAGTTTTGTCAGTACCATGAGTATGCGGCGTGGCTGCCATCTCCGGGTTGCCAGCTTTTGGGAGATCTTTATAGAGACGCAGTGATAGACGTAACAAGTACACGGTCCACCAAACACCCAGTAGTTACACTGGGTTTCCGATAGAGCTTGCCGTTAACCAAAGAGCGACACATACTGGGGATCGTGCATGCTACAGTCAGTCGCACTTGTCATGCGCAGAGTCCCTTTTCAGCTGTAATGTTAATACCACCCCCGCCGGTCAAGCAGACGACCACCCTTAGTGAGGAACACCCTTATGGATCCGACGAGTACACACACCCCAAGTCACCTCTGAAGCATGACAGCAAATTTTCACTGTCGGCGCTCCTGCATAAACGAACACGCACGCCCGTAAACTGTCACCCGTAGACATGACTGTGGTCTCCGATACTTGCCCCATCATGTACACTTCGTGCCGCGCAGAGGTTTCCCGCGAAAACACTCAGGGTGATTCCCCTAGATATATGTGTGGTGAATAGAACCCAAGATCGTCCTCAGCCGGCGGCAACTCTACAATACTACATAGTCTCCACATCCTACGATGCTTTCAATCCCCTCCGACGTCTGGTGGGATATCTTGTCATCACATACCGATTGAACCATTCTGAAATGGCGCTTTCTCATATCATGGTAGACAGTATATATGCTTCGTCCCCAGTCACAGCAGGCAGTGGTCACGGTTGCTACAGCGTTGGGGTGTGCCGTACAATCCTGCTCCTTTAAGTCGAGACTCGGTGTCTGCGCGAACCTAACAGACACGTGATCAACAGGTAGAAGGCCGCAATAATGGAATCGAAGGGCATAACCCCGTTATTGGCACGCCCGACCCGATTTTACTTTCGTGCTAATTGAGGTTAAGTCGCTCCCGGCTGCCTACCCAACACTGGCAGGAGGCCGTTCGCGCAATTCGAGCAGTCGTAACACGCC,1063,51.55,Escherichia coli
SEQ_441475,GTGATCGGACTGCTCCGGCAATTCCTTCGTAATATGATCGGCGTATGTCATTAAGCCGGCTCGCGAACTCTCCAAGCTTGAAGCTACGACTATTATTGGGATAGCTACCGCATGTCAAGTAGGGGTCCCGAGAGCTTCGAGTAGGCACTTAGGGCCAATCTAAATCCTCCCAAGTATGGGAGGCACTAGCCACGATGCCTAATTGTGCCTCTGTGCTATAGTTTTGCGATTCACTTGCGTATCCCTGTAGAGCGAAACTACTCAAACTCTAGATCCGCCTATCGGTTATTCCAAGTGCTAAAAGGGTTTGAACGCACGAACAGTACCCCCGGTTCTACCACGACTTCTGTCCCACACGCGTTCGCCTGACGGCCATGGTGATAGGTGGATCGAAACGGGGTGTACATATTCCAAGACTACAGGTTGCAGGTCGACTCCTGAATTTTGACTATATGAGGCTCAACCTAGCAATCCAAACTACTATTGAGAAGTCGGGAGTCAACCCAGTCGCCATATTGTCGCGTCCAAAGCTCCCACTGGATCTGATCCGTCGCACATAGTATATACCCCGGAAAGACACCCGACCTGATACGCAGCAAGAATGACACGTTGATGGCTGACGCTGTTGGCATCACCACTCCTCAAATCACGAACGTTGATATATTAGGCACGGGCCCGGCCTGTTAGCCTAGGCCGCACGACATATGCATGTCTCAATTATGGCGAGTAGAATGGAGGACTCACCACTCGCCTAGGAGACCCTCATAGGTCGCTCACAAAACGTGCAACCTCACAACGCCGTATAAGCTCACAAGGTCTAACGCACAACGTTTCAACCTGGAGTTGTGATCAGCCGAGAAAGCTAGCACAAACGGGCAGGGAGAGATGATTCCTGAACTTGGGCGCACGTCAGCGCGGAACGGTGTGTAATAACCGAGGGGTTCGTTCGGATTAGGCCACAGTACATAGAATTGGGAGCTCAAAAAACCGTTGCCGCTACTTCGGAAGGCCGTTAGCCCAATTAATTGGGTTTAGAGTTCTCATTCAAAGGCCAACCTTGCTACCCTGAACCTCGCCGGGGCATTTATAAGATGGTAAGAAGATGTCGACATAGCCTTCTCAGAAGATGTTTGCACCAGCCATACCCGGAGCATACCCTATTAATCCGTGTGAGCTTAACCTACGAGACCCCGAAAGTGAATTAAGGCCACAAATGACTGTACGACCGGCAAATAAGCCTCCACCATGATTTTCGTCGAAAGGCACACCCATTCACACGGAGGGGGGGCCCCTCTTTCGGCTTCTCTTAAGGTGGAAGCCTACCACACGACTTAATGGCACGCCGGCTATTAAAGACACGGTGTAGGATAGCATCGGCGAAAGCATTGAGATCTCATATGCCGGTTGTGGAGTAACGGACGCGACCTCAAGCTTCCTTCTACTCTCGCTAACCCCATCGGCGAAATGTTTGTGAGCCGCGCGTCCGCAAGGTACCTACTTGTAGTTTCTTTGGGGTGGACGAACATCATCCCTTTACGCGTTAGACGCGCAGGAAACGAACGCACTATTTTAGTGTTTGAATCCCACCGTTACCTCTTCTAAGGCAGCATGGACAACGCGGCAGACTTCGACCC,1634,51.1,Caenorhabditis elegans
SEQ_245899,TAGGGTCTCACGTTACTCGGATTAAAACCTGATACACCGCTAAATGTAGTACCCCGCCCCCGATTCAACAGAGGGATTGCTCCGTTGAAGTCACCCAGGGCCCACGCGGTTCGCGG,116,56.03,Caenorhabditis elegans
SEQ_855777,TATTATAACACATGGCTGTGTCTTACTCCGTAGGGAATTTGCCTGAACTGTCATAAATGTGAGACATGATAGATACGTGTAAGTCAGCTCTCAGCCACGTCAGCCTCAGTGACGGTGTTTGCTCATTGATCTCATAATAACGTTCGTGTCTACCCCCCTGTAGA,164,44.51,Caenorhabditis elegans
SEQ_794712,GTGAGCATTAACCCATCTCGGTGTGGGTGGCAATTCATTCTAGCCAGTTATGTGGAAGATATAGATGAGGTCTCGGCTTGCGTGTCTTCAGAACTTTAAACAGACTCGATGAGTCTGCGTATCTTGATAGTTCAATCCGCACAAGCGGTTTATCATCGAAATAGTGCCCCTGCCAGAATAAGACCATCAAGCCTGGCCGGAACACGCCGACCTACACTATTTGATCCACGACCCACAACTGGATTTATTCGACGGTCGGTAATAAACTCAC,271,47.23,Drosophila melanogaster
SEQ_832704,AATAGGCCTAGGATACTATTGTAGCCACTCGCCAATGTAAACAGGTACTCGGCTGAGCAATCAACTCAGGTCCGTAGTTTTCTCAATATTCTTTTTGGGCCCCAGGAGCATCCGGTCTTGTACGGGGACGCGACGACATTTCTTCTGGACTACATACGTTGCTGCAGAGACGGCCATTCGCAAATGTCGCAATTTCGACTCCAACGATATCAACCCTGGGTCAGTTGGAGCGCATGCAAGCGTCACGTCACTGGCCTGTACGACAAAACTCTTAGCGCGAACTAACACTTCGTCTCCACCGGCTGTGCGAATATGAAAAGAGATTCGTGTTGCACTCCTAGCGCGTCTGCTTTACAGATCCAAATGACCAAGTAATGAGCGAGCGAGTATTCGACTTTAAGTGCGAATGGACCGCTAGATCATGGTTAATTTAGATCCTGGGGCACACGTGGGGAGCACGTGGTCACCGTACATCGTAACTCCTCTACTGATACTCATTTTGGACGTAGTAACTATTATATCGGATTCGGATTCGGCCGAAAACTGAACTGCACTCAACCGATACAGATTATCAAGAGTTCTGAATCAATCCCTTAATTTTACCATTGTCAAGTCACACCAGACCGCATACCACTTTCGCGGGTTCATAACCGCTAAGGCGTAACACATTA,671,47.69,Homo sapiens
SEQ_725744,TATCCACACATGCGTTCCGACAATTCGAGAGACTCAGCACAGCGGGAGCCCCTGTATATGGGAACTCACTAGATGAGGGCTGTGATATGCGTGTTTAGACAATTCGGTCAAGGTCGTTTGTTCACTGGATTCGGAGTTGTTTACCACTAATCGCGCGTGCATAAAACGTACGGTGAAGAAGATAACAGTTCGTATACACATTCGACGTTCTTCAAAAGGAAGGGTCGACAACAGCTAGGGAGGGGTTTATGTTGTCATCTAGGGATCACGGCGCAACGAGCCGCACATGTGGTGGAGAACTCATGCTCTGCGGAACTCTTATACCCTGTGTAGAGAAATCTCCATCAAAAGGTCCCCTAGATGTAGGACCATCTACCGACTCGATCGTATAGCAATAAACGTTGAATCGATTGTAGTTGCTTACTTACGGCAACGGATTCATTTGGCGTCAGTAAATTTTAGTAAAGACCCGATTATCACGTCGGGTGGGATCACTATAGGGCTACAAACAGACCCTGCCACTAGCGGAGCAATGACACCGCGCCAGCATGCATTTGAGGTCCCGAGCACTCTTCGAAGTTTCGGATACCTTCGACTGCGTTCGCCCAACTAACAATCAGTTTTTCCCCCCCGTAGTTTACAGGGAGGACAATTGTATCTATAGTAGTACTCCGCAATAGGAGCGGAGTGTAGCACCATGGTTCCCCTCTGTCAACTGAGGCTAACCTAAGCGCGGCGTGAGATTAGCTGAACCGGGATAGTTTCTCTCAACCCTTCAAAGGTGACGATTCTAAATGACTGGATTTGCAGGAAGAAAACTGTTCATCGGCCGTCAATTGACATATTCATAAGACTCCCCTAGTGTATCCCCTACCTCTGAAGATTCCGTAAACTTGCGTCGGCCGATCAGAAAGATAGTGGGATCAGTGTATAATGAAACTAATAATGCATTTGGTAGCAGACCGGACTATTGAAGTTACCGAAAG,986,47.36,Drosophila melanogaster
SEQ_490725,ATCGCTGGAACCGTCACCCAGTACGAGGTTCATGCGTTTTTGAACCGATTTGTGACCAGATCCGTTTTAACAAGGTCCGTCCAGAAGCTAGGGCTTGCATAACCTAGTAGCCAGGGTATGGTATCGCTGCCCAGAACCATCCGCATAACAATAGAAACAGCCCTGACCCTTCATCATCATTGTATGACCGGGTTGTTCCTCCGAGATCCCGCGATACTTCGTATACAGCAGTAAGAATCCATCTAGACATAAGCCAGCGGCACTACCTTAAAGATTTACCCGACTAGATCTCTTCTATGAGTATAATCGTTGACCAGTGAGTATGCGTCAATTAATTCGAGTTAGGCTACTGTACTGGATCCGGAGTCTCCTGTAATCTCGCGAGGCTTAGTAACCTACGAGCGATCAAGCCAGCCCCGGGCTCACAAATATTTAAGGCGTGGATCGATACCGAGTTGACTTTCCGGTACCCCCTTTACGGCTATTGGTCACGACCTCGGTGTAGTCTTGGAACATCGGTGCTTCGCGTTACATTGGC,538,49.07,Drosophila melanogaster
SEQ_376044,TCGGGAGTACCTCCTTGTAAGCATGATAACTCGGCAATAGCAACTAAGCTGGTGTGCCCACTCTAAGGGGGAACAGATTGAGTCCGAGTTTTAGCTCCTTGCTGACGCCTGAGCCCGATCGACGAGACGGACCATATGCGAACTGTGTCTCGCGACCGCGTGGACGATCATAAAAAAGGGGGCCTCAATGTTACCGCCGGGCCGTTTGAACTAGAATCAATTCCATATTTTGCCAAGCCTGGTGGGAATTCGTGACATAGCAAATCACCCGCAATGAATGTGCATACACGCACAGGTAGCTTGGGCTTGTTAAATAAATACGAGTATCGGCACTCCAGACTCAACGTAAGCGGCCGGGACCGCTGGCGTGGCGACATCACTGCACGGTGGATGCGATGAGCTCAGTAGCATTATAGATGCATAGAGGTTGTCTAGCGAAGGAACGATCCGAATTCTTAGACTCGCCTAGGGGTTCCTACGAAAAGTTCCCCATGGTTAGTCTTCCTGAGGCTCTCTTAAGACGTAAGTGAAGAAGTCTGTGCCAAGTCACGTGGCGCAATAGTGGTTGTCCCGATAACTTTTTGCAAGGGAGTGACTATTTGATGTCGAATGAGATGAGCACTGAGTGACTCCGTTGAGAGTGGACACGATGATCCTTGAGCATGACGGCGCAAGCGTGGGGCATGGGCCCGTCCCGGCATTGATTAGCCAATTGCTATGAAGCGGTCCGTAGGGTCTTCTTTTATGATCCTTTCTGGGAGCCGGTACGCGGTGATATATGAGGGCAATGGAGAGCCCACTAAGCCGTGTGACGCAAGTGTCCTGATCCTAGGCGTCACGCCACCCCATGTGGGAATGCGAATATCCTGGTGTGTGAAGTTCTAAGGATAGACAAACCCAGCTATGAGGCGATTATGAAAGAATCTCTAGATGTACTTGTGTTAACCTTGGCGCCAATAGGTGGCTCTTTTACAGTCGCGTCTGCAGGCTGTATTACATGCTACGTGAAAGACTTAATCTGAACAATAGCGCCTGATCCCAATCACTTTTAAGGGTACTTCTTAAGGATCCCTTAGCGCATCAGCGAACCATGGATATGTTATTCGTCGTTCAGCAAGTCCACACAGTCAGTTTGCTTCCATACAGGTGGTGAAGTCGT,1159,50.13,Saccharomyces cerevisiae
SEQ_480764,GCATCTAGCCTGTACCCGCCTGTATATTTAGTAGGAGGCGTATCAATCTAATACATCTACTTCTTGATGGAGGTTGAATGGAGTTGTGGGAGGATACGGACCTGACAGAATGATTTACTCGCCATTACCTCCTACTAACTGTGCGCCATATATCCATTAGTATTTTATCTTTATAATCACGTGGCTGCGGTGCCAAATGTTTCATTATAGACGTTCGGACTTGTTCGGCATCACTAAGTGAAGATTAGTCTCGATCCGAAGCCGCACCATAACTTCCGCATAAGCCCCGCACCCGTCCAATCAAAGTACATCGTACTGGGTGCTCGTGACTTACCGCCAAGGACCAACGACAACCTGGGGAGGCGCATGCACTTGCATGGAGATACCGGCCAGCCATATCCGCGTCAGAAGTTATAAGTTCAACACTACCCTAATATGACAATAGTCGTTGATGCCTTCTACGCACCGAAAACCTCAAGGCGGCGTGCAAAAACCAGCTCCCCGCTCTCATGCGGGCCGCTTAATAACGACAAGAGTATGACTAGTATATAGACGCTACTAACCGTGCTCGACTCTTTGCTCGTTAGGGGTTCGTCGTTTGGTGCCGGAAGCGTACTCTAGAGGGAAACAAATCACCGGTGGGCTAAGGAGATAGTGAACCACTGATAAACGATTCGTAAGGGAAGGAAACGATATGTAACAACCAGTCGGAGTCGCGGCGTTATTGTATACTGCCATCCAAAATACTCTCTGGTAATCGGCAGAGAGGAACACTTCGTGTCGGAGGGATGGGGGCAAAACGAATCCGCTGAACCTGTCCCACGCAGAGGACAGGTCCGTTACCCCGACTATTCGGGAAGTATCATGAGGACAGTCAATCCGTAGAAGCGGGTCGCGGGCCTCCACTTGAGCGCGCCCAAGAATGAGGTCATCATATAAGGCCCCAATCGCGGCCTCGCGACCGTGGAAATACTGCACCATTCCTGCTGTCCCCACGCCATGTGCCAGGCCGCGTAAAACATGACCACATAATTGGGGACCCGGACAGACTGCCTCTATCCTCAGCAAGGTGGTCCTAGTGATGCACATTTAAGAGTGGGCTATTTTCTGAAATCTTCCTCAGGAGCGGTTGAGATTAACCCTTTCACCTAAAGAATGTAGTCGCGTTTTGAGGGTGGTCCTCCTCTGTAATCCCTAGCTCAGTCGGTTCATCATTTGAATTGATGAGTATGGAGTTTCACGTAGAGCATGACTAACAGGCAGGAGGTGTGATGGGATG,1279,50.04,Caenorhabditis elegans
SEQ_651523,TACTTACCGGTATACTCCATTCCAGAGGACTGTCCACGCATCACCCTTGTGCCGATGGATTTGCGGAATGGTCTGTGGAGGGACACACCCCACGCATTATCTATAGCGCCATCACAACTACCGTACGCGAATGATAGGGTA,141,51.77,Mus musculus
SEQ_991897,TTCCCTTAAAGACTAGCGGATTAATGTAAGTCTTCCCACAACGCGAAGGCGACGGCTTGGGCATCTTTACTCAAATTCATTCGTCATATCCAAACGTCACTCGTGTTTGCAGAAACGGAAACGTCTTTGGGTTAGATCTTCGGTTATCACGGTCTGTTCCTACGGTTTACTCAGCTCCCTTATTGGTGCGAGAATTGTGTACGAAGATTACTGATAAAGAAGTCGCAAGCCATGAGACTGCAAGGTTCTAGAAAATCCGAGTCTCAACCTGCAATAGCTCGCGTCACGTGGGGTCTGACTTTATAATAATGGTCAGAGTGCTAGCGCAAGTGTGCGATATGGCCTCGCAAGCCGTCGTGTAGGTCCGGGGTATTAGCAGTACAACATGCCCGCATGCCCCGATGCTTTACGATGTCATGGCCGCCAGCCAGTAGAATTCTCTTTCTCCGTACCGATGATGTTCATTGTGTAGATAGCTCGTTCCCTGCGCCGAGGGCCCCTAATCCTGTACGCCCTGACAATGAAACGTAGCCCTGGAAGCATTACAGCAGTTGTACGGGTGCCGAGTCTCACTCCAGCTATCAAGCGAACTCATCTAGTAGACATATTACGATGGAACCATAGAAGTAATTAGGCAGGGGTTATCTAGGTTCGACAAACTCGAGTCCACATAAGTAGACGGGTACCGCCCTCCTGGG,698,49.28,Homo sapiens
SEQ_780168,TTAACTCGAGTGGTGCTTACCCGCCACCGATACATTTTCACTCGAGCCTGAGACGGAAGGATAACGATCCGACGTGGCATTACTGAGGACGAAACGTCTTCGTTTGCTATCAAAGAGAGCCCGAAAGGCAGCCGCGACACCACTTGCGTGTTCGGCATGAACCCTTTGGATAAACGAAAGTAGGTGGGATCTCACGAATGTATGATCCAGTTCTCAGACAGTGAGACTCGGGGGCTAAGAGGCACAATGAAATGAGGGTATGACACACGGTGCAA,275,50.91,Homo sapiens
SEQ_525167,GCACCTGAAGATGTGCCAATGCCAACCCGAAATTGGAGGAGAAAACCAGTCTAGTTAGCTAGCCCAGGGTTCAGCTTCCAATGACAGCCAATGAACGGGCGGTTACTTCGGGCAGGTGTAGTCTCTTGCACTCGACGGACCGCACCTATAAGAACCCACCCGAGACGATCTGGACTTAAATTAACTTGGTGATGAATGGGAAAAGGTACCAGGCTCTACTCCCCCCCCTCGAGTTCAATTTAAGTCGACTAACGAAACCTCGGACTGAGATAGACAAATTTCTCACCCATACTAATA,297,49.16,Homo sapiens
SEQ_194159,ACTCCTGCAAATCATAGCTCGGAGCAAAGCCCGTATGTCTTAAACTTCTACCGCGCGGGCAGGGACCTGGCCGACAGACATGGGGATAGACCTGTAATGTCACGTTGTGTTGGTAGGCCTAGACACAGGCTTTTACGCCCGCATGCGCAACACTACCTAGTCTCCTATTGGTGGATCCCATAGAAAGAGAGCCCGAAGTGGGCAAGTCAGAGTAAACGGTTTCTGATGAGTATAGCCCAAAGTCTCTACGACCTAAGACCAGCGTGTCCGCAACGGCTAGGCAGAAATTAGGCCTTGGTCAGGCTACTAAAAAACGAAGACGTAGATACTTCTTAAGTCACCTGATCATCCCCTTAGCGGTACCGGGGCACAATCTAGCATTGCCCTTAGTAGGAGGGGCTAGCCCGTTAAGAGTACAACGCGGTTTTGGTTGTTGCCAACAAACGTCCCTAAATAAATGAAACCCGTAAGGCCAGTGGGCAACTATTTTCAGTTATTAGTAGGTTTATCTCTACTATTACCTACAAGGGTCTTGTACGTAAGACACCAGTTTACCTCGAGAATTCGGCAATATTTATAACTTTGCGCTTTCTGCGCCACCACCGTAACATGGGCACCCTAATGATACAAGTACGGGTATAGGGTGCGAGCAGTTGTCGCTCTACGGCACACTCTTGCCAATTATGAACTGCGCTGAATGTGTAGTTATACTCTACGAGACATACCAGTAATGAGACCTACAGATTGGTCGGAAGATGAATAGTCCACTTAACAACATAATGCGCATTGGTATGGAGCGTCGT,803,47.95,Escherichia coli
SEQ_466652,GGGCTTCCGCTTCTAACAGTGATAAGAAAATCGGCAGTTCTTAGACGGGATATCCTTGATTGGAGCCCCGTATTTTGTTACTGCCGTACGGCACCCGTAGCACTCCTCGCGCCTGTGTTAGTGCGTCCCGGATAAACAATGACAGTGCATTTAATACCATGAGACGCCAGTGATTATATGTCATTTTACCTGAGAGTGCTCTCAAACGGGACTCAGTAGTAAGTTAAACGTACAAGTCTGGCACCTCTCTGTTATCAGATAGGAAACTCAAGTTGTTGTGCAGTGTATAAGATACGTCAGCGGGTGTCGCGCGCCGCACACATACGTCAGACTTGCCACAGTGTGCATCAAAATTAAAACCTGGACGCATTCCAGATGATGAAAAGCGTCCACACAGTTATGTGCTATTTCATGGACCAGGATTGTAAGTCCGGGATAATTCGATTCCTCATGCTCGCCTAAAAAGGCCTTACTTCCCGTTAATAGTGGCAAAGCTTTGATACGAAAGGGGTCCATCTCTTCTTTATCACCAGCAGAGCTACGAGGATGCGCGATCAAAAGCGGCTGCACGACAACAATACGCCAGTGGACACCGTCCCGTGCTCGCGATCACCGATTCCGGGCGCCACCGCAGGTCCAGCCCCTTTGCTGACCCTGGCCGGTTATGTAGTAGGGTGGTTCTGGCGTATTTGCCGCGTATCTGTGGTCACATGAACATTTCGTAGCGGCCCTACCCAGATATGAACAACTTCGTTTGAGTTCGCGTTGAGAGTGTCATTTACCGCTAGATCCAAGAGAGAGAACGATGGGTACTCTATGCGCCTTGGCAATGTAGCGAAGTACAACCGCCTGATGAACCAACGCTTCTACTTACATAATCAAATCGCGCAATATTCCTGTTTGCCGTCGGCAATATTAATTAGTCGCAGGTCTTCTCCTACC,942,49.15,Drosophila melanogaster
SEQ_233224,ATCCGTGAAAGGCGCAAACCCCCCTCCATTTGAATGACACGCACGTGAATATCCAATAGTACAAACCTCCGGCGAACTGAATCGCATAGGAGCAGCCACCCATCTCCCCTCCGGTATAGTTATTGTTGGTAGATACAAGAGAAAATACCCTAAAGGTATCCTATAGAGTAGTCATTGTTTGATGTCGTATTACTCTTTCAGGGTCATGGTGAAGACTGTAGCAGACGTTGTTTCTTGGGTATTGGTCCTAAGTTTTGAGACGGCGGGGAGTCAGTTCGCCTGTTATAAAAAGTGAAAACAATACCTACCCTATAAATTTTTTCTGAAAGTCGTAGATATACTAAACATGCCTAGATACGGGGTATGCATGTCAACGACGGGGTAGAAAGGGAGCTCACTGTTCGTGAGACCTTTAAATGGGACTCCTAAGCTGTTAAATCTCCGGCTCTGTCGAACAGTCACAAACAGAATCTTAGCCGGTGTACCGCCTACCATACTCTATGGCATCGTACGCTTAGTGTAACCGCACCGTGCACGACGTGAAATCTCTCCCCAATTTCAACTAACAGTCGCAGCATTGATGCACGATTTTATACCCGTTTTAACGTCGATAGATGGACCGCGAGAAGATCGGTACTAGAAAGTCGA,648,45.37,Saccharomyces cerevisiae
SEQ_543243,TTGGACAGGACACAGCGGGTTATGACGCGCTGGAACGGTACAGACTACCCTGAGGCAGGGTGGAGTGTTTGGGGCTGTAATGCGACCCCTGGCCGCCAACCATGTCTTCCTCCGATCACGCGCTTGTATTAAGCCTCACGGGCCCAAGAAAGCATGAAAGTATAAATGAATAGAGGCGGCTGTCGGGACTGGATGCGACCCGAGGCTGGGTGGGTTCGTTAAGGCTTGTGTCCCTCCAGGTGTCATTGCTTGTCTAGTTGCGGTACATAATCATCCATCCCTTACGTAGGAGATGGGGCAGGGCCTTTAAGCCAAAAGACCCCGTTACGAGTTCTTTCGAGAATGCCTTGGCTCATCAGCGAGTAGCCCCATGGCTGTTTGGCCCGAGGATAATACCCGCGTGTGAGTTCAAGTTTAAAACACCGTTGGTAGGGCGGACCTGGGAACCGCGATGCCCACGGTCATATATTGGGTAACGCCTGCGCAAACAGATACTAGCGCCGGCCAAGCGCCTGGGACGTTTCTACCAGGTAGGTAGTCTATCCGAGGGGCGACGTACCGGTGGTATGTTTCAATCTTGCAGGGCACGTGCGGGCTTCTAATACATAATACGGATGGCGTGGTGTCGATTGACTAGCCTCGGAATTTTTGATATCCGTCCAGCACACCACGCCTGACCGCGACCGGCTATTGAATAACCAGTCCTCTGGATTACGGCTTGGCTCTTTCCGACTGAGGATCCCATATGGTTATTGTCAGTCCCTCAGGTTTTTCGAGTTCTATCTGTCTTACCTGCAGAGGATTCCGGCTGATGGGCAGTCCCGCCAGGTCTAGAGACGTGCGTTCTAATTACTAACGCCTGCATCCCGATATTCGTCAATTGAACTACCTGAGTGGATGCGTTACCGCACGCTGCCGCGACATGGTGTTCGAGGACAAAGGCTGCTTTCTTCAGTTTGGACTGTTTGACAGTCATGAAACTGTTATACTACTCCAGAAGTGTAATACCTCGC,1013,53.21,Homo sapiens
SEQ_883939,AATGGCAGCGCTTCTTAGCAGAGTTCTCGGAGTTCGGGAACCATGTTCCGTACCCGATCTCGAACCTCTCGCCCACTCAAACAAGACATGCTGCGTAGGACATTGATGAGGTTAGGTAGCTTGCCGTCGATAGGCCACCCTATCTGCCCTTTCGGACTCATACTCATTACCAAGCTCGTTTAGGTTCCTATGTGAGATGGTGCCCCCTCTGAGGGATCCCCTAACACTGCGGGAATGTTCGCAAACAGCGCAGACTCGTTGTTAATTGAGTTCATTAACACTTGCGTCATTTGGAAATAGGGGTGACTAGGTCAAAGGATTTGGACGAGGCAGATGTTTTGACAGAGGTACGTCTAGCGTCCCAGAAAAAGAATCTCGATTCTGGCCGAGGGTCTACTGTCCACCAACAGCATTTAGTCAGCGAGGCTGTCAAGAGACCACTGAGGCTTCTCACCCACCAGAAAGGCTTGGAAGAAGTGAAGAGTACGCACCAATCACAAGGTTCGAATTTCGTCAACTAGATAACCTTAACGTCAACGGATCCGAGATACAAGGGCGCCACTACTTTCTTGGACTTTCGAGCCCATTATGGCAAACATCCCATAACCCGTGGATGAGGAGACGGTGCAAAGCGTCCTCACAGGTCCTACTATAACTGTATCCGGGTGTGTTTGTCGCAATGAAGTAGTAGTTGGGCTCCTCTCATAACCAAACGAACACGGAGTTCTGGGCTCGGCTGCTATGCCAGTCGAGGAGAGACCCGGTCTATATTAATTCACCTATAATCAGGTACCCGGGGACCGTACTGAGCTTAGGTGGGCGATGCGATGGCCAATTTCGCAGAGGAAGGATACCCACTTTTGCGACTCA,870,50.46,Saccharomyces cerevisiae
SEQ_266938,ATTATGTATAGCAAGCTGTACAGGCTTAAAACTGCCACCATTTGGCTTCTCTATGTGGGGCTGAGCATGCCTGATAGTTATACTGACGGGACGTTCGAACCAAACCGAATGTGTAATAATCAGATTTGAATCCGTTCTCGGGCGACACACTTGGTGAGTGGGGCTGCGTTACCTATACAAGCCTTTGAATATCATAAGATATACGGCTAGACCAGGCTCAGTCAAAGAGAGATAAGCGAGCCTCGCTACTACCATGGGAGCATGCGATGTCACGGCTAGTTTTTTGCCCAGGCTAAGGTCGTTTAAGGAGTCCCCCGATTGGACTAAGAGATCAGCCATCCACACAACAGATACTTGACCACAATATTCGGGGGTTTTGTATGCGGACTATAACAATTTGTGGATGCGTGAGTATTACAGAAGTTTCCAAATTAGCGTCGTTGACGAGGGCTATAGAGTGAAAAGGGAAGGGGATCACTGGTCACATTATTTCGAACAGGTTTGATCCTCAGCATCCGTTACACGGCACGTAACTCACCTAACACAAGACCGAGATCCACTCGAGGCAACGAGGCGAATTTCTTGGCCTACCTAAGTATAAAAACGCTCATCGCGGAGTAGCCGAACAGCGAAGCCTCGCAAGTACCCTAAGCCGACGCCCCGTGCCTTCGAGTATACAAAAAGTTGAATAGTCACCTCTGGGGCTTACTGTGAGCGATAAAGACGCCACATGATGCGTCCATGACGCATCCGTCATCGTAGTCCGAGTTCGTCTTCGAGTATGGTTGGTACCCGAAATCTGTTAAAAGTTGCCTGCCCTAGTGCCTTAGTAGATGTGTCAATTCTGCAGAGTTTCTATTAATGGAGCTCCGCGTAAAACAGTTCGTTTCAGTAGGCAGCCCATATATGCAGCACATACTGGGGCAGTTCACTAGTTTAATTGTTTGGCTCTGCTATTTAATCATATAATAGCTGCCCGTAGAAGTAGAAAGATCACCCCATAAGAAGGAGAAGTCCAGATTACAGGGCCGGAAACTTCCAGTCGATTACTGAACAGGACAACAACTCGTGGGAATTGCGGGGTCAAGAGTGATCCGT,1098,47.27,Homo sapiens
SEQ_780686,TTTGTCGACAGGAACCATTATAAAAGTAACCCCTGATCGATTTGATTAGCCAATAGCCTCGTCAAAGGGCCCCTGTTCTGCGCAGGCCCATCACTGTGCGCCGGTCTTCGCGCGGCTACGAGAAACGCGGCTGTGCAGAAAGATATATCCGAGCTGGCCGTCGTCCAGTCCTAGTACGCTCCCTGACGGGGTTGTCTCACGGCCATAACCACTCAGGGGCCCAAGTTTGGACCTGGCATAAACACAGGAATGCTTGAAGACGAGAGTGTTCCGACATGCCGGGGGCCAGGAAAACGGCGTGATTCATATTATTGAGCCTCGGAACGTCTGCCCTCAAACGGTCGTCCGATTGAATACCGCCGTCGATCGTAGCTCTGGGTAATCGGGTTGTTACTTTAGAGACTAGCTTGTTCTTCGGACACTTCTAAGCAAAGGGGTTTCGCGCTCGAGTATTATGGGAGCGGAATTGATGGCCCTCCCAGTCACCGCGAAACACCAGATCAAATATATGATATATTCACTAGCCTAAGCAGACGCAAAGGGGAGCGATGTCCAAAAAAACAGCACCCGGGCAGTTAGAGCTCAAATATACCATGTAGGTCATATCGAAGATTTATTACATCGAATACCTTCTCCGGAGCCCATACGCGAAGCAAAACGATTGTATGCGGTGATCGGTAGTGGGTTGCTTGTCCCACGCTAGAGGTTATGAGGCAAACTAC,722,51.25,Drosophila melanogaster
SEQ_811973,GCCTGGACTAAACAAGCGGTAACGGTTTATCTCTCTTGAGATAATTGTGGAGGGCCCTCGGGAGAAAAAAGCTACAAGACTATAGGGGATCTAGATAATGATTAGGGAGAT,111,44.14,Arabidopsis thaliana
SEQ_959462,GCGGGGTACTCATAGGCATGAGTTTGTGCGTATAATGTTGAACAGCATGCTGCGCTTCTATAAAGTAACGGCCGCTATGGAAGCCTAACGCTTGATCTCACCATTGAGTATAAGGGAACCGATCTGATATGCTCAGCGGCTGTCTCGTCAACCGAAGAATCGGACATCGTGGGGAAGTGGAAGAGTGGATAAC,193,49.22,Mus musculus
SEQ_381224,AGTGCATGAAGGACAAGACGGCGTGCCCTTGGTATTTCTATATGCGAGTCGGGTACGATACCATGTAACCAGTTATACCGGCCAGTGTTACGCTCAGACCTTATGCTGGGTTAGGGGGAATGTCTAAGACCGGCCACATCCGCGTATACTAAAAATCCATGTGATTGTCCAAAATTCGTTGCGTTACTCGGAGATCCCATTACCTTGTTTAGTTTCCTAGACTTACCTGAGAACCCATTTTTTCGTATCAATTTCTAAGTCGACTGACAAAATACGTCAATCCGCTCAATGTCAGGGGTCCCGGGACGAGTGGTAGGGGCCATTTGTCAGCGCAGG,336,47.92,Escherichia coli
SEQ_137000,TTCGGCGCATTGGTCTTTCAGCCACTCAATACGCAACTCGAGGTTCGATATATTGGGTTATGTCGAACTCTGACTTGCTTTCCCGGGATGACACGAGGAACCAGTCACATAACCATACGCTGCAGTCTCAATCCGTTAACGTACGGGGCGCAAGGGCCTCCCTCTTTCGCTGTCATTACGTTACCCAACGGACTGTTGATGTTCATACTGAGACGTTCTGAGCATCGTCCGACAGATTCGCAAGACCGTGTCTCGGGGTTCGAATCGTAGTCCTGTAACTCCTGACTTGTTCGGTATGGATACCTAACCTGATTATCTCGTTGCCCGGAATGTCTCCAAGCTTTGCCAGCGTTAAGCGCTATTGCAAGCTAGATGGGAGTAGGCGAACTAGGTCAGGAATCGATCAGCAGCCTTTTAGCCGCACTGTTACCGCACCGAGGTCGACGGTGGACTGTTGTTGGAGACAGATGTAAGAGGGGGGGACCCCGGCAAATCGTACATCGCAACTCACAACGCAACCTAACCCAAGTGTGCTGCATTGTGTTTCCTTAGAGCCTATTGCTCGCGAACAAGCTGCTTGGTGGGACTCGAACACCAACCAACTTCGCGCAAAAAGCCTTCAAACGGTCCTAAACTTAATAGCCAGATATGCACTCGCGTTGCAGTGAACTTGCCCGAATGGCGGCATTACCCTCCACGACTCGCGTTATATTTCTTTTCTTGACCTGAGAGGTATCTTGCGGCCGGCAGTCTCCAGGGACTGCAGGAACTAGAGGGCGAGCCAGACATGGCACCACACTTCTTAGAACTTGGAGCACCAAATAGGATGGGATTCCTTTTGGGCCTTGGTTGTTGGACAGTGCACAGAGAAGATAACGAATTGCCTAGACTAGACAAATCAAAGGGGGTCTATTCCGCTATACCTGTGACCTATAATGCTGACTTGCAATATTTCTTATATCGAAGGCCTGTTTAGTCCCACGTACATTTTCAGAGCGCAGCAGGCCGTCCAGAACGGAACCTCAAGCTTAGCCTAATGCGTACTACAACATTACTACCATGGGTAATGCGCACCCAGTAAGGAACTGTCGATAGTTCCTGTTGCCTCGAGTAGCCATTAGCGGATGTGCATACGTCCCTATGATCCCTACCTTAGTGCGCCTTCTTGCTTATCTTCTGTCAATGGAAACTGCGTATACAGTTAGATAGTTCGAAATTAGCCTGCACCGATTGATCTTATCGACCAAGGTAATTTGGTCGACGTGAGAAACACCCACACGGCTTCTTCGTGTCTCTCTAGTTATCCGGTTAGGTATTGACGTGCGCCGCTGAATGTCAATACTGGTCTCGCGATTTCGCAGGATACGGGTAGTCTCTTGTTAGAAAGTGCACGGCGTAAGACTCACCCGGCTCCCCACAATTTCGGTTTCACACGATGTTTTTATCATGTCCAGAACCTATAGTTTTACACCAAGGCCGTTTTGCGCTCGTATACATGGTACTATATAAGGCTACCATGAGCTTTCTGGCGTAACAGGATCCGATTGAGTCTGGCGGAGTAAGATACTTTGTGCGGATTACCCTCTCTGCAGCGTTTAGTAAGCAGTTTTCGCTTATCATAAGGACGTTTATCACGATGGACTGTCGGGCATATATCGTCATCCGGAACCATTTTGGGGGCTCATGCAAGGGGAATGAGTGGAGGGCGGCCATTCAGCAGCACTTCCGTTTTTCTCCCAATGACCACTGCGTGACATTAGAGAGGGTGAGTGTTCAGGCGTGACGTACGATAGTACCCGGAAG,1803,49.64,Saccharomyces cerevisiae
SEQ_332878,TCCAGTTAATCATGACAATGTACAGTGAGGAAGAGCTTGCCGCCGGGGCGGTTCCTAAACCGACCCAAGACTCCGAGGATCCCTATAGGGAACAACGGCCACGGCCTCTAAGCTGGTTCAGCCATTGCCGTATGGTTTGCAGTAAGCATTACAAGCCGCGTGGCTCAACCCGTACTCAGGGGCCACAATACCTCTTATTCGTCTAGGAATGGAAGTCGGAATAAAATCACCCTTAATTCTTTAAAAATAAGAAAAGAAGAGGAGAGCCCCAGACATATGTCCTTATTTAGTGCACTTAGACCATCGAAAACGATAGATCTTACTGCAATAGAGAGCATCTCCCCGCATTAGTTTGGGACTACGGGCGGGACAGGTCCATTGTGTTTGGATAATAACTGAGTCGGCCTGAGCAGCTGCTGAAGATGCCATGCTGACCCCCAAGCCCAACATTCAGGCGCGATTGATCAATGTTGAATGAGCTACCTACGGACTACAAGTGTTGTCTAGTTTTGCATCGGAGGTTTACACTGAGCCTGTGCTCAAACGGGTCTCGACAATGCAAATGTTTTCGGACACGCTACACAAGACAGACGAGCTAATGGGAGGCGCCCCGTGACCGTATCCTCCCGACGACACATCTTCGTGTCCCGTCACAGTTTCTATGAAACGCGATGGTAGACTTGCGGCGAAATGCGACCACGTCGACGATCCGATCATCTGGGCGGTTATTCTGCCCGAGCCACCCCGCCGCCGAGCATAAGTATAGGCTCCATTAGTAAACTATGCGACGGTATGCCGTTAATGCGCTACACTGCAACTGCGCAAGAGCTTCAGTCTCTTCGTGAAGCTGTTGAGAGCCCGGCTCTTTCGCACGGAAACGATGAATGTACGGGAGACTTTGGGTAGACCTACCCTCTGGCGGAGCGATTCTATGACTTCCGCGGTCCGGACTGGACCGCGGTCGATAGCACAGCGTTAAAAAGACAATTATAGTGCAGCGCTAATAGAACGAGTGCATAGATCATGGACGGCAGACCCGGATGCCAGTCGGCAACTCGAAGCCTTCGATCATTTAAGTGCCTATCGTGCAAAACGATCGTCCCCATCTCAGTTGTATGGAACAAATAAA,1129,50.93,Escherichia coli
SEQ_360496,GTTCCGCCTAAGATAGGGCCCAAATTTCAATGCGTCAGGCAAAACAGTTCCTCAGGACACCGATCGATGAGAGACATTATACCTGATTAGCACTTCATGTGACATTGTTGCCACCGGTTTACTACAAACAGGCGGATAAGAGAATGTCACCTCCCGTTCGGTCACTTGTTCCATCGGTGCGCCACTGTCGAGTAGCCGTAGGGAGGCTATTGAAAGTCGCACCGGGAAGGGAACGGCGGCCAACTTAAGATACCGTTTTTCTGGCAGGGTTCAAGTGAGCCTGAATTGCATTTTGAGTCCTCAGGCACGCCCTATGCGACAAGGGTAAAAAAAACTACGCCCCGCGCTTATCTGGAATCCCGGTTTCCCTTGGTGCTTTCCAACTCATAGAGGGTATTTTTGACACTAGACTTTAGTATACAAGCTCCTATACCCGATACATTAACCACTCGGCGGACGATTGCTAGTTGTTGGCCTGCCTGTCACACGGTCAATTCCTCGACGAATACGAATGAGTCCGGTCGGGGTCGCCTGGCCATAGTAGCGTTGCACTCGCCGCTGGGCAAATGCTTCAGCTATCATGCGGACTGTATCGTTTTCCTGTATCACTTGGTGCCAAAAGAATCGAACCAAGAACACTTCTGACTTCTTATACTACTTACTACCGATTTTACCAGGCAGTCAACATTTTTAGAACCCGCCTGCCCTATTATATTCGCATCGAAACTAAATTGGAAACAATTGTACGGTAAACAGGCCATCTCTAGCAGAGCATGCTCCGTGCTTGCACATGTGTGACGTGGTGGAGTTCTGAAATGTTATGGAAGCCGTAACAAAAAATGTCTTCCCTAAAAAATCTGGCCTCCCCAAGATGCCTCTGGAATTATACCTACCAGTCTGTCGTGCTATGGACTGTCATATCGGACGTGCCGGTTCGAATAATAATTACCTGTACTCTCCCCAGGGCGGCTCATGCGTGAGTGATCTTCTCAGGCCTCCTGTCAAGTACGTTGTATTCCTATTCCACCCTGGTTAATGCGGTCCGCGTCAGCGGTCTCAAAGCATGTCACTCCGATGGCCCGTCCCGCCGCTATACGATCCTTCCAGCGTGCATTGCTCATTTCCCCTCGACACGCGGATCCTGCACGTTACTGTTTAAAGCACCTCATATCTGACGAGGTGAGCTCGATGTGAGTAATCGTCTAGATCAGCTGCCTAGAGGCCCCTGCATATTGCGGGTCACGTTTAAATAAAGCAGCTCTCCATGTCCGGCGGAACGTAATACTCCACATTGTCTCTGCCGTTGTTACTGATTACGCTTTGACAAAAGTTCCGAACCATTAGACGGACGGAATCGGTTACGGCTAGAGCCCTATGGTTGAAACAAGACAACTCAGCCAACCTATCTTATCTTACACACGTAGTTAGTTTCGCCCAGGACTGCTATCGTGTCATTACCTGGACTATCACCCAAGGAGTGACGTACGTCACGCTCCCCAAGTTATAGAAATACATATGCTTCCTAGACACGGCAAGAC,1538,49.15,Saccharomyces cerevisiae
SEQ_728807,TACGCTGTACATCAGTCCCGAACGGAGCGAAGCTAACCGGGAGAATGTCACAGCATAAAACTAGCTTCAAGCGCCACTACGTCGCTTCCTATGTATATGGTGCACTTAATTCCATTTTAAGGCCAGGTTAATATATTTCTGCCATCGTCACGTGCGCTTTTGGGTCGTATACAGTGCCACAGATCTTATACTGCTTGATCCAACTCTTTTCCTACCTGTGTAATCCAGCTGGCTGTAATACTTGCTCTGCGGAAGGTACGCAAGTTAAGTAACCGCCTAGGGCGTTTTAGGGGACTTCATGCCCATCCTTGTTGTGTATCTAATAGCCCAATACGTACAATTAGCACGTCACGAATGAAGCTCGAAACGGGACGGGTTTAGGTGTTACGCCCAATCACCAGTTCCCCTGCCAAGATGACCGTTGATCCTGAAAGCAATCATACGTTACCAGGCGCCCATGTCTTTGTACATGGAAGAGCTTGTAGGGTCATGCTATTCACTAATGGAGAGTACAAGGTAAGACCCCATCGCTGAGTCGACCATGATGATCCCTGCTATCCATCTGAGAGCTGGCGGAAATTGTTCTACCTTCTGACTTCTGCGCGATCTGCCGGATGCCGCATTTGTCAAGGAGCTGCCATTACTGACAGACCCAACGCGCCGTATGAAAAAGAACGTGCACACGACCAAGTTCCGCAGGCGCACCCTCAATTGGAGGGAACTTCTGGTGAGTGTACGTAATAGTATCACACAACTCTCCAACGCGTGCACTTAGAGCGCTTTTTCGTCTTGTGCTAATGGAACGATGGGCCGCTCGATCATTTGGTTGCATGGACCGGTACAAAGAACACAAGCTCCCACGCGTCTCGCGTCACATAATTAATTCGTGACGGAATGGACTAAATCGTCTTACAATACCGTGAGAAGCGGGGTCGCAATACGCCAGGCACCTTTCGGATTCGTGCCTACTCTGTGGGGGCCGCAGTTTCAAGTTCCTGACTGCTACCAATCGAAAGCACGCGTGTTTGGATTCCGTGATCGAATCTTGGCCCTCAGC,1057,49.76,Mus musculus
SEQ_259409,TATATCCTCATACGACGCTGAAACAATCGTGCCAATCCCAGACGTATTATATGGTAGAGGCAGACCCGACCGCACTTTCTTGCTCTGGGTCTAGTCTAACTACGGGAGAAATTTAGCCAAATCGCGCCTGCCAGAAAGAAGCCAATGATGTCCCGCGGCCCCACTACACCTGGGACTACGTTTCCAAGCTCTGTCGTTACGTCATAGGGTACTACACTAGATGAAAAAAAGTTAGTCGCAAGACTGCGCCCTTTACAGCTGTATCGAAGTTAAGCGTAAGTAGTGATTAGTAACATGCGAGCCGGCTCTTTAAGCGGTGGGGCCATATCCCTGTGCAGCGACGGCTCGATTGGAACTTTTATTTGGCCCCAGCATTGACTCTCCTGACACGTAGGGATGCGCTGAGTCTTTACGAACGACTACTTAGCAGAGCAGGCAGCGCTCGCGTGTCGAGAAGGTTTAAATCAGGGACAACCCTAAAAACAACCGATGGCCCCAGATGATTAGACTCCGCGGCCAATACAGTAGAGATTCCATTCCGATTGTGCGGGGATATTTATAGTTGGAAAGGGTAACAATGACACCGCCACTATCTGCTGCGGGTGACTAAGAGAATGATGTGATCAGCGGCTCTTACAAGTTTTTTACTATTGCGATTCAGGACGCCTCCTCGCGCTATACTCGTAACTGCAATTTTTTTGCGTACAGATACACATCCTAAGGGTGATATCGTCTGCTCAGGGCAAATGAGCGCCCTAGCTTTCTTACCCCTCTACCAGTGGAGGACGTCGGTTACCTCCCTAAAGACACATATGTTCCTAAGCAACGTGTCGGTGCCTGGTTTGAGCCGACCTAACCACCACCCCTCCCCTACGTATCTGAGGGTTTAAATCGACTGGCAGACTAATACGAGCAGTCGTTATTTATCACAACAATCCAGCGGGCAGGCAGCCTAAGTGATTCGTATAGGCCGAAGGTTACACGCTCAGGTCGAATCCACAGGCTTACGTGATTACTAGACTGTGTCGCTGT,1032,49.61,Escherichia coli
SEQ_668522,GCCGAACCTTGCACAAAATGCAGAAGAATTTATTTGCTGCTGTCCTTCGTTAGATTGCTTACAGCCTACACTTGTGGGAGCCGGCCCTGCCCAGCCCCAGACTCGGTTCGAGCAGGCGCCCGGGCTAATCTAAAAGGGTGATGCTGATTCAATAAGTTACGTTAAGAGTGATAATACGCGCCCAGTGACTCGTGTGCCAGATGATATAATGGCTCTCGACCCAGGAAGGCTACCCGTCGCAGACTATTCATACGGTTCATACCAATCAAAGGCGCTCGGTGTGGGCCCTGTCAGATTTATCAGCCTAGCACTGTTTTAGTGTATCATGGCGTCGCTCGTTATATGAGAGCCTTCACTGTAACGGATGAGGGCGATTTGATCGTCCGGCGCGCAGAACAAAAAATGAGCGAGTCTGCGTCTAAGAAACGGCACCCACTATACAAACCGCATTTTAATTGTAATGTATATAGAAGTGTACCCCGATGAGGGTCTTTCAACTAGAAAACAACTATAACGAGCCGAGACGTTGCCTACTCATATGTATCCCAGAGAAGCTGTCAGAGTGAGGGGTTAGTCCCACTGTGTCACACGTGATAGAGTACGAGCACGCAGCTCCGCCGTAGTTGAACGCCTCAATTATGTGAATAGGAACGAAGCCTAT,661,49.17,Caenorhabditis elegans
SEQ_767182,TGGATCCATGGTCCACTGAGCTTGATCCTATACAGGCACTTCGGCAGGAGCAGTCGAATTTACATTCTAGATCGGCTCTTACCCCCTTTTCCACTTAAACTGGCGTGGTGTAAATCGGGGCGCGTCAAGTTGTCAGCCCGTTCCTAGGAGGCCTCCGCCTATAACAGCATCCATCAAACACAAGTGCAGCTCGCTTCGTCTTACATTACAGCTGAGACTAGCCGTGCTAGGGCATGGTTTAGAATCAGGTAGGTATGAGTCTACTCACCCTCTAGCCCTGTACGCAGTGTGGGCCAAGAGCGAAAAAGCCATAATATCCGCCTAAAGTAGAATTGAGAGCGTTTATTAAGCAGTCAATCCGAATGTATCTAGTATGATGACACGGTAGACCATGAACTAAGCTCACCCCACATCCTCTGTCGACTTAATGGAGCTAGAATCTCTATACAAATAGGAGTCTGAAACACCACTCGCCACGTCACATAGACGGTGCATAGTTCTTTATCGTGTTCTACTGCGTTAGGGAGCACACAGGAGGGGATGGACCGCCCGGGATTTGCATGGCACAAGTGATCGTAACGCAGTCCAATGGCCATCCGGTTTCTTGCAGACGAAGCGCTATAGCAACCGCGTGAGTCTTATTGCTTGCCGACTTGCACATTACCTAAGAACCGTAGGCAGGCCCCGTACGCGATGTCAGGCTAGCCAGGGTGCACCGAGTAATCTTTTCTCTGATATACGTACTTCTCATTTTTCGAAATTTGCAGAACTCGAATAATCTCAATGACCCTGAACACAGGACCGCACGTTGGGCGTAGATTAAGGAAGAGGACAGCTGCCGAGCTTCCGAATCCGACGGCATGAGCAATTGACTTTTGTTTCCCCACTCTGCGGTGAGGTTCAAAAATCTGCGTCTCGGGGCGGTGAATATGGACAAACCGAACTACCAGTTGGGGCCTATATACTAGGCAGGATTCATACAGTTTGGCTTCCGGGCTCGGGGTCGCCAATCCAAGACATCCGAAGACGAGATCAGGAAACTGGTGTAAGATGTAGTTGTCCTTGGTCGCCGTTTCAATTTAATAGTATCCCTGCGCGCTTGGTATGTCTAATAATGGGGGGATAGCTTTCTCTAAGATACCATGTGAAATAACAAGCTACCTGTATTAACGCAGTTCTGCTGCGCGCTTAGTGGGGGGTCGACGAGTACACTCCTGATAACCTCCAGTCCGAACGGCGCCCAATGTAATAACCGAGTTATTTTTATATACACGTGATCGTCCGGAATCCCCTAACCGCTAATCGTAACACTGGGTATGCAATACCAACGATGAAATCACTTGCAAGAGAGTCTGAATAAGATATCCGGCATGAGTATGGTTATGTAAGAACTGCGACAATTGCGCAGGTAGTCATGTACCGATTAGGGGTATCGTTGTCGCCTCTCTTGCTTTCTGATGCCCCCGGTGGGACCGCCTTCCCTCGTTTCGAAATCCTTCATTCCTCACGGTGAGTGCTGAATAAAAGGGCGAGATTCTATACCGAACATGCTCTGACCAGCGGCTGTGACCGACATTCTGCGGGTTAAAACTATGACACGTCGTCACACGCAAGCGTAATCAGGTCTCTAGGCTATTTACATCACGAATTTATTTTGCTCGACCTACCAGTTTCCCGGAGCGGAGAGAAATAGGGAATACTAACTCTGTAGTGGACTTCGGTCCGAATACAGCAAGAGGCATGTATCACCATCTTTG,1757,48.89,Mus musculus
SEQ_624370,CGTAGCAAATATGGGATAAATAGTACTCCGGGACGCAAGCGGCTACGCGCCGCTAACGAGGCGCGTGGGTGACAACGTGAACCTTAAACATTGGCATACCGAATGCTTGATCTGGATGTTTACCACCACCTACCCCGACTATTCATTAGATCGAACGGAAGATGAGTGGACAGGCAACAGGGATTCTCCAGTCAAGATACTTTGCCCCGCTCACAGTTGTCACGAATGGTGGAAGCCTGAGCGTATACCAAACGAAAGGTGCAGGATTCAAGGTAATCACGCAGCGGTACTGCATTGGCGAAAATACTGGGCTGGTCCGAAACTTAACAATACGCAGGAAGCCGCCCAAAAATGGAGAGTACACTTCGCCGAGCAATGTAGGGGCCCTTTGCACCCGTTACGAGACAACGTTAAATTAACTATAGCCCAGACAAATGACAGAGCCAGGACACTGTTCACGTTGACTACCCCGTAGTAACTATGATGACTAGACTAGACATTTGGAGCGATGTTACCAGACCGACCTTGGGGGCAGGCTCGTCCATGGTTATGCTACTGGCCACTGACATCGTTCACCACGGGCTATTTTAGTACGTAAGCTCCGGTGCTCTTCCTTAACATTTACCTTGTAACCTAAAGCCCCGCTTGGGCAAGGTCCAGAGTAAGGTGAGAATATGGGGTCGTGTATGGTCCCACTTTGTACTAAAGGTCTCTCTCGCTAGTCATAGGAACCAGGCATACCATCATATGTGGGGATCGAGGGTACGACAAAGACAGGCGGCTTGGACCCTGTCGGACTCC,801,50.69,Mus musculus
SEQ_578969,GTTATGTAGCGCATGAGGGTATGAGATGCCAGGAGCACGAACCCGGCTCGCACATCTTTCCCTCTTGCAACGACTTTGGTGCGACGAACACTGTCCTAGTGCGCAATGAAGTAGCCGTTCTCAATAATTTTGACCTTATCAATTGGCGATATCCGAAGGGCTGCAAAATAGATGCTGCGTTATGTCCGTATAGGCGAACGGCTGCTTCTGCTCACTAATAACATGGGGGAGAATAATTAGCCGTTCGAATCCATGAGTTGGGATTTATTTCGTACATGTAATTGAGGCTGTGCCACCCCTTAGTGTCGAGCAGAGACACCGATATTCTGTACAGCCGTAGGCGCCATAAATGTATATACGGGTTATATTAGGGGGCTGGCCTTCTCGTTACGTTACTAAAGAGTGTACGCCACTCCACTGTCTTTTAGCTCGCGATATTAATTGAGCGTCTGACCCTAATTCCGCGTCGACGATCCATACTGCGCAACCGAGAATTTCGTAGGAAATTCGTTCGTACCTATGCCATGTGTGTCGGGCACCTGCTACTGTAGCGCTAGTATACTAGATGAAGCATTATGGGCGGCGACTCAGGGGAGTTAGCGAGTGGCATTTCGTTTTACTTACAGCGCGAGCCACCCCCTACATCGTCGTAACGTGATCGTCTAGAAGACAGTTTGCGTGGAATTAGGACCCTGTCACAGTCTGCTTCACGGCAGCTCAAAAAGTCAAATCATTCGGAGTACGCGAGCGACTCTCAGAGGCATGTTCTCGCTAATGGTACCACCAGTGATTATCCTAGATCATCGGCGTAGTCCTTACACCGTACCCTGATTAAATGGTCCTACCGAGTACCTGTTTGAT,861,48.78,Escherichia coli
SEQ_394425,GGAAGGCGTCCAGACAGTCGCGCCGCGCCTCACATGGGCGCCCGAAGTTATCCCGCAGAGGTTACAAAGTCCGTAGAGGATGAAGACGCGTTGTGAGCGTAGCCTGCCACCCTCGACCCCTTCGAGGTATGAAAGTTATTTTTACTATACCATGAACGCGATAAACTGAGGGATGAATTAGCGGATCTCAGAACACCGATGAGCCTCAGGCTAAGGCGATGCGATAACGCGGGGACCGCCTCGAACCGAATGCACTCAAGCTGGGTCGAACGTCG,275,56.0,Mus musculus
SEQ_579521,GGCAACTCTAAACAAAACTCCCCGTCTAAATGGCTGCTTACTGTAGTCGTTAGTCAGCTGGTTCCCGTAAATCTATGTGATCAGGAACGGGGGAACAGAACTCGTTTATAACGTGGGATTTTCGCGTCCATTACCCTCCATGTTACTCCCTCCCCATACGAAACTATAGAACACTTCTCTTTCACCCTC,189,46.56,Escherichia coli
SEQ_546818,TTTCGCCTGCCTTAGTTAAGGAAAGCCTACGTTGCCTACCGGACTACCTCAGATATGCTACACACAATGATGCACCGACGCAGGCCATGCCATTGTGGGATGAGAGAAGATAATATCAAGCATGAAAACAGCTAACCCTGTAAGAACAAAATTGTGAACTCTGCCAGGCATTCGGTTATCCAACGGTCATTTGGGGCCGGCCAAATTGGAGGTTTTTTTGAGGGCTGTGTTGCAACTATGATTGTCGATCCAGCATCATCGCACACCATGCACGGCGTATTACCACTAAAGGTGGTCCCCCGCATTCCTAGCGCTGCCCCTGACTGCCTGTGAGCATAATCTGGACGCAACGTATCCTTTTCACCATAGACAGATACATGAGCACTCCCTACCTGAGTTCGCACCCAACTGGATGCGTCCACGATTGCCCAATGAATCACTGAGAGAGTTAACATTAATTTGATTCTCCAGGGGCTATGGGTGTTACTAA,490,48.57,Arabidopsis thaliana
SEQ_408388,GCTTCATATTATATGGATTTACCTAGTAGGAGTCGCAACTTTTACAACTTATGCCCAGGCCGCGAGACCATTCGCTTATGGTTATAGGTCGGATGCTATAACGCTGTATGAGCATACGTTGGTCACTACAATAGACAAGCTGCCTAGGACGAGTTTCCGCCTAGCAGAATAAATCCCGTCGCGAATTACCTTGTGCCTGCGACCCCCCTAGGCATACAAATCTGGTCAGTGAATCGTGCGTTATATTGTGCGCTGGCCTAAATGGATTGTTCCGTTGCCGTACAGGGGAATCACTCTGGTGCATGCTGCAGTATATCAGCGCGTCATCCGAGGGCGCCCCGTCTTACCCCTTTGCGTGGCGGTTTGTAATTACCCTCTACGCAGACGATGCGGCTTTGCAGAGGGGTATGATCGGGCGGAGCCTATCTGCCCGTGCAACTAGGGTTTAGTGTGGGCAACGGCCAGGCCACCATACCATTGGGGCGACTCGGCCCCCTATAATTTCTGCACAACCGATTTAATGCCCAGAGAACAGCGTTAATTTGCCACTGTGAGGTGATTCTGCGCATCGGGACAGCTAACGACCTAGTCACGACCGTGATGCTTCTGTTTAAGCCAAAGCAGTCATTGGTCCCCTTGGGCCCGAAAACCTACCACGTACCGATAGTTCGAGGAAATCACCTATTGTGTGGAATCATCCAACCTCGTAACTTCTCTCGAGAGCCGAAAGGCAAAAAGTTCACGTAACCTTTTTAGAATTAGAGTTCAAGCACACGGGATTAGAAAGAAACGATAGCGTGCGCGTCTGTCCTTGTAAGACTATCTCTCGCAGCCAACCGGCACTCTGTTCTCTCGATTTCCTCAACGATCTTACGGTTCGGCCGTTCCCCGACCTGCCGAGGTAGCTGATTCACGTTTCCAACGACCCCTATGGCCCACCGGGCTATCAATACGTGTCAGGTCATATTATTCAATGCTAAACGGAACCGTTAGCGTTATCATTTCTGCCTTTATGAGCAGTCAGCGTAATTCGGGTGCCAGGCTCGACGCACGCATTGGCGCTCACCGATCCGTACAGGTTTGGCGCCGGACGTTCCCCTCCAATGTCGAGAGTCGTACGTAATTCTGCGAGTTACATGCATGCATTCTTGTCGATTCGAATACTGCGCGATCTGCACGCGATGCAGTTATTATGCATCACCCATTCCTAGCTAATTAAGCAATAAGACGAACACATAACGTGAGTTCACATCAGGTGGAATACGGTTACCAGTAACTAATATATCCATCATGGTGCCACAACCGGGATCTCTCCGCCAGCATTCAGGAGGTATCGATGAAGGAATGATTGTATTCAATGAAACATTGTAAGCTGATAAGACGACGATATTTAGAGACGAGTCTTGCGCAAATCTATACTTATCCCCGAACGATCTCTTGGTATCCTTCCAACATGTGGTGACAGCTAAGAAGGTGCATGCTGGAGCGCTGCAAGTGCTGTGCAGTTTTGCATACCTTTTCTGGAACCTCTCCTACCGAGGTGCGACCGCTCAGTAACCCCCAAAGGGTATGGCTGCGACAACCTATCCAGGAACGGGCGGCTCCGATTTTAACCCCCGGTGCTATGGTACTTATTCTCAATCGCTTCCCAACCATCTAACCAACTACTGTGTAGTGTTAAGACCCGTCTAGGACCACTTTCCAAGTCCAAACGTGTCAACAACCTAGGTAGGAAATACCCGCGGTTCGATTCCTAGCCGACCAGGCCAAGGACAGAGTATAGCGTCAGCGATTTTTGGGTAAGCGATTAAGGAACCTGAAGTAGTTGCTGTTCGAATGCCCCTGCATGAGGTCGCGCAGAGACAGACTACTATCGACCGCGAGTTTCACTGAGTTGCACGCAC,1904,50.21,Saccharomyces cerevisiae
SEQ_153751,GCTGAGACTTAGTTACCGCTTCGAATGTTGCGGTAAGTAATGCCCCGAGTGTAGCGGAAAAGCGTACAACTGGTTCGGGGGGGGTTTGATACCACTTTATGGACACGAATACCGGCCCGCGGAGAATACCTCTTTTACAGTAGATGGCAGAACTGGAATTGCATAGAATACCACTGCTTTGCACAAAGAGTGCGCAATATCGTCCAACGCTATCGCGTCGTGTACAAAGTCAAGTTTTTCGAGTGACCTATGTCTGGTTTCCATAGTTGTGTGGGCTAGTTTCCCATCGATGTTGGAACTGAGATGCTAACATTGTCTAGGTCAGACTCTTGTCGGCGTTAATAAGGGTTAGCTCGGCCAAACCGCGTATCCTGCCGTGCGGACCATACGTTCGACGGCCATAGTCACGGTAGATCTATCCGTCAGATACACGTTTAGTTGAAACAGACGGCTCGTATTGGTGGGGACCTAACCTGGTTCAGGAGTACCCCGTGTGCGCGTTATTGTCTCCCTGCAGTATTTTTGATGCTTCACAAGAGATAAGGCTTACAATAGCCCGCATTGAGGTATAACACGGTCGTAATAAAAC,589,48.56,Drosophila melanogaster
SEQ_684202,CCCAATCTATCTGTTAGTTTAAGGGAAGGCGCTCCGTCCTCTCCTACGTGTACAGGTACTTCCGAGCGACGCGCAGTACCTCGACTTATCCTGACATCGGTGCCAGCCCGCGTGGGGACTGGGCTTGCTACCGACGAACACCCGGCCAAACATGACGCGTTATGATGCCGCAAAATGTGCTTCGTCTCTTTACAAAGTCTCCCTCCGCAAATGAGTTATTTGGTTAAAAGAGATGTATTCGTCGAATGGTCCAGTTGTAGGGAAACGTGTTGTCGAGGCGTGTGTTTCGATTAAGGCCTGAGGGGGGTCCAGAAAGAGGAGCATCACTGTGACGTCTAGAGCGGCTCTTGCTGATGACATACACAGAAACTCCTATATCTACCATGATCTGACTCCCATTGAAGATTTACAACGTAAGCCAGGAGCGTTAAGACTAACTCGAAGCAACAATCCTATAATATGCACCCCAAGTCCACCCAAGATTTCACCGACTGGCCAACATTTGCACAGAATGATGAGACGAGGCCGGCGCCTCGGGAATTTGCTCGAAGAAGATGGTACTTATAAACAACGTTCTCGTTAGATACAGCATGGGCTCACC,601,49.92,Mus musculus
SEQ_273601,GTTTCAATGGTGGTTATTGACGTTCTTTACTTGTCTTTTAGATCCTAAGCCTCGTCAGCACGGACTTTACGCCCGTGTGAGTTGCCGACTCCCATATGGGCACTACTGCTTCTGCGATACTTCGCGAGACAAGATCAGAACTAGGTGCCAATGTGGCCGCTGTAAAGGAGCCTAGGAATATGCATCGGGGTAGGTTCCATCCGTTTGACACACCCACGCGAGCGACTTGTCATTACCATCAGCTGGGGCGATGGCCTTAACAAAGCGGTTGAAGACTGGAATCTTGACGGCATGCCGTGAAGGCCGGCCTGGAGAAGTCATGTCTAGGCACAATAGCGCACGCGACCACAAATCCTGCGGTGTCTCACGAATATACCGTGCGCAACAAGTGTTGACTATGAAGACTACGATCATATAGAGTTAACGCAGCCGTCTGGCTCACTACCCACGCCCTAAAACGGGTATGAGACGGGACTCGGGGGAAGG,486,52.47,Homo sapiens
SEQ_412422,TTGTTGGAGGTACAATAGCACGATAACTTAGTTGTGGAATCCTCTGTAATATACACCCGAAGCCGCTCTGCGAACACCTCTGAGTGAAGGGGTGAGCTTGGGCGTCTCAACCTCCCGAGGCCAGGTCTTCGATCAGGCAGCATCCGTGTCAACGAGGTCCCTGATCAATGCACGTACTCCCGTTATTCTATAAACGATCTTGCCATCAAGTCAGGGGCGGTCTCAATAGACGACCTTTAAGTAAATTCCCATACTGGCTAGGGCCGGGCCAGCCTTTCGTTGGACGGCTCCTTTGGAGTCTCCTTCGCGGGAAACCACGGATAATACCTAAACGGACGCTGCCGTTTAGTACTTCCGCTCCCATGCCGGAGCGTAGCTTTAGGGAGGGTTATTTTGCTGGCTTAAAGTTGTTGCCTGAACGCTACACGAGCGTAACGAAGAAACTCAGTTAGCTCGTGCCTCAAGATCTGAGAACGCGCTATTGTTGTTGGGCTCCAGTTATTCAGCCGAGGTTGTGATCACTATGGGTTCATCTCCCTCTGCTGGTTCTTCGGATTCCCCATACTTCTTAAAGCCGTCTGGCTGACAACGACGAATGCGCACGCCGGCTACATCCCCAATGACGCAGGTTTGAACCCTGCAACGACCGAGGTCGATTCAAACACCACGAGTTCTATACATTCTAGTCGTCAGCGCATGGGCGGCATTTCAACCTTACAAGCGGAGGAGAAAGTGATATTCGCTTCCTTGATGATGCCCCCGTCCTCATAGGGTGAGCCTAGCTCAAACCTCCTATACTGCGAAGGTGCCTGACATGCCCGGCGTCGTTGGCAATCAGCCAGCCTCGAGCTTCTAGTTGAAATCTGGTATTCGTAGTACTTACGTGCGTTAGCTGTAAAGCGTCTAGCGGAATAAGTGGCCCTCTGATCATCTTAAGGTACAGGTCTTTAGGTCATAGTCTACACATGCGGGTGAACCTCGGAGCACCGGTATTCATCGAGATAGTTTATGAATCTTTGGTTAGCATTTGCCGCGGCATCCAGTTCCGGATGGTTTGAGGCTCCGCTAAGTGCACCCCGGGGCTGGGCTCGCTTAAACTCGTAATTTACGGTAGAAGATAGTAGAAGGGGGTTGCCGAGGACTCAACTAGGTGACTATGATGGGGCTCGGACCAAGTCCACGGAAACAGGGTGGTGGGGCCGCAGGTAACCGGGGGCTTCTTGGGTCTCCCGCTCCCCACCTTTCCTATATCTTTGGCACTTCTTTGGTAGCCTACTAGACCAAACTAAACGTGGCAGACAGTAGTAAGTACTTATGCACCGGCCTAGAAGGGAGCGGAAAGGCTAGTCGCAAGTTCAGGATGCCGGCCGCAACTAAACATCGCTCCAGATGGCCTTGATTTGCGCATTGAGGATATGCTAATCCTTTAGGGAACCTCCTATCAACGAA,1449,51.97,Saccharomyces cerevisiae
SEQ_329758,CGGGCTCCAGGTTTACGTGATTGTGATCTCACGAGAGGGGGCAATTGAATAACCCGCACGGGAATGTCACTAAAGCCGTTCCTGTTGTAAGCTATTTATTTTATTAAATAAAGTCCATGGGAATCGAGAGTTGCTGGGTTCAGTCGCGTCCCGAACATCTGTTGCTGTTCACAAAGAGGGGTTAACCGGCGATAGTGATTAGACCTAGGTGTGTCACCGGTCTACGTACTGCTAGGCCGGCTGGTTAAAATAGAAGAAGCTCCAATCACGATCGCAGCTACAGAAAATAACTAGCCACGTGATCCGTCCGGTATAAGGTTCACCATCCGAGGAGAGGTAAATGGCGAGGTGGCTCTATAAAAGCTGATCTCGCAGATCACCTACACAGTTCAATTACATCTCACTGCTCCCCGTTACTCCGCCCGTGCCCAACAACGATACGGAAGCGTGCGCTCCTAACTCTCCTAACGACGGGCATGCATACCCCGTCCATCTGGCAGATATCACCATCGTCCATCTGACGTGCTTGTGTCTGCGAGACCTAGCAATGGACCAACCTCCATAGTGCGCGGTCGTTCCTTGTATTTAGTCCAGTTGCGCAGCCGTCTAGACGTGTGGTAAGGCAGCATGGAGTCCCCTCTTCGCTTCGAGATATCGCCGGCAAAAGTCCAATTTTTTATACTGAGCTGGGGGCGGTCATACACGACAGACTGCCGCGAATAGATTGACGTTCTGTCCCAGTTATTGAGAAAACATAGTCGTCCCTTTGCACTCGCAGTCCCGGCTGTTCATATAGTAGGTATAAAAACAAGGTTGCTGATCGCCACCCAGGCTTGCAGATAGCATCAGCGACTACACCAAAGTGTACTATACGTTTTACCCGATCAACCTTCTATATCATCATGTACACCCTTCGCTTGCTGCGTGCGTATCAGAGAGAAGAAAATAGGAAGGCGTAGGCATACGCGTGCGTGCTCTGCTCATAATAGTCAAAAGACCCATAGTCTTACTGATACAACTCCATTGTTAAGCTATTCTCCTTGACCAAGCATGGATGGCGTAG,1063,49.39,Caenorhabditis elegans
SEQ_467453,AGCCAGTCTTGTCAGCGCCCGAGTAGTATGTGCCTCACTAGCAATGCGTACGTAGTGTCCTAACAAAGGTTCTTTCGTCTTCTAAACCCCTGGACGAGATGACAATTAATTCTGCTCTTTCCTTTATTAGATGAGACTGGGTCCAACGTCCTGGGAATTTATATGCCGCGAACACTGAAATTGGTCAATGTCGTCTCCGGCACCGCAGCTATCCAGAGCCATGACCTCTCCTTCTAACTCCCTAGTTATTCTCGACACCCGGTTCTGCTCTCTATGATCGTAGGCCTCCGTCCGGTCGCTCACCCTAGTTAGCCAGTCCGTGCCTTCAGGGAAATTACCAACGACGTTACGCTGTCAAGACCCCATCGGGTTAGGCAGTGTTTGATTGTCTTACTAAAGAGATTACCAGGCGGTTCGGCGTGGATTTCCGAATCAGACACAAAGACAGCCGGGTTCGATGGGAGGTTTAAGCTTCTTTATTGTAGAGTCCACTTGCTTAAGTAGGAAGTGATATCATGGCAGGGCTAGGACGCGTAAAGTATTCCGGGAAGCATAGCTCTGGCCGTGCTCTAGACAGCCAATATAGGACACAGGCACGGTTTCCTAAGATTTGCACAATCAAGGTAGATCCGGAGGCACGGTCCTGCTGTGCTTGCATCACTCGGGAAAGGTGTAGGAGGTATACGAGCAGGCCTAATGTGTTCAGAATTTGGATTTTACGGAGACTATCTTCTTTTGCAGGCTTTAGACCCATCCTAATCGACGTTAGTAAAGGCAACTCGTTACTGTAACTTACTTTAAGTTGCGATAGGTTAGTATATCAGCAGAAGGCGCCGTAGATGAAGTAAATGCAGCGTTACGAGCGCAAATCGCCAGTCATTCCGCCTGATCCTCACTAACTGTACTAATATCTCCTCATACTTCCAGTGTCCCAATTTATCTTGTGCCGTAGGCCCTCAAGTCTCTTTGGAAGCGAGAATGAAGGCTTTGTATCGGGCATCGTGCGCAGCGCGGGTTTGCCGAGCACCGTACTCAGGGGTCCTGAGACACGAGACCCTATCCCTCGACAATAATGCCTTCGAGACGGGACAGGTCCTTATGCAGGGTAATCGGCAAGAATGTTGGACACGACAGACATAGGCCGACGGAACCCGCCCGTAGCCAGCTAAGGCACAGAGTGAGCCCCTGTAAGGTCTCGGCTCTCGATGCACAGCTCGGCGTCTAAGATTGTAGCACCGGAGGCTCTCTCCGGGAATGTAGGGTCGTATTAGTATACTGCGCAGGAAGATGCACACTACTGACCTTCTGTGGCTACTCTGAATAGATTCTGGGTCAGTGGTAGTGGGGTGACGTAACACGGTACTTCGCCTAACCAAATGGCGGGTATACGACAGGCTATCAAGTGCAAGGCCGCTGTCAGTACCCCCT,1428,50.7,Saccharomyces cerevisiae
SEQ_584860,CTGAGGCGCGCATACTGGGGAAACTTTACCTATCGGCGTGGACTCCTAGTTGATGGGTTAGGAGCGGGAAAGCCGTAATTTAAAACCTATCGCTGCGACGGATGGGCGGTGAAGCGTACCGAACGTTTCTGTCACATCCCACGAACGTCCGCATCCGCGTTAGGTGTTAGGGAAGGGGCGGGGCCGATGATGGTGCAGTGACCATAACACTATCCCCCGGGCAGCGGTACACTTGGCTATATACTAATAACTTAAAGGGCGTTTTGGTGAAGAGCCAAATCTCAATTTAATGCCGATTTCTAACGATGCTCGTAACCGGCGCTTTGCTTTCTTATACTCCGTTAGGTGGAGTTCTCAATTACGTATGTAGGTGAACCTGCACGCATTCCTCCCTACAGACATCCGTTCATCGTACATGTGTGGGTGCGGCTATCTTATCCACACAACCGTCCCGTATAGGGCGTATCGTTAGATGGGATTAGTCCTGGCTTGGCGGCTAGTCTTCTCAGCCGCGACGCAGACTCATGCCAGCAACCTACGACACTCACGACTATTGTGAGGAATAGTATCGTCAAGTCAGGGAGCCCCTGTAGGCAATCAGATCGTTAAACAATATCTAGTTCGATCAATAGGGGATGCACCCGGAGCTCGGCCGTGGGTGTCCAACTGTCATAACGACCTATTTATAACCCCGGACATACTAAATACGGACAGCATCGGTACAATAATTCGCGTCGTGCGAACCGGATAGTCATGTGCGCTATCGTAATGGACAGATCTTAGCCGGGATGGAACGCTGCTTAGTACATTCACAGGTCGCGCGTATTCTTATCGTAGGCATGACTAATCCTTCGGGTCCATAGGCCGTTAAGTATCTATTTTTAAGTTTGGGGTACCCTATTCCCCTGGCGGCTTTGGCGTACGGCACGGGCTGTAACAAAAGGTCAGATTCGGGAAAAACTGCCCATAGGGACTTATTGCCTTAAGGAGCAGAGAGAGTGGCTTATCTCTATATTGGGGCATTAAAACGACTCATCATCGAAGGAGGGTTCTGGTAATTAGATGATATACGGGGGTTCAGCAAGAACCTCCGGTCTCGAAATATCCTCGGCCCAAGAACCCGTATAGGGCATAACATGGTACTTGGGCTCACACAAGGCAGGGAGGCGGCCTTTCTGACATGTAATGTGTACGAACTAACTGGCTATACTGTGTACTGACGTTACGTGGTTCGCCTGAAGCTTATGTCGTATAAAGTGCCGATGACTCTCTGATCTACAACCGTCCTGACGATGGTCCCTGGCGGAGTATCCTCACCGATTTTTTAGGCTTATACCAAACCTGCTACTATGGATCTCGTGTGGGTTTGGCAGCCCATGTGCTTCAACCACCAATTGGCGTCATGTAATCGACTAGCAGACTTGCGTCCTTGTCCATCGAGAGAATGGCTAAGCTGGTGTTACGTAACTG,1470,50.0,Mus musculus
SEQ_991404,TGCTCTCTTGCTCAGTTCAGCAGCCGATAACTTTGCTGCTAATTATAATTTCTTCCATGGTCGTGGTACTTCAAGTGAGAATCTGACCGAAAAAGCAGTGTGCCCCAGCTATATACCCCGACCCTCAGGTCGATATTGAAAATCGTGCCAAGGCGTACACTCTGGCCGAATGCTACGGGTACTTCACTCGGATGAGAACGACATGGCCTCAGATGTCGGCGGCCCGCCAACCTTCGGAAGCGCAGTCGTGCGATTACAAGATAACAGGTCGATGCCGATAGACATCATAACCAACGCTACGGAATTGTTACTGCACACGGTAAACAACGTACTGTCTTCATGAGCACCCTTTACGGTGCAGACTACGGTGTCGGGCTCGCGTGATATCCGGGCTTTATCCCCCTATTAAGCACTCCGCACTCGCCGGGCCAACCTCGATATACTTCAGGTGAATTTTAAACCTCGGGCCTCTGCATACGTGGCCCCCCGCGATCGTATAGACTGCGCAAGGTATAACACAATAGTGAGAAGGCAGTCTCCCCATTGTTACAAGGGGATGAGGCGCGTTCTTGGAACGGCACAGTATACTCCGATCCCCTCGCCTCCCACGCTCATGCCCGTTTGGGTGCTGAGGGCGCTGCACAGTCCTATAGGAAACGGTTGTCATCGCGGTATACGAGTGGCTCTAGATCTTTCTTCCGGAATAATTGGTGGTCACGTAGAGTTTAGGATACATCCCGTAATCATCGACCTATTACGGATTAGCACGGATTACGCCCCAAAGTACTCTTAAAAGTTTAAATCTTTGACAACATGGAGGACTTAGGCGTGCGCCGCTGCTGCTGACATAACTCACAGTGGGCATCCTTAGACCATTAAAAGCTGGGAGACTAGGCTTTAGCAGAGTGTGAATATCCAGGGTGAGCACGAACTAGGCAGAAAACAGTAACTGCTCAATGAGACGGCTGGGCGAAGCTTCAAACCTGTTCAGACAAATTCCTACTGCTGACTTCAACTCTGTTCCGATGTGCATAGGCAGGGGTCGCTTGTTAGTGGGCTAAGTACCTAACCCTGTTTTGCCTTGGTGTCTGGCGCTCTTACCACCCGGCCAGCATAGATAAGATCTTAGTTGACATGCGCTGGACAATCTATTCTCGTAATTGTAAATGGGCTAATTATGTGACAGGGAATCGATGATGAGGGTCTAATTGTATCGAACACAATTTCTGAGGGCGCCAGAACTTAATCAGATGGATTTATGCGGAAAAGTCGCACGAACTATGGCTGCCTGATTTTAGTAGCTCTACTCTGGTAGAGAAATGGATGAGTATTTGTCATATTTTTTGGTACGCTTCCGCGAAGGAACGTGACCGAAGCAATTGTTTTTGAGGTCGCCTTAGAGATAAGGATTAATGAACTAATCGCGTCAGCGCGGGGGCCGTACGTCCTCCGCGCGCTTCAATTCGCTTCTGTGGTGATCAAAGGGTGTCACTGTCAACGATGATGCCGTCTTAGTGTAGGACTGCAGGTATAGCTTTG,1539,49.45,Mus musculus
SEQ_688169,GCATAACAGGTAATAACGAGCACGGTCAAAGCTAACTGACGATATGGAGAGAAAAGCGTCTTTTTGGCATGTGTGTGTCCGGCGACAGTATAACTCGGCAGCCGTTGGGCTCAGATAATCGCGGGGAGGATCGGGATATAGGTCTACCTCGCCAAATTGCAGCCGGTAAATCCTCCCCGTCCATCACATACATTGTCACTCTTGGATGATAGGTACCGCGGGCAAGTTCAAGCCGCACTGAAAGCATCCGTACGCCATCAGTCCAGTGGGAGTTATGTACCGTTCTACTACGAAGCCTATGTTGCGATGGTGTCGGGTTAACATACTAGTACACATAGCGGAAAACTGCAATTATTTCAGCACTCGGATGACTTAAAATATGTCCTTTAACGCACGAACCCTAGGTAAATACTCTAAGACTTTGCCCACGACAAATGACCCTCTCGAAGTGCCTGCTAACGTTTCAGGGGTTCTCGGCTCACATAGAAAAGCTGAGTCACCTTCGTCTTATCCAAGGCACCTGTATGGCGGACTCTACAGCTGTGCAGAGCCGAGGCGGAGGAGGGTAATACATTCCGATACGAGCGAATTCCTAGTCAAAACACCCGAGTAAAATAAAGGGATTTCACTCCAGGTAGCTATCTCACGGACTCATACGATGTCAGACAACCGACACCAGATTATACATCAGCACAAACAGGTCTTGTACGCTGACTTCCTCCAGAACACCTGTTCCAGCAGCAAAGCTCAGATGGTCTCCCTGAGAAGGTCTGGGTCTCGTCGGGCTGCTGGGTTTCACCAAACTTGCTACGACGCAACACATCTCCCAGTTCGGTCATGATGCATAGCCTGTGGGCAAGTGAGTGGTAGTTCTCTCTGGCTAGAGGTACCGACGCGCAACATGAATATCGGGTGTGCGGCTGTGTAACACGATTGAACTAACCGTACATAATACAGCTGCTTCACTCCCTATACGTGCTGCGGGCGAGCCCGCGTACCAAGTCAGCTCTTGCAGGACCGCGTTCATGTCTCTGCCTAATAGGGCGAATCCTGCGTGACATTTACTGCAGTTTATTAACGCCGAAGTTTAGCAAATCCAACAAGCGTAATGTCCTCGGTGCGACCGAAGTTAATCGAGCGGATAATCTATACACACCTATTTCCATCGGTACCCTGTAGGATTGGATAATGGATGCGTAGGCGGGAACTAACTGAGATCGTTATTGGGGCGATTTATTGAACTCGCGTTGAGCTCGCTGATGCATTTCACATCTCGACCCGTAGGATGGTCTAAGTGCGCAGACGTAGCTACAATATGAGTTTTTAGTTTCGGGTTCCTCGTACTTTAATTACAGGGACGTCGGGCCACTCAATACTTTAGCATATCACTTCAGTAATCGTTAAGCGCCCTAGCGATAGTAAGCTCTTAAAACGCCTAATGGCCCGACGTCCAAAAATCTGGGACACGGAAGTTACCAACCTCGCCCTCAATTGTTTAGGGCCACACCCAGAAAACCACTGGGTTTCCGGGCGGTCGTCCCAGTTGCTTTCGTGCTGGCCTCGTAGCGGAATTAAACTAAATACGGGTCTCATGCGCAAACGTTATTCCATCGTGTAATTTAACTTGGGTCTACAGGTACGAGTGACCGCAGCCGTGAGCAGGGCTAAGATGCGGAATAGAATCAATGATCTTCGTGCAGTGGATATAGTGTAAGCCGTTGTCGACTATAGTTTATTGAAGGACTGTGTGCATGATATCCAGGTATTTTTGTTACGGTGCTCCTAAGTTGCTAAGTCCTGAACAACACGAGCCATGGACGCAGTATTCCAGGACAGCCCTCGCGCAGGAGCCTGTGCAAGCCACGTGAGAACAACGCCGATGGGTAATTCTCCGAACCATTGAGCCTCACCTGTTAGGGCCTCGCCGGGGAGTACATTATCTATTTGGGGTACCCCTGGCACGTGCGTCGTTTTTCCG,1978,49.75,Saccharomyces cerevisiae
SEQ_881349,TCTGATAATCTAGCTGCGCCAGGTGCTGAATCGAATGTACTTTCCCTCGGTGAATCCAAGTACGGTCTGGAGCTCATACTTCAAGTACGTCCGGGTTACATTGGCTCGGACTCTCTCTGTGAAAAACATATAGAACATCCAACATGGGGCTTCGGGTCATGCGTTCACATAACCGGCGGTTCAGAGGGTTAACAATAGTAACATGTATTGAAAAAAGTTCGTGAAAGACTACGCTAGGGCGACAACGTGTTTTCCCCCAATGTTTGCTTTAGTGTGTTACTTGAGCGGAGGGTCCTCGCTGTATGGTCTGAATTCTCCGGTAAGGTCGAGGTAGAGTGAAAGTCCGAACGCACGCTCGCCTAAAGGCGAACACAGCCCGATTTTGACCGGGGTCGCGAGAGCCCCTTTCTCCTACCACCGACCGAATGGCTATAGCAGGGATGCCCGTCCATCATACTTACATGTGATTAGTCAGTTGTACCGTTGTAGGAATCTACATATCGTTCGCTGGCCGTAGACTCTGCGCCTGCTTTCTCGATGTTAGCTTGCGTCTGCCAGAAGGCGGGGCAGGTGCCATTCAGCAGTATGGCTAGCTTTTATATCGCTTCAAAATCATCGGCTTGAGAATTCCAGTTGGTACCAGGCCATAATCTTACGGTACTTCTTCAAGGCGAGAGGAGCGTTCAATATAAACCTCGTTATAGGCCTGCCAAACCCTTGCAACACGATATCCATTGTCCACTTCTGGGAAAAACCTGTTCCGGTTCCTGTATGTGAATAGCCAACCGTCAGACACAACGGTAAATGACAAGATTCGATCGGGAATCTACTGACGTTCGGCAGACCATCGCGTTTTGCGGAGCGAGCAACGAGACCGCAAGGCAACCATGTCCCTAGTATGATTAAATTACTGGTGTGCTGCAGCCACCGTGCCAATCAGCTCGAGCTCCCGCAGCGCGGACGGTGAATCCGTAGTGCGTCAGTCCTCTGCAAGAGCCCAATGGCGCCAGTCACCGGAATGTTGGCTCCGGCGAGTGAGGCTTGCATCTCCGTCCGGCACCTTTCCTGGTCGTTAATTTACCCCATGTATTAATGAATCCTACAGGATGACGTGACGCAAATTCGTGGCGCGGCGTTTCTATAAGCCACCGCCCGAACGATGCTCTCTCAGCTAGCAGAGGCACTAGCTGTTAAGCTATGGGTTAGATCGGGTGTTTGCGCTGTCTTGCTTTCACAGTCTTTTGGCCGGGAATCACTAGGCCAGGCTTCTTCTCTGGGAACCGATAATTGTGCAGGCGGGGTTGAGAACCAGTCTACGGTGGCCGAAGCCAGTCGCCCGCTTACGCCACGCAAAAAAAACCGAGGTGACAATGCGATGAATAACGCGCTAGCGACGTTACTGATAGCCACTCCGTTTCGAGACCTAGACTGAACTGCCGTAGCAGCGCAAATCCTTACGAGCTAGCATGTTCATCATTAGTCACAGTGCACGTGGAATTCACGGTGACACGCTCAATTCTGACGTGTCGGAGTGCTGAATCGGTTGTTTACCGGGGAGACATACGACTAGGTGACTAGTGGAGGTTACGAACTGGAATGGGCAGCCTGTTTTATACCCCTATAATAAGATTAAAATCTGCCTACTCCGGTGCAGTGGAACCGTGGTGGTAAACCTGCGGTCGCCGGGCGAGCGGAATACAGCCTATTGGCGGCATGTGGAATCCTAGGTCAACATAACCGACCAACGAACAGGGACGCTGCCCAAAGAGTTTGAGTAGTATGGGGATTAAACTGTACACCCACCACTTGGCACCTGCATGGCCGGGATTTCAAGTCCTCACGCACACGGACTGCAATCAGATTAAC,1866,51.55,Escherichia coli
SEQ_799851,TTTTTAAATGTTCGCCCAGGACCCCATGAAGCGCGCTTGTATGCGATTCGACGCCTCAGATCCCGTACGAATAGCGGCCAATCTCTAGTTCGGCAAGAAACAGCCGGCAGCTCACGCCCAACCTTGCTTAGTCTCTGCTGAGCAGTCTGTTGAGCGCGAAGGAATGATTGCACTTCTTCACCGACCTCTTTAAAACTAGAACACTGGAGGGATCAGGAAGTGTAATGAGTAAACTCCTTGTTTGGGTATCAACGCCACTATGCCCGAAGACCGGTCAAGGCATATGTATAGGGCGCTGTAAGCATATGGGAGCGATAATGTGGTAACAGTTCTAGAGACGTTTGAGACAGTCAGGTCCAACTTCTTGGGTATTTAGACCCGTAAACCTAGCTGGAGGACATCAGGGGAATCAGCCCGAATCACCAAGAGTCAGCGAATAGTATGACGACAATGGACCCAATCGCATCCCAGCAGGCCCACGACGATGCTGCAACCAGAGAAAGGAGATAGAGACACCCTGCCATTTGACTAATTGTCTGAGCACACGTTCATCTCAAGATCTTTGTTAGCGTAAACCACCGGCGAAAGGTCAAGTTATTAGTCAGGTTGCGATATAACGCAGATTCCGAGTTATAAAGCAGACGTTTGTAGGGGCTATAGCTGTATATCCTGCCTGACGTCAGAAGCGCGGAGTGCAAGCCGTGTCGGTGCACTCGTAATCTTCCTATGTGCCGTAAGAGGATGAGCGCGCTAAGCATTCAGAACTCCTAGGAACCTGGATGTCTATTGCGGATTACTGGATCAAGTGGTTCCTGTGTGTAGTTTTAACCTCACACGTATAGCTTTGGTAGGTAACGCACGTTAGGGCAACTACATTGATCGTCTGAAACCAGCAGGCGACAACCTAGTCGAAGCAAATGAGGGTTCTGACGCGGCCGACGTCGCGAACACCACATCTGCCAAGGGACCGCATACGATCGGAAGTTACCCGGGCTCTGTCACATGGGCAACGGGGGTAAAGTTAGCTCGAGCAAGGGTCGCCTTGTCAGCACTATCTTTCGTTTTCGTCGCCATGGCTCTATATGTATCTGATGTTCAGCGCTTTGCAGTGTTCGAGCGAACAGTAGTTGGATGCCCCATTCTTTGGTCATCAGTCTCAGCATACGCGCGTTAAAGACGAAATAGACGGTCTAGCTCCGTGAGCGTGGAGGTGCCATGGCGTCCACACCTTGTGTTATTGAGGCATCCCACGATAAGCAACCTCAACGTCCGGGATGCAACATTGTGGCGTTTTGAATCGCTGATACAACGCGAGGACACGTAGCGGACTTGGCAGTAAGAAAATGATAGCAAACATGCAATAAACAATCAGCCATACGGAGGACGCCCACGCGGGGTGACTCGGGTTGAGCACAAGGATTGTCTGCTAGGCGGTTACCAACGCGCTACGCCTGTAATGCCAACACACGCTCTGACCGCGCTCGCATTTACCCCCTCTGTCGCCCCACGCTTGCCAATGCGTTGATGCAATGATCGCTACAGCCTGAGGTGACAGCACCCTCGCCGGTTCCAGCCTAGCCTTTGTTACTATAGCCCCGAAGCCTTTTTGAGATAAAGTGACCGCTAAACCCGTCAGAATGTCCATCCAGAAGTGGCCAAAGAGTCGAAATCGCCAATTTCGACTTATAATTTTACTTCCCTCTGGGGTCCATTTTCTATACCAAAGAAAATATTACTGACTAGAGAAGCTATCCGTAACCTGTTATCAATTCGGTTGTCAAACACGCGAGGGGCTCCTGGGGTCAAATGTGACATTAAAGCTC,1823,50.41,Escherichia coli
SEQ_814012,AAAAAAGAAATACAGTACTAACAGGTATTATTAGTTAAAACCAGTAGGCACTATTTCCGTACTCGTTTCGTTGTCCTTCGTTAGTACTAATTTACCAACTCTAACACGACCGCAAGTTGCCTGGTGTTGGACTGGCCAAAAAAGCCTATTTCCTCGCGGATCCCCCCCGTCTGAAATTCGCGGTTCAAAAGAGGCGTGGCTGCGCTCCTCGTAACATGCCGGTGATCAGGTGGTAGTTCATAATTTCAGCACCGGAATAGTTAGTCAATCCAGGGTCACATAGTGGAGAGTGTTTAGGCACGATGAGCAATTCCTATTTTCATTAGAGACTGTACGGCTCTTTATGACGCGGTACGCGCCTGAAACGCCAAAG,373,46.11,Saccharomyces cerevisiae
SEQ_162841,CTCTCTTCCCGCTATCATTCGGAGGTGAGAAGACGTCAGGGACCTCGCTATTGCGGTACCACGTTTCCGCTGGCCCATGTACCGTAGGATATATTTACCATCACATCAACTTTATTTTGGATAATTATTTCTTATGGTTCATAGCGAATATTGGCCTGGGTCAGTCCGGTATCAGCCGTTCATTACTCGCAGTCCATCTTGCGTTCTATAGACCATTAATGGGCTTTTGAGAGAGAGCCGGAGCGTGTAGTTCCATAATTCCTCACCGCTGAAATAACGGGCACGGCCCAGCGATACGCAGTCGCCAATCTAGTCTGCTGACGACTAAGCCTCAATCACTTCAGGTATTGAACCTACTCTGGCTCTGAAGAGAACTAAACTAGGCACAGCAGCAAACCGCGAGCAGGGGCCTATGCGACTATGAAGGCTATCGACCGAGTGACAGGTCGATTACCGTATTGAGCATTCGGAGGTCGGGACGTTCTTCCTTTACAGCCGCTGGCCGAGCAGTATCAACGGGAGGGCTTATAGCTCTTTCTTTCCTTGCGCGCTGGCACCGGCCGCATTGTCACGTTGACGAGTCGCCGAAACGTTCAGTATGGTCATTTCGTGGCGCCGCACCACATGTGCAGCTCGGTTTGTGTTAGCGGTGCCTTAGTATAGACTCCAAGCACAGTGCGCGGACAGCTGCGGTCCCTAGCCGCTACTAGCAAGAATGCTCTAAGAGCTTCGTGGTTTCTAGCAACTGCATCCTTGGGCGTACTTCTGCGGTACGGAAAAAAGGGATCCGCAAAGGATCATAGGACAAGGAGAATTTGTGTGCACAATCGGTATCCTCGGATAACTGTACAGCGATAACCAACAGGAGTCGAGTCGGGAGGGGTGGTTTTGCCCTAAGGGTCAGTGAAAATGATAGCATTGTTGGAGCAGCATTGTCACAGATCCGTCCGATAATTATACAGTGCCCGAAGAATAGGACCAAAGGCTTTAGTCTTTATATAGTCTTACACCCGATTGGATGGGATATTGGCACGATGGAATAGCGTAATACCGTAGATGGATAGCCAGCATATTAACACCTGACCTATCTATTGGGTGAGTCACGCCTTGGTGTAGTTTAGACGATTAAGGTACGCCCAGTCTCTCGACAGAGTAGTGCGAAGGACAATTATAAATAATAGTATCACGAGCCACGTCGGCCATGCTGTGACTGTTTTCTCCTTCTTTTATTAGACCTGATCCAATGTGCGGTAATTTCATTGGACAGTAAACAAATTACAGAGCTTTGAACTTCAGAAACCCACTGTTT,1309,48.82,Arabidopsis thaliana
SEQ_800893,CTCCGCATCCCTCCTTAGCTTCACTATTAGCATCGGTCGGCTGAGACGGTTAAAGAGAATCTACTTTGGGCCAGATCGACCGACTTGGCGTTACCATTCGCGAGGGAAGAATCAGGTCAGTAGCTGATCCGCACAAGATACATTACCTCTCAAGCAGGCAAGAGATCAGTGTGAGTTTTTATTATAGTTCGAAGATCCGGAAACATATCAGTATTAAGACGATAACCTACTACTACTATATCCCGTATGAGTCGCTTAGCCCGGTGGTGCGCCTACTCGATCTCCCCCGAATCCTATGGTGTTGGAGCTCGTAGCACAGGTCATAGTCTTTAGCATGATGATGTTACTATAGTAGCACCACACCATTGATTA,372,46.77,Caenorhabditis elegans
SEQ_945669,TTTACTTCAAGTCTCTTCCCTCCCTCTTAGGGCAAGTCTTGCATTGCCGAGAAATTGATTTGATGACGACGCCGTAGTGTGTCCAGACTCGTGGGACCAGGGACGCATTCCACTGTTTGAGGTACAGATAGGGGGGTATGTGTTGTCGGCGTGGAGTGAACGACTATGTTCTCTGCTCCGATGAGAGAAGAGGCCATAAACTTCCTCCACTCTAGTTATATGTTGAACAAGTCAAGTCCCCTCGACGTGATCTGCGCAAATAACCCGTGGCCCCTCTGTTTATCCACGCAGGACCGGCTATGAGACACAATCGCTAATGACGTAAGCTCTTAACCTGTGACATAAAACCGATATGAGTATGTCATTCTTCTCCCCTAATATCACTGGGTCCAGGACCGCGTGCTAATCAAGTCAAGTTAAAACGAACGGGAAAGGCATAGGATTGCTCGTAAGAGTAACGCACGAGCATCGCGTCAGCTGCGAGCGAGTGAACTCTGCATATGGCGTTACGTGCACCATCATACAAATTCGGTCCACGGAGGTTAATGGAAGGACCGTCTGGTATGTAATCGTACAGGCTCGCAGACCTAGACCAGTAGCCTGTAAGGCCGGAATGAGCAACCCTCTTTTATAGCTGAGGCTTGTATTAACTCCGGCCCGACGGTAAGTCCGGACACTCAGTAGTTTTTTACGGCCCTCTAATTTGTGT,709,49.51,Saccharomyces cerevisiae
SEQ_406712,ACGAGCGCGTCAATAAAATGGGCCTAGACAGTCTTAAACCCAGACACTCGTAGGAACGGATATCATACTGCGTAGCATCGCGTGGAGTACTCCATCTGGT,100,50.0,Escherichia coli
SEQ_737687,AACGTCTGATCCAAGCAGCGCTCCCCTATTATTCCCCCCGACTGAGCTCTGTAGTCACACGCACTCTTCTCGATACTTCTGGGGTTAATTCTCAGGCGTGGGAGCTGAGTACTAACCTACTCGGGCTTGCTTACCCGGCAGTAGCCCACAGTGGCCGGTGCTAAATTACGTGCGTTTATGCAAACTTGTTAGACATTACGCTGGGCACATGTCAGGTAGCTTGCGCCTCCATGCCCGGTAGTAATAGACGCTAGCATTTGCCAGGGTGTTCACGGCAGTGGTTGCCCGACGTAGGTGGGGTGGGCCAACCGTAATCCTGGAGTTAATCATCCTACTTGTACTCTTACACGCTCCTGAGTCCGCACGATAGGCTCACCCGAAAATGTTTTTCTCGTTCTGACCGAGTACGAAGTGTCGAAGCGGGCATTACCTTGTATATCTTCGGACAGGGTGATTCCCGATTCGGTCGTGACGAAAATGATTTGGTTGCCCAGGCGCCCAACAGATAGTTGCTCAGCCAGTGCTGGACGAACCGTTTCCTTAATATCTACCCCAGGTACACGGGGTGACCTTGTATAAGTGTCCCAAATTGGTGCGAAAAAAGCGGGCCTCGGATTGACTCGGAACGACTCTCTCCTGCTTACAATACACGTGACGGACGAAGCGGTCTAAAAAGATATTCTGGCCAGAAGGGGCCCCTACACCAGTCACCGTGCAGGGCTTCGAAAGGGCCAGTTAATGACGTGAAGGCGTGGGGATGAGTGCAGTATGCCATCGGGGGGTTGCGCTGTATCCACGTACGTGTAAGTATGAACTTCTGGTCTCAAAGGTTAGCTCTAGCGGCCTTAGGATCGAGGGGAAAAAGAAGCCTTTGTTACCCCGGAGTTAATGAGGCCTTAGGTGTCAAGGGTACCACGCCCTGTACCCTTCATAACCACGCAAATTCCACCCGACTCTAGGGAGAAGTTTGTTACAGCGACCCGGTTGGGGACAATTGGTATCAAGCTCGGACTAATCCGC,1020,52.75,Mus musculus
SEQ_167748,CTGTGCCACACTGGCCGGGCATACCTTGCTACACTGCAACTGGGGTACCCTCGTGAATGCCGTTCTTGCAACTCGACACAATCGGCGAATGAAGCTGGCAACAGTCAAGTTGCTTAACATAGCGAGCCGAGCTATGCTCGACGACGGCCGGGTAAGTATAAACATTATCTACCTATTTCGGAGAGCAGTCATAGTCTTCGGCGTATAGGCATTGCACTGCGCCAGAGTTAGGCAGAGAAACGTTCCCGGATTTGATCTGATTCTTAAGCCCTCCCACTAGCAGTATTGGGCGCTGGGATCCTTTTGATACATGCCTCATCGGAT,324,51.54,Escherichia coli
SEQ_294966,AAAGCGGCTTGATAAATTAGTCTTCCTAGCTTGCAGCAAGCAGCTCTATCAATCCGCATTAATAAATAGTCAGAGGAACCCCTCGCAGCATCATACTGACGCTCTCAGTCGAAATCCCTGTATAAAAGATACGAATAGAGGATTAACCGGGTTTCTTGTCCTAACCTACCCTGAAATCACTTGTCCTTTGCCAATTCCTTTGGCGCATTACGTCTTCTCTATGGCTGAACTGCTCCCTCTTGCAGATTATCCCACGTATGACGCTCCAACTTGGAAAAATCTATTGTATCGCGGTGGACCTTCAGACTGCTCGGATCGATCCACGCGTCCACTTAGGCGGGTACCGTTCGCTCGGTATTGCCTCGATCTAGCCAGTCCCTAGCTCTAGATGGTTGCTCAGTAC,403,47.89,Drosophila melanogaster
SEQ_733578,CTAACAGCACGTATATTATAGGCACGATCCCGAACTCCCATTGAAAGTGTAGCCGCAAGTATGCTTACGTTAGTTTGTACAAAATTTTGTCTAAGGTTTTCTTGATCGATGTCCAGCAATCTCTTCATTAGTTCGGTTGAAGTCACATTCCCTAACCGTACGTTCTGGATAAAGACTGTCAATACTTTGCTTCAGAGAGCCACTAAGTATCGCCTCGTAAAGCAACCGGCGCTAAGAAGTTCAAAGGACGTCGTCGGGCAGAGTCACTGGATGTGACATATACCTGCAGTTATCGACGGAGGGAAACGTTGAATTATGTCCTGCTTATCCACTTTAGTCCTCCTTCGTCGTAGTCGTAGTCCACAGTAGTCCCAAACTGATTCGAGCACCCGATGTGTATCATGTAGCACGAAGCATAGTCGACGACTGACTTTAAGGTGCTGAATTATGCAATCAAGAGGGCTCCGGGAAGGCAGCTCCTTATACAGGGTGGAGAAATAGATGACGATCGCGCGAGCACTATACTCGTTGCGGGAGCTCTGTAAGGCTGACCTTGTAACCATAAACTGACTTCTAGAGGGTGAATCACGATGTTCCACGCACCCACCCTGCGTATCCAGCGGTAGATAGACCTTCTCATCATCTTAAGAACTAAAACTCTCTCCAGCACGTCTAGGACCCCGTCCAGGGGGGCTGGACCGGCTGGCCCGGCTTTTGATCAGCGCTACATCTGATCTCCGACACCCAAATCCTGTGGTGGAGGAAGCGTGACGAGTAACCGTTTCAATTCCGGGGACTTTGGCGACCAAAACCCATCTCGTTGTCTAGAATCGTTTGTACGAGGCCTTTGCGCCTGCAAGGGTCGATAGGTTCGCGGGCAAGACGAAGGTCATTCCGGAAGGAGCAGATATCGGTCGGGTTGTATGAAGGGCCCAGACCTCTTCCATGTCTCCGACACTTATGTTCTGCGGGTCTGTTTCTAGGTTAGCCAGACCATAAGCGGACTGCCATCGCATCGCTAGTGTACACGCGCGAAAAGTATGGAGTCGTAAACCCCCGCGACTGCGACAACTCAATCAACGATTTGCAGAGCGTTCTGCAGGGAAGTCTACCTCAATCCGTGCTCGCAAAAGTACTAAAAAAGATGGTATATGCGAAAAGAAGGGGCACCCGGAGGATCTCAGCCACGGGCTAGGCAATCGGGCGTAACATGGGTCCGGTCGAAGAAAGCCGCGGGAGAATTAGGGGTCGTCACTCGCTATGAGGTGTTCTTTATCTGTGCCTAGTCTAAGGCGTCGGCGCGTACAGTTTTCCCTTCCAGTCTGTTCCTGCGCGCGTTTGATACTTGCAGAACCTACGGGGTGTAAGTATCATAGCTTTAGCTGACTGGGATGAGTACTCAGGGACACCTATGCGCGCTGTAAGTTCCTTTGCACACTAATACGGCAAATAGATTATATTTCAAAAGACTTTGGTCATCAGGAAATGGGTTTACCTCGCAAACGCCCAACAAAGTTGAATATGCCGAGTTCTGTAGTGTAATAGATTTATTATACCCGACGTGACCGCTTCTCCCATATTCGCCGATTTAACATTCTTTGTGAACGAATCACACGCATGGGGCGTAATTGGGCTCGGCCTAGGCGCGTACCAATGCTTCTCTCGAAGTCCTTTTCGAGCGAATACCTCAAAGGATGAATTTGCCTGAAGACTTCTGACTCCGAACGTTTCGGCAACATCTATAGTTTTGTGGTCCTGTCGAATTCATGAGCATCAATGCTCTGCCGAAGGAGAAATGGCATGCTTTATAACCTTGAAGCCAGCATTACCGGCTTCATCGCCGGCATGTCTAGCCGGATTGGCTGCTTTGAGACTATCCCCCAACGGCAACGTCAGCTCAGTCGCCGTTCGAATCTGCTACGCGATTCCAGCTAGCGAGTGCCGGCTCCTGTCGCCAGGTGCGCTACATGAGCAATTCTGCTCT,1984,50.05,Arabidopsis thaliana
SEQ_827272,TATCGATATGCTAATCAGATGTTTATTCTGGTCCTCTACAGTATGTTTCCGCAGCTTTAGCACAGCCCACATGGACTGCCGCTTAAATGCGTGCGGAGATCGCTCTACATCCTGCGCACGAAACGATTCCTACGTCATTACGAGATCGATACCGGGGGTGATCCGTGACTGTTATTTGCCGTGAGGGGGCCGGGCGGCTGACACGGCGTTCTTGCCTTCGAACGTTCAACTTTCCACGACCGGCCGGCCATGGTGCGGGGTGGGGCCGAAACGTGGGAGATGGCCCG,287,56.45,Mus musculus
SEQ_512763,TAGGAGATCGCGACTGAAGTGATTCAATAACAGCCCGCGCTAGTGCGCTAGGGGTTGGTAAGTTGTACTGTGCGCAACATGTACAGCGAGAACTACTCTGTTCGCTGGGGACACCCTCATAGCGGGGTCCTAGCTGACGCCTTATATCCAACACGTATATGTAAGCACACTGTCAGGCACAAACGCCGTGAGGGTTTAAGTTTGTCGGAAAGTAGCTCCCACAACACCCTAGGAAGCTGCTCGTCAGCTGATTGGCACCTTACACCCGGAGTAATTGCCAACAGTTAAGTGTTTTCGAGGCAGTTAGAAATTTGTGCCCGGCCGAGGGGGTTATTAAGAGCACGTCGGCGAAGCAAAGCCGCGGTTTAGCCTAGGTGTTTTGAGTCCACAAACGCCCCCGTGCCACCCTTAAAATTCTAGCCGCGACCCTGATCGAAATAGCAGGGTGACCTTAGCTACCAATTGGAGAAGATACGCCGCCTCCCGCGACTGATTGGCGTATGACGAGACGGCGCAACGAGATTAATCTGCACAAAAGATCGGTGAGCCCGCATGAGCGAGGGAGTTCTCCGCTACAGATCCACGAGGTCGAAGATCGCGCTGGCGGGTAGCGTACACTAATTCGAAGCGACTCGCGGTGGATTAGTCATAAGTCGGGGAAACCTGTTTAAGAGGCCCTCTATGCATTCCGAGCCCGACGTCTAAGTAGTGTTAACCAATCGTCTCAGCAAGATTAGAGGTGGCCTTCCCATGATTGACGGAACATGGAGCAAACCATTGATCTACCGCGTAGCAAGGTAAAGCATCGAGGCGCGGCCCAGAACATTTTAAATCTTAGAGACTCATTTGAATCCTTTTGAATCGGCTGGCCCCGAGCTCTTCGGTCGTGGACCTGTATGAGCTTTACTGGGCTTGGCCAGTTCCAATAGCGTGACAGGTGTATCGGCCACATTTGGTCCCCACAGCACCTTGGCGTTGAGCTTTTCTCCCCAAAAGCAGCCCCGCTACACCCCAGCGTGACAAACCCTACGACGGGGATCCAAGGAGGATACGACTGATCTAAGCTAGACAAGAGGAATGTTCGAGCTGGATTCGAATAAATAGTTGCAAAGCCATAAAGTGGGTGGAAAGGACACGCGACGCCTCAATTGTTATTTACGTCAGGCAATTCTTCACCACACGTTAGCGGTCATGTCGAGATGAGGCCACCGTCCATAACAACAGGTTTCTTAGAGCGCGACGCGGAACGGGAACGGCTCTAATTTTACTAGGCAGGCTATGGGTGCCCCACCGCAGTCGGAGCATGCATAGCCCCACGAACGCGTTTCTTATGCATGGGCGACTAATTCATCTAACCAAATGTTGAACGCGCAATTAACTAACTCACAGATTAGTACTTTTATGTAACCTAAGATCCACGCGTTCTCAGTGAAGGGGAACCCGGACCCGCACCGGCTTTGCTAGTGCGTTATGACGTGAGTCGTTGCTTCTGATCTGTA,1499,51.83,Homo sapiens
SEQ_391406,GAACCGATGATCAATGCATACCAGTCGATCCTTTGCATGTCACAGCATGACCAGGTCCCCTCACAGCGCCTCCTAGAAGAACGTTTGACGTGCCCTCTAGCGTGCATTGTTAGACTAAGTTTTGCGTACAGCCCCTCTGGAGTCGCACAAGGTACCACTGACATAACGAGTCTCTAGATTATCGCACAAAGGTGAGGTAGACGCGTGTAAGTAGCCAAAAATGTAAGATGACTCCTAGCCAGACAAATAGACGGCCTCCATCCGCAGGCATTTACGACGACCCCACAGTGGCATGCGACAACTTGTACGACCGAGATAGTACAGTTCGGTGTGCTCTCCGATCCACTGCGCACCGAACGTCATGGTCGCCACACGAGGCCCTCTGTTAATGGCTATCATTTAATCACACTCCTTAACTGGGTCAAGCAGGATTACTAGAATGATATGTCAACACCGACAAGTTGATACACCCTACGCCGACGTCTATCTCTTTACGTCTTAACGGATGGAGAAGCCCACGAGCCGAGGTGCGTTCTAGATACTTACATTCAGGCATCAGCCTCGATCTCAGGCGCATTGATTAATAACAAATGGAGATTCATTTGGTTATCACAGAGAGAGCATGATATCCTCCAGACAGCTCGTGTAGAAGTGTGGGCAGAGTAAAGTGGGCCCCGGCCGATCAGCGGAGGAAGGACCGGCAGATTCGAGGGAAAGATATAGTTCTGTTGGATGGGGCGGCCGGTGGTATTTATCGTAGAATTTCACTGGTGTCTTCCAATGCATTCATTCTTGTACTATCTACTAACATTAAGACCCAGAAATTCTGCCGAAGCGCTAATGCCTAGGGTAGGGCGCAACTATGTCAGGACCATCGTCGTGTATTGAGTAATCATTTCTTACAGAGGTGCCAGAGATCTTAGGTTGCCGATTGCACAGGGAA,943,49.2,Escherichia coli
SEQ_924945,CCAGGACAGGCGCTAGCCGACTAATAAATTGGTGCTTATGCCGAATGTGGTATTCCGGTCACCCCGACCCAAGCGCGCGGAGTGTGTAGGATGTACGAGTTAAACTACGATTAGCGACAAATATACTGATATACGAATAAAATAGGGAATCGCCTGTGTAAAGCTCCCTGGACAGGTTCTGTGGTAGAAATGGTTTCAATAACCCATCCAGCACACGACGGATGCTCATGACCGGAAAACATTGTCACACTGTCCAAGGTGGTACTACAAAGGGGCGGGAACGCTACATCTACCACCCTACGAGCTATGAATGCAGCCCTTCAGCGCCGCCGTCCCGCAATGGAACCGTGTATACAGATTTATTAATTTGAGGAACATCGGATTGAGGGCGCCACTCGGGACGCTAATAGT,411,49.88,Drosophila melanogaster
SEQ_788774,GTTGAAGATCGGAACTAGGTGCTGGCCTGCGATCGGCGGGTCGAACTGGATTGTTGGATTCGTGAGGTTTGTGGTCCCACGTGATTTCTGAACGTCCTTCCAACAACGATTCCTGGCGACGATTCAGACCATCCGGAACGTAGCTGATTGGCTGTTCCGGTGCACGCTAGCCGCTTCGGCTAACACTCTGTAACACATACCGCAGAGTACTAGACGTAGGTCACCATGTCCAAGCCCTTTAAGCAGTTCGTAGACTAAAGCGACACCGCCATTGGGTCGTCCAATCAGTCCTCGTGGAGACGCCTTGCCCCATAGCTACCTAAACTCGAATCGGTTACCATGTTATCCCGAGCTATGGTTGGCGTACGATCACGACACTACGTCACGTGTCCGTGGACGGGACTGTTATCGGTCATTGACCTATCGATTATACGTTGCGTTACGTACACCGACTATCTGTAAGTCACTACTGAGGAGATGCGAAGTACCTCGATTACTCTGGTGTGCATCAGACTAGCGGGGCGAGCCAACGATGGGAGCTGGTACTAATATGACGCGGGTTTTAGGGGAAGGTCTGTCTCGGTCGCGGGTACCCGTCCTATGTTCCCCCCATCCGACTTACAGCATATGAGAGTCCCTACTGCCCCGGTTATTTGAACCCCGCGAGGAGACCCTATGATGGAGACACAGCCAACTCTAAAGGTATTTGAACCGCTATATCCTGTAAGTTTAGATGACTGGCCAATGGAATAGCGCTGTCGCTGAGTACTGAAAGTCACAAAAGTCGTAGGTGAGGGGCTATGGAGCAAGATCGGTGAAATGAGAAGCTGAAACCCTTGGTAATAGTCTCCGAATCGAACGCGTCCCCTCACCGGTAACGGCTGGGAGCATTCCATTCACCAACCGTGTGGTTCTGAGAATAGCTGGGAGTCTCCACCTCGTTGCGGCGGCGTATCTCAGGTAGGTATACCTCATACTTACCACCATAACTCCCCCTAAAACGGTCTAATTCATCATCGGTAACCGTAGCGTCAGTGCAAATTCTATCGAACGCTGTCCATCAGTGGTGTGCCTACGTTATCGCTGCATATTTGGAGCTAGCACTGTAATCGAAAAATAGGACGGGCAAGCAGTACTTACTAATTGAGACAAAGCGGGGTATTCCCTATAGTACTGTTCAGTGGTACGCTAATCTATTTCGCAGTGCAATGGCGCGTGATGCGCTGTGTAGACTCCGACTCAGGTTACGGTCTGCTTGAGTACGTGACGACAATACTGATACAGTCTAGCGTAAAGCTAGACAGTAGATTTAAGGTCTGGGATGTAAAGGGCACGCAATGCGACTCAACTAAAAGCGTTTTGCACTCCTTGACCCCCTCATTCCGAAGGTAATCACAGTATTATCCTGAAGCGGACGTAGACAAAGCTTGAGCTGGCTTTCAGGCAGTGGACCCTTAGGCCCTCGCAGCAATCGGCAGAAGGCGCCGGCCTCACGACTGACTTAGTCCGCCCTGAATCCATCCCTCGAGAAGCATTCGCTTCCTTTTATACTATACCATACAGCCCTGATGAGATGGCGGCTGCGAGGTCGCAAGCTATTATCTGGGGAGCTTATCTGGATAAGTTAAGGTAGTGATCCGGACTCGCCGGGACCCGTTGAAGTCTATAAGTTGCATAGTGGACCAGACCTTATGGCTGGTCGAGCGACATACGATTGATTAGACCCCAATCTGCCTGATGTTCGTAAACATGAGAGTATATTGCTCTCGATCGATCTGCCCAAAGCTTTCCTGGACGGGTCGCTTGTAGCTGTCTGTAGTGTGGAAGAGCGTCCCACTTGATACCAGTACGGGTCAGTTA,1860,51.02,Mus musculus
SEQ_978086,CCTTGTACACAGAGTAAGCGAAAAGCAAACACCAAAGTCATCCGCCGCCGGACCCATCAAACGTATGACTGATTCAATGCCGCTCGGATTGACCCCTTACGAATTATCAGTTAGCAATTTTAGGACGTTTCAGGTCTT,138,46.38,Homo sapiens
SEQ_326300,TTCCTCAGTCGACAGGGCGTGCTAAGTTATCGATCCTTCCTCCATTGCTGGGACGAGTCCACTCGGCTGCAAACAGGTTTACCTCAATTCTTTCGTTTAGATACAGTCAGACTAGACTCAGGCGCGTCAATACTGACAATCACAAGCATCTATATGATTCGACTTAAGTGATAAGGCCTCAGTTGCCGAACTCAATAAAGCCACAGGCCACCCGATAGTAGCTCTAAAGCTAGCAGGTAGTGTCGTAGTGCGTTCTATCACCCACCTCTAGGAGTTAGGGGTGCTCGTGGTCAACGACCACGACCGTTGGCTTACAGGGTGTGGCGAAAGTATAGGACACCTCCTACAACGACCGGTGTTTTGGTCAAAAGGGACGTCCACCTCAGCTGGCCGGTGACTCCGGCGCTAACCGTAGCACGACCTCAAAATGACCACCTCGGTCCCGACAATAGCGTACATGGGCTGATGTAATTCGGAGACTGGTTTGTCGGCGACGCTGGCTCTCCTCCCGGATTTAACAGATTGCGCTACCTCCATGATCATTGAAGATAGCGTGGTCACTCAATCCACTGTCCTGAAGTACCATTGGCTGAGACTAGCATAGTATGAGTCAGAGTCTTCCCCGATAGGCCAGAGTATTCTAATAACTTCCGGCTTGACATCATGCAGCTTTGCGCTTCCTCTTATTAGGGATACATCCGCACATATCCGCCAGAAACCCCCGACTTCTGAATTCTTTGTTGCTGCCTTTTTGAATGAAGCTAATAAAGAGCTCGCGCTTTTTTCTCACGACCGGGGTAACGCCCATCAAACGGAAGACGACCCAAAATACACCACTGCAGATTGCGCGGCAGGACCCAAACCCTATGCCGGGTAGTCTAAAGGCACTGAGCACAAGCCCCAGTATACAGAATACGGTGCATTAGCAGAGCAACTTACGTATGACGGAGTATTTATGCCAGGTTGGGCTTCGACTTCGCTTCTGTTTCGTTGCAATACATGTAAGAAGAGTTCGTCTAGCCCAGACCTATGAGGATGTCTGCCCCTCAAGGTTCATCTCGGCTATAACGATGCCGGATCGCGGCGTCCGATATGAGGGGAATAATTTGCAGATGAGTCCCATGGCCTTTATCTTTAAAGACTTCCATCTTTA,1153,49.96,Escherichia coli
SEQ_179247,CCTCATAGGTCCAGTGGCCCCATTAGTAACCCAAGACAGATTTAGGTATGTTTCGTAATGGTCGTTAAGACTTTCAGCCGGAGACGCGACGATTTATTATCAACCTTTAGTGCTAAGGCATCCATCCCCCGAGCGGCTGTCGCGAATCACGTCTCCGTGATCACTCGGACTGGTGGAGCGCTCTACGACCATTAAACATTCAAAACACTGATGTCTTAGATTCCAGACGATGGAGTCGCATAACGGAGCACGTGGAAAAGGCGTTCGAGCCAGGGTGGGGTTAGTGCAGTTACCA,295,50.51,Drosophila melanogaster
SEQ_590565,ATAATACCTCTGTCAATTGAATACAGCGATCAAACATTCATTGCTCGCCAGATTGTATACGTTTCTAACTTATTCGCCGCTAATGCACTCTCAGGCTCCAAATTAGCAACCTGAGTACGCGTCCGCCGTGCAATTTAGAGCGTTGTGCAGGATGGACTTAGTTTGTCTCGGTGTTAGCCCGGTGTCGACTATTTTCAAGCCAATTAAATATGGCTGCGAGTAGGACCGCGGTTCTTCAAACTCCCCTAGGACCGCTCCCGGAACCTTGTATGGGCTTCATATTATACAGTCAACGGTGACGACCAGAGACTCGTCAGGTCGCCTAGGGGTGTCTCCAGCCGGTGGGTAGTAGGATAGTGGACTGGCCATTAGTCGGAATAATCAAATGTCAACGAGGCGGTTAGCTTATGACATCAGGTGGCCATAAAGGAACTTCGAACGATTTGAGAGATTCTACTGTACACCACAGAACACGGGCAACTACCACGGCTAGTGCGTCACATCAAGAAAAAGCCCAGAACAGATTAAGTAACTCCATAATGTAAGCCGCATATATAGCCGAGATTCCCGAGAATTGTCATTCTATACCGGGAGTCATACATTAAGATCAGCATTCGCTCGTCCGTCAGTCGTGGAGGCAAAGCGAATCAATTTAGCCCGGTTGCGGCTTTGTCCCTGGTACCATACATATGAGGTCGCCACCTCGGCCTACGGTAAGTAACAGGCATCTTTTGCCTAGACACCTGCTCAATGGACGTCTTCTAAACCAACCTCAGGGCGTACGCCCTCTTCATATTCGGGCGTATGAGTTTTCCCAGCCCCGCCAAGATGCGGAGTCCAAACAGCCGGGAAACTTAGCCGATTTGATATATAACCCCTCCCGTAAAAGTGCGGAGGGAGATCCTTCCGCACAGAACCAGGGCTTTGGGCGAACCGGAGCGGAACTGACGCCAACTACCGTTCCCGCAATCAGCTAGATATAGGCGGGATTGAGCTTTTGATGGGGCCTTTCAGCATCATTGGAAAGGATTGTAGGCACGACCGGTGTTTGCGAGCTACCACTCAGAGAACCGTCAATGCATTGGCCCAGCCGTTCGTGTGACCCGACGTACTTGAGCCACCATGAAACAATCTGTATGAGAGATTTTACTGCAACGAAGGCGTGAACTGATCTAGAGAAGTAAGTCCCCTCTTATCAGGCTTCACCGAGATCTTGCAACTCTGGCGCTATACAGTATCGTCGGCTGGCGGTATCATACGCCTTGCATGTAACATCCTACATAATACGGCTGCTTGGGACGGACTCTGTGTGAACGAATCAACGACGGATCGACCGGGGCAGTGCGACTGATGCACATTAGGCATTACCCAAGACTGTGGTTTCATTCCCTGACACTAATCCGTATGCATGGAAAACGAACCGACTAAGATGAGATGCACCAATATAATGTGCGAGACGCCAAAGTTGCACGTCTCCAAGTTCGTGCCATGCGCACACCAATTGGGAATCAGCTCATCAGACGAAGGGTTACCCTCCAGAGCTTTGGTTGGCCCTTGCTAAGTGTGGGTCCTTCCTTTCGGCCAGGGCCTAACTAGTCTATAGGCGGAGTGCGCGTGGGTCCTGAATGTACATACATTGGAACTAGGTTTGCCTTTACGGACTCTAGTGCGAGGCGAATTTATCTCACTCAAGCAGAGGATCGCCATCTGGGGTCGAGGTAAAACAGCCTCGTAGTTTGAAGGTAATAGCGGTGGGAGCCGCAGATGACTGGCCTGCTAGGCGATTAGGAGTATAGAACTGTTGGCGTCCGTACCAGTTAACCCTATATTAGCTTACGCGCTGCTACGACTTAAGACATGGGGATGCATACTTTTTGATCCACGCCAGAATCCTACGGCTTCGCGATACAGACTAGCAAAAATGAGGGGTTGAGCGGGGCAT,1942,50.36,Mus musculus
SEQ_843555,CTGCTAGACGCTGATGAGATCCACAACCAGCTCACCGAAGTAACGGAGGGCACACCGGTGCCTAATAGGACTACAATGCCGTTACGGCAGTGCCTGACAGGCGTTCATGTGATTATACAGGTAACACCGCTAGGGGAGTAGTCCAGATCGGAACGTCCTCAACGCAGGGTCCTCGAACGAATTTTCGCGTCCCTACTTCTGCTGCGTAATCAGGTTCAAGCTCAATCTGGAACTAGTTGATCTGGAAGGAGCCATTCCAATCACAACGTTAACCATAGGCATTTCTACGAGTCCTTCATTCGACAACAGCACATAGCCAGCAGAGCTCTTTGGATAACTCGAGTTATAACGCGCCGAAACCCAGTACTATTGACACGTCCAGCCATAGGCAAGACAGAGCTCTGCTGGCAGTCACGTCTATATTTGCTGAAGTGCATATGGATAATGGGACGCTCAGTAAAGGCTCATCCCGTCGCTTGCACTTTGTGCGGGCAGCTATCTGGCACACGTGCCAGTGGCCATTAGCAGATCTGTCGGGCGTGCCGGACTGTGGGGAGATGATTGGTCATCGTTTGCTCGAGCCAGGTCCTTTATCGTAACTCTAAACGTTAAACTCTATGAAACTGCGTCTACGCAACATCCACAAGGCAACCAGAACCGAAATGGTTTGCCGTGTCTTCTCCTCAGAAGCCAGACGGTTCCACGGACCGCTAATGGCCTTCCACGGGATGGCGATCAGTTTCTATCATATTTCCTTCAAGATCTACGGTCACCTCCCGGCATGCTCATTGGGACAACTGGATAGATAACTGCCTCCCGTCTCACGAAGCGGAAGAGTTTCAAGTGCGAAATATTTTTCGCATTAACATCAGGGTTTTCCACAATATACGATTCGCGCCGGCGGTCGTGCACCCGGACTCCCTTAATACGTACTGGAGCCAATCCGGTGTGCACTCCAAGGTATGGCCCCAGGAGAACCGATCAAACCGACCGGATCCCGCCAACGCGCGATACCGAGCCCCCCGTGTATCATGATTTAAAACCGATATGGGGTAATTGTCCCCCAACAATCACCCGCATTCCTTTAGTCGCTGGTCTGTTCCGTGGAATCCGTGTACTCATTAATGGTCAACCCGTTAAGAGGGGTAATGCAGGGACCTGTCCATGCGGATGCGCTGCTGAGGGTGACTACGAAGCCTCGCCCTGGTACTACAATTGAGCCGCTAAGGAAACTAGGGCACAGGCAATTTGACGTAAGCGTGACGCCGGTCCATTACATAATCTCAGGCTGCGCATGCGCCGTTATTCATTTTCAGCGTGCACCTTGTCCGGCCTGTCTGTAAGGTCGTTTACGATCTATGGATACACTCAAGAACT,1377,51.78,Drosophila melanogaster
SEQ_224299,AGCAAAAACACTCTAAACGGCATCCTAGCTCCAGGTTGGTAGCATCCTCAACGACTTCGACCTTTCATAATTTAGAATACTTTAACTATTGACCGCCAATGACACGCGACTTATACTGCGATTTTATGAGTTTATCTGACAACATGCGTCCGCCCGCCCGGCCTGTATCGGTCCGCCTGATCCCATTGTGGACATACGAACCTAACGATAGAGCCTTTAATGCTATCGTGACTAACCAATTGACTGGATGTGCTAAAACCGGGTCTGCAAAACGGAGGCAAGGTTGTATAGGTCCGCTCAGTGCTAGCCTCCGACTCATACGGGAAGGGACGCGGCTCACTCCGGTCGAGACTCAAGTCCGCATTGGCTGGTGAAAATCATAGGAGAACACATCGAAAACTACGACTGGGACGGGACCCAGTTGCCAGGCAGGTCAGTAACAACGATCCCAGCGTTTGAAATATTCTCGTGGTGCATAGCGGGTGTACCATCGCAGCAAGTGGCCCATTAGGGTACCGCAGCTTGAAAGCGAAGCTGATGAATCTTTATGGAGGCCTTGTCCTGGCGGTACGTGGAGGCGCGAGGCGATAGGTGTAAATACAAGCACCCTCTCTAAGCGCACATGTTTGAGGGAAGTGATACATAATTTTACAGCATCATCATGAACGAAAGTCACGATCACGTTTGCACTTAGAGCTGATTGGCGGAATCCACTGCGGCCACCTCCGGCCCACGTAATCCCTAGTCACACGACGTGCGATTCGAGCTTTGCGACCACCAATGTCGCCCGACGTGCCAATAAACCGAATAATAGTTGTAGAAGGTAGGTAGCGCATGGGTGTATGTGAGGGCCCATCCTGTGTACACTTATAGTAACCTACGGTTTAAAACGGGCAAGACGTGAACATGTAAAAAATGACGCGCGCAATATCTTCAATATATTGGACCAGCAGTAATGACCAGCTTAAGTATTTATAGAAGAATTTCTCGTTTTTTTTTAACGCATCAATACCTTACGCGCCACCGTACTGGCGAATATTCCATTGTTGTGCCACTTCCCGCGTCGCACAGGCCAGGAACTGCATCGCTCAGAAGGTTAGGGAGGGACTCGAAAATAGTCGGATCTGAGTAGATCTCCCTCTCCCAAACCCTTTTGGAATAGTGCGAGAAACTGAACGGCACGGACACTTCAGCAGTTCCCCGGCTGCACAGATGGGCTGGCGTGAATAGTTTGGGCACCGGTACCGATCCGTGTCACTCACCTCGGGGGAACGGCTCCTGTGTTAATCAGTCCAGAAGAGGGACGTCGACCCTAGTGGGGCTGAGTAGGCATACTCATTTTGCTGAGCCGGGGAAAATAGTACTCGCACCTCCGTCTTGCAAGACTTATAGTGCATCATAGTGTAGAAGGGCCCCTTCGTGCAAGGACACTTTGCTCGTGCGAACCGCAAGTCATACAATCTCACACCCGTAACGCACTGTAGTCCACTCGAACTTGACAAGCTGAGTGAGAACCGTGTACGGACTCACATTAGCGCGGCCCTGGATGCGTTTCTGACCAGACAAGGAATCCTCGGTGTCAGAGTATCGGAATTAGAGGGAGGAATTATCTCAGTACGGAGAACCCGCGACCATAACCGACCCACCTGACAACGTAAGTATCACCCAGGTACTTCTTTTACTCGCAGAACTTGAGTACGGCAACTTTGAACCCTAGCCAGTGTTTCTACACTAATACTGAGCCTCTTAGCTTCGCTCACCGAACACGAGTTGAGTAGGGGGGGGAATTTTCAGTAGTGGACGTCTATCCCCGAAAGTATGACGGCCAGGCAATGAGGTTAAGATCCGTTCTGAGTAGCGCGGGGAATTCACAAAAGCGAGACTATGAATGCTGCAGCCGTTCACCTAATACCTCTCTGATGCTTAGACGGTACGACCAACCCG,1944,50.46,Caenorhabditis elegans
SEQ_238824,GATTCTCCTAAAGCTTGTATCCTGAGCCCTCGGTCGATGCTTTACGCCTAGGGACTCTTACTTGAAATGAGTACCCGACGCGCCTAGAACCTCGTAAATTAATGCGCGTGCTTGTGACGTGCTGATTGAATGCGGTAGAATTTACATCGTCTACATCCGTGTCATGTGGCCGAGGAACATCTTGCCGCCAGGATGACGATTACCTCTAAAGTCGTATGAAAGTAGAAAAGAAAGGGTGCATCATCACGACTCTGATGGAGGGCAAGAAGAATTTGCTTGACCAAATGTGGCGAAATCGATTGCTATGCACCTGTCTGGAAATTTCTGAAGTGTGGTGCGGAGGAAGTACATCGACGCTTGTTAATCCTTTCTGCCTCGCCCCCAATATCTGCAAGGGGCGCAGATCTTTTTCTATGGAGAATTCACCTCTATGACCGTTGGCGCAAATCCCACTATCGACCTCTTTTACGTACTTTGTAGCGCACGGTCGTTCACAATTCTGCTAAGCTACCGGTGGAGCCGTATTCATTTTCAGGCGTGTACCGTAATGAGTGCTATATCTAAACTACCTGCTGTTCGCAGGTAATATCTGGCACTCCTACGGGCTACCAGGCCTCCCTCGAGGGCCTGATGAGCTTTTCATTCCAATGATATGGTACAGTAATCGGTTATCACCAGTTTCAACTCCATTTCTACTAAACCGAGACGATATAGGTCTCATCGGCCTACCAAACGACACAGAATTCGAGCGTTTGCACGCATAGCTAACTGTGTGGCTTTCTACCAAACTTGCAGGAGCGCTTAACACATTCTGAATGAAAAGTACTTAGTCTAGATGCGTGCGTACTTGGAAGAGGTATTCATATTCTAAGCACTTTTCATCTTTTCAAGAACTGTAGGAGTCGTATCCTGTTGGCCGGCTAGCCTGGGTTTATTCTGTAGGGCGACTACAAACAAATTGCCACGGTCGTAGCGAATAAGGCGTCGGCTAGGATGGGAATAACCGGGTTGAAGCATAGCCGGCGATCGCTCGGCACAAGACACTACCGGGACT,1054,47.82,Caenorhabditis elegans
SEQ_164578,GAGCCTTTCGCTATACCCTTCAGTTCTCACTAGTGCCACAAGAATACCGTGTGGGAAGTCCTCGCAGAAGGCATATCGGGACATTGGTTACAGGACTCCGGGGACTGCAGTTGATACGGTCACGTTCGCACCACCGAGCGAGGAGTATACAGATTTCGAGCATCGGGATAGTAAACGGGGGGAGGATTCACGGCGCCTCGGTGAGAAGCATCACGGATTAAACAAGGTAGGAAAGAATTAGTTTACTAGACTGCATAGCTGACTGCGTGACTTCTAAGCAGGTGAAGGTATTGACGTAGCTAGCCCAACTTGTGCAACCTAGTTGAGCAACACCAGCTACTTAAGATTGTATTAGGCACCGCTTTCCGTGGTTAGACTATAGCAGGCCGGCTTCCAGTAACTTTTTACTATTGATACCGTAGCCCCACTATGACTAGTCGTAGTACCTTGTGGGGGCAACGTTATCGTATAGGAAATTACGGACTGCGTCTATACACCTTCTAGACTAGAACGGTCACGTGAGCTTTCAAGATTGTTCACGATGAATAAGACCCTGAACGTTCACATTCGCTGGAGATGTTTGAGCGCCAACTATAATCGGTCGCTTTTGGAGAAGTAGTTGTATTTGCTATGAGGACTATGCTGCAGGCGCTGGATACCTAGGAATCGGAGGTGCAGGTACTCCCCCGGCGTCGCCCTGTGGGCGTAGCACTGACCACGTCTCGACACCCGTCGAAACATACGACAATGGGCCTTTGCTTAGGTCTCTAGTTAGTAGGAGCCTTCAACCGGGTATCTACTAGACTGAATTCCAATAAAAGGAAGAATCATACCGCTATAGGACCGTATACTTTCACCTTCCGTTCTAAGACATTGGGGACCGAGTTATTCGTCGAATACGATAGGAGTAATGGTTAGGCGCGTGGGTGAAGGATGCCGTAAACAGAGACGTGCCTGCAGCCGCCACTCACAAAATTTACCCCCTCCA,988,49.39,Caenorhabditis elegans
SEQ_910372,AAACGCCGTTGCATTCGGTGTGCAGGAACTGTGCTGTTAGTCCTCAGATAAGTAAAACGGATCAAAAAGTCTACCGGGAGCCCCAGTTTGCGATCTCGAATTGTTTTTAGCACAAAGTAGGAGGGGGACTGGAAAATTAGAGGGGCAATCGAGTACTCGCGAGGAAATCCGAGACCCCGGTAATTACCACAACGACACGTTAGCGTCCTCATCTATGGCACCCGCCATCCTACCGCTGGGCTAAAACTTAGCATATTTATTAGCATGACTTTATCTATGCGGGCAATCCAGTGAAGCCAAGTCTGTTAAGAAACGCTTGTAACGTTGCATATAATGTGAGAAAGGTCAGACTATGAGAGGGTGGACAAGCACAAGCCGGCCTTAACTACGACCATTGAGAGGTGGTCGACGTTTACGTTCTCTATGCAACATCATAGTTAAGCTCCGCTAGAACT,455,47.25,Caenorhabditis elegans
SEQ_701701,GAGGACAGACGACATGCCAGTGTTCAATGGTCCGCGCCGTATTCCGTTCGCTATTACCTGAGAGGCGTTCTACAGTAAAGTAAATCCCAAGTTAACACCACCGGATGACTGACGTCTGGCCTATCACACTACGGCGCTGCGTTAGTGAAAGTTTTTGCAGCTCCACTCCCGCACCAGCGTGCCAATCGAGCAACGTAATCGTGGGAAGCGCTGTTCCCCCGGGCTTCTCCTCCGTTGGCTACGATGTTGCGTATCAAGAATACATTGGTCTGGGAATCGATTTGCTCGTTCCGTCACCATGACCGTCAGAGTCCGATGAAGAATGGTTGTTGCCGCAGCACTAATGCTGTTAAGGCAACCTCAGGGCGTTCCTCAAAGCAATGTGTGCACATGTCTACAAGCGAATACGCCTACTTTTCCAACAATTGCACCAGAACGATGAAGACCAAGCAAGTGTGTCCATTAAATAGAAGGGCAACAACGATCATCGGTGACTCACCAGGTATGCCAAGGGATCGTCGTAGTCGACTAGATGTTTCCTATCTGAAGAAGCTCAAGGCTGCACTGAAGGTGACGCGTGGCAGGTCATAACTCTAGCCTTGTTACACTCCTGGAATTGACAGGGATTTGTTGC,634,50.63,Caenorhabditis elegans
SEQ_108811,AAAGAAAAAAGCGACAGCCAATTGACTGTACCAATGACGCAGTAGATACTTTCTGTCCGAGATTTCCTAGGGTCCCGTCGTTTGAGGTATCCCCTTTTAGCGGGAAAGCCGGGGACTAAGTTGATCGGGCACGCCACTGAAACATGGACGGCTTGATAGGAAGTAATCTTATACATGTCACAGACTATTTGAGAAAAGAACGCGCTTCCATATAATTCCAAGAGCGTCTAAGAGCTTAACCCAGACCAGCCCAAAAGAATAATTCGCTTCTAAAATTTCGTAGCCCCACATCAAACGGACCCACAAGACTTTGTCATAGGGCTAAAAGATGGCTTTACGATTATCTTATGGGTAAGGCTCTTGCGTTGCCTTTGCAGAGTTGACGACATGAGTATTAATGGGCTTTGTGCGTCGTTTGCTTGGTGGAATACCAATGCAGATCACTGACTTAATTAGCTTGTAAAACCTAAGTAAACCAACGAAAGAACTTCCCGGATGGTTTTGCTAGCCGGAATCGCCCGCAAACTCCGGCCTGGGTCGTCTACAG,547,45.7,Escherichia coli
SEQ_834918,TTGTTCCGTCGAGAAGCAACAGCTGCATCTACCCATTGACGCTGCTTGGAGTACTAATGTCTGAAGCTAGGGGATGCGCTCGAGCTGAGGAATAACGCAACACATACCGCTTCGGAGATGGGCTGGATATTCACCTGCTTATTGTACGCGAGCAATTTGCCGTAGACCCCGCACGTTACGACGGGCATCATTTCCAATGACCTGAGACCTGCCAACCGCAGAGCATGCGATACTCTTTGGCATTCCAGTAGGGTCAACCATAGTCAGCCCAAGATATGAAATCACACCTTTCCATGTCGAGCTGTACGGGCTGCCATTTGTGCTGTAAGTACAACTGCGGCCGGGTCAAAATCCGTTGGAACTGAATGATACAAAAAAATCTCGCCGAGAACCCCGGGCTCAATGTTCCCGGCTTTATGTTGAAACAATTGGATTTCACATCTACAAACCGAGGCGTAGGCCATACCGCCTTGTTTGATTGGACGCTTCGCGCACGTATTTCCAGGGCCGGATGATAGGATGATCAACCTACCAATTGCTCCAAAACGCCGCCGACATAATGCAACTGGTCCAGAAGCTCTAAGGAAGGTTCGCCACCGCACTATGATGAACCTGTCAGTCTCTATGATCCGTACGACCCCGTAAGACAGGTTTGGGATCCAGTATCAGTTGGGTCGCAATGGGAAGCGGTACCGGTAGATCTGATAATCCGGAGAGTAAGGCCTCCGTGGATTCCGCTACCCTAGGTTGCAGTAAATTTCCTTCCGGACTCTCCTGCGAAACTGGAATGTTGTCATGATAGGGCTCCACCAGCCAGGTCAAAAACTTGGTCTTAGCTTTTATGCTTTATAGGAGCGATATACGATCGCAGCGACCCTCGGGGAATTATTGGCGTGGCGACATGCATGTGTACTACCACGGCTAGCCCAGTCTGTAGTAGCGAGATAGGGCCGGTGGCCGGAACAGGAATCTGCTGTAACAGGCATAGGCGTACACTTTTTTATTTACCGTATGATGCCTTTCGGTTGTATAGCTGGCCTACGATAATCGGCACGCCACTGATTTTGGCTCCCAAGACATGCCACCTCTGCTTCTTACCGAAAAGACCTTAAGTGAGGGGGGTCGTTTCAGGCACGATCCACACATGAGTTATCGACCAAACGAATCCAGATCGCCGTGTCGTAAGGGGGTAGCGGGAAGCTCAGCAGTACTACTACCGCCTTGGGAATCTGTCTGGTTCGAGACAAAATGGTGCAGACACTGAGCTACGGTCCGGCTCTGTACGGTCGCTCTACTACCCGTAAAAGGGATGGTGTAGGCCAGTACGAGTCAATGATGTTTATGTACCGGAGTGAGCTTGGGGCTTGGATAGCTGCTTTATAGAGCCACTTGTTGGGTGTGGGATGAATGGTTCCTGTATTTGTGATCTAATACGCTTGAAGCAGAGGTAAGGATGCTATAGCAGATCTTGCTCCCAATTAATCTAGGTTGAGCTAAATACGGATTCAAGCAAACTCGAATCTTCGACCTTATCACTTGCCGACCATCCTGAACGCGCTCCATCCGATTTATTAATTCTCTGACTTATCCTTTTTCCGTCGGCTACAGGTTCATATTATCTCCCCGGCCATCAGCGCGGGTCATTGGACCTTAGTCGACGCACCAAAAGATGAAACCAGGGTACGCGATCGAAACGCGGCTGAAATCTGG,1710,50.35,Saccharomyces cerevisiae
SEQ_225072,GGTAGTAATGCGTAGAGTCGGCGAGTCTGTTATGCGCGCGATAGAGGCCCTGTCTCGGGTGTATATGCCCGCCAACCTGACCTATAAATGCGAGTAGGGTTTGCGGTTAATATGTTTTCTATCCCAGCCCGTGACAACTAGGGCTGTAGGTTTTATAGACACTGATGGCTTCCTCTCTGGTGCCCGGGTGTGTCGCACACATGACGTAGATTGAGGTATCGAGTATTTTAATATGCATTGCCCGGAGAAGTATTTTCGACGAAATCTAGGCAGGTAGTCAACCAGGTGATCATTGGGGGTTGATGTAGCTGTGGGAGCCTGAGGCGTCCCGTAATCGGAGACAGCCTGATACCTGATATAACTAGGCGAACGCTTCAATCGCGAGAGATTGTTGAACTTGCACATGACGTGTTCGCGCGCACAATGA,427,50.35,Mus musculus
SEQ_564106,AATATCACTCGTCGGTTAGCGTCGCTGGCGAAATTACACCATGGGTCCGCTAGGTCAACTAGGGCACCAGACAAGAATTCCCAATTTCCTTTCTTTCAACTTACACCCGAGACGAAGGAAGGGCCATAAACGCCATAATAAAGAGCACGTCAAGCTTCCCCGATTAAAAGCGATACTCAGGTCGACTCTAACAATTCCTGAAATTTCTTACAGATTCTCCTGGCCAATGCGAGTTGGCGATGGGGCGATCGGTGCTACTTCAGTAATACAGCGGTACTCTGGTCACCGGGGAGGGCGTCGCCTGGCGATTTCGTACGGAGGACTGATGCAATTGGGGTGCACAGTACCTGCATAAAGGAACCCGACGAACAATGCGAGAAACCACCCCTATTGCAAGCTATTTCGTATCTTCACTAATGTGTTTCATGCCCCTAACGATGGTGGGGGACCCTCCAATATAAACGGTCGAGAATAGAATTCGCATAATCACTTATCATCACGGGTGGACGTGCCTCTAATAGTGCCATTCCGGGAAATCCCTTCACGCGATTTTGTAAGCATGTTAAGCGAAAGGATATATGTCCGTCGTGAAGGATCGATGTCTCCCAGCGCTTGGCCGAGTACCGCCGTCTTACCACTAAGTCTCTACCAGGTACTCCGTGTAACTGGGATCGAAAACCGTTAGGTCGTCGAAACAGGTTTCGCACGGCAATCACTGAATAATTGCTCGCATATAAAGAGCATCGTTGAAATCAAGTGTAACCTAAACAGTAGGGGGGGATTCGTCTAGGTGCGGCAGAACCCGGGACGCTTAGCAGTCTGCATGTCTGGGCTGGTCGGACTCCACTGCCGGGGACAAGGCAGGTGAGGATGATCATTCGTCAGACAGCTAGCGCAATGACCTACAAAATCTATGGCATCGAAGGAGGGCAACCTGAAATACGACAATCTTTTTGCAAGAGTGACATCCCTTTGGTATGTGTTACAAGTGTAACACACCCCCTACCCTCAGTAGATGCGAAAACACTTGGCGGGGCAGCAAATCGTGCCAGCAATCGTTGAGTATAGGGTCTTTTGGTGCGGATTACAGCCTTACCGCGGTGTTCATGGAAGATTACCCAAGACCGGGGAGAGCTACGAGGTTCTCCTTAGGTTCATGTCCGGTGTCTTACTGAGGATGTTTTGGTTATGAGCAACCGCCGGCTAATGCAGTTTCCTATGGAAGCACGTCTGGCCGCTGGATTGTACGTTTTCGTTCCACCAAGCAGCTAGGTTCTGGAGATGCAAATATATGCTATTTGACTGGGGTCTGGAATCCGTCTACATTGAGAGGCTGCTTTCCGAGAGATAATAAGAAGACTCAGCTTCTTTTATTTAGAAGACATCTCGCTCAAAGACAGACTGCGGCCTGCGGTGCGAGGACATAGCAGCAGCGGTATGGTTTATACTATTGTGCGAGAACTCGACCGAGTTTGACAGACGCGGCGGTCGTATGGACGGAACAGGGGGGTACTCTTGATGACTAGCCTTCTCTCGGATTAGACCCGTCACTAACCCGTTGGCTGCCCAGCGGTCGATCGTAGTATGCATCACACAGGTGCTAACGGTTAAGTGCCTCGCTAGTAACCGCCGAGCTGTTCTCCTCTGGCCCAGCAGTCCATTGTGTGGCATTACGCATCACCTTCAATGAGAGACACATTACCGTAGAACTCGGCCTAAATTCCGGCAAAGAGGTTACGTAGCATACTAACGCTTCGATAAGAGCTTTCACTTGTGTATCAAACTAAGGAATTCCAACTCGGGTCGCAGTGGTCCACAACTCGACGTAGACGCATTCCTACGAGAAGGCGGAACGCGAGTATACGTTGGCTGCCGGCCGGAACGGCAATACCCACAAGGTGGAAGCGAATGAGTATCACTCCCGTAATCGGCACGGGTTCCCATTC,1946,50.51,Homo sapiens
SEQ_352542,TTACCACTAAATCGCCGTGAAGAATCACCCGCGTCCCAACTAGCTGATTAGAGCTTCACTAGCGAAAACGTCTTCCTGGACCTCACGACCTTTATTTGCACCCTACCCCCCAAGTATAATTCAATGGACCGTGGTGCTCCCTCTAGGGATAGTCAAGTCTCGAATGGCGCTGTCAGGTCCTACGGGAGTTTGTGAAATCAGACCCCAGGTTAACTTGTCGGATATGCTACAGCTACCTGGGCCCTACACGATATAGCTCAGCCTACCCCGCAGCCCGTCAAAGCTGATCTCGCGGAAAGGAGGGCCTTGCGCACCAGTACTTAAGGATATTAGTAATGCGACGCCTAAATAAACCCCTGGGATACTTTGTTAGCAACTTCCCCATTTATCTCATGATAAAGTGGACAGTAGTAACCTCGCGATCCGAAAGGCACATTTACAGCCTTGCCTTCTCTTTCCTTTGTCTTGGCCCTTCAGTGGCCCGGAGCGCGTCGTCAGTAAGCTTAGCACGTCACTGGATCTCCTCTGGAAGTA,534,50.75,Escherichia coli
SEQ_845887,CTGGGCACGGCCCATTGATATTCAATCCCGATCGAGGCATATAAACAGACTTCCATCATCACGACGGGTGGTCACGTTTCGGGGGCCCGACGTGGTTTTCAAAATAATAATACTTACTCGGGGCGCTTTTGGTAGCGGCGGGCGCGGAAATCTGTTTTGGCCAGTACTGGTTCGAAGGTCGAGGTGGACAACGATAGTATGGCATCTCCTAAAATCAAGTTTGAGTACTAACTTGGTGGAGTTTTAAATATACGAGTAAACGTCGTAACGCCTTGTCTTCTCCCAGTGGCCTGTCTTGACCATAGACGACCCTAGTTAAATTTTTCGGTTTTGCGCCACATGGCAGAGGATGTCAAGTATCACGTGTTCATTGTGCCCAAACTGAAGAGGAGAAGTCTTAACAGCTAAACCTTACCGCGTTGAACGTACAGTACCGAGT,439,47.84,Saccharomyces cerevisiae
SEQ_782610,TCCCTTGCGAACATTAACGCATGTATGGTTTTACCAATTGTTAGGGTAATCTGCAGGGTATAGAGTATGTCGTTGCAGTTACGATCATGGCTTCCTATCAGCTTTTTTCGGGGAGCTCGACCACCGATCGCACGCGTACTCGGCCGAGTCTAGACTCTCCATACGTTACCAGCGAGACGGCTATCATGGCACTGCCATTCTTTCGTATGTAGAGGAGCCTGGTTAGGGGAAATGGGAGTATCCATAAGTCGCCCGTTACCCTTGTCAACATGCAGCAATTGTTGATTGTTAGAGCGTCAGCCACCTGGAAACACTTTTAAGCTTGATGCCACATAGTACGCGTAGCTCGCTCAATTGCCGGCACGGCAGAGCCAAGGGCTAGGTACTTGAGATCCATCGAGAGGGTTCACGGTTGGTTTCTATTATGGCCAAGAATCTAAAACCACTAGCGGGGCCTAGGCGGTCTAAAGGTGCCGGACGTCCAGAATGTAAAACTCCCCGAAAGCGATGGTCGGCACAAGCTGAACATAGAGGTTATTAAATCGTCCTTTAAATATAAGTGGTGAAAGGCGTGCCTGGACGGCTGCCCTGCCCTAATAGTAAGCGCCTCAACCGCTAGGATAGCCCGTTTATGGCAAAAACCTAAGTCTCGAGACGCGGAATCCAATTGAGAAG,675,49.93,Homo sapiens
SEQ_171817,CAGTAGACCCTCGTGACTGTTTACAACCGCCATGGAGCCGCCAAACCAATATCTGCACGCTCTTCAACTAAAGCGCTCGTCACTCTAGCGTGAGCTTCGATGTTGTATGTGGTGACGGCAGTATCGGGCACCCAGAGCAGTGGGTTGGGGTGCACTGCTGCTTGTACACTTAAAACAGACTACATGTCGAAGTTGGTGCATCCATCACTCAGACCACAGTCCGTCTGTCGAACCTTATTGTGGAGATAGCGTCTCTACTAGCAGTGATGTTGCGCCGGATGGAAGGTTTGGTATGCACCCCCTCGCGTCCTAGGTCCGAAGCTTCAGGAGGGAGCCGATTCATAAACTATAGGGCCGGGGACTACCAAGGTGGGTATCCATAATGTAGTCGCGAGAGTCCGATCGGAAAACCCGGCTCACCCGCGATTTTGCACAAGCTTACTGCGATTTGTTAGCTCCAGCTGGGGATTACCATGGACCCGATCGTGGTTCTTTGGTTCCGTAGGTCAAGGCTGACAAAATTAGCGGCACAGGAGAGGGAAACACACTTACACAGAAGGCAGCGTATGACCTCTAGGACCTGAGCCTATCGGGAACTGTAAGCACGCAATTCAATATCACCGTTTGGGTAACCTTGTCGAAAAGAGTTATTGAGTTGGATCTGCGAGCATCAAGCCCATCGGTATCCATATCGTTAGGTGAGATTTCTGGACCGCGTTATTAGACCTATATGCAAGAGTGTAGGGCTATGGGCGCTCGCGTAACTGGCATTTTTTCAATTAAGCCGTGCTGTCGACACTGGAGATGTCACACCCCAGGATCGCTAGAAACCCTCTGGCGACCACTCCCAACCTCAAACCA,861,51.68,Mus musculus
SEQ_240521,AAGAATCTTTTTGTAAGCTTGACGTCCCTAGCCGTCACTATATATCGGTTACCTCACCTGCATGTGTATCGATACCTGGCCTGAATTGGTTCAGATTGAGTGCAAAGGCATGAGATTTTCTACGTCAAAGGTCGAGCCACAATAACTTTGAGCGCTGGTGGATGCCACGTATGCTCGGTAGACCGCGTCTCGAGTCTGATACTAGACATTAACTCTTTATCCACTCTATAGTCTCGCATAGCCTACATTGTTCTTATTGCGAGGGTGGTAACGGCATCCTTGTAGAGCAGAACGAGTTTGGCAGCCGCTGGAACGAAGTATTAAATTCCTCTCCCAACCCGCCTTAATCGTGTCCTGGTCTAAAGCTGAGGTGGTGTTTATCCCAGTACCACATCGAGTATTCCGCTCCACTAACGGTCAATAGATTCTGAAGAGCTTCGTAGTCGGTGTAAGGCTTCACTCAGCGGAGGGTTGCACTTGCAGCCCAAAACCGTTGTACACTACCAAGAGTCTTAC,516,47.67,Saccharomyces cerevisiae
SEQ_557072,GCGAAAGCTGTCGGCAGCCAAAACCAAGACACACATACTGGGGCGTACTCGTCCCAAATAAAGAGGCCGGTTAGAGGGCGTGCCTAGCCGTAACCTCCTAGGCCAACCTCCGATTGAGATACAGGCGGCGTCCTCCAGTTAGGCCGACCCCGCTGTTTTACCCGACTTCTTAAAGACGCCATCAGGGGGCTTCACACCCGGAGCGGATGATCCTGGAGAGGATGTTTTACCCGTCTGGAAAGACCTGTTTCTTCTTCCGTACGGATGTTCCAGTGCCGCCGGCGTGGATTGCTAGGTTCAGGAGATACTTTGCACAAAACGGCACCATATGTTCCGACGCCAGGCTCGTACATACGCTGCCGATGTTCCATGTCAAATATTTTTAACAAGAGAGCGTGGACCGTTAGCTGTGTTGTCCCTTGACGGCTACTAAGAGTGGTATTACATACGGGGGCAATTCAGTTGTTAGGGCTCCTTACAGCATGGTTTTTGTCAGGCGCTAGGTAGTACGCCCGCCGTTTATCTGCGATCCATGGTGCCAATGTCAGA,549,53.37,Caenorhabditis elegans
SEQ_718132,GTCCGTAAGAGATTTTGTCACAAGGTTCAAACTTATACGTGCGTTCCGAGTTAAGGTGAAGTTGCGTATCTAACGCGCCCCTTACCGCTTTGGAAACTGAAATATCTTACCAATGGGCGTCTAAGCTACCACTTCTGGTAGAAGCACAGAGGACAAATCCCATAGCACAATCCGCCACCTTTAGCGCTTAATAGTATCAGCCCGGTCACTTAAGTTGTGTATAGGCACTTGAAGCCGGGCCCCTTAGATACACTTCACATTATAACACTAGAATATAAGATGGAGAGCTACAGACTAAGCGGGCCACCTATGCGTTCTTCGTGTGTCACGCACAGGACTGGAGGCTGGTGCCTTAGGGTCAGACCTTTTTTGGCCCCAAACCTGCAGAATTGGGCCGAAACAAACTGTTCCTCCCAAGCAGCCTAGTATATAGAAGCTACCGGAGCAGGCACCGGCGTGAGGTCGGCCTCCGAGATGGCGTAAGCGGCTCACTCAGTAAGTAGT,504,49.8,Drosophila melanogaster
SEQ_707080,TCTAGTCAATCACCAGAGTGACATTACGGCTGTTCGCTCACGCTCAGGGGAATGCACGTAGATATATGCTCATCCGTGAGAATGGCCAAAACTTAAAATAACCCCCTCAGGTAACAGTTGCTTATAGGTATCGGAGAGCAACGAATGAGACCCCGGTCCTCGTATAGTGGAAAAAGAACTATCCCGTCATGCGGTGATCAGTCGGCTGCATCACCGGCAGGCGTGCCGCGAATACGGACTCGATTCTGAATTCGAATCTCTGATCAAGGAAAGTTAACTGGTTTGGCTTACATTACCATGAAAGTCAAAAAAGAACTGCGACCTACCAGTGGTACTGTACAAAAATCGTGAAAAACTAAGACGTGTCTCACGGCTCCACTCTTAAGGTGTACCTCTTCCGGGCGGGTTAATTCCCGTGAAGGTGTTTTGACATCAAAAAGAACTGTAGTTTTGGATGGTCCCACCACGCGGCTGATAAACACGTATCAATTTCTATCAGGTACGGCTTTCTGAATACAATGTGGTGACTTGAGGGGATCTATAATCTCGAGCATGGGGTGGCTTACGCTGGAATCGGGGTGGGCGGTAAGTAGCTGGGACCTGTTAGG,608,47.86,Mus musculus
SEQ_459474,TACCCCTTTCGCACGTATGTTGGATTCGGCATTAAATTTTTGAGGCAGGTCACTGAAAGGTCTTGTCGTGGCCGTGTAAAACATACGTGCATAAAGCCCACGGAAGCCTGACCTGAGACTGTTGGTTCGGAATCCCACGGCAACACGGCCTCCCGGGACGCATCCTCGATGAAGATACCTGGATCTCCGTGTTTACCGTGAGTCACGTAATACGTTCCTACCTATCCGTGAATGGGGCAACGGGAAACTAAGTGGCAGATTGTCGCTTGTCGAAAGCCACACGGAGTCGCACAGCAACCACCCTTCTGCGCGAGACAACACTAGTCAAGGGGGACAACGCGATCCTCATCTATTAAACGATGGGCGGTTACCTGGAAGGATAACCGGCAGGTACTCTCAACCCTTCATGCCGATGAGAGGGTCAGAGTAAA,431,52.44,Drosophila melanogaster
SEQ_952180,TCCTGTACCATTTCACCGTAGCCTAGACCAGTTAGAGATGTATTTCGAGCGGCGTTCGATCGCTAGGATGTATCTAAATTGTTATATAGTCAATAATCACGGACGTCCATCGCGTAGTGGTGATCATGCCAATTGACCGCGGCAGTCGGATTATACAACCGAACTATCAATAGAGGCTCATCTTCTACCATTGGCGCAACCCCCTCTTTCGTAATTCACGCTCATCCTATGAGGATTAGTAGCGCCGTTCATGCCAGTGTTTAAAGTTGGTCAAATAAAACAAGAAACGCAGAGACGGCGGTATATTTCCTAGGCTCGAGATGCTAGACGTCCATACCCAATGCTAAACGGTCACCCGAACTGAACGTCAAGCTCTCGAACTGGGCGGCTGCTTAGTTTCATGCTAAGGCACAGTCCCCATTCAATAAATCCAACAATGCCGGTTCGTTTGACTGTACGGTTAAAAAACCGAGACGGAGCAACTTCCTAGAACACATTCTCCTTCCTTAGCCGGAAGCTAACAAAACCGCCCTATCGTATACATCGCGTGCCCTGGAGCCAGACGGTGTCATTGCATGCAGCAGTCTCGTAGCTAATCTTTTTCGACACGCCGTCGCTGTGAAATGCCTCCTAATTAAGAAAGTGTTGAAGCGAAGAGCAGAGGGTGCCTTACATTTTTAAACCATAATCTTTCTACGGCAATCATGAGTGATAAGTTCCAGCCAAGTGTCCCACTGCAGAGCAGCTACGTCCGAGTCACTGAACACACAAAGATCCTTACGTAGCTTATGCAAGTCATGATACGGGTTGCTCCACCGTACGTTGATCCTCGGGCGTATTCCCGCTGCGAATCTACTATCTCAAATGATGGCTCCACTGGTCAACTTTGGGTTGCCGCCACGCGTGGTGGCCATGTTATCCCGCATCTCACACCTCAAGACCCGGGCGCGCATGTCAACTTATCGTAATTAACCCAATTACCGTACGCCCATGGAGTCAAGGAAGCCTATCCGTGTGGTATCGCTAATAGTTAGTACCCTCCTACCCCCTGCGGCACTTAAAGTTTTCGACACGGGGTAGTTACGACGCATAACAACCGTCTCCCGTAATAGGAAGTAACGGTATCAATCCAGGACAAGAACCCCTCCTTCTCATACAAAAATTGTGATATGCGTTCAGGAGCTGCCACAGGCTTAGGACAAGCATATCCCCTTGCGCTGACGCTTGTAACCGGCCCGAGCGGGCTGGTGGGTATGCGAGGAATCGGTACTATCGCGCACGCCGCACGCTAAAATGGGGTCATTTAGTGTTGCGTGATGCGGGAGCTCATGTCATTCGCTCTCACAACAGCACGTTCTATAGTAACTCTGGCTGTCGCGGGTTGAGGCTATGCCTACAGAGCACATCAGCACTAGAACAGCTTTCGGATCT,1431,49.62,Saccharomyces cerevisiae
SEQ_519837,ATTTTTAGTAGAAGCCCGCCATCCGCATTCGTCTCCGGCAACTGTTTTCGCTAGAACTTACATCTAAGCAACGCTCGTAGTCCATAGTGAAATTGCCCTATGATAATTGAGACTGAACTATGTACATTTGATGCCACAATTGAGCAGATCGCATATTTATCGCGGGTTCTGCGATCCCCTTTAAATAGCAGTTGCAGTTCGGGGTCCTGCGCCTCAATGCATGATCACCACGCCTCGCTAGTGGTCGTTTTAGCGCATATGGCTAGATCGGTACCGTCTACACGGTGTTCCACACGAACACCGGCTTCGCAGTCGTTGGCGGAAGTAGAGCAATACCGAAATGAAGGCTTCCTTGAACGGAAGCGTAGAAGCGGCGTTATCAAGGATTCGCATATCAAGATGGCCCAGCGTCCGCATCGAACAGCCCGCACTACGGCATTCCAGCTGTGTCGAGACATAAATATTAGAGTGTCGGTGAGTTGTGGGTGGCACCGCGGTATTACGACGCGTTCTCCCTGACGTCGTGTAACTTTTGATATCTCTTGGATTACGGTTGAGTGACTACACCTCGGCTCACCCGTCTAGCCTATGTTGATGTGATGCTTCCCAGCAAACTTCGGTTCAGACACTCCGTGACGACATCCAGTTTGTGAGATCCGTGAGACCGGTGAAGAACAACTGGTGAGATACACCAGACTACAATTCTTCCGCCCTCGTGTATTACTACTCTGTTGTTATGGCGGAGTCTTCGAGTTACTCGGTGTTGTCGAACGTATGAAAACCCGACTCCCTTCGTCAATACACGCAGTAGGAGCAGTATTGGTGCCATTCAGAGCATTGACTAGGTCGATCTAAACCAACACGTTTACAAGCTAGCGAGCGCGGGTATCACCGCCCCATGGTCTTATCTAAACGTGGTGTATAATGCTACCCCCCCACACTACGGTTCCGCTTTCAAAGTCACGCCTTGAATCTTAATATCGAGTGCCGGAGTGTGCTAACTGTTCAGTGGCTGTAAGGCTGATCTGAGGCGTCAGAGATCAGAGGAATGGCTTTGTCGTTGTTACAGCCAGGTACCGTCAAATCTACCATCAGATCGGTCGCAGTTAGGCGGTTAGACGCCGGTCGGGCAATCACCTTAGAGCAGACGGGGATAGACGTCTTAAGCGGTACGCCACTTCTGTTCAACTGCTGAACGATGATACAACACACACGGTGCGGCCACTAAATGCGCGGCTGTCGCCCGAGCCGAATAATCAATCTCCGTCTTACCTCTCTCCGCGAGGATTATGAATTGTGCGTTCCGTCGGCATGTACGTAGCTCTCAGATGAGGGCCTGATCTGTAAATGTGACTTTGGACTTCTCGGAGCCAGCTTTTTGGCGGCCAGCCTTATAATTGGAATCACGTCAAGGGTCGACAATGGGACCTCCATCAGGAGGAGATTTTGGTAAGCCTACTACCCGCTTGAGAGCACAATTCCCTATAGAAGTTGGCAGTCTTGTAAGTCAGAGATATAGGGTGCCGGGGACTCGACAGTCGAGCGGATATGAACTTTGCCTACGTGCCAATTCACCCAGATTTGACAAAAGGGTCAAACAATTTCCGAGTGCCAGAAGGAGATTACAATTCCGAGG,1636,50.31,Drosophila melanogaster
SEQ_891883,ACACAACGTGGATGGGCACGCAATTTCCTGCCCTGTAGAAGCCACTGTATCGAAGACCAGTGCAGTTTCCGAATACTGGAGCTATACTTAGCAGAGCTTTCTCATCCATTGTTGCTGGCAACCGGTATCTGAGGGCTAGTATCACGTTGGGAGCTGTTATGACCTGTACTCAAGCGATCTTCCTAAGACTATTCCCTACTGTTCTGTACACACAGTGTTCCTAGCTACTCAGATTCACCCCAACGAATTCCTGTTTTGGTCAATCTTTGGTCAACGAGAATTCCCTTATGTAATCCCGAGGTGACAAAACGAGTCGGACCGGCAGCTCACTGTAGGGTTTACGGAATACATGCTTTTAAGCAATGCTTTATGGCCCGGCTTCCATAGTTATAGATGTACTGACGACGATAACAATGACGCCAAATGTCAGCAGAGAAGCGTTGAAGCGTCCGCAGGCAACATTTCGGTAGATACCATCGAGCGTCAAATCGACGGTTAAGATCATAGAAAATTGACCCATTATCAGCTATTCAGCTATGGACACAATCGGAATGCTATGTCGCCCCAAATTAAGTGAGAACCTCTCGGCTTCTCCGCCCGCCTGTCGAAGGCCAGCCGCTGCACAGCATGTCCGCAGTTCCTAGCTTAATAAATGGGTGTAACACGGTCATCCAGCGAGGAGCCGTACCGCGCTCGTCACCGTAGGGGCTTTGTGGTACTAGGCATCCCTGGCTGTAGGTACCTATCCCCCCGTTAAGTGAAGCCTTACCGGCCCTCATCTTGGCGGTGCAGGTTGAGATGCTGATTACTACACTGAACCTCTACTGTGAACACACGACTCTCCGCCTGTGAGATTGTCCAATATAATTCATGCTGTACCCTCCGAACCGCGGTGACCTTTGCCGTGGCAGGACGTGTGGCTACATTAGTGTAGAGGGGCTACGCCCACACACCGGGATAAACTGCAATCATGCATTGGAAGACCCAGCGGGTGAACTCGCGACCTAAGAAGCGCCCGAGGTAACCACGGCACTAGCGCCACGATCCTTGAATGAGTACAGTTTTTCGTAGGGCCACAGTAACTGGGGCCTAAGCGACCTCGAGCAACGAGCCGGCCTTCCACTACAAAGTGTTTTTAGGTCAAGGGCCCGTGGCATTTCATCGACGTATCAGCCACATCGCCGCGGTAAAACGCGTCATAGAGAGGAACCTGACCGGCGAACCTACAGGGTCTTAGCGAGCGTCCAGCTAGTTGCTAAGATGCCATACCACTTCTCAGGGCGTCGCCGGGTGATCGCGTGCCCACCCGTAGGTCTAGGGACTAAGTGTGGTGAGGTAACGATGCATGTTCACGAATAATATGCTTGCAAAGCCAATTGTTGCATGGCTCAAGCACCGGAGGGAGTACCTGACCCAGCCGATCGGTTAGTTCGACAACGTTCAGGAAAAAGCAGAAGATCTAGGTCGGGTCGCGTTCGCCCACTTGTAAGTCAAGGTCCAGAGGACAGACGTTCAGGGACATGTAAACACAGTGTCGTTATGCTGCCAGTCTCGCCGCGTTCGGTGTTAGATGTCCTGTAGCCAGACCCTGTATTGCATTGCCACGACCTGGCAGGATCCGATCCACTTGTGTGTGCTTACCCGACCTAGCATCTAGCTCGGGATCCAATTTATTTAGCTCCTAATCCTTGCTGCGCTCGCTTATACGCGGGGCGGGCCCGGTGCTACAGACCACCTCTGCTGAGGCTGCCTTGAGTGGGGCGGGATATAGTCGATATTGAGAGGAACGCCCTGCACAGCGGGCCTTTCGACGTCGTCTATTGG,1824,52.69,Mus musculus
SEQ_733943,GCCCAGTCCCATCACTGGTAACTGGCACGGCGGATCTTATACCGTGGAGATTTCGGGCTTCGTTTCATAGTACTTCTCGCCAACAAACCGCGCCTCCACGGGGTCTAAAGCTTCGTTGCACCTAGTCCGCTTATCTATGTTGGTGCCAAGGAAAGCTAGCGCAGACATGGTCCTTTGATGTCAATATGAGATGCCC,196,52.55,Escherichia coli
SEQ_786519,GGCGACCGCAACTTCTTAAAAAGACTTATGGGTTCTTTAGTGCTCATGTACACGAACAAATACACATAAGCTGCGTGACTTCACGTTCAACAGTAGCAGGAGTAAACGTGGTTCCTACCTTGTGACGTGGTTTCCTGCCACCCGCCTCTGACCGCATTCCCATTGAGGGTATCCCTTCGACTCATGGCCCAGAAAACTAAGTAGACTGCCACCACCCTATCGACGTTATATGTTCCCAAATATCTGATTCCGCATGTTGTGGTATATTTCCGAAACTTGAACGTGCAGGCTTCGGTCCTGCAGATATGACGTGTTACTCCCGCCGCCGAGAAGCAAGTGAATCTTAATATAGGGGATAGGGACTACGGTCCAATGCTGACAGGCAACCTATGACGGAAGAAAAAGCCCGACGTCCGTACACGCGGTTAACGCATGACGGCGTAAGGTAACATGATATACCAATTGCTAGTGTTATTGTTTAGTTAGAAACCATTCGACAATAGTAGGCGGGCAGTCTCCGATGCCGCTCTTGCCCAGTTCTGACTGTTTGTGTCTATTTATAGGAAGGGGCCAACTCGGTCTCATGATTAGTTATTACCGAATGGCCCAGGTATAGGGGTAAATTCCAAAAATTGTTATTATCCGCCTTCATTGGGCGGTCCGAGGGTCCCCGGTTGGCAAAGTTCTTTGTGTACATATATCAAGGGCATCGCTTAATGCTCCAAATGCGAGGAAGCAAGACTCGGATTTCATTCGAGGCGGGCTCGCTACTTGAGCGTCATGGGCGCGCGAACTGACTATTGTTTTCAATCATTAACAGTCTCTGTCACTACGATGGTACTTGAGTTTAAGGAGGTAAGCATTTCTTAGCACCGTACTGACTAAACTGCATAAGATGTGTGGACATTACCCTGAGTGACACTCCGAAAAAGTTTGGTATATCGCTGCTTTCTCGTCAGGATTCAAGGGCGTATGGAGTCTTCGTTCCATACACTCGAAAATGGGTGCCCGAAGAAACGATTCCTTGACCCTAAGCCTGACCCGACATTCGAATAGCGGGGTAGCGCATGTGTATGTTCTGACCTAATACTCATCTTGTTACCCTCTTGCAGGGTTGCCCGAGTCATGGCCTGTCATCTTTTTTGCCTTGGGTTCCATCAAG,1162,47.68,Homo sapiens
SEQ_373471,AAGTGTCCTAGCGGCGCTAAAGGCCAATGCATCACGGGCGTGGGGTGTGCGTGACTTGTGGAGCCGGGAAGTCTGTCCCAGCAATAGTACCTGCACCGTGGTGATCCCTAGATACTGCTGGTTACATCAGCGTCCTAGGCACAGGGAGGGGGATCCAGCTAACATGCAGTCGCGTTTGACGCTGCCGCCCAGAATTCAGGAGGCGCACTGCGAGACATCCCCAACACTAGCACTGACAACCGATATATGTTGTACCTCATCCACAGTACCTGGGGTTTTGTCATAAAGCTTTGACTAGTAGTAACGTTTTGTGTCACAGGTGGTCGTGAGTGACTTGTCGTACCGCATCGTTTCTTTCGGCGCCTCACTCGATAGCGAGCGACTGATCGATGATCACAATCTATACAGAATATATACACTGGCGTGCAAAAGCCTAGCTGCCTTTTCTGCGTGTTGCATCTCTGAAAAATAACACCATCAATATGACGAGTCGCCTTAGAAACGTAGACATCCTGCCCTGACCCAGCGTAGACCAATACCGCCCTCAGCTCACGATATAAGCAAAAACCTCCTGTAACCGATGCACCGAAATTGGTATGGGTCAAATCCTCGAAGTTTTCCCTATTACTTCATCTGAGCCACTGTGCGGATGACACACATCACCGACAACTAAAGGCCTTCGCTAAAACAATCTTGGTAAGCATGGAAAATTACTCTTCACAAGGATTGGGACTATGCGGATCCTAAACCTCGATTTCCGTATGGAGATCGTTCCTTGCCGGCCCAAATCAGGTCTCAGCGTTGGACTCCAATGGAGCGCAAAACATGCACCAAAGTATATTACTTCTTGCGACTACGTGGCTCTATCTATACGTGGACCAGGGGGCGCTTCTATGGAGCAGAAAGAGGGTTAATCCCGCTGCCGTGGATACAAGCACGTGGAAGTAACTT,951,50.05,Homo sapiens
SEQ_327855,GCCTCTATCTAGGTCATGCAGTGCTGCCTCACAGTAGGTATTGACTGTGGCGAATTCATTAATCCCACTAGCTTGCCGGCGATGTGAGTCCAATGTCTATATGCCCTAGGTGACCGTGTCTGTCGGGAATAGAACGGGACGGGATCAGACATGGTGGTCTTTTCATTGACATCGGCACTTAAATATGATTGTTGAAAACGTCGTAGCATCATTGACCTATGCTTTTTCGCACTGGCGACACAGATAACGATAGGAAAACTGAATAAGTGATAAATGAATTGCACAGCTATCTCAAAAGGATCAAGGACCAGCGCCGTTGGATGACATGCCCACTCATGAGGATCGACATTAACTCCACCGTTGATATTCGTCTGGTGGGCGTCTTTTTGGATTCAGGGGGACATTCTGGATCGATGAAGTTGACACGTGTGACCAAGCCAGGTATGGAGGATCACTCAATGGCCAACACTCTCATCCTGTCCCGCAGGGTAATAATGCCCCTGGAGACACGTTGCACGTGACGACTTATATCCTCTCGGCTTCTCACAGGACGAATTGCTCTAGGAGGCGCACGAGGTTTACATTGAGCCCAATTCATAGTAACGCTATCACATCCGGGTGCTACGATGTGAGCAACTGCGCCACGACTCGCACAAAGGACAGATAGTTAGTACAAGTAATGGCTGTGAGAGACGGGTTGAGGACGGTGTTCAAGTTCCAGCCTGAAGACATGCCCTCGGATCGAAGACCGTCTGATGGTCATGAGGCGATGGCCAGATCCATCAGGAACGGCCTAGGTGAGACCAATACCTTTTCACGCTTGATAACTTCTCCATTTGTGTAAACTTGTTCGGGCTCCGAGGATAGCAATTGATGCGTTAGGGTCGCTCAGAGAAGTCCGACTGAATCAGAGAAAGGAGTTACAGAACAGGTATCTAAAGGCGGACTCAAGAAAGCGTGCAGCTGCCACGTCAGCCGTGTAAGATGCCAACACCTCGTAACAACGATCCAGGGGGTAATTCTTATCAGTTTTCCTAAGCGCACCTAGGAAAA,1053,49.1,Caenorhabditis elegans
SEQ_848715,CTTTGGCGGCGCCGAACATATGCAAAAGGCGATAAGCATAATGAGTGGCGCTGCGTTTACTCATTAATCACAGGATACCCAGCGGAAAGGTTTAGAGAGCATTCGACATAATGTTAAGATCAACGAAGAATCAGGCGTTGTCTAACACTGTGCTATCGAGGCATGTCCCCACGCAGCGAACATATAGACCTTAGGCGCCCATTTAAGCCAGGCGACCGGGAACCTCAAGCCACTGCCGCTGGGAGTGACTTGCTCCTTGGACAATCCCAAGTTCGATTCTAACGATCAACGTTAGAGGTCAGGCCGGGTCTGTTTCGCAAAGCGTGCTAGGTTATCAATGCTCTTACAGATACTGATTCGCACACGGCGGGTCTTCGGGAATCCTGGACTGGTCAGGAGCCAATGTCACGAGCACGAATTGTCACGTTAATAATTATTAGACAGCGACGATGGTGCAGATAGCCCCGGTACAGATAAAGAAGACTGTCTCGTACACGTTCACCATTACGGAGGTCGGCTGTATGGTGCTGGTGGACGATCATGGCGCAGCTGCCTCCCCTGCTACGATACGGATAAGCACTTCAAAAGTCTGGCTTTGCACCGAAAGTGTAGGTTTGATGAACCTGAAGTTGGAAACACCCGGATCTTGCCACACTGGCCGCCAAATCACTGAAGTGCGACAACGTGCGGAACTAGCGTTGACAAGAATTATCGTACCGGCACCCATTATTAGATATTGCTTTCTATTTGGGGGGGCCGTGCAGGACCCTATTGGACAGACTCTGTCCTCCTTCAGACCGGAAAACTTCGTGAGGCACGGTCAGTCCAGCAGCACCATGTATGAAAGTCTACAAGAACCCGTCCCGGCGATGTTTCGCCAGCTACAGTGGACGGAGTTACTGAAGAGGCAACTTGTTGCCTATCTGGACGCCCTTTACTAAGATAGACTGGATGTGGATCCGGATATTCTCATTACAGCCTGTCATTACCATTTGGATTTGCCTTGCCTGCGGACCATTTCTTATCCAGGCCCTGTCGCCAACCCAATGAAAGTACGCCAATGCTCATTGTACCCGCCGAAACCGTACCATAGTGGTAAATCCGCATACCTACGAACTCCCCGACGTTTAGGCGGTTATATTATGCGTGATCCTACGTAAGGTTTCAAAAATCTATTCAGAGGTGTCCTACGAGCATCGTGCTACTGTACTTCGCCTGAAGCTACCATGCTGTCTCTCGGATCTCTGGAGAAAAGTATCTTAACGAGGGTAGGGAAGTTTGACATCTCTACACCAATAATGAACCAAGGTAAGCTTGATGCATACTCTCGGCATCGGTTGATATGCTGCCCCCCAGCTGGACTGGATAGGCCCCAACGTCGGTGTGCTCCCCTTGGCTCGTGTGGGTCAATTCGGATCAGGTTTTCCCTATGTGCCGCTTTTGGGTCAGCGGTGAATGACCCAAGACCGTATACTCGTCCCTGGGTGGCACCCTGGCCCTGTGGCCGGGACTGCACGGATAACGTTTCTTACATAAAGCTGGGTACAAATAGCCTTTTTAGATGGTGCAGTGTGAGCTTGACCAAACACACAGCCAGAACTCGGTCAACTGCTCGTAGTTTCTCTTGTGGTAAATGTTGGTTTTTTTCCGCATATTCCGGCAGGGTTGGGCAAAAGGGAGAGTTGTGAGTTAAGCATTACGACTTT,1706,50.35,Caenorhabditis elegans
SEQ_571363,CGCTAAACGTTAGTACCTGTATTCGCCTAGGCAGGTCGCAGGTCAACTATAACTGTATACCTTTGTGCGCTGTCGTTCCTTCACAATGCTTCTAAGGCCACCATGCGTTGATACAAATAGTCATTAATTCGCACGTGTTTTCGTCTATCCATTTCCATTTCAACGAAAAATAGTTCCGGGTGGGGCAATAGCACATCTGTACCTCGAATTCACCGTAGGCCAGTGCAAGTGGCACTTTCAAAAAACGACCTAACGTTCCGCATCAAGAAGAACCTAGTGAATTCCGTGACCGGACTTATTTGTCGATCACCTTTCCGTCAGTACCTCTTTGCGGCCACCGGCTATTGGTTTTATATCGAGTCTATGGGCCTGAATATTGTATCATGCCGCCATTGAAGGCTGGTGCCATGCACAATGTGCCAAACTGAATTAGCATGAGTATTGCAAGCCGCCTGCGTCGATGGCCAGCCCAGAACTACCGAAACAGAGCGTATAGACTACTATTAGAGGTGAGTAATTCAAGCGCTAAGATCAACGCGTAATCGCTATTTTGCCGATGTCCGCTGTACGCCTTGTCGCATCGGGTGCGTAAATTCATTAGCGAGGCCACCAGGGTTTTGGTAAATGTACTCCCCTTACGCGGTTCGTACGCTATTTCCGCCAGTCGTATCATTTCAGGGACTCTTTACGGTAATGGGCGCTTAAAGTGAGGCGGAATGATCACAGGGTACAGAGACCCTACTGACGAGACCGGAACCGTGCAGCAGCCGACGTCGTGATTGGTCGCTGATTAAGGTCCGGATCGCCCTGGAGAGTTCCTATAGCAAATAAGTTTTGAGGTCATATTCAGCTACCCCGCTCTCACGCGTAGCTTGTCTTATTACAATATCACTAGTTAGTGAGACAGGTGGGTCTAATTTTCCGGACCTTAACACCAGCAGTCCTAGCCCCACAGTTATTAATGGACACGGCCGAATGCTAAGACTTCCGAATCAAACCGGCACCAGGACACTTTATGGTTAAAGATCGTTCGACAACGAGGAGTGCGACGCGGATATCGTCGCCGTCAGGAACGCGCCAAGTGGTGTCTCACGTGATGCGGGGCTATTAGGTGGGGTGAACTCTGCCAACCACAAGATCGCGGCCTTCGCGACAATTCACAAGAATAATACCGTTTACTGTTGCAACACGTCGTTTAAAACGCCGCCTTTAGGAAGGAACGTCTCAAACGCCTTGACTCAAACATAAGGTATCTATTATGGGAGATACGCTGCAGTGAAACGTAGAATGAGGGTCTTCTGACAAGTGGCGCCACGACAGATAACTCGATGAAACTGTGTCCTATCGCCAGCGCATTACGGCACCGTACAGGCACACTTTTCACCAGCTATTCTCAGCCCCTCTTCACGGGTTCTGAAGGCAAGATCCCGCAATTTGCAAGATGGCCTCGCTCTCCATAAGTGTCCTGTTTTCGCAGAGTGGCAAGAGTCCAAAACTCTGCGGTTGGATTCATGGATTGTTGACGTTCGTCCTCTCGCCACCTACTAATGGGTCGACCGTGGACCGACTAGGAACTCCACGCTGTTTAAGGCTGCAGTACCAAACAATTGGCCGCCTTTC,1620,49.57,Drosophila melanogaster
SEQ_932432,GCCGCAATGGATCTCTCTCTGCTTCTGGCGAATGTGAGTTTACTTACATTCCAGCGGTCATTTAGAGGTTGCACGCCGCGGCGGGCGATTCTCGTACAAAGTCCACCCTCTCTACTAGCATGCGACTAAGGTTGAAATGACCCGGTCGGGGACTGGTTGGAGAGAGCGGTTGCAAGGTAGGGACATCATCATAGCCGCGCGACTCGTGTAACGTCTCGAACCTAGTCGGCCGCCAACCAGTCTCACTTAAAGTTAACCTTTGTGTGTACATCTAGCGGCATACTGTGCTCAAGGGGCTTCACCGCTAGAACCGCCCAAGGCCACACGGCATCGGCGGTTCCAACTGCGGCTTCGCAGACTCTACACTTGCTGGAGCATGAAGCACTTTATTCACACGAACATCACTAAAAGCCTGTGCTGGGCTTTATTCTAGGAGATCGACAAATCCGCCGACAACATCGGCATCTGGGCACGGGACACTAACACTGGCAGCTACTCCGGGGTTTCCGTCCTACGCATTTACTTTCCCTAGGCTCTCCCGTGATTAATTAACAGCTAACTTATGGGCTTAGCATGCGACTGCAGGACATAGGGCTCTAATGTGTGGTAACCCACATGTAAAGCGAGGGGCACACCTATCTAGTGGAACAAACTCTCCATAGAAGAGGGGAGCACGGCACGAGAACGTCGCAGCAGCACAGAGTGGCCTACTTGGACAACTGAGTCTGGAAGGTGACTTTGGGCTTGGGGGATAGTCTCTCTTCGATAGTCTACTGTTCTGCCGAAAGTTGTGAATCGCAGCATAGTACCTATCTAATAGCCCTTCAACCATACCTGTTCAATGTGTAGACATCAGGTCGGGCCGCCCCAAGCCAATACCAACGAGGTCGTAGTATCACGAATCCAGCAACATCTTCCTTTATACAGCCACGTCCCGCTCAATACTCAGCATTATCGATAACGTTAACAACCACAGGAACTCCTTTAGGCTACTGGTGCGCAGTTGCGAATCCAGCCG,1018,52.06,Homo sapiens
SEQ_804103,TACCTCGGGAGACGTAAGAATACCCGTCAGAATTAGCTTATCAAATACCGTTATTCTCACTCTAGCTGTCTAGCTTAAACCGCTTGATTGTGGTTATTAAGCACCTTAAATAATGGGTTGATATGGGTAGACCATGACTAGAGGGGCGGTGCCGAAAGGAATGAGGAGACCACCGCGAGTAGTTGGTTTTTCGCACCAGGCCACTTCAGGGATCATATCGAGTCGGGTGGTGTCAGGTCAAGTCCCCATCGGGCCGCCGATCAGCGTCAAACGTACCAGCTTTGCTTTAGCAATATACACTAGCCTTTATTAGGTGTTTCGCCGGCCAGCCTATGCTATCCATTGGGTAGCGGCCAACGCTGCCATGCATTTGAACGTAGAAACGAGAACCCAGGGCCTATTCTCTTCTGTAGGGGCCAGTTCCGCACCCGCCGGTCGTGGTGGTTATTGTCAAGATCTCATTCTGAATGAAAACACGTGAGTATGAAATGGGTCTGGTTGGAGTATACTGATAATTCGTGTCATAGCACCCCTGGGGTGTGGTTCATCATATATTAACCTCTACGGGGGCAAGTGTGACTTAACAGCCCGTGTTCACGGCGACATCTCACTGTATGCTCACCCCAATGATGTACCCTAACACGCGAACAAGGCAAACTCAACAAATCCCAGGCGAAAGGCGATTCGGAACGACACGGATAAGCAACAAATAGGTACGTATTCGTATTGCCGCATCTTATTAACTGGGGATTAGCGTGAATTGAAATGATGCCGTCCTTCCATCGACAAGGGCGAGATTATAACAGCTTAATATATTTTCGCGTCGTAAATTTTCACAAATTGGATTACGGAGCAGGCAAGCTAAGACGTTGTCAAGCAGATGCAATGGGCAAATCTTCCGTCGCCGTTAGAACTAATACGAACGTCGTAAGCGGTTGTGTTAGACCCAGCGGGCGCCGGTCTGTGATACCGACCCCGAGATCGTTCAAATTTCGATTTGTCAAATTGGGGTTTTCGCGGAGAAGATCCGCGGTTTGGTTGGTAACGCCCAGACAACCCCAAATCTCTACCTCTGAGACCCGGTTGATACAGTCTTCGAAAAGTTAATTATATGTTCTATGGTGAGAGTCGTTTCCATCATCTAGGCTTCTGAAGACAAGCACGGGATGGGCGACAGGATTGCATCCCCGCCACGTCGTCGCTCATCGTCTCCGGATTGCAAATGCAAGGATGCAGAAACCTAGCGCGAGGGCTCGTAACTGCGATGGAAATCAGCGGTAGAATGTCAATAAAAGGCCAGGAGAACAGGACTATACATGGTGTAGATGACTTTATTAGGGTTAGGTTTCCGGATCAGTTCTAGCTACGGCTATTCATTCTCGATTCAGAGTCCCCTAGCCCAAGATCAAGCAAGGGGAGACTTTTTCAGACGAGTAGCCCTTAGTTATTTATTGACCCTCAGAGAAAATCCAAGGGTATAGTCTACATATACCTTAAATCGATC,1504,47.94,Mus musculus
SEQ_695410,TCCGATATCTTTGCAATCTGCGTCCGGGCGGATGTACGCGCGCACTATCGCCAGCTGTCCATCGCCGGTGCTTATCTGAGGAGCAAACGAAGACAGTCTGCCAGGCGTATGTCGAGCCGACAGACGCAGGAGCACCAATCAAGCGTAAGGGGGATTCGATTGGTGGTCGCTATTCTTGAAGTGACATAGAGCTACTCATTCATGACACGTAGTGGGTGCCTTGAGCGATGTACTGGATATTGACCTGCGAATCCGTAGAGCAATGACTTGAAAAGTGTGGTAGCAGCCTGTCGGGTGATCCACACGTATAATCCTAGCGTTCCTTTGGCACTTTTTTATCCGAGGCGGTGCAGGTTGCGAAATAGATAACTGCCCGTTCTACGATTACTATCCCTCATGTAGTTGTGTAGCACACAGAGAACCTTACTTGACAACTTCTGCCAGCGAACAACATTTGCGACCTGACACTACAAGATTTACGGCGGCTATCCGTCAAATTTGGAAACGCGGCGAATTTGACACCCTCAAGGCGCAATAAGTGCACGTACGAGAGCGTGTCCCCGGAGACCGGCATTCCGACCTGTAGTCCTCCCGTATGTTCTCCGACAGTAGAGATTTCTCCACCTTCCTATCAGTACATTACAGGGATGAGCTTTGTTCCCCGCCGTCAATGAAATGCGGTTCCCAGGCGGCAGGGGATTCTATGGTATTTCACAAGTGTTGTACGTGTTGCTACACCGTAGGCAGAAAGCGCACAAATAGTCTTATGTGGCGGTTTACCTGTTACCTCGCGGAAGTGCCTCTACCATTTTCCACAGAGAGTTCTAAGTCTATCGGTCATGCTTCGTGGTTTGGCCACATATAAAGTACACAGAGGTCGATGATCCATTACATCGTTCATCTAGTTACGTCGGGCGACGTACCCAAGGCATGCTTGCTCCCTATCTGTGTAGCGCCGATAGACACGTGGCCAACCTTCGACAACCCTGGCACGGTACTGGTCTCAAGGGTATTCACGCCTACAAAAGTCATCGCAAGATACATTGCGTGTTAGTCGCATCTCGTGTATCGGAGTTCATATTTTGTGGCGATGATCAACCAATACCGGTCCAATCACTAGCAATAGGGATATCGAGTGGTACGTACAGCTCAGGTCACCGGTTTGATGTGAGCAAAACGGGCTTTGCGCGACGAGCGTCACGTTTGAGTATATGGCGCGTGGTGCCCCACGAAGTCTGATGGTTGGTCAACTTTGCGCGCCTGCCCTTAAACAGAGGGAGTACTAAATTGCACAATATGACACTCCAGATACCGCGAGCAGGAAGGCGGTTTATAGTCGGCCTGTCAGGACCTAGAATCGTTATGGAATATGAGCCGAATATGCAGGTAGGTTGGCGGAACTTGGAGAGCTGCTGGGGGAGAGTATACTAATCGATCTTGAGACCTGGTGGGGGTTAGCTGACGAAGGTTACGGAATATTTTTAGCACTCTCGACAGGTAACTTTTCAAAAGATACCTCAAAGTATATGTGAGTAGATCGGACCTCGGTGAGGCTTGTATTCGAGCATAGCGT,1573,50.16,Mus musculus
SEQ_769205,GGACATAGGGCCGCAACTGCCCATCTACCGCTACTTCGATTCTCTTTTTGGAACATCCTTGTTACACAACACCCTATAAGCGGATCGTGCAGCACGAGACCTGTTCTTCGATATTGCACTCCGCGAAACCTGCTTCTAGTTATATACATGGTACGTCCGCCAGGATTTACGTACAGTGAGAAATACTGACGGCGAGCTCGGTTGGGCGTTGACCAATACCACATTACTAGGGTTAGAGGAGAACTCAGTGTCCCCAAGCATGACCCTGGATAATCTTCCGGGCGTCCCAGGCTAGGGTACTGACAAAAGCACTGCCTCTACTCAAAACTAAGTGACCTACTACACGGCTTATGAAGAACTAGAAGGTCTAGAAGATATCCGCCGGACAAGTCTTATATTTCTTCGTCGAAGAAGGGTGGTTACACCCTCATAACGGTGACAGGTGGTAGACTATTGTTAACAAGATGGTCTCCTTCGGTGATAGAGGTCCTGGCGTAAGTTAAGTTATCTGACAACACCCTCTGGTATGAATCATTGTTTGTAGAGTTTTGTGTTGGGTTTCGTGGTAAGAATTGTGCTCTCGTCGCTCTTAGCATTTAGCTTCCCCTTTTCTTTTTTACGCCAGAAGATATCAATCCACGCCCACTGGGTCCAGTCACCCCGGGAACGATCTCTGTGGGGGGCCAGAAGAATTCTCCAAGCCTATCGCCTAGAAAGTGTCAAGCAGATCGCCCACACACTAGACCATCGGGATTCGGAATGGAACTCTTATCTCATCCTAACTAAGTTTCTTTACTTATCGCCGCCTCCCGCGAGCCGATTGAGACGCGTAATAGTTTACATCATACGAGGGGTACAGTCTCACCCGCGATTCCATGTCAGGGCGAACTTCGACCAGGCACGATGTAGAAGCTCGCCCGATACCATGCCCACCATTACCATTTCTTGTACAGGGTGTTATCAAATGTGAAGAGGTTTCCCACCCCGCCATCACCAA,997,48.85,Mus musculus
SEQ_157059,AAGTGCTCAGGCAATGGCCCAGATCAGGTTAAAGTTTGTTACAATCGGACGTCAGTTTAAGAAGAACTATAGTGCGGAGCGACACCCGAGATCACAAGGGCCACTTAAGGTGAATACTTCGTCGCACACTATTGCACAACTATACTTGTATCGCTTGGTACCGACAGAATGTACACCTCAGCTGCATAAGAAGACGATAGGGAAGCAGCATTTAGTGGGATGCCATGCGCAACGGATATAGCCCATCGTTCCCGAGTATCTCGAACCCTCGTCTCGTTCCCTGTCGTAAACAATGTCCTCGATACGACACCCTAATTTGGACGGCAAAGTTACACAGATCAGATTCGCGAGTCCCCAACGCGGTACGGCAGGCATAGATTGAGGCCGGGCTGCACTCAGCAAGAAAGTTCGGGTAAATTCGAAATTTACGAGAAGGTGACCAGTGCTCGCAACCGTAGCGGTGGGTGTCACCTTGATCACGCTATATGAAGCACCGAAGACCTATCGATCGGTCTCTCTCCCACCCTACCGATTATCCACGATACCCAAACAGTCAGTTACCCAGTCGACCAATCCACCTCCCTCACCACTACTCGTCAATTGTGCCCCGAATGCCATGCCATTAGCGAAGGCCTCTACCATCGCATGGGAAAGAACTGCCGCTAGTCTCAGAGAGTTCTGATGCTCTCACCACGCGTTAGAAATTCACAAATAGAACGAGACTGTCAATGTTGGCTGGGCACAGGGCGTTATTACTAACTCAGGGTAACTTTCCCGTGACTTGTCCCAGAGGACTGGCCCATCATGACGGTTTTTCCCGGGTATCGGGTCTCGGCCAACGGTGTTAGGAAGTATCTAAAGAAGAGATCACAGTGCTTAATCCGCGAAGTCTTTAGCGCCCGCAGCCATTAAATATCTTGTATCCTTTATATTCGACTCTACTGCTGACAATTGTGGGGATTCCCTAGCCCCACTTCCGCGTATTCTCTTGGCCGTGGTAGAGGCAGAATCCTATCTATTGCCGCTCTTGATAAGTTCACATGGATTGGTAATCTTCATTCAGCACTTAACACAACGCTCGTTTGCGCAATCCCATCGTTTTATCGCTCTCCGGTTTCGATTCTACACCCAGAGTTGCTTCGGCCCACACCCCGTCCACAGGAGACCGTGGACAGATGCGATCCCCCGTCAAATCAGCTGGTGACGTTTCCCGGCTCCTGAATTTCTGGAAACCTTTTCGAAAAAAAAAAACTTAAGCGGGAAGTGGGGAGAGGTGCTGCGTTGGCAATCTCCGCCCATAGATCTCTCTGGGGACGCAGACACATAAGCAGCTTTTGAGCGCATGCATAAAGATAGGTCTCGTACAATAAATTACGCAGATCCGTGCCCTTACGGAACTGGTCGGTAGTGTGTTAGAGGCGGAATGCCACTGATTTTCGTCCTACGTGGTAAGGGCCCTCTATACTAACGGGCGAGGTTTCGGAATAAAGCACTCCGGCCTTCCAACGGGGATACTCGGCGGCTTGAACCGGGATCAAGAGTACGTCCCGAGGGACTCGAAAGCGTACGAGCGGTCACTCAGGAGAGCCCCATGTCTATGGTCCTAGGGGACCTGCCTACTCAGAAAGGCCCCAGGGGACAACTTAGTTCCAGACCCGCACATTACCAAATTTTTCAATGAGAAAGAACAACGCGTCGCGCGATAATCGTCGATCCAGAAAGTATCCCCGCCGGACAAGCCAAAATTCCGCGTTGTTGT,1759,50.94,Arabidopsis thaliana
SEQ_262186,AGCGTTATGGTGATTACAAGCTAAGCATGACAAGGTGATCATTGAAAGTGCGGCTGACCCGTTCCAAATTCAACTTCGCCGTCTCCCGGAAGATTGTTCCAATGATTAGAAGGTAGAAGGTTCGTACCTACATGTATTTTTCTGGAGTACGGCTTGATAAATCAACCTCAAATAAGACCGATGAAATGGGGGGGGAGTGTTTGTCGGCGACAATTGATTCATACGTAAGCACCAGACGATAAGGGCTGTGGCGTCGCATAGAAGGGGAGGGAATGATAGGCTTCCAATTAAAGGAGTGATAGGACCCAGAGGTGAGCTCAACGGAGCCTTTACCGGGCACTAGAGAACTG,350,47.43,Saccharomyces cerevisiae
SEQ_164113,ACCCTAACATCTGTCACTTTCGTATGGTACGCGGGACCGATATCTTATTTATCACACGCCGTGGGATCAAATCTATACCACTACTTCCTCAATATGGATGTCAAGGTGCGTAGGGTCTCGGCGGGAATGGGAGCTCAGCGATCAAGGAGAACTACTAAGGCCGCGAGCGCCTAGACCGACACACCCCGAGTGGTTCGAGACTTTCGGAATTGAAAGACTTGTACCGGCAATGAAACCCCCCGTCTATCATATAATGTCCGGACAGTACCGTATCCATTGAACAAGGGGAGCCCCCGCCAACTGCCCCACCTGGAGGACCCGTCAATGGCGCACGCACTTCACCCGGGGCGAGCGTGTGGTCCCGTGACAAGCTTCTTAACGATGCAATGATTTAACAACTTCAAGTTGAGTAATATGTCGGCACTAAAACACAGCCTAGAAAGGGATTACGGCAAATGCCTCCCCCCCAAAATCAGCCCCTAACCGCTGTCCTCCCATCATTGCAAAAGATGGCTACAAAGATTAATGGATAGTGCCATGGAGCGCAAGCCAGCAACATAGTGCTTTGGATTGTTAGTGCGATGGGGATCCGGATGTCGACGCAATCCGCTCCAGATGAAGCGGTATCTTGAAGTCTGAGTAAGCGAAAGTCCACGGAATAGAGTGCTAAGGGCTGCAGAAAGATGCTAAGGAAGTAAATTGAAAGCCTTGTACACACATTGGGGTAACACGGTACTTTTATGAATCAAATGGAGGTGTAGAAGCGCAACGGCTCGTGGGTATAGACAATACAACGTGTGAACCCATCAGCATTCACTGCGCGGTCCTGGTATTTTTCTTCAACAAAGTGATGAACGTATTTGATGACGTGACTCGGGCGAGGAAATTGACCCGACTGTGTATGCTCAGGGTATGTCCCTATCGGATACCCGGAGGCATACGACGTTACAGGCATTTGCACACCCTGTGCATTGTAACTGACAGGGCGTCAGGAATAGCACTCCAACCGTATTATTATCGGATACTCCGCGAGGGGCAAGCTTGGAGCATGTACATAGAAAGCCCCGTAAGCGTTACCCCTATATAAAATAGAGCCCTATCCTAAATTTACAGGCTGCCAACCCGCAATCCGTCCGTCCGATGCTCCGCTAGTGTGCCTGTCCTTGACACCGCATGCCCTCTGTCAGGAGTCAATTCAAATTTATCCAGTTTGTAGTATATTGTGCGTACTAGCGGGAGTCATCCCTGCGACTACTTGAAGGTATCCGTTTTCAGATGGCCGTGGCCATGCCTGCAGCTTTAGTTAACTTACGCTCCCGATTTTATCGACGGCTGAAGTAGGCAGGAATTGAACTTGGCTAGACTACCGCCTCTATCGAATCAACACTTAAGTCGCGCCCACTACGAAGTTAGCAATCCTCGATTACCCCCCCCGGGGTTGGGTAGTCAAATTACGCGGACGTTAGATGTTTACGGAGATCATCATAACCTGACGATAACTTGCAATCGCCCTGCTTAGCAATCGTACCCGCGTCTTCCCTGTTCAGATCAGATACCACAAACTCACTGGATAGGGCCGATGAGACGGTTCTAGATCGTGCATCCGTGCTTGGACCGCCGGTTACGGGCTCGAGCCGACTCAGTGATACCAATCGACCTAATCGGGTGGAGGCCGCCCCTTGTCCCGGATGCACGGATGTGCAGCTTCTGGCGGATACACTACATTTCGTATTGGTCGGCTGGTCTGAAGAGAAGTGCGATTGCCTGCCAACACTCGATAATACGTTGTCTGCCCCCTTTCTTCGTTCCTCGATAGTTGATGGTAGTAAACAAGTCAAGCCCAATCTGTAACCATAGCAGGCAGTCTTATGTGCGAGGCTGAACCCCAGATTAAACAGCCTCCGTTCGTTCGTTTGGGG,1919,50.7,Escherichia coli
SEQ_559142,ATCTAGGTTAATCACACCGTAAATCCGCGCTGGACCGTAGCGCCAGTCCCGACTTGACATCTTCTAAGGAAGTTGCCTTACGACCATAATTTCAAGTCGTATCAGCGATAATTCAGGGCGTGTTTATTCGTGTCTCATTATGTATTCGAGGGTCAGTTCTAAAAATGTACTATTTTCCATGAAAGAAAGGAACGTGACAGGGCCAGCCGAGCTGAGCCCTGGAGGCGGAGCCCGATAGCACTTGGACAGTGCGATATCTGGGCGCCCTCTAACGATCCCTCCCACTCAGGGGAATTGTATCTCTCACTCGTGACAAGATTCTATGGGGTCCCACACCCGCATCACGATGGAAGGCTCCCCCGATCCTGTATCGTACTTAGGAACATAAAGAGAAATTAGCGTTTCTTATTATTGCGCATCCTGAGCTGCGTACATTCAGAGAAGGGTGGCCAGCCGAGCAAATACGCTTGAAAGTGTGTAATGCACCGCCTGTGGGTATAGACCTGTGCTTGCCCAAGCTAGGAAATCCGCCATTTACTTCGCTCTAACAGCAACCTGGGGGCGCGAGTATAGCCACGCTTACCAGTCACGCGTCGTGAGTCTGGGCTCATTCCCGGCGGACAGAGAGGGGAGGCAGATAACCTCATTAGCCCGAGAGCAACGAGGATAGTGCTGTTGACCCTACTGTCACGCAGTTAGCCCGCAAGAAAATTGAGTCAAAGTCTGTTGTATTTATTTTATAAGCGTTCACAAATGAGTAGGGTGCCAGTATTTGCATATA,781,49.81,Mus musculus
SEQ_469883,CTATTTATATGGCTCCGATAGGAAGGTGAAGGGGGCTCTTGTGTCCGGTCTACTCTCCCGAACATTTCTGGTCGACAACGCTCACGCTTATAACATATAAATTGTTGTGGTAAATCGCCTCGTTCGGTCTTAAGTCGATTGCAGCCCGAAGAATGTGGGTTCTAGGTAACTAGAGGTGGCAAGCCCAATACCCATGGACGGATGATGCAGCCAAGCAACACTCGTCCGATTTTGATCCAAGAGAAGAGCCGTAAGGGATGTCTGAAGGGGGTGGCCACCGATAACCGTTCACCGGACGGCTCATGAGCACCGCTCTGTAGGCTAAACTGGTTGCGAAGCTCTCCATTGAGTGCGCCTTATGGCTCGAGGCGCACGGTGCCAGCCCAAGTTTCAGATAAAAGCACGGCACCTCTGCCTGCAACTGGCTAGCCTTGTCGTCCCGTGAGCGCGGTCATCGCAAATCTTACAAGCGGTACCGGCCCGAGGTGCCCTGAAAGTTCATGCCGCAGGGGGTGGTCACTGCGAGCAGGGAAACCCGTGATGGCTCATTGTAGATTAGCCCCATACGTGCCGCCGAGACCCTAAGAAACCTCGTGGAACCGAAACGACGTGGGGCGGTCACTAATGTAAAATTCCGCGATTATTCTCTAGGCTAAAGCCCTCAGCCATGGCGACCCAGGCTACTATGTATTTGCGCGCGTGTTAGTGTAGCCCTACTTGAATTCCTATTATCCCCACACGTGGAATTCGAATCATTATCTCGCTGGGACTCTGCTCAGCATCATAGGACGGCGGCAGCTCCCCATGTCAGCGAAACAATTTGTCGATTAGGGCCTTAGCATAAGAGTGAGATGCAACGTTGACTGCTCATAAGTGATTTGACTGATAGGAGGTATGATTCAGCCTAGATCGATGATCAGTCGGCTTATAAGTCCTGAGAGGGCTAACAAAAGCTTAGAATCCGGCGGAGAACTGCCAGTATACATGCGCGAGTAACGCCTTTGATGCTCTGACGGACTTGCCGCTCTACTCTATTATACCTTAGTAACTTTTGACGTAGGAGTCTACGTTGGGGAACAACGCG,1084,51.94,Saccharomyces cerevisiae
SEQ_355306,TATCTATTTCTATTCCCCACTATTGACCGTCGGCCTCGTCCCAATCCGAGCGTTGAGTTTGCGCGTAGGGTGGTCAACACACATATTAGAACTTAACCAGATCGCCGCCGAGAAAAGTTTACTTAAAGGTATTTAGCTCTCTGCCGAGGATATGTTTTAAGCGTGATCGCGGCTGATATACCTTACATGTGGGCGCGAGAGTAGGATCGCGAATCTCTTGATGCTCTGCTGGTGTACCTGGGAAGTCTCGTACCAGCGCAGGGATTCACCTGCGCCGACTATAGCCGCCTACATTATCTAGGACGGTCCATTGACGATTATCGCTCTCCTATGTAGAGTCGACCAAATTCAGTAACTAAGTCCACTATGGTAACCTTATTGACCGAGTATTGATACACTCCTTGACGACGCGGTGCTACAATGTATGAAGAACAACACTCGTCAGTGTCGGGGCTAGTAGATAAGGAGCGATTGAGCTGCTCCAAGCAGCGCCTTATATTCGTGGATGGTGCTACTATCGGCATTTCGGCTATCTCGATGGTTTCAATTTTCCACTCTTCTGCTACGCATTTTTGGCTGGGCATGGGGACTGCCGGTTCGTGAGAGAAGGTCCACGACCCCCGAACTCACTGGGTAGTGAGTGCCAGGCATTGCATCAAGATATGCATCCAGTATCAAACTCTTATTGTTGCACGTCTCTTGAAGGGACTCTCACCACTCCCGTTGTGGTCTTTCCCTCTGTATAAGAACCAGGCGAAAGGTCACGGCTAGTTGGAATTAGGTGTTTACATGCTCTAAAGGGGCGCCATTTCAATCCTCTTCCCGGCAGTACTAAGGTCCTGTTTAAACGGCTGATCAGTTTGACGAATCAGCATACGTCGAGTCTAGAGGCTGCCGAGACAACTTCTGTTCCCGTCGTCGGGTTCATCGAGGTTCCCGGCCTCTGGCAGCCAAATAGGAATCGACTTCAGCCGTGACCTTTGCGTAAAGCGTTGGATCTAAGATCTGTCGCCTGATACTCCGGTTAGCGTTTTAACAGTTTTAACTAAACCTAGTCATCCACCGTTAGGGCAATTGCGGGAGAAAACACCCCACGCTCAATTGGCTTCCGCGGATAGGTTACGGACCAACGTGGTGGCGAACTCCATACTTATATTCTAGCTTGGTCCCAACCATCCTTTAAATCCGCAGGTCCTCCCCACGTATCGTTCTTGGACACCAATGCAGGGTGCCTGTCGCTCCTCCCACTGTCTGTTGGAACTGTTGAGGTGACGCCTATAAGCTACTTCCTGACGTAACCACGAAGCGGGGGAAGACGCTTCATCCGCGAAAAGTGGACGTCCTCACCGCGACGTAAAACTGGACATGAGGACTCAGTTAGACTGCTGCGCGAGATAGACGTGTATACCTTATGGTACTCGTTATAGCTTCAACTGTCTACTTTGATGAGGATTGGGCCGTGTACCTATTACACTAGATTTCTCAATTTAAGCCAGGTGAACACTCATGCTGCCCTCGTTCTCCAGATGTCGGATAATTCGGACATTCCATAGTTTCCCTTGCGGACATATATTTAACTCAATTGTTAGCTGGAGCACGCACGGGCAGCTAAGGGGGGGGGG,1622,49.88,Arabidopsis thaliana
SEQ_714358,CCCTCGGTAATAGTTACCATCAGGGATTTTTCTCCCCTTAAAATCAAGCGGGGGGGGCGTTCTCCCGAACACTGAATACTGCGCCTCCGCTCGCACTGGGCTTTTGTAGCATTCAGGCTGTGAGTTCAGTGCTCGGCTGGAGCGAACGGTCAGCGAGCATGCCTGGGCGGAACGATATTATCACTACAAGCAAGCCCTTCCCTCGTGCGACGGCCGAAAACCCGTTGTGTGGTCGCGCGCGGAACGCTCAGTCAGCCTATTCCGACCACCCGTTACCGATAGACTAACGACTCGATGAAGGCGTGGGCGAGACTAGACTCTGACCTACAGCACTATAGGATGCCCCGGCGACTCAGACATCACTTGGATGCCCTAGATCGTAAATTTAATGATCTGGGAGCACGGTGTTTCAGCTGTAAATCCGTATGAAGATATACCACTATCAGCGCAGACAAGTGCAATGCGCATTTTAGGCTCAGCTAGTAGGTGTATCATGATGAATTTTAAAGTTCGGCGACAGTATTATGCTATTAATGAAGTCAGCTGGAGCGTATAGATAGACGGCAAGTGTCCATAAACTAAGGGTTGATCGACGTCAGTGAGGTAGGTCTATAGATACGATGGACATCTGCTTTAAAGTGTGCTGATCTGACATGACGATACAAAGCTAGGTGAATACTGCCTTGGTAGCTAATGGAAGTTGTAGCTGCACTGGGAATCAGGCTACAAAGAGCAAAATATATCTCACCCAGTAGGTGGGAGGGTGATACCGTTAATTACATAGGTAGAACTCACAGATTTATCTCGACGGCCATCCGATATCCGACAGCCTCTCCATCCGCTGCGCAACTCAGGTCAGATCTGAGGTATTGAAATTATTAAATGAATCTGACCCTGCGGGTGTATGTAGCATCTTTACTCTCCGACCGTTGTTTACTATAACGCTAGGTTCCCGCCGCACCTTTGCGCCTATACTACGCACCCCAACGAAAATGGACAAACTATCTTTACGCTAGTCGTCATACCCGGGGTTTGGCTTTTGTTTGTGACCAAGACCACACCGATAGGGGGTGCTTTCTGTGCAACAGCCTCCGGTGCTACTGCGGGTAGACACTGCCTATAGACAGCCGCTAGTCGACAAGGGTTCGTGTCCCGAGACCGATGGACAGCGGGCGTTGCATGATAGAGCATACTCGGATCACGGAGCGTGGTAGTTACTAGTTGCCGGTTGAGGATTATGGTTTCCATA,1249,50.04,Mus musculus
SEQ_181320,GCGAGCATGACTGTCTCTAGGGGTCACATACCTTACCCGCACCCTTCGATATACCCTGGTCTCCAACAATTTGAGTCAGGCCTGGACGGTGATTAGCCTAATACGAGGACTCTGTTTGCTGGACTTGCATCCCTTGGCGCTTTCTCCATAGTCAAAGAAGCTAAAGAGGTTAAAGTATTACGGTTAAACAATTCGATTAGGAGTTTAGGGTAAGTCTAAGGCGGCTGTAGAGCACAGTCTCGAAGTTTCCCCATCCGAAAGCTCGTCTTTAAACTAAGCCGTGCACCCCTATGCAGTCTGGAACCCATGAGACACTCGCCGCTCGTTGCCTAGCGTACAATTGAGTGGAGCAATGATAGGCACCCCTTTTAGAACATACTGAAAATGGACACCGATAAATGACTGCGTTTAGCGGGCCGAGACTCTTTCTTTTGTAATGAACTAGCCAGTACATCCCACATCACAAGGGGGTTGCAATATTAGTAAGCAGATACCAACTGATCCCATAGAAACTGTGGCGAATGATTGGCCGAACAAGTGGGTGGAGGTGTACTCGCACCTTCTGGAGTTGTACCCCGCAACGTTTCTGTTGAAACGTTCGACCGGCACCCCTAACGCAGCACTCGGATTACGTGGTTACAAAAAAATAATTCACTCGGGAGGGGACCCCAGTTCCGTTTACTATTCTTTTGAAAAGATTACAAAACTATCTGGCGCAGCAAGTCGGGGTGAGGAGCATTCTCCTTTCTGCGAACAATAATTGGAGCACCTTCCATGACGGTGATCAACCCCATCCTCTGGGTGTTCATGAGTCCGTAAGGCTTCCGACATGTCCTATACACTGATTCATGTCTGGTATTGGAGGGCACGAGAACCTGCTTTATGACGGATTGGACCCACGCCACTTCCGCGAAACTCCTAGCAGTCGGGGTGTGAGACGGGGGCTAGTCAACTTGGGCCAGCCCGCTGGTTCTCGTGCTGCCCCCGAATACTGCATGCAGCTTAATACGGCCTTATGGTAAAATGCCACTTTCAACACGCATACGCCCCTTCTTTCCGCCCATCACAAGTGTTGGCGCGAAGCGGTGTATTCCCACGTCTCCGCCAGCCCGTGCTCTTGTATACAGTATAGAGTGGTGTAGAGCCGTTTATAGGCAGTGTACTACAGGATATTGTGGTGCAGCTCCAGACAGTGCTTACCGATTGAGAAAACCAATAATCTGCTGATCCCGGCTTCCCAGACAGAGGGGGGTGGTGTGGGTTCCGCATTGAATACAGTTACTGTAATCCTATGCAACGGTAAGTTACCTGCAAATCGACTCGGTAGAAACAGTGTCGTTTAATCATAACCCATCGTTTTGGCACGAAGACGTTTCAGTGGAGAATAGCTGTCTGTGGGAGAATGTCGTATGGATAATTCAGACGCGCACAAGATAACCCTACGTATAATCATCGTGTCCGTGAAACAGGTATGGCCTTCGACAGTACTCGAACTACCCTAACTCTTACGGGGGACTGCAGTTAAACGATACTTTAATGCTTTGTTCGGCCTACAAGCTTCCGCGCACCGGTGGTTTCACGTTTAGTTCTAGATAACTTGGACGGGTGCGTGCTGCCCGTTGTACTAATCACCCTACCCATGCTTGGTCACCTTAGTTTGAAACGTGCGAATGCAGGGACAGTTTACGGATTCGTACATGCTACTGCACTTTACTCCAAGGGTTGTCCGTGAGATGGAATTGTTGGTTTCGTTATGGATAATCAATCGAAGTC,1773,49.07,Saccharomyces cerevisiae
SEQ_760827,TACCGGTGCAAACATGAAAGTTTGTACTAGGCCAATGAGAGAAACGTATCGTGACGGGACCAATAGCTCTTAGCTCTGTGCGGCTAGTGGCGGATCCTACTAGGAGGCCTAGTTGTATTTACCCGATCAGGAGTCTACTAACCCGATCATGACTTCAATGGGCCGTCTGGATACGCCAGTGAACGATGCAACCAATGAGGCTCCTTGAGTGATTACTCTGCCGTCTTCGTACTTGATGCCAACGACCTTGTACTTATCAAAAAAACCTGGCACTGAAGTACCTAAGAAATCTGTTATCCCTGCTACCTGAGTCTCTGCACAACACTTTGCGTGGCAATTATTGTTAAGGTCGCAATGATCAGAACCGTACCCGT,374,47.59,Escherichia coli
SEQ_152334,TAAGGGGGACATCCCAGCTGTCTGAACACTGTCTTATATGCATGTCTCGGGTCAAGTTAGCCCTTCACGGTGAGCGTTTAAGCCGTGAATGTGAACGTCATTAACCACGACTTGGACGTTTTTTCGTGCTTAAGTAGGCAGTTCAGACACTTCGTAGGATTACAGGTTGCGTCCCAAAAGAATCGATCTGATTCTCCTATATTATGGCTAAGACATCGCGACATATATAAGAACGAAAGTCGCGAGAACGCTCTCCTACAAAGCGCAATCAGGCGTGTCAGACTGGCGCCGATCCGCTACGTGATAGGTTGGATCACGAGCAAGGAGGGTCAGTCTCGGCCTGTAAGTTTACGGATCAAAAGGTATCGTGATGACGTAGAGAGCTATCCTAGCTCGGCACCTTGGTTACTTCACCTTTTCGGAACCTATAAAATTAGTCGGAGTCAGGTTCGCGTCCCGTCCCTTATTCTTCCGAGTATTGCCGTTTTAATTGGGCTCTCACATCATATCAGCGTCCCGTATAGCAACTGCGATCTTTAAGGACGCGGAAACACACTGCTGTTGTCAATACAATAGCGGATAGCAGATGCACGTTGGCGCCTTGTGTTACCGGGTTAGTGTGGGTAATATCACGCCTCTTTTGACCACGCATATAAACGACCACTAAGTGAAAGTGACAATCACCGCACGGACTTTTCACTAGTCCTCTGTGTTGTCTTACGTTTTGCGGGTTCGGCAAATGGAACCATCCGACACAGTTGATCGCGGTTACGGGGCGTCCGCTACCACACTTGCATCTGTCCTACTGCCGGAGGAGAACTGTAAATGGCGCGGTTGCGCGCCACTACCGCGGGGCGCGGTCATCGTCTGAAGTCGCTGGGAACGTCCCAATGCCATACGATATGATATCTCAGAGTTCCATTAACTTCCCGATCATGGCTTTGGATGGAGCTACTTGAGGTGAGCGTTTACCGGTCCCCTGCGATTTAAACCCCTTCCCCTACAGAGACATCTGGATTATCACTCATTTAGTCTGTAGGTTCGAAGATCGAGGCACCGGACGGCCAAACTTCGATTACATGTAACCATTTGCTGTGTTATCTAACAGACGGATCCGTACCGGGGCACACAGAATTGTAGGTCGCATTAGTCTAAGACCATCAGCCAACACCCAGGCGATTTTCACAATCATCGCAGAGCCCCAACCACCCCGAAGGTGAAGTCGTTCGGAAAGAAATTTCTCACCAAAGCAAATGTACTGAAATGCTTGACGGTATGGGATCAGGATGTGACCGGGTTCCTAAGAGCTGTACACAGCAACAACTGTGTCGGTCCGGTCATCACTAGTTATCACTGTGTTTACAACCCCGCGTAGTTTTTCGTCAACCGACTATGTAGAATAAATGCAATAACTTAATCAAATTTGCTCAAGCTTGCTATTCGGTCTCTATGGTTCTAGTCTCCGCGGTGTCAGGGGTTAGGTGTCGCCACCCTACCACACCGGTCACAGATCTAATTCAGCCGGAAACGTATAACCGTATTCGAGGCTATTCGGCAGGCCACTCAACTTGTTCAATCCTCTAGCTTCTCCTTGGGCAGTATCTGATCAACAGTATCTGACCTGTACCATCCACCCTGATTGT,1643,49.06,Homo sapiens
SEQ_556220,GGTGTGGAGCTCTCTGGCTCTGTGGGCTGCTGTCGGAGCCATGGGCGGCGGTTCTTGAGTGCAACGCACTGTTCGCCTATACGCCAACCCTCCCGAAATATAAAGCGATTTCAGTAGTGATGTCCACCACGTGGGCTATAATCACCAGGTAAGACCCGCAAGTACTAGAACCGGCAGATCTATGTATGGTTCTTTATGTGTAAGATGAGTTGCCAACTTGCTCGCCTCGTTAATAGCCGTTATGAGGCTCAACAACCATTGAGTATCACAGTCAGCAATATCATACGGTCGGACCACGTTGGCCTACACCTCCCTGTCTTTTTTGCATCTATAGCCCGTCTGATGGTTGATAAATCGGCAGCTTTATTACGGCGACAGGTTACGTGAGGCGAGCCGTGAAGTGAACGGCGCAGCCCTTCGTAGGACTTTATTACAATGTACTCCAAAGGCCTAGTCGGAATAACGCTTTCCTTCGTGGTTATAGGCAATACACTAGAGAGGTACGTCCCATGTACACGTTGCCCAACCAGTGAGGCACTCGTCAAAAAGCAGCCTCGTATACGCATTGTTCACTTAGAGGGTCATGGCAGGTAGGGAGCGGAAACCTGTCCGGGATAATACCGAGAACTGTGATAATACTGCCAATTGGGCCGAATTTCGATCAGTGTTCATTAGGGTGGCAACAGCGGTCTTCAAGAGTTGAGCAGTGTGTAGATGCGGCGGACAGATCAACCGACGGCACGCCGTAGTCCTAAGTTAGCATCGCTGTCTCAACGTACGGAACTTTTTTCTATCCCGAACTTTGAATGAAATCGCCGACCATCCGTGTGTTGTCCTGCTTCTTTTTCTGTAAAGGCGCGCCTTTTCGACGTATTTACGAGACAAAGCTGCACCGTGGTCACTCGAAGGTCTCAATACTGCAAACGTATTTGACCACTGCTAACGGGGGTGCGTCGAGTATGAGTTGGGAATAATTGACATGTCCCGGTATGTAATTCATAATATCATTGCTACTCCTGACGGCCGTGTCCTAGCCAGGAATAAGTGAGTGGGGGATCACGTTGTAGAGTCGCTAGTCTCGCGCTTACTGCTATACGCCGGAGCGACTTCCGTAAGTCGGGCTGTTCGCTCCCTCCAGTAGACTCGCAAACTTATTAAAAGGCAATCAACCTTCCGCGTAAACCAACGCTTGAGTCA,1197,50.04,Saccharomyces cerevisiae
SEQ_948827,ACTGGTCGTAGCCGACTATGTTTGTTCGTTAGCCCTGTTTAAAAGTTTGACTCCTCAGAACTTGAGTTCTGTAGGGTCGAATAATATAGCGGTATGGCGGGCTGGCCGCGCCCCGTACCACCAGGCAGCATCCCCCTAGTTATCGCCCAATATACCACTTGAAATTTATTTACCATTAAACACGAATTCACGGCGCATAAAACTTTCAAAACATATGCGTATAAAGTTGTACGAGCATCGAGCGGTTATAAACGTTACCTCCCAGTATCGCTGCTCGTATCGAGCGAACACCCCTACGAGACGACTTGAGGGAGGCAGATGTCCCAGAGATATACGGTGTTATGCGTCTATTGAGCCCACATGCCCACCGATGCAATTGGATCTCGTATGTGGTAACGCAAGGGACATCTTATCTTCGGTCCTCGCTGAGTACATTGTGACCTGGTCTACGACAGTGCGACCTCGGTAACCGACTTCCCGACATATAAAGCACGCTGCTTGATAGGGAATGTTTACATGCCGCAACCAAGTACGTTGGGCACTAGCCAAGGAACCTATGGACACATGTAGGGATTGTGAAAAGCCGGTATCGCACGACATTCCTAAGCAAAAAGGATGACAAATACGTACGGAATTAAAAAGTGTTAGGGTCCGCAGACTCTCAACGCCAAACGTATTCAAGAAAACCGGCTTCTTTTGACCAAATGGATTCTTGCCGACTGTCACCAATGCGTGTCGCTGAGGTTTGTCAGGGGGATCGTTGTGCCATTCAAGCTCCCTCTTGGAACGAAGGCTCCCATATCATCTGAATATGATGACGTGAACGAGTGGCGAACGCTGGATTGGTGTTGTGACGACCGCTCCCGAAACTCTGTGATGGTGTCTTAAGGACGTTTGCTGTT,902,48.56,Arabidopsis thaliana
SEQ_811391,GAACATGCTTAGCGGATACGCACAGCTGAAGCTGTATGTGTTGAGAACTTTCGCCGCTAAAGAGCCTGTGTGCATCCAGTAGACACTTTAGGCGCGATATAGTTAAAGTGCACAAGTTGGGACCCCTGCGACATATCGCGGAAACAGGGACCTCATTCTTCTTCAGCGTAGGATTTGAACCCGGCAGAGCAACGAGACAAAACTTTCTGAAGTGCCATAATGAGCAGATCCTACCGTTCTGCTGCGGGGCCCCATGCTGTCTATTTACTACACATTCCCCGATTGCATTTCGGGATGCAAGGCAGTTTCAATTCTCTATATACCATCAAAGGTTGATGGGCCAGGGCAAAATCGGTTGGTCATGTCCAAAATGTTAGGTTAGACGGGCAAAAGAATAGGACTAACGAGCCTATTCGAACAACCACTAAATAGGGTCCACAATCGGACCCCACAGCTACCAGTCTTCCGGACACATGCGCAAAGTCGGTGCGACGGCGGAGCGCCGGCGTGATTCCCCGTATGGAGAAGCGCGATATGACGGGAGGCGTTCCCACGCACTCGAATCGCGGACGCATTCCCCTTTGGAATTGAGACTATATAATTGCATCTTGTTCATGAGCTCAGGTAACTTTTTTTAAAAAGCACCTCGTTCTGTTCTCATGATCCGGTAGAAGGGAAGTTGCACGAACTTTGATATCTGAAAAATCCTATGACGCCCGTCACGACTGTATATGCACCCCAGATTTGCGCGGGTCCGGCTTCTATAAAAATGTGGCCCGGTATAAGCAAAAAAGTGGAATAAAGCTGCGATGATCTCACGGGAAGTCGCAGCCGCTGGGGAGCAAAATTGGAAGTATTAAACTGCAGCCTCAAGTCGGCATGCATAAGAGCAACCCAGCTGCGCGAATTCTTCGCAACAGTTACTCGGTCAAAACTTACATAGGGCGGCTGCTGGAGAGCAGTTGACATTCATTGACTAACGCGTGCGAGCAGGGCACTGCATATACGACTTTTGCGAAAAAGTTGGTATTCTACTACCAGGCGCGATGATGTAAGCCATGGCGGAAGGGTGGGGTTTTTGTTCTTCCCCCTACAGAGCAGCCCGGAAGGCAAGGCTAATGTTGGCAAATTGGCTAGCAACGTTACTGCGAACGTGGCTCTAGAGAAGGGTATTTACAAGTCAAAAAGTTCTCAGTAACATGACATATGTGATAGTGCATCACGACAACCATTATGAAGGTAGGACGCTGTAGCGGTAGGGCGACGTGATGCCCTTTCGGTGGTTAGCTGACATCAGGATTAGTGATGGCAATGTTCGTAAGCCTCGGCAGACGTTCCTGCGGCGTCGCATTCAATAATTTTTTCAGTTAGTAAAGAATTCAGGGGACATCATAGAGCGTAAAGCACGCAAAAC,1414,48.94,Arabidopsis thaliana
SEQ_282834,TCGAGAAACGACGAAGGGAAATAGTTCATATACGACTTCGACTTTTAATTTGCCGGTATAACGGGGTCTAGGAATTAGGTTCCATACTTTGACACATGACATTTTTCGATGATTAATTGTCGCTCACTATGCCCTTAAGTCGAGGTCACCTGGGGACTATATAGGTGTCCTAGGACGCACCCAAACCGCTTTTGATACAAGTAACAGTGACTCCCTCACAACGGAAGTCAATAAATTAATGAGTTACACCCGCGTCCGAGCTGAATCAGACTCAGCCCTCTCGCCATTGAATGTCGGTAGCGTTGGTTTCGCGACCGGTCTGCCTCCAGTTGGTCTGAGTCGTCGAGTGACTCTCGCTGTAGCCCTGTCCCTCTGTTACACTCCGAGATTGTTCTTACCGACCGTTAAATGAATCGAACGTAGCAAAGTAACCTCAGACCTGGGTACAAAGCGGAAGTCCCTTCTCATCTTATAATGGGATCAGTCTCGTGGCAGCGTCTTTCGCTTTACTACAGTTGGTGTAAAGTTTATCTTGGCTCCACTAGCTATGCAGTTTAACCGTGATAAGTGCGTACGTACTGTGGTGCTTGGTCATCAGTTGAGTACGTAGGTCAATCATGCGACCACTAGTGTTCGAATGCTAGTCCGCCGCCCGTCATCGGGAGCCGCCCCAAGTTTCCAGTGCCTTCAACAACCGGGCCTGTCACGAACGATCTTAGAGGATCGTACCCACCAACCTCGCTGTATCTAAGACCTCCATCTGTCGCTAGCCTTCTCCAGGCGATACTTCTCTACTGCTATAAGGCCATCACATCCGCTGCGGGGAATATGACAAAACCGTCGCGTGCGTCATGCATATGAGCTAGGTCTGCTACTAACACCGTTTTTTGTGGATAGAGACGAAACAACCACGAGGTTATAAGAATCTGATGTAGGATGCCCTCGTTTCATAGAGATTGAGCTCCCTTCTGTTCTTCCTGAAGTAATTATGGCGTGTACACATAACACCGTCCCTACCTCTCTGGCAGTCCGGGTCTTACGTCCCAGGTGACCAATTTCTGGATCAGGCGTTGCATAATTGAGAATCACCGCCGTCCATTTCGGTGTATGTATAGTCTAGTAGATCGTACGAGTTAGGCTTCCGTAGGTTAGTTTGACAATAGACAGTCTTTTCA,1175,48.26,Saccharomyces cerevisiae
SEQ_598779,TTCGAGGGGTTGCCGAGTACGCTGGCCCGACAGGCCGTATCACGACGCCAGTATTAAACAAGACTTCGGTCAGTATACTAGCCCGATAAACTTTACAAATAGCCAGAGGCCTGTCTTATCCTTTCCAGGACAATCTCGTAGATATTCGCCCCAAAGGTTCGGTCGATGAACAAGCGACAATCCCGTATAGTGAACAGTGATTCTCGGTCGTTAATAGATGAGCTACCTTGAGTCCTTCCAATAGTTACTCTAAGCTCCGAATCGACCGCGCACTAAGCGCGACCAGTGGTCCAACTGCATGACAGGCACCGCCGGACTCAGTTTATAACGCTATTTCGCACCCTGTATACATAAAAAATCGACAGTTGAAGTCCTACTCCATTGCCAGCCCAACCAAGTTGTCTTTACAGCACAGGTGGCCTTGTCGGAGCGTCTGATTCACACTATGTGAATACTATGTCAGCGTGTCCGCCGGGCGAAATGCAGATGCGTAGAATGTAGAAGCATTCCGGCTGGCCCAAATTCTGTAAAGTAGGAACGGCTCTTCTTTCCAAGGATATGCTAAACTCTAGTTACCGAGCTGGCGTCGAAGTGACCCCCTCGGTATAGCACTTAGATTCCGCGATGTGGATACAAGAGTTTAGGCTATACTTGATATTTAAGCGGTCCCGCTTCCTAAGTAAGCATGGAGGTCAGGGACTTGGTGTGCAATAATCGGTCTTTTGCTACTACCCCGCAGTGATGCCGTGATGAACGCGTCGTCTGCTGGAATGAAACCCGCGAATAATGTTAGATTATAAACCTACCGGTCTTCCTTGGCAAGCATAAACCAGCTCTGGTGGAGAGGAACATAATCTAGTCCACCATTGCACAGTAGGTGGGATGCCTGGTGCCTGGTAGTTTT,904,49.0,Drosophila melanogaster
SEQ_894842,CGCTCCCTGATAACGGGTTGCCATGATTTACCGAGGACACGTCAGATAGTTGTAGGCCCCGAGCACCTCACGCCTTATTGAGTAGGTCTGACGTAACGAGGTCCTCAGCTGACCCGCCAGTGGCGAAACTACCGGTGAGCTCGCTTAATTAGGACGTATGATTACACGTTATCCTGAGTCTTTTTGGTTTATTGAACAAACTAGGGATAATAGTCAGTAACTGCGGCAAATACCTCCACCTGAAGCTTGGGGTCCTTCCATATGCGCGCGATCGGGTTAGCTTTCAGAAAGAAGCGGACCGTGAGTAGGACACGCGGATTCTTCTGCAGCCTTCTCGTAGTCGCTCAGTGCAACGCTACGATACGTGTAGGACACTCTCGTCGGCCCCGACGCTAATTCCCGCATTATTCCGCCGCACGACCAATCCGTCCGGACCAGGAATGACTGGAGGAACCGTCGTACCGTTCCGTGTGTAATAGTACTAAAGCGCAAAGTACCTACAGATCCCATTCGTGCCGACGATTTCCTGCCGTGGGGTAACGAGACGAATGCAATTGTGACTCTATCTATGACTAGCAACTAGAGACATCCCCGCCGCCACATCATTGATGCTGTATTGAAATGTCTGCCAGATGAATATTTCCAGTCAGTAAATGCTATTCGTAGTGTACTAGACATTAATTTCAATGTTGAAAAGCGTTCGCCTTAAGCACAGAGAGTTCTAAGGTACGACCAGTCTACCCAGCAGTGACATCATAAACCATCATACCTAGTAACTAAGAGCTTCAGACTTAGGATTAATAGAATCCACGTTCATAAGGCTCCTTAATGGAAAGTGTGATATGCTTGCACGTTTGCCCTGTGCCACGCAACGAAGGGCTAACTGAATAAGCCTACCCAAATATAATTGTTCGCTTCTCTTGAAGGCTGGCATAAAGTTTGAGATGATAAATTGTAAAGGTTAGTAGGCCACACGCGGGGTTAAATCCGTAACATGGGCCTGACCCTTCACAACTGCGCGGTG,1024,48.34,Escherichia coli
SEQ_719100,GTGGTTTCGCACTGACGTCAGAGTGTCAGTTACTGACGTATGATATTTTGTCATATCCCTGGGCAGGACCCTCTTAACCGAGGGCGCGAGTACGGTGGGCAGCTAATTTTCGGTTGGAGTTGGTGGGCAGCTTGGTCCTGCACTCAGGACTCTGATGGACGTTTTATCTGAATGCGTTGAGAAAGAGGGAATAATAGATCGAGAGACAAATCCCCGAGGAGCAGGCTAGGAATAATCCCGACTGCTCGAAGTTCAGACATGACATCCTGAGACAACATATAGTAGACAGTTATGCCGTGTTATGAAAGATGCTTTAGTTCATTCAAACGCATGACTCGCCATAGTAAAGGTAGTCTAGCAGTTACTAACGAAACAACACCGTTCGAGAAGAGGTCGAGCCCGCGAACTAGTGGAAAGTCTGGTCCAACAGAACAATCCCGCACTCCGTTCGCGCCATTGTGCTTTTTCACTCGGGGTATGTTCTCCTCTTCAGTCCCGCGTGTCAGGGGCAATGGTAAATGGATCTGACTCTAACAAATACCGACACGACACCCTAACATGAGAGGACAATGTCTTTCCTAGCGTAGCACGATAAATGGGGCCAGAAAAATCCAGCGTTCAAATCTCTTATTGCGGGTGCGGCGCGCTTCGATAGTGATGTCTATACACGACGTTGTTTATGCATCCTTGGGCATGCCCAGTGATCTTTTCCGGACCTGATTTGATTTCCACGGCATGTCGCCACTTAGTCAGTAGCACGTCTCAGCACCTCCACGGAGCGACGTTTTAGCCAGAATTACTTTATCGTCCAACACGGTCTCAGTTACCTAGCTCCTTGAAGAACTTGGACGATACTTAGGGACCTGTGAGATACCGAGGAACTCTTTGTGTCCCTTTGAAGCTTATTGCAGAAGTGCAGTTGGTTTATTTCCGTAACGACTACAAATATCCCCGCGTGCCTCCTAGCAGGCCCACGTTAAGTCATGCGTACCTCAAGCTCCGTTATCTTCGGATTGGAGTATGAGTATGGTGGTCTCTTAAATCGTTAC,1049,48.52,Mus musculus
SEQ_249592,ACTCAACAATATATGGGTTGTCTCCTATACTCACTTCTGAAATTCGATGGCTAGTACGTACGTTAGGAAGTCTCGCGCAATTGTTGCCGAACTATTGTCGACAACGATCTTTGAACTCAGAGGAGCGTCTCACCACAAGGGGAACATTCTCAATAGTGGATGCATCTGCCGAGGCGAATGCTATTTCACTGGTACACGTTGGTCGAACAGAAAGCCACATTGAATCGCATGTCCGGATAGCTCCTAAAACTTATCCTTAGAGTGGGCGGGCCTAAACCCGACGCTTCGATTCCAGATTACTCGCTTATTCAACTCGTTGTAACCCCTCTACTAGGGGGAGCACTCTCTGGGCGTCCCGCGCTAGATGTGCTCCTACGGCGCGAGAGCGTCGTTTCCAAATTACTTAAGGCGCCATTGTTCCACGTTGTTATCATCATGTGCAGTCGCAGTGCGGAGCTTTAGACGGACCAGTCTGCTTATATCTGATATTCGGACTTAATGTGGCGCTATAACGAAACGGATGCTGTAGAACGTCTGGCATAATCGCGTAGACACGCATTAGTTAAGCCAGGCGAGCACACCTCCCACGAGTAATCCTAAGGCTTGGAGCTTACTCGAAGGATGAGTGCATACTAGTCATACTGCACGTGGAGTTAACTGGCCCAGGTCCTCGGCCGTCAGCTCAAGTATACCATCGATCCCCACATGGCATTGTAGTAGAAAATGATCCTACTTCCGTGACATCACCTTGCTCTATCTGCGATTTCTGAAAAATGTACCAATGAAACGCGCTCTGTTATTGCTTAGCGAACCCTTTAAAATATATACAGTTAAGTCGGTATAAGGGGGACGAACAGGCATAGCACCGTATGTCAACAGCTACGAGGGAGATGGCATGCTCTGTGTCATATGCTGATATTCCTGAGACGGCGAAGCTCGCATCCTCAACCCGTTGCATCTTCAAGTCCCTTTTACGGGAATCGTTAGCTTACTCCCGTCTAGGACTGTTTCGAACTCACGACTTCAGGCTTTCTTCGGGGGTGCACCTCTAGGCAAATTCAACTTACTCCCCAGGGATCTTAACAGAAGTTGCGTTACGGGAAATCTCGGCTATATGTGATTTCCCGAACCAAAATAAGCGGGGCAGCCTATCCCGGTTGCCCCTACAACTTATTTCCTCCGGTGAGCTAAGGCAGCTTTAACCGCGGCGGTTTCAACAACTATTTTCTATAACCCGACCCTTGTTATGAAGTGCGAACTTGAGGGTTGAAACTCATATTGGAGCTGCTTTACGTGGAAAACGATATTGCAGCGTCTGGTCTCCCCCCCAATGTACACGATGAGCGGAACGCAGCTACCGACTGGTCCAGCCGCATACAGACCGAAAGTCACGTCCCGTTTGATTTACATCTACTCAAACAGGCATTCGCGATGCCAAAAAATTGGACTTAGCGGGCACCAATGAACGCGCCGTTGCGCGGGAGTCGCAGAGCTAGTGAGCTTCCAAATTGACCGCAAAATGGTAACTGCCACGCGGAGGCTCATTTTAAAATCTGGTACTCAACCCACTCTTTTTGATTATCAGATGGCTCCTACTACGCGGCTGCCGCCTTGCGGAACCTGTGAGTAACGATATCGAACGGGGCCTCGCG,1652,49.46,Mus musculus
SEQ_666063,GACCTGTCGGCAAAAAAGTGCGCGCATTATCTACCTTATAGGCTCCAACAAAGCCCGTGGTGACGGAACGTGAGAGGATCACCAACTAGTGTGTGCCCTCACCTCAGAAGTTTCCTTCTTTCACCAGATCGCCGACCTTCCCGTTATTTAGGGGCAAGCACTACGCTAAAGGTAGCGAAGGTAGGTTGAGGTGGACGATAAATCTGGTTCCCACTGCGGGATAGCACTGCCAATCGCATTATTTGTACCTAACTGTCTGGCCTTTCACTTTAGTTTCTTGGGGCGGTACTTCGGAGATCTCTCGACATAAGTCGAAGTCCGTAACTCGATGATTCAGTGTGCCATGCTGGAAGTTTCGTACTGTCCAGGTCTTCGCCCCTTATCTGCAGAGTTCACGGTCATTGACCCCGTTTGGCCAACGGCAACGAAATAGGGGCCTTACTGTCCCTCTGGTAGCGTAGATCGCAGTACGACTTAAGTCTGGTCGATCCGGTTAAAAAACAAAGAATGATTGACTACTGTACTCCATGTAAGCCGATTATTGTGCGCAACATTCCGGAATGATCTACTGCGAACCATCCTACCTTGGCAGAACGTTTTTTAAGATCAGCTAAAGCGCTTCAGCTGTCGCACTTCGGATGCCATGCTTATGATTCATCTTCAAATCGGGCACCTACTCTCCGTCGTATATACCATAGCGTTTGGCGCCTGATGAGTGAGGGGGAATGGGACCCCGTCGATCAGGTAGGTACAGACTAACACAACAACATCGACAGGGTCGCCCGTAACGTCGTCTGGGTTGCTACCGACGAATGGAGCCGATTTGTCGCGAGTAACTTGCGCCATGTTAGAGCCCTGTCTTCAGAGTTCGTGCGACCCAAATCGACCCTGACAACCTCAACGGCTCGATACAGCTAAATGACCTTTACCCTGATCAACGTGTAAC,946,50.21,Caenorhabditis elegans
SEQ_160257,ATCTTGCAAACCGAAATGATCCGACTCTGCTACCAGCAGCGCAACAATTAAGTCGGCCCTTTTTTAGCCAAGTGTTGCAGGCTATAAAACAATGATGCGCCTTAAAGGGAATCTTTCAATCATGCTCAGAGTCTTAGGACAACCCCGCCCGCACACTTATTCCCCAGAAGAACATTAGGCACTGCGCGAGGAAATAATCCTGGAAGAAATCTGGCGCGATTGTAACTTATTCCGAGATAACGTTTTTATGGGTGAATCCACGCGCACGCCTGTCCCGTTACAATCCGGAACTAGCCATTCACTATACACCCCGAGCTAAACTTTACAATGAAGGGGCTAACGCTAAACTAGGCACCGACGTTGCCGCCTCACCCTACTCCGTGATCGCAGTCCACCTAAAAACCATGTCCAACAAACGGCAATCGTGGAGCTGTTTATTAAGAAGGTGGGGGTTGATCCTCGTATAGCTTTGGGACCCGTACAGAGGTTAAGGAGCGAGTTTTGTGGGCTTAACTCCCGCCACTCATTGTCGGTAGCCGTCAAATTGATCTCTATCGCTTCATGAAAAAATATCTCTCGCAGCTCAGGGACATGCAAGAGGGCGACGCGGCAAGTCGTCTTACGTCTGCATCTCGTCTACGAACGAGAGTAGCCGGGCCGCAGGAACCGGAAGACCGGATTCTAAGGAGGTATAGCGGCACCTCTAGGTTTTGTTTAATGCTGGCTTCCCCCGACGTCAAACATCTGGGTTGGGAAATGAGAAGAGTTGTCAACTCGCTTGGCTCAGGTTGCCGGACAGGTTGGGTGAGCGAACTGAGTATGCGGTACTACGTAAAAATTAGTAGTAAGACACAACATACCTAAACACGGACAAGTAACTATATAGACACGGACGTATTAAATGAGTCCGTCAGCGCTAAGGTTCTTCTGTTAATGTAAAACTGTGACCAGCTTGTTACCGGCGGCCCCCAACCGGCCCACTTTAGATGGCCGTTCGCCGAAGGGGGACCTTGCACGCTTTATTGAAATTAGATCATCTTGGGTGCTGAGGGTATCACCACTACTACTGATAATAGCAGGCAGACTAACTATTATTGCCAAATGAAATTTGCGTGTAAGGCGACTCCCTGTCAAGTTAGCACTACTAAACTGGTACACGGTTAAAACACTCCGGGGATCGTACTATCGTCTGAGGACTGGATAGCGGTTAATGTTAGCTTGGTCTTAGAGTCTAGCGCCTATGTGCGGAAGTATTAACGCAGTAAAGAGGTTTTAGCAGCACTCACAACGGCCGACGGTTGGCAACTCCCCAGCACACAATCGCGGCCCTGCAAACCAATGAGCCGGTAGTCTTTCCCCGAGATATGCAAATGCGCGTGACGGACACTTAACCCCTGCCGCCGGCCCAAGGCACAACGGTCCTTTGAAGACCGTGTGACTGATTCGCGGCGGAGCTAAACCTCAAATGCAGAATGATGTTGAAGCCCCGACACCCTCTTACAGTTATTATACGATATATGACAAGGGCGTTCGCATAGGAGGGGACTGGGCCGAATCTTCAAGGGTTGGCGGTTGGAAATGATGTCGCGTCTCTGCTTCACCTTGAGGTAGTCTTTTGCACTGTAAATATGAGCCAATGCAATGAGTGTGTGCAGCAGTGTGGACCTGCCCACTTGTGTTTCACGGAAGCCTATCATGTTAAAGGCCTCGTAGGTTATATTGTTCAAGGTGGGGTCTTTGATCGCGCAGAAGGGGAACAAATCCCTCGCGGAAATGGAGAGCTTCGAAAACAGCCCTTTGGGTGCTGTACTCCCTCCGTTGGCTAAGACCCATAACTATTGTATCCGGGATCACATGCACTTTACCGTGCTACTGACTGA,1880,49.68,Homo sapiens
SEQ_511325,GGACGGCTTGTTGGCGTATAACCGGTAGCCCTTATTTAAGGAAAGTCACCGTGGCAGACCACACCTACATCCGGGCCCAGTAGAGGCTTTACCTCTTCCAGCGTTAAAAGCCCGGGAGACAGAGTGCCATCGGGGAGCTATAGGCGTCAATCAAGGCGGAGCGGTTGGGACCCAAGTCGTGCAATATCTGTCAACAACAACTAAGTATCGCCCATCCCAATCCAGTAATCTTACTTGGCTTAACAAGTTGATCAGAGTGGTCCCGCTCCTCCCGACCGGGTCTAACTACTCCGCACTGACAGTACCCCCTACAAAAGGGCGGTCACTTCGAGCGCACGTGACATGGGCATCACCTTCCCAATAGTTAGACAAGCCCTCAGAAATTGGAACTCTGTGGATGTAAGGACAGACCAACACATTCAACTTAGGCATGGAACCAAAATATGACTCCCAAGTTAATCTAATGCGGCGTCACGTGCGTCGCCTCCCCAATACGCGGCGGTGATGTGTGTTGCCTCTTCCCATTTTGAGTTACTTTGCGGATTTGAACCTTTCAAACTCCCGACGTGCTGAACGTCTTCTTGTGACGTTGCCTAGAACCTGGGGTTTCGCCTCAAGAAAGGCTCACCTATGACACGAGCACAAGTGTAGCGACTGTATCCGAAGGACCGCGCCGGACTGGCGGTTTCTAGCGTCGCTGCCGGCTTAGACCACTTACAAGCGATTCGTACCGGATAGACGATAATCACAAAAATTCCGGGGAGAAGGGTTCTATAAAGGGTGTACTGGGGAGTTGAATCTCATCGCTTCAACAGAGACTCAGACCAAACAATTCCTATATTATCACAACACCAATTGCGATGGATTGAAAGAGGTCATAGAAATATGTGAATTACGTCGTTGTAAGCAGTCTGACTACTGGAGGTTATAGATATTCGTTCAAGGAAGGTGACCCGACTATGATCGGTAGCATCTTGGCGAGTTACGTGGTCCCTCCTTCTCGTCCGTATTCCTAGGCTTTAACTGACTGGTGATTTTCACACCCCTCTGTCGGGCGAACGTGGACCTCAGGGGTGACTTCTGTTTTGATCCACTTCCCCCCGTTGACCTTTGACGTAGCCTTTTACGTAGTGGTTGTGATATCCATATCAAGTAATTAACGCTAGCCAGCGGGTTCGTTGGAGCGGTGGCTGAACCGAGGTGCATGCGGAGCCATAACAAATGGGAAATTTTTACTCCGAGCTGGGCTGGTAGGTATCATGTAAGGGACTCGAACGTAGGGGCTATCGATGTAGGTTGTAGTACCCTTCTGGACGGGACAGGTGGCTTGCGTCTGAGTGACGCCACTCTTCGCTGTCAAACACCTAGCCGATCCTTATATCGAGGGGTGCGCGCGCGACTTAAAGCGCTCGCCTATATTAAGCTCTAGGAAATCGAGCATTGAAATTGTATCATGGGCCGTAATAAACAGTAGGGTATAATCTTTGCTAACGCAGTTTGGCCACCGCAGATAAGTAGTGTAACGCATTTAGCGTGGCAGAATCGCAAGGCGAGCAGCTTGTCCGACGCGTCAGTAGCGCAGACTCATGTGGGGGCTGTTGTAAGAAACTTGAGGATCTCCTGCGGATATGGCAGTCAATAAACATTGAGTGCCGCTTATTATATCGCGGCCCACTATCCAAAGGGAAGAATCCGTCTGACCTCCTTGGCAATG,1714,50.41,Escherichia coli
SEQ_268397,CCGACCAAGAACTCAGTGGTCACGTTCGCGCGCTCAGTGTTTGACTGAACGCGTGCGTTGCTGTGCGCCAGCGTTACAATCAAACGCAATTATAACACCTTTACGATAGAGGGTGCCCAGTATATAAACGGTGAGTCGTGAGGTACTTTTGACACGTCCGACTCCTCGGCCGAGTTCCTTTATAAGGAGGAAGCACTGCTTTGTTTGAATACCTATACAGTCGCTTGGTTGCCTGGGTGGACTTAAGTCGCTGATGGTTAGTGGAATTTACCACACGAGAAACAACTGAATCTATGAGGTCATCTCTGCACTTAGATTGGTCGGGAGAGGGCTCAAATAGTGAGCCTAGTATTACTGCAGCGCAATATAGGGGGGCTTTTAACTTTAACCCCGAAACCCGCAGCAGCCCGCTCGACCGTTCTATTCGACGACAGGCACACCAGTCGTTAAGGGGGCGGAAGAGATGATTCAATTAGGTTGTTATTCTTGTACTCTGTTTTCGCAATCCTAGGTCTACCGATTGTGACCATGCTGCCTCTTGCATGCAGACCCATACTAGGAGATCCATCTCTGGTTCATCCTAAACCGATGCAAACCTACAAGACACGTGAGGGTAGCGTGAAACGTCAATTGGAGGGCCAACGCCGCTCAGTCGGGAGCTTCGAGCGCATCACGCGCGGCCCTCGAATCTGAGAAAGACATTTAAGCGGGCTATTTGTTCCACCCATGCAAAGCACTTGAGCCTTGTTTAGCGACCTCTTCTCGAACATGTACTGGGTCTGGGATGACGTCTGACCGCAAAGTGATTTTTGGAACTCCGGCAGGGCGTGGACTAGGAAGGCGTTCGCAGTTCGCTCCCCGCGCTAAGGGTTGCTCGGGCTCACACCTTTATTTAAAAGTAACGTGTCGGTCGAGTCCAGCATCGGTCAATCTGGACCGCCGTATGTGTTTAGGATCCGATAAGACACGCGACCGCTTGTACCCTCGTGATGTAAGATTGCCCGGCTATTCGTGATAGATTTCTCTCCGTTGCTTTTACCCTCTATAGTCGATAGCCGTCTACGCTTGCTAGGAGTGTATAATTACCACCCCTCCTGTATCGCCAAGATAGTTTAGTACCGAAAGTCCCGTATCTGAATGGCGTCGGCACCCCAGACGCCGATTCCCCTTAAGAAGGTCTAAGGTCTAAAAAATCAGTCACTCGATATTGGTTTCCGTTCCTTACACTGCAGGTGCGAGTCAGCAGTGCATGAGTCTCCACCCATTATTTATTCGATCCCCATGAAGAACTTACGTGTAACAGGCCTAACCCTGACGAATAGCGCATTTTCATTTGCACTCTACCCGAGTGCAACGTCTTATGTCACGCTGAACTGTGTGAGACTGCCCCAACCCGTATCACTATGCAGGCAAAGAAAGCGCCGTAGCTGCGGGTCGTCACCGGTTTCGAACAATCAAAAGCGCCGGGTCTTATGATGATTAGTTGTTGATCGCCACGGAGGGCCCTTCACAAACGGGGATCATATGGTGTCTAATCTAGGGATTCTACCTTGACATTCCATGCTATCCATGGCTACGCTTCCGCATATACGGTGACAATTTGTTAATAAGCTTCGGATTGATTACGAGGTCATTGTGATCCCCTGGCGCGAGCTTTTGATTACCAATAAGTCACGCTGAGGCATGTTCGTCGGATCTACTTTAATATGTCACGCTACTTTTACGCTAGCGTACTAGTCGAGCGTGGAGCCATAACTGTCATGAATGCGGCTCAACTATAGCGATAGTGTTTTGATTTACATACGTTCAGCCCCTATTGAGTGCTGGATGCGTATCGGATATCCGCTCTCGACGAGCTTTCTCCCAGGGGAGACGCTTTCCCGTGGCCCTTTTGTGCCCAGGTTGCGAACCTGTCCATCGCGTTACATAACTC,1933,50.03,Mus musculus
SEQ_193128,AGTGGACTATATGCTTCGTATAAAATTAAATGTAGGGCTAGATTAGCTACAACCACCTGCACTGTTTGTAGGTTGGCGCAGAGGGGGGACCGTGCGTCGGATTCATGCCGATGCGTGATGCAGTAAATGGCGCTTGCATGGGGTAGTTTTGATATGAGTTAATCGCCTCGTTTGGTAAGTTACAACGCTCAAAATAACGGTTGCAGCGTAGGGATCTTTCACTGTACAGACTATTAATACTCTAACTCTCAATTGCTGGCACGACTTAGAGTAACGACTCCGTTATAGCCCAGTCAAGGGCGCTCCCGAGAAGCACAGAATGGCATTCTAGGCTTGATTCCAGGTCGGTTGATTCCAAACCAGCAAGCAGCCTAGCTCTGGCTTATGGAAACCTCACTAATATGCGAGAACCTATATTTGGGTCAATAATAACAATGAGCCTAGCCGCTAAGCACACGAGTTCGGAGACGTCGCTGAATAACATGGCAATGGTGGATCAGTCGAGCTCCGTTCCGCAAGCTTGGGCTGTGTCTGCGATATTCAGCCAGTCGACTTCGGAAATGCAGCACCTGGACTAGCGTAGGGTCGTTACGAGGCAAGAGGTCGTACTACGAACCTTATCCAGACTAATATGCTAGAGTCGTTAAACGTCGCTTGAACTATCGTTTCTTGAGTTGTGGCCGGTTACCAGTCAACGTACTGTGAAGCCACTCAGCACTGGATGATGTACTGGCACGGATCGGAACTCCGTATGGGTTGCTACATGATATCCGGCGGGCATGAGTTTCAACCCGCCCGGCCTCACCGTAATCTAAGTCTAATAAGCCATGGCGCTTGGGAACGTATAGATGGCACTAATGTGCATAGTGAGGCTCAATCGAAGGTAGGTTAACCGCGCTGGTTCAGCTAACAAACGAATGCAATGGTGGGCTTCGGTAGACCTGCGTTAAAATGCTCCATATAGACTTGTAAGCGGACTGATCAGGCTAACGGTCGAATCTCGACCTGTGCGATCTATAGGCCACCCGTGACGTAGGGAGGACGAGTCGTCCGCTTTTGAGATCTCCGTCCCGCTGCCTCTCCATGTTGAAACGGGGAAACCTAGATGGCGGCAGGGAATGTAGTACGTCAGGTGTCTGCTGCATTCGTCGATATTCCACCGTCTTCCCGACACTCTAATAAGCGTGGCCCGCGTGCAGTTCATGTCCCCTGGA,1214,50.33,Arabidopsis thaliana
SEQ_556602,CCTCTAATGTTTTGAAGCGCCGTTTCACCGCGGACCAGTACAGTGCCTCGACTTACCAAACCACGGCCTTATGGCCCTCAGTAGGCAAAGAGGGTCTAAGTACCCGCACTAAGATGGGGTTTTCTGAAAACCAGTCATTAGAGGAAAATCCCGGAGTTCCTATCACCTGAGCAAACTGTATTGGTGGCTGACTCAGACATATTTCTGACACCAATCTTTTCGTCGATTCTCCGTGTCTCAATGGCAGGAACTATCGTCGCCCGTACCCAGGCAACATCTGCATCCTCCCTGACTCACATGGTTTCTTTAGTGAATCACCGGTGGTGCCGAT,331,50.15,Mus musculus
SEQ_593849,ATATGATGCAACCCCTCATCTCCTTTTCCCGTGATTGATACCCCCCTTCATAAAATTTTTTTGAGGCCCACGGTTGCCGCGGTATTGAAGGAGCGGTTCTTCGACTTCAAGGATATAGACGCACTGTAGAATAATATATGTAATTGGCCTATGAGTACGAGTTGTGCCCACCGATTCGTATAATTTCTGCAGGCGCCGTTCCGCGCTGGGAGTTTGTGTTCTTACAATTCAGAAGGTATTTTGCTCAGCGCTGAGTCTAGCCCTTATTCAGTCCTACGATTTGTAATGGTCAACCTAACCTCTATTTACGAAGGAGCAAAGCTTTTCAGTGGAACAAGAAATACGTGATGGAGACACAAGGCAGGACAGGTGAGTCCGCTGGAGCAAATTATGGGAAGCGGTACAGAGAAGGGTGGGCCCGACACGGTCAAGAAAGATTTCCACAGAACGATTCGTATGGCTATATTTCGATGATTATTCGGAGGGCCAAATTAGATTAGCTTGTCCCGTGAGTCCTGGGTGCAAGAGAAAGTACGTGCAAAACCACCTAGCTAACCTTCAGCATAGTAATGTCCGGAAGGATAGCTCCCCCTAAGGGGCACCTGGTGACCAGCGGGAGGTAG,623,47.67,Arabidopsis thaliana
SEQ_270295,CAATGAGACGAACTATGCCAGGATGTGGGTTTAAGTTGGAGGTGAGGATTCAAGGTGTTTCCACGAGCAAGTGGTCCGCAACAACTGACGGTTCGTCATTTGAGCTATTTAGCTCGAAACTCAACGCCTGCCACAAGCGTAGGGTTCTCGTCGTAGTTTGCAGCCGTACCTCTGGGGCGTTGCTCTAATAGGAGAGGGCGGCATCACCCGTAGAGCACTTCGCTCATCTACGTAGTCGCCTCGCACGTGAGTAAAAATTTGTTTACGCACTAAGAACTTCAAGCTCCAACACTACAGCCGGTTTCTCGACCTCCCCACACTAAGTACCAACGCGCTCTCATCCATGTGATGCTAGTTATTTGCCTAAGGCTGACGATGCCTGGCTCGCCTGTTCCTTCGCTGACTAGGATGGGTTAAGCGCGTGTCCGAAGCTACCCCTGGGTGGGTCGATGCGAAAAGGCCAGTGTCGGAATGCTCTAACTCTGCCATTTCAGGAAAAGCGTGACACGGGAGCTGTAGGCAGTCTAAATTCTACAAGCGCGACATATAGACCTGCTCGCGCAGTATGCTAATTGGGCTAGGCTAAGCTGCTACAAGAGCTAGCGAGAAACGTATCCGAGGCTTTGACGATACACAAAAAAGCCCTAAGCCGATAGCGCAACTAGAGTCACAGATGACTGATGGCGAGTAGTTTCAGGATACGGAAAGGGCATACTAATGATGACTTTTAGAACACAAGGGCATACGCGGCAATAGACCGTCAAGCCGGGAATCTGGTCAAGCGAGGGCAGCTGGGAGCTGAGGTCGTTAACATCAGGCTATCAACTCTGGCTCTGATGCCCGTGGCGAAAGGCAGAGATCGGGCAAGCCAACATAGTCCCGAGGCAGGTCTAGTTAAAGGGTCCATTTCCGTACCTTCCACTAACCAGGCGTCTGCTGAACCTTTCGCTCCTAGGACCCTTATTACGTATACACTTCCTTGGTGGGCTAGCGTCTTCCGCCAGGGCCTCTCCTAAATACCGGATATCAGAAGTCGAGTTGAGTAGTACGAAGCCGGCTAACCCTGCGGGACTTCCGAGTGGTATCGAAATCATGTGCTCTGGCATTTGATCTCGCCTTGGAAGATCAACGGGTGATCAAGTCGAATCTAACCAGCGTCCTATGCATAATCCAGCGCACTGAGTTGTCGATTCGGCCACCCAAACTCACCGCTTCCTCTCAATGTAAAGCCGCTGGATTTTACCGGCAAGAAAATAGTCTTCCCTGGCGCGAAGGCAACTCGAAAACACTAAGGACCGCTCGTCTCCCTTTTCTAGCAGCTGCTTTAAGTCGGAGTTCCCAGCTAGCTGATAGAGCGGTCACTCCCGTATCAGAACGCTGCTATAAGGAGAGGAACGTTCCCACGTCTTACATCAGAATGTTCCGTACGCAATTTCTCGTTCCTGTCACCGATATCCCCCCTAAGTGCTGTAACAGAATCGAGACGCAACTGCGACCGGGACTAGTCGTCTCGCTAAAGGTTACAAACCATATATGGTGTAGACGGAGGGAGTAAACCAGCCGATGACAAGGAGGGTGATGGAGTTCCTGCGCACGGACCCTCGAGGCGCACAAATTGTGCTGGACGGACCATTGTCAACGAAATGGTCCCTACGCCCGCACAACTGTGGCCCAGCCTACGTGCCAATCATCTAATCATAGTCGAGACAGTTTGGTAATGTTTTATTGTGACTTAGCTCACTCGGATGACCGAGTCCCCATAGATAACCTTCTACCGCCGCAGACGTGGCCTCAGGATAGCGGGCAATTTAGTGCAGAGGACGCGGTGTCATTTCTTGTTGAACCAAATCACAGCGTCGTCTCACGATTACCAAAAGTATAGCCGCCCTCTTCGTCCATGTTACATACTTGTCCATGGGGACATCAGCTGCGTAAAACCGAACC,1944,51.7,Arabidopsis thaliana
SEQ_735284,CGGATGGGATAATACAGTTCTTAAGGCGCGTACTACCCATAAGTCTTTGAGTGCGTGAATAATCACACATGAATAGGGGCAATTATGAAAGCATGCACCCCAATTCAAGATTCGCACGGAAGCGTTATCCGAGCCGCTCATACGTGCCGTCGCCAGCGTGAGCAGGCTTGACAAGAAGCGGACGCGAGTGCATTTCGTCCTGGGCTAGTGTGTCCAGCAGCGCTAGGACGCGTGCCAGTTAATCCCCGCAGGGTCCCCTTTTCATTCAAGCCCCCCGACTTGAGACTTAGTAAGTCGATTCCATACCCGTATATGCTTCTACTTGTGAGGTCCAAGCGTTCTCCAAAAATCCATCTAGCGCTTGGCGCAACCAAAACTAGATGCATCGAACAGTCTCTACAGGCAACGTCGTCGCCACGCTAAGTCGCGCCGAATAACTAGTCGATTGTCCCCCAATTCTTAAGAGCAAAAAAAACCTGCGTGACACGCCTCAGTCTTCACCAAGAAACCGCTGCTTCCTCCCTACTAGGCGTCAATCGTGTGATTCTAGCTTTAACAGCGGGGTGTAAATCTACAGGCAAAGAGCTGGTCGAGTATCCCAGGTCAATGTAGCGTATTCGCGCCAGAAAATTTGTACGGGCTAACGACGAGCCTATAACTTAATAATCAACTCACAACCCTCATACTATTTCGTTATAAAGGGACCAGGCACGAGCTAGCATTACTGCCTGCGGAGATCTTACGGTTACAGCTATGTAGCGCAGATGGTAAACATACGGAGTAAATCAGCAACTTCGTCATGAGTACTTTACATAAAAGGTGGTGGGATCGACTCATACACCAGATGTAGTCATTGGTATGTTTGTGTGGCATGTTAGGAAGGCATTAGCATAACCAATTCCCAGTGTCACTGGCAAGGTGCTGTTTATCTAGTCAGCAGCACCGCTATGATCCACAGTGGACTCATATTCGGAGACCTAGTCGTTTGTCATATTATTTCCGTCCCAGCACATAATGATTAGCTTCACTTGCCGGGGCTCCAGAAATGCCCCAGGACGACTGGGCCTCAACTCGGCGGCAACCTCCGGACCACTAGTTTGGTAGAGACCCACTACGCCCGCCCATCTACTATACGCGATCGGACGAAACGCTCCCTATAATCTTGAAGAACTTAGCCTCTGAGAGCCGCGTGCTCTATGTCGGGTTAGTATCCATGTTTCCCCGGCTTACATCATAATTATTTGACCCGCAATATACGCCATCTATGTGGTCAGAGCTGCGCCGCTCACCTAAGTACCGGCTCCAGACCTGGAGGTCCGTTCATCAGATTCGGCTTCGTATTCACGGGTAGATCCACGTCATACTTTCCAAACTGACACGAAATAGAAGTTCAGGGAAGTACTGTAGGAATGCAAATGAGTTCATCACTGGAATCGACTCTAAAAATGCTTTAGAATTCTCCTAAACTGATGCGGCACCATTCCCGCAATTCTCTGCCGATACGCCGTCACGAGGGAATGCAAGTCATCCATTCCCGGGGGGGTATGGTGTTGGACCGGGTTGGCGCCAGGTTTATTTCCGAAGATATTACACGAGGCCCGGACTTCCTCTTCCAACAAGATGAACTGCGCACGTCCTACAAGTGAGCAGGACACTATGTCAAACTGACTCCCCTGGCGGTTTTGTGCTCGCCGGTTCGCAAAGCAGTCTTTTGTTCCCTGTTTTGGAAACTGCGTTGTTACCAACTCTGCGCCCCGTCTACGTCGGTACTGCGAC,1776,49.94,Homo sapiens
SEQ_323252,GCGGTGAATTGGTATCCATCCTCCAACTTCGTGTCTGTTCTCCCAGGCGCAAGCAACATCGCTATGAAGCATATATGGGTCTGAAGGCAAGGGAAAAGGAACGGGACTGACGCCAAGCATTTTCATCCAACAGTCTATATGGAAGGAGGGGATAAACTTGGCTTGGAACCTGCCCTCTTCGATGTAATAACTAGTTTGTCTAGAGGTAATTGAGGGCCATCATTTT,226,46.9,Homo sapiens
SEQ_911329,CGTACGTAAAATTTACGGTTCATTCATGATCCAAGCCTGTGCTAAATACGATCGTGCCTACCCTCGCTGCCCAACGCCGAGTATTACTAAAGGTGAAATGTTGGTAATAACTAGGCTCTCTTATCTTGGCCATGCATCCCGCCGAAAGTTGTGAAAGCGGACAAATGGGTTAGTATACTCGTTGATCAAATGGTAGCTATTCCACTTCCGTGAAAGCCAATCTGTCGTAGGCACTGGGTCCGCCGGTATGCCAGCAACTGTGTCAACGCTAACTGGACGAGGACTATCTTCGCCCTCCGTACAGACCGTACCGGGCGTCTCGAAGCCGATGCGGCACCATTTAGTTTACAGCTGTGCCGGTTGTGAATTCGATGCGCCTCCCGACACGTCATCAACGTATGACGTACGCATCTCGCATCGTGATTGTGTTTGGCGCATAGAGGCCCCTTTTGAATGCTGTTCGCGGGCCGGGTTTGCTTCACGGCGAA,488,51.64,Homo sapiens
SEQ_861299,AAGGTCCAATGAGTGCGTGTATCGACAGGACAGAAATGGTCGTTGGGTGCGGCCTGAGGGCGTACGATTAATTAGGGCGCCCAGTCCTGACCGACCAGATGTGTTCCCATAGACATTCCAGCGGCACGCACGTTTTTGGGATCGGGGAGGAACTGAGCACTAGCCGTTATGTCGCCTTCACCAAGACGCTGATAGCATTCATTGTGAGGATTTC,214,53.74,Escherichia coli
SEQ_483206,GTCTCGTTGAGGCTAGTCTAAACAAGCTCTCTCAGGGAGGGCCCGGACCTCCTTACCATATAGAAACATCAGCGGCTCGCCGGAGCTTACAGTAAGTATTTTAGACGGTAATGAAAAAGCTTCTTTCGCGTTTTGGGATAATCTATAGCAAAACAGAACTAGATGAGCTCATCATTAGTGTGCAGATTCTGAATATAAGAGACAATATAACATATCCATAACATAACAGGTCACATGCTCATCTGCACTATTATGATCTCCAGAACTCTATTTCCTTCCTTTTTAACAGCACTTCATCATTTGGGGCCGCAAAGTAGGTATGTTTATAGCAGGCCGCTCGCTGCGCAACAACCCGCGAACTTAA,364,43.13,Escherichia coli
SEQ_437158,TCCAACAGCGTGGCTCTCACCCTCATGAAATCCCTAGAGTTTTGAGCGGCGTTCGTGACATGTCGCGATAATTGGACGGACCAAGGTTGCATAGAGTTTCCGATTACTCGGGGGGGGTTCAAAATTGGCGCCACTCAGGCCGAATCGTGTCGAGATGTGATTAACGGAACTTCGTCGCTCAGTGACAATTGTCCCTCTCGAAGTAGGATCATCCTGGCCGTTGGTCGAATGTTGACGTGCCATGTTGGAGGTGCGGTGTCAATTTGTCTCCGTATTACGCAGTAGCGAGCCTAAATGGTCCAGGGAGCAACAGTGCGTGCCATGTTGGGGACTTCTCCATCTCCGCTATTGTATGAACGTATCTAAGTCGCTTTGAGTGATTTCCCAAGAGAGAACCATGTACGGCTGTATTATCGCGTTGCCGTCTCTGGACGGACTGTATCTGCCATACCCTAGTAAAATCGACAACGGACTTCACGAATCAGTACCGTAAATCCCTCTTTTTGCCTGTCGTCCTCCTGGTAAATCCTGCATAGGGCGGTCTATGAATGGCTAATAATCAAACGATGTATTGTTCGTCCCACTTGTTAATAGACTAAGTACCGTAGGAACCTGTTCTACGACCGTGGCACCCTGGGAACGTTTCACCAGCCTGCCCATTACCCGGGGTGTCTACTGCGTCGTTGTTCGTGTGAGAGCCACCTATTCCTCCCAGCGTTCCCACCCGGGTTCCTTGATATAAGTCCATTTTATTACACGGGCCGGACGTGTTGCACAATACCTTAGGTGTCCGGTTTAGGTAGCACCACCAAGACATGTGGGATTCGGTGTACGCGGTAACTAATCAAGACTGAATAGGCCCCCGTTAGACAATATCGAGGGCGGGATCGTGATAGTCTATGCTCGCGGAATTACCTTCGTCGACGTACCTCCACAGCGTGCACCTCGACTGTCGTCTCGTAGCTAGGGTGCTAAAACGGTTCGCTAACGTATGCACCATGACGGATGCACTCGCCCACTGCAAAGACAACACGCAGAGAACCTTTCGTGCTCGACGCGTGGAAGCTTCCGATCTGTTCTGCGTGGGCCAAACGTCATTGAGAGGCACGTACTCCTCGTATCTTTTTAGTACAGATCCGCCCCCTTAGTTCGACCGGGCCACCAAAATGGTAAGCGAGTATCGTCTAAGCGGACTCAAGTTGCTGACAGGAATACGTGTTTTGTGTGTTCTTCCTTGACGACAAAACCCGCAACTCAATGGTACTTTAACTCACCCGCAGTTAGCGCATCAACGCGGATTCGGTACAATGAGTAGTGCGGAAGGCAGTGACAGCTAGCTTTCGCGGTCTCACATCGCGCTAAAATTGTAATGTGGCATTGATCAAAACCAAACTTGTTCCTCTTAATCTAGTCCACAACACCCACTTCATCATTAGACACCGGAAAGTGAGATCGGAGACTCCGTAACCGTACAGAAGTGGGGTGTTGTGCCATACGAGCGGCACGCACACAAGGGAGTCTTACCTCCAAGGATCGTAATCTTCTCCGGTCCTGGGAATTACGTCCACTCCTATATGCTGATGGATATTCGGGCGCATTCATAATAGTCGACGGACGGCAGCTCATCGGAATTCTGTTCAAGTCAAGCCCGCGCGATTTAGGAAAAAGAGTAGCCTTTGCTTGTAATGCAACAGACGCGCATGATCACGAGAAGGGACTTCCTCTGATCG,1730,50.75,Saccharomyces cerevisiae
SEQ_310383,CTAAGGCTTCTCCATCACGATAATGCACAGCATGAGTCGAATATGGGGGGTACACCATCAATACCAATAATACGCGGTCAGCCCCCATTGCGAAACTCTTTGCCACATCAAGTTGTACGTTTCTGCCGGTAAGTGATCGTCTCCGGTGTCACTGTGGCCTGATAAACTCAAAATCAGGCAGCAACTCAATAGAAGAGGGCTTTCCCTGGTTCGATACTAAAATCTTCAAGGCCCCACCGAGATTTCCCTGGTTAAAGATTACTCGATATCTGCTCTTTCGCGGCTGCGATCGTTCCTCGTACTAACGTAGTCCTCGAAGTGACTACTGTAGAGCTACGGGGCACTGCAACCATTAGGCATGGGATAAAAAGTAGCATAGGATACAGTCAGTACAAATTTCGGTCGACCTCTCATTACTTGATCCACATTGGTTTAATCATGAAGTATGGATTGACGATGGGTTAGATCCCCAAGAAGTGCGCGTGTTAAAGTCGGTGATTTATCAGGCAGACAACTCAGGTGAGGCCTCTATAAACTGGACGACCTCGAGGATCCATAGTATCAGGCA,568,47.01,Drosophila melanogaster
SEQ_785005,GCCCACTCCCCCTAGGGTCCCTATTGTGGGCCTGGCCCGAGGACGTCGAACACTTCAGCTCCGAACCTGTTGCGGTGCCGTCGGTGTTTTGAGCGACAGACTACATGCCTGGAGACTTTTAGGGTCCTCCTGGGTATACATGATTGGTATCACATCAGAGATCTAAATAGTCTGGATTCAATGCTTTTCGAAATTTGCATACCGGGTTGTCAGTCTTGTAGCACCCTGAGGCTCACGTTTGTATGCGTGACATCCGGGGTTTGCAAGTCATCCCTAGGTTAGGGGTCAGCAAATATTCTTCCCGATAATCTCGATGTCTGAGATCATCTCAAGACCGGCGATTCTCCCGGGACGAGGCCTGGGGTAATTGTTCTCACTCTACTGGGGCTCATTAGTTCGCCAAGACGTAGGCGACTGCAATCTGTCCAAACTACGAGCGCTCTCGCCGCCCATTAACATTGGAGCAAGGTGGCCCCCCCAATAGAGGTTTGTTAGGCTTTTCAAGCACCTACCTACATGGGCAACGGGAATAGCACGAGGTGTTTACGCGTAAATCCAGTTTCTGAGCCAACTAGGCGGACAAGTTCGGTTTCAAAGCCAATCTCCCCAGGTACCCGCTGGTGTGCGTATAGCAATGTCTGTGGGCGCCATAATTCGGCACGCTACTACCCCGGTCGACCGGACTAGGCTACTTTACGCGCACACACATTCTCCTGGCAGACTGCGTCGAGTTTACCCGTTTGAATAGCCACGATAGACCGGTTGGGAGGGGACGACGCTGCGTCGCGAGTCGGACAGGTACCTCTAGCAAAGCAAGAGACAAAGCGCTATGGTGTAAGGAGGAGCTAATGCGCACGTAGGGGGGCCGGTCCAACAGACGCAGGTGCGCCGCACAGGAATTGTGCTAGAAAGGTGCTTATGGATTTGTTGTTTTAACCAAGGATGATACGCTGGTGCGAGACTCGCTTGATCGAGACGGAAGAAGAAGGACGTATGGGCTTACGCCAGTGTGCCTGAGGACCCATGTCCGCTGGCTTAACGTAAAGTAGCTGGGGCAATGGAGAGAAGGTCAATCTAACCAGGCGCCGACATATTGAGCTATTGTGTCGGCTGAACAGCATCAATCCAGAGCGGCCCGGTCAATTGTGGTTGAGAACTTACCAATCCGATTGTGTGCACTAGAGTTTCCCATTGCAACGCCGCAAGCTACAATAAATCTAGCCGCGCTTTTCACATGACGTATAATCGCAGAGGACTATATAATGCGTCGTGCGCGCCGCATAGTTAGCATCTTACACTCCGAAGTATTATTGGGTGGATGCTCTCATCATCCGCAGCGGGTAAGGCCTGCCAAGTCTAGTTACTTGGATACGTTAAATCGAAAAAGGGGACTGCGAACGAAGTGCACCGGCGAAAAACGGAACAGCGCCACTCTTATACTTAGGTGAGCGTATCGCAGCATCCTAGGTACGTAGGATTCCGGTCCGTTTTTTGGAACACGAACCTGAAAATGAAGAAATGAATTAAACTCGGGTTCAAGGATCGGTTGTTACCGAAAGTAATCTCGGGTGGTCTATCTGTAACTCTATTTAGTCGAAGGCTTGATGTCCCTTCGCGTGCTAGAGTCATTCTGTGTGATTAACTCAGAAAACGGAGCCTGTACAGTAAGGATCGGTCCTGATTAGTTTCTGGATGTGCATTACTCGCTAACCTCCAAGCTTACAATCACTGCTTGCGCACCGATGACCGGAAGGCAGGTACCTTAAATATGCGGGAAGAGAGTAGGCGAGGAATACGCAAGGCTCTCGTTATACCAACAACTCTGCGGCCATGAAGGTTCACACTAGACGATTGAGCCCTCCCTGTACCTAGACTTCCGACAAGGAAGCTCCTGTAGCTCGGGGCGC,1907,51.55,Escherichia coli
SEQ_978090,GGGAACCTGGATAGACCACAGGTTTCACATGCACCAGAGCCTTAGGATTCAATGCGAGTTTGATCTAAGTTCGCAAGATCTATTACTCTGATTCGTCTGGTCAGTTGGATTCCGTCAGGTGCAGAGCGTGGTGTGGCGAAGCGCAGGGTAATGATAAGATATTCATCATAACGTGGGAATCTTTACCAGACGCTAGTAGAATGTGAGACTGTTTCACTCAACAAAGGCTGGTCCCGTGCGTTATGCCCGGGGAGTGCCTGCGCTCAGGACTGGCGGAATGGTTATCTACCGCCTTGTGAATAATAGGCAATCACCAGTGATCTTTCGATAGTAGCCAATCCGTAAGTGAAACGGTAAGCGGCTAATTCAATCGCAATAGACTGGGTTTGACTAAGTGGGGCGCTCGTAGTTGCCGCCGCCTAGCATGTCCCATGGCCGGTTTTCTACTTGTTCCCTTGCCCGCGGGAGTTGTGTAGACAGAGA,483,50.31,Homo sapiens
SEQ_978663,TCTGTTGCGACAGCGTCCGGGATCGACCGCCGCCAACAGCTTCCCAGTAGCCTACACCACAGTACACGGAGTGAAGTCAAGTAATATCATCATCTACGTTAAGATCGCCTTCGAGAACATTACGCAATTTACTAGGTGGGACCCTAGTTAGCGGTCTGTGGCTCTTTTGGATTCCACTCGCTTGACTCAATGTTGCTCCCACTTCTATGGTCGGATCACGACGGTGCTAAAACTCGCTGAGACAATCCAGTAAGTATCGAATACTGTGTGATCCGCCTCCCGAAACAATGAGGACAGAGTTCCCTGAGTACATTGTTGCAGGACCACCTTTTTATTAGTTCTCTTTCAACCCCTTATTGAAGTAGAACTAGTTGGCTAGGTCTATGCTCGTGCTGAGCGACTTCTTAGTGCCGCAGTACACTCTGGTCGACTCCGGAACAAGCTGGCTAACTCCTTTAGTCATGCGCTAAATTAGAAGGCACGAGGACCCGTGTTAACTAACGAGGCAACCCCTAAGCCAGTAAAGACCCTGACAATAAATCACGAGACCTTCTTTGCCTTGGCGAATGCAGGGTTGCCGTTGAATGACAGCGTTTCTCGAGTTTAATGGCGCGCTTGAACGTTTATTCCGACCGAGTGAGGCGTAACGGATCGGTGTCGTATCAATCGTTGGATAGATCGGTGGCGCCCAGGAGCATTCGTTTGGGCGACGCTTTGCTACATGTCAGGAAATGGATAAGAGCCCGAAAGAATAGTGGACCGGCCACACCCGTTGTAGGATATTTGGATCTATTTGGTCGCTATCTTGCATCGTATATACAAGCGTCGTTACAGAGACATCGTATTGGCTGTCCTAGATCGCCTATGAGCAACATCAGAGCTGACATTACAAAAGAGCGCCAAACAGCTTACGGCCAAACGTGCGTGGGGGATCGTGAGGGTACGGGAATTACAGGCGATGAGGGGGGGGGTGTAAGAGTAGGTTTTTCGAGAGTTTTAATACCTGTGGGATTTTAGTGGGCAAGGAAATTTTTACCCGCTCGCCATACTCGTATAGAATACGATAGGTTCTCCCTGTGAAAGAAGTCGACTTAACAACTGACTGTACAGCGCCCGACTCCGTGGCTATGCTCACGACGTTACAGATACACTAGCTTACTGAACGCCGGTTCCGAGTACGCAGAGTTTGCCTTTCGCTAGGCGCATACATCCGGAGTTCCGCGATAACCGAGGGTACATCCGCCGGTAGTGGCCTACACGCAAAAGATTGCGAAAGCGCC,1280,50.0,Mus musculus
SEQ_353169,AAAGTGGTTATCGTGTTCTCATTCTTCGTATTTAGTCGACACAATCAGCGGGACTAGCTTGACCCTATGCAAGCTGTTAGGAGAATTAAG,90,42.22,Drosophila melanogaster
SEQ_310225,TTGGCCGAATTAGACAGGTAGATTTAAATCTCGTCATTACTCACCACGTGGTCCACGGATGGCACATTGCTAGAACTTAGCCCTGCTTATCGTGTACCCCACAGGTAAAAGATTGGATATACGGCGTCTTGATGGCACTCCTGCTGGAGACCCACGGTATTAAGGCCTCTCGCAACGGACAGGTGCAACTCCTAGGGTAAGTAACACACACTGCCTCGTTGAGGACCAACGGCCACGTGTTAGACTGGGGACGG,254,51.97,Drosophila melanogaster
SEQ_695219,TGTGAGGGCCTAGTTGAGGGTATAGGACTCCTGAGGTACAATACTTAGGGACGGAGTTTACCTGTCCTAGCACCTCGCTACTACCAGCTGGCAGGAAAATACTCAAGCACCCGGGAAAGTTAGCGTAATATGACTAAAGAAAACTCTTATGAGACGTTCGAGAACGCTCGTCTTGTTCCTAGCACAGCGAGTATCACTCCCTTAGAATAATTTCTCTGCTTCATTAGGATTCGTACCCCTCCATTCGTATGTCCGCCAATTCCTAAGGGCGTTGCCTCTTAATGCTAAAAGGCGTCTTGGAAGTGCATGTGTTTGCGAAATCTATCCGTCTAGGAAGGATTGGAACACATGGCCACGCTTTGGCCGGGTCGCGCCCCTAGAGACGCAGGTGCATGATCTCAACAGGGCGCTCCCTGGTAATCAGATGACAAGTATGAACCTGGCCTGGCTACTCATGCGGTAGGGGGAGTATTAGTTGTGGGGTGTCCGTCAAGGAAGGACCCTTGGGGTAAATCTCGGGTGCACACCGTAAGGCTTGGGGCCAAAGTGCAGCGTGTCTGTGTAATCTGCCGGAAGCGGGGCGAAGACTTATTGTAGACCCGCTTCACCAACTGCGTTTGGAGAACGGACTTTCCCTTTCTCTTTTTGATTTAACGGTCGCCGACCCGGAGAGAAGCGGCATACGTATTGGGGGCGTGTTAGACTGAGTGTCCGCGTGCACCCGCTTCTTAGCATAACGACCGCACGAGATCGTGGACTCCGATCTAGAGGGGAGGCGCAGATAAGGGAACCGTTCTTGATTAGTGCCACACCCTCATGTGCACTGCGTGGACAGAGTAGAGGACGGTGCCCCGAGGGGTAGGTTGTACCTACCGGGCTTCCACCAACGATATATAAGCTCCTGGTCTATTCGCAACGAGAGTAGATCTGAGGCGAGATCATAATAAGATATTTGCTCCACATAAGGTCCTAGATACCTTCTAGGCTTTCAATTACGATTCAGGACTATTCAAAGTCATGTGGCTCATGGAGCCAGAATCCCTTTCCGCTATGTCCTACTTGACGTCAAGTTCTATTTTGAATGCGATACGTACTAGAGGCTGTGCGACGTGGCAACACCATAGATGGCTATAACCAGCGAAAGCCCATGACGTCTATTCAAACACGTGTGGGGTGCGATGATGATCGGAAGGAGTTTTGCTTATATCAGCCAAATAAGGGCCCGATAACCCCGTGTACGTTGGTTTCTAGTTCAGGGAGGTAAGAACAGATCCTGGCCCCTTCCTGCTTATCGTCTTGCGTCGAGAGCCGTCATGCATAGGCCTCATGTCCTTCTGAGCAAAATTGAAAGGGCTTGATATAACAATAAAGACTATGTGCGGATTATCATTTACAGTCAGAGAAGATTCGATCTGCGTCAAGCGGATGCGGTTACGGTCCAGTGGATGCATGGATAATGGTGACTAACTATTCTGAGAGACTCTTCTTGCGGCAGCGCGTATCCACAGTCGGAATGACTGTTAGCGAGGCAGTGATACCCACTTAACGGTAAGGTATAGGAGTGCAACGTATTTGTTAGCTACAAATCAGGCTGTACATCACGATTCAAGTCCACTGTATTATTGACGTGGCACCAACAAAGGCCTTCGAGTGCAGATCTCTATGTTAGTGTCAAACAGGACGTCTCCTTGGCCGACCTGTCTGGCCTAGACGTGGTCCACCTCAAGTGGTTGCGCGAAAAGTACAGGAGAGGTCTTAAGTAAGGTATTTTGCTTGTACGGGCAGGTCAGGCTTCTAACCTAATTAAGGCGGAACCACATGTTCGAGAGACAGATAGCGAGACAAGAGCGTCCGAAGTCGTGTTCAGATAGTAAGCGTAGCCTTGCAGACAATGGAGGATATAACGACTACTACTGAACAGTCTTTTACCCTTGCGGAGTAATGTAGCGTGAGCGTTTTATGCAGGGTAAACCCCA,1976,49.65,Homo sapiens
SEQ_199661,GAACGCACATGCGACCTATGCACCGTTGGGTGTTCGCCAGCACGACTGCGGTCAGCCTTGTGAAACTCCAATCAGGTCCTGTCTTCCGTCCGGCCCAAAGAGCGTTGCACTACGTGGATTCGGTACAGAGGTTAGAGGAGCATAAGGGGGAATAGTCGGAGACCATGGAGAGGGTCCTAGCTGGATCCAAAACATTAATCAGATGGTATTCTAAGTATTACTCTCCAAACCACCGTAATCAGGGTTACTGAGTTGTTAAAGTTGATATAGTTGCGAACCCTCAGCAGGCCAACCGCTCAGATGATTGTAGGGAACGGCGACCGTGTACCCGCCAGTCTTTTGGTACAGCCTGGGTTCGCGAGGCATACATCGCCCTAAGCATGGATTTCGAGTGAGTCAATAGATGGTCTAGCCCCGCCTGTGGTGTTTATGGTACAGTCGCCACGCCAAGAGTTGAACCTGTAAAAACATGTACCTCGCCGGCCGGAAAATAACTGAATCAAATTGTTTAGGCCTCACGCATGCGACGAGATAGACAGCGTGGTTACCGTTTTGATATGCGAACTAGCTCTTACACAGCCACTTCGAACAACTGATAGTTACGTAACCCGTTTTTCATGCACTCCGTTGAAGCAATCTACAACTGCGGTTGTTGTTGTGCACACAATTGGTGCTATCAACGCGAATGAGCCTACCAGGCAAATGTGTCAAGGGGCCTGTACCCAGCTATGTGCTTCTGGTCCACGCT,748,50.4,Saccharomyces cerevisiae
SEQ_819378,ATGTGTTCTATCGGCTTCTCTTTGCTCAGTGGTCCCCCGATATGGGTCAAGGACATTATCAGTAAAACTGTGGCCATATCTAGCATAGGGGGAGGATACCCCGACGCTACCGGTAAGAAGAGTGCAAATGCCCATCCTTAGGCGAGTTAACGTTTAACAGATCACGGATGGAGTTAACGTCTCCACCGGTCCGAGGTCGTGAGCAACTGGATTGACCACGGCTAATGAGTAAGTCCACAGAGCGGGTCAAGGTCCCTTTGACGTCGTACGGGATTTGTCCTACTGGCCGCATCACTCGATCGCGCTAAACTGGACGAGATTCCTATGTCCCTTATTCTCCCGTACACACGGCATCTCATCCGATTAATATGAGGTCAGCAATGGAACGGTCGCAAGCCCCGTACTTTGTTCGCAGTACTTCAGTCAGCAGTTGCCCCAATTTGGGATAGAGCTGCGCTAATTGGTTTATTGGGGCATCTAGCTTTAGCTACAGGCCCTGAAATGACGTGACTTACACTATCATTCGCCCTTATCTACGCAATATGTTATATTGGTATTCGCTCCATAGGGGATCGGACCCATATGTAACTGGGGTGGGGACATTGGTCGCCCTTTGGAGGATTATTGTCGCAGGGCAGCGTTACTTATTTATTTCTCCGCTTCGTGTGCCAATTTTGTGCTAGGGTAGCGAAGCAATTTTCCGCAACTCCTGTTCATTCGGGCCGGCAATATCATTTCGGGGGCAGATAAACCTCGACCGAGTTCAATGTTAGTTCGTTCTCATAGTGCTCCTTAGGTGCCGAGGTGAGCAGAACGATGCTACGTCCGGAACAAGGCTTGACCTCTCCCCAGGAGGCCAAACTGGCCTCCTAGCCCACGGGGCGCTAGGCGTTGCACGCTGGCCCGCTGGCTCCGCTTGCTTTAACCGAACAGCGTTAATAAGCTGGCAGTTGATTCGTGAGCTGACTGGGAACGGGCGGATGGTGCATTCGATACCCTCCGGACCACCACTTGACTCATATGGTAGACCATCATCTTACAGGGCCCCTGCAACTCAACTGCCTAACGCCTTACGGCCACCCACTATATTCGAATAGTCCTGAGCGGCCGACAGGAAGTTCACTGCACCCTGGTCGGGATAGATGAATACAGCAATTCTGCTGAAGTGTTGGTCCCAAATACCGCTTAGGCGTACGATGCGTACCTACACAACATTCCCGCAGCGGGCACGGTGTCTCGGCCTCTAACGAGGGACACGCCTCTTAGTTATCATTTAACACTTTTGTAAAGCGGTGGGCCAGAGTGGTCAGCAGCAACCCCTTCGCGGTGAGTGGGTTGTTTGTCCTTAGCCACGTGACTCAATATGCTGAGAGATCCTTCGTGCTGCCAGCAAACTCAATTTCGAAACTACTTGCGGAATTAGCAACCCAAGCTGGACGTCTCCCACAGGGTAAATTCGGCATTGGCCCAGGAGGTGCTGTGGTGTAACTGCGGAGCGTATGGA,1504,52.19,Arabidopsis thaliana
SEQ_293384,GAACTTCGTAAACCGCGAAGGTATCTGCCGAACGTTCTCACTCATTCAGTAAGGCACCTGTAGGTCCGGATTATGCTTCAATCCTTTGAGGATTGCCGTGATCTCTCTTACGCGGGAAGCGGATCGCGCGCTCTTCAAACGCTGACGTCATTTCTTAGCGTGATGGCTGCTGAAACGGCAGTAACCCCAAGTTGTCGGTCTAACGCACAAAGATCGTGTGCTGGCACTCTTTATGAACTGATTCGGCAGCGTGCGTAAGGTACCGTGTAGCTCAGTAGCCAAGTAAATTGCTATAGGGCGAGGTACTTAGGCGATTTCTCCCGCACTAGGGAAGCGGAGTTGCATGCAACAGCCGAGAGGCCGCTGTCTCTAATGTCTGTACTACAGAGACGGGCTCCGGCCGAATTCAGTGGGTCAAGGATCTGGTTATGCAAGCATCTCACCACACAACCGGTGCGGGATTGCGCTAGCTGATTCCGTCGTGTCGAGCGATCATCTTCAGGGGAAGTATAGCTACCTACATGACGACACGTTCTGCTGGGGAGGTTTGCGGCCTAAGTCGTCTTCCCGTACGACTTAAGGAAGCGCGATGTCTCACCTTTGGGTCATTCTAAATAGCAGCGATCCCGGGCGCGCGTAAAGGGCGTAACTCAGGAGGCTTGAGTAGATATGGCGTGTGACTATCACGTTTAGGTATAACTCTTCTCGCTAAAGACCTTATAGATGAGCATACACAAATAACTGTGTCCTAAACTTAGTTGCTTGAGCGACGAGTGCTCACCAGAACTTAGCTCGATACCGCATGCGGATTGGAAGGACTATAAACAGCCCGTTTAAGCCGCATCAGCGGGGGGATTAGATTTCTCACCCGCCTGTATTAACCACCCAGTGGAATCGCGGCTGGTGTGCCTAACCGCAAGCTCTATAATAGCGTGATGGGTGCACCGGACGAACTTAGATATGACCGGGCTTTGAGTAGCTGGGTGCCTGTCCACTAATAGCAGCTATAAGCCCACTTCACCTCTAAGCGGACCGTGGGGCTGTGGCTCCGGGCTCAAACACGCTGCGGTAAGCACCGTCATCACGCGCGAAGAATGGTATCGCACGGGATTCAAAGCGGGAAAACAGTAGTTGCTAGAATAAATACATTGCGCCGACTTAAGACCTTTACGAAGCGTATTGGGTGCTCCCTATCATCCTATGTTAGGGTAGTATGCGTCAGAAAGAGAGGGACGTCCATGTTCGTCTGCCTCTTCAGTCGAACTGACGACACCCTGGCTTGCCCACAGTCCCGTTCTATGTCCTAAT,1308,51.91,Mus musculus
SEQ_842743,GGCACGTTTGAAGTCCAGCGGATTGTTTACGAAGAATGACGGAGTACCTTTTTCCTGGATGAGGTTAACACTTTCGAGCATAACGAAACACGGGGAGAGTTGGCGTGGGGAATCCGGGTACAACTATTCATATGACCCGAGGCTTATCGCGTGAAGGTGGCCCTCGCTGTAACACTCATTACAGTTGTTTTGGCGCAACAAGGAAATCAAACTGCGTCTCGCGGTTGTGGCCGCTACTCGAAGCCACGGTACCATTACCTGACCTCAGACGCTAGATGTTTCAGGTGATGTCATTCTCGACCACAAACAAATCTAACTCCGTCTACCTCTTTCAATATACCTCTGGGGCAAAACGACCCCAGCGACGATTGATGAAGATTTATGCCAGAATAGGTGAACGAACAATATCTTAGTCCGGTTAGAGCGCAACTGGGCGGTGGTGACGTGGTGTTTTATACAATGGCTTGGGCGCATGAGTGGTTTTAGGGCCGCATATTTGGGCGTTACTAACAATGCCCGCTTTTGGCCTTTCAACAACTCGATATGCACACCTGGGTGAGTTTAGAGCAGAAGCTTTCCTTCCCCCTTTCCGGTCTAACTGGCTACCCATACCAGGGCGGGTGATTGAACTATGGCACAAAGAGGCCCTCAGAATCATATTAGGCGGAGACTAGTGCGGTCATTGCGTCGATGCGGACAATTAGGGGTGAGCGTGCTGATAAGAACCGCTCACACAATCGACAGGAGGGAGAAGTTGCATACTGTATCATGAGGTTTGTCTCGGGCTCATCATGCGTAGAACAGTTGACCTTTTATGCCATGCCTTGTGAACTAGAGCCAAAGGTACGCGCATAAATCTCTTTCACGCATCCTCGCATCTTTTTTCCGTGCTTACAACACGCGCCGCTAGTCCGGTGCGCCCCTGCCTGGCCGCAGCAACCCACGTAATACAGGAGCGTCAGTTTACCTTCACCAACGACACCTGCAACGGTGACTTGGGTGCGTAATAGCCTTCCATCCGCTGGAAAATGTCCCGGTGCGTATACTCGGAACATACTTGACCCTGGTAATTGGGCGGGCTGCCCTATAAAGTGTGTCGGTATGAGGCACCTTTAACGACAGCGACCTGTGATCACTTGCGTTCGCCTTCTATCGGCGTGAAATTTTGACCACTCACGATGCCCGTCGCTCATGAATGTCCGCTTTATCCGCAATCATCTCCGACGTTCCAGATGTGATCTCATTCAAGTTTGGGTTGCAGGAGGCGACTTACCTTTATTTGACTTGGAGTTTTCGGTGATCACTCCACGACTTCTAGCGAATACGTGGTATTCTGTTATTATTATGGTTACCAAACAAGCTGCCAAGCATCCCAATGCCAAAGGGAGAAAAGGTCCTGGCCGGGAGCTCAAAGTAAAACAAACGTACAATAAGCACCGAGGATCACGGACTGTATGCTAAGCTGCGAGTTCTACATATGCGCAGCCAGTGCCAGTTCCGCTTCTCCGAAACAATCAACTCCCGCATGGACTACACAGAGTTCGATAGGAAGTTGCCGATCGGTCTGTTTTTCGCCTAGTAGATAGATGGGCCTAAGACGATCGAGCTAAGTCGTTTCTTCGTAGTCGGTTTTATTCAATTGGAGGGACGCGCGGACAACCGTTAATCAGGACGCCACTTCCGCTGACCACGGATAGTGATTACGGTTACCGTACCCACTTGAGGTTCAAAGTAAGTATGCTCTAC,1746,50.0,Mus musculus
SEQ_507519,CTTCTCGGTACAGCAGTCTCAGCGTCGAACGCATGGGCCGCTAGAAGGCATCTTGGTGAGGATCACGGTCTTATAAAATTTTGGGACTAATGATCTTACACCACAAGCTCATCTTCATCGGGAGGGCCGAACAATGGGCATAGACGTTACTTTTACTATCTATGGCGTGTGACTATGTCCGATAAAGGAGAGGAGTGATGTCATAAGGCGCAGCAGCTTGGTTTTCGTCCCATTAGGCAAAATAACTGGTGCCGCAGGTTAATGCTAAGATAGGAGCGATAATTTAACCGGCCCCACGGTCCGCTGCCCTCCAGGGGCGGCTGGCCACGTACCATGACACCTGCAGCAAGATCGCGACGCTAATACCCGTCCTGACCTTAGATAATACAGCCCAGACTATTTCTAACCGCCAACGACCTTGAAACAATGATGTGGCAGGCACCAGGCAATACTTTAACAGGTAGTGTTGTAGCAGGGCCATACTTTGCGTCTCTATTTCCTCCTCGAATGGGCTTCGCCTAATGGGGATGACATGGAAGGCGCTGCCCAACGACCAACCATAAGTCGGGCCGCCAAACAATATAAATCATCTTTTTACTGTATAACCGGCTATGCCACAAGAGGGCCCGCAAGGAAGTTGTCTCTTATTCGACCATACAAGCCCACAGTATCTTAAAGTTCTTATCGAATTCGACGGTCGACATAGCTGACCGGGAGGCAAAGTTGCCGTCGCACGCCCGATGTTCGGTTCAGACGGTACATTAGTCGTATGCAACGCTTATTTTAGAATCGATAGTCAAGAGCTGCACGACGAACGAGGCTATTCGAATTATCCAGTATCCATACTGGTTTAGAACCAGGCGCCAGATCTAACAGGGTTATCCTGTTATGTAGGGTAGTATAACCATGCCTTTTGGGACTGTACCTTCGAGGTTTTTATCCTAAAGGCGTAACACTAGATGAAAGGCCATATCGATGGGGGGCAAGCACCTCACGCTACGCTGATAAAATCAGGTCTCATAAGAGTCTTTTCGTGCATGAGCTTTTCTCTTTTGCCTACTATTTTTATAAATGAGTGAAGCCAATGATAGGCTCCGCGAATAGTTCTATCGAAGGATTGTAGGTAGCACGGATTCGTACCCAGGGGGAGTAGGGTTGATTCACAGCTAAAGTAAAATGAATATGCGCGTAAGCTCAGTTGGAATCGTCGG,1211,48.06,Homo sapiens
SEQ_383512,CTTCCCGAAACCGTGATGGGGAGCGCCATCCCAACTAATCACAATCAGACTAGGTCCGGGGTCCGAAAAAACCGTGACGTATCTCGGAATCGCCCCCGCTGTAGCAGCGTTTTTTTTTCGTTAAGCTCTCTAGTCGCTTCAGTCTACATCCACCCGGGGTTCGGGCCTTATATTTACCCCGCAAAGATCCCTCGTTCGTTGCTCTTACAGGGGTTGTTTGATGTCACCGGTTGCCAGATCTATGAGGTCAAACAGATGACATACTCTGTCGCGTGCTTTGCAGTATAAGGACAACGATCGTTGCTGCGTCTGTTTGAGCCACCAACATCTATCCATCCCAGTCTACAATTATGCCTTACCCGTTGCATAGATATTTCCTAGAAGCACTTCGTACTTAATAAGCCTGACAAGCCGGCTTAGGCTCGTAAGGCGGACTAGTACTGCTGTTGCACTTCGATTTCCACATATTAATAAATCCGCAGTATAAGTTAGATTATAATGATTCCCTGAGTAAGTTTCGCAAACGCAACACACTGTTGCCAGGAAATATGCGTGTTAAAGTGTAACTTGCACAATCTTCAACTAAGAAACAGAAGGAAAGCTCGAGGCTAGCCGTCAATACCCGGCTTCTTTTCCATTCTCAAGTGCATCGCAAGACTTGATCTCTTGACACCTTTCGAGCGGACTATTATTCCAGGTAGTGCCGCG,708,47.18,Escherichia coli
SEQ_328044,TCCAGTGCTCTACTTCCGACTTTCGAACTACACAACAAGAGCGATCGCCGGAGCATGACCACCTAGGGACAGTTTTACTTCTCCTGCTGAAGCCCGCAGAAACACGTGAGTGTTTACTCTCAATAGTACACACGGAATAACCGTCCGCTTTCTCGGTCCCTGCATGCCACGTATGTATGAAGCGCAGACGGTAAACCACTCGCTACATTACATTGTCTCGACGAGCCTAAGGCTTACTTAACTGAATGATCAAGTAGGAGTCGATATGTAAGCACAGATAGTTGCTGTCCCCAACGTCCAGCATACGTGTGGTAAATTATATCCGGTGGTGCCCCATTGAGTGGGCTATCCTCATGTATTGAAGTCTCCCCGCTCCTGATCTCACTGGCGCCTTGAAGAAAGCAACCAAGACGTCGTTGCGCTACTGGAATAAGGACTGTGGAAATACAACGGCACTCCGATAGAGGCGGGGAAGAGCAGCTGGGTTTAAATCCGCATTGACGGGAGCAGGAATTCTTAGTGTAAAACGGACTACATGGGACGGCGTTACACGCTAACCTGCCCTACGGCGTGTGATTGACCTAGAGTAACCACCCACGTGCAGCAGCCAAGCGGGCGGTACGAGACGAGGTGTCAAATATCGACTCCGGCAGAACTCTCTACGCTGTTCTACGTCAGATGTAACCTACCTCAAATGAAGGATATATTTGTGGCTGACCCGGCATGACTCTCCAAAATACCGGATGTGACCTCAGGTAACAGTGCGCCCTGGGGCTTCGATAGTTACCAATTTTGCCTTACCTGTTGCTGGCAGCGGTATGGATGCCCGCACATTGCGTTGTTTAATTACTTTCCCGTCGTTGGGGTGGTGTAACTATAGATGGCCGCTATGATTTAGTATCGGTCGGTTGGCTAAGGAATATTAAGGACGCGAGTCTTGCCGGCCTCGCATACTCAGGCCAATTATCAAGCCTGCATTCGCCTTCAAGCGAGTGCAGTCCAACACGTCTACGCTGACAAAAACAATGATCATTATTTTTGAACTATAAAACGCCTCGTAAGATTAGCCCTAGTGCGTAACTTCATACTCCACAGCCTCCACGGACATGAAATTAGTAAGTACTCGTTTGCAATCCATTGAAGTGGAAATCATAGTGCTTAGCCCTAGGTAGGTCGTGGTAAGAATGCCTATTTTAAGGGCCAGACTCCGGGATGCATTAGATGTTTATTAGAATTACCTTGAAGGCTTACATGGCTAACGCGAACAGTGCAGGAGTATCCAAAGATTAGGACCTCGCCGCAGCATTCTCGGGTTCCCCGAAAGATTCGTGCGCCGAACGGAACACGCGATAGGTAATCACTAGTGCTCCTTTTGCCTCTCAGAAGTCGATCACGGATGTCTAAGAAGCCATAGCACGCGGTTTTCAACTATTCTTCCCCGACGTCACGGGGACGCCTTGATGACGTGGTTTTCGTGTGACCTGTAGAAGATGTGATCAAACCTGGGTTAAATGATGACAGCCCACACTGACCGTCCCTGGCATAATTCATTCTCCATTCTCCTATGGATTTTGGAAACCGCCAATAAGTGGGCAATTGACGGGTCTTGTCTCTATAAGGATTAGGCGAGGGTCCCGGCCTTCGGCCTCTCGACAGTTCCGAATTCTTAAGTGCTGCGCCTGACTGTTTGTACTAGAAGTCCTGTAACTCAAAGTGACCTGGAAAAGACTCGGACAGGCACTCTGTATCGCACCTGCACCGCCCTTGCTCGCT,1773,49.63,Escherichia coli
SEQ_996380,CGCGTGGCGTCTCCTGAAGCATACGCAGTTTTGCCACAGTCTGGTCCGGTGCACGTAGTTAGAGCATCATAGAGGCGAGCTGCGAGCTGAAATGAAATGCGAGGTTCTTCTTATTGAGTACGTGTGCTTCACTTGTACCCCAGCCGGTGAGTCCGTCTCCTAACGTAGTGCAGAATAGACATAGTGCACTTCGCTATAGCGGCGCGCCATCTTTGTCGCTATCGACTAGTCATCATCTCATTCTTCCATAGCCGGGGTGTAGCATAGTGTTTCTAAACTAGACTGGATATAAACCTAACGTGAGGGTCAGAAGCGCCCTTAGCTCTACGCGCGGTTGTAATGGCTACGATAAGTGGTCTACGGGGCGACGCAGGGCTCGTTGTTAGCCACTCCATATCTCAGCGGGCTCACGCCGGTTAACGAAATAACCCCCGTTCGCCTCAACGGTAATTTCCATAGCCTCCATAAATTCCAGGGGCAGTTGCTAAGAGAGTAGGGCTGTGGTAATTATAGGGCTGGATATTGTTCCCGTCTGTCTGCCCTTGTCGTTTCGTGTGTGCTGCCTAGTACTGGTAGTGAGCTTGAGGGTACATGTGAGCCTGGAGAATACGCGCCATTGGTGATACGTGAAGTCCTATCGGGACGCCGCAGTGTAATTTGGAAGACCGACTATTTACGGTATACCCCGTGTAAAGGTCCTGTCTCTTGGGGTCGATTCATAGCGAGAAACACGCGGCTCCCCAGTGGCTCAAGCTTCTGAACCACCACGGAAGTGTTACGAAGGTAATTGGCTAGTTAAACTTGGGGGGTCGGCATTCTGTCACCAGCGAATCACTCTTGGGCTCGAGCGCGCTACGCTGACCGAAATTTCAATGCGGTTGTAAAGACTTGGTAGCGGTCGCTTAGAATTTTTGCAGCTTAGCATGTCATGTAGACGTTATATCGTCCACGGGAGTCTATTAGAACTCGAAAATTCCTAGATGCCCTCTGAAAGATCAGACAAACCTGTGCTAACAACGTCACATCCGAGAGAAGCGAGCTGGCTTGTACAGTGATCATACCGTGGTGAGTCAATATCGCCTACTCGAAGGAATAGAACTCTTTTTGATAACTCATAACTGGTAACTATTTCTATAACAAATCCAGCATGAGACTGTTTACCTACCGAGTAAGACTCACCTCTTCAGTAACAATAGTTTGTTGAAGAGGCTGGCCTGCGGGCACTGTGTTTCACTTGAAGTTACCGGATATGTTAGCGGTCGTTCGTACTGTTTACTCTCTACCGGCAACTCATATGACCGTGTCCGATCTACCACGACGATAGGGTAGGTAAGCAAGTTCGACTGAGCTTAATAATAAATACCTGTATTGAGATCTGGAAAAGAGAACGCTTTAAGCCATTAAATGTTAACTGCTAATCCTTTAATGAGAGAGCGAAGATCTGCACCTTGGTATAATCTTGCTGACTTAGGGTTGTATACTTTCTAAAACTCTCATGGAACTAAACGGTGCCCCGAAGACCCAAGAGTCGCAAGTAACGGTTAAATGGGCAGATCCCACGACTCGATGGGTGTCGACGCAGCTCTAACTCGTAATGCGCACTTTCCTGCCGGACCGGCGTCGAGTCATCTAAATTGCTACTTCGCCCCCCTCACGTGTTGACGAGAGAGTTTTACCAAGTCAAGCGTCTTGGGCTCACCG,1701,48.85,Caenorhabditis elegans
SEQ_969737,TTCCCCTGTCCTGCAATCTTCTCACGCTCGCCCCTAATATTAGACCTTTACAATTCGGCTTAGGTGGAGCCGCGGGAGCTTGCCCGCTCTGAGTCTGGATTGACAGGTCTTCCGGAAAGTTAGATACCTTCGCAACCCTTCATTGTTGCGATCTTTCGATTTTGGGCACTTTTTATCCATATAGCTCTTCAGCTTCGGATTTCGTCTACGGAGGTCCTCAACCTCAGCCAGAGATGATTTCCAAGCGCGCAACATCTACAAGGCTTATGAGAGATGCATTGGTGACTGGGTTGTCAGCCGCTCCACCACTACTAATTACAAAGAATTCCGTGAGCCTCTAGTCATCGCAGAAAAATGTATGTAGGATGCCCACATGCCATCTCCTGGTACGGCGCCGCTTCACCAAAACGAGGAGGGGACGTTATATGATCGTCTAACCTCTAGTCAGAACTTTCGCTCTCTCGCGAGCCACAAATCTACCACTTTGTTTATCGTTCCGCCACGTCCTAGCAGAGATATTCCTCAGTGAAATGCCCCGAAGTGGCGCGCGGTTTGCCCAACCACGCATTTTTCGCAACGTATGAACACCCGTGTTGATGCCGTACAGGAGGCAAGAAGACAAGACCTAGTCCCCCGACCCTAAGGGGGCGGAGACGGAAACCCCATAAGATCGCCCTCCAGTAATGTTCATTTGCTGCGCGAGATTCGCGTTATTAAGGGACAGAGGCTTAACCCAACCACGGAGATCGTGTCTTTCGGACACCAAATGGGTATGATGCATAGGAGACGTGTATCCTTACGTGGAAGTCGCATCCATACTAATCACCCAAGTCCGTTCGCTGAGTGGTACCGGGTGCGTAGAGTCTTCCATTTTGGAAAGCGGTCAGCCCACCGTCCACCATTTTCAGGATAGATTGAGCCATGCGGGGCACATGTTGTCAGACGTATAGACTCTCCGGGTAGTTTCTTATCCCTCACGGCAATGCGAAAAGAGACTTGCCGCCAGGCTCGGCTCTGGACAACAGATTCCCTAAAAGAAACCTCCAGCCAGGCAAAATTACCGAGAGTCCGTATAGAAGTAGGGAGGGGTATGAGGAGTCACAGAGTCTTGACAGGCGGGACCTAAGGCTACGCCAACTCATCTCACTATGACATCACTTGCATTCTACCAGAGCGTTGTGATTCCTAGGAACACGTAGGACGCGGGTAGCTAATGCAGTGAAGGACTAGGAGCTTGGAGACCGGTTATGTTTCCGTCGACAAGGTGTCTGCCCTACAATAGTAGTCAAAGGTGCGATCCATCAACGAAAGCTGAACAAGAATCAATG,1328,50.83,Saccharomyces cerevisiae
SEQ_858188,GCGCCCAATTGCTCACATTTTGGCGTGCTGCCAGGGGCCCGAGCCGAGTTTTTCGCCCGGCGCATTCAGGGGTTCAACCTGGGTCCTGTAACAAAGTGCAAAGCCTTGCGATTTACAGCCCAGAGCCCATCTGGATCCGTAGGTGAGATATTAGCGATCAGAAACAAGAGGCGCAGTAGGCAGATGGTGTTGAGGCAGCATCCCCATGCTAGAGACTCCCGCAAGGCATGCAAATAATAATTGTGGCCTGTCGGCTGTTTAATTTTGCTAAAGAGATCTTTTAAAATCCCAAATTGGTTTGGGGCGACGGCCTAGGGCGCTCTCTGAACAATATGTCTAACTTTACCATGGGAAGCTCGTTGAACCGTGCGGAAGAGATCCAATCGCCTTGGTCCCGACGTCCTGACAGATACCGTGAAGCTCCCACCAGGAGCTATTTCCCATCTCCGGTTCCCTGAACCTCGGTTTACTGTATAATCATGGAAACCTGTGACTGGGAACTTAATTTATTTACTTGACGCTAGATCCACAACCCTCTATTAGAACCAGGATGCATAGAACAAGCGATTAAAGTCACGATGTAATATCGGTTAATTGTTCTTTAACTGAGAGACAATAGCCAGGAAAAATAACAAGAAACCCGGTGC,647,48.53,Homo sapiens
SEQ_862540,CGCTATTGGGAAGCTCGTCCGATCGCTGTATTCAGACGTCCAGGTGAGGTTTCGACCTGGTGCTGAATAGCCATTAGGCTCTCGCCCTGGAAGCAATGCGATGTGTCATTGCAATCTGCGCGCCCGTCTTCCACACACCAATTCACGCAGGGCTTAAGTTCCAGACACTGCCTTTGAAGCAAAGTTTGGGCCCCTGATCAAGCGGAACTTCGGCGAAACGAACGACCGTGATC,233,54.51,Saccharomyces cerevisiae
SEQ_241677,TAGCGGCTGTCCTGATTATAAATGGCGTGACCGTAACTACTGTTTGAAAGGAGAGACGACGAAGCTTTTGTAAGGGGAACTTAGGGACTAAAGAGGACACATGGTGTACTTTACCCCTGCAAATGTTTTGCCATTTCATTCACCCCTACCTTCATTTGCTCCCGGGAGGACCAAATTACGGAGCCCCGCGCTGTTTCTTCAACATGCGGCTTGTCTTGCCTTAGTTAAGGGTATCTTGATATTGTCGCAACGGTACACGCTCTATGAAGACGTGTTAATCGCTGAAAAACCTTCGTATTCGGCGGCTGTCGGGAAAACAGTCCATAGTTCCGCCCACTGCTATGCCTGCAATCCCGGCCCGTTGGTAGATCGGGGCTTCTTAAGTGGGTGTTCAATTCACTGCTGCGATAATGCTATCCAACCTTTGTGCTATAAGAGCCAATAGCCATAGCGATTTATCTTGAGTGGGATATGTCAGACATCGGGCCTGCTACCCAACTTACAGGGTTAGCAAATCAAGCACACCCGCAAAGGTTGTATGACGCATAACCAAGACCATTTCCGGACACCACATGAAATCCTATTAATAATCGCTTGGACGAGAAATCCGCTTTGTAGAAGCTCTCAGGTGTATCCTCGGACAAATCTACCCTAGGAACCCCTCGTGTACTGGACTTGCCTCGCGACCATGGAATGCAGTCCTGGAGACCCGCCCAGGACCGTCGACTCTCTGGTTTCAATTAGTGGGCAACACATCCACATCCCACCGGGGATGGAATGCCGCGTAGTCGGCGGATGTTGCATTCTGACTATCACCGCTAACCGAGATAGGACTTTCCGGCGGCTCTTCCGTAGCTATACAGAACAGCCAATGTTTATATCACTATTCGTAGGATTACTACGGTGTTCAGCCCATTGTTTAGTACCAGCTTCTCTAAGTGCACGGCTACGACCGTCGGAGTGGCTGTGCGAATCTCTGAGTTTGGAATGACGCGTTCCTCTAGCACCTACGATCGTACAAAAATCCCTCCGAATTCTTACTGCAGGTGCGCCCCGTCATGCCGGCCCTATCCTTTGGGGCTAACACATGGAACAGATTCAATGGCGGTGGAGTTCGGCTGAGCCTATGTTGAGCGAGCGTATCAACTTGCCTGCCAGAAATTGATTATAAAGGCATACATAGCAGGAACTGTGACAGCGTAACACGCCCAGTACTATATTGTCTTATAACCATTCTGTGTGTCTTTTGTAAGTTGCCTATTTATGCTAACGGGCAGCGAGATGTAGAATTCTTGCGTTCACCCCCTGTGGCTCGTTATAGAGAAAACTGGGGTGTGACTAAGTCATACCCGCCTAGATCGTTCCTAAAATGTAGACACCCCTGTTGCTCAACTGTTCGAATATAGAGCCATCACCTTTCCATTTGCGGGTCGCTACACCGGTAAATGGGGCCCAACTAGTACCGCCTGATTTTTGAATGGTTGGCAAAGAGAGTTTATCGGATTCCGGGCAACTAAGGTTGCTCTCATAAATGCTAAGAACCAGTAAACCGCCTTTCAAGGCACATCATTCTAAACTGCCCTAGCTCTTATTGGCAACGTTTATAAAATAACCCCCTCCTCCCCTGGAACTGTCCGACGGTCCGTGGGCTAGACACTAAGTTCTCCCCACGCGTCATTCGGTTAGAAAAACAATTAGCGGCCTAGACACACTGCCCATTTTGCTCCAGTGCGGCAACAACTCTCGGCATAGCCATGAATAAAATGGCTAGCATTTTCTCTCGGAACGGTCTCAGCATACATCAAAGTTTGTCTATCGCGTAGTCGTACGCCAGTTGTGCCGCCGTACGCGCTTCGGATCGACAC,1865,49.12,Saccharomyces cerevisiae
SEQ_469958,TACTCCATTGCTGGAACGCGGACATGAGAGAAATCGCGAACAACAATTAGCCTAGAACCCGACCCTTACCTGGGCCCGAACGAAGATAGGAACAGCCTCCACCTGACTTAGCTATAAAAGGTCACAGAGCGTAAACGGATGCCGGTAAAGACTGTTGGTAGCTATGCGATTGTCGTAAGATCATAATACCTGCACCAAATCAACTCCCGAATAGCACTGTATCTAGCGAACGAGGGCCTTACGTGGGTTATTGATAACAATCTCTAACAGTACACGCACACAATCATGATATAGTTCCCCAAGGACATGGCCGCCACACAAGCGAAGGTGCTAGAAATTAATCTTCTCTTACCCGCCGTGGTTGACCCTTATCTATAGGGGGAGACCAGTCTCCACTTCGGCGAAGGATCAGCTCTGCCTGCCTGAAAGTCAGTATAGTAGCCTTACTACCCGACACTTTTCTGCCTCGGTCGCATCAA,479,48.85,Escherichia coli
SEQ_290106,AAGAGATGCAGGTAGGCGCCCTGACTTCGGTGCCACGAACCTAACCGGGCGATGTAGCCTTATAAGGCTAGGCCCTCTCTTTGTTTTCTTCTGGCCTAGAGGCGCAGCAGCAAAGCGTCCACTAACTTGTAGAAACAATGCGTCTTGGTGATCGGGGGCAAGCTTTAAGATTCGGCCGAGGATGAGACCAGTTTGATCTCTGGCACTTTACTTTTCGATCACTGATCCTCACTCACTCCAGTTCATGCTAGCAGCGACACATATTCAACCGCCGACCCAGTGGAGTCTTATGTAAATCAGTGTGGATACATCAGGGCCGGTTCTCATAAGGTGAGTTCGTAGGCAAATTGTGAACGGACGCGAGCGGGTTAGCAACGTCAGTCGCTATTCGCACTGCTTCTTGTTCTAGTTCTGAGACTCTAGGGATGCCACGGTAGATACCTCACAAAAGCTGAGTGTACGCAGCAGCTTATCTTACAGTACTGGTTATGTCGTGGGAACCCCGTTCTGTGAATATCAGCTAACCTAGCAGGGATAGTACCAATGAACCTATGCGAGTTTGCGAGCGACGCGTGATTGGAATGTACATCCAGCGTTTCCAAAGGTACGTGTTCTGTGCACTGTACTCCACATTTCGGCATACGAACACCACCAGGGTCGCCGATCATTCCTTCTGGGTGAGTCAATCCGTCGAGTACAGTGCCCCTTGGCCAGGTGGGTAATGTGGAAGACCCTCGCCCGTAATGTTAGGCACGCTCATGCTTATCCAGGTCAATTCCAGCTATAGGAGTTCTTCGGGGCTATTATTTTCGACGGCCGCTTGCGCTAGGTTAAATTTTTAGCACCAAGGACTACTCTATAACTTCACAAC,871,50.29,Saccharomyces cerevisiae
SEQ_310666,GCACTGAATGGATACCGCCGGCAGAGTATTCCTCGCCAATATCGACGCCGTAGCCAAATCTGAGCGAGGGCATAGCCCACGGAGTATGGTGCTCAAAGGTATTGCCGTCACTCGGGTTCGCGCCCTCCTTACCCTAGTTATTCCAATTTCGCATAGGGAGCGATCTTAGCCAGATGTGACCGGCCTAGATGGCGGCGAATCGTTCATTCCGAGCTGCATATGAATTCTCCTTAAAGTCGGACCGACTCGCGGCTCTCAAAGACTCAACGGTCCTTGAGTTATCGGCCTTCTGAATCGCTTCTTAACGACCAGACCTCTGTATTCTCATGGTGGTTTCGAAATCTGTAGTCGATGAGGTTGCTGAACCGGGCATACAACGCGCAAGAGATAGTCGCGATGTTGGATTTATGCGGCCGGTCTATTAAGTGGGTGTAGTGCCCGACCACGTCACGCCGTGGTGTCATGATTAGCTAACCCCGCTGACTGCACCCTACATGTAGCCTTATTATCCACCCTTAATCAGGCATTTGGTAACCGGGCCACCGACATCCCAATTCACATATCCATCATTGCAACGGTCAGCCGTAAGTCGCCGACGGATTAAACATCGAGTACACCCTCAACCCCGGATTGCCGAATGACGCACTCCGCACCGGTGTCCCCCCTGCTAACATAACAATGTAAGCCAGCCCAGAAGTGTTAACCTGAAACTGTGGGGCTTACTCGCCCTTGATGTCGTCCTCGTTGTCACAAATCGGACAGTAGCCATCTACACTCCACATTTCGAGAGTTGCGCGATAACATTGCGCTGCCTGTTTAATGGTATCAGCAAGGTTAGATACGGACCTGCATACGTAACCGTTATAGATGTTGGCATCTAATCACAGCGCTTCTGTGCTAAAAACAACGTGCTCAACCCGCGTATTTCGACAGGAGTCCTAATGGCTCATGAGCAGACACCACATAGTGAGCTCCAGCGGATGAGGTGCTTGGACTGTGTCCACTTGGTGTCAATCCAGTCTCGGAACAAGTTTAATGCTCTGGTCGACAACTATCATCCTCCAGCTCACCGTCACCAAGACGACTGGTGCCGAACCCCTCAAATAACCACGGTAGTGGTACGAAGGTGCGCCCGTTGAATGACATACTGCTCACAGGCCCATCGGTGCTTGGTCGGACCCGATAGAGATAGCACTGAATGTACACACGAAACTTCACAAATGAGGTGTACGCAGGGCCCATGTTTACTCCTATGGTAGCAAGCTGTCGAAGATGCCACCATTTGAATGTCTCTTTTTGTTCGCGAGGCTGGCCATCAATTAGCATCTCGGGATATCTAGATA,1343,51.3,Homo sapiens
SEQ_751231,CCGTCCGACCTAAATTAGCATCGGGTCACTCCAGAATATACTATCAACCTACCTCTTGCTCGTACCTTTATGCGGACGAGTACGTGAATAATCTAACTGAAGCGCACTTTGTACCTGGCTACCCCGCAGTCCCGCG,136,50.74,Mus musculus
SEQ_829350,GCATATGGCGTAATTCCATGGACTTGTGCTCGACCAAGCTTGTCCACTGAGGACCATAAAACCTGAGACTAGGTAGCTAAAGAATAGGCAACCGCACCACAAGCTTGCTACTAGCGGCCAGCTATATTTCTTCTGGTGGTTATTCAATATACCGAGTTGACATGGCACCAACTCGGCACTCTAGCACTCGAGCTATTCTAATTGTACCGGTTAGCAGGTTCTAATCACTGAGGCCTGAGCGTCCATTTACTTGATTATGTCTCGCTGATGGTAATCCGTTATGGCTAATCACCCGCGGGCGGGACACTGTAGAGTGAATCATGCCTTCCTAGCAATTTTGTTAACCGAACGGTTTAACGCCTGAAATTACATGCTTGTGTCCGCATGCGGATCCACGCTCTGTTATTAGGGTTAGGCGGTTCATCTCGCGCCACCTCAACTACATTTGTACGTAAACGTTCCTTCCCTTCTGAAAGGCGGTTTGGGAGTAGGGGCTATAGACCCACCCAGCGAGTAGTTCCCGCCAACACTAAGTCAGAAGTTTCCTAAACCATAACCTGGAAGAAGCGTC,571,48.51,Saccharomyces cerevisiae
SEQ_406527,AGCGCTCTACATCGATGCCTTAATGGCAATCTGCGGGTTGAGATGACCGTCGTAGAGTGTTTAGGCGAACACTAAAACGTAATCGAACACGTACCGAAGTTTGGCCATTATCATGCATGGGTGCCGTACAGGACTGATCTATCCCGGGATGCTTTATTCAAGTCAGAGGCATTGAAGTATTGATTGTCCTAGTAAGCGGTCTATGCCACGCTATGAGGAGGAAAATTTGGATCGTTTTGACGCAGGTATATCACCAGATCCCCCCCGCCGTCGTTTTCAGCGAAGATCGCACGGATGCTGGCGCGAGACAATGCTCACCTCCGATCTATACCCGACGCTTATCAGGTTCCGACGTGAGTAGTCGGAGCAAATACTAGATCCGGACGCATTCTTTACTACGGGTCGCCAATATAGCGGCGTTTGACCGCAGCCCAGGGTCGAATCGGGCTGTGTACAGGCGACGACCACCTCCCAGTAGGCCATAATTCCACCACCCTCAGGAAGCCCGCGATGCCGCTCGCTCGTACCTGAATAAAATAGGACGATCCTAGGAATAACTCCCGGCGCTTAAGCAAACCCATAGATTCGGCCTATGAAGTTACGATCGCTACGCAGGGCGCATCTCTACCAATACGTGGTCACACAGGCAAAAAGGTCCAAGTTAATGGAACGCTATTTTCCCGCGAAATGGCGTATGCGGGAGGGCGTCATTTAGGGTCGTGTTACAAGAAGGAGCTGATCAACGAAATGAGCGTCATGCGGCGGAGGATGAACTGGATTTATGCGTTTAATAGGGGGCACGCTTCGATGTTGGAGGATCCTAAAATCCATATCAACCGAAATAACCCAAATGCACCCACTTACCCACAGTCTCCGGATGCCACACCTGTACCCACAGCCCTACAGAACAGTACACGCATCCGTATCGCACGGCGCATCCCGCACTTGTTCGTCGTTCGGTCAAAAGAATCAATGCGGTTCATAGATTAGCACGAGCGCGCAACCGTAATGCTATAATTTTTATTACGTGATATCCGCCTAATGAGATGAAGAGTTGGGCTTACACCCTTACTTATTACCCGTCTGCTCAGCTTTCCCCTTGGTGAAATGGTCCCCACCAACACCTGTAATCCTTCCGTCCTCACTTCACTTCACCCCCTAGCAAACCCCAACAATGTCGATAGATACAACACGGAGTGGACCGGTATCCCGTCTTAGGCGAAAACCTTGGATCGCGGTAGTCCTAACATCACCAGCGTGAAAGCTTGCGTCCTCAACGATTGCGACGGGGGTCAATAATCGCGTCCGATGTGGTGAAATTAGATAAACGTATGTCTCTGGACAGGCGTTTATGCCGTAGGTGAATGCGTGCCTCTGGGGCATCTATTACAGGAAATGGTCTTTTAGAGACACGTAGTTCCTTCTTTACATGTGGTAACTGAGTTCTAAGTCGTTAACAGAGGCTACTACTCATTGGTGGTGGAAACATCATGAACCTCACGCTACTTATCATGAGCGCATCTAAGAGCGCAATGAGTTTTCGGTCGGCGAATTTGCACAATGAGGTAAACAAAACCTAGCCGTCGGTTTATGAGCTGTCAATGCATCGTTCCCTTGAGTGCATATTCTGCACAGGTCCGCTCGCGATTGACAAAAGTAGGCCTGTACACTAAGTTGACCTTCTAAGAGGGATGATCTCAAGGGGGAACTGGACACACTATCCCATGCGTTAAGGATGAGTGACTCTGGGCCATTCGTTCAACTTCTTAAGGTTGTCGCGCTCGAACTAAACCGGTATGCGTACCTAGCCCTGTCCCGGATGTCGCGCCTGAGATTCCCATCCATTCGCTACGCCCCACCCTGAAGTGAATGGTACGTGATTGATTGTATTGCATAAAGATGGTAATGCGATTCCCGGGATTGCGGCCTCTACATGTACCCCCAACGTACCAATATGCATGTAAGTTCTACCACCCCGCTAGCAGCCGAGTA,1992,50.15,Homo sapiens
SEQ_890634,CCAGCGACAATAGTCGAGTGCGAGAGCTATTGTCGCCATTGAACTAACACCGGAACGCTTGGTACCCCGCCGTCTGTTCGAACATACGGGCATTCGTCAGCGTCTGTATAGAAATAATCCCACTAATGTCTACCGTAAATGTGAGGTATCAGCTACACTGCGCTGAGCCCTACCCCGTTTAGTGAGCTGGCCTGGGTAGTTATCAAACATTATGTAAGTTAATGCACTCGGCCAGTGTGTTCGCGTATATATACTTTTCCTCGTACCGATGCCTATTGTTGTATTCCGCCCGTTTAGGACACTTGCGGATTTAGCCAAAAGAAATAAAAGTAAGACTGTGTAATACACAGATAAAGCTTCTAGACCGCCGTGAAGAGCCTGACTCGTCGACAGAAACGAGTACCGCGTGTGGGCATATCCTTGATGCAGAAGGGGTACGCAGTAGCGTACTCGTCCCATGTGACGACCGATCATCCGCTTCAAGCCATAGAAGAGACTGTAAAAACTGCCATCTTTAACTATTTGGTACCCCAGCGGAAGACTCGGGATAACGTTTTGATTCAGAGTCTGTGAAGCAGTGTGAGGCCTCTCTGGATCTGCTGTATCAGTTCCGATCAAGCAGGCATTGCAACTAGTTTTATGTCCACCCCAAAATATTTCCTGGAGAGATTTGGATTAGAGGGAAGCGACGTCATCACAGTACTCTCTGTATAAGCAGACCGTCATAAGTTTCAGAACTTCATCGTCCGGGAGCTGCCTTATGTTGCACTGATTGTATTCATAAAAGCACCCCTCGACCACACAATAGTCGCCGGTCGCCCCGTGAGGTAAGCCGTAAGCAGGCCAAGTCCGCAATGTAGTGTACTTACGCTTGTGTCGGCTAGACGGAGGCCGACTGGTGCTATCAACCAGCCACCATGAGTAATTTTACCCATGCATCCATCCATAGAAGACCTCCCGGTGCATCGCTCACAGTCGCTCGGAAGCGCGAGGAGGCACTTAGCAAAATATGCGCAGTGAATGCCTCGCGTGATTCCCTTGGTAAGCCGGTGGAAAGTACCGTGGTTTACTTTCCGAAGAGTGGTTTCGCGCTCAGTCAGTCAACCGTGGCCGGGTAAAATCTATTGGTCCGACTTAGCAGTGACGTACTGATCCTGCATCGCGCTTGGCCCACTGTCATCTCTCCGGGAACGCCAAAGGCATACCACGGATGTTCTCTTAATGAACCCAAGCACTAAGTGTAATTCACTACTCGTGAGCGCGAAACTAATCCCCCTTTCGAACTAGCTGTTGTGGATATTTTCTTTTTAGCCTGCACGATGGACTTTTCCATTTGTTAATATACGATGCAGGACTATACTTATACGTTTGTGCCAGAGCGGTGGATAAGAATACATTATAGTTGCCGTGTTATGCCCTATCCTTCTCAAGAATTACATGCGGAGTAGGTGTCAAGGTGTGTCAGCTAGCAAAGTGCGATACTGACATCTGGCCATCGACGGTGCACTAATGTCCACCGAGGCCTTCTATATCTTGGCTGACGGTGACTAGCGCTCCCTGGTACAGGCGTCGGCCTCTTAAGTATTCAGTGAAAATTACGGTTTAATTTCAATGAGGAAAAGAAATTTTGCACCTGAACGGTAGACCAACTCTCAGACCAGGGGTGGTAGAGAGCGGTCAGGAGGGGATTTTTAGGTGGCGTGCAATATATGGCGCTAGAAATGGGACCTCGTACCCACGGCCACAGGTTCGACAATTCGCTATCGGGAATTCTTGTTGCATTAGCCAAGAGCGTTGCGCCGCGTGTCAAGGCACATGCACCGGCTCACGAGACCATACAGTTGCCGGATTAGTCCTGCAGATAAAGAATTCCCAACCGTTTCTAGACAATCAAGATCCTGTTTCACAGATTGCTGAACA,1920,48.91,Caenorhabditis elegans
SEQ_767011,CTTTAGACGACACATGTTTTGGAGCACAGCAATTATTACGAGCCGTAAAATAGCCACATTCCAGATGCGAATTTCGACACATTGTCGCAGACTCCTCATAGCGGGATCCTAGTCTATGCCCTTCTTCAGATATCAGTCGGAGACCGCTCACGAGTTGGTTTGCTTCATAATCCAGGGAAACTGAACATGGCTCGAAAAATGTGGCAATCCGCGCCCGCACCTCGCAATGTTTCTGGTCCTCCAGGCTCAATGAACCTAGCCTACAGCCAAGCATACTCGCGAAAAAACGGCGTAATATTTTATGCTGGCGTACTTGCTTACCGGGGGGAATTGCTAGAGTAGGGTAGTAGCTAATGAGACGACTACGTGAGATCCGGTCAGCGTCTATGAAATTTAGTCAATAAGGAAGAACCGCCCATAGCCTGCACGGGCGTGTGTTTACCCGTATTTGCTGAAGCACTGGAGGACAGGGCTCAGCCACGAGGTCGTGAAGTGGAATCCTCGGTGAAGCCGTTTGCTAGGGTGGGGGACTGACAACGTTCCCTACAAAAGTACCGTATTGTGGTAGGACCTAATGGCAGCCAGATAGCCGGGTTATCAAGGGTATGATCTTTTATATACAGAACTGGTTACGGCCTTGAACTGAATAATATGAAGTCGAACTCGTTCCACCTTCGATGTGCAGGGTCACCAGGGCGCTACGTTCAATATGTTTTAAATCCCTTAAGTCGATGGCCTCACTACCGTGCGTCGTTATGGACATTTGACAGAGACAGGTGGGGACGTCAATTTTAGGGCAAGATGCTAACCATTAATCCCCACTATATGTCCAGGAACAAGTCACAGCTAAGAATTTTGAGACCAATCACGAGATGGACGCAGTACTCGCCCTGGCCATTAGAAACCTTAATGTCGCTCATCCGCTAGACTTCCCATCCTAATAGTCCGTTCCTAGGAAAAAAAATCTTAAAACAAGGGGCAAAGACGCGCTACCGCTACTTCTCTGGACAACTGTCTCCGTCCAGTATCTAAGACAATCCACCTGAACTACCAAAGGCTGGTACTGAGACCCTACCCTATAAATCGGCTCGACGGATGGGCCCCGCCTTATGCAGAGGATCGCCTGGATCCAGGATCTGAACATACCGATGCGATCTATAGAATGGCGGGACGACGCCCCAGTCCCACCAGCTGCGAAGTCTAATGCGCGCATTCCGGACATATAGCGCCCAGGCCGGCAGGATACGATTAATCCCGCCGCCACGGTCTACATCGAGAAGGCAACGTTCACCCCGATTAACCGTGGCGC,1309,50.27,Escherichia coli
SEQ_749886,CACGCCTCGGAGTATCAAGGATTATATCGCTTGACCTAGGATGACTTATCTAAAAAGCTTGTCTTGTAAAGGAATCGGAATTCCGTAGACGTTGGCCATTGGCCGCAGTAGGAAGGTATGCCTCCGAGGGGTACAGAACTAAATTCAACAAAGAACCCCCGATTACTCACGCCTGTAAATAGAAGAAAGCGCGAGATTGCATGTTACCCGTGGCCAGTTTACTTCGTCACGATAAAGTCCCCTCACCGCCGCCCCCACCGTCGTTGGGTGTCTCCAGACAAACGCTAAATCTCCTATAGACGCGCCGGTCAGACCGTGGGACACAAATGCCTAATCTATGTGGGGTCGCCACGACAAGTAAGAAAGGTACACACATTCTTAAATGAGGTAGAACCTGCAGCTCACCCGATAAACATACGACGCAACGCGCACACATAGCATCTTGTTGCTTACAGGAAATCAATGGTCAATAGCCAGTCGTTATGCTCGTTAGGTCTATACCGGGATTGCCGGTGTTCGGTGTTCTGCTCTGGAATACGCGACTGGTCCTGTCGTGCGGCGAACTGCCCAACTTAACAAAGAGTTGCAGCCAGTGATTGTCAAATTCTTTGTATGTCGGTTTTGCCTAGGGACCTAAGGACCGATACAGTCTTGCGTTCTACGGAGGTCTCTTCTCGCCTAGGTCTAGCATGACGGATTAAATCCGAAAATTTAACAAGGGGCACAGCACTCACTAGTGTCCTTGTTTTAGGCTTGATACGCATGGGCACAATCCACCGAGCACGTAACTAACTAGGCCGATGCTTCAATCTATGCTGTTCAGTCCTAGTATACGCTAAATGTTGAGGGAGGACGCTGGGCCTAAGTGAAATAGTATGTCTTTTTCCTATTGAAAAGCGCTGGTCTTCGAGGCACACGCATACCACATGTAAGTCGCAATTCCAGATTTGCACACTACAGAAGCCATTTTGGGCGGCCTAACGAACGAGGGAATGAGGAAGCCCATACCATGATGTTTCGCTGACCGGTAGCCACTCTGTCAGCACATCCCTAATTTGAATTCAGACTAATGCTCGCCTCTATGCTCTGGAACAAACACACCTATCTGCCGTCGCAGGTCAATTTGGCTTTCTGAGCCACATGACATTAGCCGACAGTCATGACATACACTTGTCTATAACTATCAGACATCTCGTTGCGAGCCTATGTAAGGACTAGAACTGGGGATATCCCTCCCCTTGCTCGTGACTAGTATGTGCATCTTCACATTACTCGTGGCAGTTCTATTACTGTAGACGTCAGTTAAGTTTCACTACTCGACGGTTACGCGCCTGGGATAATTCGTCATTGGCGATGCGAATGTATAGCCTGCCAGATTCAGCGCAAATATTCTAGGGAGCGCTACGTATGCCATTATCTCTCTATGAGTTGCGACGCCAATCTATGAGTTTGAATTATGCTTGCAAGTCCGGCCGTAAGACGATAAACTTGCAGTCTAGATCTTGGCTGGCGAACACGGATTTACAGGGGACTACCTCAACAAGCGCAGCGATAACAGTTTGTGCTGGCATGAGAGCGGCTGCCAGCACCCTGTGCCATGATTCGCGTGTGAACTCGCTCGATACACCGTCTCAGTAAACCCAAACCTTACGCTCGTCACTGGATGTCGAATATGTGGATCGGGAGCATAAGATGGCATCGTTGCGACATTCATAGCAACCCCGGACTGATTGGAGGCACTCTGCTGACGGTGCGAGAAGTGATCTACGCTGTGCCCTCATCCCTAATCAAACCTTCACAAACCTTTCTGAAGCAGCCGCGGGGGATTAGCCCCAGTATATCGGCTTCTCCTACCCGGATTCTACCCTGACATCAATTGCAGACGAGTGAGCTTCTAAGAGGGACCTAGATAACGTCGTAGAGTCGGCACGAACACAGTTACTCTCCGCTCCAAAATCTGCTTGTTGGTAGCCCGAGTTGGCCTGCCAGGATTACTGA,1998,49.3,Escherichia coli
SEQ_669607,ACGAAACGGCGGAAGGGACAATTCGACCCGCCCAAGTTCCGAATATGTCGGGTACCTAAGTTGTGACGGAAAGCATCTTGCATACTTAGGGATTGATCGA,100,50.0,Mus musculus
SEQ_751065,TGCGGTCTTCGCTTAACGCATTTCCATAAATATACTCCTCATTCGCATGGGCCCCACAGACGTTGGGGCTAGTA,74,50.0,Homo sapiens
SEQ_647481,TAACATCGACGACGTAACATACAGATCCTGGTAGCCTAGAACCATTGCGCAAAGTTAAAGCCGATTCCAAAGCGTTGATTTCCTCATGAGCGAGCGTAACTGAGAACGTCTGTACTCCTTGCATTAAATAGCTTAAAGTCTTCCATTCATTATAACATCGCTACATGTCTTACTGGTAGAAAAGTAGGGACAACAGTATGACTGGCATTGGATGCCAGACTCCATCATGTGCATCAATCTCCAGGTCGACACTAGGGCTATGTGTCATTAAAAGGTTCAGGGAGGTCCAGTTAGACTGGTTTGTGGAATCCAAGCCTTACTTTGCCGCCAGAGGTAAAGCGCGTTACCAGCAAGAAATTGTTTTGCCGTGCCCCTTTCCCCCTGAGTGATTCACCAAGATCGAGGCTACTACTGTCAGTGGTGGGACAAGCCGACCAACGAACGCAATGGCCGCTCGCGTCCGCTATATCAATAAATCCCCGTAACGGTCGGGTGAAA,498,47.59,Arabidopsis thaliana
SEQ_866765,AACGTATGTCGCCGACCGCTATGAATGGAAACCGGCTCTGAAATCACGTGCAGATGCGGCTCGTTATACCCACACATCACTCCAATTCGAACGGTTGCCGCTCCTGTGGTTGCCAGTATTCTGAGTAATCTTTCATTAGCTCAGTCTCAGTCCATACAATGCTGAATCTGCCGCAGCCGTTCATGGTATAGTAGCTCTGCCGTTTCCTGTCGCCATACAATCCGCGCATATGCATTATGTGGTCAGCATTCCGTTGTGGGCTCCGCAGACGTAGAATCCGGGACTTCATGACACTGGGCCGAGACTGACCATGGATCCTCTTCGTAGTGCGACCACTGATTAGCCGTCGTAAGAAAGTCCAGTCAAGCGCCCTAGCTTGTCTTCGCGAAGCGTCGAAACAATAGATTGAGAGGAAAGACCTAAATGGCACCAATCTCATCATGCCCAGGTAAGGCCACTATGAGGAAGGCCGTCAAGACTTGAGCATGAAATCTAAAGGTGTCAACTCAGCGGATGGTTGTTTCAGTGAAACCGCAATTGCCGCTCAATAAAAAGTTCCCTAGACGCCCCCCCACGCTGACTGCACGGTCTGGCGCACGCTTGCACACGAAGGTCGGTTGTCAATGCTCGTTTCATCCTGAGCTGTAAACCATCAATCGCAAAAGCGGTCACCGCAGCCCGCGCGTACCAATGAACTTTGAGACAAAGATCGATGATTAACTCCTTCGGCGCAATCAAGCGACCCGCATATAGGGGTTTTCCTGTACTTGCGACTCAATGAATGCCGGTCGGACTGTACGCGGTGCCCGACAATGGGGGACCAGATCTATAATTCTGATGCTTAACGTGTTTGGCTGCCGCCAGGCGCTAGAGGATACAGGGCAACAGGCAAGTAACCAAAGAGTTATTTGAATAATTCCGGAGCTAGCGACGTACTAAACACACCTCCGACAGATGAGAACACCGCGTATAAATGATGCCTGGGGAGGCCGATTTATCCCACAAAA,1007,51.14,Mus musculus
SEQ_971489,GGCCGTACGTGCGGGCTAAGCCGCTGACCTCACAATCGGGACCGTTGACAGTTCACATAGCTGAACGATAGCGCGCGTAGACAAAAGTACAGCCACGTTCTCACACGGAACGGGGTTCGCCCGCCCACATGTGGATAAGTCACACCATGCATTACTGTGGACAATTACGGCCACCCATTGCTGAATAACCCGGCCGACCCAGTCTTTAACCAGTCTTTTGAGAAAAGCTGTGCCTTTCTTTGAGAAAGCGACCGTCGCGTTAACGTTAATCACGCGATCCAAGCTTGGACCCTTGTATTGTAGGCACTTAAGGTATCCATGCGCGCTATATTCGTCTTTCGTTGCCTCGCGGGGGGCGTATCCATGAAATGTTCCATTTTTCTGCGCATGAGCTAGCACAACAGGAATAGTATCGCCGGGATACACGCACCGAGATTCCATCAGGGCGTGATTATTAGTATTTTCGGTCCTGAATGCGAAGCCTCTTTAGACGTGGTCCTTAACCTTGACGAACCATCATGAAGAGGCCGTAATGAGGTCTCATGCTCAGGCCTCCGCACGCCGATAATACGTCCTTAACAATTAAGTCTCCACTCTACTTCAATGTGCGAGTGCCCTGAAAAGAGCGCGTTTAAGCGTTCAGGCTTGTCCACGGATCTCCAATGCACCATTGAAGTTAAGCAAACTATTTGCGTCTATACCGGTGCCTCCGCTAGCGCTAAGTCAGCAACTATCGTAGACCCGGGATCTTGACGACCCATGTGACCTCTCGAGATGGGTATTCAGCGGGCCTCAATGATCGCTGGGGAGGGACGTTGAAACCTTCCGGAGCGTCACTCTGGATGAACATTCAACAGAATCATGTTAGCATGCCCGGGGAGGA,883,51.53,Mus musculus
SEQ_745159,CGTTAATTTTCGAATAAACTGTCGCCTCCTTGGCAGTGGTGCTTAGTTAATCCTATAATCATTCCTCAGTTTTAGTGTAGCCTTTGTTCTCACCCAAGCTAGACGCGTTATTTCAGTATTTCGTTGAGGGGTGCTCAGACCGGCGATATGCACGGTAACGGCGACCGATATCGAAGTAAACCCTTTAGGTCTTATAATGTAGACGGCGAAAATATTAAAGATCCGGCAAAAGTGGGAAAACCTCCAACCTAGAAGCGCAATTAACAATCATCTAATCTTCTCGCGACATCAGCAAGTCTACCTCCCGTTGCCAGCTTTAAGGCCCAGAGTACGAGGACTAGCAGCCTTCGTTAAGTGGCGTCGATCGGAGGTTGCTCCAGCAGGACCCCACTTAGAGTTAGGTAACCCGGCTTACTTCATACATTGGCACCGCTGGTATAACCTCTGGCGGACATTCGAATTTTAAGACACCAGAGATATAAAATCCAGTTAAGTTCTCCGGAAGAGGAACATGCGGACGGGCTGGGCCACTAGTGATTCTTGACTCTACTGAATCGTAGTTAGCTGCGGTTGTCAGCCTACTCGATACCAGGTAAAGGCCAGCCCTGGCTGGTGGCGTCGGCAGAACCCTACCCTTCAGCTATGTCTCGCTATAAGGTGGTAGCACGATAATCCGCTCTCAGCCAACTCTTAGGTCTATGGTGGGCTTGTCTGCGGTCTGAATTTGTTGTCTAGACTAGGTTCAGTCTGTTTTTAGGACTGATCTGTTGACGACCAAGGTACTTGGTGACATGAAAGACATTTGGGAAGTGGTTTACACGGATGGCCCCGCTTTTCTCCCGTACGCTGCACTCCAGCGGAAACCGTTGCCACACCGAACGGCTATCAGAACACTCCACTTATGCAGCACTAACCCTATTCCGCGCGAGGTGCGTGCGTGGAATTAAGCAAAGGGCACTTAGCGTAGCTAGACGGTCAAGTCTCCGGTGGGTCAAGATCGTTTACAATTATAGCCAAAGATCGAATAAGTTTGTCAATGACTTCTCTCTGTTGTTCCCTATCGAGGGATTCGTGGCTCTCGTTTCTGTGTAATAACCTCAGTTTCCGCGTTTGCTTACGATATGGTAACGCGCCTAATGTATATGACCACAATCGGTATAAACGGGCACTTTGTGCAGCGAGGATAGATGGTCGCGCTTGTGGTAAAGTTTTTGGGAAAAATCTCCGTGAGGAGTGATACGAAGACGCGAAAGCTCTTAACGAGCTAATAGAAAGCCAAGGTCCTGTGTGTCCATCTGCGCAGGGTCCGTGACAGCGTGCAAGAATTCATTACGCGAGTCAGCGGGATGGACCAGCAGATTACGGGAATGAACGCACCGGCTGACAGTAACCGCTGAGGGAGGGAACATTGACCAAAAGAGCGCAAACATCTTCCGCCATGTCGTTCCGAATGGATGCTCTAAGTCCACTGCTCTGAAGATGAAGTATCGGAGACAATCTGCCGAAACGGGTTTCACGCACCTTCGCAAGTCTCCCTGATCTCCGTATCACCGGCGCAGGCTTTAGCAAAGCTACCAGTGAAACAGGGAGCGGCGCGACTCTCCTGAGCGGTAGCCTAC,1619,49.78,Arabidopsis thaliana
SEQ_147667,GATAGCAGCAGGCTAAAATCGTTTGTAGGCCTTCGGCAAAACTAAGTCATTGGTGAATTCGCGACGGAGGCCTCCGGCGGGGCCCCCACACCACCCGCGGGTGGGCTCTATTAAATAGGGCAGACGTGTAAGAGTTTGGGGCTGCTGAGGA,151,56.95,Escherichia coli
SEQ_554029,GTAATCGACTTGGGTTGAACCAACTAGTCATTCCGCCCCTCACGCCAAAAAAATCAAGGACCGCGTCAACAAGGGCTGGTACAGGTCATTCCAATTCCCATTTTCAATTATGTGACTGACGCTTGTAACCCATGTCACTGAATTGCCAGCTTCTACG,157,47.13,Arabidopsis thaliana
SEQ_467597,GCATGTCGGATAGGGTTTACCTCCTTAATTGTACATGCGGGCGTCGAGTACACTATCCCATAAAATATCTTGGGCCCGCCAGTTGCGCGAAAGTTAGACAATGAATTAGAAGGTTGAATCTTGGGGTGAAGATTGGAGATCACCGAGTTCCCGGGTCAACGTCGCAGAACCGGATGCTAAGTGGTATTCTCTTCCCTTTCGTATCAAAGCCCACAACCTCGGTAGTCCAAACCGAGCTCCGAGCCCTAGGTCGGGTGGTGATAACACCACTTGAAGAAACTCCATTTCGACCGTACAAGTATGCCCGCACTGTGACGCTTGAACGTGATTCGGGGGGAGGGTTTGCTACGACGCATACGCCGCACCCGAAAGCGGAACGACCATACAATAGTTTCATAGGAGCCTGTTCGTGTGCATTACGTATCTGTTATGGGGGCGAGCGCACGTCTCGACCCGATGTGATAATAAAGAATTATCCGCGGTACCTTCCTCAACTGAGCAAGCCGAGGCCGTGGACGAAGGGCCGCTTCTGACCAGGTGCGACACGGTGAAGATTGTGTTGCTTTCTTTTCATTATTGAGGACCTAGGCCGGCGGCTAGGTTCCGGCCCGGTCTGGGTTACCTGTCACTTTTAGCTATACTACCGATCCGGTTGCGCCCACATGCCCCTAGCCCCGTGAAGTGTACCACGAGACTTGTCCGTGCGGAGGGCCATGCGAGCTTCATGTTTGGCAAAGGCGAACAGACCAGGTAAGAGATCTTAGACCTTCCTCTAAGCGAAGCTGCTTCTTTATGACGCCGTAAATAGCAATCCACGTAAAAAGAGCTATGGTGCCGTAGATTTTCGCATCCAGTTGCCGCCTCAAATACTACATTATTCCCAGCGTTCGGGTTTCAATACTTCGAAAGAGATTGTAGGGATATATATGCACCAACCGGATTGGACCCACAGTCGGGAGGACCAGACCAGAATCCTTCGCTAATTCATCAACGGCGAATTCAACTTTCGCCTTCGCGCTCTGCCGTCGTCCGGGTAATTGGGGCATGTTTGAAACCTACACAGGTCATAGGATGGCGTATAGAGCTAGCGAAAATCGCACTGATCCAAGGTTGAATATGAATTACTATATAATTCGGTG,1139,50.92,Mus musculus
SEQ_266933,GGTAAACCCCAGTGATAGTTCCAGCATTTGCTTTCACTTATGACAGTTTCGCTTCCTTTACGATGTTGAGGGACGAACAAGCTGAGACGCAAGAACACACGTCACTGTTAATGTTAATGGTGTGTTCCGGAGGAACTAGTACAATTCTTGTAGTTGGTGCCAAATTCAGAAACCTCGTCAGAACGTGGCAGGCGGCCCCTTTTCTTTGAAACCCCTAGGTATAGGTTCGGCTGTTACCCTTTTAGACCTGAGGGCTATCACCACAGTTCAGAGAACGACCAGGCTTCGCGATGGAGGTCAGTTAACATGTGGGTAATGTACCGGACCATAGGCGCCCATTTCCAAATTCCACGAACTTCGTGTTAGTGTTGGGTTTTGGAACCTTGGACTCGGACCATGCGTGATCGAAAAATTAAGACTAAAGGTAGCGTCAATGGCGAGACGCTAAACTGCGCTCGGCGCGTTGACAGTTGACTACGGTCACGGTGCAACGCGTGCTTTCAAACAGCATTCTTTGGTTTGGTACTCGGTAGTGATGAAAGGACCTCAATAAAGTCACTCCGCACCAAGTCGTCAATTCCACATGTAAGACCGCTATGTAACGAAGATTGTCCCCCTCACGTCCTGAGAATAATCCAAGGCCGTACGCACCGTCAGGCGCTGACAGGGTGTGGAGCCCCAATTGGC,687,49.49,Caenorhabditis elegans
SEQ_749142,TGAAGACCGCGGAATTGTTACATTGAGAGCTGCCACGGCCGCAGCAGGTCTTGCATACTAAAAACAATCTCTGTATGTCGGATCGCTCTTATCCTAGTCGGCCATTAGAGGCATACCCCAAGTGTAACGTCACGGTTCCATTCCTCCAAGTTACGACTCTCATATAGCATGTCTGCTGCTACCTAATCCTTGCATCGTAGGTGAGCAGCGTTTCAGTAAAAGCTATAGCCGATCGGGTCTTAGCGAAGGCGATGCGGACCCGAAGCTCACCTACGCGGCGGGATGTGCTTGAGTGGGCTCCAAAGGATTCGGAAGGGGACTTCCCGAAGTCACGCTGGAGTAGCATAGCACTGAACGCCTGCCAGCAAACATACAGAAGTAGGCTAGCCTATCCTGACCTCAAGGGAGAGCGACTAAACCGGGTGGGGCGCGAACCGACAATCCACTTATGGGTGAGACACAAGTTATCACTGTAAGTACTATTATTGTAGCGTTATATGTCGTAAAATTTGTCGTGTGGCATTCGGTAAGCATTAGTTAAGAAGACTGTTTGACTAGCCGCCATCAAGTTGGCGTATCTTAGTAGCCAACTGAACAACCGGACTATCCCTAGCTAGGACACTGCCAGGAATCTGGTTTCAGTACCGAGACATTAGCCAAACTATTCTTCGCAAGAAGGTACAATACCGCCCCCAAAGACAGGTTGTTCCAGAAACAGGGTTCGTAAGAAGCCCAAGGCCAGTCGCCACACTTCATAAGAGTTCAACTGGGTGGACGGATTCGCACCGTTTAGCCCTGAGTCGCTCACCGTGATCAGCGTACTTGGTGCCTAGCCTCGTGCGGTGGGGCAATGCGCTCAACCTAGGATCATCAGAAGCACATACGACACCCATGCAACGTGGATGATCAGCTACCAACTTGTACTGATGTAAGAAGCACTGTCCCCGATACAAGATGCGACGTTTCCGTCCGTCGGGCACCGACGGTCGCGACCTCGCAACGAAGTATCAGTAGGTTCGCAAACCGCCAACACAGAGAACAGGCGACCTCAGCTCAACGCGGGCCTTTCCTGGACGAAAGGGGCAGGTTTCCTATGTGGTCTGGACCAGTCCAACCTGATTTAGGTTAACGTCCGATGGTCCATATTGTTTGCAAGCTCCTGACGCTTTCTCAAGCCTACGACAGGACGTGTTAACCCGCTTTTTGCTAGCGTGACAAACATACTGATCGTTTTCGTTCGGCCTCTGCTGCTTTCGCGGCGCCTAAGCGTACTAGGTTGAATCGCCCATGGGGCTGCTAAGCTTTGTACCATATCGGAACGCATTTAGAGCAATAACAAGACCAGAGTGACACGACGCAAATTAGGATAAATCGACTCGTCCCCTTGGCCAATGAGTAGAAAAAAACCCGGCGCTATAGCACTTAACGAGAAATTCTAACATTGTATCGCCCTCTGCCGGATGGCTTTCCAAGAAATGACGAGATATGATAGCGAAGATTGCATGATATGTCTGAAGTTTTATAGCTCGTGCAAGGTCCGCTCGTATAGGTCGGCCACGACATGCTGGGATCGTCCCGTGCCAGGGTGGGACCCCAACGCGTGTCGACGACAGTGTAATACAAACCCCCACTACGCGTTGTAATTGCGCCAATATGTCTAGGACATACTTGAAAACCGGCGGAAACGTGAATAGAATGCGTGAGATTCGGTCGG,1714,50.99,Homo sapiens
SEQ_469952,TCGCCTTCCGACTACGTAGTGCACATGCTGAACGTTGTGCCTAATACGGACGTACCGGTGAACATGTGCGATTGCAGGAGCGATAACAGCTTGGAATCATGCATTTTGCGTACTAAAAGGTTTATAAACGAATGTCTGCGTTCCGTAATGTCACAAGCGCAAGGGGGGTCAATTGGATTTCGGCGCCGCCATACCTTTACTCACTTGATAGAGCTCGGAATGATCCTGGGCTGTAGTCAATCCGCAGGCCCCACGCTTGCCATTTCAATGGAAAAGCATTCATCCGTT,288,49.31,Saccharomyces cerevisiae
SEQ_670900,AGTCGAGGAGGGCAGTCCTAACTAACCAGCCATTTGGCTTCGCTGCTTGGTACCATGCGGCCAACTCAAAATGCCTCTCGGTCGCGAGCGGGAGGCTGACCTGAGTTATGCTACATGAGTCTTTGGTCTTCGCCCCAAATCAATCAAACGGGGCGGTTGCCTGTCTATCTTAACCGCTAACCTGCTCTAGCTCTGCGTGGGTCTATCAGTGCTGGGTATGCCAGCGTTCATGTTTGTTGTGAGTGTTGACCTGGAATTGGAGGAGAAAAGTATTACGAGCACCGCGTTTACACCGTGGGCTCTGGATACACTACTCAGTCTGACCAGCTGATCGGTTGAGAACGATCAGGAGGGAGTTACATTCCTTCATGAATGGTAACGGGCCACCTCAAGACTGCCGGAGAGAGGGTCACACCTTCCTATGAGGAACTGGGCGTCAGAACCACCGCAATAGATGGATCGCTGGCGGCCTATTTTGAACCTCAACTGTTTGCATGCCCATTGTAGACATTAAATCATCCGTTAGAACGCATCGCTGCTTACACCCAAAACTGTACGGGTAGTTGCTTAACGGGAAAGAAGGCGGAGCTCACCTTTGTACGAAGGGTAGGGCCACGGGGGATGACAACGTCCCGTCAGCTTAGGCAGTTGCGCGTTCCCAAGGCAAATGGACAGTTTGGGCTGGTAGGGCATGGCATGCGTGGGGGGACACCTTACAGTATGAAAGTGCGGGGAAGATGGTACGTCTGATTTCTTTCCCTAAGTACGCCGACTTAAGGGGCACGGGATGGCTACTACTTCGACGTACCAATAGGGAACGTAATCCGTCGACCTACCCTCCTGCTGTGGTCTGCGTGCTGAATTGAATTCTGACCGGCTCGATAAACGAATTCGGCTGTTCCACTTGCCCGACCTTCGTATATAAGATCCCCATACTCAATCCTTCAATCTAATAACTGACGCTAGTCGCAGGCCCTTACATGCCCAGATCTATTTTCTGAGATCGAGGAGGGTGAAACCCTAGTTTATAGACCACGTATAACATATGGATCGTTAAGAATGGTGGAGTGAGCACTGGCGGTCACCTCTCTGCAACTATCACGGTACGTACACACGCTATGGTCACAGTCCGGAGCCCTCATCCTCTAAGCTGAGTAACCGCCGGGCCTTATAGAGTTGTTGTTCCGCCATCCCCATGTTTGCGCCCAGCCACCTTCCCCACGGTAGAATGGCAGCCCGAGTTAGGATGGCA,1252,52.4,Mus musculus
SEQ_204078,GGAGAAACTGTCAGGTCCCATTAGCGACTGTAACTATTAAGTATACTTCGATGTCTGGGCCTATTAGCGCCAGCGCGTTGCGTCAAGTCACTCTGAACAAATATGTACATGACTCCGGTTTTGCAAGGTGGCCACTGTAGGTTTATCTTTCCATGTACGTGGAGTATCCGCAGCTCGGGTAAAGCCGCAGTGAGCTTAAGAAAGCCCATGCGAACTAATAGCTTGAGCAGGGCGCATCACGATATCCCAGCTACGACCTAAAGGACAGTCTTATCGCACGTAGGTGCCGCTCCCCGAAGTTCGTTTGTTACGAGCTGGAATAGTCTAACTGCGTAGCACCTTGTTCTATGAGCTATCAGTGAAAGTCCTAGCTATAGTCAACGTGGCGAAGATTGATCAGACGTAACTTTGTGCGCGCTATTTCGGGTGAAGTCCCACCCGGGGGAATGCCCTACGCGGAACACAGCTGAACTAATTGCGAGGTCAAGCTCCTTCCATGTTCCACTGATCCCGTGAGGTTGCACCATGAGCTGCTTGCTCTATAGAAGTCTAATATTAAGCCACGCGGAGGGCCCCCTGCAGTGAGCGATATGCGCCCGCGGGCGACAGGACGCCTTTTCCATTGATATACGACCGACATACGTACACATATTACTGCCGTAGGAGCCGATCGAATGCAAGCGGTCTTTTAACCTACCCCCCCGAGTTATCATCTATATCAATCGTGGTAGCAATTCAGCAGCGAATTCGCTGTCCATTCACCTTCATTCTGATGTACAGGGAGCGGCACTACCCCCAACCCCGTAGTGGTCTGGCGGATTGTAACGACTGAACTAGGAGAAGGAATATTCCCATCCAAAACTAGCAAGACACTCTTTTGCCCCCCGGATCATCCGAGTTTGCCTGCGTGCGATCAAGCGCAGTCCTATGACGTGCATAAGAGAGAGTTTGGCCCCGCCTCGCTGCTGGTAAAATCTGTGCTCCGCTATTCTCCCTCATAGGGGTAAATGGCTACCCAGCAGAACATGATGTTCGCGCCATGCTGTTTGTTTCATCAAGATACCCGTACGTAATCAGTTCATGTGTATCTAAAAGCCGCAGAATGGTCGCTAAATAGAAACGGTCCTGATCGTGGAAGATAGAACATCCAAGAGTACATCACTGCGAGTCTCGCGGT,1177,50.55,Saccharomyces cerevisiae
SEQ_277792,AAGAGAGACCGTCAGTCGCACTAGGCGACAAGTTTTAGTAGATACTATTGGTGATCGCCTGTTCTCAGGGTAAGCAATCGCTTGCTCCCGAAGCGAGAGGTCATCGCGTGAGGCTTCGGTATCGGAATGGCTGGCTGCATAGTTTGCCCCATTGCCATAAGCACGACTTACGGGAGCGTTCATGTTATCTTTACGGCTCTCCTCGCGCGCCATATAAATGCTTATGTAAGCGTGCTCTCTTTGGTCAGATGCTGGGTTGGGGATGCGGGGCACTCGTACACTCGGTTCGCTATAGAGGTGCGGGTAATTACTGGCATCCAGTCGTCAATACCCACCCATGCAGGCAATCATCACTTATATCTTCGGCCGCTGTACCTCTTGGTAGCTTAGCCGACTACAAAACACCGTCGTCTACGACTTACGACATGGACTAGCGCCCACCCACAGAAGGTAGACACACCGACTCCGCTCACGCAGTTCAGATTGTGCGAAGACAAATGTTCGGCCTCTTGTTGAATCGCCCCCGGTGGAGTCTCTATATTGAAGCTTGGACAGACGCGTGATTTCTTCCC,572,52.45,Arabidopsis thaliana
SEQ_812012,CAATTGGGCCATTCGTATCTCGAGGTTTCAATCTAGCGCCAGGCATGACTCAGCCTCGTTCAACAACCCAGTCTTAGAAGGCACCTTGGTCGTTTTGAGGGACCACGGTCCCACTTATGCAGCCGGAATATCTATTCCTCTCGGTAACCTAATACTCTATTGAGAGCGGCATCGCCACCGTTGCTCGGGAAAGTATTCCATCTTACATCAATGACGCTATGGTTAAGCAAATAGGACTAAATCTTCATTTCCACGACCGTGCCGCTAGCGCCCGATGATCTAAAAGGTACAGATTTGCTCCTTCTGGCGTGTCGTCCGCGCCCCCATCATCTACGGAAAGTCCACAACTATACCCCGTTATCTCTAGCAAGTTGATGGCAGATGACAGTGGGTGAATGGAATCATTGTGGCCGTGCCATTTGCGTACCTCCTTGAAGAGTAGGGAATTGCTACAGAAGCGACCACTGCCGTTCACTGAATACTTTTGTGATCTCTCCACGTTGTTAGCCGCTATATGTGTTTGGGTAGAGACCCACCAGGACTAGGGCGACTCAGCGCCATTTCCCCCCACAGATGGCCTGAGCCCTGAGCCTCAGCGCCTCAACAGTGGTACGTCAATCTCTCGGCTGAGTATAACGTCTCTTTCATGACCGCCTGATAGATATTGGGGAGCAAGTCGTATTGTTGCAGTACTTCTTCTAAGTCACTCGCATTCAAGCGTTAGTAGTTGTGGACACTTAATACGAGTAAATACCGAGCTAACCCTACGGTTATGACCCTCCCGCAGCATGTTCACTTCTGGCATATATCCGGGGGTGAATGCCGTCTTGAACAATGGTGTGTCCCTGATGCGCTGTTGACCAACACATGCATTCCAATGACACACGCCAACCTGCTATCTGTGCGGTTGGTCAGCGCATTCACTAACAAACAAATACGGAGGTTTAATAGTAGTACTTGGCGGGATGTGCGGTGGTTAGGGTTGTGGCGCGAATTCGGGACCTTCCCTCCTGTTTTCGATCTTCATCCTGCTTCCCTCTGGATTGGTTCTTTCACAAGCATGGCTTAAGTAAGAGACTATCCAAAGT,1088,49.72,Drosophila melanogaster
SEQ_862352,CAACCACATCACACTCATAGAGACAGGACTTCAAATCTCGGAACAAGTTTGAATCCACGAGTGCTCGTAATACGCTTCGGTCGTAAATAGAATTTCTGCCGACATACTAGAAAATTGCACATTGCTACATCCAGACGTAGGTCTGCCAGCGTATCTCTCTCCTGATGTCTACTGCTATTTCGAATTGAGTACATTCCTTGATGTAATCTATTGTTCCCTGACGGTACGAGACTTTAACAGACGAGTGGACCTCGTGTACAGGTATGCTCCTCCGCCAACTAGATTTACCAGGGCCTTGCAGCATGAGATGATCTGGCCCAGTTTTAATACATGCCTCATCTTTATTCGGGAAGTCTTTACATCAATGTTTCTCAGCCGCGACGGTTAAAGAGAAAGTGCATCTCCATGCTGGGCCTTATGAACTGGCTATCAGCCTGGCTGATTCATACGATCTAATAGTAGGCTGGTTGTGGATCTGGATGATTCGGGAGTAGATAAGAATTTGAACTCTGCGACCCTGCCGAGCTCTTGGGACGTTGAGTTCCTTAGGCCAACCAGCGATAACGCCTAAGCTATAGGGCTGCGTTTAACCAAAAGTTTTCGCTACAGTCAGACCGCGGTCCAATACCGCTAGAGTGGGCAAAGTCTTTGATCATCTTTAGCGAAGCTTGGTAAGGCCGATACTCCCACCGAGTTCAGAAAACCCTGCGAAGAGACGCTGCTTGCTGTAGCCAAATTTGCCCACGAAGGGGTGCCACCTGGCGGTTCCTGGGACTGCAGCGGAAGTCGTGCCCTTTCTGACCTCAGGCCTTCTTGTTCTTTTTACGCATTGACAACTTCCTGAAACTCGGTATCAGGACCGAACGTGCCTTCATGGGATTATGGGTAACGTGTCAATGGGCGGCGTTAGAATAACAGCGCCGTCAATCTTTTTGAGACCGACGCTAATTTCTCCTTCGCGATGAGATGGTGGGGTCCGATAAGGCATTCCCATCGGCAGCTATCCAATTTGGTGTCGCCTTGAAGACGCACATTGGGTTATTCGGAGGCCGATCGTGGACCAGATTTGATAGACTTGAAACATACTCCAGGAAAAAATGGGAAGACTGGGCGTCCGTCATCTAGTATCACCGTGGGCTTGGCGATGACCGGTGGTTCAAAGGCGCAGAAGGATAGTTACACCAATTACTAGGGGACACATCAAGTAACACGTCGGAGCACCTAATGGTTAGGCCAGTGCACACGTATATGCGAAACGGACACGGCGTCACGGATGGCCCGGTACAAATTTCGGGAGTTTGCTATTCAGTCGGTGACCGGGGCGAGCCGTAGTGCTCCAGACCTCGATTTGATTTTGGGGCGGGGGTGGAGGCCCTATATCAAATGCTCCACCAGTGGTGCTCGTACGAAAACTTCAATTCGCTAAGATAGGAATCTTATTCGAAGAGCAGACAGAGTCCACTAAGTTTCCTTCGCTGTTAAATAAGTGTGGTGGTCGGCTAAAAGGTCACACTGCTGATACGCTGTGGTCCACGGCAACCTAGAATTTTTGATTCATAAGTGTGACTCTGAGAAGAAAGGACGAAATCGCGTTGTACCCCCCAACTACAACAGAGGCACGTCGATTGCTGCGTTAAAGATGATTTAGGGATAACATCCATTACTTAGTAACCAGGAGCATTGGCCTGCACTAGACGTAGCCTGGCTGACAAAAATTTGGACTCGGTC,1728,49.02,Drosophila melanogaster
SEQ_211176,GGCCATCTGTAGCCTACTCATGCCGAGTGCTGCGAGGCCGGAATTCCCTGCGAATCAAGAAGAGTAGAAGTCTGCCCTAAAAAACGACATGCTTTACAGACGCACCCTGTAGGCAATTTTGATATCGCTGTGCTACGTCTCGTCTTGACGGGTACATATCTCAGAGTAACCTTGAGATGGCATGTCGGATCTGGTGCTGATGTGTTTTTTATTTTTCTCCGGCTGGGTTCGGACAACTTGGTGAAACGTTACACTAAATAGTCAGGTCCGATGACGTAATACTACCAAACCGGTGCGGTGAGATGGTTAAGGCCTTCTAGCCTACCGCCGGACTCAGCCGTAGCAGTTCTAATCCCCTATTCGCAGGCCGCGTTATACCACCTCTTGACTACTTCGAAGTGCATGCTGAGCGAGGCTTTACGCTGCGTGAACAACCTAACAGCTGTCAATAGGCGAGATGGGAGCAACATCTCTTGTGCCGTTTTCACGTGTCAGCGTTTCGAGCTGCTGCGTGTGCCCATAGTTCAGTACGAGAAGACGACGACCCCGCATTGCGCAAGAGGGGATTTAAAGCCTTCTACAACTTGCAGGTTTATGACCCTATAATCATTGTGTGCTCGTACCGGTATGCGCTGGGTGCAGCCGACTACTAACCATATGTACGCTATGCATCTCCGATCATGCGCCCTACGGGGAAATCCTTGATAGCCTCCCTGGTGTCGAATCCTTTGGCTGTAGCTTTATCTTTTGCTCCAGGAGAGAAAGTGTCGCCCGACAATAATCTCTGAGTTTCAGCTCCCTCGTAGCGACAACTCCGCAAAAGACTACCACATAGTGCCGTTTCCGGATGGTCACGCAGCTGGCGGTCACAGCAGGGTCCAGACGCAACCGACATCGCTCAGCTTGCAAATGTCAAGTTTCATGCTTATAGATTGTCTCTCAGGACGTAGCCGAAGCATCGGCTTTAAGGATTTAATGGTGTCACCCAGCTTTGGGGAAAAGTAAGGACCGGCGGTGACTCCACATAGGGAGAATCGGACTAGAGGTTCTCAGGGCTGGCAGCGGAGGAGTAGGGGATGCCTAGCTAAAGCGTTCAGTGCAGCTCGAGGGTTTAAAGATAAAAAAGTGTCGCATCGCGTTCTAGGTGATATCAGCGTTCATTCGCAGAATCCAATCAAAGCATGATTGGATGATGACTGAGGTCACTGTGCGAATACAGCCCACACATAATCATACGGTTTTCACCTTGACCAACTAGTGAATGAGGACCCTTAGGATTACGCCAGCTGGGGCGGCCTGTTCTGTGGAAACATATCTCCGGCAAATGAGGCTGTACGACTGCTGTGATGCAGTTCATGTCTGACAGTTCTTCGCCAGAGTCAGTCACATATCCAAAGCGTTAAAGCGTGTCGATCTATAGGGGTACATTTAACTTTGCGCAGTCCGCTCATGACCGCTCTATCACCATTCTTTAATACTGCTGAGCGATCGCTTGTTTAACGGCCAAGGATGTTAAGCCGTCAACAGACATTCCACCTCCTTACGTAGTGTGGGTCGCGCGAATCTCCACTCGTGGTGAGTCTCTTCAGGTGTAGAGCAGGGCTTTACGATACGCCGACTGTGCTGGTCTTTGCCTACGGCTCGGCTGCCCCTCCAATCCTGTCGACCATTCCTACCGCGTTTG,1684,50.89,Arabidopsis thaliana
SEQ_902932,CTTGGTCGCCACGCTTTAACCTACTAAACGGGGCTGGACAGAGACTGGGTTGAAAGAGTGCTGGTGAAATTAAAAACATACTGACTTAGATCAGGACGCTAACTCTATCGACCGGCTACGGCGTACAATTAAGCGTTAAAGCAAGACGCACTCCGCTAAATCTGAACAAGGGGCTGACATATACAAAGCTCCAAAATATACAGAACGGAAATACACTCTGCCGTTCCCGGATAGGACTGAATTGAATTTCATAGGTCTATCAACGTCTCACACGGCAGCGTTGGTTATCTCGCATTCAGTCCCACATATCTGTAACCAGTTGTTTCTGTAGCTCGGTTCGCCCAAAACGGATCGGTTTTCTTAGCAGTCCGGGAATGAGACGGCCGGTCTAGCTGATATCAGGATTACAATTCGCAATGAACCACCAATAAGACGCAGAATCGGTGTTCCCCTCGACCTTCTCAGCTGTTGTATCCTCCCGGAGCCTGGCACAGGCTGCC,500,48.6,Escherichia coli
SEQ_687468,AAAGCTAATCGAATTCACGGAGAACTTGCGGCATCAGGGCGAAACGGTTTACGACCCCTGGCGGATTCTTCTACCAACTCCAGACGATAACGCCAACCGATGCGCGGCTCCAAGCAGCCCCAAGTAAGTTTCTCTTCACCGGTTCGTACAACATAGACCGTGTCACACCACCACTTCATGAACCCTGTTGGCGAACCCGATGGTCTTGAACTATATGAGCCTAACCTTTAATTGTTGGTTATCATAGGGTCGTCCTTCTTCTCTCCCGACCACTGCTTCTCACTGGGAGATATTGCGCTTGGTTCCAATGAACGTTGTATTTGACGGAAAGAGCTGATATACATCTTTTACCGTCCTGATCCATCTCTCTAAATGCACTTGTGATATTCGACAGAGTTGACCCTACAGCGCAAATCTTCTACTCAGGAAACGGGGCCTCCAGTTTTGAGAATAACCAAACGCACTTAAAGTGCCGCTGTGGTCAGAGTAATGTAGATTGTTGATTTTGGACCGGGGCCTTGGATCAGCCCGGGCGCAGACACTGGGCTTGGAAAGTGATTTGCTTCTGGGAAAGGACGACAGGCAGTCTCTGGCTACGATCCCCTAACTGAAAAGTGTAGCAGTACAGAGCTGCGACAAACATCATTAGCCCCAAGTTTATTTAAGTGGCGATGCACGCATTATGACCCTTTATCCGATAAGGCCGGTAGTTTTAACGATGGTCCACAGCCCGTGCTGTCAGATATTTCTTGCCATGTTATCTGACCGATGGCAACCTGCTCGACTTTCGTGCCACACTGCCTCCCCTATCAGCTGCATACGATGTCTGACTCAAAGGAGGCGCTGATTGGCTCTGGCTTATTCGGGTCTCGTCGTTGGGTGACTACGGAAGATCATGCGCTTCTACCGAGGAACTACTAGGCGATGGCACCATATCTATAGGCATGACAGTCGTATCGGGGTCGACACTA,971,49.74,Mus musculus
SEQ_315967,ACGGGCGTCATGTCTGGAAAACGCTCGGCCTGCACTTGAAGAGTGGAAAGATAATACGCGGAGTGCCTTAGCCTACAG,78,53.85,Escherichia coli
SEQ_679936,CGCCATATTCGCATCGAATCGCCTCTTGTTGGCGCCAAAGACAGTATACTTCCTGCCCCCAGTAATGGCTAGTCTCTGCAGATATAACGACCCACAGCACCTCTCTAGACAGTCGAATACGATACGAGCAAAGGATGTTGAGGTGATTAACGGTCACGCGTATTAAGATTACGTCCGTTACTCGGAGAGGGATGATCTAGGTCATATACATGTATCGCCCTATCAACTGGCTATGCATGAAACGAATAATAAGTCCTATCCAATCGGTTTTAGAAAAAACACAGCTACTCCAGTTCGCCCTTGGTTCCGGTCAGGAATAGTGTTATTTCTCCGTAGAGTGGGCTCGCATTGACTGTCAACAAACGCGCACACCCGAACGCATGTCTCACGTTGGAAAAGATGTGGTACGTCCTAAGGCCACCAGGATAAATTTAACAAAAGGAAGGGTGCTCCAGGTCGTCAAGATTATGAACACTATTAAGTCTGGAGCACCATGGGTAGAAGTCACGCTCCGTCGCGAGACAATTCAGATTCCGCCCACTTACCCTCGCTGTGCGCTGCTCTGTACCAGTATCTTACCAAGTAAGTTGTGTGCGTAAGGCTCGAGCTAGACTATACAGAAAATAATATCCGGGTCACGGCAGGGGCGAATATACAGCACGATCCCACCCACCAATCACTGCTGAATATGTCGTGTCAGCCCGATACGAGGAACTAGTCAACCATTCTAATCTGCGCCTGAGGAAACGGTTTGTAGGCTGGTTACATCAGATTTAGGAATTTTCTGCAGTTAGAGTCACCTGTCATGAGATGTGGAGGCCGTTTTGGTATTAAGAGTGTATGAAATTCTGGGCCACAGACGACTATCGCGACCGTTCCACAAGTGCGGAGGGCGATGAATTCCAGCTAGAGTCCAGGTTAGGAGAGGGCCGTCTGCGAATAATTCTTTCCCAAACGATCCATTTAGTTCAGCGGCGGTAATCCCTTTAGTCCACCGTGCCCCACTGTCGTCAGCGCATACATTAGCTACCGCTCAATCTTCATACTAGGCACGCATTAGAGCGCCTTTTAGCTAGATCAGGCAGGTGATTCGCCGCAGACCGTGAGCTCGCCAGGGTGCGCATCGAGCAGACTGTTACGGTATCCAAGCAGGGTTTTGCCATGAGGCCGTGCGTGTAGGCACTGCCTTCCTGCGACAGGCAAGGCAGCTTTGCAAGATCTCCAGGTGACAAGGTCTTCATCGTTACCCATAACATGCATAAGTCACAGACTTAATTTCACGGGGAAATTACATATGTTGGGGCGAGCTACCACACCCGATGCGATACGGTGTAAGCTGGTCACTGATCCGATC,1354,49.63,Drosophila melanogaster
SEQ_965908,CAACATTTGGCTGGCATGCGTGCATGTTCCTCAGTATCAATGATAGTTACAATCGATAACGCCCGGTCCACAACACGGACGTTGCTTATGGTCCTAAAATGATCATTTCTTCATCGGTGGGCACCGTAAGATAGCTCACTGCAATCAGTGAGATGATATTGAAAGCGGAAAGTTTAAAAAGCTGGGAAATGTAAAGCTGCTGTAGTTCCATTTCGATTAGAAGGCGTATGAGCTTAAGCGTGACGGAGTGCCGAGTGAGTGTAAGCATGACGGACTACAGGCTAGCAAATTGGTAGAGCTTGCAGTACGAGAAGAAAAAATCGATAGTGATGGAAGTTGATGCTGACTGTGCTCAATCCTCGGCATTGGGAAAGGGATCAAGCTCACAGGGTAGGTTGCCGATAATTCGACGTTATTTATTCGTCGTATTCGTTCGTCTTATAATGGAATGCGCTATTGCGAAGAATGGCTAAAGCGAACTTATCCAACCTTTAAAACACTATCACATCACTCCACTAGATAGAGGTGGGGGCTCTATATGAACTTGGAGGAACACACTTGCCCTCCTGGTCTTCGCTCTCTAACAGTAATAAATAGACGTACGGTCATAATAGGGATATACTGACATCGGATTATGACTCGTGAGTCAGTTTTAATCAGCGCTGTTTGGCGTCTTGAACGACGTCGTGGGGCCAAATATTACCACATTACGGTAGTTTGCTCGTCGCCTGGTGGCCTTAGAATATTTGTGTGAAATTTGCGAACCTAAGTATACTCAGAGTTAGCGCCACAATTAGTTATTTAAGATCTCTCCACGTTAGCTAGTGGGCCAATACTAAAGTAGTCACAGGGCCCAGTCCAAAGCGGCGGTCGCCGTCAATTAGAGGATTGCCAAACCTCTTGGTATCGTATCGTGCTAGCAATGCCCGGACGCACGCACTATGTTGATATCACAGAATGTTCACACTCTGTGCTGGACACATTATTACGCGTCGTACATCATAATAGTACCGCAAGACCATCTTGTAGGCGCGTCTATATTTCCGCGTGATATGCCCTTGGCCATCGATGCAGTCCTGTACTCCGGTAGCTATATGAA,1099,45.5,Saccharomyces cerevisiae
SEQ_125286,GGACCTCTGAGGGAAAGGTCCACGATATGGATGCGGACGTTTGTAACACTTCACAGCTTTCCGCAACATCGCGGTTCCAGCCCGCTGCGGAACAAGCTGCGGCCCTTTAAAGTTGGGACGTGAAACAAACTTACTCTCGAAACCTTGAAGGATGTGGACTTGTTTGGATATGTGGTGTAGATGACTAAGACAGGACGTGACAACACAACGAATCAAGAGAACGTATTTGTTCAGATTCAGAAAACCGAATACTGTGATTATTGGACACCTACCTTCGTGGTCATACAGGCTAATGACACTCGGCACAGAAGCAGCTTGTGCTCAAGCGCTTCATCTTGAGGACAGCCTGATAGGTTTATACATAATTCCCACTGGGGGCGACCTTCATATGCTCGGCGTGGCCGTGGACTTCCATATATGTGTGGGTCCGGAGGATTGTCCGTCTTACACAAGCGGGTGTAAACCCGGTTAATTTATACCACGTATGCACCTTGTGCTACCTAACCCAAAGACCCGCCAGGAAGGTCCGGGTCAGCTGGCAGAGGGGACCTGAGAGTGTTCATAATACAGGGCATCTTTTTGAGACTTTGCTACTGGCTTAGGTAGAGGTCCCACACATTTAACCATTTCAGGAACTCTAAAATCTCCACGTCTGCGTCTTCGCTTCAGAGACACTTAATCCAATCTTAAACGGATCGAATAGACGTTCAACTCTCCAGAATTTGACCTGTTGTTTGGAGTGAGCACCCGGCAGATACCATTGGCGGGCCAATATCTAAGATGCCCCCTCCACCAGATTCTTTGGCGATAAAAAATCTGAATTGATTACATTGGCTCATTCAAAAAGGTAGACAGGCCAGGGCTGTACCTCTGGGAAACTACATCGACCGAAGGAGGCGAGTTTCTCGCGTGGCTATGTCGGTGTATAAAGCACCTCTGTCACCTGATGTTGGGCACAGCGGGCATGCAGCAAAGAACAGACCAATAGTAACGCAGATTCCAACTTTCCAGACCTTGAAGTAATCAACCACATTCGCGCCATGATATCACGGAACCCGTTCCATGCATGTCGGGAAGGGCTGATGGCAGGCCGCGAACGGGTTCTTCAATGACTACCTCTTTCATTTTGGCGAATGAGGTTGGGTTTAGCTAACTCGGGCACCGTTCCGAGCTTTGAATGTGTATTCAGCTCGGGTTCTTCGTGCCGAGCAGCTCCTATTCAAACGCTGTCACCTCAAGACTTCCAATGAAGTCCCTTACTCGACTATGAACGGAGTGCTGATTCTATCCCGGAGGGCATGGAGAAATACACACGTCTCTCCGAGGTTGTGCCGAGCATGC,1341,49.44,Mus musculus
SEQ_954075,ATGCCCAGCCTTTCCAATTAACGACTTCTCTGTCCCTCTATACCTTGTTACTTTAAACATTCCGGTTACAACGCCATCCTGCCGGTCAACTACTTCTTATGAAACGTGTGGGAAAGCGCTTATGAACACGCGTCGCCGCAAGCCTCCAAGACTCGTCCGTTTAGGTAAGGCTACCAGGCGGCCGATTCCAAATTGTCCTGGAGGTCACGGCTACGGTTCGCGTTCGGCCTGAGTCCAGACCCAATATGGAA,251,51.79,Homo sapiens
SEQ_836565,GTCGGCCCTTGGTTAGTAGGTCAACTCGCTATGCTGAGCGCTACTGAATAGGTCAAGAGCGTGGTGGGATGGGGCGGGGGGATGTACTCACTCGCCTCTCCCGAGGCCTCTAGACCAGTATGAGCAAGAAACCGATATGCTACTTGCACGTTTTAGCGTCGGACACACTATGTTTGGTTCACTGTTACCACTGAGGCCGTACCCGCAACGGTCTCAAAGTTAGGCTCCCATTCGATTCGCCACTCGGGAAGCAACCGGGGTAACTTCAGTTCACTAACATTGATTTGGAGACACGCATTTAAGTGAGAGGATCACCGGGATTATACAGAGCACTCCGGCTATCCAGCTGGCCTGGCGAAGGGCCGCATAAAAGGAGTAAATAACAGAGGGCCCCGATAATCCCCCAATCGGGCACCCCGTATAGGGCCTTCCTTCCACTAGTGAATCGGTTTTCGGATGCATGAAAGAGAAGATATCACTACTTGGTATCACAGGATTACGCTTTGTGCGCCGTGTCACAGCTAGTAGCATAATTCGTTGCCATCCGGCAAGTGAGGAGCCGTACATAGGACAAACTTCCGCGTCATCCCTTTCTCTACTAAAGCGAACATTATAAAAGACCTTAACCGACGGCGGGTCAGATGCCTCACGCTGAATATCGTCCTCAATCTCGTCTTTAGCTGGGTCTGACCCCCTACTCGTGACACAGCCGTCCACAATGAACGGCCTGTGGGGATTGGTTAAAAAACTCTTATGAATACGAGCTCTTCTGCTACTTACACGAAATGTGCACCACGGCAAGCCATATGTCGGACGTGGTAGCTAGCGCCTCGTTGGATATAATGGCAGATTAGGGTTTTGGCGCGGCTTAGACGTGTGTTAACAATCAGATATGGTGGGCGACCGAAGCAGGATGTGGTTATATCGGAAAATGTGATGCCTACGTATCTTTCCTACGGACCTGTGTTGGTATCTGTTCTCGTTGGTGTTTCTGTATGGGTTATGGTGGTGGATCTCAAAAACACGGGCAGGGACCTCCGGAGACCTCATTGTAGGGGTCAGGCAAGACTTGAAACCTATCCCCGGACGACAGTCGGTCAACAGCAAAGGGATTGCCCGGAGGTGATCGGATAAGAGACGGAGAGATGTTCCTGATAATCTCATGGCAGATCTATACTGTCGGTTATAATACCCGGCACTCAACAACAGTTGCATCCAAGGTTAGCAGATAGACACATGAACCCACGAAACTGTGACTGGTAGGTTATCTCGACTAAACACGCGATCGACTGTAAGCTGAATCAGCCGCAGACGCGTGATGGTCCAACAAGAACCTGCACCGTCGGCGGTAGAACCACTTGCTTGAGCCTACTTTTTGCCCGCGTCCATTACACCGACTCC,1401,51.03,Drosophila melanogaster
SEQ_812385,AGTGGAAGTCTGGTCATAGATTGGGCCGGCAAAGCGGCTAATCGTCGGCGTGCGAAAATTCCTATAAAACTCCATGAGCCGGGAAGAAGGAGGTTTCGGTCGACTTTTTTACGCGAATCCGTGTAGCCAACACACTTCATATACAAAGACTAAAAACCACCGCACGCAACGCAAGGGCTAGAATTCTTAGATATTGCGGTGGAGCTCGAATTTAATGACTAAGACAGGTCAGCGACTTCCTCAGTCACCCGCCTAAAGGAGATTTGCTGGGCACTATTCTGAGGGGCTAAGCTTATGGTCGAGTTACGTGATAATGTACTTGACCACGTTACAAAAGTGTGAAATTATCCTTTCTGTGTGAATTGGGCTTGGGCGTTATCCAGAAGCACCACTATTCAGAGTAGCTGTTGCTCGGAGGCGCACACACCATCGTGTCTCTATTTTACGTCGCTAATCATTGGCACACACAGTCAGAATGAGCATTAAGCGGAGTGTCAAGGTGCGACCCCCCGCCAAGGACCCAGACAGGATTTATGCGCGTGCCCGCCGCCTCCGGGCTACCCCCCTCCTCAGCGCGGAAACATTTAAACACTCAGTTCTAGAAGACAACAGGTCTTTGGGGCCTCCCTGCGAACTCAGCTTTGTCCTCAGACTGTCTCGGTATTTGTGAACAAGAACACCCACTCCCCGTAACAGAAGACGTTCTCTCTTAGCACTCTGTTCCCGGCTACACTCAGGTTTTCATTCCCTCGACCCTTGCCCTGTCTCTTTCTAGGGAGGTACAGTCGCGTGTGCCCATATGTGACGGCGAGACATGTCCTATTGTCGTATGAGGCAGGATTGACATGACGCCTGTGTCGCAATACAGACGCGGGTGAAACGTGTAGACCGCCGTAATCTCAATGGCGGTTATGGGCTTCGGAAAGGGCAGAAGGCGTGAATGGAAGCCGCCCCTACATCCTACTTTGCCTTGCAATGTGGGTCACATTACTAGCAAATATTGCAATGGATCCTGATACGCTAACATATGCGGTACTATCTGTTAGGTAGTTAAATCGCGGCGAATCCGGCGGGCTAGTGAAGCAGTTCAGTCACCCTATGAACGGTACATTGATACCTTATTTCGGTCGGTGGCCCATCTGCTCGCTTGAGCGAGCCTCTTAGCACCGCGACAAAGTCCGGGCCGTCGTATAGCATTCT,1200,51.0,Arabidopsis thaliana
SEQ_167046,TTCCGGACAGAGGAGTTGAATCACGGTCACAAGAAGACAATAACTACATCCCTTGTAGGCCATCTATACCAAACTCCCCATGCATCAGGGTTAAAACATTTGCCATTACCTACGGATGGGAACACTTAGCGCGAATCGAATAGAACGAGCATTGAGATAGGGATTATGTAACAGAGACCTAGCAACCTCTTTTAATTGTTCGCACTTGGAGCTGCTTAGCGGGAATGGACCGTACCAGACTGCTAGTATCACTATCAAACTAATTGATTGGAGCGATAGCTGCAAATGTGACCATAAGATACCTCATACTGGATACACTACAACTGAACAGATTACCCGGAGAGGTTGTTAGAAACATCACTGTCAGACGTTCCTACTCCCAGACTACACGCCGCAACAGATGCTAATGGGTCAGTCAGCCTTTCTTAAGTGAAAAAGTTTACTGGAAGGCACCGACTTATAAAGCGAAATGTTAACCCCCTCGCTAAATCTGCCAGGTAACGTGCCAGGATTGGAGACTCGTTGCCAATACGGCCCAACGTGCGGCCGCTTACCATTATATAAAATCGGGATACTACTACGCTCATTTCCTGAAGGCCCACTACATAGTACCTAGAGAAAGGCGTGTTCAGTCGAGGCGTTCTAAGATCTTACACTAGAGTAGCCTCCAGGACTATCAAGGAGCAAGTAATTCGCAAGTATACATCGAAATTCACCAAATATAGCTAGGGTTCTAAGCTG,741,45.21,Saccharomyces cerevisiae
SEQ_225332,GGACTCGTGACGTCAAAGGAATATTCAAAAAAGCTGATGTTAGGGTCGCACGAACCCGGCGCGATTCTTGGACTGAGCATCTGAGGGCGTAGAGTCAAGGAGTCAACCCCCAAAATATCTTAGGCGGGTTCGAGGTTGTATGGGAACTGGTACCGTAAATAAGAACGCGTTACCAGTCAGGTTATCTGTCCGCACAGCCAATGGGCCTATAGGGCACGTCTGTTGCTAGCAATGATCTTCATGTTTGTTCTGACAATCCAGCTTAGAAACGAGAACCGCATGCCATCGACAGGTCAACGAGGCTTGCTATGTTGGAGCGTGGTCCCGAGGCCGGTCCGCAGGCCAGTAACTATCCCAGCGGTTTCGCGAATCCGACCTAGGTCCCATATGCGGATACCGTCTGTCGCCGAAAGCATCGTTCGGAGTAGCGTCATCCACCGTGGAGCTTAATACTATCGCGACGATGAACAGATCATGACAGGTGTAAAACTTAGAGCATAAGGTTCCTCCTGCCTTCATGTGTGGTTAGACAGGTCGACTATAAGTTCCTTAGTGAGAAAATTCTAGCTGGCCCTGCTGTGGCAAATCACGTTAGACTCGGCGGGAATGGACGGAGCGACGTGTATCGGCGTCACACCCTAATCGCTGTAGGGGTTGTCTTGCCCTGGTCAATTCACCTAGAATACCTGCAAACGCCAAAGTGCTCTTTAAGCGTGTCAGATATACGGGGTACGATTTCATTCGCGACGCAGATGAGCTTACCTGACCTCAAATGTAGAGGCTGAGATATCGGCATCTAGATACGTGTAGCCGACTATGGAGAAGAAGCTCAGCTATACACGCTACATACAACTCGAGCTATGGACGAGATTCATGCTTACTATACAGCGACACCAACTAGCCCCTAGGGTACGAGGGCACATCGATTTGGGTACACACAAACTTTGTTCCCGGTTAGTTTCAACTTATGGCAAGTATAAACGTACTCGTCAAGCCTACTGGTTAGAGGGCTGGTCAAGCTATATAGCGCTCCACGGGGAGACACACTATGGTAAATCCTATGGGTATGGTTGTTGGATGGTCTGAATACGTGTGCACCCGATCCGTGGTTATGCACGTGCCACATATGGAGGGTCAAGCTCTCAAGTCGTTCACAGAATCTCAAAACCAGAATTCAAGGTCTTTCGCAGGTCTCATATTACTATAGCGGGCAACCTGCCGTCAAACTCGTAAATTGACAATGCCCCACTTGTCCAATGACGGCACCAATATGGGAGGTAGTCCTTTGATGGGGACGCGGGTAAGTTAGTGTGCCACTCTATCGAGTCGTTAACAGGATTGTGGTTCATATATGAGCGATGATCCTAAAACACGGCAGTTGAGAGGTTTACCTAGACC,1398,49.64,Homo sapiens
SEQ_961187,CTCGCTGGCGAACTTAAACGATACAAGCACCTAGGCTACAGATGAGGTGCAACGGAGTTCGGTAGTCGGCATGCATGCTTAGTTTATTTCATTACAAATTATAGACTTGACGTGGGCTCGTTCTTTAGGTATGGTAGTCTAGCTGAAAGAGTCCCACGCAACAAGCCGCGCCGGGTGGACTTCAGTTTTCTCAGCGGATATCGTCCTCTCGGCTCTATCACCGAGAGAAGACGTTCAATCAAAGGTCAACCTACCGTTAACCCCAAGCCCGTGTGTGGCGGGGGGAAAAAAATGCTGATGTATTAGGGCTTTGCACTAGTAGGATGAAGACAGCGACTATGCACTAAGCAGATGATGCCGTTCGTTCGTCGAAATGCTTGCTATAACTCAAGCCTCTTCCATCGAGTTCGATCAAACTTGCCTCGCGCCTCTTAATGGACGAACCTAAGCGGAGCGGCCGCCCTGGTCTTCCCACTCCCTTCCAGGTGTGGCCATATATCCCGTAAAGGAGCGGCATGACTCCTACTCGTAACTCGCTTGAATGTGGGAATTAGTCCCATTGTTATCATCCAGTCCGTGCCCGAACGATATCGAATTAAGCTGTGACTCCCGGGCCTACGTGCGACCGGCTTATACAAAAGTGATTACCAAAGGAAGAGGAACCACTTGGCATACACGTGAACATTAGGATTATTGAGGAAGGCTTTAGAGGGGCAAATGGTAGGCGGACCTCCAATGAAGTGACTAGCAACTGTCCAAATAATATCACAGCGGTACCGAAACTAACAATCGCGACGATGGCGTTTGGCACCGGAAGTAGAGTGGCCGCCGGGGTAGACAGTTTATAGTTAGAAGCTCAAGCAGGAGATTAACATTTCATGTCGCCCAGGCATGAGGGTATTAAGAAAGCTTTGGCTTACTTCCGCGTGAGCAATTGCATGGGCCTTCCACCACGGGAACTCGTGGCAACTTATAGAGCGCGAGATGGTCTCTTCTCGCTGCACACCCCACGTTTGAGGACACACACGCTAAGGACGAGCCGGGTGCTGCCCAACAATTCGCCCGTAAATACGATTAGCCAAGAATTGTGGGGCAGGACAAAGTCACCACTGCACGAAGAGTGGTATGACGTCGAATTGTATTACTTGCCACCACTCCACAATTGTATCGTAAGCATTCATCGTATCATACGCCTTGCTTTTACGGCCAATGCAGGATTAGGGATAATAAAGTAATCTGGCGCACGTGGTGGTG,1254,50.0,Arabidopsis thaliana
SEQ_547806,AGACCCAGTGTAGGGAGCCTGATTATCTTCCGACGCTTACATGTCGTGTGCATTGTGCACTCTTGATGGACTCAAAGAGACATAATACAAGGAATTGATCAATAAACTCGAGGATAGTCCATCGTCCGTAGGTTAAACGAACTAGAACTGGTTATGTACCCTTGTCGCGTTACTATTAAAGACGCCACCAGGGGAGGACAATTTAAAACACCTTCTCAAAAACTCTCCGCTAACTTGGAATCCAGTTTATTCTCGCAGGTGTCGGGCAGGAGAGGAAGCAATTCGGAG,288,45.49,Saccharomyces cerevisiae
SEQ_936608,GGCCACTGCACCCATCAAACCGTCTCCGTCTTTATTCCCTCTATTTTGAGAATAGCAATTCATATAAACTATCTCAGGAAACTCTCACTACCTTATATCCCACCACCCCTGACAAATTCTCTACGGACCGGTTGCAATCTTTGGTCCCGTCTGCTCCTAGGAGTCCGGAAATGTGCCCGCCCGCTTGGCCGGCTTCTGTGGCGCGTTTTTCTTCCATTTACGCTTCAGCGGTGACGTGATTGGTTTGCTTGACACCATACTGGATCCGACCACTATACTAGGGATATGAGTCTCACCTCCTATATTAACTTACTTCAACATGTTTTATGGACACTTGACAACTTAGTCTAACACACAGTTCACTCACCAATAAATCAATTATCTTTCTTTTTTAGTCCTCTATGAATGGCTAATTATACGGGCAACCGCACTGATGCGGCTGTAGCGCGCGTACCCCCACCACCATACTCGTTCTGATTTGAGATAGGAAGTCAGGTTTTAAACATAGAGCGTCCGCGCAAGTCGTTCCACAATTAGAGGGACGAGTGAGCCTCTAACACGGGATGCGCAGCCCGAAGCGCGCTCGGCTATTCTGGTGCTGGCGACTCCTTAATGGATGAGTACAAGACAGCAGGCGTGCGCAGGCACCGCTAAATCAACAGGGCGTGCCTCAATGAGGAGCGGTAGACCCCGTTTCTTGTACAATGTGCGGCCAAAACCCACCATGACTCTTATAGGTCTTGTTAATAAAAACACCGGGATTGTCCACAAGTGTCCTCGCCATGTTACGGACTCCCCGTGGCCGGCTTTCCCGAGAGAGGCGTGTTCTCCACGGTGGTCGAATGGCGACACCTTCGTCTCAGTGGACAACGATCTCGTGGACCTGGGTGGAAGTGACCGTACTTCTACGCCACAGCAGACGACGGGTCGCTAGCAATTTAACGTTGCCTCGTACACCCCGGTGAATAACGTCTTGCATATTTTAATTGCTACTGAGCGGGTAAACCATCCAGATGTGTTAGCAGGCCTAGGCCTCTGGGTACTTGGACTAGCAGGAGTTTATAGCCTTAACAACGAATAAGTCGTTTGGCTGGGGGGGCCACGCGACTGGAGGGCTCAAAGGCCGGCCGAGACTGATTCCGCTTCGATCGTTGCACTACAGGTAAGAGCGACTTACAACGTGCTATCTTTGCTGAGTTAGGGATGGGTTAGGGCAAGGATCGCTGACACGCAAATATTGACTGAGTTTGCGCTTGGTTTGTTTTAAATGCCGGTTATCGCTATCGCAAATATTAAGACCCT,1302,50.31,Homo sapiens
SEQ_645165,ATCTACTTTTGGGTAATCCGTTAGGCTTCTCTTCGGATGACGCAATATATAATTCCTGACAGTGGTTGGGGCAACACCACCTCATCTGGCTCCCCCTTCATCCAATACCATGGCTATACAACACCGGGGTCCGTTTGTAAACACGACTTCGATGGACAACGAGGTGCGACGGCGCTGATCCTCGGCAACCGATCTAGTCATAACCTGTAGTACGCTTTACGCATGCAAACGCAGGCTATGAGGCAACTTGTGATGTAATGTGCTGTGAAAAAGACCTGAGCCTTTCTCCACCGCTGTCCCTATACGATGTGAAGGGGGGACTTCTAAAGCCAATCGGTAGCTGCGTCAACCCGAACTGTCAAACCCTCGTCAGCATGGTGAAAGTGCTTCGATTGAAGCTTTAAACCTGCCATCAGCCCTTGAGGTCTTATCATCATTTTTGTAGACAGTTCCCTCTTTACGCGTTCCTGGTATTTTCTGACAAGCCGGCACAGCGTCCGGAGAATCCATCTATTGAAAGCTCCGTCTCAGCAAAATGCCTCTCTGCACGTTCGGCCACGCAGTTCTGGTTATCTCGGGCGTACTTTTTCTGCCGACCGAAGCGCGGTATACGTGTCTGCCATTTCAAACAGATGTTATCTTCAATTCTACAGACCGTTCCACTATCCAACAGGTTGTCTACACAAGATCTACGCCGACGAGAACTACTGTATCTGAAAACCTCCAGGACCCTTTCCTGTTACAGACTCATGTACTAAAACGGCTCCCGCATCAAGAAGCGTATAACGACGCTTAACACGGCCCCGGCAATCGTATATCGTTCACCAGGATGACGCCGACCGTGGGGAGTGCCGACATGGTGGAGATCAATAAGCTATTTAGGCGTACTCCGAAAATCGAAATGACGTACCGAGATTGTACGTTAAAGCGGGTCTGGCATGGATCATCAACTGATCCGTCTCGTGCGCTAGTTCCCCCATACTGGGATGAGCCTTCGCACGTCCGCCGCTACTATGTGAGCAATGCTGCCATTAAAAGACTCTGGTATTGGGGAGTTGGGGGTGGAACCTGAACGGTTTCGGTGGGACATGTAGCAGAGGCGACAATAAGTTCATGGCCGGTGCCCACCCACAACGAGAAGACGTTTACGTTTGTACCAAACGGTTTGTAGACTCCCTAAATGGAACGTCGGGTGGATGCGATACCGCTGCCTCCAGTCCAATATCTTTGATCGTGAGGAATTGAGAGATCTGAGTCATGGCTCGTAGATCTTAGCGCTGGGGAGATCCTATTGAAGGATAAGGGCTGACAGCTGTCTACGAGCCCCAATCTTTTGTCTACGTTGGCCCGGACACGAAAACATCAGCAAAGGCGGTTTTTGCCTCTTCTGCCACTTGGAGGCTGGAATCCGATCTGGACGGTGATCATACAGGTGAATCCCCTAGGCAAAGGAGCATGTTGATGTCAGGCACCTTGCCA,1479,50.57,Drosophila melanogaster
SEQ_153013,CGCCTCCGACATGAGTCCCTCGGCACACCGGACGTAGCTCTAAAACATAGTACGCCTACACGCGCAACCAGTGAAAGTTGTATCCGTGGCGAGCGGTCTCACATGAAGTATCAGAATCCGACATAGCCTCTCTTAATAATGGAAACTTACGTTTAACATTCTGGTCGAACAGCGGCTACAACTAGGCAGTGAGTATAATTCCCACGTTGTTTTGCGCATGGATATGTGGATTATAGACAGGGAATCTGGACCGAACTGCAGAAACTATTTAGTTGACATCACAGCTCGAGTCTCCGAAACACTAACTGGCCCTCCATATCAAGGTTTTGGTACGGCCGAGCTTTACGCCGCGCAGGGTCATTCAATGCAAGGGTGTGAAACCTGACGTACGTCGACCGATTCCGTGGTATCAGCGCGTTACTGGAATTCCGTCGTTTACAATGTCGTTAGAAACCCAGGCCCACTAAAAGGGCTTGTATTGCGGCCACCTACAGAAAGTATCCAATAGAATGAATAATGAATTGGTGATGCCCGGCTGTGATAAACTAATGCATCACCCGTGCTGCAACCCACCGTAGGACACTTTCTCCTTGTGCCCGATAATGTACTGGATTAATACACAACATATGCACTCATCAGGTACGCGTACGCATAGTTTTACGATAAGCCACTGATCTGCTACGGCTACGGCCCTGGCTACACCATTGGCTCTGATAGTCTCGTACTGAGCCGTCTGCACCGACCGCTTCTCGCATTAACCATCAGATCAAAGACCTGTACAAAGCCGGTTCACCAGTATGCCAGGACTCGCGCAGGGGGACTGAGCAGCAGGCGGTCCAAGAGACACCCCGAAATCCATTGAGATTGGTCTGGAGCGATGCTTGTAAATGAATTTCCGTCGGGATTTCTATAACAGATGAATTTTAGCTGGTGCGTCCTGTTAAGATGAGCCCTAGATTAATCCCTGTCACGGTGCGGTGTCCTAAGATCCACACATCTTCATCCACTTCACCTCGGGACATTCAGTCCCCACATGCCGGCTACATAAGAGACTATCGAAGCGCTGCTCTCGTATTGCTACTATCAAGCAACATCGTACAAGAGATAATGTCCCTTGGTCCACCATGACAGTCGCCGACTCTCAACAGATCAATCAGTACCTATACGAAACCGGGTGGGTACTGTATCTTGCGCCGACTTATGAAGGAGTTGCTCTGCAAGTTCCCGGGCACCCGATTGTTTTTCGTAATCGTGTTTCCTTTGATGGCTGCTTCCTTCGACCCATTTCGTTCCTCTGGGTCCTCGCACGTCCAGCTATCTATTGACAACCTAGCAGGAATGACTGCATAAGTCCGGCAGGGCCCATAGTAGCTTCAGTGTTAGGGCGAAGTGGAGCTCAGGACCGATTTCTGAGTCGCGCAGGCCGGTTGTTGGAAAGACAAAGATGCTCGCCTAAAGAGCTCGTCTAAACGTCCAGTGAGGGACCATCGCCACATTGTGTCTTTTCAACATTATTACCAGGCCCGGCGGTAGCCGGCGCACCGCCCAGGTGCACTAAGCAGAGCATAACCGTCCTATGGCCGTAGAGAGTGAGGGGCAGGCTTTCCTTCTGTATTCTCTTGATTCCACATTGTAGGGCGGAAAACCAAGGGATGAGTGAATTACATTCAAGTGATCTAAGGGGATCTAAAGCGTAAAACTGGTCAAGGAGAACGATACATCGAGAACCGGCGCACCACGGGCCGCGGCCGACTGTTTACAGGCCACCGCGACAGTAATGCACGTTTGTGTTGAGGACCCTTTAGTAA,1808,50.39,Drosophila melanogaster
SEQ_842495,CGCGAGACCAACTGGCGCGCAGTCCTACCTCCCTCAGTTTACATGTAAGTTCGCTACGGACACACGAACTTTAAACCGTCTCAGAAGGTTATATGTTTGTGGACGAAAATTCCTCGACCTTTCAATCGTAAACCAGCCACTAGTTGACGCAAGATGGAGCTTATTGCCGCAAGTGCATTAGTTGATATTTTCGACTGTGAGGCATCAACTGTTATCCCAGCGCAGTATGCAGATATCACACTCGACGGCAATAATAGGTGGCATTACAAATTTGTCCGACTTGGTTCCTCTGTGCTTAAACTAATCCGACCAGATTCCCGTACCGGAGGCCGCGCCCTTCCGGTCCAAATCTTGAAACATGCATACTGGTGAATCTTATGGCTCAGTGAACGATAAGCCGGTGGGTTTCAGAATTTGTCTCCGGCAGGAAATACCTTTTACTGCGTGAAGGGTCTCGGTATCCTTCTCATATTGTGAGTGGTGGGTGGCTAGCAGTTACTCTATCGTCGGCTGTAAGCCAACTGCGTTACCCTTTTTAACGCGGCTACATACGTCACGTATAACCCAGGACTGACCTAATCACTGGACTGCCTTATAGCTGGTGAAAGTCCACCGCATAGCTCGGCCAGCAAACCAATATTATTCCGCACGATGGCCTTACTCAATACATGCGCGGAGCAAGTACTGCAGCTTCACGGGAAATGCTATATCAATTTGGTGATCAAACTTTGGGAAGCTGTGCGGAGTACGGTTAGAAGTGACTTGCGTGGATCAATCTCCCTAATGCGACCAAAACGGTCCCCAGGGGCGGACTCCGATACTGATTTCCATAGGAGCAATGTGGCCTCGCAAAGTTATTACAGGTCCCCGGCACCGGTCTCGTAAGCTGCGGTTTATACCCCAGAGTTTCGCCAACTTCGGCATAGGAAAACCTTCAGATTTCCATGTGTAACTGTATAGTAACGTGCGCGTGCGGATAACACTCGTAATTGCTGTTTTCTGTTGTAATCCTTATGCTTCGCAGACTAGTGTCTCTCGGACCCTACTAATAAGCAATTCCTGCTCTATGAGCCACTGCTTCACGGCTCTTAGATGGATTTGTCCGGTCCACTGAGAGTCTAGACCCGTTGCATATCGTATCTGAGTATAATGGTGGACGCACAGAACGTGTCAAACCTGGGGTTACTTGTCTGGACCATGCCGGTGAGTCCTGATTATGCTAACACATTCATCAATTGCTCGATGACCAACAACCGAAATACGGTACGCCATCTTTTCCCGAAAAAAGTTGGTATGGGAGAATTCTAATAGTGCGCTCTAGCGGTTAGCTCTCGTAAAACGTCGTCACCGCGGACTAAAATCGCACAGTTGAGACTGCGTAGAACGGGGGCTCGCGACCCCAAAGCAGATCCTTCGCAGATGTGTCCATTGCTGGTCGACATCCCCCTCACCTTGCCACGGATAAATAATTACAACGCTATTTATCCACCGAGTAAATGTCCCTTGACTATAGATGAGTAAGAACGTGGGCCCCGGCTCGCGTATTACCGCGGCA,1555,48.87,Escherichia coli
SEQ_664797,CCCATACGGCATCGAAGTTGATTCGATGTGCTTAGTACCCGGCCGTGAATACACTCTGGACCAAGCATAGTATCGCTATCAAATTCCTGTTAGCGCTTTAGACGCCATGTGGCCTGAAAGCACAAAGGAGTTCTAACACTACACTTTATGGCAATAGTGCGCGCAAAACCATCAAAGAAAATTCTTTTTACAAAGCCACACATCATTCTGAGCAGCCGAACTCCATACTACTTGCTAGGAAGGTAGCGATCAAAGCTGAGGGACTTGGCTTGAGCTCGCAAGAAGGGCGCGCTCTGTCCGCTCTAGAGACTCTGCCCAAGAGAGTACCAAAGTATCGAGTAATGTCGACGGGCGTGTGATTCACCTAAGCTCGAGCTTTAACGCAAGCAGATCCGCGCACGAAAGGATCGCAAAAAGTATTTAATGCGATTTGTGGTCCTGATCAGCATCACAACGCGGCACTTATCAATCAACGGACCGTTGTTTTTTCGACTTCTGCGCGGATAATCGCTTGGGGCGCGGCGCGTATGATGATCGAACCTAAGGTATTGGCAACAAACTGCACAGAATCGCTCAAAAGTACACGCAGGGTGGGCGATTTCTGCACCTGTTATCGCGACGTAACGCTCCCATAACCTCCATCTCCTGTCTGATATCAGTTAACGTTAAGACCCCTTGGAACCGCGAACAGGTAGTCGGCCATACCTTACCTAGTCCCCCAATACCCACTTCAAGTTCGATAGAGTAACGCGCTTTAAACTTGGCGAGTCGAACCCAAATACGACTCCCTTGAGAGGAACGAAGCCACATAGTGTGATCAAACACGGTAGCGAATCCGATCCCTGTCGACCCCGAAGAAGTGCCCTTTAGCGAAAATTGTCCAACCTTACTACAAGTATGCACTGGACCCCCACATATCGTCTCGAGAATTGGATTCCATATACCGGTGGAGTGCAGCTCAACTAACCCCCTAGGCGCCCCCTGGGATTCTGACTATTGTCGGAACTATGGGTACAGTGGTTCTCATGATCCTATTTCCAGCTATACAACGGCAGCGGTTTAGGATGAGTGCAATAGTCCTGCACTGTGGTTGGGTCAACCGTCCGGATGGCACGTGCCTCAGTTAACTACATTGAAATTGTGAGGGGGCATCGCATGTGAGTGGCGCGTCGGTCATATACGCTTCTTTCGGGGACAACCGACAGGTGGGACAGCATTCTCTACAGTGGCGGTAATTGCCGTGAGCACTTTCCCTAGACTCCACGTGCACTATCAGGAACAATTGAGATGATCATGCGGGGGTGGACTTGCTTAAGGCTGCTATTTAAG,1329,49.96,Drosophila melanogaster
SEQ_124433,TCTTTTCATGTGCCATGGCTCAAAGGCAAAATCGAAGACTCGGACCGCCTAAATCGTGGTGATAGGCGCCTCAACGGCTGGTCTCTTCCACATACCTCGCCGAAGTTTCCTCCGCAGCCAGTATATCTACCCTTCGCTGAGAAGGGTATCAGCAAGTCAATCGGGAGGAACCCCGATGGGTCCAACGACACTCGTGTTGCGGAAGAACCTTACCTCATCGACAGATAAGCACATGAATCAGTAGTGCTTAAGCACAGTCTCAACGATGAGTGTTACACATCTGGGTCAACATCTGGCTGGCGCTAAAACCGAATCGATAATCAAAGAGAGTTGAGCGTCAGGCATCAGCGGCGGAAGGCCCCGCACCCGCAAAATACCAAACCTAGCCCTATCAATACCTTGGTTTTACTATCGTTCGGTTTATTGCTCACTCCCGGAAGTCACCCTTCCAAGGCACAATGGCCTGGCGCTGGGGTCAGAAGATTCTGGCGGAATAAGGCCAGCGTCCCACTCCTATTTTTTGTCGAATAAGAGGTGCGACGTTGTTTCGTGTAGTTTGCATTGAGAGACAGAGGACGAGGTTTGATCTTCTCGTATCTCTGTGCAAGGAGGCGTATAGTCTCCAGTGGTCACAAGGTCTTAATCCAGTACGGCTGTACCGATGGCGCTTAGAGAGAGGCGATGACGATCGAGATATCAGAGATGATCCGATAAGACTTGCGGACTCCCTTCTGCGGAGATTCTCTCGTGATGCCTGCTCAACATCCACAAACTACGCAATTTCAAAACTCCACTTATCCAGACATAGCATGAGCTTAACAGATGCGCAAGTTCAAAGAATATGTTCCAAGATTGCACACGGCCGCAGATGGTGATT,877,49.94,Drosophila melanogaster
SEQ_569037,CGACTAGGGCAGAATCGTAGCAAACCTCCTTCAACTGTAGCAGTATAGGCGATGCTAACAGCCTGCTAGCCGCATGGACGCTGTTGAATACAACTCATCTTCTTTTGTCTAGCCAGTAACGAGCTAAAGGACGCAAAAGATGTCTCTGCGCTGCTACTCTGTCTACTTGGTTTGCATACGGGCATATCTTCTGCCCAACCTTCCTACCTCCTATAGGCAAAGGGCCGAAGTAGTACCGAGTAGCTCCATTTCACTGATCGTCTGAATATCCTCATGGGTCCTCATGCTCAGTACGGACTCTGAAGCAAATTGTAGTGATTGCGATTGGGGACACCATCCAGAAAGCAAGTGACCGCGTCTCCGCCTCGTTGGTCCTGACCCTGAGCGGAGGTCTCGATCACGATCGTTTTCTCGCTCTGTCTCGCCGCGTCGTACCTTCTCTAAATTCGCGATTCTTGAATGCGGATTTCTGAGTGGCACTATGAGTGTCGCGTTTCGCCAACGTACCGCTAAAATTGAGCAGCACTTGGGAGTGACCTTGGGTCACAACCTTAAGACTCAATATGATACTTGACGCCAAGTTAGGACACCAGAGGAAGTTCCACAAATGACGATAACGTGCAGCCGTCCAGGACTAAAGATACTGGGGCCTGGGGCACCGCCTTCAGTGCACATCCGCGCTCTCTGCAATAAAGTCTAACTACCGAGTGGTAATGAAATATATCCTCTGGTCAGTAATCCGGAATGGCGACGTGGTGCAAGTAAACACCTTCAAGAACTAAATCGTGTAAGACACATAAGGTTGCACCCTTGGTTGGAATGGAACGACCCATTAGCTGGATGAACAGTTATGTTCAAGTACTACTTGTTTTTGTGCAACGCTAGTGGATCCGGCTAAGGTATCGGCAAGGTCAGAAAGATCCGGCTACGATCAACCGTTTACTTCCGCAAGGGTTGATTGCCGGCGGTGTTCACGTTAAGGAACACCGAACCCCCAATACTCATGTTCGGACTGACGAGCCAAACTCTCCATAGTATGAATTGCACACAATTTTGTTGCTTTAACACTCCGATTACTGAAGGCACTAATCGACTTTTTATTGGAATCCGAACAAGCTGGACGCGCGAGTGCGGCGGGAACATATGGAGCGAGACTTTGGCGTGGGTGTTGTGGCGATATTCATTCGGCATGAGTGTAGATGATCCGCCATGACAGCCAAGAGACAACCATACATGGACGAATCATACCGTGAAGCATGGCCACCAGGCCGGTCGCTTCCTCCAAGTCCTTCTGGGATTGCGGCATCAAAGAATGGTATCGTACGTTCAACTCGGCGCCTAGTACGTTTTAATATGCTCTGGGAGTATTCGAGAGGGTACCGGGGTAGCGAAGACGCGTGGCAGTGGACACTGTCTCAGTAAAACGCGTTGTTCTCTACAATAGGAAACGTCATTCGCGGGCGTAGTGGATTCTCCCTCGAACAGCAAGGACGGGAGTCGGTTAAAAGGGCATAACTCAACATGGTTTCTGTTTCTGTTAACGCTCCGCGCCTCCCGAGTGAGCCGCAGTCTCTTACTAACTATCGAAGTAACATTTGCAGTAGACCGGGGCGGTGGGCCCGAAGGGGCATACCAACTGAACGTGTTCAGATTGTCGCAGTCGCGTCTAGGGGAGTAGTGGTGGTGTGTCCTTTACGAAGAGCACGCACAGACCTTTGACAAGTACCACCTTGATAAAATTTCTATCGTTCTGTCATTGTTTACTACCGGCTAATACACAATGTTGTGGACAGAGTGACCTGTACCACGGCAAGCTCACCGTGTTGGGGATACCACAATACCAGTGTGCCGGT,1853,50.08,Mus musculus
SEQ_169066,GACTGTATGTGTCCCGTTACGTTAAGCCCCTAGTAGGTAATCGCCGTAGCACCTAAAAACAGCGAGAGGTGCGCACAGTGGATAAGATTCGTAGACATTTCGTCCGTGCGAATCGAGGCCTACGAAAAAATTTAAAGCCATTCTTATTATTGTCTACAGCGGTCCCTACAGCGGGGGACAAAACACCGGTGTACCAGAGGATCTCGGTTAGCCTATTGATTGCCGACGTCCCGATTAGTCTTTTTTCCCTCTACGGTAACCCTGCCCACCAATCCGCACTGGCGCTCCCCTTATCTCGTCAAGCATAAGATGAGAAATAACTGGATTCCATTCCCGTCCCAACCCACAGTCCAAAATGCGGAGGGCCGTGAGCGTCTATAGCGGTCCTCCGCGATAATATTACATGTATATATTGCAACGCTAGGTTATCGGCGGCCCCGATACTTATCCCCTCCATATTGGGTCTGGCTGCTCTCTCCTTGGGGCATGCCCACGTAACAGCTACGTGGACTTCCTAAACAGCCTATCCGTATTAGATTTGTTTTGTAGCCCTCCATTGGCATTGATATTAGAGAGGCGTGACAACGAATTGGCGTGTCGCTCCCTAGGTGCATAACACCACGGGAGCAGTACAAATGGTGTGAGCCATAATGGTGGCAATGCGTGTAGAAGGACGCCCGTGGATGAATACTGTTACCAGCGAGACAGTTAATAGGGGGAAGAGTGACGTCGATGCAGCCCCTCCCACCCTAAGGAATCATCGCCTAGGATACGCTAAAACGATCCGAAGCAGCAGATTGAAACTTGTGAACATCACGGTCATCCTGCTCGCGCTGAGCCAAGCAGAACCCGGGGTTCGATGTACTATGCGAAGCCGCTAGCCGAAACGACGCACATGCTTGGGGGTGCGTTTTTTGCACCACACATAGAGTATTTGGGGATAGAAGATATCGTAGGCGTTGATTAAGACCGAGTCGGGGACGAGAACGATTTATGGCATTCACACCTATTTCTTTTCGAATGCCTGTATCTAAGTCACCCGCGTCAGCGCCCAGGGCTGGCTCGATGCACCATCAGATGACGGGCCAATAGCAAGATTGACCCACGGAGTCGTTGACGTGCAAATTTGGTGGGTACATCCGGCTGTGCAAAATATCCTCACTATGTCGGTCGTTGGGCGGGATATGTGTCGTGTCCCCGAGGATAATTGTCCACGTGGTACGTGTTCGTATGACGGTCTAAATACACATACAATGATTGATGGTGATATCACACGTTGCCCGGTTGTGGGTCGACCGGACTAAGGGAATGTTCGTCTGTTCTCCGCTCTCCAGTCATGTTTGTATGTGCGGGCGCCTGGGACCGTGGCCACGATCAGTGATTTGATGCCAATCCCTATTGACGCAGGATTCAGAAGGGCAACTCTTAAAAGAACGTCGTAACATGGAGTCCTTGCCCATGTTGTGCCATAGACCCACCATATAGGGCGGTATGGTACCCAGTAAGCCACTAGCTAATTCTGACGGTGAATCAGACGTAGCCGAAACCAAAAGTCGCAACAAAGAATAGCGTAGCATAAAAGCATTGGACGCTTTTCGCTCGGAATTCTTATTTATTGTCATTTTTCGGTCCGCTGCACACATAATCCTGCGTCGACGAAAAAACCGACAAAAGCCAAATGAGGTAAGGTTTAGGGCGCCCTCCAGAGCCGCGACCCGGCGTAGATCATTAAATATGGGAAATGGCTGGTTGATAGGTAC,1760,50.4,Arabidopsis thaliana
SEQ_485427,AAGCATATTACGTCGGTGCCTATTTGTCATTTTCCCTTCGTAATTACTTTCAGTTACTCTTTTATGTGCCCGCCTGGCCCGGTTGTGCGTGGTGGCGTTACGCTTTGGCTACCTTACCTGGAGACGAAATATACGAAAATATCAATCTCAGACGAGCCCCGTGGTAAGATTCGCGTGATCCGGTACCTTCATGAGACTTCATAACCAAATAGTACTATCCTAATCGGTGCAGTATTTCGCAGAGCCTGGGCGCTGCAGGGGAAAGAGTTCAAGTCGGCAGTATGTTTCGTCAAGGCATACTATAGCTAGTACTAAACGACCTTCCCCCTACGCTTGTCTGAGCCCCAAGAGGCTATTGGGCCCGTGTCTACGTGACTACCGCACTATTCAAATTTACTGGCAAAGCGGACGGCTGGGCGGATAGTTGGGGGTGCGAATAAGTCGGCATGCCTAGCCGATGATTTGCTTATTGAGGATCTCTCAGTATCCCGGTACACACCTCCCTTCAACTCGTCTATGCTCCTGTCGCCACTCGCAGCCGTCCTTGGCACCAAGATTCCCTGACAACATTTGGCCGTTCGTCGTGGGTCTCGCTCAGCTGGTTTGACTATGTTCCGTTTACAAAGCATGAGTCTGCCGCGTAATTAGCATGGGTTTTGGTCATTAAACGAACAGCTATCAGACAGCTTCCACGTGATACCTGACCGCTTCAGCGGGAGACCAATTGAAAGCCTTCGATCAAGCGTAGGACACATACAGTCTTGCCGGAATTCGTCGCCGTATCTTGCTGCGGAATTTTCACGGGGAATGCTGATTGCGGGAGATCGTTGGCCGAGCGAAGTGGTGTTCCACACTGCTCCAGAGGCCGGGGAGGGTGAGCCAAACGTATACAGGGTTCGCCACTGTAAACATCTGGAACAGTAAAGGTGCTACAAACTAATGCCGTCAGTACCATAGCCGAAGAATCATACCCCAAGGACACACTTCCTCACAGAAGACTCTGGGAGTGGAAAAACCC,1018,50.88,Caenorhabditis elegans
SEQ_190625,GTCCATAATGGATCCAGGACGTCGTCATCCTTAAAGCAGGCCGGTGGTTCATGGAGGCTTTCGCGGGAATGCGCCTCGTTCAATCCGTTAACCCATGCCTTATGGCTGCGATTCCTGCCTATCTTGGTATCGGCGCGCTTTTGCTGAAGGACATCGGGAAATATTGTGGATGAAACCAGTCAGGGGGCGCTTAGCTCTTGTATGTTACCCTTGAAGGCGCATGATGCCCCCGCAACGTGCGTGCCATACCACAACGAACGCGGAGTTGCGTGTTCAGGCGCCTCAAGTGTGTTTTAGCGTATTTCAAGAACTACACGTTAGTCGACATTTGTTTCTTCGTTCGATCACGGAACGCTCACAGTTTTGTGATACAGTACTGGCCTCTACTAGAAATGATATGCTCTTTTAGTATAGATGATGGTCAATGGACCGCACGTTGGAGGTGAGATTCAGAGACCGAATGGTACGCCTTGAATACTGCATCGCTTGTTGCCAGCGTATGGTTCATCTATTCTCCCAATCTGATACCCCTAGCACGTCTCCAGGATATAATATGCATTATGCATCGCATACCATGGAAAGGGTGTCTGCTCTAGACGAATGAGGTCGCGTTGTTCGGGGAGCTAGTGGCGTAGGGGTGAAAGATCGCTGTCGAGAGCTATCTATCGCTTTCAGTGATCAGAGCCAATCAGGCAGTCCAGCAGCGAGAACATCCGACGGAAAAACAGGGGGTACCCCACCCAGGATGACATTAGAGCCCTGCGACAGTTGAGAATGCTCGCAACAGCCTTATGTTTAAAGGACTAAGCCAGGCCTCTTTGTGCAAATATCCGATGCGTTAATCACTCATGCCGACAGAACAGACAAGACACGACCAACGGATCCTTTCTGAAATACGCTCTCAATTTCGAATCTCTTTTATAAACTCAGAGGTGCTCATTTTGTGCTCCAGCTGAAGTGGATCTAAACCATTGTGTGAAATTGACCGTTATCGCCGCGGTTGGCGTTAGTTATGCAAGGCCTTGAATTATGGCGCACTGACGTCGACGAACGTGACCATTCTCGACGGAACAAATCATTTAAGCTTTTATCTGAGTTTCAATATAATGGAATGCATACCGATAGGTTTGGTACAATTTTTATGCTATTGTCAATTGAGGTGGGGGGATGAGCCCTACACTTGGCATGCGGTGATGAGAGTAACGTGTGTCAGTATCACTGAATGTCGTTCCCGGCGAGGTTATTCTCCGCGGAAAAGACATAGAGATCTCCTAACTCTACTAGCGTAGACGATGCTCCACATGCCCCCTAACTCGGCAGAGGTGGGGCCAGGAGTCGTGAACGTCACGCAATAATAAAGCCGTAATCCATATTACGAATTTCTAAGGGTCGTGGCATCAAGGTGAGGTCTGTAAGGGCTGATCAAATTGATACGGTCGGTGTGATGCATCCCTTAAAGCACTTACATCCCACCTCACACGTCGCACATGAGGTCGGCCGAACA,1504,48.74,Arabidopsis thaliana
SEQ_101848,CTCTAAAACATTCCGAAATATACCAGTAACCATCCTTATGAGTAGCGAAACAGTGTAGAAATCCTTGCAGACCCATTGCGCGCGTGCACCGCCCTCGGACCTAACCAAACAACCTAGCACAGGCGTCCGGGTCTTCAGCCTAGGCCGGGACATAATAAGTAACCGGCGTGGCCTGACGTGGGCTACTCCCGACGCTATGGCCGTCGATACCACAGCTAGTCGGCGGGAGCATCACCCAGCATGACGGGACAACTCGGGAACGAGGGGTGTAGAAGGATAACCTATGAGACGGTTTTGGCGCCACCAATGGCCTAGCGCAGGTAAGGGAACAGACCCCTTGCTATAACCGCGAGTATACCGACTGATCATAAATGTGGAAGAGGGACGTTACCCAAAATGCGCAAAGAATAGCTTTATTACTTATCCCCTAAAGTGACAAGCGTTTCACGTCACCAGCGACTGGTCATGCGCGCTTTAGAGTTATCTTTGAGTTAGGGAAAGGCTTTCAGACTCCTCCGTTTGCTCGAAATGGTACTTAGATATCTGCGCGATTGTGGGCGACGTCGCAGGGTTAGATCCGCGATGGAATTGCCTAGCCTTTGGCTGTATCTTGCACAGGGTTACCCGGAGTCAACAATCCAAGATCACGAGTTAGCGCCGTAAGCGGAGCCAAAAAAGGCGTCGCCGTGCGGAGGCTGAAATGAGGCATATGAGAATGTCGGTAAAAGGAAAAGGATTACTTGACAGGTATGATAGCGAACCAGAGGATAACGCTAAGACGAGTGCACTGTTGAGAGTATGCGCGGCCATGGCAACTCAGTGCTGCAAATAACAAGGAGGCAGGCCGTGATATACCAATCGGCGACGACTTCAAGCAAAGTCAAATGGGCAGAATGCTGTTTTAGAACAGTCAAAGTTGGAGATGTTAACCGAGCCCTTCTGTAGGAAGATCACACCTAGTCGGTCTACGGGACGAGAAGTAGCAGGACCAGGCAGGTGATATTAACTTTCCGCACCGACACGTTACTTACTCAATGACCTCATGAAACGACATGATGGAAGTGCCCCGCACAATGGCCCGCACCAAGCATCTGAAAGCGCTTAGTACGGCACACGTGGCCCTGCCCCCTACCACTCCCCTGAGTCTGACAGATAGAGGTGGATAAACCTACAGTGCCAGGAATAAGCATCGACATCTGTCTAATGTGTCAGTGTGGCTCTACACGGTGAGGGTGGTAGTATCTGTGTATATGAGACTGGGGGAGATGACTGCCTTTCCTCCTACAATGGGTTACGTCTAGCCGAAAATCCCGACGTCGTGCTGCCAGAAGGATAACTTCGCACTACCTTTACTTAGGCCACTCGGATTCGTATAACATCCAACAGTACTTGGAGACAAAGGAGCGGATGTGCGCAGTGCTGCAGTGTATAGTACCCTACTGTTAGTAACACTCCCCGCGAG,1462,51.3,Escherichia coli
SEQ_939128,GGTCTGTGGAGAAGACTCTGGGTGTGCAATACGACGTGCTGAGGTCTTGACATTAGACCTTCGCGGTAGGTGAAGATAAAGACTCGATTAGCTAGATCGGTCATGGGTTAAAGCCATGAACATATTCTGACTGAAAATCTCTCATGGTCTGTTGCGGTAAATAAAGCTATCCGTTGCGACCCGACGAAGAAGCCCTCCATTTGGTAACAGGGAGTTGAGTCCGAGAGGGGGAGCGGCTGATCGCGAACTGCAAGATAATGCTCTCAGCATAGTGGGCCACGTACGTGGTCAACAAGTATAATATGACTAGTGGGACCGTGGTCGTTAGACGCGTCTCAAGGGGTCCTTCTATTTCTCTGGGGTATAGCAACATGTGAGCACGTACGC,387,49.87,Homo sapiens
SEQ_794584,CGATCCCCCTGAAGTAAGCCGTTTACTATCTTAATCCAGGAGCGAGACTTGCGAGACACTATGCCTCAACTTCTAACATCCTGACCTTCACTTCTACTTGTCCTGGACGGCTAGAATGGACCCTGGACGGTGCCCTGGTAATGGGGGCCGCAATCCCTGGACCCGCACCCACTGTGGTTCACCTGATAACACCTGTGTACCAATTCTAAAAGTTGGCTGCTCCGACCTGTAGTACCCCTGTTGCAGGTGCCACTCAACCGTTCGACAAAGTGGCCAGGTACACCCCTGTTCTAGGACTGGGCTTTTAGAAAGCCGTTTCCGGGAACGGCCGTCTACATCTCGGCGCGCTCGCTTAGATGCCTAGGTAGGGCTGGGTCGGCCCTTAAACCGCTAGATAAAGACTCACCAGGTCAGCCCTCCCCGCCGGACATCGGATTGACCCTCGTCGGGTCGTGGAACCTAATGTTTAGATTTGCCGTACCTAATGCAGAGCCGCCACTTCTAAAGTGGTTGGGTCCCAGCTAGAGTAGCTCAAAGTCGTGTCGTGAGCCGGATCAGGATTGGTTTGTCATCCTTCGTTTGTTCTCCGAGAATCGGATCTAACACCAAAACCTCTATACGCGGAACCTACTGCTCATTCCGTCGCCCGCATAGTAGTTTGCAGAGACGCCCGGTAGTCCACCTGTAATAAAGTTGAACCGGACGATAGGCGAATTGGAGTGGGGAAGAAAAACTGGCTCTGGGAGCTCG,750,54.0,Caenorhabditis elegans
SEQ_908978,TCAGAATTGTAGGCTTCGCTGTGGAAATCTAAGCAAGTGCGTAGAGTAGGCACCTAGCGTGCGACGTCACATCAAATTGGCTGATCTAACATCAATCGAATAGAGTGAATCAGCCCTGTATGATTCTTCCCTACCTCGGAGCTAAAAAGTCCTCATCGCCGGACCGCAACTTTGACGCCTCCATGCCGTGCTGTTAGATACTAGCGATATCTCATCCGAAAGCTAAAAATAGTCTTGTATCAATCCAAAATATTGCAACACAACTCATGCCTTCTCTGCCTACTCCAGTATTGCCTGGCTGGGCTTATGAGCTCACTGTGGGTAAGGAAAGTTATGCACGAACGACTTTCAATCATCATTATGCGCACTTGATTAGTGACAAGTTATGACGGCGCCGCGCATTTGTACCTAATGTAGACGATCGCACATACTAGATTGGTCCAGCTTGCGAGTACCATAACGCAGTCACGTACACCCGGCTAGCTAAACCTCAGGGTTAATAGTCCAGTAGTTATGATTTCATGAAGTAAAGCACCAGTCTCTGAGGGGGTGATCCTCCACTCTAATCGACGGATTTCTACTCTTCGCCGATCCCAGTCACCCACGATGGAACCTGGTCGATAGGGCACCTCTCAACTACGTGTAGGTACTTTCCTCTATACAGCTTCGAGACACCGTGTTTAGCTTCCGATTTACATTACAAATAGGATACTGATATGTCGCCCTATAGCTGATCGTGCCACACAATTGTAGTGTGTGGCGCATCGCTACTCAGCGGTGCTAGAGGAATGAGTCAGGTCCACTAGGTCGCATATGATAAGTCTGGCTGCGGCTATTGACTAGTTTGATGTATACGAAGAGTACACCTTGGCCGTCAGAGCTGCTGCCACGGTTATAGAATGCGGAGGATGTCTAGGCGGAATGCCGTCAGGCAATCCCAAAATTAACATAAGTTTACTAACTTGAGTTAGAGCCCCCTTCTACTCAGGAGAGCCGAAGATGGAAGTGCGATAATGACTGTTTTGTTTCCGCGGCTACGACAACCTTCTTGGATCCGAGCCATGACAGCCAACGAGGCACTGTTTGTTTGTTCGTATTAGAGAGTATCTGTACAGTGTACTGTGCCAATAGTTCCATCAGAAGTCGTGTCGAATCCTAAGATGGGTTATCCAGTTGCCCGGGGTCCGCGCACCGACCATCGAGTGTAGATGATCTTCTATACACTATTGCCACTAATTTAAGCGAGTATTTTACGCTTCGAATATGGGCCCACAGCATAGTCGGTCGAAGGTATAAATTTACAGTTGGGCTTGACTCTCCACGACATCATGGTTAAATGGGTCTCTATGGGGAAGCGCTGATGGGGTCGGATCGTAAAAGGGCGCAAGGTCCCATAATGGCTTTCCTAACAGAGGACGGGTTTATTGTCCTCGAGATAGCCATACAATAGCAGGGTTAGGTCGAAGGACTCGTATGTTTTTACATGGACCAGCTGTCCCTGGGGCAATGACTGGCGCCCAGGATGGTACATGTAAACACTCTAGCCTTTACACCAAGTGAAATCGCGGATTCGGAAACCATTGTCACAGCCTAAAGTTGCTCCCCATCCTTACGTGGTTACGGCGCAGCTGATCCATGCGGCTTATCTGCAGGAAGCAAACAACCTTATATGTTACTGCGGGGCTTGCAAAATTAAAAAAACCTATCCGGAATCCAAGGACTCGAGAACTCTACCCCCACGGGCCTCGCGGTACCTTCTTAGGAATATTGGGGGACCCACAGTCACTGCCACATCACCCCGTCACTCAAATGGGTCCGTCTCGATTTTGAATCAACTCACAGCCATAACTTTACTCACTAGAGTCCGTCCTAGAGCTGTTAGTCATCGACTCGAAGGGAGCTGTATATGGCTATGTATC,1919,48.05,Drosophila melanogaster
SEQ_509249,CTATCCTCAGGCTCAATCTGGCCCTACCATCGAAGCCCATGCGGAATTGCGATAGAACGATGGACATGGAGATCGCATAGAGGTCCATCCTGAAGGTTGTGACGACAGAGATGCATTTCGAAAGGCTCTATAATTTTTGGAAGCATGCTAACTGCTTATGAAGATATAATCGGCGCGCTCCTATAAGAACTCGTTTCCAGTACTCACGCGATCCGCAAAATTCTGCTCAAAGTAGGTCTTCTATGTTCAGAATTTATGCGACCTGGATGCTTCCTCCAGTAGTCGCTTCGCTGACGTAGCTTTCAATATTCGATCGGGGGAGGTTGCTGCAGCAGCAAGGTAAGCAGTGCATCGCCGTGGCAGTCCACCGCGGTAAACGAAGGATGGTCCCTGGCCCATGGTTGCTTTTGCTAATCTGGACGTATTACCAGGTGGCACACGTAATGGTCTGGATATGAAAGGATTGGTCACGCAGCCGATGATAAGAATTCCTGACCGTAGATCTGGATCAAATCCTAGCAAAGCACCCGCACATCGCACGCCGATACGCTTGACCCTAATACTTTGACTATCCATCTAGTTTATGGGGTAAGTCTCGGATGCAGGCATTCTCCTAAGTTAACGACTCGGCAGATGGGTTACAAAGATTACGAGCTGATTTCCGGTCCTCCCTAGAGTGCATACCTTATGTTTCGTTTAAGTCAGTTTTTGCCTAGGTTTCGATAGAGCAAAGCGACTCAACTAAGCACTCGGGTGTCGTAAGTACCAAGGTGAGTTTCTGATGCCGCTTCGCGCCTAGCTTAGGTCGGTGGAGGCGCGACCCGATAAATATCGCCCCCACATAGATCCGGTCCACTGGTCCAAGCGCAGACTTGCACGTCATTGGAATTTGCAAGGGAACGGATGAGTGGGGTACTTGCTTTTACAAGAGCATGGGGAACTGGTCGAGCGGGATGACTAATACCACACAGTCACAATGCCGAACAGAGTTTGCGCGCATCGATCAGCTGGCCAACCCTCACGCGTAAGTGTGTGAACCCCGCCATCGCCGACCAACAATGAGTATGTAACCCCTTGCCACCGCTTTTACACTGGTAGCCGAATCGAGCTGTACAGTCATTCCTCCTTCTTCTTGTATATATCTAGGCCACTTCTATATGGTACAGTCTAAAACGCCCGTCAGGTGTGAATTAGACCACAATCCTGGGGGGGGCTCCGACTTATCGGATTCATCTCATGTTGTGACGATATAGATTTTGAGACGAAGACCCTCAGTCTCTTTTCATACTTTACTGAATTGCAGTTTCTAGGATCCGATAGGCATACGTCTGACAAGCACAAGATGAGCACGGGTCATTTTATTCGGAGCTACTCAGATGATTTTGGGCCTAGAAGGGGTAGACTACTAATTCATGGATTGATGAGTGGGTTGACTTCGCCTTAGGAACTGTTAAGGAGCCGCCGCGAGTCCAACGGTAATGTGCTCGCTGGAAGAAGCGGTATCGGAATGCCGTTTAGGCGCCGGGTCCACCCCTTACAGAGGGCCTGTTGAGGCGGGAGGAACCGCGCAGCATTGTAGGACGATCCGAGG,1591,50.09,Mus musculus
SEQ_542682,ATCATTCGCTACAGGAAGATGAATAATGGACCAGCGCAGGCGTACGCTCGGGTTCGCCGCTAATCGTTGCTTGTTGCCATGTTGACGAGATCTTTGCCGTGACCAATTAAACCTTCGGGGACCTAGCCCCTAGGACTACCACATATGCCGGAGGACCCGCACGGAGACTCAACATGCCGAATGAAGACCATGAGGAAGACCACTTCCCCCTAACCAGTCGGCTTGGTTAGCGTCCGAGCAGTCACAGGCAAACGGGGAAAGATCAGGCGCTTTATGGGTACTCGACTAAGATGTAACCGTAGCGGTTGTGGGCGGATCTAAGTATGACTGCGTTAATCGCCGATCAGTCTTGTGTATATACCGCTGAGAAATATATATTAGTTGCTAAGTTCTATTGTAGGTAACGGCAATGAAGTGTCTATCTAAATGGCGATCTGCACACCAGGAGACAGGGTTAGGCTTACTTCGTGGGATTCTCCGGCTCTCACAGGAGCCCCGCACAGTCCAGGCACGGCGGCAAACCCACGAAAACCGAGAAAAATCCCACTCTTCCAC,555,51.71,Drosophila melanogaster
SEQ_158561,GTGATCATCAATAACTACAGAATCTGGGTACCTGGCCTTAGCCGCCTCCCCATCAAGTTGGGGACTAACCAAGTTCTCGGCCTTTGCGGGGTCCCTATCCAGATAACGCAGGAGAGACGCGTTTTGTCTGGGCGGAGACACTGAATGTGACGAGATCAACAAGGCTCGAGTCACGCAAAGGAAGCAGGCATTGCCCCCGAGTACAGTGGCTGCAAAGCATTCAACCCACTAGCAGTATGGATGTTGCTTGCTCGCAATGTAATCGTCCTCGAACGAGACTTCCAAGATTGGACTAGAGTCCTCTTATTAAGCCGCTAGCAGGCAGGGTTATACCATAGGAATACGGATATTGAACGGTTGTTACCCCAGGGGTTTAAATAATAGCAACCGCGCGCCTAGCTTGTGAACGGCGTATTTTCACGTTTAGACGATTGGAGACAACTGCCCACCGAAAGGTTTATTGCTCAAGCAGCTTGAATTAGATAGGTGCCCCCACGTCCGACCACGCGACTGTCTACCCAAGAACAGGGATTCTCGTCACCGATGGACGGGATGGTAATCTCCCTCTTGCAGCTTTGTTCAATCCAAGGGTTCCCGGGTGCGGGAGTATCGGGTCGAATCCCTCCACCACCAAACTCGTGCACGCCAGTTTCACAGACAAGTTGAATCCTGGCTCAACATTCGCGGATGGTAGGTCCTCTCGATTTCCGCAGCGCGGTGGCCATGTATGGGTTATGGATACAATGATGATATAAGAAGCCCATTTCTCATCAATAAGCTATGGGCATATTCGTTGGGTGGTGAGCCCCTCTCCGTTTCCTAGAGAAACTTCTTGTTATTAAGGAGTTTTTTCATACGTTAAGTCGGCCCGCATTACAATAAATTAGGCGCCTAAGCAACGTTTGGAGTAGTTCTGGGACTACAGACTCGTAGTGATTCCTTTCGAGAAGCTTTCTCCAATCTCCCCAAGCCCGCACACATAGCACTAGCTTGCATCGGGAGTTAATTTTGCAGTGAGTGGTCTTCAAGAACCTGACGACTAGAACGTACCCTTTACATGATAGCAGATACAGACGGTACCAGGATTCCTTCCTCTACACACCCTCCGAAGGCAATCGTTACTCCGGTACGATACCGGCAATACATTTAGTTACAAACAGTCGCGGAACATGCCACACTTCCACATACGCTACTCCGAACACTTCAGAATCTCGGCGTAGAGTCCCTAGTATGGCAGAGCTCACGGGTACACGTCCAATACCGAAAGCTCCCAACGGGCCTCGCTGTGAGTATGCCATCTGTATCTGAAGCGCCGAGGTATCTGTTGCTCATCATGCTCGCTTGAAAGGCCGTATTTGTGACTGGTTCAAGCAGGACGGATCCTTGGTTATTCGCAATTCAGATTCTTCCGCCGCTGGGCTATCATTTTTGAGCATTAAGTGCCATTGCTTATGTGGAGCGTTTAAAACGACCCACATCGTCCGCCCTGAGTAATCCAATGAACTCTAGAGAAGATTATCTTCTGGCCAGCGACGGCATC,1540,49.87,Arabidopsis thaliana
SEQ_374005,CTCCTTGCAAAAAACTACCATTGTTAGGTAAGGGTTTGTCCTAATACGGCCCGTTGTAGCATAGAGGGGACCGGACGTTCGCACCTTCATCAAACGTGAAACACATGCACCTACTCCGTCCAATCCGACCGGACGATCCCATTCTGAGTCCAGACATCAACCCGCAAGGGGTGTGAGTATTGGTCAAATATAGAGGCCTTAGATAGGGGATTGGTTTTTTCAAGTTGTAGCAGGCCATCGTACTATAAGGAGGCGTTTCAGACGAAACAGGCTTCCTATGTCTTTCATTATCTTATAACTTGCGCTAAAGGTCTCTTTCTAGCTGGCGATGGGCGGGACGTAGTAAATGTATCCGGCTCGCTCTAGCTGAGGCTTAGTGCAAGTCCAAACAACGTGGTGATAAACTGTCTGACTGATGTGGGTGGATTTCCCCGGCGTTTGGTTAGTATCGATAGCGCCAGTTGTAGTTACAAGCCTATACTCATCTTTCCTAGTGCGATAGTATTTGTGCATCTTTGACCGGCCGCTCTGCTACGCACGTATGTACTATTATGGTTTGTGCGACACCTGGGCGAAGATCTACGACGCCGCTGGGCAATTGGGCTTAGCTCGATGGAGTAACTGGGACATGAAGAAATTCTATTAGGGTTATAACGTGTACTCCTCAACGATCACCCGGATACGGGAGAATCTAGTGTGATACGAACTAAAAAAGAGCGGTTGTTATGCAATAATCCCGGTAATTGTATTGGAATTGGTGCTGCCGCCCATAGTACACGATCGCTGTTATTGCGAACCGATTCGAGCTAACAGGTTGACTTGTCAATCGTGAACATATGGGGTCGCAGCCACGCGAGAGCCGACCCAAATAAAAATCGGACTCAAAGGTGGCTCTACGAGGGATGATCTTCCTAGTCAATCGCACCGCTAGAAGCGTGGGATATAGGCTCCTCATGTTGGAGGAACTAAGGGTTGCATAGCGTCTCTATAACTTGCTCGTACGCTGTAAATCGTCAATGCAACCCAAACATTTGCACGACAGCACTACATCAACAATCAGCCACCACGCACGGGGAATAAGTGCTCGCTAACGTCTGTTTGGGTCCCGGCTTTGCTGGGTACATGACAGGTCTTAGTCTCAAGCACGTGATCCTTCCGTTGAAATAATCACGTACTATAGGGGCAATAGCGTAGCCTGTGCATCCAAGCGATCAAGTACGGCTATAGCACTGAACTTACTATCTCACGGACCAGGTTCTAGTACGTCTAGAAGGGAGGCTTTGCTACTGCTAATGACGCAAAGAATCAGTGGAGCCGACTTACTGGCGTACAAGGCGTTCCAGCTCTGCCGTGCCGGCCTACGAGGTCAAAATGCCAGTCACACGTCTGTCCGTCGGTAAAAACTGTATCTTAGATAGCAAACCCTAGAGTGCAATCATGCGCAGGACACCGGGTGTCCCAGCCTGAGGCAATCACAAAGTGGCTGGATGCCGCAACAACTGAGTTCCGTGCGTCACGCGGGAAATGCTTGACGTCGGGACGCTCCAAATGGCAACTGACACTCAAGGTACTTGACAAAGAACGCTTTAGTTCAAACCGCGCGGCTGTGCAGGTGCATGTAAGGGCGCTGAGTCTGAAGTAGGTCGATAACGCCACACACGTGCGGATTTTCAGGTTCCGGCCA,1684,49.76,Saccharomyces cerevisiae
SEQ_201562,TACAATTCTAGACTAGCCCCGTTGTAACCGATGCATAAAAAGAATAGGCCGATGAGGCTCCCCTGCGAGGGTCGGGCGCTTACAATGCTTATCTTAGTGACCGGCCTATGTAATCGGAGCGCCGTACAGCGACACTATATCTGAGCCCTGCTTATAGTAGCAAAACCGTCATGGAATTGAAGACCATTCTTTGTTAAGGTCGAACGCAGCGAATGAAACCAGTTATTCCAGAGAATTAGAACCTGTGGATCCCCGCCATGATGGCATCAGTGGAGATTTGTACTGGTCCCTAGAACGCTCGAATGACAGAAACCGACTCAGAAGGCATGTTAGTACGATAGCGACTTTGTAGTATAGGGTTTACATATTCGGGCACATCCTGCGCATCTTACTCCGACCCACGAGCCATCAGTATGATGCTCGAGGCGCGCTGCCTCCTCTGGTTGTTCGGTCTGACTTGTGCGTTTTTCCGAATGATGGGGCTGGTCGTTCGTATAGAGACAGCACGACTAGCGTATCGCTCGTACGGGGGCCCCGCTTTAACTCAGTGTGGCGTTGAATGTCCACGCATCTAAAGTAGTCGCGGCACACGAAACCTCTTGGTTTCGTGTCGTCCGGTCGATTCCATCGCCGGAATCCTAGGAGCAGCATCTCCTTGTGATGGTGGCTCGGCAG,675,51.56,Escherichia coli
SEQ_473161,ACTAGAGGACTGATGATGCCCCTGTTATCTACGGTTGGACGGATAATAAAGTGCAAACTAGCTGGTGCATGTGGTGTACTGCGCCGACGAAACTTGCTATAATCCCCTCCTACTCTCAACACAGCATAGATTGAATTCCGAGTTGCAGCATCATCGTGCACTCAGTTCAACTGTGAGCGAAGTCCAATCCCTAGATTACAGTTAATCGTTCCATCCCGGTCATCCAGCTTAAGCAGGTAATTTCCGGGCGGTTAGCGCAGCAGTGATCCGCCGATTGGGTATTTTTGTAATAGAGACACGCGAATGATGAGCAACTTCGTCCAACCATAACTGGAGCGAGAGTCTTCACCGCAGACGAATTGACCCATCGACAATCAGCTGTTACTACTTAATTTCTTCGGGGAAAATCGCTCCCGGTTTAGGAACACTCGAGCCCGATTGTGATTCCGTCTGAACGCTTATGCGCGAGCATTGCACAATTCATTATTGGCTATTCCCTGACTTATTCCCTGGTTCTTGTGTGATATTGCAGGGATCTGTTGGGACATGAGTTTAGTTAGGTCCATTGGGCGCTCATTATGTCAGTTCTAAGTCCCCATAGTTAATGAAGCATTCTCGCACTCGATGCCGTGGAGACAGGTCTATTGTTTGACTGAGGACAACCTCTTGTCTTTCACTTCGTGTTCAGGGATCAGCTCAACGCGTTTTCCCGCGACAGCACTATTGCCGCCAAATGGGCACACGAATCTCCGAGGTGGTTCGGATCTTCAAGCTCAATGATGCTGTACTTCAGCACCATGCTATATCTTGTCCGTGGGATCCGACAGCTTAGCCATCACCCTCTGAGCGCGACACCGTCAGTTAGTTCAACGATTAATAATAGGTATGAAAACCGGAGGCGATGGCCTCCAGTCGGCCACGTGAAATTCAGCGCGCCGTCCTGTGGCGTCTGGCCTAGTTCTCTCCCATACGCTCTACAAGCGCACTACTAAATATGGGGGGAACCTATAGTACCAATATTGCTGAGGGCCTAGGATCTTCCTGGAAGTGGG,1052,49.24,Arabidopsis thaliana
SEQ_801768,GTGGCTTGGTTCTGAGTAAGATACGATTATCTCGTAGGTTAGCTCCTAAGTAAGTTCGATCCAAGAAGATCTGATTTACCGCCGGATAGAGAACAGACTCGGGTCTTCAAGCCCATAGCTTTGGCTTGAACAAGCGACCGAGATGACCGGGAGCATAAATAAAAAGTGACTCTTGAGGTATCATACCCCGATCGCGAAGCGCGTGCATCGCGCGCAACGTTCTCTAATATCGGATAATAGTAATGGCAACAGGAATAGCCGGTACAATCGCGCCCTCCCGCTGAACACGGCTCTAATACAATGAACATGTGTGCAGCCCTACAGGGTATCGAGACCGGTTTCAAAAAGTACGGGCAGTAACCGGCGAGACACTAGACAATTGGCAAAAGGTAGGCCTACGATAACGCGCCGCTAAATTTCCTCATCTCATTTGTCGTGGGCGTTAGGCTTAAGAGATGAGACTATGCCCATTGTGCGTGGTACGGTCACGCTAGGGTCAGACCAAATCTCTCAGCATTTAAGCCAAAATCATGGAGGAACATGCGCCCACTTCCGTTCAGTGACTAGCACTACTGAACTGTCTAAGGTGATTATACAAACTCGTGTTGTGATGTGCACTACACACAATGACTATGAAACGATCCGGTTAATCCAACGTCAAAATAATGAATGCTAATCGACGAAAAGTCAAGTACCCAGGAGCTCGTTCCTATTCGAGACGGAAATATAACAGGAGAAAGAGCTGGGCTACGGGATTCGATTCATTCCGACGAACGGCCTCATTCAGCCTCAATAATGGGGAATAACTTGCTTAATCTAGTTTGATCTTAAAAGTGGCCTTCCCTCTAGGACGCAAATCGAGGACGGCTATTGATCGGGGATCGCGATGTGTCAACATCAAGAATGTGTTTCACCCCATGAGGAGTGATTGCCTTCCACAATACCGCTCGCGAAGCGCCATACGGGCGAATCTGTATCGATGACACGCAAGACACGAAGCGCACGTGATCTTATCCACCATCGTGCGTTTGCTCACAGGCGGGTATTGTGTCTGCCTCTCTCCTATTTTACTGTTGCAGGCTCGACTAATCCCCCAATATTAGCACATCATTTAAACGTACGTAAGACTTTGTTCGCTAACTGCTTGGGTCCTGCACAGGGGAACCACCAACCAATGCAAATGCGGCATCAACACAAAGCTAACTGATGCTGATTCGGTGGATACGAAGATGCTTGCTAATAAATCCCTGTTGGACGGCTCGGGGTGCGCATCTATAAACTAGGATGCAAAATGGGTACTCAAGTGAGGACGCCCTCCTCTGGTGAAATGCGCAGTCGTCGGATCATTTCATCGAATCGCGGTCTTCACGGTCAGCTCTTGGCACCAGGT,1390,48.42,Drosophila melanogaster
SEQ_777461,GGACAGTCATCTTCAATTGATGGGCGTCGTGCGGTTGCTAGGCCTCGGGCTTCAAGGCATGAGCTACAAACCTGGACATCGCAGGCCCTATTCGTATGGCAC,102,55.88,Caenorhabditis elegans
SEQ_362012,TTGAGTCGGAGGGCCGGCGGCACTAAGGTCGATTAGGTTATCGTTTCCCGGGTAGGTTTGATTCGTCCCTACTGTAAGATACAAGCGCTACCGTGCAGACCTACGGACTGTCCACCGTTCCCGTAATTGACAGTCAACCTGTTGGTCTTGTGAATATTGGCGCTCCCAAACTGACGTCTCGCTTTAAGGTAGCAATATTTTACTGGGGCATGCCCGACAGGCTTATCGGACAGGGTGAGCAGAGTGGGCTGCGCCCGGCGGTAAAATATAATTCTACTAGTTGTTGCGTATCGAGCCCGCTCGAGTGCAGATTAGTCCGCCGTGGGGAGTAAAGCCCTCATAAACAGAATCTATTCGACCCGAGTCTGCCAGGAGTCTCTGACCACACTCACATACGGAGGCGACAACAACAGATAGAAACTGTTGGTGTTTCGATGCCCCCTTCCAAGACGTCTCTTCACTGTGCGCCCAGTATGAGGTGGCATATCGATAGAATTTGAAAAACAGTAACGGTTTGCAAATCATCACCCCATAATGATACTGGTTTAGCGGTAGATGCCTTAGGTTCGAAGAGTTCATAGCGATCACCTCTGACTATCTTAGTATTGCCATCATTAGGCATCGTGGGGCTAAGTTGTATAATTGTGCCACAAGCACGCACTGATGCTAGAAAAGTGGGTAGGTCTGCCCGAACTTATCACACGTATACTTTTCTCTATGATCTCCTATAAGAATGATACCTGCGCGGCGACCAAGACCCGCTAAACAATGACTACGAGGCTCTCTTAAGTTGTGCACTTCCTTCCAGACAAGCGAGATAGTGTCTGTCGTCATAGAATTCGGAATTTACCGCACCTTGCCGACATTATATTGCCTAAAGGGCCGCCATGGGCGCGACCCCATCTGAGTCGGTGAGTTGCGAAACGGATTGTCTGGCTTTCCTCCAAAATGTTGATGGTGGACAAGCTTACGCTGGCAACTAACCGCCCCAGGCTCACAGGCCCATTTGACCACCTCGAACCGCGAAGGAGCTTAGGCCCCGAGCGCTAGAAGCTCGAAAATAAATCCCGAGCTTAACTTCACAACGTGGGTTACTCGTTACTAGGAATGAGAAATTTAGGTCCCAGGATGCAAGCGTGAGTGGTAAGGCACTTTACTTTAGATTATTCGGAGTCAAAAGGTTTAATCTGATGGCGAGGCTAGGATGATGGGCCAGCTGTTGCGACTAAGTGGCGATTCTTACCTCCCGCGACTTGGGTAGGGCGTTCTGTCTTCTTACTTCAAGGGGACTCTTGCCTAAGGGTTAGCCCCTTAATTAGGCTGATAGGATGCGCCCATCGGCAAGGCCTGCTCTATGTTACCCTCGATCCCAACCATGTTGACGCATCCACATCTTGTAGCCGCGTTAAATAAACTCGTGCTTGACTTTAAGTTACTCTACATCCGGGAGATAGTACGCACTGTGAAAGCGGCTGTTCCAGACGACGTGGTTAGGGGTGGCTGTAACAATTGCTTCATTACTTCAGTCAAGTCATAAGAAGGGCCTACGTCCCGAGACATAAGCAATGGTATCTCTCCGCACTGGCTTAATTATTGTAGACGATTTGGGAAGGCTCGTGCATGTTTGTTCGCGTGCCATTCCCTCCCGGAGATCTTTATCAAATGCTACGTGTGTGCCCTACCGTGAGAGGCTTATCTAGAATGCGAATGATCCCCTTTCCTATCCGCTTCAAGCTAGATAGTGACCGTGATCCGTTCGCCCTTCCTTCAATTTAGGCCTGGTAGCCTCTTGTAGCCTAGCGTACAAGAACGCTTGTCGATTCTAACTCCGGTGTCCGG,1839,49.76,Drosophila melanogaster
SEQ_502726,TTACTCTACTTAGACAGCCCTTGCTTCATAACTCCAAGCCAGAGAATAGAGGAGTCTTCTAGCCACCGGGCGTTTCAAACTCCGAGGCAGAGTCTGTCCTACGAATCACTACAGTTAGTGGAATTGCAGGCCACTGGCACAAAACCCAGTTCAGCCGCGCGATAGTGTTGTCGACTCGTTTTGGGCAAGATCTCTCTCTTGCTCCCGCTGCGTGCTCCCCCTCAGTCGTTGTGCGCTGTAGGTCAAATGCCCAGATAGCTTCCGCGTTAAGGAAGAGAGTATGTGGTAGTCATAGTGTGATCCATTGTTGGCAGGCAGTAGTACATACATTCTTTTTGAGATTGGGATTTACTTGCGTATTAAACCGTATGTCCCACCGTGACGTGAAACCGCTGCTTCAGTCTACGTTTATTCTATCCCATTCCAGGCCCGCTCCGATCCCTCGCTAAAATGGGAGGATCGGGTGGATTCCTGAATAGGAGTAAGGAATGTCTTAAAAAATACCCCTCAGTTCTCCTTAGTGATATAGGGGTAATTCTTCGTCGTCCTCAGAGCCCGGTGGGATACCCTGTGTGCATAGCACGGCCAGATGTTCAAGTCCAAAGGGGGGGCCTCCATTAAAGTGGAATGGCTACCAGTCAGCAACTAACTTCCCAAATTCGCGGGGGATGAGGTTTCCAGTGCTCGGGGTATGCTCCGCTTACGTTACAGATAGAGAAATGTCGTTGGGCTGCCAGGTTTAAGAGCGAACGATGTTTGCCCGGCGTTTTTGGAGTCCAGGACTCGGACTCACCCTATGAGGGTATAGAGGTTGAGCGAGCGTGTAAACCAATGATCATTCTCCTCAGTTTGATTCTGTTATAGGGGGTTAATATTAAAGGGCTGAGCGCGGGACGGTAGGGTACACCTATTTATTAAGTTTAAAAGCCTTAAGATTATGCATTTGGTCCACTACGCCACGACACTGGTGAGAAACCAAGCAAGGTGTCCCGGGTGGGCCCTGTTTAGCTTTAGGCGTACTGCCGTGTTGCATCACTCATAGCGTACAGGGGCGCAGAAGTTACAGCCCACGATCGGGCCGTAATTAAGTGTGTGCGCCATGTAGGCGATGGCTTTCATAGGAGAGACTGAAGGACAATGCGCCATGGAAGTCCGGCTATACGATGAGGGTAGGGGTCGAGGACAGGTATCGGGCAGAGATAAACAACAAAACGGGGAACATCTTTCAAACCGGCTGCTCGTGAGAGAAGGGATCGGCCCTAGATAGAACCTGTAAGCCCGAAATGGCTGAAGGCTGGGGCCCCACATAGTTCGCTGGGACCTCTTAGGGCCGCGACCCATGTACGAATTACACGCACAGCCCAGCTATGGGGGCGGCGCTAATAGCTTGAATCTTACCGGTCTTACTCACTTTCTGATGCCGAAAAGAACCCGTATTCTTGCGGCTGACCTACAGTACGAATATATGCCGGTAAAGAACGCGGTTAGACGCTCCAAAGGGTGTATATGCACCAGTTCTGACACCGGGGCTGAGAGGCGTCACCAAGGCTAACACTTCTCTCTCATATCTGAAAACCTTGCCAGCGTAGAATAAGAGTGATCCGAGTCTCCACTAGCGTCCTGTCCTAGTCTACTGACGTGTGTATGGCGTCTGGACTTCGTCTCTGGTAGCTGTTCCGGACCTAAGTAGCGGCCAGCATCCTAATTTTGTGATAGTCCATCTGCTTGGTAGGGCAAAGT,1740,50.98,Saccharomyces cerevisiae
SEQ_459684,GCGCGGGCGTGTTCTGGGTCTTTCATGATGCGTCAGACTGATCCGTGACTCGATAATTATCTAATGTATAAATTGGTAGCGTCTTTGGCGTTAGGCAGTATCTACGATTCATCTCAGGTATACCTCCGGGTGGCAGTTCACTCTGCCATGATTCAGTTATACTGTCTCCTGCCGTCGGTCACTTCTGATTTGTGCGATGAGCATTAAACAGCATGTGGATATCGGGATTGGCACCGCGATCGCCCGTTGCCCGATGGCTTCTCATCGGCTAGCATACCCGAATAACTTGGCATAACTTTTTATTAACTCGAGAGATTTCTAGCGCGGAACCGGATCTGTAGCAGATTACAAGTAGCTTGCTCTACGGCCGCGACTCCGGGGTAGGGTGAACCTCGCGAACGTATTTATTGATGGATGTTGCAATGTGCAATGCGCCGAATCCGTATGCAGACACCACCATCAATATTATGTAGGGTAGGATCAGAAGTCTGGAGTCCTTTAACAACGGGCTGTTCGTGCCTTGTATCTTATCGCGAGTACGCGTCTAACCTGCAGTTAGAGCCGCGATAGTGTCAAAAAAGTTCAAACCTGGAACTCCCGCCATTGACTGATTATTACTTATATCGCCCCGCTCTGCAGGGCTGGTTCCCTTGCTAATAACAGTACACCACATTCTGGGCTAGCCGCGAGGTATAGGTCGGGGGCAC,707,49.65,Mus musculus
SEQ_886323,CTTTTTATTCTCCCGGAAACCATCTTCGTACAGCCCATCTTAGGCGGTAGCCCTTCTTAGGCCTACGAGGTTAATAACGACGTATGACCCGATGTCCTTAAACCATCCTGGAGGCAGTATTAATCAGCGCGATCTGTATCAGTGCCACATCTTGCACCGTTTTCAGTCATAAGAAGCGTCCGCTTAGAGCAAGCTGGGGAATTGTTGCATTATTAAACGCTGCCCTCGGACGTTGGGATAACGTAACAATAGACCCTGGTAAACTCCGACCTGGCTTCCAGAGCGACCACTTAAGTGCGAGTCGGCTACGGGGCGGACATGCCTATCATGCTCTTCAAATGCCGCGCGTTACTGAGGTCTCACCTCACTAGGTGGCTTCCGATATCGATTGGCGGCCTATTAGGGCTATGGAATGGGGTCTTGCCTTAGAATTGTGTACCAGTGACTCTCCACGTGGCGGGGCCCTATATATCATGCGGACAGTTTTTTGCTTCAACAAGCCGCCTCGGTACATTAGATAGCGAAAATTTAAGTCCCTATATGCGAGAGACAAAAGAATGGGGTACTATGGTGGATAGCCCAGCAGCTTTGTTCGAAAGCAGGGAGATATGCGTCTAATTAGAGTAATCCACGTTCCGAATGATCTTTGCGTACGGTTGATGTGGGTTCCTAAATAACTGCACCACTGGAAATACGGAAAAATCTCGCGCGGTTACGTGGAGATTATGCATTGGCCTTGCAAACATATCTCCGCCCCGTTGTTTCGCAAAGACCTGGACCGTTGCTAGGCGCGACTTGCTGACCATCAATCGGTCACTACTAAGCGGACCTGTTCCGAACACGTCGATGCTGACGATAGGCCCGCATCTGGAGGAGGTCATGTACCGGGTTACTTCAATTCGCGATTGTTTGTGTGTCGCATTCGTCAGCGAGATACCCTAGCGCTACGCCCCTTCAGACTATAAGCCAATGTTGTCATGGATGCGTCACTAAAGCCTCAAAGCTCGTATAAGGACTACTCCTCGAGTACGTACATTGGGATCTCGGTGGGGAGAGGTTCGGTGTCGT,1068,50.19,Saccharomyces cerevisiae
SEQ_129609,CACGTCTCTGCCCAACGGACAACGTCTCCCGATCCTTGCGAAATTGACTCCGGAGTCACCGCACCCCTGTACTTC,75,58.67,Mus musculus
SEQ_997180,CCCTTTAGTTGTGTCGAGAGGATGCCTCCTCCACTTTAATATTGGCATTGGCCGTCTGGCTGTCAGCAAGAGGGAGGAGATTTTACAGATAATGGTTAGATATGATGTGGTTATTCCCCGTTGGAACTGACCCGATAACTGCCTGCATGTGTGAACTCTGTGAAGGTCTTTAAAGAGCTGCTGAGTCTTGGATGGGGTCGGATCATACGCGGTTTTCCCCGTAGTACGAAATATTGGGTGATCGGATAAACGTTAGTGTCAGGTCTACAGAAGGGCATAAGGAGGCACCGCGTTCCATACAATGAAGACTGCAACGATAAATACGCTAGAGGCCTTTAGCACTCCCCTACTTTAGCCTTGCTGGACAGTGCTTGGGCTATCGGCCCCCTATCATCGCTAGCTTTATCCGAGTTTGGGTCCGGCTAGATGCAAGTGAGAAAGGTTCAGCGTTAATCTGTAGAGTAACCGCCGGGCTATTGGCGAATACGCTGTGAATTACATGGGAACTCAAGAGGATACTCCGGGGGTCGGTGGATGCGTGGCCACGTTCGTGCCACCTTCCAATGGCGGATGAAACACGCAATTGTAGTCCTCCTTGTTGTAGGTATGTACGCGAATGGATGGACCAATCGCGAACTTCAGCTGATCTTTGTTCACGCATTAAGCGAGTGTTTCGTACGTTCTTTCAAACCCAGAAAGCCTCTCAAATGACGTGGCCGCCATAACCCGTTTATTCCTGACTTACGGTGCCATGGAGGGTGTGTTGCAGTCACCATAGCCTTAACACTGGTAGTGCGGCGCCCATGCGAGAGTACCCGCTAGGGCTATGTTTTGTCGCTCGGGTATCCATATGAGCTTGCTGTCCCTGGGGCACTATCCCCGCTTAGGGTCGAATAGTTGGTTTCGACCCCAAGTAACGCTTCCTCACCTTACCACTGTCGCCGACTCCCCCAGATCGACAGAGTCCTGGGTGCGATGTTCTTTGGAGAGTTGGTCAGGGTGCAGAGCCATTGTACCGGGTAGCTAGCAGTGCCC,1035,51.59,Drosophila melanogaster
SEQ_876348,TGAAGGAAAGCGACACCTTAGGGCATAACAGCCTACTAGTGTCTTAATAAACGTTGCGTGACACGTGCAACTTAATGGACAGGATGCCGCTGCTACTGCATTGACCCTGGCTTAGCCTGTATACCACCAGATAGTTCTATATCCAATTTGCCAAAAGAGATAGCATCTTGTTTTACTATTGCCTATTCCACGCCCTGCAACTTCCCACGATACGTTAGGGGGAGTGCGCCAGTCTGGTGATTCCATACTCGTAGATTCCGACATTAAATATTTAAGGCGGAGGCATTCCAGAATGTCTTCGAATTCCTCTCTACATAGGTAGAGGTTGGCAGCGGAGTGCGGATGATTACTACGTTGCACTTACAAGGTAGGCCCGAGACAGCATAGGCCAACGGACGGAGCCGTATTGGTCGACGGCCTGTCATCCCCCTGGGTCTCCCTACCATTTGGGTGGGTTATGCTAGCTTGACGGGGCAACCTTATAGGGCCCGCTATCCTCGCTTGCTTGACGGGCCGTGAACTTGTAGTAGAGTTTGGACCCGTGCAGGGAATCTATAACTAGACACACGTGACCGATGCAGAAGCCTTGCCTCACAGCTGCCGACGCCAGCGGTGGAATACAGCCAAAGCATTACGGGGGAGTTGAGCAGGTACCCGCGCTTATTTGGGTCAGGAAGGCTGTGGCCTCACAGCGACGAATGAGGGTTGAATCACACCAGCCTCAAATCCGTAGGTCTATGCAGCCCTCGAATTGCATCAGCCCAACTCAGTATGAGCCTGCCGTAGGGAACATCGAAGACATCTTCCAATGTCGAGAAGTATAGCGCAAAGGTCCGCTCCAATTCTAGCGTACAACAATGTCTGTGGAGGCCCGCGGACGTTGGTGATTCGTCAGAGTTATCTGACAGGTGAGCTAACTGGTTCCGGCCTACGACTCATAACATCCCTCGCCTGGCCCTGACGCAGGTGTACGCCTGCCCATGTAGTGTCACAGGGTAACACAAAGCCACAGCGCCGGCCACCGGAGCTCGTCTGCTTAGAGCCTATCTGAACATCAAAACCATACATTCCAACCTCAGATCGCGGGGTACTACGGATTGCGTGAGAAGAGCCGGTGTCTTGGCGAGGGGGCTTATCAGACTGGCGTCTCGGTAGGACGATTATATAGGAGGCCAATACATCCAGTCCGGTACCTAGAGCTTTACCAGATCCGATTTGCGCCTATTAACAGAACACTTTAGACACTCGAACGGATCCTAGGCTACGGCGGAATATCATTATGTGAATTTTTATTTCCAAATCGTGGACCCCTGGCGATGCAACAGCCAGTATAAATCCTTGTCTCGTTGTTAATAGAGTTA,1361,51.51,Arabidopsis thaliana
SEQ_380371,TAGATCTTACATCCCGGGCCGGTTAAAACTGACATGAGGATGCGATACCGCGGCGTTCCGTCTCTTGCACCCCTCTATTATACCGCCGCATATATTCTTTGGTTTGAACCCCTTGATTATCTCTACGCCCAGTTTGCACGTGTAACATGTTGTTGGTTCCGCTGAGCAAGCATGGTCGCATGCGGGCTTCTTGGTCCTTCACGCGGCGACTAAGATATGTAGAAAGAGCGGTGTTAGTCCACATGGGAGCGTGCTAAAAAGGTGCGGACACGATTGTGGACCAATTAGCTGGGTGGGGGCGCCATCTGGCATAGGAATCTCTTCAGGCGAATTCCTGGCACTAAAGGCCGTGTCACCGGCTAGTACACACAAGAATGCCTAAGGCGCAGCAATGCAGGAAGCATGGTACCTCTAGGTTGAACAGGTTAAGAAAGACGGACCGGGGCGTGACCTCCTGGCCCAGTAACATATTAGCACAGGTTTGCGCCCTTCTCCCCGACCTGGAGGGTGATTCCTGAGGTCACAAATGGCACTCACACCCCATAGTACAGAACGCAGCAGGGGAATTCCGTCGACTTTACTTTCAGCCATTTAGTCAGGTCATCAGATGGAACGAATGAGGTACTTTAGTGTGGCTAGTAGGTTTATTTCCAATGGGATTCTCTACCCCGGCACCGCTAGCGCATGCGGTTCATTCAATCTTTCAGCGTTAGAGGGCGTAGGCAATGGATAGCTTAGGTGTATAATAAGATCGGAACGCCGTCACAAATAGATGACCACTGCATTTTCGCGTGCCCTTAACACTCAATTCTTTACTGCTGATACGGGGCCATTCTAACCCAGTTCGTAGACTGGGGGATTACAAGCGCTAACCCTCTTCACAATCTAAGCGTACCTTATCGCGTAGGCCGTGTTGCCTGGTAGTACAGCTATAGTGCATTCAACGTGAT,950,50.74,Escherichia coli
SEQ_358923,AATCACAGATCGATAGCGCTCTAGACGTTCGTTACCGGGGAGGCCACGTGAGTGAATAAATCCCGGGGTT,70,52.86,Escherichia coli
SEQ_100369,GTTGCTCGAGCTGTCGGTGATTAGTGGAGGCCGATTACCCACATTACATACACAAGAACGCCCTACTCCTACGCAGGAAGCAAGGTAGGAGTAGAACTTATGGGGAGCGCACTCTTAGTCTATTACACATACAACGTCGGG,141,50.35,Arabidopsis thaliana
SEQ_159774,AGGATATCTGTTGAAGAGGCCCGCACTCATGTGCGCATTCTTGCTCCTTGCGTGAAGAAAGAAGCGATGAATCGTGCTCGGCGAGGATAGAAGCGCCGAGTTAGAATTACGAGAATGGACCTTCCAAGGCACTATTCCTTAGCATTCATAATGGACCCGCGAGGGTGTTTCAATGCTTCGCAATGGGCCCAACGATGGCAAGCTGTATTGTTACTGTGGGTGACGCGGGGTCTGCGTTATCCGCAGAGTTGACCGAGGTCATGTCTCTGAAGATTATTGTCGTAAGGTCTCGGGCATAGGCAAATCTTGTCGATACCCAACGATGGGTCGTGTCAGCTACGTGAAATTTACTGGAGAGCTGCCACTCATCTCTGGTGAGGATCACGCGAACTTGTAATGCCCTTTGTCAGTATCCACAAAAGTGTAATCAATATGTGCATGTGCCGGCAATGCTGGGGGACGGTTATATTAGGTCCCGGATGAACAGCTGCCTCACGCACCGTGTAGTGTGTAAAGTCTAAGTATTCCCGTTGAATCGGAATAGACGCTGTGAAGAAACAGACCCAGCGTCAGCTTACATTCTTCCTGCTGTTGTACTTTATCCTGCAAATCCAGTTGACCTGGGATTTCCCTCGAACGCAGTAAACCTGGAATACCATGACTTGACTGCATGCCCTGGATGAGATCGTA,690,49.42,Homo sapiens
SEQ_133966,GGCTATGTACTGACCCCCGAAGCTGCGTCCGGTCGCCTATACGCCGAATAAAAACACCGCAACCAGGCGCTTCTGTGCCTTATATATGGGTGCCGTAGCAAATTTGGATTTAGTATCGACTTTCCCAGTAAGCCGTAGTATACCGCGGCCAAGTAACACCCCAGCGTGCTAGTTAGCACGTTTGTGGCTTCTGCCTTGGGGTTTAACGGAGTGTCGAGAGCTGGCATGCAGGGTACGATTGAGATGCATGACAACATCCGGATCTATTGACTCGGAATTAACCTGGCCTAAGAAAT,296,51.01,Homo sapiens
SEQ_642973,GGGTGGCTGCTGATTTGTGAGGTTCACCTCTCTTATCGTGTCTCTATGCTGCCGAGCCCAATCACATTTCTGAGGCTCGTTCGAACGTTGGAACTGGGCATTACAGCCAATCTCCGATATTTAGCCGTCGAGCCTTAGCGTTTTGCTATGCTCATTCTTTCTGAAAGGTAGACGCTCAGAGCCCTCGGCTATCCGCTATGAGGCTAGGAAACAGGCTCTATTCTCAAAAGGACCCCGAATGTCGAGATCGGAAAGACGCGCCCATAGCCAGAATCAGTCGAATCCGTCCTTGATTACATCTTATACGACGGATCACTAAGGCGACTAGGACCCTGGCAGAG,341,51.03,Arabidopsis thaliana
SEQ_348090,ATGGTCGATCGCGCGTGCACACATTCACATGGGGGGACAAACGCAAGGGATGATTTCCGGACGGATTAGTACCGATCGATAACTTAGTTATGCGCTGGCTACTACTCGCGGCCGAAGCATGCCAACCATCGATAATCTAAACCCGACCGGTTCGTTCCGCGGAATGCTCGAGGAGCACTCTGTCTCAGGGCGGCGTCAGTGACTCGTACCGTAACTCACGCTCCGCCGTCGATCCACCTGTCGAGTCCTGGCCGCGCTTACTGCTAAATCCAACACGGCAACACTAGCGTCGCGGTCGTCGACGATCCCCGCTTTCCCTAGGCCAAACGACAAGGGTCTAATAGTAGGACTGATAAATAATAATCCCTGGATATTGTCGTTACCCCCATTGACAGCAGCGGTACGAAAGTGCGTCCCTCTAGAGCGAGTGGATTATTCGCGCAGCTTCCTCATATATGTCGTTTCCCACGAACTGGCTGACCACGATTTTTTCGTCATACAGGATAAGATTAGGCCTTTACAAGTTAAAGAAATAGTTGCACGCGGGGGCCCCGACGGGCGATCCGCTTGCGTGCCCCACAATCACAGTGCATAATAAATGTACGTTCAGATCTTATTGAGCCAAAGCATGCATACAGCGACTTATCAAGTCACAACGAGAGATCTTCACTCGACACGATCCGCGGATACCACTATGATAGCCGGCCGCGGAGAGCCCTAGTGGCTTCAAGTCGGAACAAAGGGCCTTACTCGTAATAACCAAGGTGAATACGGCTTACCATACTAGATATATAATAAACTACTCATGAACGTTTCTCGAAGCCTTAGTCAACAAAGGTGGCCATTATCGTGCACACGGTCTGGCGTCCAAGACATCTGGGCGGAAACTAAGAGTATATATGGCCTTAGTTTGCACACCGCGATACTTCCTGTACAGACGAGCTAGCAGACCTACGCAACATCCCGCCCAATAAGTTAGACAAGCCCCGCTTGGGCTCTATCCATCAACGCATCTTTGCTACACGTTCGAGATACGTCCACAGTCCCATGTTTCTTGTACGGGCCAGCCCGGTGAGGCAAGAGTCTTCGGGTGCCGCATCTTGGCCAAAAGGCCTTTACTTAACCAATTTTCTCGTAGATTTACCATCAGCACGTATCTGTGGCGCCACCAGCCATGTATCGATTTCGTTTGTGCAGTCTCAGAGATATCCGTGCATTCGATGCCTGCCGGTGTCGAACAGTACAATCGCTATGGTGTCGGTGGAACACCCACAGGGGTATTGACGACGTATCCCTGCCCTGTTGTGACCTGCCTATAACTCAGGTTAGCCGAAACGGCTAAACGCGCGACCCGTGGCATGCATTGCAAACAGGCGCCGTCCTAGGCTCGATTAGGTTGTCGTGCGGTCTGGCTCCCGTGACCCCTAACAATGACTATCGAGGACTAGGTAAGCTGGTTTTGCGAGTGCACATTATTTCGAAACTGGTCGTCGGCGCGCACACATGCTGTCCGTTAAGCCCCATGGCCTGAATAACCCTTGAGCTAGCATGGTCACCTGATCGTTTCCCGCTTACGTTACTCCCAAACGCCCGTTGTGCCCTGGCACGAGGTGGAACGGAGAGACGCTAGCGCGCATACTGTGAGCCATGTCAGACACGGGAACAACATTCTGCCTAGGCATTACATTCTGATGGAAAAGGAGGAGCTGTGTAGAGGTTGGATTAAGTGTTAATCGCCGAGGGGCCGCTTGGTCGCACCTCTACTCGGATGAAAGGTGTATAGCATCGGAATCAGGCTGCTTATACAAGGCTTCAAGGGGAAGGCCCTACGTCCACGAACGTATCTTGGTCCATCTGCATATCTAGATGACCGAATAAACACCTCCTCCCGTCCAAATATTTAGGTATGAACTAATCAATCCACGTCAGGACACGCG,1937,51.94,Drosophila melanogaster
SEQ_855279,AACGGCCACCGGCACCCAGGGTACCTAAGTCTTCGACACTGGCGTCGCCTTAGTTACCTACGAGCTGCAACGGAAGGTTTTCTTGATAAGCATATACTATAACCGGTCCTCTTCCCGAATCGACCCACCCAAAAGAGGTATCCGGAGGAATATACGCTCCAGGCGTTGAGTAACCTTGAATAGCATAGTAGCTTCAAAAAGATCCAGGTGTCTTGGTGGAGTAAGTCAAGTCTCATTTAAATTAACGGACCGACAACCTGCATAGTATTCTTCGGATACCGACTTAAGGTTCCTGCACCCAAATCGGCCCAGTACGGTCAAACTAACCCGGGTCTCGTGCCTCGCAGTGAAGTTCAAGCCGCCAGATCTTGAGAATTGTCAGGCCTTTCCTTCTAAGAGCCCAGACGGTTCCGGTCAATCGGGACGCGCAACGGATCCGAGAATAAATAATTATATACCTAGGGCAGATCAGGCCGTACCTAAGTAATCGGAACGTAAAGTGCAACGAGGAGAACGAAATGGGGCCGGCGAGACTGTGCGAACTAGCGTAATAGACGGGATGTCGAGGTCTGAGCCTGCAGTAGCAAGCGCCCATATTTGTTGGCATCACGTGCCGTGTCCATCATTGTCTGCCGTAATTCTTGAGGTTTCAACTTATATATGACATCTGTCCGAGGCCACACTTTGCCAGCATCCGTTACACTCTTTCAAGCAACTGCTAATTTGACACAGCTGTTGGGAATGAAGAGAGCTCTGTCGCCAGAAGCAGCGGCCTCGACCAATTCTGGCAGAACGGGAAGGGGAGCCTCCGGAATAACAGGCGGAGCGTTAGCGATCCACGATTCGTCTATGGTACACGGTTTGGGCTAGAGCAACTCTTTCTCTGCGCCTGTAATCCAGAATGCGTCAATGCGTAGAATGTGAGGCCAAGCTCGTACGGCATTAACCGTGTCCGCTCCGCCCGGTTCTTCGAATCTGGACATTGTGTTGGACATGTGCTCCCGCCCGATTCTCACTAGTAATAACTGGCTCAGGCATTAGGTATATACGAAACACTAAACCTCTTGGGGCTGGCCCAACATGAATTAGTCATGTCGCGGGCGAAAGCTGACCACCTCAGAGTCGAAGCACCACAGATGCTCGAACACGGCACTGATTTGTGAAATCAGTAATTGCTTGGTGCTGCGGGCGTACTGCTATCCAAGCTGTGAATATCTTGGATAGCGACACTGCTCGCCGGAAACCAGTACCTACGACTGGGATAGTTTCAGCAGGTACTGAGGTTTCCGAAACTCAGCTCATCATGATCATCATTGCACTACGATGCTTCAACGACATGATACATAGGTTGCGCCAGTTGACAGTTCGCTCTCCAGTTAAATCCAGAGAGGCATCATCACCTGAGTTTC,1409,50.46,Homo sapiens
SEQ_533970,TTTCGAGCGCGTGAGGCTATTACGTTGCGGTTGCTGAGCTTGCAAAATATCGTAGAGAAAAAACACGAAGGATTCCAGGAGGTCCCTTTGGTGGTCGCGACTGATTAATCCGTCCGAATGAGCAGACCAAGACGGGCCCGTTCAAACGAATTGGGAGAGAATCATCGCTACCTAATGCAGTGTGCTATGTCAGATCCTTTTCTTCATCATCAACGTACATGGACCAAGTCATAAGCCCTCTTTCACCAGAAAGGACCGCGATATACTGATATGTTGGTTCGGGGTGCATACTCTGACTATCAAGAGACAAGCCAATTGTAAATTTTGCACCACGCCTGGTTCCCAGCAGAGCATGCTGCATAAGGAAATTTGATGGATGACTAGCCTTGCATAATTCGAATCGGTGGTCATGAGGAAGCGATTGGGAGGGGCATGCTGGAGAATGCTTAACTCAAAGCTAACTCCCAGCCGTCTCTGGAACGTTTCCAAAGTTCTGTGAAGTGCTATACATGATCTGAGACACAGCCATTGTTCCATAAGGTACGTTCAGCAATTAAGGCGAAGTTGTCATGCTGAGTTATGGAAGGGCAAACCTCTCGCGCAGCGGTCGCTTTGGCGTCGGTACATTTGCTTAGCGTCTCGAATTACTGTCAATTCGATAAGGGCACCATGCATTTTTCTTTCGGGACTTGGATCATTGAAATATCTCTCTCACACCATCCTTTCAGCCAAGAAGGTGTCAGTTACGCCTGCAAGCAAGTCGGTCCGGTCCAGATGGAGATACCATTGTGCTGAGAGCTACGGTGCTCTTTTCGCGTGAGACGGAATATGCCATGTCAGCCAGCTCGTCTGCCATGCCTAGACATGCATTCCTAGACGCAATGAAACCCGACAGAACCGACCGAGAGTGAGGGTTACTTGATGTCCACGTGGCACTATCTATACTTGTCGACATTCTCTCCGACCACCCGCGGATATCTACCTGGGATGAATTTCATTGCCGACGCACTTTCGTAGCATTAGCAAGGGAAGCTTCATATTTTGTGAGAGCTAGTAATTCTTGGTCAGTCGAAAGAAGCGTCGTGACTCAATGCGGACCTTATCGGGTGGCAGAAATTTTTCTAGCGGTAAAGCTTGGCGGAGGCCGTATAAGCGACGATTGC,1163,48.5,Homo sapiens
SEQ_849779,AAGGAAATAGGGCGCATATCAGTATGGATAAGTGTTACGTCCTGCAAATTTCTATACCCAAACATGGGATCTCCAGACGAAATTACCCGGAACTACGTAGTTTTAAATACCGATCGCAAAAGGCCGATTACAGGCTTGGACTCCTGACAGGAGCTTATAGTTCGGCCAGTCCGACTCCCCCCTGACCACATCTATAACCGTATCCCACCAAACTTTAAATATGTGCTTCTTTACGGCGCGACGTCGTGATGCGGTCGGGCATGAAAGGCATCATCTCGTGTTCATGTCTCGAGGCTGTCATCGTTCCCTATCCACGCAGTCGATTATCGAGGAGTTTGACGTACAGAAGACTTCGACGGGAACAGGTCATGTATAGTAAGAAACCCTAGTGATCATGTGAGCACTTGAGCAGTCGGCTCCCCCTCACATATGGCAGTCCGAGATAGTCGGTTCAGATAGAGATTTAGAGTCAACCTAGGCTGAATCAGATTGCTAATTATAGCACCCTCTAGCGCCATATTGCCGGGCACGGATCTGAGCTCTGGGGGTAAGAAGCGCCTACTTCAAAGTTTGCCTAATAAGCATCTCAGTAGACGTCTAAGTCGGGCGTTAGTAACAGCGCGGCCGCGTCGATTGGAGTATGAACCACTAAAGGGATATTGGAGATCGTTAGTCCAATACCGTGTTGTTAGGCTCTCCATTTTATACCACGTTAGGGATCGAGGGGTCGAATACATGATTGTGCGGTGGACTCGGCGCATATCGGTGTCGTCACCGAATGACAGGAATAGTAGCCTGGTCAAGCCCGACTATCCGCCAAACTTCGGGGTAAAGATAATAGTCTGCATCACGGCATACCCTGCGTGTAAGAAGAGCCCCTTGGGTCCGTCTCCCTCCTGTGGAGAATAGGCACCGACCGCTACAGAAAACTCACTTCCATTCCGATACCTAGACCAGTGGGATCGTACTATTATTAGGGCCTTTCGTTATGCACTGACTGAATTGGAACTCTAACTTCCTATTAGACCGTTAGAAGCCTCAAGGCGGGGGCTTCGCTTTCGCCAGGCTGTGCCACACTAGTTGAACTTCTTAGAGGCTAAACTCCAGAAACTAGGTAATACCGCTGTCCTCATTACTCAACTCATCTCCGTCCGACGAGCTAACCGTTACCCTGTCGTGTGTAGCGACTCTCCGGTGACGCGGTATCGGGGGCGTTGTTTATGGAACCATCCAGCCAGTAATCGCGTTCAGATGCTATTCCACAGTCTGGCATGGGGTCCGGGGCGCAATATGGTTCTGAGTCTCTGACCCAAA,1314,50.08,Saccharomyces cerevisiae
SEQ_366098,AATGTTCCAGGTTGGTCCTCCCTAGACGCTCTCCTGTAGGGAACTCGTGCCGCACAGATTGTCATCTAGCGCAGTCAACTCACCGACAATTGGTGAATGCACTCCTCCCTTCACGGCGTAGTGGGGATTCATTCGAAACGCCGTGTCGACTAATTAAGAAGTGTACTTTTGGCTGCCTTGCCGGTCTCCGTTGTAATTGAAGTCGTTTACACTTCACCTTGTATGGTCCGCTGGGCTCCTGCGTCTAAGATGGCATCCGGCAGAATGAGGAGAAAATTTCTGTAGAAGGTGGCACCACTTGACCCCGCGAGTTAAAGGCACACTGCGTACGCCTGCAGCCCTCCATAGGTCGCATCGCTGTCAGGTTTGTATGCTGAGGGCATTCACGGCTTCTCCTATCATTTTATATAGCGTATAAGACAGCAAAGACAGATTCATAACGTTTCTTAGTTGACTATCCTATAAAAGATAGCCTGGATTTGCTCGGGGAGAAACCTACACACTTTGACCTCAACAAGGTGTACTGTGAGCGACGCGCGCAAGGTTTGTCGCCACAAACAAACTGCGTCAGTGGAAGGCTCTGGGACTTTATTAACCTTAACAAGTTATTATATAGGTCAGGGAGTGGCTTAAAGTCTCGAGGTGTTCTTGGCCGCTTTGCCTAGGGTTTCGGGGCCAATGAGGTCCGGCCTGACTATACGCGATTTTCA,710,49.58,Mus musculus
SEQ_457379,AAACTGTCGTGATTCGCGTGCTGAAGAGTATCCGCTTGCCACATAGGTGGTTTCTTAAAGGGGTGCATTGGATTTCGGCCGACATATCGATCGTAAGCCGCCCGAAATTTTCCGGCGGTTGCACATACAACGCAGTCTTGACACACAGGGCTATTACGGGCTAGAAAGGTCGCACACTGGGCATGTCCCAGATAGTTTATTGAGGATGAGAGGAATCAAATGTTAGGCAAGCTTCGGATTAAGGCGGTATGAATGATAGAATCGGGACGTGCCACAGTGGATTTTACATCCGGCTGTAGTTGTCTACCCCGTGAGCTCATCCAACGCTGTCACTCCTCGCCTCCCTATACCCTAAGTCACTCGGATCTGGAATACTCCACCTCCTTGATACGAACAAACGTATCTGCACGAACGCCGCGAATGGACTGAGCATGTCGTCAAAGTGCAGGGTGTAATGACGCGGACACTACTTATAACCGCTTATGGTTTCGAATCAGTGTGCGGCCGGCGAGAAGAGTCCTGTAGACAGTAGGATGAATTGAACGTCCACTAATGTGCGCTTTTGTAGACGACGCATGGTGCATCAGGCTTAATACTACAAAGGGCAGCCTTGGTATACCAGTTTGACAGCACGAACCACTGTCATGTCGACCAGTCTGATAATGGTTAACTCCATCGAGCGCCTACACACGTTCAGTCTCGCCGTCGCTGCACAGACTAGAAAGATCGGCGGTATGGAGGGAGCTTCGGAAGACGACCGCGGACAGGTCACGCTACATTGACCACGTCAAGGTGATGAACCTCAGAAGAGTTCGCACATTATACACCAGTGGCCGGCTGCGTATATCTTGTGAGGTTGGCTGTCCTTCGTTGACAATTAATCGTCTAAAATTACAACATGATGCAAGCCCTCCGTCTACTAGTTCTGCCGGTATGTAGTACAAACAATACACTCCCTCGGGCGCGTGAGAATCCAACACACGGAGGTTGCAGTGTGGGCCCCCAGTACTGAAAACTGGGGCGCCTATCTTGTATGAGGGTGTCTATATAAGAGTAACCAAATGCCTATCTCAAGGTCACACGGCGACTTGAGCGCTTCCCGGCGTAACGCCCACCACGTCGTCACAGCATTAGAGTTCTTGGACCCTGGACACGCCGACCGCATTGTATATCGAAAATAATCTAACGGGAACATCTACCTCTCGATGCTTATTTGCTTATAGATCGAGGCGCGAACTCCGAATGGTTAGATACGTCCGATACAGTGGCCCGATTCCTCCTTCTTGACATCAGCTCTTGAGCGCTTAGAGAGTCCTATGTGGCTCAGCCTTCTACAGGCGTCATGCTCGCGGCGACGAACGCGCGGTGCTCACTCTACCACCAGTGATACCGACCCGGAGCTCCCTTCTGTCACCAGGATTCCCGTACACGCTCGGAAGACATATTGGCCCCAGGTGTTAGAATATCGAAAAGCAAATATGAAGTTGTCTACGTACTTCCGTCCGGGATAGGGTGTACCGGAGACCACATCTTGGGAGGCGTCGCACATCGACCTCCATTCTACTAAGGTATGTTACATTTGCGCGGAATCATCACAGACCAAAGAA,1607,51.03,Drosophila melanogaster
SEQ_726673,CATCCCCGGCCAGTTGTTTGTCTACCGAAATAGGCGCGCTCTATAGGGCAATGTTTTCGTAATGCCACCTTCTACTGGCGACGAAATGCACGGCTATCGGCTCAGCTACACAGAGCGTGTGAGCACGTCGCGACTCTGCCGGTGACGTGAGACATGATTGAGGGCACAGAAGTATCGGAGGCCCCAAGGTTCAGTTCCTCTGTGAGCGACAAATGGAGGAACCAAGACTGCATTAGATGCCCTGGCAATCGCGTATCGTGTATATCGGCACACAGGTGTACCAGGGGCCGCGCCGACTCAAGGTTCAGAGTTCCGGATAACCTGCGGCGTAGTGCGAGTTTTAATACGCTTGTGTCTAATCCTGAAACAGGGTAGGACATATAGCTGAGACAACAGGTAAAACATTGCGCATGGTAGCATCAATTTAGTGGATCTCCTTACCCAATTGTGCGATGGGTTCGAGCCTGCTCGCACTTCCACCGCCGCCACCCTTCTAGAACGGACCGTTATAGCATAATACTGGTGTACAGAGTTATAAGCAAAGAATAGAAGATGAGGCCTATCAACCAAACCTAAGTATATTTCTTAAGTACCGACATTGAAGCGATATATCTCATATCCTGACATCATTGATGAGTTAGCATCGATGCAGCTAGTGGCGTCTTCTCAATCTTACCGCCACGTGTCATCCGGATGATTGGCCATGAAATGCGAGAATCAAATAGCATCACCTATTACGGAAGGAACACGCTTGCCGAGCGGCGATCCAGAAGAAAGACCTACACTGAGAGGCTTATAGCACCCCGGTTACAGATATGACTTCCTTTGAGAAAGACTCTAGGGGCTGGGGTGATTGATACTCCCTGCACTTAGAGACGTAGTTATGTTCGGCAGGTACGCTATCCACTGCACGCTGCGACTGTCACTCAGCTAGCTGGGCGAGGTCTCCATGTTGTCCTCAACAGCTGTAACAACGACGTTTCAACGGCATTAAGGATAAGACATATGGACAGTAGTTATGCAAGAAGTGTGATCCCTTGCGTGGTTTGAGAGCGGGTTCAGTTCGTTAAGTCGATGCCAACCCTTGTTATTCACTTCCCTGACGGAGCCGAGGGATGGGGATCCTGTCACTTAACGACTTAACTCCGTGGACTGTACAAACGGGCGGGAGTCTATGTTGCGTGAAACAGTCTTTAATGGCGGCGGGGTCATAACACGGCACAGCTACTGTTCCCGCTCACTTGAGGCGCAGCATTTGGGGGGATACTGAACACGATGGGCTCCATTGCATGCATCGGAAGGTATTTTAAGCTGGCGGAGAAGATAACATTCCAACTTCGAACATAGGGACAAGATTGTAGATCGTAGCTGCAGGTGTTGACTTAACGATCTAAATTCGTGCATACAAAATATTTTTGGCTGAAGCTACAATCTCACGAGAAGGGGAAAAAGTAGGCTGCCCCTA,1465,49.42,Drosophila melanogaster
SEQ_704022,ACTGTGCGTGAGTGTTTTCATTGTGGTGGCTGGAATCAGGAAGTAAGATCACTGGCTTCCCCGGACGTGGGTTCACTCGTCGCGACGATACCTGTTGCAACTGCTTATTGTCGCCCCGAGTTCCACGATCCTCGGACTGCGCTGTCCCGCTCCGCACAAGTGAGTTCCCTTATGGCGCCAACGGCCCCCCGGGAACCATATGAAGTCAAATGTTGAGCTGGCTATCATTGTCGCCGCAAAGCCCCCTCTAGTGTCCTAGCGGGGATGGCAAGCTTTCGGCTAGTTTTGAGCTTGCAGGTTAGTTCAATTCACCCGTTATTGATCGAAGCGGCCACTCAAGAGTGAAGGCAATCGAGAATTAAGAGCTAAGGTGACGAGATCTGAGTCTGGGGGCTCGCTGCATCTTGAGAAAACCAATGTTCGTATAAGACCTTTTCAACGTACTCGGGAAACGGTACAGCCAGAAGCTCAAAACCTGCCCAAGATCTAGATGCAACCTAACACTAAGTTACGTGTTTTGGTGGCTCTCGATGTCGTTCGATAGCTCCCATCGTGATCTGCTAAGTAACCATTTCGTAGACCGGGCCACTTAGATCGCCTCCGCAACCTCAACGGTATTATTTCCCTTCTTGTCTGCTACGGGGGGTTGTGAGTTCGGGTAGCTGCGCATGTTAGCTCCTATCGCATCCGTCATACTGTGCTCGCGCGAGGTACTTATCACGAGCTCCTAGCCATTGAGGTAGGTAACCAATTTTGTTATATCAGAGCCCCCCTGTAACCCTTGTTTTTACCTCCTATAGGTGGAGTGGTTCAGCAGAGATTAGGATCGTGACCCTCAGACCCTGGGACGAAGCGCTCGTTACCCGAAAAGGTCTGTACTCCGGCTCACTATAGTAACCGGAGGCTTAGAGTTTTACCCGTTCCAAACGCAATATTTCAGCTTCAAACAACGGTCAGTTGTTCGTCGATCGTCGAGCTGCGTATCGAGATGCCGCGCAGACGCGTTGCAACGGACCCGCTTCGCTGTATGGCGAGAGAAGTGCGAACTCGTAGAAAGCTGCGTCACTTCGGACCGGGACCGCATCGTAATAATCGCTGCGGTGTCAATTGTGAAGAGTAGCCCTGCCTGTCTGAGGGCTATGCTTGTAGTCCCTTCCCAAAGCTCTATTGTTCTTCTTATCAAGGAAATTAAGGCGCAGACTTCTCCGTCTCGCGGGAGGCCATAGACACGTTAAGGTAAGGAACGCGATTTAGGACACGATGTTAGCGCCGGGGCTGATTTCGATGGACAACCTCATAGATACTGTACCTGTTCCACGGCACTATGGGATTGACGCTACCGTCTGCGACTGGCACCTGAACAAGCTCGAAAATGGAGCCCTTGTGCCCAGAGGTTTCGCCGCGTCTACGTCGTAATACTGGCTAGGCGCTCCTAGAATCTTCAAGAACAGACACCGGCGCTGGAAGTAACGCCACCCAGGAGGCCAGTTGCCGTGCCTGCACTGGAGACCGGTGCTTATTTGTTAGTACGCCGGACTTTCGTCGGAACTAGACTCTACCCAGCGGGTTCCTTTGAGACCTGAGTTGAACTGATGCGTATTTGGAGCAGTACTGGGCGTCTTATACGTAAATAGGTCATCAAAAAGAGTTAGCAAAGGTCGATTGATCACAGGTGTCACTCAACGATAACTGCGGTTATCGGCGACCTCGGAGACCACGAGTCAGCTAGTGATTACCC,1738,52.13,Saccharomyces cerevisiae
SEQ_434936,TCAATAGATCCAGTAAATTTTTACAGTAATCTGTGAATAGCCTGTTGTGCTGTTGCGAACAACAGAACGTTAAAACTACCTGGATGCTGAACTAAATTTGCGCCGTAGCGTGCGCTAAGATAGGTGCCTTAGTACCAACCTGCGCTGCAGAAATGAGGTCACGCCTCATCGGCACACCAAGTTGACAAACTCGCCTAAGAAACTTGACAGTGGGTCTAGGAGCAAGGCCGTACAGGGCGGATGGAACTCCGGCAAGGCTTCTCGGTCAAACGCTTGTCGTAGTAGAGCACATGGCTCGTTCGCGCTGTTAGTCCGGATGACGAGTCGATGTCTGTGGTTTGAGCAGCCGCCGTATCGTAATATAGAGGTAAACGAGACATATACTCACAGGTGCAGGTTGGCGAACAGGTCATTCCAACGGTGCTAATGGATCACTGCACAACTCTATAGCCCCTCATATGACTGTTCTTAGGGTCCTTAACGCGAGCTCCACTGCCTCGCTCGAATTTCGGTGATATGGAGCTCTCCTATGACAATTGCGAAGCCAATTACGAGTAATGAATCGCCGACCCATAAGAAACTGATTTTTGTCGAAAGGCGATTTCCCGGACAAGTATACCTGCTTTAGCACTTCATGATTGATTAGAATGCCTTATCAACTTGGTACCAACGGTGCCGCCAGCGTATAAACGCCAAGCACAATCACAGCAGGACTTGTTTGTCAGATCACGCGGGTTGTCGGGCAATTGAGGGTGCTAGCCGTCAGGCGGTAACTCGCAATACAACTGTACAACACCACTATGGCGTCAAGGATACGGAACTCCATGCTGATTCTATATAATATTTTGGCTGCTGTGGCCTAAAGGGGCCTGAAGGCCGTGTGACTATTTGTGCGGGTGAAAATGTCGCACCCCATGAGTAGACCTAACATGACAGTGGGAGACGATGCTGCTTCTAGTGCTCGGAACGTTGTTGAGAAACGCGGCTTCGGGACCGGTCTAAGGGTACCTTTTTAAATTTTGGAGTTTTGCCGCTAAGCGATGCCCCCTCGGGCTCCTGACCTGAATCAATTTAGGGTGGCGCAATGCCCGACCCCAGCGGAACACCGGCGTGGTCTCCTGGTATAGTGCAGAGGCCGACGGGCGGCATCGTCCTGATACAACAGCCAAGCGGATACCTGAAGGGTTGCAGTAGCCTAATGGACATTATTGTATTGCTAATCAATCTTGCAAGAGTGCACATATCGTGCTAGAGGGAGCGCTTTAAGAATTTTTTGTTCGAGTTAACCAGCTCCTGTGTACTTAGTAAAGTGAGGACAAACTTAG,1325,49.51,Arabidopsis thaliana
SEQ_238777,CAGCTATTATGTATGCCATGTACGGGGCTCTAGATCGAGACGTACGCCTTCGGAACATGTCAATAGATCGCTGGGCTTGAGACTCAGGCACATGATGTCGTCCCCACTCATTGAAGCTATGGAAGCAAGCTCCCCTGCGACGTCTCTCGGCAGGGTTTCGCTAGGTAAGTAAAGATTCAGATTGAGACCTTCAGGATCTCTAGTTGTCGAAAGCCCAGTATGTCCTCCTAATTAGTCGACGAGAACTCTGGAAATGCCATCAGTTGTTGGCCCTAGATTCATTTTAGGGTTGCTCTATGTGTAATGAAACAGTTGGGTAGACCCGGTAAGACAGGCAGCGTAAAGTAACAACACGCTCTTGTCCCGGGTCTGGGCGTGTTGAGTTGAACACGCGACCAGTCGGCCACCTAATAAGGCGATGACGCTAGCTGGCCCTAAATCTTTGTATACTACCAACAGGTCTCTTTATATGGCGCCACCCAGTTAGTTCTCAACGGAACAGTGGCATGTATGACACGTGTGATCCTTGACGCTTCTCATTTACCAGTAGCATTACATCATCCAACGCTTATGTTGCACGATACGTCACGGTTTTTAGGAAGTGTAGTCTTGCACAGCTGAGATAAGTCCGCAAATCAGACTGCCGAGACAGCAGGTGATGCTTCCTGGAGTGGGCGCTATATTAGCCTTAGACGACAGAGCCTCGGTTCAATTTTGGCTGGAACTTGCCGTGTCATGTTCTCTACCACGGTATAGCATAAACAAATTGTTTTTGTATAGGAGGTCTGGGATCGATGAAACGTGGGACGTCTCAAACCGTCATTGAGCGTAGTCGGGCCATCTTGCGTGCCACCTGAATGCGGCGTGTCTTTGACGTGTACGGTGGGGTGGGCTAGGATAAGCTGCGGCGAACTTACGTGAGCGGTGGACCAGTCTAATTGCGGGAGAAGAAATAATACCAACGCTTCGTGATCGGGTTAGCCGATATACCTAGTGACCCCGGCGAGGGCATAAGAGTATGCATCCTTATTGCATACTGATTGCGCTCTTAGTGAATTACTATAGGTTTCCCAAGGCAGTTTGCCACAAACCTAAGGATATTGATACACGGGATCTTATAATGTGTCCAAGTCATGTTCGATGACGTCTTCGAGTTAGGGTTCGCTGTTATTGATATACGGTACTTTGCGGGTCACTAGACTGTCCGCTGTATAACACGTGTTCACTGACAGTAGCGGGAGGCTATGAAGGGATTTGCCACGGGTCTTTCAGGTGTTTCTAGCATCAATGCAGCTTGCTGACGTTGGGGAAGCGCCAGTCTTGGCGCGTCTACGTTCCGGTAGAAGGAGTCATAAGCGTGGCACCTGAATATACGTGTGGAATCCCGTATCCAAAATAACTCTCCTGCGGTAGACCTCAAACTAAAAAGGTTAGACTGAGAAGCCGGATACTTTTCCACTGT,1462,48.91,Drosophila melanogaster
SEQ_477937,TCCGTGATTCTTGAAGGATGGTCATTACGAAAACAGTTCGGCAAAACCTTAGTTGAATCATCTTCCAGATAATAGTGTCCCATCTCCTACCGGGCGAAAATGAAGCCTATTCCGGGACCTTATTTACCGCACGGAGGCGAAGGCGCAACCGAGCTATGAACCATCACAACTGAACTGCTGATAAGGAGAGGGCCTCAAATCAAAGACACTAAAGCACGGCGCGTTCCTCATGAGATATTTCGTTAATTTATGGTGATACTGGCTACGTATTACGGGTCCTACACCATCTTCTACATGTTTACCTGCTGGTAGCCCTTGTGAGCTCTCCAGTATCATGCAGAGCCTAATCCAACTGCAACAGAATGGTAGGGTTCCTACCTGACATTCCGGGTGAGGTGCTGGGGTCCTCTCTTGTGAATGGTGACATTCCATGATTACAACAGACATGTGAGTGCAGGAGTGCCTGACCGTTGTCGCACTCTATCGAAAACACATCGCGGTGTGCAAGAACGCTAAGAGAATCTGCAATCTTAAACAAACTCTTTGCGTCAGTCTTTTAAGAGAGCATGATGGATTTTTAGTCTACGTAAATATCAACAGAAGGGCAAATAACTCTAACCCGAAACAACCTCAAATTCACGTGCCCCCGATCTATCCCAGTGCTGAAGAAAACTTAGATCCTTGCTGCCCAACCAGGAGGCTGGGTGGAAGAATCACCGGTCTGATGCCTTGCGCCTGGACGTGTCTGTCAAAAGATAAACGCGATAAGGATGGCGCGGGCACTATCGCGCCTACTCTAACGGTCCCGAATCAGTCCGATGCGATTGGTGTGATGCAAAGGTCAGAGTTGGTTCCGTTAAGATTTCTGGAAAGCAGTCCCATTCCAAGTATGGCTGCCATCGGCGCGGTTGGGTTGACGTTGCTATGGTGACGGTGTTATGTCGAACGGTAACGTGCCTATAATACTGCCATATTGCCAAGTTTGAGGAAGTCTCAAAAAGGCCGCCCCTGCCTCACCATTTCGCGACTAGGAAACAGGAACCAAGCTATCGCCCCCGGATTCGATTCATGTAGATTCGCCTACTGTGTACGGTCTCGCGTTGGACTTCGCTTTAGTTGTCCAATGTGTCCAGGCACTTCGATCATAAATCCCAACAGCCGTTGTCGCTACGCGAAGTTGAAAAAATTGTTAGCAAGTCAACTATGCGTGCCTCCCTCTCCTTGGCGAGATATTATCAATGTTCGTTACCCCTAAGCACAGTGGTATCACAATGATTAACCGCCGGTCCCGAACTGGTAGTCTACACCAGTATAACCCGGAACAAAAAGAGGTACCAGACTAAGTTATGTCATCGAGTGTATGCGGGGGCAGTTTTGGTAGACGGGTCATGGAATTGGGTGTGGTGGTTAGATGCCGGGGGAAGGGATGACCCATGAGGCACCGCGGGGTATAAGACCTCTTTTTCACAAGAGTCTGACGCTAAATGCCCTATAGGATGAATCTAAGAGCTCCTGCAGGTATGTCACACATACAGAACAGGCGTTGTAGCACAGGTGCGCTTGTCTTCAAGTGGGCTGGTGCAAGGTCCTTATGCTTAATCTGAGGCC,1608,48.88,Escherichia coli
SEQ_642148,CGTCCTGACTAAGATGTGTCTTATCGATGTATTTCCGCTCCGATATGGGGATTAAAGCCGTGTTCCGGCGCGGACAATGATTTCGTGAGGCAAACTTAAGCAATAACGCGATCCTAGAACTAGGTTAAATGAGGCGCATGTAATAGCCTAAACGGGAAGGAGTCTGGTTCTCACCGTTAGACACCGCACGGCAAGACCCACAGGATCGATTCCTTAGGCACTCCCTCTTCGCCGTAGTGAATAGCGGCGCGTTATCGCACAGACTAGTATGACCCCAGAGTACCCTACCTGTAGCGCTGGTAGGCCGAGCCGGGTATTAGGGGGCAGACCTGTAAGCGAACGGCGCAGGGCTAACCCCGTTGTTTCCGAATAGCTGTATCAAATTATCCTCTGCTGAAGAACACATCGCGGCACGGATTGGCGGATCTGTATAGAGGCTTAACTGTGAGTTCCCTTAAATATAGGTGGTCTGATTGTGATATCACGAACATATCAAACAGAGAAACCATTAGGCGGTAAGTGGTAACGACCTTACGACACATGCAAGCTATCCCGGACTGTATTTAGCAACTAGGGAGGACGCACTGGCTAACCGGCGGGCGGCACTACCGAGGAGATCTACGAGTTAGGAGACTACCCACAACTAAAGATGCACGAATGTTACTCCATAGCCCGGTGATAAGGTGCGCTTTGAAGAGATCTCCTTGTACTTTCGATTTTCGAGAGAATGTTATTTAGACAGAGACACAATATCGCGACAATTTCGTAGGAATGTAACTTGATAATACAAACTCAGACCCTAAAATCGATTTTTAGCCTTGCCCTTTTGGTATTTATTGTCAAGGGATGTACGGTAAGGACAGTACTGTCACCATTTTCACAGTCTTAGTTCGTATACGTAAGATAGAGACCAACTCCGGTACTTCGTTTTATTGCCATGTTGTTGCCTCACGATGTTCCAGACACCAGGTTCCCCATGAAGTTGGAATAGGGTGACGAACTGAACGACTGTCTTTCCTTAGGAATTCGCGGGAGGAGCTCGGCCTGGGGTTCCTGCCCGGACTTGTGATCATCTGCGGTAATGTCCGTGCGGAGCGGTGATTAATGATTTGTGGGTAATGTAAAGCTTTTATTCCGCGTAATATAACAGTATCGTCCTAGACTATGCTTATCGTACCTGTCCGCACCCTAGGACGCGAGGGTGCACAAATTCTAATATCATAGCACTGCGTTTGTCATGGACGAACCCGATTGCCTGGAATAGGGTATCGGACTCAGGCGCTAGTACCCCGATCGAAACTTTTAGTTGCTTTAACAATGCACCTCTTAAAAAAAGGAGGTCTACCATCTTTCATACCTTATAGAAT,1367,47.48,Mus musculus
SEQ_340615,AGGGGCACGCAGGCAACCAAAATAGCCTTAGGCTCAAGTTCAATCGAGCGTAGAGATTCTCGGAAAAGAATATAAAGCGATCTATGAATAGTAACGGGGGTATGGGATGGAATAGGGATCATAATGCGTTTTACATGGAGTGACGGTGAAGAAAAAACCGATGCACATTCGACTGGCTCGGAAAGTTCCTCCGCTGCCGCCAGCTGCCTCTCCAAATCTCCTAGTCGAAGTTGTTACGTAATACAGTAAATGTTAGATCCGCATTATCGCTGCATTACCGATTAAATAGTAAGGTTGACTCTATATTCCTTCTAGCCCACCCAATGAGCAGGCCGAGCAATTCAGATTCCAAGCTGGGTAGCCCGACCGGCCCACATTAGTCTTTGCACCGAATGGCTCAAGTGTTGAGAGTTTAAACGTTCTATGTGTGAGCCTGGTAAGATAGGATTTTATCGGAGCTTATTCGAGTCTGGTACTAACCCATCTGCCAAGGTAAGAATTCACGTACGCTGAGTTTAGAAGGATTCTATAACGGCCGACTGCACAAGGAGAAGTCCCAAATATAAACCTTGTGTTTCTCAGTACCTGGTGCAGTAAATACAGAGCTAGGGTACGCTAAACAGAGCTATTTTTGCTGTCCTAAGAGACAAGTTGCGGAGCAGTGTGCAAATTAGTGTCGCGTTTCCCCTAAGATTTACACAATTCGCTGACTAACGAGCGAACTATTGACACTTTATACCTTTTGTGCTGCCTCCGCTGTACCTAGCGGCATGTCTAGATAAGACGAGGTTTCACGTCATAGCTCACAAGGTGAAGCCCTGTCAGTGTGTCGCCGGCTCGGGGTGCACGTGTTGGACCCTCGTCTGAGTAAAGTCGGCCTCTGAACCTTGCGTGTGCTCCAGCGCGCGTAAAAAGACCTTAAAACCAGATACAACACCTGTCCCTGTTATGAAGAGGCATCATATCATATCTGGCTTCAATTCACACGCATCAGATGTCTCTTAAGTTGACAAGTGTCTACTGGTGCGTTCAAAACAGGCGAGTACGGATGGAAAAACGTACTATCGTGTGCTATTTGCTATAGTGGCTACGAAGATTATCCTAGGCCCAATCATATGTGTTAAAAGCTGTATAAGCCTTTACAAGTCTCCTAAGATAATATAAAATTCAGTGACTATCAGTGGCGCTTCCTCCGAACGTTCTCGGACTCCAGGGCGCCGGTAGTCCTTCCAGCGTAATACAAGAGACGCGGCGGTCGAAGATTGCCAACTATCTATCGCATACCTCGTGTAATATGCGGCGAACCTTATTAGATCTGATTGATTACGTGTCCTGCGTGGTCAAGCCGGCGTCTGTTCGTTTGGATGCCAATTCTTATTAGTCAGC,1386,46.61,Saccharomyces cerevisiae
SEQ_488461,TGGCATACAAGCGATCCGATCATTTCAAACGTTCGACCGCTCGTTGATTGACCCCAAAGGCGCAATGGCGCCAATTCAGATTTGTCCCTCACCACTGATTAATTTTATGAGAGGAAGTCCGATAACACTTCAGAGGGAAGGGGCCGACATTTATTGACTTTGGCTTGCATGCATAAAGGACCCACGCCAAAATGGTCATAGTTATATCAGTGTAGGGGCAGCTGTCCGAAATCACGCCCGAACCAACTCCTTCTCCATATTCAACTCCGAATAATGCAATCG,282,47.16,Homo sapiens
SEQ_815165,CCGCCGTGGCATCCCAAACAACAGGGTAACAAGTGAGCAGTACGCAATCATCTAGGCCGTGGCACTTAAGATTTGTCCCGACAAGAAGTACATAACCTGACAGATCCACGGTGCCGATACAATGTGCGATGGAAAATGCAGATACGTTAGACGCTGCATGGCACAATCTCACTATTCCCGTGATGGGAGGAAGGATAATCATACGCTCATTAATCGTCCGGATCTATTGAGCCTTTGAGGTCACGGGTACTTTGGAATCTTGGTTGCTTAACGGGCTCTAGTGGACAGTACGAGTGTCACCGATCTGTACTCTAGTCTGCGCGATACATAACACATCTACTAACACGGCAGCATCTCTTGCGTATCACAAGAGATAGGGCCTTTACTTGTCTGCGAATCGCTTCCTCATCTGATCATCGTCCAAAGTGCCGCGCAAGCATGCCTGATTGCGGTTGTATAGCCTTCGTACAACAGGTGGTAGTTTGTCCCCCGATGTTAAGAAACCCCATCGTGGAGATCGTAGGGCCGTTCGGCTATTCCACCGTTTTCTCGCGCAATAAACCACTGGCCCCTTTCGGCATAGAGGCGATAGAGAGGGGGGCGCATGTATCTGTCAAGCTATAGATCCCCCGCTGACACTAATCGCGCTCTAAAACCG,658,50.46,Homo sapiens
SEQ_888854,AGTACTGTGGACTTTGCCAATTGATAACAAGGTATGATAAATAGCAGCTTTAATCGAGAGATGTATGGAT,70,35.71,Caenorhabditis elegans
SEQ_476473,ACCAAGCAGTGAGGTCCACTCCATTCGTTAATAACTGTAGGACAGACAGGCAGTCAATTGCCGGCCTGTTGCGCCCTGCGACAGCAGGCCATGTCCGATTCCCATTTGGGCCGTGAGATCCTTACGAGATCTGACTATGAGTGAGCTTTTCCGTGCTCTCCGCCGTCATCCCGTATGATAAAACCTTAGTGCCTCCACCGCTTTATGTTCACTTTGTCCTTACGTCATCGTTCGTCGTTTGCGTGGTTTATCTCTACAAGCTCCACTGGTCGAGCGACTACGTACTTAATAAGTCTCGGCGCTAGAACGAGGTCCTGTAGAACATCGAATGGCTCTGGTACCCGCTGTTAATCGACATAGGTTGACACAAGAGTAAAGTAACTTCAAGCACTGTTGACGCGCCTTGACTTCCTGTCTCACACCTCGATATCACATCGAGGGTATGGGGAAGTAACTTCTAGTGGCCGGAAGTCGCGCAGTTTCGACTAAGCTAAACATGATTATTGCAACACGATTGTAAACGTAGGAACCTAGCACAGAGCCAGGCATGGGTCTTCAAAAGCTGTACCAACTCTGGTAGGTAACCATTCAATTGATAGTAGTTTTACGATGTATACAATAGCCCACAGATCCAGCGTCTTGGTGACCCTAGGCCCGACAAGTTGTACACACCCGTCTGCGAGAGATTTGGGCCGAATAGATTACCACACAACCGTACCCACCGTTCCTGTACTTTTGCCTGTGCGGTAGAGTCACTGTGTGGCGAAGGGATAGCACGTTACCTGATGCGCGTCAGGAGCACGACAGATTAGGTTCCGGCTTTTGCGGTACCAGACCCACTGTAGAAACCTGTCTAGTTCCGGGCACATATTTAAAGCCGCATTCATCATTGGGCATGGTTGCATATCAGTGTTAGCTCTCTATGTCATTAAGAGGAGGAGGCTTCAAGGTCCGCTATGTCGGCGCGGTCTCTCGACATCAGAAACCGATTTCTTGACTCCTCACTGATTACGAGCTCCTCCGTTCACGATAGTCACTTTGTAAATAACTCTACTTCCTCTTTTTGAGGCGATATCGGACCGGATATTGGTCGACATCCGATCTTTGATCTTGCTGCATAGACGTCACAGGGTATGCCCCTATGACGCACTGTTCATCTGCGGGTACCAAGTCTGTCTAATCGAACACACAAAGCCGCCTACACTTCGAGGCGCTTAGTTGGACAGGAACGTCTTCGGACAACTCGTTTCGAGTTCTGTATATAGCTCTGGTGGTAACGACGCTTGTGTGAGGAGAAACATCTTTAATATAGGTGCCCTCCGTGATCTCTGCCTCGTAAGTTACGATTACCTGGGGTTTGCGGGAATCCACAGTACCAGCAACCGAGGACCCAGCGGAACGTTCGGAGGTAAGAGATTCAAGGGTGGCTACGGA,1434,49.79,Saccharomyces cerevisiae
SEQ_335602,TGCACCACTCCAGGGTAATCTTATGGACGGCTGTGCGCCTGCCGGACAGCACTCTCATAAGTAAAATAGTTCTGCTCCACCGACTACTGCTAGAGGTAAAACAAGCTAGTCTCCAGTCTCACTTCACGGTCCACAGTAGTGCTGCGCCCTCCAGTTACGCGAAACATAGATGCTGCCTGCCTATAGTAGAGTAATATGGTAACATCCGGGCATTCAGTACAGTCCGCCTGGATGGGGAGGAGCGCGGCTTGGATCCTAAACAGTATTAGCCCGATGCACTATAGCTTCAACCGAACCCCGACACGATTACTATCCGAAACCGACTAAAGGTATTTGAATCTTTGCCATACCAGGGAGACTAACATGCTAACCTTTAACGAAGGAGACGTTCGTACGGGGAGCTAGACCGACTGGACTATGAGAACCAATGGCCCTATAGAATTAGATTCAATCGTTATGTGACTTGAGGTAGGTAAGTGATTATGGGGAGGATTGCTTGTACTGACAAATTCTATACTTACTGCCCATGTGTCGGTGTAACCCGGCTACAAGGCATTAATCTTATTGCGAGATAGGTTTCTACCAACTAATGAGGCTTCCTGAGGCTGATATGCGGTTCATTTACTACACCATACTCATATTGATTTAACAGCGGGACCGGGTCGTGTACAGCTCCATTCAGCAAATAAATCCCTACTCAGATGAGGGCACAGCGCTCTCTACCGCCGCCATCGTTTCGTTTTGGGGGGATTTAATGGAGCGCCATCCTTGGGAGCAGCCGGCCTCCTACTGACACTAGCGAGCGTTCCGAGGAGTCCGGAACATTTTATATGCCCCACGGTCATTGTGGCTGCAGTCGGGTTAGTTTTATAAGGGGTTTTTCATAGCTTTGACCAGCGCTTGTGCAAGATGTCGCTTGTATGCCCCATAACGTTATCAGGACACGCCAACGCAAGCTTATCAAAGTCCATATCAGTGAGTAGAAATACAGGTTCTAATTTCTGCCTTGTCTACCTGTGAAGTTCTAGTTGAGCGAGCAAATGTGAGTGCCTAATCAAGAGTTTGATTAGGCTTCTGAAGCGTACACGGACGCTGATTCGAGCGACGTAGGGATCAGCCAACAGGCTGAGCATATCAAGAACCAGTACGTTTGTTGAGCTCACACGGTGGGGTGTCGTGACTAAATACGTAATCCCATTTGAGTTATTGAAGCCTCTTGCATGTGCTTTACATACTCATTCCATTACGCGCTCGCTAATCCTAGACTGCACGTCTCATGTCGAGGTCCTACCGCTATTTGGAGAAAGGTACATGCGAGTTACCCGGAGGGGTGTCTATGACAAGTGCAGCTGGAGGTTACATTCTTATCGAGACGTGACAGATGCTGTGTCGCTTGTTTCAGATCCGCATACCATAGGGCAGTCCGAACAGGTGCAAAACGCTGTATGGCCAAAATAAGCACGTTCAAAATCCTCCTATTATGAATTTCACGGCGGGGGACACGAGTATCGGTGTAGTACGGGGGCAAATACATTGTCAGAGTTTTTTCGAAACAATGACAGTAATAGATGGGCTAGACGCCCGGGGAGCCGATCTCCGACAGACCCCACGTTGCAATAGATCAGTAAGGGCGCATATAGTCCTCGGGGGTTTATCTCATTGCAGGTAAGCCTTGTTTGCACCAACATCCGATCGTTTTGACAACTCGTCGGGGGCAGGAATTAGTGGCAAGGCTCTTATTACAACGTAGGGTTTGTTTGCCGAAAACCGGGTCGGCACTACAACAGCAGTATACTGGAGCCACGCAGCTCAACTCGGCTCCAATACCTCGTTTATCGTGGGGTTAAGTTGTTACTGGCCCGTTAGGGCGCGAGAAGGCGCT,1882,48.94,Saccharomyces cerevisiae
SEQ_737976,ACGCAGAGCGCTGACGTCAGCGTTGGAGGATTACCTGTATGGAGCATACATCGACTACAGATCCAATGTGCAGAGCGTAAAACAGAGAGCGCCAGGAGATAGAGGAACACTTGAAACAGGGTGCACGGCTATTGTGCAGTCTTGAGCAGTGCAGATCGTTGGGTAGGCCTCCTTATCAACTAGGTACAGCCCTGTCACCCTCATCAATTCACTCGGCTACAAGCGAGGTGATTACAACTAAAATGCATCTGGCAGCAAATTCAAGGGGTAAAAAAATGAGAACAGAGTCACAATGGTGCTGGTACCCGTGTGTATACTTACGCTGCAGCATCAAAATACTGGGCGGCACTCTGCTACTATATTAATATAAGCGCTCAACTCGATTAATTGACGGCCTCGCGCGTAATGGGGTCTCGGTACCCAAGGGGCACTTTGACGAATCGTGTAGTGTGGTTACTTCACTTGGTTAATGATTTTATCGTTGGCGTTCGTTCCGCGTGTGATTCTACAGGA,513,48.34,Homo sapiens
SEQ_313488,TGGTTTTATTCCAGTCGTTGATCTGTCCGGTCAGGGCCTGTAACATGGTTCGGGAAGATGGGATATGTGCCACTCGTTCCGTCTTTCCGAGAGTTCGGCGGGAGTCTTGTAACTAAACTTAATTCACGGTTGACGTCGGTGACAGTGGGATTGAGGGTCAGTCAGTCCTCTCGAATTAGGTGTTGGGCGACGGCCCTAGGCCAGGAAAGACCCCGTTCCTGGCGAAGTGACAACTTTTGGACGAATTCTAGTTGAATGAAATATTACGACTAAAGTCTGCTACCACAGCCATATTATAAAAGCGTGACATTCCACATAAGATGATTTACCTGTCGTAGTAAAATGGTTGCCAGCTATAAGTGATGTTGTTATAATTCGGCGACGTTTTTACGTTTCACATGGTCATCACAGTGCGCGGAGATAATATCCTGACTACCGTTTTATACGAAATCAGCAATGCAGATTTTACCCACACAAGTCCTGTTTTTAAGCTAGTCCCCGGCGGCAATCGGTCGTTAGCTTAAGGGGTTGTGCCTAGTCCCTGTGCATACGACGCTTAAGTTTTCACGAGGCAATTGGTCATGACTACACCATATGCGTAACATTCTTCCAATCGGCCATGCACAGAGTACAAACTATTGTCCTGGGTGAAGGGTGGAGGTTGCTTACAGGTAGTCGTTGCAGCGCGTACCTCAGTAGGCAACCTCAGGCCACTAACCATACGAATTGCATGGCAATAATGCACTTAATAGAAAGCTCGGTCGACCTCCTGGACCAACTCCCGGGGAGCTCCTGGCGTGCTTTCCTATCAGTGCGACCTCAGACTGCGACGCAAGTTTGAATGAATCCGT,851,48.06,Drosophila melanogaster
SEQ_539871,AATGAATTGAAATACTTAAAGAGTATGCTGCTGCGAGATCCTAGCTGACATGGGGTTTGCAAATCATTCGCGAAATAATGGATCGCCGACTTGATGTCTCTCCATGTGTTTGCGAGGCACAGACGGTGCTACGTGTTCTCCCGGCCAGGTCACCGATGCCTTCGTAAATTGTGTAAGCTCGAACCTTAGGTCTGTCTCCGCGCACACTATGAGTGAGACATGCTTTCTGGGCTCCAACGAACCACGACGTCTTAGTTTCCGTGCTTCACCCTAGCACAACAGGTTATTATTTCCAAGAACCGGAGACTACCTTGTCTTAGTGACTTTATCCCGAGCGCCGGATGCTCATACAGACTGGTATGTTAGCAAATAGATTGATGGGGAGGCTTGTCAGTCTGATACCTTAGTTGGTATGATTACATCTGCTGTGCAAAGACTATACCTTTTTACTGATCGACAGTATTACGGCCATGCTCCGATGGGTCCCTCAGACCAAACGTCTTTTGAATGCTTCCTACAATGAATGTAGCTCATATCACAAAGCCGGAGAGACGCGTACAGCGGAGTGTGAGTAGCCCCGACGCACTCGAATGAGTTAGGCTGAACAAGGCCGTCTTTTAAACGGCGGAGACGAAATCTTAGTCATATTAACGGAAGGGCTGCAGCCAATCCATGGTAAGGTGTGGCCATCTATCCCTCTATCTGCTTTCGGATTATCACGTCAGTCGCCCACTGGTAAGCTTCCCGAGACCGAGCTACTGTACTGGTGTAAAATGTTTTCCGAGTGTTCACTGGCCTTCAATTGCATATGCGGACCCCAACTGGCACCCCCCCTAAACCACATAACCTAAGTGTAATTCCCGTAACAACCGAAGCTTTCAATCATCTATCGACGGATAAATTCGGCACCTCGAAAGGTTAAGTTGCTTCTCAGTGAGCAATAGCATGCGAACCACATTAGACGTCACGATGGGCTTCGGTGCATTTCCTAGTGAGTGTTCCATATAGTCATTCAACAGAGGAACCTTCATGGTTCGGGCCTGCCGTCCAGGGTTAGCGATTTATATCGTCGCAGCCATATGTATGCACCCTCCGACAACTG,1102,48.37,Drosophila melanogaster
SEQ_884597,TGATACGATTTGTGAGCCCAAGTCTAGCCAGTTATGATTAAAGGCCGCTCTCTCAGCTACTAGTATAAGCCTCCCCGGTATTTGCAGAGTGGATTAAACGTTAAGTGGGACGGCAAGTTTCACATTATGTTCCGCTCTCATCCTTCTTTCGGGCATTTGGAGATGAATCTATGCAAGGCGACCAGGGTCCATCGCATCGGCGACTTCAGCCCCCGTATATCGTGGTTTCCACCCCCTCATACTCTCCTAGGGGCTTGTTTCACCAGGCGCTACGTAAATAAGATGCAGCACGGCTCTTTTTCGCCAAAATAACAGACTGGCAAACGGATCGCAGGTAAGCCTGACTTATCCAACATTCTATTCGACAGGATTTGTAGCCGTCAGGCTTCCACCAGTGGTAGGGTTACCACCTATTTAGTTTTTCTCTGTTGTTGTGGGATCTTTTGTAGGGATCCTGCACGGGAATAATGTGTATCTGTGTTCCTCCGTCAACCGCCTGCTCTCTCTCAGCGTGTGCAAACTCTTCTCAGCAGCTAGTGATGCAGCACCTATCAGGTGTTGATCCGACTCAGAAGTCATAAGCATGTTTGTAGTCCCACTTTTATAAGTGCTAACCCGAATCGCATGCTAAATCCATGCCCATTTCTTAACGTTAATGGCGAGCCTTGGACGTCACGCAGGATCCGCAACTCGAGCCTGTGGCAGAATTAGATCCCATACGCGCGCGCATGTAGACCGCACCGTGAGATACCATGATGAATGTAGACTCAGGCCTAATTAACGTAACCCGGACTCCAATCTGCATTCCCCGAGCTGCTGGTCGCAGAGAAGAGACAATGTACGAAATCGCTCCTTGGCTCGAATTGGCCCTGCCGCACATGGCGGCTCATCATACGCCAGGATCCACATACGTTTGTATTGGGATCTAAAGTGGCTAGAATGTTCTCTCGCACGTGTGTATGTAACCATCCGCAAATACGGCTAGGCGCCTTACTGCTGGGCCCGAGATAACGGTGTTACTATGGGCCTCTCATTTTGTACTGAAATCCATGAGGTCAGCTGAATTAGGTCTAATGGCCAGCCAGCCATCCTGGAACGCACATTCTTATAGCTATAAGCCGGCACCCGTGACAAAGTAACAGTGCGCCGTGATGAACTACCCGCCAGCGCGGGATACGGCGTCAATATAAGCGCACCAACGTAGAACTCTTAGGGCAAGGTTATTTTAATACGGCAGAGACATAACCGGACGGGTCAAGCATTTAACGTCAGGAGATTGGCGCGTCGAAAAGGTACCAACACCGCGGGATTTTGCATAATTATCTAGATCGCACCCATGCCAGATTGGTTCTGCGTAACACGCGCGTGTCCAGCAGTTAAGCCTAGAGTTAAACCAAAACACTCGGGTACTTCAGGCGGATACTACTTCCGGTGCATAGTCGTCCACTCCAAATCCGTCGCGGACCGGGATATGTACAAACAGTCGTGCCTGAGCTTGAAAAGACTGCATCCGTTGTGACGTCTGGCAATATTTTAGATCACACACGTTTTCACCCCGTATCGGTTTGACTGGGCACATGTGTGTGCAGCATGGAATGTAAGGCCATACTCGCGCCACTGAAAGCCCTAACGGCTCTGTCAACAATGCCTGCTCGCACGTATTTTCTCGCCGTAGCGTTTCCGGATAGCCCCATTTCATGCATTCCGAAACTATGGCTAATTTACGGTCAAGCTTAATACTGAATCTAGGGGTCGCTAACGATCGCTCTCTCCCGGTTGCTAGCGCTCGCGATAGATTATAGCTCACTAAGCCGAGGCCTT,1821,50.08,Caenorhabditis elegans
SEQ_816418,GTCCGACTGGTTCTATGGCAACGAGCTCGTTACTGGGATGAAAAAGAGATCTAGATTTCGGACAGCAAGCGGTCAACGTTGGCTCCTAAATCATTTTCGGCTATACTTGGATTCCAAGTATTATGACACTCGGTTGCTTCTCGCCCGCAAGAATCTCGGTCGTAAGGAATAACGTTTCGTGGGTAAAAACCAGGTCATCCTGTTCAGAGGCAATCGTATCGTCGAGTCCGATCGGGGCCAATTAAGTCG,249,48.19,Arabidopsis thaliana
SEQ_227379,CGGAGAGCACTCGTAGACCGGCGGGATAGCGTCTAGGCCACGACTCGCTCACCCACTATATGGTTATCACAGACACCAAAGCTTTGCTTGGCCCCGACTGTAAATGTAAGCGCATGAGCTGAAGGAGCACGGCCTGACCTCATATTGAATCTCTACCATTATCACCCCCGATCAACCTAACCTCTTCGGGTAAAAATACCATCCTTCCTTTTTTACCCAGTGAGTATAGTATTACTGGAGTTTTTGTCTGGCAGTTGCGCGGGGTTAGAGCAAAAAGGACGGTTGGTTGGACATGCGAGTAATGGGTGTCAAATTCTCCTCTGTCTTTAGGTCTCTATACCAGCCTGGCGAGATAGGCTCGACCTGCTAGGGTATAGAGTGCTCGGACTCCTACGCGATTATAAGAAGCGCTTGCGGTACGAAGGAGCTTTGTAGCCGTCACCGGGACAGGAAACACTGGTAACCTTCCCCCAACATGGTTTTGCCAGCCTGCTTTATTGCAAATCAGAGGCGTCTAGTGAGACATCGGCTTTCAGAACATTTCAAATTTACCCCGACGAGAGTATCCGTAAGGAGCGGTCCTAGGTCACTTAAGGAGGAGCGAGCTCCTGAACGTTAGGCGTCAAAGACCAGGGCAAGATGAAGCTTTTCTAGTATAGACGTCACTCCTAGTCGAGCGTAAGCCAACAGTCACGTCCAGTCAAATGCACCGCAAAAGTCAGTACTTCTCAATAACGCACGCTCTACTGCGATGTGTGCAGACCCACTTCCCGGGACCTGGGTAGACTCACTGCCACTCCGCTCACTTTTCGTGCGAGGTTAACGGCGCAGCTTCCGCATTGTCCTCTGCTCGACAGATATCTGCTCCCCGAGATACTGCCAGTCCATCAGTGGGTTCCTATGAATACCACTAGCCGCATGCGGATGTCGTTCCGCAAAATTACTACTGCCTACCTCATACCTGTTGGCTGCCGTCGAAACGATTCGGGGCCTCGGTTAGCGGGCTCCATCGCGAAGCCCCACCAACACCACGGCGAGAGTAATCATCTTGACAATGGAATAAGCTGTCCGTTCAGCACGCTACAGGCTAGCTCGGCTGACCTCCTCTAGGAGGTAGGCTTCGCGATAAGACGCCCTAATGCGTTGAAACTAACCAAGCTAGTATGCCTCCGATGGAGAACGTCTGGTGTCTTTGCTTTACATAATTAAAGTCAGCTTGGGGGTTCCCAGGCCTCGTATCTATGAAGCACCAGGTTTCTGGGTTTTTAAACCTTCTTCTATATTGCAGGCGAAAGGCTCTTCTCAAGGACCACACATCGGTTGGCGTGAGTGTCGTAAACCGGAGGCCCAGAGCCAATGGACGGGGTCAATAAACCGTCCCAAGTTAGATTAGTGAACTTAGATCTCTGCAAATATACCTATCCCTCTGGGCGTGCCGCTAGTCCGACAAGAATAATCGTTTAAACCCATGAATACGTCTCTTTTGATTTCTGGCCAATTCATCTGTCGCAGACGATCTTCGAGAACATGGTCTG,1535,50.88,Saccharomyces cerevisiae
SEQ_395628,ATATAATGTAGCGAACCCCATTGCTCATGTCCACCGACTTCGGAGGTGTACTTTAAGAGTCTAAAATGACATGTGTCGAGAGCGGCCGGGTTCGGTTGAGTGCAGACTCCTTACCTTAATGATTGTTATGACTAGCTACCAGCTCGAAGACTCCGCCTTCATAAAAGAAGTATGTATTGGCGTCACAAGAATTTTGGCTCCCGCCTAGTCAAGCTACACGGGCAGGGCGTGGGGTCCCGCCGGACGTATTAAGGGATTCGCAACCGGGGGTACAGTTCGAAGCGGTCCGAAATGCGCTAATTGGCCTCCACGCCAATAGTTTTTTAATTACGGTAGCCCCACGGTGTTAGGTCTACCGCCGAGAAACAAACATAGAGAACCGTGTTTTTGTCATGGAGCCCGCTGGCCCCCACTATCCCACTTATATGTCGCGCTCATACTACCCCCATGAGCCGCTGGGGACGCATGAATACATGAGTGTCGGGCTTGGCAACGTACTTACCGCCATGCAGGCTTAACCAAACCACCCGCGCGTGGCGAAGAAGTCTACCAGAAGGTGTAGTAGGCTTGAGAGTGACAGACACGGCGTTCCCTCCATAAATTCGGGGGCCAGCCAGCGGAGAACGTACCTGTTTGGTAAGGCAAGTCTCTGTCCGGTACAATTGTAACCGTCTAGTGCCCTGCGTGTTTCCCCCTTCCATCTCCTGCCAGGAGAAAGTCCCATGTTCGAACACTCGGGTAGATGCCTACGTTGGTATGAATTCTGTTGCAGTAGATGTCTAAATATCCGCGGTGGACGCAGCGAAGAGTGCCAACCGCGCATCTTCCGCTGACTGGGGTGATACAACTAATGGTCATGCTACTTCAGATTAGACGTGGGCCGGGATGTCAACTGAGCGGGACAATATCAGCAGGACCTGGAGCCTACTCCGCTTAACACTAAGATGTGGTACGTAACGGTCCTGGGTTCTGTCTGGTCCTACCCCGTTAGTAGCCTCGGTTCCTGGCTGTCCTCTACCATGCCGCTACAATAGCTCTCAGCGGAAACACCGCACAGACTATTGTCATGACGCATGCTGTGCCTAGGATCTCGTGTCACTTTTAGAGCTGAGCAGCGACCGGTGCTGAGACGATTGTCGGAGATACACTAATAGCCCACTGATAGCGGAGATAACCCTCGAAGTAAAACTGACGAATCATGTATGGAGGAATAGTACGAAACCATCGCAGAGGAGCATCCACATGCTGACGTGAATAGAAGCGTACAGAGTCGTTTTAGAAGCCAAGGCGAATAGGCGCTGCGATCACTACTTAAGCCTCGAAGTGCAGATGCGGACTTCAAATTAGTTCGAGCAGAGCGGGCCCGACCGCCTTGGACGATGCAACTCCTACAGTCGGAGTGTGTCTCCCAGGGCCTTCTCTAATAGGTCGACACGATTGTTAGCCAGAGTGGCTTCCCATCCGTAGGCCTAAGGAGAGTATTGTGACATTCGACTCATATATCTGGAAGGCTTACGTATGCACGACTGATTTGATTGCTGACGCTCACCGCAAACATCATTTGCGGGAACAAAGGAGGCCTGACCAGAATTGGATCAACCGGGCGTTAAAAGACTACACGCCTGTATTGACTTTAAACCACCCTGGTGG,1650,52.0,Drosophila melanogaster
SEQ_647833,AACTTGTCGGCTGGCACATGATCTTCGCGACCCAGAGTGGCGGATTGAACAATCCGAAACCCCGGTACGATCCCCCCAAGTTGGTTATCTCGGTAATTACCTAACTGCCCCGCCTGCGCATCCGCCTTAAACGTGCAGAGTTCCATACCCCGCTCATAGCATTTTAGGAACTCAAGTTTTTCCGGTCTTGAGTATGAAACCGTTTACGCGCATAAATACGGTGGATAGAACAATGAACACCTATAGGTTATGCAGAATACTGTTCTGCCCGCGTACTAAGCAGAATGCCGCAGCGTTTCGAAAGTCGCGGTTCTATGTGTCCGGAGTGCTTCTGACAGTCTAAGCCAAATCCGTCATCTGGTTTGGCCCTTTGGAAGGGGGCTTATCTACGGCGCCGCACCATGACTTAAAATTCAAGCTAGCCGCGGCCTTGACGATGGCGGCGTGTCCTCCAAATACTTTGATCTTCCAAAATAGGTAGCGTCCAAGCGAAGAGAACGATCTGCTTGTTTCTGATCCAGAGATTTTCATTTTAGGGCTTGTCATGCTCAATGATAACATGGCCCACCCTTCCAATTTGATACCCCCCACGCGTCATGACTTAGTATCGCGTGCTTAAAGCCTTTAGCGTCCTCACGTGCTTCTTCGTAAACGGATATTTCCCGTATCGCGTCTGCGACTTGATCATCCCCGTCATCAAAATGCGATTCCCTTCTATAAGAGGCCTCTAATAAAAGAGTTCGTAGCCGACCGACGACCTAGCGCGCTGGGACGTGCTACGGAGGGAAAGCTTCTCACGCCGAAACTATCTTCAAGAAATCTCATCGACCGCACATCGCTATTCAACGGGGCCAGGGGCTGAAAGGGAAAAGGAGATTTAAAAGGTGATAGGTCTTTTTCTTGATGTTGAACTAGGTATCAGCGTCTCGGCCTGGGCATTCGAGCAATACCGGACAAACATTTCCGAGAAGTAGAACTTCAACATAATGCAATGCTAACGACTAAACCCAGTATAATTTTTGGGAGTGAATCCCGCGAAGGAGGCGATTGACTTTTTCTTGGTAAAGGGATGATTCCAGATGGGCCATTGCTGTATTAGAATGTAGCTAGCTCCAAGCATCCACACCGTACACGATAAGTCCGGTAGCAATGCTGACCTCTGGCTTGACGCATAAGGTGCAGGCATTGATCCAACGCATCACATCTGTACCAGTCGCATACACCTACTAGAACGCATCTGCGGTTCTGGGCCTTTATAGAAGAATGTTTACCACTATGTTAATCGTACGCACCAGGTAGATTTAATTCTACGAATATTCTTTTAAACCGACTAAACACAACGGACATAATAAGAGGCCTGTCTCGTAGTGAAGTTCATGACGCCACTAGAGTCGGGATTTGATACTTAAGTGAAATGTGGTGGGCCCGGAGATCGGTATAACCGGAGTTTGAGGTGTCATAGCATCGGATCAGCGAAGATGTTTTTCTATACTGTTGTAGGATCCACCTTCACCTTTCTTCAACCTGTGGTAAATGTACTACGCCTTATTTTGCCCCCGATGAGTCTTGCTCATAAAAGAGCTATTAAAGCTTGTTAGATACGCGAAAGTCTGGTAACGAAGGACACAAATCTTTGTTACATTTTTAGATGCCTAATATACTGTCTGTCCAATGTGTCGATCGCTCTAGGGTCCCTCGAGATTATGTTTGTAATAGCCCGTGATACGCGGTGGGAGATCC,1740,47.13,Saccharomyces cerevisiae
SEQ_922149,CGGAAATTTTACCCGCTTAATCGCGGAGCTGTGACCTTCCACCCGGTCTGTGGGTCAATCACTCTCAGGCTCGTGCGACAGACCCTTCAAAACATCACCGGATATACGGAGTTATGTACCTAACGCCCGATAATGCGAGTTGGTCACTCGTTGCTACAGCTGAAACGGTTAATCACAGTCTGTTGAGCACAGCCCCCTCAGAGAACGGTCTTCTGGGGGTTTCAAGGACCTGGTATGCCGTACGATACACCGACAAGAATGGGCTGCCGATGCGCGACTCTTGCTAGTGGTGCGCTCAGGATCATGCGGCATCGGTTTTTGGGGAGATGGGGACAAAAAACTGGCGCCCCGAGTTGAGTAACGCGTGGGCTGCCCAATAGTTACGTCCCCACCAGCAACTCATTATTAGAGCAAGCGGTGCTATGGGTGCGCTCCATCCTCCCTCACGTATCGACTTGGGCTAAATCGGAGTGTGTGGTCGCATCAGGAGACAGTCAAGGCATAAGAGTGCATGTAGTGTCTCACTCAACAAGCACTTTTCGATGGGTTTGGAATGGAAAAGAATGGCCCGGACTTGGGGGCATTGGGACCAGCCCACGGTTTAAATCCATCAAGTGAAATGGGTCCCAACGTTCACAGAGAAAAACAATCCCACATTACGGGAGCAGCGGGTTCGTACCTACCATGAATTCGGACCTCAGCAAATCCCGTTACTGTGCGCTAAGGGAAAGGTACCCAAAATCGTCCACACAGTCAGTATCGCTGAACGGCAGATATAGTGTTAGTTTCGTAAGCCGTTGAGCAGCACTTCCTCGAGTAGGTAAGTTTGCCACGCAAAGAGGCTTGGGTATGAAATATTGTAACTGAGAGGTTATGGTTAGATTTCTTTCTGAATGCTATGGGACAGTAGAAAGCCACGAGCGGCTGGGACTCATGACAGTCTTACACCCCCTCGGTCCGTACACCAAGGTGCAGGTTAAGGCAGTTTTAGCCAGCACTTTAACGCGGAGCTCTCTCCATCTTCCTTTGTTCTATATTCTTTTCGATTGCATAGTCGAGTACCGTCGGTGTTCCCTATTCACCGCCTGATTATTTTGTAGTAGTAATTCCATGCGCCCTGTCGCCGAACACACGGAACGGCACAACAACCTCCGAGTGTGAGACACCAACGATGATAATCTATATGTGTAGGGTCTATATTGTCCATCCCTATAACTCACAAGTTTCTGGATCATGAAAGACTAGGGAGGGGAGCATCATCGCCATTCGTCCAGGTCACAAATGTCGCTTATTTCTGCGATGAGATCATAGTACGCGCTTTATGGGAGAGCCTCGCCACCTTGACCCGCCTGTGAAGTAGCGGGCTAGGCTATAATTCCAAAGGTTGGATGGACAGGAGCATCTCTTCCACGGAACTCTAAGCACTAACCTTAGCATTCCAACCCCAGAATGTGTTGTGTTTACCCGCCTGCCTAACGCGTCCATTAGGCGCTTACCCGAGTAAATGGCAGTTATTTTAGGGATATCGCA,1530,50.33,Drosophila melanogaster
SEQ_916642,CTACGGGGCTCGATTGATCTATACTTGTGATCTTGTACACAAACGACCCCGAACCAGTACCAAACATCGAGGCAATCAGTACCTGTTCCATATGGTTGGATATCCCTTCGTCTTATATATTAGTAGGCTATATTCTGAAAGAATTGTCAGAGGCTAATCGATCCATAGTCTGACGCAGAATTGGTACTCTATACCAAAATACCATGTCAACCGACACACTCACGCTGAATGGTCTGAAACGTCTGTGGGGAGGCGCTTTGTTCGACCACCATAGGGTACATGATAGCACCCCTAGATGGGTGGGGCGCGCCAAGACAAACATTTAGCAGTTTACTTTGTAAGGTCGGGGAGCATTGACATTTTCCGGGCCAATATGCGTTAGGGTGAGAACACCGATCATAGTCACAATGTTGTTACGCCTTAATAACGGACAACAAAGAACGGGACCATCTCTTTGTCTCGTCAGGACCGATAGTGAGCGGTGGCTTTAGGCAAACAATGTATAGGCCCCGTCGATGGAAGGACATACGAGCACCAGCGGGGCGACTAGTCACGTAGTTAGGGTCCCTTAATTCTCAGGACTAACGATCTTGTGCTGCTAAGTTATATCAATGATGTTTTAAGTTTAGCTACACAGCGGCATCAATTTCCGATTGCCTCTCGATAGCGGGGAACAAAACGTATGTCTAACATATGCGCATCTCCCCAAAGGGATCA,717,46.72,Caenorhabditis elegans
SEQ_210592,GTGTCTACGAGGGGACACGCTCTCGAAAGTCAGCGGTCGATTCGAGTCTTGATCGCGTAAGGGGAATCACTATGCAACAGCTTATATGAGTCTTAAGGAACTCCTGGTATAGGCACCATTCACGATTATCCCATCGTCACGCCGCAAATTTAACCGAACTCGCTCGGGGTCATGTTTGGAACTCGCCTGACGACGGATGAGGAGGTTTCACCTTAGCGTTACCCGCTCCTGTTGTCTCCTATCCTCAGCGAAAATACACCGTAAGTAAGCCTTCTCATGGTGACTTTCACAAACGATCATGAGTTGGGTGCATTAAGACCGTAGGGTTCTCCCACACGGCATGCTTGTCACTAAACCCGCTCGAAAGTCATGCTCATTGTTCACATGTTTGCCGCTGGCCCGCCCCAGACAATACCTGCTACCCGAATCCTTATGAGAGCATCGTAAGGATGTTGTCACTACGGGTGGCATTAAGGACGCGCCACCCTCGGTTCGCACACATCTATCCATCTCATCTACACGTATATCTTACCGCGGCGTCAGTGGGCTCGAGCCCCCCCGGTGAGACATCTCGTAGGCGGAAGTTGAACGGAATGATGCTACTATGGAGGGAAGCCAGGTACAATTGTATGCGGCTCTAAGTAAAGCACGCGGATGTGGGCTAAGTTCGCGGACAACAGGTTACCGGGAATTCCGTCGGACCCAACGCCCAGAAATACTCATTTGTACCAAGTATGAAGCCTATGACCGTTCTTGCAACCGGTGGGCAGAATAAGGGGGGTTAAGCGCAGACCATTTTTAACTACAATAGTAGGTCGCTCATTTAAGTTTAGGTTGGTGTGTTTGTGGAAGAAGTTTTTAACCGCCTTCGAAGTCGACAAATTTGGTCTGGGGATCCATCAGCATGGTAATTCAACGCCACCAGGATATTACTCAACTTCAGCGTGCTTGCTCTCCCTATTTATGCCTTGAAGCCACCGGCGGGACTCTGGGGTCTCCGTAGTGTTCTGTACTTGCAGTCGATCCTGGCCATCTTTTTGTAAACAACGATTTGTTTGCGGTGAATTCTTGGGCACTCGACAATTATATTTAGTACCCGCCAAGACCGAACGTTAGCCATCATAGACGTGCACAGTCGCCTTAGCAGTAGATGATTGTACTTATTATCTTGAATATGCATGGTCGCCTGGCTTCATTCCTGAGGACTATTGGCTGATGTCGCCCTTCCTAGTTGGTCCCACGATCAGCTTGTTAGCATAGCGACGAGGCAATTTTTGTAGCTTTAGAAGTGCTGTATGGTTGTCACAAAAGATGTATTCCCATCGTAAAGGGAATAAGAGCTTTATCCTATGGCATCAGTACACGTCCCATTATACGATACGACAGAGTAACCTGCACACGTCCCTAGATTGAACGTAGGACAATAATTCCAGAGACGCGCACCCTTCAGGTTTAGCGATGAAACGTAATGAGTAGGTTAAGCCAAGTCACCATAGTTTTGGTGTTATAGTTGATATGGACTTGTTAATTATCCCATCGTGCCTGTTAATGTACGATAGACCGCGCTGGTCGAGAGGCTGGCTAACTTAAAGCATGTAATGCAACCAAACGATTCCATTCGCTTCCGGAAATAGCTCCTCAGGCATTTAGTATTATACAGCGGATATAGTATTCGGCACTAACCCATGGAGAACCTCGTAGCAACGTCTAGGGC,1714,48.25,Escherichia coli
SEQ_895056,TCTACAGAAGTTTTGAATCGATCAGATGACAGTTAACGAATCGGTCTTACCTCGAGAGCCGAGGGGGGCGGGTGAGCTTGACCTATAAACGCATTACATTAGAGTCAAGCCCAAAGGCAGTGAGGCTCGGGAAGGTACGTCTGCGACCAAACCAATCCCAGTGAGCAGCGAATCAAGCTATCGACAGCCTCCGCGGATCGACACGCCGGTCAATGGGATCGCCTTTATGCCTGTCGTACCCCAGCATCGAATGGACAATAATGTCTCAAGGTCTCCTCAGCTCCTATTGAGTGATAGGTAGGTCCCTTATCGTCGAGCGTGCAACTAATCATGGTGAGGCAGCCGCCGGCCAGGCTACAGGGACTTCAAGGGGGGGGTGATGTCAGCAGCCAGGTTTTATTATACTCCGCTAGGCCTCGCAAACTTGAAAATGGCGCGGTAAGCAAGGGGCGTTGTCCGCGCCATTTCGCAGGTTTCTTGAAGCCCGTGAGGCCGTCTTGTAACGTATCAGGACATCTATTTCACGAGATATAGATTAAAATAGCATTAAATTCGTATAATGAGAAAGGACCGTCAAGAGTAATTGGGTCGATACGCAGGTTCCATTGCGTTGTTATTGGCCATCTATTGCGAGGGTTGCCTTCTTTCGCAAGACATGCTAATGTGGATGCGGACCTATTGAGACTCGCAATGTTTATAACACTGCAAAGTCGTGACGAAACCTGTATTTAGTCAGGATATTCTCTTAGTAGTCTCCTTGTACTTGGAAGTTTAAAAGCACTTACATGCGAGTGAACCAATCACGATATTAAGACCACCTTAGCCTGGCTATCGTCCTCATAAAAATTCTGTAGAAGTAACCGCACAGTTTTTTAGGATGAGTTTCAGGTTTTTACCCACATGATTATAGGAGATGCAAAGATAGGGTGCCAAGTCTGTGGTCTGAGCCCCACTTTCCGCAAAAAGACGCCGATTTGCTTAGTGAATGGAATCATGCGGAAAACAACACGAAACTGGTGTCTAGCACGACGCCTGTTCCGCCCAGAGAATAAACGGTCGTCCCGTCTAAGTTCTAGAGGACCCACCAAGCATAATTCCGAAAGAGCGCCTACGCTTCCGCGCGCGCCTCGATGGAGTACAATATCGGGTAAACCGTAACCTGCGCCCACCCAATAGGGCTTTCAGAGTGTATCCGTAAAGACCAGTGAGTAACGTAGTATTAGCCACCATTATATTGCGGGCGCGGTTGGCTAAGGACAGTCGGCCGTTGAGCACACAGACTGAGTAAACCCAAGGACCTACTGGATACATGCTTCGACGTTCGTCTTTCTCGAACACTCGAACCAACAGTCGATGCTCTCCCCTCAAGTGGAACAACGACAGGAGAGTGTGGCTAGGCAAGATGTCAGCCGAACAAGTGATGGATGCTAAACTACGCTTAGCACTACGTTACAACATAGCTCGGACAGAGACGGACTCTAGTGGACGGAGTTTCGGCATCCCTTCTATCTCAGCATAGACTCGAGGAAACTTGTTCTCTAAATAGTGGGTTCGGACGCGGTACTGGGAATCGCGCGCATCGGCAATTCTAAGGACTTTGCCCTCAGGATGTTTTACAGGGTGTTCTTTAAAGACCTGTCTATAAGCGTTCCACGCCCGTTCTTAATGTTGAAAGACCTTAACTGATT,1688,48.87,Saccharomyces cerevisiae
SEQ_492209,AGTGTGTTAACATCACTTCTGTGGTCTGGATCTGAGAGAGGCTTTCTTTAATTAGTCGCCGTACACGCCTAGTTGCCCTAGTCTCCGTCGCATAGTGCAACAAGCTTCCGGTTTGCTACATGTCTTCCCTGTCGTCGCGTCCGTCAGGCATCATTTTGCAGGCCACGCATGTCGACGCCAATGATAGTTAAATCAAGACAGCACCAGACAGCGTTGTGGATATTGCTTCGGCAGCAACCCGTGCGACGCTCTGCCTAGGTTTCCCCTGGGTTTGGAGGCGCGTTGATCGAAGTTTAAATGGTCTG,305,51.8,Homo sapiens
SEQ_316133,TTAGCTGCCGCATGCCCATTTTAGGCCGGATTCGAAGTATGTGTGGGATGAAGATTAAACTATATGTAGTTCTCGGGATTTACGCTTTCTTATTACGTCAGTAGCAATGCAGCCCGTACTTTACGTATTGAAGAGATAGCAACCATCACGTCTAGCATTTTCAAAGGAGTTGCGCGACCAGCAAACTCTCGGAAAATTTAGTGGAGCCGTCCATGTACGATTTTAAGCCTGAGCGGTGTGTCAGATACAATCTAAACGAGGGTGACTTCTCTATCGGTTATACTACTGCATCGTGGGCTCTGTGTATCGTGAAGGGAAAGATCTTCTATCGTCCATCCAGGGGATAAGAGTGTCCGGAGTAAGGTTACAGATTCCGCGCGCAGAAAACCATTTCCAATGCGGCCCAGCATGCTCGTTTCACCCGTGTCGCTAACTAAAGGACAGCATGCCCGACCGTCGGCTAGAGCGACATAAATTCAGCCCTTCACCACGAACAATGCGTGTGGTGGCGCCTGGCCCTCCGTTGGGTGGCATGATAGTCGGGCGACGCTACAAGACCCTTCTCGCCAAGCCTCTGCTGTTGCGTCTAGAAGCTGGGAAAGAGGCGGCGGAGACGATTTCGGAAGTCAAGTAAAAATAACTGATGTAGACCTCTGCGTCATCCATATTAAATGGTGAGCTCATAGACGTGTTCAATGGCATCAAGCATCGGAACCGATGGATAGTTCCGCGTTCATATTTTGTCTGGATGCGAGACGGGCATAAGTTTTAACCTTTATCTGTGTCCTTAGGATTTTGAAGACAAGGTTAGCGATTGGAGCCAGGCGGCTGAAGGAGTCATTTTTTACACTGGAATCGGACCACTGTCTGGTCCGTAAACTTGGTGAAGCGGGGAGGACATTGGCGCACGAACGATTGTATCTCCTATCACAAGTGTCGCTTACCCAAACATCAGTGCTGTCCGGATCAATTATCAGTGCGTGTAGTTTGACGCGGTACAAGTGTGAAGACGAATTGCAGAATACTGGCTAGGTGGCGCTCGTTCAGAAGACATTGCTTCGGTTGTACCGAGAGTTCATTGCATAGGAGTCTTCCGGACCCTTGCAGCTCGACTACTTGGCCGAAAATGCCGACGAAGTACTTTGAGCTCTTGGTATGTTGGACCCCAGCCAATTCGATTTCTGGTGGATTCCAAGTTCTAGCTAGGAGGTAATAGAATGGGTGCACCCAAATACCCGAAGGTGGTCAGATAACTCGACGGACCCGTCAACATCCGGCGTCGCATTTACGCATGTTGTCCGGGCAGGATACGCTGAGATTATCGTGCTTTTATATGTCTATCTGAATGACAAGAGGGTAAGCACCACAAACTGATGGCACAATTCTAAGCGTGGCCGGCCGTTAGTTCGGGTCCGCCTTTTCAACCCGTTCGAATCGCTATCGGTTGCAAGATTGCTCGGTTGATGGCAAGGGACAGTAGTATCCCTGTTATGCTTGCAGAGCGCGACTGTGAAAGCGGATGCACGTATACGCTCACGCAGTAGTGACAAAGCTGGTTGAATGAGTCGGACTCGTGGTAAACTCGAACTAACTCCAATTGGAACTGGTCGAAGCCACCGAACACCGAGCCTATGACCGTCCACTCATTAGCGTGAATCGTACGGCGTCTATCCGCCATTAGGAATAAGCAATATTGTTCCACAATATGTCCGTACGTGTTTCACCTAGCCAACGGGTATGGGGATAGCGATAGCAACTCTCCAACCTCCGAGC,1773,49.58,Saccharomyces cerevisiae
SEQ_178308,TCCAACTGGGAGACACCCATTCCGGACGCTGATGAAGACGACCCGAGTGTCGTCTGGATCGGTAAAGCGAGATGCGAAGTGATTTCATGGTGGGGGCGGTACGTCCCTACCCAGGGCTCAGAGAGCGAGGAGCGAATGGTGTGGATTCATGGCGCTCGTACTACGAGCTCCTGACAAGCCTCCCCACTATATTTGGTGCCCGATCCTTATGTCACGTCATTGTACGTGAAGTGATCGACTAACGGTTTGCCGATGATCGTGGTTAAAAACCCTCGCCCCAGCATTACTGTACAGGGGTCGTGCTGTCGTACTCCGTGGCCCCCAAAAAACCTTATCATTAAAGCCTGAAGGCGGGTCCCCTTCGGCTAACACGCAACAGCTACTCAATCTGACTTCCAGATTGACATAGGTTAGTCTCGGCGTGTTCAACGTTGGTAAAGAATTCAGCTGCGGTCACTCGAGTATACAAGGCCAGCCGAGTGATTGTACATAGACGATTATGAAAACCACTTGGATAGGCACCACTATCTTCTTTCTCGCAGGCTGAATCCTCGCGGTCTAAGCTTGACATTGGGTGGAGTGGGCTGGTAACTTTGCAGCTCAAACAAGAGTTCCTTCTCCACTCGGTTTGGATGATTCAGATAGCCTGTTCAGGTTTACGCGTCCTAATCAGCTCGGTGCCGGTCGGGTTGCGCCTTACCGACCCTGTGCTAAAAATGGAGCATGCAGTGCACTTCTCTGCAGAAAAATTATAGCGGGCGGGCGGGAAAACAAACTGAATGCGGAGGTAAACCGGACGCAGCTGATTTGGTATTTAGCGAGCGAGCATTCGCCGCGTCCGTTCGGGTATCGCAATGTGTGAGCCCTATTTAGCACTAGTCTCTCGACCACCCAAGGGAGATTTTGGAGAACTCACTTGCGAGCCCGTTCATACTGTTTATGCGCGCCGAGATATTTTAAAGTTACCAGTCGTGCGCTTCTGCGACACGCCCCACGTGGTTACCTCGCACAACGCCTCCGATGGACAACTACCAGGGGATTACCTCAATATCGATAGGCTAGCGCTTTGGGCCTTTTTCACGTACAGGGGACTTCTCGTGCAATGATTGCCGCTAGAATCCACGCGAATCAATACGGCAAATAGGCAAAATAGTCCCGATTCTCGATGATGTGGTGGGGTAGGCACTTGCAGACTCACTATACTGGGGGACAACAAGAGAGTGTGCAATCAAGGAAGATGCACAACAAGATCTGTTGTGTCCCGCGTCGTAGCAATGGCGGTCGATCTCGCGTGAAGAGTGCCCTGACCTAATTCGGCCTTGGCCTTAAGCTCTCTTCCGAAATCCTGG,1349,52.11,Homo sapiens
SEQ_945449,TGGTTGGATCTCATTTGAGGCGAACGCGAGTGCAAACCAAAAATTTAGGTCTGAGTTCGTATAAGTGGGGCGCGCAAGGTCGTTGTTCGCGCAAATTGTTGGGCGTATCCCGCTTACGTAGTAAGGCTCGTTATGGACGCGACGTGGGGATATGTGAGCTTTTCGGGGAGACGTTCATTCTCCGAGGAGTAGTGGCTACTATGAATTCCTGACGCGACTAGTGGGGCTTAGGGGCTCCTGGCTGAATAGCACTCTCTCGACCGGTTCGTGCCCGCGGTGAATCAGCTAGGCGTTCCCAATAATCCATACTCTCCAAACGAGTGGGAGTGTAGTTCCGCACCTAAGCATCAAGTTGCCACCTCATTCTAAAGTCCTCTGGGCTCGGAAATCTAGCGTTCGATACGATAGCACATGCTTGAGCGATATATAAAGTCCGTGGCAGCTATCTACCATA,454,51.32,Escherichia coli
SEQ_519346,CACCTGAAGGACGTTGCAATATGGAATTTCGTAGAACAGCGGTAGTGCCAAGGGTCAGGCTGTAGAAGAGAGGATCCCGCACTTTTAAAACCGTATCGAGGACATAGGACATCCTCGGTGAATTGCCGAATGTCATCTGCGCTTTATAAGTAGCTAAGACCGACCTGTGTCTGATTGATGCCATCTGGTTCACTGGGGAGCTGAAAGGTTGGTAGATTCTAAGCGATAATAGCTCACCTAACGTATTTCCGCTCTCCTAGGTTGACTTAGAGATTAGGCCGTCAGGACTCTTGGTTATATAGCTATCATAGGGAGATTTGAGTTGAGGGTTTGTAGGCGGTAGTCGTGTGTCTAGGATTTCATCAGCTGGGAGCTACGCCCATCGTGAACTGCTTCCTACTGTCTCTCTGTTTGCAACTTCGTAGCGTATAAATAAGTCCTGAAAAAACCACAAAGTCCAGGTGGCCCTTATGACGCATTCAACTCTATTATCCTCCACCTTTAACATCGAGACAGAGGGAAACCGTACACATCTCGCACCGTACTTTAAAGTCTAAGGGAAGATATTAAGAGAGTCTACTCGCTTAAAGTGTTAAATAGGATGTAACCACATCTTGTTCGGCTCGCGAAAAGCGTGGTTCTCTAGGACCACTGCGAAGGCGTAGTGTGACTGAGGGTAGCCCAGCTTGCGGAGAGCCACATTGTCCGTTCACACCATTATTGTCGAGGAAAGGGCAGTCAGTACGAGCGGAAAATAAAGCCACCGTTTAAAAAGCAGATCGCCAACTCCAGTATTAAGTTTCCTTCGCTCTTCCATCTTTACTTCCGACATTAATACAAATCGTTAGTAGGAAATTTCTGGTGGAAAGAACTCTGATCCGGACATTAGGGAACTTCGCCGTTAACTCGTCAGCGTCTACCGCGAGATACCCTCTTTTGCTAGCGAGCCAAAAATCTATGTCTCCAGCGAATGATATCTCTGCTTAGGGCCAAATCTTTGCATGACCCCAGGTGCATTTTCGCTGGGTGAGGAACCGATCAGACAAAGACTGTCGGAGGCATGCGGCTACGGGCTAAGCCTATTAAGCTCACGCCCAGTTCGGAGCAAATCATCGTATAGTGCATAGCAGTCTTTGCAAAAAACCTCTGACACCGGTTGTGTTCGAGCATTCACACCGCGCAGCATGGCGTGTGTATACAAGGTGAGAAAGTTTCTCACAGATAGCC,1227,47.27,Arabidopsis thaliana
SEQ_529266,TTGCAGACAGAAGCTATTCGTCCTGCATATCCCTAGAATGGGGACCAATTGCGGTCCGTCACACACCAATCATCTAAACCATCGTCTGTGTTGTATGCGCTTGGAGGGTCGGACGCTGCAGAGCCCTTTCAGGTATGCGTCTAAAAGTTTTTGTAGAATTCTAATGCCGAGATAGTAAGCGACGTCGGCCTGACCGCTTGCCGTATCACTTGCATATTAGGTATGGCCGGACCACAAGACATATATTAAGGCGCCGGATGCATTTGGGATGGATGGTCGTCCGCCTGAAGGCAGCGAAACGCGAGAACGCTACATAACTGGCAAACGCTTAGAAGCGGATACCCCTTTCCTAGCGCAGTAACGTTAGCCTTACGGTGTCTGTCCTAAGAAAATTGAAGCCCACCTCAGTAGCGCACTCAAGGAACGCTAGGTCTACGCAAGCAACAGGATCAAAGCGAGGTAACATGGATCCTAGCGCAGCTAATCCCTAGAGAATTACTGTCCTGTGGCTTCACCCCCTACTCTCAATTGGCTCTCGTCCCCAGACGTACCGTAGTAGATCGCTAATGTATCGGAGAATGTCCATAATTATTCTACCGCTGTAGACACTCTGGAGGGACTTTGCATCCTTTCTAGGCTCCACCGGCACAGTCGAAACATCGGTATCGTTTAAAATTCCACTGACAGTTGCTAGTCATTAAGCAGCTGCTGTCTTTTTGGTGCATCCCTGCCGAAGGAAATCTAAGTTTCTGATAGCCCGGAGTAGGAGGAGTGGTGCGGTCCAACCAGCTCCAAGGCACCTAGGGGGGGTAATCATGCGCCTCGCCTCTCAGCAATTCATCAATATAAAACCACATGCACCGACATGCGGGTCGTGCCCCTGCCGCGGTTAGGAGTGTAGCAGGCAAACCTCTCGTTAAGCCCATTGGAAGCGGACCAAAACCGGATCCAATATCTGACTAATCAGTTATGCCATTATCTTAGCAAAAGCATATGTTATGCACATTGCCGGCGCCATATTGAATCTACATATTATCACGGTTGTGCTAGCACAGGCCAAGCAGCCAGGAAATGTACGTCAGGTAGGGCCATACTTCTTTGAGCGAGGTCCGATAAGCAGATCTTAATGGCACCGTGTTCGGGTGTCAGACTGAGCTTAATTCCTGGGCCTTACCTTCCTTGGGCCCCTATATGCTGTAGCGCTCTTTTCGAAGGAGAATTACACAGTCCCCCGGTATTCAATTCTTTGATGAGCTTTTAAGAAGGGTCATAGGTGGACCTGATTCATTGACTGTGCTGACGCGCTTCTCGAGCTCACGTGCCTCTTGCGCACGTGTAAGGACAGTGTCGGTCGAGACGTTTACGCGAAGCTTAGTCTAAGCCTTAGAGCAATTTGACTTCCGTATGTGGCAAATCTAGTGAATGACACTCGAGTCGAAGCACTACACTCCCACACAGGAACTACTGACTATCTGTCGGCCTCACCGAGCCATCGAGTCCGGCTCTGACAGGGTCCTTGCGCTCGAGGTGACAATCAGCCTACGTCGAGTAGACGCAGGGTACAAACACTTGGACTGTTGTCGTGCAAGGTCCCATGTATAAATGCCACCAAGACCGCCGCACGCCGTGCGGCCTGCTTTGGGGTGTCAAGATCTAGTGTGTTTGTTTCACGTGCTGGTAATAAGTTAAACGGCGTCAAAATGTCCGTTTAATCACAGCCGATATGGAGCCTGTGTATGGGGTAG,1745,50.49,Saccharomyces cerevisiae
SEQ_555645,GAGCGCACCCGCTAGGGGGATTAATCAAAAGACGCCGATGTCAAAGCATTGCCTACACTACTCACGTTCCGTGGTCGTTTCGACCTGGCCGTCGGCAAACCCGGTTATCATCTCACCAGCGCACAATCGTTACAAGCCACTTACCGGGTGAGGGAGTCTAGTGGGCTGGGGGAAGGTACGGGTCGGAAGATGTTGCTGCGCCTCACCGGAGTTGAGACGTAAAGAGGAGTTAACGACTGGCTGGCAATTAGAGACAGACTATCGGTGCAGAATGCCCTGTACTCAGTCTCCCCACCCGACTACAAGATGCCTAGTTGAGACTTTTAATGAGAAAAAGTACCAATCAAAATGCTTCTAGAGTCTCCCAGGCACGGCCACCTAATACATCGTGCGGTTGGTCAGCTTGCATAGTATTCTTCTGCATTGCAGCCAGGCGATGATCGTCCCGGGTAGCATACGGCCATGAAGGTGCTAATTGGGAATAGGCCTTGCGCTCTGCCATTATAGATTACATTTCCCGCTATTTTCGACTAGTCAGAGGCGCATACGTTGGCACGGCCCGCGAACTAGAATTAACGCCCATCTATAGGTAGGTGAGAGTCTACTTACACGTACATAAAAAAGATCCCATCCGTAAGGTTAGTCTAACGCTATCCTCTCACAATCTTAAAAAGCAGCAGCCAGGCCTTAGAGGTTCCGGAAAAACTTACGGCTTTGTCCCGGTTTTCCGGGAGTTTAGGGTAACTGTGCACTCTCACCTATGCGCGAGTGACCGTGGAAACGCGAAACTCCTTGAGAAATCATTAGTTGCCGTCGTTACAGAATCTGAAGCCTCTCGTTTATGGTCCACGCCCTGCCGCGCGGGGTACGGTTCCATTATTGCCGAAAGGAGAGACTGAGCGGCCATATTGCGATGGCGTGTGGGGACCTAGCTCCTAGGATTACGGCTCCCACGGAATGGTTCATTCAAACCGCGTCTGTTAACCCATATAACCCCGACGATTCTTCGATTCTTGCACGCCCAATAGTTGCCCGTGGTCTCTCTGTAGTACTCGTAAGAGATGCTTCATTGGTTACTCAACTCCACTTGCAGGCAGCAGCGTCCCTTGACGTATGCCCGTACGGGCATGCGAGCCGCCCTGACATTCTGAGCGGGCATACAGCTAAAGTCGGGTTAATTCAGAGTGAGTCCCCACTTTGAAAGCTTAAGAGCGCCCAAAGTCCGTCTGAAGGCGCGACAGATACGGTGAATAGTAGACCTCGCCACAAGCCGCTTGCCACGACTCTCACGCCAGTGTATTCCGTCCTAACCTAAGGTATACGTGGCTGTCGTCGGCTCGTCGGTTACCGCTAGCTCTCATCACGTATTGCGGAGCGGGGTCGTACGGGGTCTTATACTAACATGGTCGCGAGTTTATATAAGGTCGCACAACTTGACCACCTCACACCATAGTCTGCTTGCGCAATTCCTTTGCCTCTGGTGGCTTTACGAGGCTGGAATGATCCCTTTGTAAACTGATATAATGGTCGACGGGAGCAGCTTATGCAAATGATCGCCCCGGCTTCCACACAGAATGATCCGCGCTGAGGCTTCTACCCAAACAATGACTACATTCGCGATAGATTCGAATCTTTTACTTAACGGAGACATCCTGAACTTATGAGAAGGTCATGCGTTGTCTTTAAATTAAGCGTTCGTGGCTGTCCCATCCAGTTTTCCCGCCGCGTGCTGGCGAATGCTGTTCTAGCAGAGAACTC,1758,51.54,Arabidopsis thaliana
SEQ_896498,ACTGGCTCCATCGTAGCGTTCTCAAAATTAGCCATTGCGACTAGAAGCTAAGTTGAAAACTACGCGGCGTGATATCTAGCCCTAAACTGAGACACCTTCAAGGATGCCATGGGGGCATTTGATAGTAACGACTAGCCAATCAGGCAAAGCGGTAACAGCCTGATCGTCGGCTCGCATATGACTGGTAAGGGTAACTCAGACTATGTGCCTAGATCCTCGCGAGGTAGTCTATACCGCACTCTCGTTAACTATTATACGTACAGGCGCAGTTCAGCAGCCGCCTCGTCATAGTGTAACCGCTGAGGTCATATAAGCTCTCTCCAGGTGATGCAAGGGCTATCGGGCAATACACTAAATTCTATTCTTATATAACAGA,376,47.61,Drosophila melanogaster
SEQ_493339,CATGAGTACACTTCGGCCGTGCTCAAAGTAGCTACAGGCGCGCTTAGGATATACAAGAATCTAGCCTTATTCCTGGAGCAAAACCGGCAAATATGTGGCGCATACGGCGAAGAGGAATAAGAATAGGAAAGAATGTTTGGCACATTTGGAGCCCCCCGTTAAGTATCAGAGCATTAGTTCTCAATATGGCCATAAAGAGGCCCGAAGCGCGTCCGGACCGTACGCAGATCCCGGCAACTCTTAACGAGACGAACCATGAGCCGGGCTAATTTTCAATCGGCGACCAGCCCCGTTAACGCCTTTATCGCCACTCACTGAGTTGCACTATTCGGAAAAATTCGTCCCCAGCGGCATTCGCAAAATGCGTGAGTTGAATTAAGGCCGGAAAAGATACGAACCTAAAATTTGGCCTGCGAGCAACAGGCCATGCTATGGATTGCATATGATTGGTAGTGAGGCAATTCTTCCGACACACTAGTCCCATACCAGCCATAGGAAACGATTCACTGCCACGGGCGCTGCTGACGGCGTAGACACCCTCCTACTTCGCACTTGCCAGCGAGGTCGACTGGTTCCTTCGAAGGGGTCCTATCCAGGGTATATCCACTCCCCGTAACCAGAGAAGTCCGAGTTCGGCGTGTGGACACCCGTAGGACAATTGAGTCCACACGTATAAACTTAGTGACGCATCTATACGGGCTGATGTCTAGTTGTGCCAGGGAGAAATCACAATAGGCAGCAACTAGACACCCTCGGTAATTGTTAATTCTCTTGAATAAGGCAACGAACGGTATTGAGTTAATTCATAGCGCCAAGTCGTAGAGTTCTACCAACCATCTGCTTCACGTTACGTTTGCATGGTCTCCTCCTCCTACCGTAGGGTACTGGTGTCGCCTGTAATAGTGTAGAAATCCATTTGTGACAGTAGTCAGCGCCACCGTCCCGAGGGTCGACAGCACTGCCGCGAGAGATACAAAACAAAACTGGCGCAGCTCTGCAACCTAAGCGGGACTATACAATTCGAAGGTCCGCCTCGCCGCACCACCGTTGCACATTTAGCCTCGACGGCGATGGGACCATTCTGGGCTGGTTTGCCTAATGTTTCGCACTCCTTCCGGTGGCATGGTCCGTGGCGGCGAGCAAGATGGAGTTGACCCTCCCTTCTGCACATGAAAACACCAAACACCTTCAGTGGTTTTGGGTTCCCTGGGATTTGCAGCACCGTGCTGTGCGTCGATTGGCGAACAAGTAAAGGATGCAGCCTATCCTATCAC,1274,51.49,Drosophila melanogaster
SEQ_755795,ACCGGGCGACGGGAGATCGGAGCCCAGTGGTATCCAAATCAGACACAGTAGGTCGTATCATAAATCACGGGACGGTCTATAGCTTTACATCGAATACATCATCGAATAACCAAGCATTGGGCGAGCTACTATCGAAGTTGTATGTCACGGAATGAATGTTAAGAAGTCCCTTTTGTGTCTAATTTACATTGTCAGTTAATAAGTACGCGCGCTATGCGGTTCAGCGGGCTAGCGAGTTACTTTCTCAGGTCGCCTCCCCTGCAGGAAGGAGACCAGGACTTCCAAGGGGATTATTACTGTGGGTGCTGGCGCCCCGTAATACCGCGAGCTCCCAGAGTCGATTGAATTTTGCGACGCATTACGTATTCACGCGCATTCTCGTCCCGATCACTCAAACCAACACTATTTAGCAAGCCTCATTTCGAGCGGTCCTGTTTATTCAATTCCCTAGGTATACCGAGACTCACCACTGTAGACTATGAGCTAACGGTCTGAAAATCACGCCAAGAGAACGCGACTACCTGTTGCAAACCGTAGCATATGGTAGCGTCGGTATGTCAGATGATGCGAAACGCGGTTACCGGGACTCTGGAAGTTTCGTAGGCCGTACGTTAATTGGCGTGAGCTATTCGAAAGTGACCTCGCTCTAACAAGGGCCCTACCAGGGAGGTGTGGTTCCCAGGTGACACTATGGACCGCTTCTTGAGAACTTAATTTCTCTAGAACTACGCGATCGGTAGAGTTTCTGCTGGTGCCCAGGACCTGCGCGATTTACAAGATATGCATGTCCCCGAGATGGAAGGTAACTGCTTGCCGCATCATGCGAGTGACTACAGCGAGGACCACAGCCGCGACCATGCCCCTGAATAGGATCGGGCCGCGATCCCGTTAGACGCAACGCGAGCTCCAAATCTGCCCACCGCTTCGTGTTTAGTAGCTCAAAGACCACGTCGACGCTCTCGCTCCTCGCGGCGAGATGTGTCGTGCATCCGTAGACGTCTGTCTCCGTAAATTCTGGTCCGGCAACGTACCCTTGACGATGGATTATTCCCTTGATCATACATCAAGATCACAAGATCCGTACGCCCCTGCGCGCAGCACTGGGGCTATTAATCGGCAAAAGCTTAGGGGCAGGAAGTTGGTAGATCCAAGCGGGATGTACTAATATGTCAACACTGCGGATAAGCCTTGACGACAAGTAGCCTTCGTGAGAATATATCTAAAATACGTCGAGCGGAGCAGCGTTAGTTGAGCATGACACATGTCTAATAGAACTACGTGGTGTCACTCGTGTGGGGAGAGATCATGTTATGGTAACGGGCAAACACTGACACCCACCACTAGAAACCTCTGCCGACTTGCTGCAATCCATTGAGTCTCTCCGACCACGCTCTAAACCGTTGTCGTAGGTCCTACAAATACAACACGCTATACAAATCCAGCGGAAGCTCTGGCAATCTACTACTCGATTGTAGTTGTATAGTCCCACTTTTATTACCAATCGGAACATACTCTGAACCTTTGCGTAAAGATCTCCAGGGTTCTCTACTTTGTTGCAATCTTAAGTTAGCGCCTAACGC,1580,50.06,Caenorhabditis elegans
SEQ_898819,CGCATTGGGGCTGGATTGGTACTTTAAGCAATAACGCTGCTGGTAGCGCCCACCGTTCTGGGACACGTTCAGTACTCGTATAACAAGGCTTTGAATCGATTATTTTGTACCGTTCTGTCACAGGGCGGATTAACACGACTCACTCCATCCACTTTTGTATCCGCCTACGATAGTTTCTGCTCCGATCCCCTCGGGAAGGTATACGATCGCTGTGGCCTCGCACCTAATCTAGAAACGAGCCCCCGTCTGAGTGCGTGTAAGGAGCTCGACGCGAACTTCGACACTTCTCACTGGTACAGCGTCCGTGAACGCCCGAACAACTCCTGCTGCTCCCTGTGCCGCAACGAGTAGGTCTAGATTCCTCGAACACCCGCAACATGTATAAATGTGCCTCATAGCCAGCCGCTAACATTGATAAACTAGAAGTGCCGCACTGGAGGTCATTTGTCCAGATCCATGAAAACCCAACTAGAGCAAGAGCCAGGTCTTTTTCAGCTCTATCGCTCACAGAGTGAAGCTCGTTCTTTTCAGCCACTGTATTAGCCATCGGAAAGGGCGCGAATTAGTAGACGCCTCCGGTATAAAGCACTATTTCACGTCCGGCTGTCGCACGACTTTGGAACTAGGTTCGACTGATGAAGGGACAGAGCTGGTTTCGTAGGGCGAGAACTTGCCACCGCCTAGAAAGTGGCTGGTGGACTCCAAAATACCTCAGCTGACTTACTCCGTCGACATGTCTCGAAAAATGATACAGGGATCTGGGTTCGGAGTGTGTAACTCCAGCCCAGCTACATGTATTGTCGTCGAACAAATTTTTTGATTAAGCCAGCTACAGTATATTGGTTTAACTAGAGTGGCTATTGCTTAGGTCTCTATAACCAGTCCTGGTTTCAATGCATAACGTCACCGTGCGCGCGAGGGCCGGGCTTGGACACAACTTTAATTAAACACCATGTAATGCACACCAAAAAATACTCGATTTCCTGCTTTTCGCGGATACGGCTTTATATTACAATCGGCGTGGGACAAGCGGGTGACTACAGGTTCTTTCCCGTACATGCGGAGATAAGTCCAGAGGGCGGATAGTTACCATATCATTACGTGGCGACACTATCAGGTGGGTTCACATTGAGGACAAAGGCCCGATCTGCCCGTGCAATTCCGTGTCTGCAACAATGAACGTAAAAACCCTTAACCTCTGATGGGCCGTTTC,1213,49.71,Arabidopsis thaliana
SEQ_748454,GAGACATCAGCCAAATTACGCGGCCGGCGAGTCCTTTCCCGGCTCTCTACCATATAAAAGTACAGAGCCGTGACCTTTTTATAGACCGTTCTCGATATAAGGGCGCTGCAGGTTTCGAACAGAGTATAACACGGCGCGATTATAATCACAATTGAGATCTTGACGATGCTCCAGGGCCATTTATCAGATGTACAGTTTTCTTGCTGACTCTAGTTATGAATTGAGAGTGCCCCCTTGAGGCTATCTTTTAGACCTCGCCGTCGTCAGGCGGTAGGCTGCAATTTACTCGCTGCATGTTAGCCTTTGTCTTAATTGTCGTGGTCTAGCGTTCATTTCGGGCCAGAATACTCTTCCAAGGTGCCACCTCCTCTTTCCTCGACTACTATGCTTAGCGGGCGAGCTAAGATGGATGTTAAAAAAGTCTTGTCTGAGCAGTATGCAGAAGGCATTCCGGATATTGCCTTTTTGGGGCCTAACAGGATATGGTCGGGAATTTAGGTTCCTCTAGTCTAGTTGTGCGAACTTTCCCCGAATTAACGCATGTACCTCCTTGAGATGAGACATATGCGATGTTTAATTAAGGCAAATGGGTCCATGTTACCGCGGGAATCCCCAATGTCCCAG,624,47.44,Drosophila melanogaster
SEQ_987882,GTGTTCGTTGTATAGTAGACCTTGCTACCTCGTGATTGCTGCAAACGCAAACCATCTACTATACACAGGACACAACGCATGGATGAAGTATACTGTAAGTACTGTATCAGAAGCATGCGCTCTGGATCCGCAGTAGACTGATATCCAAAGTAAGGACCATAGCCTGAGCAGAGCACCTTGCAGGTTGAGCGTATAAGGTAGCTAGCTAGTGGTAGAGCGACTATTTTTGATATGGACTGCCTGAGTACCGCCATGCCGTGACCACGTAGACTGGTTACTTGGGTCTCCAGTATTGCCTCACGCTGGGATAATTGGAGGTGGTGGATCCGGAAGTTTTCGATGAACGAGTACCTTACGGTGTCTCGTTGGGGAGCGCCGATAACAGACGCCCATAGCTTAACGCAACGGGGCTCGGACGGGTGAAGTTCAAGAAATGGTAGCCTAGATCGTCAATTACTTTGGCTCAAAAAGTTAAGTCCCGAGTCTTGACATCGAACGCTAACATTCTTTTGGCCAAAGTAGTTCTACTTACGGTGTTGTGTTGACATCCATAAAGATAGGTCGTGAGCTATTAGTGCGAGCTCCACTTATAGAGGTGTGCACTCAGGGCCAGGGGTTCACAAGGAGCACTCTCGCTTGCAGGGTCAATGCAGGAATATACCGAGCGTGAGATTATAACTCCTTGCTTATGTATGAGAGTTGAGCGAAGTCAGAAAATTCCCTGCATGCAAACCAATGGCTTTTGGGGGAGTGCGTCAACTTGAACCTATTAAGGGAGATTTCCTGAAAATCCGACCTAATAGTCAATCGGTCCCGGCGTGTCCGTGATAGAAGCAGGGGCATACATACACGGCTTTATATAGCGGATAATTGTCATGCAGCCTTGTGCAAAGTCCAGATTCCCACAACGCCGGAAGCCGACAGAAGACGTGTTGGCTGAGCTCTTTTTGGCGGGTCCCGCTCTTGATACCGCTCGATACTACCTATATCCCGACTGTTCCTGGCCCCTCCTGATGCTTCAGGGGCAGTGATGGGTACGTCTGGTTCGGGCCAGCCCCCAGTA,1063,49.67,Saccharomyces cerevisiae
SEQ_288595,GTGTACCTGTCTACTTGATGTTGTGGATACCCGGCTTCAGTAAATTAATTTCTACCAACTTGTTGCGTCGGGCGAACATGCCCAGGTAGGTACGAAGCGGGTTGCTTCATTATGTGAGGTTGCGGGGAGGGTCCGAGATACGCGCATAGCGCTTGCTTTCTGAAAGAGCACGCAGTCGACTATGCCTAGACCTACTGTCAGGCAGTACGAAGCAAGGACATACGGGTGACCGCGGAAGGCGTAAATTTACATGGTTGGTTGGAGGCTACTATGCATGTCTTGGGAACAATGAGCGCCTGGACGGTGCCATACGGAACTACGGACGAGACTTAATATTTTCCGGACTGCGTCGTGCACCACGCCCACGCATTGTTTGGAAATGCGGGGGAATATTTTGCATAATATGAAATGCTCAAGAAGGATGTCGGGACATTACGGCAATGGTCTAAGCTTTACATTTCTCTGCATAGTTTATCATACTACAGCTCTGGAGTGGAATTGAGAACACTCTTCGATAATCAACGTCGCCCTTAACCTGTATACTGTTCCTAGTCCAATACGTATTAAACTGTCGGTCTGCGTACCTTAGCGACGCGTCGTGCGCACGTCAGTAGACTCCGGTGAATTGGCTCGTCGCCTTTTGGCCCCGTGAGAGTACTATCTATAGAGACGCAATTTGAGCGTCAATCCGACGGAGACTTGTGTGGACGGCCTACGGGCGCTAGCGTGTTATCATCCGAGAGATTCGAACCTGCTGGCGCGAGACAACGTCATAACCACCTCTCAACATCCGAATTCATCTTCCGCTAAGGCCTTATAGGACTCGAGTCCCATCGGATCCTAATTTACACTTCTCAGCGTGACGTGGCAAAACGGATGATAAGCTTGCAATTCGCAGAATGCCAGACGATCATCTGGCTCCGGTCCACGTCCCTCGGTATAAAGAATGGAGGGAATGGACGGGATGTGCATTCATTAGAGTTATTTTCAGTGCGTTGAGTGTAATACGTCTAGTTAAATTTACATCAAGAAATCTTCGAGCCAAGCGAAGTGGCGGTTCGGCTAATAGATGTGTCTAATGGAATGGGCGGTTTCGAAATGCCACACCGTGCTAGTAATCGGGTTCACGGTCCATCTACATGGGGACCCTCAATTGGGGAACCCATATAACCGACGACATTCCCTATCGAGACTCCGTTGCGGTAAGGCGCTCTCTAGATCCATCAGCGTAATCTAAGGCCTAATCTCCTTGAACGGGAACACATCGTAGACGCTGGGGCGACTTTAAGCCATCGTTCACGGCCCAACCACCTGCGATTCGTTAGCCAATCGTAGTGTACTAGCTGTTGGCAAGCTTTTATAAGAGAGCAATTCAGTTATAGGGAATGAATTGTTGAGTATGTTCAGCTAAGGCGGTGTGAATCGAAAGAATGTCCTGTCATTCCGAAAAACAACTCCCCTGCCCCATTAAATTCGCGCGATAGCAA,1487,49.02,Arabidopsis thaliana
SEQ_128141,GCTAGGCACCACTACAACAGCTCTCAGGACACAGTGCAGAGTACTGAAATGAAGCCACTTGTATCAGTAAGCATTTTAGACTGAACGACATGAGAGGTTGACGCTAGCCGAGACGGCTGTTGAGCGGTAAGATATGGTAAAGGGCCTCTGTGATACATTCAACTGTCTTAGGGGCCAGTCCTTGGTTGGCGCCATGTACTCCTCGACCATGAGTTCTTGGAGTTCTATTCATCGTGCTATGCTCTAGGCGCATGATGGGTCATACAGACGCTTCGCTTTACCTGACCTCACGTAACATACAATTGGCCCGGATCAGAACGGATTCGTAGGTCAGGTAACGCAAAACAGCACAGCCTGGTTCTCTCAATGTCTAATTTGGTTAAGTGCCCGCTTGCAATTAAGTGCACTCATGTATCAGCGTTGCATCCTCCCCTTAGGACTATTCTGCTAGGTGACACGAGCCTCTGAGTTCGCATTGTCTCCTAACCTTTCCAGGCGACGTATCACCTAATTCTCGATGCGTTCCCTATGTGCGTTTTAACCAGTAGAAATCTCGAATGTCCAAAACTAATGATACTGTGCGGGAGTTCTCGATGACTACTGCAAAGTGGATACGTCATAGGTCATATCTAAGGCCAGCCAGTGGTCTCAAAAGGCTTTTCAATAAGCATAATACGTAGCCACGGTGCAAATCTATTCTCCATCGTCCAACTCAGCAATGCCGAAAAAAAGCGGGACGCCCGGCAGATTTGGGCACTTGACTATGACATTGAGTTATAGTTGGATTCCACAAGCTTCATCATCAGCAGTCCATAAAGGTCCCCGTATCGTGGAATCCAGGGCAAGAGTGCATAATTGCCTGGACCTAATCGGGCCACACTAGTACGCAGGGCTATTAAGTAACGTTAAGGGTCCCGAGTAATTAGCGGAAGTTGAGG,938,47.97,Saccharomyces cerevisiae
SEQ_164517,GAGCTTGATTCGTCGACACGTGCCATTAAATCCGTAATATTACTACCGTGAGTGTGCGCCACCCCATGTTGACCAACTCGCAAATAAAGCAATTGGTCTATAGTTCTAGCCTTAGGCCAATCGTACTTATTGGTAGGCGTTGCTGTCCCAGTACGCTCTAATGGCCTTACTTTGGTTGGAGGAATTTAGTGACCCGTTCCCCGTACTTGATGAGAAATGGCATACCTGCAGTCCTTACTCGATGGAGCTTTCGTACTCCGATTATTTGCTTTGGCTAGAGGCAGCACAACCAGCACCTTCAAGCCTTCAGCACCACGTGGGATAAAGTATACTCTACGGGAGAGCTAGCAATGCCTTGCCCTGAGTGTTAGGCCAGCGTCATACGAGACGGTCCGTGGCTGATATTGTCATGCGCGAGTCATAGTAGTCGAAAGGTTCACGAGCATTGCGGTTAGTCACGGTG,463,49.46,Saccharomyces cerevisiae
SEQ_899641,GCTGTGAGCCAGCTTATACTGGGGAGTTAGCCGAATCATTGCTTGGAGCATCTTATCCAGTGTACTAAGAATCCGCGAGTAATGGTTTACCAAGGTATCTAATTAATTGATACGAGGATTAGACGGACGAGAAGTTGAAGCTGAATATACGGGCGAGTCGAACGACCACCCGCCCCTCGCCGTCAAGAACAACGATCCTTCACCGGAGTACAGCCAGAATCGCAGCAGGCGAACCTCTGCCCTCCGAGATTGGTCGGATATCATCGTCGATAGGCCGACAGCCGCTCCGATTTATTACCAGAAACGGAATCATGATTGTTCACCTAAACGGGACTCGGCCTACATCTTACTTGAAAGGGACGGGCCCAGTCTAAGCACAGTGGTCCTAAGCTTGAACCTCCGTTTGTGAATCCTATAGGGGCGGGTCAGGACGACGTAGATTGCCATCAATTCCACGTCTCCTAACTACTCAGCTTCCTCCAAAAGTGATATTTGCGCCGCAATCGAAACTTGTATTTCTATCGGGTTAGCCGCGACGGCGCTAAGCGCGAACAGGGCAGGAGGGGGAGCTTCATGGGCGATACAAATACCTCACCAGCTCACAAAGCAGCTGATGTGCAGAATTTCTTTGATCTGTTCAAAAGTTTGGGCTATTATAGCACCTATGCTCATAGAATCAACTTAAGGCCTTGCTCCGTCGTGCTTTGTAGAGAACATAGTACTGGCGCCTACGAGGTCGCTTCGAGACTCCTTGTGGTGCCCCTGGACAGAGTGCCCCTCTGGTACAAAAATCAGCATTACGTGTCAGGGATCGACCAGGGAGTGACCCTAACAGAAGCGTGGAGCAGGTTCTGCGCCTGCAGCAACACCTGGCTCCGAATATCGACTCATGTTCGTACCGCGAAGCTATGGTTACTAATACAAAATGATAGCGGACATCGGTAAGCCATTTTAAGTTAGGACACTGAATTCTCATCCTGAGAACCTGCCGGACATTTCTCGTCCTATGTTAGATACAACACCTGGCCTGGCTTAACGGATCTAATGAGCTTTCAAGCACGAGTATGCAGTGGTATCCCTCCTATAGGGCACCATGACTTGGGCCGATAATCTTAAACGGTTCCCCTCGAAAAAGCGCGTAGCAGGCTCCCCTTATTCCGGAGCGACGATACGCTCTTGACTACCGAACGTGCGGTTGCCCGTAGACTTTGATATCGACGTCGAGATTTTTCAGCTAATTAAGTAGGATACGCGAACGCGTGTGAGTCGCACCATTCTAGGTTAGCATCGGTGCGAGTCCTGTAGCGCGCTGAGGGGTTAGGTTTGACTTTGCTAGGTTTGCGGCCAGCGTTCACGCAGACTGTGCATACACCCAGTGGCCAGATCTAAGGCTTCTCGGTATTCATATCAGATGAACTGGCGCTCAGGGTCCTGACGTCAAGCTTCCACTTTCAGGGCATCGCAATCGCATGACGTTAGACGTTGAGATATGTACGCCGCGCCGCAGCGCCGGCCTGCATGTAAGCGGTTCGACGCGGTTGTGTGCTGAGCAAGCCGGGCTGGTTAGACGCATTAGCTAGTGGAAGTCAAAATATTTGCATAGAAGTACCGTTACCATAAAACGTTCTAATTGTGTAGCAGTCGGTTCATAATAGTCCTTTGAGGTGGTAAGCGAAAGTACAGA,1684,50.59,Caenorhabditis elegans
SEQ_615002,ACATCGTACTGAAGGTTGTCTAGTTTCACAAAGACTTCATTTAGATCTCTCCAAGTTGACGGTAAACCGACTGTAAGATTTTACTGCCTACACGACATGAAAGTATACAGGAGCCCTATATGTACTGTTGTACGAGAGCATCCGAGATTTACCTAGAAGTGGTATAACCGACAGTGATGCATCTTCATGCTAGGGTCAGTCGGTAATCCATGGTCTTATTTCGGCTGGCCATCTTGTGCGCTGAAACAGTAGATAATGGCCAACTACAAATGTTGCCCCGACCCTGGTTGAAGATAGAAATGAGAAGTATTGATCCTGATTCCCCACTTGTACTATCTAATTCAGCGGTGCCAAAAATGGTTTCCCTCGGAAAAGACTGTTGCGCCCATAAGTTCCAGCAGGATGTTCCGTATCGCGATCACACACATTATTAGACCGAACCGTTCGGAAAGACAACCCTCATCTTTTGTGCTTCTTTACGTGAATGTGAATCCCTAGTTTATACGACTAAACGCGGTTGGGGCTTATACATTAAACTAATCAATTAAGGTAATGGCTTGAACTGTCCTCTATTCGCACTAGACATCCCTTTGATGGAGGGATGGAAGGGACGTATATGGTACCCTAGAACGCGTTCCGCGATTCAGTAAGAATAGGGTATGAGAATGATGATAGTTAGTCACGGTCAGTCAATCCCGTGGCTCCCGATATGTCGGGGTTGCAAGGCGCCGTTTCGGAGTCTGAGGTGTCCTGTAACTCCACTTATCTTCCGACAACCGCATGCAGTGAATGAGTATGTTAGCAGTCCACATTTGACATCGGCGAGTGCATCTGGAATGGCACAGCAAGCAACCGTGTAAAACATCGTGAACGACCATCCGACGGCGAAGGTAATGCTTCGCACCTCATTGTCTTTTGTCGAACTTAGGGGTTGTTTCAGAAGTGTAACAAGTTACAATTGCGTCATTACTCTTTTCTCCACTTCTCACCATCTAAAGGCCCAAGTATACTTACGGTACACTGATGCACTGGGGTATGACTCTCATGAAAATACTCCCATTGAACGCGCCTGGCAATTCCATTACACGTAACCTTTAGAGCGTTCGCGTGCACTTGCTCAGGATCCTAGTCCCTGGCCCTCAAAGAAAGACAGAGCCCTGGCTTACGCGTATTGACTAGCGGAGCACCCCGTGGGAACGTTTCTGCTTGCAACAGGTGATCACTAACACCCAGATATATGGCGCCCCAAGTCCTATCAAAGTGGAGAGCCAATGGGCTCACGATAACTATGAAAAGGGGTAGAGACGCTTGTAGGAAATAGATGCATGGTGGTTGGATGCGGTGCGATTGTGGTACTTTATCTAGTAGACCTTGGGACTACTCCGTTTCATATGCCGGTACGGTAAGGGAAAAGGGTAGACTGGGCTGATTCTATGAGAAGGAGGCGTACGCGAAAGGTTCATGTGTTGATTAATGGAGCCGAAACCCCAATACGCCCAAAGAAGAATCGTATAATTCGGCCCTATCATGTATGACTGTGCTCCTATGTACGGCTCGTTCCCGACCCACGTGTGCAAATTAAGCATATCTTTGAGCGATTAGTGTCCATAGTCTTGGTCTGGCGTCTACTCCGGGCACTCGCTGCGCTTATCGTTCGTAACCATACA,1667,47.03,Saccharomyces cerevisiae
SEQ_624552,CTATCTTATGCCCGCCTAATCGTACGCTCAGTCTCACTACATAGGGATCGTGTAGAGGAAGGAGTCAAGCTCGTGACCCTACGACAGCCCAGCGCGTCGATATCCATTGGTCGAGGGGTTATCTGGCAGCACTTTCCTGGCATGTTCGCATTCTGAGTAGATTAGCCGTGTTCCGTTGTCACGCTCTTATAGAGAGAGAAATAGAACAGGTTGGTACAAATCATACATCGCTCTCCTGGGTAGCAACACGCGCGGGATCTGAGTTCGTCAATACATAACATTAACCATTTGTCACCATCTTAACATCTAGTGTTTCTTAGGCGACTACGCCGTCAGTACGGTTAATTTTGACTTGTATAGTACCTGTGAGCCCAGACGCAGCGAGACGTCCATTTCCCTCCTAGCCTCCGCAGAGGTTCCTAAATGATTAGTAAATTGTCCGATCCGCTTCTTACAGATGGAATCATCGGGGAATTCAGAGATAGGCCAGGGCGAGTATTCCGGGCGCGGAGTTGTGAACGGAGTCTTCAAACTCTGCGTTGAAGCACATTTGCGAAATAAAGCCTCTACCCAGTTAATAACGCAAACGCTTTTACGTGAGAACGAAGCAGCCGTCCCACCCTCCTTACAGGATTACCGACGGACGCCCTTCCTGATTTGTATGAAGTCGGGCTACTCATAGTCTGCGTCACGGACGGAGCATGCGGACCTACAGACAAATATTCTCCCGACTGTCGGACTGTACACCATTCCTCGAGTTGGCGTAGCCGCCAGACTTGTACGTAATTACGATGCACTTTACTCGATGCTACTCATGTTTTTTTGTGCCGGTCTCTTGGGTGGAAGCTTTCCTAAGCACGCCAGGCGTTATGATCCGGGCCATTCAGCGCCGGGCAGCTCGGTATAAAAAGTCAGGGCACAAAGGACGGGTCAACCAGATGTCCTGTTCCGTGTGCTGTTATTCGTGGGTTTCCTTTTTTAACCGGTATACCCTTATATACTACGCACAAAGAGCGCCGTCAATGCTCGTGCACACGAAGTGATGCAGATATGATTCCAAAGTTATAGGTGGCGATGGAACCTACCGGATCATTTGGCACGGTCCATGTTCAATATTGGATTTACAGTAGCGGTACTATGTTTGCCTGAAGGTAGCCACCACCGCTCGGCAGTTGTCAAGTTTGGAGCATATCCACCTTATATAGTTCACTAAAGGCCATGGGAGCAAGTTAGGATAAGCAGTATCCGACGTGGGAATTATGTTAGCATCGACCAATTGATACTTGAACATGCTTCGGTGTGGTCATGGTTATCTTACGTCATTCACCCCAGGCTGCAATATTTGGGTGTCCCTTTTAGCGCGAATACCTCTGTTGATAAATGTAGTGTGCTCGTGTTCCAGGCGGGAATCGGGCATCTGACCTTGTAATTCTTCTGCCTCGGCTATATTAGCGGCTTCGACGTACAGGAACAATCACTGTGTTGAAGATGAAGGCAAGCTGAGCTTGATACCACGAGGGGAAATTTTCGACACCGTGCATGTGGCAATATAGTTGGAGAGGTAGTCAATTCAAACGGTACATAGGGTGGATATTTC,1597,48.59,Drosophila melanogaster
SEQ_190540,TGTACGCACATGCACCCCATGGGAGGGTGTTCAGCCTAATTGAATCGCAACTCTATGCATCCGTAGACGCAATGGCCGCCAAGGGGACCAGTCCCCTCATAGCTGTAGCCGGGACTTCTCCCAACACTGATTAGTATTGAGCCGGATGAGTGTGCAGCGAATGGGAGGATGGGAGGCGCGTTGCAAGCCCCTTAAGATCTGACGACTCCGCATAGGAGATGGGGTGGTCAGTCAGCTCCGCCCTCGACCTAGGCTCTAGCGGTCCTTTTGCCTAGGATTGTCGGTCTGATATCGACTTGTATGGGCGCCGGATCCTGTCCATGGATAAGCCAGTGAGCCAACCGCTCGTGTGGGTGCGCAGAAACTCTCGCCTGAAGTGTGGAGTGCGAGACCACGAAATCTGTCCCGTGTTAAGTAATAGGACTCTCTCGAGGAAGGTAAAACCGCTGACACAGCGAGTGATGTTTCTCTGCGGCGCACAGAACGAGCATTGTTCTCGCTACACCTAGGCCCTTGATCGCATTACCAATGTCTGTGCTTATCTAGACCCGGGTCCGCCCGACGGGACATAGTTGACTTAGCCTCGCGTCGAAAGGGTCCGAGCAATACTCCTTAAAAGCGGCGTGTCGCGATCGCGTACCCAACGGGCAAAAGAAGCGGAGCATAGATCTCGCTTGAGGGTCTGGCGTGACCGTCCCGTCTGTTAATACGATGACAACCAGACTGGCTATGAGTACGGCAGATACTTCTTAGGCAACAGATAACGGTCTCGCGAGGTAAACCTGTTTCTAGTCATGCAGTTGATACACTTAGCAGAGATCCCTA,825,54.42,Escherichia coli
SEQ_732434,CGAGATAGACCCCCCCCCTAAGCTTTGTTGAGCCTAGTGCTGACAACAACAGCACGTCTGATAACGTTCCCTATTACAGTAGGAGCGTCCAGGTATGGGGGAATCTTAGACAAGCAATGTAGGCCCTACAATCAAACACGTTCCTTCATTAACGAGTTGAGTACTGAATCCAACCTCCTAAAGCATGTCTCCTCGCGTCCTCGATATTGCCCGTTGTATCTACAGTTCCGTATACAGATGTGTCTGAACTATCCGGCCCATATGTAACACCGACGTTATCTGCCACCTAAGTGCGCGGTGGTAAACTTGCCCTGCGCACGTCGAGTAGAAAACTAAGGGGTACCACATCCGAGGCTTCCGTTCGACACTTTAAATGCTACACGGTTCGAAAAATAGGAAGTCCTACTGTTTGCCCGTGAGCGTCAAGATTCTCATATTTAAAACAACTGAGCAGGCCAATGTTGAACGTGGTTAACTAACGGTTACTCAACCCCGCCGCAAAATTCACTTGACAATGTATCGATACACTTTGAGCCGACATCGTCTTAATTCTCAGGGGCGTGATCATCACATAGGATTACTTGTCTAACATGCTCGCCAGCAACGGATCTAGCATTATTTGCCAGTGAGCCGTCGGTGGTTCCTCAAAATGTTGAGCGTAAATCGTGAAAAGCGTAAGCCGACTGGAGAATAATCAGTTGGTCCATTGTCCCCGGATGCACCCATTACGACTTAAAAAGTTGGCAGCGATTTGGGTGATACCGAAATCCCTTGGCCACCCTCATCGTGACCATTATGGTCCCTGTTGCATACATTACGTCATTAAATGAAAGTAACACAAATGGGGGCGGTCGGCCTACAGTGACCTAGCAGAGCGGGAATTTTAGAGACAAGTTAGGTCGCAAAAGCAGCGTCATTTGAGCCGACGAGGAACAGTATGTCTTTTGACAAAGAGCCCATATACCGGAGCGTCTCGTGTTAGACACTGTGCTTGTTATAGAGCGCTAGACTATCGCCGCTTAAGGTCGAGTTTCGTTAACCAAGGGTAATCGTCTAATTGCTCCTCACTGTGTTACCATTGTTCGACCTTACGTCGAGAACCGCGGGTGCATAATCTTGCCGAGAGGCTTTAGCCGAAACGTCAACATGTTGAGTTTTTGACATCCTTTGTTATAGGTAGGTTGGCCAAACAAGAATAAATAAGATGTTCAAGACTGAAACTGAGACGAAAAGAACTGCAGCGCGGCAATCTCCTACGTCTTTCTAGATAACTACGACGTCCCTGCCATACCTCTAATCACAAGGTACCTACTCGCGGTATGGGTCGCGAGGGGAACAAATTAAATGGCATTTGTTGCGAAGCATGGAGAGCCACGAGGCTGTAACTGCATAGACGTGCGCACCATTCAATAGTGAATTCCGCACTCGCAGTAGAGGGAGGAAAGGATTACTCATCTCCCGTCCTCGCAGGTGCCCACAGATGGTGTTGAACTCTGGACAGTAATCCGCACAGTTTGTTAGGATATGCCACCTGACTAATTCGGCGCGGCAAAAGCCGTTATACCTTAGCAGCGCTTCCATGCGGAAGTGGGTAACTAAGGATCAGCGCGCCGAACCTCTCATTACCCCTGCAATGTTGCGAGACTGCCCTTCTGGTGCACAACATCTCATACTGCAGAGCGACGGACAAACGCCCGCTTCGGCCCGTGGCACTTCCTCTTGATCGCACACACGCGGTTGCCGTCGCGTGGAACCACCCTCCATGCATGCCGTAACCCGGAGAGGTACCTCGTGTATACGCTTTTAAGCGTGACGGAATTGATGGTAGCAGAAAGCGAGGTGTCCGATCGTCAATATCCCGTGAGTGTTAAGAGGAACTAACAACTCGAGATCCGACCTCACAGACCATTAAAACGCTGTATCA,1924,49.01,Escherichia coli
SEQ_936937,AGCCTCCACGCGATCATCAGTGACCTACAGACCTTGTAGGCTCACACCGGAGGACCAATAGATTCGCTAAAAGAGTCATCTAGAGGTTGGACAGATGACCCGAACTCAGCGGCCTGGCGGCAAGTTTGGACCATAATGTATAGAAGTACCAGACCTACCCGGTGCAGGACTTTCTACCACCATACTATAGAATAGCGGATCAAAGCAATGATACAACCGCGATCGGCGGTGAGCAGCCCCCTATCCTCACCCCATGTAACATTAGCTCCCCCTGTCCGCTGCGCGAGATAAAAATATACCACGATCAATTATTCGTTAGTCGGCACTCCTCGAAAGTTTGGTTCGAGCTCCTAACCCGAGAGATAGGTTTGTACGGCGTCGCGCAATCGCGGCACTTTGACGGCTTGTGAACAGTTACATGAAACGGATTATAATTTGTAGGGGGGTCCTAGCCCAACTGTATATGTATACCCTGGCAGGGCAGCTGAGACTGAAGGTGCTGAGCCTTATGACCTAATTTCTCCAGGCTCTGAGCGTTTATAAAGGTACAAGGAAAGAGTTGCGCGCTATTGTCTGGAGGTAGGTGAGTCTCTATTAATCTACGTACTCTCCGAAGCGGACGCGAAGATTCTGGCTCGACGCAAAGTGAGATCGCAATCCGTAATTATACACCAGGATATGCCCACACAACTCGTGGGGAGCACGTTGCACGTCACTATGAAGATACTATCGGTTCATTGGTTCTGGAGAGCGCCTGTCGCGTCTAGTCCAACCGTATCATTTTCTCAAGTGGGCTTCCGCCCGCGAACACCCTTGTTAAGACGGGAGTGATACGCGTCGCGGTCCATGGCTGCCCCAGACAGCGAACTGTACCTCGCAATCCCAAACATACATTTGGATCGTCACTTATCCCAATGTTTCTATGGAACCCTTTATAATAGCGCCAATCGCACTGAAGCAATACAGCATTCAAGGCGTAGAACGAGCCTGCCACCATTATTTTCGCTTATACCTAATGGGGGACAATACAGGCTGGGGATCGTAACGCAAACCCAGATCCAGCCCGACGTGAGATAGACCGGAAAGTCGTCTCGACTCCTCCGCTGGAGTTATCTCGGAAATAGGCCTGCTTGACTAAACCTTCGAGATATTTGATCTAGAGCAGTATAACCCAAAACTCTTGGCGCAGACCTCAACACGTATAAAATAGAGTTGTCAACGAATCCGCTACGCTGTGAAGATTGGACTGATCTGTCCGGAGCCATAAAAGCACAGTTCGCACAGTGAAGGACATGTCCAGCGAACCGATCCCAGTAACCTCGCCAACGCACGATAAGAGTCCAGCAGTGTGTAATGGGCGATTCGAGTGGATGGTGCGAAAGGTCGTGCGTGTATGCTAGCCAAAGGAACATACACCAGTGTCGTACTACTAGGAGGTTCTTACCGAGTTAACAATTCAGGTCCCCATTCCAGTGAGTAATGAAAGCTGGTCAGACTCTTGCAGATCAAGATTGTAAAAATTACTGCTAGGTTTCGGAAGATTTAGCCAGGAATAGATTTGGCGGCTAACCACGGGGGGATGTCTTAAAATCCTTTAGTTGCCTCGACTCGGAGCACGAGTGCGAACAGTAAATGCAGGCCTAGCTCGCATCATGTTTCGTCGTTTAGCCGGTGAAGCTTTTGTGATGGGCCCAGACTAAGAGGGTTGACCCGCGAACAACGGGCAATGAATGTGGAAAAGCCCGGAGATTGCCATGTTTGTGACAATGGCCCGAAGGACTCTGGGGGCTAGACGGAGTACGTGGACCGTGCTGACGGCCAAGTCGTTAAGTCTCGGCAGAGCAAAGTCGCAAGTGATATGACTCCTGAGGTACTGGGGCTGCACGGTTTCCTGAAAGCGTTTACACGGTGAGCGCACCTTGGGGGGGGTGCTATGCGAGATACCTTGA,1949,50.54,Mus musculus
SEQ_720503,TGATGGGGCGTAATACAGATAAATCTTCTCGATTGAGGGGTCATACCGCACGCGCTATCAGTGCAAAGTACCTTACTCGAATGCACTTGAATAAAGATTAGTGGTCCTCTCTTGCTCACTGTATGTAAAATCGGCTATCCTGCGTGAGGAATCGACCTACGACCGAGTAGTAAGCAATCAACGGGTGGTTTTTCATTCTTCTTGGGTGACCCTCTTCCGCGATCAGTTAAAACTCGAAGAAGCCGTGTACTGACGAAATTCGAGCACCGTTCTTAGGACGACGAAAATGCAATAAAGATACTACAGCTGTCAAAAGTTATGTATCCATGCTAGTATCTCCGGCCAACACATCGGCTGTGCCGGCCCACCACATCAACTCATTGTGCTTGGTTGGCAATTCACACAGCTCACGTCGGTAGGCAGGGTCTCGTTTGCCCTTCCTACGCAGGTCCCGTGATTAAGACCGCTTTCTTGCTGAGAGGTAGTGACTAATTTAAGTGCTTTCCTAGACAGTTTTACTTAGCCAACATTAACCCATTAATCTGGTTGCAACAAACTCGATTATTCGCCGGGCGCGAGGCGTCATCGACGGGCAGCGGGCCACCTTTCGACTGTAAACGCGCCATGATTTGCATCCCTTACCAATGTCTAATTAAGATTTCGTCTTTTTTGCCTACAACCCTAGACTGCCTAAGTGCATTGGCTAAAATGGACGGCGTTTACGGTGACTGCACCAGCCATTGTTGACGTCTATTACCCACAATATCCTCGGCTGTTTTTAAGATTGTGAAGCAAACATGTCCTGCTGGAAATGCATTCGCTAATGTACGATGAAAGGCTCAAACCACCCGAAAGACAGCAGCTAACTGTCAATTGGCTCCTAATTTGTAGAATCTCACATTGGCTACTCACGGTCGTGTCTAGACCGTTACCTTATAGCAGCAGTTGCTTACGCACCGAGAGGATGCCGGTTTATGTTAATTATTAGCGGGCCAAGCTTTACTTCACCCCCCTTCTGCCTTAACTGACCCTGTCCATGACAAGTATTGGAGGAATTACCCAGGTTTTTCCATTGTGTCGCTGACCCGCGGACGCAAGACCGGATCCCTAAGTAACGCGCCTCGCTAGACGTTATATCAGGTATTTTTGTACCTAAACCGTTCGCGTTTCGTAAACACACGCCGTTCTGCAATTGTTGGTCGTATGAAGAGTGGTACTCCTGTCATATTGACCTCCTTTATGCTCATCGGTCAACGAACTGGGACCGCAGGACAATGCGGCCCGAACATAATAACCGCCACGAACCTCAGTCAACGCGCTTGAGCCAACCTAGCGAATCTCGTTAATCTCGAGTAACTGTTCTGCCAGCTGACACCAAGTGCGTACACCTGCCTGCGGAGTTATCCAGGGGGTAACCCTCCAGGCAGCGCAGAATCCGCCCTGTGTAACAACTCCCCAGTGGTGATACCCCGTGTGCGGCACGGTCAACAAAGGATGATCGAAGCTCGGATTTTTAGAGCTAGTTCGCTAACTTGGGAGCAATGCCGCGGCGAATTGACAGGGAAAATGTGAGCCTCACTACAGCGTAACTCGATTTCTAAAGCCAAGTGCCTCGTGGTTGACTCGCGCAATGAATCCAGAAGCACAATCAAGCTACACTGCGACCAGAGGACGCTATGCAACCACGACTAAAGGTGTCCGGGCTAGGATAGCGAGCGTAAAGTGTTACAAGGTGCCATAATCTATTGGTAGGCGCCTGTCCTGCATGTGCTTATGTCCTAGAGGGCCAGAGAACGTGACAATC,1804,49.17,Homo sapiens
SEQ_442837,GCGCTGCCGGCCAATTCGAACGATTGTGTCTCTCGCCAACTGGGGACTGGTACAGACGATTTCATAAGCGTAACCACCTGAAGAATAATACCCTGCACTGACGGTCTTCAGAGCCAGAATAGACGCAACAAAGATTTCGCTGGGCAGAGACGAGCTGCAAAGCCGTCGTGAGCACCCACGCAATACACTGTGACCCTGGAATGTCCCTATGCTACCACTGTGCATTAAGTACCAGATCAGCTGTGATGAATATTTGTAGGCCCTAAAGTCGTTGATCTTTCGGTACGCTTAAACCCGCACTTCGAGGGTCTATTTCCCTTACACGGGTGTGGCAGTCTGGGAGGATCTCACGACGTATCCCTCTCTCGTACCTCCCACTCAACTCGGTCCAACTTGGAAGAGAAAGCACTTGCGTAGACAGAGTCTAACAGCACCGGCTGTGCGAGACCTTTGTCAACAGTCTTAAGTTGAGTACACAGACAGCAAATTTGTGAGCTCGATTCCCAGCACCAACCGCTATGATGTGACCTGCTACCGGCGTTACCTGGACCCAAATCGCCACCCCACGTGGGAGGGTTCGATAAAGTTGTTCCGCACGGGATGGTTTAATACTCGGGAGTCAAACCCCACACGTTATGTCATGGCGGTTCAGAACCGCCCACTACCTCTACGGGGGTTGTAATAAACCGTAAGGGAACTGATAAAACAAACCGGTTAGATGCGTTAACGTCTACGTCGACTCAACACCATTCTAATGCATCTGCTGCTAGACGAAAGCGCCCTATGCGCGTTTCCAAACTACGCTGTGTGGTTTTTTAGAATGTATGTTAGGTCTCTGGAGTCATCTAATTGGAGGTGTGGTTGATCTGTGATACTCTGGGTCTTTTACCGAACACTATGGTTTGTTGTTGTGTTTGGAGGCGTATAATCCGGCTGTAAAAACGGGCGACCCCATTATCTCTGCTATACCTCAGGCGCCATACCGGTTTTAATCGACGTCAGCTGCGGCTAGTATTAATAAATATCTTAGGACGACTGGACCTGCATATCACGTGAGGGCTCTCGGCAGCATTAAGTTTACACCCTCAGGAAAGTTTGGATAGTAACGCAGCCGGTAGAACACGTGCAGCGAGGATTTGGTGAGAAAG,1148,49.74,Escherichia coli
SEQ_474005,GCCCCAGCGTGGTACTAAAGGCAGGATTATATCATGCCATGGCCAACACAACCCTGCTCGTTATTTATTCTAGGCGGGTACAGACCACTGCTATTTCTACCTCGAGGAAAGCCTTGGGACTTTCCAGCAGTCTCCGTTCCTCAAAAGAGAGGCGATATTTAAACCGTGAACAGGGTTTCCGTCCCCAATACCCTAAGGATCCCTAGAGGTAAATGATGGTACGCTATCTTTCTGGATCACGTATATCATATGAGGGCCTTCCGTATCAGTGGTGCGTGGGTGGGTATCAGCCTGAGTGGCGCTGTTGAGCTGCCTCCCCAGAGATGGTAAGCGGGAATTGGAGCATTTTGCGGACCGTTGATCGCACTGAAACAATGCACCTGTTTTCATTTTTTAGTT,399,49.37,Arabidopsis thaliana
SEQ_480280,AAGCCCACTCCGAGATATGTCAAACGATGTCACGACTCGTGGCCGGTGATTACCTAAAGAAGACCTTAACTAACCCATCTGTGGGGGATGTTGGATGAGAAGTTTAACTAAGTAATAGTTCGAGGACGGAATTAGAGTCCCGCGAGCCGTGCTGAGCCTGTTCATAGTGGGTCACTACACACGTGCGTTCGCATGCGGTTAGTAATCCAGATATCTAACCTCCCTATTCGTGTACCCGCCACCGTCCTTTAGTGCGATGTAGCAATACCGTGCGTATCCGAGAGCCCGACCGCACCGATTACTTAACCAGCCGGATTTTCCGAAGGGGCGAAACCTCTCCACGTTGAAGGTGGGACACAAGGTGCTTAGCAAGCCGACGTTTCTCGGGGTTGGGGAACTGCTTCACAGGCAGTGCCTGATTTGTGGGTATCACACGTGTGTTGTCCGATCAGGTAGGGTAATGTCGATTCAAGGCTCAGGCCAAATAACCAAGGTGGCAACATGCAGAGGATCTAGTCCTACGTATTGAGCACGACGCGATTGATC,546,51.65,Homo sapiens
SEQ_329348,GGCTAACTAAGTATAGGTGAGACATGACTCCGAAAACCTCAATAGCGCAGAAGCTCCTAAGCGATAGGTTCCGCGTCAGATCTTCTGGAAGAGGATAGTTGGAACTTGCTTCGTTTTACTTACTCGAAATGTCGGATTCCACTCGCGGGAATCCTGTCAAGCCAGGTCTTGTATTAGGATCTGAGGCAGTCTCGTCTCAACAATGAACCGGGCTGAACATTGCAGGAGGAGCGTATCTGGGATGAGCGAGCGACGCATAGCCAACTCTCTTTGTGGTCTTGTACTCCTCCCAGATCGGGATTCTGTTGGGCTGATGGCCTGACCAAGGGAAAGCGGGCTACGTATATTAGCAAGAGCAAGGGCGCCGTTAACAGCCCTCGCTCACTTACATTGTGTTCGGTTCGAACTTATGAGCCTGTATACATTTGGACTGCCTCCCCAAGCCCGGAACTGTCGGCGTGATGATTGGAACGTCGGCAGAAATAGATTTGGAACACCGCAAGCTACTCTTTCAAGGTCCTATCGTTTTTGAGTCAGAGTCTTAACGTTCCGTAAAGGAGGGCCGGTTCTGGGTCCCGACTATGGACTTTCTCGCCAGTAGCCCGTCGGGCAGCGCTATGAGAGAAGCAAATTAGAGTCTCAGCAGCGTCCAGGGTCTTACTACTTTCTGAGATCAACTTTAGGAGACGATCATAGAGCCTGCCTCTTTAGTCCTATTCTCCAGAGAGAACATTGACCAACCTCTTATTTTGGATCAACCAGTTGGTGCGCGCAATCGTGCGATAAAGTCTTGGGATGCATCATGATAGAGTGAGGATACAGGTTAGAACGTACTTAAGCGATCCTTAGTAGGGCCTGAATCTAAAATGTCAGATAGCAAGCGGTGTACCGCCTAAGTTTATAATGGTTTTCGCACTGTTACTTATGGTCACTGTGGACAGGATCAGCTCGGGAAGGACTGCCAAAATCTATGAGACCGTATTCCCCGTTTTCGTTTCCACGAAAGGGCGCGCCACGATCGATCATTTCATAGTACGGGATTTTGTCTTTAACCGGGATAGGCGGGGCAAATTTGTGCACCCAGCCGCATCTCGAATTCGGAAGAATAATCAGTATTATCGATGAAGTGAAGCGAGAATGAAACGTTTAACCTATGGATGGGAATGCACGGCGTCGGAATCAGTATCGAGCGAGTTGGGCCGACACTGCCTATATCACGAACCGTATCAAGAGGAGCGACCCAGGTCACAGCGTGACATTGTTGAGTGCTAGAGGTATTTCTCTCTAAGTTTCTACCCTTAAGACGAGGAGGCTTCCTACAAGAAGATGATCCGCTTAGGTCTAGTTATATGATTCTCTCTCCCTGTTAAGGACAGTAACCCCCCGGGCCACCCTCATGTAAACGCCCGTATGGCTCTCAATATGACCTGACTTAGATGGCTCGTACCCACCAGCTAGTA,1460,49.04,Caenorhabditis elegans
SEQ_106083,ATCAGTGGCCGGAATTGATGACCTAGTGGAGCCAGTCCATGCGTTCGCAACTCGACACCTCGGATACAGATTCGGTGGCTCCTTCGGCTCAGCGCAGTCAGACCCGCCGTTCCACGCCTACCAATTACCTAAACAATGCTTACTGGCAGGAAACGCACTCCTCAGCCTCCATACCTATTGCTCTGAGACATGTCAAACTTAACTCCACGAGTGGGATAACTTCAACGATTCTAATCATTACAAGGGCTGTAGGCGGTCTCCCGACACCTATTTGCCAAGAAGCCGCTGACCCCGTATAATAATCGCTGAGTTGGTTAGTCTTGTGCGGCCTCAAAGCGCTTGATGAGCAGAAGGCGTGGTCAAAACGCTGTATCTAAACTAACTCGAAGATATCGCCATATCTACTTCCTCCTTTTATCCTAGTGTAGTATAACGCACAGTCTCATCTACTTCGCTAAAAAAGGATGCGCCCCGACCAGTCAGAGGCTACTCCACGGAATCTGGCGGGTGAATGGGTAAAGTCACACACGGACGTTGATTCAAAAATCGCATGGTTGAAGAGCTCGCGGGCATTAATCGGTTTGA,585,49.91,Caenorhabditis elegans
SEQ_594216,GCCGTTGGGCACTATTCTCGGTTCGAAAAAAGACCCGACGATTCGTGCGTAGGCAAGTGCCTTTGTCGGCACCGCTTGAACCACTCGCTGTGGACCCACAAAGGTCGTTCAGTTGAAGCTGAGCCTTCACAATGCTGTCCGACGCTATACCCCCCGGCGGCACATATCGTTAGTGGTCTTGCTCGGGTTGTTCAGGATATGACATCTGGGAAGGTTCCATAGCACTCGGAACCAAGGTTCGCAACCCGCTCGAAACCGCACTCCGTAGATTCGACGCAGAATGAGCTTCTATATCAAGACGATTTGATTTTATATCACTAGGGACACGGGCCAATCTCAAGGTACCTGTTCGACCTAGATTGTTGATGATGTGCAGGCTGTTTATTGTATTTGCCGCATTGTAGCGGCGACGATGCCGGTAAGTCGCTGACGCCCTAAGGCTATACGTTCGAGTAGCGTTGTGCGTTAATTCATTAGGCCTACATGTATCCTACATCTACTCAGTACCACGCTTTCCGGCTTCACCGGGATGCAGGAGTCTTAGTCCCCAATCATAATCAGGTACCCTACTATGTGTAAATGCATATGTCACAATTGATAGCAGTACAATATATGTGATGGAACTACCCCTCGTTATTTTTGCCTCACAGGGACATAGACTGTTGTGCTGAGCTGTGTCTCGCGCTATGCAACTGGGGTACGACGCATTATTTATGAACTAGGTGTCTCTACTTTGATCGATGGGAAATACCAATCTCGTAGCCGCTTGTAGAGACTAGGGAAATTGAGTCTCTGACGCTTAAGATTCTCATCAGTCCAAGGGTTGGGATCAACTCTTGCTTTGACGTAGAACATGCCGATGTCGGGACGCACATTTGTAACCGATTGGGGTTTCAAGCTACGAATATCCACTTCCGTAGCCATCGAGGTCGAAAGAGCAGCCACTGCTCAGGTCGGAGCCTATAGGAGATCAGGTCTGTA,981,49.13,Homo sapiens
SEQ_730099,TATTGGGGCTGAAAGGACTCGTTCTGAGAGAACAAAGCTTACTGCTCTGGGCTACATAACAACGGCCTATTCCGTGTCTCAAAATCTCCTTAGGAGTCAAGCCACCATCAGAGGAAACTATGGGCTAAAGGATCGCGTTGAGTTGTTCCTGAGAAATACTATAGACTTTCCAACCAACTTGATTAGCCATCTTGCGTTCTGGCCTTGGCGTGTGGCAGGATTATACTTGCAGCTCAAGAGACATAAGTCTTCTCGGAGTGGGTGCACAGATCGGGCCCTATATAGAATACTGCCGAACGTCTTTAACGCAAGTACCGAGCCTTGGAGGGAGGCTTCTATTTTTCATGGTGGACGGTGTACTATTTCGTGCAGCCTACTCGGGGTGGAAGCGTGTCTTATGCTCGATTCACTCCGCGGGTGGTACCTAAAGTTGACTATGACGTAACACTACTAATTAACTGATAACCCCATCTCGGACCGCATAGGCTCCTGAAGAGCCAGGAAAAAAAGCCGGAAACAGCTCTCTGGCGGAGCCTCTGACTCTATTCCTGCCAAAGTAA,560,48.57,Caenorhabditis elegans
SEQ_379852,CGGGCCTCGATTTTCGTATTTCGGGTTCTGCGACCTACCACCGTTACCCACCTATAATTTTGTTAAGGGTCAGCAGGAGGGCACCGACACTATGTTATTATTAGATTCGCCACGATAAACCTGTTAGAATCACGCGCAAGCTGCGTCAGTTCAAATAATTGAGGGCCGTTCGCTGCCGCATGTGAAACGGCCATGGAGGCTAACAACTAAGGCTTCGAAGACTGTAGCTCAGATGTGTTGAAGATGTCGCACCTACAATAGGGTATTAATTGGAACGAGATCTTTAGCCCAGCCATTGTGAGTGAAACGCGTTGTTAGCGCCCCGCATACGGAGGTGAGCACGCGGTTTTATCCTCCGATGCCACCTTCGCGGCGTATATGTTAGCAGTCTGCAGTGCAATTTTACGCTGAGGCCTTCGATTCGTTCCTGCCGACTAACGCGCGTAGTTATCACTATGGACAGCTAGCGAAGTAGTTGCCTCTGGCCAGCCGGCCGCCATCCCCGTTAGCCATCGGCGTAATCTCATACTAAACATCACTATCGCGCCCGCACGTATTGTGTTCTCGGAGATTCGTGTGCAACTGCATGGTGATCCCAGCGTCTGTCAACCAGGATTGCAGCATGACCTGCTAGGCGTGTGGCCTGAAGTGGCTCGAAAATAGCTAAGGATTAGCCGGCCGAGTCGATGGGGACGCTCTCAAGGCTCGCGGTGACATACGTTGCGCCGATACGCGAAGCCCCAAGTCACTAACTCAGACTGCGCGATCAACACCAGAACAATCAAAAAGAGTCTATGTCTGATTCGTAAGGCAAGGCATTATCAGTCCGTGCAGCGTGATGTGAAGCTAGTGATATCGGCGCTTCTTTTGACTACGGCAAGCTCTCGCGCCGAATTGATAAATTTTGTAGGGCGTGCGAACCACACAGTGAACACACGAAATCTAGCTTAGCTTGCTTCGGCCACGACTAGGTGTCAATTCCACTAATGCCGTCTCTTCTGCACCTCGGCGCTAATCGGATTACAACCGGCTGCTCTTTGAGTGATCCAAACCTAGTGGACTGCTGTGCCGCAGCTCGACCGCTCTGGGCCGAGACAACGTTAACGTGGCTGCACGTCAGGCCCGGGGCTAATCTGATTCCCCACGCACGTAACTGGCTTTTCTCTGAAGCGAGCCCCGGTCTTGCGGATGGGCTTGTTGAAGATGTCTAGTGTCGACTTGTTCTGGAAACTCCTAGAAAAGGACGATCCCCACAACTGACAGAACAGTAGTATTGCCAGAACGTCATGGGTTTAAGCTATATTCTCTAGGGTCAGACCCCGGGATTTGTTCTCAAGAATATTACAGGGGGACAGCGAATAAAGTCTCTGGACGCGTCATATGTGCTGCACACCATTATTGGCAATCGCGGGTATTGTGCTTGGCATACGATTCCAGCAACTCTCCCATGAACGCGCCCAATGACGAAGTGTTTTTACAAGCCTCGCCGCGGAGCACTTCGATGCATGGCACCGCTAGTAATCTAGCTTTAAAAATTCCCTAAAGCCGCGACCCCCCTAACAATCGGTTCTAACATTCATCTGAGCATTTAGGGGTAAACCTGCACATACGCGCAACTTCTATACTGTGCCGCAAACCGAGGGGCATACCCGGTGCGTGGGTCGCGCACGCCTGCTGGCGACAGCCAGGAGACAGGATCGGTCACCCACCCCTCAGCGGCTCGGACTTGTAAATGGTGGAAGGTTGTCCGCACCGGACTCGTTCGAGTGTCACTGCGCTTGTATGTCCCAGCTGGGGACTAATTATGGTCGGATCGCACCATAGGAGCAGTCTGATTTTCATTGTTGTTGGCTCTAGGCATCTGCGCTATTAGGTTCGACTCACTTATCCTGTTGCGACTTGATTTTACGGTACTGTATGGCTACGGATCACTGACCATCATTGACAGTT,1950,52.05,Arabidopsis thaliana
SEQ_122266,GCAGGAGTTCGGGAGGAGATAGCACCTATAGATCCTCCGAATACTTAGAGCCCTGTGCGCCGCGTTCCCACCTACCTTATTTCAACGTTTCCATTATGGGGATCGGGAACGGTTTTTAAGGAATTCCCTATTATATAGCATCTGTACTCTCCGTATTCGTGTTCATGCTTTCGGAGGGTACGACCAAGAGAGGCGTGCGCACGGCAGCACCCGCTATGTTGCTCTTCGATAGGATGCGCAGGCTCGATTGCCGCACTGTTTGCCCTTGGCATAGCGTCAAACAACTTAATTAGACATAAAGAGTCCCTTGCTATCACTTTCGTGGATCCGACCCCAGCAGAACATGTTACCCACTGCTTGCACACATTCATCTTAGGTAAGCGACCCCATGGTCTTGTACGCGCTGTGTGGAGGTAGGCATGCATGGGGCCAGAAGGATCAGGACAGTATGGAGAAGTTTTGCGCGTTGGACCCAATTCACCCGGTCTATGCTTGAATATGCTTTCTGTCTTAGTGACCCCGGAAACAGATAAAATCCACTCCAGTTCTGTGGTCGACAGGGGAAACAAAAGGTTAA,577,50.09,Drosophila melanogaster
SEQ_754953,CCTCTCACACCTATGAAACGGACTAGGTACTTGTGTTGTGAGCACTTCGTCGGAATAGCGGATGACATAACATTGAGAGTAGTTGAGCGTTTTAGCTTGGTTCGAACTACTAGCTGGCGGCTTGATATAGGTTTAGCACATGTATATACCTCCACTACGCGTCCTTTACGCACACGCCATGGGATTTCTCCGAAGACCAAATAAGTTTGCTCAAGTAGATTGAGGAGCCACAGTGTGTAGACCGGCAATGAAGTGACTCTTAATCGAACGCCGAAATTCTACGTTATTCCAATAAAATATATGGTACTTCTGCCATGAATCCATATGAGACGTGGGTAGCATCCGTGAGAGTCACTTGATGGCAGTCCTGTTTTCAGATTTCTAACAGTTTTAAGCCCTTTTCGTCATTTAGCCTCAACAGTCCAGTGTTTAATGAAACATTCACTTTGAGAGTCCTCCCACCTGGCCAACCGGTGTTCGGTGAAGCCTATAACGATTGTAGACCCTGGCCCTGCTGGAAGCATCGGTCACAATGAGTCTTGGGTAGTGGCGCAGTGGCAACAGATTCAAGACGGGCCGTTGCGCATTCCGAATCTCGTGGCTGCACGCTATTTATCATAGCCTATTCTTATCGTTTTACGCCTCGTTCTGCTCTAGCTTGATGATCCCAAAGAATTGGTAAAATCACTTTGAGCTCCTGTGACGGGACCGTCCTCCGTACATCAGATGTAGCCTGCCCCATATCCTGACCACGCCACTAGCGCATGAACAATAGAGAGCGGTCACTGGCTCAGTGGGACAAGGTCTACACTCCAGTCAACTCCTGCTGGTGCGTAGTTCTACCGATATAAGGTTTTCGTCCTAATCCCATTTGATGCTGTGATTACCACAGATGGGAATAGGCCTGGATGATCACGTGGTAATGGTGACCCACGCGCCAGGCCGAGCACCTGTTCTCGACTGTCCCGGTCGGCCTATCGAATAGTAATCCGGGCAAGCGACTAATCGGTACGGGCCGTTAGCTAAGTTTACAGAGAGCACAGCCGAACGGGCAACTCGCGTATACTTGGTTTAAATAGGTGGGTCCGACGCAACCCCGACAGGACCCAGCGCAAAATAAGCGTGTACGGTTGGGGCGCGTCGAGACACGATCAAGAAGCTGAGCATCGAAACTGGGTCCGATATGATAATCGTACGTACTATTCTATGACTTTCAAAGCGCATAGGATTATCGGGGCTTAGCGTCTGCCCGCGTAGGCATTCTAACGGACCGGTTACCGCCGGGGTATGTGCGAGCGAGACGTGGCTTTGTCGCCTCGTGCACGAGAGGAGTAAGCAGTCCACGGGCGAGGTCGCGTAGCGCAGTTAGAATCGATATCCGTTTCTTGGCGTCCCTGCCAGTGTGGCCAGTAAGCGTTATTCCCCGCGGGCGCGTACCCTTTGCCGGCATGTGTGAAAAGATTAGCTAGGAAGTAGATGTGACGAACTTAGGTATGCCTAGTCACGTAGATCTGCTTCAGGAAGGT,1526,50.59,Drosophila melanogaster
SEQ_883475,AAACCCCAGGAGGTGTATCACGAGAGGGACTGTCCGGCGCCCGGTTCGGTGTTTGAATGTTGAAGTCTGGTACGGGTCGTTCGGGTGGCAGGGTGCAGGCGG,102,61.76,Drosophila melanogaster
SEQ_498661,CCGTTGTCTACGCGTTAGATTTTTTGCTTTCCCACTGAACCATATTTATAATCGGAGGCACCAGGGAGTCTTTAATAAGTTCTGCCCAGATAAGCTTGGATTCAAGTTCCGTATGGACTGAGGACATGGCCGGTTATCAAGCTTTTTGTGCTCCGGACCGTCGGTCCGGTTTTCATCCCTTGATGCGAGCCTTATTAGCGCAGGAAGGGAGCCGTAGGGATAATGCGGCAATTAAACTAATTTTAGCATTGCCATCAATAGGCCCGGACCTGTGAGGTAAAGCGGTGTAGATCCGTCTTCTCATGAGCAGGCAGCATCCAATGACCGCTACCTCTGTCCTTCGAACTCGAACTACTATTTCATTTCAGCAACGGCCTGGAAGTCGGAGACACGTCTGGTGTACGTGAGGAAACAGTAAAATGTCAGGACAACCCACCGCGAACAATATAGTCCAACTCTTCCCGACCTCTCCCTACCTTCTGCTTACTAGTCATAGACTCCAAACACGTAGTCGGCTTTGAGCAAGACGTCGTCATTTATAAGTTATCGCGAACTGCCAAATGCCCTACCGCAAAGCTGGGAATAAATGGATCACAGGTATGGCGGTAGAACGATTAAAACATCTCGGTAGTACGACAACTCCCGTAAGCATCGCTTGATCCGAAAAATTATCGAGCGTTCTGCCAAAGGCCGAGTCGACTTGGATGGCTCCATGCTTCATTCATTTGGTCACTCGAACGTGACCACTGAACGGCTCGTCGGGGGTGCAGCTGTGGTGATACGTGTTACCACCAAGCGTAATATTCTATTTGCCTGGACGCCGACCGGCCCAGAAGCCGTGAGGTGCCGGTTATTCCCCTGTCGAAAAAGCCTGCAGGGGCAATCGTTATTCGCAGATTGACAGGGGCCTCACCGATGGCTGCGACCGGCAGGGGGGTGTCAGTCTATTTCCAATAGGTGGTGATCGACTAGTTCCGCATTCAAACTATAGGAACCTTATGCGTCCGACCTTCATGCGCTCCAGGACACTGCGATACCGACCCCGTAATCCAGA,1054,50.57,Mus musculus
SEQ_238559,CAATAAACTCTCCAAGGCTATACACTTTACCATAGGCTGCGCTGCACCGGTTTTTCCATGTAGTTATAGTGAGTCCTCAGCGGGGGGCGAGATTCCCAATTTAGGACTCAGATCGGATTTGATATCGTCTCGGAAGGAAGGAAAAAGGGGACGATTGACGGAAGGAACGAGAGCAAGCTGGGCGTTTACGGGGGTGTGAGATAGCTGCAGTGCATTCGGCAATAAGTGACCATTTACGGCGCGGCTGGCCCGCCCGTTCCATGGCATACAGTGCTGCAGGCGGCTCACATTACGAAAAGATCCGGTGATCGGTCTAACTGTACTAGAGTGTAACGAGCTATCCTTGGGTCTAGTTTGTGGTATGTGGCTCGTGCACTGATAAGAGGACGTGTGAACATGTCGGACGCTACACCACAGCTGATGTTAATCGAAATATTACCCCGCCGGGTCGGCCAAAAAGACGGAGTATAGCTCCGCTCAACACCCCGCGTTGAGGCGCCATAGGTTGGAGGAGGTAAAACTTTCTCATGGCAGTGGGCCGACTCTTCATGTGGTATGACAATGGTGCTAGTTCATTTCCCTTCACTTATTGTTAACATTTATAACTTTGGGTCGTCACGACGAGCAGAACAATGTGACGGCTTTTGTCGCTTTTGCGTTTACGCCGCTAGTCTCCTAGCCCGGGAATTCAGAGCGAATCTACGTGCATTGGGGACGATCGGAGTCTGACAAGTTTCTTTCACGGAGACACGGCCAGAAGTTTTAAGGTAGGTACTTTGCATGCTTGAACAAGGAAACACCTTGCGGTACTTCCTCGGGGTACGTTGTGTTCAGGTATAAATTCTCCAGGAGTGGGGGCGCGGGCGACACTTTACATCGCGAGACACTTTTGGGTGGTTGATAACAACGTGGGTTTCGAAAGTCACCAGCCGTCGCGAACCCAAGCTTATTGAACAATCGCCAAGACGTGCGTACATGAGGTCGCTGGCATCATCGTTAGCGCGCACTACGTCCGAGACTTCCTGATGCTGGAGCTAAGTTTTTACACAGAAGATTTTCCCCTATCGGTCTCAGCTTAGCCCCGTTACCAAGAATTCCCTCCTGTACAACACTCGTGTAGACAAGAGGGGTCCGTCACATTACCCGCTTCCCCGACTAGAGAGTGCATCCTATAAGTAAGTCGGTAATTCACGCCGACATTTGTCTAATTGCAGTCGTCTAACGATCCTCTGGCACGCTCAAT,1243,50.68,Caenorhabditis elegans
SEQ_593784,CACTCTACACTCGCAACGGCGAAAGTCAAGTTATTGATTGATGACCAAGGTCATTATGTGTTAACTTAACACACTGCGGAGAATCACCTCATGTCGAGCACATCCAGAGCGTCAGAACCAGACGGCGTTGAAAGCATCAGTTGTGATGTCAAGGGGTTCCCCACGCGGTATTGAAGCAGCCCGATTCGCTACCTGGCAACGTTCCCTGTTTTAAAGGCCACGCAGCTTAGGATTCGATGCGCACCTGAACTCCTCCCATAGAGCTAGTGAAATTTGTGGTCTTGTTTCCATAATAATGACTCGACATTGGCTTCGAGGAGTCTTCAGTATGAGTATTCTGGGTAGATCCAGGTGAGGGAGACTAACGAAATTAACGGGTGGCTAGGCGTCACTCTCCGGGGCGGGACGCGCCAACTCCCCCCGGGCAAAGGTTACTATTCTGCCACCCTTTCGCATGTATTGCTCGTAGTGTCATTTGTCTTGGAGTAACGGACGCCTCCTGGTACCAATATCTGGCCATTCGGGCACCCTCGCCGACCTCTGGGAAGTCCTCGTACAACATTCGGATCCGGAGACCAGTCGCTATATTTCAATGCCAAGTGTAGTTGGATTAATAATAATCTGCCGTGCACCTTGGGGTGAGGGTGTCCGCCGTTCACTCCTCCTTCGCGTAATAAGCATGGTTCGCGAAATCTGCCAAATTATAATCAATGAAGACGCGAGTCAATACAAGCCTGTCCTGCCGCTCGGTACTAAGCACAGCGATGAATCTTAAACACGTTTGCATATGCCCGTAACGCCCGAACCCATGAGATAACAACCCAGCACACTTATCCCAATTAGGACTCACCAGTGGGCATCAGTAATCTCCGTGTACCCTAACCCACGCCTGCGATGCGCATCCGCTTACAGAGGTCGCTATAAGGGTGAGGCTTTATTCGTTTGTGAGACAATTTATAGTGAACTCTCACCGTGATGACCCTAAGTTAGTACATCTCAGGATATTGATACACGGTCGCAGAACCAGTCGCAACTCTTTAGGTCACGAGGCTGTTGATTACGCGTATGCCAGGGATGCACGTCCCTGCAATCATACCCGTACAATCGCAGTACGCGACCCAGGGTCAAAGGTGTCACCAGGGTCAAACAAATGCGTTGCAACTAGATGGGTCCATCCAAGGCAGTTAACATTGCACGCACTAAGAGGGGAGCCCCTGTCGACCACATCCCACACTAGTAAGGGCAGGGGGCGGTCTTGATTTCTTTGGAAGCTTTTTCCCAAGCAGTCCGTCCATGTCAATGAGTCACTCCGGAATCACGGTGATCTCGTCCCTCATTGCTGGATCGTGGATCATCCTTATGGGAGGACGGTTTTGCGTATGTGCATCCGGTTTATAGCGTTGAGAGACTGTCAGGGACAGTACTTGTTCACAATACTATTCTCTATCTGGAGCGCTCTAAACTTGGATCTGGTTGCTTTAACCTAAGGGTAATACGGCAGCAAGAAACCGGTCGTATAGTTGTC,1525,50.23,Drosophila melanogaster
SEQ_431223,TGGGACACAAGCAATCCTCACTGAGCGCTGGGAGGTGAAGCGATTCTCCCTCACGCCCCAGCGCGGGTGCTAAGTTGCTACGACGTTATATAATATCCAGCCCCGCGCCGAGTTGATTTCTATTTCGAAGTCGTAATACGCAGATAGGGGCACCTAGCTTAGCGCATCAAAGGGGACCTCGTCTTAGGCAGTCCCATACTCGTTATAGCTCTTTAAAGTCGTGTTTCTTTTCCTCGGGAACTTAGACCATCCTGATGCTTCTAAACCAGTTACTTCATTAGCGAGTACCACTACGCGTTTTTGGGTTCGAGTGGAATGGGATTCACTCATGTGGGGCTTTAAACGATTTTCCACTTTTCAGCGCTTGGGGTTCAAATGCCTAATGATAAGACTCTGTACTATAGGTTATCAGTATGTCTGCCCGGCTGTACCGAGGAATGATACCGCCACGGGCCCGACCAACCGTCGCCTGTGCATATGTCCACGCTAGCATCCGCCACCCTAAGGGACCATTATTTGGGATCAAGGGGACGAAGCTAATGGAACGATCCTCCAAGTCATCTTTAACGGGGATACTACTGGACCTTGTTGTGGGCAAACCCTGTTTCGGCAGGTGGGGCTTTAGTGCGAGTCATGCTGCGTAACGTTCGTGTCTCCGCATGGACCGCAAATTTGGATCGGCTGAACTTACTATCTGGCGATTGCTGGTCCGTCACCAACTACTTCTACTAGGGTCAACGTAAACTCCACCGGGCGAGCATACGTTCCAAAGACCCGACTCACTGGACACCTCTCAACCAAATTTAGGGCCCATGAATGTAGGGTTGTATACAATGTTTTAGGAGCCACTTCTCTTGGCCTCCCACTATGTGGGTTAAGCTAATGTGGTAACTGAGCCATATGTTTGCAGCACTCCCAACTGGTTGTGGGAGTTAGAGTGGACAAAGCTGGTTGAACACACAGAGATTCGGGTTCTGAAAACAAACGCAGTTGGTAACAGAGTCAAGTTTCTTAGGCGACCAACATGCACTCGCCTCCGCTCTAATCTGACAGAGTCGCAGAAGGTCGTGGTTTACTCGAGTAGTTCGTAAACCGTGCCAAGGCTAGGTGTGGGGATCCCATAAGCGCTATGCTGTGGTACCTGGGCGCACAAGTACCGCATCAGTCCTGGGTTCTGCCATAAGGCTGTGGATAAGCTACCTTATGCGAAAAAGCCGAAGTCAAGGAGTAATCAAAATCGCCAAACAATACAAGACGAGCTGAATGTCACCCCATCCGTTAGGGTGCCACAAAGATAACAGGGGCACGGCCTGCACCCTGAGTGCCCCACTCATAAATCCGACATATATGCACACCGATGGGATAGGTGCTTCTTTGAAACATTCGAAACTCCTGCGAGCAGGCCGGTGCGTAGGCATAGTGCATGAGCCTC,1432,50.63,Arabidopsis thaliana
SEQ_604654,TAAATACCCTCGACTGGATCTAGCAGTGGTGGATGGGTTTCGGCGAAACATGCTCCCGCATGGTGGTAACTATGTGTACGTTTGGTCCATAGTATGTCAAGTCTTGGCAATCGTTTATCTAGGCTAATATGCATCCGATAGATCGGGGTGTAGGCACCTAGAGTAATGAGACTGCAAGTCGAATCCTTAATTCAAACGTGAGTTATCGGGTACTTCTAGTTCAGCAGGAGAGTGTGGGAGTTACTTACGTACAACTTGAGATGGGTTTAGGTAGGCTATCCCTAGTCAGATAGTAAGTGGAGTGTAGGAGAGTGCGGCACATGTTGTCGGGAAATTATTATTGAAGGGATTCCAACGCGTATCAAGAGCTGGAGTCCTCGGAAGCAGTACATAAGGATTGACGTGTACTTTCGGTAAACATTGGCACCTGTCTGCCGAATTCGACCTAAATTCTACGCCGAATCGAGAGTCGCTTTACTGCCTTATCGGCTATGGTAGTTCAAGGAAATAGCCACGGACTTATAGAAATCCGTAAGTGATAGGACGTCTAGATTACGAGGTCAGCCCCTAGAAACCATGATTAGGCGTCCACAAG,595,46.22,Caenorhabditis elegans
SEQ_263105,TATCTTCTCCGCTATACCCTCGTGGGGGATACGGGATCCATAAAATACCTAGGGCCAACGAATGTAATACTAAACAAGACAGCACTCTAACCCACTGTTGGGTGGGATGTACTGCTGTGGAGCACAGTTAGTTGGGGAGTTTCACTGTTGTCAGAAAGGTCCAGGAGAAATGCCCAACCTTCTCTTAACAACGCATTGTCTCTTCCTGCTCGACGGCCTGAAGCTAGGTTTGCAATCAACGTCATCTACAAACCTCCGTACCTATTCTAGAGGGCGGTACGAGCTTCGGTAAAGGCCTAGATTGAATCTAGAGCTATTCTTGGCATGTCGATGTGAAGATCAGTGGGAAAACGTATGCCCATGCATCGGTCTTAGTATCTCCCTGGAAGGATGGAACGTAAGGGTTGGGTGTTCCGAAGATTGCTGAGAGCACGGCATCGCGACCGACATCCATGACTCTCGCGTGACAACCCACTCTCAATTTGTGCAAGATCCAAAACCCCGACCGAGATAAGTGATTCTTGTCAGGAACTGTGCCTGATCCCTGGGACGGCTCAGTGAGTGATGGTTTTATCCTGCGCAAACCGCGCAACTAAGAGTAGACGACGTTGTGGACATCACTGTACTCCTTAGCCGATCGACGTTTCCGACAGGGTACTTCTAACTTTGTTAGACATCGGGTGGTAAATGAGGACAGACGTCTTGAGCGCCTACGTTATCGACGTAACCCAAGGTCCTGTTAGTAATTCCTCTTGTGAAGACGTTAGCCCTCACCTGCATCAGGCAAGTCGTACTGCTTCCGCCTTGTAAGACCCTCTCTTTAGTCGCAAGGCTGGTTCGATCGCCTCTCGTCTCGCAACATAGGTAGACTAGCTGAACCGCAGCGGAGCACGGTCCGACGCGCCATCCTCCCTTATACATGGAACGGAAACCCAGGCTGGAGCGTAACCTCGGGCGTCCGTATTTATGCATCAGTCGGCAACCCGCATAGACGGGATCCTTGAACTCGATATCCTTGACCTTCGAGCATCATAACTAACCCGGTCCCCGTCCTTAAGAGTGAGGTGGATGAGGTCACTTTTTGCTCAGAAGCGCTTGGATAGTAGCCGATTCACTAACTTAACATTGACCCGCGCCGGGCAACGCGCAATTGGGCCGATCGACATGGCAAACAAGGATTTAACATCTGGTGTCGGCATCAAGCTGTCCTCATGCTACTGATAGGGACAACCTGTTATCATGCCCCATTCCAGGCTGCCCAGAAGAAGCGCACTTACGGTTGAGAGCAGTCAATTCAAGTAAGTTCGTATATGAGCGCTGGCTTACCAGCCCTGTGATAGAGACTCGAGATATAAACTAACCAATGTTGGGTCGGATTCTGGACGTCCACCATTGGTTGTCTGTCGGATACGCAGGGAGTGATTAGTACAGACCGTCGGCGAGACGTAGTAGCCGGCAGCCATCACATACTGCGCCGTTGATGGTCCAGACGCAATGGTTAACCCAAATCAACGACGACCGGTGAATCAGTCCACAAGTTCGCGTTGATGATTGTCATTCCAGTGCAAACTCCTGACAAGAGGCCATCCCTCGGGATCGCTCCATACGAGCTCCAAAATTCCACACACCTTGAACAGATTTAATGGTATGAGTTCTGGGGCTCGCGACAA,1670,51.02,Escherichia coli
SEQ_565964,ACACGTATGAGCAAACCAGCTGTGCTGGCGGTCGACCTCCTACGCACTGGGTCGCGACAGTATGCACCCTATACATTTGCCATGTAGATCGAACAAGTGAGCCGGTGGCTGTTCTATAATGCTTGAGCACATTGCTTTGGGACGTCCTAGCCCCCGTGCATTTAAGTGATTTGCACTCGCCTCTGTTGTGGGTTGAGCGTCCGTCCACGATCGGCAACGAACGTAGGGACATTGTTCCTTCCAGTTTAACGCGACGAATAAGCCTTCACGTTGCGGAAGCCTCATGTACATGACTCCGTTGAGTAACAGCTAATTTTGCATGTCTCGGTGGTTCGAGTACGGCTCCATTACTTGAGGACGGTATTAGCTTTGAAGTACAGCTTGGCTGGCAGTAGTATGCTTACCCCCTCTGATTAAGACGCATATGCGATGGACCTCGCGCAACTCTTAGCTGATAAGGTGACTAGTGTA,471,50.74,Escherichia coli
SEQ_336186,GTGGGCTATCAATTATAATGCACTCTATTTTCATGCATCCACGAACAGCAACAAACCTCGCGCGGTTGTCACATTGTAGCGGATACATTTTGAGGCGTAGGGCTTAAGGAATATTCCTCGGATGGCATATATTGGGTGAGGCTGTAGAAGTTGTAGACATATCGTGCTCTCAAGGGAGCCAGCGTGCGCGGTAATAGACCTATTCATACAAGACATTTCTTTTTTGGAGAAACGGCTGGAGAAACAATATTCCTAGATAGTCCTGTTCACTATGTGCTCTCACCGTTGGGCACTAATGTCGACCACACGTAGCTACTCGTTGGTGCCGAATTTTACAACCGAAACCAGCACCAATGATAGCGGCACGTGCTGATCGAAGCCATCGTAACAGCGTCAGTCACCCTAGTCGTGTCTAGTTCCCGGGCGGCGCATGTGTGGGAATCATCTCTCAGACTGGCCCGCCGGATCGAATCGGTTAGTGTCGAGCAGATGATCAGGCGGCTTTCAGGCATCCCACCACGCGGGCAACCTAGCTAACCAGGTTGGCGACTTATCTTTCACGGGGTAAGATGAGTCGGAGACCGACACAATGGTGAGTTCTCCGGGAGGGCTTTTAAGCGTAAGTTCCCCTCAACTTGCTGCATGCGTTGGGAGTTTACATACCGATGGCACTCGTCAGACGGTATCGCTAGTGCCGTGCCTGCCGGTAGGCTTCCATGCCTAGGTTTTTTGTCTCTGAAATCCAAAGGAATACACGCCAAAGCGTTAAGGAGCGCATGCCAGGGGAGTGTTTATACAGTATTTCATAGCCTATTTATGGGATCATGACCACGTACTGTGGTGCCGATGGGACGAGCTCCATTTCCGCTGCTTTGTACTTACTACTACGGCGATCCTTGAGGAGGGACCCGGATTGTGCGCCGGTGGTTCCATTCGGGTGCGCATTGCCATCTAATCACGAACAGTAGATTGAGGAACAAAAGCCGCTCTTGTGCTCGATGTCTGGCCGCAGGGATTCAGGTTTCGGTACCGTCTAAACTTAGCCGACTTTCAGCCTTACCATGGACTATTCGCGTGTTCGGCATTTCGTGGCCCAAAGTAGTCTGCCGACCCGCACAGCTGTTGATATGCCAGAGGACCGATCGTTCTCTCGACGACTACCATACCTATTGTAAAAACAGGAATTTGAGATGGAAAGTGCTATACGGGAGTACCGAGCTTTTCTTTATTTGTCAACGGGTCTACACCTAGCGCTTTTACACACCCACATAATACAAGTGTTGTACCTAGTATTGTGCTTCGCGCAGAAGATACAGACAGGGTTCGCAGTAAAAGATTAGGTGCTCGATTTCCACTGGCGGGCCAATGATTAGATGTCAGCCTTCAGATCGGGATGCCGATCCCTGAACGTTGAATACTTCCTTAGCCCTACTACCATAGGTCACAAGGAATGTAATAATGCCCTACGGCCTGTATCTTGTGCTGGCGAGC,1491,50.17,Saccharomyces cerevisiae
SEQ_777051,ATCGACCCGAACCTAGCTTGCGATAAGCACCGATTCTGTCTGATTATTGCAGCTATAGTTAGTGAGGAGCTACAATCGGGCAACGGGT,88,48.86,Homo sapiens
SEQ_930218,TCATCGTGTCTTAGGTATTCCCCACCAACCGTACCAACCCGCCGTTATCAGTCTAGTAGCGGTATCTGAGTGCAAAACTCATCAACTTGGATTGTCGCGTTAATCTGCATGAGGGAAGTTATTTGGATCTACTAAGTCAGAACGCGTGGCTCTTCGCACGCGCAGATTCTCCCGGACTGAGGGTTAATCTGAGGATCCGTTGAATCCCTGACGCCTTGCGGCACCAATCTCTGCAGACCCCGCATGTGAAGTCTACCCGGTGCACGACCTTATAGCGATTACGATGGGCCTACAAAGGCGCTGGTTGGGCCCCTTAAACCTGCACTTCTTGGAGGCTTACAGAGTTCCCTAGCGAACTACATAGATTACCCCCATCGATTACCTCTCCGAGGTGAGCATGGAAGCTGTAGGTAAATTCAGCGTACCTTCGATAAAGGTCTTCCAAACAAAAATGATGATCTAGGCCGTTGCACAAAATAAGAGACCCCTCAGCTTATCCTTTTGCGAACTCCCGACTTAGATACCCTAAAGGCAAATAATAATGCGCTGCGACGACCACGTCCCATGCTGTGACGCGGCGCCCCATCAGACGGTCTAAACATATCCTTCTGGTATACACGACCGAACCGTCAATCCGGACCATCCTCGGGGGTTACTCGATTATGCACAACTATATATCCCAGAGATTAGATCGTGCATTCTTGGCTACTTTACCAAATTGACTTTTTCAGTGGCATTTAAACGACTAATAGTTGTCGCATGGCAGCTAGAGGCTCAGATGTCATCGACACCCATATTGTAAGAGCTGCTCTGTGCATCATAGGCTTAATATGCACGACCAAGAGAGACGTTATACAGAGTTGTTGGCTGACCTCCCTTATGGTATGCAATCCTCATACAGGGCACCTTCAGTACACACGCAGTTAACAATGGACCGAACGATTATACGCTCGTTCATGCCGGTACGCATGACCTCGACCGTTAATGGTCTAGTTGTCAGAGATCTCTCTATCGAGCTCCATCAGTTGATACGCTCCACGCTACCCTTTGTTATAAGCAATTACGCAGGTGGTGAGGGGGACGTGGCTATACGATCCCATATCTGCCAATATTCTGGCATAAAATAATTTACGCGCGAAATACTACTTTCGATGCGGCCGTGTGCCGCATGCGCGGTGTTTAGGCGCAGGTACCGCAATTACCGGGTGTCTTTGCTTTCCTTGCTGTTATGTTATCGCTCGCCAGGTTGTAGTGACCGCACTTACCGCTCCATGTAGAACCACAGCGCCACTGTGCATTCTTTTGCGGTGCACTATTGTTACTATACTGCGCCATATTGATTTACTTCGAACC,1353,48.85,Mus musculus
SEQ_591356,CTGTGCGGACCTTATAGGTGCATATTCGGCCCTCGCGCTTAAAGGGTTTTTTAAAGCACTCAGACGAACACGTAAGTGAGATTCTGGCCTAATCCATCAAGACTTCCCACTCGCCCGCGGTAGCGTAAGCAGACCTAGCGTGTCGGGACGTTCGTTAGTACGCTCACATGGGCACAAGAACAAAGACGAGAAATCACCATAAATCAGAGCAGGCTTTACT,220,50.0,Arabidopsis thaliana
SEQ_633098,AAGCCATCCCACGCAATACAAGTCCGTACCGAAAAAAACGCTGTCAGCTAGCGGCATACAGCTGAAGGGTATTACCCTAGGGGGAGGTAGCCGATGCGGGAATGACGGTCGGATCGTAGGTATTGGGGGCTTAGCCGTTGTAAGCCAGAGGCTAGGTAATCTGTAACCCCACGTCATTCCTCAAAAAACAAAACTTTGGGCTCTTGGGGGGGCTAGAGTCGCCGGTCTCTTACCCTTGCTCTCACATCACTGCGCCTCGTTTGGACGATCGATGCGGGTTGGCCTGCTCGTACAGCTCGAACGGGAACTAATAGTAGCAAGTACGAGGCAGTATGGGGTCATTCAACCTGACATGTGTGAGCGGAAACTCTACTGTAAGTCCCTCAGCCTCGTGCGATAGATGATCCGGCCATTAACGGAACCGGGCTACCGTGCTCGTATCCTGGGAAACAAGAATTACTGCTGGAAACATTTCACGCTCAATCCGACAACACCATCTTAATGTCATGCCAAAATGTGGGATTGCGACTCCTACTTTGGCCAACTACTGACAGGTCTTTGGCTCTGACCTGAATCTGATGTAAAGCTGCATCTCCATTAGACATGCTAACACAAACCAGACGATTGCGACACTTAGCTTAACATGAATGGTCAAGAGTGAGTAACCTCGAGTTTCTTTATGGAACTGTGGCTTAGAAGTTGAATACAAGCTCTCATAAGAATGTACTGGTAAGTTCCGGGAATGTCTGATCTTGACTCATGTTCTTTGTCGGTAGGTGGGATGAGATGGCTATCCGATGACGTCATTGCTGCCGTCCAAGAACGGTACTCCCCAGTTGAACTCGTCCAATATCCGTGGTATGACAATCCTTCCCTATACAAGATGCGGCGCACCCTTGCCGAGTCCTTATCTAGGGGGGATCA,924,49.78,Arabidopsis thaliana
SEQ_552747,GACAACAATAGGACATCATGACCCAGACTCTATGCGCAGCTTTTCATCCGTTAGATGGCAGATACCCTCCTAGATGACTCCGGTCTATGGCTGAAGGTGGCTCATCAAAGGGTGCATATACTGGCCCCCTACGGATATGGTTAAGCGTATCACGTCTAGGGGTAATGAGTTCTACTACCTTCCGCGCGTCAGACAGAATTTAGGAGCTTACGTGAGCCTTAGTATGGTTCATTACCTGGATCCGAGCGCCTGGTAGGTGTGCGAGGGCGCCAACTGCGCCTCCTCTTGTTCATTCGCCTGAATCTCGATTTATAACGTCCGCGATAAAATACAGCCTGAATCTTAGTACTGGGTGAAAGTGGGACAGGATCGGTAACCGATTTCCCGGGTGGGGATGTACCTTTCAGCCTATTTGCCTCCTTGGAGGAGTCCAAGCTTCTTAATCATTGGCTGTATTAAAGGGGACGCCGACATACATACCGGTTTTCCTTAACCATAAAAATTTGGATGAAACGCCGGTAATTAGCTGGGTACTATATGAATCATTCGGCCGCGCATTCGTGGCACCAAACACCAGCACGAGTCTACGCCAACTAAACGGAGCCCCGCTTAGCTTGGAATCGCCTAAGACCACGGCTCTCCGACAGAAAGTGCGTTGGTCGCTACGGACGGGGAACTGTTCAAATTATATTTAATTGTGGTGTCAGCTGATTGCGGTAACGCACTCTTCCATAACAATCTGAGTAAAGAACCCCCTAACCCTGCCAGTTGCCCTAGATTCACTAGGTTTCCGATTGCCTGCGTCTGGGGCTGTAAACTAAAAAGGCACCGCCGGACTCAACGGAC,846,50.0,Escherichia coli
SEQ_343635,CTCTCCTCCAGACTCTTCACCGGTCTTAGATGAGCGCGTGGTCCTATTACTGAGTCTCCTATCTTCAATTCAAACGCTTTGGGAGCGTCAAGACTCAGTACCAGTACAGATGAACGTTGGACAAGTACCTACACTTCCGAGACAACTAGGCCTTTCGGGCCTTAGCCACCGATTGGGGATTTCGAAAAGGTCGCCCTCTGGGACCTATCCAGTCCCCTTAGTCTTCGGTAGAGGCACTCTCTAGCCAACGTGCCATGATGATTCAGCCCTTCTCCCTACCTCAGTGACCGGGTGGGTCTAGTTGATCCGTCGCTCCAAAGGTCTAAGATTCCATGAGATGCTTTAGGACGCTAGTGTACGAATACAACGTGGTGTTACTCATCGACGCCAGTTGCGCGATAGTTTCCGCGAAATGATCAATTCCACTAGTAGCGCTTCACTTACTCAATGATCTAGATCATAGGCTATAGTGGCAAGACGAATATCGTGAATAAGGACAACCCATCACAACATAGG,516,49.42,Arabidopsis thaliana
SEQ_449396,GACTGTTGTATTTTAAATTTGCCCTTCATTGTGTTAGGACTCCGTAAACTCTTACAACCTAAGTCCCGGAGTGGGGTGAGGGGTCGCGATCGTACCTCATTACGACATATACGCTTCACCCACGCGATCAGTCTCACTAAGGCTTTCACACACACAGCTTATCCCATTTCTTGCAACCATACAAACTCTAATGTACCTCTCACCCAACGGCCTCGGCGAAAGTTTGAACCGGCGTCAGGGTCGGAGAGCCCCAATGTGTGCTTCAGAGGCCTATACTATGGACATATAAGATGCTCTAATTTTCCGAGGTACGGCCCACGTTAAGATATAACGCGGATGGGCTATGCCTCTTGCCCTCACTACTTACCGTCCTTGTCTCTGCGACCGAGTTGGTCCGTGCGGCGACGGCGAAGTGATGGACCCTTAAAGGCCTCACTTATCGCTATATAGTCGTATTTAGAGCTACAATCAACAGTACATTACCCTTATCCAGTCGGAACGAGCCTACTGTCTTTCGCGAAGCGAGTGTGGTGGTTGAAGAACGAGTTGCGATGGAAGCCTTTCAGTCTTCGAAGCATAGGATTTTGTACTGGTCCCCCTTCGGGACTCGTTAGCTCGTTACATCGTCTGTTTCACGACATCATGCTAGTGTTGGTTGGAAAGGATTCCCGCTTAGGTGAAAACGGTACAACCGCCCCATATTTATTTTCTTCCTCTCGTGACATGTACCCTCACTAGCGTAGCCATTAGCTTACTCCTACGTTAACAACGGCAACGATATGACATAAAA,790,48.48,Arabidopsis thaliana
SEQ_805191,TACTGTCTTCCGCACTCCCCCGTGGTGTTACCGAGCCCTTTACGCCACTCCGAGGTCTTCTATATTCATGGATTATCTCAGTTTTCATGCTCGGCACTCTGCACACGGAGAAAGTGCCTTTATGGCTGGCTCATCTACCTAATAGCACAGATGAGTTACTGCTCGCATCATAATAAAGCCCTGTTGCATCGCGTTCGAGGCTGGGTCGTGACATTAATGGAAAACAAATGCCGAGAGGGTGTTCGTGGTACTCTGATATCGTGCGAGTCGCGAGGAACGGTTTCTTTCTCCGTTTTATAAGGCGTAGTGGCACGGCCACCAGACTTTCCAGAGAGTCCAAAAGGGAATGCAACGCATATGCTTTTTGGTTAAAGACGAAGCAGTGGCCTGAGGACCCCTCTTGAGCGTTTGCTTTTTTGCTGGGATATCCAATCGAGTGGAACCCAGGACTAATGACCAACAGACCTTTGTCGCACAGCGTATCGGTCACACGAACAGGTAGATCTCTTAAGTATCACTTGCATTCCCTATACGTCGGTCGCAGCGTCGAGAATCTTCCCCCCAATCGCGTCGTGTGGTAACACCTCACGCTTTGCTTTTCAACGCCGGCACGAGTGGGATAATGGCAAGGCTTAGGCTGCACTGGGAATATGGTTAAACTCCAGTTAGGGTCTGTCTTAGCTGCGTTTCTCTATCGCTGTAAAGAGGGTGCTCTATTGTAGATATCATCCTTGCGAGACGTCGATTGGGTTGTCGTAAGTACATAGCGCAAGACTGGGCTCGCGGGTTAGTGGTTTGTAGCATACAGGTAGTATGGCGAAGTTTTATCGGGGGCAACGTGCCACAATGGAACGCGGAATAGTACCAGAGAGTGAGTACCGCTGCCGGTAGTCATTATATTGGAAGCGTAACAAACATCTTAGAACCCTCACGTCCCAAGGATACTTACTCTCTGTCGGTCCAGTAGCGTGTATCGTTCAGACCCCAAGGGAAAATGATGATCAGGGCTGACATTTACTTTTAATAGACGCCCGCAGTGGTTCCCTAAATGGCCGGCCGAGAAATCAAATGCGTGTATGAATAAGAATGTCCGCTGGAGGTCTTGTGTCTCCGCTTTTGCCCCTGTTCCTCGGAAGTTGTAGCAGTCTTGGGGCTTGTTCAAGTCGCCCGTCTTAAACTGCCTAAGCGTTAAACGGGCCACTGGGGAGGCCCCTGCAAATGTGCGATACAGCTATAGTTGTAGTTTGATCGACCCTAACGTCCTAGCAGACACACTAAACAACGCTCAATGCTCTGCTCTGTATATTTCTTCGATAATGATACATCGGAAGCAAATGAAGACGCTTGTACGTCTGGGGTACGTAATTGTACAGAGCTGTGGTCAGTTGCCCTTTACCCAGCGAACGCGGGGCTGTGTATAGGTTCGGGGAAATCGTTCGCGAAACGTTGAGATTTGCGTTCGTTACAGTCACGGCGCAGGAGGAGGGCAGTGATTACAGCCAATGACAATGTCTCAGCCGGCGGACAACCTGGTTTGCGGCTCGAAGACTAGAGCTTGGGTGGAGACGCGCTTAAGCGGGTGTAGTGTAGAGATGAATTGAGGAACAA,1608,50.12,Caenorhabditis elegans
SEQ_401098,TCCTCTTGAAGTTGTGGATCTTACAGACCAAGCGCTTGGAGATACAATCGAGGGACAATACTGGATTAGACCACCCGTTATCTATTAAACTAGTTTGACCACTAGGGGGCACATCCATGTCAAAAAGGTGGCGTACCCGGCTAATTTCCAGGTCGTCTGCTACTCCGACCTTGAGTCCATCCTCGGGCTTTGTACAGATACACCGGCCTTGGCAGAACGTCTACGCGGGAAATGGATATGAACGGTGGTCGTTAATGTATGCCTTATGAGCCGGGTAGACATAGCATCAAAATTTCAAAAATTAGTCATATACCGTGGTAGTAGGACGTATGAATATCGAGGCACACCGGCTAAGTGAGCTAAACCTGTAGGAACTTAAATTCCCTCAATATTGTTGATTCACACCTCATACGAAGGCTTCCCTCTAGCATTGGACGGAACTTAAGATTGTAACTGTACATTTACGAAACCCTTGCTGGCGGTCTTACCTTTACTTGAAGACTCCCAACTTCGCGCCCCGTATGGAAATATCTCCTGTACTAGACCGAGGATAAATCAATTAGACAGCGCGAGTCGTTTGTGAGTCTCACATTACGTAATTACTATATCAATCACAGAGCAGAAACTCGAAGCTCTCTTGATTTCACACATTAAGACGAAATTCGGTCAGCCCCGCCTGGCGTCTCCTGCTTGACTGCCAGTATTGCCTCGATTTACCAATGTTACCGTCCTCGCTACGTAATAGTCCATTAAAGCGCCATCAAACGGCGTTGATACAAACTCGTATACCACCACACTAACCGGTCAACGTTCA,814,45.95,Mus musculus
SEQ_303204,CGGCGGCGGGCGGACCACGGGATGCCAGTTCAGCTAGCCTAGAAACACGCTACCAATAAGTTGTTACTGGCCAGGTAGGCCTTAAATATTTACTGACCCGAGACTATGATTCAGAGCTTACCCAGTAGTCGACAAGCGGTTAGAACGCATTTATGTTTGGGCTTCCCACACGGAGCGGATTGATAAGGCAACTTGCAAGCCACTGACATCCTGTACCGACAGGCCAGACGGCTCTCCTGTGGAGAGAGGCGCTCCGAATAAGAAAAAATCTAGTCATTGGAACTACTGTAACGACCTCGAAGATTACCCGGGTACAGCTTATAGTTGCTACTTTCCAGAGACTGTGACGACTACAATATTCAGGAGAGCGTCCTTCACGTCCAGGATAGGGATAAGATTGGGATGAAACTCCACACCCGTATCATCCGGGAACTTCGAAACCTTGGCCTACCCCGGGTCCGGTCATACACAGCTACAGGGAACATGGCAATTAACAGCTCTCAATGATCCAATTGCCTGGCCAACTCGCAGAAAGACACCAGGGACAATTGGATAGGTATGTGTGCAGTACGGAGTATAGAGTTGCAGGCCCAGCTAGTAGCAGAACCATGCCTACACACTCCGGCCGGGCTGATTTAAGGTCCAGTTTTACCGTTCAACATTGGCATATATGCTGACAGTTGTCAATAGACGCCAGACGCTAGCTGGTGCCGCCGCTAGATCTGTAGGGCGCTGATATCGACAAAGCAGGATGGTTGTCACCCAGCCCTAAGGGGTTAAGTGTATAGACTACGTCGCCTCGCGAAATGCAATCCGGGGAAGACAGGCGCTCGGGCCCTAGCCCCCAAAGGCTGACGGCCATCAACTCTAGCTTAGGTGTGGATTCCTTGGCAAACCCAGCCTTTTTACAAAGCAAACCCACCCCAAATATTGAATTATGCGTCTCTCAAGGTTTACTGCGTGCTTCTGATAAGTGTATTAGGGTAGTTTCTCGAAAGTCACCTTGGGTCCCGCAGGCTTTAATCATAATTCCGATCACATTCGGAGTAGTCTGCCATTAGCACACATGTATAGCCTCGTACGTTGTCCTAAGGGTAGTCTACCCTAACTGTACCCAATCCGATACCAATTTCCCGTTCGGAGAGCAGCTCAGCTGTGACAGACCGGCGCTTCAATATCTAGCCAACTTGTGGTTGAAGCTCTGCCCGATAACATGCGAGAGCCCGGAACATATACGACCCGACTCCTGCTTGATCTAGAGGCTTGTGCCGCACCATGGCCGCGTTAAAGCGGTTCAGGAGAATAAATCCGCCGACACACAACGCTCTAATTTCTACAGTTCTCTGACCACGTACCCTCGGCGCTGTCGGAGGGGGACCTCCTTCTTCCCCGAGGTAGAAGGAAGGTTTACATGTACTACTATCCTGTGATTCTCTGAACTATTTGTCTGTGCTCTTAGCCTGTGACCGCCGTAACACTACGGGACAGGAATACAAGGGAACTAGCGACGTAGATTGAGGACTCTTGAACATTCACAATTGAGATGCAGCTAGGCCCGACTAATTTGCGCTAGGGAGCGACGATAATCGGCGTTGGAGTCCGACCTGTTCGTCTACTAATCCGGGGAACGAGCGGCGGTAAAAGTCTTAACAGACACTGGCACCACGCTAGTCTCTTATCTACTCACAGAACGACGGGTTACCCAACGACATCCAACTGCATCTATTTGATAGTTTTCATTTCATCTAGACTGAACGCCTATTCTCTTATCAAGACCCGATGCACGTGATACGAGTCTGCGGACGTCATCCACTACTTCCAGGCCCATACCGGTTAGGCGTCACAGGAAGCAGCATTATGACCCCTGAAAGGTCTCACCCCTCCATGCGGCGATTCGAGTAATTCTAGGAGCCTGTAG,1918,50.83,Escherichia coli
SEQ_876982,TGCTTACGAAAATGCTTAGCCCTTGTACTTGCCTAGCCACCTAGCCAGGGTGGTACGGCCGTCAATATCGCATAGGCCCTTTACGTACCACAAACACGCCGCGGTTACTAGGCCCGCCTGTCCGGACCAGAAACCATAAATAGCCTCGGTATGTGCGATCAGCCCTGTAGGGAACGGCATCAATAGCCCGCTTATACTTCGCCTTACTGGAATAAACGAGAATATACGGCATCGTCCAACCCGGACACTGCTCCACGGAATTCGATTCCGTGCGGCATTGCCGTAGGCTGTGCTTGGGCCAGCCCGTAGCCATACCTAGATCATATGAGATAATGACAGTCCATACCTTGTGCTAGAAGTCTACGGTTCCATAGTGGAGACGATGCGCTCGTCCGTCGGTAGTCGTAAATGCATCTTAACCATTGTTTATCCCCCATTAGAAAGAACTCAGATAGACAACTATTCCGACCCCCGGACCAGGGTAATGCATAGGAGTTCATGTTATAAATTGCACCACTAGAAACGTGGCTACCATAAACATGACGTCGGTGTGGAAGCTGAATCCTCGCCCACCTGATCGCTTGGGCGACTATTTAATCCCCACTCGAGATGTTTAGAATGTTGTCCT,628,50.48,Caenorhabditis elegans
SEQ_236057,CTTTTCGTAGCCTGATACTCGGCGTTACGCAGCGTCTCTGAGTTATAGGCTACGAGAACATTCGCGATTACGTTTCCTCTAGGTGATGTGGTGATTGTCCTCCTTATGTATGGGGCCTTTCCGTCACGCGATGACGCGATGGTAACATGACACTCATCGCCAAAGGTTTCCTTACATGGAACTTCGCGAGTCTGAGCTGCCATCATCCCTCTTTACCACTCGTTGAAGAAGAATCGATTTGCCCCCCTACCGCTAGCGTCAGCCCGTTTGACATCGAACACTATGTCTAATTCCTATATGGAAGACGTTTAGCTAGGGGTGTTCACTCAGGTTTAACTAGAGCGTCGGAGGTTTATCGTGTACGTAAGGATTCATAGTGGATACCAGTAGAGCTTGTCGGCGCGGACGCAGAGGTAAACTGGCCCTAACACTGCGCATTGTACACTGGTCTGATCGGAGTTAACAAGGTAATGCTCACGCCGGCCATGTTCGGTCTCCGTACCGCCCACTTGTTACACTCCCGAGCAGGTGTAGTGGGGATGTGAGTGTCCATGCTCTAGTCTGTCTAATTGACCAAAATCCCAAACTGGCTATAGTCATGTGACGTAGGCTCGCAGATAAGCAGAAGTGATTGCGTAAGCAGCTGATGCTAATAGAAACTAAGTCGTGCCTGCATCCTCTAACTAGGGGTGTGAAGAGGATTTGCCGTCCAGCCGTGCACGTGGCAAACCCTCTGCATATTATTAGGGCCTAGGAGGCGAACTCGTGGCGACATAAGGGTTTCAGCGAGCCGACAGTACCTCGTTGATAGTGTGTACAGCCTAACAGTGTCCGAAAAAGGGCCAGGTGCCGGACGCCAGCTAGTAAGTATACGTCATTGTAGCAGTTGGGCCCACCATCAAAAACGCTCCGAAGTGGTGTCGCGTGCAAATAGAATAAGAGGCGCCACCACCTTGTGCCTTGTTATAATGACAGGAAAGCGTAGAAGATTCGGAACGTTGATAAATATTCTGGGGTCATAAGGGTCATCTGCGAAGACTAGTCGCTTACTACTGACTACAGAGTGAATGGTCAATATTGCTTAA,1085,49.68,Escherichia coli
SEQ_767745,AATAAAACTCGGAATAAGTTTCATCCAGAAGGGTCTCGCGAGTCACGCTCTTGTGGCCTTAGCAATATACTTGAAAGCAATATGGACAGAAGCATCGGGGTGGCCTGCGCGTTACATGTCCCGATCGAACGGCGCTTGCGGCACAGAAGGCGTGCGTCCGGCCTGAACAGAGTCACTAGGGGCCGTGGTGTTGATAGCACTGGGTGCTTGGAAAGCTGATGGCACCATGACGGTTGGCCGTGGAAGTTTATTTTTGGAAGCTCGCGATTGTTGGCTCGAGGATCACCGAATAGCTCATCGAAGTCCGGTCAGTAGGTCGGTGGAGTCAATTTGGCGATCTACCGACTCATGGGGAGGCGGATAGTGACGGAAGTACCTAGATACGTGACTAAAATGAACCGACGTATACGAACTTCGACGTCTTCTACCTG,431,52.44,Escherichia coli
SEQ_844502,GTATATGTTGGTATCGGTGTGTGACTGCTTGCTATATGACCGCAAGTACTCGACGAGTCCTACACTGCAGGGCTGATACCCTAGGGGCAAGCCGTAGATACCCTTTGCTCGAGCTCAGCTCTAAACACACCGGAACAAAAAGGCCTTTGTTAATGGATGTGCGTAATCGTGCAAGGACATATAATACACATCTGTCGATCAGTTACTGCTCTTCCTTGTTGTTGTGCTTTTAGGCACCAGCCATGCTATATAGTATGAATCTATCCCTTATGATGAGCGTATAGAGAAGTGTTTATGGATGAACTTGCAACTATTAAGAGCGCTAGATTATGATACCGGTAGACACCGGGTATTAAATCTTACTGCTAGTTGCACCCGATCGACTGTGGGCATTAGTGGGCAAATGATCTACACCTATAAACCGTGTCACATTCGTGGACGATTGGCCTTGAAATCGGGATGCAAGACGCAGGGTCACTCGCATCTAGTTCCATGTTACCTGTCCGGAACCGGTGTATAGCGTGTGTTCGTATTGATTTAGATCCCGTAGTGCGTTGTAGACAGGTAGTTCCGTAACAATCGGCGACGCAGACGTTACACTATAAATTCTGACCGTATGGTGTGGACACCGTTTTATCCTACACCTCGACCTGTGATTGTCAACTTACCGAGTGGTTGAATATAAGCAGGCGGACCTGCCATTCGGGTTTTTTACAGACGATTCGGGTTCGCGACACGACCATCGTTCTGCCAAGGGACTTCCAGCTCTTGCGACTGCTGAGGTTAGATCCAGTAGTCTCATCAAGCACACAACAGTTTCATTACTTCGTCATTTACTGATTACCTCCTTCTAGCTCGAACCGCCTGATCGAACGCTCAGCCATCGTATGAACTGCAGTCGGAGCCGGTAGACATGCGTGCGGAATCGCTTCGATCTTGATACACCTCTCCGTCGGCCGTTTCCTCTGCACAGTAGCCCTCACTAAAGTCTATCGCAGAGGGACCTGATAGGACTTTAGGAGTTGGTGGATCTCGTAACGATAAGCGATCCTAGCTGCTGCACTCGTCACCGCTTTGAGATTGGGTGGTGAGATCGAAAAGGGCCACCCGGACTCACCTCGTACGGACCTGGCATCGATGCGCCCTGCGTCTGCCGTGAGACTCTTTAGTCTTAGTTGCAAGACGTAGCCATGAACAATTACTAAAGTATGTCTGGATCCAACGCTCGTTGAAAATCATCTATCCGGCGTAACCCCCAATACAAGCGTTTTAATGTTCGAGGACGGTTGGTGCTCAAAGGTAGACCCCTGCATAACCCTGTCGTGGGAAGAGGAAGAGGCCCTTGAGTTCAATACGACATTTTGAGCAGAAAACAATGTAGACTGACCGCTGGGAGCGCGTCGTGTCAGTTTAACAGTCCCCGCGTTTCACAACTGTGGATGAGATCCCGCATCATTCAAGGGGGCTCTGATGTGATCTGGGGGTTGAACGAAGCTCAGCGTACCCCGGGAATCAAACATTTCGGTCTTCCGCGTTTGACGTCACGACGACTCGCCCGTAACCAGCGTTTAATTTGGTGCAAGTCTGCGAATCTTTAAGAGAATCCTTGCGACGTAGCGAAGTGCTGCTACTTGCTCCCTACTCAAACCTAATCAAGCCTCAATAAAGAGACATAAAAAATCGAAAAGGTGATACCCCATGGAAGTGACCTCGCCGCACACGCTTCGCTATGAATTACAAGGTGACGTGCAAGCCGGTCTTGTTCCAAGGGCATGGGCGGGCGCCAATGGTGGTACTCGAGAGCTGACATCTCGGACTGCCAACAGGCCATAAATACGCAAACC,1844,49.51,Saccharomyces cerevisiae
SEQ_414496,CTAGGAAACACACGACATGCAGTGTTATGTGGAACCGAGCGGCGTAATCTGCTATAATAGAAGTCGACAAATAGACCCCTGTTGAAGGAGCAACGGGTTGGGTATGTCCGGATATCCTGCTATCAGTGTATCGTCACTTATAGAGTAAGCATCTGAGGTCCTTGGTCAAGCGTTACGGCCTGGTGTTTTCTTCGTGGTATGAACCGGCTGAGGGGGACTCGCTCGTGCGGTGAAACGGCTTTGGCTGAGTTAGACACTTCCCAACAGACGTTAATACCTGCTTGCTACGTCCGCCTGCTCGACGCCACTGTCCTACTCCAGACCAGTACCCAAGTGGAGCGACGTAGCTATCTCAATTTGCGACATAATCGTTCACCCGGTGGACAAAGCGCCAGGTCTCGACGTCATGGCATAATGATCTTCTACGCAAGTGCAGGTTCATTGGCGGGAAACCGTCGTGGGTCTGGCAATAACGGTGCTATAACCGAGGACAGCGGCACACGATATGTTATCAAGCCTTATAGTTGGGAGGTTAGCCAGCGGAACCTGAGTAGCTTGAAAGGACTCATTCCCTGTACGTCTGAAGCCCTGCAATGGAAAGTAAACCGGTAGCGTAAGCTAACCCGGTGGGATGCCGACATCGAACGGGCATGGTAAGAACCCCAGTTTAATTACTCATAATTCCTTATGTTAATGTATGCCCGGCCCCTCTAGACCGTTTAGCATACCGGTCCCTTCAACGGCGCGCCCGTGTCTAAATACTTGCCAACGCGTTGACGGGGGCCCCTCTTGGGTTATCCGAAAATATCCCTTGTGCTCTCGGAACTGCCATCGGAATAAGCGATGATTGCCTAGCCGGAAAGTACCCGTGTCATCCCCGGGCGAGATCGGTCTGAGCCGATTACAAGGGAATTCGGAGATAGCCTCTGTAAGTACCTTGTATGACTCTTTTCGCGCTTCGACTCCAATCACACTGACTTCTGCTGTAGTTCTGTAACGAACTTACCGTGACCGGACACTTGCTCGCCAGAGTAGCACGTCGG,1043,51.97,Mus musculus
SEQ_926115,AAACGGCTTACCCTAGATAGCCTCTAATTGCCAATGGTCTTGTATCGCATTGTTCGGCGCACTGCTTCCCCAATCGCCCGACTCGACGGACCTTGCCATATTGACAGTACCCGTCACGTGGCTCAGTACTACACATACCGCAAGTTGGTAAGTATCATTCTGGTAAACAGCAACATCAACTACGCCGGGAGAGAGTGTTTGAAACATACTCTGGTCCCTTCAACTTTTCATTGAATCGGCGATCGGCGGCACTGGGACCATCTTTCGCGTTAATTCACAACGTCTCACCATACCTACGTTAATCGAGCTTCAATTGAGGCGTGAGGCCCGGTGGACTTCAGATCGTCTAATCATATGGCTCACTGTCGAAGCGTTAGACGGATAGTATGTAAGTAAGTGACACCAATGGTGGGCATCCAGCTCCAAGCGCTGACCTGAAGGAATATCTTCGAGTTTTGGGTTGTAAGCGGACTCATTAACCTCGGTAGTTAAAGATAAGGATTTATATGACTGATAAGCCGCTAATTTAGGTGTAATAGCGGAGAAATTGGCCAGCGATTGACCCTAATAACATCATAGCTCGCATATGTGTGTGGACTGGTGGTCGCATTGCATCGTATTTTATTAGATCTCTTTTTTGTTCATCACGGACGGAACCTGATGATGGACTCGACTCGTCAGAAGCGTCCGAAAACCGTGATACTTCACGGAGGTGGGTCAGTATTCGGTTATTACAAAGTTCTGTAACCTCTTCTGCAAATTGGACCTCTGTTACTGGGACGTATTCCAGAGGATCTCTGACAGAAGACTGGGCCGGGCTTCCTGTGGGTGCGATCGATATGAGTCTATTCAGTTTGTACCGATAACTAGCACCCGGGCTAAGACACACGAGTCCACATTACCGGCGACCGGGACAAGATAGATTTTCTATAGGAACGACGGGCTTTGCTGCCTTATCGATATGCGTAAGGCGTCACAACCGTACAACCGAAAGAAATGAGTGGCACCCGCGATCAAACCGCCGATTTGAAGGCTTCCTTAGGGATTCGTCAGGCCAAGTACTCGACGCCCCGCGCCCTAGGGTCTAGCCACAGGGACTTAAACACGAGGCGACAAATAACTTTCTGCCCAGGACCCCGGAATTACAGAGCCCGCATTCTAAGACAACCTTTCTTGTTGTAACCGCTAATTGTTACATTTTACGCTCTCCCAGTTGAATAGCAACGGGTCGGACCAGAACGAACCGCCTAGCTTCTTACCGTACTTGTTGCCTTTGTATCGCTAACGGGCTCCCAACCCGTTCATCTCTCTAACCTGACGAGTGCCCGCGACTGTGCATAAGTCCAGAGTGCGGTTTCGACGACTAGTTCCATAGGTGCTGAGAGCGACTGCTAACGAAGGACTAATTCTGCAAGCGGTGGTGGTGCGCCGAAGAAGATAGGATCCAGGGAACGGGGCCTGACGTTTGACACAGTGCCAACTACCGACATACCCACTTTGAACGGCAATCGAGAAGGGAGAAGTACTTACTTTTCATTGCGAGTCCTTGTAT,1552,49.36,Arabidopsis thaliana
SEQ_133581,AGCTGCTTCATCCCTGTAGAATCAGTCCATCGATAGGTCAATTGATTACCGCGAGCCCTGTGCATCCTCACGCTGAGTCGGAAACCCCGGCAA,93,53.76,Caenorhabditis elegans
SEQ_991247,TTACGGCAAAATAGAGCTTCCGCCCAGAACTTGTATATCCAGATTCAAGGAGTTTGGACTAGTGTGGCGTGCTGCCCTTCGGTAGGCCGGTGTTATACAGACAATCAGGGCGCGTTTGGACTCGTCGTGATAGGGATAGATTGGCCGGTTGGCGTTAGCATGAATAGTGCCTAAATTGGTAGTCGAAAAAGGTTAGAGCCTCTTATGAGAGAGACATTGAGGGCCTTCGTCGACGCGAACGATAGAGTCTGATGCCCTGTATTCATGGTAGCAAACAGGAGGCCACCACCGGATGGGGCTTGCTTCAGGTACGTCGTGACTCAGATATCTTGTATTCAACTTATATTGAACTTTCTAATTAGGCAATCATACCAACCCATCTCTCGATCATCGTGCCCCAGTTGATGTGGGTAATACGAACATATTATTATCGAGCCCACGCGTTGGAATAAGTCCAGGGGAATAGAATGAGCCGAGATATGGAACATCTCTTGTCAATATCCGCGATGAGCACGGCCCAGAATGCAACCAGTCATACATCGGGCGCCCCACGGTGATTTTTATGATAGTATAATTCTTCAATGTGCCGGGCGGCTCGGATATGGCAGCGTACATTTTGAAGTCGTGGAATACCGTGGCCGTTAACACAGGCCCCCCCCCAAGAATCGGAA,671,48.88,Escherichia coli
SEQ_418426,ATAAAGGTCAAGCCCGTGAGTTTTGGTCACTGGGACGCTGAAGACATTGGTCTTGTTGCATCTGGCCAATGAAACAAGAAATGTCGGAATCATGTTCAGCGGTTGCCATTGCGCATGACGATGTGTCGTCGGCAGTCAGGCCTGTCATGGTGTATGGCCACTCTATGGAACTCCCGCTGGAGACAGCCCAGTGCTATTATTGGTAACCTCTGGGTCTTCAGTTCATGGAGGCAACCCTATTACCCCACACTACTGCCTCGGGACCTCACCAGGGAGCTAACGGCGATGGACAGCACACAGCACAAGCGCGGTCCTAGCTTGTAAAGGCCTGTATCAACAAGTGGACTCCGTGAGGTAGGGAGAGGGTGTCAGTCCGCAGAAAAATAACGATACCTAAGCCCGGAGATATAGTTAGCCTAACGCGGACCTATCATTTTAGTTAATTATAGTCGAGGCTGATATCCGGGGTCCTCTGGAGAGAGCCATCTGGTCGTAACACCTATTATGTCATACTAATGTGCTCAAAGATACGTCCTGTGAACTCCGAGGGGTCAATAGTGTCGAATGATAAAC,573,50.26,Saccharomyces cerevisiae
SEQ_626534,TTGAGGGGCAAAGACTTCTTTTTGGGTGGACGATCCCACTAGCCTGAAACCGCCACGTTTGGCTCCCCAAAGGCGGTCACATTGCCTGAAGGGTATCGCGCGCATGACGACAGACTTAGCCGTGCCAACTAAACCGGTTATTCGATGCTGTTAGGAAGCATCATTACGAATTCGGGTGTCAGTTATACTCGCACGGCCCGTTTGATAGCACAAAGGAGCCTGGCCAAGGAGTACGAACCATTATTATAACTGGCACGCAATGGGGCAGGGACAAATTCGTTGTGTGCGTCTGGAGACCACCCTGTCTTGGGGACAGTGCACAGAATCAAGGACATGACATACGAATTTGTACCTGCTGAGATTGACCATCGAAAGCTTTCCATGCTCTACGTGGATCTTATATGAGACTCAGATGACGCGTAGACCGCAATTTGTCCGGAACACAGGACGGCTCAATCCCGATCTGATAGCTCACTATGCATCTTGAGTGCGAGTCTTAACCCAGGTTATTCCCGTCAACAGGCCTGATAATGAAAGGGACATCTGTTTATTACCTCTGTTGGGCCTTTCCATATAATTGGAGATAATTGGTACAGCGTTGACAAAATCACGTATTGGTAATTCCTTCAGGTATGAGAGCGGATACTTGATGATCGGCTCCGAACTGTGCTTAGTTTTTATAGTCATAACTCACAGGCTAAACTGGGTCTTCCGTTCGGGAATTCGACCGGGTTAATCCCTGCGGCCAAAGGAGCGGTAAAGATAGACCAAGGCTACCTCGTCAAAAGGGGGTCTCGAGAGGACTCTCCACCAGATCCCTGCCGGCAGGTATATCCGTTGCGGTCAGGTTATGGTGGGGTATTTGCCGGCTGGGGGCGTCATGCACTACTAGAATAGAAGAAATTCCCACGTCAAAAAACATGCTGCCTATCAAACCAAATACCGTAATGCATATCACGCATAAGGCGTGTGGTTGGGTGAGGAGTCTTTTGCTTCTAAACAAAAGCTACATTCCGTTGTTAGCCCGCTCATGGCCATACTGTGTCCTGTATTCATGTCGCTCTGTAATATACCCCCACAATGGCGGCAGCGACGAAGCCCTGCAAGTCTAGTATTATATTTACCTGTGCGGGGTTCAGGCTGGAGGTCAGTAAT,1155,49.09,Saccharomyces cerevisiae
SEQ_998487,TCATGTTGTCATAATTCTGGGCAGTACCCACAGGGAATTTATCGGTAATTGGAGAAGTTAATCTGGTTTGGATGCATATTCATCTTGGTACTTTAACTTGATGAATAGGCGCGGTTAATCCTTGTGAA,128,39.06,Drosophila melanogaster
SEQ_653645,AATATTAACAGTCCGAATGCACTTGAGGGCCGAAATCCCCGTATGGACCAGCCAAAACTATTAGTATCGGTAGAGATCCGGCAGCTAGAGGCTCCAACATGTGGGCATACGACCTGTTTAGCGAGCCTTAGTCGAATTAGGCACTATAGGCTTGGCTCTCAACTT,165,48.48,Escherichia coli
SEQ_831281,TCTCTATTTTTAAAGAATTAAACAGCTAATGCAGGAGTCAAATTCATCTTCTGCCTTTAGGCATCCTATTACTAGTGAGTGATTCGGATGCGCGACGATCGCTACATCCGCCAGACCCGACTCCCACTTTTGCAGGAGATGTGCAGTCCGAACCAGTCAAAGCCGCGGTATACACGCCTTCGTAAGTCTCGGCCGCGTCTCTCGTTTACTTAGTCAGATAGATACAAAGTTATTCACCATCCACAGATGTCCGCTGATGAATGACCATAGCGGCGCGCGGTCAGCCTGCAATGGAGACGGGGCAGTGCAGGTTTGGGGTAAAGCCTTCAAGATACACTAATCACGCTAGACCGTTCTCCCATGGATCCGAGCTGGAGTTTTCGTACTCGGCATAGGTAAGATTCTGAACGTCTATGATTATTAGTTCAGGACAATTATCGCAATTGGCCCCCAACGAACCAAATTCGCTGTTGGTAGTCTTTTACCGCAAGGCTTGCTAGGTTCACTGTCAGCAGGATAACCCGACTAAAGCACTCGGCTCCACCTTGGCGACGACTAGTACCGTGCCAATTAGAGGAATTTCCGGACTTGATCGAAGTCCATTCGAATTGAGGTGAGACAGTAACACGAGGGGTGATATGCACCTCGCGGGCCTGCTGTACCGGTTGTGTTGCGCTCTAAATTTAATTTCAGACTGGGTCCGTTATGTTTCACTCTCGAGCATCATCATAATTCGTCAGTTTATCGTAACCGAGCCCGCGGCTCATTGTCGATCACTCCTTACCCGTGGCTTTGGGGTCGAGTTATGGGTGCGGCTGGTAATTTGAATTCCGGGAGCAGGGTATGGCATGGCGATCTAGTTCGTCCAACTATGAACGCAAGTGTCACAGTCCGCATCCGACCTCCCATCCAATTATGTCGTAGCGCCGGGAAATTGCAGATCCGCCGTTGTTCGTATATCGCTCACCTTAGAGACGCTCGGGACGCACAGGAGGTTCCGATGAAATATCAAACTCGTTAGGAGCCTTTATTTAAGGGACGCTAGGCAACTAAAGCGCAAAGGGTACCTGCTCGGGTGCGTAGTGATTACCGCAGCACCCTTATTAGGTTTGAACTGTATGAGAAGCTTTCAAGAGAACTTAAACTTTACCCTACGCATTGTATAGATAAGGAAGCGTCGACCGGTGTTCAGGCATCTAGGAGCATATAGATCCCCATGCTGTCCTCCCACTCTGATCGTCAACGCTTCGGCACAGCACCGAGTGCACACCTAGGACCCCTCTGGTCGAGTTGCACTTGCGCATTCTCGTTCTAGCGTCTCGCCGGGGCCCCAGAAGCCAAGCGATCAAAGAGTAATTCGAAACAGGTAGCCCAATGTCCCAAGATGATGTGGGGTCTACCAGGGTCAAGGAACTCTAGTCGGGACAGGACGAGATCTTCCAACGTTATCTGACCCACGTCGTTGTCGTTATCTGGATTTGTGCGCTTCAATTGCAAGCAGGGGGGGACCCACATGAGCTCTCGAAGGGTCCTAGCGCTTGCTAGGGGGAGGAAGTGACTTGTCCTTCTGCTCGCATGCCGTGCGGCAATGAAAATGTACCATCGAGCTCCTCGATGCGTGACGTAACTATTTACCACGTAAGCACGGAAGTCCTTGGT,1659,50.87,Saccharomyces cerevisiae
SEQ_232756,TAACGTTGTTTGCATCCGAAGGGCTAGCTATCAGAAGGTCATAAGATCAAGAATGCCAAATTCGGTGTAAGCATTTGACTGGTCATACCATTCGTTGCCACTTTGTGTGGAAGCTTCTGGCATGATACCCAAGCAAATTACACCACGTTTGATTGCCGTGTGCCTAGCGCGTCTATAGTAAGGCAACGAACGCGCCGACTAAATCATTCGCGTGCATACAGTTATGGTAACTAGGAGTTAGAGTACGCTCTGCCGTCCCCTCTGGCTCGCATGCGCTAATGCAAATCCTCGGTAGAAAGATCCCGTACGCCCGTTCCCTCGAACCAATTGTTCCGTGTGTGCCACCGTCAAGGTGAGGACATCGCGCTACTACAATCGTCAGCCACATCAGTGTCAACCCCGTTTTGGAGGATCGCGCAGCATAGTAACAGTGGTTTGCACCGTTCCAGCGTCGGGCCGAGGTCGCGGTAGTGGCATGGGCGGGAAGCCATTGACAGAATCTGACCTGGGCCAGATCTTAATACACTTGTCCCCCTGGCGAATCAGACGGTAGCTCGTAGCTTATATTGTTGGAACACAATCGAGAGTGTTCTCGGTTCTGATAGCCTGTGATCTACGACTCCCCTCGAAGATATCAGACATGAGAATGTCTTCCATTCATGAGTCAACGCTGAAGTGCGCGAAATCCACCAGGGTATCTTTATAAAACCTATTCGTCTTGGGGACACGACTTTCGTACGTCGGTCAGCGTCTGTGGTATTTGCCGAGGAAGTATCCGCTAGACAGAGGAGAGTATAACGACACAGACAAGTGTGAGGGGTTAGAGAAAAATACCGCGAACTGTTTGGCTGGGAATCAGGGGCCAAGAATGAAGAATCTGTGGCTGACCAAGGCGAGTCTGGCCAACTATTCTCATGACAGCCACTTAACCCACCGGCCAAAATGTGTCTTTTGTAGCCCGCTATGCCGATTATTCCAAAATCGCACACATCGTATATAAATCGTACAGGGCAGATGACTAGCCGCAAGCGTGTTGATTAGGTAGCTTACATTATACGCGATTAGCAGGGGTGAGCTGCATACGAAATTTTTTTAAAAAACTTTCGCGAGACTTCTTGATCATTATAGTTACGCGGAACGGAGTTCCCCCCGGTCGTTAACCCGGTGACGGCCTGCCAGTTACAAGCCCCTATAAAAATAGCCCACTTCTATAGGGTTGAAATACAGATACCTGCGTGTTAAACGTGATCGGAACACTTCTGGTTTGAATAGCAAACCTTATTCCAGGCACAAGCACAACGTATCATGGTCCAACCTCTCATTTCTCACGGACGAATGAGTCCATTCTCATGAAGGCAAATCTGTCAAGGCCCAAAGTACTCGGCCTAGCTCT,1393,48.89,Homo sapiens
SEQ_353620,TGCCAATAGGTGACCCTGTCGCTAAATCACTGTAACCTTGAGCAGTTCGGGACGGTGGACCGGCAATAGCACTCCACCACGATTGCACTCCCGCCCCCTCATGCGGGGCAGCGACAGGCCCACTTCGTACAGACAATAGTTTAACTGGGAGTACGTCGGTTCTCCCACTCTCAAACACCATGCATACACCATAATCCCTCTTTGACGTCACTATTCTATTCGAACTTAGAGGGCCAGCCATAATCGGTGAGCTTATGGGTCAAGTTGTCCCGGTGGAAGAGACCAATTTGTGAACCTGTTAAACACTCTTTGCGATCACCTGGCCCTGCGGTCCATGACAACAATAGTGGAGCCGGTGCAATTTCGGCGTCGGGAAGTCAATGACAGACAGCTCTTTATACAAACAAACTCAGCCACCATCATATCAGGCAGCAGGACGATGACGAGTGTACTCCTGGACGCCATGGAACAATAGCATTCTTAAGTACAATCAAGTTAAGCGGCTTCGTTTACGTACTCGCTATCGCGCCCCGAGCCTGCACAGCACCAACAGGACACACCGTTTCTACTGTGTGATTACGTCGGAATTGGCTTAACGTCGCTTGCCTGGCTCAGGTATTTAGCGCGCCGGTAGCGTTTGACAAGCTGAGTCAGGGCAACCGGTACGATCTTTTGAGTTCTAGCCCGGAGGTACATGATCTACTCATCCGGAATCGCTTCGCATATGTGTATTATCCAGGGCAAAACGTTATCGTTGTCGTTCACGCGAATGACATGGCTCTGGTGTCAGCATTTCCCCGTGAGCACACGTTCTCGACATCGACCTGATCCCATGCATCCCTATTGTTGTGTGAAGTTTAACCCGACGGCGGTCTAGCTCACGCGTGACCGAAACGGATGAGGGCTACGATTATACATATGTGTCGGGGCAACGATCGCGATTCATCGCTGAACACGGTTTTTCGGTTGGGTACTGTGATATGGGGGAGCATTCATTTCGACTCACTCTGACAGAATCAGTAAAACCTTCAGAGAGCCCCAAGGGGCTTCTAGTGTGCTCAATCGCCTCGCAATCGAGTGTACAGACGCACACCATGTGCTCACGTAAAAAATGAGTTGAATACGCATAGCGGGGAGAAATGGCCTATTACGTATCTCGGATCGATTTGCCACCACGAGGGCACGGACGAGAAGCAAACCGGTCCGCACATAGGTCCCTTATCACAAATAGTTCCAGGGTCGTGTGCGTCCCACTCACGACACAGTATATCTCTGGGGTGACGACGCTTCAGATACTTTTTCATTTCATTGGAGCTCTGGCACTGCCCATAGATTAGCGCACATTCTGGACACTCTTGTGGCCAAGTTTAGTAAACGGATGATTGAGCTACGCGAAAAGCTGAAAGGCAATGCTAATCTTGTCCAATCGACCTGGTTGAGTTACATAAAGGACAGTAGACACTCAATCAGAGCATTGCTTGCATTATCGAGCCTACCGACTGAGGCAGGAAACGCGTACGGCTCTACTGGATCCCGTAAAGCGTAATATAGCAATTGAACAGAATGTTCGAAGTGCAGCGCTCACAATGAGGACCCCAAATTTGGACTTTCC,1612,50.31,Arabidopsis thaliana
SEQ_437543,GACAGTTAAAGCCATGCCAAATCTGTTCATCCCTCCGAAATCATCGATCGCCCCACCTGCGATGCCTCCACGGGTTTTGCGATTCTCGTTTAACCGTAGTCTTAGCGAGCCGGGCACACACCTACTCGGGTCAGCATGAGGCTGTCTCTGTGCTCAAGCAGTACCCCCAAAGCGCTCCAGACTAGTAGGGTGAACCAGGAGGCCACTCTGACACAATGCGCGCGCTCGGGCACAGCGATGCTGTTTTCGCATATCTCTTTCGGAATTACCGATCTTTCGACCCTCTATTTACAATAAACCATCCTTACCGTGTAGCTGGATCTGGTTTTCGTGCTTGGGGTCTTCGCACGCTCGCTAACATCGTCTAGATTACATGAACCGCGTCAAATGTGGTCAAGTTGGTCGAATCGTTGATTCAGAAACGTAACGTAAGTTCATAGGCTTCATAGTGGGGTGACGAAGCGAAGGGAGGGGACTTGCAAGGCGGTACATGGTTGTATAGAATACGTAAAGTAACACGCCGATAGAGTTTGAAGAGACACTGGACGGTGTGCGGGTCGTTATGTAGATAGACAGTAGACCTCGACTTTTCTTTTAGGCGCAAGGCGGGGAGT,614,50.98,Mus musculus
SEQ_530120,TCCCGTTCACCTCCGACCAGTTTACTAAGAGAAACCGATGGGCCGGAATCCCGATTCAGCCTCCTAGATGTACTGTACTTCAAGTATAACAGACAAGATGCGCCAGATGTCCCCATATACCAGGATCCTCGGGACCAATTGTGGCTTCCGCCGTAGGGGTGCTCTGCTTCTCTGTGAAAGTCCACATCGGTCAGTATTATATTGGAAAAGAAACCTTGTGTCTGCGTGGCGCTTCATGATCGTAGACTTTATCCTGAAAGACAATTGCACCCTTCATCTCGCACAAAATCCTCTCAGACCTTCGCATTTTATGATGAGTCGATGATATGCTTTTTCAGATTTAGCTAACCGGACCCCGTTGACGACGTCAAGGTTTTATGAGAGAAAACGAGGTCGACACCCCTCACTTGCGTCACAACTGTAGACGTCGGTTACGTTTTCGTGCACCATTACTTATCTCTTCCTGCTATCGGCCCCAGCTTCGGTTCCTCCGAAGGCCCGGTGAACGCGCTAAATTACAAGCTAACCTACGTTGTCACTTTCTCCCAGTCTAAGCGCGTAATGCGCTTGTGGCAGACCCCTAGATGATGTTGAGTGGTCGTTATGTTCGGTGGTACGGTTTTGAACAACTACAGTAAGAAGCAGCTCAAGCCCCGCATTACCGAGCCCGTGTATGTGCTTACGAAGTAAATCCTCCCTGTAGCTAGGTGGTAGTCGCACATTCCCTGGGTTACCTGAACGCGTTGTCAATCTCTTACCAGCGGGTATAGTGACGGATGAATACAATAAAGCACCATGTCGATTCCCAATCCTAGGATCACCGACTTATGAAGTGCCCCAGTGACCATTCGTGTTCCCGAGCTCTCCAGCATTACAAAGCCGCGGGATATGGCGATCGTGGCGTAGCCCTTCGTGGCACCTGCTTATGCTTCAAAACGAACACCCCGTGCGAAGTTAATAGA,962,49.69,Mus musculus
SEQ_915617,ATTCTCAAGAACACAGCTACAAGTGTCTCCGCAGAGGGTAGGAGATCTCAACATTAATACTAGTAGCAGGCGGCCGACTATTCGATACTGAAACGTGGCGCTTCACCGTAATGTACGCACCGGTAGCCAGTATGGCGATTATCACAGACCCACTAGCCGCACTTCTTGGGCCCTCAGTTGCACAGTAAGCTGTACGTCACAGGTCTGCCGTCGGACGTACATAGAAAACTCCCCGCTCGGCGAAGCGGCTTTCGCCGAGCATGTCGGCCTACGGAAGATCAGCTTTTCCCGCCACTGACGCCAAACGGCTACTGCAATCTTAGAAACCAGCTGGTTGGAGTAATAGCCCGCAGATAAAAATGAGCCTATTATGCCCGTACTTACGCCGAACCTTTTGTAATCTGGATTGTTAAGAGCGGGTGAATAGTCTATCGGTATCGCCGAAATTAAGGTTTCGCAAGATGTCTTCTAAGCATTGGTGAGTGCGTCGTTGGTGTCAGCAATCGGTGCGGCTTATAGCTCATGAGAATTACCTTGTGGAATCCATACCCAACTAAGCGTCGGATGTAGGTGGTAACCGACGATCATTGTCGTATTCCATACCGGCGTTCGCGCAAACGTACGATTTCAAAGGTAGGCGTTAAATTAGTTATTAACAGGGCGAGCCAGAAAGAACAGGTAGTTCTGCGCGCAGAACTAAGAGCTCTCACTCGGTCGAGTGACCCCCAGGAATATACAATTGCTATACAGATGACTCCCATTTAGTATCTCTTAGGGAGCGGCGCCAATTTCGGCAAATATACATGGTAACCTGTGCTTTACTCTCAGCGCGCAGAATGTTCCCGCGCCTAGATTCAACTGGTAGAGTTAGTAGATACAAACGCGAATTTAATACACCCGACGTGATCTGTCATCAAGAAAAATGCTTCTATCAATAGAGGTCAGGTAGTGGGCTCTCGTGCAACGACTAGAAAGAAACGAACGCCACTTGCAAGTCGGCGATGGATTACTTCTTTTAAACCCGCAGTGTTCTGCATCTACCAAAGGTTATCACGGACGATTGAGGGCGCCTGTTCGGAAATTGTTCTACGAAGGGGCTATGTGGAAACCTTATGGCATGGGCAATGCCTTGGAATAGATGCGTTTACCCCATAAGGTTTATCGGAGCCTTAACTTAAAAATATTGTAATGGTTGCTCTGAGTGAGATACCCTTGCCCCTACTCAGTTGACTTGACCTGCCGGATAACTGTAGAGATGCATCACCGAGCGGTCTCATGCTCGCTACCAGAGTATGTTGGACCTCTGGACCGTAATATATAAATCTATTCCCACCAGATGTTCCCCTGGAATCCCGCTTGTCGTTCGGGATATAGAACTCTCTTTCCGTATCGCCGGTTCATCGTAATTTTACACAGGTATGTTTAACCTTAGAGCCTCCGACGGCTCATACTCGCAGCGTTTAGTGGGACAGATAGGCGTATGGGCCTACCGGCTGAAGTTCGATGTGACCATTGCGTGATTTTCACACCATCGGGACATTATGAACGCGGGGCAAATACCTAATCACACCCCCACACAAGCGGCGGATCTTTTTGGCTAACAGGAAACGTCGGACAATCGAACACTGCGTGGACGTGAAGTGGCAATGAAGTGGTATGCGATCCACTGCGTAACGGGCGCGTTACCTTTCTCCGCAGGGCGTATA,1706,48.94,Arabidopsis thaliana
SEQ_200896,CTAATCTCGTTATTGGAATATCCTCAGGCTGGTCAACGGCTCCAGAGAAGAGTCTCGAGCGGGTCAGCCATCAATCAAAGGGCCCTGGGATCTGGGGTTCGCCGCTTTTGCCTCAACGGTTTTAAGCGCTAACCTGTGCAAAGAATTCAGTTCCACCGAAAACCGGTGCAAGTGGATAATCAAACGAGGCTCACCTGGGCCTATGTATATAAGGCGTCAAAATAGCGGAGGCGACACGTCAGCTGGAGGGCTGACTTAGACGCTGGCCCCAGAGTTAGATACGATGAGCTGCTTGTCAAACTACGGATGGATTTTATGAGGCATACCGAGCTTTTGGGCGAATACCGGCATGTAAAGGCCTCACGCAGCCATTTCTTATTACTCTCCTATCAGAATACTTTGCCGTATCAATGA,414,50.0,Mus musculus
SEQ_350417,GTGAGTCCAAAAATTGGGGATGAAACAAAGCTTCAGCCAGCATCAGGCCCTAGTTCGGCAGTGTTAATATATTAATTGGAATCCGAGGTAATAGTCGCCAAACAACGGAACCGTGCCCCAGAGGGTCCTAAAATTGAACTATAGCTACCTCCTCAAGACATAGGATAGCCCGTGTTTTGCTACAGCCCGGTCAACCCCCGACCTATGAAATGTTTGACCGTTGCGCTATAGTAGAGTGTAATTCAGATGAAATAATGTCGCCGAAGGCTTGGCAATCATCAAGACGGTTACCGACCACAGGACCATCAATGCGGTGAACCGATCGCGGGTGTAGAAGATCCCCGACGCACAGGTGGCAAGCGGCACTTCCCAGCGGACTTAAAGATAATTGATGGCGAGATCGCTGCCTCAAACTCAGCCCATGTAATGTGTCGGGTTAAAATTACAACGCTGGCTAATTAATGCCATCGATTAGAGCTATATTTGGTGCAGCTATTCATATAGAGTGGGAAACCTTAGTTACTCAAGGCGACAGGTATTCTGTCACAACTTGAACCTAATTCTAGCATAACGTACTCGCTAAGACGTTCCGACGGAGGAAGGACTGGTCTTGATCGGTTAGACTGCAATCCAAATGTGACGTTAGTGCGAG,652,47.39,Mus musculus
SEQ_524857,TCCTAAGTCCTGCGAGAGAAGAGTAACACTACGTCAAACAACGTGGTGGTCAGAGAGTCGGGGCCGACCCATATCAGTTTTTGGTTTTTCCTATAAGTAGGTTCCGTCTATCGGTGTACTATGGCGACAGGATTAATATGGACGCTCTTACCAGCACCAGCTGTCTCTGATCTGTGGCCCGAAATAATTTCCATGTCATTCGGGTGGAAATGACGATGGTTGGCCGCCAGATGCTCCAGGCGGCGCCAGTATGAGCACCTTGGCGGACCTATACGGTGGGGGGCATAGATCCGCGTAGAGACCGCACTTTCCTCGAACTCGTGCTAGTAAAGATAACTTTCCGTACTGGGCGGTATTTTCTTTGATAGGGGCGACGAGGTAGCGAGACGCAGTTGTATATGTCGCTCGTAGTGTACATCCAACGAGCCAGCCGACATTGGTAGCGTAAAGATTAGGTGCGCTGTGGGACGCTGCGATTCCTTATATGGTCGACCAGTGCCGGTTAATAACGAGTGGAGGCGGAGTGTCCCGGGTCACCTTGGTCGTATAACCTTATCATATCCCTCCCAACCAATGCTGTCGCACGTAGGGGTCGAATAGGCTAAACTTTGACTTGAACCCAAGGTGAGGTCATGTGAGTCGAGAGCCGTCTATCGGAGTCCCTAAAGACAAGCCAAAAACTTCTAAAGCGTGACTCAAGTGGCGGGAATCGTCTTTCACCTGTGGGAGAAGGACCCGACGGGCCAGGGCACGTGCAGCCTTGATATAATCGGGTGTTCTATACGTCATAGCATCTTATAGCCATAACGGTAGTGCAGCTGGCCCTACACATAGCGGAGCGCGCCCAAGCCAAAGCGCGGGAAGGCGATTTCCAGCCGACATTGTATCTGTGCTGCACTATATCATGATAAAAAATCAGGTGAAGACAATTTCGGTGGTAGACATACCCTAGAAGAATCGCATTTGTAGTTTTTATGCTCACTACAATGACGAGTCACGTCTTATACGTGACCCCGCCATGCTTTCTCTATCAAACTGCGGAACCATTCTCGGGGAGTTATTCTGAGTGATAGTGCTCCGATATCTGACACCACCAAGGAACAAGTGAGCGCATAAACTAATAAAAAGTACCTTCATTCTTCAGGTATGGGTGCCTTGCGATCGGCTCAACACGACGAATTAGCCTCCTGGGACGCGTGAGACAGTCGACGAAGATCCATTATCTACTTTTCCCTGTAAAATTCCTGTCCTGTGCTTGTTTATGATGCCGGTATATCCTCATCGAATGAACCCGCCGACCTGAACCTCCCCTGTTCCGCCCGCGACTCATCGTATTCTCCCGATTGCCTAAGTGTAAGTGACACGGTGCTGCGGTCTGGAGCCGTTAACTGATCAATAAGGAGAGAGGAGAGAATATGACATACTACCCGCGCCCTAGTCAGAGTAGACGGTTAATGGGTGGTAGTTGCCAGCCGCGTAACATCGGTCATTGTCTCGCTACTGAGATAGCAGCCACCCCTAAATTAAGATATTTCCTAAAATCTTCTATAAATTCTGTCAAAAGTTGGGCTGTTGAGACC,1580,49.87,Escherichia coli
SEQ_993722,TCTCCCGACACAGGATCTGCACAATATACAAGGACCCAAGAGGTTGCGAGCGGGTACAGAAAGCTGGCAAACAAACACGATCGCTGGTGTTCAAATGGCTGCGCATATGGTCGTAGAATCCGCATCTATTCAGAAGGGTTGTGCCGGCCCCGTGCATAGACACTAGATCGTAGTAGGGGTGTTCTCGTCAGAAGCAGGACCGTCCCGCGTCTGATTGGCAACACTTCCTGAAGAGACGCAGAATTGCGGAGCGCAGCGTGGCGTCTAGTTGTCGAATCGGCTTGAACCAAATTGCTCCTGGCGCTATCCAATAGCATAACAAGGCATAGAAAGATAAGCTCTGTTTAGCCCACTTATCTTGTCCATGGGGGTTCGCAGTTGCAATGTGC,389,51.93,Caenorhabditis elegans
SEQ_424769,TAACCGAATATTAGTCGTATGTAATGTGGTGAAGCAGATTCTTTTCTCGCCACTTGAGCTGAATGCATGTCCTGTGCCAGATGCTACCGCCATTGAGTACTGCCTATGACGTTGCACTGGACGGAGGCCTGCACTCCGGCGCGAACGCCTGGCCTCGCACCAGCTTTAGGAAGTTTATCTAATTCAAGAGATTGATCAAGTGACGGCAAGTATAAGGATCTCAGGATTTTGAGACTCTGATGGAATGAGCATAGACAAGCGTTGTGGGCCAGTTAGACTCGTAATCAATGCATTACTCAGGAGTCAATAGGCTTGGGCCGACGCCAATTAAGCCGCACGTGCTTGATTATTATTCTGTTACGTCCGAACGAACACCTCCTCGCATGACCTGGATAGTTCGATCGCGAAGCTCCCTACGCACATAACCTTACCGCCGAGTGGCGCTAGTGGTTATCAA,457,49.23,Caenorhabditis elegans
SEQ_295200,CCCCGGACCGCCAAATCATCCTCAACCTAGCTGTAACTAACTTAAGGGCTAGTATGAGGGCCAGGACTAGCCAGGATGATTAAATCAAAATTGTGCAATTGCGAATTCCCCGGCTTTAGGTGTGACCCGGAACCCCATGCCGCGTTCGTAACTGCTTACCGTGGCTGTACGTCGCGACTGGTCCACCTAAGGATATTATAGTATAAAACACTCTTGAGCCCTTGACCGCTGACCCACGGTTGGGCTAAATGCGGAGGCAACCTTTTTCACCCGGCACCCAGTGACGGATGACAACGCGGATTGGCCTGTAGGTTTCCAGCAGTAATAGCGTACAAGGGAGGCCGCAAAGTTCGTGTAATGGTGATGTCATGTCCGCCAAGCATGGTGACCACATGGTTTGAATTGCTGGCCAGTTTGATGTGGGGATTCTACCCTCCAATCAATAACTGGTCCGCTCTGATTTTAGCTTGTCGTATAAACTTTAACACGTGACTAGATAATGGCTTCTGTCTCCCACGGTTCGTTACGATCCCTTGGCGAGCAATGGCCCGACTGGGTAATACCGCCTTCAATTATGAACATTTCAATAAACGGAAACAGCATAAGCAGCGCGCTAATCGTAGGGACTGCCGCGGATGCCTGGAGCAGGCCGAATGGTCAAAACAGCTATAAGATGCATGATGGCCGGTAAGAACAGATTGTCCCACGTTGGCGCCGAGTTCCTGTGATGGTCGCAAATGTGTCGGACAAACCGGGTGGCTAGCTCTATCAGCATAGCGTGAGACCACGAGACTTTAAAGTTGCCATTAAACTTATGGCCACGCGTACCACTTTGGCGAGCGAGGAAGGATTCAGCGAATCGGGCTTCTCATAGTTATCACTTCGACATCAGTGATATCTGCTGATATAGCTAACCCACTCTACTCTATAGCTGGTATCTCAGCTAAGCTGGATACAGATTTATTTCCCTACCATCTATCGACATCCTTCCCAGCGCGCACAGGGAGTTCCATGG,1015,50.15,Escherichia coli
SEQ_137736,AACCCGTGCCCCACGCCAACGAGGCGGAAAACATGTATTGAGCGCAATAGCAGATACCTTAAAACAACAGGCCAATAGGGTCAGATAACACAATTTGATCTTAATATTTGCTGTTTCGAATTTAACTTCTCGCTCCTCCATACAGCATTGCGGATCCTTCTCCTACGACCGCGGATTGTGGACGATCACAATACCCACAGGGGTATAGATTTGAGGCAGTTAAATATCTATGCCTCCCTCCTGTAACTAGGCCTTGTGGAGCCAAGAGCCGTCAGCATGTTGGGACAACAATGGGTTATCAATGCGCAGGACGCATCCCACACGGAGAAAAAGGTTAGGTGATCAAGCACAGAGTAGAATTATCTGGCGGCTTCCACATCTTGACGCCTAAGTCGATTTAATCTTTTGCGGGATGTCTAAATCGAGGCGGCGGAACTCGAGCCCCTTTAAACCCTCGAGTTCTTCATTTCAGAGCCAATGATGATCCGCTACTATAACATCTTAGCCGATTGCGCTCCACGAAATGTGGTCGGGTAGTCCAGAACGTTCATCCGGCAGGCCGCGGTCAGTATTCGAGACAGTAAACATCCCTCCATTCAAAACTGTTGACCCGCCCTCTGCAGTTCCTTACATTGGGGGGGGAAAAAAGGTAGACATTAACCAGCCTAACAACCCGCGCGGAACCTGCGCCACTGGGTAGTCACTCCCGATCCGCAAGCAAATTAGAGCATTTTCGGTACAAATGAGAACAGATTCAGGGGCAGATAGAGTCTGGTTTTGTCCCCACCCAAACAGTTATGTGATAGCGCTGTCGGGATCGGTGCATACAGCATTGCGTCCAAGGCTAACGACTTAACCGGACTGGGAATCCATTAGCCCTGACACATGAAGAGTC,895,49.39,Caenorhabditis elegans
SEQ_175856,TCTAGCCAACTGTTCATTTGGTCTGCTTCGAGCTATGTCCAGGTTTACGTGGCTGCATCCACTGTCTGCCCAAGGCATTTCAAGTTACTGCGCCCAGTACCATCCGCTCTTGTCTTTTAACGCGGCGAGGCGGCGGTCTCGGAGAGAAGACCCTTCCTCTATCTTGCCGTCTGGGTGAAGCTAGGGCCTTTTGCCATTATATTGGTTCATGAGTTGCATAGGAACAACGAGCTAAGGATGCTGTAATTGTTACTGCAGGGGCTCCCTGCGGAATCTCTTTTCCCGTTTGTTTTCAAGTCGAAGGGAATGAGTAGGCTCCGTCCCGGGTAGATACAAAACATTAACCTTAGAAGCCTCAACTTTTAGATGAAATTGTATTTTTGTATCCGAACCCCATGCAGGGCTGGTGCCCACGTGAAGCGTGATGTGCACTGACGATTATGCTGTTAATGGAAGGCTGTCGCATCATCACCGGAATCATAAGATTGCGTTTGGTTACATAATAACGACCTATCAACGACTAAGGCCTTTACTACGCAGGAGGGGAAGTTTGCTTGAAACATTGCCGCCAAGATGGATAGGCATTTAGAAAAGTTACAAAGCTTACACGAGTCGCATAGTTCATGCCTAACGTACGACTTATAATGATCGTTGAAGTCTGAGCGCAAAGAAGGCAGACAAGCACCAAGAAGCCGCAGGCCCTTACTTCTTACTAATGATACAAACCCATGACGGTTTTTTACCACCACGGCCAGCCCCACACTACCAAATCTGCTTCATATCAATCGTGGAACCGAGGCTAAGATGTCCTATTGGAATGGTTCATCCGCCCGTAACCCGATTATCCCAAGACTATTTAAGACAGTGTCTTGGGCGACGCAGTGTATCCCATAGACCGGTTTCATATTCATGTGGTTACGGAACGGATCGGATGGGACAATACTGCGCATACCGCTGTGACTATAACCTGTAGACTAACTGGCGCAGCGGTATGCGCCACTGAGCGCACGGGGGTCTGTAGAGGCACAATCCAGGAGGTCCCATGAGTTTGGACAGACTCGTCCGAGCCA,1070,48.88,Saccharomyces cerevisiae
SEQ_132817,CGTTGGATTAGACCGTGCAACATCCGCGTTCAATTGTCAAAAGTTTAAGGTCACAGCCCCTTTAGACTTTGACTCGGGCATGCAACGTCTTCTTAGGTGATAGAACTGCCGGTACCTCTTTGGGTGTCTACTAAACATTCTTCGTACCTGTCTACTTGATACCGGACAAGTAACTTGAGAAACCGTTAACGCCTGCTACGGCTACTATAATGCAACCTCTGTTGAGCGGTATTTCCTTTGCTCTCCGAGGGGGCTGATTCCGGCAGTCGCGATAATGTAGGATCCATGCCGAAGTCACTTACGAGGTTTAGGCGAATCCTACCGGATAGTTAATATTATAGTATCGATGACACCAGTTCGCGGACGCCGGGCTAATCGACTCCACCTGCCCGACGCCACGCGCATCGAGTGTAGAATCCTTCTACTTATTGTTCAAGAGTCATTCTCCGGCGAAGTAAAACGATGTGTTCACCGCCCGTATGCGCTTGTGCGGAGACGCAACGGAGCAACCTGAAGTGTACGACGCGCATACTAACGATTCGCGTCTATTGGACTCGTGAAATCGCCCCTCCAGCGACGTCGCATTTCCTGCTGGAAGCCAGTGATCGCCAAAGTTGAGTCTCATAAAAAAACTCGATAGCCAAGCTCCGCAACCTCCTTTCGGGATATTTAGAGATTTTACGGCCTTGAATTCGGGATGAGTACATTGTACATCCCGCCTGCTCCACGCCGTTCCACAGCTCCTCGGTCAAGTCCGCGAGCTTGAGAGATCTCCGTTATCATACAAAGAGTGTAACAGCAACCCAGTTTAGCCTAACCGAGTGCCATGTTCCGGCCCTGGTGCGGGTATTCAACCAATTTTGGACCGGGATAGGGGAATATGACTTCGCGAGCTAAGGCCTGGTAGCACTATCTAGAGATGGGAGAGGCGGAAATGATCAATATAGCTTCCATAAACCAGATTGTAGATTTAATCACTCTCGAGTTGCAAGTTTTAATGCCGTCTCCCACAGCCCCCACGTTTCACAGGAGAATGAAACTGCATCTGAACTGACGACTGTCTAATTGTGTGAAACCAGTTAGCTTCGCAAGACAACTAGTGAGGGTTGTACAGAGGCATATCAGTGGTAGCGCGGCACTAACTGTCAAGACCTGCTATTACCCCAGTATTCTTTTAGTTGGTGCCGATAACTTTCTTTAACGTTAGTACGATTGCGCCGACTTAATACTTGAATCCGGGTTATCGGTACACTTTTTACAGCGTCGCGTTAGATGCATTGTATATGAATGCCAATCTTTGGGGGAAACCCATCGGCCTTCATTCAAACTCATGGTGCATATAGAAGTGGGAACTACGGAAGGGGATGCAAGCGATAGAGACCCCCCCGGGATGCGACCTGGT,1402,49.0,Homo sapiens
SEQ_223459,CCCCATGTTGCCCCTGGGACTAGCCATGTGAAAGCCCAGGACCCATAGTGCTTTAATAAACTTCCGGGGAATAGACTTTACCTCATCAATATCTGGGATGACATTTAAGCTACAACAACGTTTGGGCCAGTAGACCCTAACCTAACTGGCGCCTTCCACGGTGACGGTCATTAAGCGATTATTGAGCCGGTTGCTTCGCTTGCAGAACATGATAGAGTATGTGGTGTCATTAGCCCCGACACAATGAACCCGGTGCCGCACGCGCCGGAAGGGTGTGCATAATAGGACTCAGGTCAATGACCCATCAGTGTACGTAATCAGTATGGCGTGGTACCTACATGTAAATGGAGTATTCGGGCCGCGGAATTCTAAGGCACCGCCGTTACGGTCAACATAGGGATTTTGAGCGAGCCAGTGCCCGCGGCTCATATGACGGATAATAGTCGCATGTGCGAGGAGTAAGCTTTTCGCAGAGACTAGTCCTGGGACGTTTTACGCATGTATTGCGTAACAGGATATGGTCTTCGCGGGACAACCTCAAATGCTACCCGGTTTGTTCTGACTCTACGTTCTCCCCAAGATAGGAAATCCCACACCCCGTGTACTGTTTTGGTTGTGTTGTTGGTCGCCGTTACCTGTCAATTATAAACTTCCGTCCTACACAGTCGAGGACCCTTGAATACATTCTGGCCTTTTCCTGTGTAGTCAGGGCGTTTAAGAATCTAATCCAGGCATCTTCGCCAAAAAATACGGACTAGGCCAGTGCTCTCATGTCGTAATACCTCGAATAATTCACTCACTAGTATTTCGGTGGTGCATGCAAGCGTTAGGGCACCAAAAATCGGGCAATGTAACTCCTGTCCC,864,49.42,Arabidopsis thaliana
SEQ_896857,GGTTTGAAAGAAGTTATCTGACCGATACGACGGATATAGGGCCAGGCCGCAATAGCGGCCAGGAGCCGAGTAGCATGACGGATCAC,86,54.65,Drosophila melanogaster
SEQ_131448,TGAGAGCAGAGGGGCAGGCGACTGAGTTCCCGCTGTGGGCTACTGCTAGTCCCATAATTTGCATTTGCAGCGGACTTGTACACGGATCATATACAGCCGCCGCCGGTCCGGCGGAATGGTTGTTAATAACATTTTGTGTGGAGGATTCCTATTCCAGATCTGCTTGCCTCCAGACGTAATTCGGACTTTTACAGGAATCCCACATTTGAGCCGCAGCTGAGTCACGGGGACATTTACGCTAATTCGCCCGTAATATGTTTCACTCGTTCAAGCCTTGAATGAAGGGGGGATTCAAATACCAATAAGATAAGGGTCTTGCCTGAGTACGTTGCTAAGGAGTGTGTTGGTAAACGCGACGCATTCGTAA,367,49.32,Caenorhabditis elegans
SEQ_922710,TCTAAGCAGATTGCACTGACGGTCCCAGCTCCGCGTTCCAAGATTCCCCACGACTGTCAGGTGGCTGGGTCGAAGCGTAGGGTTGTGTCACCTCTCCTAGGCGTTTTAACAGGGCGCGTAGAACGACTTTCACCGCTTGCTTGTATCAACAAGACTCATCAGTAACTTGGCTGTTCATGTTCCTTCTGACACATTTTGTTCGCAAGGTCATTTACGTATTGGGCAGTACCACAGTAGAGAGGTTGAGGTCCTACTCCCGTGGCATGGTCCGGAATCTTCTGGCCACCTCTAGGTAGGTCGAGTCCGTTCACTATCCTCGTGATTGTGCGGGTTACATTACGGACGTTCCGATAGTCAGAGCACGAATCTTTCCGCACGCAAAGAGGTACGAGAGTGCGTGAATTGCGCGAATATGCGGAGCTCCAACGCGTGGGAGTAGCGCGATTTCGTTTTAAGAAATTATCGATACTACCATCACGGGTGATTGAGAGCGAGTGGGCGGGTCACCCGACTTGCCGAAATTGAGAAGTATAGTTGGGTGTTGCAACTCTATGTGTTGGAGGGTCGAGGATTGTGATCCTGCTTACTCGCAACCCCAGAGTGTGGAATCAATTATTCTTAGATGCACTAAGATTACAATAGCCGTTACCTGCAGCTACATATTCACCCGATCCTGTCGACAGTTTCAAGTAGCCTTCGCGTAACCAATCACATGAATCGTTGGTACTCGCCTCAGCTTGTAAGCTCTGTGACAGCACCAGTTAGATGGTTGCGTTGAGTTCAAGGCCTTCGACCTGTGATAGCAGGCCGAAATAGGGATGGTTACAGACTCTTTTCGCGATGGTATGGGCGACCTGCGCTTTTGACGCTCCTTTTCGCCTCCCCTCGAGGGGACGAAACCGTGCTCCACACTGGGGGCACACATACTAAGGACCTGTGATGAACAAATTGAGTGTGCCAACTTGCACGTCGCGGGGAATGGCTTCTTAGATCTTTTGTCCCTAGTAGTTCGTATTTATTTCCCTCACGCTAGAAAACAGGGTGTAATATAATCGAAACTTTAGATGACGAGGTGGAGAGCACGGGCGCCCATCTGTGCCCTATTTCTCGAGTACAGTCTTTGAGCGTACTCTACAAGCTAAACCTCGGTTCATAAACACGTGCGAAAGAGGTACTAAAGTTTAACCCATCTACGTTGATTCGACCTCGAGGCATTTCTGATGGGGGAAACCTAAACACATTGCTGAGTGACCGGGACGCGGTGAGGGAAACCCTGCTTGCGGGGGCACTGCTCGGAGTTCTCGATTGCAAGCGGCGATCAGCAGAACACTCCGTCGCCACGAAAAACGCTCCGCGAGTGCCAGATGGTCCTAACGTAAACGATTGAGCCCAGAAGTTACGTCTATGTGTCTCTCTGAGGCATTAGTGTATGACGTCTACGACCAATTATCGAACCACCGCTAGCGAAACATAGCGAATTCGACTAGAATCGCAGCGCATGGTTAATTCCACAACAGGCCAACCACTCAAACATCTAGGTACGTACGCAAGCAAGGATCGGTAGTAACGTTTACCGGCCCGAGAATCAGCGCCTGCCCGAAACGACGTTACTTTGTGACCCGCGTGCTGGGCTGTTTTTCACTCCTTCG,1649,50.76,Saccharomyces cerevisiae
SEQ_812666,TAATTCATCTATCCATGCAAAGGTAGTTGGTCCAGGGTCGTTCTCTGTTAGTGAAGAACAAAACGGACTTTATAAAGGGTTTAGTGACTTTTAGTCCCCAATCCAATTCTTCCGCACAGCCGCGATATTCGGAGATCTACCCCCAAAAGCTGACACCGTTCGAAGCGGTCCGGGAACCCAGTACTGCATTACTGATGTCATAATTATCCTCTTCCGGACCACA,223,46.19,Homo sapiens
SEQ_247568,TACTATTGTGACTTGCGCCTAGTGCTCACCAACGGCGGTACATGTCGACCGATCGCTTCGAATAAGAGTTCGACCTTAAGCGGCGCCGTTTTCGGACTCGGTGGCTGTAATAAATAGCCGTATGTCTGAGTTTATAACGCTGGCCTGGCCAGACCGTTTCTGCTTTTTCAACGGGTCGCATGCGAGCGAAGTGGTCCATGACAGGCACACTGCTGGAGAACTGATGGAGCGGAATTCGTAGCGTGGCACACCGAATCCCGACCACAAGCACATACGCTGAAGTGGTGGAGGCCTGAATTTTTAGTTGGTGGGTATTAATTTAAGTGAATTTACGATTACACACACTTTAGTCCAAACCAATGAATAAATCGATCAATCACCGCGACCGACTACTAGGCCGTCCCGAGTTCCCGAAGGTACCGCCTAAGGAGAGATGTTCGGGATTGTGATGGACAGGGAGAATACTCCGCTTATCTACACCTGATTCAGATTGGGGCCCTGGACCCGCATAATGGCTGTCCATAAGTTACCTTCAACGGATAACCATATATCCTGATGATTGACCGGTATGCCACAGACGCACAACGCGACGAAGACTTGACAGTTCCGTTCCCACCCCGTCTTATTGGTTTCCATAAGAGACGCTGAGGGGTCCTTCAATTTCGGCACGGCCTTTGAGGTAGCGCAGTTTTATTGGAAAGCTCAATAGTCGTACGACCCCTGGTGAATATAACGAGCCAAGCCGCAACGCGGGATAGCAGGTGGGCCCAGCTCGAGAGGGGCCCACTGCTTCTCGCGCGGCATTACCGGCTTGATTGGGTAGGGAGGACTCAAACATAGGTCCTACAGTTTAGTGGATGCGCCCAAAGTCATAAATTCATGCGTTGCCTCTGTCAATCAAATAACGGGTGCCATCGCTCCAGTGGCGGGTATTGGCCTCACTAATTTGAAATTCTATACATGGGTACTACACGTCCTCTAATTCAGAGCTGTGAGCCGATCTCTGTCTAAGTTCGCTTACACTGAGCCGGTAAAAACAATGTGAACTGTGCGCAGTCACTTTACCACGTTAAGACCCTACAGGTTACACCCGACGTGACCGGCGAACCGTAAGCGCCAGGACACAAGGTAAACGAAAAAATTACCTGAGCTCATGAGAACATCGGACTACCGAGGAGTCAGCTTCTACGCAGAAAAGCGGGGGCGCGTATTTACTTCCTTTGAGTTGATCAAAGTGACATTTAGGGTAGGCCATAGGCAAGTGAGCAGTCGATGAACGGGACCACTTCACGTCGAATCGGTAGGTTAACAAATGGCGCCAGGATCTACGACTATCATAAGACCGACGGCTTCACGCTTCGGCTTTGTTTAAGTCTGCAGCTGCGACCTTCGTGGATCCTGCGAGAAGCATAGTTTGAGCCCACGTAGAGGAAGAATAGACCACATCTCGGAATATAGCGGCCGTGTCTTCGAACACCCAGTTTCCCAGTTCCCTACTACACTGTCGATGCGGAAAACACTTCTTGACTCAAACTGCCGTCCATCGGGTCGGATTGTCTTTCGATACCTTATCCAAGTAGCTGACCAAACTCCCGCGCAGATCTGGCTCTATAAAATTCAAGCACTTGCGCCGACTTTACGTAACTGCCCATCATATGACTATTAGCCACTGCATCGT,1678,50.36,Homo sapiens
SEQ_370073,TGGTCTCGTACAAATCATGTGTCATGATCCTCATCTCTCGTGTGCCACCCTCCTACAACGTGATTATGCGAGGTTTGTTAAGGTGCTTACTCTCAGGAAGGCCTTACTAGGACAGGGTTGCAGTGGCTGCTGGCCTGTTTGGATATAGCTAATAACACACAGATTCGTATGGAATACTACGCACCCTTTTTATAATGGGCTACGCCACGCCGGCCACGGTGGGTCTAGTGTTTCCTGCATGTTTTCCCCTGCGGGAACCATTCATGTTTGAGGTACACAAAGCGACTATAGCACTTACGCATTAGGCAGCAGGAGTAAGCAGAAAAGATTAGCAGCATACGCGAGGTAACTACCGGAGACATGTCCGACTAGCGCCGGGTTCCTGTTAAACAGGCGAGTATTGTAAAGCTAATGGAGGGCTACGTTCGTTAACTAGCATGCCTCAATTCATGGTTCCACCTGCTGATAGTCAACTGCTTTCTGCGCTGTATCCTAATTGTAAAGAGACCTAGGGTTCGACGCATCTCAGCGGCGTATTTATGTACGGCACCCGAAAGGCAAAGTATCGTCTTATGAGGTTCTCTCAGCACGCCCCCTCCCCCTCTGTTGTGCATGTAAGAAATAGATACAAAGCAGTCGTTCATTCTCGCCGCTCGAGATAATCGCCCGCTACGAATCTCCCCCTGGCAATCCCGACGTCAGTGATTCCCCGCTATCGCTACTCTCCCTTTCCACTATACGTCCAATGGTTACTCGCAGTCGGCGCCAATGCGCCCTTGACATTGTACTTGTAACTGCACGACTTCCCACGCATCGTTCACGGATATATTGACTCTGGTACCTAGTCCATCTGTCTTGGCAGGTTTTGCCCCTACTGTGCCGGTCGCTCATTGTTTCCCTGCATGTCGCTGCTCGGTTTACACTAGATCGCTCAAACAGACACCTAACCATCTGGTGCGGCCACCCCCTGGATAAATTGCTGGGGGGGTTAACTCTTTTCGCGCGGGGTTTACTTGACAAAGTGGCTATAGTTATTCGAGAATTCGGGCTCACCCAGGTCGAAACGGCGGCTATTCGAATCAGTAGAGATCCTGTAATCGTGATCGGGATCTGCAGTCTGCGTAAACTACCGACCGCATAAAGACTCGTCGGTATCCAACACGAACAGAATCGAGCCCGAAGGCTCGCACCTTAGCACTCCTATTCTAGAACTTATATTGGCCCCGGTCGACAACGATCCAGATCTGCGAAGTGCTTACGTCTCTAGGATGTGATGTGCAGTCCCCCTGTTCTATAAACCTAAAACTCATTGTTGACGACTGGGCCATTCGTGAATACGGTGAACCTTGAGTTCTCGAATTCCTCTATTTTCTGTTTACGTAACTTCCAGGCAGACGTGCTGGCACTTGAGGTTTCAGCGAGTGTCCGGTGCAATAGAAGCGAGCGCCGGTTGATTTAGGAACCCCTTAGTGGTACATGCAACGTCACTATGTCTCAAC,1499,50.17,Homo sapiens
SEQ_306920,ATCTTACTGAGGAAGTTCTATACGACATACCCACGGAAGTTCTCGCGCGACTGCCAACGATCTTCTGACACACGGATGGCTCACTCACGCAGTGGGCGATGGTTCCCCTCGCGTAGATCCTGACAATCCAAAGCGCGCCTCGCCTCAGTATTTATGGTGCGGAACAAATTTAGAGGCCTATTTCCGAGACTTTGACTCCATTTTTGCCTAGTATACGGAACTCCAAAAAGTAACGCCACACTAACACGTCCTTTAGCCACGATTAGACTCCTATCCTGGACACCGGGCTTCGGTCTGTCCCTGATTATACCGCCATATAGAAGAGGGTCTTCCTGGTCTGGTAATGAGGCGCTCGACCGATCCAATGAGACTGCGCATCGCGCTAGAGTACAAGCCGCCATCTTAGACAATCAGTTTTGGGGGCTACCATTGGAACTCGGTGGCTATTACCCTCGCTGAATAAGGATAAATCACATATTTTCGGACATAAAGAGTCATCCTTCGCCTTTAGCACATCCCGCGCGCGAGCCAGACCGCTCTCTAGGGCTGGGATGTGAAACGTTCGCAGCGGCAGTCTAGTCGTAAATCGATGACTGAACATCCTGCGTTGGCTGGAGGGGAAGGGTGTAGTCGCGCTGAGACACTATAGGAAGCCTCGAATTAGCTGAGAATTCGTGTTAGTAAACTTCTGTCGGCCTATGGAT,704,50.99,Arabidopsis thaliana
SEQ_627158,CCTGTGTTGGCTTATACGGAGGGTTGATGACTGACTTGGCCGAAGACGGGCGCTTTTACTGTCTCAGAAAAGACCTGGATACTTAGTATTCTCGCAAACGCTCTACGAGGACTGCGAACTCTGCGTGTCAGGATAGTTAGGGTTCGGAAACAAGTATAAACCAGTAGCTAATTGACTTTAAAACGATTAGGACGAGCCGACCGTTTAGAAGTGGCGAGGAGGCACTTGTACTATCCCGAGTGAAAGCACCGCCAGAGACTTACCCATTCCGGACTTAGGACATTCATCAGTCATGAAGTCTCGTGTTGGTCAAATAAAATGTTGCCCTTTCATAATTAGTAAAGAGACACCGATATATCTAACGATCCCTCTGTATAACATAGATCTAAGTTAACCTCATCCTACACGAGCACTGTCTCAGGAATCCAAAGTGTAGCTGGTTCAGAAAAATAATGTATCGGTGGTAATGTTCACCTTAGGCGAACGCTCTTAGCTGTACATTCCAAGGTGGATAACGGGCGGATTCAGTACGCGCGCTTACCACGGTCCCAGAGCCGCGTATAGGTTAGCAATCAGTTGGAGGTGCCTCTCGCATATTGCTCGAAAATTGAGAGCAATGCGGCGATGCAACCGCCTGTTGAATGTTTGATAAGTTGATCAGTGGTTATGGCGTGAAGCCTGGTAATTTTCCGTCTTTTACTGATCGAGATTGTGTGTAACTGTTACACACTTAGTTTACATGACTAATAGTCCATGCAAATCTAAGCAACGTGACTGGACAGGGAGACCCCACTCGAATGCCATGAGTACTGATATAGTTTACCTGAGTAGTACGGAACCCGCTCGGCCCATACGTAGCCCTTGGGCCCTTGAGGCTTTGTTGACAGAACCACGAAGTCCGAATGATTGTGACCTGGTGATCTAATGTGCGAAGATAACCACTACCCGGAGAGTTTGGATGGCGGTGAGATTGACCAAATAGGTTTAGCAGCGGTCCCTAAGCATGCATACAGTTTACCGCTGGGGAAACTAAATGAAGGTAGACTTGGAAACGATCCCCTTGAGACCCATATTCGCATCTTCGGAGGTGTGGCACGTGCCTCAGGGCGAACTCAGTTAAAAGTGTCCGCAACTGGAGGGGTGCCTCTTACGTTGGCCGTGAATAACTTCTCCCCGCGGAAAGCAGTGCAGTCGTGCCTTGTCCCGTGGTATCCCAAACGTTCCCTCCAACGCAGGATGGTATTGCTCAGGGGAAGTGCAAGCTCCGGAGATGGCGGATGAAGAGTCTCAGATTATCCGGTGCGGCTTATTAGTTCACAATTACGCCTCCTACGATTGGTTTTTGGAGGACCCGCGTAAAACGTTAAACGCTATGCTGAAGACCCTATGGTAGGTAAAAATCCAGCTACTTTTTTGCTCGTTCTTCAGGTGCTACAATCATGTCTTCTTCGGAGAACGTTATGCCCGCCACAGATGCCAGCCTCGCGCAATCGGGTCTCGGGGCTATGGGGGGTTTAGTTGAGGTGTCGCTCGTACTTCTCTCCTCCGGACTTTACAAGCTCTGGTTTTGCCTATGCATTCCGCACCTCCTTACTGTGAGGCCCAACTGGCATGCAGCATGGAGCGCTATATAACTCAGTCTAGTACCT,1649,48.82,Homo sapiens
SEQ_475871,GGGACCCGGCTAATACCCTTGACGACGTGTTAACTATACACGTTTCCACGTTGTTCAACGCCGAATCATAACCGCTTATGAAAGGTTGGTTCATACTAAGTCTAAGTTGAGTAAGTTCGCCCCAAAAAGAGTTGGCGGTTTTCTATCGCGTGGTGAACCCCAGTTGCTTGAAACGTACGATCGACCATGATCGCGCAGTACACTGGTCCTACGCAGTGGAGTATGAAGATGACACGATAAGATGGAATGGATGGCATGTCGAGCGTATAGAGTGAGGTAACGCAATATCCACTTCTGCACTCCACGAGTGATGGCTTATTACCGTCAGTACAGCCTAAAAGGCCTTACTGCAAAACGCCCCGCCGCGCGGTGCCCCAGGCAGTCACTCCACCACCCATCTATAAGCTGTCACTGATCTTCTTAGAATTGGTGTCACTGTAAAAAATAGCCTCCCGAACATCGAGACATCTGCAATGAAATTCTACTTCAATGAGAGCTTTAAGACGTATACACTGGTATTGTAAGTCGGTCGGTCCACTTGATTAGATTGCACTGAGGCATATGCCACGCTCGCGCTGGAGTTGGCTTAAGTGTGGTATGCCTGTGCGTAATCGTATTTCTGGCTTGAGGATTTGTGAGGCAGTTGTTAGCCGGCTTTGAGACAGTGTATGTAAGTCTCGCTTTTCGTTAAGTCGAACCGTTAACGTGTGGTCTGAGATGAAATAGGTTTCGGGCCAAACCGATCCCTCGGCATTGGAGACATCCCGGAAATCCCGTATGAACGTCTGTGCTTGGACATATCAGTCCCCCCATACAGCCTTACCCCCCCTAGCGAAGCTTAGCAATCGGCGACCAGACAAGTTCCTTTGGAAAGGTTTGCTTAGCCGGATGGCTTGTATGGGAACAGACTAGTGACAGTAAAACCGAACGGCAAGGGCGTTGTCACTGGACATCATGTCCACGAGTAAGGGCGCGGTCGGCGGATTAATGGGAAATTTTCCAGCTCATATTATTCAGCCGAACCGCTCCCCGAATGGCCTAACACTCTAGCACTGTACGTGGTCTGGTCGGGAGTAGCCTCCAGCACAGGGTTCTTTGCCGTACTTGATTACTTACCAGTAGATAGCGGATGTCAAGCGGACCAGCCCAGCTCGAGTTGGCCGCCGCGTGTCGTCAGCATGTCCGCGATAATGCCCCGACAAAGCGGTTTCCCCGTAAGGTGGGACTATACCCGTGCTACGAAGAATAACAAAGAACAGCTAAAGCCGTGCGTTGGAGAATCTGGACGGGCACGGAAGGTTGTTGGCTACATGTACGCGGACCTTGTTAGAGGACTTAGTGGACTCTGATCGAGAATTAAAAATACATCAACGCAGTCTAGGATATCTATCCATGTTGTCTACACGACCTTCGAGTAGGAGACTTCGCGCCGACTAGTTATGTAACTCGCTAGGATCTAAGGCTATCAATCGGAGCTTAACTTTAACTGCAACCACCATAGCACTAGTGAAGAGAGTAATGTTACAATGATCGCTTGCAAAAGTCACATATGTGTGACCTCCCCGTAGGGTTACTCTGACTTTCTTTGTCGGTCTTCGTGTCATCCCCAATCATCTTAGCGATAGTGCGCTCTCGTGCGATAGGAAGAGGGACCCTCCTTGCCCGTTGACGCAATGTGGTTACCTGGTCACTCGATATAGCGACGGGCTGATTCAGTTGGGTGGGCGGTAATGGAGGCGTTCTGGACGTATGTTGCACAGGAGCCTCCGACTCGGATCAGTTCCTTATTAGCCTGCACGACCCAAATAGATCAGAGCCACCTGGCATGAAGAAACGGTAGTTTATCGCTTGGTGGGACCAAGCACCCCTATGCCTGAAACATCACCTATTAATGACCATCGGCTTCTGGAGGCGGCCAACAAGCGAGCGTAGACG,1935,50.23,Drosophila melanogaster
SEQ_247665,CATGCGGGAGCACATACGTTGTATAACTCAGTCTGGGGCTGTTGGCCTACCCGCGACGTGGGACAGTAGCTTGGCGCAATCGAGGTAGCTCGCATAAGGGTTCCTCCGATCTCGCAGGAAGGTTGCTATCACGATTATAGACACGAACCTCATAAACGAATTGGGACTTCGGGGGACAGCATGAGACGCCCGTAGCCCTAGCCCACAGTATGAATGGATGCCGGATTGGCGAGAAGTGGTAGCCTAAGGACCCTCCACCACACCCAGAACGCCTTACTTCGGGACATAATGTTAACGGCCCTGAGGCCTCTTCTGGACAGTTAGTCAATCGAGAAGGCCCGGTTGGCCTGCCTAGTAACCTGCCTAGCGGACTTGCGGCAAGTCTGAAGTACTACTGTAAGTGCTAGACCCTACACGCTCATTTGATAGCT,431,54.29,Homo sapiens
SEQ_224793,AGCATTCTAAGCTTTCAAGATAATCAGAGCCTGTTCAGTTAAACCGGGTGCATTGGTTAAAGCAGAACCGCGTAATGGATTGTCCCTCATAAGCGTCAGCCTCACGTTTGATTTAATTGACGGCATCGGTACTTTGGGGGCCGACTCAGTATCACATCATATCACC,166,45.78,Mus musculus
SEQ_126432,CTATCTTAAGTGGACTGTGCCCTCCCCGACAAGGCAAACGTCACCCGAGGAGCCTGGATAAGCCGCTCTGCGAAGACTAAATCACATGAGACAACGTTTGGAGACTTGAAAAGAATATAAAACCAAAGCCCTGCTTCGAAAGTCCGGGCCCTTGTGGGTCATGGGACGGTTCGCTCCCAAGACACTCAAATTTACGCTAGTTCGCTGAAGACAGAAGCAAGCGTGGGGTATGCCCACCTGGCGATTACTACAACCATGACTGCGTAGTAACCTTAACTAATCTGCGAGGGCTAGGCCGATGCCGACAATTTAGTCATGAACAAACTTGGGATTCCCCCTCGATAACTCCAGAAAGTATGCCGCCCGCTTTAGTTTCAATGCCGCATTCTTATCGTTTCTGTCGAGGCTAATCTTATCAGTCCTCCTGGTGGGAGTAGTTAAAACGCTTAGCATAAGGCGGAAAAAAGACCACCATTTCGATTTGTGAGAGCATATCTTAAGCGAGTTCACTCAAAGGCCATCCTACGTAACGGCCTCCTGCTTACCGCTGCTAATAAAAACGAAGGGCTAGGCGTATCCGTTAAACCGTACACCTATCATGTCGACCAAAATATTGGAGCAACTCCGGCAGCGGTCTGAGCTAATTTCACTCGACGGCTTACCGAAAATTTAATACTTTCGTCACATCCACTTAAGCGAACCATGGAATGGAAGTTGCACGTCGCATCTCTTTAGTATAATTTCGGTCACGCTTGTGAGGGCTGAACCTGCCTGACCTAACAGTCATGATTATTAGGTACCAAGTAACGTACCTTCAATTCCACAGAGATAGACGAGATTGGCCTCTCAAGTATCAAATGGTATCAGATAAGACATTCGTGACCTCACCCCGAACAGCTTACTTCTACGCATAACGTTGGTATTACAAGTGAGTTGCTGCGTAAGGCGCTCTTCGGGACTGAAGGGAATCTGGGGACGCCCTACACTCTTGGGTCAGAGTCTGCCTAGTTGCTGGCCTGTAACTGTTTGTTATGGATTCCCTGCTACACGAATCTTGACCCTCATATGCTAAGACACCCCCCACGTCTTTCGTGCCGCTCTGTAATCAACCGGCTCTGACACGGACAATAGGAACGTCACGTAATTTACGTTTGAATGAATGCACGACAGCTAACATGTCTCCCCTCTGTACGGACCTTTTAACTTCCCTTGCATGCGAATCGGGGGTATAGCCCTAGGACCTGCGGGGCCGCCCAAGGATATTCGAATCCTCATTGCTTCTCGGGCAAGCCGAAGCACTGTACACTACAGCTTGAACACTACATCTTTAGCTTGCTTACACTGTAGCGTTCTCTATCGAGTGCAGTATTTACCGAAAGAACAACTCAACCAACAAAAGCGAACGCGTTAGACTCCAGCTAACTGGCATTTCGTGCGCGGTCTTCATAAGGGCAGGTGCCTTAAGCTCGACTTTTTGCCTTGTCCACA,1488,48.45,Saccharomyces cerevisiae
SEQ_270605,GGTCTATCGATCCCGCGATCGTGCGCATATTTACAATCTGTATATCACTAGCCAGTCGGACTTCTGGGCCATAATACACCCTCTTGATTCGTCGGGGTATCTGGAATACGTGGTCCACCTGGGGCAAGGACCATAAACATCAATGGAGTTTTAGAACGTACGCGGTGATAAAGGGTAGGGACTCTTATCCGAAATCTCAGACCATAACACATGCTGGCCCGAGAGTACAATGGACAGCACAGTTTGGTGCCTCTGGGCAGATACTAATACGCCACCTACTAACGCAGGCCAGCTGTTCGTCAGTGAACTAGTAACCATGCTGTCGTGTCACCGCGTTTACTAGGCGATTACACACCAAAATGTGCCTAAAGTTGCTGAGTGTAACAGAATTGCCAGAGCGCGGTCGGCTCTAACATTTCGGCGCGTGAGCCCGTTTCAAGCACCTTGCAGTTGTTCTTCGTCTGTACTAATCCACTTCATGCTCAGTAGAGAATCCTCATCAGATCTCCTGACTGCAAGCGTATTTGTTAACGAGCCTGATTAACGGGCTAGGGCTGTTAATTCTTGCAACTTCACCCCGGGGCACCAGCCTCAGTGGGTTCACGCTCATGTACTTATTCTGGTCTGCAGTAGGGTCTGTCACCGACGATAGTGTACGGACGGGTGTCCACGTAAGGGCCTGGGAGGGATGGGCGTCGGCCTCTAGTGAGTGAACTACTACTCCTAGACGAACCCCCTTCGCTCAGTCACTGGTCTGGTGGACCGTCAATACAATATTATGCTTCTATCTGGTAACTGAAAACTGGTCCACTCTAGCCTTTTGAAGGCTGGGCTCTTGCTATTACCACGGTACTCACTATGGGTCGACACC,871,50.75,Homo sapiens
SEQ_128314,AGACTGCGCCATTTCGTTACACCCAGCGTCGTAGGGGGGCTATCCAGCGTACCCCACTGAATTAATAAAGTAGGCCCGGCTAGAGGACTGGGAAGACCCACTATACGGCGTTCCACACGTGTCACTTCGGCGGCGTTGCCGGGGCTCGATAAAAACTTCCCCTAACCTAGGGTAGCCGTCATGCAGGCGTGAGGGTAGTGGCATCCGCAACTCACGACACCATTTTCAGGACACATATTGTATTGTGGGCTTGACGGCCTTAGGTTTTTTTTGCTCAGGGTTCTATGGTGTCAGTGCGTAATCGTGTACAGTGAACACGAGACTTGCCGCCACCCCCATTGAAGATGACCTAACTATCTTATCTCTAACTATTAGAAGTTTCCCAGCAGAACTAACAGGGGTGAATTTGTTGTATGTTCCTTCTATCTCTTCATTGACTCTGTCTCGCTTTAACGAGCGGAAGGTGGAAGGGTGGCTCATACTCCTCGACAGATAACCGTTCCCACGGTCTATATTTGCCGCTTTTAGCAGGTACAAGTCCTATAATAAGCCAGGCCGTTGCATGTATCACCTGCCCGTCGGCATGGTCGACCCTTATGGGATCGTCAGAACCCGTGATTCCCTGACCTTCCAACATGCGGCCAGGTGACCGCCTTGAGGGCACTGTATTACAACATTCGCCTCTCCCGTATTGTCCTCGGGCATCACCCAGTGTCTAACGGCACTTAGAAGAGACAATCGGTCGCAGGGACTCCGTATTAACATGCGGCAACTGCGATGTGTAGCGACTAGTGGATTCGTGCTCGACGGAATCCTTAACCCTCATCAACTCCAACCAGAGCAAAATCGTCCACGGGACTGGAACAATACAGACATCCTTCTACCTAGAGAAGCTGGACCCGGGGATTTTGATCGCGTCACCGGCGTCTACCGCCACGCACCGCGGCAGGTGACGCTTGGCGCGTCAAGCATCCGCGCCTCGGACATCTCCGCTCGATGTTAGTTATTAACAATCAAAGACTCTGGGGTGCAGTGGTGATGCCTCGAGATAGAAACGGTTATTTAACGTTCTGCCATCTAGTGC,1084,52.31,Drosophila melanogaster
SEQ_156556,TAATTCATCACCAGCGCTTTATGCTGGGATCTATATCTCTCACAACAAGCTCGGTTCAAGACCACTACTGCGGATCTTCTTTACAGATAAGACCGAGGCTTATGGGGAGCCTTATTTTTTGACACCTTTAGCGAAATTGCCTTGGAAGCGTGGGGCGGTGCCTAATATAATTCGATGGGCTACATGGGCTCTCCCAGTCTCACTGGGGCGAGATTAGGATAATGATACTGCGATTACCGTAAGGCAAAAGCGCGGCGCCCCTGATATCCGGACTATCTTTGTGCTGATAGGAAGCTAACTACTGACCGATAGCACCGGATCGTCAGGCATAGTTGCACCGCCTTGTAGTGCCAACGCACGGACAATTGTTCTTACTCCTCACCCTCATTGTGATGTGCGCGACGGCCCTTGCCAGTGCGAGTATTTCGTTCAATCCAGAGTGGAGTCAGCAACGAACTCAAAAAAGCTGAAGTGTCAGACCTTTCTGTCAGGGGCCTCTGCCCGTATGGGGGGGGTCGGCATGTAAACCCCGCATATCAAAGACCCGAGGCTATAAGAATCCATTACGTCGTAGTAAGACCTTTTGTAGTGGGTGGAACAGTGTGCGTCCCCGCTTCGGACTCACGGTTGTGCACACCCCAGTTAGCGTGCTAAGTTATAAGAGAGGAGCGTAGTGGAGCGCTCAGGCTCAGAACCCCGCCGACGTGGGTCAAACGATCCCACTTCGAAGTTCGCCTCGTTGACTTATGGAGATACGATTTACTGAGGGGTCTGAGACTCCAAACCCACATAGTGCGGAAAGCAAGTATCTCACCATCATAGTATCCGCCATCATCTAAAAAACATGGTTACAGCCAAAGATCCGCCGATCTACTATTACTAGTTCGACGCATTGACTATCATTTCATCACATGAGGAAGCGAAAGTGCATGTAACAGTCGTGATCGAGATTGATCATTGAGGCGAAGGTTCTTTATCTACGGTGTGGGGCGACAAAGCTAACGCGTGATGATGTTACTTTTGATTCGGATGGTATTGTTCTCCCTCACTCCTAACCGGGGACGCCATTGATTAAAAGATTCCGCGGGACGGCTTGAAGAGCGCAGAGGAGCAGGGCAGTGCCCCCCGAGGAAGGTTAGCTTCTTTTACTATGAGGTTTACGCGCAGGAAGCTTGCTATGGCGGCGCCGTCCACGAATACCGGGTCCACCTCTTACAACCTGTGTGTGTCCAGTCGACGCTGAGTAATTTGGTTTCCATGGTAGTGGTGCCAGCGTGTTTCCTTGTACGGCAACGAGCACGCGTGGAAGGTCTGGAGGTGTCTCCATTCCAACTTAGAGCGCGTGTCCTTTGCTGATACCTCGGATGGCGTAATAGGCAGCGGCTCCCACTCTTCGGAAAGTTTGGTCAGGGATTGACTTGAGATGATAGTCTCCAGAGCCTGCACGGTATGGCATATTTAAAAGAGGAAGATTGACACCTTCTACCAATGAGCAGAATCTTGACTGCGGTCCCGGAAGTTGTCTCAGCTGGCCGCTGATTGGTACCAGGGGACTTTTTCTGGCCCTGATACGTTGACGTATATGGT,1587,50.85,Arabidopsis thaliana
SEQ_243680,CGCGTGGAGCGTCACTGCTTAGGAAAATCCATTATGACTGTCGATCTGTCACACATGACGACAACCAAGCGTTGTTGCACGGGATGGGAGTCGCCACTATTCTATAGGTTAACCAGTTGTAATAGGTGTGATAAGCCCGTGTATTTTGGAATCTCCTAAAATCCACCCCACTCCGGAGGACCTGTGTTCACCTTACGTAATATCACTAATTAGACAGTTGATCGAATTTCCAATGGGTCTAATAACATCCCTAGTTGTGCCCCATGCGTGTACGGCAACACGTGCACTGTAGAAGCCGCAGACGAGCCACTACCTTATATCGCTTGTCACCGCGGCTCACTCACCCCGGTATTCCCCGGGGACGGATGTGTTTACTTAGGAATGATACCCTCTACATACTGTCTGGGTACGGTCATGCAGTTCGGCAATGATATACTGATATGAGCGTGAGTCCCTACGAATTTACGCCCAGGTGAGGAAGAAATCACGAGCAAGTTAAACATTTTCCGTCATTTTGCGTGAACTCTGACTCCGAAAAATTCGTCAGTTGGTAGATAACCCATCAGTGGAAATCTTCACGATAAGTTCATAGACTTCCATCACACTTTTAACACACTTGACCCAGTGTGATAGATTCCGCTAAGGTAAGTAAAAACGCGCTCGCTGTCCTCATACCTATTGGGGAGCAGTCGTCTAGCATGATTAGGTACTCGAGGTATCTGTTCTCACCCCGGACAGTCGCATACTAAGCACCCCGAATGGGATCGATTTACAAAAGGGTTCCGTTCATCATCGTTGGTGGGGGATCCCTAAGACTCGGGTTGGATCGACGCACGGAGCCACCTACCACTCACGTCGCACCCCATTTTTCCCGACGCATACATGTTATGACATTGAGCGGTGCGCTTACGTCTGAATGATGTTAATAGAGCAGATAAGCGCTCTATAGATGATCACTGATACCCGGCTGGCTTGCGCAGTTGTCTTGACTGTTGGATCTGATCATGTTATGTACTCCGCTCCACGATAAATCGGACTTAGTAGCTGATAGCCGAATAATTACAGGACGAGTTTCCCTACCCTCCCGGAGCAGCCCACTCCGTTGTGCCGGGCAGTGATTCGGCCCCATGAGGGACCAGTGCTAGTCATCTTCGATTAAGAAAAGGTAGAAAGATGGGGCTACACGGACTATTTCTCATTACTGTTGGAAAGTCACGAGAACCAGTACCATATTTGGGTATAAGACATTCTAGGGCTCTTTCCGCGGTTAGCCACCAGAGGAATGACATCGTTGGATACCAGGCCTCGTGTCTCGCCGTCATGTGCAAACAAGTAGCGGAAAGGGCCGCGGCCCTAGTAGCCGACGTAATTATACTTTGAGCACCCCATCACACCTGCATCCCCTATATTTTTCGATAGAGCTGGCCAGTAGCATGCGTCCCAAATAATGCACCAATCGAGGCGTCTTCGTGTAAACTGTTGCCGGTCTATGTTCCTCAAAACAACCATGAATTCTAACCCTCGAATTACCAAGTAGGACGCTCCGTCCAGGTACAAAATACCATTGACTCAGTCATGTTTCGGTCTAATTAAGTCCCCCCCGACCGGTGGGGAAGGAGCTGAGGGCTACAGTTGGAATGCTCGCGATATGTGGTGGTTAGTAGGCGCGTAATTCCAAGCCTAACTTCCCATCCACTTGAACGGTGCAAACCTTTCAAAGATCATGCACCTCAGAAGAATGTTCCGAGGGATTATAGTTTGACCGAGTACCGCTTTCGCTGCAACGAATCACCGCCTCCCGAGTGCTAAGTATCGACTGTACTGCGATGCGATTTCCGCCGATGTCCTCCCATAGGTGATAGAACAGGGCAGCACAAGTCTTTAACGCTAAAGTCGGCAATATCTGCTTTTAAGTTGACGTTCCTCTT,1928,48.86,Homo sapiens
SEQ_298489,AGCTGCCAACGATGGCTCACAGTGCCGTGCTGGCTTATACTGGGCTGAGGGTCTAACCAGACAGACCACGTTACATGTTGATTCCGCACTTTTGCCCAGTCAATACAGTGGTGCTCAAGTGCAGTCGGAGGCCCATTCTTGGTAAGCTCTCACCGCCTATCAAGACACGAATAGTGATCTAATAGGCGGCAATGTTAAGACAATCGTTAACCACTAGGCTGTGAATGTCGTCGAGTTTGATGGGGCGATACATCCGTTGCCATTGTTATTGAGGTACGTCCATAAATTGCGTTAACTGTGACTTCTTACGGAGCTAAGATGATGTGTGAATGACGATGCTCACAGTTGCCCAGTCCGTCCAATTGCCGCTTACTAACTAGCAGACAGCATCAAAGTCTCGACTTCGGTACCGAGCCACTGAACCATCAGCGCGTCCGCGAGCACCAAAGAGCAGTGCCAGCAGACATGTATGATGAGGCTTCGAGGCAACGTATCACGTCAAGATACGCTGTAATGATATGGAAACGTGATGTATCCAAAAGTCTACGAGGTCGGGTATCGGAGTAGTACGAGCTTCCGGTAATGCCAACTAATTTCGCCCTCCGGTTTGTATGTACGGGCCAAGACGCAGAGAAAGTAAATTAGGCTCATGGCAAGCACGGGTTTTTCCTTCTCCCAGCTGCGGGTAAAACGTCATACACATGTTAAAGTGCACGGCTGCAAATAGTCAATAAAAGCGAAATCATCCTGTTCTGCGAAACAAAAACATATCAACGGGCCTGCAAGTCCCCGCCATCCCTGGGGCTTTTATTAGTGGTTGATGTTTAGTTGGTGCCGGCGCCTCCCCCCCAGATATTTGCCGTGGCAACATTTCCCGAACTATTAGAACAGCGATAACACAGCATCAAGGCCCCTTATATTTATGGGGAGTAAACG,936,49.04,Escherichia coli
SEQ_568293,AAGAACGTGGCCAGTTGTAGATGAATCCTCGCCCATAGTTGGAAGGCCATACGTACTAGTTTCTCCAAGGGACGCGACAAGTAGGCTTTGAGGTCATGTCTCCGTAGCTGTAAGAAGTGAAAGAGTTTCAGTGGCTACCATGCAAGTCGTCCGTGAAAAGTTTCTGGCGAGATAATTTTTTCTATCCAACCACTCTCGACCGGATAGTTGAACACACAGTCGTCCGGTAACAAGACGGCGTTGCGAATAAGTTCTTCGGGCTGCACCCCGATTGCGTAGGTTATATGAAAAACCGTTGAATAAAGGGTTGATGGGGAAAAGGCAAGGCTTTAGTTCGGGGTTCAAATTGTACTAGATGTAGTCTACTGTCATCCCTAAACCCTTACGGCCATAATCATGCGCGCTCATGGACACTTATCTCAGTTGTTATTGATTAACAAATCCGCGTATGTAGAAAGGTGGCGTGAGGTGGGTTCGTCAGACCCGAAACTATAGTGTAGGAATTTCTATTCGAACGAGCCTTAAGATATGCGTTACATTTATAGCATTGTTAGGATTTGGTCAATACCGCGGTACGTAGAAGGAAAGTGACGGACCGGGACAACACATTGATCTGATGGTCCCGGATAACCACCGCCGAAACACGTTAATCCGACAGCAATACCCTCTAGGGTGCTGTGTGGCAGATCCGGCGCGGGGTGTGTCCGGTCGGGGTACAACCACGCTGGTCGCAAGGCACAGCCCGCGTTAGGATACTATGGCCCGTAGCGCGGGTACCTACACCTATCATCCCCTGTCTATTGCGTAGTCCTTGTGCAAGATTATCTGAGGAAGTAAACTTTGACATGCACTTTCAATTAGGTAGCACTTCGAATCACCTGGACTCGAAGACGGACGTTGCTAACGCTCCAATTGTGCAAATACGCTGCTGGTCGGCGGTGGGGTCACCAACCTTTGCGCAGGATCTCTCCTGTGTCGGTGTTCAAGAGGAATACGCCGCAGCCCGAGCTCATGGGAGCTAATAGGCACGGCAAAGCACCTGACTCGAACCCTCTGGCGGTCGGATGTATTTTTCCATTTGTGCCCAGGTCCGGGAGGGAGAGGCCGAAAACATTCAGTGTAGGTAGGACGGGCTTGGGGTCTGGCCACCTACATTGCGGGCCCAATCCTAATTGTGGACGAGATATCAGGGTCGATTAATAATGAATGATGGCTTCCTCCGACACGACAGAAATAATTCTCCACGCACACGGAAAAGCACAGAATTAGGAAATCTACCTCTTCCGATTCATCAGACACTAAAAGTCCCAGCGCAGTGGTCTCCGACACGAATTATCTTAAACAACAAAGCACGTTCGTATACTTCAGGGGTATTCAATTTATGATGGAGCGCTGGTGGGCTTTCGATCTGTATGTAAGTACTAGG,1426,49.37,Mus musculus
SEQ_291316,TGAGGATCAACATTCGTGTCCCATGATCGCTGGGAGTTCTTGTAACCCGAGAACAGCGTATCGTAGCTAGCCTCACACTGTGGCCTCAGATTGGTCTGAAATCCAAGTTGCCCAACCTGAGTATATATTAGTCTGGAAATAGCTCCCTCTGTCTCTGGGAGAGTCCCCTTAGATTTTGTCACCTCGGAAGACAACTCAAACGGGTCCACGGCCGCTGCGCCAAGCATCCTGCCGAGTATTGTCAGCTGTGATAACCAAAACCAATACGCCAAGCACATCAGATTACTGCAACTCCGCTACCCCCAAAGGCCGTATTCTCCCTCCCCTACCCGCGTCCAGCGGGGCCGAGAGTCACGCAAGACGACGCATCCTCGTGAAATGGAGCAGGACTCGTTATCGATTGTCTTCATGATGCATGCTCATCACCCCCTATAGCGCCAAAATAAAGACGCCCAGACAACATGCCCCGAACCAGCCGTTAACGGCCCTCACTACTCGTGATTCTAAATATGGGATCGCAGTGCCGGAGAAAGCGATCGGGGAGGAAACTTTTTTATTCTGTGAGATGCGGCATCCACTTACCGGCCTCGTGGTTCCAGCGGACAATGTCTTCGTGGACTGAACGATGGGCCCATAATTATACGACCTGTTTTACATCGATGTGACTCGTACCGGCGTGGCATGACCCGCGTTCCGTATGCTTTTTATTCGATCGGGCAACTCGGAAGAGTATCCTGGGGTAGATCTACACAAGATTTACGGTGTCGGAACGTGATTTCGCATATTTGGACGTGGCT,797,51.94,Drosophila melanogaster
SEQ_830029,TCCGATATGGATGGAGGAACTATTGGGTTCCTCACCACGCCAGCCTCCGCATTCCATCGTGATATTAACAGTTTATATTCTAGGCTGTCCACACGTGGCGACTTGAGTAGGAATCCGCAGTTCCGCAGTATTCCCAGTACTTACTATGCTGGATGGAACCGATAGGGAGTAGGAAGCGGTACAGCTAGGTTTCGGGACCTGTCTCCGGTGTACGTACCCTACACCATATTGCTCCATAATCCTCCACATTAGGTCCTTTGGGGAAGAAAAATCCCGGCAGGAAGGCTTACTGAGGACCGCGAACAGCCCGTATTATAGAATCATCCTGCCTCAACCCTCTTCGGACACCGTACTCAGCGATACTTGAAAATCACATGCCGTGTTAGTGAGGCGATTATGAGGCAGTGGGGTAATTGCGTTAATATGACCGCGTGGATACAGAGTAGCGCGAGGGGACGACGGACGGACGCAGCCCCAGCTGAACAGCGACATAGTGACGCTATCCGCGCGCAAGAAAGTTCTGTGTGCCTTTACACTGTCAACTGTTCGTTGACCGAGACATGTGCCTCCATATTAAAAGGGAAACACCCCTTGCCCAGATAGTCGGGCCACCAGCCCATCTCGATCCCGGGGTGGTGCGCCTGTCGGTTCCTAGGGTTGTCCGCCATATGCTCAGTGGCGAGAGTATCATAGATTGCCTAGGGGACAAAGCGTACCTAATTGCCCTATCGGCTGTCTGAATGTAATAAGTTCAAAACAGCATGGACGACGCATTGCAACTTTCATTGAGAACCTGCGAACCCGGCCACATCTCTACCACGGATCGGCCAGAGTACCTTTGCTATCTGGCAGGGGCACACTGTCTATATATACGTACGGGCATAGAGAGGTCGGCTCCCCAGTATTAAATTGATCTTATCGGTCATACCCGGAACCGTTGAAGGTCAGTCAGAACGCTGACGTTCACGTCCCAGTTCCCGAACTCTGACGCTTTCAGAGTGGGAAATTCCTATATGGTTTCGACAAGTGGGATGTGAGGTGCCGGCGGGCATTAGCATCGGGAAGTAGCCGCCACCAAGGTATGTAGGCCACATCCATGAACCGTTCTTTGCTGCGCGCGTCGTTGCTTATAGGAACCAATACGTTGCCGCTTTTCACCACCCAATAGCTGTGAGAGGGTTCCCTAGAGTTAACCCACGACTTTGGTCTAGGCTCTGGCTACTTGTCTCTCGCATTCTCGGACATTGTGAATGGATGCATATCTCAAAGGCGCACAGCTGGCCCTTATTTTTTTTAAAACTTGGCGTCATCGAAGCCGCAAATAATTATTCATTGTTTGAAGCATTAGTGAAATACGGCAAGAGGAAACTCGGTGTATTATCTTAGAGAAGGCACGATCCGTTCTACACACCCTTAACAGTGACTTTAATCTTTACACCCGTATATGTCTGCAGGTGGACTTTTCTTGTTTGCCGGGGGATCAAAGCGTTCTACTGGATTGGGCATACTCTGACACCGCGGATACGGTAGCATCATCTACCCTGACGACAAGGGCCAAGCCTGGGCGATCGCAGGATGCAAGGCCCGGAGTTGCGGATGAGGACAACAATGGGAAGTTTCAAGATCACACGTGTGGGAGGGCGTTTGGGTGTGCGGTACAGGCCTGAATCACCCGATCCGTATCTTCTCCGGCATACAACCGGCACTACCAGATAAGCGCCTGGAGCGACACTGGGGATCCCGGATCTACCTCACCCCTAAGAGCTAAGGCTCCCGACGAGACCCGGAACTGTCATATCGGCACAATCGCTGACTCGAGAACACCCGACGGACGTTGTATTTCAGGATCCAATCGGTCTGTCCAACCATCCCAACTTGCTTGACTCACAAAGAGGTACGCTCACTAACCATGTTAGTAGATCGGATCCTATCTGCGGTAAACTAGTTCGCAGCCGAATGCGAGC,1964,51.63,Caenorhabditis elegans
SEQ_706235,TAGCCCATAGTGAAGTGGCGGATCTATCAACAGAAGCGCCAGGTGCTTGACCTATGGAGAAGTTACAGCTGTCCGAGGGGCCCATACCTTAGTATAGCGTCGGTGTAGCTCTTAAAACAATAGATGCTAAGGCTCTGTCGGAGAATGATTATGATCACCAAAGTACCGTCCTTGCGACTGGGTTGGACCATAATATCCCCAGCTACTTTCTAAAGAGTATACACTACCACAAGCA,235,47.23,Drosophila melanogaster
SEQ_527214,GGTTGCTTCATCCGTAGAAGACTACCGACGCTGTCATATGTGCCTATCTTTGTAAATCCGGAGATTCTGCGCACCGCACTCCTCAGTAGGATCCACCCTTTGGAGTCTAGGTTCTCCCACTGTGGTCACTAATTGTCCGTGTCCGACTCGAGGGGAAGCGTCCATAACGCAAGTTGCCCGTCGTCATGACCAACCGTGCAAATGAGACACTTGCCCATGATTGGGAGGCTCAACACTTGTACGGCTCGTTCTACTCGCGTTACACCTTGCCTGGCCTTGGC,281,53.74,Homo sapiens
SEQ_174477,CTCTCCCAGATGCTATACCGAAAAGTATGTAGCCTCCTACGTGACATGGGAGTAGAAACCACGAAAGTCCCTAGGGGTGGAAGCGTCCTACTTACTTTACATCGCGACACGCGAACCGTCTTATTTACCAGGGAGAGGAGCCCACCTCTTTCGGGCCTGATTCCTAGCTTTACACGGAAAGGGCCCGTGCGCACTAGCGCGCGTCTTACCTTAAAGTTATCTCCGTGATACGGGTAGTCCTGAATCGGGGTCGACAACACAAGCTCTATAAGAACGCCTATCAAATTTTTTGTTTGATCCGTGTACCATCTTCTCTTAGTGGTAATCTAGAACACTTCTTCCCTTAAATTTGATATTCTCCGCTCGGATCATTAGTGGACTAGGGGAAGAGACCGTATTTCTTACGCCAGGTGTCTCGGTGCCTCCCAATGACTCGCTTGCACCTGCATATAAAAGTTCCTTACTATTAGGAGGGGGGACCTGAGTCATAGTACTTAACTTATAATATGATGTCAGGCGTATTACAGCTGGGTTGGCTTTCCAGTACTGTATTCTCATCCCTCTGTGAAAATTGCATCTTTAGCTGTAGGACGCATGGGAGCGGCGGCGAGGTAACTTGTTCGACACAATTGTTACCCTAAGGCCGCCGTGGTTGCTTGAGATTTTCAGCGGAAGGGACTCAGGTGGGAACGGTCGGAATATGGCATGCATTCTACGTCCTGGCTGCCGCTCACGCTGGCATTTCTCCTGCCGGCGTCCAGCTAATTGTAAACCGCCCGGGATTATTTCGAGAGCTTGACTCCAGCTTTTGATCTGCTAAGTTCTAAGAATAAAATCCGTAAGGATCCCGTTTCCGTCGCCTTAGGTCGTCACTATTTACCGACAGGACCATGGTCACACCCCAATACCAGAATGTGCGCCTTTGTCTGTGTCGCGTCATCCTAACTTTTAGGTTTCGGACGCTAAATGTTTTTCATGTGGACCACTATCTATCAACCTGGTCATGAACCCCAGGTAGCTGGAAGGTAGGTGTTCGCAGTTACGCTCCGGGACATCCCGGGTTATCCTTGTGTCTTGCGCAGCCCCAGAGACCAGTGCGACGTGGCTCGATCCGGTTGCTTCGGAGGTCGGATCGCCTCTTGTTCCACATCCTGTTCCGGGAAGTGGAATTTCATGTCTGAAGAGACTGAAGATCGACTTGTTCACAGGTGCAATATTTATGTCGACTCGCGGCCTTCTCTCAACAACCAAGTCATGCACGACCAACTGATAGCGAGCTTCCAGCGGCCATTGCTGGTGCTTGTAGCCCTACGTAACACGTAGTGAAGAACAGACTATCAGGTCTTACATTGTAACACCTACGAGCGCCACGGTTTACCCTGTATTGGTATGTAGGCCGACGAATATTCCCTCATCTACAGCCACCCAGGTACGTGCCCTAGTTCTGCGTTGCAACTCTTGTAAACGAGTAGCGACATACTCCGCCTACGGTCTTTGTTAGGAACCCGGTTGAACGCATGGACCGGTAGAAAACCGAACGCGATTTTATACGCACTCGTAATGGCCGTTTAGGTCTCTCGGCGCGGACGGCATGCCGTATCTCCATGGCCCGATTTTTACGCCGAACGAATAGTATGCCACGTTACCTCAACGACATCCATGGCACCCTAGGACATTGTCGCTTTTAACTTTTAGTCGTGACGTCATGGAAACCGCGAATTCGGACTCGTCCACTTAAGCAGATTGTGTGCCTTGCATTCTCCCTTGTGGGTTGTTGAATTTTGTTTTCCGCATTCCTGCTCAAACTATTCGCGAATGACCACTTAGTAGTTGCAATTAGCTTACTC,1847,49.76,Escherichia coli
SEQ_328680,GGGACTGCTTGGGAGGGACGGGTGTTTTTACTGGCTATCGAGAGCTACCGTTAGCTCCCTCAACAAAGCACGTTCTCGCAGAGTCCTGGTGTTTGTTAATTGCTGCTTCGCTCCAGAGCCACCCAGTTCGCACCACGTCGCTCACGCTAGGAACATTCTTCTCGAGGGCGCTAGCGAGCCCCCATGATTGCATTCATTGCGAGGAGGAATGGTCACCAAGAAATTGACACTCGTCGGATGGCAACATGCGGCACCCCGGGGTTAGCACCTATCAGGACGCATGCACAAGGGCTCATGGTCTACCTTTCCACGGTGAAGGAGCCACTAAGTATTATGAGTCACTCACAGGCGCATTTCCCATAGCCAGTAGAAGCAATCAGACGGTCCTTTAACATTGCCTGGTCGACGACGTTCGATAAGATCGCGAACAATTGCTCCACCCACAGTGCTTCTCCCTTGAGTTATCCAAGACAACTCCAAACGTATTGAAACACGTCCTTTCCTCCAAAGGTCTCACTCGTGGGGTTGTTCGGCCCAGTTTTGGAAGTCGTGTTATTACCGTTAGTTGCGACATCCCTAAGCCCGCTATTAACACAGCCCTCAATATTGTCAACCTTAAACCGAACCTGTCGTGCACGACTGAGGACCGATACGAGCTTTGAGGTACCGTAGTCGACTTACGCAAGGCAAACTATAGGGTACCGCATATTCCCTTGGACACTCTCTATTGGGGAAACTGCAACTTGAAATCACTGACCCCTAGCGGTGTGTCTAAGTAGCTGGGCCTCCGGACTTGTGAATCTCGAAATGCCGCCTTTGCACTGCCATTGCCTAAGTCCAGTTCGTGCCATGCAAACCCTCTTCTATCAGGGACCGGCCGGCACACCTCAAGGCGCAGTACCCCGGCTGCATTCCTACGTATGAACAAATCGTATAGCAGGAGTTCTGCTGTGAGGAACCCTATAGAGTGGTCTTCTATCAGTTGGGCCCTAGGCCTGCTAAGGTGAGAAGCTCGGTTCATCGCATTAGGGTTCAGTTTCTAACGCGGAATGCGCTAACGAGCTGAAGTACCTTATCTGTTAGGC,1085,51.98,Arabidopsis thaliana
SEQ_967573,CGGAGGTACGCCTCTATCTGAAGTTTATTAGTTCGGAGCTCATCCAATGTCCTTATATAATATCGTTTATCCCAACCGTGATACCAAGGCGACATTAACAACAGCCAGGAAAGATGGAATCCCGGCCCACATTCGGCAATAGTTGATCAGCATAGACGAACCTAAAGTTCTCTCAGATTACGCTTTCCAAACCTGCTTCCAAGTACGACTACCCGACGGGACTACGCAGTCTGGAACAAGCCTCCTCCCGTCCACCCTTCCACACTTATACACTGCGCCAATGCCGGACGCAGTACGCTTCTAAGTTGCTAGAAGTGCAGACAAGAACCTTTCGACTCTATGACTTTGAGTCTTCGAGCCGTAGGGTTTTGTGGGTAGCAGGTTGACGCGTTCTCATCACCC,402,49.25,Caenorhabditis elegans
SEQ_943876,GCACCGCCATTGGCGACCTGCGAATCATCGGTGTGTTGATCACTAACATAAAACTGAAAGCACCAAATATTTAGACCCAATTCACACCCACCTTTCGGACCACGATGGGTCAACAGCTGATGAATGAGCAAGGATGGACCTATCACCGCAGTGGCTGCCCTGGAGCTTATGCAAATAGGTTGACTATTCCGCTGGTGCGAAAGCTAAGTTTCGATTCCCAATCATGATCAGGATAAAGTGAGCTCTTGGATTTCCGTGCCTGGAGGCGCCAGAAAACCCGAACACAACAGCAGGCGAAGACAATCAAGAAGCCAGTTCAAAGAGATAGGCGCCTAAAGAGTGGTTACAACAGGTCACGACCAACATGTGGGCGTCGAGTGCCGTGATTTGTTTGGGCTGCCTCATTGTGAGGTATGTGCGCGCTCGTTCGAGAGTTGTATTTACTACGAAGTGCAACTTAGTTCGGCAGGTACTAACGGCAATATCCCGTCATTGGTCGTGCAAACGCATTCGACTGAGTGTTCAAGCTACGTCCGGTCCGTACACGGAGTACTGAACTCGGCACTGGACACGACCTTGAGCATCCGAAACTACCCGGCTATTGAGAAAGTTCGGTCACCCTGGTTGACTTATATTGCTACCCATCTAAACATACGACGGCATTACTAATCCTCATATGAAGTGCACGCATGGACAGATCATCTCTAGGGATACAAGTCGAGGTACGTAATCTCGTCGGCGTGATTTTGGTTAGGGCCAGATGAGAGATGTCTCGTAATCTCTGTTAAGGTTGTTATTACACTGGGCAAAGAGTGAAAAGCTTCAGGGCGTTGCAAGTTTTAAGTGGTATTCCCCACCATCCTGAATTCTTGTCCGGTCTTGATTATGGGGCATTAACGATGCAGAAGGCACCCTTAACCCTCGGTTATAGAAGCACGTATGCAACCGCCTTTCCCTGTGTTCGATGGAGGCGACCTAAACCCACGTCGCACTGCGCTGCATTACATGCTCCTGAACCGGAACGAACACCGAATTTGGGTAGACGTTCGTATGGTTTAAACATGTGCAATCAGGCACCCCCGATTGCCATGTAGGGTATCAAAGCATCAGTTGTCCCAGCCGACGTCGGTTACATATCATGTATTGATTAGTCTCCTTTCCGCCATTTGAGAATCGGCAGTGGACGCATTCGGGTAGTTCCTACATGCCCTACTCGTAGGCGCAACTCCGACACTCTCTTCATGCAAACCATGCCTGTGTCTCTCACACCCTCTGTGGCGCCCGAGATATAGCAGACTTTGTGGCAGTCATTGT,1314,49.54,Arabidopsis thaliana
SEQ_840041,CAGTCCGATGCCCACTTTATAGAGAAGCATCCATAGAGAAGAGGCAGACCTTCGTACCTGTCTGCTTAGCAACCCTGAGTTCCGACCTAACACGTGCAAGGGGTGGAGTACTAACTCACATGCATGGGCCGCCCTTGTTAAACACATACAATGTACGTCTTCGAGCGATCTTCGGGCTCGAACGCAAGTCCTTGACGGCTAAGTTTAACGAAGGTCTCCCCCGCAGGTCCCGCGCGGTGGTAATTACGTTGAGCATGTGAGTCTTGCTAATGTCTTAAATGGATTAATAGCACTGTGGTTCCGCAGGGACGGGGGACCGGAACTTTCCATTGAGCGAAAGGCACGCTGGCATCGAGGCCACGATACTTCAGCTGTTATGTCGTTAGCTAAGGAACCGTGTGAAGATTTGTGGACGTTTGTACTGTTAGTCACACTTGGGGCTTGTGCTACACCCGCTCTGGTTTCGAGCGAAGCGGACCTGCCCTCTGACAGGCTTAGGTAATATCCGCTAGAAACAAATACGTTAAAAGCCTGGTGTCCTACCGCCCCCCCCTTATTAGGTCGGAGCACGAAGAGCGTAGCTCCTACAGCATAGAGTCGCTAACTTCTACAAGAGATAGCCCTGGTACTTCGAACACTAGTCTTTTTAATAGATCCCTGGTAGGTGCTTTGGAAAATGGGGCTAACTCGCCAATGGGCTCTGAAATGCGTGTCCGGGCTTGTAATCACGGAGCC,735,51.43,Arabidopsis thaliana
SEQ_803060,CTGCGTTCAAATGGTCTGACAGTACCCAACCCCCAGGATCGAGTAATCGACTACACTAGCCCCAATAAGCGTTAATTGTAGCCCCCGTGTCAAACAGATAAGGGACGGAGTCTCATCTAGAAAGAGGATCCGACAGTCCAGTGATGCGCAAGAGACACTAGTGTAGATAGAAGAGGCACATAGCGCGCATGTAAAATACGAGGGAATGGTCT,212,49.06,Caenorhabditis elegans
SEQ_293589,GACCGGTAGCCCGCTCTTAACGACACCGTTTCACAGCCTTAAGGCCAAAGCCCAATTGAATGTTCTATGCCGGACAATGTGAACCTCCATGGGACAAAATATCAAAGGAAATAGGGTGGCTTAGTACAAGGCTGTCGATCTAAAGGATTCGACCCTGGAACACGTTTTCATTGATAAAGCAGCCTAGTTATCCGTTAACCGCGTTACCAAGACGTGAATCATGTCTGTGCAGCTACCAGAATGACGTTAACCCGACTTATCAAGTCTCCGATGAACTAACTCGTTTAGTCAGACCGGCTAAAACTAGGACAGCCTAACGAGGGGTTACTCGATCTAGGCAGGGTGAATCGCGCCCGTCGCGGGTGCCTACCATGTCGGGCAGACGCTATGGCTGCGCCGGTCCCGACAATTTTACCTTTGCGGGGTGACCGCCTGGCATAATGGCTGACAGCGATAACCTCCATGCTGATTGCCCTTCGGATTGCCGTCTTGGTAGCAGATTGCCTAACTTAGGTGAGTTAGCCCATTTGATCGACATCCGAGAAATGGGTCTCGCATATTGTCGTTAATATAACTCGGGATAGCAACCCTCCATGTCTATGTAAGCTCTCTCATGTACTTCAGCGGAAATATGCAAACAACATATTGATACGAATTGATGTTATCCAGAAAGAGT,676,48.52,Saccharomyces cerevisiae
SEQ_914627,TCGCGGTAAACTCACTACCACTGAACTGATAGGTATGATCTAGCGCCCGATAGTGTAAGGAGGGAGGTTGGGCTCCAAGTGATGACCGGGAGTCACCTTAGATCTCATCAGCCATTCATCGCCAATATGGACGCTGCGGGACCGAGAGGCTTAAACTGCGGGCTTATCATGTGAGACAATAAGGCTACGGAATAATGGCGTTCGCACTACGACAAACAACCTGCAGCCTTTTTCGCGCGCCGCAAACTTTACGTGTTATATTCGGGACTATATCCAAAACCTAAGCAGTTAGAGTGAAGCGAAAACTTGACTTATTGTGTGCTCTTCAGTCGCCGGGCTACGGGGGAGTCCCACCTTCGAACCTGACCCCTGTGGTCCCTCGGTCCCGGTGTGTTCCGAAGTGTTGGTTCTGGTGCTATATCAGCCTAATATATGTCTACACGTCAGTGGTTCGGCGT,458,51.31,Homo sapiens
SEQ_418894,GCTGAATTCGTGTAGCGCTCATGTCTTACGTTACTCCGCTACATATGGTCTCTGAGGAAAACAACTAATTGACGTCGGGGCACGTTCGATCCCCAGCTCTAGCAGCCTGGCGGGTTCCGGTGAAGGGGCGCCAACTAACCTACTAGACACAAGGCATTCCGCCCGTGTACTATGGTTCAGGGAGCTCGAGAAATGCTACTCAAAAACGCCCTCACCCAACCAATCTTTTTAAGGATAAGGCCTTCCTTAATTACAATAATCTTCGCCCTTGTCAATAAGCTAACTACGACGGATAACGGCAAACCCAGACTACGCTCAAGTAGATTACAACTAATGACCCAGAACAGATCGTGCGCACAATTATACGGGAAGCCTTAAATACACCGATGCAAGATATCTCGGAGAATCGGACCTGTCGCCGGTGTTGGCCAGGCAAGAGGAGTCGGCAAGGGTTTAATGAGGGATGTTCGTACACTTACCAATGAGGTGGCGATACACTTCGTTACCGTGACGGCTACATAAATAGTGTACAATATCACTTTGAATCGTTATCAGAGCGACAGTTATTAGCTTAAGTCTTGGTCTAGTACCGGTGGACCGCGTATATTTCTATCTCAGCCAATTATCATACAGCACTGAAGTCCAGCAAACTAAGGCCCCGGCTAGACGAAGATGGAAGTGGCATACATCCCTACCCTGCAATCAAAGGTCTCGCCAGTGTGTTAGAAATGCATGACGTTAGCATCAGGGGCTTCGGCCGGTACTTAGGACTGGAAATCCCCCGGCTGATAGCGTAACACCGAGTGTAAAAAGTCGCAATAACCAGATCGGGGATTGGTATCTTACTTCCTGAGTCGGCAGAATTTTTCTCGTGCGGTGAACAGTCACCACGCGAGTCAACCTTCTAAAGGGTTAGTTAAGAACTTCAATGATAAACTTAGTCCGGAGTGCTGTTATTGCAAATCCATAGCCGAGGTCTGGTCTGCGCGACTAGGTCCGATTCATAACGCATCGACAAATCTCAACAGATACGGTTACCAAAAGACGCATATAGGATTGTGGCTTATCTTGAGCGATTTACAGATTTATAAAATTCCGGTGAGAAGTTCCGGGGGTACCAGCATCCGATAGAATTCGCATTTGACTGGTCGCGTTATTAGTGAGAATATTGGCATACCCCCACTCTTGCGGTTATAGTGGTAACGCGGTAGTTAGATCGAGTCTCTATCTGTGCTGGCGGTAGCATGCCCGTCACACGGCACCCCCTGGCCATTCCCTCACGACGGGGCAATATAATTGTGTCGCATGTCTCAGCTAACGCAGCGCTTGTGCATCGTCTAAAATGTTAGTCACGCCCTATTGTGACCTTGCATTGCCTAACCCTTGTTAGTTGAGATGGCGTCCCCGAAGGTGCCCCACTAACCTAGGTTGGGACTAGCGGAATCATCCAACTATAGTAGTCTAATGCATATAAGCACCTGAAGATCACCGCTTAAAAGTTTACGCTAGTAAAATATCACAGTACTAAACTGAGCATGGCCCCAGACCCCGGGAGGTCATATGCCATTCGACATGTCTAACCGTTTAACCCTATGATCGAGCATGATCGGGAGATCCCTGGAGCCAGCTATCCCGCCCCTTAGTTCCGAGCCCCTTCTAGTGGAGGGAAATCCGAAGTGTTGCACTTCTGACCTTGGATATCCTGCCTGCGCTTAGTTGACTAGTCACAGTACGTAGTCACTTTACTGGGCCGTAGAATAGGC,1763,48.5,Saccharomyces cerevisiae
SEQ_192198,AAAGGCTTGTGCACGTCCACTATCCTGATCGGACTTTATTGTAGCTCATAGGGCGCCGACTCGCCCCCTGGGAAAGTTCTTAGCTGTGGACAGAATCACTACAGATTGCCGCCACCTCTTACCCCCTAACGCCGTCAAGCGTGCCGAGTTGGGACGTGCACAGGATCCGTGAACCTCAAGTTGGTAGATTTTTTTGGTCTGTACTCCAGAAGGAATCCTAAGAGTTTGCATACCAATGTGAGGACGACTCAGGGCTCTCCTACATTCCAGAACTGACCTGTTGCATCTAAGTCTAAAGCTGATGGACCACGTTTCAGAGTCTAGAGGCATCACTAGATATATGATACGGGCACGAACGTGGAGGTGTAGTATAGATCTCTAATAGGCCTACTGAATACTGGCAAAGCGTACAGGTTGCGGAGAAGGGATCGCCCGTTTTTACCAACAATCTTCGCGGCTAGTGAATATTCGATACGTCGGCCCACTCTGGATAGGATAATAGTTGACTTGCCACCCTGAACTGATAATCGCGCGCTTCAACCAGGTGCCATTTATTATTATCATCGCCACTGGGAACTCGCATATCTTCCATCTGTAAGCTGCAGTTGTATTTACACAGTTCTGTCCGCGGGGCTCGGTGCAGATTAAGTGATTCTACGGATTGCTCATTCTTTTGTTGTTAAAAACGGAGACATAAGGTAGGATTACGCCAGGTGATACCAATCTCGATTTATAGTTACGGAAACCCCGAGACCGGGACCCACCGCGACTGGACTCGGACACAGTGCCTGAGGGGCCAGGATTTCTGGCTGACGTATGATCGGTTGAGATAACGCCGTCCGGAGGGCAATCTACGCACCGGGCAGGACCGTGCCGTCGGACTTGGCGACTGCGGCTGCTCGGACGGTACAGTTAAAGCCACACGAGGTGCACTACAGGGTATCAAAATCCTAGGACTGTGACTCTAGTAGCAGGGGTGGCT,982,50.92,Escherichia coli
SEQ_154605,TCACAATAGGCATACCCACTAGCGACGACAGCAACTGTAGCTCTGGAATAGGCTAATGGCCCGCGACTCAAATTCTACGAGTTCTCTCTTTTTTCGATTCTGACCAATGTCATCAAAAAGTAACAATTATGCGCCGGAGAGCGAATAGCCTTATGAGCGTATTGAGAGAGTACCTTCGCAGTTCCACCACCCTATCGGAACGCGTTTAAAGTGCTTACTGTCTCTCGACGTTCCGACATGGTAGCCGTTACTAAAAGTTCCCGAGTGTTTGATGGTTTCATGACCTAGGGAAGGAACACTCTTAGTCGGATATGAATCCGTGACTCTTGAGGGGCTTTCTCGACTTGGGGCCTAGGGGTAGGAACTAGAGTCAACGTGCGTGTGCTGCATAACGCAGTAAGACTTTGGCGGTTGTGAACTTCGACATTCTCCAATGAAACGGTTCAAACGCGTCAGGGGTAGCTAGATCCGATCAAACCCTAAAGTTTAGTCGTTTGCAAAAACGCGCGTGAGGTATATGTGCGTGCTTACGCATGGGATTATGTAGTCTCGCTCGTTTCTCTAGTTCTAGCCTCATCCTTCCGTTTGTTACCCAACGAAAGAATATGGTAATTCGGCACGATCCGGCTCGGTTGGGCAATGCTGTAGCTTGAGCAAATTGTACCTAAGAACAGCTGCCTAGCGACTAGCTGCCCGAGGATTCGCGATAGATGGGGACGACGATGATTCCCCGCTGTCTGATCGTATCGCCGATAGGTCACTAGGATCTCCATCTTCTCCGCTTTTGATTGACGTCAGCTGATACGGTCTACAAGTCTGATGTCTAATTGCTCGGGCCGAATCGCTGACCTTCGTTTGGCCTTCAGATTGTCTCACACCTAGTGAGTGGTGCTATGAAGTCATGTGCACGCCGCCTGTGGGGCGTTAAATGAGTACCGATCGCCTACTCTACTATTCTCTGATGAAACATCCCTCTCTATTAAGAGTTTCTACCGTGAGGCTGGATTTGCTAATTTAGTTGCATACCGCGGTTTGTATCCCCCGCATGTCTTAAGGCTCAGGTGCATTTAACAATCCCCCGCCGTTTTGCTACGCTCTAAGGACCTTGCTTCACACAATATGCTAAAATTTGCCACAATTCGAATATTTTCGCGCTTAACATTAGGCAGTGTGTTCCAATAAAAACACAAGTAGAATCCTTCGGAAGCCGCACGTACTGAAGGAGTTGTCAATTATAAGATGTTGGCATAAGACTGATCGTCACATGGAGACCTACTGAAGGAGATCCGCCAAGGCGCTAGTATCCGACATATTAAAAGAACAGTGTATTAG,1332,47.45,Caenorhabditis elegans
SEQ_815799,TCAGCTCACCGGACGAAGATAGTTAACTGAGTGTAAGGTCGCCGAATGCTGCAACCTCCACGGTCCGGTTCACCTACCGACGACTATATGAGCCATATTTCCCAATCTGGCCGTATTCGAGAACAATAAGCACCGCGGGTTCGATCGCGGTATCCAGCGCAATACAATTGGCTCGTGCGAAATGGCTCGACGGGAACGAAGATCGGTGGTCACCATACCTCCAGCATCCTGGCTCAAACGGAAGGTCGGGCGTGTCCCTGCCATAACTCGGGCGATCCGAATGGTAATTAGACCCAAACATAAACGGGTACTGATTGAAGTGCCACGGCACAAAAGACACGGTTAAGTATTTATCGGTGGGATGTTGCTCGAAGAGTCGACTCCTCCAGCGTTTAGGTTGAACCTAGTGATCATACCCCAGTCGTGACCTCTATTTGCGTCAGAGCCAGATATACATCTATTATTTCACTCAGCAGTCTCACAACCTCCAACAGGGTTACTTAATGTTATCTATCGAACACTTGATGAGCACGATTTAAAATACCCGGGAATACGTCCGTTTGTGAGGGGCCATTTGAAGTTACATATACAAGTCATCCGAACGTAAAGCTTGCCCGGATAGAGGCATCGTGCCCACGGGGGGTCCAAGCTTGTCCCCCTCCGAAGTCCACCTCTAACCAGCTTTGACACCATCAACCTCCCTGCTTTCCAATAAGGCAGCCCTGTAGGCGTCCTCTCT,739,50.74,Saccharomyces cerevisiae
SEQ_717921,CAAGACACACGATAGATCTTTGTGGCAGCACCAGTCATGTATCGTCTGACTTCCTAACCGCCTTCTCAACATAGATACGATTTTGTAACCCCGACAGCTTGCGTGTATGTATGAGCAGCACTCAGGTCTTT,131,46.56,Homo sapiens
SEQ_357839,ATTAAAGACATAATACGTGTCACAAAGGCCAACATCTACGAAAAAAGCCAGTCGGATTCGGTACACGGGTTGTTTTTAGCGCTGGACATACTGAGATAGTAACGATCATTCCCGCATGTCAACGGATCCAGCCTTGGCGGGGGATTAATGCCTCTGGGATGCTGTGCAGCCAGTAGACGGGCAGTAGAAGCGTTGTTTGGATCGCAACGATCTCAATCGTACCACCCACGCCTTACTGAGGATAGATTTATTAGCGTCATTTCGGCGTTCATGCGCCACTTAACCGATAATCCTTCGTCTGTAGGAGCTGGCATGTCAAGAGGTCAAATCTATCATAAGTCTGACCCCAGATCCAACTTTTCATTTTTCTGAATGTGTTGATTTTAAAAAGGCTATGCGCGAGGTGAAGTCCCGCGCGGGGGGCACCACCCAGGTGATCATATTTGGAGTGGCAATAAAGGTGAGCCCGAGACATACTACCTCCAGTTTGGAAAGATTGTAAATGGAGAGCCGAATCATGGAAGTGGAAGCCGCATCCCGTGGTCAGGGTATTAACTAGGACACGGCCATGGCACGTGAGAGTAAATTCTCGCCTAACTTCCCTTTTCTTACCTCTAGAACTGCCACATTGCGAAAGTTTTGGCCAGATTGCCAACAAAGCTAGAGATCCATATTTCTCGGCCATCCGTGAAGCCCGTCGTCAGCGTTTCATCTGATGGAGTGGCGACCAGTGTACTCTCGGGTCGTCCCTTGTACAATACGTTGTCGCTAGAAACGCCGGCCCGCATCTGGCTAGTTTATCCCAAATCTATAATATATCGCTCCCCTAGAGCGGCTTTTGTTATTTGCATACTACACTTGAGGGAACATTCAGCGAGCAAGACTGCTAATGAGCCCTGACAAACAGGAAGTTTAGATATCTGCTAGGTCGGGCTGTGGTATTGATGGCCGGGAGGTCGGGAGAACAGCTCGATCGCGCGTCATGTCGACACACACGTGGGATAGGACATGCGTCGACATGAGCCTTTCGGCTCGTTCAGCCGATGCACCTAGTTAGAACTCCTCCTTGCGACTAGCCAAAGCTACGGGTGACGTCTGCTACTATCATCGACGCATACACTGATTAAAGACATTCGCTGATGCCAATATTCCTTGAGATCTAGTTGAACCGTTAACAGGCTTGAAACGACTAATTAGTCCGACGGAGTGTCGAGTAGGATGGTCGGTGCAATACGTTATGACATATGTAATATAATGAGAATAATCAAATTGCTGGCTTCGTAAACGCAGATATAGCAATATAACGGTCAGAGGTGAGTGCTTAGGTGGGGCTCTACC,1338,48.43,Mus musculus
SEQ_707633,CTCTGTGACGCGGAGTAGGACCATTACGAATGCCGTACCACAGATGATAGATGCCAGCCCGTGTGGGACGCGTTGCACACTAGCACGATACGCCCGCATTTTATGCTCATCGCACCAAATTAAATATGTAGCGTATTAAGAGGGCCACGTCAGTGCCATCGTAGTGCTCGGCTCGCGACGTCGTGATCGGTGCGGAGGTTAGGAGTTGAAGGTAGCCCCAGCGCCTGTACGACCGAAAATCCTTGCGTCACATAACAGAGTGAGCCCGAATCGGCATGTGGACACCTTCATACGAAGATGGCAGTGCCCCCCTCTTGGCGACAACAACGACGATCTGTAACCTACTTTAGACAGCACCTCTCGGCTGAGATCCTACTTGTAAGTCTACCAGGATAGAGCCGCATGACGGCACTCCAGAAAAGAAAAAACGAGGGTCAAAATTTGCTCCGGCTACCTGTATGCTCCTCCTCGAGATGCTCACCATTCTCCTACGGCGTTTGCGTGAGGATTAATAGGGCGACAACTGTCTTTCAGCCCTAACGCATCGAAACATCCTACGCACCTCTTGATTATTCGATGACAGCCAGAGGTCGTCGATCAGCGGTCAGGCGCGGTTGCAGAGGAAAGTTAAGAAAGACAGAACTCCTCGCGGGGGGATCATCGTCATTTTACCTTGAAAGATACAAGTAATAGCTGCTAGTCTGACACGTCTGTGACATAATATAGACACAAGTCAACCCGATAACCAGATTGC,754,51.33,Arabidopsis thaliana
SEQ_174711,CCAGGAGTAATTTTGATACTCTCTCTGGTTACAGGGCGAGCAGTCGGCCAACTTGCATAGTTGAGAAGTGATATGTTGATGTTATAGCGAACTGTAGGTTCGCGGGGACTGACATCCCTTTTGAACTGATGAGGTGAAACCCGCCCAATCCTTCTGTCAGGGTCGAGGTTTTAGTTATAAATATGGAAGACGACAGCAACCTCGGAACGCTCTCATGCTTTATATTCTATCGGGCGCAGAAACGTCCCCGCCAGCCATTAACAAAGGATAGACGCGATAGGCGCCTAGTAGGTGCTCAAGGTTCCCTTTTATAGTAAGGACCGCGCCCTACGAACGGATTAAGCGTGTCTCCCGCCTCTTATTCGTTTCGCGGTCCAGTTTAGCTCTCGATTTAGAGGGGACCTCTATCTGCGTGACGCAGGGACATCGGAATAAATCCTGTACTTTTAGTCAAAGCTTTGATACCAAATGAAGGGAGGCACATTATGAACGCGTGACACGACCGGCGACGGGATTCCCTTCACTACGTTGGCGAGCCAACTGCAGCTTTGACGTTAGTCATCATATAAACATGTTCTCGATTAACTGTGGCGGACTGTACTCAAGTGCGGAGTCCATCATCTCCGATAGTAAGAAGTATACGAGTCTGCGGAGATACTGGGGGCCACCACCCTAGGCTAATCCGCACTACGGCGCGATTGTGAGTATACAGGTAATAGACCTGACCGCGAGAAAGAACTGCATCCTCTACAATTACGGGCCAAGTAGTCCCCAGGAGCTGATGCGGGTTTGTGATCTTCCCAGGCGCTTGGCTCGACACTGGCCGATGGACGGGCAAGACTTGACATTGGTCGTAATTCGTAGATTACGACCCTGGCACACTAGCAGTTCAATATCTTGAATCCGTCTGACTGGTCCATACGAGGACTATAGCGGTAGTCCGAGGGTTATGCAGGTCACAGTATAGTGAGGCTGATATTGTGGCGCCTCAGCTGTTTTTAGTATAGTCCCGCCCTGCCGTGTGCTTCATGGTAGCTCGAAGGGTATATTAACAAGAAATCCATGTTAAATGTGATTGGCCCTTCATGAAGTGAACTTCGCCAGTCGATTCTAGGGTTAGAGCCACGGCGACACATACGACATGGTATATTAGAAGTGCAATGAACTCTCATCTAAGACCAGCACTTGCCGAGGCATCTCAGGTAAGCACACTCTGTTTGTATTGGTTACACCAAATTTGTGTATAAGGTATGAACCCTCGTGCTTCCTTCACGCACCAGAGGAATAACATAGGATTCTACGACCAAAAAGGTGCGCGTAAAGCGGCAACACAAGGGGCAAAAGCTTGAGTAAGAGCGACAGCTGAAATCCAGCGGGATTCTTGCCCGTGGGGGA,1395,49.39,Arabidopsis thaliana
SEQ_579711,ATTATATAGTTGCCGGCCCTCCGCACAAAATAATCAGATGATCAGAGGCCACACCGTTAAGCTATGTGCAGACCCGACTAAATCTCGCTAGGGTATTAGTTACTCCCCAGCACTTAATCAATGGCTCAAGATGTTAAGCACTGAGGACAGGTTAGCTCACTTGGATCCATATCTGGCATCATAACAATCCGTGAAAATACCTAAGGCGCGTCCGGATAGGCCGCCTGGACGCATCGCACGGACATAGATATTGTCTATTGTCGAAACAAACCGTCTGATACATTTTGGGTGCGCTCAACATTCGATAACGACCTTCAGAAAGGTACCATGGGCTGTCTCAGGAAGTGCGGACTCCACACGAAGCCTACCCAATAGTAGTTACACCTTGGTCTACGGCACAACGAGTATCTTACGTCTTTCATACACTAATCAAATCGACTGCCACATACCGTTCTACCGCAGAACTTACCGGTAAGCGGGAATAAAAGCGCCATCCCCGCAAGGCATGTAACGTCCTCCCTACCACATGGACCATAGAAACTATCACGGGTACAAGCGTAACCTCCCGGCAGGTCAGCTGGCCACAAGGCGCAACATACAAACCGCCCGCATTACGGAAGCTCGCCGCAGGACTGGCTACCTGTGCCCTCCCCGACTTACGTCTGAAGCGCCGTTAGTGAACAAAGTAAACTTTGGTGACAAGGGGAGCCCAAGATGACTGAGATGGATTCAGGACGATACTTCATACATAATAATTAGCGTTTCTGTTAACGTCTTACCTACGGCAGTATCAGACTCAGGGACTGTGTAGTCCTCCGATGACTATGGCATGATCTAAACGCTGATTCGGAATCCCTGTAAGACCTCAATTTCGCCACCGTATGAGACCCGATAGCCGCACGGACGAGACCTGTTATAGGTCTAGCATAAGCTGGGTCAACCCCCTAGAGTCTAACTGCCCTTTGTGGGGCATGCATCCGGATACAACGAAGTCAATCCATAGAAGGGGAGGCCACATGGATAGGATATGACACCCCCGGATAGGTACAACCAAGGAGGTTAAGGGTAACCTAGTGGCACACTACTTAGTTGCGCGGTCTTCGAATTGACTGGGGAAGGTTGCAATCAGGAGTGACTTGTATGTGATTCTAATATAGAAGATGCCACAGGGGGAACGTGTCTTCGAGTCCACGC,1194,49.75,Homo sapiens
SEQ_366143,CAACCCCCCGTTCAAGTGGATTATCGGCTGCTCCCACCTTTTATTAATTCACTTCAGCCGGCAATTACTTTCTGATCTGGCGGAATAATGCCAGTAACCGAGTTAAAGGAAAATGAACCCCCAATGGCACGCATCCAGGCGCGTCCCGTCTCTCCACTCCGTCGCGTTGCTCTTTACGATTCTGGGACAGCAGAAAGCCGGATGGCGTAGCGACTCCTGGTTTTGTTCGGCGTTGGACGACAGTAGCCAGGGGTAGGCTTTCTGACGACACGTGGTCCCGCATAGTCATTGTGATGTAAGTTCAGCCCTCCCAACAAATACGTAGATTCACGACCGCGCGAGTGGTGCGAAACCTGAGGCTGTCCAACCATCCGACGACGACGCGAGGGTGCAGCCTCCCCAGATAAGATTGTTCATGATTAAATTGACTCTTGGTGATTGATTAAGTGGAACTAAGATGCGACTATAGTCCTCCTTTCATCGACTCGTACATCAGGGAAGGTCGATAATGGCTTTGCGATCGTGCAGATGTAGTTCAATAGTAGTATACTACCGGTGATCCTTATAGGCATACGGGAAAGCGTGTCGGCACCGAAGAGAACTTCGAGAACAAAAGCGGTTAGAAACATCGTCTAATTCTCGCAACTCTGGAATCAAGGGTTTACAAGCAAACCTGAACTGTGTGCACTACTGGTGTACTAGCCGCATCGGTTGTGTGAAACTATTTCCATAAAAAATAGGTAAGGATACTGCCTCTCACCGAGTTCCGGCCCCCTATCTAGGCCACATAGGCCAAAATACACCATCATTCGGATGGTGGTGAAGGGGTAAGGCTAATGCAGAAGAATCCCCCTGGCGAAAACGGGGGTACCTCGAATAGGTAAGAGACTGAATCTACCGATTTCATCGAAGACCGCAGGCGGTTGCCGTCAACTTTTGAAGCGTCTCTTTGCTGAGTGGATGTACGCACCAATTTTTCATAGACGTCGTACGAGGGTGATACCCGGAGTTGCTTGGG,1018,49.9,Arabidopsis thaliana
SEQ_199807,GAATAGCGCCAATAGCACTGCCCACACTATGTTAAATACACAAGGTGTCGGAATGTCTAGGTCTCTCTGGTTCTTTGCGTGTACTCACACCGGCTAAGTGAGTACCCTACAAGAGTTGTTATTCCTCAGGCCAGCTTCACAAATTAGGGGTATGCTTCCGACACCTCCAAAGTGAGCGGAAACCTGAAGATGAGCAATGCCCCAGATACTAAGTTACGGAATGGCAGCGGGGCTCCAAAGTCTATTCGGCTCAAAGGACGGACATCTTTACCTCAATCCAGAACGTTACCACGCTTGCCAGAGTGTACGTCAACCTTTGAGAAACGAGCACGAAGGGGCACTCTCCGTGCGGTAGAACAAGGCAAAGTTGATTATGAGGATAGTGTCGACGAGAATTTTTTATGGCGGGTTCCTTGGGTAGAGCAAAACTCTTAGTTCGACTGAAGCGAGAGCCACGTGCTCGGGTGTCCTGGAGCCAGCTGTGAGGGCTCCAGATGTTCAAGATACACTTGGATTCTAGAAGAGGGTTGTGGTGAAAATCTTCCAAGTGGAATCATTCGCATACTGCTTATAGAGGAGTTCTGTGTATCCCGGCGGCTGCAGGCGCAGCCTCTATGAGTCCATACGCGTAGCTATCCCAAAAGGTAGGTCCATGGCTCGGCTCTAGAGAGACATTCGGTGTTACTGTCGTGGGCACTTTTTGAGAATTGGGTGTGGACGAGTAGTCTCAAGCACGCATCGACATCCCGCAGCCGAATGGATCCCGAGGATTCCGTCATTGACTCGACCATGTATGATTCAACAGCTAACTTATTGCCGCAGTCTGCCCTTGCTATTCAAGGCGACACCTTCACGTCCCTGGATCTTTTCCTGAGAGTCTTGCGACGTTGCACAGGTCATTTGCATTTGTGCCTCCGCCTAATCTTACCCAGATGTGTCCTGCCAGCTCGGAGGCTGAAGCACGCCGGGCACTCGATGTGCCTGGGACGCCCTAAAGTGGCCTGGAAATGCATACTCAGCGATCCCTGGTTACTTCCGAAGATTGATACTTTAAGTGATCACGCGAATGTTACCATAGTGCGCGCTAGATCGATACCTCCGCTCCTCTAACGCACTGGCTTCGCCCACCGCCAAAGAAGCAACACTAGTGCAGCCGGGGTCTACGGCATCATAGCCCAGGCTGCGCGAAGAGGGTGCCAGAGAACGCGCAATCTGTTGGTTGAAATT,1227,51.67,Homo sapiens
SEQ_339636,TGCACAATAGTGACGCTCGCTATTCGTATGAGGTTCAGGCTACCTGATAAGTTGTTCGCTGATATCTGAGCTGCTTCGCTCGGGGTTCCGACAAAGCTTGCAACGTCAGGATAGTTTTTGTCACATGAGGGTGGCACAAGATTTTCCAAAGCGGTCGCGGTGTTTGGATGGAAAACATTACCGTCTTAGGTCATGATATGGCGCGTGTTGGGTTACTATAGCTATAACCATCAAGGAGACCGCGGACACGCTACGGCTTTAGGCTACGCTATCCCCCTAGAGGACATCAGGCTAGACCTCGCTGGCGCATCTTCCCGTCACCCTATCCTCCCCGAGCTAGCGTTTAAACATTTTCCCATTGCGAACAGTCTCCAGATCTTTCACAGCCCGGACGTTTCACTCGGAACGCCGAGAGACCAGTCCCCGTCGCTCCTATCGGATGATCCCCGTTGGATCACAACCGCGTCTTGCGGAATTGGTCACCTGCCCGGGCACCTTTGCCGGTTAACAGACGTCTTCTCAATCGGCAAAGTGACCGGCTAGCTGACACCCGGGTCTGCCAATTAGCGCGTGGCTTGTTTCAAGTTGCCGGCAGTAACGTTTGCCCGCGCCGCGTAAGATGGTAACCACATGGCAATATCCCTGTTTCGACATCACAGATGTCTGCGTGTAGACAGCGTAGGGGGTGGCACTCTGAAATGACGAGGACTGTGTCGGTT,719,53.69,Mus musculus
SEQ_269119,TCCAAGTCAGAACGCGACTCCTAAGTACGCTCAGGTGTACCCCGTTTAAGGCACGGTTTACGCCCAGTACACGTAGAAACGTCTTAGTGTAAAGACCAAAAGTCTCGCTCTGCTGTTTTGCGGCCTTTTGGTACTCGGAGGCTCGAAGCTTATGTGGGTCAGTATTGGTGGTAGTGCAAGACTGTCCAATAGGTATGAAAAAGCGAGGTTAATGAGCACGCTAAACTGTAGTGTAGGGGAGTGGCGGCCTTTTCTGGCGCTCTCGAATCACGATACTGGTTAGATAAGGTTCCAGTCCTCCAGACGTTAAGACTAGCGACGTCGCAGCGACATCCATTGTATACGTGGCCTTACAGACTGGACCCTCCAACACATTGATCTTGATCGAATTTCCTCGCTTGGACTAAGAATGCGAAAACTCCTAACCAAGGGCAACGGGAACGCCGATACAGCTTTTGGTCGCTCAGTAGACACCTACATATGGCACCATTTATCTGGCCCCAACGGCTCAGTTCACGCGCCACGAGCGAGTCCCAAGTGATAGTAACGTTGCAGAGGCCTCCGCACCTTGCGTGACCGCCTCAGTACGGTCCCCAGAGGACTGGTGAGTTCTAAGCTTGCACATCCTAAATATCCAGACACAGGAATCGACTAGAAACCTAACGCGTTAAGCACTAACAATTTCCATAACCCGCCACTGTATTTCCGGTCGGTGCCCACGTCTTCCGTGTCAGAATCCAGCTTGCCTTCTCGTGCATGAATCTATCTTTCTATTGTAGCACTGGGGACTAGGTACTGGTCCCATTGATGAATCACAGCTACGACTATAGCGTGACCCGTGTTTAGGAGGGTACGACGCATGCTCA,866,50.69,Drosophila melanogaster
SEQ_162059,CGACAATGGTTCTAGCCTCCGGACATGCTTCACAACGGCACAGCACGGCTCTGCCAAAGACAAGGGCTCGGTTTCAATCCTACCCGTCATAACTAAGCGGAGCATTCCGAAGGGTGTGAACGCCTATTATCGTATTAATATGCTGCTGTCTTGGTGGAGAATGTTCGCCGTCCCTAGCTCGCTGAGTGAGGCTTCTTCCGCGAGGATTCCCCAAAAGAAGTACATAGAAGAAATATACACTGCGCAGTAAACAAAGGCACTTACCTCAAAGTTACGATCACAGCACTGTGCATATCTAGCTCGGACCCGCGAATACTGCTGATAGTCGCGCTCGACATAAGGGGCGCGCGAGGTGTGCAATTCACGAGACTGTGTACAGGTGTCTTGCCCACTAAACCACTCAAGATCAAGCGCTGCATCCCCTTGAAGGGTAACACGCTACATTATGCCTACTGTCGGGAGCTGATTCGACGGAGATTGAACGGGACTCCACGGGTCGGGTCCGCTGACAGACACTATTGATTTGACGCGAGATTGTGTGTTTGCCCTTATATGCTGCGTCCTCCAAGATTTTCATCAACAAAATTGCCTTTTGAAGAAAGAATGCATGACGATTTGGAATCGCGTGTGTATTAAGCAGCTGGGTCGACCAGACCTTATGCGACGGGCAAGGCCGGAGCGAGGAGGACCAGTTGTCGACCGACGGACCCAACCGAGAGGGCGCGGCACCGTATCGCCAAACGGGACATGCTGCCTCGTTTTAGAATCGGCGCCGAGCAGGGGGGTATGTGCAGCTGACGAATTGCAGACTGAGTGTGATCCTGATTCACTCCCACGGTTGGGGGCGTAAGTTAATTCAGACGCATCTGCCGCCTCAGACCCCGGAGAGGCTGGTTTTGTAGAAGGCATTATTCTGCAACGACTCTCTGGGTTATATAGGAGTCCTAGCGAGTTTTCCGGAACATGATTCTTCAGGCGTGCTGAACCGTAAGATAAGCATCCTTTTCCTGACTACAATTCATATTGTTTTATCATATTCAATCGAATACACATATTGTCTCGACTGCATGGCCGAACTGGACGTCAGTTATAGCAAAGTCCTTTAAACAATCAACAACGTCAAATCTATGGATAATGTATTATAGTGAGGACACATAACACGTTCCCCGAGCTCGGAACAGAGGTATTGCATTCTACTCCTAGGTTCCCAGGAGGTGACTAACCGTGTTTGAAATTGAACGAACTTAATGATTCTTCCCTTCGTCCCCAAGGTGCGGTCAGTGCCAGTTCCGTCTTGCGAAAGGTACTGAGCCAGGAGGCATCGCTTTTCAATAAGCTTCAAACATTGGTGTGATGCAATATGGCCATAATTGATACGTGTGTGAAAGATCTTCCAATTCGCCCAATGAAGCCCGAACTAAATCCCACAGTCACAATATCAACTCGTAAGGGGGTGAATATCGCTTAAACCATGTGGATGCGCAATGTGAACCAGCCCGAGCTTATTCAGGAATGCAGTTGTAGGCCGGCTGGACGTGTCTAGTCGCACGAGGCCAGTATGATGCACGAAACTGGGATGCCTGCTGACCTAAATGGTCCTTACTTATATCTTGCCTAGCCTCTGGAACCCTCCACTCTAGGGTCGACTGCTACGTGAGACGTGCTCGCTCACGGACGAAGCCATTCCATGGTCTCAAGCCGGCTAACAAACAGTTAGAAAACGAACTATGTCCCCAGCCGTTACAAGACCAGGCGTTTCCCCCAAACCAACCAGTCCAACTATGTGTGTGCTCTGTCTAACGCTCCCTTGGCGATTCAGTGGACCGGGACAGGACCTTTGAGGCGTAGCCAGACCCTAATGCGTCGAGAATAGCATTCCAACGTTTATCTAAGCGTTCGCGTTAC,1905,50.08,Homo sapiens
SEQ_183846,CAGCCGATACGTACGAGGAATGTCCGATTCCGGTAGTTGGAATGCACATGGCACCTGCTGATTAACGCATCAGCATCGCCTACATTTTGGATATTCATCACGCGGGGATCGGTGGACTCGGCGTGGACCTAGAACTGACGAGGAGTAGCTTAAGGGGGGGAGATCGCGCAACACCAGATTAGCGACACCACCTTGCCTTCTACACGCTATACCCAGCTCGCTCACATACTGTGCCCGCCTTTGGCGGAGGCACACATGGTAACTAAGGTACCACACTTAGGCAAATAATTAAGAAGTAATATTTAATCGTCCTTCCCGCCAGTTGTGACGATTGAAAAACCGTACCTTCTCTGGCAGTGGGGACTCTCTTTGAAAATAGGATATACCCGCCTGACTTAGTCACATAGCTGAATGGTGGCCTGAGGATTTGCGATGACCGGCCCTGCTCACAAAATTAGTTGCGCGTAGCCGCGTTGATTGACGGAGACACCTTACAAATTTGGTCCCACTGCGGCCGAGTGTCGGCTCAGAGCTGACAGGCCGGAAGTGAGACAACCCTTGGGCAAATGTGGCTGCCCTAGTGTCCCATACGCCCAGTAGGTCTAGGTGAACAAGGTGCGGGTCGCCGGTTTTATACAATCGTTGCCTAGGGAAGGGCATGGGTGGGTCGTGTATGAGCAGCGTTGACTCCACCCTCGCGCAAGCCGCCCATCATCTTTACGCAGCTAGATGGTATGTGTTATCCAAGGGACACTACTAGCGCATCGCCAGTAGTACCTTCTTGATCTTCTATACGCGAAAACAAATAGGAGACAAGAAAGTATGAGCCTAATTAGGGGGGTCTTCCTTTACCCTACGTGACCGCCTTCCTTTGTCGACCGTAGCCTGATCTATCGGCATTTTAAAGTCGTCGGAGTTGGGTACCCATTCATATACAGAGACTCAAGGATGTATGATTCTTGGCCGAATATGGGGACGGCACGAAACGACGACTTTAGATCACAAGTGAACACACGGCGCTTCTTGCGCGGAAGACCCACGCCTATATTGCACATATTTGTAGCCTACAGGGGCTCTTGACTGCGTAGTTGGCCCAAGATAGGTATAATGAAAGCTCGAGAACGTGTTCAACGAGTGGCCCTAAGAATCAGCAACCGTCACAAGCATATTCTATCTGCGAATTGTGTTCCTGAATAAATGAGCACGGTTACGTGAACCAGCCCAGTTTGGGTACGGCCAGAATTGGCCTGCTGATTCAGGACATATGCAGAAAAGTCCTCCCATTAACATATATAAACCCCTACCGAGAACGACTCCTATGGGCCGCTTGACAAAATCTTCTTTAAGGTATGGCTAAGGTGTTTCCGGAGGTAGACTATGATCCCCTTAATTCCTAACCAACTGTCTAAACAACCTCGCGACTGCTT,1427,50.18,Escherichia coli
SEQ_181212,AGATTAGACACCGCCCCCACGACTCGAGAGACATTGCACATTCAGAGTCCTTTCCAAAGGGATAGTAGATCACTTTCCGGAACACTGGCTCATTAATGTGTTGGTTAAGCGGCCCTCCAAAGGCCCTAGACGAACTTGCGAGCCCTTAGCTACTGGTACAGGATTCCGTCAAGTTGAAAAGCTCTATTTCATTAGTAGCGACCTAATCTGATTGAATGTATCGTCTGGTTTTCGAGCAAAATCAGCAATCTAAATTCATTCTCCTTGCCCGCCTATTCCGGCACGCTTAGGAGGGTTTGAGCTAAGCTGCCAGGAAAATCTTTGATGGGTAGCCAGGTACTAAAATATCCAGCGTCTCGCTCGGCTAACGTCCACATCGAAAATTACATAGCAACGCTCCATTATCCCATACTTGTTGATGTGTATACACCGCAATGAGGTGGCGAGTTAGGAGCGTAACCACTATGGAGTTACCACCCAACCCTAAAGTGATAATTACCGTCTGCCTCAAGACTGTGCTCCCTGCGGGATTCCGGCACACGGAGGGAGTTCTTTGCCCCCGCGGAAAATCGCTTGTATCTAAATACTCAGATTGCTGTTAGAATGAGGTTAGCGGAACTCCCCGGTTAGGTGTTCAGTCTCGTTCGTAGCTCCGACTGCCTTTTTTACGCATGCTAGTATCTATCGTCAGGCAAATATCTTCATTTATGGAAAGCGTCCCAACGTCCATCAGTATCGAATAGGCATTGTCTATAGACGCGCTAGCCGAGGATCCACAATCGCTCGCATCAAATAAGCATCTTACGTTTATTTTAGCCTCGCAACAACTATCGTTCCTAAGTGCAGAGTTAACTCGCGAACTCACTCATTCATCGTGACATATTCGATACCTAGGGGACTCCTCCGGCTAGAAGGTGCCGCCTCGAGATGCAGGTGACTATATACGAGTTCGGGTGTGGGTAACACGTCTTAGGTGTCTACTACTGTGGCATGGAAATAAGCACAAGCAACGCTTTGAGTGCATCACTTTCTCACCGGAGCCGTGTCCCTCGTCGCACGTATATTACTGTACCGCTTACTATCCGACGAAGGTATCTATACAGGTGTGCATACCAGCGGAGGGAGGCACAGTCTATGGCATTCCCATGTGCTCGCGTTCTTGACATGGAATCCGCTATGCGCCCATACCCCATGGGCTTATAAGCTGTCCATATCGTTTCTAATAACCACAAGCTAGAGACACGGACTGGGACTCTATCCGTCGGAACATGATAAAGCACCGAATGTCACATCGAGTTCGGTAATAGACCCTTGGTTTCGGGTGGATTCTAATTGGACTAAAGAGATGGGCAGTGCAGCTAAACATACTGTGAGCTTTCATATAGGCTGAAATGGGCTGTTCATGTGGCACAGTGCGCCCTGACTACACAGATCAGTCACAGCCCTTTCTAGTCTAGACCAAATCTTGACTAGCGAAATCAGAGCGACAATAACAGCGCTGTATACTACATGCAACGCAATATTTGGATACACCGGCCCAGGCGGGCGCACCAAAGTTGGACACTAGCTTGCCCTGTCCGGTTGAACAGATGCACAAATTGCACAGGGGTACCATCCGTCACTGAAGTTTGTGACACTCTAAGTGGATAAAGTCGATTTTGGTTTCGCCACTGCCCGCCTGCTATCCGGGATGCT,1695,48.55,Mus musculus
SEQ_594158,TACGCCGAAGGGAGAGTTCTAAAAACCTTATAAAGCAGTAGGTGTGGCAAATGTGCGACATTAACCTTTTTGTGCTCAGCTTACGTTCCCCAACGTGGCCCACTCTATGGATACGCACCTCGTTTTGCAGACTGGCTTACTATGTGCGGCTTTCACGTTACTCCGTGACCTCCACTTGCGCTCACACAACGAACTCTCATCGTGACAGGAGTCCATAGCGATGCCTGTCATATTAAATTCATCTATTCTCTTGCCGGAAATTTATCAATTGGCGCGGCAATTAAATACTGACGCTCAAAATTGTTGCACCGTCGTGACGGTTATAGCCTCCGCTCGTAAAGCGCATGTGATCAAGTAAATAGCTGGGCCTTTTACGCTGGGTCATTACGGGTAGAATGGAGAGCCCTGGGGAGGTCTTGCTGCGTTGGGAGGCGCAACCACCAATTGACGGCAGATCCAGGGTTTAAAGGAACGATGGAATTGACTCACCGGAGTGGGCTAAACGGTATATTCCCCGCGTGGGGTATAAGCCTTTAGTTGAGTGCCCAAACTTCAA,556,49.1,Homo sapiens
SEQ_214695,TAAAACCGTTGAGAGGAGGTCCCAGGCGGAGGGTACGAAAAGACGAACGGTATATTAAACTTCCGGAACCACAAAGTGAATTCCGAGCTAAACTGCTTCCTGTGAGTCTAAGCCACTTGGTGCGCGCGCTCTGATGGTACTCGGTGATACTTAAGCACGTGAAACCACTATGCGGCAGTTTAGGATTATGCTAGTAGGTGCGCCTGACTCTCCACGGCCGTGAACCCACCTGCAGCTCCGGATAGAGAATACCAATTGACTGCCCCTATTGGCCCCCCAAAGCCAGTCTTCTAGAACAAGGACTGTGTCGTAGCGTCTAGCTCATACACGAGATTGCTCTCCGCGTAAACAAAGATAAGGGGAAACACATATTGTTAACTTCTAGCTTTTCATTAGTAAGCACCAGAAGTGGGACTAAACAACGAAATGGGGTAGATCCCCGCTTTTTCAACTCTCAACATCTTCTAGTGCTGGATCTTCTATACCCATCTGCTTTTAGTGTCCCGGATCTAGTATTGCATGAGAATTGAGGCCATATTTCCGTCTAAAGTGTTGCATTATATTATCACGTTCAGAAGCGTCTTACTCGTTGGTCGTAAAACGCTTAATTTTGGTACACGATAGGCGATCGCTACGGGTACGTTCTCGACCGGCCTCGTTGGATCGTTGTACTAAGTCCCATGCGAAATCGAAAATGCGCGCTTATATGCTCTTGATCCACAGGCTAGAAGTCGTGAGAGCCCATTTGATATAATCCGGTTATAGGAACCCATGTTGAGACTACGTCCACTTGTATCGGATAAAACATAGCTTTAATTCTCGAACATTCCCTCTATAGAGCTTCTAACAGTGCGTTCTTTACACCGCGACAACACACGTCAAGAACTTGATAATTTGCGTTTACTGTACGGAATATTCAGGTCGAAGTTGCAGGAGCCAAAACCTTGGGAGCATCTCCAAAGGCGGCTGGTGGCGATACCTGGGGCGCGTTGGAAGCAAACAAAATCGGGTAATTAGGCGTTGTGTCACGGCGCAGGGTTAGGCGGACCGGTTGGACCAAACTTCGTTGGCACGATTCCGGAGGAGCAATATGTGGTCCGGTAGCCTTTAGCAGGTTACAGCTATCGTGTCGGTATTCTCTTTCGAATGAGCGAAGATTCTGAGGGGTGTCCGCAGGCTAACATGTATGATGCGACTGACAAATGCCCACGGTTACGAATTTCCACGCGTAGACGGAGGCAGGCTTTATCTGCCAAATCTCTCCTCCACACCGGCGATGAAGGACCACCAGGAGACCCGTGAAACTTATAGATGAGAAATGAACTGCAGGGAGTTTCGTCTCTTCCACCCCGAGGGATGCTAATATACGGGTGATCGGTAATCACACATGGAGACCAAGGAATTCACAGAAATCGCTAAAAATCGGAACCCAAATCACGACTTCCAGGGAATTGGTCCTCGGGTGTACTCGTACCGTTTTTGGCTGAAT,1489,48.22,Drosophila melanogaster
SEQ_255463,TCGCTAGTCACGGTAATCGAGAACGCCACTTGTTAGTTGGTACGTATTTCTCGCTTTGCGGCGGCAATATTACGCATGTTGTTGATTCTCGGTGACATGTCTCTACGCAACGCGGCTTCGGGCCCACACATGCCCTGTCTAACCGCTAGCTGGAATCTCCTTTCAGTCGGGACCGGTATGTTTAAACTTGAACGTTCCTATTCCGTATCGGTCACCGTCATGAACGAGTAAGCGGTTTTGGTATGGTCACGTCATACCCCGGCGTCTGGGCCTAGCGCGGAGGTGCAGTAGAAGCTTTTCACCCGTCGCCTTTCAGGGCGTCGACCGGTTGCTCTTCACACAGACAGTTTTAGAACCGACTGGGAATTAGGAGCACCGCACAATAATCGCGGACCGATGGAGCCATTTTCCTATGGGCTTAAACGGGCTCCCTACCGCGTACAAGCGTGAATATTGTCAAAATAGTCCAGATAATGCTGACTATTGGCGGATCGAGACGTAGCTTGGATGCCAGTCCAGTGGACGATCAACTTACGTATCAGCGCCGGAGTCTCCTCAGCGGAAAGCGCCAAAAGTTTTCCGGAACCCCGAAAAACCACGTCGATCACGACACCAACATCAAACATCCGCCCTACTTCCTTCTGGCAGAATAGAAAAGACTCAGTTGGTGACGCGACAATGTCAACGCCGGGTCCCAGGATCGTATTCTCGAGCGTCCGCCGTCCAAAGGACTAGACGCCCTTATCCTCAGATGCTTAGATCTAGACTTACACCTCGTTCGACTATAGTAGCTGTGCGAGGGCGTAGGCATCAAATGCAAGTTTTGCACTCTGCGTTACTCCTTCTCATATCTTAGACTGATGTCTCCGAACAGCATTTAAAGACAGAAGTC,892,51.35,Caenorhabditis elegans
SEQ_940754,TGCTAGCGCCGCCATTCCCTCATGTCCACCCCGACATCACATTCGGGTGTAGGGAGCAGGAATAGGGGTACGTATACGGCTTCCACGCAGCATTTCACGTAGCCAATTCATCGCATTTCGAAAATCTTACTCTTAAGCGTTCGCGGCGAAGCCATGGACCTATGCATAACTGACCCAGCCCACCGGTATTCAGGTGTGTTGTTCATCCCCTTACTTCGTATCTAAAAGCTGGGCTCATCTTTCGACGCGACAAGTTTGTTTTCCTCTCTCATTTTGAAACTTGTATAGCTGGACAGCAACCACGTGATGGAGCCTTCTCCCACCGTTGCTCGCGCTTTTTCCAAAGGGCCGACCAGGGCTGTGGCTATGCCGAAGTATATCATGAGATCCCGGTGCCCCGCTGGCGGAAGGGGTTCATCGGTCTAACGAATGTGGAGATCACAGAGAGTAATGCATTGTAGTGGCCCTCCCGCCACATGCATAAGTTAAGCCTGTGGGAAATCCCAGCTGCGGAACCCGGGGTTCTTGCCTACAATCTCATTCCCCCAGAAGCTCGCAGAATCAGACGGAGTGGTCGGGAGACGTAACATGAATCAGAATAGTGCCCCCAGCTAAGAGTTCAGTCTCGCCCAAACTGGCTGCCACGACGTATGTTACAACTGCTCGAACCGGGAATCGCGTTTACCTTAGTCTCTAGATTCAAGAGCAGAAATGAGTCGGTTTAGCCTCGGACCCCAGCCAAATCCGACTCGAGGATCCACGGTGTCAAGCGCTCAGTCTGCGATTAAAGAGTAGGCAAACACCTAGGGCCTAGAGCTGTGTACTGACGCTTGAGCCTCACACTCTTCTTCCCTAGTGAGGTATGATCATTCATGACGCCTCATTACCGTCAAGTAGAGACACACGGTGAAGCTTAAAATGCACAGACTTTAACACCGTCGATTCTCGTAGATACTACTGGAGTTATCTGGGTGCGAGTTGGGACTTCCTCCCCGTAAGCATTGAACTAATAAATTCACTCAGGATTCCCTGTCCAGACCCTGTCTCAGATCGAATCTCGCTCCCCCCTCTCGGGTGGCATACTAAACCATACATTGCAAGGCGGCGTTCTGGGGGTAGGCGATTTGTTTATCAACTCACCCTGCTATCTTACTCTTCAAGCCAAAGTTTTGGCATACGTACGGGTCAATCATGCTCAGATGATCTCCTTGCCCGCCCTGCACAGGATTGGGAATTATGTTTGCCAAGTGGCTCCGCGTGCTAGGCGACGGTAAACAATCAAGAGGTGAGAGTTATCAATTAGAATCGCTACACTCAACGGAAGCTCAGTGGGA,1334,51.2,Mus musculus
SEQ_267114,GGTAATCAATGTTCCCATTACGCGGGCTCCAAGGCTATCCACTCGATGGGGGATCTTCGTCGAGTAACTTTCTTAACGACAGCCTCACGCATTGGAGGCTAGTATAAACCAACCCTCTGTGTTATATAAAGTTCGGCTGAGGTAAGTCGTGTTTCGGTATCACGGATGCATACTTACGGGGTGAGACTCAGATAAGCCGCCCTTCTTCTTTATTTAACCGCAATGATCCGTCGGGAGCGCGGTTTGTCTATTAGAGCTGAACACTCACTTTTCGGTCTATGATTTCGTCCCACGCAGCCAATATCGGTACATGCCTAGTGGAGCGCGCTCAACGACCGCCGAGCTCCTCTATGGCCAGTACCTAGTAAATGAAAATCCCGTTAGATTTGCTCCCGGACCCTCCTACTTAGAACGATACGCTGATATACTCGTAGAGTCTCAAAGAGCGTTCAGCTGTCAATATAGGTATGCAGTCCGAGAGTTTGTTAGGATTGGGGCCCCATAGCCACGCCGATCATCCCTACACCTAGAACCGCGGTAGCGTGGCCCTATACGGTCGCCGGCGGCTGAGTGCTACCACCCAGAGTAGGGCACAGGTCCAGCGCGACGAGTTCGCCCACCCAACTGGAAAGCTGCAGTATGTATCCAGCGATTCAGGGCCGATATTCTTGATACAGCCGATAACAATCTATTATCTCCATAAGGCTATCCGCTAAGATTACGAATTGGCGTCAAACCGGCGGTATCCTAAAGGTCAGACCAGGGGGGAGTCCCGGGAACGTACATGCAGACCCTTCAGCGGGCTGAGGACCTGGGCCCGTAGCTGTCGGCTACTTGCCTTATACACACGTTACACGATCGGGGTGGAACGGACACCCAAC,881,52.55,Escherichia coli
SEQ_414352,AGCAACGCGGAATCGCGTTAAATTAATCTTCACAAACGGGCAAAATGCGATTTGAGTGGAGACTAGCCTGTCCCTTTTCTACGTGATTGCCGGAAAGTGGGGCAGGGTTGTCCTCCTAGAGAAGGAGTGCAGTAAATCGTAGCTGGCTTAAGTCAATTGATTGACACTTCTGCTCGCCTCAATGCGACTGGGCGTCGTAGACACGTGACACAGGTTGCCGTGTTACTTACTCCAAAAGCCGAATAGATCCGCGTGTCCTCGAAGCGATGACGGACAGGAGTTTAGCAGCATCGCCAGGGGGCCCCTATTGCGAATTCGACGATAACCCCTCCACTGACTGAAGGGGCTCAGGAGAGCTGAAGCGCGCTATCGCCATCTATTTACTTGTATGAGATCAATGCAATAATAGCGAGTGTATTGAGCACATACCGACTGACGCACGCCGATATCTCATCAGTGACTATCGTCGTTATTTTTACGCCTTAGGGAACCTAAAGTGCCACTACTGATTTCAGAGACGTCGGGGCAAGCACAAAATCCCCGACGGCGGCGAGGAACGAGCCTATGACAGTGGGAAAACAGCAGTACTAAGTACGTATAAAATGTTACTTCCATGCGTATTGTTGACAGGCGCTAACCTCTAAAGCTCCGCATTGAATCGTCGCAGTTTCTAAGGGAAGGGACCCATAATCAATAACAACTGTCGCCAACAGCTCCGTGAGGATATCATACTACTCATACATTCGAAGTACATCGGGCACTCTGTCATCCAGGAGAGCCCCCCTCTTTGATGTCCTGCCTTCTAGTACTTAATTTTTTGTTACACAGCCTTCTAGACAGTTTGCTGGGCGATTCCTCCTACTGATGACCTGGTGCTGCGTTATAATTTATAGTAAGAAATAATCGAGTTTTTGACCTTCTTGAAGAAAATCTCCCTGTCAGTCCGGCTTGTAAAAAAGCTGTTTGTGCCTCACGATTGGTTACTGACGAGCGTGCCTTTAATAGTAGAAGCCATATAGTTGAGAGTTCTTTCGTACCTAAACGATGTCCACATGGAGTGTCTTTAGTGAGCGGAATGCCGGACACCAGCCTAGGAAGCTCCGAATAATGGAGCTACACTATATCGCGGAACGATGCTAAAAAGGATAGGCACTAGAGTTTGCTGAGTCCGCCATTGGGAGAACTTGCCAAACTCCCTTATCCAGCAAGTGCGAGTGGTTGTTATAGGGTCTGAATCTTTGTCTAATCTAAGTTACACTGCAAGGAGCAATCATGCCGGGACTAGCTGGGTACTTCATCGGGTTGGACCCCTTAACTCCTAACCACGAACGCGGAGCACTCTCCACGATTTAATAAGACTCGTTTTGCTTTTTCTGGGATTATAGGGGCAATAATCGTACGAACTACGTGTTTTGTTTGTACCGGTTATGACCTCGTTACGGCTGCGAAAAATCAGAAAAACACACTCCTGTGCTTGGTTGACCGAACGACGAGTGCAAGACGTACCCCGGTGGGAGGGCCTTATTAACTATTGTTTTCTACCTAAGCACGCTTGATTTCCGCCGTACCAAGAGGCATGGTGCCATGAATGCATCACCTTCCCGGTCTCTGGGTGACGGATACTATGTCGGCCACAGGCAAGCATTCGTGTGGAAATGTCAATCTATGCTACGTCGTTTTCTAGGGTCGTTCCGGGAGAAGCTCCACCACAGCGCCGTTTGAAGAGCCTATTGGTCATCTAAGGGTTCGCTCTCCGATGTTACACGGCCGTAGGACAATGCAGTTGATAATGTCACGCTGTGCTCGACCACGTTAAAATCCTACACAGGATTTCATGGTTGATGTATCACGCTCTACCCTCGGTCCCGCTCCCAGTACCCAAAACTAATCTGGAGGACGACTTACGATCAGTGGGTACGAGTTGTAAACGTTGTGATAGTCCGGGGGAAAACGACACTAGGGACTAAAACTCAGTGTAAAGGGATGGTT,1989,48.27,Caenorhabditis elegans
SEQ_130913,GTTCGCTATAGGCAATGTTCTACTTATGGTCAAACATCAGCTTGTTCGTTGATTCAAGTGTTTTACACGCAAGTGGAAATACTTCAAATCTTAGCCCGTGCTTTTCAGTTTCTATCTGTTCACTGCACGTGGGTCATTGAAGACATCCGGTCACAGAGGCGAATTAATGTGACAGCAGCACGTGATACGCCGCAAGAGATGTGCCGCCACACGGAATCTATTAAGCCACTTTCAGAACGCAACCCCATCCACCGCGAACACCGCAGCTTACGATATACAAAAAGCGGCGCGGAGTCAGCGAAGCCCGCAGTTGATGGAATAGCATAGCAAAGATTCAACGTGACTCACCGTGACTATCTCACCAGGCAATCGAGGAAAGCTGTTACGCTGCAGAGACTGGGCCCTACCGTAATAAGGCTAGTTTCGACACGCTAGGCGCAAATGGCAAGATCGGCGACCAATGGGTAGCTGAAAGAGCTCTGCCGCATGTGCAATCATAGTACTAAAAGCGCTTGTGAGGACAGCATCTGGTTGCCGCCTCCGTTACAAGCATCGACTGTAGCATACATGATTCTCTGCGGCTTTCGGTCCCGGTCCGTACCGGAGTGCGGCGTGTCTTCAGACTGCGGCTGTCTTCTCGACCTAAGCGATGGAGCTACAGGAAAACAGGTACCTTCGCGGGTCGAATTGACCCTGCGACGTCATTTTCGTGGAAGTAATTGATTTAGACGAATCATTGCTTGTTTTGTTTATTGGCGGGAAGCCCCGCACGTGTCGACCGGCCTTTTTCGAGAGTTTTAGCAGCGAGCTTTCCCTCTTCGATGGGGCGTCATTCCGCTGCCTTGTCCTAGTGCCATAGGGACGCAAGTGATGAATACGTCCTTTGACGAGTCGCGACAACAGCGAGTTCCGAGGACCCAGAGCTAGGTAGTACGTGCCCAGCTCTTAATGTTTCTCGTCACCACTCTCTCTCGATAGACTTTTAATAGTGCATAACCAGGTGTCCCCTAACGAGTGGGCGCACCGCTTATCGAGTGTTCAGGTTGCATGAACAAATATTGATCTTCGGATAGGAGTAACTATTTGATTTGCGATACGGCTCAAGATGACATCGGCGCCTTAAATCAAAGTCTAGTAGTGCCGTCGTTCAACCAGGTTGTAGCCTCAAACGGCTCGGGCTAGGGGAGAGGCTAGTGCCGGCGTCGCGTTCCAACCCACACAGCTGAGCGCCGGATGCGGTTTAGTGGCTAGCGTTCGGTTTCATCCTAGAACAGAGGTAGGTAATGCAGATTTGACGCACGTGCAGGTGAAACTATGCTAGTAGCTACAACTGGTTTAACATTCGATCACCTCCAACACCAGTTCGTGGTCAAAGATCTGTGTGAGGCTTACAGGCTCACTAAACTTTGAAAGGTGAATACTCTGGCCGAATGGCCAATGACTAGCTTCGTACAGCCACCGAACGGCGACATTTACATTCCTTCTTGCTAGTCGGACGGCCTTCTGGTTTTAGTAAGATTGGGAAGCAATTACATGTATACGAAGTGAGTGACGTTCCGAATTCTTAGTGCGCTGTATATTCGTGACCTTAGACGGCTGCATTCCTCAGGGGGAGCGGAATGTTAGGCGTTTACACCCATGCTCTTGCGCCCGTTAGGGTGTGGCCATACTATGGTGTGAGGCGGTCGTTGATCTGGTCGCGTTTAACCGGAACTCTATT,1720,50.52,Saccharomyces cerevisiae
SEQ_973754,TGGCGCCACTCCGAGGGCGACGCCAACGGCAGCCAATTAACTCTGTGTTACCAGCGAGCACCTATCTCGAGGTGATTGAACCGTCCATATGGCGAGAATGGTTCCTATGTCGGAACAAGGGCCAAATTGCTCGCGCCTTCTAATTACACAGACCAAGCCTTTGCCTCGCGGGTAATATTTC,181,53.59,Mus musculus
SEQ_487890,TTTGGACGATGCACACCAGGGGGTCGTCACGTTTCGGGCGCAACCCGATCATTGACAACCCACGGTCGGCGGTGGATGTGCAGGCGGTGCGTATTGGCCTGACGAGACAAGAGCGGTAGTCGGTGCGCTGCATAAGGGCGGGGAAACGCTCACAAGCCGCTAACCAGCCCTAGTCCTCACCCTTGCATCATGCAGGCTCCCTCCGTGAAAAGGCCACGATCGACCACTGACGCAACACTTACATACACGCCGGGGGGCTTTCTAACCCTTCAGCTAAACCAGCCCTGTACCTACTGAGGGGAATTCAGCTCTGTTGATTAGACGGCGCACCGTACACTGGAAATCAGAAGGATTTTCGGTTTGCGGGACAAGACTGATAAAAGTTGGTGGGGAATTGCGTCAGCGTCTGCTGTCGTCAACCGCCTAGACCTCAAGGATGATGGATGATAGTAGGAGGGTAGGTGAACGTGAGAGGCAATCCGAGATTCGGATTACAGCAAGGGAAGATATTATGTATAACATCATGCCTCTTGAGCTAGTATGGCTAACCAAATTTGAGTAGTCCCTTTGGTCGTGGCTTACATAAACACGCTAGTCTTCCGAAGCCTCGTCGAGGGCCCAATCGATAACATACCGCTATAGCGCCACACGCATACCTGCTTGAACCCACCATGCGCAAGGTGACGCCAAGAAAAGATCTCCGTGAAGTAGGAACAGCGCTAGGCGCTCTCTCGCAACGCATCACCCATTATTCTTGCGCTCGCCA,766,53.79,Homo sapiens
SEQ_865893,ACTTTCGGTGGAGAGGAGGAGCCATTAAGAGAGAGTAGGTTCGGTAAATTGAGAACAGAGAGTCAAATCTATCACTGATCCTATATGTCTAGAAATTCAGCCTTCTTCGCGCGCTCAAAATGACGTAGGGAGCGAGTTCAACCTTGGCGAACAGCCTATGTACTGTTGTAGCTCTAGCTCATTGGTGCGAGAGCTAACAATATCTGGACGTTTCATCTAGCCAAGAGCGTACTCCCAAGCAGATGACATCAGCCACCTTATAGAGACGTTCCATAACGTGTATAAGACGCGTGTCCCGAGCTTCTCTGGAAGGTAAGATTTATTCGCCGGAACACGGTCTGGAAACATATAATAAGGGTAGTACTATCTAAAGCGAATCCGGTATTACGCTGCCTGCTCAAAGTGCCAATGACTACTAGCTAGCGGCCACCCTTATAATGGTCCATCCACTGTAAGGGCTACCGGTGATTGAGTGCTCGTTATTTATTGGTCTGATAAGGCCATCTCAAGCGCTTCGTGTAGGGGGTATGAGGAAACTATTAACCGAGACTTGGCGTGTCTGCACTGCTGCTACCCTCCTCCACCTTCTACAAATTCACTATTGGCCCACAAGATGCTACAAGCCTAGAATTCGTATGTTCTTAGTTATAAGAGCGCGTCAATCACCATGAAAGAAAATAATATGCCGATAAGCCTCCGGGAGAAGCCACATCCCTGCAAGAAAATCCCGCACAGCAAAACCAGCTAGAAGGGTCATCAATGACTACATCTCCGCGGACCCGCTACGGTATCAAACGGGGATAAGGAGGAGGTGTCCTCCCCGTTCAGGAGCTCTCGGCCGAAACTCCAGTCTTGTGCCTGCTTCGGAAGCCAGCAGTCTTGTCCCTTGCGATTCTTCGTCGTCCTCAAACGTAGACCTCACTATGATACGTCCAGGCGCATCTCGCGCATGTTTCGTCCAGCCGTTTTCCGAGCCAGACGAACGCTACGCATCGAGCACGGTGCCGGTTGAACAGGTGAGCCGATCGCACTATCGCAACGATGCTTCGATTATCCTTGAGCACGTGAGGGGTGGGGCTTCTGGACAGGATCCCATTGGTCCAGTTACAGATGTAATCTTAGATTTAATATGCGAATCACGTGACCAACTAGCAGGGCTAGCGTCCCGCGTACGAAATACCAGGGATCAGGTGCGTATAGTAAGGACGCCTAATTCGGGCATACAGAGGACGGAATATTAGCCCAATACTTTATGTGAAGAGTTCCCATCACGGGGGGACGTAAGTGAAAATTACCTAGACAAAGGGTTGTGCCTCATGGCGGCCGTGCGCGGTGATCCGGGCAAAACAATTTAAATCCGCCGCTTCTCGATGGGGTAACTACCATTGGGCTCATCCAGGTTGTTGATATAGGAAATCTGAGGGTATACTGTGTACTTCCAGAACTGACAAACAACCTTTTGATGGTTATGCGTCTCAGCGGTACTTAGGGCCGCCACAATTCGCACATACAAGAGACAGCTCTGAAACTCCCCAAGCTACTGCGAACTGGCCTCGCGCGACAATGAAACGATAGGTCAACGTACTGGATCATCCACCTCAGTAGATAGTTCAAGCCCGACCGACCATCCTACTCGTAGCGTGTGTCCCATTTCCCTGTGTCCACCATTTGGGCCCCTCAGTCGTCGCATGCGAGCGCCTTCGAAGATATATACCTCATCGTACAATTTGAGGTTTTTTT,1740,49.71,Escherichia coli
SEQ_529343,TCCGGCCAGAGTCTATCGCTACCCGTATACTAGCGGATCGGTACTATATGCTGGCGTAGTTTGTCACGGTACCGAGGCGAATAGACCTTTACTTAGTCACGATTTAATTTGTTCTTCGCAGCTACAGTTCCTCCGGGGAGTAAGTACAGGCTTTAACTACTCACTCTGGCTATGTGGCCCTTCGTGGAGGGCCAACAACCACATCGACAGTATTTTTACCTACCAGACGGAACTCATTTGCGTATTTAAACCAGGCCCAACTCCTGCTCATAAATTGCCAGCGAGTACCCTAACAGTCATATTCGTCGTGCATTCCTGTATACCTGCGTAGTGGCGGCCCTCGGCCCATAGACCGAGTTACATACAACCATCGCTTCTCTATACGCTTCTACTCACATATTTCCGCGGCTGATCAGCGCGAAGACAACCTCTATGAGGAGGAAGCGAGAACCAGATCACCTACGCCCTCGAAAGGTTCGCGGTGCTGGTCGCTTGTTGAGATGCGATTCCTGGTCTCCCCGAGCGAATTTAAGTGTAGAAGCACCGCCTCTGTTAGGAGGGCGGTAAGGGCGATCCCTACAGTCAGTCCGTGTGCTCCAGAGTGAATGCACTGGGGCTAAATGGGCAACCAATGTGGATCCGCGACGTCGGCAGACCTCCCCGCATTGCCTGCACGCTAGTGGGGCACCTCACGGTACTTATAAAACATCCTGAGGTTGATCGGTGTAGGCTACTTCTTGAAGCCCGAGCTTATTTCGCGCTTCGGCAGTAGGTCGGTTTTCTATGTCCAATACGCGCCGAACGTGTAGTTAGCTCGGTTGTAGAACTTTTCCCCCTGCGTCGATCGTCTGCGAGACGTAGACACTCGAGGCCGACTCGGGGGGCAACTAATTATGCCCCGATATCTTGAATCAACCATCGATTGTTAGCCCGACCTGTATCATTCACAGATGGATGCGCGTGTTACGGTCATGTTGGTGAGTACAGGTCTAGGCTTACCATAGCATAATCCTCATCCGCGAGAAATAAGGCGCTCCGGTGATGAAGCTCAGCAGTACTCTAAGAATCGAGTTTTTTTGCGTTCTCCCTGGTAAGCACAAACATAGTGTCAGGATGAATCACACGGCACATAGGGGATGGAACCTTTGGAAAGGCGGGGGGGTTAGGACATATCTGGTTTTGACGCACAAGAGTGGAGCGCAGTAATTTGATACGACATACTTATACTTGACATTCCATACCCGCCCATGGATCTGTATGAAAG,1264,51.11,Caenorhabditis elegans
SEQ_699764,TATATGGCTATCACCGGGCCTCACGTCGGTGTCACTGTGCCACCAAAAAACGAACGGCCTCTATTGGTTAAAACGGACATAGATCCCGTCAACGGCGCGGGTGGTAGTAAGGTTCAAACACCGATTC,127,51.97,Caenorhabditis elegans
SEQ_337662,TACCCTTCCGTCCTTTAATAAAATCATCGAGGAACAGTCCCGGCTAGGCTCGTTTAAAAAGTTACTCGACCGGGGTCCTGACCAAATGGGTTCTCACCATTGACAACGATCAAGGGATAGCTCCACCTGAGATCGTCGGGAGTAATTCATTGACCTCTTCCGTCCGAAGTTTGGCCTGATGGGTGTACTCGATTTTGCGGTGTTGCGTCTTTTTTCAATGTATTGAGGGATAATTCTTGTAGGATACAGTTCTTTGATGAGCTCTACCGCATGCTCGTACACACCATAACAACGGCCGCTAGGGTAATCGCTCCCCTGCAGTTAGACCTCAATACTACGTATAGGATTCCCCGGACTAAGGCCACCAGCCCCCGATCCAAAACCAGGTCCACACTTTTTGTCGAGGTTAACAACCTGAGCACGGTCGCCGTCGTCGATCGCGGGCGCCAGTAGCGTTCTCGTCTACGATAATGAAGGCAATAAAACAGCTAGTAGATTCAATTCCTTTGAGTCTTTTCTCTAGATACCCGCGAGCCGAACATTGCCGATCGGCCAGGCGGATCACCCAGACGGATAAGTATCGCACTCGCGATCATGCTTGGAAAACCCTAGTCCGCGCTAGACTTCATACAGAGAGGTCCCTGGCCCATTATCGCGCGTGGACGATGTTTACTGAATTAATGTGGACAACTGATTATGGCTGCTTTTGTCCATCAACTGGACATATCTTCCGAAAGAGTGCAATTCATGAAGTGAGGCGCGGGACCCGTTGTCATTATACCGTGCTAGGATTGGATCCTAAATCCAAGTTGACTTGCATTGCTAGATGCGGTAGGATAGTCTTATATGGCAAATACAAGAGCGGTTAGAACCCACTAATACGCCCCGGTGGGCCGTTAAGGTAGCGCTCCACTCTGACGCATTGGCTGCATTTTAATCCTGACAAATTGCAGTTATGGGACGTATTCAGTCGCCTTCGTGAAGTCCTCCCATAATTGCGCTCGGGTCTTTCAGGGGTGACGTAGATCAACGGGTCGAGCATTTAGTCTACAGCAGTTGTTTTCAACTAAACAATGCACGTTGTTCAAAAGTAGACAGAACTGGATATTGTGATGTGTAAGTGAGCGTGTCAAGAGGAGATGCTACGCATCTCCTCCAATTGATTCTGAGTGTTAGAAAGGACTGGGGGCGAACCACTGCAGATTGTATGTAGTTAGTCGGGACTCTATCATTTAACTCAACACACTCCTCATGACCACGGAACCTCGCGAGCGGTTTCACTTTTAGAATATCCCTGCATCCTAGTAGTATGGGCAATCACCTCAATGTCCATTCGTGGCACCGCCGACGCTCATCGTGATAGTCGTCGTTGTTATATGCATCATCATAGTAAACGGAAGTCGTTCCGGACTACCGGACGACCCGCGCAGCCGGTTACCGATCATTATCACGGGGAGCTTGCCTGTTTAACATTTTTTACCTCCTAGAGATACAGTACCTGGTCTTGGATCATGGGCTATAAGTATAGCTGAGGCGCCGTAAGGTTCGGCGTCCAGAATGACTAGCATATCCCCTGAAACGACCCTAGTCTCGGCTGACACAGCCGGTTAAGGTGGAATGACGGGGCAGGTGGTTTCGTCCCGTTACGCATACGTCATCTGTCAACCCTACAACGTGAAGTAGTAGTTGACGTCAGCTCGGGTCGCCCATGGCGGGCCAAGGTTCAGCAATTAGAGACATCTCTAGGTGTCCGTAGGTAACGAATGGGTATGGGTTAATTCACTCTTAAAGAGGGGGTTCAATTCCACGAGACAGGCTACCTGGACGCCATCTGCATAGCTAACCATACGGGCCGTATAGGCCACTGATGGTGAGCGCAGGTATTCGCGCCACAGATTTCTGCCGGCCCGACATGTT,1917,49.71,Mus musculus
SEQ_428691,AGTAGAAGCGCCCAGATGGTTCACTTAGACCGTCGAGTCGAGCATTAACACAGCACCCGGATAACTTCAGCCCGTAGGCGCCTCTAGGCACTACTCAGTGGGTGAGCATCAGCAAAATGTCTGAGCGAGAAGATTATTGGCGGGATTCGCCCCCAAAGGGTTGCTTACTGAATAGTAGTTTATAGAACTTTGTTACTCGTACTGTTGTCGAGGGCTGTCAAGGTAGCTCAGCAAAAGTTCTCATTTTAAAGGCGGCCCTCGCTCTAAAGCATACATTCGCACTTGGGGTTGGAGACTGGACATAAAAGCGCTAACAAGCTACTTTGCGTCTTGACCTCAAGCCGTTACAGGTGCAGTCTAATTGCGGGGGACTCACAATCATTGAGAGAACCATACATAACCGATCACAATGCCATTCACCTTTTTTCTTTGACGCCGAAATCCACGAGTTTGAGACATGATCGACGCAATCCGCTTCTTTGTTGGTGTCTACCGAGTCCTCAGGCCCGGAATCAATATCCTAGAAGTCCAACCCACTACCTGTAATGTAGGTTTTAAACGGGCTCGGCCTTGTCTACACTGTAATCATTAGATGCAATCTACTATGCGTGTCTTGTGTTAATCTTAGGGGGCGGGTCCGCTCTAAGTACTTGTGAAACCGGCCCGGCGCTGCCAGGCTACTCCACGATTAAAAGGCACAGTCGAATTAACCGCCAGGTAATAAACTCTAGAATCGTGTTAGAGTAATCCGCGCGTACATATTCTTGCAGGAATGACCATCCCACACGCGAATCACTTGCCCTGTGAGTACAATGAACAATAATTAGTTCATTACACCTAAAAGCTGTAGACTAACGTGCAAAGCTTCTTCCGAGCTCCGGCAGACGGCCCCGTTGGCGTCACCATGTCATTGCAACTAGATTAAAGCGCGCACCCGTAATGGCTTATTTGACGTTTCACTGCGCTCGGGCCACTTAGGGCTACACTGATTGATCTTTAGTGATGACCCAGCTATAGATCAAAGTTCGCATTTGAGTAACGGGCCCAGTATGCCATGACCCAACAGGATGTAAACTCACCTTTACCCCCTTTTCTGTTTAAAAGGAATGAAATTGTGTGGAACTGTGGAGACATCCTGGCCAAACAAAGTGGATAACCATCCCTGCTATCACTATCGTCACGACAGACATTGCACGTTGATTTAACCCACCTCCGAATGCCTCTTGGACTGAGATGCCAAGGGGACTAGGCCGCCCGCTAAAACGGGGGAGA,1272,48.35,Escherichia coli
SEQ_597333,GGGTGTTTCAGCCAAAAGTCTTACTCTGTCTCGAGGACTGATATGGCCAGAGGGCTTATGCAGTGGTCCGACGCTGACAGGGTAATCTCTAATCAGGAGGCCCTTCGGGGGTGGGCACAATTCTGCGCTAGCCATTCCAGGTATCTAATGAACTTGACGATCTACTGCTAGGATAAAGAGTAGGACTGGTTCCGCCCGTCTGTGCTGCCATGACGTGCGACGTCCGAGGAGATGATATGCTCCAGGCCGGGGCCCAGGCGTACTTACCATTGACGTCAATTCGTGTATAGTCGTCTTCAGACCTAACCCCGCCGACAACTACACAGGTCCGTGGACATACGCCTGACGGACACATAATTTTGGAAGCACTTGGAGTGGTTGAGGCTCGATTTCACTTATAAAACCCCAGATGGGGCTAATCCAGAAAACGCTAAGAGGATCTTTACAGTTCGACCACTGCGTGCCCTTCCCGTGAGCCAGGAGATTGCGACAGGCCGATACTCGCGTACAATTTCTTCTCTCGACCACTTGGTGTGCGGATGCCGTCAGATTATCCAAAGGTCAGGCCTCTTTGTTAAGTAAAGAGAATTTGCCGAAAGCGGCCGAAGTGGCATCTTTGCCCGCCTTCGTCAGAGAGACAGAAAACGAGATGCAGCAGACCCACACTAAGGGCCATGATTGTGCCGTGTCGCTGCAAAGATTAGCAAGTTCCCTCCCACGGATAGCGCTCACTCTGTAAGGGCTATAATGGCACGACGCTTATTCGCGGACGGGCGTATGGCTACTATATGACCAGCACTACGCGCCACGTCGAGAACCATAGATTTAGATGGAGTGACGTTTCATCGTATGTGGCCTTAATTTTGTTACCGTCTACGCCGACACTACTCATCTAAGCGATGCCAAAATTTATGGTGCTTAATATT,926,51.3,Escherichia coli
SEQ_435329,CTTTTTGCAGCCACTTCCCCGATCGCTTCATAAGTTGGATTGGAAACTTGTCCGCTCACTTAGCGTGTACGCAACTTTTTGGTGGTCTGTAGCGGTCCTGGGGTCCCGAGCCAAAGGAGGGAAGTTATGCGCTGTGGAAGCGAGGCAAATGCCCCGATGCTAAACGAGCTGATGAATCCATCGCTGCCCAATATATTAGGTATTACTATAGTGGGAGTGAGTTTTACGGGATACAAAGGCTACTAAGGGTATCGTCGAGATCGGGTTGTTCATGCTAACAGCAGTATTGTACCACTAACACTCGGGGGCCCAATTTATTGATCGAAGAAAAATAGCTGGATTCTAAGCCCTATTAAAATTTCACGTGCCTTAACAAGTCGTGAGTTTACCTTACATGTAATCCGCGTCATTGTGAATTCCTCGTCTAGAAGCCTCGATGCCATTTATGACTCCCCATCATGAACGGGGCCCGACTGAGCTCAAATAACCTCGGGCGCATAGGTAGTCCGAGGCATAGTATATTCTCAAAATGGACAGAGGTCGTTGATATGGAATCATCGTATCTTAGTATCGAGCTGAGAATCGGATTTGTCATTTTTTTCTGACCAGGCGATTATCCCTTGTGGCCTGTGCTGTATAAAGCTAGGCAATCAGAGAAAGGCGTTGGCTGCGAACCCATGATACTTCATCTTACGCTTTCAGCAGCCCCTTTTTTCTTACCAGACGCATGATTCTTAGAGCATGCTCGGAAACGGAATTGCCTAGCAGGTTCGTGGACTGTCGGTTTACTACAGGTAGGCATCAATGTCGTCGGAGGAATTAGGATAAGACAAACATATCTAGGGCCGCCGCATGAATTACCTGCCATGCTGTGGGCATAGTACCTGTAAGAGCGGAGGGGTATGGCCCACACTTTAAGCGGCTCCTAGCTAGGGCGTCTAGTAACCGGTTCTGGTTTTTTATGGTGCACCTCTCCTAGATGGGCACAGCAGACCCTTCGTACACCTACCTTCGGATCAGCATTCGGCTTATTACGAACGAACGCGAGGGGTGGCAATATACCCCCCTGAGTGGGCCGTTCATAAATAGAAAGTAAATCTTCCTTACCTTGTCGCTCAGAGGCTCGCTTTGTCATTATAAAATTTATAAGGCGATAGTCGGTCCTGTTTTACCCATTGTCAGTATACACATAACGAACACTGAACTGCTGCGCATTCGATAACTACCAGGACCGTGCGGAGCGTATGCTCGTAACAGTGGAATAGATAGCCTGTTAACCGGGTTCTGTTAAGTTCATCAAGCGTACCGAGCATTGCGTTATTAACGGACGCGCCGTTACGAATGCAGAGCCGTGGCCGATTTATCTCTCCCACTACGTCCGGAGTATCTTTTCAATGTCATCATGTTGAAAGGGCAGTATCAGTCGACGCGGGTCAGTGTCAGCCTTTTGTGCGGGATGACCCGAGTCTTACTAGCATTCTCGGTTCCCCCGGGAAGTCGGGAACACTCATAGATAAGGTGACTGCAAATTTGTATGTCCCGAGGCCATATTGTACTTCGAGGAAAGGCTCGAGCGCGGGCGATTTTGTGTGTCCGATAAAGATGGAGCGCGCCGAGTTTTAATAGGTGGAGGGTTTCCATGAAAATTCATAGCTCAATGTGCGAATACACTATGCCAAGTACTCGTATTTCTCTGGAGCGAAAAGGCACAACTTCCAACAATATCACTGAACATACCAGTCGAACTGGTAATATCTGTGACCCCAGCTCAATGGCCAGCTAGAGGGGAAGTTTGGACCCATTAATCCGGCGTCTGATACGGCTCTTACCCGCCTTACGCACCTGCATCAACTGGGATAGCAATAACGCAAGAAGTTTTTCCGGTGCAGACCCGCTTAGCATGTAGACTACGGGAACTCCCTCCGGGCGGACGACAAGTGCTCGGCCTTTCTGGCATCTCTCCATCCGGGAACAAC,1976,48.73,Drosophila melanogaster
SEQ_426137,ATAACGGGTCAGACTGGAGGAGCTGTGGCAGAGACAAGAAAGCTCTAGGAAAGTGACATGGTTAGAGTGAGGAAAGCAACTAAATGGCTAGAAGCTACTCTGTACCTGACCTTTTCCGAGGTCGATTTGTAGGCGCCTGGCCCACCGCTATGATGCCAAGAGGCACACTCAGCCTCGTGGTACCTTTCATACACTGTGATCCCGGCCAACGAAGCAACAACTTCGTTGGGGCCTATAAAGTCGGCACTCTAGGGCACTCACGCGGTACTGCGTAGTGGAGCTCTATGTTTACCTGATTCGATCGTAGCGGCCGCTGTCACGGTCCACGTTATCCCGCATAGAATGGTATAAGCTAGGAGATGGTTCGTTGGTGACGCTTGATACTGTCAGCGTAGGTAGGCAACATATGTATGAGAATCAGACTCCCTTGAATACACTCATGGCGCCGGACAGCCGCTGTCGCGCCGTCGATATAGCACTTGACCGACAAACTGAGATAAACTCCTTTTTTGATGTACTGACCGTTATTCCTCGCGAGCTATCCTACTGAAAGGCTACTATATACCATAAGGGAATTTGAGCGTGAGACGGCTACTCTTATGAGCCTAATGGTCGATTGCCGTTAATGGCCGGCGGATGGTGTCGTACGAGTAGCCGGTAGTGGACTTCAAGACGAAAATCTAATTACATAATCTCTTTGATGCGTCGACCAACACCGATTCAGTTACTCATACCGGGAACTTTGATCTTGAGGAGCATCACTGTGAGTAAGAGGCTCTTATGAGCTAAGGACAGTAAGACTTGGGCGAGATTATTTGTTGGTTCCAGAAAAAGTAAGTTTGTTTCCCCATCGATGGAAACTGTTAGTCTTTGTGTTGTTCATTAACCGGATGCGCCATAGGGATAGTGTTACGCGATCGCACTGAGTTCAGCTCCGAATAGGGCCCTTTTTGGTCTCACGCTTCTCATGGGGTTCAGCTGACGCGGAGGTAGTTATTGGCCATATGAGAATGTGGGTGGGATGCTTTTCATTGAAAGATTGATATAATCGACGTACCAGTACCGAGTTCACGGATGGCTCTAGTTTTCCTCAAATAACTCAGTTCACGCCCTCGTAGATCGCTAAGACTCTGTTGGCCTGGGTTGGATCCCTGTGCGGTGTGAGCGTCAATAGATGTCCATATATTCCGTACAAACCCTGGACGTGTGACATCTACTCATGAGTACTAAGGAGGTCGCGTGGAGCCATGCTGTAAACCTTCCGCGACCAGCCTTATACTTCGACACCTCCGCTACGCGCCGAAAGGCGCGGATGGGGTACGGTAGTTAGTGGGTCGACGTTAATCTGGCTCTGTCCTCACCAGTCCCTTACTATTGTCTGGCTAGTGTCGGAATCTCCACTGCACTGAGTGTCTGAACCCCGAATGGTACAACAACATGGAGGTGATCCAGTTCGGCTACGTTGCTCTTTAATGTGGGTTGCCCAATGAGGACGCCTCTGCCTATCTATGTGAATTTGAAGGCGCGGTTGTTTAC,1536,49.54,Saccharomyces cerevisiae
SEQ_917994,GCTCGTTACCTATATACCCCATAAACAGTAAAAGTCACATAAATGTCTTACTTCCTTGCCATGCCATAATCTCTGTGGTGCAGTAAGACACTATAGCGATTGGAGGCACCGTGTTCACTCCCTGGGGCGTCGGGCTCTGCCCTCGCCCGCAGCAGCATGTCCAAAGTAGATCCAACTTTCGATGCCGAGAGTCTGCAAGGGACTAAGAATCGGCCAAGTCTCGGACTACGGGCTCGACCGTAATCAACCTCGGGGGCGCGGACGTGCATCGGTCAACCACATCGCGATAGAGTATGCCGTTGCACTCAGATACCAAGGAAGGATGTTGTGTTCTAGGGTGTTTTGGTAAGGAATGGGGAGTAATTCTTTGCAGCACAGCAGACGAGGATAGTAAAGCGATAATCGAGCCGAATATTATCAGACGGTAAATGGTCCTTCCTGTAGCTATCACCGGTTAAATTAGCCGTAGTCGCTATTGGTCCGTTACACTGCAAGGCCTAATCCCTCGGAGCGAATGGTGTTGTCACGGCACCCGGCATCATATCCCGGCCATCAGTGCGCGAGAGCCTTCGTGTCTTTGAGATAATACGCGGTCCAGCTGCGACCAGAAGTCCCGGGGCAGCGGTACAATGAAATGATTTAGGCGGTCGCGCGGTGCGCGACTACTCATCGGGGGCGCTTTCCGTGAATACCAACCCTTTGCACAGGCTAATTGTGCGATTTTGACAGTGACTTCAAAGCAACCTCTGAGTCCTTGAAAACATCTGACGCTCTAACGGGTCGGACACGTAGGGTAACTGGAGCCTAGAGACTAGCCAGGGTGTGGCAACGACGATTATATCTCACGGGTGCATTCTCCGGATATAGATACTTGCAAAGTTCACTGATGCCAACACACGAAGTGCCATGGTGGGCAATGAAGCACATTTACCTAAGAACCTATAATAAGATCCTTGCAGTGTGCTGTTAGTACGCATCGTGCACTGAGGAAAAAGAGATGACGAAGGAATCAACTTCGTACAGGCGGATTCGGGGCAATGAACTTCCAGTTCACGCCCGTGGTATACACACAAATAGTGTGGGCAGTTTCCGATCCCAAAGGGCCCTTTCTGATCCTGATCCGACATTTATGAATCCTCGGCCCGAGCCAACTTGATTTTAGATTTCCTAATTTATCTTTATATTTGCGGTACTTTACTTGTTAGACTGTGTCACCTCACTTCACAGGAGGCGGGGGCCTTTGTACTGTCTGCCTAGTCCATCTGGCCGAATAGTCGAAAGCCGTACG,1288,50.47,Mus musculus
SEQ_580854,ATCTGCCGCTGGGCCGGATGAACTATGCCGGGCTTGGATATGGGGGCAACCTCGCTGTTTGAAATTTTCCCCTGATATAGACACTCTCATCCCGCCGGGATGGTGTCTACCATAACGAGCGCTTTAGCTGACGATCCTCCTTGGTTCCTCGCACCATCCGTTCTTCCTCCATGCCGGCGGACGGCCGACAACCATCTGGGTGAAATACCCCAGATCCCAGTGAGACTTGAATAGTAGTTAAACACCTATTCCCGACTTACCGGTTAGTTCTATCCGGTACTGCCTTGCCACGTGAGGTAACCAAACCCTACAGACGCAACTTGTAGATAGTCGATAGCCAGGTCCAGAACAAGGCCCCTTTAGACTAAGGAATTAGGAGCGGGTTATCCGTGCCCATCCCCCACACCTCCGCGATCTTTTAAGGCGGTTCCGCCAGTCGCAAGTACTCTGTCCTATACAGTAAGTAGATCGTCCGTCGTTCGCTCGCTTGGCGCCTCCGTTACAACTGGTGTAATTATCCTGTAGAATAACAAATGTTAAGCGACTCCGGGAGGTCTTCCCACTGACCGGTAGGCTCACAAGGGCTTCGAAGTTACACGCCGACGGTCATTGACTTGGGCCGTTCGGTGAATCGCCTAGACATCTCGAAAGTTCAAACATCTTGTACCTAAAGAGTGTGGGTCCATCAGGCAGGCATCTGCGACTAGCCAAGTTTACCCATCTCCACCCAAGAAAAAGTAACTTGTCTGGGCGATCTAAGGCGTTGGCTAGATAACGAGCCTCAGTAGAAACCGCAGCCGTTAAGGCGTACCCGCCAGACTGCGACCTTCCGTACGGAACTCCGGTTCGTAGATGTGGAGAGAGGTTCACGTAAGGTGCCCAGAACGGACCACGCAATGACACCCCCTTGGATATTACCTTGTGCGCGGCAGGCGAAAACCCACGCGAATCAAGTGATCTTGCCTACGCTCATTGATCGGCAGACTAGCAGTGGAGAGACTGAGTAGTGAAATCATTCGTGCTTCACCCCAGCTCTGACTCGACTTGCGAGGCGGCGTAGGGATAATCGTGTTATCCCAAGATTTGGACTATTGATTCTAACCATTGTCAAATGATCACCTACATTCAGGATACCCCACGACAGTGCTAATAGGACTGTTCCCTATGCAAGTAAGAACTGTACGGAAGACGAGCCTTATAGTAATTCCACGTAGCTGACGTTATTAGATTTACTTATGGACTGTGCGCCAATCGTAGGGCGCCCGGTAAAGTCTAATTCGTCGCAGGAACAGTTAAGATTCTATATTTGATGAAAACTTAAGTGCCCTCTTCACGGATCATACAGGAACGCCTGAGTTTGTAATCCGTCCTTCCCAGTATAGGATTATGTTTCGAGACGAATGTTCAATTTGGTGGGAAGCTTTCAACAATTC,1433,50.38,Arabidopsis thaliana
SEQ_617565,GATGCTGGCAATCTCAAAGCTCATTAGCTACCGGTCACAATTAGCGCTTTCTACCAGCGCGGACCTGTCCGACGATTGTGCTTGACCTGCCCGCCGTCTCGTTATCACGACTCTGGGTATTTGAACGGTTCGTTTAGTGGCCTAAGTGTACTGCTGGGTAGGCCGACAGGTTACCCGCGTAATTTACGGTCGACCTAATAAACCCCGGATCTTCGAGAATAAGATTAATCTGCTCCGTATTACTTCAACCACGAATAGCAGGGGTAATCAAAGACGGAGGGAATAGTTAGCCCCTCAGCTTCTCCGGTCGGGGGGGTGGTGTCGGGTGTAATAGTCCCTATAAGCGGGTGCGCGAATCTACTCGCTTATCTGTGTACGAAAGCCATAACTTCACGGTCGGAAGCCAGCAGTTGAACGCGGTGCGTCTTGAAAACACACGATTATTTACATTCTGATCAGTGCCACCTGCGATATTGTCTACGTTCAAGACTGAATAGCCAGGGTCGCTCTTGTAGCCGTTGAGGAATGATCGTAAATCGAAGCTAAAACAACGAACCGGCTTGCGCGTCTTATGAGAGCAGCCTAAGCGCAAGGTATACTCACCCGAAAGGTGGGACCCCCCAGAGCGGTTTAATACAGCTAGCTCAACAAAACCATCTTTACGCCAGAGTTCCCCTGGAAGTGATGCCCACCGTAACCGAGGCTTCTCACAGGTCTCATTGGTATGCAAGGTTGCGACGGCGGCCATGACAGTGGGACAAGCGGCTGCCACTCACATACGTGCACCACCGCAGATCTATTACGGCGCTATCCCGCACTCGAATCGCTGGACTGGAAGGGATGGTTGCGCGGATCGCTGCTTTGTTGATGTCCTGTATCAAAATTTACGCACCACCCGACGACAGGGCACGTTCGCACTGTTACTGCCCTCAAGTCGTCTTCGACCTCACGCACCCGTAGGCTCACCACATAGTGCCTTGCGGCCCTCCCAGCTTGGCTTTAGTCAAGCCGGTTGTCACCCTCAGTTCTCTACTCAAAACAAAATCCGATGTGACGCCCAATAGTCGGATGCTGCATTGATTGGTCTGCGCTGGTATGTGCACAAAGAACAATACTCCAGACTTGCCCCATTGATTCAAACCGGGTAGGGATTCGTCACCCTTCCCATACTCCCAGGGCAACAAGGAGAGCGGGGATACGAGGAGAGAAAAATCTGCAACTAGGTAGTTGCGAGTCGCTCGCTAAAAATAGTAGAACGCTGCGCATTTCTATCGATCACCAAGCGTTTTCTAAGTTCGTGTCTGAACCCTAGGGGCGGTCTACACGCGGCGTAAAATGGTGTCCGTCCCGAATTGTTAATAGCGTCACATCACTTGACACTGGCCCATCTGTGCCATTCTGATCCACGCGGGCATTGCTTGTTTAGTTCGTACAACAATCAGGATATCTCACATTAAGCCCAGGGTG,1467,51.87,Arabidopsis thaliana
SEQ_865882,ATCAAACGACATTTTTACATGGGATCACATAGTCTATTTGATTTCTTCGCGAGACTGTTGTGTTCCCTAACCCGTCGAAATCCACGCACGTGATATTGATATGCTGTGGCGCCCCCGCCAACTAAAAAGGATGGGCGTACCCCCGTAGTGCCTGATAGCGTAAGAAACATTTAGTTCCGCGCCAAACTAGGGGAAGGTTGCCTGCGGGATTTGATTGCTGTGTGATGGAAGCTTCGCTCTCCTGAATCTAGGGCAATGGCCACGATCCCACTAATACCGTGCGCGTATGCGAGAAGCTAGATATCTTTGGTAGGGAATACCGTCCTGGGGTTCTGAATGTACACCCCCTCCCACTTCAGTAAAAAACCGATGTTGTAGAATCCGGTAGCACATCTATTGGGCCGCGGTGCGATCTTGTACCAGGGGCCTAGTTCCCCAGGGCCTCCTGGACGTCGCCCATCTTGAGTTTTGAAGACCCGTTCTTGTTGTGGCAGAGACCTAGAGTTTACGGTCCCATTTACCACCGTGCAGATAGCGGCCAGTGCCTGGCGTGTCCATGATTAAAATACATCTAGCAGATCACTCACGCCTGTCGTAACAAGCTCTAGTAGACTCGCGACAGCTTGCATGGATACTAGAATCGTCCTCCGGTGAAGGAGCAGTCTAATATAGCCCCTTAATGATAAAGGCCCTGTGCAGTGGCCCCTCTGGCTCAACATTTCGCCCTGGCGTCTCTCTAGGGCTGAATCAAACCCGTCCAGTGGGGACAATCGGCGCTATAAACCGTGATGAGACTTATGATAGCATTTTAAAACGGAGTATGGTAAAGCGCGAAGTCTAAATAATTTTCCGGGGTGCCAACTGGACTGCGGCAT,875,50.74,Homo sapiens
SEQ_647312,GCGTGGCCGATTTACAGCGGTTGGATGGTAACTGGATTTGTATACTTAGGTGTGACTGTTGCCTTGTGTCGGGCTTTTCTAAGCTTAGTGGACTAAGTGACAATTAGGAACACATTTCTTGTAATCGGTTTCTAAGTCGGTCTTATTTGTGCCGGCGTTTGCGTATGAATACAAACGCTTGCTGTTTTCAATTTAGTGGTTATGGGATAAGCCTGGAATGATGGTCTCCTTAATGTGGGTTTGACTAGTTCCTAGATCCCCCGTAAAGCTGTAGTCTTCGCCACCCGTCGTCCGGGGGCCATAATCACGAGAATAGGTACCTACGACTTTCTAATTGACGGGGATTTGACGCGTATTGCTCGGTCCATACATCCCAAAAAAAATTCCTGTTAGGCCTTAGGGTATTGCAAGATAATTCCCATACACTTCTTCCAGCTCACGCGGCCGAGACGCGAAAGGCCACTTGGGTTTTGCACAGTATGGCACCTTTGGTTAGACCGGGGAGTCCGTTACCTGGAGCGCTAGCTTGATCTCTTACGTGTGTAGGCCGTGGCCGTTAGCTTTTTCCGGGGGCTGCGTAAACACGAGTTGAACATCATGTAGACAGTAATCAATCCAAAAAGATTTCGCCTGTTCTGTCAAAGGCCAGCTGGAAAATATCTCATCTACTTACAGTGAATCAAGTGACCCACCTTAAGGTTAGTATACTCAAATGTGATGGGTAGGAGATGTTCGCAGTCACATGAGGTCACCCTGGACGAACGACTTAGAGCCAAAAAGTATGATGCGCGATCCTTGCTGAGGGTATATCCGATAGCAGATTAGATCTCATCGAACCGCGAAGTTCTAGACGGCGTTTGTAATTTACAAGTAGATAAAATTTC,884,46.27,Escherichia coli
SEQ_237688,TTAAGGAGAGACGCTCCAAAGTCTTATATGCAACGAAGGCTACACAGACGCAGGATGTACCGGCTTATTGTAGTCGCGTGAGCTCGCAGCCGTTTGTCAGCCAATGTGTAGTGGCTAGGACTATAAATTGAGTATTGACGGACACCAGTCGAACTGTCTTGGGATCAAGCCTTCTGTGCCTAGGGCTGGGTCACAGTAAGCTGCTTGGTACCCGACCTTCCCGGCAAAACACATACTCCTATCCATATCACGCGGTTGGACGAAACTTCAGGGTTTTATGAACAGGCGGCGTTCTGGTACGCACGAGTTATCGATACTTCTCTCACGTATGACTGCAATAGTATCGTGTGGGAAACGCCGTCTACGAATTACACCGGGACTGACAGGGGGTTGAGTTTCGAGACGGGTCGCCTCCCAAGAAAGCTACGCCGGCGCTAATTGTTATGTGCAGGCGAGATTAACGTGAGCCGCTAAGTATGCGTGCGAAAGTAGACACACTATCCATATGGCCAATTATAAGAAGGCAGCGATCGTACCTTTTATACCCGCTTCGCAAAGCCCTCTGCGCCAGCCCCTCAGGAGATCCACCAAGGCTAAGTGCACTCGGACCGCCACGAGTCTTTATCGTAACAAAACTCCATCTCGCAGCCCGGTAAGGTTCGCGGTATGCTTAATGACACACAGATGTAGCCCAGATACAAACCATTCCACGTCGCGGAGTGGACTATCACTGGACCGTGCAAAAATCGGTATCTACCGATCGGCTTCGTCAACCCCTGCTGTTCCCTCCAGTTTCGTGGGCTCATAGGGTTACCCCGACTCACCGATCTATCGACGGCGGGTAAGTGTTCTCACGTATCCTTTCAGGAGGGAAGGTAGAAGCGATAGAGAGCAATATGGGTTGGAAGTGCAGCAGCGGTAGGTGTACGCTAATGCGTCCCATTATACAACATGATTAGGTATCAGCCAGAGTATCTTTTGTTTTACGACCTGCTCGATGTAG,1003,51.15,Caenorhabditis elegans
SEQ_547001,GGATTGTGTCGATCCGAAACCACCAAGTCGGGATTCCGCCCACCAGGCCCATACACAGGGGGCGGATGTTGTCATTGCCGGGACACACTCTGCTTCTTGAGTTCACGAGTGGTATAGTCTCTGGCGTGTATCGATGCCTCGTTTTGCTATTGGTTCAAGTGAATGGCCGAAGTTCAAAATACTAGGAGTTAGCGCTGCATCACTCATTCAAGTGGATCAGCTAAACAACGACCACACGTCGGGGTCGCCTGTCCTTACGATGTGTACTCCCAACTCCACCTAGAGAACTATGCTTATTAGAAGACTGTAGACGTACAGGGGTAACTGCGTAGGTTGGACCTAAGGCTCGTCAATGATAAGGTTGGATAAGTTCAAGGCTTTACACTTACGATATGTAGATAGCGTTGTGAAAGCCATCTGGCTATGGCTTATGGACTATACTACGTGCTTCAAGATTGTAATCCGAAGGCTTATAATATATTCTGGCCTCCGTGCGT,497,48.09,Homo sapiens
SEQ_313708,AAGCGGGGTGGAACCTCAGCCGATCGGTACCGCGTCCCCTGTCCTAGCAAGTCCATATGATAGAGTAAGCTAGAGGTTTGCACCCGCAGAACCATACCGTCCAGAACCCTAGGTAGGTTCGTATTATTGTGCATGTCGTGATGAACGACGGGCGGGCGCACCAAACGATACCACGCGGACAAAGGTTCGTACCTTCACTTATTATAGCACGGACGATGGGTACTACTTATGCCTCTTTATCAAACACTCACTAGCATCTGCTAGGCCACAGCCCCAGACGTTAGTTTTTGACCTAGTTCGTTAGGTCGCCCAATCTTAATCCACGTGGACAAAACACGCATAGACGCTTCGCCCGCGAACTGTCCGGACTACCTGAAGGGTGTACCTGATAAACACAGACCGGCTTTTACACAGAAGTACGAAGTGTTCACTGTATGGTACCTGATGCGTCTGATGGCACATATAGAAATCTAAGGTACCATCTACAGCTTCCAGCTTGTGTCGGAGTGCCTGGCTCGGTCGCTCTTCTCGGCTTTATACATATACGCTCCCTACGCCAAGTTCTGTGACCCTCCAGCGTAACGGCCAACATTGGTAGCTCAAGTTCGTCGACGGCAGCTTTTCGCCATCTGTCCCGTGCTGAGAATGATACTCACACAACTGTTGATTTCTGGATGCTGAAGTTAGTCACGGCCGTAGCCCTTGCTAGAGGCAGTTCCCCCGTGTATCACCTCTGTGAACGTTCAGCATCTGTGCCAGTAAAGAGTCGATCACTCATATGAGAAACGAACCGCCTCAGTAATAGATGATTAGCCGAGCCCTTATCTGTAATATGTCCTTGCGATATTGATCGCAAACCAAACCGATAACTTTGGGTGCCGCCGAGCTCGAACGTTGGAGGAGAAATTAAGATCTTTTAGTACGCCGATCCCGCGTCCTTCCAAGCAATCTTCGCCATGCCCACCGGTGGCCCGAGTGTGAACGCGCTGTTATCATAGTCCATTGCTGAAAAGGGATATGGGAGTCCTTTATGATGTTATACCATTCTCATTATGTGTTTATCAGAGCTTCGCGGGGGCTGGCGGAAGCATCCGTTTGCATTCGTCTGGAGGCCACCCATTGCGCGGTTCATGCTCTTCAGATTACCAAGGGCGTGTGTATTAAATTAGACTGCCGCTACAATACCCGTAGACTGTGATAACTAGGAATTGCGGTTCCCTATATGCCCAGTTTTCCAGCTTACGCTGGGGTTCCAGCGGCTCGTGAACAGGAAGGAAATCATAGGTGAGTACGAGGCTAACACTACTGCGGACGTTGTGTGGGACAAGCCGAACCCTTGGTGTGCTAGGCAACAGGGTTCACATAAGGCGAAGGTTGGACAAAGAGTAGGTATATCTAGCGAAGA,1405,50.46,Escherichia coli
SEQ_512039,GCAACTTGCACCTGATTGCTAATCGCATAAACAATGAAATGAGCGCAAGGAGAGTTCTCAATCGCGTTTGCTGCCGAATTTAGATGGCATGAGCCACCCTGGGTTTCAGCCTGTTTTTACAGACCTCGAGATGGGGCTCTCCGTCTTTGTAGTGAGAGAACTCCCCTGCAGAAAGGATAACTCCGGTAAGTACGCAATACGCGGTCAGATAAGTAAGCGTGCGGGAACGACCCTATAACAGGCATGTCGGCCTGTGCTCTCAGCAACGCTAGCGACAATCATCGCGCCATACAGCCAGACTTCCACTGAAGGTGATGCAGACCAAGTTAGGAAGGCTCGGTGCATATGAGCTAACGCGGCGACTTCGGGCTTTTTAAGAGCAACCCCTGTATACAAGTTAACCTATAAAGTCATTGCACTTCTATCCAAGGTGCTGGCTATACCTCGAGTTTCCTGGCAATGGTGGAAATACCTGTCGAAGCCACGCGATTCCAGCGACTGGATAGTGAGAGATCTAGCAGCCCGACCACCAAGATTACGGGAGTCTGTTTGTCTTGGCCTCCAAGTCTCGAGGTTCACTCTCGCTT,587,50.77,Arabidopsis thaliana
SEQ_903762,AGTGAATTTCCTCGTAAGGGGGAACTAAGAGTTCATAAAAATCCATCCCGTCGAGCGCATTAGGGCAAGGATGATTAAATCTCAGGTAGTCTGCGGGTTGGTTATGGACGTTCTTTCATATTAATTGATACGTCAAGGCAAGATTGCAGCGCCGCAAACACCCGAGAGTTCAGCTCGGGAAGCGCTATTAATAGTGGGGTCGAGAAGGAACGCCGAACCTCCTCCAAGCTTTAATTCATTAGCATTCTATATGGAGCCGATAGCGGAGTGAGGACACTCCGACACTTTACTGGGCCGGCTTCTATCTATACCCGCTAATCCAGGGCTGATGAGCTTCGTCTTACCTCTCTATAGATGAGAAACTCGATGGCTGAGAGCTGGAAGAGGCGCCCATCTAAGTGGCAGAATAAATTTGGTTACTCGAGAACCACTGCCAAGTCTATTGGTCCATACTCATGCCATCGTAGGTGCGGTGGATATCTCGTGAATTTGAACCGCGCCGCCCATCATGGACCTGTAAACCTTCAGGGAACTTGGACAACTAGGTGCGCCCTCTCGGTCTTGACTATTATCGGTTGGTTGACATTAGATGGACATCTCGGATCCCCGACCGGAAGGCACAATCTACAGAATGCATTCTTGGCATTGTCTGGTGAAGAATTACATTGGTACAGAACTATGGCTTTCTGTAATCATGCGGTCCAGTAGATTATCGGTCGTTGATTGTGCTCTTTTAGTGCTCGTGTCAAGGGGCTGACCCCAGCAGGTGGTGTCACAGTCTGGCCTTACGTCTACGAGAATGGCCAGTCTTCCTGCAGGAAATAGAAATAGCCCTAATCCCCTTGGACTGATAAGAGCATCCTCTCTCGCATCGCGCCGAATGCATTGTTAATCAATAAGGTCTTCGGACCACTCGATTGCACGTAACCTCAGCGTGGGACACAGGTTTTCAGCGGTGGGGCATACGCGTCCTCGATTCCTGGATAGAGACTGATGGGGCTATCGTAGTGGTGCTGGGCGATGGTACTCGCTCGTAGAGAATCTGCACGGCCAATACGCCTGGTTTACAAATTAAGACAAGACCAGGTGTCCTCACTTGCTCCTTCGCGAAAAATATGCAATCTCAGACGTTTTTATGTTAACTCTGTCTCAAGACGGAACCTATTCCTACCCCACGCTACGAATCTAATCGCGCTCCGTGCATCTGATGAACCCGCGGTTATATGTCAGGTCGGTTCAACAAGCAGGAGGCGTCCTAAATCCTCAACAATCGCCAATAGGTACAGTGCCTCGTACGAACACGATCCGTGTGGTTCAAACTATCGTACCATTTCCCGCATCAGTCATTGGGCGAGCAGGTTACCTTGCTAACTCTCGCAGGGTCAGCAGAGGAAATGATGGAGCTTCTCGTTCCATACGTCGTTTAGAGTTTGAACAATCCCGCCAATAGTAAACTATCCCTATGGTTCTGCGTTACCACATAGCGTCACCTAACGTGGACCGATCAGTGCGAGAATATTGGGGCTGGTCAATACCAAACCCTAATGTATGTTCACCAAGGGCAGTCAAAAAACCTTACAATTAGATGTCATTCGAATTTCCGGGGGGATCCCGAGGTAGGCACGTTTGAGTCGTAAACAGTTTTAGCTACGTGAATGGACGTTGCTGATGCATCTAAGTCCGAGGCACGACAAGAAT,1698,48.94,Caenorhabditis elegans
SEQ_767152,ACGTCATCTAGTGGGAGCCGAGGTTGTCCCATACAAGTTTCATGCATAGGTGGTCTCCGTTCGTAGCCCTAAAGAGTGTTAAAAAACGAAAGGAAGTATATAACCAGGACTGAAATCGGGTAGTGTGCCCATGAAATTTCATTTAGGAACTCAAGCGAGCCGTTTTTGGCATAGAGGCCCTGTCTCGCTCAGCAGCAGAACGGTGCTGATAAAGGCTGGGTTCAGTCTGCTCGGAACTAACAGGTCGCATAAATACCTACCCACGGGTCGTTACTAGTGCAAGGTACGGCCGCGGAAGGAAGCTTAAGAGGTAAATAAATACGGGGCGCATTCTATTGTTCCGTTGTATGTGGCGCTCAATAATTTAGTTCGGGGTGTGGTGAACATCAATTTGAGCCAACCCAGGTAGGTAATCGTCCCGGTCTGAGCCCCAGAAGTGTCAGCTGGTATCGGGATCGTACCCGCAACCATTCTAGTGGCTTGTCAACTTTCCGCTGGTTCACCACAACCTGCACGCCAAGGCAATTCGATGATCATAATGCCTTTATGAATCGTTGCCGCAACCCTGAATTGCTTGTGGATAAATGTGAGTAAGTTTTCGGAAATGCGATGAATATCTCCTGGATCGGATACCCCCTCATGACCCAGGCATGATACTCTAGTGGAAAAGCTTCAACTACTTGGGTGTGTCACATACATTCCGATATCGTTCAATGGTTTTTTAATTCCACGAATATGCCATATCTCCAGGCAATACGGCTGACGAAAGCATGATACTGCTCTCGATAAGGATGCCGGGCCTTCCCATCGCTACCTAGTAGGACGGTGAGACACGCGGTTCTGAAAAAGTCATGTCTCCTAATGGACGGGCTACCTATTCATAGCGTATCGGAACACGGACATGGGTCCATTCGCTTGGACTGGGATTTAACATGGTTCACCCCTATATAGTCCATTTATTGGCGCGGACTTCAGCTCTTATACGACACAGTAACCAAGCTAATTTCGGCTAAGACCTGATCTCTGGAAGTGTACACAGAGGGAGGAGGGGCCATGTTGTAGTGTCATATATATTAGGGGCATCCTCAGCTGCCGTTACGGTCTGTGGCCAGGTTTTTGATATCAAGACAAAATTGACTGAGTGCCAGTTGGGCGCGTTGCGTGGATTGCATTCAGTATTAACCAAGACAATTCCAATAGTCTCCGGACGCAAAGATATAGCTGATTAGGACAATGGACGGTTCCATATGCGACCGAAGGCCCGATACGTCTGCTATTTGATATTGCCTTTAATGTGTCATCTGCAGTCCGCTGGCTGTCGAAACTTCGTAGCAAAAAGCATCGTGGCTGCCAACGCCTGCCTTCCATACGATCGACGCATTCATAATTTTTCGAATAACACGAAACTGGTTACGCTCTCCGTCACAAAGGGTTAGCTTAGCGGAGAATTACTAGTGCCCAGGGATATTCGATCGCGGCGAAGATTACTGCGGAAGACACTGTGCAGATTAGAGAATAGCCTTCAGAGAATAAAGACGTCTTGAGCCGAAATTATGACACCGTA,1564,47.7,Saccharomyces cerevisiae
SEQ_387249,ATTAGGCGAGGTCCGCGTATCGAACTAAGATAACTGGGACATCTCCCCAGAAAGTTACCACGGGCCTGAAGTTAGTCCGCATGAAATTTGTATTTCGAAAACCGGTGGGTAGACACGGGCCCGGTTCTGAGCGATAAGTTACGACTTGTCGTGCAACTAGATTACGGTCAACGGGGGCCTTCACCACAACCCCTCCTGACTGTTTAACCCATATCACGCCGTCTATAACCGGACATGACGCGTGATGCACAGGACTGTTACCTATGCATTCCTGCGAAGATCTCTGGCCCAGATATAAGGTTACGAGCTAGACAATCGGTCCCTCCACTACCTCTTTT,338,50.59,Mus musculus
SEQ_285616,TTACCCTCTCTTGAATCGGCGCAACCCTAACTTTGAGGGCTAACTCTCTTCATCAGGTTTTTAACCGAGCAGCCGGCATTATATCTCTCTTCTCACCCTGCGAAGCCGTATCAAAACCCTTGTGTGATTCCAGATGAATCTTGGCGTTCTCGCTGATATCTTATCCTGAAAGAGTTACGTCGTGCGGGTACACTGACAACCAAACCGGTCATATCTGCCCGAGTGTTATAATATGGTGAGGCGGGCAATCAGATCGCTTGGATCGCTGATCTCCTCATACATCCCGGACCTTACCGTTATCACTATGAGGTCGAGGCCGCGTGCTCGATGCTCTGCGCGCCATAGCGGTTCATGGAGCCACGGCCGAAAGCACGATTAAACAGACTTATGGAACCGTCGATATTATAACGTTAATCAACGGAGCGAACCATCGCTGGTCAAGTAGAATACTTTGCGTCTCCTATTTTTTTGGCACGCACGAGACGGCAGTCTCGTCGCTGCAACCATCCAAATGGAAGATAAGATCTAAAAGCTTATCTGAAACAAATTAACACGGAAAACTCTATCC,568,48.06,Escherichia coli
SEQ_596688,GGGCATACGAAGTCCGAGCACGAGCGGCTACCCCGCCGGCGCACTTTGGTCCACCGAAGAGATAGCAACCCTGTAGTACTAACTGACGGATGGACTTATGGTAACAAAATCGTCCAGTCGGTTATTCACCCAGTGCTAATTACTCAAGGAGTCTATTATGATGCCAACTTTGTGTCGTTGACCACTGAACATGCTCGGGGTTACCGCCGGAGAATTTGATTACTGTGGTGGCATCTCGAAGAGCGATGGGTCCTATGGCTCTGATTCCCTCTTCCGCATCAACCCGCCGGAGATTCCTCGAAGAAGAGTAATACCATCTCAAAGTCGACTTGAGAAGGCGCCCAGTAAAGCACGTTTCAGTCTTATAATTATCACTTTCTCGCGTCCTACGCGCTCACAGCCGGACATCATGAAGCTAGTCCTATCTTGCCTCTCGCAGGCCATTACGCCCATCAGTATAACCGGATGACTTCAGAAGGCGGCTACGGTCTAGCATACCTCTTCTATCACTCAAATCATGCATAATAGACCGCGCAGGGCTTGATGCTCACGTTCAACCTGCCTTGCTATCTAGGGGAACAGTTCTCAAACGTGATGATCCGGTAAAGGCGAAGACCGTTTGGTCGACACGGGCTCGAACTTGTTCTAGGACTCCTTGCGATAAAGAACTAGGACTGTAGGGGACGTGTTTTAAATAGATTCGACAAGTAGGGAAACTACGGACGCTCGTCTGAGTGTTCGGCTTCACGCAGCCTTTTTATCAAGTACGTGTGGGATTTAAATAAGGTGAAAGGTACAGTCCGCTGGTTTGGATGACGGCTTTGAATGATCCGCACGAGCCCGGCCAGGAGAAACATCAGGTTCGAAATGTGTTCCTGTAAAGATGATAGACCGATTTTCGCTATGTGCCAACAAACGGAATGTCCGGCAGTGAAGCTATCAAGGGGTTCTCATCACCTGAGGCTACGAAGACGATCAACTACGATGGGGCAGCTAATCTAGACAGGTACTCGCAAATGTACTGCGTGGGTACGGCCGGAAAATACTGACAGCGGTCATCAGGGGATTTGAAGACCTGGCCTGCCAGTATAAGACCCCCCCGGTCGCAGGGAGGGTCATGCTCCGCAAACCTCTACACGTGGCTGTGCTGGCCCCAGGAACATTACGAGATTACAGTAACCCTTTTATACGCCGCCTGCACACCCTCGTTACCCTGGCGAGGAAGGTTGGTAGATCGCGGACTGTTATAAACGACTCAGGGTCTGCACCTATTCGTGCACATCTACTTCGATACTGCCCCGGCTACGCCCCCTGGAACTCAGCGACTCTCCAAACATGAGAGGATTTAGGCGTGGCGATAAAGCACAGAACTAGGAAACAACTGGGCGGTCCAGACTGAGCCGCCAGCTAACTCGTCACAAAAGCGTGGGTGAGACAAACCAAGTCAGGTTCCTTGCGCAGGACCTCCAGGCTTTACTGTATGGCTCGTCGTTGTAAAGTTAAGCCTGAGTAAAAGGGAAGAGGCTTTTAATTCTTTCCGTGACACGACTCCTATTATTACAGGAGCGTCGTGAATATTGCCACCACGGGGGATATCGGATGGTGTCGGCTCTGACATTGGAGTCTCCTATCTTCAGCACTTGAGCCATTAGAGGGGACTATCATATCATCGTACCTTGTCTAATAGTACAATCGTAACTCCCCGA,1706,50.82,Escherichia coli
SEQ_800019,GACCGTCCTCCGACAACGATTCAAAATAGATTGCTTAGTCTACCGGCCACCGTCCAGCATCATCGCAGATTGGACAATCACCAGGGTGCGAGCGGGAAACTAGTCCGGCCGATCTTATGGGAACACGCTGACGGAAATTGGAGTTCGAGCCTGGGAATGACTACACTAAGATGGAATATGATAAAGGCCTCCAAGGTTAAGGGTGAAGAGCTCCTGCTCACAAGTCCTTAACCGCTGGCTCTCTTTGCATAGAGGTGCTAACTTTCACTTGGAACTGTCAATCCCCAGGGTTCGAGCATCGATACGACATAAGATGGGAGACTTACAATTCAGTTGCGACTCGGTTTGCGTTGGTCCAGCCCTCCCAGTGTCCCTATAGGGTAGTAGGGTACGCAGTTTGAGAGAGCATTGTTTCCTTTTAACCGTGTTTCAGAAGATGCAGGCTTAATAAGTGCACGTAGGCATTCTCCATAGCCCATCTCCATGAGGCCTCAGCGCGCCTTCACAGTACGATTTGGTCTTCGAAACCTGCGACGTGCCCTCGGCCTAGCTCAACCCGTTTGGGCAGCGTCGAAATGGGCTTTGCACGCCAGCCCTCCTAGTAACGTATGTGAAAAATACCTCAGCTCTCGGTTAGAAATGATCCGCCCTTTGGTCCCTCTCCAGACGAGCCACCTTAGGCCGATAAGGAACGGTGCGCCGCGATCGAAGGATCGGACTCCAGAGAATGAAGTCATGGACTGACATTGATGGCTCGCAACACTCCGCCAGTTCAACTTATGTGCCTCGCCTATGACGGGCAAGTGCTAGGGGTGACGTATAAACCCCAACAATATTTTTCGTGAAACACGTTAATGGACTAGTTGACTACTGTTGTCGGAGACTCTCCGTAACTAGCCGACAAGAAATTATCCTTGTATGCATTCAATGTCATGTACACCTCTTAAGGAG,951,50.58,Caenorhabditis elegans
SEQ_563681,AAGGTGAATTCTCCTTCGCTTCATGACTTCCAAAAGTCGTCTGTAACCCCTCATAGATTTAGGTCCCCACATATGAGTAGGGATGTGGGAGGGACTCTGTTAAAATGGGTATACTACATTCTGCCACAGTGTTGGCGTTTCACCAGCAAAAAAAATTAGTACGTACTCCGCGGGGTTGGAAACCGAGTCGGTATACGGACCAAGCCCCCTCTCTCATAGATTGCCTGGTCCTATCTGACTGTTGCAATACCAGGGATCGATGGGACCCTGCAAGCCTTGAATCCTGGAGCGTGGACCACAAAACCTCAGTTGCCGGTGGGCCGGGTTACGGTCTATCTAGATACTTCGGTTATCCAATCATTAATTCTTACTCAGGGCAGGAATCCGTCCGCCATGCCCCGGACTATTTACGGGTTTTATTAACCCTTTAAATCGCGCAGTACCTACGGTGCCTTGTGTCGGAATTATGATTGCTCCAGTAGCTCTCCGCTCAGGTTCAGTGTACACATAAGTCCAATACCACCGGCATACTGAAAAGGCATTGGAGACAGAGAAGAAACTTCGGTCCTTAGCGCGATACACAATCGCGTTCCTAAGACTATGGGGGTGACCTCCACAACAAGCTGGTAGTCCCCCCCTTGGTCTGAACATCCTTGGGTGTGCGTCTTACTACGAGGGCCTTCTCGGCTGTGCTTTTCGGGCATAGCCAAGATATCCAGTGAGAAGCGCGTACTGTCCCAGACGACGTTAGCAGAATAGGAAGTAGTGGCATACATCGCAGGGCAGCCCACTCGATTGTCCCACCCCGTGTTCACGATGCCTGTAGGTATTTCATCGTGCGCTAGCTCCGATTGTTGGTGATTGGAAAGAGGTTGAAGACAGTTGCGGTGGTGCAAAGTGTCTGCCTTCTAGCTATCAAAGCACAATAGAAACCTATGAATAGTTTGACCAAATGAGACATGAGCTACGTACGCCTTGGAGGTTATATCTTTATAATTTAATCCGGCGTGAGTCTTTAAACCAGAAATATAAATCTGCCCGGACTAGTGGGATCAATTTAAACTCGTTGTATGATGGACGTATCGTTACTATTTATCCCATGACACGGCTACATAACATCGCTACTAGGGAATGTTGTGTACTGCGACTGGCTGTTAGGTTCAACGATCCAGTGCCGCGTTTGGTACTTCTTAGCGGTAACACTTGAAATACTAATTAGTGCGCACAGGTAAGCGTTTATACGGGTTGCGAGCCTGTGACCAACATTGTGAGTAAAATGGACATAGTCCCAACGCTTTAGGCCCCTCTTGTTTGCTATCAGTGTGGTTGTAGAGCCGGCTCGACGAATGGTAGTCCATATAGAAAATGGTGCGTTGGCCTACGCGCATCCCCCGGACGGCGGGGCAGTTCCTGTACGACAGATCTGAGCCTCCGACGTGTTTCGCATCCGGGCTCTACGTCTTTAGGCCATGGTCGATGATCCCCCCAGAAACGAGTGATTCGACGACGGCGATGGTCGTATACGCTC,1528,49.48,Mus musculus
SEQ_333813,TGATCTAGCGCATGGTAGCGGTTGCGTATACTTCCCATCAGTACAACTGGGAATAGTCGGTTACACGCGCATCCCTACTGTATCTGCTACAGTCAAGAAAGGTGTCTAGTACCATGACGTAACATATGGTATCCATTCTTTGAGCGACCTGTTTAGGGGTTCGTATCATTCGCTTCTGCCGATAAGCCAAAATCCCTTTACGACAGAGATGGCCGGCCGCGCAGAGCCATATATGTCTACTGACAATTGGCCGGGCTTGCGAGACCCAACGACACATACTCTCGCTTCGACATTACTTTTGCCCCCAGTGATCTGCTCTGCGATAGGAATCGGTTTACTAAGATATTAATGCGCACTATTAAAACTTGCCTACGGATCCGTCCTAAGATCACTCCGGTGGGTTACGAGAAGGCCGGTTCGCCTAGGTAAAGAGTTGAACGCTATACCACCAACCGGATGCGGTACTTCCTCCGCTTGGTCTGCGTACCTAAGAAACTTGATATGTATGTGGGCTAAACGTTCTTTAGTGGAACTTGCTAAGAAGCCAGTTACCCGGCGCGTAATGCTGGCATATAGCAGCTGTTTGCCTAGTGTACCGTATCCGTCGTAACAGCAACGCCAGCGGGCATACATTGATTCGGTGCGTACACAGGCAAGTTTACCAGCTTAAGGGCGTTCCCCAGTTCTCCTGTTTTTAAGGCTGACCTGAGAATTTTACCTCCTCGTCGAAGAATATTCCCAACCTAGAAGGATAGGTTTGGGCTCTTAAGAGAAACCCGAAAATACGTCCCCTCATCAGCAGCAGCGGGGACGTGGTGCGTTTGGATGCACGATAGGCTGCGACAACTATTCAAGCCTTTAATCCATCACTGATCATGGGACGACACTGTTCAGCGTGTTAGAGCGTTGGGTACAGAACTAGTGAGAAAAGCAAGACACGGCATGGTGCATGAGTACATGCACGCCGAGTGGTAACATAATTCCCCAAGCAGGGCTTTTTCGTGAGGAGTGGGTGTCTATTCTGTCAGATACATCGTTTTAGCATGGAAATAGATTTCTGCCCGAGCGCAACAGTAGCAGTTCTGTTTTAGTTGGGACGCCTTCGCGTGCGATATATTCAATGATATAAGCGCTTTATTTAGGGTCTGGGCAGTACCGACAGGAATGGAGTATGGCGCTAATGCCACCAGTTTTAGACGTGCTCTTATGTGCGAAAACCATGGGGTAAAACACGAACCTCCGGGTGGGGGTGTGGGGTCGTTTCCGATTCCAAGGGCAGATGCACAGATCCAGGAAAACAGGTAGGTCGCTAACTAGCATTCGGCGACTCACTATCCGCTCTGCTCATGAAGCCAACCTATTAACTCTCCTAGCGTCGGCCCAGTGTGCTTTCGAACGAGGATATCGGGCCATACACGGGGGATGGTGCGCTTAAAAACACGGTGCCCGCAATGGACGGGGTGCGACCGACAGGTACGCGCTACGTCCGACACACAATGTCCCTGCAAGACCTTGCTGCTAGCGTGTTTCATTTTGACGCCGGGCGTTTACTACTGACCCGCCATTCCAAACGATCTACGGGCGAATTTGTCTCGCAAACCCAGGTCTCGCCGCCTATATTACACTTCACGATTAGGGCACGGACATAAAGAAAGAACTGATGGCTGCTTTCGTTCATCCGCAACCAAACCGACTGACTCTGTTCCATGAGGCACTAACA,1720,50.29,Drosophila melanogaster
SEQ_275472,ATCCGTCTCTGCCGATTGTTTCCACTCCGAACCCTTTAACAACCGCCGGGATTGCATACCGTTCATGCCAGGTTAGGGCGCGTCCCTATCACCACAACTCGAACCACTTGCGGGCGGTCTAGGGATCATTGACCGGCCTATGAAACCCAGGGGCCGAAGGGTGGGTGATTAGTGTTAGCTCAGGGACATAGTGTCGGTGGGACCACAAATCATGGTCGCTTCAGTTATGAGGGTTCGGAGGCGCCCCACAGCCGGACGGGGTACGGAACGATGATCTTCTTTATCCCTCTCATAACTCTGTAAGGTACGTGCTCAGCCAGTGACGTAGAATGGGCGTTTTGATTTCTTGACGACAGTAGTAACGCGATGGAGGCGGAAAAGACGGTACTCATCACGACCCTCTCGGCTGTCTGAGTAGAGCCAGTATGTTTGCAATCGGGTATGCGCTCGCAAACTTTTAAACGACCTCAGTATAACCCTTCGCCACAGATCCAAATCGAACTACACCGCGTGTCCAGAACTGGGCACTTATGTTTGAGCTTACAAACACTTTATGGTCTGCTTCGGGCTGATGGCTCGATCCATGTGGCAGGGAATGCCGACGGGGAGTTCTCTTCCATGCAGGTCGGTGCTTGGGGTTCTCAATGTATGTAGCAATACTCTTTGCGTGCACCGCAATTATGTCTATCCTTCGAGTTATCACAGCCATATGTGCTAAGGACAGGCATATATGTCCCTCTGAATCCTCGGGAACGAGCGTGGTGACAATACAATTCCCTTTATCATTCGCTCAGCCATCGAATGTGTCCCCGTGACCTCGTGAAGTGAGGACGCAGTCAAAGATTCATCATCAAGCATCCTTATCATCCCAACACCTTAACAGGGAGAAGTTGAAGCTCAATGGAGTAGTAGATAGAGGACACCCCCACTCAATACACTATTCGGGCAATTCGACAAGTGACCAATGAAAGTGAACAGCCCTCCATACGTCTTGGCTTCGTGCAATTACATGCTTTCTTATGCTGCTATACCGAAGACCATTCCGACAATAACATGCACAAACATGAATATAGTGCGGGGCATCCCTGGGCGGACGGCTTTAAGCTGCAGCGGACAATAACACTTAGGTAGCAGCGCCCGCCGGCAAGGCTTACACCCCTAAACGAAACATACGAACCGAACGTGTTGGCTTTAACAACGGACTACCACAAGGTCAAGTGTGCGAGCAATACTGAACGGCCTTTCCTGTGCCAACCAAGACTCACTAACCGGGGTGCTTCCCGATGGCCTTTCGGTGCTTACATTGGGGAGGAAGAAAATGGGCTATTGAGGTAAGAAATTCCAGGATTTAATGGCACACCACAACTTCGGAGATTCTAGCTCACCAGCACCGACCTGATTGTAGGCATACATGCTGGGCGCGCGCGGTGTGTTCTTTGTAGAAATTTATTTTTTAACAGGTCAAGAGGGAGCGTTCCCTTCAAGTTATGCGGCCCGCATGCCGAGCGAGACTACCGCCTTTT,1523,50.76,Mus musculus
SEQ_789885,TAAGGAGAGGCCTTCACACAAGTCGGACTACGCACTGGCCGCCTTATAATCACATCTAGATTGCGCCACCAGTGTACTGTACGATTACATGCACCCCCACCTTTAGTGCCTGACATCAGTATCGTCGGTGTACAGAGTCTTTACCAGTTCATAGGCTGATGGTGCATATTTAGTAAGATCTCGGGGACTTACCTGTCATATATTTATTCGCCATGGGGTATAGATTTCGCGTCATAGGGTCGTTCGGGATTTGGACGGTTTCCTAAGGGTTTTACT,276,47.1,Caenorhabditis elegans
SEQ_320882,CTCAGGGCAGCATTAGATATTGCGAGGTGAGAATTCCCGGGGAATTCCGACGCCATTAACAAAATCGCATACCACAATATTCTAGAGTGGAGACAAACCATTGGCTTGATACCCAAGCTAGTCTCAAGATATCATCCGATGAAGTCTAGGCTAATAGTCTCGTCTTAAGGTCAATGTAGGATGCATCTCAGCATTCCGGACTCGGCATTAACTTGGCGTTAGGAGCGATAAATATGTTTATTTTTCAGATAGGACCGGGCCAGAGCTGTGTGCGCGAACGGAGAACCCACAAGTACGGCGTTCCACTGTGTGCATACAGTGACACTACCATCCCCGCTCGGAGTGAATCATAGGGAGCATGCCTATGTATAGTGGGACCCCTTCTAATCATCGGTAGGTCACGCCTTGTGAGTATGCCGCTTGGCTACAAAGCCCGGATTCTTTTACTTCCCACGGGCCGGTCGGCGCAACTCAACCCGGTTGCTTTAACTTCATGCTCTACTAAACACAGTCAGCATCCTAAGTCTTCCGGTACACCGTGGCTCATTATGGCGCCCGCGACCTATCCTCAACTGCCGCACGTCCATCAAAAAATCATGGAAAGCAGTCATTCACCCTGTAGGAACTGAAACGTACGAGTCACACCGTTGATTAGTACACAAAAAAGCAGCCTGACGGTTGGTGGACACCAACATATCTCTACAACCAGATTAGGTATCCCCCTCCTCAACAAATAGCGTTCCAGATGATTAATCACAATCCTAACCGCGTCGTTCTGTAGGCGTAGACTTTGTAGTCAGGTCGGGGTGGTTGGCAAAGATATTTAACGCCGACCTCTTTAGTACAACGGGAATCCTGAGTCTTCGGATCATGTATTACGGCGTAAGCCGCCCTCGAGCCTAACTTTTTCTGAGAACAGAAATCTAAAGGTTGCCCTAGTGTGCGGTCTAAACTACCCCCTAATCGTGGGCACCCTCTGAAGTCACCCCTACTAGATCGCAAGCATAGGCCTGCATATTATCGATACCTTCCGAGTATCCGGCGTTAGCCTGGCGGTGTGCACCACAGAGTAACTTCTTTCCAATCGCACAGAGGGCATTTTTGACGATTGTCGCAACATGTGCCGCGCTTATTGACCGTAAGGTAAAACGCGACTCAGCATAGCATTCCATCGGCTGCCATCAGGGATCGGGTCTTTGACACTGACGGCATGCACCCGCGCGCCTCAAACCACGAATGACAGGCTTATTGCAAGATAGACGGCTAAGGGTTGAGGTAGATCTCTTGCGGGGTGAGAGGGTACATATGGCGCTCCTCTGCACCTATCACTACATTCACCCGTATTATAGTGTGAGGGACAGTATGTGTATTTTCAATACCTACCCAACGACACCTACGGTATCGAGCCACTCTAATTACCCGAACGAGTATATCGGGTCCATACGACCATATATGCATGAGGTGGCGACGAAGCCCCATTCGACACACCGTAAACTAATCTCTTGTAACCACCAAGTAAGAGAGCCCTGGTCAATGAGCCTGATCGAATTAGGTAACAACACGTATTACAAAGGACTCGTAAGGTAACTTCCTAGGATCAATTGCACCACTGGCCAACCCGCA,1623,49.35,Homo sapiens
SEQ_795836,CGCCAGAGATCTGGAAGTAAGTTGTGTAGAAATGTATCAGCACGAGTCGGAATAGATGGGTCAAGCTGGAGAACGCCTGAGGATTTCTATGTCACGTGTATGCCTTGTAAATTGTTTTTTTCATGGACCTACGGTGCCTTTCCTTAGGGATGTGGCCTGGTCCGGAGGTGTGCGGGATGCTAGTTTTCTAACTAGGAAAGACAATGTGACTAAAGGAACGACGCTTTTGCGCGCGGCGTCCCTGGAGGTGTTTAGAGATATATTCTGCACCCGGATAACCTATGGAACCATGAGAGTCAGTTGTGCATAAGACACGCGTATTCTACCCTATACTAAGAACTCTGAATCGCAAGGACTTTTTATGTCGCTCTATGGTTTTAGGTACGCCCATTGATGCAGGAAGACAAATAACTAGAGATACCTAGTCTGGCCGCTCTTGATGAACGAAACTCTGCCTATCACGAGCCGGACTCACGATTGCAGTAAGCAACTGTCGTGCCCCTACGTAGTAAGCTAGATTTTATGCCCGGTCGGTTGAGTATCTGCAAACTCCCAAGAATTATCAGAAGCGGTGCAGCTCCGTGGGGGCTCCATAAGCTGCAGGGCTCAAGTGAAAACTTCTAAGGTGTACTGTATCAAGCACCGGCGATTGAGGAACATGGTCGTATCAGTGTTTTACTAGGTAGCATGGGAAGTCTGGAACCAACCGAGGCACTCCGGACAAGCCATGCCCAGAAAGTTTCCGAAGCCTTTGCCGCTGTATTGAACGACTATCCGGGTAACAAGGCACGTAGCCGACGAGCATATGAACTTCTAAGAGCGTATCTACCTCTAACGCCACGTCCCAAGCGTGACAACGTCTTTCACACGGACTTAGGAACAATACGATACCACTGAGCAGAAGGTGCACGCTGGCCCGCAAGGGCGGATTCAGTCATCCACGATCTCTAAGTACATAGGGAGAGTCCCGCACTCAGGTGCTATTAGCTAAAAGTGCACAGGGTGGCCCCGTACTCCGTTTAATTTAGAGTTGCCACTTGGACCTGCAGAATATACCCACCGGACGTCGTTTGGGTCGCGTTGTTGCGTTTTCGTGGGGAGAGATGGGTCAACTATTTTACGGACAGTCACTATCGGCCCTCAGCGTGACCAGAGCTAACCTTGTGCTCACCTGCCGAGAAACATGATTGCTCGACACGAGAAAAACCTAAAACCCCCCCGCCACGCCGCGTCATTCTATGGGCGCATTTGCGATATCCCTTCTTGTCAATTGGTCTACGTGCTTGAGTAGAGCGGAGTCATCTGCTAGCTTCAAGTAGCACGGTCGGCTTTACATTTTCTTAGCAAGGTTTGAACTCTTCGAGACTTCGGATGACAAGTAACTGTGCCATTAGCTACCTCGGGAAAGCGGCTGTAAATTACTGAAGGTAGATTGGAGGGAAGAAGGCCAGCTTGAAGCCCAAAGGGAGAGGTCCCGGGCCCCCCTTTTGGAAGTATAAAGACCGACCAATGCACACGATCGGATTCGAAGGTTGAATTCCTTCAAAGCACCCCCTAGTGCTGATAAGGGACAAGCTAGATGTAGGTGCTCGAGTCTAACGCACTTTGTCGAATCCCCGAGACTTTATCTTAACCAAGCTAGCATGAACCAATTCCATTTCGGAGCCGAGCGAAGTCCGTAA,1682,49.82,Mus musculus
SEQ_364626,ATATCTGCAGGGATGCTCAAGGCTCTAAGTACAAATCTCGCGTGTCTTCTACAAAGTAGTATGAACACAAGTAGTTATACAATGGGGCTATGAGTATTTGGCTGAATACAGACACCGTAGTACGTTACTGAGTATACACCTAGCCGTGAGAAACTTTACTCAGAGGTAGCTTGACTCAATATTGCGACAGTTAACTGCACGCGTAGAATGTAGTGGACGGAGGGCTAGCTCGGTAGAAGTAAGGCACGGTGACAGTAACCGAGATGCACAGGGTGAACCGTAATGGGTGTAGTTATTTCCAGCCACCTCTATAGGGAAAAGACGACCGAAGGCTAATACAAGCGGAGCGCCGTCATCCCCGTTTTTCCGAAAATCTCCTTAACTGCTCCCCTAGTAAGCGCGGGAAGTTTAGATGAACGTTAGCCCCTTATCCCCGATACTCCGTAAACCTATGCTATCTAGGACCAGCCCCCGATGGTGAAAACACTGAAACTATAAAGTAAATTCGATGGTGAAATCCGCGTTCATAAAGCAGCATTGGTCCGAGTTGTTAGTTAGTCGCGGCGATTCCACATTTTAGGGGAGAACTAGTCACCAGCACAGGTAACTCCCTAAGTAGCCCAAAATCGTTTCTGAGTCCCGCGAGTTCTACCCGCCGCAAGTCAAATGGGGACGAGCCTGCGAACGGGATAACGAACTACCCGCGAAGATATATAGCGCCCCAATTTAACTTTATTTATTTTGTACATGTCCATCCCTGACGGTATATCTACACTGGAGTTGCGTACAACAATGAACTATTGAAGGTAGTTTCCACCAGCGAAACCGTGCGAAGCTAATTGGTGTCTTGTTATGGATGAAGTCTTAGATGTAGGTGAACGGTTAGGAAAAGTAATCAGGTCCTGTCTACGGCTGGACTTCAAAGAAATACGACATCGAAGGCCTTTTAATCGAGACAATTCCTTGCTCATGTCAGGATAGTCGACTTTCTCGGACCGCATCACGTAATCCGGATTAAGCCGGTCACGAATGTTGTGACCCTCACGCTTGAATGTCTGCACCATCTTGAAGCCACATTATAAGTATACTTCTAACATAGCACGCGTGCTTTATCCCGGGTGCGCCCTTTTTAGTGCGTACCAGGTCTTCAGTTCGGGCAATACATTTCGGAATAACCCGCCGTTCAATGAGACATCACGAAGTAGCATGAACTAGCCTGGGCCTTACGATGGCAACTTCGACACAGGGAAAACCAGATATTGTCTAGTCCACGGGGTAACGGACGTCCGCTGACAGTGCGAGTGGAAGTGCGCTGGCTGTGGACGATCGGGAGTTAGTCAGCAAACAATATAGCGCCGCCTTCCTTTCGCTGGGACTAGTATCACTTTTCAAACCCACAACGAGCTCTGCCCCTCTTTAGCGACAGCTGGGCGCCTTTCACTGATGACAACTGTGGCAGTTCCAGAGCGGCCTTATTGGTCCGCACGGACGATCAGCGGGCTACCTAGATCGGATTTGGTCGCTGTCGAATGACGCGGGTCTCGATCAAAACCGAGAGCACTCAGGTTTGATTGGGGACAATAGCCCGACTGGGGGGGCTTGGATAAACGAATGCAAGGATCGATGCTCTAGGGCGTGCGGCCTGCTGTACACCGGACTGCCTTTTGGCGCACGAAACGCGCCTTTTTTAGTAGACATACACGACATACTCGGGCTATATATACCTATATGAGGAAGACCC,1741,49.05,Drosophila melanogaster
SEQ_313276,GATTTAGGCTCGGTGCCTCTGGCGGGGAGGTTCAGACAACTTACTGTAGCGCGGTGTCAATTCACGGCATGCCAGACGCCTGGTCGGTAATTAACTGTAAGTGCGAGAGCTGGACCGGTTGGCTTTACACAATTTTCATGAGAATTACATCTGATTTGACTTTTTAGTACCTGCCCACAACAGCTTTGCCCCTGTCTAATACAGTTGCCTGAGCTAAGCTTGACACTACTCAGCTGGATTCGGCAGTGGTAAGGTATGGCCTAAAGCTGAGTATGTAACACCGTGGATAGCATGTAGATGTCTTCGGATGTTGAGTGCCAGGCAATTGCATGACGGTGTGCACACGAACGGCAGTGGCCAATAATCAACAGAAGTCAGGGTCAGGGGAATGCACTGGGTTTGTAAAATCCCTCTTCCTTCGTTTGGGACTAGCATGGGATCGCGGTAAATGAATAGCTTCGATTTCACAATCCGAACGCGCATGAGATCCAAACGCAGCTCCAGCAACTGCATCCCGATTAATTTACATGAGGACGTGCCAGCCGTCAAATCGGGCCGCCGTATGTTTACGTGTGATCGCTCCCCCAAGAGCCTTGCATAATCGCTAGAGTTGCACGGAATTAAGACCTAATATGGAGTCTCCTGCATATTTGTTAGGTGCAACAAATCTCGAAAAAACGTTGAACTTGTAGTAGGAGGACACGGCCATTCGTGGTAACGAAAATGTGTCTTGAAATCGCACGTATTTTTCCTGTGGCGTCTCGAGCAATCGGT,774,48.58,Mus musculus
SEQ_327020,TGCAAAAACCCTGAATCCCTTTCTGCCGAGTCGTCGCCTGCTATCCGATGTTCTATGGTTGTACTAGATATGCCCTAGGCTGGGTAAGAAAGGCGCAATAGAATGCACTTAGGTTACCACACCTCACTTTGAGTCATGTGCGGTCACTAAAAAGATATTGTAGTGGGCTCCAACTGGGAGTAATTGGACCATACGTACGGGCGATAATATGGACGTCAGTTAATGCGTGTCCCATTAAACCTGAGTGATTTGGAACCCATCTGTCAAATGCGTGGACGGCTAGGTGGTACATACTATAAGCCTGTTTTATTTCTATTACGCTTATCCGACACTCTCCGGCAAAGCACTGGGAAAACCAGAACCGCGTCATTTAAACCCGTTAAAAGAAGTCCCCTAGTCAAGTTGCCGGTGCAATTTGTGAGGGCCTGCCGCAGAAACTAGCTTGCCAATGCCTTCTATTCACACGGTTGTTGGTGCGTCACTTTGTCATTTTTCCCGTCGCGACCTCGGCTATGGCCACCCTCGGGCCACAGGTCTTCTGGGGGCCTTCGATCATGGGGGGCGCCCTTTGAGCCTACAACTAAGGAAGAGATACAGGTGACCGACGTCCCCATCTAGGTCGGTTGAGTTTGACACTTCTAGAGTAAATTGAGGCCACTGGATCACAGGGTCTGCAGTAATTTTTTACTGCGAGACTTATCAGCCGCACCTGATTGCGCCATTGATGTGCAAGCGTTCAAGACAATACAGTACCGTCCCCCGCCGGAGGAATGGGGTGATCTTCGACTATCGTTACCCTTGAACCCATTACTTCCGTCACCGCGTACTGGATTAATTTTCAGCATTCACGTTGCCCCCCTCTCTGTTGGAATATCCCAGTGCCGTAACTGGCCCCAACACTGGTATTGAGCGCGGAGGTACCCCAGCGGAGCCGACCGGCACCATGCCAATGAGACCTGCAGCCGCCGTGTGGACACCCAGGAAACCTGGAAAGGTTGGTCTCTAGGGGGGGATTGCGGCCAGCCCTCCTAGAACTAGCTATGTCAGGCCTAAAGTGCGGCAATGCGAAGGGCATTCTCGGGTTCCGATGGCCTAGGCGGTAAAACAGATTGTGATGGTGTCGGTGGGCGTAATTTCAATATAGGGAAATGTCCACAACCCAGACCCTAAGGATCCGACACCCGTAATTGACCCCCGCCCACGGTGCAAAATCGCTATAGAGTGGCATGATCACTGCTACTACCAACTGCAGTGAGTTATATCTATCCCCAGGCGCTTCAACATTTGGAGGCAGGAACTACTGCATAACCAGTGCCCCTGTTGGATCTGGGAAATAGTGGAAGTTTCTTAACACCATCATTGTGACGTCCCGTCATCACGCTTGCATCACCGTTTGATGCTAAGGCCTGTGTTCACCAGAGCCAGTGGGTACGAGTAGGTGCATCGTGCTTACTATTTCGATGCTGAGATCGTTGTTTTGATACGTTCCAGAATCACAAATCCGGTGGGCGTTGATGTAACTGTGCAAGCGGACACTCACCATACGTCCTTAACCCAACACGTGCCTGACCTTCTCTGTTTTCGCTTTAAGATTCGTAAACGTTCAATTTGCTCTAGAAGGAATTTTAGCTACTAGGTAGACATGAACCGCTCATATTGGACTGCAATGATAATTTTGGCGTCAGTTA,1688,50.36,Homo sapiens
SEQ_891311,TTCCTCCCAAATATTCCACATTTTCCATACAAAATGTCAGATGGTAGGAATCTTCAGACAACTTATCTCTTCTTTAACGGCGTATACCGGGCAAATAACAAGGGATACCTACCATATGGTCCGTCGAGATTCGCTCACCGATCTTTGGTTTCCTCGCTGTAATCGGAGCGAGCTTAGTGGGGGCACAGGCTCTAGTTGTGATCAACTGGGGGTAGCATGCAGCGAGTCTTACATATAGTTGTTGAAAGCTCGACGCATCCTGTTCATCGTTTGGTTATGCTGAATCAGAACGTGATAGACTCCGAACCAAGATGGTCCATGCAGGAGTCGATAACCATTCCTGTATAAGGCTGTTTGTCTGGATATAGCAGTCTAATCTGGGAAGATAAGCTTAATCTGAGTAACCAAGGATTTGGGGACTTCCAGTGGGTGAGTGAACTGTGGTTGTCACGCTGACCGATTATTACTCTCCTTGACCGTCTGGGTATGATTCCCGCTTAGACTGCCCGGTTGACTCCCCTACGCGAGCAAGGCGTGCGGTGTCAACGGTGTATCAAGTTCATTGCGTTAAAACCGTAACGTTATATACCCTATAATGCGCCAAAGTTGCCAAGAGACAGGCTGTATGCCTTTACCAACAGTCCAAAGAGTGCTGCCCTATGGTGTGTATGCTAAACCACCAGGTACGAGACGAAAATTTTGTTATTACATCGTCCGCGCCTTATATGGCGGTGCGGCGTCGTTGGCC,748,47.59,Arabidopsis thaliana
SEQ_703197,CAAATTCATGTTTAGGAAGCATTAGCAAATCTAGGACGAGTTTATACCGGCTGCTTATGCGATGTAGCGTCAGGATTTGGTTAACTCGACACAATAAGGAAGGCCAAGCTGTTGCATATCATTGGTACCCGTGTGTCCGAACTCACGGATGTTGCCATTCCTAAACCCTTATGAACAAACCTATGTGCCTAAAATTACTGATGGTCCCATGGGCCGTAACACGCGGTCCCGTCCACCATCAGAAGCTCTGTCAAGCCTTATGCTTGGGTATGGGGCTAAAAAGGAACCTCTCGGAGATGGTCCGTTTACAGCGTTTTATTCCTGGGATGCAATTGGCTCGGTAGGGTCGTTCGTTTCGATCTGCTATCTCGCCTAAAAGTCATCGGGCCAACAGAACTGTATTTCCTCATTTGTATATTAGGCACACTATTGTTTCCGGCCGGCGAATAAGCGATTCATTCAGTCACGATCGACTTACCCAAGAGAGCGCGTATAAAAATTTCGAGCTGTTGAACCTCCTCGACATGGCGGATCGCGGTCACTAGCGATAAATTAGAGACCAAGGCATACCCAACGTGTTGATGAATCAAAAAATTTCTTACTGGTCAACTTGATCCAGTACACCATCTATCTAGAAGTATCGCAGCGAGCGCGAGGGGGGGCCAGGGATAGGGATTGGTTACTGTTCTAGTAAAGTGGCTCAGTGTGGGGGCCGAACATTCTGGCCGGATTCCACCCAACAACGCCTTCGCCTTTGGACGCACGTTCCAGAACCGGATGGTCGCATTTAGTGTGACATTCCCTTAGACTCTCGCAGCCTTCTTTTCCGTTTCATACAGAGGTCAGTAAATACGTGTTCTGATTAGATACTGGTATTGTTTTCCTGGCAACGGTGACTGTCGGCGGTCGCCCCCCCCCGCATGGCCATGACTCCCGGGGGCTCGCATAGTTGTCGATATTGAAAAGGCTAGACCCTTCACAGGGTGACACTTATGATTGGATCGTCAGCATGGGCAAAATCGTTGGTATCGGGCTTACCCTTTGAGAAATAAAACTAGGTCGTTCGTCTTCTTGCTTTTCGATGTAGCCGTACGTTGTATTAGACAGTCTGGCTCAGTCGAATAAAGAACCTCCCACGGACCGCGCGAGAACATTCAAAGCTGTTGATAACTCTCTCTACGAGCCGGGCTTTACCATAACCCACTCGTCTTATACACGCCCCGAAGTTCTTGGTCTGAAGGGTTCGCCCCGCCGCTATTTTGGTAGTGGCTTATCTGCGGTGAATATTGCGACCTGCTGCTTTAACACATCAAGGTTATACATCTATCATAGTCACGATGTGCCCAGCTCCAGGAGCGCACCGGCGGGACAAAGCTACGAATCTTACCCGACCTCAGTGCCTGACCAGGCTGAGTGCCTCCAGTCAGAAGGTT,1433,49.48,Escherichia coli
SEQ_476465,GTGGTCTCTGGCCATGGAGTAGTCTGTTAAGCAAGTCCAAGTTGGTCGCGGGCTGAGGCATACATTAGTAAGTACTCCGGAATCGGCGCTGCTCTGTATAAACATGAGGATTGAGAATAGCGAAATCAGCCGAACTCACGAGAGCCCAGCAATGTATATGAAGATTAGCGCTTGTACTCGAACACGGTACTGAAAAGGGTTGAGGGTCTGAAGTGACGTCATGACACTGAAGACTGATTTCCCGATAGCTATCTCGATACGTTCAGTTTGCGCTCTCGCACCGACTCCGGTGTACGGCGAGGAGATTGCCCCAGATGGGCATTAATGAGTACCCGACGACCTGGGCTGACGGAGAAAGTACTACACCAGCCCAATGTTAGCTTTCTAATTAGTGCCCCTGGTCAGAACAAGATGGGAGCTATGCCCGCCATCGACGTGGTGCACAGTACCAGCAGTATTCCTAGTGCGCGTGTGTGTCACGCAGCTCAGTACTGGTGGCCTTGCTTGTGAGCGTACCGAACAATCCACGTGAGCAGTATGAGTTGTATCCCCAGCTGAAATAATTCACGTTGAGGTGTAAGCGCAATCTAAACCGCTTTCGTCTGACGAAATCGCCGGTAAATGAAGAGGACTTCCCGTCTCGCTGCTCGTAAAGCCAGTTGTCAATTTGCTATAAGGGGTGATAGACTAATCAAGATTGGTGAAAGTCCCCGGACAGCCACTGCTGACCCCCTAGCGACTACATATTCCGCTAACGACGTTTTCGGTGATTAAAGGCTCTATCATGCGGGTCTCAAGATCTATACTACGTCTG,814,50.37,Homo sapiens
SEQ_990182,TAAGAAGAGTCACAACCTTGGTCTCACTTGCCCAAGTGATTTCATAGGGGTTCCCCGCTCAAGCTGATGATTGGTGCGTTCTGCTTAATTTTTAGCCACCACCTGTCATAAATTGTAAATCCTACTATAGTGCAAGATCCACCCATTTTGCGGGTCGGGATAGATACGTAGGACATGACGTGGTTTTGAGACCGACATTTATTATCGATAATAGCTATCGACGGCGAGGAGAACTCGTGCGTGGGGATCCACGCAAATACTAACAGAATTCCACTCCCCGCTGAATCTAGATACCTGAGATCCCCGTTCTCACACCTCATACGTGTCTGTAGGTTGACAGACGTTTACTCCTGCATGGGTGAAAATTTACCGCCCCGGTCCCAAGTATCCACGCCTTCCAGCAGTGACTCAAACTTCTCTCTGAAAGTGTTCACGGCTATTATTGCTCAAACGAAATAGAGGACTGGCCCAGCATATTAAAGGTTTATTCCGCCTTATATAATACAAAATGGTTGTTGGCCCACTAGACGGACCCGGTGGCTGACCAGCTTTATCGAAATGGCGTCAGTGTCACAAGAGCGGGATGTATCAGTACACAGGCAAGAACTGGGTATGAAATCCACATTCGCTCTCGGCATGACTAGCACGAGGGCGCGGGATAATAGTGACGTTGACTGTTTACAAGCACGAGGCGCGTCAGAGGAAACTCTTCACTGGCAGTAGCTCAGACGACTATCACCTGCGTGAGACCGGATTTCATACCCAAGCTAACGCAAACACGCTCTGGAGCGAGTAAGCCAACTTCCCTATAGAAAGCGGTCCACACGGAACACCACGTTCGACTCCATGGAGGTCGACGTAATCGTCTTCCATAGTCACAATTCAGGGCCAACAGTTATCACATTTACGGGACTTATGGCCACGCTAGTTACCATAGGAGGGAATTTCTGCTAGTGTCCTTAGGCGGGCCTCTGTTCAGAGGATCTGCTGTGGGAACTGGGTCTTACATATCTCCCGTTTACTTCGTGAGGCCATTCTGTCGAACACACTCACCGCATCAGAAGTCTGCCTGGGACTCATTCGGGCCCCGTTCACCGGAGTAAAGGTCGTCCTACTCACTAACCGTATGGCTATGGGACTAGGTCGATCTTCTGTCAGGACTCTGGTCGCTCGACTTCCCGGGGTCTGCCGCCCATGGGTGTGGTGGATTAATACCCACACCGTAATGTGTACAGATATGTGCAGCACCAATGTGGCCCGGAGGTCCGGAACAGAGTAATTGGGATCGCACCATTTCTTAATGCTGACTGGAAGGCAGTATCAGTTACCTAATCATAGTGCAAATAGCAACTGGGTGTATTATTTGTGAAGCGACGCCCACGCACACACTACACCGTGTTAATTGCGTTGCGCAACGTCGGCTGCCTTTCCAAGCAAACAAGGTGCCACCGTGCCTAATATCTGGTCATGTGTGACTACAAGGCGCAAGACCGCGACCGTCCGCCAACGTATACAGACGGTCCTGCGTTGCCGGGCCACCGGGGGACGAGAATCACGTCTGGCTTCCGTGGTCGCATGTATCCTTACAGGACAGAACCTGACATGCCGGAAAAGTTGCTCGTAATGAATCGGCCGCTGTGGATGAGATCGGCGTACATCATGACCTACGATAAAACAGCCACATACCAGGGAGACCTTCATGCGGCAGAACGTACCAAGCGGAGTACATGAGTGTTTTCCC,1741,50.83,Saccharomyces cerevisiae
SEQ_899443,CTATTGGGCGATCGTACTCGGACTGTCCGGCCCGATATGTCGACTAAGGGCGCCCCTGGTAATTGGATACTTATATCCCTTGTCCGCCACAATCAAGCAAGTGTGTCCTAGGTATTGATTAAGTGCTACTAAACTCTCGCTGACACGTTTCGCTCAAGATCTAATATACTGCTAGACGCAAGGTGTGTCGATCAACACAATTTTAATACTCTCCGTGCCATCTCAACCCCACATCAAGGCTGAGAAAACAGCAGAGCCAGAGACACTGTCCAACTTGTCGATGTGCCCGTCTCGAACAAGGGTCCAAGCTCAAGAGACTTCTGTTCAGGTCCGTAACTATGAGACTCGCACGATCTGAGCATTTAGAGAAGGAAGGCCGTTTCTGAAACCGGGCTTAAACAATTGAGGAAGCACTCTCCTATCTAGGTGATAATTATTTACCCGGTCCCCACGAATAAATTCCATGAAATTATCAAGATAGGTAGAAGTTTATCGCATCGAACAGTATGGCCAGCTACTTAAGACATGATTACCCGCCTTTGAACGGTGATGCCTGAGGCGGTCCGCGAGTATTAATGTCACTCCAGTTTCTGACTAAGAACAGAGACCGCATTCTTACACACGCGTCCTTAATTACCCAAAAGGCTAACGCCCGGGCCCGAAGCTCCCTCATCTAAGCCTCTAAGGGCCCTCATCAAGCCTACGGCGTTAAGTGATATTGCACGAACACCACCGTCGCTACTCATACTTCGTTGCCCGCTCCGAATGCACTGCGCGGCCATTATTGGGATTTAGGTGTGTGTATGTTCAAACAGCCGCATCTGACTTGCGGATAGTATCAGCGGAACGCTCCGTTACTGCCCAGCCCACTCTCCACACATTTTGAAAATTGTGAACCGGACAGCAGAGGAGGCCTGCAGCCCCGCCGTTTTCACTTGTTGAAACATTCCACGACGATCGACGGACAGCCAGAGTTGGTCACATACGAAGGCGGAATTTCTGAGGTAAAGATCAGCTCTGCTGCAGGGGTCCCATGGTACAAACGTTATTCTGACAACACTGTCAATTACTACGCATCGCAGAATTCTCACATTGACACCACAGTCGAGCGCGGTTCAAAGCTCATGACTTAACATTCTCAACTGCTCACTGACGTCGAGCGCGTGGTCGACACCACTAATTGGATAGGCTTGCGCGAGTAGCCTCGTGTTAGCAGAGTTAGCTTTACGATCTCAGTAGGAGGGGCCACTTCCAGTTTTGGAAGCCATCGGCTGCATCGTGAACGTGCGACGCAAGAAAGAGAAGCGCTTCAAAATTGTGGCAAGCAATCGAAATTTTTCAGTTCAAAGGATCCGGCCATGCAGTGTCCGTTTTCCTCCCCTGGCGGACGTCGGACCATGAGGCTTCGCCATGTTGGGAAAGCTGATTAGATCCAAAAAGGGCGGCGAGGGCTAAGGATTGGAATGGGCCTACC,1474,50.0,Mus musculus
SEQ_798014,TTTTCGTCCTCAGTTCCGATGATCAGTAGGCTTCGGCTCATCAGTCTGATGTACTAAATCAAGACACGGCAACGCGCGTTCCCTCTAAAATTGTGTGAGCCTATGACAGGGCACGCACAGCTGTGAAAATTGATTATCTATGGCGTTATTGGGTAGATGGGCGTAACACGTTATTGAAATCACGAGCACTCCCCGTTTGAACACACTGCGAGCCACAGCTTGAGGAAGAGTGAGGTAGACATGTAACTGTAGAATAATCAAAGTTAATCCATGGTCACACGCGACAAACAAGAAATGAACAGGTCCCCGTCTTTAAGACCGAAGAGTGATTGTCCAAAACAACACTGAACAAACCGTAGTCTACCTTTATGTTCTAATAATACGCCTAGGCATCAAGGGATTATCCTGCTTCGACGAAACAGTGCCCCCGGAGCCCTATCATAACGAAATTCGTCAACGGGCGCCTATCAACTATGTCCGTATCCGAAGGAATTAGAGACCATTGCAGTGTTCGTGGTAGACAATACTTTCTATCCTCCCTTAAGCTAGCAGATGATATTTTCCACAGAAGGGCGAACCGGGGCAAGTCTACAGGTTAAAGTTCCGTCGCACGCTGACTAGCGATTTTCATTGGGGTATTGTCCAAGACCGCCAAAGTTTCTTACCGTCTGTAGCAAGCTGGGTTCCACACATCCCCGGCCTCGTCGTTGGGTCATTTTAACGTTCGGGCTATCTGCCCTATTTGTAGAGGGGACTTGTCGACTCACAGACTTATGCCCACCCATGCCGCCCGCGATCCCATGGTTGGTTCGATTCGACGTACTTACTATCCTGACAATAATTGGATCGCCTCGTCACCTAAGGCGTCTACGCCATCGAGAAGCTCGCGAACCGGTACTCTTTTTAGCTCTGCAAACGAAGAAGGGTGTTTGGCTAAATTTTAATCTTGCCACTTACGGTTCGTCAGAGTTCTTTGACGAACACTGGCTGGGC,993,48.04,Homo sapiens
SEQ_920087,TTTCCCCTGATGCTACTGTCAATGATAGCCCTGACGTACTCCAAGAAGCCAATATTGCGATACCTATTGGGAGCGGCTGTCGCACGAGAACGTATGTCGTAACCATCATGATCGATGTATCTGTCAGGCCTGGGTTACGAGATGAGTGCGCAACACGATACGGGTCAACGATCATCGTCACGACTAACACCCCAAAAAATAGCGAGATTAGTCTATGCATGGTTGCTTGCTAAGACGATTCGCGACTCCCAAATAACAAGAAATGTTCGTGATTGTACATGACTCATCCTTTTACATTTACCGTGCAAGAGACTGTAGATGGGGTGACCGTAAACGAGTGCTAACCTGCCAGTGAGAGACCCGGGGAGCATCAAGCGTCCCGTGAACACAGGGGACTCTTTGAGCGTTCCACTAGTAGTTAAGATGGATATTGCTGTTGGTTCCTAACATGCATCTCTCTCATTGACTACTCGACTAGATAAACTCAAGATGACCAGCCGAACTATGCCATGCCTTTCCCTATGGCACATGGTCGTAGTACTATTCTCAGATTAATTCGCGTTATTCCCTCTCCGGAGCAGCAGACGGAAATTGGATCTCAACGCGAGAATCCCGACTGTCGGACCCCAAAGATAGGCCAATGATGCCAATGGGTGGGGGGTAGGACGTTCTCCAAAGATCCCGATGAAGTCAGATCACATGGATCTAGACTTATGAACCCCGTCAATAAACAATGGGAGGTCTTACTTAATCGTTGTACGCTCGAATTAACTAGGTGGGGATCACCCTAAGCCCACCCTTGGAATGTTATCTTGAGAGGCATGGCCAGCCGCCGGGGTATACTGCTCTCTGGCTACGTCTACCCGCCAGATCTAGTTCGAGCACTTTAATCGCCTATATAGGAGAGCCCGTTACGAGCGTCAGAGTTATTCCCACCGGACAAGCAAGATCTACACGACCCTGTTTTGAGTAAGTCCTGTACCGCTCGTCCATGTGGACATATGGCAGCGGTTCCGTGTTCTAACAAATGTTAACCATTAGAACAGAGCTCATCGGGGGCCTCCTGTGCGCCTAATGTG,1079,49.12,Drosophila melanogaster
SEQ_544558,AGTGTCCGATGACAGCCCAATGGTCGCCCTCCACACCATTTTTCAAATCCGCCATGTTCTCAGAGCGACTAGGCGGAAACTTGACATGTACGTTGGGAGAGCTGCCCTAATGCCTACGTACTCTCAGATTGTTGCTCCCATTATAGTGATCTTAGCTAAGTTTGATTGGGTGGGGAATCTAGAGGCCCAAAATTAGCCCTTACACCTATGGGGGTCCCTAAACGGTCATATATTGTATGGCGATGCCCTCCGCAGAAGTGTATCATGCGGACAGGGGAGTGTGACATGTAGCTAACCATCTCCTTTACAGGTGGATAGGATCTGAAGAGCTAAAGCTTTAGGCTTTTCCGAAATTTTCAACTGAACCAATTCTTTCTCTGAGACGCGTCTTGAACTCAGGTAGCAGATTATTCCACCTGGCGCACACCTTGTTGACTCCCCCGAAACCATACAGCCTGCTAGTCATATACCACTACGCGTACCATCAATGTCTGATATCTATGACCGAAATACACAATTTGGCAGAGCCAGGCCAGGTAGAATCACTTCAACAGGGACAAAAGCCGTGGGTCAGTGGTAACTCGACTCCATGGTGCTTACGGAACACAGATCCGTGAACGTCTTATTGTCAATATTAGATGCCGCACACAGCGGAGGCACGACGTGAAAATGACACACAAGCGGGTCTAATTTTGTGGCCCGGCATGCAAGCCTCGGGCCTGTCGTCCTCGTGCTTGTACAAATCTCGACCGCCCAGACACTCAAGTTATACGAAATCCTGTCCAGATGTGTGATCCAAGTTCCGTATTACGTTCTATAGGGAATGTCCTGCGTTACTCCTGTAAACTGTTGTAGTGGCATGCGCGACTTTAGAATGTTCCCTCGGCTCCTTGTGTTGACTGCAGTTGCCAAGACTCGGCAACTATGGCGGTATTCAATGAAATATCCCTGTGGCTATAACTCTCACTTAGACATGGAAACGGCCGCGTCGTTAGAGAACGCGGAGCACTACCAGAGCGCGGCACTAAGGGTAACAAAAGCTCGCTGGTTCCTATGCGAGTAGTTAGAGAGTAGCTCTGGCTCTGGCGCCCACAACTAGCTGTGTCAGGGTCCGTGCAATTCTACGGGAGCTGGAGCAGTTACGTGCACACGAACGCAACCCGCCCGCGGAAATGAAACCCCTCAACTTCTAGCCGGCGGAGGTGACGATTGCCCCGCTGCTCAGTTTATCTTGGGGGCCAGGCCCATCTGTGTACGCATTGACGCCAATAAGTTCCCGTACTAGGTTAGACATCCAGTCTGTAGCGAGGGCGGTAAACCGCGATTAACCTGGTAAGACCC,1341,50.78,Mus musculus
SEQ_735096,CTAATCATCTTGCTCCCCATGTCAACACCATCAATCTTTCGGATATGCCCTGCGATGTAAAATGTGAGGCACTCGCTTGACGAATACTAAAAAAACTTAACTTATGACATCAGCAAACTACACGACCATACCGTTCCATGTGGGGCATCATTTGGGACGCTCAGTCATTCGGGATTCATTGGACGGTTCCGCGAAAAAAAGAGTTTATGAGTCGGGATCCCGACGCGAGTCGTACCTACAAGTACTTCCAAAGGCTGCTTTCTACAAGAGGTGATCCGATGGAATGGCGCCACATTGACTGATTCGCCGCGGTCCCTTTGACTCCGGAAGGGTATCGTTGAGACATCTTAGCTAAGTAGTGCCATGATCCTCTTCCGAATCTCACGCCGCTATCTGCACTGCAAGCGTGGCGGCACGGACATCAGGTGAAAGTGCGGTCAGCCAATTCCACTCTCCTATTAACGCACTAGTCCATCAGCTTCAGAGAAGTAGTACTATTTATACTGGGAAGCCACAATGATATATGAAAGAATCGACTGGTGCCTTGGACCGAATACGTTGACCCGAGTGCAGAGATGACAAAAGTCTCGCCATGATAATGATTAAGAATCTGTTGTGCGCCGAAGTCGGAGCAGTCCAGCGGGCTCACATATTTGTCATAGTGCTGTGTTACCGCAGGTTGGGTGTTATAGTAGGAGAGGTAGTTGAACCATAAGAGATTTTGTGTTGGACGCGCTGTTGCCGAAATAAGACGAGAAGGATTGACTGCTACAGAGCCACCCTAACGAATCTTTCGGTGATTGCTAGAAAGAGGGAATGATAACACGGTCTTCTCCGAGTATGCTAGAGACTTTGCACAAATAGGTCTACCTAATGTGCATCAGTTATTACCAACCCGAGATTGGACAAATAGTTCTGTTATCCAGTTCAAGAACAACTTCGATGTATAGAATGCCCGAAACCGCCCGGGTCGATGGGGTAGCATACCAACCGGAATACTGATTGCGAGTGAACCCCTAGTCTTTAGTGGGTGGATGGCTGTAACTAGCGAAGATATCCTACCGACGGCGAGCAGCCCGGATGACCCGTTCGTTTCGCTATTATGCTGCGCCCGGTCTCGTGCCGACAAATCGTTATCATCGGAACGTGCGACCAATCCGGCGTTAGCGTAACTCGATTCTCATCCCTATTAGACCACGAAGGAGTCATCGCCTTTGGTTGAATGTCGATACCCCTGCGGCATGAGTCCGGCCTCTATTGCCCGCTTATATGTTCAACGGCTGGCCGATGCTGTCTAAGCCCTACGAACCCAAGTCTCTGTGCGTCATGAACGTAAAGGCTG,1342,49.03,Mus musculus
SEQ_617540,ATCCACAGTCCCGCGCTCGGCGTGCCGTGCCTACGAACGCGACTCGATGGGAATATAGCTACTAGGCAGGGTAGGTGGTGAGTAACGCCAAGTATAACTGGATTTGTTTCCTATGCCGGCGTCAAATGGGCACCTGGTATAGCTGCTCCGGCCAAATTACCGGCCAGATTCAAATTCCCAGGGTCAGTCTTAGCGACATTAGACTTTCCAACCCACTAAAAGCTCTGGGGAGTGCCG,237,54.01,Caenorhabditis elegans
SEQ_969635,CATTATCGGAGATGGGGGTCTGTCGTTAGTCATTGGACGTCGAGTAGAAATATAGTGTGTATAG,64,43.75,Arabidopsis thaliana
SEQ_721373,ATAAGTCGGCCCTGCCAGTGAATCTACCAACACGCGGTAAAAGATCTGGCACGATCGTGTCCGTATCCGCTGACCCACATGGGACTGGTTCCCCAGAACGGCCGAAAGTGTAATGTCATTTTCTTCGTCCGGAGATATAGCCGGGAGAGTTTATGTGATGGAATTAATCTAGAACGATAATGCCACAGTGAGACACCGTGGAGGTTTCCGTATCGATACTCTAGTTCTTCTCTGGCGAGAGCACAACATACCTTCTTTGAATACCCCATTCTATACTAAGCCACGCTGAGGGCACTCCCGACAGTATTAGGCCTCCTAAGCCCCGCATGGGATGGAAGCGCCGGCCGCGAGCGGATATTGTACTTTCGAAGTTATAGCCTGGACCACGTCGGCCAGGGGACCGAGTGTTTAGACAGCGGATGACTAGGTAGCACGTTTGACTCGGTTGAGCTCAACCCGGGAAGTGGCATTAAGATATCACGCGTTATGCTCACGGTATCTTTAGGGAGAGCTTCCTAGAGAACTTCTGCGTGTCATTAGGTCCAAATGCCCGATCGATAAATCCGCTGCAAGCTCCAAGAACGAAGGCTTGGAGATTACGGTTAGTGACTAGTGGTGGTTATCTAGAGACCTCGCTGTTACGTTCATCGGATCAGGTGAATAGTGCCCGGAGCTGGCTATCATATGGCATTAGCGCTTTGACCGACTTCTAGTTCCCTTTCGCCAGCAAGTAGCTTCCCCATTACAAGTCCTTCGCGCTTGAGATGGCTCTCACGGTCGTATCCGAACTCAGGGATTGTGAATTAGACGGCCCGGCGGAATAATCAGCTATGTCAGCAGCGCCTGAGATCATCGATGACAAGCTTCAGCAGGGAGCGACCATTAGACTACGGCCTGACCCCGACAGATACCGACAGATAGACGGAGTCCGCCATTTGTCCTGGCTTTGTTTGTTTACTGAAGTTTCCAAGATAGACGGGTAAGAGACAACAGTCTGTTGAAATGAAATGCAGGACGGACCTACTAACAGTTACCTAGTATCTTAAAGAGAATAGGAAGTGCTTACATTCAGACGGCTAACTTCGACCAACCACGTGTATTCGGTACCGAGCAAAGGAGCCCTCTAGTAAATCTCTTTCACATAAGTAGTACAGCCAAACACAAATCAACTTTTGGTTAACTAGCCTTTGTACCCACTCCCTACACCGAGGGTGCTTGTGGGGACTAGCGACCCGATGGACTATGAGCAACCCCCGTTCACTCCACCTGACTGGCATATCAGCTTTTGAAAATACACGCCATCAGGCCCCTTGTTTGCCTGACACGAACGGAACCGAATGAGAAGACTGGCTGGCGCATTACCCGGCATTGCGAGCGCTGGAATGGAGCATCTCGCCTAACGATACCTATCCTTTCTGACAGCCCTAATGACGAGCTTGTTATCCAGAGCTTCTTTCACTGGCACATCCGCCACTGTGAACTAAGTCAACGCATATGGCGGCTGGGAGCCGCCGATTCTGGTCGGTTACAAGTGGTGGGCATGGGATCAGTGGTCGGCAACCAGAGTCCGTGGTGACAGTTCTACGATCTCCGAGGTTCATCATTTGTGGCTTCCAGCTTGAGGACGGCTGCGGCTCGTCTCGATTTCTTGCAGGTAAGTGCGTTG,1666,51.08,Caenorhabditis elegans
SEQ_115086,TTCTGTAACGAAAGGCTTGCTTCTCTCGGATCAATGACCCTCTTGGCCGGAGGCTCGAACGCGATTACCTTGTGGGCCACTACGGTCCCAGCACTGGCTAGCCGGATTCATGAGCCCCTCCACGTTTTGTAATCACGAGAGTATAAGACTGGCTGCGTCCCATCCCAGGGTATCTGGTCACGTCCCGCGTGGGTTAGATCTCGCGCATCTTGGTATTGTAATTGAATGCGTTAAGGTGTCCGGCCATATCCAAAGAACTTTGCCCTTCTAAAACCTAGCGCTATCTGGTGAGAGCCATCACCCTCCAGTCTCAATTGATATATCGCCAGGTT,332,52.11,Drosophila melanogaster
SEQ_695357,TCTGGGGCGTTCTTAGCATCGCCGGTAAGGATGAACGCTCCATACCGCCTATTCCAAGCTAATACACTCCAGCATTGTGTACAAGATATGATCAAGATGTCACGCACTGGCCCGTTGGCGTTCACATTATTGGACGGAAGTAAGCATGGGTTCTCCCTCTCCGGCCTTCAATCGAAACCCCGTCTGTACAGGGCGTTGCTGGATTCCCTGCTTGACAAAGAGCGTTTCGTTAAGGGATCTATGAGAATCATTAACTAAACGCACTCCCTTAGGTCGCTCATTGGGAGATTGCAAGTATAAGACGTCGCGCCATGGGGGGAATTGGTCATTGGGATCCGAACATGCCTCCTCACGGCGCTGAATGGAAGTGGATCGTACGTAAAATTCCTTTGATAAAGAGCTTGACAGCTGTAAGCGCCAATGCAAAGCCAAAACATAATCGTGATGTTTTAGTCGCCTCGTCTTAAGGTCATTGAGACATGGCAGTAGTACCGGCGCTTGATGCTCGCGTCGGGTTAAAAGCCACTACATTGCCGCGATGACAAGCTGGACAGACGTGTCTGACACCGAACTGAACATCACAGGACTGTTTTGTCTGTCAGGCTTAATCTCCTAAACCAGAAGGGCTAGAACCAGTTGCTTTTAGTCGTAGTCCTACTAGGCGGTTTGTCGTAGTGAGGCCGGCCCTCTGCCCTCAAATCTAGTTTCTGGAAATACCTTAGCCCGCCTTACATGAATATGTATGGTCCGGATAATGTGCCTTGCTGTCGAGATCACTGAAGGATCGTGGTCACAAGGACCGCTGCGGCCGTCTCTTCCAAGCCCGATGGACAAAAGGAGTGGTCGCTGATGGCCGGCTACTTGATTAAGACTGTAGGGCTAACAAGCGTGTCATCGCCCCCATCGACGAAGTATCCCATTTTTTGATCCTAATGGACCACAGAGGTTTTGCGCATCCTAGAGCGACTGCTCACTAGGTAGCGCAATCAGTCGATTCAGAGAACAATATTTTTTGCCGGGCATCCGTATTTTACGGGACCACCTGTCAACTCCAATTCCCAGGGCACTGCTACAACAGCAGGTGGGGAACTTAAAATTGGCCCAATCATCCACACTTCGACGAGCGCATTACGGCACGCGTTAGTTTTTTAGGCTGTTCTATGCAAGCACAGGGCAGCGGCTTGGCGTCGTGAAATTACACACGACAATCTCCGATATCTAAAAGAGGGGTAGATCCTGAGGGGTCGCTGTAATAGTGAGTCGGGCCTACTTATGCATTACCTCTGTGTTCTACCAAAGAGTCGCCATAGATCGAGGCGTAGGAGGACGGCCTATTTCGACGTCTGAAGCCGTCCACAGTGCTCCAGTCGTGCTACTTAAGAATTACCTACTAGACTTCCTTTCAGGGCCAGTCGCTAAACGTCCTGAAAATAACAGCTGTCTACTTACGCCGACTAAGGTTATCATCGTGTAATCCCATAGCTTTTTGCCCGAGGTGTCACTTCCTCTATGCCGCGTACCGTTCGATCGCAAGACCTTCTGCTAAAGGGGGCGCGTTTGCGTAGATTGTTTAAAAACGGCCCGAGCTGATGCCGCAGGGTTCAGTGAGCGCCGTATATGAGACAGCTGAAGGGGTGATGTATCGGCATTGAAAGATCTAGCTCCCCCTCC,1671,50.39,Saccharomyces cerevisiae
SEQ_316897,CCACTTCTAACAATCTCTCCGAGAGCGTAGGAAACTAGCAAGGTATCGGGGGTAGGTTGATTGCCAATCCGGTTAACACCTAGCATATAACGTCCTCCCGAACGGTAGGCCGCTAAAGCCGTGGTGCGTCAATCAGGGTACTTTGGATGATGGGCGGAGCATTGCTTCGGAGTTTAGCGTTTGATTCTGGGACATGCTGGGACGAACCACCCGGAGTCCGCATACACCAAGGCTATTCCACTAAGGTAAGGACATAGATGCCGCTCGCAACTGTTATGCTCAGCGGCAAGGCTAGCATCAGTGGGACTTAAGAAACAGTTCTAGAAGTCTTAGCCGCATATATTCGAGTCCGCGAGTACTTGCTAAGTATGGGTTACATCTAGGAGACCGTTCACTGAAAATATATCACCGTCAAACACCCCCTTCATCGAACCGACGAACAGGACGGTTGACCCGAGAACTATAATTCCGCGCCCGTGAAGAAGTTGCGCTGACGGCTCGTGTTTATGGTAGTAACCTGGATGTGTTATGTTTCTAACAGATTTGACAGGCCCGGGCATGATCAACCACAGGGATATCTCTTGTAAACACGTCGCGGTGGAACTAGTGTATCACAGTTGGCGGGCTTAGAACTAACGCTCTCGATCCTGGCTGGCGAGCGATTATCAGCCAGAGAACAGTTCATGTGCGGGGTGTCCCAGCACTTGCGGAACAGGTTTAAACAGCTCGCCCTTGCCAGCTGCAGAGGATGCGGAATCAGGGTAAGTCGATCTGCGAGAACTAAAAGCAAAAAGCGATGTTTGGAAGGAAAACCG,815,50.8,Escherichia coli
SEQ_736332,TGATTGCTGTTAGTTGCAACGGGTTCCAGCCACACCGGAACTCTCTTGCTCCCTCTTGATCTGTACGGGGGCATGTTGATACAGGCTGCGCATCCATGATTGAGTGGGGCGTGACCGGCAGGTAACGATACTCTATGGAACATTTAGATCTATCACTGCTCGGTGTTGCCTCGGTACCCCGATCGCTACCCCTAATCGTCGAGGGCATACGAGAACAGGGTGCAGCCGACTCGTTCTGCCGCGAGCTGTACTCGTCGTTATAACAAAGTGTAGTTAAGTCCGTACTAAAGGGACCACTCTTAAACCAGAGATTGTTCGCAGTACATGAGCGCCTGTGAAAGCGCAACAATCTAAAAAAGCGCAGGAAGTAACTCGAAGGTATGCCTTAAAGACTGATTAGCACACAGCCTTCTGTTGGGGGAGGTTCAGACCGATTCAATATTACTGAACACAAGCACGTTGTCATACGTAAACCAAGAATGAGGACATGAACCAAAGTTACGTATGGCCTAAAGTAACTTGGCAGATACTTCCGTCTCGTGTAAGTTGTGTATACCGTGGCCGCCGAATCTCTGATTAGACCCGGCTGTAAATGTGTTATGTGATAGTTTCGATCGGAACGTCGGGTTCGAAAGATACAAGTGTTGTACACCGGCCCGTCCTTCTAACTGACTAAATAAAACATTGGTTTCCGAGTCGTGAATAGAGTCCTCAACCGTTGTCACTACCCCGTGCTGAATGGGGCACACTCTTAAGGCAATGAAATTTTCACGTATATCACCCCTCAGGCAATCTGCTCTAAGAATTGTTGTGTACTCACAGGTGGACGGCAGTGCCTGACAATGTGCGCATGCTGGACTGATTTCCGTTGAATCGTTAGGACTACTACATGTCCGTCGAAAAGCCGGATGTAAGAGTCAGTGTTTCGCCGATCTCAGAAACCTAGCCCGGCATGGAGGATGAGGACCGGTGATTACCGACTACCCGCATTTCTCGTGGTCTTTGCACGCGATGGCGACAGGTCGGAGGCTCTGTGGCCAAGCTTTGCCTCTCTCGTGCAATGAAAGCGACGACGGATTAGGCGTACCAGCAATTAACACGTTTTCTGAGTCCCGGCTGAGCATCCTAGACGAATTACGCTTTATAACCGCATCTGTTTATTTAAGTCGGTGATGGCCCGTCAGCC,1186,49.49,Escherichia coli
SEQ_410901,TGGCACTCTAGGGATATACGCCACAACTTTCCCTGGAGGATCGACTTCTACAGTGGTACTACGTTGGAATCATCGAAAGATATCATAACAAGTGGGTGACATGCATACAGCTGATGGGACCCGGCGCTATAGTAACCTGCTCAATCCCAGCTGCCTGGCGGGTGAGAGTCGACGGGCAGCGCCAAACGATAATAGTGTGCGCCACTTTGCTCAACGGTCAATCGCACACAGCTGCCTGCGGCTTGGGGACCTAACTCACTCGACAACCGTAACTTACAGACGAGCGTGGTGACGAATTCAAGCCAAGTGAATACAGTGGAATTTGACTATGTTATCTGGGATTATGGGCACATTAGTTTTACTTAGGCAGGTACTCTTGGGCCCCATGTGAGCAGGAGCTGCCAAAAAAGGCGCACCAATCTCAAAGCTATCTAGGAATGATTACCTTCCAGCACCCACATGTCAATATCAACGCGTAGGGGAATGTCCCCCTTATTGAGCCAGGATCGAATTTATAGGCACGAAGCTATGAACGTTTGGTAACCCACCCAATTTTCGATAAACACTGTGTGTAGCAGGGGTCACCCTGAAAGGTAGGCCGTTCCCAGGTAATACAGCAGGTCTTGGCAGCGGTGGAATTTGGGGCCACTTATTCGGAGCCAGTCTCAGCATCATTACTGTGAACCAGAGCCAGACTCAAGCCGTTCGACGGCATGGTGGTCGGGCCTAATTGATCACAAGATCTACTCCCTAACAGAGCGCTCACGGAAATGCATGAACGCTGGGACCCCTCGGGTAGTTAACGATGCGTGGGTACTAGACGTATCTGACGTGCACATGAGTTCAAGATCTTTTTCGGCTAAGTGTGCCGCGAAATTTTAACGAACCACATGCATTTGGTCTCTCGTTATTGAACTTTGTCGAGACCCTCAGGCTTTTAATGGTGTGGCGCGATCAAAAACCGCCTCAATTCGGATTCCGATCTTAACTCCCTCTAAAAATACTTATAAGCCACTATCACCGCTAGATTGTATCATATGGGGTTCTGCCCTTCGTGCACTAGACCAGCGGAAGACGGCGAAATTCTACAATGCCGAGGGCCAGACCACTTTCCGTCACATGGTTACGTCCATGCTTCTACAAAAATTATGCAGAGGTCATACGATTCATTTTTATAAATTCTAACTCATGACCATAAGGAGCGCTCTAGGAATCTCAAACAGATAGGCCTCTACCTGACAAGCCAAGGTCTCTTCTACAAGCGAAGGCACCTGGATGCCGGTGCTACAGAAAAAGGAAACTTCACGTTAGAGCTGACCGGAAACGTCAGGAAAATGTCATACTGTTTCTAGTTAAGTTTTCACCTTACAAACCGGCGCGTCAGGTTGACGCGGGTCTTGGCTCATGATCTTCATGTGCGCGACATCGAGGTATCCCGTGAGGGTCAACCTTAGACAGGCTGTACGCCACTGGCCCTTTACTTCAATGTTAAACTAGAACGCATAGCTGAGCGACTATTCTAGCAGGAGTTAATAGCGCCGAAAAATTTCCTATTTACCGGATACAACTATCTGTCAATTGATAGCAAGCGTGTACGTCTAAACGTCGCCGGCTGTAAGAGGTACAAGTCAGATGAGCCTAGTGTGATTCCGCCATGCTTCTTTTTACACGACCTATATGCAACGTAACTAATACTTGCTCACTTTGGCACGAAGATATAAAAATGATCGTCACTTGTCGACAGAAATCCAATAATTGGGGTCACATCGGAATATGACCAAGCCTGCCCAGAATTCTCGGATCGCCTAACATTCCCAGTAATAATATGCGAGGAAAACACTCCCGTCCTAATATCTACCCGCTCTTGGTACTATTAGATGCCTCACCATACGGACAGTGGCCTCGTGAGAGTTACCGTCCGCTAGACCGTTCCTCGTGTTGCAAGCCTGGTGCAA,1955,48.18,Homo sapiens
SEQ_690227,CGTACCATGACGGATATCGTAGTGAGGCAAACAGTGGCCCCGGTTTCACCTTCTCGTGAAAGATTGGCTAACAGTATTCTCGATGACAATATATAAATCGCTTTCTAAACGGACCGGGGGCATTGCGACGCACATCGTCCTTGCTTAGAACGCCGGCATCCCCTCTTCGTGGGGCGGCTGCGCATATTGATATTGACTGCGAAACCAAGAAAACTGACCTAAACACCTGAGCCAGCCGGGAAAGCTAGACACGTGAACAAAATGCGGCGCTTTTCTCTTACCCCATCCTATTCTCCACGAATAAGTATTAGCGCCCCTCTATAGCGTGGACCATTTAACACATTCGAGTCTATGATAGGTTGATTTTAGTGCTAGATACATCCGACCGGGCTCAGCGATTGTACCCCTCGTGGAAGTAACCTTCCTCGCGCTTTTCTGGGAGCTGGCAATGCGTTTCAGCCCCTACAGATGAACCATATGTAGGCTATCGGACTAGATATCATAAAGGCCTCGGCCCACCCCACGAGAATGGATGCATGTGTCCGCTTTCTCTCTCTCATTTACACCAGAGAGTAACACCAGGGCCGACGCTAGGCTGCCACGCTACAATACCTTACGCCTGCTGCTAGTTCTCGTACATCCATGGCTATGCTAACACGTCACACCAGGCTCCAGTTCAATAGATGTACTAACTTGATCAACTATCTTCTGCTACTCCTCTCGCCAAGACAGATGACTTGGCGACTTCCGATGTAGATGTCCAGAAGTCCCGGGTTGTCGATGATTGCCCCGGTGTACAGCTTCCCGAACCTTGTATCTTCGATCGGCTCAGGTTCTCGGGTACCCATCAAGATGGAGTTTTGGCGTGAGCAAAATACAACTGGGCCAATGATTTGAGACTTTCGCATGTAGGCATTAACCATTGCTGTTCGTGCTACAGGTGCAGGTGGTCCCCGATAGTCAGAATCCATTTGCACTAGTCTGCTAATCCGGGTTAAATCTGGAGTTGACAAATTTGCTTGGATCGCCCGCGCTGGTCGGCGGGGCGTGAAGCCCTCGTTCTACATCGAAGTTTGAAACTCTTATCGCAACACATTATTGTAATTGTATGTTGCCTACCTACGGCATAATAGGGCAAACTCAAAAATGGGATCCGACGCTTCTTCTCGGGTTCGCTTGGTGGCATCATCACTGCAAACCGTGCTTAGGCTCGTGTAAGCGCAGAATCATGTCCGGTGTAGCTTGTACCACGGTATTTCAGCCAGCCCATTGCTTGCATGGTAACTGTGTGGCATTTTGTGCGGGTGCCGGTTCCATAAGTGAACGCGAACGGGAATAACGACCAAAGTTAGAGTACCGAATACCACTCACGCCATGCCCACTTGTACTCCCATCGGATCTCTTCCAAGCGGCCGAAGATTGCGCAGGACCTTCTATACTCAATTATAAGGGATCCTGGGCCCCTTTAGGTTTCTGGATAGGTTGGTAGAGACCTGCTAGTTAGGACCTCACCCGGGGAAACGGGTCTATGTTTACGCCTAGAGTGTCAGCCATTGCATATCAATGGGTTCATGCTCGTCCGTCGCAAATCATACCATCTCCTGACTAAGACACAATTCTGAGCCGCATACTGACATCCGACAGCGCTTTCGAACAAACCATAATTTATCCAGACGTCTGGCGGCTTGGCAGTCTAACCAGCCGCATGGTGGTCGCTTTCGTGGTGTTGAGTGTGGGTGATGGCGAGGTGGACAACCCGTGGTTGTTTGGGATAC,1775,50.42,Escherichia coli
SEQ_436490,TGACGTGTCTTCAATGCCCGGTGGCTCTTTTTACTGAACATCCATGTTGCTTGGGATGTGTGCTCTTAACTAGGAACGATATAGCACTTCATTACCGCGAAAGATTATGCGTATAGAGAGTGTCCTCGATGCGTCCAAATATTGGGACACGCTGCCAAGTATTGTGGGCTTTGCGGCTTCATTTG,185,46.49,Arabidopsis thaliana
SEQ_697387,CATAGTTGTCGTTACCGTCAAGTCGATTGTTCCGCACCTTCCTACTAAAGAACCGCTTCACTTCAGTCCACGATTAGCTAACTACGCATACGAACACACTTAGCGTAGCGGGTGTTTACTACCGGATCGCCTGTGAGAGCTTTAACGCCTGAATGAACAGTCCTTCTATATTAATTCGCCAACTTCGGTACTTGAGCCTCATCACGCCGTATCCTTGCTCCACGGAGGGAGATTCACGTTAGATATCGGT,250,48.0,Escherichia coli
SEQ_624567,GGCGTAGTGGATATACACTCCGGTAGAACTAATGAATCCCCGTGATAATGTTATAGCCCGGTCGATACAGAGGGTCTATACTACTCTGCACATCGTGTCCCTTGTAGAGGGGGACATACGCACCACTCGGTCCCCTTGGAGTGCTACAGTACTCTGGTGCAATAACTGCGCGGCAACAGGGGCAGTTTGACCTCAGCTGGAGGCTACCACTTTATCCGAGCGGTCATACAATAACGGCCTGCGTCCTTTTTCGGTGCAGGAGTTTTTTCTAGTTGGTCACCGTGTGTTTTAAGGCTGAGACGAACAGAATATGTCAGCTGAAAATGATAAAGTTCCTGTGGTTGCGGCCGAAGACTGTGGCGATCTTCGCGCTCGGCATGTCATCAGCGAGTAACTTGATCGAAACTCCCAGCTGCTCATATGCTTGCCAACTGCGACCAAATTGCGGGCCAGTGCGGAAGGACATTCTCTAGGTTCAACAACTCGAACGCTTTGGTGGATTGGAGTTCAGCTCAAAGATTAGTCGACACTGCTTCCCTGTATCTGCACAAGATCTCGGTCTCACAAGTGACGGGCAGATAAGATAAGGTGCCAATCTGCCCATCCCTGGGGAGGTGACCGGATAGAACACCTGTGAGGCGACCCCCGCGTAGTAGTATCGCTAGATATCGCTAAAGTAGACTAACTAAGAGTTTTTGGGTAGGAAACATGCACGCTAGTCTCGCCAGCGGGAGCTGGATTGAGATGGTCGGTCTGAGTACCATAGGAAACTCTGTGCGTAGACCGCGGACAGAGGCGGCGGTATGAGAATCCGTCCCCGGCGCTAAACGTTGTCTTCCGGCTAGTTAACCTCACATTCAACCTACCAGTGCCATCGGTCATCTTAGAAAGGCGATTCGGATGGGAGTTGTGTAGTTGGTCACTCACGCCGTTGACAACCCTCGGGTGTTCCGCGTAGCACTTCAGCTCGACCTGCAGTGGGCGGCAGATAGGAAGATCGGTAATATATACAGAGTGTGAGGGTAATCCTTTCGAGGCTGCCTACCAGATCTGCTCGGAAGTTTCTTTAGAACTGAGACCGTATTGAGGACATGTGTTTACAAAGTCCCGCTAGGATGAATCAGACGACTGTCGTGTCAAATCAGCTTGATTAGTGCTGAAAAGATAGCCGCTATCCATACATGCGAGTCGCCTATACAAAGACCTCCGCTCTTAGTTGTGAAGGTGGTCCCCGAAGAAGGCCTGTATGTCCCCCTTCCCCGTTCAAGGGTGTGAATGCAGGGCAGCACCGTGAGTGTTAGACATGTAGTGTCAATCGGTCCAGCAGATGTTCTTATGTGTCCACAAAAGTCTGTAATCAACGACCTTAAATTACTTTGGCTAACTCTGTTGCGTGGACGATTGTTCACAGGGAGTAAACGGGTCTACGAGTTAGAGTCAGGCGTTAAGTACCTGGATCAGTTGTGAACCATAACTGATCGTTCAAATTAACTGATCCAGAGCCCTGCCGTATCTTAGGTACACCGGATTACGCGATTTCCATTCACGGTCAGTCCATACTCGACCTTCGTAGAGGTGATGCTCATAAGAGTTCGTCACCGTCGAGCGAAGTCTTTGGGGAGCGACATGAAATGCTAGTACCCGTGTATAACCTGTACCGATCGGCAAAGAACCTAGA,1678,50.42,Drosophila melanogaster
SEQ_436755,AGCGGATAACACCATGTGGAGTGCTCTGGCACAAAAAATAGTCACAAGGGGGTCAATCTGAAAGTGGTACAAAGCATGGGGTTATAGAAATGCTGGCGTCGCAACTCCGGCGTCGAGAGACAGAAGGTCTATTAAATAGAATCTTGCACCCAAAGGAAGAGAGTCGGACCTCCGGGTCATGGGAGAGACGAAGGATGCAATCGGCCTGTTCATGCTTCTTTCTTTCTTAACAGTGATCGGAGATATGCCCTCACTAAACCTACTCCGTCGCTGGAACCGTTGCATGTCTCGCTTGCAAATCTACTGGCGCTCAACTACAATCTGTATGGACCAACTATACCCTATGCTTGGATCCCCGGGTAATGTTTTTATCGTCTTACTTAGGTCTGCCTCGAGCACTCTGAACTCAGGCGGGTTTGAGGGGAGTTCTGACTCAGCGTGGTTCGAGCTCTATTGTCTGTGGACCGTGGGGGTGAATCCGTTGAACTGTCCACTCACTCGGGTCACGGAACAAGGTTAGGTGTGTAGAGACGCGTCGAAAAGGTCACCCATGGGCTAACTCTGTTGTACTGTATTGAATCGTTCTCCAAGGAGCCGTTCTGGACGCTCTGGGACCAA,618,50.49,Mus musculus
SEQ_851297,TCGGTACTTAAGGCTATTATCGACACTTCACTCATCTAGAACCTTGTGTTCTTTGCCAAGCCACCGCCACAGGGGACAGGAGCTTCTCGATAGTCGGTAATATACCCAAGATTACGCCTGCCGATAGATCGCATTCCAGGTGCCGACTATGGTACGTATTGCGTAGGTATGATACGCGGTAGGAATGGACGCCATCACCTATACGAGGCCGTCCGCGAAATGGACGCACTTTTCACCGCGCTCAGCGAATGACAAGCAGAATCTTGGTGATCTAGTCACCGTGCAGCGGAGGTATTCCGCGGGTAGCGTAAAAACATGCGCCGACGACTTAACGTTTATCGAGCAGGCTAAGACATTACAGGCGGGCTAGGGTGGCCAGAAACGGGGGCCTCTGATTTATCCCGTTAATGGGGTTCGTCTTCACCGATTATAGCATCACGATTTCGGCGGAAACTCGCTTGGACGCTCAGACGTGAGATGAACCGTCTGCAACAAGCTGACCTACAAGGATTGACAGGAACAAGATACACCAAAATCAAGTAGAGCGGATACGTCGCGCAAATTCCCCCCGAGGCCCACGGTGCTGGCACCGGTCAAATCAGCTCGGTGGCCGATCATGCAGGCATCCCATGCAATTATCCTGAAGGGCCGCGTTACTCGCCGAATTCTACCGGAAGTGCTTGCCACTTCCCCATTTTCTATCTAACGCAGGCCACTCTGGGATTGTCCCATTCTCTGCGCTCATGTCCATAGCGTTGAGTACACCACGGAGGGGGTAGGTTTTTCATGACACCGTAGTACGGAACACGTGGAGGTTTTCGCTAACTAGATGGCAGAAGTACGAAATACTTGGGCTCTTTCTCTGCTCATCAATGCCATTACCAACCTCTAACAGGACACGATTTGCAACACTACTTTCGAATTACACTTATACGTATCCCTAACTGCGATGCGTGTATTAGTACGCAGTTGGACTGCCAAACGCGTTCTTGTTCCAGGCCAAAAACTACGGTGACAGATATCGCGATCCGAACCGGGCCGCGCGGGACTTGACCGCATTAAGCGAACGCTGCAAAGACGGGGTCCCAGCCGAAAGCCGTCACGCTTCGTTTGCCAATGTAAAGTCCGTTGACCAACCGATAACGATCCTTGGCATGATCAGAACGACTGCGGCCTAGCGGCAAAGCCGGCTCGAGTCATAACGGAGCAGGTTTATGGAATACGCCACGGACCAGGGGCCGGTCGGAATCGATACGCCCGTTTTTGGGGCGGATTAGGAATGTGGGAGGAATTGCGCCCGCACACTGGGCGGCCCCTAGGAAGTATCAGGTCTCAAGCGCTTCAAGCGTGGATAAGGAATGGTAGTAGCACGATTTAGTGCGACCACTAGAACGCAGGTGATTTATGCGGCCTGATTGCAATCAGGGCATGACAATTCTCCCGACCATCTTGAGGCCCCGGGGTGCTCCAAGGTTGATATCCTTACCCGCCCGCGGCATCAGCCTTTAGTCGGCTACAGCAACCTCCAACAGGACGGGAGGGAGGGAGCTCCACCCCGACCAGAAACCCGGAGATTATCAATCTGATTTTTCACAAGATCTCACGCTTGATGCTATAGCTGTAGACAT,1628,53.01,Caenorhabditis elegans
SEQ_760872,AGGGCGCTCCTAGCACGAACTGGAGGCCAGCATATGTGTGAGGATTTGGATTCAAAATAAGTAAGGAAGACGGCTACTCTTGCTTGGGCGGGGCGCCGACCTAAATTACGGTCCCCATTGGTATGGTGCCCGTTCCCGCGGCTAGGCAAAAGAGCGTCACGCATACCATCCGTCGGCCGAGCCTGGAACCATGTTAAAGACAGGCTCCCGCACTGGTGACTAGGTGATTCCTGGAAGAAGGACATTTTGTAGTGCGGTCGCCGGTGTGGCCGGGTTTTCGATGCGATGGTCAGCACACTACGAGGTGGACTGGACGACCGAGACATATCCAGACTAGGAATCGGAGATCCGGTGACGACGAGGAAAAGACCCCCACCTGCCGTCAACGGCAAAGTTATGATACGGTTCTAAGAGACCCGGAGACTCGCCCTATATACAAGGTAGCGGTTATGCGTCCTCATTGCATCGTCATCAGTCGACAAGGTCATGTTGTAGTAATGACTTTGGAGTACGTACGGCGGAGGGAAACAATCCCACGGATCGTGAGAAATGCTATGGTGCAGTCGCCAAGATTACCACTGCACCAACGATCATTCCGCGGATTTAACTCTCGAAAGGTATAGGGGAGCTCTTTCTCAAGGCTATAGATGCCCTTGGAAAGTTGTATTACCTAGACTCGGGGCTCCGCGCCCTACGTCAGTGTGAAATCAGCTTAATTTCTTAACATTTCCTGCGGAGAGGGAAGTTGCGATCGGGGTGGAGAACTAATTGTACTAAGCCTACAAGTGCCTGATCGTATTCCACTTGCCTACATTGAATACCCCACTAGACAGATCACGAGGGGGCGGCATGCATACAAGAGAGACAGAGGTATGCGAAGGTGGAGACTCATTCACTAACGCTCTTGAGGCTTTAAAGCTTTAATTCCGCAAATTGTTATTCCTCCACACAGGGTGACTCTTTCGTGGGAGACTTTCCGTTGACGTTGAACCTAACGGGGCGAAGCGCGGTCGGCTTCGGAAGTTTCGATGGGCGTCCTGAGTAAGCTTGGAAAGGATCCACGTCAGATTTTGCCGGCGCGACCTGAGCGGTGACACAAAAACGGCCGTCGGTAGTTGGTTAGACAGGATACACGTATCTTCTACAAGCAAGCGTCCGACACGCCCCCGCTAGGCAGGCATGGACCTGTTCTACGATCGGGCATAGTATTTTGAAGTACCCGCATTTGTAGATCGCCTGTTGCAGCCTTACAATGACCAGTATGTCACCCCTGGAAGAGGTGACTGTCTTTTTCCACTTGACAGGATATTTGCACCGGAGCGGTCGTTTGTGAAAACTGTTCTAGGAGTTTCGCCGAGTAGAGGGAGTACATCTAGCTTATGTTCGAAACAGGTAGACACACTATTCTAGATTAACCAATCGGCAAGCAGGGCGGGAGGCAACACATCCGTCCTATATGCTGGTGCGCCCTATCGTCCATAGAAGCCAGGGATCTGTTTATTTGCCAAGTCCTCTTCGGTGGCCTACGAAATGCACAATGCTCAAAATAACGCAGGTCCACCTGAATCGTAATATTGGTCGAGAGTTTGTGTGGTAGTTAGAAAATCAGTTTGAACACTCAGTTGCAACAGAGTTTGCATTCTGCCACGACACTAGGGCCGGTCAACGCATTCGGGTCTTTTATAACGTGAGTGTGGATGCCCTACCTGTTCGGACTTCCGACAAACTGCACGTAAGTATTGCGGGCTAATCCCACCTAATGACTTGCCGTCGCGTAGGTAATTAGCTCCTGAACTATCCGGCATCGTTCGCTATTAGATCTACTGGGGTAGCGTGAATAGCACTGTCCGACTCTGGG,1858,51.08,Arabidopsis thaliana
SEQ_227457,TTAGTATGACTGCCAGACACAAGGGTCGAGGACGTCTCTAAATAATGCTACATCCTCTGATAAAGGAGGAAAGAAGCTAGGAAGCTGATCTAGGTTCCCATCAAAAGACAACTCTTTTAGCAAGGGGCTTGTTTTGGTCTAGCTGAGTAACGCCAGATTGTGAATCGCGATGTGCACGAACTTCAAGTCTTCGCATAGCATCCTTCCAAATCTTGGTCACTTCCCGTCCGAACCTTGGAAATTTAGCCGTCATTCGACCTGCAAGCGGGATACGGTCAGGAGTTTGCGAAAAAGAGAGGTATACCTACCTCAGCTCGCTCGCGATGCAGCCTCTTATAATAATAGATTAACATGGCGGTGCCTCCACTACATTTGCTTCATTACTAGATGTTACGAACGTGGCTAGGCAGAGCACCCTGTGGCTTTTGTCTAATGGACGGCATAAGAAGTAACTACTTGTGTGCATCTCTAAAGTGTGGGGTGCATATGAAGTTTACTGTGGATGGGGCGGTAGTACTGGTGTGCATTAGTTCCGAACATCGGACACCAGGGAAGGAAATGACTATTTTTCCCGGCTTGAGTCTGTTAGAATAGAATAATAACCGTGCTCTTCCAAATAGAGCTGTCGCGAAGCTATCGACGCAACGATAAGTCATGCTGTACTCCTCTGTGTGTCTCGGTGATGAGTGGTCTAGAAAAAGCTAAGGGCAAATTCTTGATGAGCCGCAGACTGCGCCCTCGTCCCGCAGGGTTCTGGGGTGCGTGCGGATTTTCAACTCAGGCTCTGTTTGAGTAGAAAACTACCAGGCCATATTGCATCGCCCAGTCCTTCGAGAGTCTACTCGCTCCTGATGGGTTGGGCTTACGCCTGAGGGCTCCGACACGTCAAACTTGGAGACCCGTTGTCCTGTTCCTATGGTTTCGTCACAGGCCCTTAGCCCTGGCAAAGCCAACGCAACGGTATTACCTTCTAATTATACTGAGATGATTACAGGACAATACCTTTGCACTACAGCGCCTCATTCCAGTACATGACACGTCTGCTTGTCTAGGTCGAGATGCCACGCGTTGATTTCGGCTGTTATGCAAACTGGACGGGAGCCTACGCCAAAAGGTGTGTGTTTGAAACTCCGTACACACACAGTTAAACGAGGCTCGAGTGGCCGACTTTCACGGCACTG,1181,48.94,Homo sapiens
SEQ_848139,ATTATATGGACCACCCGGCAAACTACCTTCTCTGACCATCAGTTGGCGTGGTCCGAACCTTATGCGGTATCGAGATGGCATAGCTTATGAGCATACAGCCTTCGTGATACGATTCGAACCAGCATCGGTTAGAGGGTCGCAAGTATGGCCCAGATCTCGACTTTTCGTACTTATGTCCCGCGATCTATTCCCCCCGGAAGCTACTTTAAGGTGTATCTCGGTAGTACCGACCTGGAGATGCAACCCCCGGTGGCAAGCGATTCAGCACCATGCCCCGGACCTGTGCAAATCACACACGATGAGTTCTACCATCCCTGAACTCCGCGCGTTCGGACTACCTCGGCTCGTGCAAACAAGCATAAAGTGTTACATTTCGAAGAAACGGCAGGGTCTTTGGTTTGGCGAGCGGGAATCCTGTGTTCTGACCTAGTTTAAAACCGGGATTGTGATACGGTACCACTGACTCCTGTAACATAGACACGGAGTACGTGCGACTCGATCCATGGACTAGCTGTCCCATTGTAAGTTGGACTGATAGGCCATAAGTCGGCGAAATCGCCCTGCCCGCCTATTGTCAACCTCTGTAGTGTTATGGTGTTGCCGCGCTAGTGGAACTAGAGCAATTTAAATCCATAGAACGCCTTCTTACATTTGCTACTTCAACGGTGCTCAATCTGTTCTCTTAAACCTAAGTTAACAAGCGCTTATGAGCATGTGCACAGTGTCCTTCAGTTGGCTCAGGACAAGCTGGAATTCAGCTTGGCCTTGCCCTTCGGTAGGGATAAGATCATCCTTGGGGGCGGAGGTTAAACCACTCCGTATTCGTGTTAACACTAACTGTGAACCCTATCACTAATCGTCCTGGACGCACAGCTCGTTCTTACGGTAAGACAAATCCTCTCGGGTTGTACTACGCCACGTGATTTAGCCCTATTCTCTTGTGATTAGGATGATGTTATCGTCATTCCACACAAACCCTACCCACGACCTTGAATGGGGGCATCAACTCGGAAGATGGCTAGAAAATGATCTGCGATGGCACGTTTTCGGCACTCATAGATCCGATATAGGGTGTTCAAAAATGGGCCCCCAACCCCTTGCTAAACACAGCACATACGCGGTTAATGGCCAATTGTATGCCGACACGAAAGTCCGCTAAGATGGTTATCCATCATCCAATCATACCCACGGATTGGCACAGATACGTTGGGTAGTAGAATACCTAGGTCAACCAAATTAGTGATGTCGGGTCACAAAAAGTAGTATGCGTTAGCGTTCACACTTTGCGAGTCCGTCTTGATGGGGAGGCACGGGTCGCGATCATAGATGTTTTGGTTGGTGACTATACTCTTTCTCGGTTCTACGGGTTCCCCTATCACTGGGCTAATTAAGGGAAATAATGTGCGCGATCTCCTACCTTAGTTCTATGACTGAATATCACGTGGACGAGTAACAGTCATTCCAGCACCCGCGCATTGATCTGTTCGAATGAGTCGACTTGGTGTTAGGAAACACATCAAATTGACACCAAAACCAGCAGGTTCGGACGAACGGGTTCGTGTGGCCTTACATCGCCATCCACCACCAATGAACAGAAAAGTGGAGCTACAGTCGTCGGCTTGGTGCTTCACTCGTATATCCAAACCCTATAAACTCTCA,1659,48.88,Mus musculus
SEQ_472438,TTGCACAATAGGAGGAAAGGGTACATCGTAACATGTTAATGGCGTCAGTCCTGAATGTAGGCAGCCCCTTCGTCCAGGCGTTAATCTACGATCGTCCCTGTGGAAACATTGACATTTTCAAACCCATGATCGATGCGTAGTCGCAATTTGAACTACAGCTGTCACCCGGACTACTTGCCAATTGAGCGGTGGTGCTAACACTCTGGTCTTGACGCTATTTCCTAATTAATACGATGGGTGCCAATAAAACGAAGCCGTGGAACCCGAGCTCTGTGACTTGGCTTCATTCATAAGCGTACCATTCCCAGCATCCGTTTATTCACCGAGCACGGATGACGAGTTTCCCCTGAATACGGCGGAGCAGATACCTAAACCCGAACATACCGTCTGCCCCGGTGGGGGTAGAAGTAATCCGGTGAAGTCTTGGGAGAAATCTATATACTCATCGGCAGAGAGACTGAATCGCTGCTGACCAAAGGGGTGCCAAGTGGTATACTTAGTTATCCGGAAACCCTATTAATCCACGCATCACTCTCAGTAACTAGCAGAACATTTGTAATCTTAAAAACATGTCGCACCCGGAATGTGTTCATGTGGTATGTCGGACAGTCAATTTCGCGATCTGTCATTCCTGCTTGAAAGGTGGGCTGGGCGCGTTTTGCATTTTCAGCGGTCTTCGCGGATGTCGTTGCGACCCAATCAGTATGCGGGAACGGGTCTCAGGAGGCCAAGCATGTGAGTTCTCGGAAGCTGAGAGCTTTAGGGGGTATTCAGTCACCAAAAACACCTGAGTACGACGACCCCCTAGGTTCAGCCAGGTCCCCTAGAACTTTTGAATCCATTCACCACTCCGCCATCGATCAATTACCCTTCATGAGAACCAAATACCGCACCTAGTCACATGGCGAGCACAGTTCAATATACCAACGCCAGTAGTTTCTTTTAATCTTAGTTAAGCCCGAAACTCGATTCCGGCAATAATCCTTACATCGCCGGACTGTTCACAACGACTTCACCCAGGCGAGCAAGATGACAGATATCTTATATCC,1049,48.62,Saccharomyces cerevisiae
SEQ_900620,CTATATCACAGGCCACATATTGACCAGCCGTCAGAACACGCTATCCGATGTGGAATG,57,49.12,Escherichia coli
SEQ_833581,TACTTGCGTGAAAAAGCTTCCCGATCTGCCTCAGGCTATCCTGTCGGAGTCACCTAGAGAAGGCTTTTAGTATTGCCGGGTACATCCGCAGAAAGTAAAATTCGCTAATCATTACGAGGCTCTTAGGAGATACGAGATCCTCCTCCTGCCGGTCACAAGCCGTTCGAACCACCGACTCCGCGAGTCTGGAGTTTTATCCGGATATGAGTTGAATCACCCGCTCATACGCGTCCAGGTTTCGGTTCTCGGTACGGACCCTACCGGGGACCCTTACCGCAAAAATGATAACAAACGTATAAATAGACTCCAGCATAATATTGACTTAGAGTATTCAACTATTGAGCTGTTAAAGTCACGTAAACCTCAGGTCTGCAAACTACAAAGGTAGAAAGGTCTGCGAGGCCACGGGAATTAGCTGGAGCCAAAAGGAGGTGGTCCGGCCTGAATTGAAACAACGTCACATCCTCTTCGGGTACGAAGTGCTAAGGGGCCGCTGAACATCTTCTAGCTAATTTACGTTTTAGACGGACGTTTATCCTGATATAAGGGAGTGAGGCTAATCACGAAATGTGTCGAATAGCAACAGGGAGATCCCTGTGCGCCGACCAGCATCACATCCACCTTCGATTGTCGGCCCCATCCTAACCTCTCCGTTGGCTCCTAAGAGATCACGTCCGAGTCCCGATCAATAGGGATACCTACAGGCCAGCAGATTCTATAAGTTTATCTCGAGGACCCATGCAGCACTCGATAGTCTTACACAGAAGGGATTCAACGTGGCACGCCACTATTGTAGTCTTAGTCGGCGTATCAAGATTGTACAATATTGTGATTCCTAACACCCGCTGGCGTACGTAGAGGTGGAGAGAATACATGTTTATACTCCGTGCGGATTATATTTTACTAACGACCAGACCGGGGTGAGAGGCGGGGGGACGCTAGGAAATCGTGTGCTACCGGGTGCGAGGGTAATCCCTGAGAGAGTCCACGCGACGGGGAAATGTACTGAGGGCCGATCAGACTTTTGTTTTTCCCGGAGTTGTGAACCACGATAGTAGTTGTAACCCAGTGCGTAAACGTTCACTCCCTGCGTTCCCTATCCGAAGCCCAAATATAGGGAGCTGATGACTCATGGTCAATACTTTTCCCTGTCTTGCTGACCCGTCAGTGGCGGGTTACAATCCTGTACTAATTCTGTATTCCCTATAGGGACGCTAGTCCACTGGGGCTCACGTTGTAGCGCAGAGCTTACGGCATGCTTGCTTCCCCAGTAATCGGGCATGATGATTCAAGCGAGGTTCTCCTATGGCCGGGGGATATAGCACGAGTCAGGTTCTGTGACTTCTGAAGAGCTCACTATCGCGAGTTCGCCTACTCCAACTATCCACC,1389,50.04,Caenorhabditis elegans
SEQ_140510,CTTACGCGCCTAGGTCCCTGCTTCCGGTCTCACGAGGAGCGTCATTTCGCGATTAATGGGCGCACTGAGCCGCCGACCCCTGTGGAATTCCAGATTAACGGGTTTTACTATGAAAGATTCAATGCCAAAGTTCGTAAGTCAAAGTCACATTGTAAGCTGCTTGGCGAGGAGCCGTAGACTCATAATACGTTGTATGCGGATTCATATATTTAAGTGCGGTGTCATTGCAAAAATAACGGCGCAGAATTCTTCACAGTAAACTCTTCACAATGGGCACGTAATGGCCAGCACCCAAGACGTTAGTTGACCTCACAGGGCTAGTGGTAAGACCAAGTATTTCACACCATCAATACTCTTGGACGGGCCTTGAAGATAGCGCTCACTAGGGGCCCTTAGTGTACGACTAACTATTGGCGCAGCCGGTCTCATTTGATGAGTCGAGTTGGGGTGACTGACTGAGGGGATTTTTCTATCAGAAGACGCGTGAGCCCCTATAGATCTCGCCTATGTATGCGTATATACCCTTCCGGGCAAGTCTCAATGTTTATCCGGAGCAGCTAAATATACTGCGACTGCTAAGTTGCGGGCGACTGTACCTACCGACTTCCAAATGCGCACTTGGTGTTATGCAACTTCCCCGGATAGCCAACTAAACTGAGAGCAAGCCGTCCACGAGTGAATATGTATGGTGCAAGTACGCCCTCAAGTCTATTAACCGCAACATGGTGCGACTGAGGCGATAAGTTTGATCTATACGTATGGAGCCGATGGATC,774,48.84,Mus musculus
SEQ_626739,CCCCTGACGAACGCGGCCTCCCCGACGGAGCTATTACCGCCTCTTCCCCTGATTTGTCCTGAGTCCTATTGTCAGTTTCGTAGGTTAAATTCTGTTACACATTAGGTTTTTCACCATTTAGTCGGTGCTCTACAGAGCGCTACGCTGTTGAATACACAGATACAGCATGGGTTTGCCGTAACACTTCGTCCAGTAGGGCAAGAAAGGGTTAAACAATACGCTAGCTACGGGCGAGCACCGGAAGAGGCTACTCGGGTACAATTAGGCCATAGCTATCAGGGCCATAGCATTCAAGTGTGAAAGCATTAACGGCTGCCCCCGATGTCAGGCTGTTGAGCCCTACATAATCATAATAGTCAACACTAAGCTCGAAAGCATACATACCTCGGGGGGTACTTACTAACGACGGATAAACCAGTTAAAGAACCTTAGGCTCATCAGGTAGGTCAGGCGCTCAGCCTGGTGCGAGGAGAGCTAATCATGATATCAGGTAACCAGCGAGGATTGGCCACGATGTATTGTCTAGTTATCTCCAGCCTTGTTCTCGTATACTGAAATTGTCACATGTATAAGACACAACACGGTGATAAGTCTAAGAGTCGCTTAGGGCCGTTGTACGCTAGTGCCTAACGATCATAACAACAATTACGCGAGGTAATTAGTAGTTCAACGGGAAGCGTTTACGCCGCGTCTCAGACGGATTAAAGATACAACTTCCCTTGGGGAAACCCGCAGGCCTCGCTATCCTTGCTTGTTGCCGTCGTCGTCCCCTGCCCGCGCTCGGCGCCTTATCGCCCAAGGAGAGGCACGCTGTGATGTGACGCCCTGGGGGTCGATGGGACTGACACGACATCCAGCTTTTTTAAGGAAGCTAAGTACGCGTGATCGACCACAAAGGAGTCCTCAATACTTCTCGACGCGCTAGGTGAGAAATGGATGTATGGGTGTGATATTCTTTGTCTGAGATATAGAGCAGGAAAGTACTCTGACATCATGGACGATTCAAAAAACAAGCCGCCGAGCGGGAATGGCGACCATTTTATACATATCCTCACTGGCATGTCCTTTGGTTACTACAGTCGTCATTGAGTTTTAGAAGTCTGATTT,1107,49.05,Mus musculus
SEQ_102151,GTCCAGATTCCCGCGCCGGAGCCATGTGTTGATCCTGGAGCTGGCTTACAAATTAATCCTGTCGCGGCTCGAATGCACTCAAGTCCTGGTTTGAATGAGGAATAACGATAAAAACTCCGGCCTGACGGTGGTAACGCCCGCGGGTTGGCAGACAGTTATATGGGTGCAAAACCAATGCGTCGCCCCCGTCACTGCTCGGCCTGAGGTGCATGGCCAAAGCTAGACCCCTGCCCCAGCATTCATGGTGTTCTTCCTGCCCGACGACAACGGACCCAGTGCGACAGCACTGCGCTGGTCCATGTCGAGGAGGGCTGCGCCCGCGAAGTGTTCTGGTTCCGCGCCTGAACAGCTATGAAGGATATGGTGCTGCGTTGCTAAAATGGTGGTTGGGACGTCCTCGCGTTAAAATTATCAACCATAGTGTAATGCGCTGCAACCCCGGTTTAGCACGTGAGTGCATCTCAACGCTCCGATCGCACGAGCGACACGTTATAGATATTGTTGGGAGACAATCCTTCATCCTGAAGCGCACTGCGCGATCTTGGGTACAGTGAATGGAGGACCTGATGGAAAACGTGGTATTTGAAGTTGCGATTCCAAGATATCTGTTGCTTCTGACCGAAAAATAACCACT,634,53.63,Homo sapiens
SEQ_356393,GTCTTTGGTTGTTGAAGATTCGCCTGTTTAGCACTTCCTTGCGGACCGAGGTTTTCGAAAGGTCACGGACCTTTTATATACAGACGCCGCAAATCAGTCCGGTCGTTAGTTAGGGTACGGGCTAGAGGCAATTATAGAAATGTATTTCCTTAGAGGGATCTATGCGCTGGGCAAGAACGGATCAACACAGATCGAGACTGCTAGAGCAAATTTACACCTCTAGCTAAACGCCCGCAGAGTAACACCTTCGGACGCGGAAGCCTCGATATCTTCAGGTGATCATCCTCATATGACTGAGAGGAGCGGCGCGTCTGTATAGCCCGGATGCTAGTTTATTCCAACAATCGCAAACTCTACTCTACACAACACGTGGTGTATTCCTCCGCAAGGACCCTAGGACGTTGAAGGATCCGATAGGATACGTTTCAGGGATGAATGCAAATACTACGGCGCATCAAGTACGTCAGCCATTTTGTGAACAAAGCAGGAGCTCAGTAGAGTAATGCTTTCCAAGTGTAATCTGGCGTTTAGCGCCTGATCATCTAGGGGCAAAGCCGGAGTTTCTAACTGATGCCAATACGAATATTCAGCTTGGGTTCTACCCTTGTGTTACATCTGGTGCTCCATATCCTTTCTTTGTAAGCAGACAAGCACCTAAGGCTACGCAATAATGTTCCTCATAACATTCCCTATGGCCACCTCGCTGACGAGCGTTGATTGGGACTTTGCTTGGCGACGCCTTGTCCAGTAGGTCGCCCATATGAGCAACTTTCGATTCCTTTGTGCCGTCGTTTAATTCTTAGGAAAAGTAATATAGCATTCCTTTGCTAGATTGCACAATAATGGCACGGGTTGAACCCCTTGTACGG,869,47.41,Mus musculus
SEQ_143516,CGAGTTAGAAGTGGCAGCCTAATAGGCACTTAACAAACACACTACCTATAACATCCATGACACTACTTATGGGGCCCAGCCCGGAATGCGCGCCTAGCGTCACCCCCCAATATAGCCAAATCAACTTACAGTTCCGTGGTAAGTCCTGAGAGTTCTCGCTTTATCCGCACACCTGGTGAAACACTGTAATATAAAGTCCTCCAGTTAAGAGTTTAGGAAAGTTTTGACGTAGTGCTTTGTGGTATTACGTACACATAACTCTAACTACTCCTGGACGCCCAGTCGGACCCACGCTAGCCTACTTTGGGGTCCCACGGACGAATTGCTGAGTGCCTACACGTAACTTAAATTAGTCGGTTGACTAGACTCCGTCGTCGTGGCCTAATTATCCCACCGCAAAAGAAACACGTTAGTTCATGGGTTGCTCCCTAACCGAGAGGTTCGTTCAGACGTGAGGGAAGCTTACATGAGGGAGTTACCGGATGATACACGCCTCAACGACGCCACCCCATGACACTTTCGATTCCTAGGTTCGGAGCAGCGCAAGATGCAGAGGCTGAGTGTGACGTACATCGTGTACCAATAACATGATGATAGTCGAAATAATACTCTTCCGAGAAGGTGACGACCGTATAGTCACTCCCGAAGGTTATGTCGAACATCAGTCCAACCCACGTATGCATAAAGACGTAACCTTCACAGATTCAAAGGGACGTAACAAATCTGACTTCTTCGTCACTGTTTGAGCTCGCTTTCGCATAAGCAGTACGTCTCCGGGCTAAAGTATGAGAATACGGCCTCCAATGCTGTGGCTCGCAATGGCAGCAACGCCCGTACGCAGCGTAAATCCTACACATATGGTATTGAGATCACGTCCCGGCTTTCATCTAACTTGACTTCATTAGAGATTTGACGGAGTGAACGTCATAGCGCGGGATTAATTGGTCCCATACGCAACAAGGCACGGCGTGTCAGGTCCACTTTAAATGCGGTAGTTGAACCACATGAGCGGGTCAGACGAGGCCGATTCAAATCGAAAGTTCCTGACCATGGCCCATTGCAAGTTGACTCTTTTCCTCCCACTATTTGAGAGACGGTGGCCAATAGACTTGGTCTGCGTCACACAGTCGGGGTGCCCAAAGAGGTCATCATATGGACCGGACATAGCTCGTTTTAACGACCCCGCCAAACACTCCCACTCTAAGGCGGAGCCAATTCCTGCATTAGATGCAACCAGTTTGACTCCTCGGAGAGTTCTTGGCTGCGCCCCTACCGATCTGGCTTTATTTAAGGCGAAATGATCGGGTACCGTAGGGACTATTATGGCAGACAG,1333,49.44,Escherichia coli
SEQ_528510,TAACGACCCACGCACTCTCACGGCTGCAAGACCCCGGTTGCCAAGTACGTCACATCCCGAAGAGTTCGGACGTCATTTACGTCGGTTTGGGCAAAGTCACATCACGATCAGGCCGGGGGTTCGAGCTTCATCAACAATTCTGAAATCCGAGATGTAGGAACCACAGGATCCGTCCATCAGG,181,54.14,Caenorhabditis elegans
SEQ_204866,TCAGCTGGAACTCTATGACTTCCGATGCACGGAGGAGCACGTACGAACGGTCGTTTAGCTCTACCTAGCTCAGTCGCACCACTACATGCTTGGCCTCTAGGCTGCACCTGTTCTCGAAGAGCCGTTAAACGCCATACGGGCATTCCCCACACCGTTGCAGCCCCCGAGAATTTTTGCGGTTGTCAGAACCATCGAAGGCGTGTCGAGGGCTCATCGAAATTACGCCAGCGGATCATAAGAGCTGGACAAACGCGTTCTTGACACATCAGAGGTTAATCTAGATAGGTGGCGCATGTTAGCCGGGTTAGGCGTTCTGTGGGCGGCCTCATTTCTCGGGAAATCGCGATCCGTTAAAGTAAACCAGATCTTCTAGACCACTCTGTATAACGCGGCTCGTGGGCCAAGCCATAGCGACGCTGTAATATAGTCAGGATGCGCCGAAACTGTGGACTAGCGCTCAGCCAAGACTTGCAGGCACTCGGAAGTTCTGTGTTATGTTCATAGAGATAGGACACAATAAATTGGAATTGGTGGGTAGATCTATAATTTCGTTTCATACCAGAACCGGAGGGCGAACAAGTACACTCGTTGGTGACATTACTAATATCAGTTCCTAGCAATCGGTCGGGGACACGTTGCGTTTGAAAAACCGGCGCTAGCAGATAGATTTATCAGAGTCCGTTTTGCGACCCCCTGTAGCGAACTGGCAATCTAACAGTACTCGCCCTCTGGATCAACCGCCTTCCTGTGAACTGGAGCCTTTCGTATCAAGATAGTGAGCTCGAACAGCCCTGTACCCCCGACTACCAGAGTATGACCGTACGTTCCAATTGTTCGACATATCGCTCAGCTCCTAATTCATAGACCTATATGAAAGCCCTTCCATGACTGTACTACATATCGGTCAATACACAGCAACTAGGCAAGAT,929,50.05,Drosophila melanogaster
SEQ_864627,TCCGCGGTCCGCGCTGCTATAACGCCGTAATTGGTCACCGAAAGACCCCAAGATAAAGATTTTACTAGTCCCAGGCAAGAATTATTGAGGAAACCCGGGAACCGCTGTTGAGCGTTATTTGATAATTTTACGTGGGAGTCCTACCTGTAGAATACGTCACGCAGATTTCTCGGTCACGGAGTCGGATAAGAAACACATAACGCTGCGACTCTGATACATTCGACGGTAGCCCCGAGAACACTATCAGGCCCTCATTCTTCAATCTCTTAACCCGTCGTATGTATAGTGCTCCGGAGTCAATTATTTCTGACTGACGAGACTCTGAATGCTGTATATAGT,339,46.9,Caenorhabditis elegans
SEQ_142990,GCCTGAGCTCCCATGGGAATCGAGGGGCCAAACACTGTCCTGGGGTTCCTTAGCGTGCGTCACGCGTGATGGCTGCGCGCGTTATGTTGCCAGTAGCGCTTACGATGGGTACTTGCACGGCATTGGAGCGGAAAAGACAGTATCATCATGTGGTGCACAGGCTTTAGTCGTTGGCGTCTGGAGGGCCTGCCGCATACGATATCGCTAACAAAACGACTTGGGGTGAGACCTAATCTTGTTATAGTTCAACGCATCGGGGCGCGCCTGGACGATCCCCAGTGCTGTATCACGGGCCACACCTCTCATTTTGGAATCGGGTCACCTCTGACTAGAGATAGCCTAGCAGCGGCTAGTGACCTCCTGTTCGCCTTACCGCTGGTACTGTCGGTAGCAATGCTACATGGATAGCCCCCAAGCGCTCGCCTATAGACTTGCAATGCTCTGGACAAGATGGCGCCTGATAGTCGGTAAATCGATAGAGTCGACTTGATGTTTTCAGGTGTGGTCTCCGGGCGTCATCGAGGTATCTTTTGCGGCAAGGGTAGATACCGTCCGGTCGTTTC,563,55.06,Arabidopsis thaliana
SEQ_263809,TTTGTTGGACCTGTTTTCGGTCACCCTGTCACTTACGGTAACACTAGGGGGCCGGGGGTGTCGAAGCATGTGGCGATACACAGTTACGTGTTGTACTGTAAACCAACGTGGAATGCTCCTTAAGTATCCTGTGGTTTCGAGAACTACGTTTCCGCTGAACTTAAGCGTTAGTAGACTAAAATCGCCTGTCACATCGCTGACCACCATGCAACCGAAGGGGATCGGGTATGGAATGAAGATGTCTTTGAAGTACGGTCTCGTCTAGGTCAGCTATTTTAGAAGATCGGGAATTCCTGTGTCGAGGCCTTGTGTGTCTCAGTAGACGAACAACTTTTGAGAACGGGATGTGTTTGTAAATATGATTCCTGTTACTTCTTACTTGATTGGCAACAACAATAGAGTACTCACGCCCTGGTATCCGGGTTGCAGGGTAGCTTTTGCTGCACTCGTTAACGATGCAGCGTATCGTCGATCTGCGGCCTGGCCTGAACTCGGGCGATGCGGGTCCGCGGAGAGTAGGCTTTGACCCATTTAGGCAACTGGAAGACTACGCACGGTCCTCCTGCAGCCTCTTGGTCCATACGAAAGGGCCACCCTGGTACGGATTCAGTTCCCATACTTGAGAAGTAAAGGACCTACCAAAACCGAAACGCCTCCGTCCCGCTAATCTTTGATGACTCCCCTGGACACAAGTTTTAATATCTTCACCTTGATACACGGTCCCAACGCTCCGGTAATGATAGGTGTGGCCTTCGACTTGAAGAGGGCGGCTATAGCCGGTCATACTTGTACGACACCCGTAGTGCGAACATTCAGTGGACCCGCGTCGACAGCAAGCAGGGGTTCAGACAATCAGCACCCCAGTGTGTGCCAAGTTACGTGCGCATGAGATCTAACAAAACTTTCGGTCGACAAATGCTATACATATTCGGTACCATGGAGGTTGTATTGCTTTGTCACTCAACCAACTCGCAGGTGCGGGCCCCCTCATATAGAAGCCCTCTCTGTCGCAGTCGCAAACAGAATCTCAAACTTCATGTCAGGTGTAAACTCCTACCACTGCTAGTCCAAGATGGAGACCGTCCGACATTACAACCCACTAGGTGGCCATAACTTTATCCAATGAATCAGGAAGGACCAAGTCGGCAAAATATTAAAAGTGGGACCAGGTTTTTCATCAAAAAATTGCCAGGCTGTGTATATGTAATGGCTGTACGAGATCCTTTGGCGCGCGGCGCGCGCTCACTCTTCCGCCTGTGTTTCCCCTAGCGTTAGTTGGCTGAGTGGGCGAGCATTTCTATGTCTCGAAACCCATCAAGCTCATGGTTGCGTCGGCCACTAAACTGAACCTCTTCTTAGCGTGCAGTCAGGTGGGCCTTCGTAAAATGTTACGTGCTATCTGACGCGCAGCAGAAAACTATCTCGTACTTGCGCAAGCTGGCTCCTAACGTATCAGAACGACTGACGAGGACCTCTGTCAGGCAGTGAAGCGTGCAATGCCCGGCCAGGTCATAGCTTTTTATTGATTTGGTCGGACCGTTAACCAAGCTGGCTCCATCTACAGTTCCATTTATTACTCTGTTGCGGCAAGTTAATCGGCTTCATTCGTGTGGTTCCAGACGTAGGCGTTCACGCCCTTACCTGATGCCTTGTGGCCTACAGATGGTAGGTTGGTGGCTAGAGGGGTATGAGTTACAAGACATCAGCTCCGTCTGTATACATGCGCGCCCACAGCGATGCGAATCTAGAACGACGAACTTCCGG,1764,50.45,Arabidopsis thaliana
SEQ_749817,GAGTATGCGAGGAAACCTTGCGTTAAGCAACAATTTGTCTGAGTCAGTCAAGCCCGAACACGGTGCCACAGGGTGCAGTGGCGTTGTGGAAGCGTAGCCTGCCAACAGAATGTGCCTGGAACCCCAGCGACACAGCGTTCACAACGAGCCCATAGTAGGGTCACTTAACAGGCTTCCTGAAACACCCGAGGATCGTAGGATCGATGCCCCGGCTCCGAAGTGTGAGGTAACGATTGGGATTTAGTCTATTTTTATTTCGGTCGCCCAAGACGGGTCTAAAGTCAGCTCGAGAACACGCCAAGGTTGACCGACGCGGCTCGATATTGATCTCGATCTACCCACATCGCCGTTCACCCCTCCTGGAGCATATTGTTACAGCGACGATACGACTAATCTAGGTAGGTATAAGCGCTATCGTGTATGGCTACGAAAGTCTAAATAACATGACTCATGAGAAACGGATGTCATCAAGTTATCTACGCCAAATTCATAACCGTATTCCGGGGAATCCGGGCTTGGCCC,522,51.15,Homo sapiens
SEQ_942452,CACACTAATTGCCGCCGGCACAGAAGATAACAAGTTAACCCTATTCGTCTTCGGTGGAAAGAACAGATGCTACATTTACACGATTCTGAGTCCTAGTGTGAGAGGCTGGCATGTGGACGATCTTAGGTCCCGAAAGATCGGTAAATAGCTCTAATGGTACTTCGTAATCTCGTTAACTCACTTGAGCTCCCCCCGCTTTTGGTGAATAGCATGCCAGGCTAGCTATCAAGAACGGTTTGAGTGTTTACTAATGGATCCCTCGTTCGTTAGTAACAGCTATCCTTCGGGCTCATCGTGCCCTTTGAGCAGTGACACAGAGCTTATCTCAGAGAGCCCCAAACTTTAAGGCATAATGAGGCGTGCTAGGCAGGTAAGCTGACTGGTTTCCTGTGACGTTCACCGAATGAAGCCCGTACGGATGCTGGTTTGCACGTAAGGAGCCAATATCAAGCAGGTATTTTATGTCATATAGCCTACCTTCGCGTTTAGAAAATTCCGAGTTCTAGAAAGCTGTCATTCTATCACAACGAACGCTGAAACGGTCCACTCCTTGCGCCCATAAGGGCCTCTCGCATATCAGTTCCACATCCGAAGAAAAATGTCATTAACGAGGTGAAGGCAGGCGACAGCCTCTCCAGCGTCGTTAGTCCTTCGAGATATGCCATGACGGGCCAATAGCTACGACTCTCAAGCCGATGTGCTTCGGACGGAGTCGGATTAGGCCCGACAGCCGGACGGTATGAATAACGAGGCTAAATTCTAGGGACCGGCTTTGCGTAAGTTCGTAGGAATCATTCTTAGCTAATAGTGTCAACGTGTCATCCATGTCGGCAGACGTATGAGAACCCTATGCATAGTCGATCGTACTTCACTACCCTCTACAGCTCTTTCATGC,895,48.49,Saccharomyces cerevisiae
SEQ_344755,GGTATCCCAAGCGAATCAACCACCATTCTCAAAAACTACTTAATATAATGCCAACACACGGAGGTAAGCGATCTCCGCAGGATCTTACCCCACACACTCGGATCCTCATTTTGTCCTTAAATTAACGTGACACGTACCTTCCAGGTTGCACTGAAGAAAGTGTCAATCAAATAATAAAGAAACGTTAATTCCTGCGACAGTTATTCCAACCTTCTCGACGGGTCGTGGCGGCCATTACCCCTCTCTAGGCTCTCCTACCGTATTGGAGAAAATGTCACTATGAGGAGCGACGAAGAGAGTGAGGTCTTACGTAGGAACCAACGACCAATTGAAACTACGTTACTTTCATTGGGAAATATTGGCTCACCCAAGTGGGGACCAAAAAAATGCGTACTGTGCTTCAAAAAGATATACAAGCTAAGATGCCCAAAGTATGGTGGACCCAGGAAGCTGGCACCGTTGGAGTTGATCCAGGGTTACACAGCTCGGCAGGAAATAACCGCCAAAACTCTTTTCTAATATGACATCAATTACTTAGGAGGTTGGCCAGCACTACGTTCGAGACCCCCGCACAAAGCAATCGAATCAAATGTCTAACAGCGACCCTTTGAATGAAACAAGCTGTGAGGGCAACTGAAATATACCCGATGGCTAGAGGCGGGAGCTACTCACGTCGGACACAACTAATCTTGGAATAGGCGAACTATGTCTGAGATAAGCTGTCCTAGCGCATGCTTCAGCTCGTACGGAGTAGGTGCTAGTATTAAGACGCAGTCGAACTGAAAGTCTGTTGCTACTTAAGAGTCCCGTTTGACCTCTATGTGCATTATTATGATTATAGCCGGAGGAGTGGGAAGCTGATACCCCCCGATTAGCTTCAATAGATCAAAGCACTAAGGTGGATCTAAAGCCATCACCTAAATAGTCGGACTGACAATGGTGGTAATGCTCGCGATCTAGTTACTCAATGAGATCGCAGATATTCCCTAAAGACCGACGTCCTAGAGCTTCCGCATTACTATTATAGGCATCCGGATGGGCGGCACGCATGCGATGACGCTGTTTCTGTCTATGCTAGAACTATGAGTTTAGCACTATATCCGAAACAGGAACTCATAGTAGGCTCTGATGTCCGTGAGGGCAGGCTCAGCAACAGCCAACCTAACTCGGGTCCATTGGAACAACGAAGACTATGCATGTCGTCCACGCCGGACAACACGTTCGGGCTGATTAAGGAATCTTGCTCGGGCTCTTAGATTGCTGGTTCGGAGACTTGAAACGATAAAGATCACACGCACTTTCGCAGAAAGTTTCATTGCCCCAGAGCGTTTGGAATTGCACGTAGTGGGCATCGGATATGGGCGACCTGGAGTTCCCCTGTAGCGTAGGAGAGTTAAATGCTACACCGAACTATCGGGGGGGTTGGTGCGACGAATATCTGTCGATGAATCTGCATCTCCCCGGGCAAGTAGGAGAATCGATCTGTGCTGATCCGCGACCTATACGTCAAGTTAGTGCACTTAAAAGATGAGTCTAGCGTTAATTCCCCGGCACCGTGAGTTATCATCTGGTCGGGCCTTAGTTCGGCACCGGCGTGATCTGGCGGTGGTACTTGCCGGAATTATTGAAGGTGCTGTACCTGGAAGCCTTGTATACGCGTGTTGTTGGTTGCGGTGCGCCACCGCTAGGCGCGGCCGACCACCGTTCGGGTTACACAGACCCCGTGGTGATCGTTTGCACAACTGTTGTAGGAATTTAATGTCCTTCTGTCGCACGAGTCCTTATATTTACTGTCAAGGGAATACGCTAGGGTGGAGCCAGGAGAAAATCGTACGGGGAAAGAAGAGCCAAATGACAGTGGCCTGGTTGATATCTTGGTCAACGTGTGCCGTTATCACTGTCATGAGCCTCCTTCTTGGAAGAACTGCGATATTGTCCTCCGGTCTAT,1948,48.61,Homo sapiens
SEQ_180563,CTGTTAAGGAGTGCGTAATATAAACCATGCGACAATTGTGGCGACCCCAGTAGATGTACTTGTTGTTCGGGAGTTCCGCTTGGGCTTAACATGACGGCGTCACCCTGGCGATTGACAACCAGATTTCCCGCTTCGTAACGTGCTCAGAGGCGGGTCACGCTGTATCTCGTCATCTTCCGCATAGAGGCTCGGTTTGTGACTAGAGAACCCGAATGTGTGCACGGAACAACCTTTGACTTAACAAACGCTCCTGACCAAGTCCAATATCTGTTAATAGGTCTATATCTTCCCGTGCGGCGGATAATTCCCTACCATCTCGAAAACGCACGCCCGGTTAGCGGCACGGTAGTCGAGACAGAGGCGCTGGAAACAGTCCCCAATCTTACCGGAAAAGGTAGCGTTGGTTCATTTTTTATGTTCCGGCTATTGACGGTTCCCTTCCGTTGTAAAACCCTCGAGCACCCGTTTTCCAGGCACGGTGGTTGGTTAGGCGGACTTCTAGGAAGGATGTCTAATTGTATAACGCGTTATGTCCTCCACGGCCCTTCCTGTTACTAATTCCAATAATTAGATTAGCTACCGCGGAATGTGCAAGATTTAGCAATATAAGGTATTGGCTTTTCTGTGCACGAACTGCTTGGTGTGGAGAGGGTCTCCTACCCTAAGGAAAGATTCACGTCTCTTTCCTTGCATTTATCCATACAAGTACCCAACAGACCCCAGGGGTCGGAAAGATCTCGGCGACGTTTTAACTGAGGCCTCGGATAGTGCTGGCAGTACAAAGGGCCTAGATTCTCCCGTTATTGGATAGGCCGTGCTTGGCAAGGACCCGACAGGCATGCGGGTAATATGTAGTTCCTATGTTTCTATGGGAGCTCGCACCTGACCGTAATGCTCCATACCTTGCTTTTCCTCTTCCGACGTTAATGAGATCCCAAACCGTTTGTACCCGAAGTCGAGCGGGACCACCGATGGATGGTGGGAAACTACGGAGTGGCATAAACACCCATCAGTCAGCACAAGCGCACTCCTTCAACACTTCAAAACCGCCCTGCGACAGGTTTCCGTATCTGCGACTCAGCTTAAGTGAGCTTCAGGGTTAATAGCAGAGACACGAATGACCGTAGAGTTTCGAGCCCAATAGTGTCACCGTTGACGTTGTCAGGCTTGATTATAGCGTCTCTTGTTTGGTCCGGGACCTAGAATGCAAGTCATCCCGCACGCGGTCAGTGTAGAAAAGGAAAGGGAAAAGTACCATTCTAAGCGATTGTCTGAGAAAAGAGAGATACATGACGGCCTTGTGCATTCCCTTGAAGGCGATGAGAACAACATTACAGTCGGCAGCATCCAGACGCCGCGATAGGATTTGTCCTCATGGCTAGGGTGACTCGCCCCGGCCATTCAACCTGAACCGACCATATATTCAGGCGCCTCGCCGAAAGCCGTTCGACCATTATGCAATATATCCCCCAGTCGCTAACCAAGACCGTTGATCCTTCGAGCTCTGTCTATCAATGATACAGACAGCAGAAGATTACCTAGGGGTCGTTATGGCGACTGAAACTCAGCATCCAAACGCTCTACCGGGGTGGGGATGGGCCTACGCGGATGACAGAATTCCTCCTTAGTGTGTCAATTACGCACCGACGTGCACCGCGTCGATACAGAC,1669,50.63,Saccharomyces cerevisiae
SEQ_790179,ATTGGAAAAAACTGTAGAGATAAGTTATACCAGCCGTAGTGGGTCCAGGCCTCGGACGTGCTCTAAAATTATGACGACGAACAACCAAAGCATGTTGAGATAGCCTGAGAAGTGTATTTAGGGTCCCCACCCGGTAACGGATAGACTATCCGAAATTACTGGGCTGTCTTCACAATCCTGATCGGTTTGAAAGACTTGCGCCTTTCTATTATATCCGCCCTAGATCTCTGGGTAGATTGGGTAACTTCCACTGTAGCTGCATTACGGCGTAACATAAGCTGTGCGGGGTTAAGTGTGGGGCCGTTTGTGACGTAAGCTGACGGGTAGGC,329,48.02,Drosophila melanogaster
SEQ_916268,TATCTGAGGGTTGCATACTCGTACGACTCTGATTGAACTGAGTTAAAATTCCTCACTCGCCGCCCAGAGCTTATAGCGTGACCCTGATAGACTCAGGCACGTAACCAAAAGAAGCCCGTGGCCCGCAATGAGCTAGTCAAGCGATAATCTGGTCCATACCATTGTAAATCATCACGTTAGAGTCGTTTGACCCTCCGAATTTAGGGCAGAGCTGCAGCCCCTTATTATCCCCCAGATAGTTAGGACCGTAGAGCTTCTTTTATCCAGCGGGCAAAGCAAACACCTTGTCGTCAAACCTTGACTGAAGACGCACCCGTACATCAGCCGTACTGGCCAAAGCGCATGTAATGCCCGACCCCCACTTGCCTCAAAGCTAATGCATCATTAGCTCCCTTACTCTATACATAAGATTCCACCAGACGATGCACCTTCTCCCTCGCTGTAGAGCGGGCAACCTAACTGTTTGATAGTACACAGCATCGCGCGGTGCTTATCAATGATTGACTACACGTCCAGGTCCAGGGCTCACTCAGAACTCGCAATTTAAGTATGCCATGCCCCCGGCACGCTCGCCCATTAAGTCATGTTGTACTCCCCGGAACCTCCAATGTAATCACAATTAGTCGCGACGCGTAAAAGTATGACATTTATGAGAGTATGCACTGCCGTCCTCCGAACTTCGTCAGCCTTAGAAGTAACAATAGGGCAGGCTAGCGGCTATAATAGCTATCACGGACGTTTTCACTTGGAGGCCCGGGAACAGTAGGCAGGTGTTACCCCATTGGCTGAAAACGGAAGATGGTTGGCGCTGAGCTCCCATCATGGGTTAGTGAATAACAGTCGTCTGGCACGTTATGCCATTGGACCGCGCTAGACTGGTTCGTGGTCTAGTGCTCCCGATCCATTCGTAGCCTGGGAAGGTGCGCGCTGTAATTGCGCTATGGTACCATAGATCAGCAGCAGGGAGGACGTCCCGGGAGACCATGAAAGCCTCTTTTTCGTCGGCTTGATCCACGCCAACTAGAACTGCCATCGCTTGCCCTGTCTGCGCGAAATCCAGCTGATGTGGGACTTCAGTCAGTACATTTCGAAGGCGGCAGACAGACTATCAGGAAGCGCGTCCTCTGTGGAGACAAATAGCTCACACGGGGCACTCTCGTCTGATGTCGAGTTGCACACGTTCGCCAATCTAACAGTAGCCCTTATAAGTGATGTCAACTGATAGACATCTGGTGCCTAGGCCGCTGGACTCGATTTGGGTTTGATCACCACACCCCAAGTACGCATCAAATACATACGTGAGCACTATTTCCGTAAGACTGGGTGATATGGGCATAGTGCCCCGCGTCTTACAGATCTGTAAACCCTCGTCTGAATCACATGCGGAGACACTTAGACGGACTGAGTTCCACTCGCGCACCGAGGTCTGCAAAGCACGCTCACGCCAGGACCCTCGTTCGTCCCACTAATGGCTACCTCACCTAACCGCCTGCCAGACTTCTGGCCCACGAGAGAATGTACCTGCCAGCGTGCATTGTAGCGTAATTTCCAATTATATATACCCAACAGTCGAAGGATCAAGGATGTTATGAATAGATCTCCCGTCGATAATGCATGCTTAGACAACCTGGCTTGCTAGCGCGAGCCGGAGACCCAGGTGCAACGGAATTCACTTTCCCCTCGGAGACCCGACCGGGA,1698,51.77,Drosophila melanogaster
SEQ_169016,TGACTGTTCCCAGATCAGCATGCTGGCCAAGAAGCTCGCAGAGATCTGTGCCTATCATTGGTGATACGTTGTTCTAATTGATGAGACAGGGGTACATTACCTAGACCGGGGGACGGATCTACCTATCTTTGGGAGTGGCGGCATATAGCATTACTCGTCAAGCCGAAGGGTCTCAACGGATGCGAGGGGCTATTATTGACCCCGCCTCAAATAGCCCCGCGTAGCCACGAGTCTACAAGAGGGCCGTGTAAATTAATAGCCACGTACATAGCAGATGCTAACAGATTAGCTGTATAGTTACTTGCGCGAGAGGATGGTCATGACAGCTGCTCTAAATCTACACCACCTGGTGGCCTAAAAAACCCAATTTCAGAACTATCGGAGAAATGTCCCTTGCCCTCTTATCCAAGACATACGTCGGTGAAGAGAATGTTTGCAGCCATGACATTGTTCGGACAGCTTCCT,465,49.03,Arabidopsis thaliana
SEQ_853719,AGCAAACACGGAAACTCTACCTCGGGTCCTTGTCCTCCCCTAAACTCGCTTGAGACGGTTAGCGTGCCTTTTCAACCGGAGTCGTAGGCGAGACAACATAGGATAAGTGCAATACAGAACTTTTCCCGGACCGCGTCACTTCCACGAAAGTCGGGTTAAACGAGGGCGGCGAGTGGTCAGGGGAGATTTTCCGTATGTGTCCGTCGTCACCTGCATAGGTCCGGTGCACTTGGCCCTGATGGGCGTATTAGCGGACTGTGCCGTCTTCGGCGGAAGATCTGCAATTAATCCTTTACAGGAACAGGTGCGAGGTGGAGCGGAATCCAGTAATACCAGCACCCAACGGTTCTGTTTCCACGCTGAACATTGTATATCGAACCTCATTATGTGGTAACGTTTTTGTTGAGCTTTGACTAGGGCGCAGTGCAGGCGTTGGGGCACTACCGGGCGCCCTTATGAGTAGGGAAGGTCGGTGCTATAAACCGTCTGGTACTCTCGCGAGACCGGCGGCACTGTCTAGCTGGAAGCCCTCGCAGCTGGTGTGAAAACCCAGCATTAGGCTGAACATGTTGATGGCATTATTGGTGAGCGTATATGAACGCCACCCTCCTGACTAAGTGCACGGCGCGACAAGCGGAAGTCTTTTTAACCGGAAACACCCATTCAGCGTCATTGGCCCCTTCCTTTAATGCTACGCTATCAGTGCCGTGGATGAAATAAGAGTGATCTCCCGGTTGAATATCCAATATGCCGTGTCCGGATAACAGGGGACCCACTCGGCGCCCCAAGAAGCGTTGACTGCAGTATGGCCAGGCCCTGCTGCCAGTAAGCCATAATCCGAGCTATACAATACCGCAGCAACACCGGATTCCAGCGGATGTT,882,53.51,Arabidopsis thaliana
SEQ_609298,AACTCAGTGGCTACATGAGTTGCATTCCAGGCAGTTAGATGGACGCACCAACGTCCCCAAAGTTGATTTGGAGCATCGCACCCACAGAGTATAACGCATAAAGAAGGATATATAACGTTAATTGAAGCCTCTCTCCTCACCATCTGGACGAATTTCGCTTAGTCGCGTCGCGATATCTGCAGCTGATAGACAATGTTGCTGACGTGTGTACAGCTATAGGGTTACCCGCCTCCTACGGTCTCGCACTGAGTGGGAGTATCCCTCTAGGACGACTCTCCCTAAGTTTGCGGCCAACTATGGGTTGCATCTGCACGGAGCTGTAGGAACTGACTGGGTAGTTTTAAGGTTAGTCCCACTAAATCTTAGCGCAGGATCCCAACCGCGCGCCTCCCTACTCCCAAGTAGCAAAACGAACAAGTTTTAAAGTCGCGTGCTCTTCAAATATTACTCGTAACACACGCGCCGCTATCTTTTCCACCAAATATCTAGGTGTAAGCTACTGCCCCAGGTGGACCTCAATATATACTCCCTACCACTGGGCGCGTCCTGAACCGAAAATTTTCTGATAGGCCTGCCCAAGGAACCAGATACTCGTATACTTGCATTATCCATCCGAAACAGCTGCTAAGTTATATGCACGTAAAGAGCGTTGGTCCTCACCTACAAGTGGACCGAAGCTACCAGGGGCTACTCCGATTCCTATCCAACCTCAACCTAAACCTGTGTTTTGGTCGCGTC,738,49.19,Homo sapiens
SEQ_537303,TGCCACGTAACAATGAAGACAGTAAGCCCCTCGCCCGGAGGTCTTTTGGCAACCCGGATAGGCTCAATTGGGAAGGTGGGCCCTGAATGAGAATTGAGTCTTGACTCGCACTACATGTATGGACATCAGGGTCCGGCGCACAGCACCCCAATAAATAAGTCACCAATACTTTAGTACTTTCTCGGTACGTAAGTCCTCCGTAACGCTTGGACGCGTTCGGCAATTTGCTAGCAATGTACACCAATCATCAGGGATAACTAACGCGAGGGATACGCTTTAATGGCCGAGCTCAGTACTGATTACTCAGGTCGTACCAGTCGGCCTACACGACTCTACTGTGAATCCGAACATCGCTGTATCGCACCTCGAGTCTCAGCTGGTACCGCTCTTGAATAATCGCTTGAGAGGCGGGTCGACGGAAATCCGTCGCATCAAGAAGTTTCACCCCGCAGCATATCGGCACGGCCGGACTGCGAGTCAATGACGAAGCCATGTCTAGTGAGCGCCTTGCCTATGTTGATAGACCTAATCCTGTAAAGCGACTAAAGGCACTACCGAACCACCACTTATTAGATCGTATTGTGCCGGTTTGGAAACTTTTGCTAATTACCCTGGAACGAAATGTTTCGTAGCTGCTCACCTATAAATGCGCCGTTTAGTGATATGGGGTTCGTGTCATGCGCGGGTGAGTGCGGGATCAAAATTGTAATTGCCGATGGTCCAACCTTTGTCACGTGGCTCGACCGTTAAGTGCCATAGGTCAGAGGGTGACACTTAGGGCGTCGTATTTCCGCAACTTACGTGTGTAGACTTCGCATGAGCCTATCCTGCCGAAAACGGGTACATAGCGCATGGATGTGAAGCGCGCCTAGACGAATCTCCCGCCCTTTCCCGTTTTCTGAATAACTGAGTTGTTGCTGTGCTCCGTACAGTGCTGAGGAGTTGACTGCAAATTGCAGTGG,962,50.83,Escherichia coli
SEQ_443158,GGGGCGGTACTTTCTCTTACGTCCAACGCCTAGGCTTATCATGAGTATCTCAGGCGGAATTTTTTTGAACCAAGGGTGAAAAGCATGGAAAGTGGCAATGGCCGAAGCTTATTTACTCTGGCCAGTTCGGGAGGTCTTGGGGCGGGCATTGGAAGCCTAGTCTGGCCGTACAAGGGGGTGATGATGTAGCAGACAACGCATCTTCCCGTATCTGCCATTCCACTCAGCTATGCATAGGTGATGGGCCCTACAGAAAGCGGCTAAGAGTGCAGACGATACGAGTGCAAACGTATCCTGTGTTGGTTTTATTGAAGACGGGTTATGCCCGAAAAATCGCGAAAATTGGGCTCGCAAATCCGACGATTACATGGATCTGGACACCCTTTAGTGAGCAAATGCCAGGCGTCAGGTCCCGGATGGTAGACTGCCGCTTTCACTACATAAAGAGTCGTCACACCCCATATCCATAATTTCGTTCGTCTGCACTACACGTATTCGGTGTGTTCGGCGATTTGACGTGGCGTCTCGCGAGTAGTCGGAGAGCTTGCCCCAAGAGGCGATGCGGTCAGTATAATGCAA,579,51.12,Saccharomyces cerevisiae
SEQ_436386,GTGCTATACAGGGTATGACCCGAGGGCTGCTTACAACCTGTGATGATCGAATGGCAGGGGCGCCCCCGTTGTCTCATGTGTTGTCCCGCCGAGGAGCTTGTGCAGAACAGGGCCCCGGGCTGTCAAACTTCTTTGGTTAATCTATGTCTCGAAGCTCGAAAGGGTCCGTCATTAGATGTCTTGGCCGCATCAGGGATCTCGCAGACTACCCTGGGGGCCCCTCCGTAATCCGTCATATAAGAAGTAGTCTGTAGTCTAAAATGTGCAATCCCATGCGTCAAGCGGCGCGTCTTAGGATTTGCAGGAGAAGTGCCTGGCGTCAAGGGCGTCTCGGATGCGTCGTAAATCGGCGACACTCTCAAGTACCCACGCTCCAGCCGTCCCCTGCCAATGACATCTGAATACCGCAAATCGCGGATGGAGTGGACCCGTACTGTCCTAACTCTAACATGCGACTTATGGTTCATCCTAAAAGACATTTGATCTGGTTGTGCGCAAACTGGATAAGGTCACATTATGTCGATTTGACGTGCGTACGTGTTTCCTCTAGGCTCACTTCACTCAGCGCATGGCCCGCTGGGGTATCTCTGTTAGTTATCTTCAGCCCCTTGCGTTGGAATATTTAACCCCAGGGCTATTATCTTCGTGTGATCTATACAGACAGAAACGCTCAGAAATCGAAAGGCCGTCTCCGGTTCCTTGGATCGGGAATACCAGGGGCCGTGCGTTAGACCCCGCGAAGGACACCACGAAGGTTTACTCAGTTGCGCGACAGATGGAATCTGATAAGTCCCCTCACGGGGAGATGTGTAGCAAACTATTGAGTATTACTCCTAGTGTACTTATTTATGGCTAGTGCGCACGTTAGCGTCGAAATCAGTTGACACGAGGAAGGGAGTAAGCTCCCCAGCGATAGGATGCCTAGGGCATTGAGGTCACCGGTAAAAAGGGATGAGTACAGTAGTGGTTAGAGTCACCTACTAAATGGCTTGGGGGGCCCATCAGTCACATATTCCCGGAGGCCGACTCCCAGATTGTTAATCCCAAAAAATACCACAGCTCATGGCACACGTGCATAGTTGTTCTCATAGGCTGATCGTCAGTTAGGCTAGGTTGGCCCTAATCGATTTGTCAAGATCGCGCAGCCGGGTGAGGTTGTATGAGACTCCCATCAGTTGTGGATTTTGACTCCGACTTCCTCAATCTTCCCTGCCCTTCAAACGTAGTGGCGGCCTCGGTGTAACCAGCGGCAGTCGCAGAGTGTACCTATCGGGGCTTGTCAGGGACCGCATGTTCTTGGTCCCAGATCACCGTTACGAAGAAGCCACAGGTTGGTCGATTTGAAATCTGAGAAATCTTCGTAAACTCGGTAAGATCTCGGGACTGTGCAAGGTGATAACCTCTCGCGTGCGAATCTTTTGTCAATCGGCATCAAAGGGCTGACTCATCCTCAGGTAAGGAACCCTCTGTTACCTCACCTAAGACCTAAGGCCCCATGACGAGGGGCGAACATTAATCGGTAAGAAGGACGCTGTGATGGGTCATTTTCCATACATTCGGGGCGGCGTATAGGGCCGTGGTGGGATGCGAGAACGCGCAACTAATTCGTACACAATTCAACTGCCTCGTGAGAGACGCTCTGATGTAATATAGTGGTGACAAACGGAATATTGCCACAGACGTGAGTAGGGACTAAGAAGGTAACAGACGCATCCAACCTTAGTCGATGAATTGTCGACGTTCAAATATGTCGTAACAAGAAGAAGAGTTTGTGACGACAGTTGTGGATAGTCTTGTTATTAAGACGGTTGACGGCCTTCGTCAAGCGTTGGGGATGATCCAACCCAAGTCTACCTGGCTCGTAACGAGACAACGCTTTTGGCATCTACATGAACGCGATTTCTTACACCCCCCCTCGTGTCTCTATTGAAATGCTTCCTTGCGACAAG,1949,50.9,Caenorhabditis elegans
SEQ_997100,TATCATTCCCGTCACTTTCACAAGCTATTGTATTCGTACGATGACAGACTCTACCTCAATAGAATCTTCGAGTGGGGCCTAAACCATTGATCTCACAAGTCGTTCGTAGACTTTCTCGAGTATTCTCGCGAGTGACACCGCGGATTTTTTCGTCAGAATGGACTCGATATATGACACAAGTTGCAACCAATGAAATGGCTATTCGACGATGACAGCAGAATGAAGATCAACATTTATATTGATTAAGTTGGAGGTCAGGTTACGTGGCTGTTAATGACTAGAGGCAGGCTTTTAGTTGACCTTGTCGATCTCGTTATCGTTACACTGCCCATGCTCTAGCGTGCTTGTCGGTATGCTACAATAAACTTAGCATCTAGGGCTCCAGTAGTCTCTTATCCACAATCGAAATGAACCGACGCCCTCACGGACGCGTAGCCAACAGGAGAGTTAAAACTGAGGCTGCCTGCTAGCCTA,474,45.15,Homo sapiens
SEQ_136492,ATAGCCAGCGTCATCGTCGCTTTGACAAAGTAACGATTTGTTAAACTTGTTCCACTCACACATAATAAGCGGTCCTTGCGTGCAACACGTCAGGTGGTCTATCCAAGGGTCCAGGTATTCCCTCCTCATCGACCTACATAACCAGTCTCTTTACCGGATCGGGCAGCAGTGTAGTGTGAGCAGCAACGTGATGCCGGCTGGTGTAATAGCAGTTCTCCATCTAGGGTAGCGACCCGGAATGTACGACGTGTCTTGCTGTTCCAAAGTTTCAAATTTCGTAAACCAAAAAAATAAGCATCTAGGGTGACATGTATCTTAATAAGTGCAATGTCGGCGAACCCTCATTAGTATTGCATCGAGCGGCGCCACCTCGGCCAGAGAGACACAGTAGTCCTGATGTCGAAAGTCTGAATCGAACGTCGGCCGCGAGCCAAACTGGTGGAATCGCGTCGCTTCTCCAAGGAGCGACACTATCATTGTGGAGGCGGTATCACGGTAAAGGAGACGCCGAGACAAACCAGACCAACACGGAGATCCCAGGAGGCAGGGGCACTGGTGGGAAGAAGAATGCAGGGCGAAGCTATCAGCGAGTACCGCGCGTCCGGCGATGTACCGGTTGTAATCCTCAACATGCGGGAATACACAAAGCCCGCACGCCCTAGCGGCCTCCCAACTGTCACGTCCTTGCCGCAGTCTATTGCCATTGCCAATTGCTCGATCTACTCGTGATAGCCAGCCGATGAGGCGCTAGAGTTTTTTTAGCAAGCTACACAAAAACTAAAACACAATGGCAAGTCCATGGGAGAAATGGTTAATGAGGACAACATGGCGGTAACTATACGCATCAACAAAACTATGCGGGAGCCTGGATCCACTGGATTACGTTATCCAGGTCTGTCTTCTTGGTATTTCCGTTTAAATGTCGGTTTCACGTATTACCCCAACGAGTGAAGAAGATAACCTCCTAGAAACATGAGGACAACTGAGTACTTACGCCTAGGGAGCGCCGAGTCCGAAGAGATATTTCAGTCAATGTCCATTGTTCGACATGCAGCCAACTTTGCTCTGTGAAGGACCCTTACACTATGCGCCGCGTTCCGTTGAATGTCGGTTACCGAATGACGCAGCCACCTGCAATTAAAAATTGGTCGGTTCTACAGACGTCCTTCAGGTTCCATATAGACTCGACCGGGCAGATATACTATTCGAAGATGTTTCCCTAATGTATAGAAAACGGAGTGGGTGTTTCTTTAGGTCTTCCGTGGCTATTAGGTGTAAGCCGAGAGGAGGCGGGCACCTCTATACTTTAGTGGGCTTAAATAAGGCGCAGATCGCTCTGGCTGCCGTGAGGTGGGCGAAATCGATATATACTTTGTACTGGAGTCTATAAACAGTAATTATATGTACTACTGAAGATAGACAGTGTGTGAGACAGGAGTTTCTAATCGTTGTACCGTGGACCCATTTACAAAAGGGTATATAGTACGAGCATAAGCCATAAAGCGATCGCATGGGCTTACTCTATTTATGATGCGTGAATCATGACTGCCAATGAACGCTAGACGAAGTGCGAGGGCTCCGCCAACCGATGCCCCACGGGCTCGGGGCCGGAACATAATTTGAGTAATCAACTTGCAACAGAGGCGGGCATTGGTTAATAGAGAGCGCGAGTTAGTGTAGTATGCTGATCGCGGGCAGAGGTGCACGCCCCCCAGGGCGCCTTCTTTAAATCCTGCGCAAAGGCCTTGCCGGATTTAAACGCGGGACTTACTGGTTAGCTATAGCTTGTAGCTCCATTTGAAGGCTCCTTGACGGAATACGGCAAGTTAGGATTCTCACTCTGTGATCAGCGACGCCTGACGCCAATGCTTCGACGGTGGTCTGCGCCCAGGTACTCCTTGCAACCGCAAATCGGTTCAATGCCCAGCGCCTGACTTACAGGGCAT,1946,50.0,Saccharomyces cerevisiae
SEQ_911765,GAGGCGGACACCAGTTCAGGATGATGCGGATGCAAGTCCTCGCATATCCTCCACATTCCTGCGAAGGAGCGATTTTTGAGTTTTCGGGACACCAGAGCCGTCGCAAAGAGACAGGCGAAGGTCCCGGAAGCCTCAGCTCCTTCAATGAACATGTAAGCGAAGCCAATTTATGGGCTGGATGCAACGCTTAGTCTAGAGGGTTCCCGCAATCGCCCATCAATGCGCGTGTAGGTTAATTTGATTTGGTCCTATTCGCGATCGTTAGGCGTCAAACGCAAAAAACGGTCGACGGGGTATACTCCTGTGACCGTACTATCAGATGGCGATATGGATGATTCATGTCGGATACTTCTCGAAGCGATAAGAACCCACTGCCGTAACTTTTCCCATAAATGAATGTGAATAGGCCGCCTAGTGCGCCGTCATATTCGGGTTGGCTCTCCCTCAATAGGTGATGTTCCGTAAACTTCGCCTTGGGAAGGGCACTACGATTCTTGACCCCCCTACATGGGTGAATGCTACCGTCCTTATCGCAAAAGACAAAGTTGTAATCAGACAACCCCATGCCTAGTCTCCTTTGGGATACCCCTGTAAAGTTGACGATATGACACTGGGTCTCTGCCAATACTAGACTCGTTTCTCCGAGCTCAGCAAGGGAAGGTATCTAACGTATGTCCCATAGTTTATTGAAGCGTATTGAATTTAGACCGGGGGCCTTGTGGATAAAGTCCGGGCTGAGAAACCACGACTTTCCCCGCGCAAGGAAGTGGATTCGGAGCGGTGACGAATAGCATCACGGAAGATCACTTCTAGCGAACTTCGCGATAGGTCGTAGCGACCGAATGGAGCTCTAACCATTTACACATGACGAAAAGTCCCTCAAGCCCAAAAATGTTCTTACTGGTTGAGAATCTGAGATTCTACCCAGTCGACATTCACTTCACGAATAGGGCACTTATATGCCTTGACACGAAATCACGCGCAGGACATTAGCCGGTTCCCTCTCCCTCAACGTCGGTCGGTCACTCTGCGGCCTTGGTGTAGCCACACGCCAAGTCTTGTTAATTCCCTTCCATATTAGCCTTGCGAGCGTAAACTGGAAATCATCATGCGTACGCGGAAACTGAGTAAAAGGGTGCGAAAAATAGACTTTGAGGCTTTCAGTGCGAATGTTACGGCTGAACCAGGTGCCTCGTGGCCTAGGCTCACTGCATTTGTCGTGAACGCAATAAATTGAGTGAAGTGGGTATGTGTAACGGGGAAACACGGTACTAAACCCCGATGCAAGACCTCCGCGGGGTCGCATCTCCGCTTTTTCAGGCCGCCCAGCGACTGTGAATTTTCGCC,1347,50.26,Escherichia coli
SEQ_344058,GCTGTCCAATATACGATACTTTGACGTCACGGTTGCAATTGGTGCAGTCGAGTCCGCCATACCGTTGTGGCAGTTGCCGTAATTGCTGTATATAATCCTCTGACCATCCACAAAAAGATAGCCGACTCGGGCACAAGTGATATCCTTCTCAACCGAGAACTGGTACTTCCTTGCCGGACGATAGCTGTAAGGATCAGCGCGTTTAACCGGCAACTTTCAAAAGCAACTTGCGTTCAGAACCTTTAATTCTGGCATTGCCAGTCCCCCAACCCTAGGTGAACTCCGTGGTGTCACATAAACTGAGATCTTTATCAACGGCCACGAAGCGTCAACGCGTGGAACAGCCCGCGATTGGGCGGTGAGCAGAGCTCTAGTGCGACCATTTGCTTCCGCGGAGCTGTACGTCTCCCCCGGCTCCGTTCCCCAATCACTATCGCCCTGACCGCAGTTGTGTGCTTTCGTGTCTTCGTGAGATCCTCAATTATAAGTTGGCCAGTTGACATTACGTTCATAGATGGACTAGTTAGGACTGCCGCTTACTTGGGGCAACAAGGAAGGAGTCCGGAGGTAGCTGAATTTCGAGCTCATGACAGGCGCCCCCCATTGTGGATGGAGAAAGACAACTCAAGGACCAGGGCCTATTGTGCCCTCCCCAAGGGTTCTCCCTTTGGCTGGCGGTTACAGTTACACCCGAGCGGGACATACTAGCATTGCTCGCCAGCAGAACTGCAGGGCAGAGTAGATTGAGAGTTACTGGAGTTCCAGTCCCTCTCGTATCGGACTATCTAATGGTGTCTGAAGTGCAAATCGCAGGTGTTAGCGTCTGAGCTGACTCTTCATTACTGAACGTATCATGGGAGGCGTTCAAGGTTATATGGCGAAAAACAACTAATAACTCCCTACCGTTACGCTTTGCTTCGCGTATTCGATATATGAGTACCCTACCGGGTTATTGTCACTGTTAGCCTCCTGTTGGAATGACGGTACTTGATATATGGAGGCACATGACTATCTCGCAGCTATTTGCAACCGCTTCCGAGATCTATTTTACTAGAGAGTACCGCCCTGCGCTGCCGGGTTGGGT,1084,50.92,Caenorhabditis elegans
SEQ_315546,CACGCCCGGTTGAGATACGTGAAATCCGCCCTGATTCTGTTATTGGTCTATTATGGTAGGGATGACGAGGTAGATCGATGTCGATGCAGTGTACGCCTTTAGCGATATTGCACATGTGGTAGCCTATATGATTCAACCTCTCTGAAGTTCTATCTCCAATGGCCAGGTTACTCAGTATGTAGCAAGCTGTTAGGTTTGGTATCTAAGCACCCCCTCAGTATCGTTTACTTCTGTTTACTACTCGCGGATTCCGGATTCAGTGGTCTCTCCTCATTGCCTATGAACCTGGGAGCAACCCCTGGCGTAGCGACTAGCGTTAGGCTCGTAGCGCGCAATAGGACCTCGCTTGGGACATGACCGGCGTGCCTAGCGAGTAATGCCTCCTCCCCTTCTGCACATGGCAGCTTCAAAGGGGGACCTGGCAAACTTACCGTTCGCGGAACACTCGTTGCGGCGTACGAAAGGTTTGTGAAACAGCGACGCTGGGTACAATGTGTCCGACTTGCCGGTCGATACGTGCCTCCTCTAACTGTTGATGAAAATTTGCCTTTTCCGGGAAGATACGACGATAAACGCCAAATGACAATAAAAAAAATAGGGATTAGTAGTATTGTGCCACTACGTGGTTCACGAGAACTGGCTTATACCAAGCTCACGATGAAATCTCAAATTGCGGCGTGCGGATTGGGTCGGACTACCTAACGTCACTAGTGCCTTCAACGTCGGTCTAAAAAGCCATACACTTGTGTAGATGCGGTCTGCGCCATCAGATGGCGCGATATCTCTCTTCACTACCCAATGAAAACGCTGATTAGAAGTTAATTTTATGGTCAGATAATAGTCAAGACGTTGTGACATAAGGAAGTTGCCTAAGTCAGGGCGCTTGTTGATAATGTCCCATCTACGCCGAGCGAACTGTGGGTCTGTAAGCATGGTACCTCATCCGAGGCTCGCGATAACGCCGATGTCGAGGAAGCCATGTGCGCTCCTACATCTCCACTGAGCTCGTAATGAAGGTAGTCCAGATGCATACCGCTCTTCCGTTCCATAAGGATCTTGGATAGCGGTTAACCCGTAGTATCGGAGACTATTCACTGACTAGGAGGTCATCGGCTGTTGTCTAGTCATACCCACGGGTAGGAACCTCATTTCGTCGTTCTGGCTAACTGGGGCTTACGTAAGCCTCTCCAATGGGTTAGTACGCCTGAGGGCTAGCGAGACATGTCGCCAGGTGTTTCTTATGCGCGGTTGCAATGCCTTTTACCTACAGTGAGGTGGTAACTATCAACAGGTGATGCTCGTCAGTTTGCAAGGGACTTACATTACTCGATGACAGCTAGTATACCTAACGCTACACGGTAAGGGAAAGCTGCAAAACTTAC,1382,49.35,Mus musculus
SEQ_739015,AAATCCTTTTCAGGAGGGTAGTAACCCTTTATGTGCAAAGCTAAAGAAGTTGGATAATCTATGCTTGGTCGGAGGAGCGGGTCACAGGTTGTAAGGTGTGTACGACTGTCGGGTTACTCTGGGGCTGCCAGCTCGCAGAGGAGCTGTCTCATTTCCTTCCCTAGTACATACAAGGAGAGGTGTTCACGTGGAGTTCTGATTTCCCATCCTAGGGTCTCCTGGTATTATGTGCGCGTTTCACAATCAAACCGGCTATCGAATTGAAGATACCATTCTGGGCCAATACCAGTACCGAATCGACTGCAAGACCTATCGAATGCGCAGTTCCCCTCCCCGACCGGGGGTAAGCTTTCACGGAAATACGGTGGGGTTTGTAACACTTCGATTCCATGTCCTATCTTAAGATGCGAGACGCTATATCGCATGACATTGGATAGAGCTGTTTGACTTGCCCCGTCTGTCAGCGAGGCCAAACACCGTAACTTTTCGAGTCATAGGGTCTTTTCGCTTTCGGGTCCTTAACCGATTGGCCTGATGCGAACCCATTCTGACAGTCCTCAGGGCTGAGTGTGTGTGCGTTAATTCACTAGTGTCTTAGGACGGGTCAGATAGTTGCGCACTCGCACCGCCCTTAAAGCAATCAGGTGTTTTCGTGTTTAGTGGCCGATAAGACTCGGATACGTTAGACCCGTACTCTGAGTCAACCTATTGCCTCTGTAGACGTCGGCATTCAGAATAATAGTTTTAACTCGTGCATGAACTTTGTTAAAATTTAGGTTGGTGCGTCTGTGCAACTTAGATTACAGAGATTGGTTTTCTCTGCTAGGCGTTTTCGGCAACGCCTCGATCCCACAACGCCAATCTACGTATTTTGGGACGACGGAGCGGTACGATTCATATTTGTAGGCCTCCCATTTTTGATTCCGACCTAATTATGCCATGAAGCCCTTTTCGAGGAGGGTGTCCGGGTTATCCGCCCTGATGGGAGTAGCTCGAAAACTGCCGACAATAAATTTGCTCCTCCTAGCCTATCCGCAACCCGTCTTTGTTCGGTCCCGTCCCTAGCAGGATCCTCTAGCTGGAACGAATGTGTCTAGACGGGACAGGGATCTTCTAGGTCTAATATATCCGTGATGTCTGTAAGTGAGCTGCATGGCTCTTGGTGCTCGGCGTTAAACGTTTGGACGATCGGAGTGAGACGCTCCCCAGGTATTCCATCG,1220,49.43,Escherichia coli
SEQ_519335,GCTAGGGTAGGTTATCGCGTAAACTCTGCTTTTCGGTATTCACCCGCAGTGGTAAAATTATCTACTAGAAATGATAGCCATCTTCCCACGGGACTGTCTCGCCATGGGGTGGACCCCGCTAAGAAGCGCTTGGTGAGTCCCAGCCAGCCGACCAAGAAGGTCTAAGCGCTACCTTTGTGTTATGTGTGCTATAAGAGAAATGTTTCGATAATGCAATCTAACCCTGTCGACGTGTCCAGTAGCACCTATATAGCGAGATCCTTCTACCCGCCAAGGCGGTACGTCGCGTTGGATACCAACGGGATCCGGTGGCTTGGTTGCGGGACTTTTTCGTAGAGCGATCGACCCCGTTACGTTTCACCGAGATCACATGATTCCGCCCAGTACCTGACGTCCGTATTGAGCCTGCCGCATTCGCTGCCGATTAATCTGGCAACAGCAAATTTGACACCAAGTGAATATGGGCACGTATGTCACAAGCGTCCGTTATTTTACGAGCCGAAGCTCCTCCCATTCGGTAGAGTTGGCGAAGGCTCGATTGTAGATACCGAGCGCGCGCAGCGGACTGGATCTCTCGCGCAATTATCCGGTTGGGGACGTGCCTGGCTCACCGCGGTTCAAAGATATAACAGCTCATTTATGATATGTCAGGACTCGGTGCTTGACATTCCCCAGTGTCCGTTCATTTGAAGTGATTCTGTATCCAGTAGCACCGCGCCCGCGTGTACGGCAAAAATCAACCGCGGACTCTACAAATGTGGTGTCATCACTAGGGGGGATGTTCTAAGCTTTCTAGGTCTCTTTAAACTAGGTCGGTTGGCGGGACTGCTTCAGTATTAGTCAAACGCCGCTTTGGTTAAACTTAAGGGCCACTCCTTGGAAGAGTATATATCTGGATTCGGACCCTAACTCTCAGTTTTTGCCCTGGTTCAAAAGGGCACGTTCGTGGACCAACCAGTAGGAAAGGACGAATATTAATCTCTCACAGTCATTACAGTACCGCGTTGATACGGGCCGTGTACAGGTAAGCAAAAAGCATGCAAGTGAGCCAGAGACGCCTGACACATGCGTAAATGGATTTGGACGCGGCTACAGTATGTCGAAGCCTTGTGCGAAGATATACCTAAAAGCCTCGCGTAGGGCATGTCTACGAGAACGTAGCTTGCCTTCTGTGGGTCCGCGCCAAGTATCATGGTGCCAGTATTTGGTCGCAGTGATCTCGCGCAACTTTCAAGTCTCCGCGACCTTTGACTCAGGGTCAGGGGTCAACGGAGTGACTAAGAGCGGTATGAGAGACGGTGCTCGAAGGTATGCTAAAGGTCCGGCAGATGTGTGGTTACGGACGCTATGCGATACGGGTCTAGGATAAACTAGTCTATTTCTTAGGTGGCTAAGTGGAGAGCGAACTTCTAGGGATGTAGCTATATTTGCCTCGGAGCGCTCAAAAGAAAGATCTTAAGGTAATCTTGATGTTTCAGTATGCTCGGTTAGCGTTAGATGTGAGTGAGACATCAAGCACAGGTGGCATGTTATAAGTGCACATCAACCTATTCCTTCCCCAACAGTTTCCCCCATGAGGACACGGGTTTATTTCGTATGAGCCCGGCATATTCGCAGTTGCGAAAATGCCTGCTTAAGAAGTGCGGCCCCGGAGGTGGGAACCATTACCTCGGTCCGGGTGACTCTACGGTTGCTCCTAATCAGAAGAGCATTTTCACTACTGACAAATATTTAAGCGCGCCCGCTGGCTGGCTGCAATGCCTTCCAGATACAGATACAGGGACATA,1787,50.42,Drosophila melanogaster
SEQ_251974,TTTCCAATCAAGGGGGTCCACCACTGCGCAAATTGACCCAGCACTATCCCAATCATCCTAGACTTAGTTATCCGCCAGATACCTGCCGAGTCTTGTCGTGGTCGGTAGCGAAACTCTTAATGAGATTAAGAGGCCACCGCTTTCTGCGGTTAGTACCCCTGCGGATCATGAGGAGATTATACGCGACTATCTACACCGTTCCCGGAGGTGGAAAGACCAACCGAGCGTCACCATCGGTCAAAGAAGCACCAGAGATTGCGGCTAGATACGCGTCAGCATCCCTCAATGGGATGTTAATACGCGAGTCCGGCTGTCGTCTTGTGCAGAGCCGGGGCCACTACTTAAGATTCAGCGGGTGGGCAAATGCGTCCGTCGCGTTATCGGGAAGGAGCTCACCTCGTCTCGTACTTGTCATGTGAGACCGCACATGGTATGTATGACTTTGATACTGGCTAATTGGCCGGATATCTATGGAGAGGGAGTGGGTTCATAAAGCGCCATACTATGTTTCCTTGCGTTCTATAGGGCATGTACACTTCGTGCCTAAAATCTAGGCAATATCAGGCCGTGTTAAAGGGCGATATGAAGATCGCTACGCTGCCTCTGTTTTCGTTACTAGCAAGCGCCGACTGAGTTCCCCAAAGAGGCCGTAGACGGGTCGACAAAACTTTTAATTCACCATGCCCTCTTTACAGCTAAATGCAGCCTTCGCTGGGACCGTGGACTTTGCACCCTTTAGAACACATTCCCAAGGTAACCTTATAGCGAACCCTGTGCCGTGCGGCTACTTGGATGCCGAAAGCAGGACGTCGAGTTTCACAAGGCATAGAATAGTTTCGTAGACATAAAATGGCTGAATCACTATCTGCCCTTCGGGCTTCGACGAAACTCAGCGGCACGGACCAAGCGTCTCCCGACCCGCTAACAGCATGCTGGACAATCTTCCACAGACCCGTTTATGCCGGAAATATATGACTAATGGGACTTTGCTATGTTGGGGACCTCCGCTCGTATGACTGTGACTATCGTTCCATGCATGACCTGGAGGAACAACCAATGTCCGAGCGCACAGGATATCTCAATGCAGTCCGTATGGCACGGCGCTTAATGTTTCGCACTAATAGTTTCCGATAAAAAAGTACGACGGGTACATTCGCAGCTGGAGTCCTGTAGGACACAGATGACACGTTAAAAACCGGCCGGTGGTGAGACTGACTGACGTACTTAAGATCCTGTACGCGAAGGGGGTCCCAGCAGTGATACAGTATCAGACACATGGGCGTACCGACGCTGGATAGATTGCCCATCCAATGACCCGTTGTCCCATCGACAAAGAGACTTACCGCGACTCTTTGTCGCCAGCTAAACTTCGTCGCGGGATATTGTGTCTATCGTCTACCCGCTTAGTGACCAGTACCTGAAAGGATGAAGTAAGCTGGGCTCCCGCAGGGGCCAGATTAAGCCGAAGCGGGTACCGGGCATACCTCGTACCACGATATACCATTACGTCCAAGTCTCCCGGCGGTGCTCTCGCGAGAACATAGTCTGCAACCCAGACCTCATGGGCGAGACTTTACTTACACTGGCCGATCCGCGATTACGGGGCGTCTATTCTCCACTCCCGTGATGAGGCGAGTCAAGGCTTGTTCATTTTCGTAAAAGTTTTGCCAGATAAGAGGCACTCACTATCTCTAAGCGGCCCCCGGGCAGACGAAAGCCTACTCGGAGCTCAATTTGAGGCATTGTCGAGGTCGCAGCGACCATATGT,1768,51.87,Arabidopsis thaliana
SEQ_281226,ACCTTGTTCAAGTTTCACATAGTGCCTATAATTTGAAACCTCCTACATACCTATTTGGGCATACCAGCGCCCGCTTACTCACACCTTCTTCTACTGTCGTTGACAGCAACCTATACCATGCTTGACGCTTGTTTCCTAAATAACGGCAGCCATCAGCGTGGTGAATCCTCAGACGTTTGGTGGTCGGGCAATGAGCCGCTAACCTCAGTCCTGGGGCAATAGTCTTAGAAAGTCCTTTTACTTTAACTGGCTATACAATCACACCTATTGGGCGAATGCGTACGAAGGTGCTTCAGAGCCTTGGATACAGGCCCGGAAAAGTCTCCTTTCTTGGCGGCCACCTATCCTCCGTGCCGCATTACGTTCGCTAGACCACTTGTCTCCGCGGCATCGCGGAGAGACAGGACTTGTGATTTGTTCGACCGGATGAGGGAGGTTGCTTTAGTTCTACGCCTCACGTGGTCCACTATGTTTTTAGGCCGGGTATAAACTCGTTCGGAGGCCGAAGCCGGACGCGACTCTAAAATGTTCGTTCCTGAAAAATTCGCGCTGGATGTTGTCATCGAAAACATGGTTGCGTCTCGTACTACCCTGATCCGTTACGCGCGATGTAAAAGAGGGCCCACGTCGGCGCGTTCCTGGCAAGCCTGCAAAATGTTAGTCCAACTAGACCAAGGTTATGATTAGACATAGGGCCCGAGGAGAACGCATCAGTAACTCCACTCTTACCTCTATTGCCTTCACTTCAAGGGTAGGGTCCAATTTTGGTAGGCAAAGTTTTGGTAATGACAATACTTTCAAGCGAGGCTATCAGCTGCAGCAGACGCC,828,50.0,Drosophila melanogaster
SEQ_339515,CTTTTCCTAGCATAAAAAGACTATGATCAACAGACCATGAGCCTATGTAACCGTACAACGCGGGGGAACACTAAGGCGCAAATCACGGCTATCCGTAAACTTGATTGACTAAATTGCAACAAGTTTAATGTATTTCAGTACACCTATATTCACTTCGCACCCGTGATAATATCAGCAGCTATTATCCCAACGAGCGTCAGTTCGTCGCGGTTATCTTGGGAACCCCGTGAGCGCTAACACCGGGTGCTCAGGTTGTACACACATTATGTACAATGTCTCTTCCCACGAGCCATTACGCATGTCTAATAAGTTACACTGGTGTGGAGAGGACTCGTCTGGCTGACTCCGCGACCATTGTGCCCGATGACGCAGGCAGAGATGTTGGGAACGCTTTGTCAGATCCTTGAGTCACCTTTAACCTAATGGCTGATAAACCTGCACGGTAAGATCAGGATTCATTGCATCTTCACCCGGGATCTCACGAGCTCTGCTGTAATTATATCTCTAACTGATCGGTAAGTATGCTGCCATAGGCATGTTACAATGGCTCTTATGATCCTGGTCTGAGCCCAATGCCGCCCGCTTATCTTTTCGTTTGGTGGCGCGTTAGTATCACATAACGCAGGCATCCGGGATAGCGAAGCGCTCCAGCTTTAATCAGGATGTGGTGGACTCCCGAGTTGGTACGAGTATATCTGGCGAAAGTTAACTTCGTAGTGGTGTGTGATCGTACTAGAAAATTGGGCTGATGGATATGATTTCCTCTGAAATGAATTATAGTAGACTATGTGCCAGCAACAGAGCTGGGTGAACTCCAGCAGTACATACGACCGAGATTTTTCAACCAGGTCTAACGTTGGTTCGCGAAACCTGTCGTGATGTCGCGCTGGATGCCAAGTAATAAGACCGCTTCAGAATTCCAATTGTTCTTTGGAAAACAACCGGCTCCGGAAGGACGGTCTCACTATGAGTCGTACGTTCCCTAAACGACGTAATTAGTACTCGCGCGGGTTCGGCGATGGGCGTAGACACCGAGGTCACCAACCGTGCGCGATTATCCCGTGCGGAAATTGGCGGGGTCATTTAGAAAAGTCCAAAATTTTCTACCGCTGCAGTGGATTGGGCGAGGGTGTGGGCCAACAATGGGTTTTGTTTCGTCTGTAAAGATAGCAACTAAACCTTTAGCGCTGGTGGGCCGTGGTTGGGCTTGACCCTGACATGGATGATGGACACGCGGTTCGTTCGGCTCCGACTACCTTACCTCTAGTGAACTTAACTCGTGATTTCGACAAGCTCTATGTTAACAAAATATGAGACCTCCACAACAGCGAAACTTTTTCCAGAGTCCACGACGGTGGTCATCCTACGCGTGACGCCACCCCCCAGGTCCTCAGCCGATAGCCCATGGGAGGCAGGAATCGTCGAGCGTGTCGGTTTTAGACTCAGGAACCCTCCGTCGGTTACTCTCTGTTGGTTGTCGGGTTAGACTA,1490,49.26,Drosophila melanogaster
SEQ_458189,AGTCGCGACCCTCAACACTCAAATAGACCAATCAGCTACGTTTGTAGCCGCCTCCTGACTAAAGGCCTGGTGACGCGCTCGCCGCACGCTTCTTAATATTGCGGGTCACACGGCTAATCCGTGAGTGCGACCGACGTTGTCCGTACAGACCAGAAATATACAGGTTTCGGTGGGGAGTTAAAAATCATCCCCTTGAACTGTCAAGAAACTGCATATTTCTTACGTCCTACATAACGCCCCAGTCAGCGCGACTGCGGACATATCCGGTGGAGGCAGGTCATTTCACTATCCTGATAATCTGCATGGTGCGCGTAGCGACGATAATTTTACTGTGATACCTTTAAGAAAGTAATCATCACCCTCCAGGGAATTGCTTTATTGGGGAACGTGGGCTGTTCCCTAGCGTATCGTACTGACAGGGATATGGTGAAATCGCTAGCTGGATTCGCATGAAATTATTCCGGACGGATGTTCGAGGTTTTCGCCCACGTCGTTCGCTTGATGTAACGCCACCCATTTTAGACGGGCACTATCAACCCCGC,542,50.18,Homo sapiens
SEQ_710228,TCTTGTACCCCTTAGCTGGCCTCGTACCTTTGTGCCGGGTTCGGCCATCGCCGTCTAACTGGGGGTTCAATCGAGTCCGAGTAACGGCCCTTTCTATAGCACTTACAGGTGGGGTTATCAATGTAATCCTGAGTGTCTGCCGATCGAAGACAGCCTAAATGCCTGCATAACGTAACAGAGTGTTTGTGCACGTCTAGCACCTAACCCTCCCAATGCAGACTGAGTCGTA,229,51.97,Mus musculus
SEQ_661465,TTCGAGCTCCTGGTGACGGACGTCTTCATATTGGGAAGGTCATTGGGTGCACAACTGTTTTCAAAAAGTAGTCTCACCATGGTAGGTGGTGGACATCGACGCTGCGCGAAGGTTACAGTCTGTGTCCTGTTACGCCGGTTGGCTCAAAAATGGATATATACTCATTCGAGTGCTAAAGGCCTGACTTTAAGTGGGCATGGTATCCCAGACGGGCTGCGTCCCCTACCCTGCCTACGGATACCCTGAACACCGGCCGAAGCTGGCA,265,52.83,Arabidopsis thaliana
SEQ_729365,CTCCTCACCTAGCTGTCCTACACTTGTGTACTCTCATGCCTAGCTTATGTACATTGTAGCCTTAGTTGGTTAGGCACGTCACGTGAATTCATACGCTTAAGTTACTTGGTGATCTTTAATCTGGGAGCTGCTCTTGAGACGATGGCTAGCCCACCGGGACCGTAGCCGGCAAGTCAAATTTCGGCCTTGCTCTTTCAGAAAGAGAAATGAAGATGCTATAAGATGATTGAGAATTAGACTGTCCTATCTGTTCAAGTCTAATGTGCAAATCAATGTCGAAGGATAGCGGGTAAAGGGGCCGCATGAATTGCCCAGTGCTCACCCATACAGTACTCCACGAGAGGAGAACGCTGGATCGAGGTTATGGAGACTCGATACTAGAAACTCAGTCGAGGGAGCACGGACTTAGGCAACTCATGTAATAGAGGCATCCCTCTCGGCTCCTACGGTTGTTAGTAGGAAATGTAGAAGCCTGAATGGCTCTCAGTCATCGAGCAGATCCGGTGATCCTGT,513,47.95,Caenorhabditis elegans
SEQ_129545,TTGAACACGGTATAATACCTACAGGCAGTGAGGATATTATATTTGAAATCTTATGAGAGCCACCCTAACGGAATAACCGGCCCGCCTAATGACAATCGAGTGACAAAGTCATTTCCGACTTTGGCGAAAGTGGTATTGGGTTCGCCTAGCTTCTTGGCCCAAACACATATATACCTTGCCTCATCGAGGTGGGATCCTCTCCAGTAGAGAAAGCGATATATGAGCGTCGAACCAGTGGCCCAGAGAAGTGTCGTACCAGCATGCGGCTTGGCCGACGTGGGGGGCGAGCTAGTGCGGGTCATGCGCTGTGATCTGACGAACTTTATAGTTGTGCAACAAACGTGGGCCGCTCGCCAACCCTGGGGCCCCCATAGCAAGTCACTCAACTACCGGAAGGATCACAGGAGGCATCTTACACCAGAACGTGACTAAAGCTGATTCCTACGAGGGTGGACGGGCCTAAATCGCGGTGCATCAATCGGTTTGACCTGGCAAGATGCGCGGGTCGAGAGATGCAACGGAGGAAAAACGAATTAAAGGAGTTGCTCTGGAGTCAACGAGGTTTCGTGCGCCCGCTAATGCGGGTGGTATCCTGTTTGAATTACCGATGAAACTGCAGGGGCTAGTTTCGACTCTGACACAGGGCAGTCGCTCTCACCGGCCCACGTACCCTCTACAGAGCAGCCAGTCGTATGTTATAGACAATAAGTCGATCATATTTTTTTAGTTCTAGGTATCTTCCACCGAGAACAAACGAAGGTCCAGATTACTTGACCTGCTGACGACGTATATGGTCAATCTCCTCACTGCGATGTGGTAGGAAGATGAGCACATGCAATTCGGCCGCCCAATGACATACCACATACGCAGTGCATTATTACGGACTATCGAACGCACTTCCGACTCGCTCTCGGATCTGGATTGGGAAAGACTTGAACAGGCTTTTTTGCCTGTTTCTGTTAGTGAAGATCAGGGTTCGGCGCAAGCCGACTCAAAACTCGATTGCTAGTTAACACAGAGGTTGGAAGATCCGGCTTAATGGTACCCCCCGGAGGCGGGTTTTACCCCATTCAAGACATGCCCCTATGATCGTTTTCAACGTATTTCAGTTCGCGTCAAGTTTCGACTCCAATCCGCGTGCCAGCACTTCGGTATTCATCCACAGAGCCGAGTCCGCATAAGATTTAATGGTTAGTT,1197,50.38,Homo sapiens
SEQ_861734,TGAAGGCCTGCTCAGCGAGGTCCCAGCCACTCTCCCGGATACTCGGAAATGGTATCCATTCAGCGTCTCGTTCGAGCCGATGGTCATATAAAAAATAAGGGGGGCAGCATCAGACATGACTACTCTTGACTGACTACGGATTCTGTACGCAGTATACTTTGACGATACTTATCCCGAGATGCGAGGTCCAGGCAGTAAACTCAACGGGTACCCGTGCTTTCCGTCGACAGCGGAGAGTAAACGTTCAATCTGGTATCAGGGAAAAGATCCGCAATTGAATACGGGACGATGAGTCGTCCGCGTCGTCAGAGACCGGCAATCGAGGTGGCAAGACGTCCACCCGCTAGCTGACTCGCGGCATACACTTGCCTTTAGCATACGTGTCTGGTGACCTTTATATCCATCACGCGGACTCTTATGAGACGATTAGGACATCGCAGACGTTGGGCAAGATCTCAAAACTTTGT,467,51.39,Homo sapiens
SEQ_370520,TGCCGGAGGCAGCTGACCCCTCGAACATCTCAGCTGTTATCTGGATCGCAGCAGGTCTATTATAGTACGTATATGCTTAGAGGGGAGGTTAATCCCTAATTGGAAGTATTAATAAGGCTGGCCGTCTCATCTGCGACGATGAGACGACGGCTCTGCCGCATTCTTTTCGGATTACCCAATGCGAATGCAACACCAGTCGGCCTGAGGGCTTGCGTCGTCGGATTTATTTTAGTGTTCAGTCCTTCCTGTCCGAATCAGGGTCGGAAGCTTTGTCTACACCGTTAGCCCGTTCGCGTGTACTAATAGGGCATATTAACTGATACTACCCGCATCTAAATAGAGGCTATATATGGGCTGTAACCCGAGCCCTTGAGGAGCCCCGAGTTAAACTCAAACGGTACTTCGTATCTACTGTCACCTCCCTTCTTACAGGCCATGCCGCATGGATCGTGATCGACTGGCCGCGGTCACAGTTGCGCCAAGAAAATACGGTGAGGGCGCAAATGAACGAACATTACCTAACCTCAGAGGCCACTTCTCAATGGATCGTTTGTATGCTTATTACAATCCGTCGGTGATAACATAGTCCAAAAACACGTATCGGTCTGCCCTTAGATTGCTGGTCGCAGGAGGTCCAGCCCGGATCACCGGGCCTGGATAGGCGTACTCTCGAGAAAGAAGCAAGACCTAATGCTCCCGTGGATATTAGACGGCCAATGCGACGTCTGTAGCGGGACTTTATATAAATCGGTGGGTGGCATTAGTTATAGCACGCAGGCGACGAATTCGCACGCACTGAACTGTTTGGGTATCGTGTGGTGGCGTGGCACGTGCAATCCCGCAGTGTGGTATGCGAAAGGGGGTCCTGTGACATGTCATTCTAGGGAACCGGCGAACGTCTCCAATTGATTTTGTGCATGTTTTACGCAGGTCATCTTTCGTACGGACGGTGTAACGACTATCAACTTGGCAATGCTGCTCCCCAGCAAAGTGCACTGGGGCTACGTATCTGGCCGTGCCAAAAGAGATATGATCTCAGTCGACAAGAGGTATTCACGATTACATCAACAGTCCCCTGCACCCAGACCGGCGCTATGGTATTCACGCCTAGGGATGCTAGCCGCTATATTGTAAGCCTTATGGAGGTACTCCACGCACTGCTGAAGTGGTTACACTA,1177,50.98,Mus musculus
SEQ_350964,GGGCCCGCAATGTACGGGCGAGCAAAACAAACTGCAAGCTACATCGACGAGGTATAAACCTTCAGCGGGAATCCCCTCCTTGTATAGGATCTCACACAAAGCGCTTAATACTTGTTAAATCCTTTTGCGTACTCCAACCGTGGGAATAATCAATCGACGACAATGCGCTCCCC,173,49.13,Saccharomyces cerevisiae
SEQ_174104,TCAACATTGCTGCATTCAAAGGTCCCACGTTGGCCTGCTTTAAAGGACCGAAGGATTGCGGTGATATAAGAAAGCGACGCCTAGGACTCGTTAGGGTTCCCTACACTTGTACGCCAAAATGTGATACGACCGTTGAAAATGTCCCAGGGTGACCTACGAGTTGACGAGCCTGCTGATATATTTAAAGACACAATAACGCGTACGGGATCAGGTGGGTCCAGCACGACGACGACCTAAAGTGTCCTAAGTAGAAATACGATATAAAGTAGATTTAAGCCATGGGGCTTTCTGCAGCAGCAATTGCGGTGGTCG,312,48.08,Drosophila melanogaster
SEQ_336081,TGTCAACCGTGCTTAGACTCCAAGCAGGTCGCCCGGCGCATGGACCGTCAATAACAAGTGGAATCCTGGCATTTCAAGGAAGCCTACGAACATGAACTTCAGACGGGTACACGACCAACCCACTTTATCACCAAGGTCCTTTTACTATTAGGTAGAGGTTTTAAGTATATGGTGTTATGACCTCAAACGTATCCCGGATGAGTAACAATTACGCTCAATGGTCACTCACTTGCCTTTTTGGGTAGTAAGAGCCGAAGGCGCATGGTTTACTAAATTCCCTATGACTTGCGCCTAGGGTCTCTACCGGTTCCGATTTTCTACCCGCTGCTTGTCCAACGTATCCACGCCTTACTAGCTTCGTGTTGCCTACCATCACCGAAATCTCTTCTAAATTACTGCCTCCGTCACATTATCTTACTCTATGGAACTCTCTGGTGTAATCTGTCCTCATCCCAACGGTGATGACGTACGACACGCTTTTCGATCCACGGATGACACATATCAATCGACGTATGCGGCAGCCGCGCCCCAGACGGTATGGGTTGCTCCTGTGTCGGTCCCGGTGGGGCAATCCTTACCACCCAAAGACCTGCCCACCTCGCCCGGCCACCCGGGGTTTATGATGCGGACGCAACCGGTCCCTGTGGTTTTGTCTCTCTTGCATCTCCCCGGGTCAATGCAAACCCCCGGACCCCACTTATACTCGCACAGCAAGCGGCAACGTCGGCTATATAGCCTGTGGCAGTATGCTAGGCGAAAAATAGTGGGTCCCTCAGTTGCTAGAGCATCTTAGACTGAGTTCTCGCAAATCTGTTGCGCTGCCCCAGTATCGTTCTAATACTGGTTTCAAACTTAGATACAAGGAAGATGGTTGTGATCACAACACGGGCTGTCCTGCCGCCCGGCGGCTTACTGCGCCTATTTAAACGTGATCTACGACAGCTAGGGCGAGGTTAGCTCGGGGGATCTAGAACCTCCTGTGCGTGCATTACCGGGTCCTGAGAGCTACACAATCCGCTCCAGTCAGTATCCCGATGGGACGTTAAGCGCTCAGACCCCTGGGATGTAGTGTTAAACCAACACAGAGGACCTCCCGAGGTCGAAGGACTGTTGGGTTGTGCTGATGGGTGTCGCGCGTTTAGTGCGGTGTCTAGACCCTCGGTTATTCATTAACTCACTATATTGACCAGCGACGCGACTTCTCCCCTAAAGTGACTCAGGGTCGTGTGGTTTTACCTGTCTTCCTTTGCTACTCCCGAAAGAGTATTCATGAGCTCTTCTGCCCGGGTTGGCGAAAACATCGCATTGGAGTAGACGCACAAGGAGCGTGTTCGCCAGAGTCGGGAATACATGTGCCGCTGATGATAAGTTGCCGATATGGAGGCAGGGCTTTTCCCCCAGAAGAAAGCATATTAGACAATTCTGGACAAGTCAATACTAAACTAAAGTACTATTCTGTAAAGACTACGACTAGCGAATCCTCCCATAGCAACAGCTGCGCCCGGTCCGCGGTCGGGCACGGTACAGCCTGTGGTACAGTGTAAAAGCTATCACTCTAGTTTCTGGGATGCTACCACGGGAAAGCCATCCTGATGGACCTCGGTAGTTTATATAGTGTCTCTTAGCACCAGCGGTTAACGTGTCTCCTCGACCAGGTCTGGTTAGGCACTGGTGGGCCTCGACGGACCTGCCATGTGCTCCGTGGCTATTTGCCTCACCAGGCTCAATGGTTAGGCGGAACAAA,1744,51.95,Mus musculus
SEQ_279899,CTACCGTCCGTATTGCGTCTGAGAGCAAGCCTAGAGCCATCTACTACACTTTCCTATATAACTCCAAACGATGCAGGGGATTCCCTTTAGCCGTCGCGGTCTGGCGGTGCGGCCGCAACTATCCATCACAGGCGCTCGTGTCAGCCTAGTGCAGCACCCGTAGCTGAGGAATGCTGGACTTGGCCTCTTATATGCTGCTAATTCCCCACTAACTGAACCTGAAGAGGCGACATAAGCCTTGGCGATAATGACCCCTAGGTCTACTACCGTACCGAGCCTCTCGACTCCTTGCATTAGGGTGATGTAAGTGGCGGTTGACTCACCCCCGATAGAGCGCTCTACCCTGAACCTATCTTGATAAGGAAGTACGCAGTTAAAGACAGGTTTTTTGAACTTTATCGAATAGTCACATGACGTGAAGCTGATTCTCTGTGTTTGTGAATAGTGACCAAGACATCGATTCTCGGGAAGGATCTACTTGTTCTTGGGAAGATAGCCTGGACCGACTATCCCTGAATAGACCCTATCCGCTCTCTATACGTGAGACCAGAGTTGCCCTGCGCGTACAACCTCAACCTCCTCACCAGTGATGTGAGTAAGTTCTTAACCAACATCGCCCGTAGTCTGAGATCCAACGCGCACACCGTGCCACGCATTGGATGGCAGCTATCGGCGCGTCTTCTACCTGTACCCCAGAGGCCGTAAGAAGTGGTCGGTGATAGGCAATATGGAGTACTGGTCTATCTTGGATCACGGCTGAACAGGAGATATGTGTAAGTTCACGAAGGCAATATAACTTACCGGCAGCCGCACCGGCAGCCGATGTATAGCCCACGAGATATGCTTCCGAGGTTTGTTCTGCGGCCGTGAGCTACGAAGCGGGGGAGTACGATCACGTGCGGCTGTATCTCGCGGATCTACGGGGGGGCAATATTACCCTCAACGTCGCACGTCACCTGCTTGCGGGATAAGCATGCCAGCTATTCTCAGAACTAGTACAGTCCAATGCCACAACCAAGCGGAAAATCGAGTCATAGAAAATCAAGGCCTAGTACAAG,1058,51.8,Escherichia coli
SEQ_258446,ATCAATCGTCATTCGACTGTATAGCCCGGCTTTGGAAGGTGCGCACCCTTGGCGGACTCGAGGTCAGGCCGACATTGTTTATGAAACAGGGTACCTATGAACATTTAGGACTATTTGTCGTGGCTTCCCGCAGTGTCCCTGCTTTGCGTCTCTTGCTAACTCCCTTAGATCTCATCACATTCATGGAGGGGAATGGTATGATAAACGCACAGCCTCACGGTTGGCCGAGAGACGGGCAGGACCGACCGTCAAGCGGCTCAGAAGCACGCCTAGTATGGTGGCATGCAGCTGCGAGCAATAATTGAGTACTACTTGCCTCACAGAGTCGCTTAAGCGCTGGTGATTACGCCCGTGGACGAAGTACTCTCCTGCGCCGCTATCATTACAAGTTCTGCTTACAAGAGATTCGGACGTAACTTCGGTCGTACCTCTTGTACTCGGCTGGCTAGTTGTGAGAAGACCCGATTAACAGCATCCCGCCCACTGTGTCCGACTACGGGAGGCATCGTGGGCGAGTGGGTACAATTCTGACTATCCCCTTATATGCAACCTTATGGGGCTGCCTCTAGTACCGTTTGCGTACGAGCTTGCTGATGATGGCTAAGTATCCGGGTCATACTGATGGCGGCTCTAAACGCAAGAGATAGTGTCTATGAGGAAAGTGTTGGCCTTGTAACGAGAATGACCGCGTGACACGCACCGGATTTCGTTGTAACTGCTCGTTGACCCATTAGCGTGTGAATCGGAGCTTTCTCTTGTTTCACTATGTACCGTAACACGCCTAAACCCTCTGGAAGCACAAGCCCCTCTGCATACACGCAATAAGCACATCGCTTAGGAGGTTCGCCTGGTATGCAGTTATCCCACGGTACATTATGGCTGCCAGGTTTGACGGCAAGCAGGCATGGCTCAAGGCACCTATGATGGTCGTGTACCATCAACCTCTTCGCTCATAACTTTCGGGGTATGCTACTCAACACTCCTGCCGTAGACTGGACCGGTTGTTACACACACAATATAAGAGTGGTGGTAAAGACCGTGTGCCATCAAGTGTCTACTAGTCACTCCGCACCCTGCAAATAAAGCCTATCTCGTTAGCATCAGTAACATCTCCAAAAGCATGTTGGCTCGGTTAGGGAATAGTCACTTGCCTCATGGTTAGCTGCAACTCTCGCTACTTGAACAGTCACCACAACGACGACGAGGACTAAGCGTATTCCTAATCAAGAATTGGCGCACCCGAATAATGTCAAGCTGACAGGAGTCGGGGAGACACTTCAAGTTAAGGATATGAGATGTGCCTTGCTAAAGAGACCGCATGTTCGTACTAAGACGTAAGCACCTAGACTTAATTCCCACGTGGTCTCAGTTCCTCGCTATCTTTGGGGCGCCCGCACCCCCCTTCAGAGAACTTTCAAACTGATGCTATCGAACTCCTCTGATTAGGCAGTACTTACAACGCATTTGCCAGAATCTGTGTTAACTGATCTTGCCGGCGACCTTTGCGGCGTCACCTCAGGTGAA,1524,50.72,Arabidopsis thaliana
SEQ_209165,GCTAACTCTAGACGGGGTTTAACAGTGTACAGGGGATTCGCGACAGGGTGGAAATATGAGTTAAGACGTCTCTCCACTCCTACTGACTTGTCGACTATCAATTAGAACAGTCATAACATAGCAGCTCGGCTTGAGAAAACTGGACCATACTGTTGTGCTCCAGGCCCAACTGTTAGGAGACGCTTAGACCAAGTTGAAATCTTCTAATTATGCTCAAAGATGTTGTGTTATAATTGTCGCGTCGCCCTGGAGTGTAACCTCATTGTGTCGAACCTTTGCCCTGTATTGGTGTAGCCCGTAAGACCGCAGCGGGAACGGTTTTGGAGCCCCGACGTCGATCCCCAAATGTTTCTTTTTCGTCCAACGATAGTCCCAAAGATTGCAAGAGTGCGGGCGCCATGACGAAGAGATTGTCAATAGTATTAGTTCTTACTGGTGTCACGCTATCCCCCCACCGACAGGCAGACCCTGCGGTCATTGGCTAGACACTTAGGGTATTCCTGCAGGCATAGGCCTCATTGGGAATTGGTCTTAGAACGGCAGCCGAGATGTGGGCTTTAATCATTTCGTCATAACGTATTGCGCTGCCGCGAGAGGCGCTCGTCTGGCTAGACTCGGCCTCGTGTATGTTGGTGCAAGTACGGGGCTTGGTGAGCCCCCAGCTTGAGATTGCGAAAGATACTGGTGGGCGATAGGTGGAAGGGCTGTTGAGATAAAATACAATCGCTCCCTTTCCCCGGCGAAGTTCAGTAACGAGATTACCCAAAAGCGTAGGAGGCAGACGCGTCCGTATATGCTTCACTCGGCGGTACTAGGAGGGGCTTTGACGTGGGGTTACTTCTGGGCCTCTATATTGGCGCCGATGCCCCAGCTGCATTCTTCGGTCGCCGCCTGCGGGTAGGATGTATGGTACCCTCATGTTGTGGTTAATTGTACTAGGTGCAGTACGAGATTTCTGGGCCAAAACGCGCAACTGACGCTGATGCCCGGCTTTAACCGACAGAGTGACAAGCCTATTTACCGCCGAGGACTATACGGATATGCGCCAGGACTTAGTAATGGGTTGGGGGAAACCTCAACTCGCTTTCCTTCGGATTTATACGGCACCAGTGGTTGTTCCAGAAGGGGCTAAATAGTTCTTGCAGGGTCTACTTACGTAATCATGGTTCTGTCGCCCACGCGGTCGGCGGCTGCGTTCACTGGGCCAAGACACTCTCAATCAGGGAGTCCCAGAAAACATTGACTTTTTTTGAAGCAACGCTCATAACGCCTGCTATTGATCCTGGTATAACAGACGAGAGGGCTGGTTTAAGCGGTATAAGACTTCAGATATGGTCACGCAGTGATTCACCTGCCTTCTAACGATCTGTGGAAGGTTGAGCGATATCTATTGTCTGATTACAAACATCGTAGGAAACTAGCAGTTAAAAGCACGTAACAACCAACCAAACTCGATCAGCGTAAGCAATTAGAATCAACTCGCACCGGTATCAATGCGGCCCGTCTTTGCGGAAATTTTGGGTAAGTATTTGCATCAGAAGCCTTCCGGCACGGCATGATCGACGGGGATTAGGA,1575,50.35,Mus musculus
SEQ_531005,TTTGCAGGCCATAAAGAATCAACAAATTGCCGGGTCGCACGAATACATTCCTCTCATAAACTGACCCTAAAGGTGGGTAGAACGGGCTTTCCCTCTAAACTCGCAAGGGCCTGCCATGGTTCGCCGAAAACCCAGCGTGCATTGGCCGACCAAAAAGTGAAGAGGACTGCGTGGATATGTTTTTTAATCTCTACGGCGGCTACCTTGGCCGTGTTCGGGCCGCACCACGAGATGGTTCAGATATTGTCCCACAATTGATATATGCTAGCACTCCCTGTCCGTACCCACTTCGAATGCTGGACTAATGGTATGGATGCTCCCTAGCTATCGTCTGTAGGAACCTCGATATGGACTAACTGACGATGAAGCTCCCCTGCCGTCCCACGGCAACTGCGGGAACCTAAGGTCTTTCGTATTCACTTAGGGTGATGCTACTATCCGAGGGACCAACACGTCGCGTAAACCGCCGTCAATATGGAGGTTACGACGGACAGTTCACGATAGCTCGATGCACTTTAGTTAACGACCGCTTGTAGGGAGCCCACGCTGATTCCTGTGTATCTCTTGACGGTGCCCTCGTCACCCTATGTGCACTTCGTTCGGGTCTATACGGGAGAATAGCTAGATTAGCCTAATCAGGTGGCAATCCCTCCCCCCCATGGCCTCCGTATTCTTCCTTTGTCTTAATAAATATCAACACAACCTTATCTACTGTCCGATCCCGCCCAGACTATCCTTGGTCTGAGATCGTTCACAGACTCATCCTCCCGCTCATTTAAAAGCCTTGATAGCCCCCTTACCTGCATAAGGTAATTTCTTGATACTATAGGAGCACAATTGGCCTTTGGAGAGAAGCTGGTACCATATTTGGGTACCACACCACGCTATGAGATAAATCCGACAGTGTTAACAGCGTCAGCTTACCGCGTGGGAGACACAATGGAGTCCACAATTTCGTACGCGGCTGCGTGAAACTCGCCAACCAAAGGGTCGCACTCGTTTAACGCACTCCAATAATAACTAAGGAAAATGTTAGAACAGGCTCATGTCCTTAGTG,1057,49.76,Saccharomyces cerevisiae
SEQ_105466,ATGGCGTTGCTGGTACGACCGATTGTTGGCTTTACCCCACAGTGCTTACTCAGAATAGTCTTTGAAAATTTTTGGGAGTATATGCCTAAGACGGGGATTCCCCTTATGCTGCACAAGAGTGGAGAACCCGTGCAGCGCTTTACTGTTTAGGAATAGCTTGTGACTTCCTACTCATGATGTGTACGTTACAATAACCCAAGTTATTGCTGCAACGCACGCGTAGATGATAAGAACAAAAGAAACTTCTCGGACGACAGCGGATAAATGATCGCTGTATGTAGACAATAGTTAGAGAAGTATTGATGGATGCTAGTGAGAGGGTCGTAACTGCGTATCTCCTCGGAATACACAATCCGATCGATTGGGAAGTTGGTGCACCTGATTACCCCTCCAAAAATGCTTACTGGTTCTAGATTAAGACTGCGGACAATTCGCTGGGGTCCTACCGAGCGAGCTCCGTTCCTGTAAAGGCGCCCTCACCCTTTCCGTACTGGCTGCCGAAATTCGTCTCTCTCACTTCGCATAAAGCGTCGAACCGCTCGACACTCATTTTCTGTTTCTAGGTCACACCATTGGTCGAGCGCCTTTCCACTTTGAAATTGCCCGGGAGAATCAGTGACCCGGAGGCTGACCTTCTGCTCCTTCGAAGTACCGAGTGTGCGCTCAGGAGACCGTAGCTACACCTCCGAAGTGTTTGGTCTCTACCGGCCGTCCGGTCCAACATGAAAGGTTCAGCCCGTCGGGGCATGAGCGACTCCGCGTAGTTCTACCAGTCTACTAGTGTGCCTCGATATCGTGCTTAATATGGCAGATCCACGTGGTAATATCGTGTGCCAATTTTTGGGTTAATTAGGCTTACAGCAATCTTACATATAGGACATAGTTTTCACAGATCGCGACTTGTGATTGTATCTGTTCTAACTTTGTCTGTCCCTTCTATTCACCCGATTTCGGGGTCTTTTTAATCCCTTGAGAGCTCGCAGCTTGGATGAAAGGCATTATGAGGTCGCATATACGTATAAAGTGGCCGTGCGGGTGGCATGAATAGTGTCTCTCCCCAGGAGAATTGCATGGCTCACAGGATCGCGAGTGCTAGTAATAGGGCCCGGCGCCAGAGCAGCGTACGAGGCATAATTTACGACGTAAACAGCGCAATTGGTTACCTTAGCTCCCATTGACTGGGTTAGGTAACAGCTACGTCCCATGTGACGTCGTGCCCGAGACGAATGAGTCATGTTTGGCAAGCTGTAGACGTTGTCGAAGGCAAGGAACTGGAATTATTACGGGTGAAGAATATTTGGCGCCTCTAGATGCCATTGAGGTGACACGCAGTCTAATTTTACTAGCTTCGTGAGCTCCGAGTCTAGCTTACTACCGATCGTGATCGTGACGAGTTCGAGCCACCCGCGTAACAGTATACTTCCCGCAACTGTGACGAAGCTGCCTCTAAGGTATCCGTGGAAACTAGTT,1470,49.05,Escherichia coli
SEQ_366006,GCAGGGCCTTTGTCTAAGGACGCGAAGGTAACGTGAAGGTTGGGTTCGCCGTTTGTAAGGAATGAAAAACGGATCTAACTAGTACCTACTCAAGGACATATTGCTCTTCACCAACTCAGCAAGGACACCCGACGGTTACAATCGGAGACTCAGCGTGACGCCGACTATTAACACCATCCCACGCAAAAGGTCCTTCCCGGTCGATCACAGGCGCTCTGGGGCACCCGGCTACTAAATCTCGCTGCAGTAGCGCCCGAAATAGATGTTACACGCTTCCATTCCTCCCCTGCCGAATGGATACTGTGACGTTTAAAGTATGAAGCCTACTGCCCACCACTAGGTAATCCTCAGCTTCCGGCACGCGCCCACATCGAAGTCAATATCATAACTCGACCAACTTTCACCGCCGCAGCATGGTGTAGAATCGAAAAAGCTCACCCGTGCCTTGTCCATGACCCCGGCGCTCGGTGTGCTTGAGTGGTCCGTGGCTAGGAGATTGCAGTACTGAACGCGCAATTGACTGGTGAGAGTAGATGGGATTTTGACCGCGTCGTACCTAGTAATTCTCTAGACACATCCATGAAAAAACCTCGGCTCTTCCACCCAGATTTGAAACACCCAAGCAGCCTTCTTAGACGTACTATCCTTCGGACCCGTAGTCTGACCTTGTAGTCCCCGTACTGTCACTAGGGACATCGTCTTACACCCGCAAGGTTTCTTTTGACAAACACAAGCGGCGCAGAATGACGAGCAAACATTTCCTGTGTGCATGCGAAGGAGAAGGGGGTCGGACACCTGCCCCGAAATTGTGTTTATTAAAGTGCGGTCTGAAGAAGATCCTGGGGGCGGGGTTGCGCTGGCCGCGTGGGTGCCTCGCAAGCGGCGACAATGCCTGGAGGAGCTCTTAGGAGGTCAGGTCAATGCCTACTTGTGACTAGACAGACATCCTGGCTGTAAGTAGGAATGCAGAGAAATTCAGGCGCTCAGAATAGGCTCGTAGGGTCAACCGTCGAGACAATGCCCTGTAACGTCTATCTCGTGTACGACTTTCCCGGGGCTTCATGGGAATGAAGACTGCCTAGGTGCGCTTCCGTACCGGCTAGAGTTGGATCGGTCGTCAGATGACTGGTAGTAGGCACGCGGCAGGCAGCGCGGGAAGCTTTTACGTACGTATTTATTAGAATCACAAGATCGCGGGACAATAGCGACGACACGTACCGCGAACCCCCGATGTGGAGTGCGTTTGGACAGCTTATGAACTGTGCAACCCGCAGAACAGAGTTCTGCTGAAGACATTACTCTTGTGTCGTCAAGGTCTGTCGATGAGAAAGACCGGAGAATAAAATATAGTTTTAGACTTAATAAGGTCCTGCGCGGCGGCGAGAGATAATGATTCACGTTAACAAACAGCCAACGTGAGGATGGGTCGTTTGCTGCGTTTATATTAGCTGCCTTGCACCAGATATCGCACGTCTCCGACTCTATGATATAACGGAGAAGAACAAGTTGTGTGCGCTAACATAGGAGTCATACACGTACCGATTATGTTCTCCCAGACTGATACACGAGTTCACCATTGCGTAAATAGAGCCATTCCACCGAGCGACCGCTCGGACGTGAACAGAGGATGTCCGATCAGAGTAGTAATCAGGTGGCCAAACCAACCTACCAGGGGGGTTCCAACATAGTCCATGAGCACTTTTGGATAGACAAACTGAATTGGGGACAATTAGAGTGCTTATTAGCCACGCAAGGGACAACCTCTTTCGAGGGCTGATGTTATACCGGGACTAAGATTATATCGACCATAAACTAATGTCTGCCTGGTGGACGCTGGCGAAAGGACGGGCGCAGTGTGATCTGCGTCGGGGTAAGTCGATGGCAGAACTGTACACAGGATGGGTAGACTTCGAAAGTATAGCGTCGTAGAACCAGAGTACACTCCTAAGTCAGACGCCTATGCCAGCTAAATGCAATCTGTTCAATTAATCCCC,1994,51.15,Escherichia coli
SEQ_196529,TGCGCCCAGCTCATCAATTGTGCTCCTGGTCGCTTGAGGACCGTGGCAGAAGTGTAAGTGCCATCTGGAGTTCTCGCCAAGACCTTGTTCGTAAGAGGACGGAGGCAGGGTCAACTCGTCGTTTTGTACGGTTATCCTGCTGCCTAAGTTAGCGGGTGAAGGGGTGCGAACGTGAGAAGATAGGATAGAACATACAGCGCTCTCCCGCCCAAATATAGTCACACAGTATCCCCATGGGTTATAAGCATTGCTCTCACCCGTAATAAACGCTCGGCTACACCGGATCCTTTTTTTGTTGCCGGCCCGTCGGTTGGAGATTCCACTGCCTGCAACCAGTAATGTTGACCCAATAAATAGGCTGATAACCACCGCGCTCTCGTCAGCCTTTTCGTCTATCCTCGCTCTTCCAATCTTCCGCGCTGGCTCTTAAACCAAGAGTACGATACATTTTCAGCTTAATTTTGACCAAGGATGGATTGCACCCTGCGACGTACAGCGAGAGCCCGTGCTCCATAAACCCGGTTAAGTCGTGTTATTAATCTAGTGGTCGCTAGTTCACGGACTCGATCGGTCTCCGCGAATATGGTCTCTTTTATGCCTGACATAATGGGTGCGGCGAATTTTTCTTCCGTTGGCTACTGTAGGGTCAGCGTAGGCCCCATGTTGCTGCGAGTGGGGACGCTCCGGTGCCAGGGCTCATCAACACCGACACTTTACGGGTTTTTTGGACGGCTCTGATGACTGAACAATATCTTATCCAAAGGCCTGTTCAAAACAAACTAGTATTTCGTCGAAAAGCGCCTGTGCTTAATTAATCAAGGAGTGGTTTAACGACGCCTTCCGCCCAGTACCGGACCCTCTCCGGAGATAGACCTTACTTGTCCATCGGCAGTCATAGGCCTGTTCCTCCTTGTTATCGCTTGAAATGCCGTGAGAAGCGAATAATAAAACTTAAAGCCAGTACGCTCTAACTTAACGCGAATTATTCCTTAATCCGGGCTGCAATCTCGCTTACGAATGCTACTGTTACATTTATTCGAGCTATAAATACGTGTCTATATGGGGCTTGATCTTGTGCAGCAGGGTTTATAAATCTCCGGCGTCATCCTATCGAACGGGGTCCTACATAGTATTCTAGAACTTAATGTTTTCTAGGTGTGCGATCATGGACAGGGTAATACTTATTTGTCTCTGCATCCTCCTCCCGATCGTTGCTAATGACCACTCAACTGATAACCTACTCTTACTATATATCCTTAATAAAGATTCCTTAACTAATTCGTTTAAAGCACAAACTGGCAGCACGCGGGTGGGCGGAACACTTTGGGTTGATATAAGGTGCCGAGACTGACGTGAATCAGGGTAAACCCCGATGCAACCTGTCCACTGGTCAACTCTAGGCATCCGGGGCTGTTAATCAGTAGAGAAGAATTACATGCTCCGTGTATCTCATGTGTGAACGCAGTAAGCCGACTTGAAATGCGCTGCGAGCACTGCTATCCGGCGCGTCTTGATTGTCTAGGTATACTTAGGGTTAGTTAGGAGCTCATTGAGAGCGAGGGCCTTGACTGTATTCCTTAATTTCAAAACTTTTTTAAGTGCGATGATGTAAATACTAGTCATGCTCGTACGCCCGCGAAGGAGCGTATATCGTTGTACACATTCCGTTAGGGACACCATCTTATAGCTGTTAGAAGACTACATGGAGGCACTTTAAATTGGGCTTACTTCCGTGAATTACCAAC,1745,47.74,Arabidopsis thaliana
SEQ_165149,CACGACCATCAACTCATGAATCCATTTTAGTGAGGCAACGGTGCGCGCAGGGGAGCGCCCGTGAGTTTACCAACCACGATATACAGCTAGAGCATCAGTTCCAGACTAAGTAAGCAACTCGTTGTAGGGACATTGGGCACATCCCAAAAGCACGGCCTTCTCAGCGCCGAGCCACTAAACTATCTCGAAGCCTAAGCGTGGCGGGATCCAGAGGACTACAACCAGTCTCGGCGAACGGCCCGTACCCTGAACCATTGTCTGGTAGGCCACGACAGACTATACGTAGCGATTAGGCAGCGCATAAGACGTTTAGACCCGATTATTACGGGTCGTGGCTTTCAAGCCACCCATTCCGTGAAACTTTAGCACACTGAAATACAATGACGCGCGCCTCGTCTCCCTGTACAACTGCGTGACTAATACCGCGACCGTAGCGGGATTCAGCGAGCTTAGTTTAGCCACCTAGACACAGATTCGCGCCCCGCATCACCATTCCGAGGTACTTATATGGATACCCATCTCCTTAAACCTGACGTGTTTACTTGGGATTTCGTACTGGAATACCAGAATTTTTATAGACTGTATACCCTACCATCCGTGTGTTCTGGCTCAAATGAGTCCTCGCGGGGGTTGCCGATATAGACCCATGGCGGGGCTGTCTAGAATGGTATCATACTTCGAAGTGACAGTTGGACTTTATCGCCTAAATCCGAGAACTCTTCTTCCCCGATTGTGCCAACCGTGTAGACAATCGTCACTTCTTCAGGGTATTGGACTGTGTGACCCGGTCTGTCTAAAAGGTTTAATTACGAGGTGGGTTGCGTGTGTAGGGTACGAGGAGCCGCCCGGTTAGGGGCTGAAATGAGTACTTAGCATGTTCAACGACATACAACATTTTCCTAACGAAAACCAACTTCGGAGGTGTTTATCATTGCATCTTAAGGGATTGGTCACGGCTGTGACGGTCAGAAAGGGTGCCTTATTATCGGTTATACCTACTACCCCCGCTCCGTACCTTAGGAGCGTGGTGCACCTCGCTAAATTCCGAAATTTCCTTCAGGCGAGAGTCACGGTAAAGGCCTTGAGCAGTGATGAACGCATAGTCCTCTCCTTCTTAAAACTGAAAGGAGGTAACTAAGGACCCTCCGGACTTACACCGATGTGGAATGCTATCTGTGCTTTAACCCTACGTAAATGGTAACCATATACTCAAGAGGTGCTCTACACTACCATTGTGGACGCTATAGCATGGTCAGAGCCTTGGCCCGTTTCAGGTTCGGACAATTGGTAACATGGGGGTCTGAATTACCAAACAGGAGTTACTGAGTGACTGAGACCAGCATAGTTAGCGCGAAACCTTCATCCCTACTCGCCTGCCGCGACGTAGAGCCTAGCCGAAAGGATGATTTTGTCTCATTCTAAGGCTGGTACAGATTGTTTCATTAGGATGGTGAATTGTCTTTTGGTCAGGACTGCTTGCCAGACCCGCCAGGTAAAAGATCACACACTCCTGACCACGGGCGGCCACGTGCTGTCTCGTGTGGTTAACTATGGACACGTAATGGCTCATGTGCGTATGTTTTTGAACCAACGGCTTGACTTGAGCCTAAAAAAGGGACGCCCGGAGGACCTGCTGGCCGACGTCAACAAAAGCCGTGATCGTCTTCCCTAGTACAACTTTATAGACGATAAGGAACCTTTCAAATTTCTCCAATCCGCACATCGTCGAACCCAAGGCTTGCCCGACTGTGTGTCTGGACTACCGGAGTGTGCATCATACTGTGATTATAATAGTAGTAGAGCACGAGCGTGTGCCACTGTCGCGCTTGTGGTGGCGTACCCGGGAATTGTATGCGAGTCTTGTCGCTCACCTGCTTGAAGGCCCGCGTCGTATACGCAGAGGCGAAGTTCACCTGGTT,1919,50.39,Escherichia coli
SEQ_199188,TGAAGTACTGCCAGCTCATCGCACACTATTTTAGGCACTTTGCGCCGATCTGAAACGTCACATTCTCGATTAGGTATCCCCACAACCGAGTCGACGGTCAAGGTGTGAGACGTGTTCTAGAGCGGGGCGGGGATCTGGCTCGCTCACTCTCG,152,54.61,Mus musculus
SEQ_653431,TACTCATGTAAGCGGTCTCGCCAGAGGCCCAGAAAGGGTGAATCCGACTCTGCACACTACGTACCACCGTGGCGACGCTCAACGGTTGACCATAGAGTATAAAGCATCGTTTATGCAGAGATAATCTCTACAATTGCCTAATCATTCCTAATCCGGACGGAAGAGGTTTGGTCTCAAATTTATTATTGCTCTAGGGGGGGTTCGCATGGACTCTGTTAAGGCGAAGGGTTCGGATTTCGGCGAGCTTTTAGCTGCATTGGAGACTGTAGACTGACATGGAAAACTGTCATGGTCCACGAGCTGATTGCTCGTCTGTGATCGGAGCGCCGTTCTTTCGGTGCTCATGGCTGGCACTGCTAGGCAGCTGATGATTTTAGTTCCGGTGTCCCACCTCTCTCAGTCGCCGGTCTGATCGACCTTAAGAGTGTCTCGTCGGGGTTAGTAAAAGCATGCGCAAAACATAATCGTCAGTTAGTCAACCATAACTTGACACGGCCATCCTAAAGATGCAGTTATCACACACATCGCAGTTTAAGCTGCTCCGTAGATTGAGTAAGCTAACCTTGGGATTCGATTCTGTCCGCCGGCTTGCCGTATCAAATGCGGAGACATCAGCACCGACGTAGCTCGAAACTACTGCAAAGACGACCTAGCCGCATGCCGGGAGTTTTGCCACCACGCTGAATGTATAGTCCCCCGCTGGATGTGACGTAATTGAGTGTCAACCGGAACGGTACCGAGCAGATCGCTCGGTGGGCTTGTGCGCACCATGCTCTTGAGTCCTATCACAAACTAATGACAGGTGACTCTCTTTTCCTTTGTGATTATAAGTCTAGTCCAGTAGCAAACGGATTGCATTTCCGACGTTCAATCGCTTTCCTAACTCCGGATCATCGCCCGCGGTATTACTGACATAGGTGGAGTGGGGAATTATGCATGCTCAAACAAGTTCCTGTTATAGGGCTCATTCTATCTTTCAGCCCCCGCTGCAAACCAGCGAACGGCGGGCCATCCAATTGTAAGACGGCCTATACATCCATGGCTAGGTTCCAAGGTGATTCATTCTCGACTGTCGTGGCCGGCAGTCGTGCGCTTCAGACGCTACCGTTTAAGTTTGTTTAGCACTGAATATGAAACCTTTCCATATGTTCGGATCTCATCATGTCCGGTTCATGTTCTCCAAAACGCATCTTGATGACCATCGTATATAAATCACCTCGAGTCTGAGGCAATAGGTTGCGAATCGTTTAGACGCATAATAATTATTTTCTAGTATATTGAGGGGGAGCTGCCATGTGTACCTTAACAATGCGAGCGATCCGTGGTCGCTTAGGGTCTATTATAGGCGCATGGTGTATTCCGGGGCACACGACTTCTCGAGTGATTACCTCGCTCCGTCATCTTATCGTCGGATCACACGAGCTCACCTAAGTACGCATTCCGGTTTCGTTCCCACGTCGCAGCGACAACACGACCATCGAACATACGCCGAGGCAGTTACGACTCCTTGCGCTCGCGAAGACGACCTCTACGTTCACAAGTTTACAAGGTTTTAGCCTGTTGCCCACTCCGTGACGGGCCTTACACTCTGGACAGACTCTCACGCCAATGGGGGAGCGGGGATTGAAACGGTGATCTGTTAATCATAGTAAATGATAATCACTAGATTTTCGAGTCGGTTGAGCCCGGGATGGATTCAGTACTTGATAAGATTGTTTTCCGCTCCTAATGATCGTGTATGGCAGTGCTTTAGCACGCGAATAGCTCCTGCACGGTAGTTGTGAGA,1786,49.55,Homo sapiens
SEQ_224148,TTGTTGCGGGTGCGTACGGCATTTCCCAAAGGTCGCTTACAGAGTTCCCGCTGTAGAGAATATTTGCGGGACTGTACAAAACCGCAATGTCGTCTTGAGCAGTCACGGGCAAAATTCTACTGTCCTCGGCATCATCGCCCTCTCTCGGTCCGGTATGTGATCGAGTTTCGGCCAATGTCTCTAATAGGAAGTAGAGAGTCCGGTGTTGCAGTA,213,51.17,Escherichia coli
SEQ_642015,GGCCGCTCGTTATGGAGGCTGTTAACTGCGCAAGTTTGGGTCCGGGGTAAAGGGCCAAGCTAGTAACAAAATTATACTACGTTTGTCGTCTCCAC,95,50.53,Saccharomyces cerevisiae
SEQ_726585,GCAGACCAGCTGTGAACCACACGCCGCTGTCCGTAGAACGGCGGATCTATCCAACATTGATAATATCGATCGGAAAGTCCGTGACGTCCAGAAGTAATGCGTCGACAATCAGCTCGCTATACCAGAACCTCACAACATAGCAAAGTCTCGCCCATTAGTCCCAGCGGAGCTTGTCCAGAGGATGGTCCTCAAAAGGGAACAGGCGAGTGTAATCTCAAAGTCCCTGACTACAATTGCAAGACACCTCGTTGGATGCATGCAGGGGGCTCAGTAAACTAAGTCTGGGGAGACGGTATAATAATCGACGAACGAGAAATTTCGAAATGGCGTCAATCCAAACAGGTGAGGCGACAGGATCGTCACGCAGCGTTGGTGATGGTCCCGACAGGGGATACCCAAAGCCTTCTAACTATTCATCGCATAATAACGTATTCCTTACCACTAGCGGACAGGTACGATGAGTTCCGCAATTCTCTACCTGTTAAAGTTTCTCGTCCATCGAGATAGGCAACCGTATACGGTTCGCGTTCCCGGGTTC,538,50.19,Escherichia coli
SEQ_362087,TACTGTATTCACTGTAGTAGAAGAGAAATTTAAACCTTCAGATCGTACGCACCAAATCAAATCCTAGATGGGTGTGATATATGATCTCTGCCCCAACGCAACTAAGGTCCGTCCACGATGTGGGCATGGATGATAGTTCGGTGGGACAAAAACAGCTGTTCTACTAAGTATTAGCATGGCGCCTTGAATTCATATCCCGCCGAGCAGAGGGGGAGGTCAAAGTCTGCTTTCCTGTTGACCACATTCTATTGTCCACTTGAGCCTAAGGCAACCACATACCGGCTATTCCGTGCATCGTCTCGTTGTCCCAAAGGCCATAAATCGACTTAACCGACAAAGGTCAATCAAAAACCTCCCCACTAAGCATTGTAGAGCGGTAATTCAATGAGGTGCATTTTTTCATAACTTGTGTGGCTTGCAGGGTCTTTTTGAGCAGCCGGACGTGTGAACATGCACACAGATTAAGCCAACTGATACGACCTAATAGACAAGGTATCACCAACCATAAAAAAGGCTCTCCCTGTCGATTTATAATCCATCGTTAGCTCGGCTTCCGAAGTATAAGGGACTTGTCGTTCTAGCCGTATGACTACAATGGGATAGGGCAGTTGAGGCACGAAGCCCCAGGTAGCATGCTCGGCATATAAGCGTACGACAGCAAGAGAAGACCTGATCAAGATTGCAGGATCACAAAATAACTCGTACCCGGAGCTTTTTCCAAATATCTTAGCAGGGTAGTCTTGTCTGTCGAAACTATCGGTTGTTTAGAAAGAGAGCTTCTCAATAAGACCTGAAAGGTCTGACGAGTCTGTAGTGCCCCAGTTCCGGTTCTAATAGATAAAATGGTAGATTCACTTTCCCCATCGAGCCCACTAGCGTTCCGTTTCATTGCGATATTAAGGTAATCTGGTACTGCCCTTGTGAATTGCCATATCCCATAACGATACGTTCATTTTTCCCGGCTCTTGCCTCCCAGCCTCCATGTAACCTGAGTGAAAACGTCAACCTCCCCCAACTCGATAATCAAAGTGCCTGCCCCCTCGTGGTCCTCGTCTCAGGCTTAACGCGAGTGGGGACCCCCTGATCCACCTGCCCTCAAACGGGCGTCCGAGCCGGCATCCATTTCCCACCCAGTCAGGGTCTTCCTTCACGACAACTCTCTACCCCATATGGCTACCTCAAGGCACCAAATAGTGAAAATTCAGATGGACCTGCAAAGGTTCTCAGCTATAATAGCGCACAGGCTACCTTCAGTAGATGTGAGCAAATGTCACGTAAAATTGGCTGATCTATCCCACAAAGCGGTCTTGCATGTAGAATCGATAGGAATGTGCGCCACACCCATACACGCCTACTTGGTAGAGTTGCCTGCGGAGCAGGTTACAAGGTACCGCACTGCCT,1401,47.97,Drosophila melanogaster
SEQ_540676,CCACGGACACGAGATGACGTCTAGCTAAGGCAGCCTCAGAATATTTACCTTACGAAACTACTTGGGCGGATCTTGATGCGGATTACGGAGTCGCGTAATTACCTGCAGCCGCGTTAGAAACAAGCACGAATGGGCACTTTGTCCCCTTCTTTTTTAATCTGCGAGGTGTGTAACACAACCTATTAGATTCGTCTATCAGGACTCAGTACTGTGTCTGCGATCAGCTGTCATGTAAGCACAGGTAACGTACGTTTTCCCTACTCAAGACTTTGTGCCATTATCCATGCGCACGTCAGCCGGATCGCGTGCCCAACTGCGTAGTGATCATCAATCTTCCCGTTAACGGTATGTAGACGTAGGCCCGACAGTAGCCGCGTCTGGGTACTGAGAACGGTCCTCTTAGAGAGTCTAAAGAGAAACGCCCATTACTCGAGTGGGCAGTCTATTTGAATATCTGTCCCCTATCCAAACTAAACTGGCGTGTCGGGGCTAGGTTACTTTTCTTAGCTGCGAGCCCCTTTCTCGCATTGACGACGTTTCATCCTGGGCAGTCTACTGAAATTGTAGCACGTATCTGCTCGTGCCCAATCGAATTGTCGTACTATCGAGATACATTGTGCAACTCCTTGCCGCTGCCTACGCGACCAAACTAACTAGATTTTTTGCTGTGAGACATTTTTGCTTCTCAGGGATACTTAGCTGACACTCCCCGGCCACTGTTCTCAGATACTACCGCAACGCTGTGTGAGGTCCCGATGGGAACGCCTGAAGGGCTTGGAAGATTGGTGCCCTTAGTACATCAAGCTACCTGTCTAGCAAAGGGTTGAACCTTAGGGTCTAGATATACGGGCCCATGATGAGGAGCAAAGCAGATTCGACTACGAGTGAATGAGGACTATGCACAAGTCGTTCATCTACCTTAAGTCTCTGTCAGCGGGTAATAGTGCGCTCCCACATGATATTACTTTGTTGAGGTGTTTTATAACTCGTCATATAATTTATGGTTTACCCACGCGGAAAACACTTATGGTCCACCGTCATCTACTCGACATGCTCTTCCACCGTCGAAGTGGACCTAAAAGGCTCCCAGTATGCTAAAGGGACACAGTGCGAACCTCACCCACAATCGAGTTGCAAACCCGCATCTTAAAGATTTCATTCTCAAAATCACCTATGTGCAGAATTCTGCTATCTGGAAG,1199,48.12,Saccharomyces cerevisiae
SEQ_659788,TCTCCGTTCTAATGGGGAGGGTCTGTACGGGTTGATTTCGTTTAAGTTTAGACACCGTTGAGTGTCTGCCGTCATATAGATTATCGGACATCTGTTCGTGGGGTCCTGAACAGTGCCCATCGAGCAGAGTGCCTGGTGTAGTGCGTCGTCGGTCGCCGCAATGTACGTCCGGCAGCCCAGCTAGATTTCCCATTGGTGCTACCACCGCCTCATACTCGTGATAGACGTATAGTTGGTCCAACCAGGTCGGTCGCACCGATGAAACGCTTGAATAGAGTCAGATATCTCGCAGAGTTCGTCATTAATCGTGCGGCAGCAAGGGAAGAACTCACAATTCGATCGAGGTAATCCTGCCTTGCGGCACGGGAATTTGCCTTTTCGGCGTACAACGCCAATGTAGGTACGCAAATGCGTTAAGTTGTGATTTGGTATCGGCGGTAGGATACCCAGTAGCTGTCCTCGATAACAGGGGTGTGTAGAACCGGTCTTACCGCCATTGCCTCTATTTATGGATTCGTTCTGACACACCCTCCCTTTATGCAGAAACCTTGAAGCAGGCACCAGAGTGACCTCTAAATATACCCCTTCTTCGTATAAGACACCTGTCGTAACGATTTTGATGTAAACCAAAATATATTATAGGAGGTCGTATGTTCCAAGTTACCCGCTCATGCCTAGGCTGCGCGACCTGATCAACCAGGGCGAATCCTCTCTCCGGTTACACATGTCCAACTGTTACCCTAGTCATATTACAAGACGAGGTCAGCCGAATCTGCCGAAGGCCAAAAAAGGGCAGTACTTTAAGTGTATCAGCTCGAGCTCGATTAGTTAAATATGCGCAGATTTAACGACCAACATAATGTATCGAACCGTAAGGTGAAGCCGCATACTGAGAATGCTCTGACCGGTGATGCGCATAATCCTCAAGATGTTATTTTCGTCTGGTGTGAGGTTTGAGAAGGGGACGACAACGCGTCATAGATTGGACCTTTAGTTCAGGGGCAACCAAGAACAGCAGCCATCGCGATACGGCGAGTACCCCGTTCGACGCATCAGGGCTTTGTGGGCATGTAACAAGTCTCCCCATCCCATGAGACCATGTCGTTATCCGAAATTGTCCGATACGACACCATCGTTTCCCGCTACGTTTCGCTTAAGACGGGAC,1165,49.61,Caenorhabditis elegans
SEQ_832371,TCATACCGTGTTTGCCCGCGGAAATGACAAAGAGCGATCGACTAGGCAGCATAACCCATTGCTGTTTCCACGAAGCTTCTGTGTCATTCGCGGGACTCACGTCTTGGAAATTCGTCTAGGGCTTGTCCCAGATTCCGCGTCAACTTTGATGAAGTATATCGGTGTCGGAACCAAAGTCAGCTTTTCTCGGCCCCGTGTCTCGTCTGCGACCAGAGGCCATCAACGAAGGCCCAAATGGGAACGACGGCATGCACCATCATAGAATCACTATGTCGTTCGAAGGCGCGCCCCGATGGACTTCCCCAACTGGGATGCGAATCCTACCCACGATACTACCAAGACGGGGGAATAGGTATGGCAGTCCATAGCAAATCAGTTAACAATCCGAGGATAACTGAGTACTATGGGGCCGGCAAGTGATCCTGGGTGGACCTCGCAGGGGCCCACACGTTTTCGCTTGCGCATTGAATTTATACGCAGTTCTAGTGGTTGCCCATAGATTCGTTCTCCACCCGGAATGAGACGCACGCACAGCGTTATGTACTCTCGGGACAAGGCGTTGTACGAGTGAGAAACAATAAAAAGTGAAAGTTAACACCCTAATATTGTATGATCCACGCGGATATCTGCACCCGGAGCTAATCAACTCGCACGTCTTCTTAACCGCGTTCGTTTACCAGACTGTCCCTCCCTTCTCTGTAACAGTCTGTTTTAAAGCGAGATTTGAGTTGGCGCCAGAACCGACAGTTCCCTCTTTGTCGCAGGGCGCGTTTAGTAATACTTTTCCGTATCATGATGGGCCGTAGGAGCACTAGGAAACTAGCTCCCACACTTGTGCGAATGGGAGACGATGAGCTATTGGTATTCGTGCATTCGTACTGGCGTTCGTCAAACTTTGTCTGCCGCTACACACCTACCGACCGTACCACTTCACTAAGCATGGAGTATCTTCTTTTGGAACTTAGTATGTCAGATTCAAAGAATCAATCGGGTCGCGTTACATAGACTGCATACGTGCGGCACCCTTGCGCTGAAGTAAGCAAATATGTTGGCCTAATCATGCAATCCATGTTTGAAGAAGAGTTGCAGCAGATGCTGCGCCATGGTTTTCTAAAACCTCAGTTCGCCCCCGTCGATTTGAGTGTACTAACACGTCGTAACGCAATCAGCCTTCGCTAAGCTGGGGCTCAATGGTTTACGCGTTCATCATGACCGCGCATAAGGTACCTTCTAACAGCCTGATGCCGTGAGGAACTAGCTGTGGCGGGTCAATTTAAGCCCAAGATCGTCTCACTCAAGTCCCTCTGGTTTGGGCAAGTCGAGCGTCACAATGATCGGGCAGAGTTAGGAGCTGAGATTAAGCAGTGGGAAACTGCGTCCGTCAACGTGAGAGGTCTCGCCAATGAGACGGTCTAGCGTATGTTGAAAGGTTGACGCCACCCTGCCGACGAACATCTGAGAGTTTGACTTGGGAAGGTGCGCGTCGTGACTTGGGTGGCCTTACTTACGAAGGTATGCCAAGGCCGTGGCCAAAGTATAGTGTTGCGATGCGACTGTGGGCGCAATCCGAGCCACGCGTTTTTCCCTCGTCGCCCATCTTGCGCGGTCTCTGAACAAGAGATGTTATATGGAGCTGTAGTTTGTACAGGAGAAACTAAGTTATCTTGTTACACCCCGCTATTCTAACACGGTGGTCTAAACCCTCGCGGTGCGGCTGAGGTCACAGTTACGGTTTATAACCACAAACTAGAACTGCGTTTGAGATTCCGCTACTAATCTTACTACATTATCGAGCGCTATAGGGGGCCACATTCGCCACCCAAATAACTGGTCGGGTGTCCTGTAGAAATTTTTTGTTACTGAGTGTATTAGTCCATATGC,1881,50.24,Escherichia coli
SEQ_893932,AAGTGTCGGTCAAAGCCCCGGGCGGGATGGCATCTCCGCCACCTACGCAGCCGAAAAAGAGTTAAACTATTTCCATAAAACGTCTCATGCCGTTGTCGTTTTGGAGTCAGTGTGAAACCGAGGGGGACCCCACACACCAGATTAGGTCTACGCGCCCGCCTTTAATTGTTTCCTTAATGGAGGACTATTATCTTTCAGCGTGTCCCGTCGCCCAGACACTCCTATCCCGAGAGCATCGGTTTCCTACGTGAGCCCAGTCAGGCGCGGTTAACCTAGGGCAGAAGCTAATGGCGAGATACCATTATTCGCTTCTAGACGAGGACGCGACGCAGTGCGTAATTACTCGCTGAGAGCTCAATAAGATTCCGGGTAAGCTGATGGTGTCCTACTCTTTTGTTAAGTAGTC,406,51.72,Escherichia coli
SEQ_639292,CTGGAGCACTTGCAACGAACGAACAGGGTGAGATTGTGGTTTGTGCGCGCAGGCCCTTAAAGGAGGACAAGCGAGTGGCTGGGCCTGCAGAGCGTACTTGGAGGGATATTCCACTTTCTTGGTTCGCGTATTCGCCACTTTTAGGCACTGATCAAGTTCGCTTTAGGTCAACTCTCAGTTAAATAAATGGATCGACACCAGTTTGTAACGACAACTTCACGCCTGCACCAGTTTACTAAACCCTTACAACATGTAACCTCAGGCCGTAGGCAATATAACTGAATCCGGAATTTTCTGGAGTGCCCACCAACTACTTGCCGAGCATGGGCACTTTCGTGAGTAGGCTTTGCCATGTCCTAACTCTTCCTAGGTTGCTATCAAGACGTCTTAGACGCTTTTACGTGCTGAGCGAGAGGGTGTATAAACCCTCCGATGAATACCTGTCTAGAATTGTGGGGTATTGAGCGACCATACAAGGATCGATCCTGGACGTCCAACGGCAAGTATTCAACTATGTTGGAAATATGCGTATCGGGGCAGGATAGTTACCCATAAACAAGTTGATTCAGTTGTTCGGATTTTGTGCGAGCTGCATAA,597,47.74,Arabidopsis thaliana
SEQ_621437,GGAACAGGTCCCTTCGTCGGTAATAGCAGGTGTCGAGGGCCATTCAAATCGCGGACTCGCGGTACTATCCCCGCACGGGCAGTTGGTAGTATTCGTGCGGCAATTTTGTGACCAAGAAGTAATATTTTTTTGGCGAGATTCTAGGGCTGCACATAAGAACGTCCATTTGGGGAGTGCGTCCCTGTGTGTACGGTCCATTAGTTTTGCGTCAGTGAGACAGGCCCTGCATCGCTTAAATAGGTTTAAAGCATCTGTGGGGTTCCTTCACACATAGTAAATATTAATTGTGATCCGCGTTTACGCTCCGTCGCAACACACGCGCTCCAAGTCACTTACTACCCTGACCGAAGAATATGACAACAGGTACAGCTGCTATCCTTGATGTTG,387,49.1,Caenorhabditis elegans
SEQ_136692,CACTGGTTGCATTCTTGACAGACCTCCTGTCGGTTCGTTGGGTGCTCGCTTCAGCTGTGTTCAAAAGCCTCGTGCCGGACACTGCTCCTGTTGGATAGACGGGGCGTCCCGCTGATAGCTGCAGAAGCCCATTAGTCGGAGAGCGAGCGCGGGCTCACGTACAAAACCTGGGCTAACCACAGCCCCTTCTCCCGTATCGGTTGTATGCCCACCAACACGTGGGCCGCGACTCCTCAACGCTACCTTGAAAAATAAAGTAGTACTATCCGAACACGGTTCATTTCCCTTGTGTAACTCTAGGACGAGCGCTTTGCAGTCAGGAAGAAGCGTATGCGTGGAGGAAATGAGACTATATTATGGTGGACGACGTAAGGCGAATTGCGGATCAGCTTTGGTATCCGTCTAATGGAACTGCACGCTATGTTGGGGACTCGACGGGATCAAGAGGTCAGGCGTAGCACACCAACGCATTGATTGATCATAAGAGTCCGCCGTACCAGGGTTCGCTGCTATGGGACCGACGCAGAGTGAATGGAATGCCGAAGAATCCATTAGGAAGTGACTAAGCTAGACACAAGCAACCTAAAACGCAGCTGGTAAAAGGCTGCGGTCTCGGCTATAAGTCTGACAAACGTCAACTACCCAGTGCACGAGAGGAACCTAGGAGCGACATGTGTCTAACGCCGGTAATTGAACTAAATTCCGGTCGGGAAGATGATCTTGTATGAGTGCCGGGCATTGAATCGGAATTTCCTAAGCCCTGTGCTGCCTTCTTATTGGACTGGACCGATCGAGAGGATGCTCGGTACGCGAACGATTCAAACTACGCATCAGATTGTTTTCAGGCTAGATAGGCGATAGTTGTCTTCGCAAAATGCGGGAAATGGGCAGAATGAGCATGCGCATGGTGACTTGTTACGTTTTTAACCGAAGTCTCTAAAGGACGGTGTCGCATTACCGTCCTCAACCCTTGATGCACCGGTACGGGTGGCATTTACCTAACCGCAGGGAAAACTGTATGGCACGACACATGTATTATCTTGCCGAGCACCGTTTGGACCCAACACCAGTTATTCCATCGACCCTGCGAACAGCATTCAGGGAACGGCGAGATGTGATAACCGCGACTGCCCTAGAGAGAATTGATTCTTATGATGTAAGCCGGGCGTAGTTATGTCCGTCCCCTAATCCGTACACCGTGTTTACAGTACGACATTGATTCTACGCCTATCGACGAGTGACTACGCGTTTTGTGGAAACATATGTGCTCAAAGTCAGTCATACTCATCCACTTACAAGGCCTGTTCGACACTCGAGAGGCAGGGCACGCAATGTCTGAGTCACGCCAGTGTACTGATCGTTAAGCTCGCATAACATAACGGGCCCGTGGCCGCATGGGTTCGGATTGGGAACTCAGCTTAGCTAACTCCGGACACACTAAGACAGACCCGAGGTACATACGGCTCTTGCTGGACACCTGAACTGGAATGCAGTGCAAAAGGGTGGTATTCTCATCGAATGGTGTCGTGAGGATATCACCTGCGCATTCCCCAGAAAGGGTTGATTCAGCATAATTGACAGCGAGACATCGGTATTAAAACTCGGTGTCGTTAAGGTAGACACAGCCAGCAGCATCTATCGAGGAGCCACACACTTACGCAGCCAACTCTTCTCGAGGTGAAAATATAAGTAAAACCACATGATGAGGGAATGATTAGGGAAATTACTACGCGTAAGTATGGGACTAAATCGCCATTTGCTTATAGCGTGGTCAAAGGTCCGACACACAGTGATCTATGGTACAGCGACTGG,1812,50.5,Saccharomyces cerevisiae
SEQ_795898,TCGCAGAAATGGCCTACCGACGTCCACATCAATGTTACAGGAACAAGCTCAGCCGAAGAGTCAACGAGGTGTGATGATTTGCGGGACAGTCGAATGTACAAAGGGGAGACCATTTCGTTCAATTCGAGTAATTAGAGCTTGGACTTGGGAGCGGTCAGTACTACTATCAACAAGTGATAGTTCGTTCATGTTGGAGTTGCGTTACGAGTTGGTTAATGGCCCTGAGCACTGGACGGATGCCTCGCGTACCGATTGAAGGACACACCTATAAAGGACTTGCCCTCGTAGCTGCTGGGAGAAAGCGGACACGGGGGCAGAATATGAGTGAGCGGAAAGAACGCATGGTGATGGAGCCCCGCTCAAGCAAGGTAGATCTACTAAAGAACGTCGATAAGGAGTTGTCTTCTCTCGGCCGTTTCCGTGTCCGGTCCCGGCTACGGAGCGGTCAAGTTAGCGTCTAGAATGGCATCTGAAGGTGGTCTGACTTGCGCTCAAGTCGCCGAGCCCGGGCTCGTCAGTTCCCCCAGCTGTGCACCTACAATTACATCCTTGCGGTTCGTGCATGCGTCTGAATTTTATCTTGTAATATTAACTTCCTAGTTGACCCGGGTATACTATGTGCGCTGAGTTTGGCGGCAGGAAGACGATTACTCGCGCCACGGATGCCTGACTGGACTGAGGTATGGGTTACACCCTTGTGTATGTATCGGGACGCTGGAAAACTGTTTGTAGTCGCGTCTCGCTATCAGACACAATAAACGAAGCCAAAGCCAACGGTCGCCGAGGCTTCGCACACTCTCTCCGTGACAAGGCTTCTTGCGGCGGTCCGTTTCACTGGGGAGTGAGTTATAGGGCACCTTACTAATGTTAGTCAATCAAGCATTGGGACCTTAGAATGTGTCGTTGTTAACGACCTTGGTAGCATCCATACGTTCCCGCAGTTTGGTTCACGGGTTCAACAGGTATGGGCCGTGCATATGTCCAATTGGGTAAGCTAAGCTCTTCCATCGTGAGAGACCTTAAGATAGACTCAGCGTATTCCCAGGATTGGTATGGGACTCTAATCGTTTCTTACCTGGGTAATGTAATGGGCAAATTCTATTTGGAATCCCGGCTATTGCTATTCCTCCTCGATGAGTTTGCGAGCTGTCGACGACGACTCTCCACGGGAGTTAATAAAATGCACACAAGCGTAGAGTGCCGGCCGCCTACTTGCTCCGTGTATACTTAGGAACACCGGTATTAGCTGTGAGAGATTGCGAGATCGTGTTGTCGCCTCGTTGATAATAGCCTGGAATCAGTTATCACTGGATTCATTCTGTATCGGCCGGACCTGAGGGCACCATGACTCAGTGTACTACCTTCTCTTAATCTATGACTTCCTTGTCTAATTTCGGAATCCTTGAACATGCTCTGAGGTGCCGATAGGGGTAACGTTATCCAGATAAGGCGGAGAACCGCTTGGTTTGTGGCGATGGAATGTATATTTATTAGGGGTCTTGCACGGCCCAGCGCCTAAGATCCCTGCCTACTCACTAAACCTTACGAGGACTCACGAGTCACTATACCCGTCAGTATCGTGAGCAAGGCGAGCCCATCCCGCGCTGCGTAACAATTTCCGGGGCTCTCCTTAGAGGGACCTCTACGCATTTAATAGATATTGCAGATCGGCGTCATGCACCACCAAAATAGAGTACGTGCATACGCGAGAGGTGTATCTTGTCTCAGCAGCACAACCTAGTGTGGAGCTCTCGGTGAGTAAGAAGTCCCACTGCCAATCTGACTCGGCACTCATACTCCGGAGTGGTACCGGAGGTAAGGGCTATTTTTTTGTGTGAAGGTAGCATCACTCAAAGCGTCTTGCT,1865,50.46,Caenorhabditis elegans
SEQ_699077,GACTAGCAGTGAAGTAAGTGTCAACCTGTGGACCCAGCGCAGCCCGCCACGGTAATCATTATCTCCGTGGTTCCCGACGAGGTGACCTAGTGCCTTGAGAGAGATCTCGCGTTCGGTCGTGCGAGTCTATCCACTCATGTCACGCCACTGAGTACGCCGTTATTTCACTTTGCAAGGCGAGCGTGCGCGGCTTTATTTCACCATCTCCGGCCCTAGCGTCAACGACCACATCATCGGTAACTATATTCCCTTTACACCTGTAAATAGTGACTCGGACCGCGCTTAAACCCGCACGAGAAGTACAGTGTAGGCCCATGGGCGAAGAACATAGTGGGCCGTTTACATCCCGGCGAAGAATGAGTGACGGATTTGGCCCATTGTAGCAGATGGCGTGCTCGTTCTGGTACGAAAAGTCCGTGCCATAGTGTCTAAGGCTTCGCGTATAACAAAACAGTGTGGGGATCTAAAAAATTCGATTCGGTTATTCTGACCTAAACCTGAAGAGAATGAAGACCCTGGATCGATTTAAGACAGAGGACTTTATACTTTGTTCCGATTCGGGATACCAAATTCTATTCAACAAGCCATTGGGGTGTGTAACGAATCAGTGTCAGGGTACAACTGGGTTGTGCGGTGCGTCATCCGCTGCTCTAGCGCCAGTGTTGGAAAGTAAAACCGCTGCGTTAAGACAGGTCAAACCTTATCAAGTTCCTGCCCTCGTAGGATCGCGGGAATTCGTCGAACGAATTCTTCAATCTGAAATCAAGCGCACAAGGATTGCCACAGCGCCTACGATTAGACGTGGGCCTAGCCCGGCGTCTCTGGGCTTAGATATGTTCGGTTTTTGATAACGAAGTTGGCGTATAAGTTAACCCTCGCCCGTATGGATCTTGGGAGCTTCTAGCCAAACCGCCACGGGGATGACCATACCATAGTGACCATCGCACCTCAATGAGCATTAGCCGCTGGCAAAATCGTCGGAGAGGCGGCTTTCCGTCCCTTTGGACAAACCAGCGGTAATCGCCGCTCGAGGGTTGTATACTCTTTCATTGGCTTGAATATGCGAGCTCGCCACCATGAGGTGATCTAAGTGCCGTGAAGTTGGATAGTGCAGATCTTACGG,1123,50.93,Arabidopsis thaliana
SEQ_924056,TTCTCAATACAGAGCCACAGTCAAGGCATACCTAGAACTGGAGCTGTTGCTTGCGCAGAGTCCCAGCCAGTATCTTCATGGTGTGGGAGGAATGATCTCGAGCGTTCACTGCTATCCTCCAGCTGGGTATGCAGACACTCCACAATTCCTTGTCTACAGCCGGGGGAAACTCTACCTTTATTCGTGTTTGGGGCCCCGTATCGATACCAGAGGTTATAGGTAGTGAATCCTGGTGAGAGAAAAAACAGCTCACCTAAAGTCAGGCCGTTACGACGCGATGATCAACAGTCACTTTGGGTGCTTCAAGTTGGTATGTTCAGGTCGTCGAAAATATAGTGGGTCCTGGGACGTTGATCATATTAGGCTAGTTGACCTGTTATCCATATTGCCGAGCTAGTGCCTCCAAACAAAAAATCACTTTTAAACGGGTGTGGTGTTTCATGGGCGACGTAAACCCGACTCGACCCGAGGAGATACGGCCATCCCATCGGACCCTGACCGGTATAATGAAAGCGTAAGCCGAATCACGCTCGCTCGGCTAGTGTCACGCTGCGAAACTTGGCAGGTCTTTGGACTCAGTGTGACAGTACCTAAATACCCCGATCCCACCGAGCTTTGCATCGATATTGCGTCTCCGACAGAAATACGATGGGTGTATATCCAGCACGGGCGTAATGCCCCCTCTTCTTTCCTGAGGAAACCCACTTTAACGCAGGGCAATGTGGAGCTTGTGCTGCTACCACATGGGGGAAGTCCTGTGAGGCTAAGCGCCCGACATCCAGTTTAACATCCTGGCGCTTGAAGACAAGTCATACAACTTATAGTCCTGATCGAAAGACAGGATACCCCCAAGAACCGAGAACCAGTAATGGAACTTAGTTGATAGCCAACCTGTTTAGGAGCAGAAACCGTCCTCGCGTTTTCGTTGTCGGTTCTGGCTAGTCTCCTTTGCTCCAAACTCGGAAAGTTAATGCCTATCCTTATCCGTGTAGTACGAAAGAAGCAGGGAAGAGCCATTTTCGGTATGGTAGGTGGCAAGACCTGTAAACGAGGCCATCGTAGCCTGAAATTCTTTTATTATAACAGATAACTATATGCAAAGTCTTAGCGCGTTGACCACGCCACTAAATAGTAAAATAAATAGTACTGGCGAATATTATTACGTAGATTCTGGCGCCTAGGGTAAGGACGCGGTAGCTTCCAGAACTTAGTCAGACATGCGAAGCTAAGAGTGCGGTGGCGTGGCTCCTTGACACCGTATCGGCTTTCTGGGAGCGGCGATAGATAACGAGATGTAACATTGAGTTGGAAATCCCAGAGTAACTTCGCCGGCGTCAACATACATTTTGAGCGGGATATGCGAGGGCGCTCTCGGGTATGCTATAATAATTCTAAAAAGGTGGTGATGTGGTCGATACAGCCCCGCCAAGCCCAGCTTTCTGGGGATTGGTCAGCAACCGCACGCACGCCATAGCGATATCCTGAGGAGGGTCGGATTTCCCGGCGAACTCACTCGTCCCGACACGGGGTTAGTATAGGGAACTCTTAGGTGAGGCACATCCCCATTGGTACCGGCAAGTCATCAAGTCGGAGGGTATGGCCTCAATGACTGCTCCCGGAGCCTGCTTTTGTTTACTAGCCTGCGCGCTGAACCCACGTAGACTAGAGCAGGAAAGACGATGTAAACAGCTTAACAATTATACTAACGAGTGAGAGAATACCCCCATGCCATGGCGGCTAATGAACGTCACTGGAGATTCTCAGCATGTCTTTCAAAGGATTTGTGCGATGATCGTCCGACCATGAGCTCTCCCATCATTGGCACAGCTGAAGCACGGGGTGCATGCCCGCATAAAGCGGGGAAGCACACCTCGGCTACGGCCCTGGAGCAGGGCTCAAGGATGA,1905,50.45,Mus musculus
SEQ_972536,CAATCCACCAGATGCCGTGGTCAAGAAGTAACACCAAGGGTCACAGGCGAGCATTATTAGTGTCTGATTAATGAGTCTGCCCTGCCCTTCGACCCCTATGAAGCAGGCGGATCAACGAGGGTAGGTCTCCCGTGACGACTCGACCATATGGACCCTTCTGTATCACCCATGTGTGGAGAGTAACTTTAAGTTGTCGCAATAACGCGTCCCGTCTACCTCACCGATAACCCTTGTTAGGATCTTGATGTTCTTGTACTCGTGGATCGTCACTCACAAGCTCACAACCGGAGCGGTTATGACGGTTTAGCCTAAAACTAAGCTTCTTCGCAAACTTTCTATCAGACTCTTCACAGCTACTCTAAAATTGAATCTATAGCCGGTCCATAGAACGTACGGCCGTCCCTCGAATCGACTATATGAGAAGGAGCGGGGTGCGTACCGGCGTTGTTACACCTTTCACGGACGCTACTAAGTACTTCGTCGCCGATTCGCCCTCTTCGATTGTAACAAGACTTACGCTGACGTTTTACCATTGCCATACATCAAGGCGTAAGCTGTAGCTTTTGCCCTCCGGGGTTTTTTTCTTGTCTCGCACAGCACGAATTCTACCTGGGTGGCTCGTTCAGGACGGTCGAGGAATCAACCAGCGGGTGGGGCTCAATTCCACAGTGCCTACTCAACAACAATTATGCGACCTCGTTCGTATTTTGATGGCGAAACCAAAAAGCTGATTCACTAGTTAGCGCAAGCAAAGCGAATAATCCTTCGCAGTGGGTCGTCAGTACACAGTCCCCACATCGTGCGCTTGGTCGATCATGACATTATTGTCCACCTAGGACGCGATAGAATGTGAACGAAGGCTCTAGTGATGGAGCCCCCAACGGAAAATTCCCTGACATGCCATCGATACGAATCTCGGGCCAGTCTATTAGTGCTTACTCGGGATATGTCCTAGCATAGGGATCACGTGGCAATATGTATGTCAGTGATAGAATTTCAGAGGATTGACGGAACAATGGCCCCTATGTGAAGAAACTCGACGGCACTTGAGTCCGACGCCAGCGGCTAACACGCCATTGACACAGCGTGTTCGTAGAGTCACTCTAATTAGGCATGCGTGGCGTTTCGGACCAGCCGGGAAGATTTTGTAAACCGCGTATAACTGCGCTCAGAATAGTTTGATAAGGCGTCGTGTAGGGCTACGCTCGGTGTCATGATCGCCCAAGCTCAAAAAGCACCGCTCAAGGCTGCACGCGACCCTGTCCCACGAAGGACTTTCAAAGGCGCCTACCAAGATTTGGTTTAAAAAGACCGATTAATCAGATCAGGTTCAAACGTGGCCTAATCAATGAGTTCAACAAGAATGCATACTTACGAGAACAACTTAGTAGCGGCAGGGGATTGCTAAGATCTCGATAGTTTGCCGTTCGCTGCAAACCCTCACTCACTACCGTACAATGACTCTATCCCAGGAGCTTTACGCCACGGAGAGTCGCGAAATCCCAGAGTCTAAACCAATGATTCCGACAAGGGACATATAAGTTGAGTTGATCCAATATAGACATCTTGTTTTTCGCCTCGACCGTGTTATCTCTTACTTGGCGTAATAATTCCACATCTGAAGCTTCAGTCCCATCCCACAGATCAAGCACGATAATAAGTATCTAAGCTGTTTGGCAACCGACGCTGCAACTGGAAAGAAGGTAAATAAGAGGATGTACATGACCCCATAACAGACGTACGCGAAGTTTCCCTGTGCGGACAAAGTGCAAATTTGTGCACTTACTTCTTTCATGTTTTAGCTTATGGGCCTAATTGCCTGTTACTTCGAAACTATCCTTATTACCCAACAGATTTAGACCACCTATTTAGAATGATACTGTTGGTTCCCTTCATCAAAAGGTCGCGCTCAGACTCCCTACGTATTCGGTCAAGTGCCTTGCGC,1945,48.17,Drosophila melanogaster
SEQ_162491,TAGCCGTATTCGAACTACTAATCTTTATGACAGGTAACACCGGACAGTCCACACAACTTATTAACATCCCCGAGTGTCCACTCCAACTGTGACAACGGATTGAATATGTCTGCAGTTTTTGCATCCTTTCACACATGTTCCCGATGACAGAGTGATGACGAACGGACAAGATAGGGGTGCATAAATCTCCAGTGAGCTTGCGACTGAGTATTGGTGGCCCGAATGAACGACTACAAGCTTATATAGACTAAACAACTAGAAGAGGGAGCCAGGGCTAGCTAAGTGTTGCGGCCCATGGAGGAACTGGACATGTTGAATATCTATTGGGGACCGACCTAGTTTGAGTGCACGGGTCGCGAGTTCAGCTACGAGGGAATTGGGTTACCGCTATTACATGTGGTTTCTCCTCGAATGAATGAACGAGCTTCGATCGTCGCCGATCAATCATACCATCTGGCAAGTAGAATTTGTGCCGCCGGCCAAACAGCCAACCAGCAGAGAGCAGCGTCCCCGCATCTTTCATCAGAACTAACAGGTGTCTGGTAGCATACATTCAAGACGTCTCCTGAGTGAGCCTATTGCAGCGCTCCTACTATGTCCCTACGTGAAAAAGAGTGCCCTTTTATTGGCAAGATGACAGGTCCATCAAGTTTACGGGCGTCATCCAAGGAGCACAGTATTCACTTAATAGGTCTTCCGGGCCACAGAGTGATATGCATATGGCGCTGGTCGTCTTCCCTTAACAGTGGAAACTGCTTAGAAGGTTTGCATACATAACTGGCATTCCATATCTAGCTGACATCCGATTTGCTCTGAGCAGCTCGGGTCGGCCTCTATGTGTGCCGCTGCCATAACATTTCATCGTGTTGTCACGTGTTATGAGGCACTCGCTGACTCAAGCGCCGGCCAACCAAAACATCCATCGGTTGCAGTGGGAGTAGCTCCCTATTTGAGCCACCCTGTGTATAAAAGTGTTTCTTAGCCCAGAATTATATGTGTGGCAACTTAAGGTCCTCCCCCACTTGATAGTCGCATTAATTGTCTCCGTAGCTTGGCATCTATCTGAGCGAATTGCTCAAGATATTTTTTGATGTTAGGTACGGCCTGTTTAATCCGTACGGAGGACTCCGAGGAGAAGCGTCCACATTACCGGCGGTAGTAACGGCCCCGAAGTGCATAATCCCTGGGCCCTGGGATGTGACATCGAAGTTACGAAATGGGCTAGCGCGGTCAGTTCAATACCCAAACAAAAGTGTACGTATGACTTCGATTCGATCTGAGATATTTGTAATCCGGTACTCAAGGGATAAGCCGGCTCAGTCATCAGGCACTAAATCAGAGTAGGAAGCCCTTGCACACCAGCCAGAACCTGCAGCATCCCTCCTGGCGCGCAGTAGATCGCAGTATGCTCAAGCGAGCAAACGTTCTGGTGTCAGGTTATAGTAGTTCAGGTATTAACGAACAAGCCCACATCTTGCACTGGTTGCCTGCGCACTGACTGGACGAGTCACTGGGTGACGGCACACTGCAATCACACTGTCCGACTTTTAGGCTATTAACCCCGCGACTCATAGCTGCGATTTTGGGGCATTGGACATAGAACTAAGTGCCGGAGCTTCATACTGATATCCAGCCAAACGACAGGTTAACCTGGTGGGGGTTGCTCGACACTGCAAACACACTAGTGCACCTGCCTAGGGGCACCACTTCCTTCACCATATTGAGGTTAAACATCCACACCGCATCATTAAAGTCC,1756,49.32,Drosophila melanogaster
SEQ_157917,GCGAACGCCCTTTCTGTATCTAAGCCCCACGGAGCAAAGGCGGACGACATGGAGAAAAGTCTTGGGGCCCAGGGCGTTAAAAAGCTTGGGCCTAATTCGACAATCTATATCGCAAGCGGGGACTTGACTCGGAACGGGCACGGAATCAGTCGTTCAAATGGTCCACCGGGATGCAGTTAGTTGTGGCTCGCAGGCTATGGAGTCGCTATCTGGGGCACCTGTGACTCGGCGCTAAAACAGGAATCCGCCAACAGGGACCAGGTTGGTGCATAATAGTGGTTCATATTCGAAATTCGCATACTTATTGCCACAACATTCCCGTTAGGTCACCGGCCTCTAACATATTGAGTACTGTCGATTCTTTTCCCAGTCCAATCAAATAATTGAGGGCCCATACCTCTTGCTGTTCTATCAGGGAGTAACCATGGGTCTTTATACCACATTGCAGGTTACAGACACTCGACAACGCGCAGCGGAAGAGGCCGTTATTTAAGCGGCTAGCTGATCTCGTCATCTGTAGCTCAATTTCAAACTTAACCACCCTATGTTTGTTACAGCATTTATCAGCGATGTACGGGACGCGTCTAAAGATCTAATGTCTGTCGGACATCTAATTGGGACGCGGCCGCAGTAGGCTTCAGACCTCGATCGAGTCGAGTTTTACAATCAACAGCCTTTGAGGGACAAAACTAGACCACGAATGTGTGGCTCAGACGTGGAGAGGGCGCCTGCCCACGTGAGTCTAATACGGCCGCATCTAAAATTGTGAAGGGGTTGAATAGAATGAATCTGTGAGAATAGTATAATTCACAGGTATCGCGTCTCCATCACTTCTGGGTCTAAAATGCAATAGTCAATCTTCCCTTAAATAACGTTCTACGGCGACTATTCGAAGATCGGCTCCTGGCCGCATACGAATGGCGGGGGCCATTTCCGTTTGACGTCCCAAACAAGACTAGGCCCGAGCTGACGGCGTGTATCATAAATTTATTACGTAAAGAGGAGCATACTTCATGGCCTCTTCGCGGTGTCGAACAGGTTAAGCATCCTATCGTGACCAAACCACTTATATGTAGCCTGTCGGAGCATGAGCGAGCTCACTTGTCCACTGAGAATTCCTTTGTATGGAAATTCATAGATCACATCCATAGCGTACTGAAGCTTTTGAGTAGTTACTAGCTTGTTCCATATGGGCGAGTGTGCCAAATGCTCCTCCCCTATCATTACAACCACTGGGAAGATCCATGGTGAAACTTTAGCATCACGTGGCTCGCACAATCCCGGATTTTAAGAATGCGCGACTGCTTCGTGGAAGAAGGGATGGTAGAGCTTACCCTTGCCCACCACCCTCCGGGCGGGCAGATGGACACTACCAGTAACTTATGCCGCGACCATCAAGGGCTTTGCACGCACAGTGTTGCTCTTGAGAGTCGCACTGCGTACAGGTGAGTCTCATTGGGCATCTTGTAACAATACGCACCAGCCGATGCTTTTGGTGTGATGGCCAAGGGTATAGCTCGCCTCCGTTTACATGCGAATCTATCCGGGCTGCGAGAGCGCCCTGAGGCAGTATTGTAGCCAGCTGACGCGTTTCCAAGCCCGTGGTAGCTCGAGGCATCCCACTTCGATATTAGCCTAGAAACTACCGACTGTGTTAGGCTAGGTCTTAACCCGTCGCCCAA,1682,50.06,Caenorhabditis elegans
SEQ_329952,GAGCCTTAGTGACCTCTCGGCTCACAGGTACGCTGGTAACGAGAGTCACTGTCGCCTCTAAAAAGGTCCTGTGACCGGGTGACAATTCTGACAAAACACTAAGCGGAGTTTCTGCCAGGCGCTATCCGCCAGGTACAGTTTTGTGATGTAAGAGCGCTAAAGCGAACTTATGGTGGACATAAGTGTCAGCCAGAACGAATCCGGTGGTTAGACGAGATACTCACCATTGACATTCGTAGTATCCAGGGCACTTTATGGAGCACCAGACATATAACGGCTTTCTACACCCTATTGCCATTTTTTTTAGGAGGCAATTGCAATAGTGTTCACGCAGGTGTTTCAGAGGGCAGTCTCGACGCCGCTGTAGCTCATCAACTTAAGAGACTCCGCTTTATAGCATGAATCCTAGGTGACCTCATGGTGAACGCACGATATGCGGTCAAGTATGCTAAGCCGTATCCTGGTACTTCACAAAAGACAATCTCCCCGGCAAGACTGGAGGGGATATGAAGCCCGCCCAGGTATTGAGGGTTAGAACAGGCTCCCATTGGGCAGCTTCGCGTGAGAAGTCTTGAAGTGTAAGTGCTTGATCCGGCTTTGTTAATTTGCGGACACGGGCACTGGGGTCCTCGTTGCCGGGTATTTCGGAACGCTCGAAGCCCCTGGTTGTTGGGGGTCCCCTTACTTTACTCTACATTAATATGTAAGACTCTGCCGCAACGTCGCAGAAGTTAGACGTTCACTACGCCAGTAAGATTTCACGACACCTTGCCATGCCTTCCATGCATAAGCGTGATACAATCAAACGATACTGGGTCCAAAGAGACGGTAGAGGCATGGCGTAGTCGAGAGGTCGTGAGTTAAGTGCCGGTTAGAAGCCATATCCCAGGCAAACCATTCCCCTGAGACACAACCTCGCCGGTGGCCCATATTAACCCAATCTCCGCCAAAATCTCGACCAATCTATTTTGTCGGGAGTGGTTAACTGAACATAAGGGGAGTGTGGAACCACATACAACCGTGATGTCGCGACCGTCTCGCGAATCCTGTATATATTGAATCTTAGAAGTGACTCACAGAAGATTATTCTGCTTTCTTCAGATCCGTGGGGTGGTGTCCGGCGTGAGCCGTTGCCTGTCTCTACCCCGGGCACGCGAGTGTCGTGCGATCCTAGTCAGCATACCCAAGACGCTAAAATGGAGCAGTCGGTAAGCACATATAGTGTCAATATGTAAAAAGGTAAGCTTTGATCGGAGACAACTTTGTAATATGGCGTGATTCTCAGAAACGTGGCATGTAATGAAGCCTAGACGCTCTAAC,1320,49.62,Homo sapiens
SEQ_435800,ACCGCACTAAACCAAGGGCTAGGTCCCCCTAAGTATCTGACGTAACGTTGCTTTGCATTAAGTAGATTACCTGACCACTCATGCCCGGGGTGAAGCGAGCAAGGGAAGGCCGCGGTTAGTTGCAAGCGCCATTTGAATCAACGTTCCGAGTTTCGTTTCAGGGGCGTCTTTACCTTAAAAAATAACCATGTCAAGCGTAAGTAACGATAAAGAGTACACGGGGACGGGCTTTTACCCGCATAGTTGACAGGTTGTCCCTGGGATCATAGATGGAAAGGAAAGCCCGCTAGCGGAAGTAAGAGCGGTTGCTAAAGTAGCTCCGAGTCTGACCGACTGTACTTCCACTCGAACACTTGAGTCAGGGACTTTCACCGACACTCTAAGTGTCATAAAACTATGCGATGGTTGTCGAGTGGAGTTTGGGCCGGTTACCTGGATGGATTTTACATAACGCTACTTGAAGCTAACACCGCCACGATGCACTCAACTTTATGAACTGTCTCCGGATATACATTCGGGCGCGCATCATCTGCGGTCGATAACCCAGAGTCCTAAATTGATAGTTTCCCCGATAGGGGAAATATGTGTCAATGGAAGGCGAAGGCTAAGGAGCGACGAGTCGGTGAGCCTTTACCTTTAACCAAAATAGTTCCGGGGTGAACCGACGAGATAATTATTCCCTAGGGGTGGGTCTCATGCATCTAGTGCATTTTCAGGCAAAAAGGGCAGAACAACATCTACATCTGTACAAGGAGCGCCGCCTGCACCCGCCTGGTCCACCTATACGACGTAGAGCTCTGAAATTAAGGCGAACCGACAGCAATCCTACCCCGTTTCCGAGATACAAGCAGGACAGAGTGCCCATCAGGGGATGAATGCCTCAATTTTTTCAGACTCTCTTGTCTTGTCTTGTCTTGATCATGTAACGAGGTATCCGTATTGCCATCGATGAGAGAGCGGTAGAGGGAATAGAGGATGACCAACGCGATTGTCCCGACCAAGCTGTAGGCTCATCGCTATCACACTGGAATCAGCGTAAATGCAACAA,1048,49.24,Saccharomyces cerevisiae
SEQ_115999,GCACTCCTCCTCGAAGACAATCTCTTCTGGAGGGATACCGGGTCAATAGATAAGAGTCCCCTTTCAGAACCGAGAACCTCAGCCGGGAGACAGAATAACGTTAAATCCGCAGTTGTTAAGCTTGAACCTCGAGCTAGGAATTCCAGCTGGCAGACCCGCTATTTGGCGCCAATATAAAATGAGCGCAGCCAAAAAGGCCGGTCAAGCACCATTTCGACGCAGACGAGGGAACTGAGTAACGGTGCTTATGTCCTTTGTGGCGCTGCCGACGTTATAAGGACGCGGCGTGCTTAGTAGGATTTAATCTCAAGATAATAACTACCGACGAGCCGCGAAGAATCGCCACTGACCGGCGCGTAGATTTCAGTGTGCGGTGAACAGGGACACTGTAGCAACGGGGCAACGTCTCCGAAAGCTTATCTCGTTAGATATATATACCTATTAGCTCGTAGTACAAGACTGGGATGTTAGTGCTGCTATGAGCCTGGGCGGGCAGTCAAACAAAACGCAGCAGTGTCATGCGAATGTAATTCTGGCCAGCATTCCCTAACGAGACTTGGCGCTTACGAGTACACGTTCGGAAGCCTTCTGTCGCCGGACAACCTCGGCACTACGGCACAGAGGTACACTCATGGGTTACGTCCTCAGGTTACCGGCGGTCGTCCTTGATCGTCATCCACACGTTAATGGGTGCTTGTGCATTCCAGTTAACGGCCGTACCGTTGAGTGATGGTCTTCTATAAAATACCTGCCAGGGTTAACTTTGTTGACTCTAACTTTGGCGCATCATATGATCTGGTTATGCCTAACGATTAATCGAGATGGCGTAGACTTCACACAGTTAGCGAGCCGTACTTGCATTCGCCATTGACTGCGCGGCTGCCCGACCGATTACACACGATTAAAACGAAACACGGTCTAAACACGCGATACAACGTTCCGTAACCTTAGGCCGAAAGTATCGCAATTTCCAGTCTATGACGGTGTATGGCCACCTACCCGCTCGCCCTGACCCGGGTATGGAATTAACCGCAACTGAGCACTTATTCGACTCAAGGTTAGGGCGGGGTTAAAGCTGAGCCCAGGATCGGCAAATGGCGTACGTGAAGCTGACGTACTAACCTGCGAGAGTCTGCGAGATTGTATCATAATGGTTAATTATTAATCATGACATAGATCAGTGCATCCTCCGGCAATGGGTTGGGATACACTGCGGAACGGCATGTTACCACATAGCGGCCGGACCTAGGGAAGCAGCAGTTACACATAACAGTTTTAACTCTGATTTCGCGCGCCAAACCTTGGAACCACTTAACCACGGGGGCAGGCGCAAATTCTGGAAAGATAGGGATATAAGTTGTTATAGGCGCGCGTTATGCTCAGGGTGATAGCTACACGTCAAACATCGGTTGCGTGATTGTAAATAGGTACGGCTCTCATAAGGTTGAGACGACCCGGCACCCGATTCTAAGTATCGAACCAGTGCCCCATCGTCTAAGCCTCTCCACATACTTTGGGTAATGCGTACAGGTCGGAGCTTCCTGTTCAGCGCGTTGCGCAGACCAGACCCGGTAATCGAGAATGCTGCCATCTCTGGTGGGACTCCCACTGTACTAGGGAATAAAGTCTCACCAACTGCTGCACGAAGTGGGAAACGTAGGCCTGCCAATTGGCTAGATCCACGAGTGCACTTCAAAGTG,1700,50.76,Escherichia coli
SEQ_768305,CTGGCTAGACTTAAGGCTTGTGATACCGCAAACTAGGAGAGGACCCCTAGCAAAGACGGTCCATTTCTGTTTTCGTTGACGCGCCGTGCAGTTCGTTGGGTTCTAGCACGGTCGACGAACCCGCTAAGCGGGTTGATTCGGGCCATTACTTTCCGTACACATCGTTTGAGTGAAGTACCATAGAGACTCAACCCCGACTGTCGGCCAGCTTAATCGGGGAACAGCGTGCGCGCGTCTTCGATCTACGCCCGCACCGTAAATGATAATAATGCCCGAATAGCCCAACACTTCGGTTATATGTAGCAGTGCTTCCAAGTGTCATACACTTGCTTGCTCGTACAAGGGTCATATGGGGATTTGTTCGCGGTTAATCCCTCGGCTACCTAGCACTCGTAGCTCGTAAGGTTCAAAGCCCTTGGGGGTTAAGTCGGGCCTAAGCTACCCGCTGGGCAATGGTTTCGGGATGCGATTTCCGGGG,478,53.14,Escherichia coli
SEQ_141245,AAGGGACGGAATTCTCATCCGTATAGGCATGTACCTTCCTGTGTCGTCTGAGAAACGATCTAAATCCATCGGAGTCGTATGCCTATCCGGGCCATGGTTAGAGCGACATGGAACGTTGATTCCTACCAATGGGTATAAAAAGGATCTGGGAGCCTAGCGCAACTGCCTGATAGGCGAAAAGTCTGACATCTAACTGTTAAGCTGGCACAGCTACCCCCTCCTTAAACAGTTATGCAGCGGTGTCATCAAAGAAGGTACATCGTATGTTCCTCGGCACTTATCGAAAAGCTGAACTCTCTGACAATTAAGACTGGAACGTCTGTTTTTGACGAGATTTGACACCTAGTGACTAGTGGCACTTAGCTATGGGTACTGTCGCATGGAACACACATGCTCCTCACTCCATGTGTGAACCGGGTTGTCCATCGATACTTACCAGTGAGGAGACCCTTGTTGTTGGGCAGTAGCGTCACGTACACCCTGCAAGCCGTCCAGAGCGGGGCAAGTTTCCGTGAGCAATCACCTGTTCGGACCTGGGCCATATAGTCACTATCGACTAACAGGCGATGGCTCGATCTAGTTTCTAGTATAAGCGAAATTATGAAAGCAGTGACGAACGTCTGACGCTTTCAAGCCGCTATGTGTGGTTCGTTAAACACGAGCAATATTCCCGCACGTAGTATGACGTGGTTTCGACATCCCAGCCAGCCATTCCTTTGCAGGACCTTTACAGGTACCCAGCGGGAATGATGGGAATGGTTTCGGTGGGATCAGTGTCGCCTTTCTACGGCGCAACTGAGTAGCGACACGATGTTTCAATGAACACCTGTCTTGGCGAGGTCAGGTCCCCGTTCCGTAGCTGTACGGATTTGCGTCCCTCAGGGACAGATCACGTTTGCGGTAGTTAAGGCGGGGCCGTGCGGCTGAAGGGGCGTTCCCTCCTGTTTACTAAGCAAGTCTGCCACAATAGTATCTAAGATACTCACTATTGCCCACCCAGCTGCGCCAAGGGCGGAGGCTTATGCGCCCGGGTGTACCATATTAGGAGGAGTTCTCCATTTACGCCACTTCGAACCCTGCACTCCGGGGTCAACATCAAGGCACGATAACAAAACGGGAGTCTTGACTCTTTGACTACGGCATCTGCGAGCTTGTCATGACAAATTACGCTGAGACAAGGGGTTGTATTACTACGGCGGATGGATCGGAAGTCGAATGGATGCTAAGTAGGGGTCCAGGCGTCACCCACAAGCGCCTGTAAGGACCTGTTTTCCTAAGATCGTGAAGCTAATCAAGAAATTACTGGTGTATTGGCTCCAAACCGATCCTCACAGCAACTTTTGGTGCGCATTCACCTGATCATAGACCAACCCCTACGCAAGTGTTGACTAACGATAGACAAAGGAGGCTCGAGAGAGTTAACGCGCGTACAGACAGGAATATCACCCCCTCGCTCCGGTTCCGTACGCTATCAGAACATCCATCAACAACAACTGCAAGGTACAAGACCGGGGCCCACGCCCTCGCTTCGTCCGTGACGCCAAGTTTTCATGATCGCCATGGCCTCGCGAGCCATAGAAATCCCTCAGTAATGGGACAACTCCGTCCAGATGGCATATCATCGCGTTTAGTTGCCAGAATTAGAGCCCATCTTGTCACCATCCCTCGCGTATTACCATTTTAACTTCGAAGTGGTGATCAGTCTGATTGTAGTATGCGACCGTCAGGGTACTTCTTCCTGACTCATGCGACAAACTTCTCCCCCGATATTGAGGTACTCGGTAGCCACAATTGCCTATTTCCAGACTCAGGTGTGTGATCTCCACCTGGCGGGCGCGTCGTCGTGTAGCCTTTGTGATTGGCATAAAGCAGACCGGT,1878,51.01,Caenorhabditis elegans
SEQ_465094,TACGCTCCGCTGATATACATCAGTTCAGGTATAACAGCACCGGGGGTTTGGTGAGGTAGCAGAGTAGGAATAAAACATTCTCATTAGTCCTCGTACCTCGCTTCAATTAGTATATGGCAGTGTGGGTATCTTGGGAGCACTTGATGCATCGCCCTGCTAAACTTCTGTCTCCTTTGTCACGCGTTTGTGCCGCGGGGTAGGAACAAGGGGTGGGTAACTGATATCTTGGCGTGTTGTTATGCTCCCCATGCCAACATCGACTTCCAGTCGTGCCCCGATCTGGGGAAATTAGCATCTTACGTCAGAGTCGAGACTTCCGACGTGGCTGGTTGCTACTTTTTATACAGTCACGAGTCTTCGGTTCGACTTTTCTGTTCCGCGGCCTACTTCTACCAAGTCTCTAACGCGATTACCATAGTTATTCTCCTGCAAACGAGGATGGCCGGAGCTGGTCACTAGGGTGTATCAGGAGTTAGCCAGATCAGTAAGCGGACTACCTCGCGCCTACCTTGTATGGCATGCTACTCTGAACAGTGTTAATTATAACTCACCAACAAAACTGGCATAGAACGACGTCAATTCGGGCGACATTTGACACAGTAAGCACGTAGGGTCGCGTATGGTCTGTTATAGATGCATATCTGTTGCTGGACTTGTCTCTCGAAGACGGCACCGACGGCCTGGTACCGGTCTAGTGTCAAGTTCGATCACCTCCCGTAGCTCTTCGTGAAAGGGGCCATGAGATGTTAAGGCAAGCGGCGACTTCAGTATGGTCTATTGGTCAATTTCAAACGAAATGACCCGGAGCATATTACATAATAGATCGCCGTATCTTATTCAATTTTTAGCCTCGGTTCGCCAACTTCTTGGACCTCACACGCCGGACGATATGCTCCTGACCGGGGTCTACGAGCCTAGGTGTCTACAATCGAAGCATACAGACAGCTACTCGGGTCTTAATAATGTTCTGGGCCACTTCTAAGAGAAATAAGGAGGTAGCCTTTTATCTACACGCGCGCAACGCGGCGGGTGACGCCCTGTCCTGCATTTCTAGCTAGGGCAACTGGGCGACTATATGCTTCTCTAGGTTGGCAAGGAGCATGCCGGCACCTCCCCACTCCTACAAACTCAGAAGCTCTCCACACGTGTGTACCGCTGCGTGAACTTTCTACCATCGTATAGAGCCCAGTCTAAAACTGTAAGCAGAGCAAGGACTGGCAGTCCATGTACCGTTCTAATAGTGGCCATCCGACCGCTTAATAAAACTAACTCAACGCTTGCATACACACTATAGAGGACAAACGGAGTCGTTGCCCTTACGACAAATGGCCTTTCTCCATTAGGCGATGCGGTTCTCCGTGAGTATACTTTACAAGTTGAAGCAGATGGGCCCATAGGTGGCAGCACCGACCTAGTCACGGTTTATTGTGGCCAAAACAGCATCTGCCCTTTGCCGTATGAGGAAGTGCGGCTTAGGTCCCTATAACCCACGCGGAAAGCGAGGTGGTCACCGATGGTGTAATGCTGTCGACATAATGGCTTTACACCAAACTGGATTATCTTGGCAGGGGGTACTTTGAATCGTATATGCTTGAGCAGGTAGTCAGTACTCCATTTGTTAATCTCGGTAATCGGCAACTGATGGGTCCTCTATAGAGCTTACCGCAAACAGCGAGGTTGCGGGATTCGGCAAATCGAGTACCCTGGTGGTACAGCAATTTTTTCATCACACTGACTCAACCTCAAACCCGAGTGTGTCGGTAGCCCCATTCCCTGGGCATCCTAGTGTCACGAGCTATACATGTCCGCT,1810,49.89,Arabidopsis thaliana
SEQ_187098,TACTTGACCTAAGGTAATGGGCTACTAGGCATCGGCGTCACGCCGTATATCGGGGATACCTAGCCCTATCCTGGAGCTACCGTCTGCAGTGCCTGTATAGGCGGTCCAACGGGGTAAAAGTTACAAGATATATGTGTATTTCCCCCGAAGCGGTGTATAGATTTGGGCGCCAAGGCTAATTGTGGTACAAGTACCTTAGACCGCTATTTTCGCGAGTCTTTTGAGAGCAACTTCCATAAGTTTCTTGGCCTTGATACACACCCTCGGTTTGTCGTCAGA,279,49.1,Homo sapiens
SEQ_477710,GACCGAGCTGGGCACCCATGAATGAATTATAGGATCCGAAGTGCTAGAGGCCCCTGTGGCTCCCGATTGCTCACACGATCGAACTAACGAACCCCAACCTGTCAGGGTGATAGTTTGTAGTACGGAAACTCCTACCACAGGTTGGACTATGCTACAGGTTAAAGCGGCGCGGTTACGGATGCCGTCGCTTAAAGAGCACGTGCTGGCCGTGACAGAGACTCTTAGCTATCAATGTCGCTGTCTGAGCGCAAAGAGCATTCGCCTAGATATTTAGGCATGGGATTGTACACGTGAGGCTAGCCGTAATATTTGCGTGCCGCGGGGTCTTGTACTTCCCCTGGTATGTATCCACATGGCACCGCGGCATCTTAGCTGTAATCGTTCTTCCGATGTTGTTGTGAAGAACCGAACTGTCTAGAAGCCTGTATAGGCTTGTTTTGCTTAACGCAGAGAGCCCACTGTTTCTTCCGAGGAGCCGGTCCACCAGGGAACGTAGCGATGCTCGGTGGGGCATGCATTCCAAACGGTAAGGGGCCGACTACTACTCGTGGAGTGCACGATCTGTGGCGATTGACGTTTCGGACGAC,587,53.15,Caenorhabditis elegans
SEQ_945990,CGCTGCTTTGAGATCTGTGGAACCCCGGGCACGCAAACTGTCATGGGTACTCTTACTGGACAACCTGTAGTCCCGTAGACAGCCGGTGCTAGATGCTCCGCAATCCCCTCGGCAGGTTGGGGATCTAGTTTTGTGTTGGCTTACGAGGTAAAAGATTGCAAAGTTTAGTTGTAGTCGATTGGTAAGCATACACAGTGAAGTCTGAACCTAAACCACAGGTATGAAAGGGACACGAAGATAGTACCTCGCATATACCGCTTGCCGTGCTACGGAGTGGAACTGGTTATGGCATCGGGCGGTTTCGACAAATCTCGTGGGTGTTCACGAGATTGGGCTCTGCTGCTTGTTTGTCGCATGTAGATACATGGTTTACTTGCGCGGTTTGTAGTATTGGTGGGCGTGGGGCGTCTCAAATTTTAGACAAAACACATAGTCGCTGATTTGGCCACTAGAAGAGCTTAGGTTAGCACCCCACGTCGACCAACCTCCTAAACAAATCTGCCTTGACGCGTCTGGCAACTCATGACCAACTTAAACCTTTCTTTTATGCTGGCGACTAGCATGTGCCCCTTTGGGATGTGCTCAACCCGCAGACGGCCCTCTCCTTTCTATGTGGCGTGGTCCGCGATACTATAGGTCGTACGAGTGATCCCGTACTTCCCAGATTGTTTTAGACGATCAGTGACCGCCCAATGTAAGCCTATCCTATCATGCTCTAGCCGCCAAAGATATGGGAGTGCGTGCTCCATAACGACTGGATTCTGACGCAAGATGATTAATTCATTCGACCGGCTGCCCCTCGATCGTCGTCGGCAAGTGTCCCGATACGAAGGGAGCTGCAAAGTGCCGGTCGCGCTCCATGCGGACGTTGTATTACCTTTAGTTTCGGTCTAGGCCGGCTGACGTCTCATTGGAGAGTCATTCCCCGTTGTGTTCTTACAACAAGGATGTATGCAACTGCATATGGTTCCATGTAGGTTCCGGGGCCAGTGAAAAACGTCCTATACGTGTATCATAACCTTTTCTGGGATGAGCCAGTCCAGAGTAAGCGCGGCTGGAATACGTATGTGCAACGTCTTTCAATCAACCCCGGTTCTCCAATAGCAATCGATAAATTACCTGACAAGGTTCTTGAGGGCCGGAAACCTGCCTGATAATGGATTGCTCGCCGTTCTTCCTCAGCACCCAGATGTTAAGTTCAGCGCGCAGTGTATTCCTACGTCATCATGTTGTTACCGCAATCTGCTGTCAATAAGTGCTGGCTCGAATTACTAACTACTCCACCGGTGTCCCAGAAAATTTCTTGGAACGAGAAGCCAATATTTGCGGCCAAACTGCAACTCGGGTTACTGCGGA,1356,50.15,Saccharomyces cerevisiae
SEQ_987202,GCGGACATATAGCGGACTTAGAGGACAATAACGAATCAGGGCAAGACCTTGGGTTAAGGACGTAGGAGATGCACCTCACCCAGAAGTGGATGTAACATTCTAGGGCAAAGGTGGTGCTCGCGGACATGCGGTCAGATTCGCACTTGCGATTTCGATAGCGTTAAACGACCCAAACGGGATCCAAAACCCTCACCCTTGAGGAAGATATTACATCGGCTAAAATTTTCCACTTCTCCACGAGAAGGCATGCGCAGGATAAAAACCAACCGCAAATCCTGCAAGCCGCGCGCAGCGAAAGGCAAGACTTTAAAAGCTCAGAACGAAATGCTTTTGCCCGTCGATGCTCTCCACACACTAGCCGAGAAGTCCGCACCCCTGCTCACCTGTGTTGCGGGACCCAATACAGATGCTACTAGCGTCGAGTCTCTACCGAAGGCGAGTTGCTCTGATGCATCCCCGAATACTCGCGACAACAGGCCGTTATTCTTTATGTCTCACATACGCGGCCAGCCGCAACTTGAGTAGCAACGCGTGGTTCTACCATATTTTAAACGCCGCTACTAGTCACGATGCTTCCACGGACATTCATGGTAGGACCATCGGAATTTTCCCGCGCTTGAGTGATTGGAAAAGCGCTTAGGCTTGCATTGTGCAACAGGAGTGGCTTGTAGAGTGGCAGGAAGGTCCGACTACCTCGAATGGGAGTAAGTAGTCATAAAAAACAGATAGCCGACGTGCGGCAGACCGCTCTACGGAAGGTTGAGCGGTGTCTCTCTCGCACTAGGCACGAGAGCAACCTCGAGTCGGCTCCTATTGCTTTGCAGACACTCTGCTTAGTATCCAATTGAGTGGCAGCTTTTTGTAAGGGCTTTTAAAAGGTTCGACACCTACCGACACCAGGAAGGAGTGAAACTTTTCGTCAACCGCGTCAGTCCTTGTCACGCAGGGTCTTAACAACCCACCGAGGGAGATTAATGCACAGCTGACATATTGTCATCAGGGGGTCCTATTAAGCCGTCGACAGGTCACATGTTGTTAGA,1040,51.06,Saccharomyces cerevisiae
SEQ_743125,CTCGGGTAACATTCACTTGAATCACGCGCGGCCCAGAGCTCGGCGCAAATTGAACTTCTCGAAAATTTGTCCCCCGCCCGTTCGTGGGAGCTGGCGAGATTAGTCCAGGGGAGGAGAGAGGAGTCAAGCCAGTTATTGTGAATCAATAGCTTGCCATTCTATGCGGCGTTCAGGGCTGCGTGAAACCTTATCCACATATTTCCATTAAAGCTTTTAGTAGCTGCTCTCAAAAGTGTCGACACTTTATTGCAGAGTATACCTCCAGATCAAGGGACTAAAAATGACTCGCTGGGCTTAACGGATCGAACTACCGCAGACACGGATTTAGCCGGTTCACATACATCAGCAAAGTGGGCAGATGTCGTGCTCTCGGTAGTGAGATGGAAGCCCTGCTGATGCAAAAGTCACCTCTAGATTCGTATGTACCTTAGGCTAACGTAGCTTATGCTAATGTTAAGGTACCTAGACCCTATCCCTCTCCATCCTTCTGGCGATAGCAGTACCGCTATTTCCACAGTTTCGGGAGGGAAATGCCGCTCCGACACTGCTAACAGTATAACTATTTATCCGATCAAGGGCACCCCC,585,49.23,Drosophila melanogaster
SEQ_897119,ATGGTGCACCAATCTATTAGAACGAACGAAGGGTAGGCGCAAACCTGTGATCGTGCACACCTCCTAATTTAGAACAAATGCTCCCCGGTGTCAGGATCCGCAGGGACGCTGAAAGTTCGTATGGAGCGGTGGAGGGAATACACATGGGCATACATCTGGGCCAAACGCTTTAGATCTGCGTTTATCAGACTGCTTTAGTCTACTTACATTCGATCGGACCCCGACCAATAGGCTGGTTCTACAATTCGGCCCAAACATAACTTGTTTATTGCGGAGGTAGGCATGTAGCACCTACGTCTGCTCGTGCAATAAGGTGTGCGATGTCAATAAGTGGGCCGTTTCCCTGTCGCCCAAATTACCTGTCCTTTGCGTACCCCACGTGCGGTCCTCTGCGGTGATTAATCGCCGAGCTCTACGTAATGACCCCTTAGATCCGCCCGATAGGGGACCCCCGCAACTTGCCTACAATTCCAAAGACTTCTCATTAGGGGGTACACAGAATTATTATGTATCGGCGGTGTAAGCACCGGG,531,51.04,Homo sapiens
SEQ_935646,CGGGAGCTGCTGTTTACCATTCGACCGCCAAGAAGGACATCCAGGTGAAATCTCTTTCCGAATTAGTCCTCCGATGAAAAAACGAATCGCCCCTATCCGGAAAGATCAACAGGAGCCTAAGTAAGAAGACTTACAAACTGTATCACGAGCACTAACGGTAATATGTGATACAGGTAATAACAACTTCCTTCCGCAGCCAGTATGTCCCAACCTCGTCAGGTAAGATGGGGGTCTGGCAATGAGGAGAAAAAGTACTCGTGGTTCTCTTCCGCGTATAGAATAAGCACTCTACGAGGCACGTGGGCTCCTTTTGATTGCCCTGCCCCATATGATCCCTCAGCAAGTACATCTTCGCGTTAGGGCGGAGGCAGAACTACAAACTCGGATTCGGCCCCCTTGTACCATGTAACTACTAGATGGCCAGAAGCGCCTTTGCTCACCGGAAACGTCTGTCGGCGCCTCACTATGAAGTATCAGCGCGTTTTTCGCGATCCTCACTGGTACCATGATGTTTTCGAAGGTCTACCCCTTTGCCATG,538,49.81,Saccharomyces cerevisiae
SEQ_747544,AAATTAGTAGAAGGATCGTTAGATTACGGATGTGCCCTGTCTGCACAAAATATCGCCGATGGCCTCCATTTGGAGAGCTAGAGTTATACTTCTCCGTTATCGACAATGAACGGAATTATATCCGTACGTCCTTGGTAGGCACAGCGCCGCCCGTTCATTGTACGTCTGTGACGTTCGGATAGCCAATGCACCTCCTTGGGGAAGAGTCTTCTTCAGTGTGAGACAAATGTGCCTTACCTTCACCGACCGCTTAGATTTGACTTCATACCGTCTGCCGGGTAGCCAACTTCTGGACTGTACAGTGTGGTTACTATCTAAGGGTAAACGCCTGTGAGGATGGCCAACTCAAGCAGGATAGACCATCACTTTCCCCTTACTTCCCGATCTGATATACTCTTTGTAGCTTTTGAGTTAAAATATGACGTGTCGCCACAGGGATCGATACCTGGCTGATAGCTACTTAGTGCGGATAGTGGAGAGAATATA,486,47.12,Mus musculus
SEQ_833729,GAAACATTTAACTATCCTTACGGCTTAAATTCCCGTGTTTGAATGTGAGATGCTTCGCAAGCGAGGTGGGTATGCAGAGAAACGGTGATTACAAACCGGTATATCCTTGGTGGCCGAACACTTCAGCGTGACAGAATTCTTACCAGTGAATCACCTGGTGATCCTCGGGCTGGAGAGTATCTGGATATGCTTCAGAGGAGCATCCCCAAAATGGCTTGTAAGTAGTTTTCCATCGATGCTTCAGCAAACTCTGTCGTAACCTAGACCCCTGCTCCCAAGGCATAACACATGCTGGCTAGGATTACTGAGGTGACCCGATTATATCCGTTTATCAGGGTAAGATTATTACCTTAGGCTACGGTTAATGTTGCTGGTGGTATTGAGAGATCTACTGTATACGCCTACTTATTATTTAGGCCCTAAGGACATAGGTTCTCCTCGGTAGGGTGACAGACTGCAGTCTATCATGACCCGCACTTAGAACTACTTTCTTGAAGAAGGTTCAGTTAGACGGGAAAGCTTGGTAATGAGCAGCTTTTGCAATCGTAGGCGGATACCGGTCAAATACAGATAATGCCGTCGCTATAAGAGCTCTTAGGAACAGGCATATAACTAAGTCTCGGGCGAACTC,631,45.8,Homo sapiens
SEQ_446927,GAATGTTGAATGGTGTTGACTGGACCTTGGGAGGGCCGCGAAGTACGGCGGACATGTTCTCCATCGTGAATGCAGAAAAGGACGTCCTACACTAAGTTCCGGTCGGGTGGGAGTGTTAAGTCTATACGTTATCTCCAAGAATCTAACGCAGCATACAGAAGCCGGTTAAAGTTCGAATTCTGTTCGGGTGTGTGGCGCGGGAGTTCATTAACCCCCCGCAATCACGCTCCAACCAGCATCCTTGTCCCTGCGTGCTCCGCAGGAGCACCCAGCAGGTACATACACTCACTATTAGTATATGTTACCTTCTCTACTTCATATTCACGACTCCTAACCATCAGGGCCTTAATACAGCTATATAGCAGGCTAGTGACTTAGTGTTCTGCACTCCAGACCGAACGAAACTGACGAGTGCGCAGCGCCCGTCAACTATGGATCCATCATAATACCTCCCCATTATTATTAATGAAAGTGCTTGTCCTGACACCTAATGCATTCCCTTAGGTGATCGTTCGATGGCACGCTTCCTACCGTACCACTGTGAGTTATAGACAGGCGGCGAACATGATTGTGCGCCGCAGGCAAGGGCTTAACTTCTCGGGCACCCAAGCGGTTGTGAATTTGTTACCCACTGAAGCGCGTGCGGGTTTATCCTACCTGCACAGTACACTAAATGAGAGACTCTAGGGATATGCCTCTCAATAACGGTCATAGCTAACCTTATAGAGTTCTTAGATAGATATCCGTGCGGGGCGCTTGCAACAACCGCATGCTGCTACATCCGGTGACCATGATGTCCCCTTCCCACATTATCACACATCCTTTAGCGCTGAGCATGACGATGACAAGTACCTTGTTACTAAAATCTACTGTGGCATGTGCTGGCAGGCTCTTGCCAGTACGTCATCAACGACGAAACCCGCTACTTAAATCGAAGCCCCTCAGGAGGTCCTGCTACAGTCAGCATAATGAGCGAGGGCAACTAAATCGATTATGACGCCGCTAGACTTGCTCACGACCGTTTTCCCCGTCCGAT,1036,50.0,Arabidopsis thaliana
SEQ_720813,CCGAGCGGGAACGGTAGGCGAAGGGATAATCATGCGGGCCTCTGGAGCGATGCACGGTGGCCGCCAAAAT,70,62.86,Caenorhabditis elegans
SEQ_835536,GAGAGTGATTCATCATGTTTCTCTTGCCACGTGGATCTTATATCCGAGATTACGATTTTTTGAACGGTGACCTATTTCATGGGTCCGGAACATTCTGGCTACACGGTAAACGATCACCCCCTAACACGCATATTGCCGCTGATCTACGGACTTTTGTAACAGTCTCCCAGCGCTATGTGACGTTCGTCAAGGCGCCGAGTTGCATGCTGAGGTAAATGTCCCAACATTTAGTACCGATTCGGTAATTTTTCTCACAATCCACTGGGAGGTCCTAGACGTTGAACTGTTTCAGTGGCTTAAGCGAGGCGGAACCCTCGCTGCGGCTCTTCCGAGAGTCTCGCCCGTTGGAAATCAAACACCGTACGGCGCGACGTAGTGAGTATGGCACCGTTGCTTATGAGCCCTCACGCGATTACCCTGACGGGATACCGGCGTTCCGTGATGCCCCAGGTAGTGGGTTGCAGTTTGCGATCGTAGGCTCGGATCCTTTGGGGGTTTGCCTAATGGTCCCATTTAAGACTTCGCCCCGTCTTTTATGGACCCCCGATTTCCAAAGTGCAAGCGAGGGGTGCGGGCAACACAATGCATGGTACGACTGGTAGCATAGTGCACCTAATCGGGGTGCTGTTTATGATGAACGTCTCTGTAACCGCGAGCGCCAGCATCCTATCAGATCAATCATGGTGGGTGATGGGGGAGGGCGGTACCATTCCTCCCCCCATACACCGTTCCCGGGCGCGGACTATGCAAGTGAAAACCAGTGTGCTCGCCTTAGCCGGTAACTGTCGAATGCGTACCAGACGAGTGAAGACCAGCCAGATGATACTCGAGGTATGCTTGCGAGGAGCGAGTTAGCCACCTATGGCTGCACTTTAGGAACTCTCCGCAGCAATTACTGTTGAAGGATTAGGATCTTTATCGCTTAATTAACGCTTTCTGGACGTCCCAGGTCACGGACTCCGTATATCCTGGCCAACTGCTGTATAAGATAGAGAGCGTAGGAGTAGCTTTCTTCAACCGAGCATTACTAAGCCGAGATGAGCGCCAAGGTCGTCGGCGTTTTTCATGTTAATATCCGCATTAGATCTAGTAGGGTTGTGTTCGCTTTGTCATTACTTTTAGTCGGGTTGTAAGAGAACGCGATGCGGGTGGAAAACTTGCCGCCAGCACATACTGAGTATAGCCGTCTTACATATACTCTCCGAAGATATACCCTTATTAGGCATCGTGAGACCGCGCAGGTTCGAATATCGGGTCACCCCCGACGGCCGTTAGGTCGCAGCCTCATATCTCTAACAAAATTAAACAGCA,1311,51.18,Caenorhabditis elegans
SEQ_190198,ATTTGTTCGGCTACCCTGGGGGTGAGGGGCGCTGCTCTAGTCTTATCCCTTGCCTCAAAACAAAAGAGTTTACTATTTCCTGACCGCTTCCTGTGAGTCGTCTGCCGGGATCATAAAATAAAGCAAGGGCTATCCCCTCAAGGGAGGAGTCCAGCACCAAGACCTTTGCGCAAGTTTTGAAGTAGCCTTTTATGATGGGTGCTGTAAGCGTTGTGCAAAAACGGTTAAAGAGCAATGATGTCAAAAAAATTGCTTCTCAGGGTAAGGGGGTACGAGATCGATAAGAGAGGGGCACTACATTTCGGCTAGGGCGCCAGAGAGTTTCTCCAGAGGTTGCAGGCAGCCCGTAAAGTCACGGATACTCCTCAAGGGAGAAACATACCAAGTGTCGCTCTCAGTTGATGAAACAGTTCGGATCCAATTGTGGGTGCTTAATGTAACTGAAGCCAACGCATGAGGTTTATAAGCAGCAATCTGTACCCACTACGAGGGGTCTCGTATTTGGAGCGTAGCTCTCAGATTGTCCTCCGGTACGTTTTGCTCCATCTCCTAGTTTCAGATACCATACGTGAGCCAATTCAAATGTCTCTCCCTAGGAGAGCTGCGTGGAGAGAAATGGTTAGAATAGCTTTGAAATGTAGGCTAGCTACACGTTGCTGTCAGGTGTTACTATGTTCTCTAAACACAGGCGGGCTGATAGGACAGGCAAATACACTAAGACTAAGTTGTACTTAAGAGTAAAGCGATATACAGCCGGCAATCCTGACGCGAATGATTGGCTTGGTGGAGATTGCAGCAAGGCAAATGTTAAGGACAGGCCCTATGCCCGATCTCGTAATATCATTAGTAAGTCGTTGGGAAGCTCACAAACCCTCCTTGTGTCCCAGGAGCGTAGACGACCCTGGGTCGTAATGGCCGCTACCTGTTCTTGGCGCTCGCTGACGGATATTCAATTCTGGTTTGAAGTAGAGTTTCGATAGATCACCATCTTGTCCTTTACGTCCTGAATCGTGCAATTGGGGCAACCCGGTACGAGTACATTAGTTTAGCCTCTTGTTATCCGGGATGGCTACGACTCTCTGTATAGGATGTAAATAGTGTCCTGTGGTACATATCTCATCCTCTATTTGATTGAGGAACAGATTATGATCCGCAGTTAAGACTGGTATATGGTCCGACGTGTTCCTAGCTAGCTGTGAACTCTGCGCGCGAAGGCAGGATCGACGATCATTCGGTCCTCGGCGAGGCTACGCAACGAGACTCCTCTCCACGATTTAACAGGCCCACTAACGAATTATGAGACGGCAATATCAATAACGGGGGGCACTCTCCTCAGCGAAGGTGGCAAGGGAAAGGCCGACGACCAGTTATGGGGCTCCTACACGATCTTGTTAGGAGTGAGACCTTACCCAGCCGACCATTACCTGTCGTTCGTTGGAAACTCCCGCTAAAAAGGCGAGATGCCACATTTGCATACGCCAGTTATGCCTCAACCCGCTCAAGGACTTAAGGATCCGTCTTCCTCAGGGAATTAGCTAAAGGCACGTGAGGTGACCAACATGAATTTAGGACGCCAGCGTAGTCGTTGTCACCGTCTCTTCAATGGCATTACGAGTCAGTTAGGAGAACTAAAATCCCGGTACACGTACACGCAATCACAACGGACCGC,1669,48.95,Arabidopsis thaliana
SEQ_986711,ATGTTCGACAGCCGTCATTAACACCCACTTGCAGTCTACCCATATCAAACCGGTCATCCGGAGACATCGAGGCGAGTATACCGATCTACGGTACCAGATCTTCGCGTGACGTTAATACCCCTATCGAGACAGACAGACGTTCGATTCGGAGATAGACCCTTATGGCGTCTTCGCGGTACGTTGTGGATTATTCGCACGGGATTACTGTCTCGGCGAAGGCACGAGGTACACGGATTGGTTACGTCTTGGCCAACATTACCAAATCGATGAGCCAGGAATGTCGCTAGCTGGTGACTATGTTTGGCCAGCTGTTCCTTACGACATGAGAAGTACATGGACATCCATCTGGCCGGATTTTTGATGGAAATACGTCTGTCTCTATTCTTGCCAACTTGCGCTTCCTAAACACGAGTTCACTTACCGTTACGGTGCATGGTTAAACCGGAGGAACCTTGGAGCTTAAGCATCGAGGGTGTAGTCGCTCTCCCCCGCATCGATTCAGTTTACTAACATGAATCACCTCTGGCGTGGGTCAACGTTTCATAACGGGTGTATCCGCGTAAACCTGGTAGTGATCGACTGGCCAACTGTGGACGGTACATACCCGGGGCTTTCAAGCTCCGTGGCCCTATTTTATCGATCGGCACCCCCTGCCACTGGTCCTGTGCGGCTAGAAATAATACCCAACTTAGCACGTCTGTAGAATGCAGCGCGAGAACCTGAGCTACTAAGTGAGAATGTGACGTGCCTCATTCGCGAAGCCGTGACTCGACCGTGAGGAAAATCTTAAGCCTTGGAA,799,50.94,Drosophila melanogaster
SEQ_299106,GGACTCATAAGACTGACTATTATACCGATGCCGATCGATTCCCCTGCGTCCGCGGCTACCGTCTGGCTTGCAGTATTTAAATGATCTGTTTCGGCTAACAGTTACAATACCCGCTATTACCCTCTGATGAGGTTCGCCCTAGCCACTTGATCGCTATTTGACGCACAAGGAACTCACGTATACTGAACTAATCCTTGCGTCAAAGCCTCGAGCACGACCAAGTTAGATCTTAAGCCAGGCGAGCAATCCCGCTTTGTGAAAACAGGAATCCCAGACGGCCAGCAGGGACATACTACGTTTAGGGATAGCAAGAAAGCCGGATCGGATGCAGCTCCGCCTCATAACTTCGCTATCGAGCTAGGCCCCGAACAGGGTGCATATATGTGGACCAGACTATACACCCATACTACAAATAGTAGCTGGTCACAAAGCTGCGCCATGCTGATTGCGGGCCGAAGATACT,463,50.32,Saccharomyces cerevisiae
SEQ_563461,ACTCCCGTTAACTCCCACTACGAAACAATCTGTAAGTGTATAATCGATGTCAGTTGGACTTGGGTACGTTTTAAATCTTGTAATAGGTGTAGGTTAAGTCGAGGTGCATTAGAATCAAATCTCATCCATGAGGGGAACTAGTCTGAAACTTAAAAGTAGTCG,162,39.51,Drosophila melanogaster
SEQ_603788,CGTCCTAATTGAGCTGAGGCTCTATCGAAGGGCAGAGGGGTAGTTTCTATAATACAGCCCGATATGGGTGTGTCATATCGAAAAGGACTGGCCATCACTAGGCACCTGACGTACCTGAGCCTGAACCGAGTACAATGGATAACTAAATCACTCACCAGCGAAAAACTCCGCAATAAAAGCTCCTTGGGGGAGTCGTGGGAGTTTATGGTTTAAAGCCATCTATCTTATTAAAGTTCGTCACAGAGTTACATGGATCCTTTAAGGTTCAAAAGTCATAGGATCAAAAGATTAGATTCTAGCACTGCCGATGTTACCTTGAAATACGGTCGGCGTCGACACCTATAACCCGAGGCCTTACTTATTGATATAGAAACTGGAACACATGAAAGGACTAGAGCTGACCACGTCTGACCCAGGGACCTCGGGCCACCCTACTCAAGCTGTTCACTAGCGTACAACGTTGAGTCACCTAGTTTAGGACCAGTTTGCTTTGTATAGATGTGTCTTATTGGTATTACACCCACCTACGCGGGACCTCCCACCGAGCATAGCAAGTCGTCCGCGTCTAGCTAGGGGTGACCTGTGTGGTCCCCTCTTCGATGTATACACTAATGCGTATATCGTGGAGCGTAATCTTTAGCTGGAGATGCGCGACGCGAGCCAAAGCGTGGCCCCTTAGCGTACCAAAAGGATCAAATGAAGGAAAAGCGAGCGGTA,717,48.12,Homo sapiens
SEQ_238170,CTAGATCCATAAGTTTCTTTGAAACCCTGCGCGAGAAGTGGTGTACGTCTGCATAGTATTCAGGAGCGAAAACCGGAGAGTGTGCCCGAATTGCAGAATTTGGAGCCTGACGACTGCGCGCTACGCCATGACAAGCTTTACCGTTTCACACCGCTTTGTTGTGGTTTAGATTGTAGGAAGCCTAGCAAACCTGGCTATCGTAGCGGACGTTATAGCGCATCATCTAAATTGCTGTGAATTTGGGTCGGAAATTTGAATTGATCGTAGCGGTCGATATCAGAGAGCACGGTTAGTATTATCATCCATAGGAGGTGGGCTTAGCTATTATAGATGTCTTTAAACACGAAACAATGCCTGCGGACTGAGGGTTACACGATTGACCTGCACTATCCCCGCCCCTAAAGTCACTCCCCGTATCGCGACCGCGGGGCCATTCGAGACCTTTCTACCCCGACGAAACCCCGCTCATTCAGATGCCTCCTATACACGAATGTATCCATCATCATGGAACAAAATCTAGTATCTACGATGTCATAAGTAAAATGTCCGCGACAGGCTTAGACCCTAAAATTCCATTAAATCTTGCCACGTAGGTTAAGCTAACCAAGAAACGTATGGGTGCTAAACTCCGAACGGTATTGAGAGGTTGTCGCTGCGTTGAACAAGAACCTCCAGGAAGCTACTGCCCCATGGATGATGCGTCATGTAATTTACCCTATCCTCCTAAAAACCCGTAACCCCCCTCAGTGGTACACCGTGGTCCCGGCTGATCTGCCGACG,780,48.46,Drosophila melanogaster
SEQ_673871,TAGGCGCATCAAATGCACGCTGCCGTCCAGCGGTCTCATGATCCAGGCTTCCCGATCCCGGAGGGGCGCTGTAAAGTTGATCCGGCCGTGTCGCTTCCAGGCCGGCAGGGAATGACCTAGCAGAGACAGCCACAGCTTACCACACAGAGACTGTCTGCAATCGATTTTCCAATCGACCTAAGCAACGTCCCTCACATGATTCGGGGCGGAGCTGTGAGGCTTCCGTTTAACCATAACCACTTGTCGTCGCGGACACCTTGCGAAATAGTCCTGACGTACGTCTCACTAGTATCGACGTCGCGCGTTCATCTGGTCTCAGAACCTCCAAACTTTCATGGGCCCATTTGAGGATCCTAGGTAAAACAATAAGGGACCTCACGCTACAAAGATCCACGTTCTCACTTCGGACTATACGACTATTTGCTTCCACAATCCAGTGAGTACCTTCCTTCGTCGGCCGTTCTAATCCTCGTCATATAACTCGAACGGGCGTTTCACCCGGTTGCGCCAGCTTGTGAGCGCAAAGGACAACAGTTAAGAGGTGAAGACGCACAATCACAGGCTCAGTTCCCAAGATGTGGTTTAAACAACGGCAGCAGCGACTAGACACTACAGAGCGCGCCCCATGACCGAAGGAATCTTACCGTTCCAAAGTTCTCAGGAATA,666,52.7,Saccharomyces cerevisiae
SEQ_409333,CTGGGCTCATCCCGAGCGGTCCCTAGAATGTCCTCTAGCTACTAGGGCGAGTTACATTGATGAAAACTGACAGCCTTAGGCCCTTCTCATAGTCGAATCGCGTGGAAGTATAGATCAGCAAAGGCGTCCTTGTTCAGATTGTGCAGGTGGGCAAGATCGCGAGAGGCGTCGACGGCCAATCTCGTGACCTACCGGGCTGTCCGCCCAAAATTTACTCTGCAGGCCCATTGGTGTTTCGGCTACTTACATTTTGAGCACGAGCGGGCCATTTTTCCGTGTTCGAGCTGCTAAGCATTGCTTCTCTACTACGCCCCTCGGCGACTACGATAATGACCGCACTTCCTTATCAAGCACTTCATTGCCGCCGGACAAACCATTGGAATGATTTTTCTGTATATCCTAGTGGAACTTCGACCGAGTTGCATGGACAAGGCTTGTGCTCTCGCAAGCTTTTTGCGGCAGGGCGCGCACGATGGTGACGAAGTGATAACCGGGTGGACATAACTGTAGACCTCGATCATGACGCG,527,52.56,Mus musculus
SEQ_211997,AGCCCAGGGGATCGTTCGAGATCTACCATGGTACAGAAATCGTCTGACCCGTGCGAACTGTGAGCCAATCGGCTAAAACTCGCAGCCGAGCCTCTTCCCGGGCCGTAACACGTGTAAAAAGAGTTATACAGGTGTACAAACGATATCCTGCTCAATAGTCTATAGCCAGGTAATCCCGGCTTATTACAGGTCCACAAGAACACGCGGAGGACACCGGATTAGATAGGCTGGACGGACACCTAAGAAGCGTCCGTGTAGGGGGGAACTGACGTGCCTTGCATCACTTACAAGCATGTCTTCTTTTTGGTCTTTTCCACTCAACAACGCTTCCAGTGCACTCTCTGGGCTGTACACCGCCGCGGGTTGAAGGAACAGACTGCATTCGCATAAGTACCCCCGGAATCTAACTTGGACCACAGAGTCCTACGAGCGTGATCATCAGTGCAAATCGCCTACTGCAAGCCCTCGTTCTGGGTTGGTAACACCTCTGCTAGACTGAGACTTTCCGATGAGATTGGTAACGATAACACGAAGGACCCGGCGTTGAATCTTGTGATGGAAAATTGTTCACAGTGGTAGGAACCTCGCTAGTGTCTTGAGTTGCGGATTCGGTTATACGTGCAGCTAGAGACCCGCAGCCGTAGTGGATACATAGCCTGATAAGCTGATCGGACCGTCCGGCGGCGTAATCCCTAGTATAGCTTTCTGGTGCTGCCGTTCCGGCAGTTGTCCCAGAACTACCCAGAGTCGGCTAGCTAGAGAAAGTTTCCACGATTTTCTTTTTAGGGGGTGTAATCGGGAACCCGGTTTGAGGCCGAAGAAGGCAATGCTGCATCTCCGCTACAAAGATCGTGCCTGAAGACATGATTCCAGAGGATCCGTAGTTGAATTGTTGGAGCGATTGCAGGTCTTAGCATCTCCACCTTTAAAATGCAAACTCTCAGGTATATTGCGGACCTTACTCATTGATGAGTCGGTTGCTGCGAGCCGAGCAGCGACCTGTCGATCCCCTGTGACGTGCGGGGCCGTCTCCGTCATGCCATGACATGTAACATCCATGGTTGTTAAAGTGACTTTAATTAAGGAGCTGGAAGCTATTCCGGACTGCAGGAGTCGTACGATGGAGGAAAAGCCTAAAGTTCCCCGCCGTCGCTGGATTTAGTTGTCCTATTGAACACCTTCGGACTTAGTGCCATGTTCAGTAGGCCTAGTCACCTTTCATCATACTCTCCAGTATATTGGAAAAAGGCTCCGGGTTGAGA,1262,50.87,Homo sapiens
SEQ_627505,CAAGTAGTCCCTTATCACTTCGGCTACTTTAAGAACCTATTTCGTGTCGCTGCTGTCCACAGTTTCCTGAATGAAACTAGACAACAATTACCAAATAATATATCGGCGATGGCCGAGATTGGTCTAGACTCCCTCGTAAACCCGAATAACATCACAGTCGGTGTTTTCCAATTTCGACAGTACTGGAATCGATCCAACGGTGGTGCTTCAAGATAACCTAATGGTTAGCAGGGAATCCAAACGCTGTTCTAATTGAACATGGTTAGCGACTACAGAAGGAGCCCGAAGTCGGAGGAGGACAATGGCCGAAGCTAGTCGGCTAAGTGTGTATCGGTTGGTGGACTAGCCTTGCCCGCATCACCCACCAAAAGCACTGCACTAACTTTGTATATTGGTAGAGCATCAAGCTTTCCGTAGTTAATGACTGGCAGGCGCAGGCACTGCAATACAGCCTTTAGGCGCCTTAGCCGCTCGTACGCTCGGATTAACTACCTATTAGGTGTCCCAAACCCCTGCAAATGAACAAACGTCCCTCTCGATAAATGCCAGTACCTTGTGTGGCAGCGTGCGGTCCCCTCTAAATTCCTACCGAGCTGAGCTGAAATGGCTCTTGTTTAGGAAGTTCCATAGGTAATTGTATGCGCCAAGTTGCCCTGGACATTCGCGGATCCGAAAATGCACGCTCTTTACGAGAGGCGCTGCAGAAAGAGCCTTAACATTGCTTACCTAGGATACAGCTGATTTGTTACCGGTTTGGACAGGCGCGAAGAAACTCGAGTGAAGCTTAGTCGACAGGAGCCGAGTATTTCGGCATGATGATTTGATTGAGGAAGGTCTGATAAACGGGTTTGAATATCAGCGGCGTCGCGCTACTATTTCCCTATAAGAATTTCGCAACACCGCGTTGAAGGGTCGGCTATGAACGCCTCGGCCATACAGGTTGAAATTGATTAAATCCATCACCGGGGGGAGCCCTCATTGAAAGCCAGTTAATCTTCAGCGCCTCACCGGGGTCCTGTACTATAGGATCAAGCGTCGACCGATTCTAACCATTACCTAGCACCAAAGACTGATTGTCTGGGTACCAACTCAGCCACTGTACTGCCATCAGTGGGTTGGCACTCACATCCAGAAACGCCCTTAGACTCGAAAAGAGCTGACATTTTCACAGCGGTTTAAGGTTCATAAAAACAGCTACGCTTCGAACCCGCGTTTCAGGTATACACACTTGCTAGGGATTAGGTTCTTCTACGAGGTATAGGGCTCGGGAGGATCGCATACTATGATCATATCACGTAATACAGAATCGGCATCCCTGGCGATTGTATCTAATAAATTCGGATTGCTCCAGACGATTCTTGAATCTTTTTCGGTAGGTTATTTCCCGTACATGGGCTGGAGGTGCCTAAACAATCTTACGCGAACGTCCCCGGTGGTTCCATCTCTGACCGTGGTACAAACCCACGGAGAATCCATAACACAATGTTAAGCT,1492,48.12,Mus musculus
SEQ_224659,CATACTACTAAGCAGGTTCGATAAGAGACAGCAATCGATTACGTACTCAGTTTTAGCTATTCTTCTGAGTTCCCGATATTCGGTGGCACTGCGCTATCACCCGATTAGGTTACTAGTCTAAGATTCTTTACGCCTGTGGTCCGGCATAGCTACCTACTAGGTCAAATTTTGACGTTCCCCTTTAGCCAATTGCACCGGGATAGAGGCGGACGCTACAGGCCTGGGATGGAACAGCCATGCCCCGGGTAGCCTTTGAGACCAGAGGGGCTTAAATCATAGCTTAGATCGGTCAAATGTCAGCGTTGTGCCCTGGAGACAACGTACGACCGCACCCCACACTTAAAACTGTAGACAGATTGCAAACCCGCAAGCGCGCGCTCAATGCCGTTGTAGATTCATCCACACCCCTCTTCTTGAATATTCAGTGCTACGTTCCGCGTACAATTCGATATATATCTTAGAGCACGAAGAACGATTAGGCGAACCGCACTAACGACACCGTACCGCTGCCTGGCGAGTACGCCTATCGGGGTCTTATCTTTTGCACACGCTACTGAGAGACCGGGGATCCACGATCGTATCGCTTACCACAACGGGGTTATTACT,606,50.17,Arabidopsis thaliana
SEQ_286694,TCGTCCTCTCGTACACGCGCAAGTCGAGCCGAAACGAAGTGTGTTTGTCTGGGCGCAAAACGTTGCAGCCGTTGAGGAATGCCTGATACCTACTTAGCAATCTTGACACTAGTACCCGACGGGCCCAGCCGGTCATGCGGACTACGCGCACTAACTCCCCAGTAAGAACCTATTTTTCGGTATTTTTTTACCTCGTATGAAATAATACTTCGGTGTCCAGTAGAATTAGGCATGGAATCGGTAGCACGGAGTGCGTTCTCTACGCCAGTCCAGCACCGCTGCATGTCACGCGCATCTCACACTCCCATCATCTCATGTGAAGCCGAGTGGGTTCGCGTGGCATAGTTTCCGATACCTGCGCAATTCTAGACGTTCAAATAGTAGCACTCGGAGCGGCCCCCCGATACATTGGGGTAGACGAGGGTAATATCATGAACGTGTCCCTCTCTCAGTTGAACTCCAAACGTGAACTCTATGTTACTCTGAAGCGTCTTAGATATTAATACCGAGCAATCAATGTCGATGGACCTCCCTACC,537,50.65,Drosophila melanogaster
SEQ_882773,TTATTCCATAGGGGCCGCGCATCTAGGGTGGGTTAGATGTTCATAGTGGTCTCAGCTATTTTAACAATTCGAACGACTACAGCGCGGATCGAAGACATGATCTATTCCGTGTCAGCGCCTTGCATGGTAGGAGGTAGTTGCCGTTAATTACAACATACAGCCAGTTAATAGTTAAACTCTGGCTCCTTTAATATAATGTAATCAGGCGTCGTAGAGTCTTTTCTTTGTTCCGGGACTAAGAACTGTGTAAGTCTCTGAAAGGGTTGTCAGCGTGGACCGTACTTAAGGTGAAATCGTTTCGTACTCCTACTCGCCAGCTAAACTAACGACAGGCCTGGGTCAGCCACTCGGACGCTGCACAATAATTGTCCCTCTTGATCAATTTGCGTTTTGCTCTTGCGCATGCCGCCTCGTCCCTAGCTCGAGAAAAGCATCTCCAAGAAGCGAGCATAAGTGGTGTTCAACCGAAGGAGTGAACCCACTTGGCATCCTACACCAAGGATTACTGCAAGCTACGTGATTTGTCCGCCCGCGCTATTACTT,543,47.7,Mus musculus
SEQ_648925,CAGGGCATCCATCAGTTCTGCGGATTTAGTACTCAAATCAGTGGTACCTCACACATGTGACTCGCACGTTCTACTCTGCCAGACGGTTCTAAATTGCGATGACCTCTATAATGACGATAGGATGGAACCTGCCTCTACTCGCCCCCCATCTCCCGCGTAAAGCTCATTAAAATATAATAGCCTAGTCTAGATTTTGCCCCGTGCCGACTCCAACTGGTCGTTCCCAAACGAATGTGAATTGGTACGCGAGCGTAGCAATAGACGTGCAATCCCTCTAGTTCGATAGCTTGCGATCGTGCTCACGTGACACACGGTATAACAAATAGAGGGTGCCCGGACACATAGCGGATATGGGATATGCAGAGCTTTGGGCACACTGCCCGAACCTGAACCCGTACTAATTACCTGAACCTCGGCGAATAATATTAAGAGTGCTACCTTAATAACGGAGCGCCTCAACTTAGATACCAAATAAGGCACATCGCTCAATTTCCCGCTCTGGGGACCTCTCAGGAGGCGATACAGTCGGTGTCACGTGAGACACCACCTCATAGTCGACTTGTATGCGCTCTATCGTCGGCCACAATACGCTCGTACTGTCAGTCTAGCATACTGAGGGGTCAAATTTTGGGACCACCCAGCTTTAAATCTGATACGAATGTCGAGACGGGTTCCGTAGTGCATTGCGACGCAACCAATGGAGTTCTAGATATAGCGCTATAAATCTTACTAGTTAGCCGGAACTATCCGTTGAGACTTTTCGCGAACATTGACTGGGGGCGGGTGGCCCGTCGGAGTGACCAGTAAATAGCCGCTTCGCACCCCCGTTAGGTATGATGATCCAGTAGGCAAGAACCATGAATGATACCAAAACAATTAATCCAAGTGTAGGTTGATAGCCCTGATGGCTAAACCAGAACGCCACTGTTTTCCGAGAGGCCTTGTCACTACTTCGACGGCGAGTGAAAAACCTCAGATGAGATAGTGGCGCGTTTAGGCAGTACTTACAGTATTTGCTCCGCAGTTACCTGATCGTGGGAACCTGCTCAGGATCTCATAGATCGCTATCGGTATCACACCCCCACTCAGGTGAGTGCTGCTTTTAGTCTGCATGAATCACTTTTCGGGT,1129,49.34,Mus musculus
SEQ_854553,TCCCCCCCCTCCTTAGAATCAGATGGATAAAGCGTTAAAATAACAAAGATAAATCAACCGCACAGGATCGCCAGACTCGGGAACCTGATATGAAATCACCCTATGCGAATTATGGTGGAAAAAAGTCTTTTGATCGCGGTTGAAGGTGTGCGGTCTATCACCTTCTGAAGAGTTTTGATCGGCACCCCCGCTTTCCGTCGCCGATACATATTCAGGGGTATCACTACAGCGCGAAGGTTTCGCTCAGCCAATTGGAAGCCAGGGCAGCCACTATGAGTTGTATCTGGCACAATAGTTTTATCAGTGCTGCAGCCGTGTATCGGAATCATAAAGACTTACGCTAACTCGGGGATCCTCCTTATAGCGTTGTAGGTGACTTACGTCACTCCCTCGCCCGCCTGTTTTGCGGAATTATTGGTCACCGCCGTATAAAAATCTCACAGGTAGCTTCTAATTGTACTAGTAGAGGTATTCGGGGGAGGCAACAACTTACTTCGGGGCCTAAAATTAGGTATTCTTTCTCAGGTGCCACGGAACGTTGCGAGACTGGACCTTCCACCCATTTGATGTCGACTACGTACGTTCTATAGGCGGAATATTGTAAGGTTACTAAGCTCTAAGAACAGGCCAAGTAGCTCTCTCGTACGCCTCAGCGTTCTTACCGTTGCTCAACTTGTTCATGAGTGCAGGGCCCGTTGGATTACCTAACACAAACAAGTCATGTCAATTTTATGTCTCATTGAATTTTATCTGTCTGGCAAAGGTGCTTATAAGTGGCCACGATGCTGTATGGACACTGGTGATCGTCGAGATATTTCGCTCTCATTTACTCTGGCTGGTCACACTTAGCACTTAGTCTTGGCACCTTGCGGCCGGTGGAAACGTGCAGACTGACAACTATATTCCCTGTTAATGTATTGCTGTTGGCTAACTTGTACTATATAGATCGGTGAGGCGCCAGATACGATCTGAACTCCGCCTATGATGACATATACGACCAGTCGCAAATGTAACGTCACTACCGGTCCGTTGGAAAGCCAACCGAAATGTAGACGTGTGGCAGCTAGTTGCTTCGGTCCAGAAGGGAGAAGGCTTATATCAGTCAGTGGGACAAGTCGCTGGGTGGAGGCCTTGTATCTGCAGCAGTTCCACGGTAGGCGAAACTTTGATGGGTTGAGCAATGAAACCCGCTCAATCCTTAGTTGTGCACCTCCAGGGGATTAGTCTTAATATCGATGCATACAGGTGATCCATAACGATGATGACACCCTCTCCATTTATCGTGGGTTGCATTCCCGGAGAAATATGCTCTCCTTTTAGAACACAGGAACGG,1333,47.56,Saccharomyces cerevisiae
SEQ_228762,AACACTTCAAAGCTCGGAAATCTGGTGAAATGCCGACCTTGCTATACCTTGTCTCTTCCACTGTTGCTGAATGGATCCAGGTGAGTCACCGCTTTTATTGGTCACTGCCTGCAAGCATATGGCTTAATGGACTGGGTTAAATTGCCGCGCGCATTATATAACGCTGTTAGGGCCGGTCGTCGGTTCGTAGGGAGTATCACAATAGCAGACGCCACCAGTTTTGTAACTTAGTGGAGTACATTTATCTGTCTGGTAACCGTGTGTCCGCTTTTAGACCTTGCTCCCCGGGTCTGATATTTGAAAAACCATGGTAACGACCGTTAGCAAGTCACAGAATCGTCACAGGGGGGGGCTGGCATTTCTAACTCTTCTGCTTTCACCTTTATCGACGCGACCGATGCTGCAGGAAAAATTCCAGTTACCTCGTATAAAACCAAGTGCAACAAGTGATGATCAGTAAATAGAAATTGCAAGTTGGTCGTATGTCAATTCCCTTGCCACTAAAAAATGATCTTTGCTCCTCTCGCTACGGTCCCACCAATCGCATTCAGAGACGTAGCCGCGCATGTCCAGCCTTACTTCCATATTCAAGCCTAACTATCCCGTGTCGATAATTATAAACGGTCAAGTACTAGAGACTGAAGCGTTAACCTTAGAATAACCAAAGTGTTCCCCTGAATATTGAATAATTGGCCGCGCACTCAGTGGCCACCACGCGCCCTTATCTGGAGCGACTTAAACCGTCTGCGGATGGATCCACGTCCAATCGTTCATCCACGATGCCGGTCTACGTTAAGCTTAGGCGTTACCTGTGAAAATGGCCTTCTCTATGCCACACCGTTTAGCTGTTTAATCGGTCTGAATGAGCAGGTCATAAGGCGACCTCATGTAGCCCCTGACCATCTAAAGTCGACGGTGTCGTTATGCTTCGATAGGTGATTGACCGCCAATCCGTAGCCTCCTACTATCCTGCATACTAAGGGTAGTAAATATTCCGGGGAAAATCCACTCAGGGATATTAGAGAAATGTACGTCCCGAATTTATAGATTTGGGGTGAATGCGTCCAGTCTCTGCTATATCCTCGCATGAAGATCAGTCAGGCCGGAACCCTAGCGGTTAATGCCACAGGTACAATGGATAGGAACACCACGGGTGGACGTAGCTATACTGACCTGTTTAATCGCGCCTTCGCGAATGTGAGAGGTGCTAATGTGGGGTCGTACGTACTTTTAGGCCTGTCATGAAAGCAGCAAGGTCCCTTACGCCATCGGACCCCCTTGTTGGCTAGCCCTCGTACGACCAGTTATGTTGCATACGTGTGTGGCAGCGATTGCTAGATTGCCTGTGGACCTATTTGTCCTGAAGTAGCTAGATGCCAACGTCAGTAAGTGCCACCGCGTAGGGGCAACCACATTTGCGGCTATTACCTCTAGAGAAAGGCCTACTGCTGGTCACAGTACTCATCATACGAAACACTTGAGTCTGAACCGTGTTCCCCGATTGTAGTTTCAAAGCTTCTTAATCAGAAGGTAGGCG,1537,48.28,Escherichia coli
SEQ_311602,TGACCAAAATCTATGTACCCATATTAGGGCGGTCCACAACGTCTCTTAAGCCCGTTGAAAGTAGAGGTTAGTTCCATGACTCACTCTTTGGACCTATGAAATTTGATACCGGCTTTAAAAATGACATGCGAGGAATGATAAACATGGGCCCCGATAACAACCTATCATACCTCTATTAGGGGCACTATGTTAGTTCGTTCACCGCTGTTTCAGTAATAGGTAACAATTAGTGGCTTGCGTCCCACTCACCGAAGCTCGCGTGATTCTCCACTTGACGCAGCGAGAGTACCCAGCGGTGGTTACAACGAGCTGCATAGTAGGTCCATACTACGCATAAAAACGCATGTCGTATCATACCACGACGGTCTGGGCACAAGTTTCAGTAGGATGTCACCATAGGGGGGGTGGTTTAACTAACGAAGATTATCAGTAGCCCGGCAATAGTCGCACTGCTGTAGCATTTCTCTTAAAGGGTTCTTTCAAACAATGGCAATATTCGCTACTGGCCATAGACTAGGTAGAAGCAAATCTCCTCACGTATCCCGTTACTAGCACGATATGAACCGACCGCACAGTCGTCGCGAATAGACGTCTCACTTAATAGGCGTCGAATAGAGTGTCCTAGGACCTACTCAGACCCCGTCATGTATCGCATTCCGTTTATTGTATCTGTAGCATCTAGTAGGCTAGTAAAGTGTTCAATATAACCATTAGCTCGAAGCGTCAACTCGATGTTCTGTATCAGTGCCGTGCGGAAACGCTCAGTTGGACCGAGATTGTGACTAATGTTTTGCTTACGATCAACTTCCTGCCCCAAGTCCTATCCTCTCGGGCCCGGGAGTGCCCTTCCATAGGCTGGTTAAAAGCCTTCGCCTCGGCCTTAATGGTATCTCTATTTAACTGGATGCAGATCTATAAAACGACAGATGACTAGCCCCGGGCCGTGTTGTATAATGTGAGTAACAATCGTTGAAATGAAATGACCTCTCCCATCGAAAGCCCACGGCGAGGAGTTTCCCTTCGCTCAGAACTAGTCGACCACGTCTCCCATCAACTGATGTTCCCATGTGTCTGTACTACAGAGAGGGACGCCCTTGCTCATAGTCAGTCAATTATTATTTCACTCGGTTACGATATCGCCTAACGTGTAATTATGTCCCCGCACCGAGCTAGGGAACCGGTGAAGAGAAGCGAAGTAACGATCAGCTGATTCAGTGTCTTTGAACCCGTACAGGATTCGCTTTATGCCCGGAAGCTGGAACCGAGCCTGTTACTTCTGACTTTAGAAATATCGAATAGGTAGAGTACATCGTCAGGATGCGTAAGGGCACTTCAAGTTCGCTTGCCTGATTAAACACGGCCGAGACCGCTTCTAAGAATGGAAATGTAGAGCATGCGTTAACGTCAGCATAACGGATTACGATACACCGTAAACTTTAGTGACTAGGTTAATTGAGATCTTTACGCACTCAAGCAGCCCCCGTTGATTGCAGATACGCTGTCAGCCCAGCGTTTTCATTAGAAAGTTCCGTGCATCTTCGCTACTCACAACTAAGGATGTTGTTTCCCGGCTAATAGTTGCGTGATATTGCGGCATACGTCACAATTCCCGGATGGCCCGGCTGAGAAGAATCCTATCGCTATAGGAACACCATAGTATAAGGCTGTATTATCTCTAGTGCGCGCAGCGCAAACCCTAAAGTCCAGGTGC,1711,47.28,Arabidopsis thaliana
SEQ_585399,GCCCATCGTAGAGTTCGTACACATATAGTCCGACCGGGACATATAACGCCTCCGGCGACCGGGAGTCCTTCCTTCCTGGGATATCGTTCGGTGCACGACGGATAGATACCGTGCAGCTATTACCAAGCTTGTGAGATTAGGTCAAACAACGCGGACAACAGCCCGTCGGCGCGCCCACCGCCCGTTCTTCTATGGGGCTATTTAGTGGATCATATGCGCACTTCGGTTGGTGCACGCTGGAATCGCCTGATAATAAAAAGATGATACACACTTTCGCCAAGCTGCCTGGGCCATGTTGCATTAGCAACGATTATGGGGTTCGAGGGGGTCTGGTGCTGCATTACAAGTTTCCTTGAAGGTATTAGGCCCTCCATAGAGCTGTTTGGAGAACGTGTCCACAATCTCCACAATTGGGAGATCTGCAGGCCCGCAATTTACTATTTTCACTACGTAGGAGGCTGTACGGTGAAGTTTAATTATACATTGAGTGTCTAAAAATAAAAGCAAGGACGCAGTGTGGAACTCCGGGTGGCGGCAAAATCCCGGTGATCAGTAGGAACCGGCACAACTGCTGAAGCCCCCATACATGGACCCCTGAAAGTGGATCCATAATTCACGTATCACACGTCCTAAAGGCGCGTCCAGGTCACTCCGGGGACTTGTGTAAATAACTGTAAGCATCAAATGGGAAGTTCAGTCCTAAGGACGAGTATTAACGCGATGCCGACAGACTATCCTTGTAGTGAATGCGGTACGCCCTGACAAGTTATTTTGCTGATCAAACTAGCTAGTCGTAACCTGACGTTGAACAGTCGTATCTTTCGTGTATTTATACATGAGTCATTTTTCGAACAGAGATGTAGGCCTTCGGCGTCCTCTCGTGGCTAATTACGACACGCAGCGCCGGGGCTTAGTTACAGTGATACAACGCGGGAAATTGTGTAACCTCGGGACCGGTATTAGTTTTAGGCAAAACGTACTAGACCGACTCGTCTGTAGGGTTATGGGTTGACAAGTGAGTTATGATGCTACCCCAGGTAGTTTTCAGGATATAACCCTTGAGCTGCAACGCTCCTAGCTGATGTATAAATTTGTTTTCGCTTCCACGCTAGGTTATTCCATTACCACTTCGCTTCTAGTAACGCATGCTCTTAGCACACCAGGGATTAAATGCCATAGCGACGCTCGATTACGCGTAGTTTCTTGGACGTACAGTACAGCCCCATCTGGAAGCGGTGAATACATGGCGATCATCAAAGTTCGACACGCTAACGTTGACTGATAAAAGATGAGGAGCTGGCATAGCCATCCCTAAAAAACGACTCGAGTTTTGGTAGAGGTTTTATGGGCCCCTTATGAGTAATTCTTCAATCATTGAGCTGACTGATGTAAACACGCTACGCCCAGATTGTTCCGGGCTATCCCTTAACCGTTGGTCTGCCGTTGCACGACGAGGAAGTCAAGTTTAGACACCTGAAGACTTGCGCACTGGTGATAAAATATCACCGATGGCATTGCCACTGGCTCCGCCCATTGTTTGCAAAACAGTAATTGTCTGCGCCGGCACGATGAGCTGACCAATCGACCAGTCCCAAACACACATAATCCATCGTGGTAGGCCGCGTTGTCATCCGATCATTATTTCATTCGCGGCGTTTACTCAAAATATAGCTATTCAATCCACATCACCGGCCCGAAATGGGATGATCTTGTATTAAGTAGTCAGTATTTGGACAAATCGTGATTATATCGTTGCCCGGGGCTGGTAAGAGCCGCCAGATACACAGAAAAGGCGCAGATCGCGTCAGAGTTTTCTATCACTACGATTGAACATGCGATAACC,1843,48.29,Arabidopsis thaliana
SEQ_825538,TAGAGCGCCTTATTCGGCAATAGTGTGCTAATAATGGCGCATGAACAGAATCGAGAGCCTTCGCAATATCGGCTCTCCTCTCTAGCTTGCCTGGATTTAGCTTAATATACTTCTATCAAAAGCTGCGTTAGAAGTAGCGACCCCGCCGTCTTTCTTATTCGAGATTGGGGTGTGAACCCCCGCCGAGTTTCTTGGCTTACCTCCACCTCGCACGGTTGTAGAGTATGAATAAGGTGAGCCCCTAAATATCACAATTCCATCGATCAAACTCAGATAGCCCATCGATGACCCTAAATGAACGATGACCCCCAGATGATCCGTTACCGACCACCTCGGCCACTGCACGGCTTAAGCGTAGCGATTATAGTTCAACTTTTGGATCCTTAAAAACCCGCAGTCCCCCCCTAATTGCTTACCGACCGCTCGCAGCACAAGCACGGGCAGTTGGATGTGGACATACAGCAGCTAAGACGGGGGATCACCTGTACGCCGTACGCGGAAAGCGCCCCAAGTGGCGGGAATTCTGGGGGGCGAGGCCATGCGGAAAAATATTCGTACAATGATTATCTCCGACGGCCGTTGGATTCAAGGAACGGAAGGACGGAACTCTTTCACAGACGTGAGGTCCAAGGACAATGGTTCATGAGGGTACTATCAAGTCGTCGTCACGTAGTAGGTGCTCCTTATTGGATGCACAAATAGAACACCATACGCTAACAGCTACATTTGGAGTCCTGTAGTAACGTACGTGGGTCTTGCAGGAGTGCCTTTTGTAGCATCGTACCCGCCTCTGTTCAGGGTTTAACAGGTCGTTAGAGGGACCTACAACGAGACGAACATACCA,844,50.47,Homo sapiens
SEQ_949202,TAACACGTGTAGGGAAACACAACTCCGGGGACCCCATAATGCATAACCGCGATTAAGGGTTGTTCATTGTACAATTACGTCCATCCAGTATTCTGAAGAGCCAGCCTCACAAAGCCCTTGCCCTAGTCATCGTGTCTGGGCAATATCCACCTTTACACAACCGATAGGGGGACGTGTTGGATGGTATAAACGGACGAGTTAACGTCATAAGAATGGACAAAAGCCCACCACCTAACTGGACGTCCCTGGGCACCTGTCGTGAAAAGCGCGACTGTATCTGTCCGCCGACAACGCTATAGTAATCCTTGGCAGCTAGCATTTCCCGACAGGAGATATG,337,49.85,Drosophila melanogaster
SEQ_161258,GTCCGTAGGCGTGGTGTATTGACTCTTTTACCCGGCGAGTGGCGATCTAAACAGCGTACGTGAGGTGGAGAAAACAGACTCCCCTTGCATTTCCGCTCCCTATCCTCCCCTAAAAATTGTAGAAACGGCACCTGATCCGACGGACGAAGTATTTAGCTGGTCTATGAAATTAAGAACGTGGCATACTGGAGGGGTAAAGGTAAGAGTTTGGGAAAGTCGGCAGGTCACTTAGGTAGAGGAGCTGCAGTCCTGGTTTATGACGTTGAAGATCCTGCCCGGAATTTTTTATAAAGGAAGATCGACCTGGCGTCTTTGGCCGGATTAGTATTACTCTAGCTCTTACAGTTACCGTGGGGGAGGAAGTGTGGTCGCTTTATGAGCCCAGCTGCTCTAAGTGCTGTTGTCGATCACCGCCGACTCAGCGCAACCAGGTGCGTGGTCATTCCTAATTTGAACTAAACGCTCATTTTGAAACCTAGAAAGCGGTCGACGACTTTACGTCACGCAGGCTCTTGAGCGATCTGGGGTGGCTCTTTAGCATGGTGATCACGTTGCTCACGAGTCGATACGCCCAACGTCCTTCCAACTACCGGGCTCGCATAACGAACCAATACCTACAAGGACGCCAATTATGCCTCTAATGAGGACGTTAACTTGTGCGGCTACAGTGAGCCGAGCAAATTGATATAGGGTTACAATATCAGAATTTGATGCATCGATTTCGCCCGAGCTTCCCTCGGGTGGGGACTTCGGGGATTGTCCATGACGAAGCAGCGAGATCGTACAGTCTTGCACCAAATCTCGCGTGGACGGTTCTCACTACATGCGATGCGTAATATGTCGGATCAAATCGGGGGTTTTAAAGCAGGGAGAACCATTCTACAATGCAACGATCTATTTTTTCGTACCTTTGTTTCAGTCTTTTATCATGTAAGCCTCGTAGCCACGGGTCATAAGGCAACGCAACAATTAGCTGAAGAACATCTTCAATCCGGCCTTGTCCTGCTGGCCTATACATCGGTGACAGCGTCTTCGATCCGATATTATATTAGATATGAAGTTGGCGGTAGAGAGATAAAAACAACCGTCATTGGACGTATAGGGTCTTCGTTGTACAATTCCATAGAGCCTGAGGATGACGTCGTTCCATGTACGACACTGCCATACTTCCCCGCGGCTATGTTGGCGGTCCCGTTTGACGCACCAAACTTAAGAATCTGCATAACCTCTCAAAGCTGAGAACAAGAAAAGCCTACCCGATGTGAAGAGAAGGGCGTTAGCAACTAATGTACCCGGCGGGATGGCGAAGTGGAATCCTATATCCGAGCACCACCAACCTTAATAAGTCCCGCTTGGACACATGTCGTCGAAAAGGCTCCAGGCAGACACCATTCTACTCGTGAAACGCAGTATCTTCTCATATGCGACACTCAGAGGCAGATCACTCAATATCATCGTCTGGGAGTCTCTTATCTTGAATAATAGCCTGTGGCTGTAGCGTTTCTAACCGAGGAGACTCCTAGTGAGTACCCGTCTTTCTGTAGTGTGGCGAACCTACTGATGGGTCAATCCCTCCCTGTATTTAACATGTACAGAAGTCGCTCAGCGTCACAATAATCGCTATTAACAATGGCAGACTATACAGTCATCGGGGCATGCCTCTTACGCCCAGTCGGTCTAGCAGTCCTTCAGGTAGGAATCCGGC,1705,48.91,Mus musculus
SEQ_922885,CGCTATAGATGCTTGCGCGGCTTTTCTAGTCATTAACTCCATACATACTCTTGGGCACCTTCCTCCCACAGACGATCTATCCAACGTTACGTCTATCTGGAGGTCGTCCTGCTCTGCTAATAGGTAGAATGCGCAGTGGTGTTAGTCCCCGCCTTGCGGAAGCACCTGTATTTACTCAGACGACGACCGTGCAGGCAGTCACCGTAAGAAGCGGTAGTCCATCAGATAGCTAACTTTTCTTAGCGACTCCGGCGAACAATAGGTAGAGTGCCCTAGCATACAGGTAAGAAATGTATCGCTAATGTCTATAGATCTATAGCGCCATGGGGTTATCGTTTCAACAGTGTTAGGGAAAGTTATACCGCAGGTCGAAGGCGCAAGAGTTCATGAAAGCTAGTCACGAGTTCGATCATCACACCACTAAAATAGCTCTCTAGTACGATGCGTGCGGCACATGCCTTGTGTTCACCCGAATGTGGTCTTACTCACAAAATGCGATGTAAGGCTACACCGCACGATGGCAAGACATCTTTTCTCACTTTAGTTTCATAAATTCTTTAGGCCTGTGGCGCTCGATTGCTGTGTGCAGAGCCGTTCCGTACTAAAGACCTACTTGCACTGAACTTGGCCTATGTATGCTAGCACTAAGTTTGTGGTACTTCTCGGCGATGTAGTGTCGGAAGTCTTCAGGAAACGGGTCTTAAGCTTCGGAACCAGAGTGCTCAGGATCACCCTTTATTGCCACCATCGGTAACTTAAGATTGATAGTGTGCACAAGTGGTGTCGGACGATGGCCCGCTGGTTGAGACTGGTCCGCGTGGCTCAGCCCAAGGATAATCTATCACGTCAACGCACCGAGAGCACCCGTAACGAAAGCAAGGGAGAGCACAAGGCGAACCTCAAGTCTTTCTAGTTGTGATTTATTCTAGAAGATATCATGCCCCCGTATCGATCCATCTGTGTCAGAGCAAACCCAGTTAGCGCCTGGCTAACTCACGGCCTGAGGG,1007,49.26,Mus musculus
SEQ_807968,TGTGGAATCATTAGCGAAATTCCCTGCACAGTTCATAAACGGCATCAAGGTGATGCCGACGTTTAACCGTAAGGACTAAGGGAAGATTATCTTCCATAGACCTACATAGCCATTCAGTGGCAGTGCATGCGGCGTGATAGGAATCTTTCAGGAAAGGAACGTAAAGTATCGATTGTACGGCAGAGTGACGGGGAAAGCAGTCTATCCTCCGGTCGCAACTTGCGTAGAAAATGGTACTTCCGAGCTGTAGTGTACTTCATTATTACCAAGTTCATATAAAAACACTAATGCTGCGTGTTTAAGGACCCCATT,312,44.55,Saccharomyces cerevisiae
SEQ_776648,CAAGTTGCGGGAAGCCCCACATGGGAGCAATTTGCATGCTAACGACGACGCGAGGCGCCGTCTGAGTAACGTCAGCTTACACATTAACTGGCCTCATGTCGCTCCTGCAAAATTTTGACCCCTTAGCTGCTTTACACACAAATGTATTCGGCATGATACCACAACGCTCCGTTTCTATTGGTTTGATATTGGGTTTATATGATTTGCACCCATTAACTACAATATTCAGATTTCTGCCCTCATTAGACGACAATTCATCTGTGTTGCGGGCGGCGTGCGCAAGTGGGCCTTCGTGCACCGTGAAAGAAGAATCATGGGAATATCGGTACAATCTAGCACTTCATGAACGCATGAGTCGAAAAATCTAATCAGGGCAAACCTGGAGTCAAGCACGAGAGCTCGAGCATCTGATCCAGAGTTGAGTTAGCACTCCCGTGAGAATAAAAAGCGAAATATTAGCTCGGTTCAAAATTGATGTCTAATCAGAAATATACTTGGTAGGCGTGATTCCCTAATTGCATCCATATGTGCTCCTTTAATGCAAGTTTCGGAGAAGCTTGGTTGTGTGCTGACCATTAGACGGGGTCCTTACGGCACAATGGTACGGGACTTTTCGGCTTGTGTAGGGACCTCACCGTCTCAATCGTGCCGCAGGCCCTGCGAGCCTCCGAGGCGACTCAGCCCCAAGCCAGGCACTGCCTGATACCATATCCAGCACTACGGTATCGATGAGATCCGGTATGCAACGGACGGCCACGGAGCTAGTACAGTCGGGTCGGAGTTGAAAAGCTGCGATACAAAAGTTATCTGCGTCTGGATGGCGGATCGTGCCGGCCACACCCGGACTTACGTTTAGGAATATTCGATTTGGATGAGGTCCCTCTGAAGTTGGTTTACTAACTTAGATTGCACGATGATGTCCATACACGCAAAGAACACGCTACAGTTTGAACAAAGGTTGCTTTTCAGATCCACTGTCAC,981,48.62,Arabidopsis thaliana
SEQ_330304,CAAGCGAGAGATCGTCGAACATAATCGGGTGCACGAAGTGTTCATTGCAGCTACAGCATGTTCTGATAAACACAGTTGGCCTCAGCGGTTAGGCAACCCGGGGAAGCTTCTCCTCATATATGACCTGACTCCACAGACCAGGTTTTTCGTCGATGTCGAGCGCCAACGTAGGCTAAGGCCAAGTAGCCCAATGTGGGTATTAACGGTGCTAAGGAGTCG,219,51.6,Caenorhabditis elegans
SEQ_140704,GCAACCGGCACGAGGCTTATCTTTGAGACGAAAGGGATCCAAGTTGCCTCTATCATGCAGCGG,63,53.97,Escherichia coli
SEQ_150059,AGCCGTGGGCGTGTCCATAGCGTGGACCCCCTACACGTCGGTTGCGTCTGACAAGGGAGACTCCGGTGGTGAGCGCGGTAGTAGGCATCCCAGATGCGTTCTCCATCTAGAATTACAGTTTACGTTTCACATTCTGAGCTGGTTAATCCGTTACTGCTTGGATCGATATTACCTCCAGCCTTGGGTTGTCCGAACCGTTCGTGACCCGGCCCAAAGGCGTATAGTAAGCCTCACCGTGAACAGTTCTCTAAAGTTGAGCATAAACCTCCAGATCATAACGATCAACAATGGCACATAGCAACAACTTCAACTTCTATTTCTCCAAACCATGGCGTGGGGGTCGGTGGCCAACGGGCTCTATCGCCATATCGCCATAGTGATGGGCCCACATGGATCAGGCTACAAGAGATATACTGAGGCACAAAGCAAGGCAGTGTAGCGAGCTAGACACCCACAGTTCGACTCACTACCCACTGACTCCCGGCGACCATAGAAACCAGCGGGCCTGGTCTATTCAGGCGTTCGCGTCGCCGTGTACTTGGTGGGAATCCGCTTTGGCCCCCTCCCCTGTTCAGAATTGGAAGGATTTTAAAGCCCGATGTGTACCTGCAATCCCTCCCCGCGGAGCACTGGTGTGGTGCACATAGGGGAATGCTACGCGCCTTGCAAAAGCTCCCCGCAGAACTGCTCATTAACCTCCTACGTGTACAAATTAGTAAATGTTAACGCGGACCATCATCCCAGAATGCAAGTTATCAGCATTAATTAATCGTGAATCGACAAGAATGGCAACTTTCAGTTAAAGCCGTAATGTCCCATTCGCAAGGAGACACGCACTGTGTAAGGGCAACGCGTAGAGACTCATTCATACCAGTTTCGAGCCCAGTGACCGTCCGAGCCAATTGTCGCACCCGCGGAGGCACATTCTGCATAGTCTATAGGTTCGCAGCGAGTCCCCTACAGCGATCAACGGCGCACGCGCTTGTAGGCCGCCCGGCATGGATCAAATGTCCCGCAATGCTAGGAAGAAAGTACAATTTTGTGCTTTGAAGAGCGCGCACTTCTCGACAAGGCGAGATAGTGCATGCCCTCTGAGACATCCAGCCACATCCTGGAATGGCGTGGCACCCGATGTCTACCGTGCCGATCGAAAGCATTCATAATTGCCTCTCATCCTCGCACATACACAAGAGAATACTCATCCTCCTTATCGTAGCCCATCGGGCCTTTGTAATGCGCCCCACACGCGTGAATATATTAGGTATTGCCACTATAATTTAATAGAAACTTG,1291,51.82,Arabidopsis thaliana
SEQ_111926,CCGCTCTTATTCTCTAGGTCAGCACACTCCACGCTCTCCAAAAGTAATCCGTTAAAGTGGGTGAAGTTTAGGTAGCAACACCGATTGAGCAACGCCGTGGATGCGTCGCAATTGTGTTAAATGGAGCTCTCAAATCAGGAGGGCCCGTCGACGCCTACCTCCGAAAAACGATCCGTTTCGGATGTAAGCAGCAGGTTTACTGCTTCTGTAGTGGTAAGGGACGTACTTGTAACGATAGCCGCCCCGCAAGGTCCTTAGGCGCTGGATGGGGTAAATTGCCACCCGATTGTTGAGTGTTTGGGAGATGTGGACCTCAGCGTTCGGCGATTGGCTCTGATAGCCAACGGGACCCCAAGCCTCATCTCTGTCCGGCAGCTATCATATTAGTTTAGGACTCACAGACCAGTAATTTTTTTGCACGTTTCCTTTCGCAACACTCCAGGTACTAGACTGCACTATGATGATAGGGAGCTCGGCACGGCCACTAGAATCTAAGTAAGCCTTGCTGCACCCACGAGAGGGTAGGACGCGTGGTTCAGACCTGCCCGAAAGCTACGGCGAAAATGGCAATTATTGCATTGATTAGCCTTTCAGCACTGATAAGCTAGTCGCACATACTTTGCATGGCAGCTGGACTGATCGTTAATACTTCCGGTTCTCAGGCTCACTGCCCCAGACGGAGTATGATGCTGTCGCTTCGTCACGCACCAGGTTTGGCTATTGCTAATGGAAACCAGAGTCGATGTAGATAGTAGCA,757,50.86,Mus musculus
SEQ_722759,AGCCTGATAGTGGAGTGCCTGGTGTCCGGGCGGCACTGGAATTATTGCTCCTGCACCGTAGGAAAGTCGGAGGATCGGTAATCGCTATTATCCTTCACCCGCACTACACTAGCCCCTTGTTTCCTTCAATGTCATCGTGTCGGCGCTAGTGACCTGGAAGCTAATTTCCCAATCTTTCGATCTACTTCTAAGATCATCTAGCGCGCGAAACTCCTGAACCTACGATTTACGTCTGTGGACCCTAGTGCCGGAACCGTTCGAGAGTAACCTTAATACGTTAGCTGGCTGTAGACACGCCCTAATGTTTATAGGGCCCGGAGCGAAAACAACTCTCCAGGCAGGTCAAGGCGACCCTGGTCTTCAACATTCTCTGACGCGCAAGGAGTGTTTCGGCAAATAACTGCTGAAGTTAGAAGCGCGTTTATAAGTAGTCTGACTCCTTCCTCATTCCCAATCGCGCAGAACGCTACTGGACCACTCAGGATACCCACCGTTTGTTGGCATTGAAATTAGGTGGCCCATCAAGCGGCCATAAAAGATAATTATACCCATAAGCACACCGGTTAAATCCACGTGGGCAACCGGTGATCCTTGTTACGATTGACTACCCCCCCATTTAGTGGAGGTGGGCAGGTATCTGCGCAGATAGAGCCGACTTAGACCGAACTCGTCGCGCCCGCAGGGACCCCTGACATCTCCAAAGATACTTTACAGCTGT,718,51.11,Homo sapiens
SEQ_503911,ATTGTCATATCGGTTACAGACGGATCCCTTCGCTAAGGCTGGGCTGTCCGCGGGAAGGGGATCAATGGCAGTCAAATCAGCGATGAAAACGCTCTTAGGGGTCTATTCACGCGGCCCCTCCGCGCCATGTCACTTAGAAAATGGCCACTTATTATCTTTAGCATAATTCTGCGTACGAGTCGGCGCCAGTTTTGTGTCACTGGGTCTGCGGCGACTGCTCAGGAACAAAATAACCGGCCCTACATTGTTTTGTTCTACAAACCGAGCCCGGTGTCTATCGATTTCGGCGGCATTTTAATACCCGTTACAACCTGTATGCTCTAAACGTGGGTTCACACCAGCATTTCCAGCGCTTGAACGGGAACGGGTTCGTAGAGGATCCACTAACTGTATGAAAATAGGTTGTTTACCTTTGATAACCTATTCATGTAGTTCTGCGAGGCTCTCGGCGAATTCAGTGGGCACAGCGGCCCCGTCCTCCCGACTTGTAGTGTACATTTTGTAGTGCGGTCTCGCTGCAGGATCTGCTACCAGACAAAGAGGGCCTACTACTACTTACGCTCTCCGGGGAACTTGCAGGACGCTCTGTATGACTGTTGCCTGAAGAGGGCTTGATTCTTCTTGCCGCAGACATTAACTGCGGTGAACTGCTCATATAAACCGGTTTCAGCTGTTGCATGTGGTCGCTGAATCACATGAGGCGGTTAAATCTTCCCCACGCATTAGTAGTGGATGTAGTCCCGCATATCAGGCCTACGCTTTGCCTAGTTTAGCTATCAATGGGGTTTTGCTTAAATTTGTACGGGCGGAGACGGCGAAGATTGCCACCTACACGCGGCACTTGAACACACGAAACACACTAGTCTACATGGAATTGCTTCCCACTCGACTCTGCCTAAACATTGGGGCTGTATCGTTTCCCTATAGTTAAGATCAGATCCAGTCGGTGCAAGACCGTACTTGTGGCGTCAAGTGCTAAGGCAGTGGGCCGGTTTGACCGAAGTTAAGAATAATCCGCTGCAACTCCAGGTCCTCGGAGAGCGATCCATTGCATCGGAGCGTCTGCCCGCAGCTACATTCGTCCTGGTGCTCGGTTGCAAAGGATTTTGCTAAAGATACATTTTAATATCGAGTCTAGACTGGCGTATTACTCAAAATTTTCCGAGCGAGCGGCTCGTCCGAACTCGCAGGTAGCATCAATTCGCATTCGCGCGGCATCCTTTAAGTGCGTGAGCATCTTTGGAAATCTCCGGTGCAGCATATAGAGCCTTTATCAACGCATCAGTGGAGCAAATACGGGGTGGCATGTCAAGTAGCATTTAGTTGCGCGGTCGGGCCCCCTACACTCGCATCGAGCCGGACCTCACCGTCCAATAGTCCGCCTGGGGCTTCAGCTTGGCTAGCCAGTATAAATGAAATACTTGTACTAGAGTGGGCCTTGGTGTTTTCCGGGAAGCTCATCTGCAGGGCTCGTCTCTGAATCTGCTCTCATGTCCATGGGCACAGGACCGGGAAATCTATATGCATCAGGTTACTTCGTTGTTTCACAGACCCAGGATAAAAATATGCTTTACGTACAGCCGGGATGTCATCTAGTATCCCGTGCCATTACGTGGGAGTGTTTGCTTGAAGACTATAGGGAAGTCGGGCAACGAAC,1657,50.51,Arabidopsis thaliana
SEQ_449416,GCCTTAGCTTTTTTTTTGGTACCTAGCACAGGACCACGCTCGCCTGGGTGCTCACCTGTCCATGTCCACTGCCGTCAGGACGTCATTTAGAATTGCATAGGCCCTACCGGACTGCGAGCGGATCGCCGACGTCTGTCATATCACGTGCTCGATGTGTTAGATGGAAGCAGGGTAGATGAAAGTAGTACTAGTTGTAAATGCATGTAGCTGAGGCATAAAAGTCACAGGCCCTAACGGGAGGGTTGTGTCAGTTATGCCGAGTTGTACAGTTCGAATATACGTAAATGTCCGCGAGTATTAGCTCGCCCCTCCCCTCGCGTCATGCCGGAAGCGCTTTGTCAGCCAAAGGCTCGGTTACTAGCGGACGTCCGTTACCGGATTTCACGGGGAGGCTCTGACCGGAATTAGGGACTTCTGCTGCAGTGTCAAGAAGAAATTGCTTGAGAATATGCTAATTGGGATCCCGTGTAACAGTTCCAAGAAGGTTGAGGACAAGTCGAATAGATCCGTTACGGAGTCTGTAGTCAGCGATCGTGAACTGCCGCTAGGGTCGCTAGATGACTTGTAGTTTGTGCCTGGTACTGGTGTTGCCTGCATACGCCCGCATAGTGCAGGCTACAATCGAAACGGTCGGGAGGTGAGGATGCACACTGCATTCAGGGGTACGCTCGCCCTGAATGTCAACAAAGACTAAGGACAGTCTTGCGACTAATCATTGACACAGAAGGATGACTTCATACGGACTCAAGATCGTCATCACACCCTAGATAAGATGTTGGTAGAGCGAAGGTTCAATTAGCAGTGTCGTGACCTCCCGCGATCGTAAGTTTAACGGCTGGCGCCTCGAAAGGTAGCTGCCTTGCCTACCATCAATCATCATAGCTTCCCAAAAAGTTCCTCTAATCATCCGCGGTCAATGATGCGTCATTAGATGTGGTACCGCATGAGTGGGTACGGGGGCGAGATTTCAGGATGAGTGAGAACGAGAAAAGATGTTTTTGACCAGGATATCCTTAATTCACAGTCTTAGGGAAATTTTCATTCGGGTCTAGGGCACGTGTAGCCTGGTGAGACCCGTTTAATAATATGGACTTCGAAATTGACCTTTCACTTTCAGGCGCTGTCAATTCACCAGGCACGTCTTCTTTTAGGAGAATTCATGGACTACACTGAGGGGCGTTCAAAGGGCTAGTTCTAAGTAGTGCCTAGTTCGTTATCGTGCACACTCTTTCGATTCTATGTTGTGTCGTTACAGTTTGGTTCCGTAGCTGTGGCCGATCGTCCTGAGAGGAAGTGATTACCATGCCCTCGCTTTAGCTAATCTAAATTGGGTAAGAGAGTATACGTTTGGTTACGGAGACTGACTGCTTGGGTACCCTGGTGTACTATCTACTATGGAGCATGAACGCAGTTCGTTACACGAGTACCCAATAGAAGCTCGACCTGCCCTAAGCTGCAGCTGTCATAGCTAGACACGGTCTCTCTTTTAGACTGTTTAATGAGAAACATTGGTAGCTGGATTACTGTATTTGGGCAGTCTCAGGACGAATTTGCCTCCGCAAGGGACGATGTTTTCCGGAACCCGTTCAGCTGACGTCCTAGTCTACAGAAATTTTATATTTAGGTGTTACGGGGTCGCCCCCGCATGATTTAGCACTATCTCAGAGACCTCCTGGATAAGGTCGCAATACAGGGCAGGACTATCTCATATACCCGTGAGCTGCTAAAACACAATGAGTTTAGGTCAGTTGTAAAGCAAGAAGCAGATCTTGTTTGAACTTTGAATGGAAACTAAAGGTAAGGTGCTCTTGCACGAGTACAGAATGATATTTGTAAAACCACCGAAATGAATGATCACCGCCTCCCGACTGGATGCCAGGCCTCCGATCTCTAATCATTCTTCCCCTCGTTTGGCGCGCTACGCGTGCATAGAGCTTATGTTAGCACGACTTCAGCACGAAGTGAACCGGGTCGCACCGTGACA,1984,48.74,Homo sapiens
SEQ_868698,GTTCACGAAAGTATAGAATGAACAACGTTTTCCCCTCACATTTGACCAGCCTCTTCCGGGGAAACTAAGGTAGCGTCCAAAAGATATCGAAGTGGACTGGGTGATTCATACGTAGACCACGGCGATCCGTGACCTTGTCGCTATAAACCTGGTGCCGAACATCCCCATTGGACACGTAGTCGCCGACATGCGCATACAGCCTAACATATTCACGGCGGGTGTCGGGCCCGAAAATCCCGTGTATCCTAGTTATCGGCGGACGTATGCCCTCGCCCGGTGCAGTCCCTATCCAGATCATAACCTAGCTCCATCGGGGCTTATTTCCTCTTGATCGAACCGAAGTGAAGAGCCACTTATAGGCATCTCTTGCTGTACTTTTCTACCCCTGATTCCCTTGAGCTCTACGAACGCGATGGAGCTTCATTAAATCATACCGGTATGGGGTCTACTAAAGAGGCGCCCCAACTACATAGCCCAACTGTGGTTTGCATGGAGCTTTTCCATCGGCCATTGCCCCAAATCACAACTTACGTTAGGACTGTCCTTAGTGGTTTAAAACGAAGATATCGGTGTCGCATGTGATGCATTTGCGGATCTGTCTCCAGGCGCAGGCATCGATTACAGCGCGTGTCTAGGAAGGGGATTGTCACTCCTGACTGAAAGGGTTCGGTTATAGGACAACTTGCAAATATAGTGACATAGTTTCCAAAGCTACCGGTAGCCGTAGTTGCATGTCAACGATCTTCTCACCTGCTTCAGTACCTGGCCGCAGGATAGTAACTGGCGTTAATCGTCCCTCACAGGGTACGCTACTGAGGCCTATTAGGGTAATCACTATCTCAAGATGAAGGGCCTCAGCGAGCATAATTGGAATGGTGTATCGGTCATTACGACAGGAGGTAGCTGTTGTTCCATCCCCAAGAAACACGACACGCTATGCGATGAACATTTCGTGGTTATTAATGCTTACCGGCGGGGACTCTACCAGTCTTTCGCGTCTTCCAGGCGGCGTAGGCATTCAAATGGCTCGCGCCCGGCTTAGAAGTGATAATTGGAGGGACGACGTGGTACGGAGGCCTTTGTAGTAGCGGCGCTTCTTGCCTAAACTCGCGACGGTTCGGTG,1123,50.85,Homo sapiens
SEQ_289652,GGCGGGGCCAATACGAGAGCCCGGCCTCGGACTCGCAGTGTGTGCGCAAAGTCCGCGAGGAAATACACAGCATGATTCACAGGCACCGTCACTGGACGTGTCGTCGTCACGCAAAGAGTTGCCTAGGTGGTAGCTATCGGTATTTTTTCGCTGTGAGCTCTGATCCTG,168,57.14,Drosophila melanogaster
SEQ_694249,ATCATCAGGACATCTAGTGCCTACTTGATCGGATCCATGACCGCAATCCAGGCCTCAACATTATAGCTTTTATGTATCAGACCTGGAAATGGTTTATTCGCAGCTACTGACTTGTCCGCCACGCCGTTACTCTGCGGAATCGCATGTGTGTTTACTATTAGCTAGCTTGCCTTGTAGTTGCATGAGAGTTATGTTGCCTACCGCTAGACGATAACATATGTGTAACTCGAACTGACACTGAGGCTTCTTTCAACTAACACCACTCAGTGCGATGTCGCCTCGGCAGCCCCCACATAATTATCAACAATGGACAATGTCACCGAGTTCGTCGTGGGAGTTCATCGGGTCGGTAAGTTAAGAGGCCCTGGGATGCCTCGCTCCGACATTTGGTTGAAGTAGTCGGCTCTCCCATACGCTATCTCTCAGGAATAAACCGAGAGTTACGGGAAAGAGGGGGGACGACGTATTCGACACACTCCACCTCACACCAGTTACCACCCAATGACGGGACCAAAACATCGCTTATGCACTAGGTTTACGCGGACAGTTAGCACCCGGACGACCGATATCGTTTGGTTTTTCTCGTTATCGTTTATCCAGAACTGACTCGCACTTGGCGGCCCCCTCGTTGTTCGGACGCCCGCGGAGGGAACTAGTCGTCCAGGGGTATACGCCGAAGCCGGTGAAAAGCGATCCGGGCCACTCGCAATGCGTGAGCTGCCGTTCTCCGTCACACTGGCGTGAACAGGGTCATTGGCCACAATCTTCGATACTGTTTAAAGCTAGGGTTGCCTCCCCGAGGGTCAGGACGAAGCGGCCTTTTCGACTATGGTTGCACTTGTCTGTACCAAGCAAGAATATATCCTGATAGGGACTGGCCTCATGATCATGAGGCTACTGTCTATTGACTGTCAGGGTCACGGGAGCCGTACATATAGGCACTTCAGTAGTGAGTCACTAGTGGTCAGTCAATCGAGCACGAGTGACGTTTGCAGGGAGATCGACGCTCTTTATTGGACGGTTCTCGAGCCAAACGGTAGATGCAATGATCCAACATCGACTGACTTGTCACCATGAGATTCCCAGGCCACCATCGCTTGAGAATAACTGGCAATGGCGGTGATGTCGGGAAGCTTATGGCAGGTTATACAAAACCACCA,1160,51.21,Arabidopsis thaliana
SEQ_974412,GGCCCCATGGGTGACTTGTCCCACGACTGTTCTTTCACGACTTACTACCGTAATATCACCTCCCGTTGGGGAGCAGCAAGACCACAGGTTAGTGGGCTGCAATGCTCCTCGTCACTACCCAGATCATACTTCTAGGAAAGGGGCCACCAACGACTGTGAATTAATGCGTTAATCCCTATCCCGGGATGAGGGTAGCAAAAATGGAGAGAACGGACTCGCGAGCTCTGCAGGGAAGTAGACGAGCTCAGTCTTCATTCGGGCGACGTCCCCGTAGCGGTTCAAACTATGCGCAAAGCGCAAAGGTGAAGGCCAGCACAACATAGTAGGACCCTATGCTAATAGTTTTCCGTTATGTCCTTAGGACTTCTCTTACCGTGGGTACGCTTCTGACACGGGTACTAGGACGGTCTATACGTACGCGCGTGCTCCAGTGTGCTCTCGATATCTAAGCCCTGTTTAGCTACAGTAAGATAGAGTGGATTGAATCTTTGCCGCATAGCTTCTTAAGTCTGTCATATATGTGCCGCTCCGGTTTGTGAATAAGCCGCGATGCCGAATTCACACCATCTTCGTGTCATCACACAAGCAGACAGTGACTTGCTGTTAAAAAGGACGCAGGCCGGGTCATTCTGTGAGGTCATACGCGTTTCAGAGGGGTGATTTTGGCATGGACGGATCGTTATAACTCAACGGAGGTGTCTTCATTCCCCAGCACCAGATCAGACCAGAACGCTCGCAAGCCTCGGTGGTAATTGGTGCTAACTTTAACTATACATTAACCATACATGGTACGTTTCGCGGACATCTTGCTCGTTGATAGCGCGGAGGCGGCTAACACTAAGAAACGCTTGAGGTTGGCACTGAATAAAGAGGTTTGCGAAATAAGAAGCCAGTGTGCTGTAACCCCAGTGGCAATGCGCCTGGTGCCTCGTTCATGTCAATTAGGCCAATGCCGTCGGCTTTGGACTGGGTGAAGAGTCTAACGGGTTATCCAGACACTCCTCAGGTTTGGCCAGCATGTCCCTGGCATTGAGATTGTACGGAACAGAGGGTGTTGGGCACATCTGACATTATCCCATTTATTTTCTCGTATCAGTACCAACTATTTCTTGAGTATTCCACTGTGCCCCGAACGAGATGACTATTCGTCGTCGCTGGTTTGTAACACATTACCAAGCCGAAATACGCCTGACACAGGCTCGCCACTCAGTTCGGATACATGCCAATTATTTGGATCTCACGCTTGCTTAGTACTGTAAAAACCGGTAGATGACCCTTGTGATAGATCCATTGCTTGCACTTGCCTAAGGGATGTAATCAAGTACAATGCGCCCGGTTTCATAATGATGCCCGTTTTGTAGATCAATGTCGAGGCGTTTTAGCGCTTAGGGAAGGCGGCATCCACTATCGATCCTCATCCATTCGAGGCGTAAGTTATCCGTGCAGCTCGCCAAGCGTAAGGGCGATCTGAAATTTAGGATGCGAGGAGCTCGCTCTGTTGAGGTTCATACGGCCACTGGTAACACAGCCGATGATAGGTGTGCATCAGCGTAAGGTGTGTAACACTAAAGATACCCAGCGGAAAGCTTGTATCCCAAACACGTGTACCCCTTTCCGTGTAATGAGGTC,1629,49.72,Mus musculus
SEQ_916668,TATGAAATCTCCAGCCGGCTACCGGGACAATGACAGCAAAGCCGAGGCAACTTGAAGAGATCGTGTAGATAACGTTATCTTGATATACTTACGGACCGATGTGGGTAATTACCCATGTAGATCGGAGTTGTTCTTGGATGTAACGGCGGCTTCTCTCTATCAAAGTATAGAGTTTTATTTACCGATTAAGGGCACGGGTCTACAAGAGGTTGATGACGGGCCATCGACACGGATTCTGCTTGTGTACAGTCCACCAGCTCCCCTGATGCCTTACTAACCAGCGGGCTCTGAACCAAGAAGGCCCATAAAGTTGATTCTTCGCTGAGAGGTTCGTAGTTGTTCTGGGATCGCGGCCTGCTACATGACTTGCAACAGAAAGGTTCTTGGGAGTCGGTTCTCCCGGTCAACCTGATCGTGAGGCGGCGTAGGTTCTCCCATGGTTTAGCTCTTTGCTTCTCGTCGTAGTCGATCTCAATTTAGGCCCTCTGGCACAGGACAGACATAGGCGGCCAACGCGAGACCGAAGGTCCCCAGTGTGCAGTTTGAGGCAGCTTCGCGGTCGGCCGTTGAAAAACTGCGATTTCCTCATTCAAGATGAAGACGAAACTAGAGTTATTTGCTCGGGAGGCGAAAGCAGTTGATAAACAGAAACCTGGAATTGTCATTGGAGGTTCGTTGAGTGGTTCTTTATTAGGTGTAGACCACGCAAGTCCTGGTCATGCATGTTAACCCGGTTCCTTACTCCACACCACTGTCGCTGGCTCTTCACCAGCGATTCACTATGAGGACTACGAGCTTAGTACCCGGTTAGTATAGGACCCCGTCATCCACAGTAGGGAAGGCGACTTGAGCTGACCTGCTGTTATGCAGTAAATGGTACTAAGGTCTAAGAAATATGTAGAACTACAGATGGTCTTGTGCTCGGCGCAATGCAAAGATCGGACCAGCTACAGTCTCGCTGAGCATTAAGGTGAAACCCTTACTCTATCCTCCATAGGTAGAACTTCAGTCCTGCGAGCTATGGGTCGCCGAAAGCACATGAAGGTGACGGTACTAGCCCGTACGCAGTATTTCCAAAGAAAGAAACCAGCC,1092,49.73,Saccharomyces cerevisiae
SEQ_392635,ACTTCCCCAAAGTCGCCCATCATCTTCAGCTCTGAGCAAAATATTGGGTTCATTAGTGAATATCGCGAATAGGACCCTACGTCCCTTTCACTTCGGGTTTAGAGTTGTCAGCCTCGGGTGAAGGTCAGGTTCCTAAGGTGTCTTCGCCGAACTTGACGCAGCCCTCGACGTAGAAGACTCGATCTCGGCCCCATCTTGATTCAAACAGTGCCAATGCGGTTCCGCTAATGATAATACGGAACAATCACATTGACATGGTTTACACAAGTGTCGGTTTTGCTTTGCAGCCATGGCTGCCAGCTTGAATGGGCAATGAACCACCTCCCCACATGTCTACAGTTTGTACAGAGCATGTATCCTCTAGAGCCGATTGCCTAATGAGCGAAACTATGAGGACCTTTTGCCCTACGGACCATTTGGCGGGTGTCTTGATACATGTAGAGCAAGCGAGCCCTTCTTAACCAGTAGTTGATAAGGCGTCTGGAAGAACGTGGGGGAACCGTCGGACACTAAGCCGGCAGCATCTTTTCTTACTTGCGTCGAAGCTTTTAATAAAACCAATGAAAACGTACGCGGCATGCCAGGCATTAGACAACCAGCTAGGGTCCACGCACTATAAGGACGTGACCTATTTCTGAGAGGTAGAGTAGGTACGCTGTGCGGCTGCGGTGTGTTTCCCATCCCGTACCAACCATATTATCTGCCCAGCATGTTTCCTTGACTACAACGTTGAGCTAAACTTTTGTGTCTACTTTAAGAATGTCATGCATGCCCTTCAATTCTGGGGGGCCCTTTAGACAGTGTTGATTTAAATCAAGAGCTGCTAAACTGGTCGCACTCTTGACTCATCAACACTCGTCGTCGTATGAAGCCCCCGATACGGACGGTCGGGACTTCGGTCCGACTCAAGGACCGATAGAGGACGCGCGTCGTACCTCTGACTCTCTACTTGGATGATTAGCTTGTTCCAACGCCAAGCGCAAAACCTTAAAAACGGCAGGCCCTGATCAGCTGCCGTCACAGTCCGACCATTTATCGAGGCTGCTAGAGGCCCTTCTAAAACAATGATTTTCACGGATGTTGTAATGAGTTTGTTGTCATGCAAAATATCCGCCGTCGATAGATAAGAGTATAAAGCGGCTATCCTCTGGGTTCCTTTCTAAACGTGGCGCGTACGCAAGGCAAGCTCAGGCGTTCAAGTCGATTCCATTGGACGGATGGCTAGATTGTGTTCATCCCGCATAACCCCATTCTACTTAACACTTCGCTGCCGGATACCGTCACGTCTTTCGTGTGAGCTCTCAGTAGGGCGACGTGAATAAAGTGCGCGGGATGCCAACCTGCGGAGCCCCCTGTGCTTGTAGCTAGCCTACCCTGCGGGATCAGTATTTAATACTAGGAACGCGTCCCATGGTTGGAGGCCCTAATACTGGCCGCTAACGTTCAAAGTAGATGTCGAAATTTGGGGGATGGATGCTTGAGAGACTTGGTGAGGTGTGATACCTAAACCATATGGTAGATGGACGCTCGACCAGGATGCTTCTTCGTTCACGGAGGATGTC,1562,49.87,Caenorhabditis elegans
SEQ_282975,AGCACACATAGCATGTGATATATTACTTCTAGAGCTAAGCGGAAATGCTAGACGGCTGAGGCCTATAATTCCGGTGCAGAGACGATCAGCAACAGGGACGCATTAGACAAATTTCCACTAAGTGCCCCGCGCAGGCTAGGGTGCCGAGATGGACGACATAGTGGCAAGTGAGCCCCCGCCGACAGTTGGGCTAAACCTTAGTTCCTAATGATCGTTTGACAAGAAGGAATCGTCCATTCGCTGCTAAGGATGGATAGTGCTAGCTCTCCCCTCGGAAATAAGAGCAATCCAATGTAGGTCTGTACTGAGGGTTAGACCCACTATGGAATGAGTGCTACTTATGTGCAACCGACATATGAGCGGCGGTCTGTATCGCTGCAGGAGTTCGTCGATACGGATCAAGTGACGTTCTGTTGAAACCAACCGGGGAGCGAACGAAATATCCAGTATGGGAAAGTCGAGGCATGTTTCTCCTCAACGTGTTTTCGGCGTCAAGTAAGTAGTCATCTGTCCGGACCTGTAATGACGACCGTGTGGTTAAGAGGGCAAGCAATTGACTAAAACTCTCAATAAAAGAGCCGTGGTGGACGCATAAATTCTGCCTTATTTTGCTGGATTTCTTCCGAAGTAGTAGGTGCTACGTGGCGATATAGTGGAATAGTGTGTATGCAAGATGAAACTTGTACCGTAATGGCAAAGCCCATTAGGTCGCCTTCCCGGACGAGAGTCCAACTGACGGGCCGACCGCGGCTGACGCACTGACTAGGATCATTAAACTACGCATACTTACTCTGCTGTGTCCGCCTCAAAACCCCCGTCCTGCAAGAAGCCCGTCGTGGACCCGTAACACAGAGGTGCTCATGGAACGGCAGCCATTCACGAATCCTCACAAATTCACGCTACCGCTTCTACGACACTTGTGAGTAATCCCCCTCCGCGCCTACAAACCTTGCGAAAATTCTTATCCAGAACGATCCGTACTTTACAAATTACAAATCTAGTTACTGTCGATGCAACTGGAGGGTAGAGGAAGGGAGTACCCCCCAAGGCACGCTCTTTATCCGCACATTGCTACTTGCTACATGTCCCCGTCCGGGCAAGA,1102,50.0,Mus musculus
SEQ_337566,CCACCGCACGCCGGCCTCAGAATTCTCCGTTACGTTTGTGACTGGGGCTCAGCTCGTGGAGGTCGCATGTGCACCATCTGGTTAACCATTCCCTAGGTACATTCGTTAGAGCAGTGACTTTCGAATGGTGGCCCGTACGCCGCTCGATGCCATATTGTATCCCCTGATGCGCTCATCTAACCGTAAATTATCTTATGTATATGGCCGTGTTCTGGGTAGTGGCATCCCAATTACAGGGATTCACTCCGGTAATGGTGTTGCGTGCAGTACCGTGGCGACGTACTATAACGGCAGTCTCGCAGGGGGATATCGATTCGGCGAGGACGAAGTAAGACCTAAACGCCGCTGGGTTGCGTTGTGCAGAGTAATCGCTATTATAATGCTCGCAAATGCCTCTACCCCTGGATTGCGTTCCTCATCATTTCAGGAAAGTGGTTTAAGCAGGGTTCCTACGAATGATCGGCAGCTCTAATTCAAATGTAACTTCTGAGTAAAGGGGTTGCTCAAGCGCATCGGAACGGAGTTCGATTTTCAATTCAACACACTCTTACTGCGGTAGAACTTACGCGTACCGATAAGTAGATGCAACTTTGGGGTGGTCTTAAAATGAAAAGATCCGTAATGGTCCGTCCCTTAGGAAAACCAGATAATAAGGCGAAATTGCGTTACTGACTTTGCGGTTAGTTTGAATCGCACCATTACGCAACGCCTACTGAACGCCTTATCACGCCGATTACGCAGAACATCCTAGGTGCAGTTTTAGCGCCGGTGACGCGACCTGCTCATTCTGAAAATCCTCACAGTACGTGAGCGTGACCCATCGTTGAGCATGAGTATATAACGTGCTGGCGGCTAAATAAGGGAGGTGTAAACTCGGCTGACATCTCGTCTGCTCGAGTTGTGTAGTTCAAATGACCGCTGCTCACCGGAATGGCCCACACGGCAAGACTGCCCTCACAGTATACTGAAGTCCTTCATAGATGCCCCTCATGTTATATGAACAGACAC,1008,49.5,Homo sapiens
SEQ_232053,CTTTCCCGAGCCAACATATTCAGATCCGCTACAGGACGGGTCACTCGGACTAACATTGGGATTAAATCTTCCTCTTTTGGTCGTACTCTACGGAATTAGGCCGCCCTGGTCCCCACCTTTCTCAGCTTGGCATCGTGCATTTCCACAGGTCCGAGGGTCTATGCGGTCGCGCCGTCAGGTAGTTTTCAGTCGCACAAGATCATCGTAGGTCGATCATACCTTAGTTCTAAGCGCATAACGCGCTCCGTTTATGGAACTGACTTTAGCACAGACTGAGGATAAGTCTACATATAGTATGCGTACGAGATACTTACAATCTAACCACGTTAGGCAGAACAAGCTGATTCCGTCGTAGCAAAGATGGCAGATCCAAGGCCGCTCCCGTAGTGGGTGGCACGGGTCAGTGGTGCGCCCGAGAACCACTTTAAAACTTGAAAGCGAAGCGACGCCTGAATATTCCTCTACCATATCTCCCTTAGCTTCCTTAATACCCGATCCACCCCGTCCGAGCCGACGTCCCCCCAGAGATGTACCTCGCCTGTTAATGCTAACCACTCACGTGAACACTGCCATCCTCCGATTAACAAATGTATAATGTCGGTTGGCCTTTCGAGACCTGAAACCAGCCCGCCCTGACCCAACGGTATGGAAGATACCACAACCCATGTGGTCGTCCCGCTCGAATGGAAATATCCGCAAAATTCGTAAGGCCTTGGATCTCCGAATACGTCCTTTGAGTCTCCCATATGCCATCATCTCCTTAGGTAGGAACAAAGATTGCTGTTGCTCGGACCGGCTTATTGGGTGCCCCAGAGTGCAGGCAGCCATTAGATCACGTTTATTCTCCAGAGCGACTACGTTCCTCGCTTTCAACTCACTCTAAGGTGGCGTCTAACGCCGTTGGGCATGACAGACCTATATGGCGGGGCCCGTGACAGCTAAATTACGCTTCCTATCCACGAACACGGCCACGTAGGTGGACGAGGTAGTTCGTGCTGCATGAATGGATTCCTGATGTTCGTCTGATGGCACACCCACATAAGCATCGGTCTTATTCAACGTCTTGCGAAATATCGGTAATGAAAAAGAGGATAACCTGCTACTCTCCATCCGGGTAAGATAAATAGGCGGTGATAATTATGGTCTTTCCTGATGCGCTAGGATGGTTGGATGCTGGAGAGCGACGCTAAACCATGGGGATAATTAGGCTCCCCAACTGACAAGGTGGGGTTTGGTGGGTACCCCAACAAGTGACGTCTCTCCAGCCCTGCTACTGACATCAACTCACTTTGCACTGTCGTTCCATTCGACGGATCCACCATGTTAGTGCGTGAATTGTTAGCTGGTATTCAATCGACTGTGGCACGAAATGATTGCACATACAGTTCAGCGCTGGCAAATGTACGCGCTACGTTAAATCGGGAACACAACAAGAACTAATGGAAGATCGTGTGCGAATGGGAGAATACCGATTGAGGGCAAGCAGCTGCCTTTACCATGGCTGCACGCCCCCGGTGCGTCCATACGTTGTGGTAACTTATTGTCAAAAAATCTGTGATCACGTGTAGCTTAAATAGTATTGCTCAAGGGACGCCGTCAGACTATATCGTTATAGCTGTGAACACACTCCTCGCCAGAGGCGTATATACTGCGTA,1655,50.15,Drosophila melanogaster
SEQ_459504,TATGCTAAGGTTGCTTTACTGACTAAAATCGGAACCCTCATTACGAGTAAAGCGATCTTTTGAGACATGTTGCCTGCGGTACCCTATAACAATCGAGGAGATGGATTAACTTTCTTTTGGGCTCTCTCTCTTCGGCCACGCACCGCTTCGGCGCTTGGAGTTGTATCTAGCAACCCTCGCAGCGAACAGGGACCCCGCCGAGAGTACTTGGCTGGGGCCAACAGTGAAGTAACCCATCAGGGGGGGGACGGCCGTATGCCTTGTCGTTCTTTCGACGACTAGCCTTAGGCGTGATTGAACAGGCCTCGGTCTGGCAACCTTCGTAATGAGATGAACGATTGCCCTCAGCTCCTTCCGCTAACATAGTGAAGCCATATGACTGCTGCCTTCTGCGTCCTGTAGAATTAGTAGACATCCAGGCAAGCCCATGCTTTTATGACTGGTCCCCCACAGACCATATCTACTGGGTCTAACGTAGCACCCACGCAAATAACCCAAGCGTCGCCAGTCAAGTCAATCGGTCAGGAAAGGACTCCGCGCGATTTGTCCTGGCGATGTGATCTACTCCTTTGACCTTGATTAGACAACATGGACCGGCGGCTTGGATCGGTTCAACACACCACTAATCAACTAGAGAGCAGTATGCCCTCGAACTGACAAAAGGTCCCTCTTTCGCAGCGCCGAAATACACTGTCGTCGTCTTACGATCCAGACCTGTCTAGATTCTTCCTAAGGCAGGCACCATGTGCAGGTCTTACACACGGTAGGGCACGAACCTCACGAACACCAGAAATACACCACGATTGAAATCACCAGTCCTATATAATAAATCTACAAAAAAGAAGAGGATAAGACAGTGAGCGGAGTTGGCGTTGATATCAACGGCCATACTAGGGCCAAGACCTGATTACAACATCCGATGTAGCACACATATGGAACTCGTATTAGCTGTGAACGTTAGCCGCGCACGCGGGTTTGTGCGAATTAGTGACAGCAAGCGATCTGGTATTTATATGAGTCACATATGCATACAAGTACTACGGGATACGTCATGTAGCTGTAGATGAAGATCTGCGATCTAAGCATAAATCAGGGTAGATGTCATCTTCCACGCCATCCTATACAACACTCTCTAATGAATTAACTCACCGGATAGGATTGACGTAGCATTCTGCATCAGTGATGATAGGTGGCAACGCCGCAATCGATCAGTGTGTCTTTATGTGAGGGAACCGAGAAAAACTATCATAATGCTGGATAAATCGCAATTTTGAGGATGAACGCGTGATCACTCAATTGTCCGCGAGATCGCTCCACATGGACATATACAGGTTTCCATGGGTGGTAGCTAGTACAGGACACAAAGGCAAGTCCGCAGAATGGCCTTAAGTTTGGTATGCTGGACTTAACGGCGGAACGAAAGCGGAGCGCCCATCGCTGTCAGGGGATGGGACCTTGTTGTCCTGTCAATCCCCCTTCGAGATAACTAAAATGCCCTGAGCCTACCCTTAAACAGTACCGGGGAGCCTGTGAATCCAGGCGAAGCCGCTGAGACGGTTCACGCCGCTGCTGAAGTTTAAACAAGATGGGAGGCCCACTAACCGATAATCTTGCTAAGGTGTTAATGATACGTGTCTCCCCATTCCCGTCAAAACCGAATACACTATACCTAAGGAAATGAGTTAAAGCGCAGGGCTTAACCCCGTTTGGTTGCAGGTTCTATCTAAGGGGGC,1733,49.22,Escherichia coli
SEQ_244034,TGTAAGACGCAAGTAATCAAAGATTCATGGTTCGCCTGGGCCCTTAAGCACCATCAGTAGCCAGCCTACGGGGTATGGGCAAGGATAGTTCGATACTTAACTCCGGAATCTCGTAATCCTACTTCACGGTGCCGACTAACCTTCCCTTGTGATGGAGTTGATCTCCCCTATATTCCTATACGCGCGCAATATCGACAAGAGTGGCACGAATCGCGAGAGTTTACCTCATAAATCGTTGTAGGTAGCGATTAACATTGGAATTGAAGAAACACACGCTAATGATCATGGCTACTCTGTAGTAATTCGCGCGTTTATGAAGCGCTCTCCCGAGTAGACAAATATTGAGGCCATCGCGCAGAAGAACAATATCCATCAATGTCGCCTCCATTATTGATCCGTATTCCTACATAAGCCGGACATTCTTGTCCATTAAGCTTACTTGTGTAGGACCTGGGTTCCGTTGCATGATGCCCTCGAGGGGTAAAACTTTGATACGGGGTCGGGCTAGTCGTAGTCTACCAAAGCCAGACCGCGAAAGGAAAAAGCGTTCCGCGTCACAGTCGGTGCATGTCGAGAGGGGAGAGTGCATCGGCTTGGCTTCCGTTTGTACGAGGTGATTAACCACAGTGTCACAAGAGCTTGCCGTCGTCTTTACGCTACCCGACCCAAGACATACGACCCCCGATATCATGAGAGCCAGAAAATAAGTCGACCTTCACCTGAGCTATATTAGGATGACTGTGGGCCCCGCGACTGGTATAGTGACGTAATATATCGAGCTTTCACTGAGCTCTATGAAAATAGCGCGGAGTAACTTACACGACAAGAACGTTACGCCTGTAGTTTGCCAGTCTATACCCGAAATGGGATCACAAAACCTGATCGCGCAAGGCCAGAAGAGACGGACGTCTCGTGACCTCTAGGCAGCATACGGCTGCGGCCTCATCTTTCCCTAGAGCTGAGAAAGCGACTTTGTTC,978,49.18,Arabidopsis thaliana
SEQ_141643,ACACCGTAAAGAAAACCTCAGCATTTACGAGAGACCATCAAACCCGAAGCGCACATTAAGCGCTATACGTGACTCGGTTGACCTTATTGGTAAATCCACAGGCATATAGTCCTTATATAACGCTTTTGACGATTCAAGAGTAAAGGACCGGCAGATTATTACCGACATAGGGCCCGGTTGGTCCCGGTCATCCGCCGTCCCACTCTCTCGTGGCGCTGGCTGTCCAAGTCGCACTGAAAATCTAGTCCGGCTACAGGAGCCCATATGTCACTAAGTGTTAATTTAGCGAAAGGTGCGAACTGACTTTAGTCTAGAAGCATACGTAACCTAACCGTAGGATGGACCAAACTCGACACACGCGTACATTAACCCTAAAGGTGGTTACTTAAGGCGGGTAGCTGCAAGCGGTACCCCCAGTATATTAACAGTTGGCACTTCGATTCATACTGGCAATGCGAGCTTGTCAATGATGATCCCGTGAGTTAAATGCAAGGAGTTATCCCACATGGACGCGATTCCGCTGGAGAGCGAATTGGACTCGACTCCCCAAATAGAGCAGGCGAAACGCTAAATTTGGGCTACATCCTAACCTGTCAACCGGAACCAAGGGTGTCGGGCCGTTCTCGGCGTTGTGCTCGACACAACGTATATTCTAGATGTGGATTCGGACTGAGAGTCTATCCGTGCACGGGAGGGGTTGCTCTGTTGAGTGGTACTTTCGGCGACTGGTGGCTGGGTAATAGAGACCACGGGCTTGTACATTACAGGGGCTGACAAGATGAAGGCTTGCCGTCCTGAGGGTAGCAACAACTTTGTCTGTAAAAGGTTGCCAACAAGTGGCATCACCTACCGGTCACATGGGTCCCTGAGACTCAGCCGGAATGTAGCGGTTACGGATGGGACATCAAGAACCCTGGCCAGTATATGCTCCTTCCTTGGGATGTTATATGGAAAACGTCGTCGGATTGTCATGTCTCAACCACGGGGCAAATTGGAGGGATGAAGAGCACTACTCGGTCTGGTCGTCAGGCGCATAACTGCTATTTGTCATTGCGTAAGCCTGGAGACCTGCATGATCGCTACCCATGGCAACATGAATGGGGATTGTATGCCGCCGGTGTTAGAGCCGCCCAAATCAAGTACTACTCGTTCGCAATCTGTCGAGAGGGTCAACGATCGCTAAGCGTCCGCCAAAGGACACTCGTACGCATTTATAGCTCGGTTATTCAGTTTCCGGCCTCCAGTGCCCTAGAAAACACATTCCCATTAGGTCCACCCCGCGGACGTTGCACCAAGAAACGAGCTGGGTTCTGTAGGAAAATGAAAAATCCGCGCGCGTCGGACCTGGGCCGATGCGGTGTGTGGCGTCCTGCTGGTTCGGAGGAATTGACCAATCGGACCCATTCGGTCCCTGGGTCTCAAAGCGCCCCACTAATATGGGGATGCGTACCTAAAAAATAGCGAAATAATGAACGCGGTCCGGCATCCTGATTCTCTTTGGAGGCATAGCATAGTAAGCGAGCTTCACGGAGCCCCTCCTATGCCTAAAACACGGCGAGCTTCAACCTAGCACACGCTGTGCGTCCGCTGATTGTAATGTGCGACTCACGAATTACTATCTCGGATTAACTGCAGAATGAGACTAAACCCTGCGCGCGTAGCAGAGGAGAAGGGAATGAAGCTTCACTACTTTAGCTGTTCGCAAAGGACATAAGGAGGATTCACATACGGCTCAGATCCAACATTTCAAAGCGAAATCCCTGGCCATTTGCCAAAGTGTCGGAAGATGCGCCGCGGTTCAGTCCTTATCATTTGAACATTAACTATCCGAATGGAAATAATTCGCCACATTATCGGTCGTGATCCCTATAAATTTTGGTCAAGGCGATGCACGACGGCCGCGAAATTATTGGC,1914,50.73,Caenorhabditis elegans
SEQ_512559,CCATTCTCTACTAGCGTTTTTAGTGTGGCCTGTTTGGAGGCGGGAGACAACTACGAGTATATTTTGCTCACTTCGGGACGTGGCGGATATAGGATAGTCGTTTCCCCGGAAGAGGAGTCGGTGACGCTAAACATCAGCCTCCTCATGTGACTATTATTGACAACGTGCAGGTACCCTACAACCGCTTGTCAATCCCGAGAGCGGACGGGTTTTCGCCCGCTCCAAAGCTGCTCTTATAAGCGGGGTTAGATTCCCCTGGCTA,262,51.91,Caenorhabditis elegans
SEQ_367434,GTCTTACTCGCTTGGCTACGAAGCTATGCCCTGATTACATATAAACTCAAACAATGAGATAGACTCGAGGTCGGCTAAAGTGGATGCTTTAGCGGGTGTCGCCGGGGTGAGTTGGTGGGTATGTATGAGTATCAGTTAACAATCCGTTGAAGCCGGTTGCGAAAGTAACGACCCCCCACTGGTTGGCGATTCAGGTAAATAGCCGGGTGCCAAGTTGTCACTTTGACTGTAAGAAATGGTATCGTGGGGACGTCAGCGGGTTTCGCTTTCTGTACGTGGGTGACGGCTTGTCCCAGGGCTGTACAGCAATGCCTAGTGTATTCACGAAGTCCACAATCACGACGCGGGCCAACCGGGTCACTTTCCCAATTTCCGCTTGCGATAGTATGTAAAACCCTCCCCCGTCACATCCCAGACGTGCGTACAGGTCCGTTCCTGAATAACTTAAGTTCTAGCAATAGTCTAATTGGTCATTTGGGCTCGTCATTCGTCTCGAATCTATCGGCACCGCGTCCAGCTCACACCGAAAATCCAAGGACCAATG,544,50.74,Mus musculus
SEQ_442425,CGGCTATCCTATACGTGAAAGCGGAAATTATACGAATCATCGATCCCTGCTCATAGGTACATGGCCATCAAGTTCCACGATTCGAGGAAAGTCTGCAACTGGAGAGAGATGCAGTTCCGGGTCCTGGGCGTGATTTAGAGGGCGTTCCTAACTCGCGCCCGACAGTGCATCAACGCGAAATCGTTACAAACACACAGATGAAACAGTCTGAGTACTTCGTTTATATAAAGAGATCGCACCCGGCATCATATTTCCTTCGTCGAGGTAAAGTAGTGTGATACATGGGTTCTCAATTTAGCAATTCACGTTCATCCGTATGAGCTAAGGCCTGGCAAGCATTGACCGAGTTGTTACACCCAGGGCGAAGACAATACACGCTTCGGCGAACAATCAAGAGTTACATCCGGGAATGCGATTCCGTCGACAGAATTCACCAGTGTTCATATAATCTATGTAAGAGGCCGAGATTTATTCTCCCATCCTATACTCACACGGACCCTCTGGATGCAGGGTCAGCTCTAACCCCCTGTTAGTGTTAGCACGGCATAAGTATTTCATATTGGCTGGAACTATGTCAACCAATAAGGCCGCGCTAGTAGCACGGAGACGTTGTGGTGCAATGCCGCAGCGTGTACTAGAAGGGCACGGGGCGTCTGGCTTTAAGCCAATAGGGGTTTACCTCCGCCTGTCATCGACTTATGCTGATCAGCGCCCACATTAATACACCGTTCATGCGAAAAAATGAGGTGGGTCACCATTAAGTACTTATGGCTAAATTGAACCCACAGATTCACCCGAGTCGGAGCCGGAGGTTTGAGCCCTCAATTTTTGGCCTCTGGGTGCCATTGGTAACGGCTTACCAGATCTTGGGAGCTGATCCTTAACGTAGCAAGTTTCGGCTGCGTCCGCACGCCCGACACTATAATCCCATGGAGATCGATAGCTTGTCTGCCAAAGTTGTTGCCGTCTCAGCCTCTCTGGGTTGCGAAGAATCACCCTCGGCTGGACTGCTGACCAGTCATGCCCAGCACTCAA,1035,49.86,Saccharomyces cerevisiae
SEQ_445056,AAAGAGGTGACAACACACGTGACGAAGTGGATATCTCTAGGGACAAGGAAGATCGGCCAGGGGGTCCAATCCACACACCTGG,82,53.66,Escherichia coli
SEQ_886304,TTTCCGACGGCGTGTGAAGGGTGATACACAGCCCGGTACCCTCGTCTCTAATATCGCTCCGTTTTCCAATTCCGCATTAGTAAACGGACAAACATGCTGTTACCTAGCTCACTGCAAGCCTGCCGGCTGCCCCCTTGATGTATTTGATCGCGAGTTCCCAGACGCTTCGCGGACTTCCGGTTCATCGCCTTGTGGCAGTCATGCAGGATACTGAACGAGAACGCGGAAACAAGAAGCGTCGGTCAGGAAGGCATCCAACTTGTATTCACTGAGCAACGCAATAAAAGTGAGAAACGAAGGATCTAATCGATGACAGGTGTAGGCTGCTAGTTGAGGAAATTCGAGGATCACCCACTGACTTTTTATCAGCACGGATGAGCGTTAGCGACGTCCACAGGCGGTTTAACGGAACTCCTAACTCTAGATGCTTAGGGTAGGGTTATGGTATAAGAACTTCTACGAGAGTTGTCCACAATAGGGATTGGAGAAATACCAGCCCACGTGGCGGCAGTCAGTAATATTGGCTGTGCCAAACTTAGTAGTATTTGAGCCCGCCAACTCACGCAGTTAATGAACACGCCCGTTCTTTGTCTGGTCTTAAAAATGCTGTGCGTGCCTCGCCCTACTTACGGGGCATAGGCCGGGGGTTTTATCCGCTACCTAGCTGTGGGAGGCAAAAAGTCACCCTTGTGTTCTTGGCGCTAACAACACTGCTATGAGTTAGGTAGCGGGAGGGCATAGCTAAGCACCTAATTCCTCTAAATTCGACCACGTGAGTAGTTGTCCTGCACTCCAAGTCATCCCGTACGGGACGATTTATATTTTGCGCGGTCGTGCGGGGGTTTCGATGCTGACAGAAGTGCCGTTGTACGCCTGCAAAGTTGTTCTTAATCGGTCCCGGTGGATGTCATGAAAAGTGCTCACGTTCTTTTGCAGGGGGAAGTGAAAGAAGCTCGGCAACACATGTGAATTTACTAACTCCGCTACTTAAGGTGGCGCCTGGCCATAGCGACCGAGAAGGTAAGAATAACATGTCAATGAAGGTCGATCTGTCAGGTCGTTAGAGTTGCGGGGCCAAT,1079,50.32,Caenorhabditis elegans
SEQ_542984,ATATAAGGTTATAAAGCGTATGCCCACAGAGATGATTAGCTAAAATACGCATCATGAAACCTTCCACCGTGCCATTACTGACCGCCAACATTCCCATATCAGCGTAGGACAAGCGAACCTGATTAATGGAAGTGCACCACGTGCCTCCTTGGACTTGTGGGTCGATGACCCAACAGCCACCAGCCGTCCGCCAGTCCTTCAGTCCCTGTACTGGCTCACCGTTGCAACTACGGTAGATTCGTCAACCTCATGGCAGTTCGATATATACGAGACACCGTACTGTGTACCCTGGGTCTATCTGTCACAGCCTCCAAGTACACGCGGCAATCACGAGTAAAACCAGGAACCAAGTACTAGTACAATAGGACCTCTTAAACGTTCGACTAGGATTGTCGGTGGCCCTTATGGTTCCGTTTCTGGCGTCAGATCTCTGATGCGTAAAGGATACGGCGTACAGCTCCTCCTGATCTCTTGCAAGTTGTGTACGGGAATCAGGCGGTCGCTAAGTTGATCATAACCGTAGCAATTCTTGACCGTCCGAGTATCCGGCCTGATGGAGCTTAATAAGTCCGCGACACCTACCAGGAAGGTACCCACTGTCCCGGGGACACACGACAGGGGCACGTAGCCATTGTGGAAGACACCTGTTATTCTCAGTCAGTTCGCCCGCACCGTTCTCCGATAAATCTTGGCCCCTGTACTCTCTTAGCCACAGCTTGGACTGGTGTACGCCTAGCTGTACGTTTTCCATCTGAATATCCTCCTGACGAGAAACGTTATTTGAAGGTTGGAATCTAGTGACGACCTCCCACGGATCTCCCAAGTTTTTACGAACA,836,50.6,Homo sapiens
SEQ_108796,AATATGTCCTGCGATCTTCTTCGGGTTTGACTCTTTGAGAATTGAGTTCGTCCAAGCCTCACGACACCCGAGAGCACAAATAAAACATAACCGATGGCCCCTTGTACAAGAATATGGCCCAGGCAGATGGTGTACTGGGGCCATAATGGGGCATCAGGATAGCAGTATTGATTCGTTTAACTTTGAGGAACTGGAGAATCCTGGCTGAAGCACCCTGCATGGCATTCCGACCGATCAAGCAGCTCGTGGGCGGCTAAGGTGACGCGGACCCATACCGCCGTTCTCGTAGATATAGTAAACTAAACGAGCCTTAAAGCTGTTAGCGAGAATCAAATTAGATATTGGAGTCCAAGCCCCACTCCGCAGCCGGTTGGTACAACACGTCGACCTACAAGCATTGCAGTAGGCAACTTCAAACCAAGGATCTCCAGGTTAGCATTAGGTCACCTTCTCATCTCTCTGTTTCAAGGCCACGAATCCCGTTACAAACGAGACTGATAGCGGTCAATAGCGCTGTCGCCGGCTGGCATGTTTCAAGAGGAGACAGATACCTGAGAAGGATGGGCTGAGCAACTTTCTCCACCCATCCACTAGGGGTAGGAAGAGTCGAATCCCTGGGGTGGCGATCGAGCGGTTTATGTCTCCCCGCGACCCAGCATTTGTACGAATCCATCCCCGACGGGGGCGTCTTTGAATCGTTAGGCAGGTAAGCATCTGGCAATTCCGCATGGCTAGGTGATGAGATTGTGCTCCAACTTTATGAATGAGCAGTCTCGCACCCCTATACTGGGCCAACGCGGGGGACAACCGCGGACCAACCCTAAGGTAGGTAGGAAATTTGGTGGTAACGAATCCCGTGCGCAGCTGAGGCCAAAGTTACCAACACGAGTAGATCTGCTAGTGCTCCATTATTATAATCGGCCTTATTGTACACGTGAGTCCCAATACCGTCCAACACTGTCCGGTTATGAGCGAGACTCCACCACGAATAAAAGTTCTGTAGCTAGATAGGTGCAGTGTAGGTGGTAGCGCGTTCTTTCCCCTCCGCAATGGGATGAGTTTAACGCACGCCGCTAGTTGTAATGCAGGATGACTCTTGCGTGCCTCGTACACTATATCAGCTTAAGTTCTTGGCCCACGAAGGATGATCTCCGCATTCGTCACTCTTTCGACCACATTTGAGCGCGGCAGAGCGAAGCGAGTGGAGGGATTAGGCCAAGATGACCAATAGCGGGATCTTATGCTGAAGACTGGTTTTTAGGCAAAAAAGTATGGTGTGTGAACCCCGCTCTCGAGGGAATTGTTACAGGTGGCGCTGCTCCACACTCCGATCGGTTACACCCATCGTACAAAGAACAGTGACGTCTTGGTTAAGTAATCGATGTGCCCTCCAAGCCGTAGTGGCCTAACCTGACAGCGATCTTGGTGGGCCAGTCCGATGTTGCCTGGCTAGATTTTCGCGGTCGTCGGTGCGGTTTGTACTCGTCACCGCATGGTTAGATTTAGGCCAGTGGGAAAGAGTGTTAGCTTATGTACCCATAAAG,1544,51.23,Homo sapiens
SEQ_599818,GGTAAGAATGCTTTAAGTTACACCGCTCAGCATGTTGCGAAGTTTTGCACCTCAATATAGTACATTCGGCGAGCTAACCCTACCCTAGATGGCTTGAAAGAACGTCTAAGAGAAAACGCTGAGTTTCTGTTCCAAATGCCGGTGCGACGGAAGATTTACCGTTCGATTAGAACACGATCGACAGCCTTCGAGAGGGATTGTCTGTCTTACAACTCAGAACCTCTGGCAGAAATAGTGTTCATCAGCACGAAATGACTAGAGTATGATAACCGTACGGGGTGTTCGTACTAAAAGGGTCGAACGCGGAGAGGAGTATCGCACCACCCCCGTGAGCAGACCGTGGAATATTATATATCACCAGTGGGCCCACTTCTTGTACTGTGCTGGCGTTAAACCCAGTCGTTCGGATCCTCACGCTCTGAACGACCTTCACTAGATACCTCTAGCGGCATGCGCCTGCTTAGTTTCCTGATACTGGCACAATTCTTCTATAATATCTGCGGCTACACACGGCCGACCGGATTTCTATAAACTCGGAAAGCATAACAACTTGGTATCTTAACGACACCTATCGTGACACGATGGTAAGACGGACCGGTGATAAGATTAGGGCTTGAACAGCATCAATCACCACCGGGGTTGGTCGGCCATCACTGAGTGCGTCTTTCAGCAGAAATCGCGCCACGGCATCTGTTTAAAAAATTATTCGGGACATGGCCTACGCGGTGCTGTATCAGTCAGGGTCAGATTTCTAGAGAAGAACATTCAGATACACCTAATGGGCCCCTCTGCTAAAGATGTCGCCTGTGCGGATTGGGGAAGGGTCATTTTAGATCTATCTCTCAACGAATGTGGCGGGGGCGCGAGGATTTGATCCGAGTTATACAATTTATATCACCGTGATGACGTTGGTGAGCCATGACTAACGGTCCATCCAACATGAATCTGTCGCTTGGAAGCTGCAGAAAGAGTTCCAACGGGTCCTCTTTGTCAGCAGTTGAGTCCGCTAATCCGTTATACGTTCGCGGAAAGGGAGATGATCTCTACTGAAGCCTTTAAGTTCTATGTCAACTTTCGTCACCTTTGTGGGATGGGTCATGAAGGCCGACATGCGTCAAAGGCTCGCCCTCAGTTCCCGCCCGGACACATCGGAGCTAGCCCAGTTTTTCTATTGTTGTGGTGAGGAGATACATAGTTGTTGGGCTGACCGCCCACCAAAGATCTTTGGGGAACGCGGGGATTTAAGTGTAGCAAAGACGCAAGAAAAGCACGAAGAGAAGAATCACTCCTAGTTGAATCGGCGGAGAGGAGCGGAGAAAATACCGTCTTTTCACGATACAGGTCGCGTGTAGTCACACTATGAAATTTCTCGTACCAACTCGCATATCCCAAAGATCTCTAACCTATTAAACTGGATGGCGTGGGGGTGCCAACCTGAGGACCTACCGCGGAGTATCCTAATCACGGGTCCCGTGACCATCACTGAGACATATAACGGGGACATTCAAATCCTACACCGCATTTACGAAGATTCACATTCGGCCTCTAAAATTATCTCGCAGTGTGATCCCTAAGTCAGTTATAGCTCTTTGACCACCCTTCTTTGATGTTTTATGTACAATTTCATCGGGGATGCCACTGTTAATTCACTAGACAGAGCACTTACTAGGACTCAGCGTCCGGACAAGTTTAATGCAGAAATCCAGAGGTCCTGCACCCCCGGGGTATGATCCTTACGTCCCCCATGTGATCGCAGTGTTATATTTCTATCGGATGAGGACAGGGTTTTCTGAGAAGAGTAGGCAAACTTGCCCTCGGCAACTGAGCATCCCCCCCAGTTACACTGACCTGCGAAATGGCAGTCGTAAGCAACGGCAAATTCACTACACCTGCCGGTAAAAGATGAGTCTACTTGACTCTTCAGGTTTGAGCAAGCGCCATATCACATCCGCTTTCAC,1958,48.57,Drosophila melanogaster
SEQ_950699,GGAAGCCTAAGTCTCTGAATACATCTGTCATCGTGACCTCTTGTACTCGTCGCGCTTCTCTTATCATGTTAATGCTCTGCCGGCCGCACTTCGTGACGCCCGTTCCCATTTTATACCGCAAGTATACGAGTTGACTGGAGACACAGGTTCTTGAGTTCAATTAGGCAAACAACCACTATGCAGTCTGCAGGGCGCACACTTCAATGAAAGCTATGGCTGCTAGCCGCCCGAGCCCGATCCTTTCGTGGCCGCACACGGAAGATAAGCACCCAGCAATAGAGGGCAAGTAACCTAATCGCCCCCACTTTCCATAGACTTATATGTTGTAGCAATCTTTTGTTTATTTGCGACGCTCATGATAATGTGGGCAAGTAAACATCGTGCCTATGAATCCCAAATACAGCTTCAGGACCCTTAATGACATGGGTAACTATGTCGCGAGCGCCGGACCTGTTACCCCGCGACTTTTCAAAGCAACCGCTACGTCGCATTTTTTCCCTACTCGTCGGGTTTACATTAGTTCCAGAGTGCCCCTTATGTGCTGTCTGAGGCTTCCGGCATCTGCGTCATTGTGCAAACCTGTGTTCAGGGAAACGGCCTTAGAAGGCCAGCACGTCCTAATTAGGTAGACCGTACCAAGGCTCGTATACAGCTTCAGCTTCTTCATGCGGTTGGATGTTTCGCTTACGCTGGATGTACGACAAGGATACCTCTGGTGCATACGCAATCCGGATCATACGACCGCTGGATCCCGAAGTTCCGGGTATAACTCATACGATGGACATCTAAATTTGCTATCACTTAAGAGTCCAAGATGAATCGACCGGGCGGGACATCTCTTAGGGAAAACAATCTGCAAGCTAGGCGGGGTATTCCAAAACTCACCAGGTTTCCAAGAAAAGCCATTGACCTGTGGACACATTCTAGGAGGTATATAGTGCCTGTTTGAGGGGTTAGGAACCGAGTGTGCGTGTAGACACGGCGACGCCGAATCGTCTGTAGGTACAACTAAGCGCCAACCACGTCATGGCCTAATCGTACTCTCCCTGAAGCCTGGTCCTTAGCATATTTTCGCCCACAGATCGGAATGATGGCACCGAGCTTGGGAATCGGCAGAAAGAGTAAGACATGCGCGTATGCGCCCATATTAGCTCGTGCATTCTACAATAGAGGCCATGACCCTCTAATGTTTCCTGTATGACGCTTAAATTTCAACCTTCGAGATGATTTCCGCATGTATTCAATCAGAACCCAGAACAACCACCTGCAGAAGCTCCCTCTAAGCGAGCTTCGCGACGGGCACGCGTAGACCGAAGACGTCTACTTTTATACGGACTGGCGGTGTGAGGAGAATCGTTTAGTGATTCTACATGTATCGTTTCAAAAGAGCGTCTCTCACTTCCCGCGGGCTTTGGAAACCAGGCCATTCAGACCTTCGCGCTCCGCATCGGAAAGCAGAGCCCCGTATGGAATGGGGCTGAAGATTAAGATGAGACCGCAGCCGGAGCCTCCAGATTCTTGCTATTCCCAGGCAGAAGAATCTTTGACGATCGACGGGTGGTGTACTAGTTTGGTTCCTTTTCAATTAGTCAGAACTTTGTAGCACCGGGCTGCGCCTGTGTCTCTTCTAATTTGAATCGATCTGTAGCAAGCAACAGGTTGTCAATGGTTTATTGGTTAATGACGGATAGAAGCTTATCGAAGCTTAAGTACGGGTTTAGTCGGGCAACGGCGTAGATATCAACTACCAACGA,1754,49.43,Arabidopsis thaliana
SEQ_837929,CCTGCCCATCCTCGCACATGCTACTGTAGCGCAGCTGTGCTACCGCCCGCGGTGAAGAGCTTGTCTTCTCTATGATACCATAACCCGGTCCGGGGCAACTGCAGCACCTTCTGGACAGGGATGCCATACAATTACATAGCCACGCATTCCTTCGACAAGGTTACCTTCCTCATACACACCCGTGCAGTGGCACATTGGGCAAGTTTCGACCATATTACCGTACACGAGCCTGTGGTGTTGTTAGGATAACATCGGGAACGGTCAGAAAAACGGTAAAACGAGAACCGACATACTTCGGGCCTACGTATTTCAGCCGGTTCGTGCGCTGTGTGACGAGAGCTTAGGAATGAAGAATGGGTTAGATTGTCGGTGTTGGACACTCATGGCGGCAGGTAGACGACGATGGGTCACCGTCTGGCCCTTAAGCAAAATCATATCAGCACACTCAAAATCAGGACCATATGGCGAGCTTTAGGTTGCCTTGTCTCGGTCCCGCAGAAATCATCTATGATGTGTGGTTTTCGCCAGATATTCATAAGAACCATGTTTTCGTTGCGAAAGCGAGGAGTGCGCAAGCGTCGTTTGGCGAATCCGCTCACGTACCATTTCCACATTCTTCCGTATGAACTTCGACATCAAGACCATGCAGTACCGTTTTCAAAGTTAGTCGAGCCAAAGACGGTCCAATCCATAAGCATTGCTATGGGATACTTGGCTTCAGCTAAAGTGTAACGCTCACGTATCAACACGGCGAACATCGGGGCATTAGTTACGAATGTTAAACAGGTTGAAGTTCGGCTACTACACCTGCTTCGTCAATAGACCTCCTAGGAATTCAACCCATGAGTTTTGTCTCAAGCTTACCGCTACTGTAGGCGCTCCATGGAACTAGACTCACAGACATCAGGCACCTGACGTGGCAGTACAAGAAGCAATAGGACCGATTTCCCCCGTGCGTAACTGCACACACGGAGGTGTCTAAAAGTGTCTACTGATTAGATCAGTATTACCCGGTTCTGATTTATTCAGCAGCTGTTAAGTTGCTGCCCGTTAGGGCGAAGCCGACCCGTTCTCAGGCACACGGTCGCTCTAGCCCTTATATGCGTCTGTCAGTAAATAGGATATTAAGTCGACAGCTGCGGATGTAGCAGATGAGGCTGGTTCGGATGAGTCTGCTGTATAAGTCGCTGCTTTCTGGGCGGTGAATCTATGTTCTGAGATTGATGGGACCTAACTATGCGGGCCGGGAAGCTGGGCTACTTATATGCCTACCAACGTGTGCCACTACGCGAGCCGCTATTGTAGCCCCTGTATCGCGGTCCTGCGCTTGTGAAATTGTTACCTTACGGGGAGGTTGTTGCGTTGTCTTTTGTTGACGACAAACGTTTTGTTGGATTTTATGGATAGCGACATGCGTGGTTCTGGGCGGGGGGTCATGTTGGCGACTTTTTATAATTGCCACTCATACG,1469,49.97,Homo sapiens
SEQ_706024,GCTCCCCATAATCAATACAAGCGGGTGCTTCCGCAAAATCGGAGTGCCGTCGAGCTAGAGCCCCCACTTACTAGCCGTGCTCTTCCATAGGCCTAAATTAGATAAAAAGGCTGACTCAGAACCGTGTGCCGACGCAAGCGTCAGAGGGGTGTGAAAACTATAGTCTATACTGTCCCCGTCTTCACGCTGCTTGCCCTCATATTCCATGTGAACAGCTTTGTATGAACTGGAGCACTTCTTACATAACGCAAGAGTGCACAACGAAATGTGGTGCGTTTAACTGCTTTGGCCGGATTTATCGGCGCTGGACCGACGGAGTCGCGTGTAGGAATGTTTATGAAGAAGTAGATAGAACTCGATTGTGTATCATCGCAGTGCGGGATCGGGGCACTTCTCTCGCAGCGATAATTCATGCTTGGTCCGGAGGGCGCAATGCCTCATCCCTGTGTCTATAATAGTATGCGCCTTAATCGGGGTAAAGTCACGTTCCCGGAGGACAGTGGCGTTCTATTGGAGAGCGCCATCAAAAATGTACCTTCTGCATGGACTAGGTTCACCCTCAGGCCCAGCAACATCGCCCAAGTGCGATAGTAACAGTGACAACCATGGTGTTCTACACTCCTAGGCGTGGGGACATAGACCTTCTTTCAAGTAAAGCGTAGCTTGACTGACCGGATAAGTGTGATTCTCATTGAAAGATGTACCTCCTTTTTGGGAGCCTCTAATGGGGGAGTTTCAGCTTCATGATAATTCTATTGACATAAATTTACAGCTGTTAGTTGCACTAAGTCGAAGTTCGGTCTGTCCACGAGCTATGTTTATATTGGTAGACAGCACCCTCTTAAACCGCGCGAGCCCAGGCGGAATATTACAGCTCTCTACGGGAACGCCTAGCCGTGCAGGATCCGGAAGTATTCCTCATCACACTGTATGCAGCCCGACTGTCAGATCCGTGAACCGATCCTCGCTATCCTGCGTTACGGCGATTTCCCTTCCTCTGATCATAGTTAACTGCAGCCGTTCATACACAGCCCCCCGGGATTCTGGCAGAAGTGCTCCACGAAATCCCCCAGTCCAACAGCCGCCACGAGGTTATGCTCGGGTTCTAATGGGTCTTACTGTGATAACCCGCCAGGTGATGAGGTTGGGTAGTGCAGACGGAAATGTTGGCTTTGCCACTCGCCAACTGTTGACTGGAATAACATATACAAGTATAGGTCGGCGTTGCAGCACAACGGTAGTTGTGCTCCCACTCTTGAACACGTTAATAGTTTGAGCGGTGGCGAAATTTTTTCGAATGCTAAGCAAGGCATCCGTTCTCCCTATAGCTCTTTCAAGAACCGTGGGCATGTGGACTACCCGACGGAAACTCCCTAGACGTCCGCGTGACCGATCCCGGGACTGTAGATCTGGATCGGCGACCGGTTTATTCACAGAACCCCAGTAATATGATAAGCGACTACACCTACTAATGTCTCACCGACTGTGCTTTTGCGATGGATCTCGGCTATCAATTCAACGCCTCAATGAATCGGGGTTACATAACGAGCTCGTCCCGGCCGCGCTAAGAGGAAGCACTGGTCGCCCTTGGCTCTTGGCTCTACCTTTGTGATCCTTGGCCCGTTCATTTGATGACCACGTAT,1643,50.58,Escherichia coli
SEQ_418346,AGCTGAGCTGGCTCGGTGTCGCTGACACCGACAGTGGATGCTTCAGTAGGCACTTTTTACGCTTATACTCGCTTTGCACGGGCCCCGTCGTTGTAGGACATTTGTGGTGTACTCAAAAGGCGAGTGCAAGGCTAGCCCCCTTGCATGGGCGAAATCTATCCGGCAAATTTCTGACACAGGATCACGACAGTAAAGATGATGTATATTACCAGACGGGTCTTGGAGTAGCGCCTCTTACCGAGGAGCAACACCAAATAGATAAATTTAAGCAAGGGGACAGCGTGGCACTATCTCTTCTTTGATGGTCCACATATCTCCGAAGAGTACGGCATGTAGATTCGACCACGGGCTTAGGTCCCTGTAGACACCCACGGTGCTCGACTGAGAAGATAGATGCAAGAAGGGAGGCAATATAATATCTACCAATAGGAAAGCGGTGGACGCGCAACGTCTGGGCCACGTACGGGACGAGAGCATTTCGGCGCATAGTCCAAAACTAATGTCCCTCTATGAGTGGCGTTCCCCCCTGATTGCAAGTATTATACCGGGCAGTCAAGGTTTGTCCACACGTATCGCATACTGAGATTCATTCAGGTGCAGGTCGTTCCGCATATGGTAAGGCGGTGATGCATACAACGACCGGAGCTGTAGCCCCGTGGCGAGCACCGGACCCCATGCGTCAATCAAGCGTGTGCTGGGGGCGCAATGCCTGTATTGCCTTTCCTAGCCTGTGTCAAGTGACCTTGGACCAGGACCTCCTTGAACCTGCAAGGTAACGGACGAGAAGTTCTATTATCTACTCGCT,805,52.05,Drosophila melanogaster
SEQ_654749,ACACAGATGGCTTTAGCTGGACGAAACTTTAAGGGTTACCAAAATCAGTTCTTGGATGGCTTTTCGAGGGACACGTTCTAGCTGTGAAAGAGTCCCCTATCCTTATGCCGCGTATCTAATGTCGCACTCATGTTCTAACATCGCTTCGGTGCTCTGTATCCATTTACTAGGCTAGGTATGTAATCTTTTAGCAGTAAGCGTTGTTATACACTTAGTTTCGCGCCGAAAGGTATCAATTGGATATCTGTGCCGCGGCCACATGGGTGATTAGCGACAATCATGCGTTACAGGGCCGCGGATCGGCTGTCGCTTCCGAAAGACGACCCGAGTTGCCGAATTTTACACTACAACCTCACTAGCCCCGAATTAGGAGATCCGCTATTGCTTTAGGTCGCTAGTTGGGTTCCGTAGGGTTTAATAATCGAGTGACAAAGGGAGAGGCCACAATCGGCTAGGCTAGTAGGTAGTCGCTTACCGCATATATCGTACCCTGTACCGCGATATTATGGTTATGGCGCTAGCGACTAACTAACTGAGGCGTGAGACCGTAACTCTTGCGGCACTTCCTATCTGTAACTCACTGTGCCGATCAAGCGTAGCTCTTCTGGGCCTCTGGGCCCTACAAGGGCGATGCAGGATTCCTCACCGACACGACAGCGATGGACAGGCTGGGAACATCAAGCTCCCAATTTGGTACTTATGGTGAGGAGACGGCTCTTCCGCGAGCTGCGTCCGTGTCCGTTTTGCCTCACGCTGTTTTAGAGTGACTTCCCATCGCGTGATATTAACCGAAAGGTCCCGCCTCAATTTAACTTATTCTGTCATCTTAGGACTTAGAGTATGACCGGTGACCTCATTAAATGTCCGACAACCCTGCGTCCCGATGGATTGGCGTGCCCAGTCCTAACGTGGCGTTTTTTCGACAGAATTTGTGGTGACTATCCCCGAGATTCGGTGACCAGCATATACTGGCTCTGCAACCAACTTCGCATAGACTCCTAGTATTTTACCACTCACGCCAGGGGCTAGAGACTAGCTATGAGCTCCCGCATACTCCGTCAAAGGGAACTGTTCCAAGGTACGTTTGTGCAGCCTCGCAGTGCTCAAGGGTCTAAATCCGCGTTTGAAGAGCCCGACAACAACCATGAGAGCCAGGTGTTAGCCCCTGGGATCAATGTATAGAGTAGCCCGAGAATTACAGCTGACGCTCACCCCGAAGTCAAGGCGTTAAAATTGATCGGGCCCCATAGCGCTAAATGATCCTGGGAAGTTCTCTATAATGCTCACGGTGTACGACTCCTGTTCGGAATGAGGATAGCGAGTCGGAGCCATAACGGGTCCAGTCAATTTCAGCACGTCACACCTTAAAGGCTGCTAATGTGTCCTAGAACTACGGCCCGCCGCACTTAGGGCATCAAAAAGAAAGCTGGGCGGATTCAATACTAGTTACGTAATAACGCGTTATCCTTCTGGGCCCATCATCGCGGCGGGGGTTCACGCGTTCAATAATTGGGCTAAGGTTATATCATCAAAACTGTCCTCATGAATTTAAGGGCACGTGGTCTCGCGAATTCAGTAATTCAGCCTTCAGATAGTGTATGTTGGTACCGTGTCTCCCGATACACAAGTGTTCATAGCCTGTGCTTGAATTCACTGAAATGCGACCCCGAGTAATTCCTCCTACGAAACACCTTTTCGGAAATCTCTAAGTCTAAGTTTAAATGCAACACTAGTGGGTGAAACTGTCGCTGAGCCTGACCTAAGAAACACTAACGAGGCGAGCGACGAACAGTCTTAGTCAGTCAAACCATTGGACACGACAC,1823,49.53,Escherichia coli
SEQ_682430,GAACAAAACTAGCCGGTCTATCGAGAACCCATCTCCCCGGGGGTTAAGATGTCCGTTAGGGCGAGTTGACCGCGGGAAAAGGCATGTCAATACAGTATCACTTCTGAGCCCCGTCACGAAGCACCTGTGGTCCGGGATCCGGTTCAGTGCGAACCTTATATGGAATGACGGATCACGATCCGACCTTAATGACTTCGCCAAAACTGGGATTAATCGTGTCTAAAAGCAGCCGTCATGAGAGTGGATTAATTGTAACTCTTCAAGAGACGAGGGATTGGGCGCCGGTACAAATAGCGGATACACAGTGCAAGGCCCAGCAACCCAAAGCCGTAATTCAAGATCAATCTCATCGCGTGGAAGGACGTGATCACGGATGATCTCTCCTATTCTAAGAAGAGGGACAGGACACAGGAGATGAAGTCCGTATTTGTGTATAGATTCTAGAACAGATACCATCGAAATATAACACTCTTGGGGATAAACACTCTAGCCTCGAAAAGACAGTATAGTATGTTGCGTTTATTATATAATTAGTCATAAATCTAGGTCTATTGGGGTGGGTCC,564,46.81,Caenorhabditis elegans
SEQ_794249,TCTAGGATGTTGCAGAGTGCAACACACTTTAGACGGCCCGATATACGGGACTAGTTAGGAGCTCTGCTGCAGCCTGACTACACCAATTCCCGGCCTGAGCAACGTTGACGGTATCATTCCCCGATCTTCCAAATGTATGGAGCGTGCGTCCTTTCGACATGCTCCTGCTATTGCCCTAATAGGAAAAAGATGACCCCTCCCATGTCATATAATGGGGATAAAAGTAGACAAAAGGGATAATCATAGGTTGTTGTGCCCATTCGTGTGACCCGTGGATTGGGTTTGTTAAAATAGCTCCCCGAATCACCCCGGTGCCATCAGTGCCTTCTAGCCATCTGCATTGCAAACGTAGCCGAGGTTTCTGCTGTTATCTACCTTTTGCAACGAGGTAGCCGAGGAACGGTCTTGCCTGCCAAGTGGTGACGAGGAGGGGAACTCATCCAGCTCTCCATCCCTTTTGTAGCTTGCTTTGTCGCTATCGTGCGGTATGAGCTCTCCGGACTCGTTTGATGTTACTCCCCGACTGTTCTGGTCGACAGCCGAACTCGCGGGGTAACTGACTCCGGGGATACGGGGGCACCTCAGCCATGCGGTCTCACCGTGTCGCCTAGATGTCACGGGTTGTCAACAGAGGAACAAAGCCGGGAGCGATAGGAATCTTGTGTTGCCAGCATCGCTGTGAACACGACTACGGAACACCCACTAAGGGAGTTTGCTAGTGCTTTTGCGAACTTAGGTTGTGTCTGTAGTAAACCGTAGCTTAGCTGGCCCAAAAGTAACTCTTTGATGTGGATAATGCCTTCAGTTACCTCGAATTCCCTCGATCCTCGTAGTAAGCGGTGTTCGCCATTCAGATGCTATGGATAGGGG,870,51.49,Escherichia coli
SEQ_599110,ATCTGTTAAGTTATACATATAAGCCTATAATGGTCAGCGATCGCCACTATGGCGTCACGGTCGCGGACTCCAAGATTGCGATGTAATACTCGAGGCTCCCGGCCATTCTATACCCTACGTGATGTACGGAATGGTGAGCCACTTTGACCTGGATGCCTTGTGACCACCGTTCGACCATGTCTTAGCTCTGCTGCCCAAGGCTTCTAAACGTTTAGTGTGCGAGGGAGTTCATCCGATAGCCCTGCGCATTGCATAGACATGACATCACACCCATAGGTACGCGGTTGTCTCTCGCACCGCGAACGATTGGAGACCCTTCTTTCATACGTGGGCCTGCTCCCACGAGAGTGCCACAAGAGTCCTAAGCGGTATGCGATTAATGCAACGTAGTTTGGTATCCCGTCGTATATCGTATCTAAGTCTAGCGCATGGGCGGAGTAGCGAATGGGAGGCGCCCTCCCCAGAAACGCAACAATTTATTGGAGCCGACTTGTGTTATATCCGCATATTTCCTGGCATCCGTCTCGCATGAAGAGTCAAGATCTGACGTAGAGAGGTCGCTACGTGAAGTATCAGCGCGTCTGCGTTCAATATTCTTCCGCATCTCTTCCCTGCACGCCATGGACGACATCGGAACGCGGACGCAAGACGACGCCTTGTTATCCTTCTGCGGAATCATGTGCTCCGGCCTGTCGTTGAAATCAACCCAAATATCGTTTCGCCGGACCGGGTAATCTCGGGTGTCGTACTGCCGTCACAGCTAGGCAGTACTTACGGTGCGACCGCAAGATGGCAAGATTGTAGTGAGGCCCAAGTAGCTACAAGTTTTTTCCCCCTGCTCCTCGCCCACGACGTTATTTCTATTTCAGTTTTGCAGTAGGACCTTAATCTGCCCGTATACTCCATGAAATAGTGGCAGTTTAGCCCGCCATGAACCTATTCGTGATAGGCTGGATACTGTATGGGATTGGAGCAAAACTGCTCACCATGAT,992,51.31,Escherichia coli
SEQ_440217,GACTTAATTTCCATGCCTAAACTGTGGTAAAGCAGCCCTGTTCCCTCGGAAGCGTATACAAACCAAGCAACTCGTTATGTATCT,84,44.05,Escherichia coli
SEQ_703006,ACACATTCTCAGTCCTTTCCCTGATTATAACTGAGCTTAATTGCATTTCGGGCCAAGTACGAAAGATGGCTAGTTGGAGCTGTCAAACCGGGCAGTTTGCGGCTTGATTGCCTGGCTCCTTAGATGATAGGACTTTCCGTAAAAACTTTAGTAAGCATAACTAAACAGTGCGTGATGAGAAGTCAACTTGGCCCCCACGCAGCCTTCGAACCATTCTGGTTGATTAACCGTATCGC,236,46.19,Arabidopsis thaliana
SEQ_811060,AGCTTATTAGAGGAATCCTAATTGTCATGCTTTCGAAAATCTGACACATGGAGGTGCAGGAGCCATAGGGCAAGGTAGCGCGTTTCTAACATAGCGACAGCAGGTCTAATAAGAAGACATGAACCCAGATGTATCACGTCTTCGTGAACTGTTGAGTGGACTCTGAAAATCCGCTGCCCCGGTCGTTCGACCGCAGGTCTGGCTCGGCGACTGACGTAGGAATATATGGAGATGGGGGAATGAGCTTCCTTTTTACGCTATTACTCTCCGTGTAAAAAGGGTTAAGCTCATCTGAACACACCTCTGTGTGCATGCGCCTCATGGTGCCTCTTAGGCTCTGCAAGTGCCAAACCAGTAACCGTTGGCGTCGGTGGGTGGTTGCGGCTTCTCTTTGTACAGAGTAGAGGCCGTAAAATTTGATCAAAACGGGGTTCGGAATATTAAAGCTCTGCACAGGGCTTTAGATAACTACCCGACCCTGCCGAGACACGTAAGCTTTTATCGGTTAGCCATGCGCCGCTCCAGTTTTAAGAACTGAGACCTTGGTTACTACACAAATGTGTTTAAGACGAAATATCTACAACGTGATATCAAGCAGGCAGCGTTGCCAAATTATTGGCTGAAATCCAATCATTCTAGCCTACGGCGTTGTCGGAAAACCCAAACGATGCTGCATTGCTCAAGCATCTCCCAAGCCGGCTAATGCGCCGATTATCGCCCCCAAAGCCACGCCCGGTAGCAATTCTAGCGTTTGATCCGCCCGCGCACAATTTGTCACCAGGGTCATGTTCTGGTCTCTTCTGAGGCTTAGCGGGGGCTCCCTTATAGACCACAGCTATGCGTCCCCAGCCAAGCTAGGAATTAAGTGTGGAGATCGCCGGAGGCCTACAACATCGGAAAGGCTAGTTCCCTCACTAACAGTACCCAAACGGGCGAGCCGGGTTCTGAACTCTGTGTTGCGAGATCTGAGCCGGCGGCTTTGCTCCCGATAATAGATTTAATCTCTGCTTGTACCTACCTCAGAATATACCTACTCCGAATGCTAATTCTAAACTGGGGACCCGCCCTGGTCTTGGGCACGTCACGTCGCCGCAGCTTGATATATCCTCTGATGGCAGTACTCCAGTGCGCCACGCGTGGTGTAAAAACGAGCGCCACAAAGCTGGGACGGTCCGAATTTAGGCGCCTGGAAGTTCCCTATGTGGCCCGAAGTTTCGGGTCTCCGCATAAGTGATCCGGGCGAACCCGGAATCTAAGCAGGCGTAAGCCGTTTAGCCTGGTCCCAGAGTACATTTGCTAACAAATGACCAAGGACTCTTGGAACAACATATACCCCGAGTGCACACTCCGACATAACCCCGCGGCGGAATACATTGGAGTTTAAGAATGAACGCACCGCATACCTGACCCCGACGGGGTATGCACTCTTGAGGGCGAGGCATCAGGGGCCCACATCCTCCAGTCACTCAACAATATGGTAACATGTTTAGTCTCAAGGGGTTATTCCGCAGTGGATTATCTATGCGGCACGGGGTTCAGAATACCATAGATGAACGTAGCCCGTAATCCATTTTAGGGTCATGGCGTTTCCGACAATAAGCAGTGTGCAGTACCAGAGTATCGTAGCAAACTTTCTATAAGTATGCAATGATTGCGTGCAGCTTGACGTTAAGACTGTTGTCTACTCGTAGACACTAACCCGTGCTCCGAAAATTTACGGCATGGACCCTCGTGAGGTGTCCCAGTAAAAGTACGGTCTATGGGGATCTCTAGAGTAGGATGGGATTCGCCGAATACTTAGCTCTGCTCCGAGGCGTTCGGCAGTACGT,1829,50.85,Escherichia coli
SEQ_620585,CCAGAGTTTGAAATGTTGGCTCGAACTACTTGTTCTTATCACACATATATATAGCTCGATGTTGTAACTACGCCCATTCACCTATACCCGTTCCCTATGTTGCAATGCGAAGTTTTACTTACGGCGACTTTTTTGCATACTCCGTTTACAAGCAATCCGACCTTTAGTCCTATGACTGACAGGGTTCAACCACCCCAAGTTTTAGAGATAAGCTCACAGGGCCAGGTTGATCCCGCTTTCGAAGTTCATTCGCGTCCAGGTGCCAGTAACTCGATCTGCCATTGCCTGAACTAAACGTCCTAGCATGGATACAGATTGGGGTCCCAGGCGAGTTTGAGCAGCACACTCGCCGGGTTGTTTCCAAGGTCTAAGACTCCAAGCGCCGAGCTCAGGGACCCCTTCCTTACAGTATGATCCGTCTCTGTATCTCCGGTGTAAAGGGGCCAACCTACTACCTGTAGAAATGAGAACAAATCGTGTATCGGCAATTAGGTCGTCTAGGGGAATATGCGATATCGCTAACTGATGCTGGATGCTGAGTGGGCCACCCCCCACTGTGTGTCCTTCGCGCAAGGTCAGGATGCAGCTCTAAAGATGTTATGCGTGCGTACAAGCCGGCATAGCATGTGGTATACAATTGTACATCAGTCTGCGTAAGCGAAAATTTGAATCCAACTCGCGCTATCTCGGACGAGTGCTACGAGCAGTGTGTGCATGCGACTAACGCGGCATCCGACCTCCGACCGACGGCTGACACTGGACAGCTCTACGTGACCTAATTTCATACCAATCGAGTTCACAAGAGAGTTCGTTGTTTAACCGCGGGATGGTCGCGATTGGTCCAAACTCGGGTCGCTGTGCAGCAAATCCCGCCGAGGGCATCAGTGGTGTTTCTTCATATTCAGGAGTCAATATTAACTACAACTCGCGATAGTGAGTGGGGCACTGTGGTGCGTAATGTTATAGAAGGAGGCAGAACCCGCTCCCAGCCAAGTTCTTCGATGGCAAATCGTATTATACTTTGTATTGCTCAGCGCTTACTGTAGAGGCACGGTAAGGGTAGGCGCAGCGACAATCCCCGATCTTGTAAGCTCAAAATTAGGTAGTAGTCGGAGCATATCATTATCAAGATTCATATGTTAAGAGCGGA,1150,49.22,Caenorhabditis elegans
SEQ_719408,CCTACTCAGAGCTCCTTCTAATACCTTAGTCTGAATTTTGTTGCTTCTTCTCTATCAAGACCGAACGGCAGGCCCCACAATCAGTACGTGGGGGGGGTCTGAATTCGGGACTTATCTGTGCGAC,124,50.0,Arabidopsis thaliana
SEQ_419799,GATGGAGCTAGTAACTAAGGTCTTTAGCCTGCCCGCGCTAATCAAGACGGCAAGCCGACCACACAATGCACAGGGGTATGGGATTATACAAAGCTGAGGGGGATCTTGCCATGATACGAGGTCACTTGGTCTAACTCTGTAAGTGAGCCGGGTTCCTGCCCAGACGGTTCAGCTTCGATCCATGGGATTAAACGAGTGACATTAGAATACCTACGCAAAATACGTCACATAGATATAATAGTACTTATACCGCATACCACCAGGTGCTTAAGAATTGTTAAGTTGCCAGTAGCCGCGTATTTCCAACGACCATCTACACGCGCCCCGCTATCAACCGCTCAGCTTCTATAGCTCCTAGTTAAGGTGAGAACCAAACCGTATGAAAGACCTCACGCCCTCGGGGGAAGTCGCAGGGCTGTAGTCAATCAGTTCACTTGGTCTGGAACGACCCTTGTCGCTCGACAAGGGCGCCGGACAACCCACACGGAAAGAGGTGTGAAAGATGTAAAAAACACGAGTTGTCACGCATTAAATAGGCCTGTAGTTGAAAGAGGCATTCTTTGGTTTTATCAACTTCTAGTTCGTACATCGCTATTGGTGGTTCCGGTCCGTCCGGATCATGCAGATATCCTACAAATACTCCTAATGACCCCCAGTGGCTGCACACCAATCGATTCGCTGGTTTGCTGTCGTGGTTCGTGACTAGCGGGCGGGACTCAGCTCCCTACCACAAGGTCCCGTCTCGTCGTCGCCCCAAAACGTCCTGCCAGTTCCACAATTCGGACAAGTAGATGATTTCGTGAGACCGTTGGGTAAGTAGCTAGACCCAGTGGTTCTGCCTCCAGCCTGGATGAATGTTTATAGATGAGGTCGT,874,50.23,Drosophila melanogaster
SEQ_521572,TGACCACTCTAAAATTGGTAGTTTGAATATATTTATAGCGCTTTCCCACGTAAGGTCATACGGACCTGCATGATGTAACGGTGGGGGTGGAACTCTTATCTATGTGTGCTTTGAACCCAGGAAAC,125,43.2,Mus musculus
SEQ_847125,GCATGCTTGACGCGGTTATTATGAAATCTTAAGTGAGTGGCGTATTCCTGCCAACCCCAGTTGACCTAGTAACTTCGAAGACAGGCGTAAAAGAGCATTCCTTGACGACTTCACTGATGGTGGTACAGATCAGCCACTTTAGGTTTCTTTAGTGACAGGGTGCTGAGGATACCGTTGGGGACTGTTCCGTGCTGCCGTAGACTTTATATTTCCTGCAAGACCGGTTTGGAAAGCCTAAAAAGCTGCAAGAACCTGAGAGACTGGGTCTATAACGAGTCCGGCAGGCACCGAACCTCGCTAGCCTCCGAACTATTGGCGACAACATTAGGCCCTATGTCGCACCTACTACTGACGCCTGTGAGCACATAGGAGTGTTTGGCTCCCACGGGTTGCTGAGACATCAGATTCTATACGAATTCGATAAGAACTTG,431,49.19,Saccharomyces cerevisiae
SEQ_245637,CTTCAGACTACGGCTTTTAGCGTGGTAATTGTATTCTTCCGCGGCCGAACTTAAACCACTTGGATTCGCTGAGTCGGGGTAACGTCCGTGCATGGAGGCCTCCTCTTTTATTATCCCTGGAAGGCAATAGACTTTGGAGCAAAGCTCTGTAAAGGCTTTTCGAGGTGATACATCGCACATTACCCTTGGGTCAGCCTTCGAGAGACATGTTAGTCTGGTAGATCAAATTTTGAAGTCTTTCTGAGGATTAGCGATCGACAAGAGGTGTTGGAATTAATGTTCGGCCGGAGCCACACAGAATCTGCAAGAACTAAGCTCCTGTGGCGGCTGTAGAATGTTGCATTTTCTCTATATGTTTGCTCTCGTTCAGTTCAAATTCCCAAACTCTTAAAGAGGTTTGATGATTACCAAAAGTAAAGGACTAACGGATGTCGTGGATAGTCCGGTTAGTTGACAGTGAAGCGACCATGGGGAACTCGTATCCAAGGAGCAACACCACGTGGCCCAAATTGTGTCTCTCTTAGTCAGCCCCGAGGATAACCGAAGCCCACGTGCTTCTTAGAGAGCGGTCTGTATACCCGTACTTCCTAAGTGAACCGACGCGGATTACCAGCCTTAGGCATTATAGAGATAAATCGGGACCAACACCGCCTGGCTGAGTTAAAATTACAGTCCGCGACAGGGTAGCTAGCTTAATTTGTATCGACGTTGGGTGATACGCAGCAAGTCCAAGGAGCCAGTGACCGGGTCGAGCAAAGAACAAGGTGAGAGACTTGTCCGGGTGGCGTCGGGCAAGTCCCACACATCCAACCCTTTGGGACGTTCTTCTCTATGAAGCACGCTTATGAACAGGGGCCATCAGTTTCTAAAGAGGAGTTAAATGCAACGCCTGCTCTATTTCATCCTCGCGAGGCACTTGGCATACAACTACTCACTGCACTGGAGGCATCAATAGAGATACATACCACCTAGCTCGCGGTAGTTCGCTGATCACGACAAGATTGAAAGAATCTATTGCTTCTTGACACTATTAGCGCAATCACGGAAATGGCAGCACATTCGTATAACTCGATGAGGCGTAGCTTACATGTCTTGTTAACCCGGTAAGCAATAGGTGAGATAAGGCCACCAATTCTTAGTGTATTTTGGCGTGAGTGCAAGCAGGACATATAAGCAAGGTAGACTTTAATGGTTTGAGTGCGGGTCATCACGCGCCCCCGATTTGCAACGAGCGTAAGTTGTAAAGGACGGCCGCATCGAAGACCGTAACCTCTTGTGCCTGTCATCAAGTAAATCGTAGATTCTAGGTTCACAGCTAAAAGGGCATCGGTTGATACTATTAGGAGAAAAGACCATGAGCTGGTTGACCCCACCTGTACACTAGCCTCGTCCGTTATATCTCGAGCGGAGCTGTTAGACATAGCTGTAAAGCCACACGCTAGTGTCTCAAATTTACGAAGTTTCAACCGGTCCTCCCTTCTCGCGGGATCCGATATCCACTTAGACGGCGTCTTTTAAGTTGTGCACCCGTCGAATTCTTGAGCTGCATGAAACGCTGGTTCGAGGGCCTCCGGAAGAATTCAAACTGGTTTCAAACTGCCCAAAATCCTTCCGGGTGGGGATCA,1625,48.25,Arabidopsis thaliana
SEQ_431437,CAGTAGCAGCTTAGTCCTGAACTCAGAGATAAGCAGATTTAAATAGGTAAGACTTTACTTGCGAGTTCTTGGCGGCTAAACCACGCGACCTAGCCTCCGTGGACTGCCGTGCACACTAGGCCCTGTACTATGGCGTGACTGGACTGC,147,51.7,Homo sapiens
SEQ_240981,CTTTGCACAATCATATAAATGTCGGCTCCACTGTTAAGGGCACCGGAGGAACGCCTTAAATAAGAGACTCCTCAGCCTCACTTTGGCCACACGTGAGGTCAAGTTATCCAAACCATTAAACGGACGATAAATAGTTAGTCCCGCTCGCAACAGTGCCTTAGGGCACTGAGATACTATTTATTCTAGTACTTCTCTCGATAGGTCTTACAGCACACGAGAACTGATTGATGCATCCAATTAACTGATTCTGTCTCATCCCGGGCCGCTGTCTCAGTTTTCGCTCTTATATAGGTCTATTCTGTGCACCGGTCTTAGGCAATTGCATTTGCTCCCCTGCGCAAACGCTGACCACAGAGCACTTGCCAAATCACGACTACCGAATTTTAAGTCTGTGCGGGCATTGCTTAGGCGAAAACGAACTTGTTTGCTCACTTCGCCTGACATATTAGGCATGTAAGATAGATGGCTGTGAGCGGATTCCCATAGGCAAGATGGTCCGGCGTTGCTCAGGAGCGCGAACAAGCTTGAGATGGTATTTAGGTTGAGAGGCGAACAGAGAAATAGAAGGCGTATACGGTACCAATGTGGTCATTTCTCCGAAGAGAAGGGCTTGCTAAGCCCATTGACCACTTGAAAACACGGTACATATATCATAACCGTGGGTAAATGGACCACGACGAGCCCTGGTAGCCACCTACGTTTGTAGAGTCAGCATTCCAAGGTCAAGCAAACAACCTGAATAATTACGGATGTCTTCGTTGGTATACCTTTTCGGCGGTCTACTCACCGAACCCTCTTCTCATTCATGAAGTTTTGAGTCTTTCGTATATCTGTCCTAGTGCTACGCGCTGATGATCGGAGAAAGCAAAGCGATGTTAATTAGTTCTGGTAAAGTCGGTGTTAGCAAGTTGTAGGATCCGAGAATTCAGCTACTCGGACGACTAAGTAACAACCTGCCAGGCGTTTAGCGAGAGGACCTCGAGCCGGTTGAATGCCAGATTTTAAAGATTAAAGCTTGACCAATGTGCGTGTACTTAGAGAGCGATAATACAAAGAAACCTGACTCGAGCCTATTAGGTCCGGCAGATACACGCTTCAGCGGACGGAACCCCTAAGAGTTGTTTTTGTTCGCCGAGGGGTATCTTCCTGACTGGGGCCCGTCATCTTACAGAAGTGGAAAGTCACGCATCTGCCCCTCGTCGATAGCGTAGGGTGCCGAGTCACCCCCCGGTAAGCTGGTCTGTGAAATATGTCAAGCTAGTTATTTATAAGTCGAAAATGCGCCGA,1287,47.63,Escherichia coli
SEQ_692552,ACCTCTCTTAGGTTTTTCGTCTTTTGAGAGCGCATTACGTCACTGCCGACACGAATGTAGCTGCGTGCTCACACAAACTGTCATGGAATCAAACTGGGTTGGAGCGACCACGGGGTGCTTCACCGTGAAGCGTATGCCCTATTGTATATAGTTCATTCGTCATATAACCCGTCAACTCTTGTTCGACTCGTAACCTAACATCTGGAACATACCGGTGTAAAGGAACCAAATTTATGCTCTTTGGGGAATTTTCACGGTGCCAAGCTGTCATGTCTAATGCTGTAGGTGGCGCTAACAACAGGGCTTACATGATTGCGTTTGACATGAGCAGTAGGCCTTCACTCGGCTTGAGTTTTGCACTGGCTATGTAGTATCAGTAAATCTCTTCTCGCCTATTACATTAAAAGTGAGGTGACGAACATCTTGGCTACAAGATCTCAACGCTACAAACAGGCTGGAGATTTGCACCATTGTTGACGGTCCAGGAATAATCTCCAATGGCCTATCTCGACGGCGCATCTATGCGCGTCGTGTGTCGTGATTCATGCCTTCATTTGTGAAATCTGAAGATTGAGCGGTTCTGTTGCCGGAGCGCTGTTGGAGAAGGCTTCGGGGACCTGACTGTTCTGACGGCGTGAACACAGGGTAACGCGGAGAACCCTCTGGACATAGTCGACCCGCGAGGGACGATTCTTTCGTATACGCCCAGCCCGTACGCTACGCATCCCTGTTAAGGCCACTACGGCAAGCTTCAACTTATATAGAGTGATCTTATTGAGAGCTTATAGGAAATTATTCGCAGCTAAACAGAACCAGGGTGCGATGGGGCTTGAGCCCTTACCTAAGCCCGGTGAGACTCTGAACCTTGTCCAGTCGGTGCAAGTGGAAACACCTGGTCAGCAGGGTCTGAACCACTAGGATTTGGAAAAGTAGGCGAGTGTCCCCAACCTGAGCTTCGTTACCTGGCCAGCCGCCCAGACGCGGTCCGGCCAGTAGTCGCCACATCCCTTAGGCGCTGGGAAGCGTCCGGCATAAGCACGCAAAAGACGGTCCATGCAGCCATAACTGAAGTGCGAATGATCTCACGGCAGACGACTAGCACGTTTAGTCGGGCGTTACGGTTAGCTGTCAAATTTCTAGTCTGAAAATCTGTTCCTTATAGGTGCAGTTTAGTAACTTACATGGCGCCATTAGCTATTCAGGGCCGTTCCCAAATCCGCGGACTAGACGGTTTAGAAAGGCGCGGACTTCGGTGCGCCAGTGGTATACTACCCCGCAATTTTTAGCGTACAATTGACTTTAGCAGATTCGGAAGCTCCAAACGCTGTGTGTAAGGAAACAAGATAACTAAAATCGAGGCTGGGAGAGTGTTAAAGCCAGCTTCCGACATTGCATTGACCTATTACTTAAGTGCTTCAGGCCCTTCATAATCTTCACAGACATGGGCCTCGCGCGGGTTCGTAGGTTTTATGACCTGATCTATGCTCAAGGCAACACCATGCGAGTACCGAACGGAGGCGGTTACATACGACGTCCATGATCGAATTTTACGTGTTTACCAAACCATGTCGGCAAGGGGGAGCCCTTGGTACCGTCTGACAGCCATTAGTCTTGAGGCCTATATAAAGGTGTGTGCTCCATGGAGTCGTCCCATACAAGGTGAAGTCAAGCACGGTTGCAGCGGTAGTATGCATAATTTTTTTGGACTAGATCCGGGTCGATGGACGGAGAATTCGGCGTAACGTGCGACCTACGAGCTATCAGATAGTTGTTTAAATAATCCTGGCTGGCTGTACGGA,1799,49.75,Arabidopsis thaliana
SEQ_831925,CAGTCTAGGGATGAATGCCCTCAACTATTGCGTCGCCTTTCAAGACGCCTATAGAATGCAGCCGCTGCTCGACGTTGGATAATTCCCTAATATTTAATCACGTTAACCCTTTTAATCGGGCTGGTCCGAGAGGGGAACTACAGCAAGCTTTCATAGCGGATATAGCCTTTTTAGACACTCCCAGTAGTTTGTAAATCAAGTGCCAGGAGTGTAACACGGACTCGCCTAGTGAAATTGTTTCGCGCGTTGTGGACCTAGGATTTGATGGCGGACGTGGAATGGAGTAAACGATTGCTGGTACGGTCCTATGACGCTGATGATCTACCCTTATGTGGCCCATCAAGACGGGTACGCCGATGTGCTGGTCCACACGATACCAAATGGTACTGTGGTGACTGCTCGTATGTATACGGATGCTGTTTACTCGCTACCCCGTACGCTTGGATTGCACCACTTTAAGACCGTCATGTCCCACACCGAAAGCCTTGTTTTTTCGGCCAAATTGACCACCGGTCGGGCTACAGTAGTTAGATGTCTTCATTGCACCGCGCCGTGCAATTGCGAGTAGTAGTAAGGTACTCAGTCCAAAGCAATTACTGAAACAGTGTACCATTTGAGCAGCCGCTAGGGCTGTGCGGCAAGGTGTAGGTCAAATTTACTGTATCGACAGGAGCGACAGATATTCTATTACTATGGCGTAGGTGGGTGAAACATGGACCTATCATATAGGTCACCTTCTCGACCAGGCAGCCGTAAATATATATCAGTTGTCAACTGTATTGTGGCTCCCTGATCAAAACAGAAACCGCCGGCCTATACGCTAATCGATGCATGACTAGACAATAGCCTCTTCGAAGTCACACGTGCCCTGCTGTTACAACCTCCTTGTACAAGGGCCTTTCATAACCGTGCGAAATGTATGCCCCTGTCATGTAGGGACACCGCCTTCTCCCTTTCGGAAACTGACTAAAGCTACACTCGAGGGGGCTCTGTCCTAAGGCCGGGGACGATTTTCGATATAGACGGTCAATGAAAGCCGGTCCCGGCCGTTAATGATTGGTATATTGTCCTGGGCATGTACGATTTTTTCTCCTTTTAGTAAGGCGAAGGCTACGAAGGGAACAGGTAGTCTAAAGTGTCTCAAACATGATTAGGCGGCACTGAGTAAGTAAGCATGGCACTGGGCGGTGTTAGGCCGCAATGTAATGCGCATAACTAGTTTCAGTCCGGCGACCCTCCGAGTAAGTCCCGTAGTCGATTGGTCGCGAATCTGACCTGCTGTCAGTTTCATCGTAGTTGGTTGCTGCCTAAAACCTAAGTGATATGTCGGTGTCCTGCTTGCTATACAGTCTATCCCGCTGTCGCACTCCGTGGGACCCCACTTGGCTTTTATCTGTGGACGGACTATCGGCTTTAATACTACGCAGTGACAGGGGTAACTGGGTCCGGCTACCGACAGTGGTTGTCATCTTACACATACTGGCGGGGCAGCTGACGATGTAAGCATCTATGGTGCCTGAACACAATAGGACGACGTCCTTTTCTTGCACTTCGACCTAATACGATCCTACATAAGGTCGATGGTTTGATTA,1592,49.25,Mus musculus
SEQ_248433,CAAAACGTGATTGCTGTGCTACCACCGTTTTTTTCGGTCTATCACCCGTCGTGTCGGTAGTCGGCATATGTATTGACCTGTCACTGACAGCAAGACTCTACGGGCGTGTAAATTCGTAAATAATGAAACTAGTACTTCTGTGTGGTCCCAAATGTCCTGACAATGGTTAACTATTCTTTGACGAGTCCCAATGGTCCACCGCACTTAGAGAGTTGTCATGCTCCGTATACTGTAACTGCCCACGAAGGAGTCAACCTTAAAGAGATTCTTTTACTATGACTTTTGGATATATTGTTAGTCCGTGACGCGAAACCGGGACCTCTTTCAGTTCTAATGTGGTGCGCCACTGAAAGCTGTCAATATGTTTTCGAGGCCGAAATTGTGCGTGAATGACTTCGCACTAAACGATATACTAGTGGCCAGATTCGCAAATACAGTGTGGAGATAACACCCCGACAAGCTCGATGTGACATTAGGTAGCACTGACGATGCACGACCTTTTGCAATCAATATGCAGTATCGTGTCGTAGATTTCCTTCCACCCAGTAACAATGTGCGAAGTCATTGTCCCGAGTTCTACACCGATGCAACGGATACGCTTAGCTGTGATTCTCGAAACAATTATGCCCTGCCCAAGACTGATTGACTTAGCGGTGCGGCGTATTACGTTGCATGTAGGAGCGGGGCCACCCAGCCCAAGACCTGGTTGGTGGAACCTAACATGAAATCGTCCCTGGTTCAAAAGGCGAGAAGGGCAATAGGCACCTGCGGGATTAGGGAGAACAGTTTCCCGGAAGCCCCCACGACGACACCCTTGATTTTTACATGCACCAAGATTGATTGACCATTGGGGGCACTTTGCTCTCGGGGAGCTACACGCCGTGATAGTCGAAACTAGATGACATGGCACAAATTGTTCCTCGGTTTAGTCTAACAACGATAAATGTTGGGGAATGGGTGGTTGTGAAGGAGTTAGCCCCCACACAAGCTCACGAAACCTACTTGGATGGTCTTTCGAGTTATCACCTCCGAAAATTACCAATAGTTCGGAGAGTGTTTAACTTGGAGGGAGTAACGTGTCTTTACTTCTTGTATGGGAACGCCTCCCCTCGCCAAGATTAAATACCAAATCGAGACCAACTGAAAACTGAGATTTCGGAACCCATGTTTGGCGGTAATTATTCGCCTTTGTTTTGCTTGAGGCAGCCTCGCGGAGAGAACTTGCGACGCTACGCATTTGCAATAGGCTAGTTGTCACGGTATCCCCGCCATCGTCAATGACACCGGCTTAGACCTTTCGACTCAGACGTCGTCTGCAGCAAGCCGCTAGATGTATACGACCTACGCGCTTTTGCGTATGTACCCCATCAAAGAGCATTGTATA,1384,47.76,Mus musculus
SEQ_633665,CATACTAGCGACTTCCTTGAGACTACACAGCACAGGTCACTAGTACCGGCCCCCCTATAGCGTGTCGGGACTTCTCGTAGTTAGAGTGATCGTTTAGTACTGCAATCGACGGCCCGGAGAGAATCTTATAGGGACCGCGGCGTGGGCACGCTCATTATGAGTGCGGCCCCTCCATATGCGCTGGCAACAGCACGGTGTTAGCCTGTGCCAAGGCGCGAATAATTGGAGCCGGTCTA,236,55.93,Saccharomyces cerevisiae
SEQ_194548,CGCATTTCCGACCCAAATTAGGTAGGCGTGAGTGCGGGCTAAATATTCAGTTGCGCAATCTGAGTATTGATCGTTGGCGGCTTTGCAGACTTGTATCCCGCCTCAGGACTCCCACGACAAAAGACGACCTCGCGGGACTATTCCACTCGATTTAGCCCTTTGAGCCGGTCTCACCTACCTGGTTATAACTTGGGCGGACGCATGTATGTCAGGCACAGGCGTACAGATATATAACGGCCCTCACATAGGGCTATGTAGACATAGTAACGGACCGCTTGGGAGAGTCTCGTGTATGAGAAACTGCCCCGGAATCCTCGGGTCATGCACAAGGACCGGTGACAAGAACGGTTTTTGAATCCAGAAGTCCTCATGTGACACAAGGACGCACATGTTCGCACGCGGCCCACATCTACGCGCCTCCTCGCCCGTTAGCTTGGGCCTGCTCCAGGCGTTATCCTATCCGAACTAGGCGTGTAACTACATCGGCTACGCCGATGATCAAGTAGCCGAGTGATAGGCATTTTCAGCACCGGGGTTAAGGGGAGGTGTAGACACGCCAATGGGGGTGCGCGGATGGCCCGTTCGCTAATGGACGGTTGAGACATATTGGTCACAGGCAGATTTCAGCTTGCGGTGATAAACGTAGGTGGGTCAAGAACTTTCCCATAATGATACAATTAGCGACGTGACAAGAGTCAGTTATGACGCTGGATCGCCCGAAGTAACTCAACCCGAGATTACCAATCTTCTCGCACCGGGAGCCAGTCTGATCGGCTACTCTCGCTTCACGCCGTCAGAAGCGTGTGACCTGCGTGGTCGGGGCCTCATTGTTTAAGCCCCTGTAGCGGATCACTGCAAATGCGATTTTCCCAAAAGTAGGAAACATTTTCTTATGTGGCTATATTGCGGTAAGCGAACTTCCGCTCCAACGTTGCGAATCCTAGGTCCTGACATAATGCAGAGGACGGTTACGCTGCACGATAGATTAGCTCACGCTCGCCTGGCCAGCTGAAATACCATCCCCAGGGCCATTCGTGACGAAACATGGCACCATGTGTGTAGCGAACGGTGAC,1073,53.03,Drosophila melanogaster
SEQ_254493,CTTGAGTTTAAACAATTCATAGCGCATAACCATTCGTAATTCGGGGGCTTAGCCTCGGTTTTCGTTACAAAACCGGAACACAGAGGTTTGTTTACCGACTAGACCCAACGCGCCGGGCCGACGTCCGGACTTTCTCGCGGGACAACTTCTGCCTGTCAAGAACCATAGCGGGTCTCGGATCAGCGATCCTTCTCAAGGTTAGAGGGCTCAACGAGCGCGTAGCGCTATGAACTGGACACCGCCCATGTAACCCGAACACTCAGGGCATTTTTGTTAGGAAAGACCTCGCCAAATACCGCTATATAACCGATGGAGATGGTGATTTACTCCAAGGGCTCAGAAGATGTTCGGTTAGAAGTCAAGGGGTCGATACCGTGAGCTTGCACAGTCTCATCTGTTGAATGCAGTTACCGCCGATCAATATGAGTATCCAAACTCTGAAGAAGAAGCCGAAAATTCAACTCGAATGCTTAAGCGAAGAAAGACGCGGCAACCCCGAGCGACCCGGAGCACGGTCCGCCTAAAGGTTGATATGGTAAGCAACCATTTGTTACCCCAGATAAACTAGGGGGGAACCGTTGAGCCCACTGGTCACAACATTCTCCTGACACGATTATTTACACTAGGGACAAAGGCACAGTTCGAGCAGCTTTGGATCCCGGAAATTGGCGATTAAACATCATGTAACAAGTTGCCGGATCTGGCACCATCGAATAGCGGCATAGCGTACGTATGGGACGGACTCCGTTACCACGATCTGCCACTCCTAACATCCAATCGGGGCTCCTTGAGAAAGTTCGATAGCGACGGTATTAACTTAATATTCGGGTGCTCTGTCCGAGTTACTCCGCTAGCCTCACGCGAGCGTGGTCATGGCCACGCTCATGCTATAACCTCATCATACCTTTTAGAAGCGTATGGGTACAGAAAACTTAAAGACCGGTCCACTCGTCCAAATGGCGTACTATATATAGATGGGCATGTGTACGGCCACCATGGCCATTTTTGTTCGACTGACACAAATAGGCGGATGGGTCCGTCTGTGTTTTAAATGTTTATCGCGGGAAAAACAAAGGCAAACGAGTCACGGAGATTCAACCCATAAGTTTCTAATCGCGCCCGCCACAAGGCATTACGCCACAACACTTCATGGCGGGAGTACTTCTAGGGACGGTGCCTCCCCGTCGGTTACTGCAGGAAAAAGGTTACTGTACTAGAGTTGAGCACTCAGAGTACCACTCCCGTCATACAGCGTGACCAAGCTAACAGACTTCTAATCATCTACCGAATCAGGTAGGAATTCGGTGGTCTGTACTCGCGTCTAGACGGATAGTAGAGGTAATACCGGTACTAGAGGATAAAGTGTGACGCGATTAGACTAGTAATCGGACAGCAAATCTTAAGACGAGATACTTGCCTTGTATGGCACGACGAACCATTGTAAAACAAGGCCGCAGTTGCGGATTGTCCATTGTGCGCAGATCGATTGTGGTGCTTAGTCTGGACGAATTTGCGATCGACTCCTGCCGTACAGGGACGGGGACAAACTTTTCAGTCGTGGCAATTTGGGGCGCCTCAATGTCCA,1585,49.65,Arabidopsis thaliana
SEQ_384852,ATAAGACGCCTGGCGAATAAAGATCAGATTTCTATTAACCCGTACTCCTTCATTCCCGTGGCGGTAGATTCGCAAAGCCCAATGGAGGCTTGTGAGGAGGCAGGCTGGACGGTGGGCATTCAATTATCTTCGCCTATGGAATGGCGGGGCAACCAACGAGCGACCGTCACGGTCCACCAATGGTGTCGTGGTGCCGATCGCAGCAGGAATAGCCGACCCGGCGGCGCAAGCTGGATCGATCGGTAATAAGGATCGGTCCCGCAATTGACGATCGTTACTCAACCCCTTGTAGCGTTCTAATAATGTAAGACCAGATGAGAACGGGGAATTGAAAGTCCCTTCATAGGAGCCTCATAGATGTGATGTACGTGATCTTGGATAGTCGGGTGAGGTGCCCCCGATTCAACCGACCAGTTGTTACGGCTGGCTGTACATTGCTCAGACTTTACCCTAGGACGCTTACTTTGAGTAGCTACGGCCCTAGAAGTTCAAACTGGTAATGGTGGAGCGTCGGGAGACATGCAGGAACCACCTGCGCGGGGGAGGGGATGTCGAGACCAATCGACTGGCGTACACCGTGGAGAACTCAGTAATCTTTATATGCTCCTCCAAGGAGGCTAGAGCCCGCTCGGTATACCTGGAGTAAACCCCATACTCCGGTCCAGCGCGTATCTTTACGTGCGCTAGGGGAGGCGTCACACAACAACACTCCGCAACAAGTGCTCGCATATCCCCCGGCAAAGAGTGTGTCCGGGTTTTTCGATAGGTCAAATATATCGTATACATCATTCCTCCACTTCTAGTGATTTTAGGGTTATTGTCCTACACAGGGCCGGGTAGCCCTCAAGTCATGGACGACACTATACACCTACACGTATTAGGCTAAGCGGTGGCAGAGATGGGGTGAGGCGCCTTCACTAAAGGCCCTTTGTTTGGGTAGACGGACTATTTAGTCGAAACATACTCGATCCTTTAATACTTTAGCGCACGGGGTCCGGGCTTCACATTACTTTAGAGGGTATCACTTTCGTGTTAAAAGTCGGGCCGCGGTGTACAGACAGGTTCCCGTTCCGCTGACAGCGCTATACTAGTGGACAACGCAGTCAGTACGCATCGGGTGTGAACGTTAGACCATAAAGCCTGTTAAAGCTCCGTAATCACGCGAGATCGCCAACCATCAATTCCTATTTCATTCTGCTAAGCGGCAGGACAAAGGGCTAAAATTTCAAGTCTACGTTACCCATTACCACCTCCTTTCTTGCAACGAGTGCTACGTGGTTAGCTTGGTCCATTACAGTATAAACATTCAAGATGGATAGCTGTAGGCTGTAGGCACGACCCTAGACGTCCCTCTTAAACGGTTGACTATCAATAGCGCCAACGCTTTCCTCCAGGTGATTTTCCCCTGGATAGGCCACGAGCTGATAGTTCGTACCTTGGACGAAGCGGATAGTAATTATTGGTAAGCCACTCTCACGTTAATTCTCATTTTCGCATAAGTAGGAACTACAATGGCAACCAAGTTGCGAAATCAAACGTGAGTGCATCGCTCCATCAGAGGACATATAGATGTATAGATAAACCGATGGCGGCAGAAGTCCATCGTACCAATGAGCCGGGCCATCCATCCGATGTCCTGTTTTTACCCAGTCAGACTACTAAGAGCCCGTACCACGACGCTGTGCTTCACCGAGAGGTCG,1700,50.65,Escherichia coli
SEQ_707955,ATGCGAAGACCTTAGTACGTATTCCAAAGGTCATACAACAATAGCGGGCGGGCGAGAGAGTTTTAAATGTGAACTTGTGTCCTGCAAATGTGAACATACAAACTGAGCTTGCCACCCACAAATAGTTCCCGACACATCTGGCCCGCATATGCCGGGATTTTAAAAGAATCGTAGTGGCTATATTCGATTAGAGTTTTCATAGCATCATGGGTTCGTACGTGGACAATTTGCATTCTGACGCGAAGATTCAAAAATCTTGGGCCACATCGTAAGACAGCCTTCGTAGTGGATTATCACGAAGTAACTACACCCTAAGTTGCTCTGAGAATGACATTCTAGTATTTTGTACATTGGAATTGCGGGGCCTACCGTCCGTGAACAGGGTAGTAATTTTTAGGAGAACCAGCCGCTTTAGCATGTTTACGACTGGCATTAGCAGGGTCTGCAACAAGTCCAAGTTCGCATATTGTTTGCGCACTCATTCGCTATTGATTGTATTGTCCGGCTATTAATCGGCGGAGACACCCCAACTACTCATAGCATATTGGGAATCGTAGTACCACGGGGAAAAATTTTACTGAACGCCTATCAGGCTCCGATATTGATGTTGGCCAGGACAGTAGGAATGATTACGCAAGACTTCAGAGACGCGATGCCTGTTGTTACTCAGAATCGAAGGGCTTGCTTAAAATGGGTTCCGAGGCAGACTTCATCCCATAACCTGTAGGCTTTCGTGTCCTTAACTCTTACCAAAACGTGTCCGACTGCCTGTGCGTGCAGAATCTCGACTGTAGCACCAGATGCGTCCGTCTGTATATCAAGTCTCCAAACAATGGGTCTCCAGACGTCACGGTTAGGCGGTAGCAGTTCCCGAACTGAGAAGAGTTTCTGGACT,895,46.26,Drosophila melanogaster
SEQ_947667,TAGTAGACGAATCAAGCGCCGCCCATGAACCACCACGAGATAACTTGGTGGTCCTTAGTCATAAGAAACAAGGAAATCTCCAATTAGGTCGGATCTTTCCTTAAGTAAACCCGCCCAGTAGTGTAATGCAGACAATCGCATGGAGTGGAGTCTATTTAGGCCCAATCCTCGTAAGATACTATCGCTGCCGACAACCCCCCGCGTGCACCGAGCTCAACTCGCCCATCCCTAGTCACCGGCCCTCTGGCTCTACCCTGTCCGCCTCCATTCTTGTTAGAGTCCGCCACTCACTTTATTGTCAGCACAGGGGAGAATCAATCAGAATCTAGGGCCGACAAACACGGACGTAAGAGTAATGGTGCCTCCTTCCATCAATTCAATGACCACCCCCTGCTGTTGGTTCCAGCCCACCGTAACCTTCCAGCTATCTCATCTCGTGGTCAGGTCGTTTTTTCTGAACGTCCAGCCCTGGGCACTTGTTCAAACATTAGTGAACTGCCTCGATTCGACGGATATACTGTATATTACCGACCAACCCGTTAGTTAAACCTATTGCGACGCAGTCCTAACATGCACTGTGCAGTCCCGACTCTAGGGTGATGAGATGAGCACCTTATCGCTAAGCGTAGTTTACTCGCATCTAGCGCATGCGCATCGAGGTCCAAGGGCTGGGAGTATGCGCTCTAAACTTTCGATTGGTCGTGGCGACGTACAAAACCAACGGGGGGTTCCTACGACTCCCCCGAGAGATTTTGTTAGCGCAAAGTAGATTAGTCAACAAAAATCTAACGCCAAGATAAAGGTACCCCCTGCGAAAGAAATAGCCATTTGTTCACGGGATAAGTCAATCTAGTTGTATTCTATACCATCGTGCCCATTTGCTCTA,886,49.66,Caenorhabditis elegans
SEQ_299140,ACCGTCAAAACGCCTAGCCCAGCTCATCCTCGGGGGTTCGAACGGGGGCACTTAGACTTATCATTCCAACCTAGTTCAGGACCTTTGTTACCTTGGTGATCCGGGGCATCGGTCTCGAGGCATAGAGAGAGCGCACCGCGCCAAGGTGCTTTACAGCGTGTCAGAGCGTGCAGCATAACTTAAAACAAGCACAGGTTCGCTAGCAGTAGGGCTAGTGTGTTACATCAACTACAGGGGCTCACTTAGCACGCGCCGCCTTTAGCCCCTGCAACGGGTTTGGGCAGCCAGGAGTGTATCTAGCTAACGCGGTGATTACATAACTCGCTTTACATTGATAACAGGCTTTTTTTACGTGTGTCTGAAAAATCGGGTCAAGACTTAGCAAGCTTCTGCGAGAACAGTACACAGCCGCAAACTACCTTTGCCTAGCTGTGCCACCTCAAGTGGGGCAATCGGAACTGAGTGATTCATACCTTGCATTGACCGACTTCTCCACGGACTTGCCAGGCCTAGGGCTACACGGCTCTATACGGCCCTTATTCCTAAACTCGTTGGATTGGAGACAGACGGAAACCCTTGGAGTGGAAAGGGTACCACTGAGCATGTCTGTAACGCCTCTCCGCACCTCTCATGACACCTGTGAATAAAGGGCGCACTGCAAACCACCGGTAACAATTGATGGAGACGTGCGGGCGCCGTATATCCCAACTCTATCAGTTCCTGTTACCTTTCAGCATCTCTTCGCAGCGCCTCGGTAAAGCGCATTTTGTCCGAGCCCTTAACTCGCCAAATCCCTTTAACCTCCAGAGGCTCGAGGAATATCCGTGTTAGGAGAGTGGTACTGCAAATGCCCGCAAGCAGTTGCTCTTAAGTAATGTATAAAGGGCTAGTAGTGAGGTAAGTACTGGATTTTAAATCTTCTACGGAGTAGCTAGGAACCCAAGGCACGTAATCGTCTAGTGCTGTATCCCCTCGTGAAGCCCCTCCTAGATAAAAGAGGTGTAATGGCTATACCGCCACTGTGCGCCTTCCCTTTGCACATCTAACATCACAGGTTAGTTCCCTGCAAGTAAGTGATGCTAGAACCGTCGCAGACAGAGTCCAGATCCAAATTATCGAGTCCGGCGAATCCCGAATGGTGAAATCCGCGGAAACGTCAGACATTTTCGTCCGTAGTTAGTTTCATGACCTTCGAAATTGGCCATGTGGAATGACGCGCAAATCCTGTGTCGGAACATGGGAATAATTCAGGTTCGCCGTTCCTGTGATGGGGGATACTGCGAGGTGCGACCCATCATGACGAATTCGGTCACATTTTCGGAGAGTTTCAAGTAGCCTGATATCCAGTACCGAGGGTACACTTACGGAAGTGCTAGCACCAAAACCCCCCATCCAATGGCGGCGATCGGGCGCAGTCACGGCTGCCGGCGGTCCGATCGGTTCCGGCTTGATATTAGATAGCGTCCAAAGGCGTGGATTCGCTTTTAGCCGACTATGTTCTCCTAAAGGGTGACTAGAACTGTCGACATGGACAACCTTGACGTACCCCCCGAAGAGCGTTCACGGAACAAGTCTTCTCAGGTTTGCCGTGTTAGAAACGGAATCGGCTAAACACGAGCCATGAGCGCATTACCGCCCCCATCATTAATATCATCTGTCTTGTTCGGACGGTGCACCTTTCCGAGATGCCTGCTTCCAGTGTTGATCGTTCGTTGCCAGTATGCGGGATGCCTTCCCAAGCCGGTGGGCCTTGGGACGCCAAAGTGGTGTCACG,1774,51.8,Drosophila melanogaster
SEQ_201222,CTGTTACCGAATGACCGTTGTAGGGTCAGCGTGGTTGGCTTGACGCATCCCCAGCTGGCACACGCGCACGGAGCACCGACAGCACAGCGGGCGGTAATTATGACGCGACCCTTAGGGCAGTTTTAACACCGATGTCCGGAAGCTAGATAGCGCAGGCCCATTGAGCACGTGTTCTCAGCCGTGTTGGATTCCATGAACCTCCCCTGTTACTTATGAACCTTCGCAAAATGAAGGGTGGCAAGAGTACGGACGAGTCGTCATGGACCGTTTCCCTCATCACCGTCCTCACTCACACCTGATTAGTGCTGCTTGTCCGGTCAGGTTTCTAATAAGGGGACCTGATAAACTTGGGCGTCGTGGCTTCGAGTTGCGATAGGGGCGTCTGAATCTGATAGGGGCAGAGCGAACACGGTTAGGATATGCAGTTCTCTCCCAGGAAAAGCGCTGAATTATAATAATAAATCACCCGAACTGTCTTTCAAAACTGTTAACTTGTAATCGACCCTGCGCAACTGGATGGTAGGTCCCAACACTAAACTGGAAGGTGGTATACAGATGAGCTTGACCCTCGAGCGCCAGCACTGGTAACACTTCGTCTGTGACAAGCCGGCCCTAAAAGATTTGAGTCTCCCTGTGGGTGCTAACGCGCCGATAGTGTAGAGTGCTTCTTCAGTCCGATTAGCTCGGTCTAGGCCCTGCCTGATAAAGAAACAGCATCACATATCTCTCGGATTGAGTGATATACATTCTGTACCACTTCTAAAAGATCTCAGGATAGCAATGGCAGGGCGTGACGACGGAACGAAGATAGCGTCCCCTTATGCTACTAACTTAGAGATCAACGGTATTGATAGGGCACTCCAACACGTCCCGCGATGCTGTTTAACATTGACCAAAAACACTCGAGGCGACGTTGTTGATAGCAGCCTGCCCTCCAGTATTCTGTCGAATAAGGACAACCTTCGGCGGCAGCGTAGGGATTCGGGGTAGCTATAGATCCCATTTAGCTCCCAAACCTCTCTATCGAGCGAGACGAACGGGGTACACAAGGCTCGACGAATCGTAGAGTGTCAACCCCGATGGTAACCGAGACGAATTGTTTCATAAATTTGTTGTGATTTACCCTGAGTCTGCCGGACCACGC,1144,51.05,Saccharomyces cerevisiae
SEQ_608087,TACACATTTATGCCCAAAGCGGTCTCCTAGCCGTACCAGTATTGGGGGCGTCGCGGTTGACGACATAGAATTCCTGGCGCAACCGCACGTAAGATGAATCCGGTGGCTAGCTCGAGTGGTGACTGGGCATCGCGTTTATCCGGTTAACGGTCGGGCTTGATTCTTGACATCACCCACAGTAGAGACTAGGGGACTATCCTTGAGATCAGGATACGGGAAGGCGATCGCTCCTGCCAAAAAAGGTCCGAAACTCACGCGAGTAATACACAAGTATTTGGTTCAAAAGAATACATCTTTACATTAGACACGGCTCAGCCCCGTGGGAACACGCTGCTGAGCTTATTCGAAGTGTGCTAAAGTGAACCTGGATAACAACCATGACTTATGTGCCACTACACAGACGGTCTGCAACCGCGGGTCTACGAGCGTAGAATAATTGAGGGACAAACCGGGGTATTCATGCTGTAATCTCGAGCCTTGGGTGCGCCTTGATTAGCAGCGGCCTACGAAGGACCCTACGGTTCGTCACCGTTAGCGCGACCCCCTGTATTGACAACTGAATGACTGGGTAAGTTTTCTCACCCGATGCTCGCCGCTAAGTTGTTGCTATCTTTCCTGACCGACACCAAGTCCGTCACTAACACTTATCCTGGCACCAGCGCACCTAGAAAGACGTTAACTCAGTGCTATCTGAAAAGAGCTACTTACCAACGGCCTCGTATTGCTTCCCACCTGGTCTCCAAGCCGACCATCCCCGGCTTATTAAACTGGAAGATAAATTGGCCCAAACCTGCACGCGCTACCTTAGGTCATCTCGGTTTGACGGCCACAAATCACTTCCTCGCCTTCATTTGTGTGTTCTTCATCACCGCGAGCACTTCCTGTTGTGCTGGTACGTACGAGATAGACTGTTGCATGGCAGTGATCAATGTATGGGATAGTCCGCTTCCTGGAATTGCAGTGTATGAACGGTTGACCTACTGATAAGTGTAAAAGTCGCATAGTGAACTGAAGCACTCCACTCCTAAATCTATTGTTGCAGAAGATTAATTATGAATTTTATTGGATGATCCTTCGCTGCTCCACGTACGTCCCACGGTAGAAGAGTTAGAACGGTCTAGCGTCATATGTAGGGTCGTGACTTGATTAGCGGTTTCGGTTCGACGCCTGTGAGGGCATCTACACGTATAACGACGACA,1199,49.79,Saccharomyces cerevisiae
SEQ_607050,GCATGTACAGTGATCCGCGATTACTCAATAAGTCGTCGAACGACCACGGTCTGCCTTTCTCCGGTTAATAAGGTATGGTGGGGTCCTTTTAAAGATTCCTAGCGGAGCTTATCAGCGTAGGTCGCGCATTCCGCTAGATGTCCTGGTGTTGAAGTCTT,158,49.37,Homo sapiens
SEQ_288969,AATTGAAGCTAATCCAATTGAATCCCGCAATGTATGGCTTAGGAAGATAGTGCTTAATGACTGCATGTCTTTGAATCTGTAACGTCATCCAGGTACCTTTAGGTTACAAAAGGGAGTGAGGCCTAATAGAGCGACCCGTTCGATAGTCGGAAGGAACTGACGTATAAAAAGCCCTCCCTTGTGTGCAACCCTGCGGATCGCCCCACTGTCCCCATGGGGACCGGCCCCATCTTACTTTATCGTCAAACTTATCCACAGGTGTTCTACTTAGAGTTCCCGAGTCGAGTATTCAGGCATGAAGCGAAAAAAGAGGTGGGAGATTAGCCGGTAGAAGGCTAATTTCCGCGGGCCCAGCCCCTGTTGCCCACGATCGTCGAACAAAAGTTCATAGGAACGAGCGAGCTAAGCTCGGACAATCGTTTGGCTAATACCAAGCTGCGTCTTTCGTAAATCACTGTATTGAAACGCCGCGGCTTGAAGGCGGTACTCGGGCTGTATTAGGGAAGGATTGTCTCACTGTGTGCAACGAACCTTAGGACGATAATATGCTTACTGTCTCACGCCTGCTAGCCTACCAACTTTTTTCTATTTGCGCCTTAAGGGACTACGCTACTTTCAGCGACGGGGCGGAGGCGACCGGCTACGTCAGTCTCGGGCAACCCGACATTATCGATTATGAAGGGACGCGTGAAAGCTACTGCTCGTGAAAATGATGCCACCCTAGGTTCAACGTGTTGAGACAAACAGCACGGTCCCCTAAAATAAGACCTGACTGTTTTTCCTGCACGCTCTCTATGCACTCGCTGCTGTGCGGGAATCCGTACTGTGGCGGCCTACAGGGTGCTTATCCTCTCAGGGTACGTGCTCCCTTGCTGGCGTTGTCGTTTTACCCCCTATTCGCCTATACGATTTCTAAACTACGCCGGGGTTGGGTGTACGTTACTTCGAAGACGTCTGTGGTTAAATTATTCTTTCTACTTTTAGAGATGGAGCAGTGCAAAGAACGGCAGATTGAAATCACGACCTAAAGCTATAAGTCAAGGAATTGGACATAGTGGCAAGTAAATAATCCGCCGTCATGCCTCAATGGGATTCATAACATGAACACCTCCATGTGCGGTAGTTTCTACAATTAATTCAATGTCCGCACTCTTCTACATAAACCTATCGAGTGACCTTATTACCCAAAGTAAGTCTCATGCCCCTTACGCATGGGCTCGACGCGATTTACCCGCGCCCTGAGTACGGCTGTTATGTAAAACAGCCCAAGTCAAGAAAAGTTACTATCCCTCTCGCCACCGGGCATCCCTAATTTGGTAGATAGTGGTATATGCCACTCATTTATCGTCAGAGCCCCTCGAAAGCAGACCTTTAGAGACCGTTGTGTATGTTCTCACACTTTAGAGAAGCGCGGTTTACGAGCGAATCTCGTCCGGTGTTACACGAAGGGGTACCAACAGCGCATTAGCCGATGGGTAGACTCTTGACGAATTCGAATGACGAGACAGTCGATAGCACGACATTTAAGAGCCTCAGCATACATGAGCTGGTAGAGCCCGGCGTTTGATGAGGAGGTGTTGCCTTGCTCGAGCAGTGATATCAGCTTGCGCTATTTAGTTTTGAGGTTGTATATTATGTTCGCGCAGTAGTTTGACGA,1657,48.7,Drosophila melanogaster
SEQ_825533,CCGCACTGGGTTAGGACAAGTTAGTGTCCACTAGAAACCCGTCTTGTCCCCCTTTTCAGCTGATGAGTCAGGTATTCTCTACCCACACGACGTGCTGTCCCCACAACCGAGTACTTTTGGGGTAGCACTACGTGTTGACAGGCCTTCACAAAATACACTTGAAGTGGTTACACTTGCCATATGCATCTCTCGAGCCCGGCTTCCCACGTTTTCGCCGCCCGAGATCGTAACCGGAAAAAGTGATGACCGGCCAAAGAGATTCGTCGGATCTAAGCGAGCCTTTCGATAACGGTTGCCGAGGTATTCTACCGTTTGGTTTTCTGCATACGACGCGCGTACCAATTAAGCGCTGAACGGTTCTCACCCATGATATCCAGAAAGATGCCACCGTCGGAAGCCGCCCGAATGGTGCTTCGGATCAGGACATCTCCTATCCCTACGGAATTGCTCCCGTGCGCGTGTTCCAGTGGTCCCGTATAGAGCCAGAGCGCACTTATTGTGACGTATGCGGCATCAGGTCTCGGGTAACTCGTACTACGACCGCTTCTATGATACAAAGCTGGGCCAGTATGCGCTTAGCCTGAGCCCACATAAATAGCGTAAAGTAGGGTAGTCAATGCGTTCCCGAATGTACCGTTAGCAATCGACTCCCTTTCGGAGAATAAAAAAGTGTACCTCAAACATGAATTAGCGGGAGGATATGCTTAATGTGACTGACGTGTCCGATAACTATATACTCAGTGGGGATATTCCATAGTTAAGTAAGGAGCCTTGTGAGTAGCCGATGTGGTGTTGCATTGCTGGTCAAGAGACCCGAGCAGTATACTTCCATTTCGTTCAAGTATCTGCCAGGCATCCCCTTAATCTAGTAAACGTCGCGTACCGCACGATCAGACACTGTAACAACGCCACCGAACCAGCTGGCCTTAATGGCTTGGCGAACACAAGTGTGAATGTGTGTCAGGGTATGCAGGTAATGGCTATACATAACTCTCTAAGTTCGGCTGTATTTCTTGATGTCGCCCATAATGGCGTTCTGGCCGTTCGACTTTAAAAATTGACCGCAATGGAACTTCCATACCGTGGTCCTCATTGGAATGAAAAGGCGGAATAGAAGGATACTTTATAACCCAAATAACTTTAGTGAACCTGTAGAAATGGCAGTCTATTTTACGCAAAGCCAGTTGCTACAGTATGCTTCAACAGGGCCTAAGCTATACGTTATATACCCATCATAAATTTATAGGTAGCCAGTGATTACCCCGAGTACCCACGGTATACTCACGGTAGGTCTATGCTACCATATGTTTGGAACTCACTAGCATTGAGCAGTGGAAGAAACATCAAGCCACTATATCCGTGGGTGTCAAATTAATCAACGCCACCTCTCTGCCTCAAGGTGTGTCATCGGGGTGTAAAGATGCACCTGCGTATGTACGTAATGGTTTGTCACAGCCATATTCTCTTCGATTCTGAGAGGTGCTCAACCCGTCTCTCTGCTTCCCTTCTAATCCCACTGTTTGGGGATGGATGAACCATTCTCATTATATACTAAACTCCTCTTAGCGTCTCCCTCGTATATCCAGTTGAACGACAATTATCCGACTTTTA,1611,47.67,Drosophila melanogaster
SEQ_224404,AAGATACTCATTTCTACTCGATGTTACCGAGCAGTTAAATACTATCTGCTGTGCCCGACTCGTAATTTACAAAACTGCTGGGCGGGGTGTAAGGGCACAGCTGTTCGGCTCAGACAAACACAGCAAGGATAGCCAGTTTTGTATCGCGGGATAGAGATCGTTTTTCCCGGAGTTTCATCCCTAAACTTACGCAGGCCTTCATTTCACC,208,47.12,Arabidopsis thaliana
SEQ_392082,TCGTCCTGTGATAGCAAGAGTAATTGTGGGTCCTTCGGTGTACTACGAACCGTGTTCCGATTCCAGAGTTGCGAGAGGAACTTCTGCTAATGAATGGCACGGATATTGTTGCAGCTACTCGAAGCATTATTATCCAGACGGTTGATGAGGGGCCTGCGGCCGCCTCTTCGACGTGACGACTGCTGGACTTAGTCCGTTTCTTTGTTAATGACCCGGACGGTTATGAGACTCCGGACGTGCAAACCCGCGATAGGGCCCTGTTCTAGTGCAGAATCACAAGCCTACCAAGGATGAGCTAAGTCTGGGTCGTTGCCAGTAACCACAGTCTGAGGGCGAGTCAAAAGTGCCTCGTGGATCCATGGATCACCGTATCAGTCCTGTACTAGTATCCTTTACGGTTCGGAGCTTTACGGCTTCTTGCGGAACTAATGTCCTACATGTGGCACATAACCGAGACGTAGTGCTTCGTTACCCAAGAAAAGCTCGGCTCGTGTCGTTTAACACGGCGCCAGCAACCAAGGCTGCAACACGAAAATGGGGAGGAACCCAGCGAGACGATAACTTTCCCTGTTATGCACCGCCAGTAGTTCGGGTAAATTCAAGGATGGAGCGCTCTAGCGCACCGATGCGCTTCGAAAGCCGATAAGTGGCTCCGTTGGTTATCTGCTCGCTGACGTGAGAACATTTAGGGGGATCGGGCAGTTCCTTAAATAGCAACGCCGAACCTTCTGGTATGCACCGTTCTCC,747,52.21,Saccharomyces cerevisiae
SEQ_571046,ACCCGTATTTCGGCTTAGCTGTAGCCCAAATTGTGGCGAACCCGGCAAAACGACAATGCGAAGATTCTCTAACAGCCATACGGTTCGGAAGTGACTATTGCAATAGCGCTCGGGATGCCCAACAATTCTAGCCTATGCTGCCGCAGTGGCCACCAGAAAGTCAAAGTTAACGTCCTGATTTCAGAATCATGGTAAGCCTAGCCCAGCCTCGGACTATACCTTTTCGGTCAGTACTGGGCTTGACCTCTTGGGGCTGCGCATGCAAGCATACTGGTGGTAAGAGCTCCAAACTCACGTTGTTGAACCAGCAGAGTTTGCACAGTAGTAGTTCCGTAGCACAGCGAGACCAGGACCCGACGCAGTTGATGTTTACGATCGTACCCCTATCC,389,51.41,Arabidopsis thaliana
SEQ_139129,GTGCAATAAGACCACGCTGCAATTAACAGACGAAAGAATGCAAATGCCCGCATAGTCGAAACACTCTCTGGCTGTACCGTGGAAAACCGGCCCACGAACCCCCTTCTCCAGATAGCATCTCATCAGGTCGAGTAGATAGTAAGTCGGCTATCAAGGTGAATCCTAGTTTCAGCGTAGGAGGAGACCTTCAGCCATTCGTGACTTCAGTGCTAAGTTGAAGCGGATGCAATAAGTGATTTATGGCCTCATCTTGGTGGGTGTCGATAAAGACCCCCAAACAGAACCGGTAGGCGCGCGTTCCTCAAATTTTCGGTGGGTCCAGGCTACTTGTGTAAGACAGAGCGTCCCATGGCACGTACTGTCCTTGCCGGGTAGGTGAAATGGCTAACTCGAAAACAAAAACTTCGCGAAGGGAGTCGGTCGATGTAAGCGCTATCACTGGTAGTGATAACTAGTTCAGACGCCGGGCGTACCAGTAAGGCCGACTGACAAGTCGCGGCCCGGAAAGTATGTGGACGCATGCCGTAGCCATACATAACTCAGACGTTAATCCATGCATTCAATCGAAGGAAAGTCACTTTGTACGCATTCAAATCAGATCCAAAATTGATGAAAAGCCAGTCGAGAATGTGGCGTCTAATACTGGTGGACGTGCTGATCTGTCCTAGGAAGCGAATGAGCGCCCCGCTGATTCGTATTGGCTGCCGCCCCCGTGTGCGCAGAGATTCTGCACTCGACTTGGTATCGCCTTACCTTACCATGGCTTATAACCAGAAGGCTACCTTGCAGAGATTTGGCTTGGCGCGCTTGCGAGAATTGACGTGGCAACTGAATGGTAGCAAGGTCTTCCGTATGCGGGACTGAATTTCATGCCGGACCAGAACGCGTCTCATTATAGTAGTGCTGTCCACTTAGCAGGCACTATTTAAGTTGGCCGTTCGATACACTTCGATATCGGAAGAATGGGAGTCTTCGCAAAACGATTCAAAGAATGAGGGAATTTGGCAACCACTGGTTCGAAATGGTACTTTTATCAGCCAACAGTACCCGATTAATGGCGCCCTCCAAATAAAACTATGTACACATGCGGGAACTCTTTGCAACCACGGATGCTTAAAGAACTCTCCGAACACCCGGCCCTGGTTGCCGCGTGATGGGGTAGCACAGGGGTCGAAGTAAAATTCACCTCCTTCTGGGTCCAGTGTATTAATCTATCGTCACACTTACTATGTTTGGGGTGGACTGAGACCCTGCGGGCTCAGGGCAGGCAGAGTAGTTACCAAGCTACTATCTTCATCCATTAGCTCAGTATCTTCAGAATGCTTCATCCCAGGTTCAACCCTTTGCCGCTGGAACTACTTGATGCGTCTGCCGGTCGGTCGCTGGGTCCCGTCACGACGCCTCGAAGGTACATTGCTGTCCTAGATAGCAAAGGCACACCACCGGAGGCGGAAAGATTGGCAATTGCGTGGTACCCGATTTTTCTATTCCTTATAATTGCGTTCCAGATCGTCTGAGTCTCGAATTTCCAGTGTAGGTATGTGTACAACGC,1552,50.06,Mus musculus
SEQ_851501,GCCAACATGCAAAGCCCGGATAATGAGTTGGCGATCTGGGGCGTGTCACTCTATCTTTTCCTTCACGAGAAAACGTCTAAACCGATGCAGACCAATGCCGCTATAAGCCGTGTGTGCGGCGTGTTGCCCTCCCCAGAAGATGCTCTTCACCGGTATTTAGCTATTGGAATCAACCGAATATATAACGGATGGCCTAAGACGAACACACGCCCCACACAGCGCATACCGTCTTGCTGTAGTCACCGCAACAGACGTTATGTATAAGCATCAAAATATTTCACGGATTACTACAACGTAACGCGGTTTGTTCCTCGCTCCTGGATGGTCATCAGCTTGGCGGAACCATTTACACAGGGGTTGGTCACCGTCCATCACTGTATCAACCCAAAATATAGCATAATTGCAGATAAAGTGAGTTTATAACATGTAGATACACTACTTCCTGGCCTTAGTAGCAATTTTGCATTACCTGATAGCTAGCTTGACTATAGCCATAGAGGGCCGTATATGAAAGTGAACTTCATCAAGGGATCAGCGTCATACGCGGAGGTCAGCAACCGGTCCGGAAAGCTTTGTTATGGCCTGTCGTACGGACTCGGTGATTCCACGTCAGTGCAACGTTTCCGCTGAGCTGGCGTGAATTTGACAAGGTGTTGGACTTAGTTGTAAGCTTCGCAGGCTCAAATGGTTCGTTTAGTTGTATAAGGGGGAAGGCTCGTGGCACCCGTAATCGCTAATATAGGAAACTCAGGGCGAACCCCAAAGGTTTGTCCAGGTGGCCGCGAGGACGTGCCATGCTTATGAGACCGATAGTCTCTCTATCTTCATAGCTCTTGGCGGGCGACCTCATCTTATGCTTCCTTTGTTACCATGAGTATTTTGCCTTCTATGAGTAGCCCATTCGAACCCGCTGATGTGCAAAGAAGCCGCGGAAAGGTGCGCGCTCATGACGTACGAGTTGCCGACTCACAGGTTGCCCCCCATCGACAAGCCTAGCAGCTGTCGTCGGTCGTGTTTGGGAAATGGTTGGAGCGTGTTTACTTTAGGTGTGCGACCTGGGCACGGGAGAATATTCATACACGAAGTCAGAGTACGATCGTTGTCATATTAAGTCACTTAGTTTAATAAGGACTTCTCGTCGAGACGGTATGCCGCGAACAGCCGACAATCACTGAAGATAGCGAACTCGAAGCTTG,1196,49.16,Escherichia coli
SEQ_268384,CCCGAGTGGGTGGTTTCGAGGCGCACGATCCCTAGCAATGGCGAGACGCACGAGTTCCACGCTAGGGTCCTTTACCTTCTAGTCCACTAGTAGACGGTGCTACTGGGGCCACATTTCGAAAGTATCGAGGTGACTTCAGACAGACGGCATCAAGCAAACGCCACATTACATTATATCGCATCAGTGTGTTTCGGGTTACCCGAGGGGAGCTGCCTAGCGGAGTTCTCCTCACCATCGCTGTACCGAGAGATGATCTTTGGACGGAACCTCCAAGTGTGCAAGTCCGGCACGTATATCCAAGTCATACATGGTGAGAAGCGGGGATCTATGTGCAAGTAGAGGTGTGCAGGATATCCTGTCGGTAGAAAGTTTTGAACTGCGGTCCCTCATATGCCGGGGGAAGTGTGTAATCGCGATTTCAGGACGGGAGGCACGGACAAGTAACATATCCCTGCCAGATCCAAAAATAGAGCAAAGTCCCTCGCCCGCCGCGTCGCCATATGAATCACGGTCTCCTTCGGTTGTGATCCACAGTTATATTTGACACGGCGTTCACGACACTGGAAGCTACACAAAATCGACTGATCTGTTGAAACCTGCGCTCGTTGAAAAGTAGATACTGGCCAGCTGCCGCGGTAAGTGCATGGCCACTATCGTGTGCGAATGGAATAACCTGGAAGTTTGTGTGCCTAGCAACGCACGGTCGTACTAAAGAGTTGAAGCTACGAGGCTTGGGTAGACCTCTTCATAGACAACTGGAAAACTTTCACAATGGGGATCTGTGATCCGCAAAGCGATACATCGGTGCTCACTGTCCCCGTGGCCAGGACTTTACACAGCTTTGAATCTGCGTCCGCGACCCCCTTTAGTGCATAAAAGAAACCGGACCCAAAGATGCAAGTCAGATATACTTTCGAACTGAATCCTATTTGCGGCCTCAACTCCCCAGAGCTTTGTTAGCTGTCCACGCGGGGCCTGTCGCGGTCCCGTTGATCGAATACTAATATCTATGCTATCCCGATTCCCGCTCGTCTGAGGATCCCAGGATAAGTATATGGCCCAGGACCTATTGAACGGAACAAATCCTGTATCGCCCGGTACGAAATAGAGTTGAGACGATTGGCACTTACTAATCCGGCCATAATAAGATAATCCCTGCTAACAACTGGGCTAGCGGTATAACCAACGATGCACTGGGTATGCACGTCTGTTGATGGCTTCAGGCCCATTAACCACAGTCCCCGTGGGTCCTCTTCTCTTTTTCCTGCAGCGGAAGCGGCGGTACTGGTACATAATGCCAAACGGGTATATCTTTGCCTATTCTGATCTATCAAGATGCCCGTTGAGACGTAGCGAGTCAGTGCTGAGATGACGGCTGTGTCGGCCACCATCCAAACACGGCGCTTGCACCGCAACGTTTTACGTATTTGGGCGGGACGCGTTGCTAACAAGGCCCAACGTTGGAAAACACTCGCCTCTCGTATAGCCAAGGCAGTTCGACATGTCTCGTCTGCGTGGTGTCGATGCGTGTTTCTTGAACCTAGCGACGAGCCCTTAACTATTTGGCCCGCGACAAAGGCTCCTTTTCGGTCTGTAATTCACGTGTAACACTCGAGGACCCCAAACACTGACGGGTCCAACTAGTCCAGTAGGATCCACTTGATTCCTTTTAAAGAGACACGTAGCCGATGCCCTCTAAATCATATTTACACCTGCACGCGGATTCTAGTTGGCAGATCGCGCTGGCACGCCACGTCCCCGGAAACTACAAGGACTTGAGAGGCCGCGTAGTGCAGGTGCGTGTCCGTGCTATAAGCCGCCCCCGCTGTTGCTCACCAGGGGTACCGGCGGTCCGTGCTACACTAGCGAAGCGCTCCTTCGGTGCTTCGCCGCTACCGACACATGCGGGAGCGTCTAGGGAAGCGACAAATCTAATTGCGATGGGACAACAGTCTAGTCAGATTAGCGTCGGGACCGGGGCT,1982,52.67,Drosophila melanogaster
SEQ_689764,CTATCGTGGGTGGGGTGACTGGGCGGCTACATTTCGCGTTGCGAACGCGCCTATTCAATTGTTAAGGAGTCGCATAGGGTCTCGCGGTGTCGTTAGAGAACACGTTGTTCCTGCCGATCTATTGTTACTTGCATTTGCTAAGAGAGCGGTATTGGAGGCGGCTGGTCACAACTAGCAAGGGTCCTATCACTTCGTTGGAATGGGATATTAAAGTTAGTCCAGACCCATCAATATTCTATACACTCTCCCCTTAGACGTCCAGCCATAAGACGAGCACGCTTTCGGATCGGTAATCTAAAACGATTCACAAGTACACCCCCCTGTAGTTAAGAAGAGACGGTTGTCAAGTGCTATAAATCGTAAACGCAGTGGTTACCCCTTATCGTCGAATTACCGGGGAATGTTACGTGAGAAGTTGGAACAGTCCGACTACGCCTAGATGCTTCGTTCAATGCAGGCACGGGACAGTAGACGCGAGTCGAGTCACTCGAGTGGCACCTTTTCAGACGCCAGCGCGGGGCCCGGAGCCGAAGCCGCGGCGAAAGGGCGGTTCATAATGTGAACGTTGGGCCATTACTTCGTCTTCTGCCGACAATATGACCACGAGTAACAAAGACTCGAAGGTTCTCTTTGATGTTATTTTTCCCTCCGTGTATAGACACGGATGTATTCTACAAGCGCTATCCACCGATTTATCTAAGCGCGCTACCCCATTGTTAAATTTGTCGCAAAAATCAAAATACAAAGGAACGGAAGGGTCGAACGCAACCTCAATTTGGCCGGGTAGGGTCCGAGAGCTCCTAGCGGTTGAGGCCGACGTGGCTCATCTTGAGTTAGGCATATCGACCGACGATCAGGTAACGCGAATGAGGGTGAGCCGCTCATCCGGAAGGAATACTGTCGTTATGGTGGCCACAAAATACTCCTTACGGAGCGAACCTGCTGCCAAACAATCACGAACTTATTAGTGAGGATTCTCTAATTATGGAATACGGTGAGAGTACTCCGGAAAAGAGATCGGCTTAAAATTTTATGCGTACAGCCCTATCCCCGCAAACCG,1060,49.62,Escherichia coli
SEQ_471188,CCAGTTTATCGCAGCGGTGCTGTGGGTATATGGAGGAACGGTTCCGCGGGTGATCGTAGATACATTCCAAGGGGTCCCCCTTTGGCTAACACAAGTTCTAGCCGTAAAACCTTCCTATACACTCAGTTTTTTGGACTTTCTTTTGTTGTGGGAGCTTCTGTAGCGCTTATCGCTCGGCCCTGTTAGTATCCGTATAAGATCATTTATTCCCTCTATGTGAGCTTCGGCTGGAGTAGACGTTGATGATCCTACCACACGGTGAATTTATGCTGCTCCGATTGACAGTATACTATTGAATCACTGCGCCATATGTTACCGGGATGTGTTGACTTCACGACACTATCCGCATTACTCTCGATAGTATCAAAACCCGATAGTGACCAAATGAGATCACGGGTCCACATGCCCGCCCGGACATGTTGCCTATCCTGCTTGGAATACCCTGAATCTGGTTGCTGGGGGCATAGGCACAACGACGTACAGAATCGACCGTAGATCATGGCGAATTGCATATTTAACTAACTGATACGTCATGTCGTTACGGGTATGGAGGGCTTAGCTGCGTACGACGCGTCCATACTCAGATTTTACCATCAGCCGTTGACGTTACCCCAAG,616,48.38,Arabidopsis thaliana
SEQ_321267,TACGATCTCTTTGGTCACTCACTTTCACTCTGCGTCTATGAGACCGGTCTTGGTATTCCTTGTCGGGGATGTTGGTGTCTAAACTTTGCTCATCAGCAGCGTGAACAGAATCGCTA,116,47.41,Arabidopsis thaliana
SEQ_215458,GCTTTTGTGGTCTTGTTACTGACCCTCTCGGGATGACGCGATTGCGCGCGGCACCATAATGACTGGCAATGGCAGCGTGACCAATGATCGGGACCCCAAATATATTATTGGCCGGTAGAATCTAGCCGCCAAACCATCTATTGACTCATCGCCCTGCGACGCAAGCTAGTATTTTAGCAACGAACGTGAATCCTATCCGTATGGACACCTATTACCTTCATCGCCGGCCGGACCAGTGTGTACTAAGCGGGCCGGAGATGGCCTCAGACCCCATACCTAAACAGGATGTCAACGGTCATAGAAACATGAGTATTTTCTGCCGGTGAGAAGTTTCGATCAATATTAAGTCTAGCGTGACAGCGCAATAGTCAGGGGCAGAGTTTATAGTATACGTTCCTAGGCACTGTCATCGCTCGGTCGTCAGCTGGTTCAATTTGCGCTACACCTTCGAGATAACTCACGCGAGAATTAACTACAAATATGTGGTCACTTTGGCGCTACACACAATCGTAGAGTGCATCTGTTGCCGGTTACCGTCCAGGTTGTAAAAATTGTTGACTCACTGAACTTTGGTCACTCGTACTTACTGGGTTTAGAAGGACAGGGCCCTAGCCGCACATCCATTGTATAACTTCCGAAATCTATTTCTATATCCCCAGGTCACTCGACCCGCATCCATTTAAGTGCGTGAAGATTAATGCGACAAATAACGTCGGTTGCTATACTTCCGGAAGCTAGGCCATTATCATATTACTACGACATATTTGCACAGACTGCGTTCGCGACCAGGTTCTCCTCATTTTGCACAACTGTCCAAATATTGCGTCACGGCAAGACAAGAGGTTCATTGACCGACTGGGCCACAGCGGTTCAGTTTGGCAGTCGTCACCGATCTAGATAACGAGGCGCCATATGTCAGCTTGAAAAAAATGAGACAATAAGGCTCTACAGACATGGAATCCACGTAACAGAGATGCCCAGACCGGAAATCCTGGATAGTAGACGCCCTATTTATCGAGACGACAATTGAGGCTAGGGGATTTATCTGACGTGGGTCAAGCTTTGGTGCCTGTCCTGGGCTAGTGATCTGTTCCCCCCTAATTAATCTTGAGATACTTCAAGGCGAAATGCTCGGAGAAGTACAGGGGTGTATAATTCTCGCCAGTAGTTAAGCCTTCGTAGTAACAGACGTCGATGTTAAAGCCAGGTAATTTGGGCGCATCCAGGAAATTGTTAAAATGTCGTGCGGCGTTGCCAGGCGTTGAGACATACGTGTGGCGTGCTGGGCGACGGAAAAATTCTTCTAGTCTAACGGACCTGACAAGGGTTGAAGTATCCAAAAGTCAAAGACGAAGATGATTATCGGTATTACGACCCAGCCCGCTCTGCTCGTTCAATCCGAACTGACTGGAGCGAAGATGCTTACCGGCCGCTTATAAGTAGGGTGTAGCTAGAGATTAATGCCAGGCTGATGTCACCGACTTGCGATTCATAATCCTCATTAAGGCCCCTTGGAAGAGTCTATCGCAAATAAGTGAAAAAACTGCGAGCCAAGCTTTGATGATACGGCACCTTATCGACAACATAATACGATTCTAAGTTTTAATGGTCAGACCGCTCTCATGTTAAAAAATTGT,1637,47.34,Caenorhabditis elegans
SEQ_729360,TTAGCTTGTACTTGCATCGATACTCACCTAAGCACAGCATGGATTCAGGAATCAGTCGCATAGTTCACTGCTAAGCTAAACGCTACATTTTTTATGATGGTTCTTTCCGGGCTCTCTCGCATCTGCGTTACACGTGTTTTTGATCAGACACGGGGCTTCTTGCCTACCATTCAATCGGTCTCTAGGCACACGAAAATATGCGTGAGAGAGCTAGGAAACTTTGAGAAGCGTACCAGGGCCAAAGAAGGCGGTCCATCCCACACATGAGGGAGATCAATTGGCGGTAACAACCGCGAAGTAGGGAGCTGCGACAGATTGTCCACAAATATGACCTTGTATACGTCAGGAGTTCCGTTCAACTCGAGATGAGACCTCCTGCCATAAGTCGTGTAGTAAGGTTCAAGCACACATTAGTAGGCGAGCTTTGTGGACTGGTAATGAGAAGAAAAGCGATTATGCTGTGGACGTCTGTTTGTTGTCACATATCCCCGTCTACTCTTGACAAATTCTTGTACCCCGACGGACGGGCCCCCACGGGGGTTAAACTGTGTCATGAGCGTGATGATTGCGACCATACAGGTTGGGGCTCGAGACCAACTGCCGTGCGTGTTGTGGCGCTCTACGCTGCTTATCACGGCACCCGCGGTTTCACACGTCAGTATCGGCAGGGTAATTACGATTAAACCAGACGTGTTTCCTGTTCGCGAAACACCCGCCCCGCACTGGTACTAAGATTTTTTGAACGTGGGACGTTAGGCTAGCTTAAATGCGGGAATGGGCCTGGGCACCAGCTCTTGGATACAGTTGAAGCTCCTTACATGACCTAAAGCTTGATCTTTGGCCTATTCCCGCTCACTCGGATCTCCAGGTTAGCTGAATACTCTATAAACTCACATTGGAGACTGGTTGAAAGCCTCTTATGAGAGCGATGGGCTAACAACGCTGAGAGTTCATGCATGGATGACGGACGCAAGTGCCAGAAGCGCGGTGGAGCGGGGCTCTATCACCAGCGATCATATGGATCTTGTTTCGGTATAAGCGTTAACGTGGAAAGCATAGCCCCAGACCACGCGGGCATTGTAGCCCAGCGTTTTCGTAGGATTGGAACGGTTGACTTTACATGTATACTGACGAGCGAGTTTCACGGAATCTTCCTCGCGAGCCGTCGACCCTGCAGGCTGGAGATCCACA,1191,50.55,Mus musculus
SEQ_630335,CACGTTCTTCGTAGCCTTACTACGGCAATGGACTTCGTAGCGCCACACTCCCGGTTGCTCAAATCATGTGTCTAGAGCCCGGACCAAGGATCTGTATTCCACTGTCCGAGGGGTGTTGCACCGGCATCCCGAGACTGACCCTCCCTACAGGACCCTTCACACCCGGTTACCAACGCCTCGCAACGCACGGTTTTGGCTGGGTATTCCAGTCAAGATCGGTCTATACCCTTGACTCCATACTATGGTCGTCCTCTTGGTGTAGAGGGTCTGAAATCAATTCAAAACACTGGTAACGACGAGTGTTTAAACGGCCCGATTCATACGAGTCCGCTATGGACCATTTGATTCTTAACGAGATGGATAGTCCCGCATGTTCGCGCATACTCCCATCACAAGATATTGTAGGGCAACGGTTTCGT,419,51.79,Homo sapiens
SEQ_710715,GTCAGTTCCTTCTGAGGGACGGAACGTGACCAGTCCTCTGTCGAACGTCCGTGTGTTACACGGGGAGATTCAGCCTAACGTATCTTGGTTCAGAGTTATGATAGTCAAGTATTCGCGGGAGCCTTATGCATGCCTTCCTTGACTTCAAATCCGTGCGGGCCGTCGTGACGTTGTGGCGCAGACGCAACTGAAGGGTCTTATGTAGACCAATAGGATACAAAGCTTTTGGCTTGCTATCGCGAGTGATTGCTCAGGACTCCCAACTCTCGCCGAAGCGGCACTGAACAGAGAACCTATTGAAAAAGTCGGCGACGTATTTAGAGGTTAATAAACTCGCCCTGTACAGAAGAGAGGCTAGTGTGCTTAAATAAATTCCAACATATTGTTAGTTTAATGTTCCATCGTGGCTCCTCACTTACCAAACTAAGCTGGTCGGAGCTAAGTCAGAGGCGCCGAGTGGCATAAGTTCACTCACCATGGAAATGTACGAAACAACTACCTCGTCCCCCTCAAAATGCCCTGTATAATGCTCGGCAAACCCGTCGGACCGTCTACAACGCTTGTTCGAGGGCCCAATTTACATTCGCGATCGCTTGTTGGGTTATCCTCGATCGCGCCAGTTTAGATCCCCCTTTACCTAGGATCAACACTCACCTGGGCTAGTGATACGAGTTATGCGGGAACTC,686,49.56,Homo sapiens
SEQ_650822,AGTTGACTAGTCAAGAGATTAGATTATTTTTGCGCTGTTGTTTACACATAGAGTATAATTTGGCTAGTGCGTGGTCTTGTAGGCAGACTGTAGAGGAGGGCAGTAACGAGGAACTGAACGTACCCGGCGTGCTAACCCCAGAATCAATCAAATGAATACATATACACATCTGGCTCCAAAACTGGAAAGCCTTATGAAACAGCCTCTAAGTCAAGAGTACTGGTTACTGTAGACTTCATTGCGGACGCACGGACCCGTGCAGACCAGTGAGGTTCCTAATTTCAGATTAGGGTCAGTCTGACAGTGCAGAGCGGTGCCGAGAATGGCCGCGTTTAATCTAATACTACACCCAATAAGGAAACCGGTCTTGGCATCTCAGGATCTCAGCCAGAGTCGAGGCTTTATATTCTGACCTCACCAAAGGTACTTCCGGCTGGATCGGCTGCAAATCTGAGGGGGATGTTACACTTGCTTTCGGGTACAGCGGCGGATGCGCTGGTAAAGCATGCGAGAACGATAACGTCAGACATGAGCATCGCTGGCAGGGCAGAGTGGCTTAATGATCCCAGTCGTTCGAGAACCCACAACCCCTGCGGGGCATTCATCCGGGATGCATCTAACTCACCAATATTTCCCACCACTCCCAACCCTCAATCTATGAATAGCGATCAATGCCCCCCAAGCACCCGTTCCGGGGCGCCGGAGACAAGCCCCAGCTAATCTCCGCCCCGTTATGCCTTATCGAAGGAATATATGCGGGCTTCTCTCCCGGGACAGCTAAGTTTTTGAGTTCGTATTAAGGTTGGCGGAGAGAGGCGTTATTGACTTTGAGGATTTGTTTACGGAAATTGAGTCCCAGTCATTCGTCTAATTGAGACCATTCCCTAGTGCGTTATTTGCATATATGCTATATATGTGTCCTTCTGCACCTCTCAAGTCCGAACCTTCCCATCATGACACTTTTGACGGTGTGCGAGCTTAGACAAATCTAATTCCTTGTTGTCATTGGTACTTAACGTTTTAGCCTCGTGCAGTTCAAATTACGCGGCAGTATCTATTGAGCCGCCTAGCAAGCGTAGCGACCTTAGGAGAGGGATCAAGGTTCCATACTTGGACTGCTAGGAGAAAAGTAGAATGTGCAGCTAAAATAAATCCGCTTGAAAGCTAAAAACACATATGCTTAGCAGGCGGGGCCGCTCGCAAGGCATTTTACTGGTACGACCGTAAATGCTCGAAGAGCTGGATGTGGCGATTAGCCGTCCATGAGGGAGAGAGACGGCTAAACTTGTAGAGTTATGGCCGTCCCGAACTCAGGAATAGTAATTTCGTACTATATATGTCATGGCTTCAACCGTGCGGATGATAAGACCACGACGCAAGTACCCTGATAGTACGACACGAGTCATGTTCATCCGCAGTATCGCCCGAGGCTACTTCTATGGGTGCTAGAATGCGCCCTACCGGCAACCGTAAACGCAAAAAGGTCATTACAGTTATTCCGCTGAGGTCCAGGGAGGAACTTACCACGCGACGCGTAAAGGGCTGTCCTTTATGGTGTGAACAGTTGTTGATTCTACCGATGACTACGGTCATAGTTCGCTAGTACGCGTATCTATGTCTTTTCGGAAAATCCGACTAAGGAAGCTT,1647,48.57,Escherichia coli
SEQ_853195,CGGGCGTGTAAGTTGCGGCTGGGAACATTACGTTAGCTCTGGCTGGAACTTTCCACCGACACCCTGTAACGATTACGACGTTGGTTACACTGCTTGGCGCGACACATTTTCGTATTAACCTATTACAGATGAGCCATATGTGAGTATCGCGTG,153,49.67,Saccharomyces cerevisiae
SEQ_807243,GCATATGCGCAATGCTTAGTGGAAGATGCGAGACTGCGGACGACTTTCAGGGGCATCCGTCGACGGTCTTGTATATTAATTCTGCAGTATAAAGAATTAAGCGCCTTTCCTACTCATGAGCTGATGCCTCATGTGTTGATCGATCTGAGCAAATAAGAAGTGTGAAGTGCAGATAATGCCGCCCGGGTTGCAATCATAGTCCTCCCTTTTCAAACCGTGACTCTTTGCGCGCAGTCGCGCTGGAGATTCAGTATAACTCCATGGTACTCCGGTACCGCGCTCCCGCCAAGCAGCGGAGCTTTTGAACTCATAGTCCGGAGCCCCGGAGTAGTGAAAGCGATTTTTTTTGGACGTCTGACGCAGCCTGTGGTTATTGGAAGCTCAGATGCGCCTCACTGTATCTTAATTTTCCTGTCGAAGGGGGGGGATTTTACGTAATATAGGACCCTTAAACCGTGGCTCCGGACTCG,470,50.21,Homo sapiens
SEQ_642525,ACTCCGATTACATACCAGTTGGGCATACTGATAGATCATGGACACACCAATTTTTGTAATCAGACCAGGGCCCAACCATGAGTTTAGTCGAATATCGGCGGTATAGATTGTTGAGAGACCCTCCTCGGCAGGTTCGGGGCGTACTGAGCAGCGCTCGTGGATCTATCTTGAAGCTTTTCTCCGCGACCCATAACGTGCGCGCCACGCGCAGGTCGTCTGTTCTGCAGAAATCGCTCCCTTTACACCCCTTGGCAATCCGGGCCCGTTACATGAATCTATATTGTAGTCTTTGCTTCGTTTAGTAGCATATCATCAACACACTAGGCAACAAACCTGTCGACGCCAGCTGCTGTTTTAAGCCTACGAAACTGTCAAGACCGGCGCATCCCCTATCTCACCCGCCGTAAGCTCAGAAGAATTTAGCGAACGACTCTGGCCATCCGATGATGTCCGCGAGCCCCCCGGCATTTTTTTGAAGAACTTCTTAAATCGGATCAGGCTGTTCTTAAGTAGGAACGCGGCCGATAACAGAGTTAACAGCTGGACTACTATTGAATGGTATTCGTTCCTAAATGTGTGGGCGCCGGACCAGCAATAAAACTAGGTTGAAGTCCGCGTGCCGGTTCAGAACAAGAGACGGTTTCATGGTAAGATGAAGTTGCCTCTCCCCGAATGATGTGCAGGATGTTGTCCACCTACGTACTTTTAACCGCAACTTGACTTGAGGTTGTAGCTGAACCGATCAGCACACCGAGCAGGGATGACGCAGACGGCGGCAACGGGTCTGTATGGCGAGCATGTTGGCGGAATTTCTAACCCGCATGGGAACTGGATTCTAACGAGACCGGGCGTAGTCATCTAGGATTGAAGATTCCTCTTGTGGGGCGCCACGCGTGACTCACGTGATTTCCAGGGCGAGATCCGCCTCATCACAGGTAATAGCGCTGCGTTCATCGGATCCGATAACTGTATCCGCTTAACATTTTGACCAGCGGAGTTCGTCCAGCGCAGGTCTGTGACGTGGGCAACTCAGCTCAGACATCGGTGAACTCGCGTTTCCGCATTCTTCAACGTATCCTGGGCAAAGATTTGGAATTAGTGACCTATCTCTAGATTGCATGTTCGTCACAGACGATATAGTGCAACTAATCGTAGTTTAAACAACAGTGTCAGATCTGGGTGTCGATGTGTCTATCTAGTCTGACCTGTGCGAGAATCTAGTTGCAAGGAATTAACGGGGAATCTCCGTCACAACGGGCCAAGAACGATTCGTCACCGCCTTCATGGAGTCTGAGGCTCCTGCAGCTATAGTTGTCGGACCTCTTGGGTCACGGTCATGGGATATGGCTACCGCGAGCCCCGTATGTCCTAGTTGTCAACATTGACATTGGCAACGTTCCAGCGGTGCCCACTTCACACACTCTCACCCTAGGGGGCGCAGAACGGCTCCGCAGCCGTCATGTAAACTTTAAACCACCCCACGCGAACGCTTCACTACGTCCTTTGGACGTTCAAAGAGCGCGCACCCGACTCCACCGTCAACCGGACGTCTCGTGCATCCTTGATGCGTACAACCATACTAAATGAGCCTATTAACGAAACCTACTACGGCGGAGGCGATTAATACTCAGTAGAATTAATCGTGGCTTCGATCACGTTCAATGACGATGAAACACGGCAAAAGGCCCAACCTATCCCTCGCACGCGTTATATCGCAAGACGTGATTCACGATCGATTGCTCCCCCCAAGCTTATTAATGTTGCGACCTCAGTTTTGCATTGTGCTCGATAGGCTCCAGATAATTCGGCATTATCGAGTCCACCCAGTTCCAGGCCACTATCACGGGCAGATACCAGCGCCTCCACGTCGTCAAT,1875,51.2,Arabidopsis thaliana
SEQ_822711,GCATCATATAACGCCGTATTTAGCCCAACAAGTTTGTACTACATTAGATTGCTGTTCCTGCCCTGGATATTAGCCGTAAGATGCTCGTCCAAGGGATATTGCCGTGGACCGTTCGAGTCAACCAAACTCGTACAGTAGCTTGGCAAGATCCCAATCAA,158,46.2,Saccharomyces cerevisiae
SEQ_525351,ATTATCGCGTACATAGTTGCGGTTTTTCATACTTTTCTCTGGAAAAGACTTCTGTGCTTTTGGGCGTAGAAAACCCCCCTTGTGAGCCTGGCATTAAATCTCTAATATGTCTTGAATGTGCTGTCTAAGGACGTGACCCAGCCGTGCCTGGTGGTGGCACTCATGCGAGGAGTGTACCAACCAACTATGTGATTTATGGATGATGAAACACCCCCAGTTCACTTACATTAAGTGCACTAAAGATCAAACCTAGCATACCTTCCGTGAAGGTAGGGCAGAAGTCTGAAATGCCTAACTGAAGACCCTCGGTGTAGCGCGGACCCAATGTGCACTGTCACAGATGTAAAAGGCGAAGCTGTCACCTTTGCGTCTTCTTAGAGTGGCGTAGTACTCTGCGGTACAGTTTCTACGGCTGGAATTTGCATGGCACGTCTCGAATATGATGCAGATTACGAACTTGCAATGGCAAGCAGATGATCGTAGTCTGCTCTTTTCCCGCGTGTCCTGTCAATCCTCGCCCTAATTACTCCATCGCAACACCGCTGTGGAGCCGGGTGCCAAATTTCGTAGCCGAGGTTGAAGATTCAGGTTACCTCCCGCTGCGCGTGACTGGTCAACAAAGTGATGCTGTGTAATCCTAGAGAAACAAGGACCCCTCGCATTTCCTACGACCCGCCGCTGATTGGCTACCCCCGGTTTATCCTCCGATGACCATGCACATGGTCGCAAATATACTAGTGGCTGATCCGGCCCAGCCATAGTTCTAGTTTGCCTGCCAAATAGCGTTATGCGGGGAACCCATATCCCCCCTGTATGGTGCTAAAGGCACATACCAGCATTACGTTCGTTTGTGGGGTCCAGTGCTAACTGATAACGTTGCTCCGACTGTGATCATTCTGGGGGACCACACATCAGGCACCGCGGGACGGACACGGCCTATCCCCTTGTACTCAAGTAATTTAACTACGGTCGTCGCCGACCAGAGACCATACTCGGTAATCTTGAAGAGGCGCCAGTGCAACTCTCAGTGCTCGCTGTTGCTTTTGGGCTAAATGACCTCTTCCTTGACGGCGGCGTGGCTAAACTTTTTATTCACAAGACAGTAGCGGGGAGGTAGCGCCTCGCAATAATACCTACCGCCAAGTATCCGTAACCCGTGACGTTCAAAACCGGCCTCCGAAGACGAACCAGAGGTCTGCCTGTGTTTCTCCCGGAGATTCGCTCGTTCCCACCTCACCGGATCCCGGCTGTCCATATTAAATGCCTCATTAATCTGACCGCTCGCAAAGAGGTTGACCTCCTTTGGGTGAAGTTCTCCCACGCCGGTGGGGATAAATTGATTTGCGGATCTAGCCGAACTAGAGCTCCCATAGTCTCCGGCTACATTTAGACTACGTGCCTCAGTTGT,1408,51.14,Homo sapiens
SEQ_794691,CGCGGTACAAGTGGAGCCGGTTACCTTGCACGCTGGATAGTTCCGTCCGAGTAAATGTAACGGGCAACCTGTTAATCTCTGGAGACTAGAGTGTAATTGTGAAGGGTTGTCATAGAAAACTGGCATACTCTGTTGCTGGGGCTTCGGTACGACCAGTTTTACATAAACATTCGTTGGTGTTTGCGTCAAGAGCGGAGTCTTCAAATTAATTCAGCACATGTTAGGGATGCTCGCGAGAGCAGTTACATGCACGTATCTTCAAAGCTAGCGCCCTAAGTGGCATTTGTAGTTCCATAAATGGAGCGCTGTACAGACACGGCCGTCCACCACATACTGGTGCCCACCTCCGGCGCCGACATTAAGAGGGTCCACATTACATGACTACCTTGTTAATTAGCTGAACAGGTAGATTCGTTTATCCTAACTTCATCTTCCCGGAGTAGCCTATGTATGATTAATTTATCCCGCCGTTACCTAATTTACTAGCTAACTCAGCGTATGTCCGTGGAGCCTAGCTGTAAGTATACTGCACCTGGTGGTGTCTGTTGACCTTTAAATCCTAATAACGCACTACGATCTATCTCAAGGCCTAGAACGACGAACTTTGCGGAAGATTTGGATATCGTAACGGTTGTCCCAGGAATAAGTAACTTGTAAAAGTAAGTATAGTCACGGAGAAACACTACCTGATTAGTATAGCGCTGTCTAGACTGACGCTAGCACCATATCTCATTTGGTCTGGTCTGACTTCGTTGTCTGACAGGTACTGTACTGATGAGTACGTATTAGAGGCGGGACCATGTTTTGCAAATACTCTTCGCGGGGTGATTCGCATGATCTCGCCGACTGTGTCAGGTGCTGACGAGGATAGTCTCTTGTCGTGCATTGTGTCCACTTCTCCCTTGAGATTGGTATTCTTACCTCTTGAAGAGCCATGACTTAGACTGTTGGTCAGGCCCTCAATTTAGATCAGGTTGTACCATAACGACTATGGAACTGCCTACCGGAGCGGGAGGCGTTGTCTGGTAAGAAAGTACGCTCACGTATGACTTAAGATTATGGGGACTAGCAAGTGCGTCAGGGATTCGTACGGCTGGGGCTTATGAGAAGGGCCGGGAGCAAATTCGAGGGGGCACCGGCATGGAAAGCTAGATTGCACAGCACAGGATGGGTGCAGAGCAGACTCTGCCACATTCATCAAGAGCAAATTCTTAAATTATTAACGATACAACCCCGTCTACGCGTTATAAAGGCTCAAGTAGGTCGTGCCTCAGCCATCGGTGTTCAGGGAGGAACGTCTGGCGCTCCCAGACATATTGGGTCAGAAGGCTTAGGGGTATGCCGCTCGCTACACTATCAGTTGTTCCCCACTGCCGGGTGATGCCCCGCGATTCGAATTTATAGGTTCACTAGCAGGGGTTTACTGGGCCCGACCAAATAGATAAGCCCAAACCTAAGATATTTAATTTCCAGTCCCTAACTAGGCAAGAAAGAGGTTCATTGGCATTCCGGTCTATCCGCGCGTGTGATTCTTACTTAATTCGTCCCGGGTGATTACAATTCAACGACGCCAGTGATGGTCAAAGGTGCTGGATCCGTAGTCTGGTAGGGAGAATGACTCTGCCCAGATAGTAGCCCAAACACAATGAATGTTTCTGGGCGTATGCGATCGATGTATTATTTGTCACAGTAGTCAGAACAAAGGGGAATGTCTTCAAGGAGTATCAGAGCGTCTTTGTGGTGAGAAAGTTCTCGATCGATTTTCTATTTGTATGAGTGAGGCTAAGCGGGCCTAGCCGGGATTCTTGGATGTAAATGTGGCGCAGTACAATCTGTGTGACTAACCAGACGAATGGTCCAATCA,1864,47.75,Mus musculus
SEQ_491528,TCCGGAGAAAAATTGGGCTTTCCTAAGGAGTGCATCCGTGGTCTCACAAGCCATCCGGATAAGCATCCGTACATATCAGCCTGTGCGAGGCCGTCGAGCTGCTTAAACCAACGTACTGGGGAGTGTACGTCCGTGGGAGATACATATTCCTTCTGTCAGACTGACTGAGTGGCGTACCTCTGATTAAAACGGGGACTGCGAGTGACGTTGTGTCTTCAAATTAGCATTGCCAAATCTCGAGCATTAATCAAAAATGCCCTGTACAATAGCGAAGTGGAAGTGGTAGAAAACTTAATTGAACGATTGTTTGTAGAGGCTTCCCCCCCCCGCCTACCTATGTCTATTCCCGATTTATGCAAATCACTTTAGCAACGAGTTGCTGACAGATAAAAGTGCTGTTTGCCGGGGGTGCCCGAATGTGTTAGAACGATTATTCGTAGCACTGATTGTGGTCGCAGTCGGCGGGTTCCCCTACACCTGGTTTTGCTGACCAACACAGAGGTCAATCAGCCTGATGTCTGCTCCTTAAACGTTGGATACGAGACGGCGGCTCGGTTCCAGATAGCAGAAAATAGTTTGGTTCAGTCAGGACCTCAAGGGCGACGTATGACGTGCTCTGTGTGGGAAGGTTGTGCCTTTACCAGGGGCGAGGCCGAGTTGCGAGAACCGCAGAGATGTGCGAGGCCTGCTTCGTGCTTACGTGTTTAAGACTTTCAGGTCGGCGCCGGTGAAGAGGCTATAAACGATCGATTGTGCAGCAATTAATTGGGTACGCGCAAATGGTTCTCGCAGATCCTGCGCGGTCATAACTCCCTTGTACACGGCCCATCTTTACTGTGTTAGAGTGCGACGACAGGAGGGTGTTTAGGCACCTCTACCGATACTAGTACTTTTGACTTCAACGGACTCTAAGACCTCTGGCGTAATGGATTAAAGGTCTTCATTGGCTACAGTCATTAGCCCTGAGATGGGTTACGAGGCTCCTCATCCCAGACCTGAGTGTTGGGCTTTTGTTCATTAATACAGGAGTTTCCACACAGGAGTTTCTTCAAAGTGTACCATAATGCTTTCATAGGGTGGCCTCAGGAACCTACCCTTGCACACGCTTCCTGCGCACCCGATCCGACACGCCTACGCGCGTCTGCATAGAGCGCTCGCGACGCCTGCCCTTGGACTGGCCGAGTAAAGCGCAGGGCCGTCCAGACAATCTGGTACCTACACTCACGTCGTATAGCCTAAAACTAACGATGGATGCGGGACGCAATTCTTCACGAACGGTTTACAGGCTGAGAAATGAGCAGCTTGGAGAGATTACCCGCGCTCGCTCTTTTCCTAAGACTACGTGGGTTTAAGTCAACCACCAAGCTCGTTCATACTCCGATATACTGTTATTTGATTGGACACTGCCATTCCTCGACGACGCTATAGAAGAAACCGGCGCGCGCATGTAGGGGGCGGAGTCAGAGTCACTGTACCCTCCGTACATGCAATAATGACTCGGCACTAATACCCAGGCATAGGGTACTCCATGCTGACACAACGAATAGTACTGACTTAGTCGACCCGCATAATCCGACGGAGATTCTTCTGCCTCAGGCATGTAACAGCCGTAGTCGCCGGACATCTATCCGAACTTCTCCTCCGCCAGCACACTTGGCCATCTGCTCCGAAGTTGAGTACATTGGTACCATTCACGTAGTGGCCCAGCAAGTGGTGCAAGGCATCGCTTGTTCATTTTCTCCTGTTGATGTATTGCGTGGAGGGCGTAGAATATCCTTAGATATACAAAAGCTGAATTATCCCTAAAGTCAGAGTGACCCTAGAAGATGTCAATCAATTAGG,1842,50.43,Drosophila melanogaster
SEQ_168517,GTAGGATCTCACCCGTTTTATTGCACATGACACGAGCACGCACTCAGTATTGCCTGGTTCCTATCTGTATCGTTACAGTACCTCGAACTACGTGATCCCCCCGAATTACTCACGGTCCTACTAATGGAGACATAGCCCGGTACTCGCCCTGCTCACCTCACATACAATTTGTCGGTCTGTAAGTGTTCTTACGCGAGTCCATCAATAGAAGATGACGGACCTCGACGTATAAACGTCAGCAGTGGGCGAGGCCCGCGTTCGATGCGAACAGAGGCCCCAGATGCACATCACAAACTGGCGCGAAGTTACGTAACGTCTGGATA,323,51.39,Arabidopsis thaliana
SEQ_300446,GTCAGCACCACCGCAAAAATTAGAGCATTGTGTTCGTTCAAACGCAACTACTCTTACGGAGCATCTGGGGCAGGCGCCCCTAGGTTGTCGAACTCCTCCAGATAGGACAGTTGAGCACATTACGCCCCCTGATCACCCGCTCTCAAGCAAGGTCTCACGAGCTCTGGGGGTTTTTCTATTTCGAGAAACAGGCAACTGTCTACGGGGTCTCGGCGCTAGGCCTCGGCTTAGGCGACGAGCATTTTCTCGGGTGTTTCAAGAGTACCGCGATCGTCATAAGTTATGCATTGAAGGCAATGAGCCGAAGGTGGATGGCCGACGCCAGTTCGTGATGGTGGATTTGACTTGTCTTTGGTTGGGAGTTTCAGCCGCATACCCATATTATTGTTCGAATTAGCTGCGGTTCAGCGACCCTCCCAACAGTGCCGGGTCCGATGTCTGTACCTAACACGGGTTCACTCTGCTGCTTTCCTATCAAAACCGAAACACGGGTGTAGCTTGCAACCTGGCGCGGGACCTAGGCCGGGTATCTTATCCTTGCGCGCAACCGGTGTTACCCGATATTACGATCAAACACCGTAGCGTTTACGGCCTGGACAAAGGCAGGTCGGAGTCATGCGATAGTAAAGAGTATTCTGTCAAGAGAACACGACATGAACGCCCCGATCCCTGTATGTGCGGTAAACTAGACACAAGGAAACGACCGGGGCCTTCCATAGGGTCCGAACCTCTTGGGGCGATCACCTCGTTGTTCGGCAAGCAGTACCTGGAGGTTTCCCAATTAATCCGCGTTTCTAACCGAGTTCTCGAGCAGCGAGGAGTTCCTCTTGTCTTAGAGAGGGGATTTGGGCTTCCACAATGCCGCATATTGGCGAGACGGTCCATAAAAAAAGCCTCACGCGCATGGCGTATGCAGAGGGATCATTAGCTTGGTGTCCTCACAGGGCCGTGGTTCTGTGTTGCCTATGAACTCAGGAGGGCTTGGGATGACTATCATCTCTAACCTCGCTGCTGAATGGTTCGCCGATGATAATAAATCGTTAAGAGCGCCCGCCCGACATATCGGTAGTGCGATAGCCCTGTTTAGCACTTTCCATTATTCGCCCGTATCATTAGAGGCCCAAGACATCCAGACGCAAGGTTATGCGCTGGCCCCATGCCCGGAAGGAAGTATACTCACATCCGTGTGGGACCGGTCCCCGGCGGCTCATGTATAAGCTGCCCGGCAATCAACCTTTAAAGCCGCTACGTACGCAACCCTTATGTGGTTACCGGTTTATTAGTTAGGGCATTGACACCTAGAACGCGGTACCGACACATTAGCTGTGTTCCGAGGAGTCGCGAATGCTCTACGAAGTAACTCAGTGACTGCATGACAAGGTCGGCCAAAAAAGTGACAAAATGTGTTTACATACGCGGTATTCCTGCATTCCGTACTGAGGCTATGAGTACGAATAGACCACGTGGAGCCAAGTAGGCCTCCCCCGCCATCATGGATATAAAACGACCAGATCTTGTGAGCGCCCCCATAGAGCCTAGGAGCCGTTGCAGACCGGACAGCTTCTCTAAAAATGCAAATGTTCGCAGG,1588,52.52,Drosophila melanogaster
SEQ_290159,CGCAATAGTCGAAGGCTGCACCATAAAGCTAAACTCCTGAGTTGATTGAAATGTAGTAAACTATGCAAGACACCCGACCCTAATTGCTTGTCGGCTAGGGGAGTTGTGTGCCACTTGATGGGATGTGAGGTGTGCTACATGACCACCTGGCGAGTTTAAACCGGTCATCAATGTGCTCTTGTTCACTCGGGGGATAGGTCATCCCACAAAGTGTCACGCATTAGTCCCCATCACCAGTTGAAGGATTGGCTTCTCTTTGGGATAATAGATATTGATTAAATGGGAAAGACGTAGCTGCGTGGGCCCGATATGCATGGAGGACAGTTGCAAAAACTGGATTCCTTTCGGACCCTTCCACGTAAACGCACTCGGACGCCCTAGGTTCGTTGAGTCTTGAGATAGATCGTGCGAGGACTCCGGTGTCTGTTTGTAGTCAGCCGTCCCTCATCGGGCCGTATGGAATAGATCAAATAGCCTGGCGTATTATCTATGCGCACAGTAGGTATAACGAGTGATTGCGCGGCCAACACATCTTGATGTAAAGGCGTGTGAATATCGGAAGTCGTTAGTCGTTAAGACGAAGCCTGAGGTGAATGTATTGAGGTGGTCCCGTCATAGGCTCCGATCCTCATTAGAACTACATTACTATACAGAAGAGCGCATACTCTTGCAGGGATGACATCAGGTCCATGGTGAGTGCTCGTTTACCGTCGGGCCCCCAATGTCAGCTGCACAAGCAGGCCCGCTACCACTTCGTAATCATATTCTGGCGAGGGTAGCGAGGATGGGTCTCATCCATATTAGACAAGCGGAAGCGAGGCACAGTGCAATGTAGATCACCTCCCTGGGCGCCGCGGGAGGACTTCACATGAGAGGGCGGCGACAGATCCTGGAACAGATCCCCCCGACATCATGTAATTCGTAGGTCTGACTTCCCTCTGGACGAACTATATACGCGGGTAGCACGACGTGTTGTCTTACATAGGACGACAGCGGCCGGGGCAACATAGATAGTTCTACCTAAAGGTCCCTTAAGCATGGTGATTTAGTCCCCGTGGTTTCCACAGAGGGTTCCCCACAGCCTAAAAAAAGGACGGAAGTCAAATTTCTGAGTGACAGGATTCCTCTAAGGTTTAACCTGTCTTCAGAAGACGGAGGTCTTAATACATTTATGCCGCTTTAGAATGCACAATGGGGGTCGCGACGGTATAGCACTCTCCGCGAATACACTCACTACACCGCTATGCCAGAGCTACAGCATCTTTTAGTGCATCGAATGACTAATTTTAATTCAGTACCCTGGCCGTCTGAGTAACTCGTATGCAGCGTTATCTGATGATTAGCAGCCTGTGAGAAAAGTCCGCGTGTATAGGAGAAACCAATCCAGCGATAGGATACACGTCTCCGTTGAGACTTGTGGTTCGCCCTGGGTCAAGACAAGCGTCCGCAGACTGTAATACTGTTATTAGGTCTCTACTAAAGCCCGCAAAACTGTGGCGGTAAACGACACTCTATGAAATCACCTACAGGCGGATGCCCTAAAGGACGGGGTGTTGGCGCATTGGCGAGAAGACGGCCTCCATAGTAGTCGCACGGTACACCTTCAGCAGAAAGGATCAGGTTTCCGGTCCGGCTTCCGCGCTCTTCCTAAGGTTTCCTCTCGACGCGTA,1670,50.36,Mus musculus
SEQ_618043,TAGAAGGGAGACTATGCTCGCCGAACCGTCTCTGCATAAAATACTTTGTAAATTAGTATACGCCCAGCATATGTAGTGCCGAGATGAACGTTGCCCGCATAAATTGCTTCACGCAAGATTTTACCCGCATTCCAACCCGTTGCGTGTGTCAAAGGCCGGAGGGATTCTAACGATCCCCTCCGTAGTAAAGAGCCTCGTTGTTAATTATAGCCGCCATCGTATCCGCCCTGGTCCATTAATTTCTATGGTTCCAGGTTTTCGGAGAGTCTTTCGGAGGTCATCATAATGGGAGGATAAGGTCCATTATCGGAACGATGTTAAACGACCCAGGGAGTGGCGGCGCTTGGCCGGTGGGCGTTGTAATCCTTCCCGTCCGGATGGAGCGATACAACTGCTTTTTACGGAATAAGGTAAGCTTAGGGTGCCGAAGCGCTATCTACATAGGCGGACAGAGCACGATTCCGGGTACGTAGATCTCGCACGTCTGGGTGGACAGCCTACTCAGATAAGTTCGGTAAAATCTGCACCGCTTGTGTGAGCGGACAACTAGAGGAGCGGGAAGGTGGTCCATCGAGCATATCCTGTAAGTTAACAGTCGACTCTACATACCCCATCCGCCACCTCCAAAAACATAAGTCACCAGGTCTTCGGGTCTTAATGGGCGGCTGTGGGATATCACATAGCATTCGCGTAACCGGAGCGGATAACCCCGATTACGAAGCGTTGGCTTCTGAGCTAATGACCAAAAGTTGCAGTTGTGGTACGTTACTTCCATATACCCTAGTGAGTGTCCAGGAGAGGGTGTGGTCCTCCCGTTCAACTAAGTATCGGTTAAAAGCCGACCCTAGGCAGTATGACCTGCGTGGCCAAGTCCCCACTCGACAGATGAGAGGGCAGCTCAGCCGGGAGTTTGAATTAGGACATGGTCTGCTTATAGTTTCTCCTTCTGTGAGCTTAACGAGTTATAATTCTAGTCGGATGACGCTCGGGACCCATTGGTGGGACCGGTACTTACAAAGGTACAATAACGTTTTCACTCTGACGCGTGCTCC,1052,50.57,Caenorhabditis elegans
SEQ_792245,AAGTTATTGGCCGTCCGTTTAATCCAGGCTTTACGGCCTGGCGGGGCTATTGGTAATGCTATGGTATCTCTAGACCGCTCACGCCAAAGCCCCCTTGGTTTAACTGCCTGTGCCGCGCAACGACAACTCAAGGGATCATTGAATGTATGGCGGGGCTGTTACTATTCGCATCGGGCTCCCTAACACATTACGTGCAAGTCTAGCCCTGGATCGAGCCGCACTGTGCCAAATCTCTGACGATCATTTTGTGTTGAAAAGAAAGGCAGATAATCCGCACGTAAGAACGGTGCCCCGGCTCAAAGACGAGTAGTTCTTATTCACTGATAACACACTCGCCTGTCCGTGCTATTCGCGTTCTAGAGACACACTGGGCGACCAAAGTGCTCGGTATCTTCCGTGCGAGGCTGCAACGACGCAAATTCCGGATCTAGTACATGACTCGAACTAACCTCTAGTTCAATTTTGGCTAAGTCGGTTTTTATCAAATCCTACGCCCGATGTAGAATCTCCCAGTTGTGGTCGCATCTCTGCGGCGTTTTCGTGGATGTCGAAACCTTTTGGCCAGGAACCCATCCTGTACATGGATAATGTCGATGATAATCAGATTATCGGGAATCTGAACACCCCCTGCATCATTCGTTTATTCACTGGTTATACATACTACCGGGTATTGGTTAGCCACGGAAACCTACGCATATGTCATATCAAGAATTTTATCTTCTCAATCGGCTTACGATCTGATGCAACAGTCATACCGTTGAAATAGACGTAATAACTTGCGTACCGTTTCCATGTGCGAGAGCATCGCACCTTCGACATGCGCCTCGCCTCGTCGAACAGGGTCCGTACTCTGCGTATGGGCCCCTGTCGATGCTGGTTAGCATACCAAAATACTCGTAGTAGGTGTTTGGCACGCAGCCGATTGTCACTGATTACGGCTAATGCGAAGTGAGGATGGAATCGAGCCCACACACAATGCAGAAACCCTTCATAAAGGCATCACGTCGCGACGTTTACATGCCAGCAACGTAACGTAGGCCGTCTTGTGGCGGCTGGCGGATTCTGCCGCATTCTGAAAGGCGGCTTGACCATGGCAAGAGCGAGGACTTTCCTCCCCGCTTGTATGGTAACTTGCGAAACAAGCGACGAGCCTTGGCGGTTATTGCTGATCGATTACGGCTTGCCGATGAATAATCTCACTTCGCTTGCGACGCCCATACCGGGACCGGCATAGGTTAGCTTTAACGGCTGGAAAACTTCCGTACTAATACCGTTTGAGCCGTTAACTGCT,1291,50.12,Escherichia coli
SEQ_507226,CCTCGTCAAGTAGACATTTTTATTATCCTTCTTCTTGTGTGGGGTTATCACGGGATGTCGCGCAGTAGAGAGCAGCTGGAAGCCTGGAAGGACAAGAAGTTGTATGGACTGGTGTTTGGGAGGCATTAGTGATGTGAAACTAGTCACGCGTGCCAATTCTTCAAATAAAGAACGAACCACGCTTCTATTCATGCTTTGACCCGGGAATAAAGCCAGGGCGAGTCGCCCTTCAGTCAACATTTCCGAAGCCCCCGCAGTGTGCGTGACACTCAATCCGCTCACTCGAGTTGCTGACCAAAAGTGGAGTCGCGCGACTTGAACCCTATATATGCAACTAGTGCCGACGACACTACGAGGGGCGCGAAGATCCGGCTCAGACTTATGCCGGGCCGAGTCTGGATCCTGGAGACGCTTTGATTCTCTAGGGCTGAAGGAATCAGTCCGGGGAGCCTGGGACGCTCTGTGGAAATGGGCCTAATTTCGCTACTCTCGCCAATTTAGAGTGTAGCCATGGCTGTAAGAATAAGCTACTGAGGACGGTATAGCTCAAGGCTTGTATCAGGGGAGGCCGGGCTCAGCATCGCGGTGAATAGGCAGCGAAAATATCACTGGAACCTTCATTTTTAGTACAGTTTCCTAGAGCCTGTTTATCGACTCTCAGGGAGTGCACACCCTCCATGCTACCGTCAGCCGCTATCGTAAGTAAATGAGATATAGGCTTTTGCGCCCAACACATTTTGCAGGTAGATCCTTGGGGGCCAATTGTCACTGAATGCGCATAGGTACAGAGGTCGCGCAGACATGAATGGCATGATGGTACTCCACTGCACATAGTGGCTAATTGTTGACTCACGAGGACGAGGGTGTGACTCCATAAAGGCGCGCACTGCAGCCAGGCGTCCCTCGGCTAACGGCGAACAGAGTCATGGTTACTGCTCTGAACAGCTTCTAGTTTGCACGA,961,51.61,Homo sapiens
SEQ_102052,TTATAAGGCTGGGGGTTGCGCATCGTGCTGATGTTTCGATTTGCGCTGCAAATCCACGTTTTTCCGTCATTGGACAAGGTAGGATTTAAGATAGATGCTGTACTATCTCCCGCAGGTCCCTTCGCGTACATCCAGTCCCATAGAAGTCCCTACCCGTACAAGGTCTTTATAAGTACAAACCCGACTGTCGGTAATAAGTGATAGCAGAGGGATTGTTGTATGCATAGCGCTGAGGAGTGCGAGTTACCGCAAGCTAGCCTTTAAGACAACGTCTCCAAATGCCGATTAAAGGAATGTCGCTCTTGGTTATTTGAACGTGGATGACACCTGCTTTAAGCGGACGATTTTGTGAACACGGGTAAAGGAAGAACGGTCGCGCATTTGGGTATATACCTATCCATGCCAAGGGCTTTGACATTGAAATCCGTTCAGGATTAACTTGTGTGGTGCGGAGTCATCTCACAATTATATACAGGATGTTCTTAGTTTGGGAATGAAGGCAGATGTATGGTGTGCCACATTAATTAGGCGAGTCTAGCCCAACACAGACATTATTTTTCCGACTATTTCAGGAACTCGACGAAGTCAATCTACACTCGCTACGTCGAGTAGTGGCATGTCTTTGCCAGGGTTCTTCTTGCTGCTACACAAGATGGGGGCCTGTATGTGCTATGTCCTAGGCAGGAAAATAAAACGGCCAATAGGTAATGGCGGGAACGAGGGATGGTTTCGTATGATAAACAAAATTGACTTAGGCAGTCCAGGTTGTAGTTTTTTTAACTGGAACTCGCTGGTATGATTCTTGCGGATGGCGCAACTACCCATCCACAATCGCCCATGACCGGCCACGGCGTAGAATTGTAGCCAGGGCCCTGGCGTCCAGTCTATGGTAGCAACTGGCGGGTCCACCGGGGCTTCACTGTTGTCTACAATGAAATGGCAACGATGCTAAAGGCTCCCCTGTGCTTTCATAAGTGTTCCCGTTGTTCTGAATATGAATGCTGAGCGTCTCCCCAAGCCGAGTGTCTCCGAGGTATCACCAT,1043,47.84,Saccharomyces cerevisiae
SEQ_252758,AGAAGGGAATTCACGAATGTGTCAGGCGTTTGTAGTTCACCCAGTGTCTATAAGTAATGAAGATAATCAGTAATTGGTCATCTGTTAGATCACAACCCTCCGCAGAAATCATGCCCGCAGGATTCCTCCGTAAAGCTCGTCGAGTGTCAGTAGCTCCATACGATGTCTAGTAGGCACTACCGAATAACGGTGGTATGCAACGCGGGCTTTCCCGAAACCTGCGCACTCATAAGCTGGCTCTTGACAGTTTCAGCAACTAATGCTAAATGAGACGAGAAGAAAGACTACTTTGTTCATCGCATACCCCTAGGAAGGGAATTCAACATGAGGGGGTAAACGTGGACCAAATATGCGCGGCATCGTCGGACGCGCGAATTTGTCCAAATTTTTTGGTAATGACCCCGAATGGTCAGAGGCGCGCATATAACGAAGCCATTGATGCGCTCGACCTGCGTCAATACCTACGGCAATTTTGACGAGTATCTGTGAAGGTCAAACGGGAACGGTGTACAGTTAATGTTGAACAAAGGGAGAAACCGAATGTCGTAGACAGCACGCGGCCTGTTGCCGTGGCAGCAGTCACCGCATTCTTTGAGTCACGCCCTTAGGCTATAGCACGATTTGAGCCCGGACGAACCGCTCGGGTTACAGCGACCGTCTCCCTTATATGTAGTCCCCGCGCATGGGTTGCGTTCATGGACATAGCTGATGGTGTGCTGACATAGTTAGAAGAAAGAGACTCAATATCAACTACGACGAGAAGTTCTTCGTGAGACCCACCGAGGACATACTCGCTAATTGTGAGCCTCTTTTATGCCTTTACGTTCCGGTAGTACAAGTTTCCAACATGAGAGCTTTGAAACATCACAAACGCCTTTTTTAGGCCGTATCCATGTTAACTTGCACTACACGGTAACTAAGCTATACGAACAAATAATTGTACTGGTTGTACGTATAGGAATTGTCATTGGGAGCTTCG,979,47.6,Escherichia coli
SEQ_271538,CCTTTTAATATTTCTACACTGCTACTGTATCCACTATTTACCGTAGGTGATCACCCTGGCACGGCATAAATTCGGGGATCACGCCTTCTACCATCCAACCTACGTACGGTTAATAGGCCTTCGGCTCTGGCACGGGGTAAAGCATCCTCGGAAATATATCTGACACGTCGGTCTCTACTCTATGTGCGATGATACTCTCCGAATAGTGACCGTGCGGTGAACGACGCTGCAAGTTCGCTAACTCAATAAGTACGCGATGACGCTCAATTAAGACGAATTTACCTTGGTATACTGGGTTGGCGAGTCTGTAGGGAGTCGTTAATAACGGCGACCACCCACATTGACGGCCCCCTTGAATGGTAGAGTATAAGCTAGAATCGCGAGCACCTCCGCGTCTGTTAACGAAGACGCGTCCCAGACGAGAGTCTGGTGTTAAATGTTCACCTCGGTGCGGTTCTGTGGTGGGTTTTTTTTAGCCAGTCATTAACACAAACGCGTCTTATCTCACGGTCAGCACAGTCTTACTCGTAGGCAACTTAGCGACCATAATATTCGCATCGTAAGAGGTGACAGACAATCAAGGAACCGTCACGACTGGAGACGCATGCTGAATTTTAACCCAAGCAAAAGGCATTACTGCCGGGCAGGATTCCCGATATAAGTCGCAGTGGTGGGTAGGTGCCACCAACACGGCTGCACCTGGGTTTCTCTGGTGCATTACGCCCTGCTAGAAATTTGTTAACAGGTCAGTTGGTATTCAGATTCCAAGTTCCGTTATGTAGTCTCGAACTGCAGTACATATGGCAAGATACCCGTCGTCTCTGGCAGGGACCACAATTTTTCAAAAGGTTCAAGATGCATTTTCCCACCTGAGAGCCGGCTTTAGCCCCCCCCATAGCGTACAGGTCGTGTCCCAGGGGCACCCAACTAAGAGCTCTCAAGTCAACAGCGTTCTGTATATGAGCTTACGCTTGTGGATCCTGAGCAATATCCCGAGGTCCGAAGGGCGTCTGACACAGTTGTAGTTCATCGCTACGATACCGCACGTCTGTTAACCACAGGGTGTTTCTGTCTCTGGTGTGTAGTCCCTTCGGTATCCCTCTCAGGAGCCGGGCTTGACCAAATCACTTACAGCCCAAGGACAAGACTGCACTCACAGTGACATTAGGTGCGTTTTCTTTACGCTTGGCTTGCCTCTTTAAGGCATTTGCAGGACGGTAGC,1222,50.0,Arabidopsis thaliana
SEQ_749723,TAGCCTCGCGATTCTGGGAGTAGTCCGAGGTACTACTCTCTTCACGCACCGTCCGAGAGGTTTCGTAGAGCATTAGGATCGAGGCTCCTAGCGACAGTATCGCGAGAAGTTGACGCCAAGTATGTCTAGTCGTCCCATAGCAAGTGGCGATGCTTGGAAGTTCTCGCATGCGGCTTACGGACTAGAGCTATGCGTTTCCTACCGAAGCTTGATAACGGCGCCAGTGGGGTTCCCTGATTACTACCGGTTGATACGTAAGCACGTATTCTAAACAATGAAACAACGAGCCCGTACCAAGGGCACCTAATTACCGCCGCGGTACAAACAAAAACTAGCCGGACCGACCGGAAGTTTTCCCACTTGGAGAGTGCAGAAGGCCGGAACCGAAGTACGGTTGATCTGGATTTTGCTCTTCGATCTCACTAGATAGAATTACCCAGCTCCGATAGGTAGGTAGGGCAATAGACGGCTATGTTGCCAACATCTGCGTTCTGAGGTATATAGTTAGGAAGAGCAGACTCAGGTGACTGTAAAATCTGTGAGCCAGCATTCGCCCAGGACATACGATGTCTACTGGTCCAGTGCCGAGCGTCCGGTGTTACGCGATACATTAATTACCTATATGTTCGCGATATAGTACCGAAGCCCGCTTTGTCCGAGGTTCTCGATGTGGATGCACCCTTTTCGGCGGATTTTTGGGCCACGCCCGGATAGCCCGGTAAGAGCATGGTCAGGTATGGCGCATTATGTCATAAACCAGCTGAAATGTAATGTGCGGACATAAAGATCCTCAAGTGATGCTCACGCCGTGTCATGCGCGACGTACTCAGCAACAATACAATCCTTGGCTTCAGTGGGTCGGAGTTGAAGAGTGTGGCGCCTGTAAAAGGTGCCTTCCTAATGTATGATGAAGCGTTAACATGGAGATACATTATAAGTTTGTGAAGTGGAAATCCGCGTCCCGCGAGCTCGAAAGTCTTTGGCAGTCATCCTCTACATTCATTCCGTTCATCTAAAATATCCGTTTCTACGTTGGCCCAGATTAGCAACAGCCGTTCACGCGCGCGACAATGCAAACAAGGCCTGCTAGGTTCTGTTTTGTCACTGTTACGCTAGTTAGCGGGATTAATGAGCGTGTGGCGCTGGTTTCCGCTACGGGAGTCAAGCGTTTCCCACTTCTTCAGGCACTGCCTTTACAAGCGGCTCCCTATGTTCTTTTTGTTATTGATGGTACTTAGACAGTGTGATTCCCTCCCTAACTGTTGTGTTAGGAGGTATGTCTTATCACACAATCACCGAATCCGTCACCAGGTGTCATGGCCATTACAGGAACCTATGTCACACCGCGCCCGGATTGTCCAAAGCCACGATACTACACGGACAGTCACACATTCGGCAAAGGGAGGGGCCCAAAGTGGAGGCGTCATAATCTGGGAGGTATGGCGGCCCAATCTTCTTTGATATCACACGTTGTTGACACTACAAGCGGATTTTCGTTTGCTTAGTGGGCTTAACCGGAATCGTTTGCTATAGCATTCATGGTGAAGATACATGTTTAAATTACTCCTACCAGGAACGACATCGTGTTACGTGGATCAAAGACGTAAAATACACCGCCTTTCATATATTCCGCCACCGAAGGAACCACTCTTCCCCATCCTGTTCCATATGCCTTTAAGTTTACCGTGCCTCTTCGGATATTATGGTTCGCTTAGTATAGAATATGCCTGGAGAACGATCTGAGCCTACGAGGCGCTCTTGATCATCGAGTACCTCATGCCACAGCTGCGGTCAGTATTAATATAGTCAGTTAGACATATTAGAAGGGAGGGCTTAGGCAAATGAACTGCGGGCGATGTCCAAGATAGGTATAATCATCGAGCTGCCATTCAGCAGCCTCTGACAAGGTAGGAA,1914,49.06,Saccharomyces cerevisiae
SEQ_573693,CCTAGTCCTCTCCTCGAATCTAGTGAACTGAGCGCATAGGACGCCAAGAGTGTTATCGTTGAGCCGGACGAACGAGTTGCTGCCGTTCGCGGTATTAAAATAAACGGGTTGACAGACTCCTTATAATCTTAGCACAGGGCGTCTTGGAACTGAGGCGCATACGACCACAGACGGGATCAATCCATTGCTTAGTTAAGAAAACTGTGCCCCGAAATCGGGGTTTCTTAAGCGAGGCGAACTAACATTTAGCTAGTACGGTTCGCACAAGATTCAACGATGAATCTAATGAATGTAAAACCTGACCTAAATCAAACTGCATGATTTCGCTAGCGGGAATGCTTCAGCCATTTTTTGTTTCCGAGGGAGGAGGATCAACCATCGGTAGGATACAGGAGGTTTCCGGTACACCCTAACCTATGGGCTCAGCTTGTTAAGCTAGGTCCGTCCGGACATCTGTGGATACATTATTGGTCAGGAGTTTCTCGCATGGTTTCAAGTCTAACACCGATAACCAGTTTAGGATGGACTGCCTTAGCGCGGAATACTCTCAGTTCTTGCCATCTCTGCGCCTGTTCGACTTGTAGACTAGTTTGGAGGGGTGTTGGACACTTGGGACGAAGTCCGAGGATGCCGTCTTAATGCTTTTCGAAGTATCGGTTTATTTTCAGATGCCACAGGGCTCTACGGATTTCGCAGGTTCGTCGGCGGAGCAGCCGCCCAGGATGTCTACCGAAGGTGAGGTCTCGCTCCACAAAAATATTCGTGCTTAGCTAACATATGCTAGTACGGAAGTAGATACTGTATACGCGTTAGGAGTCACAGATCACGACAACCCTATGCTGTAAACGCC,850,48.47,Homo sapiens
SEQ_755160,TCCTCTAGAAAGGCTGGAATCTTAAGGCTTAGTCTCACCGCGGTTCATGTGCTTCGGAAAGCAACCTAGGAATCGCCGAATTTTTTGTGTCTTGCACCGCGCAACTGCTGCGAGCGTTCCATCACGACCAGTCGGGATTTGAGCGCCCGTGTCTTTATCACTTATCGATTCCAGGACCTCCTGAGCCCAAAACGAACAGGTGTTTCAAAAACACGCAGCTACATTTTCTAAGGCGTGGCGACAACTTATACTGAAGCGCATCAAAACAGAGTGCCTATCTGCTTGGTCGCTGAGGCACAGCGGACGAAGGCTTGCGCGTAGCTTGGGCCACCGGGCTCACGGGCAGACAATCTGATATTCTCGGTGCACCATATCTACGGGTGCGGAGTCCAAAGGGTGCGAAGTTTTTCTGCAACAATCCACAAGTCACGGTGGTCTAAATTTTTAGGCTGTACAACAGGACATGACACACACTGACCAAAGTGCAAGGGTAGACAGAGCAACCGAAGAGCCTGAGCGCCAAGGACGCTCGGCCTGATGAATCTATAATATACCTAATGTTTTTTAGAAGCCCGACAAGTCACCGTAAACCTTATCAGACGCCCAGACGCTCTTATCCAGGACAGCTACCATGTTCCCAAGATTAATTCTCCGCCGCCGTTGATCACCGTCATCACTTTCTAAGGAGACCAGTCGTACAGCCACCCGTCAGGCACCGGCTCTCCGGTGCTGGCACCGGCAGTTAACGGTTTTACGTGCAGAAGACACAGCTAAGAACTAGCTTCGTCTGTAGGACTCTAAGACGCGCTTGCCGGACGACCGGCAGAACCCATGCTCGTAACAAGGCTCTTCATTACTTTGGCAGCAGCCCAGTGTTTAACATGACCCCCCCACTCTGATAGGATTTGTAGTCATCAACTATAGATCTTCTGCTAACGATAAAAGTTAATCGACGGAGCCTGCAAACGCCAGTGGTCATGGCCTCTTGTTCCCTTTGAAGACCGTGTCCCGGCCGGTCAGTGGAGAGCCTAACAACGCACCGGGAGAGTATACGCCGGACTAATCAGAATCTATAGATAACATTCTAATTGGGCAAGCTTCAGCCTCCGGTCTAAGAACAAGCCAATTGCACTTGTAAACATGAGTAATATGCGCGATGTTGTGCATACCAGTTTAGGTAACCAGAAGCGTCGTAACCTTTGACTTAACATAGTTGCGTAGGGCGTCGACAGCCGGAGCGATATTTTATGCAGCAGGAGCGTGATAGCATGGGAGAGTAGCCCTCGTAAGTATGATGTCAGACTACGGGTGAAGCGATTATTTTCGGCCGTGTTTAGGCATAACAGGACAGGGTGACGTGTTGAACTATGGCCTGAGCTGGTCGTGGTCGGCGAGCGACCTTATCTAATTTTCGTACCTCTCCAGATGGACTCTACCGGTAGCCTTTGGTAACTAACAGGCTTCTGATCTCATGGAGGGAAACTTACCGCTGTGAACTCTACGCGGTAACGAATAAAGAGGGTAATATTCTGCGGCAAGAGAAATCATCTCTAAGTTACAGTGGCTTATACCACATGCCGTTGTCTGGCTGTTTTCGCAAGGCTCTGGGTTCGCAAAATCCCTTTCTGGAGGCTTCTTAGACGGGTCGATTAACCCCGCCGCGCATGCGCTATATTATTCTCCGTAAGTCAGAGTAGTAATGTGCTCAATAGCGTAGGACTCCAAGGTGATACGTCTTTTAAGGGACGCATATGAGGCTTCTGCACATGAG,1771,50.08,Saccharomyces cerevisiae
SEQ_645811,TTGGGTGTAAGGACGAGGGTCTCAATGCTCTTTTGATAGTAATGCGTAACTTCGAGTTAACTCCCTTATCGCATGATCTGTCGGTTCGCTGCAGTTTAGCCTGATTGGGTGAATAGTTATACCTCACCCTGTTAGACTGGCGAGCACAAATTGGTCTTCGCAATAAGTACTATACCGGACAACCGGATCACCTAGAACATTAACGACCCTATAAAAGACTGGGGCCGTTTCCCGCGTTCGTCAGGGGGAAAACAACCACAATATACGCAGGACGATGGAGTCGGTGTGCGCTGAGACCAAAGGTCCTAAGAGCTGATTGCTGTCCGCACATTCTATGTCACCAACTTGAGATTGCGACCCAGAACTAAGTCTGAACTCAATGTCTGATACGTGTACTGCGCGGTTGGTGATTCGCGGGAAGGTTGGTAGTCAATTGAGCGACAGGACGCGGCGGGGTCACTTTCATAGTGCACTGGGTATCAGGCGAGAAGTCAGAGCAAGCTATCCGTCTTACGAAGCAGGAAGTGCCTCCCCCTATTAGTACGCTTTGCGGTATCGTTGACACCCTGTCGATATTCGCTATAATATTTGATGCCTTGAAAAATAGGACTCCCTTTGAGCCAACTAAGGCCAATACGGGATCAAGTAAGTCACGCTATTAGTCATGCGCCCCATATTGAACCGCATAGACTGAAAGCCTTGCCCCGGGTTTGTATTGCGATGCTCTGGGTACCCCGCATAGTGTCTACGTCTGGGTACCCGAGGTGTGCGACAGTTATCGAACAGCATGAGGTTGGTCTTGCTAGAGGAAAGGATCGCACGCGTTTGAATCCGGGCCGCTTTTGAGACATTCCTGAACCTTGAGCGTCCCTGTAATTAGGAAATCTAAGTAGACTCCTTAGTCAATGCCACAAATATGTAACTGGGTACCCTGTGGTGGGTGCAGATCCTAGCTCATGGGTCTTACTCAGCATATACTAGTCCTACGCGTGACAAGTGCTCCACGGGCTACACGCGAGGTTGTAGGAGGCAGGAAACTCTTGTCCTTAGGTTAGTGAACCTGAGGAGCCTTAGTGTTAGCAGAGATCGTATAGATATCTCTTTTGACGGATTAGTCCTTTGACTGACCGTGCAAAACATGGGCTCAGTCGTTGGTCGCTCAATACTGTGTATACCAACAGAGGCGGCCGTACCTAGACCTAGATAATTCCGCCTGATTTTAAATAAATTTCCTCCCGGCGTGCCGGTCGAATGATACGCCTTTTCTGCACCGACCAGATGTCCGCGCTCGGTGCTACGTTATTCGGATGGTACACTAATCCTTGTTGGTCCGCTCCCCCTTGAGGTCGCACCTTTAGCACGCCTTAATATATCTTATGCCCAGTTGTGCAATGGGTGTAAGCTAAGTTTCAAGCATGAAAGGGGTTGCCAAGGCGGGTAGAATGAAAAAACGTTAAAGAAGCTCACAGCTTGCTTCTCTTGCATCACTAGAATGGTCAGGTCACCAGTATACGAACATGCAGGGGCAAGACCCGGTGAAGTCTTCCAACGCGAATGTGGAGCTGGAGGTGCCTCGGTCGATTGTACCGGAAATGGTCGGTTTTGTGAGGTCGTGAGACAAGTATTTCTCACACATCTAAAAACATCAGACGGGGAGATCAAATTCGCTCAGTCGAACTGCTCTTAAGATGATAATTTAGAGGCAATGTCGGTGAATATACTGGTGGTCCTGATGAAAGTACCGGTGGGGCCGGCTAGTAATCGCCTTAGCTTCGTAGCACGCTTAACAAAGCTATCATACTGCGTAGTGGGTGGGAGGGAGTTGCATCTGCGTCGAGTACCAAAAAGTTTGCTCCGGTACAGCGGGTTGCAAATGCACGCTAATTCCTGCAATGGTGTGCTATCTACGTACCTTGTTGGTTTAGACATTCCCTGGGGAAGAGGATTAGTTTTTCGGGGACAAGCTCTCACAGGCGGACTTAATTGATATGAGTCGGC,1998,49.15,Saccharomyces cerevisiae
SEQ_512922,GCGCGGAAACTTTGTATGCCACCCGTCTTTTGTGCTGACCACAGGAAATTATTAAACGTGGGCTGCAGAAATACGCTCTCTATCAAATGACGTATATGTGCGCTGCAGAGGTCTCAGAGTCTTACCCCCATTTGTTTTAATACCTTGTTGTCCGAGGACCGTGTCGCCGCCCACCGCGATTCCAGTCGGAAAAATATGGAGACTAATCGCGGGACAATAAAGTGAATGAACTGGTACACAATGCGCGCCAAGCCCACTAAGCCCCACGGTTTGTGCCTGCGAGCGCGCAGCCCCCGGTCAGGTTCATGCCAAATCTGGATAAGTTACATCGATATTATCCTTCCTCCGAGCGCTTATGGTCAGAGGCCGATCCACCGTGATAAAGTCTTGGAGTAAATCCGGAGGATCAGAACGACCTCTAGGAGTCTACCATCTAATCGTGTTGATTAGCACCGCCGGGTACCTCCTAGCGCCCTACCAACCCTTTATATTGTTCTACCCCATGTTCTTTCCACCATGAGAGGGCTAGTTTTGCTACGTTTACATGACGTGCTGGAACACCAATTCCCGGATTGGGTGCACGAGGGTTGCGTTTAAATATGTCTCATCAGTACCGTTAACCGAATCCGACCATGTTAGCCTACCTATGAGCTTGCCAGTGAGGCCAGGCCTACCCCGCAAGTTGACTGCTAAACTGCATAAGAGTGGACGTGCGCAGTCGGGGGTGTGCATTCGCAGAAGCACGCCCAACTGATAACGGCACTCGCGAGACTCTGTGGTTTGGCTAGAAACCTTTCAGGACCGGCCTACTCTAGAGAAGTCGAACTGCTGAGCCCTACCCTCTATGTTATGTTCTTTGAACCCTGCCCTCCTTAGAATCACGTTGCTGATATGTTGGATGTGCTTTACCTGTTTTCCGGCTGTTTGTACTCTTAGAATTTCCTTTGAAGCGTAGGGACCCGATGGGCAGGGCTAGTTCTCGTCCTCGTGACTGGAGTTAGAAGCGAAAGACCGCCTAAAGGCTTAACCAAGGCGAGCTCATAAATGCAGGACGCCAGTACTTGATCCCTACTTTCGATGGC,1082,50.92,Mus musculus
SEQ_667520,ACGATCGCGGAGTTATAGTTCGTGGGTTCATAAAACAAACGCGTCGATAACTTCTAAATAGGCCTACGCGTCTGCGTAGGCACCTCCTCGGACGGAGTGATGTTAAGGATCGAAGCGTGAAACTTGCACGCCAATTATCCGTCGAGTGGCGGGGGTTCAGAAAGAAGTCAAAGCGTAGTGCACGGCGTGTAATTTGTCATTATGAACTCAACCAATCGGATGTGTTCTTAACCTCGCTTCAGGCTTCAAACGCGGCCTTGCGCAGGAACTTATCTCTTACCAAGTATATGGGCTGCAGTAACAGTAGCAACTCCTCTCTGCCTGAGCGTTTCCGGGCCGCCGTCGCGTCATAGTTTGGACAGAGTAGGATCCGAACACTACTTAGAGTTTGGTGCTCGGCGCGCGTCACGACCCTCCGCAGAGAGGGTATCCCAGGTGCGTCTGAGTATTTAGTGCGATCAGGTGTCGAAGCAATTCCAGTGAGAAACAGTATCGCCTCATTCAACCTTCATCGACCGCGTAACACATTGCACGCCAACTGGCATGTCTTAGGCCGGTGTGCAGTCGCCGCTCTCAATACATTTATACGGGGTTTGTGTGTGGTTCTTAAGTAAACCAACAGATGAGCACTCATCATATCATTTAATGGGAGTAAAGGGAAAATACCCATTCCGACTCTAGATAACTGTGTTGCATCGAAACGTTCGTGCGTTAGGTTGGACACCCTTCATAACCTACTCCGTGCAGGGAGTCTTGCTGAACTGCTTTGGCTTAAAAAGCCACGAACTTACCTCGTTTTTATTGATAGCGGGATGGTTACGGCCTCGAAAGCATTGAAGGGAGGCAAGCGAAAGAAACCATGCAGCTGGGACTTTTAACGCTGACACTTAGTTCAGAATGGTATCAGCGCCGCGTTAAGAGATCGGGCTTTTTAATGCTAGATTCAGTACGAAGTATGTATGGTTTCTGGTTCACGACCCGGCCGAATGAATGATCACACAGTCTCTTAGCGATTAACCTCGTCATACGAATAAGACCACACGATAGTCTCCTAAGATAACCGTACGTCCTTAGCGAGCGTCGTGCCTCTGTTTGTATTATTGATGTACGACTTAGCGATCAGTGAGGGGCGATGCATACGCGGCCATAGGACTGTAATGTATCCGTCCGGGATTTGGACTTGGCTTGCGTGGGACCGCTCTGTTTTAGACCCTACGTTCTAATCCGGCTTTCCTATTATCGTCGTGTGTGCTGTTTGAGGAATATGTCTAGAGAACATTTGTAATCCGCGCGATTTCAAATCCGCAAGGCCCCGGGAAATGTTG,1325,48.91,Arabidopsis thaliana
SEQ_359944,TACAAGCGAAGCACTCTTGAGATATGGGGTTTTAGAGCTGACCTGAGGCGTTTAGGTTGACCAAGTTACCTTGAGTTTGATTGTTGTGGCCCCCTGTAACTTTCTTTGATGCATTCCTAGTGTCCGTGAGTACAGCGTTCATATATGCGGAGATTCCATTGAACTCCTGCCCCCCCGAGGGTTGTTCCTGTCGGTGGGTCCATCACAGTGAAGTTAACTAATAAGAAGGAAGGACTCACGACAAGCCGTTCTGTTATACGCCTCCCTCTATCGATGTCACTTCCGCTACTGGAGCCCGGTCTCACACCTACTACCATCACAGCCGACCTTCCAATAGCATTTAGCAACCCCCAGACGGCAGCCCGAGCGCCTCCAGGCCACTGGAGCCGATGCCATAACAAGTGCGCAGAAGGTTCGGATAACTCTGCGTCCCCTGCGGTGGGTATCAACTTATCTCCGTATGACTAGTGTTTTTTTACCGTGTGACAACTGAGAATTGCGGCCCTTGGATGATCCAGCGCATATCATGCACGCCTACTCACCTCGTTAATTCTTGAGAAAACCAAAGATAGGAAAACACCTAATTCACCACGGCCTCTACCTTGACTTTTGCCAGGAACGGCGTGCATGGGAGTCTAGTAGGTGACTAGTTGTCCAACGTGAGTCGCCAATGGGCACCAGTCGAAGAAATACGGAGCGGCTCCACGGAAGTAGAAAAATGATAGTATCCAAACGTATGTTCTCGTTTATGTAACATCCACCCATATGACCGCATTTGAAAAAGGACCACGGGCGCTGGGCCGTTCAACTGTTCGCAGTTGCCCCATGATTGGAATGTAATGACAAGATCCCTAGAGATTTAACCATTCGCCACGCCAGAGCCAGCCGATGTGCTGCGCAGAGGCCTTATACACCCAAAGCGTTTTTACGAAAATATAGATTGTATCTCTTCTTACGAAGGGGGTGGCGAAATAGACTGGGCGGTATCTTACAACGTCTTGGAAGCATGAAAGGAGGTGAATTCGTCTGAATAACACGGGCCCAGACCCACCTAAGCAGTAGGAGGCTAAGAGTCCTGGCGCCAGCACAATGCTGTCTCCGTTATGGGCTTAGCTACTCACGCGTTTCTTCGACACCCCGTACTTTCGAGAGCGGGGGGTGTTTCAGAGCGGTGCGGATATCTAAAGTGTAAGCACATCGACCGTCAGGATGTTAATAATAAGTATGCTCTGTTAGGGTGCCTCCTTCCTATGGGCACCAGAGAAGCTGAAGATCACCGCCTTGATCAG,1289,50.27,Homo sapiens
SEQ_709668,ATTGAGATGGAGTGACCAGGGCTACTAACTGGTCGAAGGGGCCTACCTCGCAAGCCGACGTCCTCACCACCCAGTGCGACCAGAGTTCTAGTAAACGGCCTCAAGCGCATCTCAGCTTAAACGCAAAACATGTGGGGTGACTCCGAACCGGTGTAGGTCCGGCTGGGGAGATAGTAACCTGCATAGTCGCGGCACATTATTCACCCGGGAGGGATGCGTCTGTCTGGGGTGGC,233,57.51,Mus musculus
SEQ_311717,AGGCAACCACCGGAGGTTGTCTGAGTGCACAACCTTAGGGTTAACTTCTAGTACACTGTGGGCTCACCAGCGCGATCCGAATTGCATCCCGTCCATCTGGACGCCATTGGTTGGCCAAAACCGTGTTGTGACTCAGGTGGAAGTCACCCGAGACCATTGGTTGAGCCTCGGTACAAGATGGATAAGACTCTGAAGGTATTAGGTAGTTACTCTGACACCCGCTCGGTTATAAGTGTACATTCCAAGAGTGGATCGGTGATGTACCCTAGGGCAACAAACGAAGGTTTCGCGTCATCTGCTAAAATTGCGGCTGAATGAATAGGGCGTCCCCCGACAAGCGATTGTTAACTAGTGATTAAGATTGTGCAGGGTCTAGGTAAAGCTAAGCCAGTCCGACGCGGTTAGTCACACCCATTGACCTGAGCTGACGATCCACCACGGCGCGGGCAGGAAAATAGGAGCCGGAGAGTTAGTCCCGAAATGTGCGGGGGATCGTCTAATTACTATACTTAATGCACTCCCCATGGTCAAAAACGAACCGCATTTCCCAGAAATGGTGAGCCGGAGAGCGTCCAGCCCAATGAATTAGCCTAGACAAGCGTCACCACATATTGGCATGCGAGAGCGGTCCGTAATAAGACAAGCTAAGGAACTTAAGCCTACTGTTCCCAAAACAACGCTTCATAAGAGCTACGATTGATAAGAAAATATTCGATCCTTAGCAGTGTAGCGACCACTGAACTTATTGTTCCTAGCCTGACCCCGGAGGGAAGAGCGAACTTGAAAATTCTGCCAACGCCATTTAGAACACAGGCGATGCACTGGCTGTCCTATTGAGGCGGCCCTCCAGTATCGCCCCGCGATCATAACCGTAGGCTGTTGACGGGGTATGAACAGTGACTCCCACAGGTCCTCACTAATGTGCAGCGCAGTCACGCTGGCTTAGACTGACGGCACTATAACAGAGTTCATCTCCGTTACCCCTCTTGGCACCTATGCTTTTACGTGTCCGACTCAAGCCGCCGCTTCTCGCGCGGACACAAGCTTTTATGTTAACACGCCCTAAGGATATTGCTCTGCGGCGACGGAGCTCTTTAATATTACAATCGGGTCGAGGACCGCTGTAGCGCCGCATGCCGCAATCATATAATTTCATGTAGTTCGTGCACACATCTTCGGTCTAACGATGAATCGTGCCACGGAGTTGACGCATACCACGAGATATTACTATCCCTTCTTTCACTCCGGCCCCACTCGACCGCTTGTTCCACCTTGACTCAAGGACCTTGACCGTACCTCTTCTTCCATCTATCTTGCTCGACGTTCCTTCCTAGATCACGCTACGACCGTTTGGCGAGACGCCTTGGTTAGCCCGGTCGATGAGCCTCTACCCCTGGAAGGGGCCGGGATAACGACTCCAGTAAGATTCTTGCGGAAGGATCTACCGCAATTTAGCCTGCATGATTCGAGGTGAGATGTATGTGAGTAGATCGCGTTGATCGCAGTGCACGTCAGTGTTCACATATTGGAGAAACCCGTTTGAGTACCACACAGGGACTGTTCTAGATGTAAAAGGCTCTGACGATGTGACTGCACCAATCGACGGACGAGTTCAGCCAACATTAGGAGCAACGCGGGGCG,1641,51.37,Caenorhabditis elegans
SEQ_167581,AGTCAGCACTGTCCGCAAGTCACTGCCCTCTTTTGATAGGTAAGCAATTCAATACTTCATTCGCAGGGTGGGCCGTCCCGTTGCTTTATTAGCAAGACTGATGTAGGCCCTTTAGAGTGGCGGACT,126,50.0,Saccharomyces cerevisiae
SEQ_236387,ATTATTCTGGTATCTAGGGTCGGATAACTGGATAGTTCGCTCTGGTTGAGTTAAACCACACACAGTTACCTAAATTCGCTATCGGTATAATTTTGAGAAGGTACACGGGAGAAGGTTGTGCACTCCAGTAACCCAAGTCTAATTGCCCGGACCTCTATCAAACAGCGGGAATAAGTTGTTCTCGCTAGAGCACGATAAAGTTCTGCTGCTTATTCAATCGCTGCCATGTAACTGGGCAACTTTCAGCCCTTATGTGTTAATTAAAGATAGATTAGACCACTTATGCCGGAAACGGTCTGTGGCTGGGGGGTGGCAAATGAGAAGCCGGCGTAATCCGAGGCAAGCACCCGACAACCTTATTATCCCGAATTACTTATGCGAGGCCCACGCCCGGTTTAACGATTAACTGCCTACAACGATTTCAAACGAAGCGCGTTCGTTAGTACGTTGACAGTACAATGTGAGCTCTTAACGGCACGCCTTTCCTCACTTACGCTTAGAGGACCATCGCTATTCGCAAATCGCGGTATTATCCAGTTTCCTTCAAAGGTGTTTTCAGCGACCTACGAGAATAGGAGAACGTACGGCATCGTTAAGGTCTTTCTTAAGAAACCGGATTTGATAAGGTAATCCGCGCTGGCCGCCATAACAAAGATGAGTGCATATTTATGAGGACGTCGTGTGGCGCCACGTCACTATGCAGTATTCATTTGCCTACCTTACCAGGTAGCGAGTAGTTCGAAATGTGTTGTCACGGTTAGCTGCACTCCTTTGATACCGCGTAAGGATTCTGCTTGCACTGGGCCTACGTCAGCGGACCTGTACTAAGAGGATATGTAATCAGTAGCATGTTTTAGATAAGACGCCAAAATC,873,46.51,Mus musculus
SEQ_722878,GCTCGCTTCCGAGTTAATTCCACGTGTCAAAAAGTCTCCATGAAAGCGTGAACCGGCCTCCGTATTAACATCTTTAAGCACATTCCGTCCATTCCGTGGCCTCACTATTTATGGCTTAATACCGTGGGTCCAGCGGTAGCGCCGCTTCATGTAATGTGTATGAAGGTCGGGAGCGTACTCCGTCACCACAGCCATATATCCGCTCACGGTCTGCGTAACTTATACGAGCCAACACGGTAAAATTGCTAATCTCACTAGTGCCAAGCTATTGCTTTGCCAAGCGGCTCCATTAAAAGCATCGAACTGAGCCTCTATATATAACATTGGCCCTTGCTGGTTACGGTTGCATAGAGTGTTCCGACGGTTGCAGGTGCTGGGAGCACCTAGCATGCTCATCTGGCTAGCAGAACCTTACCATACCATCGTGCGGAGACGCGATTTGCGATAGGCGGCTGAGGATCGAATATGCCTTACATTCGCATCCAAATGACATGACTAAATCGAGGCAACTGCCCCGCGAATCGGGTTCGTCATGGCCCGGGAGCCAGTGTCTAATATCACCTGCCCTTAACTACTTAGTGACTCCCTTACCACATATAATCGAAGGACAGGTGAAGCAGGCAAGGCCGATAGCAGCGTTCGCGAATTCTCTACCATCGGATTTGTCACCGAAGGACCTTCGAACCTATAACCGTTAAGCTTGACATATACCCTTTCAGGAGTCCAATTCGATTGGACTTGAATCCGCTTGCATACGGGGCCATGTGAATCGTGGTCTGTTGGTACTTTTTGGTAGCCAGATATGCACGGTCCTCCACGCTTCCAAAAGAGTTACCACGCGGATTGGCCAGCGAGGATTAGCAGAGATGCACTCCGTGGTAATACCAAGTCTATTTGTTCTGACTAGCGGACCTTAGAGGTACTGTCTTTCGGTGCTTGCGATAGCAAACGTCACGCCAAACACTCGCGGAGTTCCCAGGAGACTGGATATATGAGCCTAATTTCCAATCCTGTAACTATAGAGGATCACACCTCGGTCTCACATCGCGACTGAGAGAATTGCTTGTACTAGAGCGGCACCGGGCAAGTCAGTAACCGAACCGCTGCCCTCGTGTGGTGCCTTTACCTCAGCGGTATCCTTCGCTGAGGCACGTTCCCGATCCTTCATAGTACGCTCGGTGTATATAGGTAAAATCAGTAGACCTCACCCCCCCGTGCCTACACTCGGTAAGGGTAGGTCGGAATTACTTACGTGAGAACTTACGCGTGGTCTGACACAGGTCGCACAACAACCAGCATTATAAACAACACCGCGCACCTTTGATGTCTGGATTAAGACCGTCAAATACTTCTACAGCATCTACGCGGCGAGGCGCTAGCACGATACACCCAGCCTGCAACAAAACTATCATTTACTTCTAGTTCCAAAGCAAGCGGGGACTGTCGGAGTAAAACGAGGATACATCACACTCGATCCTTGTAATAGACGGCAGTGATCCAGCTCGAAGCCGAATCAAGTTACGCGGACAACGGTAGACCCACGCAAGTCTTATGCGTGGTATTCGACCGGCGAACGTCTTTGTGGTGTCTCGGAGAATTCCTCTATCTTAAGAACTATTGAAAAAGCGACTAATGCTAAGCGTATCAAGGGTGCTGGAGGGTCAACTATAAGTCGTT,1677,49.97,Arabidopsis thaliana
SEQ_762521,CGCCGAGTAGCCCAGATTCGACGCGAACTGATCCCTAACTTTATTTGGCTCATTCGCAAAATGTAAAGCGAATCGTCATAGGCTGATAATCCTAGATTGGTTTCCGCGGAAATTGACATAGTTTGCTTGCCATTACGCTACCTTTTTGAGCCAATGATACCTTGCACGAGGCCGGTCATCTGAAAAAGCCGCGTAGTACATAGGACTTACGGTGATTCTAGACGTTATATGGCCGACACCTTGGAGGGAGTCTATCCGTCCGTAGCGGAGCGTGAATTACCTACACTTGTACGGTCCAGGTTCCATCTAAGGGTGTGGTCCTACTCGGGCCCACCGCGGACGTTAGGATGCGCCCCATCATATGGCCCCGTAAGAGGATAAATCAAAGGATCCGAGTGGGACAGATCACCGATTTAAAGGAATGTCTCTGAGTACGTCGAACCATGTGGTAGATCGTCACACCCCAAGGATGACCCTTTCCACCTACCCCTATCCGCTGAACTTCAGGGTTCACCGTTCCCAGGATACGTGTGAGCCCGATATACCTTTGCGGCCAGCTGCAACGACAAGGCTGCAGTCGGGGAAGCGCGGGGCTTGAGAGACGGAAAAATCTCTTCTTCCTAGGCCCCATCATACAATAGCCAGGGAGGGCACGATACATCCAAGCAAACGACTACTGATCATCATTTAAGGAAGTGACTATCCGTACACAACACACCAACGCTACGAACGTCTCTAGCTAATGATGTAGCGCCAGTCCCCGTTTCTCCCTCAAGCAACGTATATCTCTCATTTAACGCCAAACGCCCCCAGTCTGAAGGTGCGGCAGGGAACCATTGCTAAGCTACTTTTCTCAGACCTTGTTGTCTGTAACTTAAGTCGACTTTCTGGGAATATTCGCGACTGTCATCCGCGGGATGGTGAGATCTGTAGTTGTGAGGTATGTCGCTTAAAAATCACTTGGCACCACGGTGAGACACTAATAATACTTT,992,50.0,Mus musculus
SEQ_794578,TATCAGCTAAGTCGCCCAAGACCGCGGGGCTAGCAGTTGTCTCATTCTTCCCACTCAAACAATACGACTTGTCCGCTTAATCCATACAATTGTACCTGTGGATTTTTTCGCTAAGTTGCTCTATCTCAAGGAGGGTCACCGAGGCAAGCATATATCCCCTAATATCAATGTGATTAAAGTAGGAGAAGTTGTCCCGTCTTCGAGGCGAACGTCCCAGTCCGTTTCTTATTCGCTGGATGTCGGCTACAGCAGGCAGTATCTTCGCGAAGACGCTAGGGTGGCCGTACGTTAGCGGTGTACGATGCTAGCATGTTTGTAGCTGCCGAGCCAGACATCTCCTCTCTGCCGTTGTGAGTACGCCCGGTCCGCGGGCAAGGAGTGGTTCAAGCATTGCCGACCTCCCCGTGGCTGAGTACTCTTCAACTACCTGTCAGTCCCGGGAGCATGTAATTGGCTGCTGGCCTACTTGGCGCGGATGAATGTGGGTTTAATTCTCCCTGGGGACGTGATCTTGCGTTTGCAATCAATGCGAAAGGGACGGGACATTTGAGGCCGTTAACGCAAGATCTTAACCAATGCGCCTATAGAGAACGTAGTTCTCGAATAGGTGAAACAACGGTCTCCTTTCCATCCTAGTCGGATCTCTGTGGCTAATAGAAAAGATCCATCTCGTCAGAAGGCCACTCGCCCCAAGATAAGGTACAGTTTACGGGAGTGTGCGTACCAGCTGGGCGGCGCACTGTATAAGAATACAGTCGCGCGGGGCCTTTGGTACTCCGGGGGATGGCGGTGAGCAGTATGATCAAGTATTTTCTATACATGGCCTGTGGGAAAGACCCTACTTCTCGCACCCGAGTAATGGGCTAGAAGCTGTTGTGCAGCTTGGGTCCGCCCGACGCCGTGGGAAACGTGTGGCGTCAGACGTTGGGACTACCCACGAAAATGCATGCAATACCTGCCCCGTGAATATGGCGAACGGAGCGCTAATAACACGGTGCGTACAATCTATTACGGAGGGACGTGAGAAGAGTTTCTATTTGAATACGCCCGCCAACATCAGCGGGCCCTGGCGCCCGACGTGATTGGCTCTGGAGACGACGCCTCTCGAATGGTACGCACTGTATACAATTAACAATGCGTCTTATTATTGACGAATCTCGCCGGCCTTAATCTTCCAGAGCCGACACAGTTTCTGGTCGAATGATCACGTGAGCGCGCTGCTGCCCCATGGGTCTAATCTGGTTCTACCGTGAATAAAGGAATGAACCAGCGCCAACGCGGACTGTAATAGAAATGCATGTCATGTCCCTGTTTACGCTAATTAGCTCCCCAAAAAAACTTTGGAGGTTTGTTGCGAGGGGCGTCTTCCTTACACCACCATTCCATTAGCGGGGAAAGTCGCGGTCTGAGTTATCCCATCATATAACACTGCAGATCGTCACGCGTCGCGGTTGCACCGATCGCTGTTGTACGTCGGGGTATAGTCTACTGTATTGCTACCTTCTTCGGAGCGGACCCTC,1520,52.17,Caenorhabditis elegans
SEQ_792815,AGACAAAACTGTCAATATCCAGAATCGAAATTTGACGTTCACTCCGTGCATAGTACACAGTATGACAGATCATAGCCCAGCGTGAAGCGGGCGACTGGATTATAGCCTGAGCGTCTCTCCGATTACGATCGAAGACAAGGCTGCTCTCTTAAGTTGCAGGGTATTCAAGAGAGATCGGTGCTTACCTCGTACGTCGTATGAGAGGAAATGGGGGGCTCGATCTGATTTTCGCCGTCGAAAGGTCGCTATGCCTGGTTATGCACGCCAGGCTGGGCCGCCGTAGACGCACATCAAACTGCCTATACGGTTTGTAGCCGGAAAATCGCGCAAATGAGCACCATAGGGACTATGTAACGCGCAGAAAGTCTAATGAGTGATGACCTGGGACCTTCGACTGCAGCGAATTAGAACCTATGTATTGCTCTGCCCCCGACCATTGGATATAGGATTTCGCATAGCTTCATATCGTGACTTTCTACTCGTGAGGCGGCCCAAGTAGAGCAACGTCTCACATAGTAGACGCGACATGCCTATGAACCATGACTTTACTTAATATGTTGGTTAGAAATTTCCAGCTGTCGATGGGAGGATCTACAACTGTACCGGCGCTCCGGCCCAT,619,49.6,Homo sapiens
SEQ_286807,ATCAAAATCTCGCCTTAACCTCCTTAAAGCGCAATTCCTAGGTTAGATTGTCCGACAGCGCTAATTCTTTCCCAGAAGGGAAATTCAGGGTGTCGCTT,98,44.9,Mus musculus
SEQ_102667,AGTGCAGAGCCCTAGGAAAGAACAAACACCGACCCCGAGCTGGGCAGAGACCCTTTCATCGAGATCATGCTCGTCGCGTACAAATGGTATAGGCAAAGGTGTGATAAGGACCACCCCGGAATTAGGTCTTCGCTAGTGCTTGAACAGGGAACGAAACGACACTCCCGCCTGTGGCGTTTGGTGGCTAACATGCCCGGATTGAGCCCTGCGCATCCGATTAGGTACTGCAAAGGAAAGGGAGCTAATCCTAGCATCCGTCGGCCAATGATACTTGACCGTAAATTGCAGGCATGTTTCGACCGTTCAGACCTAGACTTAGGCACCTCAACTAGCGCCACACCAGGAAAATTTCCCAAACAGGTACATCCACAGAGGTCACGTCTGATGAAGATGAGGAGTGGTGAACCGCTAAGACATGCCTGTCTGCGCAACTAAAGTATGGGATAAATGGTCATGTAAGGGAGCCATACTTAAACAGTTGCGTACATCATTCCTTGTCTAGGACGACAGCCAACTTACGCTTACGAAAGCGGCTATGATTACATCTCAAAAACGCTGAACCCAACCTAAATTTTAGGGCGAACCTTTCTGGATATTGGCCCATCCA,607,49.75,Escherichia coli
SEQ_305627,GACGGCGTCTGCGTGTACCGTTATATAGTTGGGAAACCACCTTCCCTCGAGGTGACCTACGCTCCATCATAAAATCGAATACTAGCATCTTTCACCAGTTTAAGAACTGATCAACGCTGGATGATTTTCTCTAAGCACACATTAGGATTCAGTGACTTAGCGGGCAAGTTGGGAGCGTAAACCGTCAACGTTCCGCTCTAAACGAGGACTAGGGGAACCTACTGGCCGACTTTCGTGAAGACACGATCATCTGCGTCCCGCCGGTAATGTATTGCATCTGGCCTATGTCATCCTAACCACCCTTGTGATAATTGAGTCCAGTGATGTCGCAGCACAGAGTCTTATTCAATTGTAGTAGAAGAAAATTGTGTGGGAAGATTGCGCGGGTAAGAATGGGCTCCTTTGGTAGTTCCAACGACCAGGTTGTTCATGTGGCGAAGCGAAGAAATGTGAGCGTACACATGGGCCTCTTTGTGGTGAGCACACTCATTGTCTCATACTACATGAGCCCCCATTGCATACGAAATACACGAACTAACCAAGAGAGTCATCGATTGGAGCCGGGTGGTCATGGGGTGCAGTGTCTGACCCTTCCCTGAGACGGGAGCGGTGGCCGAAAGCAGGATCTGGTGGCGCGAGAGGTTAATGTTGTTCCTCGGCCGCCAAGCCAGCGGAAAATCTATAAACTCCGAAGGTTTCAACGATCATTGATAATAAAACTGCCATACTTCATTGAGCAGCAGGAGAAGATGAGGAGGAGGTGAAGCAACAAGAGGACCTATTCCGCGATCCAATGCTAGAGCTCGGTAGATTCAGCTAAGAATATAGTACAAGTAAATGCTTTCTGGTAGTTGAGGTAACAGCCCCGATCTCGGTAACACGATTTAACCCCGAACAGACACTCTATGGCGGCTCACTGGCGCAGTCAATGCATGGAGGGAAGGGCTACTTCGATTAAATGTCCCCAACGCGATTCTCAGAAGTACCGCCTCGCGCAAAGAGGCAAACTGTCTGAACGACAATGTCCTAACAGGTGGCACTGATGCTTCATCACCCGCTATTACCTGCTATGCTCGATGATTACGTGGATCTCAGTGCCCGAGCGCCCTCATCTAAAGAACGACCATACAGTGCTACGCCTATAATTCTCCTCTCATGCCTTGGCCTCAAATGTACGAACCGGGCGATTTCCACCCGCCCTCTCGAATCCAAATACCGCATTCGGGCTGTGTATTATCTTTGTGCGAAAGCGAGACTGTTAATGGGTGTTAAAGCCGTCACACGAAGAGCGGATTTGGGTCAACTGTTGATGACCAGGACGAGCAGGATTATCAGGGGGGTTTAACAGGCAAGGGGCGTCGTTAAAG,1367,49.67,Caenorhabditis elegans
SEQ_356899,GAGGCCTAGATATCTGTTGAGCAACCCTACTGGATGCCTGGTGATGATTAAATAAGGTATCAGCCATTTAAAGCGCTCAATTCACTTTCCTTGGATGAGACCATACCCGAGAGGCGTTATGAGGCTTTGAACCCAGCCGGGATGAGAGCTCCCTTAAAGCATAGACCACAGCGATTGGTGCTACACGACTTACTTCACGGTAGTGCAGACAGAGTCTAAGCAGTGTCCCGGAAAGACCGTGCTGTCGGGTGATGACGTCGGGGCTGAAAGGTCTGTGGTCACACGCCCCGGGTGATAACTACCGATGAAGAGACGCTTGGTTTCTCTGGCTTTTTGCGGTATATACGTACCACAAGTCACTAGTTCCGCCCAGCCGTCTTAGATTCTACCCACCCGGATGGGTAAATCAAAAGTGCCCGCGGGATCGTATACTGATCGGATCGAATATGGCGTATTGTAGCTTACATGCGCAACTGTTATTTACCATCTCATACCAGCGGCCTGGGAAGTCCGGCGGCTCCGAGTACATTTTCTGCAATTGAAAGGTTTCGAGAGCCTCTTACTGGATAGGGTAGTAATGGGCAGGTCCAATTTCATAGGCCCCCGCCAAATAAGGGCCCGGTTTCGATTCACAGTCGTTAGGATTACGCTGCCTCTCCTAGCTCCGGTCAGTCTTCCTCTGATATGTTAGGGCGCCCCGTGTTCAACTTTCGTACGTTCTTGTACATTCCCCTTTCGGATATGTACTAGACCCGGCCCCTCGTAAGCGCTATCGGCGCATGAGCGCTTTTTGGAGTACTATTGGCGGTGGAGGGTAAGACTCCGCGTATCTAGTTTTAGATGGAAACTAACCTACAACGAAACCGAAGGGCACCACCTTTTGACGCAGTCCTACCAGGGGCAGACCTAACCGCACGAGTTCGTGGCCTGTCTTCAGGGGTTAAGTAAACCTAGGCTGGATTTGGTGGCGTACAATAATGCCTCAACTAAAACACCTTGCGTGACTATCGCGATGCCCCGTACTAGACTCCTTGTATTCTCACACCCCTGGTCAGGTGTCGCCCCCATTTTACGGCAGACAAATACGCAATTCTATTCGCGTACATGTCGATCCCACTACGCAATAGTTGGAGTATCCACGTAAAGTTACTTCTTCTACTTGAGCTGGGCCAATCCAGTACAAGGTGCTAACGCGTATACCGTGGAAACTGGAACTTACT,1220,50.66,Arabidopsis thaliana
SEQ_987390,CACTACGTAAGATCTGGTATAATAATTCGCGACCAACTACGAATAACGGGACAT,54,40.74,Saccharomyces cerevisiae
SEQ_104945,GTGTGTCACTACTCAAGATCGCTCCCTACCCGTATACACCGAAGCGCCGAATTGGATGTACTGAACCATCAAGGCGGACATTGAAACACAGTGCGGAATCGTGGGTCTGCCACTGAGTCACGGGCCGCGGGTTCTAGTTCGGCTCTCCCATAAATGTTGAAATTCTTGGAGGTGTCCTTCTGACCTAACCCCGTCGGCTAACAAGGTAGCTTAGATCTTAGCTCTATCCAGCACGCTGTAGTCGCCTGTCTCCCATCGGCTTCTTGTTTTCACCGACAAGAGACGAACGTACTCTAACCGGCATGATAGAGGTCAACCCGATTCCTGTACAGTCGATATTCACGCTGATCTATAGCACGGATTACCTGCCCTAG,374,51.6,Caenorhabditis elegans
SEQ_845314,TGCTGGCGAACAATATGCGTTGTATCGGGCCCACAGACACAGTAGTCTGAAATTGAAGGATTTTCAGGTGGAAACGCGAATCGTGGTCATGAAACGTGACGTCTGAAACGAGATACGTCTTGACGTCAGACCTGGCCGAACAAGCCTAGATAAAGATGTACAAACAGGTTTTACAGAGACGATAAGATATGTGACCGTAATATATACTCCTTCGGACAATCATACAATGGATTCATTACTTGTAGAATCCGTTAAGCCCCAACCTAGGCATTTGGGAACCTTTAGTATCTACTAGGGCAAATCAGTTATTAGCCGAGGGATTCTACGTTGTGAACGGCGCCCGACATCCAGTTGGGGAATAACCGCCAATCAACACGGACTCACCCCACCCGTTACCTCTTGTTAGGTTCCGTGACTAACCGATTGACCATGATGAACAGGCAGGCTCATCGGACTAAAACTACACTCTGGATTGAGAGCGTATTTCGTGGGGGGACAGGAAGCAGGACGGCTGTGAGGTGAGCCGATAGGCCATATCTTTACCGGCAATTTGATGGTGGGCCATGACTGCCATTCAAGCTCTCGACCTTGTGTAAAGGAGGGGATGCTGTAACCGTAGATCATAATGATACTTACTACGAGAAGAGCTTTCCAGGGGGTCCCTAA,666,47.75,Drosophila melanogaster
SEQ_117123,TGCTCTTAAGAACTGTACTACATATTACATTACGAGAAAAGACTAGAAAAATCGCATGCGACCCCCACGGGAGCCCCGAAAGGAAGAAGTTACGCTACGTAGCAATGCCTGATCTTATAATGTTACTAACATGTTCGGGCGCGACATCCAAAATCCGCATAGGTCGCGGTCAGACGACCCCTGCATTGAATATAGTAGCCGCGTTACAATCCCTCGGTAAGCTAACGCGTAGCAACCGAGTAGAGTGGGAGAACTGAAGCTTCAGGAGTGTCTACGCAAAGAGTCTGTGAACCTGGTGTCGGAACACCTTGGTGAGGTTAGTAAGGTCAACATCTTGAACCGCTTGTTGGTTGCAACGTGTAGAGGCCCTATCTTCGAGCCAAAAAATTGTAATAGCACGAAGGTGCGCTCCCCCTCCGTCTGCGATGTCTATGTACAAACCGGT,445,48.76,Saccharomyces cerevisiae
SEQ_590679,ACGTAGGGCTTATCCACAAGCCGGTAAGATGATCGTACGGTGCTTAACACTATGACCCTAGTCACGTGGCGGGTCTCGGATGAATTAGAACTAGACCTGGCTGGCAACACCATCAGTGCTAAAGAAGCTCTCCCTTTTAACATGATAATCTTCTTCTCTTCCTGGAGTCCAACGTTGAGGATGGAATTTCACTTAGCACGGGAACCCCAACTAGCACAGTTGATTCAAGATTGGATTGTGCTCGCTCCACCGTGCTCTCGAAGCCTTAAGTTGTTGATCGAATTTCGTGTACGATATAGTTAGCGGACCTACGCAAGACACTGCAGATGGACACTCGCATAATAGGTCGGTGATCGGGCTGCTAGCTTTTAATGTAGGAGAGCTAGGTTGTGTGCGCGAAGGGATAGGCTCGCACGCCGAGTCGCCCCAGGGGCTTATCTAACAGGGGTCTCGACATGCGCTAAGTATACACGCCGTCAACTCCCTAAAAGTGCTGTCATACTTATGCCGCAGGCAATAAATAATAGGCCAGGGAGCTTTGCCTTATGTTAATGCTGTGTATCACTCTGCGTTCGTCCGAGATACTGGATGGTTTGCTATATAAGCGTTTAGTTGGCGAGTATGAAGACCCGAGCTTATAAGTTCAGGGGTAGGCCGGGATTACAATGACAGCCC,675,49.19,Homo sapiens
SEQ_964944,CTCTTACATCTATTTAATTGACGGGAACGTATACCTAGCTGTATCTTGATTTCAATTCGGACCATCCTTAATAAACATAGGCGCCTCGGTTCTGATGGGACCAAGAAGGTGATACGCACTATCTTGTTGGTACTGCGTTCGCTGTCATTTTGTTCCAGGAGTGCGCCAAGCCCGACTACTACGGTCGGACCAATCCAGCACTTTCCACACGTACTGTGCTATCGGCCGAAACGAAGACCATGTGCTCACCACACGCGGCCTAATAGAGCATCTATCGGCCGGCGCTGACCGCCTCATCTATGTGGAGTGTCGCCGACTAATTATGGGCCTTTTATAGATTGGGGTACCGCCCAAATGAGAAGAGTTCCGCCCTTTCCTTTCCCCAATCGTAATACATAGAAATAACGCACCCTCTCGAAACCCCAGCCAACTCCTACATGTTTACCCCACCCGTTACATACAGGACCTCGCCCGCTTAAGTCGTCGGGCGGTCCTGACCTGTGATAGGACAGAATCACTTTCGACGCTGTGTAAAGCGAACGGTTATGAGTCATTGCCAGAAGATAGCAATGCGCGTGTGCATTGCCCAAAGTACGACAGCCAAACAATTATGTCTTATCTCCGCCCGACTAGCAATAATTCTGATTGATTTCGCTAGCGAGGGGGTTACGTCCAAGGTGATCTCTACCCCTGAACATGCAAGGAGCATTTTGATGGTCAACAGTTCCTAGTGCATAAATGGACGATGGATTCAGGATATCTAATGCCGCTGCGGAATCGTACTTAAGCCCGAACGAAACATAGTGTTAGAGTCGCCGAATTCGTAGAGGTCCATCTGATCGAGTCACCGGTGCTGATGCAAACCCCCTTGTA,873,49.48,Mus musculus
SEQ_630582,ACGGATTACCCACGATTCTGTGGATCGGATCGACTGAACCCCACGGCCCACGGTATGTCACGAAACTACTCCCACCCGGCGGGATGAGTAGAGTACGGCGCCCTGCTCACGAATCCAAGCCGCCCGCGCCACTCACGCGGGGGCGATCTCGTAGCCAGAGTGTCTGACTCACGGTGAAGGTCGTACGAGTTAGATTTAGTTGGGCTTACCCACGCATCCATAAGTTTGTAACCGGTCACGTGTACGGCGAAGGTTTATCGAGAGAGAGACCCTCATAATTCGGATTAGAAGTATCAATCCGGCAAAGGAATAGAGTGGTTCAGAGCGTGTAGCAATCAGGCTCGCTAACAAGGGTCCCTCACCGGTTAAGTGTTCTAGACCATGTCGCTCTCCCGAGTCTGAAGTGCTGCTGGTTGTAGGCACGCACGTATAGGCTCTCATAGAGGATGAGTTGTTCCACTACTGTTGCTGACCCATGTGGCTAGCCGAACCATATGTCGTGGGCGACTCTGTTCTCATGTGAGTGCCCCGCCTCGCAGAGATCTCCGTCAAAATGAGCGCCTTATTGCGCACCTTAGTCGGGCATATGCGGTAACCGCGACTTTTGAGTTCTACTGCAAACGAGGCA,628,54.3,Mus musculus
SEQ_698274,ATATCCAACATGGGCGCGTGCGTAGCGAAGCAGACGGTCATATATCGTCCAATTAAAGTCACAAGACTTGCTAGCCGGCCATGGGGATCATCACATGCATTCTTAAAACACACTGAGGCATCGTTGCCCGCCCTAGATTCCTCCCATCTCCTCGATCATAGTGTTGCATAGCGCGGGGTCACTGGTGAATCCGTTACTTTATGCCTCCAGCTTGCGGCCGTAGCTCGATGTCTCGTCGAATATAAGATAGCGCGGGCGCAACCAAATATCACGACCCTACGTTCTGTTATTCCGTGCCCCTCATAACCCCAAAAAATCCTGACTAGACAAACAGACAACAACATTAAAAGGACGAAGTCACTGAGTACGACCTTGGGCATTTGTCGTTGGGCCAATGAGGGCTCTAGAAGCTAGTTACTAAGGATGTAGCCATTCGAAATCCTCTACAGGGACCTCGCTACTATAGCCACGTCCACCCTGCAATAGCCGGATAAGAGTGTAAGGAGCAGGAGTAACGAGTGAATCGACATCGTGGTTAGAGCGTGTCGAATACCAGGAAGTTCCGATCCTACAAGCTTGACGCTCCCATACCTTCACTCACCTCATCAGTTCCTATAGGTGAACCCTTTGTTGGGCCATTAAGCGCAGCTTCCGAGCTGCAGGTACTGGCCGGCGATTGTGTCCCACTGATACATAGAGCTAGAATTGGGTTGATGCCGCACGTGGTTTAGATTCCGGCCGCTTGCGCTCTTCCAGGTGGGCCAAGCGAGGAACGCTTGCCGCTGCACGGCGTCCGGGATGACAGGGAGTTTGCGACAAGGCCATGTTGACCGCCATTACCGTTCGATTAGGGAGCACGCAGCACGAAGTAACGTTTGCAAGCTTTTATTTAATATTCTGCACGGGTAATCCTTAATGTCTAGTTACGAGTAGGCGACCCTTACTGACTCAAGGCCACAACATGCAAACAGGTATCGTACGGAGCACTAATCTCAGCTTAACTATATAGCATAAGGCCATCGTTATCAGTCCGAAAAGCAGGAATCGTAGGCGGCCGCGTCATTACCAGGAGAATTTCTTGGAAAACGAATGGTAGTATGAGGCCCCCGAGCAGGCTTTTCTAGGGCTCATTGGGAATACCGTGTTTTACGTCTTTCCTTCAATATTGTAACTTGGACCACCCCTAAAGTAGGCTGTACCTGTTACACGTCGAGGACCGGTGTTATACTCAGCCCCTGAGGGCCTCCCGCTCTGTGCACTTTAGATCAATGGGTTCTTTGCTACATTTCCTGTCAACTCTGACAAATGAAAGCCGATGTGCTTACCAAGACGCTGCTGTTGTAAAGTCGGTCGTAATTTCGCTATCAAGCCTCACTAGCGCTGGTTCGGAAACAATCACGGGAATCTCTGTAGGGCTTTGCAACAGTTAGATACATGCAAGCCTGGCTCATAGCAGGCGTGAGCACCGTGGTTAATGCGCTAATTTTGCTGTACG,1495,50.1,Mus musculus
SEQ_961030,GCGTCCAAGTGACTGTAGTCTAAATCGGGCCTTCTGATTGAGGATCGGAGTTGGTAATTCCAACGAAAGGCACAATCAGCGATTAGAGTGGAGTTTGATAGGGACTTCATGTCGGGTGCAGTGTCGTTAAAAAAAATGCATGCAGATATGGCCCAATATTGAGCGTGTCGGTTTGGTCGACATTACGCCTGCCTACCAATAATAGCCCCTGACGGGAAAGGCCAGTAGCAGCCTCCCTTTAGGCCCTCCGCGGGGGCCAACAAGTCACAAACAGCACTGAGGCCTTACATCAC,293,50.85,Saccharomyces cerevisiae
SEQ_568107,CAAATATCTGTTCAGTTCCGCCCTCACCTAATAGTCTCACGCGATTAGTCCCAAGTATCGACCTACGCCCTGAGGTACCCTCGTCTCTGCAGCTCTGCATCGGGTCTGGGTTGGGCCCGTGGTTTTATACCCTGCGCCACAGCCGCTTAACATCATTACCCGAGGTTCAGAAGGGAACGATATCTGTCCGTAGGATTCGCGCCATGCAGCAGTCTGGTTTCTAGGTGCCAGCCAATACTCGTCAGCATTGATTTGTGGAGGCTCGATCGCGGTCAGTTACAGAGGGCCTGACTTGGGCCTGTACTGCCGTACCGTTCTCAAAGCCCTCATCCTGCAGACCGAGCCTTTAATAAGACAAGATAACTCTCCACCCGGGCTAGTCACAGGCTCAGACTTTACTTCAGAAATAATCTTTGCAGATGCATTGACGTCTTGTTATGCGTCACACGAAGCTACATCCACTCGTCGAAAACACACGGGGTGCAGGTGAGCGAAGATAACTAGCGTAGGATACGGATTACGCCAAACCCACACATACGAAGTTGCGGATAATTCACATCCTTAGAATCAAGCCACCTGTTTGCGGTGCAGGAACAGGCTATCCGTTCCGCGCCTCGAAATTCGACTGGCCGGCTTGGCATGTCCTGATGCTTAGGTAAGCCTTATCGACTAAAAAACGGAAGGTTTCGTACCGGGGGACCTAATTGTATTAGCAACGTATCAGTTTCGTAACTTGTAAACTTAGTGGCTGCCAGGAACTATTGAGTCTTCTTTCGTCGGGAAACGCGCAGAAGTCTTAACTATGAACAGGGACAAACTCTATGATCGGACAATACTTTCGCGGTCGTACCAACCGAAATCAGCGTTGGAACTATATTCCGTACGAGAGAACTCTAACAAACGGGAGCACGTCCTACCCAACCAAACACCGTAGGCTCAGGCTGGCACGTGAGCGTACTTCAAGGTTCCGAGTGGGCCTTATATCGCTGCGTATTGAGCAGGTGTTCTCGCATACCTCTGCGCGCGTTGTCTATTCGAGCGCTTGGCTTGACATGATTGGCCGCGCAAACAAGACGGACCTACCCTCTCGGGGATCAGTATTCGGGCCTCTCGGTCACAAGAACCTCGGTTTAGAAGTACGGTCTGCTGGTAGCAGCGTCGCGGTGATTTAATTTGGCATGTACCGAGCCGTGGGGCGTAGGGATTGTACGTCCCGTTGTGCAGGCATAGTAGTCTACCGGTTTGTAAAGAAAAGGAGTAGCCCAATACTTTTTAACCACGTGCGCGTAACGCCTTCCACTGAGTTCGCTATGACTTCTCAGAAATGTGTCATCTTGGAGGTCGTTAGCCTGCCGCCCGTCCGTGCTGACCGAGGCGGCAATCCGCGGATGTTGTGTAGAAGAGAGAGTTGTGTGCGTTGAGCGCCATAAGATCATGTTCCAAAGCCGAGTGAAGGGGCGGAAGACTAACTGAGAAAACTCAGCCGGGGCTTGACGACCTGTGTAGCCCCTCCATTATTCCCAACCTTGGGCCCATCCGCTGC,1543,52.04,Saccharomyces cerevisiae
SEQ_608129,CTATTAGCGAGCACGCTTGCTATCTTAGTAAGGCGAGACCTATGGAAACTTCTAAATTGCAATTTTTCGTCAGCGGGTACACGGACAGACGGTGAACTGCCTTGTTCCCCAATTAACCGGGCCTTTCGATCGGTCTGAAAGGAGAAGGTTATCACCCAATCGTGACCAATCTGAGTAGTCGCGGTGGACTATCTCGCCGAACTATCTTGACCTATGGT,218,48.62,Drosophila melanogaster
SEQ_908281,AATCGATATAAGGGACATGGCCGGCGACAATTTAATTTGAAAGCTTAGTAACCACTAACACGTGAGACAGGGAGGCACCGAACTTCGAGCACGTTTGGATTGTGCGTGTTGAGGGGCGTAGACTGCAGGGAAGAAACCCAGATTATTGGTATGGGTACAAGGATTAGTGAAATACCCTCCCTAAGGTTCGGGAAGTAACTACCCCCGGACAGTCCAAAATCATATCTTCGGTACTGCAGACTTCAGCAAACTTCTTTGAAGGTAGAGCCTAGGAGGTAGGTTTTTTACGAGTGTCCCGGGTCGTGGCCAGACTCGAGAAAGAAAGACAGGCTTTATTCCAAGTAGTCGCGACTGGAAGAAGCTACTTGATATCGACAAACTCAGCGTTGAGCTGAACCCGGTGGTTTTCGCCTCGCCGTCGGCCGGCACGTGAGCGTGCTTGCCTGTTGTCCAGAGAGAGGGTTTAAATTCATTGAGACAACAAGTGCTTATGGTCGGCAACGTTCCTCTTTAATCCCACATTGCGAAGACAGGGTGCACCTTCTGAGACCTCCACTGATTAAATTCGCGGGTGTAGCCTCTTGACAAGTAATGCAAGATAGTTCGAGCCAGCTGCATAGTGAGTAGACTTATAGTGGAGGAAGTGAGAAATGAATCCCACAATCTTGTTTTCGACTTTGTTAGCATAGCTGCCTTCCGTAAGCGCGCCCCGGCATAATACATACTCCGACCGCGCTGTCCTCACCAGGCCCGAGGATTCACCTGAATATTCTAATCACTCACCTACGGCTGAAGCGTTCGGTATCATGTACTATAAGGGAGCGAGCACGCAACCCCGCCCGCGTACCGTGCGACGCTCTATGAGTCACATCCCCCGTCACACTACGAGTCCCGACAGCTACTCCGCAAGTGTTAG,916,50.44,Saccharomyces cerevisiae
SEQ_108150,TGTCAAAATCGCCGAACCGTGTTACGCTATTCTGGGTCAAGCGAAGATGATATCTGTGAAAACGGGTCTTACTTAGTTGGCCATAAGGCGGTACTGTTGCTCGTAATAACTACCTATAATCCTTAAGTTCTGGCTCCCGCAACTTCAACACTCACGTAGGTTCAAGCTCCAGTGCGGGACTCCTCAGAACGAGTGCAAATACAGGACCCAACTCGAAAGACACTGCTTTCCACTATCTCATACGGACCAGGGACTATGAAGGGGACTGATCTCGCGCGCCACCCACAAGGTCGTCAACCATGACCCGCTCTGAGTTTGACCCCGTCGGCCGGTTTCCCGCAAAGTTTCATCCTTGCAGCCGAAGAAACCGTCTAAGTTTGATGTACGATTGGATTCTTCACAGTATAGGTCTGTGATCAGAACAAGTGCTGCTCGTACTGCGGGTTCACCGGCGAATACACTGGAGATAAACTTAAAGCCATCGTGAGAGCTCATATGGCTAGCATTGACACTCTTATCAGAGTCCGGAAGATGGGGAGACAGGAACCTGTTTTGATCTTTGACATCCACCGTAAGACTTTGCGTTGGGAGTAAAATAGTTTGCTACTAAGGTATCCTGGTGCGTTTGTTCAGCTTGATCTTTGTAAAGCATCCCTACCCAATACGAACTTTCCACAAAGCTATCGAGCTAGATTCCCCCCCGTACTTTATTGTGATGGGCAGGCATAATATCACACGAGAGCTAAGGATTTACCGTAGGAACACTCAAGTAACTGCAGAAGTACCCGCCAGAAATTATGAGGTGCTGATTGTCTCAGTATCTTAACTGCCAAGAACGGCACCCTAAGGTTATGAATTAGAATCACTGGCTTAT,874,47.25,Mus musculus
SEQ_909846,CTTCGCAATGAAATCCTTTCGGAGAACTCCCGCGCACCCTTCAACATGCCTGAGGAAAGCTTGCAGCTTCGTATCTGCCCTAGAGCCCAGCCCAGGGGGTATCTCTGTTGTGCTCCGGCATGTGGAGGGGAAAATCTCCCTATCTGCCGTGTCATCAAGGCTCTAGTCTTCGACGGACATAATCTCGTTCGGTTCCTTCCTACAAACTAATGGGCAGACCCGCGTTGTCGTAAGTGAAGTTTGCGGTCATTAGAAAGCCACGACATTATCAATAGGTCGGTTAGGAGCTTTACCGCCACGACCATATACCGTCCCGTTTACGTCCCTCGGAGTAGGCGGGAACAATCTGCGAGAGTACATTCCGTATCTTTATACAATCAACCGGACACCCTACGTGGGTTTTTGGCGCCAATCTATATGTACTGTCAGTCGTGCTCGGCCGTTCTTGAGGAATCCAAGTGTGGCTTGACGACTCTATAAGTATAGGGTTAAACGACGTTGAACTCTCAGGAACTGGGACAATTGGCCAATCCGGAGCGGCACCGCGCGTACCCGAGGGAGGGACACGCATGAGACCGTCGCCTCCACGTCCTGGGCGGGGATGTCTACACACAGATAATAATAGCTCACCAATATTGGTCCGCGTCCATTGTTCCTACCAGCTCACTTCAATACCTACATGGACACAACAGGGCCTACAATGAATTTCAAGCTGGCAAGCCGTTAAAGAGTCTATCCAAGTGGACCGGCAGTCGGACCATGTATCCTTCCATCCGTTCCGGATTTATCATGGAAGGTGAAGGTGGACTAGGTGGTATACACTATCTCCTGAGAGAGGGGTTTTCATTACTATTTAAAATGATGTAGACCAGAGGTGCTGCATCCAGTGACGTTCGCAGCCGTCCCGGCGTAGGTTATCTTCTAGTTATGAATTGAGATTCGAGTTATTCTCCAAAGGCAGGTCTGGATGGCGCAGAGAACCTCCCCGTGCGTCGAAGACCCGTTTATATTCAAGCCAAAGGATCACTATAGTAAGTGAATTACTGCTTATAAGTAATAAGCCCTATAGTGCTCTCTTTAGGCCTGTCGGCCCACGCGAGGTTGAATCGTAGCCAACCTGCACGGAATTAGCCTAAGGCAGCCCGAGGAGGGACTTAGACTACATTAAACAGAAAGAGTATGACCAGGAGCGCAACCTAAGGAGGTCGTCATGTGATGCGAGTTGTGACCTGTGATGCTTCCGGGAATGGTCGTGGGCGAGGGTCGCGCACGTCAACATAACCCTCAGGCTTTCCAAAGATACCTTCATATCAGGAACGTGCCCTCAACATTAATTGAGACGAAGTGTACGCATCGCTTCAACAAAGCTGGAGGTTCTCGGACTAGGCTTATAGGCAAATATTCATCCGGTGAAGGATATTGCTCCCCGATGTGACTCACAATACGTTCCCGCGCTGAGGGATCTTGGAGCCAAAGTGTTTTAGTCGGCAAGCTTCAGAGCAGAGGCTAAGGTAACCCGTGATAGGGACCTG,1532,50.59,Arabidopsis thaliana
SEQ_106027,GTATGGTACGGGAACACCGAACTGCGCGGAGCGAGAGGTACATAATAAGGTACGGCGTGGTTCATCGGTTGATATCCCGCGAAAGTGCTAAGGGGGTGTAAAGATCCGAACATATGTATAACGGTGCTGCCCCTTCCCCCATACGCTGGTGAGTGTCGAATTTCCTCTATTCAAATGAAAAATTAAGAGTGCAATCAATCTCGCTATGCTCGCAAAGTCATACCTGGTTGCCCACGTCCGCGAACCATACATTCGATACCTATTAGAGATGGAGCGGGTTTGCTGGTGAAAGGGAGAAATGGCCGACCGCTTAGAATTCCAGGCCCTGAAGTTATATGTCTCTGCTACGATCGACTTATTCTTCCCTAATAGTCACCCGGCTAGCGTGTACGCGTCAAAGCCGTCGGTTATGGGAGGCCCTATCCGTACGCTCGTAGGTTTATGGCATAGCATGCGAGCCTTAGACCAATCCTACGTATCCCGGGGCCCACACCGAGCTTGGCCCTCACCCTAAACCTGAAAGGAACTGGTTATCTGCGCCAACGTTTGTGCGACTTTGGTTTCAGGGAAGCCTTATGTGGCTAAGATGAATTGATTGATGGTACAGAGTGGTCTGGCTTCTCATTGCTCCGGATTCACTTCAAGGGCTTCAAGTGTGGTGGAGTGGCCGGGTTCCTTTTGAATAACGGCAATATCCCTCTTCTGGGTACATCGCTCCAATATCCGTGGGA,731,50.62,Drosophila melanogaster
SEQ_833207,AAACAACGAGACCATGAGGTTCTGAACTGACGACAGACCCATCGTGCAGACCGGGAGGTTTCGACAACGAGGTGGGGTCCCGCTTATCGCTCCCCTCTGAAAGAGCGAAGGTGTAAGTACTAGGACCGAGAGCTCACCAGGCAATTTGAAGGCTATGCCAAACTGAACGCGCCTTTCAGACGGCACGCGAACGGCACACCGACCCCTCAATAGTTTCTGACCGGACGTTCTAACACGGCTCTACAATGGGCACAGGGAGCGTTAGACTCCCTGGTCGCCCGCCGTGCTCAAACTGTCCCACGGTGTTTGTTTGGGCTGTCCACCTCCTCAGACGATCGATCACGCGATACCACCCTGCCACATGTAATGCTCGGCTCCAAGGCGAGTATGGGGGAGCACTCAAACCGTGACGCTTGGGGACTTACCGCAGCGCAACGGTTTTACTCAGAGCTCCAGCGCGAGATCGGAGCTCGTGGGATCGCGTCCTGTGCTTGCAGGCGTGGCGATAGCTACTGGTAATAACAGGGTAAAGTCGAGTATTGATAAGCCGGAAGGCAGAAACGGTTACTTACATCCTAGTGGATAAACCGTTGAAGACCGTTGTCGCACGTACCCGAGGGTCTCAGTCGATTCCCATGGGGCCGATCACTGACGTTGTCTACAATAGTTGCACCGAGGTAGCGTTGGCATTTTATCGCTGTCCGGTCAGCAATCATGCGGAATGGACATCCTCACGCCGCCGGGACCGTACGCTAGAGTTGGGTGAAGTTGGATCGAGTGTTATCATTTTGTACGCCCTCTCCAAGGTTCACAGACAATGTACTAGGCGAGCAAGATTTTATCTCTGTTTAGTTATTACTCGGAGAGACATTCTTCCCTACGTAGTTCATACCTTTCGTCTAATATGACCACGGAACCCGGTACTCGGCAATGGCCCATCGCGATGTGCTTCAGCGCCGCCGCGTATAGCACTGGCCACCGTTACTGTGTTTGCTATGTCGTCTACGCCTTCTACGGTGAATTCCCTACTCTGAATGTCAATGGAAGATAGCTGGAAAAGTGGACTATGTGGGTCAGCTTTTATCAGTTTAGACATTGGCGCGTCGATACAGACGGTTAATGCATATTTGCCCTGGTACCGGATTAGTATCAGAGCGCCCGCGACCCTAGCAGCAGAGTCAATCTAC,1187,53.24,Caenorhabditis elegans
SEQ_189796,CAATACAGGATTTCGCTATGATAGGCTCATTTGCTGCCGCAGTGTTTCATTCCGCGTCTGGAGACACTTGCACCTCAGTTGTCTAACTAGTCCGACGATCATCGGGCACTCGCTGAACGCAGAGGGGTCCGTAATGAATATCTAAACACTCATATTATAAGGCAAGACGACATGAAAAGGTAGCGTAGTCATTCAAGTACGTGGCCTGACCGCGCAAACACAGCAGCCTACTTGATGTCTTACGCGTAGGCCTGGCGAGTATGCCGCAGTGTTAAACCATAAAGGCTACTCTTAACGTGAGTCGGTAGAGGATGCTGGCCCGAAGTCCAGCTATACCCTATTCTCCCCACTCCTATGACAATCTCCCGCATCATACCGCTTGCTCAACCACCTTTTGTTCTCACCTGTCCACCTTATCTTTCCGGAATGCACACTTCACACGATACTCAGTTGAAGGAGTCCAGAGAGTACTTATCAATATGGGCACAATTATGACTGCATCCCATGATTAAATGTAGTTTTCGATCTCTTCACCCTGTGTATGAATCGTCTTATATTCGAGGTCTAGGGTATTTTATGCACCCGGACGGGGCGCCCCCCCAGCACTGCGAGTACGGCCTCTCAAATGATACTCACAGGGGAGCAGCTTCCAACCTTGGAAATATGACTTTATCCACTCAGCTGAGTCCGGTTCGACGGTCTAAACGGATAGCACTGCAACTACCACTGAGCTCTAGAGCGCTAACGCTATAGGCCCACCTAACTCTGAGGGAATAATATTTCAATCCGCATCCGTTCGCCACGAGATCATTCCAGCGAAGCGAAGTTGATGGGTACCGATGATGTCCGCTTGATACCGTATAGACCGACTCGACTGTTAAGATTAGACATATAACTTTATAACTAGAACATCGTTATACCTGTTTCCTCGCCCACAGTTAACAAAGCCTCTAGGTCACACATGCCCGAAAGTCTACCCCCAGGAATACGTAAAGGGAAATTAAAGGCGCATTGGAAGATGTTGCTATCTAACGGTTTTGATGCATGATACGCCTTGTTGTTGACTAACTTGGTCAACCACTGACGGCCCCAGAAACGGAGGTTCAGGTTCAGGAGGTGAAAAACCTAATTTAAGGTAGAAGTTGCGCTATGGTATGGATTCGTGCCTTGTACTCGTCAGATTCATCAGACTGATACTATTCAAAGCCAGTCGTTTGCTAGGTGACTAAAAATTGGAAGGAGTATGCTCCATAGGGGTATGAAGAAGTTGATGCGTGTGAGGGCGGGTGTTAGAACTTTCTCTGCCCAGTGGCTGCGCTGACTGGAGCTCTGACGCGGTTTTATGATAATGTGTATAGGAAGGGTCTAATGTTGCTATTCTAAAGAGTTGTTTGAAGACATCTTAATACTGGCTTCCCATTGCTCGGTTCCCTCGTATTTCCAA,1444,47.16,Escherichia coli
SEQ_578303,CAACTTCCAACTACGCCCGGACAACTCCGGCATTATGGCTTTCACAACCCAAAAGAATTGCAATTAGTGTCCATCGAGTCGACCCCCCGACGCAGAGAAGCGTGATCGGGTCACCTGGGCCTGATGGGGCGGTTGCAACAGAATAGAATCAGTCTGACACCCCAG,165,54.55,Caenorhabditis elegans
SEQ_962232,GCAGCTTGGGATTAGCTTTACCTTCCGCGGGCCCATGTTGCCTTTTTCGAACGGCAAGATGGAACGGCACTTCGACAGGCATTTCCTACGCTATTGCGCTCAGGGAGTTCTGTGGCGGAGGGCAGTTGGATTAGCACCCTTTGAC,145,55.17,Caenorhabditis elegans
SEQ_620941,GGGTCTGCGTATAGGATTAGGAAGCGCAAAAGTGGGTGACCTTGCATTTATTAGATGAAGACTTCTCGTACTGATTTTATCTTAAGTCCCATCGCTGTCTGCTTGTTCGGCTATTGCTTGTGGGACTCATTCTCTAGGGTGCATAAACGCTGTTGGGTGTGGAAGAGTTCGAGGCGGCCATGGTGCTTGGGTCATAACCAGAGGATAGTACCAGAGTGCTATTACTCCGGAGCACGCAAAGTGCACCCCTGCAACGATGAACGGCCACTAGTTTGCAAAATGACCTCTTAGTTGGAATGCCGTAGAACTGGCTAGAATATTTATCTGAACCGGTGTATTGCGACGCGCTGCCCCCCGTCGGTGAAATCGTTTCTTACAAGGTCCAATCCGGCGTCTCATCTTGCAGCCAAAGCCGTCACCAGTTCTTTCTCGGACGCGCCCCGAGCACACTCATCCACCCGTGTATCTCTGCGGGCATCAGATCTACCAGGTAGGACGTGTGGGTCTGTCTCGGTAACTGGCCCCCGTTAGGCTGCCTGCGTGGACTGCTGAAAGGCATGGCAACTGACAATAAGAATGTACCGTCTCTTGAATCTTGCCCAAAGCCCAAAGCAATAGGGGATCATCGGCCGTCAGGCAATTAGTTATACAGTCCTCAAAATCTTTGGCCTGGCCCGGCCAAGCTTCGTCCGGCTTCTCTGTCTTACTGCCGTATTAAGTCGCACCGTGCTACTTTTCGTATGCGATATAAGTCCTGAATCGTGGTTGCACCTTGGCTCACGTGCTAAGGTGCGTAGCAGTGGACGTCGGTATCGGAATCTTCAAGTATTAAACATTAACTCCTACTGGTAGGAATGCAGGACAATAATACATTCCGCTCGATTCCTGATCCATGGCCTCTCGATGGCGAGACGTAGTAGTGGTCTCCTGTCTGACACAGTTGAATTAAGGGGATTAATCTCGGAGCTTTACAACATGGTACGG,984,50.61,Caenorhabditis elegans
SEQ_973914,TCTATTCGTCGGTGGGTCCACCGTGTAGTAAACCTAAGCCTTCTCTCTGATGATGGGTTCGGTCAAGCTAAGATGGCAGGGAGGGGGTGACCTTCCCTTGTGTCATCACCAAAGGCGGGGTATCCGTGGATCTGTGGGGTTCACGGCATTCGATTGTCGTGAGTTCTTATCATTCCGCTCTCAAGACCGCCCATAGTTTCGGCTTGTCACTCTCCGAAGTACGCTATCTATGCTGCAAAGTTATCCCACCTCGGAGAGTGCGCACTCACATGATCACTTTGTAGTTAGTTTTGGGTACGAGTGATCGGGGGTGCTTAGTACAGGCACTGCTAACCTCACTAGATTTTTTAATATCAGATAGTTGACAGTAAAGAAGCCGGTGCTTTAGTGACAGACGTTCTGCCGGTCCGTAATAACTCATGTTTTGGGGATCTAGCAAAACCATTCACAGACCTTTTTGCTCATCACCCCAACGGTATTGTCCAGCGCGCCGGGCATCAACGCGGCCAAGTCGCCCACTCGTAATCGCGATATACATGACACGGATGGCTGATGTATAGGGTGATCGTACACTGCGGACTGTCCGCATACGGCTGCTTACATATGCGCAGACACCATTCGCGTAGGTGGTAAATACCTGCATTTCAAATTTTGACGTACCTCGTCACCTCCTATACTCTCTATAGTTTGAAACTTCGGCCCCAGTACTCATACTGATTGGACGAAGAACTAGGGTTTTGATTTAGTTAACCAGAAGGACTCCAGTTCTAGAAACCAGAAAAGGTCCCCGGCTCGTTGGGCGCCTCTGTCGTTTCCGTAGCCCAATGAGGGGAAAGCACCACTGTGCAGATCGGGTTCCAAGGCACCGACCACACCCCCACTCTAGGGTACGTGTTCGGTAGACCGCTTCCACTCAATATCCGAAAATGATACTTCGGTGTGACACACTAGTTATATCGATCTTCGGGACGCCACTTTCCCCCTGTTAGAATTTGCATCCGCTGGCTGAGGGCACGGATGTAGACTAG,1028,50.39,Saccharomyces cerevisiae
SEQ_352322,ATCTAGATATTGCGCTCCCTAAGCTCACATTAGTTGGTTGCGCGACCCATCGTCTACCGCCGGTCAAGTCACCGGGCAGATAACGACACACTACCCTACCATTTGCGGGCGGTCTTACGTGCTCCAACAAAGGTGCTCGCATTTCAACCGGGCCACTACATGGAGGTCTTCTCCATGTAAAAATGGGGAGGAGAAAAGCAATTTAATCCAACGCCACCAACGCATACTGGTATGTGTTGCAGGTGTGTTTTACTGCATCGGCGTCATTTTTCTCATTCCAATAAAGCGTAGACAGTACTAATCCGAGGGTGCTTTAACAATAGGGCGATGATGCGCTTGCCACTATAGAATGGCTTTTCGTATTGACGTCACCGGTCGTTTCAGTTCCGCTAAACTCTAAGCCATTCCATCACAGTGGACAATCGTGCATGGTAAATAGTGCTCTACATG,450,48.22,Arabidopsis thaliana
SEQ_515840,GTGGGCCGGTCACGAGTCGAACGTTGGATAACGATAAAGGGTTTACAACAGGGACCCAGCGTGCTTGGGGAGCAGTTGTCGTGCCATGTTTCTCCGCTTGGCCTCTGAGCCAACCTAATTAGCTTGCATAGACGCTCGATAACAATAGGCAGAAATTACATAGTCGCCCTTGTCTCAGTCTCATAAGTACAGTTGCAGCCAATCCGTGATCCATCGCCTCCGTGCAGGAGTACTAATCGTTGTGTCATCGGAAGGGCGCCCTCGTGGTCAGTAGTGGCCGGAGATGCATTCTAAGGTATGATCAGTACTCGTCACCTAGAACTCAATTAACAGAGCACTAGTGTCCAATGCGTATCAAGGCTGAAGTCGTGTCAAGTGCTACTCAGTAGTCCTACGCTAAATAGCATGCCGATTATTCTGTCAAATGTCGGTACGCAAAGGCAAGGACAAAACCCTATCGCCCCCATCAAGGGAGTAGGACAGATTACAGCTGCCTAGAGGCAGCCGCACCCCACATAAGCGTTTGCTATTCTTGATATTCTTGTAACTACCGTTGTCCGTTCCAGTCATGCGCGGCTCTGCCTTACGCTTGGATCGAGGAAGCCCACGGCCTTACGAGTTGTTCAGTCCAAAGAGCATTGCGTTAGGGTATCTGACTTTTTCCGATTATGGCTTAGGGTCTAAGATCAAGAGCGGTAATATTTAGAAGGGGAGGTTGGACAGGACTCTAGTGGGAGAAGACCGCCCGCCATGAAGCGGGGCCCCTCAATACCAAATTGCACCAAAAATAGTGCATAATGTTTCTCCACGGTTCCCGATTAGTATGGTGCAGGCAGCATCGTAGACAAGCTAAAATGCGTTGCATAAAAGTTGAGTATTTACCTCCTTTTTCCCCGTGGCCTAACAACCTTGTGCAGTGTTCCTTAGCCAGATACTTAACTCTCGTCTATGGGTCCTATCTGTTAAAATGCAGCATCTGGGGAGACGATGATGTCGGCCTGCTAGGACGATTCCAGCCACCGACTTGTGTTGGTAGTTAGCGAATGCAGTAATAGTGTATATAATCGCGCGACTATTAGGCTAAAGGTACCACACGCGTCGCAAAGTGGGCTCCGATAACTTGAACCGCGAGCTTTCATGTAGCATGGAGGAAGTTTACGCAGGTACACACTTTCTATCGATGTGCGGGGCGGCCATTCAAACGACGCACCTTACGCGTCTACAACGTTCCTTTTTGAGAAGATAGGCCGAACCATGCTTCGACGAAACGGTACGAGTGTCGTATTTCCCCCGTCGGCTGCCCTAAGGTAATTGCAGTCGAACGCGCCACAGTAAAAAGGTCTCTGATGTGGTTGGATGGCTTCAGCTGTCAAGCCCCTGATGGCCTCTGATAAACGCTCATACCCCCAATGAACGTTGGCGAAAACGGATAGGCAAAATGAGCGTCTTCTTTACATGTATGGGGCTACGCGTGGGAGTGCTTTGGAGAGACGAGACAAACCGGGTTATAGGGGCTCTAGTCAGCCCAT,1529,50.03,Drosophila melanogaster
SEQ_645575,ATCTTTCCTACCGTCTAACTCCGACGACTCGTCTTGCTTCTGCGAGTAGACGCTCCCTAGCACGTTAGGGAGCCTATATATTTTAAGTCTTTATTGCAATGCATCTCGGTCCGTAGGGACGCCACCCGTTCATTTAAATCGCATGAGAATACGATAAGTCTCTGAGTCGTAAGTGTGGAGGCTACCCCGATATTTCCCGACCTCGCGTCCCTGTCACTGCAGTCATGGCTAGCCTGAGGTTTCCGATGGATTCTAGTGGTCCTCGAAGTTGTGGGCGAGTATCATAAACTCTCTGCCTTGACTAGCGTTATGGGCGAGCTTGTGGATCCTGGGATGGCGCGCAATATGCCGGGTGCATTGCATAGCGGGCGACACGCCCGATGAAATTTGGTCTCAACAACCCGTGGGATAGTCGACCCCGTGAAAGCGTAAATGTCTCTCGACGGATTTATGTGGTACCAGGTCACGAGCCAAGAAGTTCCGCCGGCCGTACTGGGCCGGCATCATTGAACTCCAAACCATAATCAGTCCAGATCAGTCCTTGTGCTCTCTTAAAACGTCACCGGCGCAGCTGATTTTGGGGCTTGCCAGGATGGCCACCTTCTGCGAATCAGAGGCGTTGACGGAGGATGCACCCTCATATAATTGGTCGCGGGGACTAACACTAACCAAACCAGTGGTTAGTCCGCTCAATCATTAAGACGGGAGATGATTTTACAAAGCCTCACATCAGCCGAACTTGTCATAGATGTCGATATGACTGAGCATATATAGTCCCTACGTTCAGGAAAGTGGGTCTGGCGGCCGTATCGTGCCCTAACCCTGTAGTGTGATGATAGATATATATCAGTTTCTCTGCCTTATTGACCTAGAAAATGTAACGGAATCCTTGCAGCGGTTAGAGCCCCACGACCGTGAAGCATAAATACGCAAAGATCAAACACAGAAACCCCACCCGAGTATCCTGGATATGTTCAAGTAAGCGCAATCGGGCATAAGCGCCAATCATAAGCGTGAACATATAGGTTTCTGACTTGATGGTTATGAAGAACTTGCTCTCTCATGCAGTAATCGAGATGCTACTGTCGATCCTTCGGTGGTGGATGGGTAACTATATATTTGATACATATGCATCTCTTATAAATTGTTGATTTCGGATGGCCGGTTACCGGGCACTTCGCGACTACTCATTGGGAGGACGAGCCTACAACCCCTCGGGGTGCTTCTAAACCAGGGTTACGATGTTCATTTTTGGGCTACACACGTATCTCGGGAGGTCCAACACGCCTTGCCAAGAACCTGAGTCTCTAAAATAAGTGATTTTCTGGTGGCGACCAGGGGGAGATGGTAATTGACATGATAATCTTCCGTGGATGCTAGCAAACAGGAATAACGAACCTTGAGTGTCGCTCTGTCTCCGGTGCACCGTAGAGGGGAAAATTCCCCATTGAGAACTTCTGACGGCATATGGAAAAATCTTCACATAAACAAACAGTATGTTTAGCTCGCACGCAGATCATACGCACCACAGCCCGTCTTACACGCAGCAAAGGCAATGATTAGGAACGGGGTACATATCAACAATGTC,1588,48.93,Arabidopsis thaliana
SEQ_745317,ATGTGCACGCTACTTACACGGGTATAAGCACGTGGAGACGAGACACTCCGCGGGTAACCGTTCAAAAGAGGGGTAGTTGATACACTGCTGACTTAGCTTTTAAGCATGGTGACATTACGTAGGTCATGGCAGTTACCGAATACCAACCGGCAATTCGATTCACAGAATCCGAGAGCAGGTTCTCGGTGCCGTCATCGTCGTTAGAAACGCACGTGGCTATAGGCTGATTTCGATACACGTGCATCGTGAACGGGACCGAATTCTCTCCAAGGGGGCCGTAGAGGCAAGGAGATTAATCGTTTCAGCTTTGAATGCCCGATATGTTTAGGACACGGAAGAGTATAGTTTGGTTCATATTATCCGGCGACGTCTGAGGTGAGTGAAATTGGCCGTGGTGATAAGAGATCAACCCTTCTGGGTTACTTGGTCGGAACTGTCGTCTGTCGGTATGCTGTCTCAAAGCTGATTGGACTACAAAGCTGGGATGGGAACACCCGTTCGATTGACTACGGTCTAGGTTTGATTCACGAAGAGGCCCAGGCCTGTTCGGTCTAGGCATTTTCTGTAGTTACCGCGGTCCACTCCGTCGCTCGCTTTAACGTGCGTTTATACACACTCTCTAGCCCCGTCGTCCGACGGATCGACTCAAGCCACATGGTTTAACAGTATGTGAACATCCGTACCAGTGATTACTATCCCCATGCCTCTCAGCTTGGTCCAATCGAACAAACGACTTTTGATCGTCCAGGCCCTGTCCGAGAATATGCCCCGAGCGTGGGTTGGAAAACAATAATCCTGTGAGACTCGAGCATGACGAGATCACCCAGTCTCAGCTACCTATGCTTATGTCCCGCACTCAATCTGTTCCTGCGGGATAGAGAGGAGGCAGGTACACCGGACTACCACCCCAGTTGAGGCCACAGAACCCAAAGCTTTGTTCCGCGTTTGGGCACTGGCCAAAAAGATTGGCACTAATGCAGTTTAAATAAGCACGCTACATGTCGTCAAAAGGATCTTTTAGCCTCACGCGCTTCGGGAGCTATCTTCGTATTTCTAACTGACTAAGGAAGCGAAGGCGGAGGGAGGATCGAAGCTAGCGAATAAGGTTAACGAACCGACGGTAGGCCCGTAGATTCGTGTATACCGCGTAGATCTCTACGCCTTGCACCAGATCGGTGCTCGAAACTCGGCTACAGAAGTTGGTAGAGCGCGTGTTGCTTCTTAGTAAGTGACACATTCATACGGGAGAAACATCCTGCACCTAGCGGTGACGAAGACTGATGCGATAACATTATACCTCTTGCACGCCTCTCCCGCTTAGTCCGGCTATTTCTTGTGACGTTATATCATGAATCTGGATCTGAACGACCGCTTCCTTTAATGGCCGCTCGAGCCAACCCTATGGAATAGGCGGATCAGACGCTAGTCAGGGGTGCATGCCGTTGCAGGGCACTTCCAAACCGGGAACGTATGGGGTTGCCTCTCACACGAATATACGGCTGCTGATCGCAGCCGCACTGCTGGCTCTTATGATTGTTAAGACTATTCAAACTGCGTACTCACGGCACAAGCTAATGTACT,1581,50.66,Mus musculus
SEQ_255955,CCGTCAAGCGTTGACTGTCGGTGAGCTTAAGTCAATCGACTAGGGACCCGTGCAGCCTGCTACTAGTGATTTTCCAGCCTCAGGAAGAAGCGCTAGGGTTGCCATATACCAAACAACTTTTGTAGAAGGAACTGGTCCGACCGGCAACAGAACGCGATAAAAAAATCAGATCCCAGATAGCGGATTCCTTATCCCTAAAAGACAAAACTCCACCGCACGATCCATCAAAGAGCTGCCGCATTCGGGCTACGGCGGCAGATGAAGGGGGGTCAACCGCTACGGCACCTTCAGTCGGTAGGGAACGCCCGTAAGTCCCGCGGCCTTAGTAATGTCGTTCGCGTGATAGGGCGTATCGATAATCCCATGATGGATCTCGATTCGCCGGTTGCACCTCGCATGCTAGCAAGTCCTTCGATTGTTTGCGCGTAGCTACGGGAGCTATTTGTAGGTACCCGATCTCACGGCCCCGCAGTAACCAGCAAAGCGGTATGCGAACATCTTTGCCTCTCAATATCCCAACTTATAACCTATATCCTTTGAGTGGACAGCACCGAAAATCCCTTCACTGAGGGTATGGACCTGCCATTTTTGTCATAAGGTAAGACACTAGAATTCGCATGGACCATTCTGGGGAGTACTTGATAACAATGTGAACGCCACGGTTCTGCAGCCCTGGTCATGGTATCGTTTTTGCTATGGCGGACCTCAGGGGCTCAATGCGTAGCCGTTCATCGCGATATGGCCCTACTCTCAGAAAATTAACATGCACAGCGAAACCCGAGTAGTCCGTGTTTTGACTCATCTTGTAAGCGAACTTAGTAACGGTTACGTTATTCTGGGCGTCCGCCGGTCTCGACCCGGTCCTCTGTCACAGTACAGTGCTACTCCAGGCACTTGAATCTCGGTCTCACGCTCTAGCACCCTATATACAGCTAAAAACGGGACACCACCATGTAAAGTTGCGTGGGCATAGGCTCCTCTCCCTGAGCAGTTGCTGGGCCAATTCACTAAAGAAATGGATCGGAGTCATTGTAGGCAGGCTTAAGACTAGGGCTTTCGGTCAAAACCATGGATGGCCACAGGATGGATTGCTGCACAGATAACGGTCCCTTCCAAACCCCGCGTCCGCCTATCGCGTCAACGATTTTAGGACGCTCACGGGCCGGGCTGAGATATAGTAATCCTCAAGGCTCCAGGGGCGATAGAGCCTAATCTGGATAGTAAAACAACTTTTCATCAGACGCTCCGAATGGTACGGATCTCCACTCCGCTAGCAGGTAGGAACGTGAGGTTATACGAAGTATTTATGGTTAGATCCTCTGGCTCCGACCGCAGTCACGCAGAGTGAGCTTAACGAAATCAGGAATCTTAACTGATCCTGGACTATCGATCGGGAAACGATTCTCCTAATCGACTTGCCTTCGGTACGCACGTGAGTTTGACCCGCTGGTTTTGTGCCCGTTCTATTGTTCCTGGACGACACCGAGAAGAACCGCAGGTAGATGCTCGGAGCGCATGTGTAATCGGGAAGCTTTAGTACCCAATAGGCTACCCCGAATCATGCTGCGATCCACTCGTGCTTCTGCCGCCTTCATCAGGGATGTACCGAGCCGCCAT,1617,51.64,Homo sapiens
SEQ_567940,CGACGCAGTTACACGACGTTTGGTACAACTTTGACTGTGGGGCGGCACTCTCGGACTGGGTGAATGGGAACTAACATTAGCACGTTATCGCAGCCCAACGCTGTACGAGTCGTCTGAAGCGGGCGGCACGCCAGCGGACGCGGAGATAACGTTCTGCACCTGCGCAAGGAGCGTGGCCCTGAAGGTTATGAACAAGCCCATGCTCCAAAACTTGTTCCGAATATGGAAGGTGATCTTTACTCCGCGGAGGCACTATTAATAGATAACTCGTGTATAAATGCTGAGTGAACCCCACTTGTCTACGCAACATACATCGACGGTTGTCTAACTTTAACTTCTAACAGGCAGAGAACTTCCGTGCGTTGGGTATAAACCTGGCACTTACCTAGTTAATCCAGCGCTAATTGCAGATATAGAGTCTTATTCGTTTGTCGCTTCATTTATCACAAAGCAAACCATGGTCTCAGCCAGTGACAGAGAATTCATGACGTGGCACTACCCCTCCAGGATATCCACCTTTCGGGCTACGTAATAACATCACATTACCTCTAAAATCCGGGCCTGGTCCTCTACCGCCGCACCAGCCTGGCAGTGCTTATTATCGGCGATCACGGTCTTGTATCGGGCCGGGTAAATTAGTGCGATAGATTGTTCTGCTCTGGCTACCGGAGAGCGGACCAGACATTAATACTCCGTAGAGGATAAAATTGAATGAAACCAGGTTTGCCTCAAGGAGATGTGGTTTCACGCTCGAAAAGCGCGCACGCTATTGAAGTTATATGTGTAATGCGAACTTTACACTAATTGTCTACTGACCAAAAACAAGCTGGTTTGTGCATAAGGGTCGCGCCGAAGTTCTGGCGGTCACCAATTTGAGTTCTCGGTGCGACTCATACCGATTAAGCGCGACTAAACTTCACTGGCTAGGTGTGCAGAGGGGTGCGGAACCATAGTAAGGCTCCCCCGTCGAACCGGAAGCCCTGTGGCACACGTTATTTAGGAAACGTAGCGTTGTCGTCTTCCCAACCCTTATATGGCCTCACTTATCACTGGTACACTTGCGTCGGTTGTCATTACTTATTCGTCACAAGGTGCAGCTAGGATCCAACCTGATCTTGATTCTGTTGCGCCACCCAAGGAACCTTACACGTTGCTTACACATAATAACGTGTATTCCCTTCAACCATCGGGGGACTTCCCACCGTATATCAACCGAGCTATCAAAGTGCAATACCTTTAAGCCCGTAAAAGGCAGGCCCTGCCTTTCGAAAGAGGGGTCCTGGTCATCCCTTAGTAAACTCTGAACACGGAAACGTATAGGCAGGGTGAGATTGCATCAGGACAGCTGATTCCACACCTTTGTTACAACGTGTGCAGTAGATGATTGGTACGCACTGGTGTATCGGGTCTTATAAATAACACCTGCTCGTTCCCGCTTGGTATACACAACGAGGCCTAGAATTTATCTTACCCCCAATGCAAGATTGTTCCTAACGTCATACAGAAACTGTTTCGGGACATCTGTCGAGACGGCTGATCATTATAGGCTTTGGAACCGTGCATTTCAATGATACGGTCTCCGCGGCGATACCCTACCATCGTAGATGCAACGCAGTTCATCAAGGAGTTTTGGCAACTCTATGAAAGGATCGACAGTGGAGATATCAGCTGGTCAAGGCATGGCCAGGCCAGACATGACGTCGGCGCCCACGCACCGCTTACAGTTGGCGCCTGGCTACCGGGAACTGAGTATCTTACTGGAGGGGCAACAAGAAGACGTGGCCGATTTTCAGTCGGAAGCATTTCGCTTACGTCTGGGTTGTCTCCGCCGTGAGCACCGGCGAGCGA,1848,49.89,Mus musculus
SEQ_210969,CAAACGTGCAACTACGAATGGCAGCTGTGTTTCCTATCATGCCGAGATTCGCGTCTTTTCTGCCCACATTATACCGTATGAGTCTATTAGAGACCCGCTAGCTGCCATTTCTAATTCCAGTCCGCCATTCTTCCGGCTCTTTTGCGGTTTCAGCAGGCTCCTGACTTTCCTAGGTGAACCTCGTGCCAGTTCTCAGTAAACCAGCACTTCGCCCACTTCACCGCAGGATCTACCGATCGAACTGAGCCCCTCTCATTCAACATACCGAAACTCACCACCGGTCCTCTTGACCCGCGGCATACCCAACATTGTGTCCAGACCTTAACCGTGCTCTACTACACTGTATCAAGTGTTAGTGTTGGACGAGTAGGGGGGATCTCTTGTCTTGTCGTCGATGGGGGGCGCGGTTTATACCAAAGAACGTTTGACAAAGCTTCTCCGGCACACCGTCGGGCAGCTAGGCTTAGTCATTCTGCAAAGGGTATAATTCTTGACATAAGACCCACTCCGTCATTCATAGCGAGTCACCCCAAGTTGATGATTCCGTATCTTGATGATACGGAAGCCGCTTCGGGCATACCCGTCAGTAGTTTTGTGTCTGTAAGGCGAGCCGTCTGGCGTAAGCGTTGTCGGCTGACTACCGCCGAGGCCCTCGTACATTTGTTGCATGGACTACCCTTGTTATGAGGAGAGCTTTCCTTGGCAACTGAATATATTCGACTACTGCGCCTCGGTTACGCGAGGACGCGTGTTTTTTACAGCACCAGGAAGTTTTATTTCGATGTGCTAAGAGGATTGGAGGTTGAGCGGGCATAACGATGGCAGCGTGTGCCGAGTACGGCGCGCTCGGGATCGAACATCAAACTTTAACCCGCCATAGTTTCTATCACCGTGTTTCGTAGTGCTAATCTCTTTAACCGGCGTGCGGCCCTCTCACAATACCTCCGTAGTATGTAAGGCCAGGATGAGATGAGGTGATCTCTTATACCAGGCGTGTCGTATTCTGACGGAGGAAGAGCCCAATGCATGGGGCCAAAAGCGAGACGATAGCATATGTGTATATCCCCGGTGTCCCTGTTTGACGCTCAGAGCTCTATCCCGGCAGGAACGCATATGGTTTCACATCCTGACTTGCGAGTGAGCTACATAAACCCGGGCTCTCATGCCTCTAGTACGCGACGCGATTCCCGCGGGGCTATCTGTGCAGCCCAACTCTAACTAACTGGGGAGCAGTATTTTCAACTCGATCCTGACCGCCGATGAGTTTAAGGTTTGGGAAGCTTACGGTGAGAGGTACAGAAAGAACGCGTACAGCGTTTAGACCGCGGTAAACAGCCGCGAGTGAGATCGAACTTGCGGATTGTATGGATGAAGCCTTCGCAAGACACACCGCCACCGGGTCCTCGGGCGGTTCGAGGGCTGGCCTGTATAGCACGTACGCTTCCCCTCGTTTGCATCAGATAGTCCGTTCCATAATTTTGCGAGCCGGGCATCTCCACATAAAAATGTGGTACAAAACGAGTCATGACTTGATGAACGGTTTTAAAGGCAGATACCATACAAGGACACTTCTTAGTCCATGTTCTCATCGCTAGAGATACTGTCCAGTCTGTTCCTAACAGTACTCAAATGGGCAAAGGGTAACCAAGTCCTGCAAGGATAAGAAAAAGCCGTCGCGATCGTTTGCAGCTAGCTTACATGACGCGAACCTTATCGAACGCCCCGATTAACGACGTACCCATGACGCATGTCAATATGATGTCACCCATTCGAATACTGACACGGTAGACCAAGGGTGAATTAGCTGTTTAGCGCCACCACTGGATACG,1829,51.07,Mus musculus
SEQ_943862,ATAAGAATGACCCGGAGTTCTGGCGCGTTTATACACTTTCTACCCTTCCCGGGTGGACTGGGCGGTACCGTGGCTGTCGAAAGTGGGCATAGGGTGCTGGTTGCAAGGAATAGGCTTCGCCTATCGTAAGATATATTATACCGGGGCTATATACAAACATCGAAAGATCCCTTCCTGAATTCCATCTAGCCCATACGCGCTCTACGATCATAGGCGTGATCACAAAATTCCTGGTTCGTCCGGGCAATGAATGATCTGCCATGTATCATAATCAGGGACTGCAGACAGTTTGTCAGAATCCAGTTGCGGAGTTAGGTGGGCATTGGACGGTTATGTGGGTGCTGCCTCGTTTCGGACGGATTTGTTCATTTTGTCGTAATGTCCGACTTGTTTCCGGAGGCTGGGTTTCGACAGCCTAACGAGTTCACCAAGAATCGGCTGCCGTACTCGGATCAACCTCATGTATGTAAAACTCCCACTCGCGAACCGGTATCCGGAAGTGTTACTCTGTCCGCGTTAGACCAGAGACTCCTCGATATCGTCCCCTTGGCTCGGGAAACTCACCTCAGCTAAAAGCGTGGGCTAAACAGTGTGCTCGGTTCTGCTTAGCCGACTGAGAGGGCTTGGAAAGTTGCCGAAACGGGTTTGTCGCTTGCCCCGTGTATAATTGCTGCCCGAGCAACCTCGTAAGTTTACGATCTACGTCTTGACACGTAACTAACAGTTCATTCTTCATAGGAACCGTTAGAGTCCAGGCGAATTGCTAGTTGGATATTCTTCTATTCCATGAACCAATTTGCCTATACCATCGTACAAATAAATATGTCATGAGACCCTCCGCGTCATAGTTCAGAGTCATTATTCTTAGACTAGTACCACATGTGCGTGGGCTTGGTAAATGACCGACTTGACGTCAAGATTCCAGAAAATGGTTCCGCTGATGACAGTCACCGGTAACTGTGCAATTAGCTTACTTGGGTTATCGATCGGAGCACGGCTATTGCCAGCGAGCCTCCGTAGGGAATCATAGAATTTTGACATGGCGAATTGAGCTCGCAAACTCTAGAAAGCGGACGCTAAGACCTCCTGCAAGGAGCCTACTAGATCAGATCATCAAGTAGTAAGAATTCTAAGATCCTGAGAGACGGCCACGTTTGACCTCGTTATGGTTCCTGTGGACCCGACAGTGACGTTCA,1196,48.83,Drosophila melanogaster
SEQ_662396,TTGGCGTGTAGACCTTCACGGCGCCACTTATACAAACGTTAAGGGTTCAACCCCGCCAT,59,52.54,Drosophila melanogaster
SEQ_690212,TGCACCAAAGAACTTCCTATTCTATGGTCACCTTCGAGGGACAACGGATGGTCTGACTATTTATTCGCGCGGTAGACTGGGGGGAGGCGTGTCTTAACAAATCGTATGAATAGCGGATAGTAAGAACGTTTGGCGTAGAACTAACTCCGACATGATAAGCAACCTTTCCGACCAGACTAGTTCCATCTTGTCGAATTTCACGCCTGAGTGCGGGCGATTGCGTGAAACGTCCTCACCAAAATTCCATCTGAGACCATTATGCAATACAATTCTATGGTATATGCGCGTATTAACCTTTCTACGATGGACGGGGCCCCCACAAGCGCTTCTTCCTTTTGAGCAATTCTTTTGGCTCGATAAGCGTACACC,369,47.15,Saccharomyces cerevisiae
SEQ_740080,CCACGACTCACCTGAAACCATCCCGCTTTTCGATTTATAAATCCGGCCACCCATAACCCAACTACCTTCGGATTCGATGGACGTAACGGGGGGCTCGCCGAGTCGGTTCCCCGCAATAGAGCGACCATCAGATGTATGCGTGTCCGGTATATAGGTGATCCCAATAGGGCTCACCGTTATCACCCTCCTCTCGTTACCCCTTATAGAACCTAGGTACTCAGTAAGGTGTCTCGCGAATGTTATAGTCCCGTCGTATAGGAGTGGCCTTAAAATGAAGTTTAGCTTGGCTGACGGGTGTGTGGAAGATGTATGAACCCTCAAATATGTCGTGCTTATGCGGATGCGCGTAGAAATTGTGTTTAGAACTCGCCGGTAAAAGGACTATAATAATGGGGACCGGCTAGACGACGACGTATGGTGCTTCCACCGCTACAATATCGCAGCCCCAACTATCTGTCTCTATACATCAGGCACGAAAAGATTGGCGCCACTACGGCCACTATGCCTAATACCATATGTGCCACTCGCATCTGGGACATTGACCGCCGTGGTGGAATTCGATGAGCTTGTACCGCTTTCATCCAGCCGTAGAGTTCCGCCCTCATGGTTTGAATCTACCCGATTCTGGCTTCGGCGCGCGAACAATCGCTTGTGCCCCGCGGCTTACCAGTTTTATGCGCTACGGGGGATTGTGCGTGGCGGCTAGCGTTGTGCAAAAAAAGCATGTTAATGCCAACGGAACTTTCCACCAGTCCTCCCCAACATAGCCACTCCAGCTGATTGTCTGACCCGGAAAGATCTGTATTACATGACTACATACTCATATAAGAAAGCCCATTCTCGACGAGGGATTCTGTGGGAATCCGAGAGCATGTTAGGGGCCCCACACGATGAGCGGACGATGAGCCTTGGCATACGCGTGTTAAATTTTGAGGCCGATCAATTTGCCCCTGTAGGCGTGTCGAGCGTTTGCCTCTGGCTCTAAACTGCGTGTATGGTGCTGAGGGTCTCCCGAGCGACTTAGGGGTGCATGCG,1035,51.88,Saccharomyces cerevisiae
SEQ_536005,TTTCACATGGCCTTCTTAATAAGGGGCAGTCCATTCGTTTACGGTGTTAAGTACCGGACGTCACAGATAATCTCAGCCATAAACATGGACACCTATGGGTAAATCGCGACAGCTATGAACTGTCGGTAGCCTCCATCGGCGAAAGCCCGTGACGCCTGTAGTTGACACCAGATGTAAGCACTGTCGAAGACCGCCACGTGGCGATCGCCGGCCAAACATGAAGTAAGAACCCTGCGGAACTATGCTAGCCAAATCTCCCTCACTTGGTACCGATCATCACGCCTCGCAGGCCCCCGGTACGTGATCTCGATATCTTCAGTCGATTTTCAATCGATCGACACTACGAAATTTAGTAATCTTAGCGAATATGAACTTTTCCGCGACGCATCGCGTCTACTCTTTTTGCGGACGCACGTCCCGTCCGGGCTCGTTCTGCTCTCTAAGGTTAGGAATTAAAATCATGCGCTTCCTGGTCTCCGTGCGCGGGCTG,490,51.43,Escherichia coli
SEQ_279288,TCATCTACACAAACCGTCCCAGCCTTCTGTCGGTATCTATATGATCGGTAAGGACCGTCTCGGGACATGAACAGAGTAGTCAGCAACCGCACAGAACCCTTCCCCATGGCATATACGAGCCCGCCCAGGAGACCAATTTGGCTAATAATAACTGTACGCGACCTTATGCAACGGTCCGGCCGCAGATGTCAACGATTGCGCCGCCGTGTGCTTTTGAGACTAGCGCTACGTTCGTGAGTACAGCCCACAGACTTGAAGCCTTAGTTGGAGATTCCTGTTATACACAAATATGCGGCAGAAACTCTTTTACTGCAAGGGAAGCCCGATCGCGGCCGAAGATATGTGAAATTAATCGATGGGCTGGGGTATGTATAGAGTTGATGGTTTCGGAATCATTAAGCTGTACAAAGGCAAGTGATATGGAGCGGACCGATAACGAGTGGTTTTTTGTCGTAGGCGTGACGGATGGCGCCTTAATCAGCCGCGCCTCTGTGTGCTTAGGCCCGGTTGGTCGGAAGCCGTCGCGGTGTTGCATTAATAAAACTGCATTAGTGCTCTGATTAACAAGGACATGCGCAGCCGCAGAAACAGCATCTTTATAGAATCTGTGACTCATGAGTTTACCATGATTTCAGACCTGAGCGGCCTACCGGTTCTATAGAGTGGCATGAAGATCTAGCGATATTACTACTTCGCAACTAGGTGATGTGCTACAAACTGTAACTTGTTTGCCGCTTGGGGGCTACACCCTTAACTTTTCGGCAGACTTTAGGAGCGCTCGCTGTGTCCTTGATCTGTTACCGATATAATGTACTTACATACGATTATAACGGGTATCACTGAGAGTCTTGTTTAAAGGGACATGACAGTACCGTGTTAGCATAATTATTATTAGCCCACAGTTCGCCGAGATATCCTGACAAGATATGACAATGATAAGGAGTTTTCGCCGTGCCGTTAGTAGGAGTGTAATCGACCTACCTGTACCTAATCAAGCGGATGTTCGGGAAGAATACCGTGGCGGCCTTTCGAAGCTCATCTAGAAGGCTCTATTTGTTCCTGCTTTACCGAGCCAGCTACCCCGGCGACTAGCCGGGGGGCACATGCATACCGTAGGGGCTAAATAGTAGGAAGTATGGTACTGATCCTTTAAGTACGCTAACACTATAGGCATACTCTACCCCAGAACACTCGTCACTCTCCGGTGGTCTGCCTAGAATGCTGATATATCCACCGCGATGAAGCGGTCGCAGACAGGTCATCTTTGGATATAAGGCTGTTCTAAACCCGGTTCCCAAGGGTCGGCTCCGGTAATACATTTGAAGGGACTGACTACGCAGGGAGGGGCTAGAGTACAACTTGGCGAAGCTAGAGCCCCTGGTAAATGGACCCTCAATCCAATTAAGTGGTTGCGCCGAGAACATTCCAGGATCATCACGTAGCATAACGACACATGTCAGGCCTGTTGGAGGCAGCTCGCTGCGAGTGTA,1490,49.26,Arabidopsis thaliana
SEQ_717860,CAGACTTAAAAGGAACCAGGAAAGTCGCCGGAATTTGAATAAATTCGCTTTGTAGACTGTGGAGATTGTAAACCCATGTGTGGTCAGAACGACGATAACGGCATGAATAGTCCAAGGGAAAGGCGGTAATCCTGAAATCCACCAGGTCCGATCGATATCATGCAGATCTTCCAGCTCGCCTCACATACGGTACGGCCTGCGAATTGATTGCCCGTATATGAGCTAGTAAAGCCTGCAAGATAAAAACCTTTATCGTCTTTGCCATGCGGGCGGACTACCAGCTGAGAACAGACCACTAGCACGAAAGCCTTCCACGCGCAGATACTTTAGCGCCCTTGCCCGATTCGGTACAGCCATGCCCCGAGGGTTGCTCTGAGTAAACGGGCCCCGTTATAGACGGGAAGAGATACGTGGCGCTCGCTATTCGCCCACCTAATCTAGGTAAGGTCCACGCCAGTTCGCAACAACGGTCACCGATCTGCAGTGCTGTGCCTCATTCGTGTCTCACTGAGAATGCCGCCGCAGTAATACATTAACCACACTGTCACATCGCCGAAGGTATGACGCATTCCTTGCGATAGAGTGTAGAATACGTTGGGTGAGTGGTTACTGAGTAGGGTAACGGGAGTGCCGCAAGCGTTTGTGAACAGAGTGCGCGGTACACGGTATCCAGTTTGGTTCGGGGAAATTTAATCATTAGCCCGGGCGCCAAATGTCGGCAAATTGTCTATCGGCAGTCTAAAAGTTCCTACCTTAATTTGGTTACAGTTTACAGCTTGATGTAGGAGTCAAGGCGAACCCGAGAAACCCCAAAAATAGGATGGCGTAAAAGCCTCCTAAGAAGTCACGCGCTCAACCAGCCCACTGGCCTCGATACACTTGCATTTTGCGGATCTTTCGTCAGACGCTTGGGTGCCGAATGGCTGGGGAGCTGAGCGACTGGCACAACTTCGATAGTAGTTGATTATAGACGGATCGAAAGGTCAAGTGATGAGGCTCCCGGACAATTCAAGTGACGGATGAGTCTCTTTTGTCACTGGATTCATCAAGTAGTTCCCTTCAATAACATCTCTGCCGAGTACTCGCTTTCACAGCCGATCGTCCGTTTCGAGGTTAGTTGTCTGAGTTATGGCATGTACGAAATCGCTGGCTATCCAATATTAGACTGAATCGGGCGGTTTTGTGTTGTTCATCTGGCGCAAACTAGACGACTCTAGAGCGCAGCGGTAACGCCAACCTCCGTGTTCTATGATCTGGCCGGAGGACCGTCGTTGCTAGGAATAATGTACGTCCCTTTTTCGCCGCTCGGCACCAGATGACAAAGGGGAGGCTACCTGTGCATTAAGCTGTACTAAAATGCCCTACTGACGTGTTAGACTGGTTGCCCTCCCGGCGATCGCAGTATGGCTGCTTCGCTGTAACCGGAGCTCACTCTCTGACCTAGGACACTCCTCAGCACCTCCCCGCACAGCGCCTTAAGGTGAGATAGTCCCATTCCTCAGCACCAAATTGGGCAGGCGGCGCAAGAACTCGCTTTACCGGGAGACACCCCCATCTAAATCCTTAACGTTGTATCTGGACGGCACTCCCTCTTAAGCTGGTGGAGGGAACGACACTGATCACTCATAAACAGCGCAGTCCTGACCATCGATCCATAGGTCCCTCCCGCCAACTTGCTCGCACGGGTGCTGTCCCAACAAACGACCGAGTTACT,1714,51.58,Arabidopsis thaliana
SEQ_282238,CCGCACCAACGTTCCGCAGATAGCCATATTGACAATGGACGATACTGTCGACGTAAGCACCTATCGCCGGATCTACCAATAGAACACTGAGCTTATACGGTTGCGTTATAGACAGTAGAAGACACTGGTGTCCAGACATAACTGGTTCACAGCGTTCTATTAGTCTCTGACGGCACATCGAGCTAAATTACGAGAGAAGGCGATTATACATGTACGACACGGATCCTTAGCACGCAAAGGCAAAGTTGTAGTCCCTCTCCGCTTGCCTACAATGTACATGCTTAGCATTCCTGAGCTTTTTGCGTAAATTACCACACCATGGAAACTAGGCCCTAGTCGTTCGTCTCTATTCGCTCACAGAGACATAGAATCAATCGGTTGGTCGCCCTATCCGTGTCGGAACATTAAGATATGAGCATTACCTGAATGAACCGACGAATCAAGAAAGGATGGTAAGCTAGTAACGTTGGACCCTCAAGATTCCAATGTTTGCATGACCTGAAGCAGTCTCGAACTCCTCGGCAAGTACAGTCGCAAAGTCATTCCCGTTGTATGCTTCACCGCAACACTATTCGCATATAGCACCAACTCTAGCTTGCGTTCAAACTAGCACACGTATTACTAATTTCCACGGCTGGTGACACAAGACGCGCTGCCTCATCTCCGTGTTTTGGTAGAACAACTTAGTATTGTGCCATGCCGTCGTAAAGCCAATAATGCACTATACTCGTATTCCGGCACCAGCAGGTTTTCCGTAGGGCTTGAACCAAGGGACGAGCACGAAACTAAAGTAATAGTACATACACTGGTTTGTGGGCCTGCCCGTGCCAGGAAATAGACTACTCTGTCACTTTATTAGTCAGGTGTAGCCTACACTTGCCAGTCCTGATCTCAACCCCATCAACCAGTGAAACGTATGTGCTAAATGTCCAACATAGGCCCCCTGCACGCAAAGGAATTTCACAGTCCGCTCGAACATCATAAACGCGGTAGGCTAGCTGCCGTCCAACATTACGCCTCAGTATGCAACTAAGGCCGGTGACATCAGCGAAACATCGCGAGCTTCAATTAAGTGTCAAGTTCTCTGCTGGTTTTATGGGCCGTTTAGCTGAGGAAAGTACTAACCCACGTCAGGACGGATTGCTGAAATGGCCGGACATATCTAACCTGCTGGTCAACTTACCTTCTGTGAAGCGTAGTTGCAGCGCGGGCTGTTGACTCGGGCATAGAGAGTGTAGTATTCTTTTATTACATAAATGTTGCTATCGCTAAATTCATAGAGAGGTAGAACCAGAAACCCCCACACCGTGGCTCACTCTCGGTCCCAGCGGTCTAGTCATAACCCCCCAGTCGTTCACCGAAGAACCTTACTTAGTCCTTCGTCGTTGGAAACCCAGCAGATGGTATGGAGCGAGTTATCAATGGACCAGTGCTGGCCATCTCTGAGATGTGCCACAATTTCAAGGTCGGGGACAGTAGATTCAATCACTTTCAGACGGAAACGGCTTTTACCCCTACTGCACGCCACGGCTTACCGGGAATTGATTCCGTAATGGGACACTCAGGGGATCGGT,1574,48.28,Homo sapiens
SEQ_669774,ATAGTATCAAGCTTGCTTGCCTAGGAGCACCAAACGGAGGACTCGTACAGGGACTGTATCCACTATCGACAAACCCAGCAAAATGATTTCTGCAAAAATCACTCCGATTAGACTTTAGCTGCGTGTGCCCGAACGATCATATGAGCTTAATGCGCGATACACATATTGGTTGTTTCGAAGGCAATACGGTTTTAAGTTTTCTACCGAAGCGCGAACGGCTACGTTGCCGCTATCTCTGTATGTCGGCATCATAGTGAGGACACAAAATGGGGTACCGTCTTTCGAAATTCATCCGACCTCAATCTACATAGGAACACGAGGACAGTCCCACCTCGATTATCTGTAGCGGCAATGAGTGGTTACTACGGGACGCAACTTTCAAGGCCGCTTGAGTATGAAGGAACCGCACCTCCACATCTATGAGCTGCAGGGCGCAAATCTAAATTTAACCATGTTACTAGTTGGCACTCCGTAGCTTCTAGCTTTTGAAACCTTCCACCAAGAAGCGCAAAGATTTGCTTGACTGGAGTCGATAAGCGACTCGCCGTGTTGTGTAAAAGCATTCGACCTTTCTCGTAGCTATCGTAGCGGTGCTATAGTCCGCGAGAATGACCTTCCGGGGAGGAGTTCCTCCGTGCCCCACAACCCTCTTACAACTGCCCCAAAATCGACAAACCAACGCGCGAGGAAAGGGAGCTCGTCCCTACTGAGTTCAATAATACCCAACGAGGGCTTTTCGTAAGAAGTATTTTCGAAGTCTTATACGCTCCGGATTCGTCTTAAGGCCTATGCTAATGTATCTTCTAATTCTTCCGCCGTCCCTGGACACGGCTACACTATAAATAGAGGTACGCCCGGCAGAGATCTTTGTGTAGAATAATCATTTGGAGTGCACCGGCGCGCGCGAGTAGGGTGTATCATGTGGCCTTAGAGGTCACAGGCTCCGAGCGGAGCGACCGTCCAGAGTGCATGCCGCTGAAGCGCTCCGGCGGGAGTCGCCGTGAAAAGTCGTGCGTATGCAGGGGATACTACTAAACAGTAGCACCCTGCATTAAAACCGGGCTTCCGAGTTGCTCGCGTTACGGTGTAAACTATTTCAGGATCGCTAATCATTGAAGACATCGCTTACCATGCCTAGCTCCAAGTTGCCGGATGATCAGTAGCAAAAGGATCGGGCGGTTGTGGCGATGGCATGGCAAAAGGATCTATTCATTGCGGCTGATTGTCCCCGCCTCGTGAATAGTTCTGTGGTTTTTC,1257,49.8,Homo sapiens
SEQ_569487,GGTGAACATAGCGGTATCCAGGAGACACCGCGGCATTTCACTGACGAATATCCTACACGGTACCCTCTACCCGTTGACGATTCCCCCAAGCGAAGCAGTCCGTGATACGATGTGTAAGATCGGAGGTTTCCGGGGCTGTAAGGTGCGTAAAAAAGGAGGACTCACAGCCATTAGCACATGCCTGTCTAAATGTGAATACACCCATTCTGGTGCGCGACCGGGTCATTGCTTAAATTTGCAAAATTTTAGGCCGACGCGCTCCGAATCGACGGGTATTGCCTCCATCGGTCAATGTCGCTTACTGGCGTAATGAGCATCCTTTGTTTATCTGCGCTTCGAGATTATGAACATCAGCTCTCTGTTACGCCGTCCCAAATCCGTATATGATTGAGGTCGCCGTTCGGTAGAATAGTAATTACAGTTATCGTCGGACGGCAAATGAAACGCGGTTAACCGCACTAAGCTCTTGAGACCCGATGCGTGTGACTCGAGGGACTCTGGCGGGCCCTAACCAGAAATTGAGTTTTTAGTTTTTAGCTTTCTTGAAGCCCACCACGGAGGAGTCCGGCTATGTCTGCGATCGAAATATACCCGCTCGGTTGAGTACGGCATCTTAAACAACCCGTCTGGAGACTAACGGGCAAGGACTGTACCGTGGAGAGGACATGGGGCCCCCGCGCCAAAAGAGTAGCGTCAACCTGCATTTCTCATTCCCGCGCCAACGCGGCGCGACGGCAAACTCCTATTTTCAAGGCGACACGCCACTAGTCCGCCCTAGCAACAAGGCTGCCATGCCAAGTCTGAGCTTCATCCATCTAGATGGTTCTATATTAGGTCTTGCTAGTCCAGTCCCTTGAACATATCAGGTCGGATAGGGTCTGAGGCTGAGACGTGCGGCTATATTAAGTCCCTATAGGTGCGAAGTCACTTCCTGGCACTTTCACAGACCTCGTTTTCGGTAATTCCCAAGCCTAATCATCGCGCATGTGTCTTAGGGGAAGGGAGTCAATCCGATCCGGCAGAGCAGACAATCCAATTCCGAAGATAGAAGGGGCGCAGAACGAGTCTAGAATAATGCGTAAGTGACAGTCTTCGTGTTGTTCACGGACGCGTGGGATAGCCGTTAGTCGTTGGATGCGCGGTGACCGCTTACTCTCGTGAAAAGAGAGACCTATAGAGTGGTAACATGAGTTTCATGATACGGCCGTAAGAATTTCTTCCCTTCACTTAGGCGGATGAACTATCGAGCAC,1251,51.08,Caenorhabditis elegans
SEQ_231762,TTCCTGGTGGCCGGGAGTTGGTAGGAAGCTATCGTGGCAACACCAACTTTCCAAATCCCGGAAAATTGCTCTTTTGAACGCCCTACGCACACTAATATGGCCAATACTCGTGAGTCGAAGATATAAAACACGTGCTCTGTTTTGGAAAGATTGTATCGCTTTGCCGCACCAACGGTATGCGTCGAAAGGCTGGGACGATAAAGACACTGCCAACATCTCATACGGGGGTGGGTTCTTTTCAATTACCGTGTCAAAGCATCGCAGTTCTCCCGAACAGAGTTGTAATTCACCATGCGTCGTGAGATTGGAGCACGTGCCAGACTGTAGAGACGAGGATTGTCTCCCTTCTGAAGTTCATACCTATGGCTGGTTTATGTACGGGCTAATGAAACAGATTCGCTGCGCGCTTGTGGGTGAAAAGGCTTTTGGTCGAAACTCCGCCCCCCTCAGGCAAACGATATGCTTTAGGCACACCTTAGGTCCTATTGTCATGAGTCCCATGTTACTATCTGTCGTTGTTAAGCGTTAGAATCTATTCCGCAAACCGACAGGACCATGAAGGTTGCGGCTGCACCCCTCTGTGAACATGGTTGGCGCACTGTATCAGCGAGCAGCCTGAAGGCCGGTTTCGTGGGTAGAAGTAAAGATCCTGACGCTCTCAAAATATGTGCGGTAACGCATGTGATCAACCTACGGTGTTCTAGGATACGGGTAACCACTCCTACGTACCATCAGTGCTGTTTCCCTCGCACGGCCATAATACATTCACATTGGGACCGCTGCCACAGCGTGGATTACCAGAACTTCCAAAGAAGTCTTCAGAGAGTCTAGTAAGTATCAGCGCTTACTTTGCTTAGTGGGCAACCGATTAGTCTTTGTGACTTTTGGGGCTCTTTCACTATGGCCGCGGCAGCAACATGCTTACTAAATCGATATTGTTGTCACGCTAACACTTACAACACCGCCCACAGCTGTAAACATCGCCTTTCCTTCTCATACTCGGCTAAGGTCAGCGAATGTACATCGGCTTCCATAAACACTACAGACCGCCTACGCGGTCATAGATCGCCTACAAGTGCCTCTGTATCCTAAATCAAGTCCATAACCGTGCAGATGGTATCCTGGAGTTAGTCTCAGTGACACCACAGGGCATCCGGCACATTAACCATGTTCTACCGTTGCTGACGGCCGGTCAATGTGACCCCCGCTTAACTCCGCTAGTCAGTATTCGACTACGACAATGAGTGGGGAGTTAAGTCACATTTAGCGAGATGATGATGCCCGTAAAGTACAGGAAGTCACGGACACCATCGCTCCCGGAGCTAGTCAAAAGAAGTAGATGATGAGGTCCTATAAGTATAGTCGGGAGTAGACAACGTTTATCGAGTATGGGTACTCGATTTGACATTAATAGACGGAAC,1421,48.84,Drosophila melanogaster
SEQ_391706,TTTTCCATAAAAAAAGACAATCTTCGCATTTTAGTCCTGATTTTAGATTATTTCGATGAGCGCGCCTCTGGGCATCCGGATGCGTCGTGTGCTGACATTTACTCAATACTCAGGCGGAGCGACCGTAGCTCCTACTTTACTAATCCATTGAACACGGGGTGGAAAGTCGCTAGGTTTAGGATTCAGGGCGTTCATATTTAGTCAATCCTAAGCGACCAGGTAAGAAGCCGGAGGGGCTAGGGGTCTAGCGGTTACGTGGGCACCGGATGTCTAAGCACGAAGCTTAAACCTTACTCTTGTAATTCTCTGATTGAAGGCGGCCCCGTAATAAGTACTTTCGCTAGGAGCCACGTGCTTTGAGGTATCGAGTCACCAATGGCAACATGCGTAGCCTTCCAACGGTCAGCTGTCCGAGTTGACGGTTGATATACAATCTACTGAGCGCTTACCACAGGGGTGAGCT,463,48.81,Homo sapiens
SEQ_600205,TGACCTATTGTTACGGTAATCTGTGTTGACCGCACTATAGCTCGGCGTCAAAATACCAACGGGTAACTACCGGTACGTCAATGGGATTGGAATATGGCCCCCTGGTGAGGGTTCTCACAGTCCCAAAGAGGACTCCCTCGTGAGCCATGATTGTGAATGGCTTGGGCCTAGGTGGTGCTGCAAATGTGTAATGGGAGTTACGGGATCGTTTCTGCGCCTGCGGAGGGAGCTGTCCTAATGTTATGTGCTAATAGAGGTATTGAAACTCTAGGGTGGCTTGTAGCATTTCAGGTTTCTCCAGCCCTTCGGGCATCAGATGGGCGTACGCAGCAGGATAGATAACATGCAAGTGTATATCAACATACGGCCGAGGAGCAACATAAACTCACACGCTGTAGCTCAGCGGAAGCGAAACCACCGGCAGGTTGACGGTCGACATTTCTCATTGAGGCCAGCAACGGCCCAGGTTTTAAAGACTTTTTAGGGTTTCGGCTCGAACACAGGATCAACGAGGCCGAAACCAGAACGAAGTAGACTTTTTGTTCATGATATTCTGAGTTCACGGAATGAACTAGAAAGAAAAATCCATGGTCTTATTCTCAAACCGAAGCGGCAGGAACGAGGTTTTGTTCTAGGTTATGATATTAAAATCCGTACATTCTGAGCGGAACGTCTTTAAGGAGACTCGGTCCGAGTGCCCACATTTGTTAGGCAACGTGCGACTTGCAAAGCCGAGTCCCTCGTAGTAGCAAGGACCCGCGTTAGAATTCTCAGCAGAGGTTTATGCCCGAGAAGATTCTTAACATAACTGGCAGAATCTCAAGTGTCAGATCTTAAAACTGATTCAGTGCCCGATAGTCTCCGTGTTGTATGTCGCAATCATGTCGATAATAATCGGAAGTTATGCGTCACGGAAGAAAATGACCCCGCGAAAACTGCGGGAGGCTTCTGTTACCCCTCCGCTGCCAAATCCTCCTCCTCCAGGCGCTTGAGGGGCTGGAAAATTGTAAAGCGGACGGCGGTACGCCGTAAGCACTGATTGTTTTCTGATCACTAAGTAACAGCGGGGGTTCACAATTAAGACCCTTTAACTTCGGAAATAGGTTGGCCATCCGTAGGGCATTTCCTGCGGTCCTACAAGCAGGGAGGTCGAACCGTTACTGTCTAGGGGGAGACTTGGAGCGGAACGACACATGAACATACTAAGATAATCCACCTGTCGGACAAAATCTGCACAGGCAGTCGCAATACTCTGGTTCCCCCCAGCCGGGAAGGTTTGTCGTTGGGCTATCTAGCTCTGGTCGGGCCTAGTGGAGCACGCCGAACCGACAGTGACGCTGGTCACGCTGCTAGTATCCGTCCGGTGGATCACAGACGGGTCTCCCGGACAGGATACCCCGCACATAATCGCTGACGGTACGATTCCCCGTGTTTAAAATTCTACTCGGATACAATTTGACAGACCGTGAATACCAACAGGCAATTAACTTTTCATGCTCACTATTTCTATTAGTCCTTGGCGCTTCCACGTTAGCTTTCTCAGCTTCCTGAATTAAAACAACAAGAAACACGTCTATTACCGTCCGATGTCGCGGATGTGATTTAATCTAGGGTGGCACACCGGCAGTCACAAAGAGGAATGTTGAGCCCCAAGCCTCCACTATTTCTCCGGTCATCGAGGAACAGCATGAGCTTGAACTAATTAAGCAGCAACACCATAAAGCATAGTATCCCTTAAAGTTTCATCGGTCCTTCGT,1757,49.23,Escherichia coli
SEQ_925764,GGCGTTTTCGCCCACACCAAGCGAAGCCATCGGGGTGTCTGCGGCTAATGTCGTAAAATCGATACGGAAAGTTCCGGTAAATTAATTCGTGTGGGACCAGTATGCCCGCCCGTACACGAGGGTTGGCTACTGTCGTCTCCATCTAATTACATGGAGATGGCAACCTACTAGATGCTGGCGGGCATCTAGGGGGAAAAGAAACCCAATCTTAGGTACTCATATAGCTCCCGGATACCGGAGCAGTACATTAGTCTGTGATCCCTTACGGCCACGGCGCCGACGGAGCTACTAACTACGCAAAGTGGCCGCGAAGCGATTACTCCTCGGACCGCCGAGGGGAGTTCGGCCCATGGCGCAACCCGCAGCGGGTAAGATATTCAAACCGGATTGTGTTAATCCGGAGATAGCGGAACTGGCATCTGATCCGCTGGCATCCACAAAGTGGAGATCCACTTATTTATGCCCTGACGAGCCACTTTCCATTATACCGCTTTCGTTTGCAATCCAACTTCAGGATAAACCGTCTGGACTCCCACTCTCGTTCTTCGTCCGAGCTATCCGCGTCAAACGTGCGGCGGTGTCTCGGAGCCCAGTCAATACTCCAAACTGTCTCTTGCACAACGGGTTCAGTCCTGGTGAAACAGGTACTATCTAACGAGAAAC,663,53.09,Escherichia coli
SEQ_178731,GGAGGCCAAAATAATGCGGTTCTGAGATGTATCAGGGTGAGAATCTTCTGCCGATCATGATCCGAGGTTGAGTCACGAAGACAGCCTGTAGGAAATTACCCCGTGTAAAATTTAAAAGCTTTCGCCGACCATACGCCAAATCCCGCGTCACTTTTCACGTCAATATGCCTTATTTACGTTCAAGTAAGACTGTGGGGCTTTGGTCACGACAGACGGATTAATGTAGTATCAAGGCATGGGTACAGCTCGCATGGCACTCAGTGATATCCACGCAGAGAACAGGGAAATCTTCTGTGTAGACTATCACAGGGTGGTACCGTGAAAGCAGGACCTCCGTCTGCGACGATAGTATGCACGTACGTCACGGGACTAAGTGGGCAGATATACAAGGGGCTGCAGGCACCGCTCATGTTACAGCTGATGTAAAACACCATTTATAGAGGCAGGCCCCACCGGCATAATGGGTTGTAGATTTATGTCGAGTCATATGGCGAAGTAGTGCCGAAACTTCGCGACCCGCGCGGTAGTGGCGATTCTCCAGGTCAACACGAAGACCGCTGCAGCTGAGCTCGCCATGCTGACGATGCCATGCTGAGGTCCTAGCTAACGCGAGTGACATTCTGGAGTGCGCAACAGACACTTGTCTCAGTGCGGTCTCTCCTTGCTCACGGCATAGTCGATTACGATGGTACGGCTTCAACGGACGCTGGACAGGGTCCACTAGGTGCTCAGGCACCATAAGCTCAACACTTATACGACGAGACGCCAATTTTATAAACTATTAATTCAATTTCCCGCCTGATGGACCTGATTTAGGCGGACACCGTAGTTTGGTCAGCAAGTTGAATGTCCGCTGGATGCGGACCTGCCAGTTGGTCTAATGCCTTCGAAAACCAAGCTACACTTAGGTACGTCCCTCAGAGTGGTTGTCTGGCCGCTAGCAAAATCGGAAT,953,50.68,Escherichia coli
SEQ_178860,ATTGCCTGGCCGCGTTAAATCGCACTACAGTATAAAGGCCAATCCCTAATTTTATTGCCGATAAAAAGGTGGAGAAACGCAGGTGAGCACTCGACATCACCGAGGTAAGGTAACTTCCGGAGGCGCCCACGGCGGCGCAGCGTCACTGCGGCTGCGGACCGATGGTTACTAATATTCCGGTACCGACTCATAACTTGAGAGGAGCAGTCCGCCTCTAGCTATTACATAAGCGTCCGAACACATAGGCCGTTAGAGGTTTGGAGGTCGTTGGTACGTAGTTCTTTACCAAAGACTATAACGGTAAGCCGGTCTAACCCGCCACGTCTCTTGAATACTCTGCCATTCATCAGCCCAGTCTGAAAGCGACTACTCGACAATCGACTGGGTCGCACACGTGCGGGGTAAGAGATATAGACATATGCGTCCTCTAAGCAGTTGCTTCATTATGAAAAGTTCGTCGGGATACCATGCCCACTTGAATAGTCACTTATATTCATTGAAGCAACATTTGCGAGGTAAACCTTAATGTGCGATCATATAAATATGTGAGAGCAAGAGCAGATCGCACTCGGCCTAAGGGGAGTGACTCCCGGGACATACACTTGAGAGGGACGCGTGAGTATTGTAGCAATGTGGCTACATGCACGTCCACACAACAGCGGGTATGACGGTCCGTGGGAGCCCTGCTAGGGTTAGGGTGCGTCCCCGTAGGATCACATTTGCTCGATGTAAGTTACGATCGTGCTCCGATGAGGACGAGGGTCCGTAGTGCGCGCTGGCAGGATATGATTCTGGATACAAGTAACCGGATGCTTCTCGAGTTGCTGTGACAGTGTTGAAAGGGACTAGTTTCGGGAATGACTCCCGTCTTCGGTCTAGTTACGCCATCGCAAAATAGCTGTCGGCATGGTAGTAGCATGTCCGTTTTAGCTAGGGGTTCCTAGTGCCATCGCAGCACTTAATGCTACTAGATCGCTTTTCATTGTACTGATCGGGTTGGGATGTCACCGTGCGTATAGTAGGTTCCCATTAAGCGGAGAACATCGTATGCTGATTTCTTCGCGGGGCTATGTATCTTGATAGAGTAGTTGTGTTAAATCGTGAACCCGGGGCTCTCCGCAATCGCCTGAAAAGCTTTTCGCCAGAATCAGGATGTAGGGGTCAGCTTGACACTAGCCGCACGCGAATCGCGTAGCGCCATAACCTCCGTTTCGT,1215,50.62,Arabidopsis thaliana
SEQ_203548,AACGCTCAGTCAGGGAGCTCGTGAAATCCAGATCTGGTTCCATGGATCTGGCGGATACCTGGAAACTGTGGTAAAGCGCGGCTTATTAGGATTCCAGATATTAAGCTATCCCTCGGGGGGCCGTTTTGGCATTGAGTCAAATTTGAGTAGCCATGGTAATTTGATATGGGCAATGAGCGTATTCACGTATTCTCGAATAGTAGTCGTTAGAAGCGATGCGTATTAGGAGCTGGTAGGGGGAGTCCGATCAGTCTCGAGCTACGCGCTATA,270,48.52,Homo sapiens
SEQ_694221,TCGAGTAGTGACTGGATGATTCCGAGTAGAGATCGCACAATGCGTGTGCCAGCAACCCTGCAGAATTTACCTTTCCTTGACCAAACGGGTGTGTAGGGAATGCTGCTTGACGTCGTTATGAATTCTCTACATGGTCAGGTGGGGCACTATCCCTTGAAGTGAAGGCTAAGGGGAAGTAGCGAACTGGGGTTGG,193,50.78,Homo sapiens
SEQ_154840,GGAAGATAGGCTTTTTTCAAGCAAACCGGTCGTAGACTTCGCATGGATGTAGCTGGCGTAGCAGTCTAGGGTCTTCGTCTCGCACACCCCACCCTTGTCGTTCAATGTCCATGAGAGCGGAGGTGGTTGCTGGCATAGCCTCAGCATCATTGATCGTCGCGTCGTCGCTGCCCACCGGTCTCGATAAGAATAGGATAAGAGGGTAGAAAAAGTTGCTCCGTGATGGGGTTGACCTTTATGTCATCATAAAACGAGGCCGCTACGGTGGGTGCTACGACCACGAGATAAATGTTACATCTACTCGTATCGCAGCGGCGCTTTGCCTGACCTAATGGGGAAGCTCTGTAAAGGCCGCTCACCTATCAAAGTGGCCAGACTTCGGAGAGTAAGCATTGAATACTTAGGGCCCTTTCCTGCCCCCTAAGCGGCTTACTAACGAGATCCACTTGAACCGGTTCTTACTAAAACGAATGTCCGTTATTTGAGGCCTTCGGGCACCTGTACATGAGGATGGGTCATGCACTTTGGTTTACTGTGCGGACCGAGCCAAATAAGGATTTTGATGTGACTTGATGGGGTGCCCCGATCCGGACATTTGGGAGCAACAGTGGCGACACTAAGCTTCTCCCCAGTCGACGTATGCTGCTCTCTCTTTATAGTTTACATCCTGCCATAGTCGGCTACTTGGGAAGTGTGGTAAGTAATCTTCATGATCCTCTCGGTCCCTATCCGCGTAAGGTAGTCAGCCAAAGGGTACTACATGGTTCTCTTAGATCGCCCTAATGTATGACCACTAGTCACGGGGATTTCGATGAGCCAGGGAAAACCTAAGTCGTTAGCCTGACATGCACTTTAATAGGATTAATTGTTCTCTGATTCTCAGTCCGAATCACCGCTGGGTCTCATTAACGTCTACAGCCCCCGAGCCTAAGTGTCCAATCAGCACAAATCATGTGGCGGATCGCACACAGTACTGCAACGGCTGCGGGGCGGCGATGATGCGCATAACGGACTGTCCTTACGATTTCTAATGTAGATTACGTTTGT,1047,50.33,Escherichia coli
SEQ_951575,CCAAGTATGTGCCCGACCACTCTCTCACCGCCAGAGGGCATTTTGTCAGACCTAGCTGGCCGCAGCCACGCTGAGACATATGATTGTTGAATTTAGGAACCACGGGGCGTCGCAGGACACGCGTCTGAGGAATGACTCGTTGAGTGTGTTCGGCAGAACCCCTATCCGAAAGATATACGTGTCTCAAAAAAACTGACTCACGAATGGGCACAAAGAGATCCAGCCGCGTAGGGACCCTAGCGCTAACTGTAGCATGCGTGGGCCCTTGGCAACAATGGCACCTCATATCCTCTCAGTCGCCTCCTACACACTAATGAGCCCTTGCCATATCGCTCGGACTATCAACGTTGTACATTGACACAATTCCCCACTTGGGGGTGAACCCACCAAACGCTGACCCCAAAAACGTTTCGAATCAGTCCTTTTTGGGTACCGCAAACATTCGATGGGAACTCATTCGGTGCAAGTCAATAGGA,476,52.1,Drosophila melanogaster
SEQ_982832,GTGCTGCCTTACCTACAATATATGAGGGCGGGTCGGTGCCCTCGCTCAGACCACTGGAGCGATTCGTCTGCCAATGGGTCACGAAGTAGGCTCATTACGACGCGTGGCCAGACATCGCGTATGGTGCCATTATATGTGGCGGGGCCTCTGTCAAACTTGTCTGTCGGGTAAGTGACCTAGGCCGTCGGAATCAATTGCAGCAAAGGACATGTACTAAATCATCTCCCCCGCCGTCCTCTTACGGACCACGCGAGATGACCTTAAAAGTACATGTTTTTACGACCTGCCTACCGCTAATGGTCGTTTCAAGCGTGGGGCCAGATCGCGAAAAACACTTGGGAAGTCGTCCCTCCCTTTATAGTGATTGAAAGGCTCTGAGCAAATTGAC,388,52.58,Arabidopsis thaliana
SEQ_999961,CGCCAAGTATGAACTGTACAAAGGAAATTTGCCCACATCCATCTCGTGTTTTGCTTTAGGAACCATTCTTAGGAAAGATGTAGAACGAAGTCTGCACATGGTAATATGCTGGCGAGCGATGTACCTTTGCTAGTCTGGACATAAGGGCGCTAAGCCCTACCCAGGAGTTTGCCGCAGCGTCCTCGCCTTTTATTTTTCAACGGCCCTAGGTTGAAATGCTCGGCATAACTTCTACGAGACCAATGGGTTTGGAAGTCTTGGTCGAGTGAGGGGCCCAGACGATCTGGATAAGTTTTTATAAACCAGCAACTGTACGGCGTGCCCCGTCGCACTATCTAAATTCAGTTTAAGCGCATCCCTGTATAAGGCTGTAACTCTTACTCCTGGTTCGGGGCCGTGCTTCTTGATTAGCTAGCCACGAGTAGGAAATAACGACATCTCCATGGCGTCCCTCTCCTCCCCCTAACTAATAAATGGCAGCAGCCATCTTATGAGATGCATACACTCAGCCGCATTTAGCAGTATCTTCATGGCTCACCGAGCGCCATTAGTCGCCTAATATCGAGTTTCATTCAGGTGAGGCGATAGTCTGATGACGCGTAGGAATCCCAGAGCGCTGCCGGTGTTGTGTTCCCCAGCAGCTCACGCCTTCCTAACTATGAGCAGCAGTGTTCACCTATGGCGGAAGACAAAGAGCACGTTATATCAACTTACGTAGGTTACGACTGAAACTTGTGATTTTATGCTCCGAGCGTATCGTAAAGCGCTAATTACCATAGCGCCCTGCATACCAGCATTCTCGCGAGTTCCAAATACGACTGGATTGACACATCAGCATTTTCCAGGGCGCAAACGATGTGTTCAATTCAGATCACAATTTTATAGGGTCTGGGATACGGGGGAATCAGTATACTCGGCTAGTCTTAAGCTCACCCTATTTTTGTCACATGATCAGCGCGGTGGCTCCTCGTCGGCGGAGAGCTCATGTGCCGCGTTACCTTAACCAGTCCTGTGTGTACCAGGCATAACTGTATT,1035,48.79,Escherichia coli
SEQ_590296,GGGTCTGCTTGAGTCTGCTAGTCCGATACATCTGGGATTTCATAGTTGAATAATTCGGGGATATCAATACAGTTCCTTGCAAATGGCCACCGCGGCTCGACAAGGCTTCCTATATTAGGAGCCACCTGGAGTGGTGATCATCTACTGGTTAACGTTAAATCGAGCTTGCAGCGAAGCTCACACACCGAGCCAGCCTTTCTATTCTAAAGCTCCTTACGAAACGTCTCGTCTGCAATTAATCGCCACTATACCTGAATGATTGGTCAATGGGTGTGCGCTAGAATTTCTTCCAAGACCCTTAAAGCTAACCCCGCGCACAGGCTTCAGGCTAGCCGACATAAGATGTCTCATATGCAAATATCAAGCCCGTCATGCTGATGCGCTATTTTATCTGCGCGACTAGGGGTTGTCCCTCGTGATAGGATACTTCCACCATCGGAATTCAGTACATGGCTCTACGGGTCACATTCGGCGGAACGAGAAGAAGCGAGAAGTCTGCTTATTGTGTTCTCCGACCTAGATCGCAGTGGTCGCATCCTCCGTTGAGTCGGGGTATACACTCCATCGTCCCAGTAGGTATATCTGGTATCATATCACCTGGGCGGCCTATCTAGGTCCTTCTTACCTGTAGGAGGGTGCACCTCGGAGCCGCGTATTGCCGTTGTTCTCGCGGTTGTGGTCCGTGAGCAGTTTTAATTAGGTAGTGGAGCTATATATGCAAGGCTATAGCATGACTTCTATCATACGAAGACATTGGGCGACGGTGACCCATGGTCGCTCCCCCGTTTCGCTATATCTGCTAGGCCCGCGAACTCACCTATTCCCACAACTTTCGACCAGGCTTAACTTTCGGTTGACAGCTCACACCTGTAGGTACCCCTCTGACTACGTTTATGTGCAGCACCGCAACGTATTTGGTGCCTTCACCGTTCTATGGTTATGACTTAGCAGACGCAGCGGGAACTGAGACGGTTGAGACCGAGGGTCTATTTCAGTCCTGGTTAAAAGATCAACCTTGCAGCACGCTAAGTCGGTGGAATTATTTAAAGGTCAAAAATATAAAGTAACAACATCTCTCTGACCCCGTGCTAACGCACCGTCCCGTTGCAATACGGACCAGATTCATCCACTATAGTGTTACC,1142,49.39,Drosophila melanogaster
SEQ_654434,CATGCAACTGAACACGTTTATAGTCACGAGACTATAGAGCCTTACGGAAAGACCGCACACTACTAAGACCGTGCGTTGACATCGTAGACCGTAGATCGCGTCAGTTCTGGATTCACTGGAGCACATGAGATTATTGTAAGATACTAACGAACGCCACAAGATGCGTTGTTAGTTGAGAGTCGGATCATCCTACCTGCTAGCGACAGCGATTCTGAATTAAATCTGTTGGTGTGCGTAGCTGGATGAAGCACTATCAACGCCTATACGAGACTGGCTGAGGCCCAATTGGACAAAACCGGCTATCGAGTGACCCATGACGAACGCGCTCGCTCCTGGTGCTTCGCTCGCTACTCAACGATCACTGGGATCTAACACATTACCTTTTCTAAAAGCACA,396,48.23,Homo sapiens
SEQ_109684,TTGCCGCTTAACACTAAGACACGGTGGTCGTAACACACTCGCCAAAGTAATTATAAAGTCTTAGGGAGGATAGCTCCGGCAAGTGCTCCGTTGGGCTTGTGAGCTTTTGTAAACCGTCTCGGCCCCGAGTAAATACGCCGTTGGTCGAATTTTGGACTATCTATCAAATAGCACGGGGGTGAGATCTACGTCCGCTGGATTTTACGGTTGCTACTGTTATGGTCTCGATTTCTCACCTTCGGTTCTGTCAGAATTAGGCCAGTATGCTGCCTGAGGAAGTGTTATATGCTTTCTTTACCACGATCTTTTAGAGGAAGAAGGCGT,324,47.22,Homo sapiens
SEQ_669034,ACGTATCGCCCACTTGATACCTACACGTCCGAATCTCTGATGTCGTACGATATAGTTTATAACAAATGGGGATCAACATAACAAATCAATGCGCAAGAGGTGAGTGTGGGACGGCAAAGCGGCGCCTAGCGTTTCACTAGTGCTAGGTATCATCCATTCCCTGCACCTTATCTCTAGAAAGGGCTTAACACACTTCAAGGCATACACTGGCTGGGTAATCGGGGTTCAGAGACGTAAAGCTTTTACATAGGTAGATACCCGTGAACACAGTAATTCCATAGGCGCGGGCAGTATCCTGTCTCATTGGGTGTTATCGCATATCCCCAAAATATCCCGCGCTCTAGTGGGTGTGCGTGAGTGGCCTAGCGGTATCACCTTCTGGGCTGGCGCACAGCGAGGTGTGTGCGTCGTAAGAAAGATCGGAGTACGACCAAGAACCAGACGTTAAGAACCAAGCGTTATGGCTCGTATCGTAGGCACAGTCATAGTCTGAACTGGGGCAAAAACACACTCCGGATCACCCGTGGCTGAGTCTACCTGAACCGTTTTCAATATAGTCCATTCGTGATCACATGGATTATGCGGGATTGGGGAAGTGGTTGTGAGCCGGTAAACACGGTGAATGAAAGTATAACTACTCGGAACTTCTCCCTATTGTCCGATACGCGACAGAGAACCTATCCGATTATCCTGGCGAGGGTGTAAAAGAAGAGCGATATGCGCTCTCGGATCACTGGGTTCGTTCATCGGATAGAGCCCTTGATGGACTAGGAGCTTTTCATTAACCAAGGCCCTGCTCTCGACTCAACTACGCTGACTAATGCTCACCCTATGAGCGTTAGCTACGAATCGACCCGCCCCATCCAGCGATATGGTGGGACTCGGAGACCGAAGTGATACCCGCAACACTATCCAGCCATATACCTTAAATGATTGCTACATTA,944,49.47,Escherichia coli
SEQ_970047,CGGAGTCTTGTACATCTTCTGGGACCCGTTTTCCGTGACCCACATAAGTGCGTCTCTGCCTCACTGGCCCCCGACCTCGAACCCGGCTTGCACATTGAAGCTTTCATCCGTGTCATTTCTTCGAAATTGTCAGAGGAGTGAGTCCACTAAGGCGTCCCGGGCCAAGGAGCTAAACCCCGTGCCATGCTTGCCCAAGCCGGACCATAAATGTGATACTTAGCACGGCCAGTTCGGGCAACATCGAAATCCCTATAATCTAATTTGCCTGGGCCTTCACGCTCCGTGTACATTGCGTTCGCTTGGGGTTAACGAGCGATTGATTGATGCCATTGGATCACGTGTGAGTGCAAATTTAGTTTCTCACGTGTAAAACTCCCAATAAGACCCCGTTTCTCCCCCGAGGAACCCAGGATACCAAATGGACGTAAGTCAAGGAACTGTCTGGGCCTAACTTGACTCGCGCTTGTTTCTGCGTCCGTTGCAGTCATCATAATGAACAATATGACACATACTCAGCATGTTCCTCCGGATGTAGGGAGACTGGCGGCGCCAAGCTAGTCACATAATTGATTCTTATTCGATGGCGTAGGCAAGCGTCGTCGCTGTAACCCATGATGTGGAAGTGAGTGCGGTCAAGTTTTACCTACACCATCCATTCCGTCGTGTCCATCAGCATGTTCCTTTCCGCCTTTCTGCGCCGAAAAAGGATTGTGAGTTCTTAGACGAGTCTCCTGCAAATCAAACAAACACCAGACGTTGCGAGAGAGCCAAAGAGCCATACTATTAGCAAACCAAAACTATGAGACCCCCCCCCAGTAGGAGTGCGTGAGGAATCCGAGTACTTCGCCGATTCATTGATAGGCGGAAGCGTGGGCGTTATTCATCGAATCTAGATGAAAGACGCATTCCCCAGTCTTGGCACAGCTCGCAAGAGCCATAACGCCACCATACGGTTGCGCAGATGCCATGGTCAAGGGGCTACAAAAAGTTTCACCCAACAGTTAGGGTGTTATTACAGCACTTTTAGATAGCTCAATCCGGTGAGGAAGACCACGACTGTAAGAGAAGCGCTCCACACTGGCTGATTAGTAAACTTGTGACGTATATTTCGTGGTATGGGGACGCCTACTACCTGTACCAGGACTATGCAGCGCGTATGTACTAAGCCCAATACCGGAGGGAACGGAGTGGTGAGGGTAGCGTAGTATCTATCCTTGGCACAGGATGGCTACGCCGATCTTGGTGTCTGGAGTAAATACTGTCTCTAAGCGCCATTTGGCCATTCGGATCTATTGTACTTGCCATTCGCCAGGACCTAATCAGGCCTTACCTGTGGTTGAAACTGACTGTAAACTCGCGGCCAACGTCCCTGTCCAACAAAAACTCAACCGCAACTCCCAACAATCACTATGAGGGAGAAACTGGGCTAGGGCGGCACGTGATGTGTAGGGACTCCAAACACCAGTGTTGGAATTTTGAACCGGCTATGTATTCAGGGACGCAAGCACGTTAGAAATAAGTTGACGAAGTATTCGAGGACTAATATCGTCGCCCGCTAGACCTGCACGAAGGGTTTTCCTCTATCGCTGTTATATGGTGCCCGCTTCAGAACATGGACGGTCCACAGCTGATGCTGGCATGGTTTATCACCGTACGCAAGTCGATGATAGCGCTA,1675,50.39,Homo sapiens
SEQ_190067,GGAAAGTATAATAATGGGAGCTCACGGAATTACATCGATGTCGTATCAGGATTGGAAGGGGCGGTTCTAAGTAGTTCTCTGGCCCGCGTGCAGGTTCGCCGAATGGAACTACAAATTCTGTAACTCACCTCTTAGCGCGCGACAAGCTCCGTGAGCTACTCCGCAGAGAGTCCTGACTGGTCTAGATGGTCACTACAACCTGTCATTCTGTCACCCTACGGACTTTAGGTGGGTCCTCAGAGTCCCGTAAACCACCGTGTACTCTATGCCAGGACTCGCATTTAAGCGACCGAGTTAGGAACAAGAGCAGTTCAGTGGCAGATCTAAGGCAGCTCCTGGCAACGTCGAGGCATTTACCCATTCTACAACGTGATCGCTTCTAGCAAGGTGTATATTTAGTAATCAGGTAAACTGGGCGCGAATAGCGTGATGGTGGGTAACTCAGTAGCCGCCGACGGCACTCACATTCTGCATTGCCATCATGAGTTCCCCTGTCGCTGCATCCGCGAGATTCTCTTGCTCCTGCGCTCCATCTAGCTCCAGACGCGGAGAGCCGTCCAGGGCGCCCGACAACCTGCGGCCCTACGGCTATTATGGAACCCCGCTAGACCTTTAGGTACCGTCCGAAGCAGCGACTCGTCATAGTTCTGCCTTCCGACGCCTTTCTCGAATTCAATACGTCCATTTGCGACACAGAAATCCCATTTATCACATTGTTGACTTGGCGTATCACCGGTACAGACCGGGGATACCGGTGAAGATATTGGGAATGGACGGATGTAATCGAGGAGATCGATGAGTGAAGGTCGTCACATCGAACGTCCGACCCCCGGTTCTCAACGGCAACCCGCAGTGGAGTGTGTAACGTGTAACTCACCCTCGATTGAGACTTAGGTTAGAAAACGAAGCGCCTGTTTTAGGAAACGACCATAATTCGTTTTCGTGTAGCAACAGTGGCTTTCCCTAAGACTGTGTGGGAACGATGCACCGCCCGGTAACGGTATGCAGCGGACTGTGGCGAGATTGGGGTCAGATGACAGCTCAGAGGTGGAAGCTCCCGACACGATGAATGATCTACGTGTATTCCGGGTCCTACACTACACGAAAATGTGGACCATTGAGTGAAAAACGAGTCAACTAAGAACAGACTAACCACTCTTATGTGCACACATTACGACACCCGTTCTTCCCTAAAACTGAGACAGGGAATAATAAGTCAT,1220,51.31,Escherichia coli
SEQ_243788,CTGGATAAACCGCGCTTATGTCTAATTGACGCCAACGGTAACAACTGCCCTTTTTAAGGATCTGAACCCGGTTTTAGAACAGATCGCTACGTTTTGTAGGGCCAGTCAGCGTCCCGGCTAGCGCTTAGCCCCAGTTTCTCATGACGCACAAAGGTGTACTGAAAGGCTGCTGCACTGGGTCCTACTCATAACAAGTTGGTTGAAGCGCTAGCCCGAAATCAAACCCGAGAGCGTCTATACGATTGGGGGCGTCAATGTGTAATATAGGTTAACCGAGGTCTTTGAAGATATGGTTCTGTTTCAATTTATCGTGTTGAGGCCCCCAATCAATCGCCGACTCTTGCTTTGATGCACCCGTTAGGAGATTTTAGAATTACATCTGATAGGGCAGGAGGTGGCCAAATATGGCCCATGCTGATGACCACGGTACGACGTGTTTCCAAGCTTGCGTGATTATTGCCTGGGTCGACTAGAGCTTGGGGACATACCAATGCGCGTTCTAATCCCGCTTGCAGCACACACCCGGATACCCTAAGACGTTGTCCCTTAGTGGGACTTTAGAGCATAGGCAGATCGACAGGCGAGAGACGTTCGTCTGGGTATTTGGTTGCACAGCCCCTCATGAGGTAGTCTGGTATGAATATATACTCCAGTACATGGTTCAGTGGCGCTGCAAGAGGTGGTTGTATCAAGGACGACAACGGGCAATTCGGCGTCGTCCGACCATTCATCTTTGAGAAGGGTCCTAGATGTTGCAATGCTTTATTCTGGTTTGGGACGAGAACCGGAATGGCACCAGCTTTGCTCGAAACGTTAGTCAAGAACCGGTACCTGTCACTCCGCGCGGAAAATGACCAAAATTGGAGTTACCCATGTACTGAGCTACGCTATACGGGTGTATAGCCGAAAACATAAACTTATACAAACCCTGCTCCCCTTGATGCAATGCGTCGGAGCCCACGTTGGCCGTGGAGGCCAGTGCTCGTGTCTGGTAAACTCCGCACAGCGCCGAAGTCGCTCTGAGCGGTGCAAGTCAAATTATGGACCAATATGCGAATAGTGCTGAGGGAGGTTAAACCACATATACGGCCCGTTAAGTTCGAGGGCTAAGCCAGAAAAGAGCTGCGGGCTGTCTGGAATGTATTGCGCGGTAGCATGGATATCGTCGGTCAGGAGTCAGAAACAGGATCCTGACGGCAGGATCGCCAACATAGCTTCTCTAACTTCTTCTTCTAAGCGAATAACAATCATAGTAAAGTACCATAACTCATAGAAAGTCGAACCCCACTAGGGTCAGAGTGATCAGGAGCCACGAAACCATCATTTTATGCAAGTAATGACATCAGAACTCGTCGATTCGGAACAAAAGGAAAGTGGCGCGGTCCTCACCATTTTCCATGCCCTCGTGTTTCCGACTCCTGGTCCCTCTGCGGACCAGGACATTGTCCCAATGTCCTAGCAGTGCGTGTGCCAGTAGTGGATGCCCAGGCAGCGCGACGTTCTGATTTTCGGCATCGCCTTAACGTCTGTCCTCCCCTGTGCTTCGTGTGTTTAACCCGATCGAAAGGGGCCGCCATTCAAC,1582,50.57,Mus musculus
SEQ_434219,GCATGGGTCAGAATTCGCCTGAGTCGGGGACTCTGATGCGCAAGGTTGTGAGTAGCCACGTCTTTAGCATGCTGACTCTTACGAGATAAACTGTCCCCTACGGACAACATCAGCGTACTGGGAGGGAAGGCGCTCTCGAGAATACGGACCTCCGTGCGCCGCCACCCTCGTGTTGCTGGGCCGATAATTAAATTTTTCTTCTCGTGGGAACATCCGGTAGCGGGGGCGTTGCACCCATCATCACGGAAGGAGTCTCGTCTCGGCATTGAGGTGACCCAAAATGTCTTTTCCACGTTGTGGAACTTGCGAAGGGGCCGCCCTTCCAGGGCGTGAGAGCCCCTGGGGTAATGTAATAGCCGAGACTTCTTTGCTAGAAACGGGGAAAGTATTCTCCTGATACCTGGAGAATCCGTTTGACTGGAAGACAGATGTCTGTACATCACATAATAAAAAAGTGATAGTGTATCGAAACGTCCGACGACGACCCTTCTGCCACTACCTTTTTTATGGAACGCTTTGGTTAGGTACATGGCGCGGTCAGCAAGCGGGGAAACAGGCATACTCGTCCAGTGGTACCGGACCGGCCTCAAAACTCGCCTAAGCCAAGCGCATCGATGGATCTCTCGCTGGTGTTGGCAAACTAAAGCTAAACAACAATTTCAGTCTCGTGGCATTTGGGCATAGACAATTGTGATTCACCTCCAAAGCTGCCTGTCCGGACCGTGATAACGCAGTGAGGGCGTGGCTTGTGATATGGCCAAGTTGGGGAGTCGCAACGTATGGGATGCATTCCATTAACGACCTTGGGTAATGCCCACCCTAGCCCCAATGGTTACGCTTCATGGGGTACGGAAGAAGTCTGGATGTACTGGACATGGAGTTGATGTCACCAAATATGGATGGCTGGTGGGCGTCAGGTTAAGTGCTGGCGCACAGTACCGAGCGAGTTACCTTCGACATATGACTCTAAGCCGTACATGGGTTCGGGATACGTCTTACGACTTAGCCGTTCACGATTAATGGGAGGTACTGAACTGATTGTTCCAGTAGCATCTGTGACCGGAATTCGGCTAACGGTGCTGTACATAAGTCGCGACAGTCTTACGGCGTGC,1112,52.16,Mus musculus
SEQ_120843,TCAATTAACAAGTCATCCGGCAGTGTCAAGTGCTTTGCAGAATATCCTGATTCAATCGGGTTTCCTCCGCCTGAGTAAGTATGCATGGCGTAATCTCTAATCAGTCCGTCCTATATTTCTTTGC,124,43.55,Saccharomyces cerevisiae
SEQ_526444,TATCAGTGGGATACACCACGAGTAGCCTACATCTGTACTTCACCCTATTGACTTGCTCGCCGCAAGAGAACAGTTTCGCCGCGTAACCATTTCGTCCCGAGCCGCAAACCACGCTCTCGCTCCGTCGTTGTGCAAGCTTAACCTGTGGCGCATTTCCCGGAACACCTGTGACCCTGTTGTCGGGGTTATATATCAGCACCGTGATACTCAGTTCGGTTTTCTCTGATCTTTGAACTCTCAGGAGCATGGCGATGCCTAATCGATTTCTCAGGATCTTGGGCGCCATGTCACGACTGTTTCCCTAATCCAATCTCGATGTCCCAGTTAACTGTAATAACTAAGAATAACTTTATCGTACCCTCACCACAAACCTCGGTGAGGGGTCAAAAAATATTCTGTTTAAGCACAACAAGCGACGGGATCTACATTGCACGAATGGGTTTTTGATAGCCCCCCCACCGAAGGCTTCTGGGCGGGGCGTAGCTTGGGGCGCTACCATCCCTTCAGCTCTAGAAGCTAACCTAAACGTGATAGCCAATAGGAGCGACCTATTACGAATCTTAAGTGTGAGAAAATAATTAAAAGTTAGCCTACTGGTTGGAGCGGGCGAATGCATAATCTAGACACCCTCTGGTCCTAGGAGAAAACTGAGTCCACTAGGAGCACGTACACTCTAGAGGCAACTTTCCATGCTGCGACCTCGTAAGCGTCCGGTGTTCATCGAGCGCTATATGGCGGGCGAGTGATGTTTATTATACGGGTTCTCAAAACTTCATTCCCCGCAGCCCGGTATGCCTCAGTGGCATAGGATATAGCGAAGATCCAATCCACCATCAGAAAAGGGTTAACTTTTTGGAGGGATTATGACGACTATCTTTACTGCGGTATACGAACTTTGGTCTGTTCTTCAATCGGCGTTTTAGCAAATTTTGCCTCGTGAGGAATCTTCGCTCCTAGAATCACGCGCCGATGCGCTCTTGAGCAATCGGAGTAATACAGATGCAGGGAAAACTCTTTGGGGTGTCTCAACGACGGCATAACCGCTCCTTATTTCTGTTTATTTCCTCGTTAATCCGTAGGATCACTGGAGGCATTACAAGATTAGTAAAATAGCAGCACTATCGTAGCACGTCTGCATCTACCTGCGTAGAGATCCGTGATTGCACGGACGCGCGAGCCCTTGTAAATCAAAGCATCCATATTAAAAAGAGCGAAACTGGAGCTGCAGGCTGGTTGGTGAAATCTTCCGTAAATGACGGCGCTAAGTTGCCACTTGGTTGTCTGTGGCATGCTACTTAGGAGCAATACATTGACACCGTGACGGCCTGTGCTACGCCGGACCCACTTCGGACCGGTGTGTAATATATCAAAGGTGGACCGCCATTGACTAATTGAGATTACGCAGCCCAGATAGCATGCCTATAGGGAAACACGAACTGCAGCACGGCTGTCGCCTTTCCGAATCTCGCGAGTGCTAGCCCCTGTTGTAGCTAGCTTAAAATTAAGTGCGAACTAAGCAAAGCGCGAGGACTGTTCCCCACGGATTAGACTTGGGCTGGTACTGTTCCAGCCCCTACTGCTCCCGTCGGAAGAGCGTGCGACGGCACCAGGGCTAGAAAGGCCTGAACTCACAGGCACATAGATCTACAAAGGCTACCGTGGTGTTCCGATCCCCAAATCTAAAGCGTTTGGGTATGGAAGTCGCATGTTGTTAAACCCGACCATAAGGTCCGTGACATTGGAGCGTTACTATAAGCCCATGAAGCTACACGGCCGGTTTAGTTAAGGGCCGTATATTAGGTGATCAGGATGTTCTACTGGCGTTCAGAGTGCGCATACGAAGCCTCTTTAATCGATCGTTTTGCACCAGATTAGATTATGTGCGTCGCATCGTGTTCGGAAACACCGATGACAAATAAAACGAAAGAAGGGGTTGAGC,1939,49.2,Caenorhabditis elegans
SEQ_896214,GTCATAAGAGAACGATCTACGTTGATGGGCCACTAGCCAAAGTATTATCCTTATTTCAGTTTGCGCGCTACGACCTGGCCCAGTCAGAAGTGTTTCGAGAATTTGCCCGTGGTCATCGAGCGTAGAGGTTCGGGCAACAGAAGTCGACGTGTTCATCTTAGTCAAGGAGGCTTTTTGTAAGGCAAGGCTAGGTAAGAGTGTCACGGGCAAGGCTACGGTAGAACACCTTTTAAACCAACCTGGCGTTACCAGGTCGCCGGAGTAAGTTGTCCAGCAGTCTAGGGGTCCCCAGTGAGCTAGATGGCCCCACCTGCATTACCTGCGTAAAATGCTTGGAAGAGCCACCCATTGTTGGTACAATTGCCAAACTGAGAATCCGCACTGTTTGACTTGAGAGTCCCTCGTTCTATAATGGCATACATTACGACGAAACTCTTGATAGGGCGGGCCTTTACTCCCGTATACAGACCTTGCTTAGTGAGGGGCTGCGTAGAGACAAAACGAGTTAAGATATCCACGTACTTCTAGGGAGCGCAACTCGGGCGGCATATGATATTACATCCCCATGACGTGGGCGAGAGAGTACCCTCCTGTAATACACTAGGAATACTGCGACATAGACAATTAGATTAAGTGTGCAGCTCCTGACCTGTTTGCGCGTCGTCGCCTACTCAGATGCCCAGGATGCATGCCAAAACCCATTAAGGCAAGGTCAGACGAGCCAGGAGTCATCTTGGAGGTTTCAGAGAAGACGATGTTTAGCAATCAATTTATGAGGTTGAACTCGAACATGAAATAACTAGACTCTTCGGAGGCTTTGTAACATCGAAGAGGCCGACTGCAGGGGGCCATTATAACCTTAGGTAAATGCCTTCCGTCGAGGTGCGGACGATTGCGTCTATGGGAGTCTTAGTGCACCTTGCGATAGGGGTCGCACGGCGGCCCATCGAGTAAGCTTCTCGAGGGTGTGGCACTCGCGGAACTCCCTGTCCAAGATAAAAGTCGGAAACGTATTGGCAGTCCTCTTATACATGGAGTGTGGAACCTTGAATCGGTTCTCAGGTTCCCTTTTGACGCGAGTCTACGTAACGAGTGTGTATTCACGTCTGACCTTACTGCTAAAGCGCCATCCATCACAAAAGTGTGTTATGCCGCCGCCCGAACCGTGTTTACCCGCAATCCGACTCGCGCTTCTGTCGTTTCGGTCGGCTCAGTACTCCCGCTATAATTCTGGTCTACGTAAAAAATAGAAGCCATGCTAATGCCTAAACGTTGCCCTCACCGGACCGCCGGTCACCGCGGTCCGGTGTATTTCTCAGTGGCTGATTATCGTTCTTATTGGTCATCTTCATGGTTCAACCAACTCAATGCCCCATAGATGAAGCTTGCCTGTGCAAAACCCTGCGCGACAGGGAGAAGAGTAAGTGCCGCAAGCAGTACCGTCGAGACGTCGGGTGGTCCTGGACGTGTAGTGGCGCTAAAGGTCCCTATACGACCTGTTGGGTTTTTACCAAGCGAATAGTACATCTCGTTA,1534,50.59,Saccharomyces cerevisiae
SEQ_889208,ATGGTGATTGCGTCTCAAGGAGTACCCCAGACGATGATTAGCACCCAGCCGACGCGAGTAACAATATATGGATCAGGGCGGATGTGCCGACTTAGCACTGGGTCATATGATGACAGTCGATTAACTGGGACCTCGCTACCGACGGAAACCGTGATGCTGCATTTACTTTCGAATTGACTGTACTACGTGACAGTTTGATGACATCACAATAGTCGGCTTCACGGATTATTTCGGTCAGGAACTGGTTGATATTAAGGTTCGTGACACCTTATATATTGTTTAGCGTTCATTAGAATGACGTTATGTAACGACAGTCGCCTATTATCTTGGATTTTAGCAAGTCAGAATCTGGGTTCACTATAGCCTCGTCCGAAAATAAACACTTCGCTTCCCATATGGATTACGTCTCTGCAGGGAAGAACGTCTTCGGCTCTAATAGGACTTCAAGTCATTATGATCGTCCGTCTCACTATGTCTATTTTGCCCGGCATTTGTTGCATATGCAATGCAGTAGACTGTCGTACCGGACTGAGGTACCTACAACCTGATTAACGAGCCGTGCACTACAGCACCTTTGCTCAGCGGGAGGCCGATAACAGGGGCGTTTAGTCCGCCAAGTCATCGCTAACATGCGTCGGCCCCGATGCAGACTTAATCGGGTTAATACGCTTTGGGAATTGTTTGGGAGGAGGGGCAAAACCTGCCTGAATATATGGTCTTGAGCAACCGAG,731,47.33,Saccharomyces cerevisiae
SEQ_170018,CCTGATCCAAGTGCCGGGTTGGGATGTTAGTGTTAGATATACAAGGGGTTCAAGTCTGCCCGCCCGTCAATTCCGTTAGGATTCATCTGCCTTTTGAACGTGCTGCTACAGTGGCCTGTACGAACCTCACAAAGTTTCATTCCCGCTCAGGAGCGGGGACGCTGTAATCCGTCTATTGTATCGGCAAGAACAGCTCAACACGAGGATAAAACGTAAGTGCAAAACAGTATTCTGAGGGCCCTGTACAACCGGCGATTATTGGCAGAGTTCAACTCGACCGCGCAGATCCTTACTCTTCTAAATCACCTGGATTGGTTTGGAGTTGATGAGAGGCTTTCTTCGGTGGCTCCCAGACAAGCGTAGCCTTCACGAGTCCAGGCAGTCAGAGGTACGACAACTTCTGTGCCACTAGACAATGTAGGACTAGGGGCCACTTCCCCGCCGCGTTTATACGTCAGTTGGAGATATAAGTCGGCCCGTGACAAAAACTCACTCAATGTGAGGTGACCGGAGTTGCACACGTTAGCGTCGGTTGTACCCTACTCAAGTTACATTCCTTTTAGCTTCAAAATACACGACTAGAACAGTAATTTATGGGGACCAGATAATGTACACAGGCAGTCGACTCGCCAAGGAAGCCCATCGCTCAGTCGAGCGGCCTGGTGGTCAGAAACCCTAGCGGGAGAAAACTCTGGTTTCACGCGGCAGTTGAATAATCTTCTGTCGACATACAGCCAACTCTCAACATGAGTAGCCAACTCAGAGGGAAGCTCCTGACTGTTCTTCGTAGCGCTACTGGTGTCAGGTGGGGTGCCTTGCTCAGTGAAGC,829,50.78,Caenorhabditis elegans
SEQ_268565,GGTGCCCATTTCATATGATAGAGCTATACAACTCAGAGCGATATATTATCGTCCACGTGTTCCAGAGTACTAATTTAATGGTAGATGGTACAGAAAAACATATCGAATATGTAATGGTCCGGCATAAGCACTACGCGATCTAGACGGTTAGGCGCATTATCGGTCCGTAAGCCGAATGGTGATCAGCAGGCGAGATGCCATACTGGCAAACCACAGCATCGCAATCGTATAGCTATACTTGCGAACGCTCAGCATCCGAGTAACACTAGATCTAGGTAGGTGTTTAGCCTCTCCCCCAGCGATACCGGCGGCTTGTTTTCATACGAGGCAGACTAACACGCTCCAGCGTCTTATAGTGGCCTACCTCTAAATATAGGAAGCTAGAGGAAAATCGTCCGGGACCACCCTGGATAACAACTCATGCTATGTTACCATCCTTCACTCCCTTTAAGGGGGTCATTGTCTGTTTTATTTATGTCGTCAGTTGAACGGGGAAATGCCACGAGCGTACTGGGCGAACGGTCACGCTTGCGACGTTCAGAAGGCCAACTGTAGACTGCTTTCGTGGCTCCTTGCTCAACGTTTGTTTGTTTGGATCAGCAGAGAAGGGCCTCCGTGCTTCACAACACCTAGCACAAGGTCCTCATAATGTCTCAATAATTGTATATATAGCTCGCTGTTGTTTGGTTGGGACTCATATCGTTACGACCGGAGTCAATGACGGGCGTCATTTATCCGCTGCTAATTTGTCTCCTTCCCGGAGTCTCTGTTTTTAGATGTAACGGAGGAAGTCGCTGATGAACCGACTCTCTTTGATTCCGGTGCTTTCAACGGCGGTATGGCAGGGTCTCGGCCTGAACGAAACATTGCTCGGTCTCAGGCGGTTGAAAAACTTACTTAATTTGTCTATCCAACCGAAAGTCGGAAATAGAGAGAAGACCGACTTGGACAATAGTCTTAACGCAAAAGTACCGTACGTTGCCAGTGTCGCACAAACAGTCTAGCCCCTGGGGACTCTAAGGTAATCTTGTAGCTTCTTACACCGGACGAGAGCTAAGCTCTCTTTCGGTGGCTGAGCGGACCCCTCCTAGTATCCGCTTTTGGCCTCCCGAGTATGCCTATACTCTCGCTCGCATATCATAAGCGGGTTTAAATCGCACCGACTAATCAAATGAAAGTATCAGTGGACGGCACCCCCGCTGAGGTAGTATTTTTGCGTGGTAGCATCGGCGACGAACCCAGCAATTAACGCGTCATTACCTGGCTATCGACCGTTGTACGGCTTCGATCTGATCGCAGACTTTGTACGCAAACAGAGGAGTGTGGGGATGCTTCTACAAAATGTGATTGCATCTACCTACAAAGGAAGGCGCGAGATTGATAAGTGGATTCTTCCCAG,1399,48.46,Saccharomyces cerevisiae
SEQ_613946,CACACTCAACGCGACCTCCATACATTGACGTGACTGCTCTCAGAGGAATTGGAACGTTAGCACCTTGCCAAAAAGACCCTGCGTCGGAATAGCGAGCAAAGTCGGCCCCTACGTTTATACGTCTATCCTCGTCTCAGTTGGTCGCCGACTCTTTCAAACAGGGAACGTAAACCTATCCCGTACAGGAGACATTCCGCATAGCGACGTTTTTGAAAGGTCTAGTCGCCGTCCGCAACTACTGACATCTATATGCAACCCCGTACCCGTGGATACCCCACACACTCGACCACACTGTGTCTCTGACTACGGACTTGCGGCAACGACTTGCTGTGTGCAAAAGCCGGGTAAACATTACTCTGGTCATCATGTCATTCGCGGCGTTGGATGCCAATTGATTCGAAACGCATACAAAGCCTCTCCGCTACTCAGCTGTGGTGTAGAGGTACCACCCATCGCTTGCCATATGCACGGAGTTTCACACGTCTTCGTCCCGGGACGCAAAGTTAGTGATATATCCTGCCGAGATCAGTAGGAGGGCCGGATCTATACACACGTATGCCTTTTGCATCCATCTAACCATGGCATGGTCTATTTCTTACCTAGGAGGCTAGACAAGATCCTAGGTTTAAGAGCCCAGTAG,640,50.94,Arabidopsis thaliana
SEQ_365641,GACTGCGAAACAGGAAGGGCTCATTAATATATTGCCCGTAGCCGACGCGGCTGTTGTAAGTTGTCTGTCATCAAGAGGACTAGACGCTATGAACTTCTGATTACCAGCCCAAAGAAATACTGACACCATACGGGAACGGCCCGCTGGAGATGGTTAGATCTGAGCCCTTTTCAAGAGATAGTAGCTCGTGCAAGCCGAAGATTGTGATATACAACAAGGCCAGACAACTCCATATGCTGGGGCGGTGAACTTCTTCGTTACAATGAGGCTGACTATATAAACGGAGAGTGAAGGGAATGTCCGCTTTGTTCGAAGAAGGTAAACCAATAGTCAGTACGTGCGCTCCCCTTGTTAGCCGAGGGGGTGGACCAGAGACTCCCCAAGGTACAATCTGGTCCACTATCTGGCTTAACTTCTCAGTTTATACTAGCACTTACCTCGCCATGGCTTGGGCGCACGAGCCATATAAGAAACATACCGTCAGAGGGGTCACGCTTGAGTCTTATGACGTTGTACCCAATCCCTTCGTTGTAATGTGACGCATCTGGCGATTCCGTCCGCAAGGAGATGCGCAGGATCCATTGGTCGTTGATAGCTTAGAAGAGTACGGAGTGCGAATAGTGTGTTTCCATCGACGACGTACTGAGCAGCAAACGGGACTGTATTTTCCGTGATACTGTGAGGCGTCATCTGAGGGCC,699,49.79,Drosophila melanogaster
SEQ_228920,GTCCTTCTGGGCCCTACTTATAACCAACTATGATGCATTACATGTGTCGGTGTCCCTTATCCAGGGACAGGCTACCATTCTGTTAGTATGGTTGTGTAGGTGTCGCATAAGCCTTCGTCAAGGTGACGAATTTAGACAAACTTT,144,45.14,Caenorhabditis elegans
SEQ_312269,GGGGAGTGACTCCAAACGTTAGGCCGCGAGACCGTTAACAGTGGCGACGGAGTAAACACCTCCGAATCGACTACGAACGCGCCGTGAGCCCGCACAGTTCGTCTCTTCACGAGCGACTTTGATCGCCGCGTGAGCGAATTCGTCATGGAAGTTTTAACGAGGACACGCCGATATCCTTTCTGCCGTGCGCAAACAGCAGGCATCAGTCAGGACGAAATCTGAGCACAGTGGACGGTCCCGTATAACCTGTCCGGCACGTGAGCGTAGTCGGTGGTAGCTACTCAAGGATCGGCCGGATCCAAGAACCCCTAGCTGTCTCTCGTTACACCGATCCCCCCAAACACGCGACTTGGTTGGGATGTCATTTGGTACAGCGCTCGCCT,383,56.92,Caenorhabditis elegans
SEQ_214200,TACCGTTCGTTGAAGTCCGCGTGCGTTCTATCGCGGTTCCAACAGCACATGATGAATAGCTCGTCCGTAAATCCAGACACCGAGAGATGGCGTCCCATCTCTGTTTGAGTGTCTGTCTCCACTTTTTCAAGAAGGCCTCAATAACGGAAATTAAAGGTTGCTAGTCATTTCTGATGTCAGATAAAACTCCCCACGCTACGCAAGATGAGTATTCTCCTCCAGACCGCGTTTCACTGGCTATATAAATGGAACGTCGGGATCATAACCCTGACAGTTTCACGGAGAACCGCGCCCACCTTGATTATGCCCAGCAGCACGGGCTCGTTTCTAACCTTCTTCCTAGAGATTGTTGGACGGCCGACGAAGCTAGGTGCAGCCAAACCGCCATCTCGGCTGCTCACGATAGGGGGTAAATGCTTGAGAAAAAACAGTGACGACCTAAGGTAGCCCCATACTGCACACGTGATACGAGTGGTTGTAGCTGTCCGGCGGAGCTGCTGCTAAAAGTCCCCGTAGTTAAGCGCCTGGAAAACTATTCGTTGGGTATTCATTTGATTTGCGGTCGACTTAATGCGTTAAGGGATAATTTTTGATTACGCACACAGAGGGTGACTCGATCGGAGGTCACTGCTCCTGCATTTGTATGTACCGGGAACCTCGATTTGCGAGCCATTGCTGGTGGTTCGAGCCGAGAGGCACTCACTGTAGGACTCGAATTTAGGTACCCTATGAGGTCGCCTCCGACGAGAGAACATTAACCTCGATCGGTGTTTGCACCGATTTAACTAGAATCACATCCCGATAAGGTGGTAACCTCTGGGGTCAAACACCGCGGAGACCATAGTGTCTCTAAAGCGACCAAATTAGCACAACTTTATCAGGGTTCGCCAGGAGGTGAGCCGAGTGCGAGTAGCTACAACGATCCGCGCTATACTAAGCAAGGGCTGTGCTGCGTTAGGAGACTAGATTACACGCAATAGAGGGTGACACGATCCAACTATAGAAGCTATTCAACTAGACGCCGATACTATGGCGGATCTGAGCATTCCCTGTGGGCGCCTACTTTCGTGACAGGTAGCGGCCCTAGAGATCCGACTGCCGCTCGTTCACGGTTGCAAGTTATTCTGCTAGATTGAATTCATGGGTCTTGACGTCGACGTTGCGCCGTGATATCGCGTCATGGTGCCTAATATCGCTCACGTGAACGTGTAGTTGTACATCTTGTCACCAGTGGCTTGGCATCACTCCGAATGCGTACGGCTGTCCCGGGCGTTATTCATCATCACGGGGCTTCTTTCCCTGTGAAAGACGGTACGCTCTTTCCCGCGTTTCTCCACACCCTTTAATACGAGATTTTTGTTGCGGGTTGGGATGTCCAGGTCATAGTTGTTCGCACCGTACCAAAGGCACGTACACCTGAGTACGTGGGGTCGTACGCGGACTAATTTGCAGGCCAGTCAGGAAATGTTTTGTACATCAAACGGTGCACCAAGCCCGCCAATAAGTTCCACGGGTAAAGTTCATGGTATGTCGGCGACAAAGGACCCTCCTAGCCTTCTTCCAACGGGCTCATGCGACCCATAGGTGCGCCAACTGTCGTAACACTTCCCTAGATTTTAAGCCATACACTCACACGCCTGGATTCCCATGACATATTTTCGCCTGCCACCGAGGAGAACTACCTGCCTTTGACTTTGCTACGCCGCCCTGGCAAATACTAGTCGTATTCTGTTATTAGAGATACATTTATCCATGTACCGCTCACTGGTTACTTCCACCAGAGACATTGCCCGACAGCTTAGTAGATAAGGTTAGGTACGGCAAAAACGTGTGTCTAGATGTGCTTACAATAACCCTATCTGGGAACAGGTCAATGGGACAGGCGTCAGTGGTGCTAACTGATACCAGTATCT,1913,50.34,Drosophila melanogaster
SEQ_915977,CAACTCCTACCTAGTCTCCCGATACTTACGCGGCTGTCCGAGGTCACCGAGCTCGCGGTCGCGGGTTGTCGAGCTCGAGTCTGTATCAGTCATGGCCTCCCCCCACGCAGCCTCATATGTCTTTTCATCCATCGTCCCATTACCAGCCATCGAAATCTGACTACACTGAGTCACATCTTCTGCAGCAAGACCTAAGCGAGTACACACTAGACGGTGTGGTCTGAGTGTTTATAAAAGAGTGCGGTTGGGGTCTGTGCCTGGGCACAGACTGGCCCGGGCGGACTGGTAGCGACCTCCAACTAACGCTTATGTCGAATTACTCCTCATTTATCCAACCGCAGCGGGCACGGTTGCCAAAATGTTGCCCGGCTCGCTTGTTTCACAGAGTGAGGGTCATTCGCGGAGATAGGGTTAGAATACATCATGTTGCGGTTTGCCCCCTCATACACTGCGACCTCGGCAATAAGCTTACTACGCTAAGACGGGCACGCAGAACGAGCGCCTGGCCCGCTCCCTTTGGTTCAGAGGGGTGCAGGGGCAGTTGAATTCTAAGATTATCTCGCACGACGCACCTTGTAGATTACACGGCCACATCCGCCTCAGTCCGCGTTCTCGCGGTCCAAAGGCGAACTACGATAGACCAAGGATTCAATGCCCAGGTCAAAAGCTAGTCAAGGGGTGCCTAGGGACGTAGGTTCCTCGAAACGCTTGTATATGCCTGAGAATCTTCCGGCGATATGATCTAAGACGGTTATTAGTGCGACGGTTACAATCCTAGGCCCAGCGCCAACCAAACATACGACCCGGCTCTGATTCAACTGCTCAGCATCTAGCTAGTACTGGGCGGTAGACGGACAATTGACCAAAACTAAGTAGGTTGAAACATCACGTAACGAGATCCGTTCTGACGGAGTCAATGATCCTAGTTTATCACAAGTTGATAATTTACTACCTCCTAGACTGATAGTCATCATATGTTGAAAGTTTACCGACACTAGAGTATTTCTCACGTCAACAACGGCAGGTAGGGTTAAGGGCTGTGGTGTACAGTGCTCACCCGGACCTATAGGCTGTTCAGCTAAAACGTCGTATGACTAGTCATCGGGTGCTAGACGTTAGACCTCGGCCTTTCGATTACGGGAGCAGCCCCGCTTTCGACCGCATGGAAAACCTTAGTTGGCATTTCTCGCGCGGCCACCTGGGTAAATCAAAGACGGGCGAGCACTTATACTACCCTAATTGGAAGCACTCCCCCTTTCTTAGCACCACATAGTTGTAGTTATCGAGAAAGAAAATAAGGGCCGGCATCCAGTAACTGCGAGTCATCTTGTAAAACGGGCCATATTAGAGCCTGCTGAGTACCATGGCGTTCAAAATAAGCGACTACCCTGCAATTCAGGGTCCAAAATAAATCTGTGCGCTCGAATCCTATCGAAGAATTCTAGGAACGGATAGCATTTACTCCTCTATAAACGAATCCTATAATACACTGTAGAGTAGTTCGCACCTTGTGCGAAGCGGGCTTTACGCTACGTCGCCCACGGCTGCGCGAATTCACGG,1560,51.03,Mus musculus
SEQ_714391,CTTCAAGTGTGTGCATCTAGTAACGAGTAATAGTCCGTGGAGCACATTGTCAACTAGCAGGGCCTCGGCGATTACAGCCTCGGCGCTGCGGCAGTCTGAGGATTTATTAGGAGTGCAACGAACCACTTGGATGTGACAGCAATCAGGGTCGGATATGGGCACGAGCGGTTTTCTCATAGGAGACCCTATGGCGCAAACTGGTATACGTTAACATCAGTGTCGTGGCGGAGTGAAGAGAATGAACAGGCAGAAATCTTGGCTTATGAACTGGTGCGCCTCCGCAAGTCTGAGAGGGCTTTGTGGCTCATTCCTGTCCGCCGGCTATCGAGCCTCGCACTGTGACTAGCCAAGTTCTGCGCGTGCTGGAGCCAAACTTGTGCTCAACACTCGTTCCGTTCGGTGCGATTTCGGATGCGTAGAGTACTAGGGATTACATATTAGAGGCTCTAGGCGACGTCGCTCTTTTCGTTCCTCTAATCAATCCGCAGGTGAGGTATTCGATCTACTATATATATCAGACACCCCGGCCTCAGGCTAAAGAGGCTGATGCGCGAGGCTGCCCAGCCGCCCTAGCGAAACTACTGTCTGACTCTGTTCGTCGTAATAAGATTCTACAGGCTACCCGCACAGTTGAGTCTAAGCACGCTTGCTGTTAGTCTAAAAGAGCAGTATGGGCGCGAAAGTGCACAGTGAATCCGCAACACATAGTACGGGATCCGCCTCACCGAGGATCATCACACCCATAGGTTAGAATACGAAACAACTAACGTAAATGCCGAAGAGGATCAACCCTTAACTGCATCAAAAAAAACAAGTACGGGAACTGATATACGGGACACTCACCTCACTGTCACTCGTGGTAGGTACACAGTGCCACAACGTGTTCGGTGAGATGGCAGTAAGGCACGAAAGTGCGTCTCAGTAACTGGGCGGTGGGTACGGTTACGGCTTAACCCCTTCAGGTCGGAAGACACATAAGGTTATCCGGTGACATTGCGCATGACGCGGGAGCCGGATAAGTTTATTATCATCTTGGCCGTGAAGCCCCCCGCAGGAAGGATCCGCGTCCTCTATGATCCGTATTAGGCCCTTACTAAAATTCTCAATTTGAGCTAAATTATGTAGAGCCCGAGTGTAGCCAACATCAGCATACCACCATTCCTGGGGGGC,1170,51.28,Arabidopsis thaliana
SEQ_980007,CATGACAGCATCTGAGGGGGAGATCGAAAGAAGTGGGTGACATAAAAGGAAGGTCACAGCGACGCTCGCCGGGTACGGTCCACAGGTTACGAACCGGCGACTATAACCGGATTTACATTTTATGAGCCGTGGGAATGGTAGGAGATGAACCTCCTACTACGCCGACCGATTAAGAGCTGCGGTAATAGCTCTTAGTCCCAGGACGGCCTCCTGCCCTTGCACAAGTATTAGTGGACTGATGCCATTATAAAGCTACTCGGAAACCCTATCTTCCCTATCCGCGGGCCCAACTACAACAGCGGTACGCGATTGGTGGTTTTTCTCTTATCGCACAAGAGTTCATATACACATTACGCTAAGACTGAGGGGCACGGTCGTGTGGCAAGGCCACTGTATCTAACGGACCGATGATCCGTCATTTGTACCTCGTAAGGCAAATCAGTCGATGCCACCGGCTGTCTAAGGGTGCACACGTGAATTTACTTGGCGGAGTGGCTGGATCAGATTGGCTGTGTTCTGAAGGTCGTGCTATTGGGCGCGAACCTCCAAGCCATGGTCCCTTTAATAGTGACGCCTCCTGCACGTTCCTCTAAAGACAAGTCACGGATAATCACATAAAATGGCTCATCAATCTTTGCCTAGGTACACGACTAAGCCGACATCGGAGAGAATGGAGAAGGAGCGACCAACACTGCTAAATTGTTGGCAAAGATCGACCAACGCGTGTTTGCAAATTTAACGTGACCCCTGGTGGTCCTCTCGAGCTGACCCAAACTCGGGCCCGTCAGTGTTGAGTGGGCTGACTGGGACGAATATAGTAGGGGGTGAGCGCCGTCCTGTAGACCGTCCATTCTCGAAGGATGCTTGTGACGGTTAGGGGCGAGGTGTCCATGGTAATTAGATCAATCTGTTTTGCACCCCGAGACTCCCAGTAGACTATAACTATTCCTCGGATAAGTCAGTCTACACTGGACGTGGGAATCGGCGATATATGCATCCCCCGCTGCTATTCGCAGATATCAAACTGAAGGCGTGGTTGCATCGTAGAGGCTCTAGAGACGGCCGTTTTCACACACCCGTTGGACTGTTAAAGTGCGATCAAACGCGGAGTCATCCGTGTGCTGCAGCTAAAACCTACACCAACTATCGGGTACCTACAGACCGTTTATTGTCCTAGGTTATGTTATCTGGCTGTCAAGGTCATATCTACGTCATACGTCTTATACGAATATTCGTATGATTGAAGCTTTGGACGGGAGGACATGTTGGTTAGCCGGTTGAGGCGGTCTTCTGGGAACATTCCGGTATTGCCGAACAGAACAATCGTAGATTTGTCTAGCACTAAGATAGATGATCGATCCAACTGATATCTGATCAGATTGCTGGAACCGGAATGTGTGTCGGTTCATACGGGAATGTCATATAGTTAGCAAACTCTCACGGTGCCTGGAGGCCTAAGTAGGTTCCTCGCCGCAGGAGTTTCGGCATCTGAACATATTACGTATTTGCTAGCCGATCAGAGTGCGGCTGCGCTTGTACAGTCACATCACCAGTCCCCTTAAGATATGGCGCTTCTCGAAATTAGGCGGCACGTTATATACTGGGAGCTAGCCACTAGACTACGGCACAACAATATTAAAGAGATGTTTTGCGTCTAGTGTACATGGTCGCATCGTCACCGGCCTCCAAACGTGCGAAATATACGTATACGTCGCGGTATATTTGCATACGAAGGTTGGTAAAACTCTCTTTCTCAGTAAGATCTGGATGGGTCACACCAAAACCCAGGTGTGAGTGACCTTGCAATCAGCCTTGCAGGTTTGAATTTTTGTACCACGAAGGTGTACCAACACCACAGTCCCGAGTCAGACAAACCCAGTACTATAATCAGTAAGGAGCTCTGTAGAACCCAGAGAACCTCGCTGCTATTGTTCTCACTTCGATGTCAATGATATCCACG,1960,49.39,Drosophila melanogaster
SEQ_203934,GACACGGAGCCGGTCCGGCCGAGGAGAATTCCGAAATTATGTCGTAGGATGCCAATAGTGTTATCGACAAGATGCTTGCCGCAGCGCGGTGCCCGTGGACTTTATGCTACGGGCGAGCAGAATCTGAGTGCTGCAGTTCCTACACAGTCTCATTATCATTATGTGAGGGGGCGCAGACACCTTTACACTATGACAAAGGGTATCGTCACGAGCTGGCAGGACCGGATAAAGCCTGTTCGGCCAACAAGATTATTGCCGGGTATCTGGTCTAAACTGATCGGAGAGGGTGATATCTACTCGCCTACTGTGTATACCCCGCAGCGGGGCTTCAGGCAGCGCGATCGCAGTTTTTCTGAATGCCAGTAGCCCTGTCTACTACTCCTTTTGGATATCGCTCTTAACCGCTACAAGCAACTCCTGTTTACTTCACGCATTAGGCTTGCTTTTGGTTATTGGATTCGCGCCGTTGGAGTCCCTTCTTAGTGCTTTGACCAATCACGCGGGCAGGTTGTGAAGCCCACGAACCCACTGTCGTTAGTGTCGTCAAAGAGTAAGACAATGATCTCCCGTTGCACGAGCATCTGCACATATATCTAATAAGAGAGTGAATGGCGGCGGATCTACAGCTGGGTAGGTTTGCAACTTTCATATTTTACGAGCATCGATGTTATTACTCAGCAAGTGACGGGCACTCTCTGCGGTGGAAGGGTCATAGGTAAGAGGTGGGTTCACACGGTTGTACGGGGACGGCAAGTGTCGTAGCCGGATTGCGGTGCTCCCGGTCGTACAGTGACGCGCAGCAAAGTTACCCTAAGGCTTAGGGTGATTCCCTGATCGGGTAGCCTCAGAGAGTCGCTGGAATCCGAGTGTCAGGTCCCGCGTGCGAAGTTCATCCTCACCGAAGGCAGAACCATCATTACTGGAGAGGGAGGGGTGGGCTCCTTCCAGTCTCTGCGTATAATCCCATCTATCCATTATTGCTACGGTCGCCCGCCCTCCCCTGCCCATAGGTAAACTTACGTGGATAGGTATGTAGGAGTTAGTCGCCCTACCGCCGACCTCGTCGGTGAAGCATTTCGTGTATATTAATGAACAACCCAGTGTCCCGGCACGTCACTGGTATCGCTAGTCGAACGCACTACTAAGGTCGTGCTGGTACTGTATTACCTATTTCGGCCCAACTAGATCTAGGGTCCGCAATACCTGTCCCAGAATCGTAGGCGCAGCTGAAAGTGATCCATGCTGTTTCGAGCCACTTTAGACGTTGGCTCGAGCGATTGTATTGTTCGTTTAAGTGCCTGTCATCGTACCTCGTATTAGACATGTAAACTCTTGGTCAAACTACTAGATGGGAGGCGAACCTTGTA,1367,51.72,Escherichia coli
SEQ_383324,AGGGCTAACATGCTCCACCTTTGCCCCAATGGCGCTCTGACAGCTGGTCTTATGGGCTTAGCAGTCAAAACGGCACATATTCTTGCCAAACTCGGGAGCCAGTTGACATAGAGCTCTGGGAGGTGGCGGAATACCGTAGGGTCCACGGTACGCCAGTCTGTTTCCTTCTAGGGACATCATACTGTTAAGGTACGGATCACTAGCGGGATGTCTCCGGCTTAGTACAATGTCCCCTCTTATCACACAACGGTCAATAAATATCAACGACAAGTTTAGGGAACAATCTCCAACGTTGGTGCGGCACGCTATCGCAAAGTGCATCTAATTGTTAGACTCAAGTCCGTGTTACTTACTACCCCCCCAACTCGTCATACGCATACTTTTCCATGTCCTTTTAATGGGCTTCGACTTTCACTATCCTAGGCGCGTCCATAACGATTTCGCAGTCCGGCGGCCACATGGAGCGCGCAACCAATGGCGATATGTAAACACTTCTAACGTATACGCTGTGAGATCCTGTGCAAGAACTCAGAGGGTAAAGGTATACTACGACTCTTATTTGAGTGCG,568,49.3,Arabidopsis thaliana
SEQ_959543,ATTCGTCGTCTATCTTGTCTGAATTTCCCTTTCCGGTGACTATACGTTCCCTGCCGGTAATGTGATCTCAGGCATAAATCGTACCTCGAGAGCGGGGAACCTCAAGGCTGTGCATGATGAGCCTTACAGCGAAACCGCTCCGGTCAGCGGCACCGCTTCCAAGGTCATCCTAAGCAGATCATGGAAAGAGTATGCCATGCCGCGCTCTGCATAACATTACAGATGAGAGGGATCAATAAATGCCCTAGGGTCTGTAAGGCTATGAACGTAGAGTGCCCCAGCGTAACGCCATTTGTATTATGCCTTACTTATGGACACAACAATGTAATGGACATTGCTCAGACCGTAGGTGAATTTCCAGGTAAGTTCTAATAAGTGGGAGGATGCACAGCTATTCATAGTCCTCCAGAGGCAAAGCCCCAGCTTGATACGACCGCAGACCCCCTAGAATGCACTCAAAATCTCGTCAGGTACGGTACCACAGCGGGCTGCTACGTGGGCATCACAAGCCGGAGGTAGTAATATTGCCCCAACAGCTAACTCTTCGGATGTGAATGTATTTCCGTCTGTACAGTAGACAGAGGGACAGTAATCCAGCATGGAAGTGTCTTAAACACTGAATAGGGTCGTACAATAGGTCGTCAACTGTGAATGCGTCAACTAGTACGTTTCTCCCACTAAGTGTCCTACGCTGGTAGCCGAACAGCTAGCACACGAGATAGATTTGACTAAGTGGGTTCTATGGCATCTACTATAGCATTGCCAGTAACACTAGGCAAGGTCAATGTCTTGGTCTGCGACCTGAGTTCCATAACCGGGGGTATCCGACTGTGAATGCTGACTCGAACTACCTCCAGGACCGTCATGGGAATGTTAAGGCGTTCGTCGACGTACAC,896,49.22,Drosophila melanogaster
SEQ_407150,CTAACCTGTGGTGCTTCTGGGGTTGGGGCGGTTTAGTCAATGGGAGGCATCGAAGAAGTCGTTAGTACATAACTTATAGACTCCAGCGCAAACGGAAAGACGGTGTTGTCCGACCGTTATGTGCTTGTTTACCACCCGTAATCTTTCCCAGGGTTTTCAATACGCAGACTGCTATATGGAGGTCAGTAGTACCAAGCAGTATAGCAGAAGTGCCGGTGGTGTGTCTGGTAGTAGGCATCGGGGTGAATTCGACATCGTATTGGTGCTGCGTACGCTTTCGACTTGGTGAACATGTGGCGCACCAGAGGGGAACCGTATCACAATGCTCTTCGGCAGCTGGTTCTTCGAAACGATCCATGCACTGATTTCCCCAATACTAGCTTCTCCAAAGGCCAATGTCACCCAGGAACTTTCGACATTATCAATTCTGGTCGGACAACGTCTGAGGATCCCCGTCCTTCCCTTCGACTGATACGCTGACTGGGTTGGAGCATTTGGGTCTAACCCGGACGCGGCCGTTCCCCGACTGTTTGGCAACAGCTCACTAGATGCCGCGGCTTGTGACCGCTAGGCAGCGTGTTGGAGTATGGTGGATCGTTCTTATCACAAAATACATCCCCTCGGAGACCTAATTCGGCGTCGGAGTACCTCTCACGAAGAGCTTGGATGTTGCTTTCTTTTTTCCTGCTGACGCTATATCCCGATTCTATTTCCTAGAGAGCGA,724,51.24,Arabidopsis thaliana
SEQ_433330,GAAACAGTCCTACTCTGACATGTTGTTCGCTCCGGTTAGCTCGTTACCGATCGTCTTTGGGAATACATAGTACGCCGGAAAGAGAGCGCGCATATAGAGCTTATGCTGCGGTAGTTAGCCGCCCTGTATGTGATGAAATATCCGCGGATCTTCACGAACCAGACCAATGTTTTCGAAAGACACTCATTCTACTTTCAGAAGGGGTCATTTACGATGGTGTCTATAAGACTTACAATTATACTGTGGAAAAGATTTCAACCGATAGAAAGGGGGGCACCCGGTTAAGACTAGACAAACAATTGGTCACAGCAATTGTAACTAATTAGAACTGGGGTGTTTTTCTAGAGGTCACTTGGGACATGAGGTTCGCATAACGGCCGGTATAACCTTACAATCCATTGGTTGACACACAACAACATCCCCTTCATGGTGTCTCCACCGCCTTTCCCACGGAAGTTGTAGCGATGAATCGTACGTCAGTACCAAGAAATTGACGGAGTGGAAGCAATTTTCACCGCGAAATTCGACGTGCCGAGCGAGCGCAGGTGGGCCGGACGGTTGACAGCTAATATCACCGGGTTCTTATGGCTCGCCGAACTGCTAAGAACCAGATTGCATGGGAGCTTGTCATTATCGGAGACCCTCTATCACCAGCAGCCTTTCTCGCTGCTTGATATACCTACACTGAGTATTTAAGTTCTGGGCAGACCATGCACGTGCTGGACAAGCTAATGACCTTACTCAGAAGAATCGTTGCCACGTTGTACAGACCCGCGACGGAATAACCAAATCACCCTATTAATACTCCCCAAGTCCTTCACTCACTCGATCGTAGTATATCACTATAGGGTTAGGGTGGGTTGGGACAAACTAGCTATGAATTCGGGCACGTATGTAGTTCAGATGTGCAGACCAGGTCCAAATACCAAGGGGGGCAAAGCGGTGATTGAGAGGGTACGCTAATTACCACATACGATTTCCCCCTTTGTGAGCGCTGTCAGCGAACCACGGGTAAATCGACCTGTCATCAGGCCCATCCTGCTCAAGGGTGCTGATCACCTCCAGTCTTGTTAACCTACCAGTGAGACCAGGTACGAATGTACATTCTCTTGAAGAGGCACGGGCCCGCTGTTCGGGCAGGGGGCCATGCTAACAACTTTCCTTACGATTGCCCTTTGCTTGTTGCTCCAGGCTTAACGGGGTGCGACGCGCGGGGGCG,1219,49.55,Homo sapiens
SEQ_285600,GGCGCGGGGCAAGGCATCACTTGTTGAGTTGACAACAGTTACACTTGTCGCTGGCCAGCTGCGCGTTCTAGCACCGAAGACGCTGCTACAGTAGGATAGACATCGACAAAAGTGCCCGGAAGGCCGTACCACTAATACCACTAAGGCAATACAGGTGCTCGTATGGTCGCAGCAAGCTCCGCTCTTGGGTTTGGGCCTGCCTATCGCGACACTTTAATCTTTTCCTGTGTACACCTCTCTTATCGTCGTGTTCAACCTCTTAATGAGCTTCCAGGATGGTTAAACATCCTATCCTACCCGCGCCAGAGCTAACTCTGTTAAG,322,51.86,Drosophila melanogaster
SEQ_108057,ACCGGTCGAATTGTATGGGACCGGGCGCATTGCTCCTAACATATGCGCGCGGCTAAGGTGTCCGAAGGTTCCTCCCCATCTCTGTATGACGGCCAACCTGATGGAAACAGTACCTGCAATAATCTGTCCTATTGCAAGCAGGCCTGCGGTGGCACTTTATCTCTGCGCGAATCTAGCTTCATTGGGTTGACAATTACTCTAGGCTCACCTGCCCAATAATAGTTGTATAATGTACGGGCTGCATCTGCCCGTACTCGGACGAGGGGGTACCGCCGAAAATCGTATTTGCAGGTGCAAACTTCTGTTGCTATAAAAATGAAAAGATTCGTTAGCAAAGGTAGGGGCGCTTCCCTAGTCGGTAGAATATAAGCTAACAAGTCATGTCAGTTATTTTCTCTAAGCCCCACCGGGAAATTGCTTCAGATTCTGCAGCAACCTGGTCCCTCCTCGGCCCATCAGGCTACTAGCTTAGGCCCCACCAATGGAATCCTCATCTTAACTCTGGGTTTATGCTATGTTTAGGCCACTGAGTACGCTTAAAGGCCTTATATCGCATTTAATGACTATTAGGTTGGAATACACCGTCACGTCGCCAAAATTCATCAGCACCAATTTCATCGTTACCGACGCCACCAGTGAGACATGTCCCGTGATATATTCGAAATCGCCAATGCAGGTTGGACATGGTGCAAAAACATTACTCAGAGCTTAAATCGTGGCGTCATATCCCGTACTGTACTTCTGACGCAGTAATAACTCCCAACGCGGTGTCAATCTGTATGATCGGTAGGCCCCTGCAGCTACATGACACCTTTTTACCCGGGCGACCCATAACGAATTCCGTGTGTTAAGCCATCATCCTTAAGTGCTAATACCAACGAAATTTCTGTGTGCACGGGCTTTCCAAGGCACATCCGAGCTTCTGGACGTCAACCCTCGCCCCTTTTCGCAACTTGCGTTCCGTCTGCGCCGGCGCATAATGTTCAAAGTATTTCGTATCCTGTGCTAGAGACATACCCTAATTCCGGACGAATAAGATACGCGCCGATTGACAGGTGACTTAGATCTTGATTATTAACGCCTACTATGCCGCTGCTGATTGTTCTCGGTCCATTACTCGTGTGGTCCCAAGGGCACGAATTCGTATTGAGCTGCGGGCAGAAAATCGGCGAATGTAAGGGACGACGATGCACTATTATGAAACCGGTGGGGTTTTGAGTGGGTGACGATTCGTGATGATCAGTGATTGTTTTCTGCAGGAGGGTGTCCAACCTTTTGTCTTTAAAACTGTCCCGCAGGTCGCGTGCATCGAACGTGAACCCGGACAGACGTCTCTTATAAACTACCAGCGTTCGACTTGTGGACAGGTTTGTCATCAACGGTCTTTAAGGGCCCCCTCACTTGACGACAGGTTGGTTTCGTGATATTGGGCGCGCGGAATTAGTTGCTTTATACCCGTACGTGAATGTTCCGATTGAATGCTCAGGAGCGATGTCAACCAAGCCAAACAATGCCGCAACCTGGAAAGGTAATTTTCTCCTTGTGCTTCCTATCACGGCGCTGGTAAATCAAGTAAATCGTGTGGGCAGGCCTATGAGATAACAGATCTGGTCTCTAGTTGGGCACCGAAGTCAGTATATGCAGCGTCCTGGGATGACGTAAGACAGGTGAATCAACTGCCATGATTCCCTCTAGCAGGCTCACGCTCCAATAACGCTGGATTTCAGTGCAAGATACACACAAAGCGTAGATCCATCATG,1760,48.81,Arabidopsis thaliana
SEQ_344987,GACGGGATGGTCTCGCATGCCTCAGCTTGAAACTTGGTGGGGCTCTCCCCCGAAAATAAACAGCGTGCAGGTCGCGCTATACGGGCGAATTTTATGCCACACGTGTACCATCGGGTGGCTTTCACGGCGTTGGGATACGTCATCTTGGGCGCACCCTTCGGGTAAACTAGATCAAATCGGGGCCGGTGCTGCGGATTGGGGTCTTATGCGATGCAACTCAAAATAGACGAGGTACGGAGTGAACCTGTGCTAAAAAAATAGAGGCAGGCTGATGCTTCTCTGAGGATTCGCTGGGGGGCTGGATGGCTTCCAGCTGTTGGGGAAAAACACGCTCATAAATTATTGTAGTTGGTATTTGGTCGTGGAGAGTGGATAGGATGGGAATCTAGGATAGGTAACCTCTTTCCTTAACCAATGCATACTCCGAATGTTGAGCGCCCTGAGACCCCTGCGAGCCGGTTTTCTGGCCTTGCCCCTGCCAAATTAGTACTCATCATCCGATGCCGAGGGCTGCGACTCGATCGGCAGAGTTCCTAAAACACTAAACTGCACAATTTGGGGTCCTGTAGGCTCTAGTGCCGGATGCAATCAAGGCATCAAAGCCTACATGGCGAGCGTAGACTACGGACACGAACTACCGGCAGCCAACAAACAAATGTAGGATCTCGATCCTGCTTTGCTCTAGTCTTAGTAGCATCTGCCCGGAGGACGTCGCGTATGCATCGGACGCCTACCTAAGGTCCGCTACCGTGTCATGTGGGAGAACTGGTAAAACTAGATGGTAGACTCACTCGTTTGAGAATTTTCTGGTGCTAGGCGTGGTGACCTTGCCGCTGCCTACGTCTTGTATGGATTGGATCTCACGCTGAAATTACAATGTCTGTGTTTTTTCCGATTTGACGTCTCATAAGCCGACTATTCTACATGCAAATGTAAAAGTTCTAAGCCAAGGTTCCGGGCGACGTCCGGGATTTCGCTAACTCTGCATTGGGTGTTTCCGCGCTCAGTCACAACCGGGTCTTGACTTTGGTTAAGCCGTTGTACCGATTTCAGAAGCGTTCATCAAAGTCTCGAGACTCTGGTTCACGGCCGGGGACCCCGGGCAACCCTCAATAGGTCTGTGCTAAGTTACTCTCAGAAGCAGATCTCGACCTCTGTTATGAGCTCCAGACGCAGGGCGACCGAGGCACTCTGGAGGAGTCTGTGTATTTACGCCACCCGTTTGATCTTGAGGGAACGTTTTTGTTTTAGGTAGCGCGCGCGGCACCAGATCGCATGGAATAAGGTGGCTGAGGCTACACCATAAATACATGTTGTAAATTTGAATGACGCTTATAGACCACTCCGTTGATTAACGGAACCCCCGGTATG,1371,51.35,Saccharomyces cerevisiae
SEQ_310443,GCGCTCCGTTCCCGCATGACACGTGCGAAGAGTACCACCGATTTGAACGGGCGCAATTTGATCTTTAAAAATTAATACTTCTTCCTACCCTAATTTTGCTCGGGAATGCGCGTTGGGCGCCTTCCCCCAGCGTCCGCCAAAGGATCATCATGGCTGTTTCTGGAGTCTGTCCTACAAGTTATTGGGAGGTGCACTTATCTTGGCGGTGCTGGGCTATGATGCATCATCGGGAGTGTCGCTATCCCGCCGGAAGGTGGTCTAACTAGATCCGTGTCCCGCAGGATTCGGCTTCCTTGGCCGGATCACTTTTTTAATGGGTCGTAGCGATATGCCTTAATTGCGCGCGATCCAGGACGGCCTCGATGATACAATGGCTAGACCTGCAAATGGAGGGGCCTTTAGGCCAGCGCGTACAAGTATTCTTCTTACCGGCAAGAACTACGAAAGTCCCAGCAGGTTCCGAACGTCCATTTGTATAATATATAAGGACTTTGACTGACACCAGTGCGTCTACAGACTCTCCAGGACTCGCTACAAAGCTATGTGGACCACTTTCTGGTTCGCCGACTTTGAGAGAAAAGCCTCAGGAATACTATAGTAAACTTTCATAGCTGCTATTACATAACCCTACTGCAATGCAAGAATGCGCAGATTTACTCCAGCCAATCGACAGATAATTTCCTTATCTACAAAGCGCGCCTCGTGCATGTAGTCTAGCCACGCTGCATCCGTGAGACCCGCCGTACCTCGCTGAGCCATGAGCCTTCGCTCGTCCAGCAGCCGCCCCATCTTTATACTTCCAAAGTCTATCCGCCTCGCATAAATTTTGCGGTACCACAGGAAAACATCCCCGTGCGCGACAACTGCACAGTCTAGGGCCTTCGAAACAGAAACCGGCGTCTCTCGGCTATAACTACAACGATAAGGACCCGGCGTTTTTGTGTAGTGCTGTGGCATTCGATTGATTATTCCAATAGGAAAGTTTAGCCATAGGGGTTTGGGGTTTAGTCGGCTGTCTCCAGTGTTAGGCCGAAGTCGGACGCTACGCTGAAGCAACCGAACGGGGTAGCTCAGAATAAGCTGATCGGCCAGGTGCTCTTGAGACCGTCCCCTAGGTTTTCACCCTCAGCGCACAAGGGCATGGTAAGC,1149,51.35,Arabidopsis thaliana
SEQ_587630,TCCCGTATAGGGGCTATCACAGCTGTCCTAATATGTTACTTCGACATCATCTCAGACGAGCGCCGCATTTTCAGAAATCGGCAATTTACTCTACCGGCGCGTGCCTAAATCTTATAGGCGTATTATCGATTTGCATGTCATGAACTCCTGTACGAAGCGGCCCTGGCTTCTTAATGGCGAGATTCAAATAAGCCAAAAGCCTTATCTTCAAAACGCAGGTAGGAAATCCAGCTCGTTAAACTAATCCCACAGGTGCACTTTGGCTGGCGTTTAGCATGCCTCACTGATTCCAATGCCAAGTCAGATATTGGGGTCCCTGAGATAAAGTCGGCAAAGATAGTAGACGGTACGTGCTTTTGGTCGTGCTCTCTGCGGGCTGTGTCGGAAGGGGGCACGAACGCACTTATGAATACCTAGGTGTCCCGAGGTGTACACCAGGTACCTTGCCTCACCTGAGGGAAGGTACGGCCCCTGCGGCCTACAATGTCCTCCCAAGGAATACAACCTAATGTCAACACTCGAGGTCGCTGTCTTCGCTTTCACTGTGAGGCGGGCGAGCTACAGTCAGTCTTTCACTCGACCTCGAGTCTACCTAGAGACATATTGGGACGCTGCGTTCCTATCGTCCCGAATGTACCGCACAAACCTATATATGTCCAAATACATTCAAAGCAATACAAGGAAATCCGGACAAACTTAGCGGGGGAAGGATACAATTATGCGCGCTTTCTGCCAACACCTGAGTCCCAGCCGGGCTATTATACAGGTCTTTATCAAGCGCCTCGCCCCCGTCTAAATCCCGGCAGATACACGCAGAGCTGCATAGGTAGGTCAAGGTTCGAAGAGGTACGTCATTTTCTGTTCTATCCTGAGCTCTGGGCGTACTTCCACGACCGGGGGAGACTTGCAGTCTAGGACCCGACCCAGGGAGCTGAGATCTGCGTGAACATCAGCAGCTAGCTATACTTATTACCGAGCATGTGTGCTCAAGTGTGGTATCCGTGTCGTCGTCGCAGAATATCAATGTCCCTCGGTCTGGCTACTGAGAGAATAACCGCAAAAATGTTGAAACGTGGTCTCATCCGCAACATCCGGGGGCTAGATAAAGCCTGAAATAAAATCGCGCTACCCTGGAACGAAGCCGACCTACGACAGGAGGTTCGCCGCTCACTGAATACCAGAGTTCGCTCGCCCGTCTACGAAACGTTCGCTTAAAGTATCTTATAGCGAGGGGAAAGACCAGTAAGCCGCCGTCCGCGGGAGCGCACACCGCTCCGCTATTCTATACCCAGTAGAAGGGGTCCCTTTGATATCATGGAGGCTCAACTGTGTCACGCGTGTGAGAAAGAGTAGGCGGTGCGTACCATTTATGCCAATTGACCCCACTTGTATCCTTTGCTTTCTATTCTAATAGCGCATACAAGGCGCTAATATCAGCACGGCTTGCGTGACGAATGGACCCGACTCACCAGGTGCAGTAAGATATCGATAAATCCGATTAACAGTAGGCTTAGAAGTCGTACCATGAGCGTCGAATTTGACGTAACATGCATCCTGATTAGAGTCACAGATACGCCGAACCTCCATAAGAGGGTTCATCTTTACTTTGTCAAAACCCGTTCTTTTACACCTCCCGGAGCGGGGGCGATGTACTACACTCTTCAACTCATGAGA,1674,50.42,Saccharomyces cerevisiae
SEQ_212375,CGTTCAGGCTTGCTAGGTATGATATACGGCATGAAGCACTTGGTGGCTATGCACAGTTACTTCCAGCCCAAGCACAGATCCAGAGTGCTCGAATGATTAATGTCACTTCGGCTAGGCAGACATTATACTTTTGCATTTTGATCGGGACTCGCTCGGACCTCTGCTGTTACAGCGTTGACTCTTACCCCAGAAGAGTTACAGAGACACTGTCTCTGTAAGATCAAAACAAATGCAGGTCTCAGTCCGCGTCCTAAGAAGAGGCTCACGTCTGACCTTGGTAAAGATGTACTCGAAACTCAACTCTCTCCTTGGATTATAGGATGGCCCGTTGCTGCGCTGTGGACTGTAGGCTATGATATCCACGAACTGCCTCCCCGTGCACCAATCGATTTCGGGGGTATAGACGCTGTACCGGATCGTCTTGGAGTGCAACTTGAGGTGCAGGTATTAGAGCCAGGGGCCTGGGGTTATTACCCCTGAAGCATGGTCGACTAGAGACCTACGTCGGCTGAACCTACATGCTCCCACACTCATCTGTGTTAGCTTCGGGGATTAAACTGGGAGCCGTCATAGGGCACCTGGTAGGCT,588,51.02,Arabidopsis thaliana
SEQ_575597,CTAGTCTTATGGTAACTTACAGTATGACGCTAGCTAGACATTATCGGTACTGTAAAGGGCCAGATACTATTATCAGAACGACGTCTGGGAATTACTCGGCTAGTTGGGCGAGTGATACTTGATCCATCCAACTATTCGAGAAATCGAGCTCTCCTGAGATGCGTGCCTGTTCCTAGTGTCGACTCAGGCAATATCGGCACACACAATATGGCTGGACCTCATTCATTTCTAAGCATACACCACAGTTAAAACACTGTAGGGACGGGGATCTGGCTGTACCATGGTCTGAGGCGAATGGAAAAGGCCTCAGTTATCCAGGGCAGTGGGAGCAATATTGACGTGTTACGGGCACAAGACAAATATTACATGGATCCGAGCGGCATTAGGTGCTTGAAAGTCTGTGTCATGAGTTCGTCTAGTACGCCCTTGCCATATCAGCACGTTCTTGTGCAGCAAGCAACCTGCGATGGATTCGATTCTTGTTGGCAAATGCACAAACACGAACGAGGGTGTCTTAATTAATCTTCCTAGATCATACACCCACCAGACCATTCCCGTAGAGGGTGGAGAACATCCGCATGTGACGTGATTCAGGGCAGGCCTCGTAATGAAACAACTGACCAATTTGTCTAGGGAATATATGCCTGTTCAGTCTCAGCTATTGACGTAAGGTGACACCCATACTGCGCTCATGAACCAGGTTTAGCGCCCGGGGTGCGGTAAGCAGCCGTCCTTCAATTGTTTGCTGAGGACCCCTGAGCGAAGACACAGATGTGAGCATGCATCATCTGTTGCTATGCGTCAGACAGGCATGGAGGAGCCAAGTAATCAATGATCCAGTAGGGGGTTGCAGATCGTATCCTGGACTCACAATATAACCGCACTATAGCTTCGGGGCCAAGGCATCATTGCTCATAAGCTACGGTAGTTCTAGCCATATCAGGGAGTGTACAGGATTTCGTACGGTTCTTTGAGCAGGTCTGTTTGAGAGTACTTGCTTAGTTACGGGGGTTCATTGACTACGTCACCAGACGTTAACAATACCATGTGTGCGGTCGCGCTCTTCTTCAACCGGATGCGCTAAACCGACTAAACGTGATGAGCCAACTCAACCAGACACCCCCCTAACAGCTAACCGTTTGCGGGATTCCAGCACTTTAGTTTCACCCCAAACCGAGATCTACCTGCCTAGCGCACAGGAGCAACAGATAGGTGTTGTATCAATGGAAGCGAGGGCTACCGGACGCAAGTCAGCT,1256,49.12,Mus musculus
SEQ_886736,TAAGTGACGTAGTGTTCTGCCGATGAACCGGCGCAAGCCACTCTTATCAAGACTCTCCGTGCCGTCACAGTTAGGTGGCTCTCCCAACTGATGTTTCTGTTTGAATTGTCACGCAAAACTAGTAGTGTTTCGGTGAATCGGCGCGATCGTGCTACCGCATTTGCCTTAGGTTGTCCCATTTGACTAAGGAGGTCTTGACGTATCAGGTGTCCACCCGACGACCAGGGAGGGCCCCTAGTGCGCCGCGGACATTGACCGCTGGTCTATGAATACTTACGCGACAGGTCCGAGCGATCAAGTGCGCCCAACGTGTGCCGAGTGGCGGTCCTCACTCGGACTGAAATAACGAAATGTAATATGTGGAGTGGATCACTGGGGTAAATCTTTGCTCCTTTACAGATAACAGGTCGATCTGCGCCCAACGGCTTTACCGATGCCGAATAACGTGCCATTGCTGCATCTACACGTTCAAACAAGCGCGCCGAACCACTGACACAAAACGCAACAAGCTGGCCGGCCGCGGAAAACTGCCCACATTAATAGGGTCTGCCCTCTCGTGATCAACTGTTTCGCTACGCATAGGTAGATCCATCGCTTCCGTTTCCGGTGACGTAGTGCGGATCCATAATAGAGCCTATTCTCTTATTCTTGAGCTCTTTTCGCAAAGTCGCACTAGTCGGTATTAGATGGGTCCTGGTAGCGGATGCAGGTCCCAACATAGGCATTCGTACCTGGTATGTTCTTTGTCCATTGTCACAGTGTCCGTATGGAGTAAGGGTTCTATCGACGGGGCCGCTGTACCGAGGATGTTGGGTTTGGTTTCTGAAGTAACCGCCCCAGGCGGGCTAATGAGATGCACGATCTCCATCACGACCCACGACCCAGACAACGAAATCTTTATATAGAGAGCGACTAGTCCACAGTCACAGGTCAAGGCCGCAATGACCAACAATTGTGGACGCGACAATGCCGGATGCCGCCTTGCTCATGGCTCCGAAATTTTAAATCTATTGTGCAAATACCCCTCTAGAATGTGTCAAGTAGGTCTTGTGTCGGGGTTGAGCTGTGATTCGCCTTGTGTATGCCATACTCGGGCACCTTTGAGCGTATCATTAAGCCATCTGCGTTCCTCGTCGCAATAGATGCCCGGACTTGTTGTGGAAATTCCCTCCTATGAAGGCCGACCCTACAGTATATGACGGGTGTGCGTACCCTCTTAGCTGTGGACGGAGTACTCCACTGATTTTTAGATGCGACCAATCGGCATCAGGTTACAGGTACGGTACAAGGATGAAGTGGGATGATAATCCTGTCCTGGGTAGCCTCTCGAGTACTTGGGAGGTGCTATCGCGTATCACAGGATATGTCGCCGGACCTCTAACCTCGAATACCTGTGAGGTGTCTTGGAGGGCATCGTGGCATAGATACAACAGTCCCCTCGTCGGTCACAACGTGTGACACCAGCCGTGTTTGTGTTGTTCTGCTACACCTCCTGGACGTCATTTAAACAACTCATTTCGCGATCCGCATCTCGCATTCTGCGGGAAGTCACGGGTCGCGCACGCATCATGCACATTAACATAGCCGTCGAATACCAGTGGGACCGGAGCACGGTGGCCAGACATACGATTACTGTGACTGATTTGCAAGCCGCGGAGCCAGCCGCAGTTCCGTTGAATTCACACCAAGGGAACTCCAAGAGGTGCTATTTTCGCAGCCATCTATTTCAACCGTTTAAGTGCGATTTGAAAGCTTGAAATCACCTACTGTCGGCTGCTGACAGGTTCAAACCCGAGGAGTGGCGCACCTGTTCTCTTATGGTGTCTAGGACCAGAGGAAAGTTTGAGAATGACGGCCTCAGGGCATCGGATCCCGGGGGGACACGCACATCAATGCTTGAAAGTAACTCGTTAGAAGATATTAGTGACCCCGCTCGTGCCTACTAGGTACCAGTGAGCA,1959,51.81,Arabidopsis thaliana
SEQ_887849,GAGTGTAAGTCTCTTCGTACATGAGAAATATTACTTTTATCCGACATGGAGTGACATTTCTCGAGGTCCGTTGTTGCGATAGAAGCGGCGTCCCAGCGGGGGTGCGCGCACCTATTAATGCCATTGCTTCATCGTCGTCTATGATAGACGTCTAGAAAGGTCTTAAGTAGGCGGTAGACTGAACAAAACGCGACATGGCATTTGGATCGCGAAGAACTGTATCCTATCCGTTTCTAAGCAATGCAGACTACTGGTCCAGAGGGCATATTTTAGGAAAGACTCTGGCTGACGAGAGTGCTACGGAGCGAAAATGTTGCTATGGTCCGCCCCTGCGAATCTATCAGATGACTGTAGCCATTACACATTATCCAGTCTTCAATTCTAACAGCAAGTTCATTATGCTCGAGTCGGACACGTAGAAGGCTGGGCTACCATATCAGAGCCGCATGTCAGGATTCGCGCAGTTCAAGCTCCAGGCGATGCCGCTCACCGTGCAGCCCCAGGCACGAGGGTGACGGACAGATGTTGCTCCCGAGGTTAAACCAACCTACCCTGTAATTTCATGACTCGACTAGGACTCCGTTTTGTGTTCTCCTAACTAAAGTACGACGAGTCTGGTTTACTGCGACGGGTCTCGGTTAAACGTACCCTAGTCCAAGGTATACTTGAATAGACGCACTGGAGGTCTCCGTATAACCCCCAAGGTATCTACGATTCAGATTGGCGACTGTGCCAAGGTCGGTATCCTCGGGCGGTTTCGGTGACCGAGTAGACTATTCTCGATGGCAGAGCTAAGTCTACTAAACACTATAGCGAGTTTATCAATTGCAGTTGTACTTTCCAGCCTACAATTGTCTTCCCGCCGAATTATATTTGTTCGATTCACGCTCCTACCCTGCCGCTAACATCCTGATCTGGTTTACTAGTCAACCGAAGACTGCGTGTTTTTTTCACCCGAAACACCGTCGCAGTGTATACACCAGGAGCAATTTCCGATAGTAACTGCGTTGCCAATCTCCCACCAAGCAAACTACTCGGTCGCGCCATCACTCCCGTATAAGGATACTAGACAGTTTCTCCTTTCATATGACAACTTCCCTTCTGCCTCTTCCATCATGGCCATGGTAATCGTCAGGGATCCGTTCATTTTCTGGATATGCTTACCTGAACGTGCAGACGGCATCAGTGCCCTTTGGTAGACCGCACTATGCGCCGCCCGATCCCGTTGCGTTGGAATCGAGGACTGTCACACGAACTATGGTGGGAATCCATATACTTTACTATGAGCTACTGATGAATGTGGGTCGTCCGACGACACACTACACGTTGCCGGATCTTTAGGCCCTTAATTGTGGACTGAGAATAGATAAATTCACCGGCCTTTTGACGGGCATTGCGACTAACAACGTTGGAGCAAACCATCCGTGAAGTCATCTCGAAGGCCCAAGCATTAAGAATGCCTTAGTTCTGCACTCGTACGGGTTTCATTCATCCTACGCAATACAACCCAATTGAAATT,1519,48.72,Mus musculus
SEQ_183562,CGGCCGAAGCTCTGCTTTACACCTAGGGCTTTCCGAATCCTTAACTCCTATTTAACCGGTAGCAAACCGTAGATTACGGGTCAACGAACACTGATACCACCGGACGTAGTAGAGCCCACCCGTCACGAACGATAAAACCGTACTTGGTTATCAGGCATTAGGTGCGGATTTGCATCCCCTCCCTCAACGTTCGTGTATTTCTAAGCAGTCCCTGACGGGGCATCTAGTTTGAGCTGTGTAATTAAGGCATAGTATGTTGTCTAGCGATCTTACGTTAGGCCGGCGACGCGGAGCTATGCGGAAGGTCACCTTGACATGGGCATACTGATTATTATAATTATATGGATCCGTCCCAAGTCCGGTCATGGATGCTGCACCACTCCCGAGCTCACTTATTACACCTAGAGATAGCATGACGAACGCGATCGAGGATGTTATGGGGCTCTCAAGCCTCCAGATGTTATCTGTAACCCAAGATTTATAAGATCGATCATACCCCAAACATGCAGTGCTGTGCTTCTCTTATCTGATTACTCCGCAGTGGGACCTTAAGCACGAGTATCCCGTCTCACATCCCGCCGAGCATCTTATGTCTCGCGCGTCCTGGACAGTATCTGAATCAGTCAGCCCTGTAAGCACAACATGATAGTTGGACGGACCTTGGCAGGTCCCGTGTGGTGCACTCTCGTAGAGGTATTGCGTCTGCATCATGAGGCTACTGTGGCCGTCTCTACCCGCACCCTAGCTTTCTCCAGAACAGGGTCGATAGGGGACCGATGCAAAACACACCTTCGACCTGCAGTCAGACAATTGTATTACTAACGAGATTGGAGTTCACGGCGGAATCAAT,850,50.24,Homo sapiens
SEQ_499012,GTCCAGACCGGAGAGCGCAAACTGGCTAGGATACCTGCGATTATCCCCGTTAGCCTACCTACTTATGTTTAACACGCGTCGTAGGGACTAACACAGACCCAAAGATGATGAATTACCCGAAATCGAGTAAACGAACTATTGTTTCGGTCGCTCCGACCTGTCAGGGTCGGGAATACGTGAATTTTCGGTCGTGGTAGGTCCGTGCACAAGATTCGACTAACTACCACCAATCTGGCAGAATGGATCATCGAACGACGACACACTACGATAGGATTTCTGGGGCTCGGTAGGCAAGAAACGAACGCTGCCCACCAACTTCTGCCGCAGAATGGTCTCCGATACATGCGGACAGCTACTTGTCGTATTTTCTACGCAAAACATCGTAGTACGGGTATAACCTAGACGGGGTCCCCACAGACTTGTTCAACTCAGTATCTGCGCCTCAGCACCCTAATGGGTCCTGAGATCAATACTAAGGATACCCCGTTGTGTCTTCGTTATAGCATACAGTACCCTCTCAATCATCATAGAGATCGGAGGTCCAACAGGCAGCAATGGCGAAAACCTCCCTAGGATCGGCAGCCCAATACGTCGATACATACAAGTGGCTCCATGACTATAGTTCACTCTCCAACACTGGGTCTAGGTGGTTCGAGGGGACCAACGACTGGTTATTGGTAAAGACCCACGTGCAACACGTAGGTAGGTCTGGAAACCGCCACCTGACACTAACTATAACCCCGGGTGATTTGTACGTTATTCAATCCGTCGACCCCCCTGAGAATTAAGTCTACTTGATCGAGCACACAAATGGGGAGTATCTCCGTTTAAGATCGACTAATGTGTAGAAAAGTTAGAACGCGCCAGTTCCCACGCGGGGGGTTACAACCAGAAGTGCCCAGCGCGTCAGAGGCTAATTCGGAAACTTCACGTTATGGAGTACGCTGTTATCCTTTGGCACATCATGTTGTCAAGACAACAGGAGTAATGGCAGGAAATATTACCGAAACTACCCGGTTCCTGTCCATGACGGAAGATACATAGAAATAGTTCCTATTTATAGTCTCCGTCTTTGCCAAACTCATAAATGTTGTGTATGGAGACAAAAGCAGGATGCGGGCATACGCAAACCGTTAATGCCGTCGGGCCCGTTAGTGAA,1159,48.92,Saccharomyces cerevisiae
SEQ_640857,ACTTACTTCACGAGGAAATGTTGCTGGATAACTCATCTGCTTTTCCTGGGTGTCCACGCAATCCCATACGCATTTATTGGCTTGAGCCCTGACGTGCGGGCTGTGCCCAAGACTCGAGCTCTGGTATAGCAGATCTAGGGCGTACGGCGGCGGAGTGAACGCGTCCTGATGCCCCGTATTTTTATCAGAAGGACTATATGTCTTGAGCCTCACACGATCTCATATCACGACGGGGATCTTATGCGTGCTCACTGTGTCGTAGCGACGTCGTTCGTACAGACCCTCCGACAACGATAGGGGCAAGACTGGTTTATTCCACGTGTATGATGGAAGGCACTATTGCGTCGCAGTTCCTCCAGCATCAGCTGGTCGTCCCGGGGTCCTGGCTTTTGGCAACCTTCCGCCGGGCGTGGTCATTCATTATAACGCTCTCTTACAGTGTTGCGGATTGGGTATGAATGCGGAGCCCGAGGCAGCGCTCCAGTTCCTTCATAACTTAAGTTGTCTCCTAAGGCAAACCTTCGCTCCTTATTTCATGCGTCTACAAGAGGCAAAGCCCCCAGCGCCTCGACACCCGTATATCTCCATGCTTGTCCCATGTTACACGTTACCGAAGGCTCGTAGTTCCAATGAGTCTCAAGACCCGGGACTTTCGCTACCGCGCCGATTGAGACGGTTAGGTTGGAATAGATGCAGGTGACCAACTGACTCCTCC,715,53.15,Caenorhabditis elegans
SEQ_620403,ATCTGTTAGGCCGGGAGCCCGGGAGACAAGTGGCGTCGAGCTCGTTTGGCGATCGCTCAAGGATGCCCTCCTGGAATCATTCTATTTCGATGGTCCAGCGGATTGGACGGACGTTCGGGGGAAGACCATTTGGGCGTCTGACAACACATCTTAGGCCGTGTCACACACATTATGTCTTCATAGTAGTTTAATAATAAACACTGTTGATTTCCCTGGAGTTCCAAACTTTGAGTCTCAATCAGGAATGCTCCTCTCTCACATTCGGCTATTACCTTGATAAAAGCAGATAAGCACACTGATCAAGTCCGCCTATGTCGTGCCCATAGGTAACGTGCAGGAACAACCGCGTAGCCGGACTGGGTGGCTGTTC,370,50.27,Saccharomyces cerevisiae
SEQ_354768,GGAAGCCAACGATCCACAATCAGGAAGTCACATGCGCCCTTCTGTAGTCAGCGAATCTATATCGGCTACTCCAATTT,77,48.05,Escherichia coli
SEQ_984684,CGTTCGTAAACAACGAGCTATTTCGACCACGGATAGGCGTACGATGGACGATTCACAACCCATGGCGCGAAATGTCGTTACTGCTCCTCCACAAATATATTCTCCTCGCCAAAGCCGTCGCTTTTCATAACAGTGACATGCCAGTGGCAATTAGTTGGGGGAGCACCAAAGTGGTCAGAAACCCCGTGAATAGACACCATAAGACGCCGTTATACTTACAAAGGCATTGAGGGTTAGTTCACCACCCCCGCGAAGACGAGTATGCCGGAGAGAAGACCGTTATTTTGGATGCTAACTATATTAACCGTCTTGCTGCAACCGCCACCAAACTATCTAGGCGATAGATCAGGTGTTGATTAACTGTCTCTCTTGGTCGCTCCTGTACAACTACAAGCGGGCGGATCCACGGCGACCGCAATTACGCGCAGGCCACTAGGCTGACTAAAAAAAATCCGGGTAGTTGTCGGGCCAGCCTTAGCTTCGCTGATTATGGTTTAACCCGAACACGAACAGTTTGAAGTCTCAGATTCCACTTTTCATAAATGATGGATGGCCTTCTCCCAGGGAAGCCATCGAAGCAGCATGATTTCAGGAAAGTCTCCCGTCCTTTCGTCTGGGAGTTATTTTAGCCCTGTGGGAGCCTTGCGGCTGTGGCTATCAGTGAGCATCACACCGTGCTGCATTACATCTAATCGAGTTGTTACGGCCCTCTCGCAGCTTGATAGCGTACGCAGAGATTAAACATACGGATAACGACTATGGCAGCTATAAGACACTGAAACTGTAGGTCCCGCATCAAGTTGAATACGTATCGGATTCCAACACATATCTATCGGAACCCATCGCGGCACTGGTGATCCTCGGTGCTCACACAATTAAAACGACTGACACCCGAAATCTCCGGCGAGCTTCCGCGATAGGCATTTGCTGGACATCGCGATCTTGTGGAACATAGTCATTCAGGACGACAAGCCGTCGCTAATCTGTCCGCAAATATCACCATTGAAGTGGCGGGCCACTAGTAAGTCCTCAATTTCTGCCATATTGTTCTCGCTCAGGAAGTATC,1066,49.34,Arabidopsis thaliana
SEQ_580404,GGGTACGCCGTGGGGCGATGTTTGGAATAGATCAAAGGGGCATGTGTGAGTCTAACCCCTAGAGAAACATCCCGCGGATGACGGGGTGATATTCTAGCCACTGAAGTTTCCATAAGGATGCGGGCTATAAATGACCCTGGTTTTTTTATTCCTGGAGATGATTCCATTCGATGGGCTTCAGTAACCTTGGCCCTGGCCATGAAGTAGAGGACTGTGGTGTTGATCAGCTTCGCTCCTTTACACCTGATTACCTGCCAATCTGAGTGCAATCGCCACTCACCACAATAACGTCTTTCCTGGAGGGTGATTGAGTCCGCGACAGTATAAAACTCCCACCGTGGAATGTTGAGGTACGCGTAGTGTAGGCATAAGCATTACACTCATAGAGCAGCTGGGGGAGGACAAATCTGTTCGAGTAGTGCCAATGACGACACTACCGAGTGTCTCCTTTTTATTCGGGACCCACGTTCGTCTCTCTGGCTTTACTAACGATAGCCGCGTTAATTCGGAGGGAGCTCGCGGCTGTGGGGTCAGTGGAAGCTCGTGTAACTTCATCGGTAATATGAACCTAGATGGTCCCGGAGCTGTCCCATAATAGGTAAAGGTATAGACAGCGTTCTCGCAATGCCGATCACAACTGTTTGGCAACACTTAAACTCAGTGGACGAAGAGACTACAACGATCGGTGCGAACAACATCGTATAATCCCGAAATGCAGATAAAATCAGATTATTGGTAGGCGTATCGAAGTCTAGGAACCTCTGCGAATCCAGAATACCAAATCTCCGGTGGGGTCGGAAAGCACCTGCTAACAGTGTTTCAAGGTGCTCTCTCGGATAGCTTGCTGCAGCGGCTACCATAAACAATGGGGTCCGCGGGCCATAGATTTGGTGGGCAGCCACTTTCTAGCAAACCACCCATCAATAAATGGGATATAGCGGAAGAGTCCGTGGGCTAATCGAGGAAAACAACTCCAGCCTATGGAATTTTGAGGAGTCTAGATAACAAGTAAGTGGCAAAAACCTTTCACGATAGGCAGGATACCCACAGGATTACGTGAATGATGTATATGCGCTATCGTAGGGCAGCCACAGGGGTGCATTGAACACAGGGTCCAGAACTGACGAGCAACTCGATTCAGTACCAGGTTGTAACCTGGTCCCATCCTAGTTACTGTGGGTAGCGCTTAATACATCATGGGTGCGCCCGGCGTCCTCCGCCAAATATGATGTAGCCATCCTGGTTTAATGAAGTGGACGGACCTGGTGGTCCCTAGAGGGGTACCGAAACCTTCAAGTGACGACGCCAGGCCGATGATTGGACTAGATACCTGTGACCCGGTCATCCAGTGTCCGAACAACGGCGATCATCGCTCAGACCACCTGCAGACGTCTCGGTAGCCATTATAACCTTATGGACTCACCAGTACGATAGAGGAAGATGATCGGGACATTTCGCTCTTGTTAAGCGACCAACTAACACTTGAAAGAGAGTGTGAAAGGATGTGATTAGATCCGGCTTATAATCACACTTCTGAATATCTGGCACCTTGGCGCGTTGCTACGATGAAATGCCGAGTGGGGTTCCCTTGCACTCTTATTTATAACTGAAACAGATGGGAGTGTAGGAGGCTGTTTTAACGGGGACTCGTACCGCAAGCCAGCCAGCACGCACACCTGGATGAACGTTCGCCGTTACTGCACCGACTCATTGTTAGCGCGACTACAGACGAAGACGTATTGATGGGTCTTAAAAAAAACCA,1762,49.6,Escherichia coli
SEQ_898877,AGAAAACCCTGCCACGCTTAAATTCAATTCGCAGCGTTATCAAGGGACTTCACTATGTCGCAGTCACCAGGGGAAGACTACCCTGATCGGAGAGGGTACCCCGGCTCCCCCTAATGTAGAGCTTGCAGAGATCACGGCTATAGGTCATTTTTGCCAAGTGAGCAAAAGGTTTGCGCCTGGATGATCAACCGCAGGATGGCCAAAGGTGGTAAACGCACCCTGTTTAGAGATTCAAGGTTTGACGAGCCGACGACTGTCGGTCATCAGTGATTGTCTGACACGTGTTAACAATCGACTCCTGGATGCAGACTACATCCCTCTTCTCTGACTTCGGGTGCAGCGTCAAGGCACCTTGATGTCGGCGAAGTAAACGAGACTCCCGCGCAGTGGCGTGCCAAGAACGCCACTGGAACACTGCATTGCTCATTTAACATGAACTGAGATAGCGTCGTCTAGGTCCAACCCGCGCGATATCGCCTTTTAACGGCGACCGTGACAGGGCTGACGAGCTGAAACTTTCCCACAATGCTGATAGCTAACTTTATTCGGCTGTACGTAAAGACGCACCATCCAGGGGATAATCTGCAAATTCGATAACGGACTGTTCGACTAAGAGTCCAGACATTGTGACCACCTACACTTCGAACACGTGTCAATAACGTGGCGCAGACTATTAAGGACTATCCGTTGGGACTGGCCGTGCGGAGCGTGCTAGCTTATCCGATACCTAGAGGTGAGCTGGACTTCTGGCAGCATAGTACAAAGGGTACGTGTATCACTGTTTTCACAGACCGAAACCCCGCGCATGCCTTACTACCTAGCAGCGCAGGGCCCATTTAATCTCCTTTTCCCACACGACACTATGGATAAAGTTTGACTTACCGCCCCCCCGTAGTTCAATCCCGCTCCAGTACTGCTCACCAGAGGGAAACGTGTTTTGTAGTTCTTGATGCACTTAGTGCCCAGATTAGCCACTCTCGGGTGAGAG,988,51.42,Caenorhabditis elegans
SEQ_128932,CTGCGATCTGCCAACCGACTACGTTATTGTCGGATTTTAGCCGCAACGAAATTGCGACCACCTGTGTCGGACAGAGTGGCTGACATCCCAAGCATATCCGTAAACATCCGCACTCTTGACCCCACAGGGGACCCTACGAAGCGAGCCTAGTTGCAACGCGTCTGTGGCTGCACTGCTGAAATTACCCGGATACTAGTAGGTCTTAGGAGTAGCGCCTGCGGTACACGGTCCCGGGCACGCTCACAAATCCCACGACACGACAGTTATACCTCAGGCTGGACATCTAATTTATAGCATTGCTTTTGAATTAGACCGTCTCAGCTAAGCAACAGAGTGTCGCAAACAAGGGACGCTCCTCCACGAAATAACTAAACTTATATAGCCATCTATCCATCGTTTCTCCGTAAAGAGACTCCAGTTGTATCTGTGGAGGCATATACTGATGGCATAACCGCGAGATATCGGCGCGAGTGAAGTTCTGGTTCGCTATGTATGACAATGCTAGTTGGCCAGATTAGCACAAGTGGTCACTGTCTAATTTGCCCACCGACATAGATTCTCAGATTAAGCCTGATCAGTGTTTCGTTAGAAAAGGGCACCGAAGCCAAAGAGACAGAGCCGAACCAACGCCGCGTCGTCCCGCGGAAGCCGTTGAGTGAGCTGCGCGCTGTATTAATTACGTTCGTACGAACGCCAGGTGCGTCCTTGAAAATCTTAATGGTGAACTAGGGAACGGTTGCCGAAGCTCTTGAAGGCCTGCATTTGTTACCTAGAGCGGACAGTCATGCGCTAAACGCAAAACAAGATTCGTCGTAAGATCCTGTAGCCGGTGCGGCTCGGCTCATCTCCAAAACAAGAGAACTGATAGGCTTCCTTTACCTGACCAGTCGGGCAGGTAATGCCACCGTGATCCGTGTCAAACTGAATAGCGATGTCTGATGCCACCCCACCCCCTCGAAAAATTTTTGCCGTCCTTTGCGGTTTTGTATCCTGGCTCAACGCTGCTCGACAACTCTCAGCCTATGTTTAGGGCAGATGTCGACGGCCGCGAGATTCCCTACAAACGCACAACCCCACTAGCTGTTCCTATTACAATATACACATACGCGCTAAGCATCGCACAGTGATTAGAGCAAGAGCCTCAGTGAGCTACCCAAACTGGAAAAAGAACTCCATCTCTGAGCAAATTCTATCTCTGCGCGGGTCTGTGGCAGGCACAACTAGTATTGATTTGGTGGATAGGTCTCCGCGGATCCGTTCGGCGTCGCTGAACTGTAACATAACCATGCAGGATCCACCCCTTGAAAGGTTGAAAGATCGAGTTCGTGTAGCCGTTGGGGTCTCTGTAGTCCTCTGCTGCGCCCAAAAATGGTAATTAGACCCATTACATATACGCAAAAGGTCATTTTTTTCTGGGTGCATTCCGCGCACAGTTAACACAACGCGTTAAAAAAAGCGTCTTTTTGAAAGCGATCGTCCCAAACTAAGGACTTTGTTACAGCACAGTATGGGACGCAGCGCAGAAAAAACGGCTGGATATATAGTGTCTTGCTGCCAACTGATATTATACGTATCCAAAGGCTAAGCCCGGTTTGCGTGCCACGGTTAGAAGGGGTGAACGCCCCCTCTAGTAAATTCGACTCCATACGACCACGTCATAACGTTAAT,1668,49.64,Caenorhabditis elegans
SEQ_648953,GAGTCGAATGCTTCGCGGGGGATAAGCTCCGTGTGACTTTGGTATCCTATTATTCCCGCTATTATGGGATCGTCCCCCGCATCAGGCAAAGCGAGACAGGGTCTAGAGGTTTTCGCTGAGTATGACAAATGTTGGGACTTTAAAGGGGCCTAGCGACATCCGCGTCGTTCATATCGAGCCTTCGAGAAGTTTCGTGATTAACCCCAAGCGCGGGAAGTACCATTCGATACCAAGCGCATGACCGCCTTACAGTTTGGTAGATTAACAAACTCGTGTGGTGGCGCAACTCTGGTCCCTTCCGCTGGGCATCATACCCTCTTTTTCTTTCCTGAGGGCGGCAGTATTTTCACCGTTTTCTTAATCGATTACCGAGCTGTAACAGCATGGATAAATTATGAAAACCCATGATCGCCTGGTCGGGTCTGGTGAACTAATAATCACAGATTTGGGAAATGTACATATAGGTAAGGTCTTACGTGACCTACTTAGTATCCCTTATGTTTCCTTGAAGTACCCTACCAATCAGATGATGGCGCGAAGGCTCTAATCTAAGAGAACAAGGCAAAAGGCATTTAGACACAAAAAGGCGCATCTGTACTCAATAAGGCTCATAAAGGGTGCCGAATCTTAATCCAATCCAACTTCGGCGAAGAAATATGTGGTTTCTTTGGGCACCCCCTGTAACGATTGGAGTGTTAACAATGAGCCCTACGGCCCTGGGCGGCTCGTACTCCCCCGCTGACGAGTTCAACCGCCGCCGCTGGTTTGTTGCTCGGGAGATTACATCCTCACTGTTTCACAAGAGTTTACCAGTCAAACTCTAAGCGTTTCCGTATTGCCCACTTACTAGTCGCTTTCTACGCCGGCTTGCCGTCTGTCGTTCAATCACAACCGGCTCGTTTCCTCTGCCTTACTTTAGTTGGAGTAGTTAAATATACACGGCTCGAGTCCGGTAGTTTGCTGAGTATCTTGTGTGAAGAAAGGTGGCCCGCCCTCTAGGTTGAACTACGGCGAGGGGTCGGTAGGAGAACAGACCTTTGCAGGTAGACGTGCTCGTCATCTTACTGACTCCATACACTAACTCTTTTTGGACGATCGTCCTGTCTGGTCTTTTACTAGCACCCAACATTATTTCGCAGTACGCACATTCCATGCGATGTAGTTACCCAAAGCTTAACTTGTTGATCCGGGAGAGAGATGCAGTTAACGGCATCAATGTCACTCGAAGCTTTTCAGGCCATGGGTTCTTAAGCGCCCTTGCCCGCACGCGGACTTCGACGTTGCCCTCTGTATGAACAGCCATTAGCCTGCGACTCCCCTCTCAGCGTGCTCCGAGCGGAGGCGGTAGGTTTGAGCGATCGACCCACCCTGAAGTTCGCAAGTTGTACCTGACCGAACGTTCGCCGATTACACTTATATCAATCATTCCTGGTAATGTGGACTACGCAGCAGCCCCAAAGTGTAAATTCACTACCAAACTTACAAAGTCT,1490,49.26,Caenorhabditis elegans
SEQ_720941,CCACGGCAGGCAGTCGGCGGTGAGTATGACCAATGACATCCACCGCCGCCTTTACGTCATGCGCTGCGCGATTTGGTAAAATTAATTCTGGCCATGGTCGCTACCAAAACGTGCGAGATGAAGAGTTCCGGCCGCGCGCGCTCGGACGCAGGCGATGGCGGCTCATCTGTCAGGAGATTCGTGGAGTCCTCAAAATTGCCTTGTGGTCCACCGACCCAGATAAGGCGTTATTATGCAGAATAGGAGTCGCGCTGGCTAGCACGCGGAGGAGAGGGGGACCTCTCCTCCTCCTTCAAGTCATCGGCTTCACGCTCAGAGATTTACCTTCGGTGATTTATCAAAGTTGGTAGGATTGCCGCTCTCAGTTGACTTACAGGCTGTATAAAGATGATTGAGCCCTGATCTAGGATCAGACGCCGTAAACGAAGACCTAGGATGACGCCATGCCATATTTATGCCTTGTCAACGCAATTTGGATGATTCCCCCCCCCGTCCGGCTGAGGCATGAGACAAATACGGATGGCATAAAGCCTGTGGACGTTGTCACCGACTCCAGTACAACCGAGTTGTGAGGAGATGTAGCGGTTTGAAGAGTAATCGTCTTAGTTCCGGGTTACCTCCTGGAGAACACATCTCAGACCGCACTAGACAAAAGCGAACAGAACGGGAATATACCCACGTAGCCAGCTGTCGTCAGATCCACTTATTATTCCCTTCATGGTAAGCGAAAATATTAACTTCAGTGACCTAATAGGCGGCTTTGGAGCATCAACTACCACCGGGATCCAGCTCACATCAGGCGTAAAGCGCTAATACTCGAGGAACAGATGTGAGGCTGCCAAGGCTCAGGTTCCCTCCTGTTCATGAGACCACGTCCATGCATTGAGATTTCACTTTGTACTTTTTTCTAATGTGACAGCCTGCCTCCGTGTTCACGGGGTGCTACTAGAAGTTCAAAACCATGAGGATCCTGATCTGAAAGTACTAAAGCGCAGAACTGAGCGCCCTGTTTCATTTTACCTAAGATCGCTGCGCCTTTCTACCCTTTTAACGCGATAGTGATAAACAGGCGTTACGTTCTTTTAGGTAACTCAAGGCCCGGGCCGATCGCCGGTCATCACAGCCAGCAGATAATTGCGGTCATACATAAGCTCACATTACCCGTTTACTCGTGAATAAAACGGAACTTTTAATCAACTCCTACTAGCTGCCTCAGGGCTAGCGGTTGATAAGCTCACATTCCCTACGAGTTCTCAAGGTGATAATGACCCAAGTCGCTCTAAAGAGCGTCGATGATGAAAAGCCGAGATGGAAGTTTTCTAACGAATACTTAGTCTTAATGGCCTCCATGGAAGTTAACCATGGCTGTTGAATAATTGTCAGCGCGCAAGCATTTCACGGCGATCGACAAAAAGTCTTGCAGGGCTCGATTACAATGGACGTGCCCTACTGATCGTCCGGTAAAGCGGCGGAAAGTGATTTCGGACTTTGTAGTTAGTGGAGGTCATATATTTAATGCTGGATGATGCTTTCCCGTTAACGACCCAGACGAGACACAGACCACACAACTTAGATCGGTTAGCCGTGGCGACCTTCACCGTGATCGTCTCGAGTTTATTGGTCTTGCCGCCCGCAATGCGAGCGTTGTCATTGCTGCCTAACAAGCATAACCACCCTAGCGCGGAGTCAGATCGCCAGTGCAAATTGCGGC,1711,50.03,Saccharomyces cerevisiae
SEQ_989134,ATAGTATTCCGCCCATAACTGGGGGTGTAAACACTGGACATAATGGAAGCTGGTCTGACACTGCTAGATGTGCATCCGCGTGTCCAACTATTACAGCACGTATGATGCGGTGCCACTGAGGCACCAGAGGCCTTGCAGCGCCTACGTTAAAGTACTATTTCACAACTTCCTCACTTACTATACCACTGATCGTCATAACCCGCTACCCCCGCACACCTACATCACGGTACGAATAAGAGGCGACCTCCCCGACTCGAAGGCGACTACTCGAAGAAGCGGTACAATTCGATCATTTCCTTTCTACATATCATTAGAGTCGTGTTGATTGTTTCACATAGTTGAAGCATGGCAGGGCGTATCGATCGTTTATACACTTAAACACTGTAGTCTCTCAGTGAAGTTGGCATTAGCCAATTACCTGGTAGCTGGACAGAGGCGCGTCATATCCCCCATCTGACCCTGATACAGCATCGGAATAACGGTGCCGACGGCTAGGGTTACAATCTCCATATCAGACAATGTGTACTATCTGCCGTATTAGACACTCTGTGCACCGAGTCGATCAGAACTGATCAGCGTCACCTGTTACCGCCATCGGGGTTTAACGCGATTGGCAACAACTTTATATGGTGTCAAGTCAGCCCCAAGGCGGGGATCCAGCACTCTGGCTCTGCTGATGGTTACGTCGGCTACCGGAGCGGCGACACTTTTTGTATGGTTCTTGCTCAGCTTTCACTTCCTCAGGGTGGCGGCGATGTTTTAATGCATCAGTCAGATTGGGAGCAAAAACACTCTTTATCCATGCAAATACGCTGTGTCTGGATGACTGAGGCCGAAGCGATGGCGAAGAGAGTCCACAGGAAATAAACTCCCAATGGCCGGAATGTCCCTAAGTGATAAAGGCAGCGAATGGAAGTCATGTTAAGTAGGAATACGCTCTTTAGCACAGGGGATGTACATACAATTGTAAAAGCCCCAACGGGTACAGGTAGCGTCTCTTTATGCGCATGGGCACGTCTTACTTTGACAGCCCGAACAGCACCTCTAGATAGACCTTCACAGTTACCATCATCGGGCCTAGTGCTTGCTTGTTTTGGAACTTATTCTTCCTGCCAGCACGCTGTCCCCGGGATGTGCATCTCGGGTTTCGTCACATCCTATTAATAGACGCCCCAATTGTTTCCGGGGGCGTTCAAGCGGGGGTACGACAGCCGCCAGGGTTTAAGCATGCAGGTATCTAAAGGAGGGCAAGTCCCTACCCGGCAGTGTCGGTACATCTACGCAATGCAAGTTTCTTTGCGACTGCTAGTATCGCCACATTACTCGGATTATAAGTACAGGATTACATCGTACCTCCCTTGTGGCGCCAAACCAACTATAATATTGCTCACCGGCTGTTCTGAATTCTTTATACAGTTGATTTATTATCTCATCCAAGTAACGAAATCGACAACAACCTTATGGCACCGGTCAATGTGGTATCTGCCTCTAGGCCAATAGTGTAGTCCTTCCGCCCAGTAGCAGCTAAGGTTTTACATCGCTGAACCTTACACGCGACAGGTTCAATCGCATGCGTAAGATAGCAGGCGGCTAAGCTAGATCCCTAGGCTGGCAAAGCCGCTCTCACCTGGCACGAGCCTACCTATAGGGCCCGGCAGACGTAACAGTAAACTGATCTCGGCACATAAAATTCGTGAAGTACGAGGCATGTTAAGACTATAATCGTTGGCTTTGAGTGTCAACGCAGTTTCTTAGTACCCATCAGACAAGTCGTAAATGTTTAACTCTAAGAACATTAACTGATTGGCCGAACGCCGTAGCGTCGTCCGATGCGAATAAGCTCATTACCCTAGATTCCTAGCTATGGGCGGAA,1873,48.96,Escherichia coli
SEQ_666951,GGACGCACGTCGCAGCGGTGCTATCCTTCCTCGTGCTCCCGAAACATCGTATTTTGATGAAGCAGGACGGCCTAAGGTACCAGCCCAGTCCGCACTTAAGAGTGGGGGTATTTGTCTCGGCATGTTAATAATACCGGAGCGCACTACGTCAATGAAAAGAGAGGTGTTTCTAGGCAGCACCGCTGTACGGTTTTACCTCTCGAAAGCCGGTATTAGTCACACGAGAAT,228,51.75,Arabidopsis thaliana
SEQ_519083,CCAAATTTATGAGGCGAGATAGGTTTTGACCAGATCCGTTGCGGGGATTGTGCTCGTAACCCATATTCCTGTAAAGCTGTTTCCCGTATTGGTCTTGCCTCCGGATGCGTAAATTAGGGCATGGCACCTGCGACGTCGGAGGCGATAACCACATTCCACCTCCGAAGGTAACTTGCTCATGGAATACCCGTACAAATCAACGATCGGCGTCATGAAGACACTCCGCCGTTCTCGGTCTGGCCGTATAATCTAAGTTCTCCCCCGGCGCCTCTCGGAAAAACGGCTTAGTGGCAATTCGAACGATCGCCTGAAGCCTATGTCGAGGCCACACCTCGCTGGGGTAGTGAGTAGCGTACTCACCGCGGATTAATTGAGGTTGACTACATGCGGCTATGGCGTGCCGCATAGCATTCGACGGTGCTGTTGGCGGCCCTTCGAAGCTATACATCATGTCTTACGCCTCGGGGGGCAGGGACGTTTCCGCTGGTACTTAATGGAGCAGCCCTCGATGCATCCCCAAAGGAGGTACGCTACTGGGGGCTGGTGCCTTGACCCGTTGGTGAACAGTAGCAGCCCTAAAATTGGCATTTCGGTGCCATCCTTTGTCAAATGATGCTGTATAAAGGTTGGAGGAATCTACAACGTTTGGAGCAAAGGCAGCCTGCTACGTCTGTTTCGGACCTTGCCACAGTGGATCGGGATAACCGAAACCTCCTCGACGTGGATCCGCATGGTTCGGACGTGGAGAAACTACCGAGAGCTGGCCAATTCCGCGGTTTGTTCGTTTTTAGCCGGATACATCGTCCTGGAACTTCAGCAGTGTCAATTGGCGTAGTCCTAATGAGCTACCTGAGCCCCCGGGGTTGTGGGCTAATATCGGTGCCCATGGTTGGGTTTCTCATTATTCACCGCTACCTTAGCCGTTCCAACTTCAGGGTCGTTAATAGTGCTAACGCTGTAATGATAAGCTTCTTTGGCATCATATGATTTGTTTGCATTTCCATGAAGAACCATCGTCACCCGGGTGAGTTCCAGCTCCAGATAATAAGTCTAG,1054,52.18,Mus musculus
SEQ_846957,GTAAAACCGGCAAGCAACAGGGTGGAGCTTACAAGCGCAGTCGGGACGCAGTCGTTAGACGAGCGGTTTACGTAGATCCCTAGTGGCTCTTCCACTACCACCTATACGTGCGCGGCATTCTGGTGTGTGACCACCTCAGAAAAGAGGATTCGCATTAGCCAGTTCGATACCGCGAAATATGGCGGGCTCCATGGGCGCCCTCTTTAATGTACGTGTCCCTCCGCACTGGTACAGCATCTCTATGCTCCGCGACCTGGTATGAGTCTATCTAGCAATTCCGCAAAAGTTTGCCACAGGGCATTCTGAACTACCATCTCCCGGGCGGATACGGCCGTACTCAGCGGATGACGTCTCGTTGTGATCGTAAACTGTTTGGCTATAGTACGATCGAACCCCAATAGTGCAAAACGGAGTCCAGGCTAGCGTCTAGGTCGGTCCTGCGACTTACGCTCGTTATACACTACAAACGACTAAAGCCACGTTCATCCTTCCCGGGGCGCATGGCAATCGCACAATTCGGCAATCGAGCGCCTCTTCATACAGGCGC,547,53.93,Saccharomyces cerevisiae
SEQ_875627,ATGGGATGTGTTCGCGAATGCACCATCTCACCCTTGCGGCCTATATGCTTACCGTCGTTAAACAATGTCGTCCCAGTTGTATGTTAGTCCAACGACATAAGTCGAATTTAACGAAAGCCCTACCGGCTTGTAACGGCGTCGCGTAAATGCCTACGATCCTTTGAGACGGTGGTACAAACCGGGAATCCGTGTCCCGAGGAGAGTGATTCTCGTATTCACTCGTTTTCTGGCGACTGGAGCAACAGGCGACTGTATTAAACATCTGTCACGTACGTTCGGTAAGTTTGTAAGGAAGTGATTCTTTCGGCAGACAGAATCTACACTTTGTCGACTATCATTAGTCGACGCAAAGTAGAAGCAATGCATTAGGGAGGGAGGAATTCCACTTGTCTATTAAAACAATATAGGTAGAATATCGCTAACACAGCCCATACTTAATAGCACTAGACAGAACCACGCTAATCTCGTATTATGATTGTCGCAGGATCTTTTGACTTACCGACTTAAGCCGTGGGCCTCACATCTCAGCAATCGAATCGACTCGTTTTGATGAACCCACTTACCTCGTGCCTGATACTTGCTACTAGCTTACAGCTCGCAGATGGATAATCTCCCGAGAATAAGGGGCCTTGCTTGTACTGGTAAACGGCCTGCGAAGGACTTGTGTCGGTCGCACTATCATTTTCGCGTGAGACTTATCGCAGGATGTTCGTGAATAATACTCAGCGTGACATAGTCTCTAAACTTTCCGGACGGGTCGAGTAATAAGCAACCGCACTTTAAGCCGAGATGCCACCCCCACGGATTCGCATACGGGCTGGAGCCTTTAGGATACCAATTGCTGTTACACCACTGTATGTGTCTATGTTTGTCGGTCCTGAGTCCCGACCAGGCAGCCACTAATCAAAGCTAAGTAAGAGGGAGCTCACACTAGTTAGGTACGTGTTGTTTGGATATGGTTCATATGGTCAACAACAGCTTGAGAAAAGCTATACACATCCCCAATCGGAAGGACTCCGTATAATCCTTACCTCCAGCGACTACCGGACATCAACGAGGCTCCCTCTTAGCTAGGCCTATCGGCTTGTTCTGAATCATCGGTTCCTCTGCTGACGATGTTCGCAGGTCTGGTTCAGACAGCTCAACGTGGCGATGAAGGTACTTTATGTGGGCTCTGCGTTCTTGGTAGCATTAGACTAAGAGATGGGGACACCGTGTTGTTTGAGAGGACACCTAGTTCGATATTCTTCCTTATGCCGTCTCTTGGGCCCCTACAACATGCCTGCCACTATGGGGAGGGATCGTACTCAAGGGAACTGTGTCCCACCCCACTTGTCTGAGAATGTCCGCGTGCACTCAGCCTCGCGGTGACCTAGTACCCGAAAACGTAGGGCCGCGTGGAACTCTGCTTTAGGTGTCCAATTAAGGACACCATCTGCTCGTGTCAGAGCCAAATGCGTTTGCTTCTTTCTATACGCCTACTAATCGACGCTCTAGATACGGGAATATACTGTGGAGGTGTAGCACCCTAGAACGTGCTAGACCAGGCTAACGTTTAGTGGTAAACTAAACAAAGTAGTACCTGATTGCGTGTCCCCAAGTTAAGCGAAGAACGGGGGTGGCGCTCCTATCTTGTATTGAACAATTGTAACCTGGCGTACTTACCACTGCCTGGTGATCGGCATTAAGTCTTCAAGCAACTCCAGGGGAACGGGTCGGAATGGGGCGAGACGTAGTAACCGCGGAAGTCCTTTTGAGAAAGGTTGTCTCCAGTTCAATTA,1781,48.68,Escherichia coli
SEQ_461187,GGTTAAGTCTTGATATTCGTTGAACGAACCACCCGCCCGCGCGAGTCAGGGTAACAACCTCGAACAGCGATTCTCCCTTGTGTCACCAACAGCCCCTCGGATTTGTGGACAATGCGCGCGATTGGCGCTAATTTACAACACGTAGTTACGAGGCAGGTCTGGTGAGCACGAGGTGACTCCCTTTACGTCACCACCACGAGATACATCTAGGTCGAATTTTTGTCTGAGCAGCCCAATTTTTGTGCTACTCCACCTCAAAATTAGATTACACCATATGATTGTATCGCATACTCCTCGTACGCATGCCCACTACTGCAAGACGGCGCGGTGCGCCATTCCGGCAGGGTACGACTTATGACGACAGAGTCAAGCAAAGCTCTCGATTGCCAGACTGGATATCGTAAAGATAAACAAGTGCTTACATGATGGTACTAACCGATCTGAATAATTGGGTGAGGGTCACGGGTTCGAATGCGACATCGTAAGGAATTTTCGCATGTTCGGTGGTCCTTTCATTGGAGGTATTCCGGCGTGGTGCCGCCGCAAATCCGGATCAGATACCTGAGGCAAAGTGACTGTATATGACGGGAAGCAGGGCCCGTTCCCACTTCTTCGACTCCCGTTGGGCGAGGTCCGGACTTGGGCTATGAACACCCGCCTGGCGCGCAGTCACGCCTTCGCGCTGGCAACATTAGTCATCCTCGGAAATGGGACAGAACATCGGTACCGCCACGTCTACCCGAAAAACGATACAGAGACTGACATTTTCCAGACAGATAAGATGACTAGCATAGTCGTACGTCCCGGGAGTGTACGAGGAAACTAATCGCACATTCAAGGCCACACATTAGTGTCGGCAAAGCAGCTCGGCTCCTTCGTCCTGGAATTAACGACCAATTGGTCATCCTTTGCGGGTTATGTAGCCAGGGCGGTAGTGTTCATAGCAGGTACCCTCGTCACTGGATATAATCGACCGCAGTATTCTTCGCTTGTACTCTACATCCTTCGAGCTTACATATTGCCTACCAATACTTATCATTCCACAGAGTACCACCCCGGCAGCACCCTAGGCGACTTACTCCTACACTGGCAGGTCGGCGCGTGGTTAAACACCAGCGAGGCCGGCAAGCCCCCGGATCCGTGTTACAAAACAAATCTAGACCATCTTTAGACTCGGCCCTTTATCGCTAACAAAGAAGCGTAACATATAAGACAATCAGGACACTCCCTGAATAACCCAGTGCGCAGGACCTTCAATATCACTAATTATGCACGTACTACAAGTTTTGC,1290,50.85,Saccharomyces cerevisiae
SEQ_936716,ATATTACCGCTGAGGTGAAGGCGAACCAGGTCTGTGGACTCTCTGTCAGCACGCTTCATAGCTGCCGTACCCATTAACGCACTTGCTATGATATGCAAGCGAAGCATCGAGTGGAAATTGGAGTGCATTGGTCCTTGTCAGTGGATAACAAATCAGACCCAATAACTCTGCCTCGTTGAGAACTTATAACCACCTATGTAGATAGATGACTAGTTGCTCACATCGGTCCGGTCAATAACCCTACCAAAACAGTGTACACGGCTTGGTCCGTTCCGGCACGAGATCCATTTCTCGTTATCTTTAAAGTTGGGTAGCCGCCGACACCTGTTGGGCGACGCTAAGCTATTGCGTGAACCCGCGGGAGCACAGGTCAAACCTTATCACGAAAGTCAGTGATCGGACTTTTCCTCTTTATAGGCTTCGGCGACGATGGAAAACACGTTATCGCAATTCAAGATGGGGTTCGACTGATACTCGAGTGACGCATCTCTATACGATTACGAAACCGCGTTGGCTAGGATAGAGCAGCAGGGTCGCCATACACCTGGTAGATATCTGTACTCTAGATGAGCCTATCTTCGGGGCCGGCTCACAGATCCGTCACACAGATTAACAATCTTGACCAGCGCAGAAACTTCCTGATGATCGATGCGTTACTGAGCGCACAACCGAGATACGCAGCTTTTGTAATGAGATTTAGTCGTCTCGTTGTACCTTAGAGATTTTCGTGGCCTTCTTTAGGGATTCAGTTGTGAGAAGACGCCTCGATGCTTGAGGCGCTGTGCTAAACGCGGATCGTCATATATATGAGAACGTATTCTGGATGTACGACAGCTCAGGATAGCCACGGACGCCGTAGTCATTAGGCCAAGCTAAAGTAAAAGCAATGTACTATCGAGGCATTGTCCCCTGTTGGCGTTCATGGAACCCAAGCCGAGGCTTATGAAACAAACATCTACACATCCGCCGACCCTCTTACCCGGCGGCTTGAATGGAACCACCTGGTCCACCATGGATGTCGTAGTAAAAAACACGACGTAGATGCCAAGGCCCTGATCCATCGGAAGATCTTCTCATGACCTGTGCCCCATACCCCAGATGTTCCCACGCAACCCCGGATGTGTAGCTATACCGGCACTGTTATCAACAAAAAGCTGGTCGGCTACTTGATGCGGGGACTGTGAGTCAGAAAGTAGCCGAAGGACATGGCTTCCGCTGATGCATAGCTAAGGGATCCGCCTAAACCTACACTTTGTCGCTTGTATATCTCGAATGATAATCCAGACAGCGAGGCTCTTTGGAATAGTCCCTTTGCCGACGCTCCGGTATCAGCCGTAGCACGACGGCTCCATTTGCTCTGGCAGTGGCTATCTTTCTATGCAATTAAAGTGGGGTCTTCGCCACACTACCCCAAAAGCTTCTTAGGAGCTTGCGGGGAACCGTCAGTACGCTCATCTACTGCTCTTCTTTCATGGGCAAATCTACAACTAGGTGACAGGTTGATATTCGGACAGCCTTCAAGGGGTAAGCCCCTGCATATACGAAGGAGAGGCGGTGACCGCCTAGGTTCGCAGCAGTGGAGGAAGGGATTACGCAACAAACCTGCAGAATTCTATGACGTACAGGCAAGCGCCTAGACACGCTTCGGAGTGAGCTTTTATTGGAAAGCCGGGCCATATAAGAAATTAACATTTTCCCAACATTCCGGGAACCGTGTATATGATAGGGAACCCTTTTAATTCGGTTTGAGAAAGCCTCAGGAGCCATTTATATCCAAACTAGACCACTACTAGTCCGAAACGATGGGCTGCACACTTTGCCTGGATGGCTACCTCAAATCATATATATAATCCTACGCGATTATCACTCCCTTGTACGACCCGGTCGGGTGTACAGCGATTTAAGTTTGTGAGGCGATCA,1920,49.38,Saccharomyces cerevisiae
SEQ_375863,CCGACGATTCTGCACGTATATGGGGGTGTACACGGAGAGAACACAGGGGTGGGATCGCAATTTGTACCTAGCCCCTAACATCCGGTGGCTATTGCAAACACGCCCGC,107,56.07,Homo sapiens
SEQ_539155,TATCAATTCTTTAGACTACACAGAAATCTATCTGTCAGAACAGAGCACGTAAACTGGTGAGTGTCTATCAGAGAGGATCATTAAGGTCTGCCCAGAGAGCCCGGCTTCTTCCCCTCCGAACACCGTCCTCCGATCCTAGTGCCCCCAGCTGGACTCAGCTTTCATTAAGGTTGAGAGCTATGAGTCAGTATTAGGCATAGTCTTTTCCCCATAGGACCGGACAAACTAGGATCTAAGCGCATCGTAGGTACGTCAGGTGGTCTAGAAATGCACCGGCTACCCTTATGCAGAGTTCGGGCTCGCAAGACTGCCGTCATAAAACCAACTCGTGATCTATCCTTGGGACGTCGACACCGGAAGAGATAGGGACTAGTATACGAGTCTGCACTTCTTGGCTTCGGGATTTCAACGTGATTGTGGTAATAGACGGCTCACCTGGGACTTAGCACGTTTCGTAAACTGCTGCAGGGGTCAAGTCAGGGGACGTCACGGCCTGAGCGGGGTACTTTCATTGCGATTTGAGCTTGGATAACCTCGTTTGATTTTTTACAGCGCCGGCCATTACGACGGGGATGAAATATGAGACTTCTGACGGGACGTAGTAAGTTCATATCAGTTTCAACAGATGCTGAATGCTTAATGCAAAAGTGTCCCATCAGAGAGACGTCTGAAATTGTCAAACGAATTTGCATAGTACGCAGTACCATTGCAACTATAGAACTGTGTGTTAAACACAATGCTACGACCGACCCCCGGAGCCTTGATGCGTGCGCTTACTGCCGGCTGCGTCCGTCACAGAAAATGTGTCAGGGCAGAAAGCAAAACAACATCTCTGCTCGTTGTTGGCACTCTGGACCGACGAAACAGCACCGCCGGGATGTAGGTAATTGTATCAGCCATACAAAATATCGGCAGTGAGTCAGTCATGATGCAGGACCACAGTACAGTTCAATGAAGTGAGTACTGCCGGTGTGAAGTCCGACAGCATAACCTACCACGTGAGTTAATCTATGCCGAATTGGTAGACCAACGACGCCGCTGTTGCCTAACATGGCACCTGCGGTTGCGCAGTACCAGGTATGGATGTTACCTCTACGACTCCGAACCGAACATAGAGGAGGGATCGCAGCACCCATCCAGTACTTGCAGTTCGTTTTGCTGCACACCACGTAAATAGGCTCTTA,1184,49.49,Mus musculus
SEQ_722001,ATATCTGAATCAACTAGATGGCTCCCTCAGGAAGGAAAAGTGGGATGGAGGAAGCATTATAAAGGCTCCTTTGTTAACCTATGCTAACGTGAACACACCAGCGCGCAGTGAGGAAGATATAGTTCTCGTGAAGGCGGTTAAACCTAAGCGGGGTCCTCTAGCCGTTAGAGGCCCCGCTTAGGAACGGTCCGTCCGGCGTATGGCGGCACTACATGAGATTGGTTCTTTATGTACGACCCCGCGCAGACCTCAATCCAAAATGCCGCAAGTATTTAGTT,278,50.0,Arabidopsis thaliana
SEQ_551256,TATAATAATACGACCTAGTATGTTGGGACCGGTGATCTCGGCGTCGTAGGGGTGTCTCGAAAGTCGGCGTCGTTATATGCCGACGAGGAGTTCCTAGTCCAGGCACCTAATGTACGTGAAAGCGTCTCAGGGCCTTCAATGCCTTTATATTAATTCGTAGTCCGGTAGGGCGGATACCTATAGAACCTGTCACGACCCCTGACGAGCGGTGCCAGTCACAGCTATTAAGTGCATGTGAGGCTATCCTATTGCGACGGTCGACAGAAAAAGTTGCTCAAGGCGATTCCATGCTCCTCACAATTGGTTGGGGCAGGTACCTGGCCTAATACCGGGTCTGTCTAAGAAATGGGCCACTTAGGCTTGCCTCAACGAATACCCTGTAAGTGTATGAGGATGCATTAAAGTTCATCAGGGACGCGTATATACACATTGTTAGTCAGAGATCGGGTCCCAGCGGGAGCCGTCAGTCTGGGTACTGAGAGGTGCTAATAGACTGCTCCTAGCTGTCCTAGTTACACGTGAGAATGCGGTACAAGTCTGTGCACTAATATATGATCACATTAGATAGTTTCGATCAGGATACGGAATACGCTTGCCAGGCGGATTCGCTTAGGCTGCAATACGTCTCAGACTAGAATAAAGCTCGAGACAAACTCTTCGCCCAGCATAGATTCCTATCTCATCCATTTGGTCCTAGACACCTCGATGCCTGGGGACTGGATAAACGCTACGCCCGCAACTTACATGACGGGTCCCGGTGAACCAGGTTCACGGGTATTGTGCCGAAGAAAGTAGAATCTGCGAGCGCCGCTGCTACCACCGTCTTATCCGGTGCAAGACCACTTGAGCAAGTCCCTTGCTACCTTCCACAGGGGAGAATACAGAAGCAAATCGTGGATCTGCTCGGACTGCTTCCTTTGTCTGGTTCACATTAAGGCTAAGGCCTAAGTGTCTATCTAGAACTATTGCTATTGAGTCACTGCCATTAGGGTGAGGCATCCAGTCGCAGACGTCTTAATTGATAACTGTGTCTTCTTAATGGCGAATCCACTATAAGGTGCGTCTTCGACATTCCTCCTGCACGTACGAGAGAGATTAGGACCCTCTGACGAAGTCAGACAAGATGCCCAGTTTTCGCCTCCTGGTGTTCAAGCCAACTATTGGGCCGGAAGAGGCTATGATTGTTCTGGGGGAGAGACTTATCCCGATCCGATAGGGTTTTTCAACGCCAGATAGTAAGGCCCAGCAGCGCCCGCCATCACTTTATGCTGACGTGGACAGGAAGATCTACGCATCTAGTTCCGGGAATCCAGTTAGAGAAAAAAAAGCTTTTCGTTACAGTCTCAAATATTGGGGCGCACGTACGATTCGTTGGTGTCTCCGGGCCACAGGTTGTGCGGCCAAAGGTCAAAAGCGTTACCGACGCGACAAATTGGGACCTCCAGGCATGAAAGCTTGCTTCCGAATAATGTCTCAATTTGCAAAGTAATTTGGCTTAGATCCATCCGCGGTCAGCATCTGCATGCGCCTCGCGGAGCTCGACGCGCCGTAGATGCGCACTCGGTATCTAGACAGCTCGCAAGTATTGACGTGTCTGAAACGTTCTATCTGCCCTCGAGCCCCTGTCCAAGCTGACTGATTGCTCTCGCCCCCATTCCCAGGTCGCATTCGCCGGAACCGGTCTGACGCAGGTTACGCGGTACCCACGAGCTAATGCACGCAGATCCTTTGTGGCGACTCTCTGCGACCAGGCATCAGGAAAAAGGTCGCTTGCCAGCATCGACGTGTATAGCACTCAGGCCCTCCTTGGCACTGTATCCCGTGAGGCTGAGCGTCAGAGTCGATTATGACACAGACCGGATCCTTGTTTATTACGGGTATCCGATGTTATAGGGCAAATAACTGAATGCTGAGTGAAACCCGATTCATGTTGTGACTTTCGAAGGTCGCTGATCCCGTGATTCATCGCCCTACTGGTTTCCCGGATCTTGACAGTT,1997,51.03,Arabidopsis thaliana
SEQ_686249,TATATATGGGCATTGAGAGGCTGAGTTCTCGCTTCGTATGAGCTTGAGCGAAGGCATGTGGGCATTTTCGGGTATGCGGGCGTTAGGTTTGTAACGACGGCAACACGTTAGTCTTCGAGCAATAACGCCTTCACGTCAGCGTGGCATCTTTGAGGATGCGGCGTCGGACATTCCGAATAAATCTGTTACCACATAGACTCGGAGATCTTAAGGAAAAGATGTCGGACGGTTGTCTATGTGCCTTACCTCTGACGGTACTTTCCTGGCATAAACGATGCGAAAAATGAATACTAACTTCTCATCGTCGGGCTCCGGGACAATGTCTACGACTCATGCTGGGCCCCCCCTCCCTCTAACGGTTGCGAAAAGTATTATTACGGGCTACACCCGGCGAAAGACTCTCTGCTTTATAAACTCGGCCCTCGTGCACGGAAATGTGTTTTTGCAGTCCTACGCGAATCCTCTCATCCAATCAGTCGACACTTAGTCTCGCCGACGGTTATTGGGCTAGGCGAGCGCCGACGTATTATTAGCATGTTGCCATTTCGAGGCCAGCTGAATACATGGTGGTAGGAGCGGCAATATTACTGGCGCCTCGAACGCCTTCCTAACACCCTGGGGTGATCTGGCATATCGTGTGAACCGTGGTCTATC,654,50.92,Arabidopsis thaliana
SEQ_753235,AGGTGACCCCGCGGCACCGTTATCGTGACTGCATACATCTTCGTCGGTGTGATCCTCGGGTGTATTCTTATTCCAATCGAGCAAACCCACACCTTCCGGGTGGCCTTTGTATTCAAACTCACCTATGGTTTTGTATGAACTTGATGTTCTGTCACTGTTCTATATGTAGTGTGACCGTCGCATCCATCGCACGGGTCCGGACTACGTGCCCTGCCAGTAGTACCCGTTTCGTGTGCCCCCACCATTGGAGAAACCACCAAACATTTATGACTGCACGCCAGCACCCCGCGAACGACATCAAATAGTTGCTCTGCAACGACGAGAAACCATCAGATTGGAGGTTCAACTCGATAGCAAAATCATTGCAATAGGCACCTGTTACCACCCGGTGAAGCCCCTATATGGAACCCTCGACTGGATATCGATGGCCGGGCTATTACGGCGGAAGGCAGGCATGCTGGCTGCAACTACGACTCTGCGTAACGCCACACAGTAGCCATTTATGGAAGCACTTACCTCGCGACAGTCTGGTCGAACGGTCGGATACTAGCACACCTGTGTGCTATATCTTGCGAACGTTAAGTTGAACGGCGCGGCTGGAAGTTCGGGGTCACAGACGCGTCCTGGAGACATCAAACGAAACTTTCTGTTTCTGCGCTACCAACGCGCATAATGTCCAGATTTGATGGGCTAAGTGAGAGCAGTTATCATGACACTTTAAGGAAGCCCTTAGTGCCAGTTGTGTCGTTCGGGCCTGACGATTGCGTGAAATGAGTATAGTAACAGAGAATCATCGCACTGCCCATACTCCCAAATGGTGGGGGGTACGTAACGTTATGTCCGGACGGGGGTCTTTACTGCGTCCAACGGGTA,873,51.66,Drosophila melanogaster
SEQ_153527,CGCATTAGAGTCGGGCATCGATTCTCCGGCGGATCCTACCCCATGAGACGTGTCTAGGGACAGCTGTAGTTCTCTAGCCATTACGGGTTGCGACGCCAGAATTTATTCTGAAGTATACGGGCGGCGGTCTAACTTATTGACGTCGCGTGAGCGGGTGATAGCGCCTGGCCAGAGCGGCGAAGGAGCGCTCTTTGAGGATAACCTGCGTGAGGTTGCCAAAGGCGTATTCTGCGCACAAGCTTGAGTAGTACCGATGGGTCAGCAAGCATACCTTCTCGATGCTTTCCCAAAGAAGGAGTATCAATGACGTGGAGGCATACTGCAACCGCGTCTGTCTAGCCCTCGATGAGTGCCCAACACGAAGGGGGAGTCTTTCTTGCATTCGAATGCTGATTGCAAGCACCTAACAGGTGACAGTACGGTAGCTTGGGGGAACTAATTGTCGATCTATCCTAAGCCGTACTGATATTCTGTGAGACTTATCCGCCATAGACATCTAGGTCTGTCGTGTCAGTACCGGTATCTAGATCCTGCTGGACTTCCTTCCACCCCGTCCGAGCGCCGTTGCCGTTTATCTTGGAGCGCGTCAGAAATGCACTACCGTTGCCCATGATTTGCAACGTGACTCGGTGTACCGCCTTGTGCGATTGAATTCCTCAGGTGATTCCGAGTCTAGTTGTTTTCGAACTTCACACGGGTAGGCTAGTGGGAGAGTGTAAGTTAAACAACTCTAAGAGGCAGGATAAATCGCATCGTGCAGTACCACATGTGCTCACGCC,779,52.25,Saccharomyces cerevisiae
SEQ_741996,CGTAATGGTGAGCCAGTATACTCTACTCGATGGTTTAGAGGTGGATATTTCATGCTAAGCACGACTCCCTGTTTGTTATTCGTTATGATATCGAGTGTACCGCTCACGGTCGACCATACTCAGTATTGAGGCGCAAACGGCTGTGTCAATAGCTGTATATCCAATCTACGCGGAGTGGTACCGATCACGAGTCCCTTGAATGACCATTCCCTTATGACTTCTGAAGCCCTTTGTGGGGGAGAGAGAGTATCGGATTTCATCGTATAAATCCTTCTACACGGACGCATGGTACTCTTCCGATAGAGAGCTCGGATAACACTTAGGGATCTGCAGCAACACAGTACCCTCCCTCTACAATACAAGTATTAGCCGGAGGGCTGATCGGCCAATCCGGGAAAGTCGAAGGTACCATCTTGTTCGGGGAACCCATAACAGGGAATAGACCCTTTAGCGAGCATGCCGTCATACAATACCATTCTGGCCCGCTTTGGGTATCCTTGGACTCCGCCACGCCTAAGTCGACGGCCGTGCGTGCTGGTTCAATTATACAGAAACTTGCATTTGGGTGCTAGAGGTTCTGCACTGGATGTTCTAATGAGATCCTAATCTGGAGTCGCTAAGGAAACGCAGGCGAGGCGGCGTCTTTCGGACGTGCGACGTCGGATTACCGAAGTAGCTGCGACCACTACCGTAAACTCCTCGTCTGATGAAAATCCTTCATAATACAATTGAGTATAATAAAAGACCTGTCCAGTTTATCTGAAAAATCTTAAGACTGAGCCATCCGTAGAGTATGTGAGTAGGCCGCAGTGTACACAGCAAGATCGCTTTCGTTAAAACTGCGGGTGTGCACGCCTCATGCTCTGTAGTATCACCTGCGACGTAGGAGTGCACTTTCTTCCGGACTCGTACCGGAAAAGTAACATTTCGATACCAAGGCGGAGATTTCTGTGAATGAGGGTATAACTAGAATTGGGTTCCTGCCTCATTGAGTCTACTACAGTAGTTAGATGTCTTCGCTTCCCCTCCGAACCACGCTAGAAGCCGGGCGCCCTCGCGCCCGGTAGAAAACTGCCAGTCACCTCCGTCCCATTGTACAGTAGCTCATCCGCTACTGATATGAAGTCTGCGTATAGCTGATTGGATAACATTACGTGACAGCTTCTTATTTTCCATCAGCGAGTGTGGCGCGCCTACCGCCAAATCACATCTGGCGATCCTGCAACCACACATGTAGTATGTGACGTAAGCCACTTTAATCTGAGTGAAGCCGTCAGCTTCACCCTCAAAGTGGGCGCTTGGCGTATCGTAGAGAATTTTGAAGCGTAATCCAATCTAGGGGTACCTCGTCAGGTTGCATCGTATCTAGGCGGTAAACTATGCGTGTGAGCCGCTATCTGTATTGTGCGAGAGATTATCCGGCCAGAATAGCGACGATTTATGCATGCGGTACACACATAGAGGATTGTCAAGTAAATAGAGTACCGTCAGCGCCGCCGTCTGCCCCCTGGTGGTAACCGCTTTAGGCGGTTGGAATAGCGGGTAACTACTAGCAA,1556,49.36,Drosophila melanogaster
SEQ_151303,GCCCGTATGGTATTGCTGGATCCGCGATCCGTTTGTTGGTGGGGCATCGAGCCAGACAGGGCAATATCTGCGATCCTTTCTGCTGAGTCCTCCCAAAACGTGTAAAACCTTCGTGATTCTCGGCTTTACACGCTGGTGTACCCGGAACTCTTCCCTAGGTGCGTAGCTGTAACTTTGACACTCTATACGCTTGTATATAAGACGAACACCCTGCGACATGGACGGTGTCAGCTCATAACGGAGGACTAACTGCTTGCGAGTCCGCTTGTGGTCGCAACGCATCTAGTCATGCGTGTCAGGTACCAATTTTTCAGAAGTAATGGCTTATGAGGGCTTTAGTGTGCGTAACGCTAAGTCCCTGTCGAGTGGTACCACTCATATCTACACTGCTATGTCGTCAGCTTGAAGAAACACCATGGAATCCTGGAAGGACACCGCTGTACCAGACATAGGTTCTTGGCCCTGTCCATTGAATGTTTAAGTAACTAGGGTCTATCCCGTTTCGTGCGCATCAGTGTGCCGTTAAAACGAGAGCTAAGGCGGGTGA,547,50.27,Drosophila melanogaster
SEQ_657742,TTGAAATGTGATGACGGTAAGCATGGGAGCATATATTTGACGTCCCCGGCGTAAGAGCGAGCGATAGACCGGTGCAGTTTGGGGCGGTCTATTGAAGGAGACCGGAAGTCGGATCAAAGCGATTGCGTCAAAGTTTTGTAGTATCTCCCTTGAGACTAGCCTATCACAGCATACACGGCAAAACGACTGTACATATTGCCGAGCTTGTGACCCTGACGCTATGGGTAGCGGGAAGCACACTTGCGTAACACTGGCAGGTTGGGAATTAGCTTCTAGCCGATAATGTGGGTCGGACATCGATCTGATTGAATAAATCCTATTGAGAGGGTCACTAATATGGAAGAGCTTTCGTATGATGAGGCTGCGCTGAACATCGCATATGGCGCAACAAACTTGTCCGGTATATCTAATGCACTTGTTGACAATCAACCGCCAAAACATTCGACAATTTGATGATGTTGCGCCAGCCTCAGTAAGCCACCAGGCCCAATTAGCAACGCCTTGCCCGTCGCAACTGGTTATCTCCACGCGTGCATCTTCAGCGGATCTAAGGCCGCAAGTTAGATCTAGGCAGGACCACATTCTGAAGGCTACTACTTAGCCGGCCCACTATGACTATGCGGGGCCTGCATTGGTTTTAATGGTTCGATGAGAATATACACTCACCTGTTACAAGTATCCAGGCTTTCCTGAAGACACGAGGAACCTCTCTGCCTAAGTCGACGCACGAAACCAAGCACTGCCGGGAACGGGGCTATCTTTTGGCAGCTCACTGTCCTCAGTGGCATGTTTCTACGGAAGCAAGGGTATTCGCGTAAGTT,821,49.7,Mus musculus
SEQ_905464,GTCTGTTGGCACCGGTACCGGTGGACCCAGTCGTCCGTGTTAGTTCTAAGACGTGGGGGCGCATTACATCCACCAGTAGGATGTAGTGGGTGATCCACTTTGCTTTCAAGAGGCCGAGGATGCCTGGAGACATCGGACTGGTTGTCTCTGCATTTGGCAGGCATTATAGTCCACCTACCGTGCACCACGCGACGGATTGGACCGGCAGGGTCCGGCGCTACAACCGGTGGAATGAGGGAAGCGGATAATAAAGCCACAATGCCACCGACAGTCAGTATAATGTCAAGTATCCTAGCTCGGATTATCGTCGATGATCTCGGTAGACACCCGCTTGCGGATAATATATCTAAAACCTTAGTTCGGAGAGGGTGAGTCCGATAGACAAGGTAGCAAAATCCGCGTACCATTTTCCGGTCTAACCCATGAAGTGTAACTCCATTGCATCGACTATTTCCCGGTGCTACTGAGCCCAGCTCCGTCTGTACTGCGTGTGTATGTCTCGATAAAGCTATGAATCAGCATATGGCCATGAAGTATCCATGATTTCTAACCACAACGACATCCAGGCAACGAATCGGCAGTTCGGACAATAATACTTTTATGCGAGGGAAGCTTTTGAGAGTAATACTGCTCCCGCACCGCCCCCTCGGTCGGACGATTTCGTTTCCCACAACGTTCGAGCGGTCGGAGGCGTGAGGACGTTTAGATACTTAGCTAGTGAACCCCTCTGCTTTGTCGTGGTCGTGCGAGTCCATGTAAGCGTCAAAGGTGGCACGATCGGGATGCGTTAGAGCATACTCACTGGTGTTGCGCGGGGTAACATTCAAATATGTAGGCTTGTGAGAATATCCGCTTTAGTGCAGCAGTCCTAAAACGCCCTATATAACCTGGAAGACCTCATCTTCAGTCTCCGGAATGGACACATCGCGATGAATAGTCCCTCATAGTGAGCCGCAGCGGCATATCTTAGATAGCTTGCCCAACACCTTGCACAGAATTGCGGCGGCCATGCGTTTAGATAATTGCCATCTTTCGTCATAGTAGATTTCAAGTTATGGTCCAACCAAGTTCTCGAGCCCGATAGGGTCTCAGAACCAATTAAACTGTGAGTTACATTTGGGCGACTAGTCTCTGCGACGCGCGAAGACTCACTTGGTGGGTTAGGCTCACATCATGGTTTCTTAATAGCCTGGCCTCCATGAGATTACCGAGTTCAGAAATAGTTTGGTTGCCTTTCAGGAATCTCCCTCGAATAGTAGTGGCTAATAACGCGCGAGATGGGTGAGGGGCCACATAGGCGGACACTCGCGGCGTATGGATGCTTATGGGATTTCAGGGATTTGACCGGAACTTACGACCTCGGGTGAATCAGGTTACACGGAAACATGACTGGGCTCGCCCGGTGCGTCTATACTTTCGAACTAACCTGTGCAAATGTATCCCATGATATACCTGATCTAAACGACGGAGGAATGGCCGGGACATACATTGCTTATGTGGGGATGAGGGATTGGTACCTAGCTTCCTGCCCTAATCCTATCAA,1543,50.36,Arabidopsis thaliana
SEQ_548676,CGCGCTTGTATGAGGAGCTATAGTTAAGCGGGTCCTACATACGGCGTGCCAATCATGTTAGGCCCGACGATAGACGTCCCTGTAGAATCCAAAAATACCTGTTTTATGAACTCAGATTGACAAGGTACGTTTACCGAAAGAACCCTACTTGCCCCACGTCGGTGAGAGGTCAGAACGCATGAACCACCAAAGAATCGTTCTCCGAGGATCGAATCAGTAGGTATGCATAACTGACGGGATGGCAGCTATTAAGGCAATGATCGCGACTCCGGAGAGCGCGCGGGTGATACAAGAAAATAGGTGTTAGCTCTCAGGTAGTCCGATGATCTCTCGCCTTGTTGGCCGCATCCATATGTTGGATAAGGGTGCGCAGACCGAATCGTCACTAGGTCATCATGCTCTCGTCTGTTTGGAACGACAAGTGGGTATAACGGTTTTTGGTAAGGCACCGTCCGATCGACGGGAAAGCCTCCGTGACAATGTTGTTTGCATGTATCCCGAAGATGCGATCAATATTCTGCCTGCTTTGCTCCAGGACCCTCGACGTGGATATACTAACCGTCTGTGGATCCGTGTTACCTTTAAAGAAGGTTTAATTTAATTAAAACCCTGAGTAACTTACAGAAGCACTTTGTCTGAAAAAGACCAACTCAAGCCACCTGAGATCTACATCTGCGTTTGTATTTTTGTCCCAGTCTTAACCCGGATATAGTTCATATGGTCTATGAAATGCGACAAATCGCCATAATCAAACCACCACGTCGTCACCTTCACCTCCGGGTCAAGGGCGTTCGAGACTGTTACTCACGTTGCGAGTCTGGTTCCTACAATCACCAGGTGCGGGCACATTGCGTCCAACCGGTTTTCCGCTGTTGGAAATGAATGGTCACATTACTAGTCCTGTGGCGACGGGTTCTTCGGTCAGTCTATCCGCGCATACGACCGCACAGCTCCTCATTTACAACCGGTAGGTTGCGAAAATTTTG,986,48.58,Arabidopsis thaliana
SEQ_400813,TTGTGTTTCGAACTTCGTGCCCGGTCGACGCGCTCTTGTGTGCTCCCGTAGCCTTGGCGCCAGTACGACTGTTGACTTGCGAAAGGAAACGAAATCGGCGTAAATTTGTCATCTTCTACCGCTCGCGATAGTTTCAGGTGCTGAGGCTTTTCTGTAATAAATGTAGATTCAGGACAGGACGGGTAGACTAAGGCCTAATCTCTCTATTATGATACGGATGCACTTGTGACTCGGCGTGTATTCCCGTTCATCCTGCTAGACCACTGTTTGGGAAAATTCACACCAACCTAGATTTGAGCAATTATCAGAAACTCGCTGCGCATGGGCCCGCCCCACGGTTCATTGGTGATGCGGTCGAGACTTATCGCCTAATGTATATTACTGGAGCAAGCATAGGTAGGAGATCGTGGTGGATTGTTAATAGTCGGTGTAGGGCGAAGCATATCGAATTAGGATGGCTGTATCTCGACTGAACAAGACCACGTTTCCCTTCCATCGGGGTCGGCAGTTTCAACCAGAAGTTT,524,48.85,Caenorhabditis elegans
SEQ_993886,GGCTGATGAAGGCAGAGTGAAGTATCTGTCTGAGTTCAGGTTGGGTGCTGTGCATTAACCGCCTACTACCGACTAAAGACTAAGTCCGGTAGATGTACCCTTTTCATGTCGAGTCAAGGACACGGAGAGACAGCACATGGTTGCCACAAATTTAGATCTTATAGGGCTAAGGTTTTTAAAAAGCGTCGGCGGTCTATCCAGTGAGTGTCCTATATTAACAGTGACCGAGACTAAGTTAGTATCGAACTTAATGATGCAACGCGTTAAAACGACAGTTCGGGTCTGAGGCGACGTCGGGCCCGATCTGTACGTTGTCCGTTAAGTATGAGTAACACATATCCCTGTCCGCGCGTTGGGGCTCGCTAGGTTCCGTTTAGATGATTATAGGGGCTTAATCGGTCTTCCCCTCTTTGAACTTTATAAGCAAGCCATGATCATGTGGCAAACTACGGTTTGCCACCGAACATGAGCCCGTATGGTCTTGCTAGTCGGATGCATAAGCTCGCAATCACGTTGAATCGTGTCTCAATACTGTGCTGCTATAGTACGGCGCGCACAGTCAGAGATAGATCTGCAGGGATAATAGAGATAGGTGACCGTCGTGAGTCTTAGTCGGGTGCGCTACATACCGGAGATTGGGACCATTGCCCGCCCTTCGCGGAGTAGTTAGGCCTGTGCCGTCCAAGAGCCGATGGAGGGCCAGCGCACAGTTAAGTTCGATTTGCCAGTCGCTCTTGCATATCCTCAGTGTTCGCAAGGGGCCGCCCGTTGTCCACGTCTCCATTCTGACCACGAGTATGGATCAGGCATCGATGCGGTGGTTG,824,50.73,Saccharomyces cerevisiae
SEQ_429223,GCGCAAAATTTTCTATGATCTTGATACACCTGACGTTTATAGCCGGTGGTTGAGGATATCTATAAGCGCTAAAACTAACCGAGAAGGTCTGGAACGAAATAGTGCTGCTGGGCAGGCCGGTGGAGTAGATAACCTGATTAAATTCATCGACAAAAACTGAGTCCACGGATGTATGGGCACTAGGGCCCACGTCCTTTTATGATATGTGAAATTGCTCCTGTCTGTCCAAGTTGGCTGAAGGCCCGAGGCTGGATCTCTACTTTTTCTACCATGGCGTACTTTTTGCAATATGGATAAAAGGATTTGCGGGACCGAGTGCATGCGGTCCACTCGGTACAACGTATTTCACGGACGTCAGAATCTCGAACCTTGCGCTCCTGGGAGGACCTGCAGTACCGGAACGACTTGTGATTGTGCTCTGACCGATTCCTAATCTGTCTC,441,48.07,Arabidopsis thaliana
SEQ_978078,ACGTGGACCGTCAGCGGTCTCACAGCTGGTACTAATTTTATATATGAGTAGGATACGTTGACAGACCCTCACTGCCAAGGCCGAGCTTGCCCGAATAACCCAACGCGCTGCCGTAAGAGAAGGATACATTGTATATGCTGTCGATCGGCAGCCTGAACTCACACCGCGATGGGGCTTACGTTCTGTATTACTACGCGTTTGAGGCTAGGTGCGT,214,51.87,Homo sapiens
SEQ_573412,TTGGGGGCAGTTACTTGTGATTCCAGCGTGGTATAGGTTCGGAAATAGATATCTCCCGCCTCGTTTGAAGCGGCATCGCCTCGGTCGATGGACATTTTCCCCATACGAAAGTGGATAGGATGCCGTGAGAGGCTGGACGCTATACAGTTTTACAGATCGATCAGCCTTGGTCACCAGTAGCTTTGGCAATGCGGGCCACTATTTCCCGGAATATCGTTTAAGAGTTTTCGCACCACGTTCCGCTAGGTAATGCACCGTTTGGCCCAGACGAATTTGCGTGCGAGCCATTTTGGTTCCAAAAACGCCTTCATATAAAATGGACAGTCACTATTTACTACAGTCCTGTACAGAGTGATATTGACGAACCTGTATCGTCCTTTAGTACTTAGGCGCCCTGTAAGGTACACCTAGCTGTAGCTAATAGGAATCGTCGGTCGTACTTTCCTCGACTAAGGTCATACTTAGCCGGGGCCGCCAATTCGTTGGTTACCACATAGCGGATCTGGTCTCTTCCCTCAGGGGGGATTACGCCTACCCCTATGTACTGGTGATTTGTTCATCGAACACCATAGTAACCAATCCCGTTAGATAGTTCCAACGGTAGGGCTCCAGACTGTCCAACGAATATATACTTTATTGACCACGTCAAGGACGTAGACGTAACCACAGATGAGTCCGGGCTGAATCGATTCTAAAGTCCTTGCTGCTGACTCACTCTGGCAGAACTTCTCTGGTCGTTATAGGTTACGTCTTGCGCATTACACATACCTCACTTTGTTTGTGTTCGGGATCACTAGGCTTCCACTCCGCACAGTCGCATTTCCACCGGGTACCTTCGAATCCCGCGTTAGCGCGTGGAAGACACATCTTAGCGATCCCCCTTCGTAGCACGCCTATGTTTTTGTTATGGTATTCACAGCTGTAAAGACACACTCCTCTATGACAAAGGGACTTACCCTACTTCTCAACGCAAGCACGGGGCTAACATAAGCGCTGCCGCTCCAGCGTGGCAGCAGACGCACGAGGTCGTGATCAAGCGTCACTGCGGGGGTCCCGGCAAAAGGTCTTCAGCCTCGCCGACGCTCGAGTTTTAACCGTCAGTCGCGGGATTGACTGCACGATGCATCCTCGTAACTACTGGCTCTGCCTAATCAACAAACGCACTCACCACCCCATGGTCGATGCTTATACTATCTTGCACGGGGTCGCTCAAAAGTCCAGACTCCTTGGGTCTGATC,1238,50.65,Escherichia coli
SEQ_415816,AATGAGGGCACCTGCCTGTCTCAATGATTACTGTGTAAGTAGCCAGAGTCTACTTCCTTAAGACATCTTATCCTTGAGAAAGTTGGACCGCAGGATCACTCCATCCGTGCTCCGACCGAGCT,122,49.18,Homo sapiens
SEQ_963542,ATACTCAATCAGGGAGAACCAAGTCCTTTTTCTGGCGAAAATCCTGATTATTACTATTTTAACTCCTAGAACTCGATACGGGGTACGATGGCGTCGGACACAACCCTTCTGCATTGGAAGGAATGCCGGTACCCAGCCGAGGGGTAATCGATGAAGTGGACCATCGCGGGATTAACTGAGTAACGATGAATGTCAAGAGAGGAGCCCGACTGATGACTCGAAAAATTCCCATAAGGGAAAGCCGTGAGCCCTCAGAGCCGCTGCTTACAGCAACGGTGGTACGCTAGCCGTCATCTTAAAAGATAAGCTAGGCTTCAAAGGGAAGACTTGGCTGGGCCTCTAATGTGCGCGCCTCAGCTGTCCCATACAATCGGTACAAGATATGGTCAATGTTTTTGTAGGGTCTACAGGCACGCTTCGGTGCTTTAGGAATTGACCAACCTATAAAACATCACGAGACTACTGGTCTAAGACCCCTGTTAGCATAAATGCCGGTCAGCTTCGTCAACAGCCATTCCGTCCAATATTAATGGTTGATAGCTGAGTTCGCTTCATTGTGCAAAGGAAGCCGTGCGCGCGGAGGGAGACCTCACCTTTAGAGCTTCTAGTGGTTCCGTTTGATGCTTACTCGGGCGCTATAGACTATTTGACGTACTCTTGGACCGGACACGGCGATAACGAGGTTGCTTAGATACAATCCCGATGCGCGGACATCCGCATTTCTGTTGCTCATTAGCGAAACGTCATGGGACTTAGCACCCCGTGCTACTGATTACAAGCAATACTGACCCGACTGGCAACGGACTTGCTCCGCACCACGAGCTCTTCGCTACAGATTTAGGCTAGTGTAGACCGTTCTAAGTAGCACAGGAACTATTTAATCGAATCAGCGCCTTCCTGCCCCGCGGAATGCCCAAGATGTGACATACATAACGGCTTTTTGGGTCCCGTCTTCTAGGTGGGAAGATAATGTGGTCAACGGATCTTGACGGAGTATAATAGGTGCGCCCGCCGAGTGATTGGTCTAGAGCAGAGTGAAGCTCTCCACTTGCTCCAAGTTGAACTACTATACCTGAGCGCCTGCTTTACGTTGTGCCAGTGTCGTCGCGGACACTGCCATCACGTTGGTCGCGACTACCGTCCGAATATTGGTCAAAGGCGCCCAATCACAATCATACCAGACACGCGTCTCTGGGACGTCCCAGATCACCCTTGCACTCTGGGCTGAGCACAGTATATTAGCAAACAAAGCGGCCTTAAGCGCTCCCGTAGAAGTTCACTCATGGTAGGTTGCGTCCCATTTATATAAGATCTGGGTAGTAAACGTCGCGCATTACGTATGGGAGATCTCCGCCCGGATGATGATTAACCCGGGGACCCAACCGAGCAATTCGGGGCAGGGGGAGCGTGCGTAACTCTCGTTGCCCCGGTGCTTTAGGACCTACACATGGGAGTTGTCGCATCCATACGGAGATATGGTTCTAAGTAAACTAATGCTCGAGATTGGAGCTACATTTGCCTTTTATTTAGTTGTGACGAATTTGACATGTGATCATAGTCGCGTGTCAATGCTGTGTTTTAAAAAGGTAGCGAAAAGGATCTAGCGACCCTCTACGAGCCCGCTGCTTCATCCTAAGGTTGCATGGCGCCTCATAAGCAGATAACCAAAAGTGCCCTGGCGACAGTTCATAGATTATGTATGAAGCGTCGTAGGTATTCCCTGACCAGGGCGCCGCCCCAAGCTGACCTGGTAATCGGTTTATCCGGCTGTTTATGGGCAAGCTGGCTGCAATATTGGCTCCCGCTCCGCGTTCGTATTCGATCCAGACGCGTGGCCTTAGAGACATATAGACCTGGGCTCACCATATGCGGAACGGATTATTCTAGAGGGCGGTTGCAAATCAATTAGTAGGTTCATTCCGGTTACCGACTTAGCATTTAGTAAACAGTGCAATCGCCCTAAGAACTAGT,1971,50.18,Mus musculus
SEQ_846740,GTGAAGCGAGAATACCATCACATGTTGAGTCCTTGGGCGTGTGTGAGTTACCGTCACGAGGTGATTTGTATGTAAGGCTGCGGCCCCAGCTTCGCAGTGCGAGTGAACGCATGAATTACCCGTGGCTCTAAAATTCTTCTAACGGAGCTTAAATCTAAGGAACTAATCGTTCTGAACGTGTAAATATGAATTATGTGAGCTCATACTCGTCAAGGCTCATACTACAGCCTAGTACCGCGAATCTCCACACTAGTAATTACCGCAAATGGTAAGCAACGTTCGTGACTTTTAGTTCTGGTTGCCCACCCGTGTTATGTATCCTACACATACCCTGTTACGTTCTACAATCTTATTTAGGCCGGAGCTGCGGTGCGCGCCCCGCAGCGAAGATCTTATTGCCGAGGCTACCTGCCCCTCATCATGTCCCTACGAAACTGCCGAATTACTCGCCGCCTACCAGTCTAAAAGACGATATGATCTTCATCGGCCGAAAGAAATAGGCGTAACACTACTTACATACGCGTAGGATCCGTCAGCACCATGATAGGGGCTGTTTATCTTCCGACGTGTGTACTTTATTTATAAGGGCAATTGGTAGTCGGCTTCCTTCAGTTAGGGCATTCATCCCCACGCCGGCTGCGGCGGGTTCGCAGGCGCGAGTACCTTTAATGCCAGATCAGAGGCTCCTGTTCGAGTATCTGAACATGGAACGGCCTGTGATTACACCCAGTATCGGGATCGTTGCGGGCCGGCTAGGTGTTTAGTGAGTGGGTCGAACAAGTAGAGAAGCCTGTTTTTGTTAATACTAGATCAATTATCACACCGCCAGTAAGCTTCTCTGCGCTTGCGCATGATAGGCAGACCCGGTCGGATCTACCACCATAGGCCAAACGCTGATGAGCTCTACCTGCTTTACGCGACAGCGTCGAGTATTTCCAGTAGGTGATTGGGATCCGTTCAATTGGATGTCTGGCTACCAGGGCAGCTAGATCCTATGATCGGAGAAGCCTACCAACTCAAGTGCAGCGTTGGGAGTCCAACGCTGGTCGCATACAAGAGGTATCTGTTGTGAAACGTGTTGATGTTGGTCCGTTACACTATATATTTGGGATCCGATGATTGATCCGTTTAGATAGCACTCCTCCCCAGCTGCTTAAACTATTAGCAGCTATTGCTAGGTCGACGTGGAGGACCCAGACCCAGCATCTGACATAGCTAAATCGCCAATCAATTATACCAAGGACAGGACCGCTCATGGTCTAGGGGAAGGTAATTTGGGTACCAGGATGGCAAAGCCAGTGATTTGGGCGGAGGCGACTGGGTATCAGGCCCTTATCACGTCGCCTAACAACGTCCGAGGACTCATGCATGCCCGAGTTGGAGAGCTGGGTCCCCAGTTAGAGGATCCGTTAGAGAACCTAAGTAGCGCAATGCCTCGTTTTGGCTCTGTGTAACGCCTGGATTAGTTCTACCAAGCATAGAGTTACCTAATGCATCGCCGCGGGTAGCGTGCATGTTATTCGAAGAAGAGTATAAGACGGTAGAATACTCGGCGGTAAGGGAATTGTCTCTTTTGCCGAAATGGGCATCCCGACCCGTTATAGAGGACACCCCGAGGTACTCGCACTTTCGGGTAACCTCGCACCTAAATCGATCAGTGTAATATCTGCAGTGCATACTCCAGTCCGAGGAGCAGGCCCGTCGGCCCAGACAACACAACCTTTCTCCACGCTCCGGTGAACACTAATCGGCTTTGCCAAGAGCAGTACCACTTGCGGATCCGAGCAAA,1789,50.48,Mus musculus
SEQ_614966,ACTGAGGTATCACCCGAGGCGTGGAGTAACAACTAGTAAGGGGTATGAGTCAATCCGGTCGGCCTGGCGGCTAACCTCGCAGTTGAATGATGTACTCTAGCAGTCAGCATAAGTACGTCAACTTGTAAACGAGCACGCAGCGAGCCCTCCGTAAAGAAGACACGGAGTCGGTCATCGCCTTGAGCAACGGAAGTACGTGCCCCTTTTCATAATGCATAGAGTGATTATTGAACATAACCGCGCCACCGCGTGGAAGCAAGAGTAAAACGTCGTGGTTACGGCCATAGAGTATGGCAGGTACAACTTTCGCTTCACTTAGGAACAATAAGAGGAACAACTCAATTTGAGGGCTCTTCAGGCCAATTTTGACCAATACACACGGGCATATCACCATTGTGCTTAGTTGAGCGGGGTCGTTATTGTTACGCGCTATTGCAAAGAGACATTAGACGCCTGGTATCCCAAATGACATAACTCTATATGCAGCATGACCGTTCACTGAGCATACAAACTTTATAGTCAGTGTGCGCTACACACCGATCCGTTACTCGTGTGCAAAGATCTAGAGTCTAGAGTCACTGAACTGAAGGGCATGTGACATTCGGGCCGGATCTATGTCATAGCACTAGGCAACGGTAGGGTTTGGTGCTACGGTGCGAGGCTGCGAGTGCAGTTCTGAGCAAAAAAAATACAGGTCATTGAAGTAGGCTCCGGGCACCAGAGATGATTGGGCGTGAGGTCATCCTAGACTATCATAACCGATTGCCTAATATCAAGAACTTCTGGGTTTCGAATAGACAGAGGCGCATATTAATGTGACGGAAATTAGGCTTATGTGCGTCTCTGGAACGTTATTATCTTCAATTACTATGAGTCACAGGCATGAACTGCTTGAGCGAGTAGCCATCATGAGGCGTGCTGTACTCAAAAAAGAAGGTCATCTTTGTCAGGGCCACTTTTCCGAAAAAAAAGTTTATCGCAAATCGCCTTCCTTGTTAACCTATCCTTCGGCGTCCAAATCAACAACCTGTCGAGGGCGCATAACTGCACGGTTCTTATGCTCCTTAAGACTGATCGCTCGCCACAGACCCAAAG,1095,47.58,Homo sapiens
SEQ_556530,GAGTTATGGTAGTGGTGGAAAGTACAGACGATGCGGCATTAACCTCCAGTCCGAAGACGTAGGGATTTCCGAATCTTCACGTAACGCCGAGCGGGTTTCGCTCAAACTACCTATAGCTAGTTTTCAACCTGGGAACCCGCATCCGGGCGGTGCCGGAGAGACGCGTTTTTACTCGCAACCACAACAGGGAGAG,193,53.37,Arabidopsis thaliana
SEQ_143026,CTAATCTTTCCTTAATGCTGTAGGGGGATGTCCCATCCGAGAGTTGGAACGACAATAATGCACCCGTGGATGTCTATTAGGGAGTTTAGGATTGGAAGCCGCGGGCGGAGGCATGCGCGCTACTAATATCAGGGCTAATGATAGGTAGGCTACGACAACTCTACTCCCCAATTATCAACAATCCGAAATTCGCTCTGGGCTATGCCAGAATGGCAGGCCGTTAGCGGGTACGTACCTGGATTCTCTTGCGCCATTGGAATCAGTGATCTCATGTATCCACGCTCATACTCGTCCTCCAGAGACCGTTAAAGCTAGGGGATTCATTTAGTCACGCTCTTGTGGTTTCGTAGCCGCGTAATCGGGAAGGTCATTGTGTTGCATTGCTCGGGGAGGCACTTTTGCTGTATCTGCAAGACTGCCGGCATGTGCAACTGGGACTTCGTCCATGATCTAAGAACTATGAGTCTCAATACCGGACGCACGTCGGAATATCTGTTATAGAACGGCCCCTTAGAACGCATGTTCTGCTCGGAGTATAATACTGAGATGTATTGCGCACTGTATCGCGCCATTCCCATAGTGCAAGGGGCCACAAGCACGTGCTGCAGATCACGTATACACTATATGAATCGGGGATATCTTGATCCAGACGTCAGAGTCCCACCAAATCTGACTAGTAGTCACCACCTGTGTAATAAGTATGATA,706,49.15,Homo sapiens
SEQ_209493,GGCCAATGATTATAGTCGAGCGATACAGTCACACTCAGACACTGGGCACCGCGGAATTCATCAGTATCCTTCTTCCGGGCTTCTCATAGACGTACAGGCTGCCGTGTGGCAAGCGCACTTTGCACCCCACTAACAAGGTCTTCCCGATCCGCGACGGTTCCTCTTATGACGTAAGGCGAACGACATGCCCAACCGCGCTAGGGTACGTGCGCAACAAGACGGCGAATAGACACGTGTTCGGCGCAGGGCAAGGTTTCTACCAGTCTGGGCCTTGGAGGATTTTCCAATTTAGACAAGATAGGTCTCGAAACACAGTCATTTCGAATGTGCGGGAGACTCTTCGACTGGAAATAATACTGGTAGGTGAAGTAGATCAACACAGTCGTTTATCACAATATGCCGTATACCATAGGTGGTCAGAACGTTACGAGCTAACGGGCCGAGTTCCCTGAAAAAGCCGGCATTGGAGGCGCATGCTGCGATCCGGGTGACCATAGAGAGACGAGCGGGTGACAGTGTTGCTCGACCGTGATACGACTTGCTACCCATGGCCGGATCTAGTACCCAATCCCAGACCCGAGACCGGAAATTATCGTAGGCCGCCAACGGGGAATGCCCCTTTAAGACCATTAGCCATAATTTTTTTCACATCCCTCTACAACCTCTCCTATGAATTACCGCTGGTACTTGTCTGCGGTTTTGCCGAGACCTCTCTTATTGAATCACTTTTTGACTAGCCGCGCCCGGATTGGCTCGTGCCAGACGACCTTCTATAACGGCGAGCAACAGGATCTTATGCCGTCATGTTCAATTATATGTTGGATAAACCATCAGGCCCTTATACTTAGTAGTGTGTCGCCCTGTGCCAACCTCATGGGTATACACAATCGGCGTGTAAGACTACCCCTGACTTCAACCTAAGGGGGAGGTGTTAGTCGGGGGTATAAAAGAAGTCCACTTTTCCGTCTATCATGAGAGTAGCAGATGGTGTGCAGGCATTCTGGGACAGTGTGCACGTGCTTATTTTCTCGACAAAGCCAACCGGCCGGGCGGTCTATCCCACTAAACTGTGATACTTACCAGACACCGAACGCCAATCGGATCTGAGCACGCATCTGCAACCATCTGCATCGCAAGGGTACTTCTCTAATACTAAATCGTTTGGCGGACACCGGGACTGGCATCGAACTGAGCGTCGCGTCTGACTCGCAGGCTCTGAGGCATAGGTATCAATACTCAGCTGCAACGGGGCGGATCTGCTCCCGATAGAGCAACGTAACGAGGTGCGTGCTGCCTTATGCGTAGCTGACCATCGGAGCGGATTCCGCATCTGCCTCCAGATAATGGAAGAGTGCCCATCCTACCGAGCGTGGTCCGTAAACGGCCCATCGCGACACACTAAGTACCATCAAGACCTAGTAGACAGGCACGCGACGCGGAACATAAACTTCATACGATATTGTTGTGTTCACGGTGGGTAAGGATAGAAGTCCAACCGAATTGACAAACCAAATGCTGTTGATAGTTGGTGAGGCGCCCCAACAGACTTTGATTTCAGTATGACTGGAGCCTAAACTCTGCGATGTACCTGACCCGACGGAGGCAACAGGAGGGCGCCTTTATTCGTGAGAAAAAAGTGCAACATACAACACTCCGTGAGATAGGGCGAGGTACGGCCAGTACCTGCGAGCGGTTCAATTCCTAGTGTTAGCTGGAAATAGGGTCTAACACGTGTTGCTTCTTACAGAGGTGTTAGAATTTCGAGCGCTCCATCGTTTGATTGCTTCACCAGCTTAGCAAGGGTGGAAAAGGGCAATCGGGGGCCTTCGGGTTATCTCTCTGCGTCAGCCTATAGGTCTCAGCAAATCCGACCAGTTGTCCCACAATTGTGTTTGACAACCAACTAGGGGCCTAGG,1916,51.57,Caenorhabditis elegans
SEQ_129046,TTGATCGCTTGGACTCAAAACGGTACCGACTAAGCTGGGATGCTAGTGTCAAAACGGGAAGCTTTGCTGCTACCCCCCCGGTGGGGCACGAAACAGAGCGTTAGCAAGAGCAGAACGAGCCTATTCATAATCTATACCCCCTTTCGCTCTTCAGCCATCCCATCATTACGTCAGCTTTCAACAACCATTCGTCATCAGCGTCACGGCAAAAATTATCAATGGGTTAAATTGCTTGCAGTAACGCTCAAGGTCACACCTTTAGCCGGGAAGAGTCGTATTCAACCAGCTATAAAACCCTTAGATCATTGACAGATTCCGGGCTATTAAAGAATAGGTGTGCGGCAGAGATATATCGAACGGTCGTAATCTGTCCTGCATCGGAATCCGAACTTCGTTTTCGCCGCGCTTGTCCCTCCGCTCCGTCTCTAAGTCACGATTCGCCCAAATCGGCTGCCAATGTGCGGTCCTTGATTAGTGTAACAACTAAACAAGTAAGCCTTTCTCGCGTTCGGTGGAGCCGAACTGTTCCACGAGTATCTTGAAACTAGACAAAAATCCCTGTATACTGAACCGCAACGGTACCTGATAAGATGGGCTATGCGATTACGGCATAGAGGGTACCCGAAGCTTTTTCGACCGAGACCCGGAGCATTATCCTTACCTGTACTCCCGTTGTTAAAGGGAGAGCCGGTAGCAAGTAGAATCCGGCACACATTCTGCGGACCGGACTTAAGGTCTACGAAGCCTATTACGCAGTTGTCAGTTATGTATCAACAACCCTCCCCGATGCGGAGGTACAAATGAGGGAAAGTATAACAGGCTGAATTCTCGGAATCCCTGCCGCGCGATGACCAAGCCCATGGGTTGTTTAGTTTCGGCAGTAGGATACGGAACACTCC,899,49.39,Drosophila melanogaster
SEQ_726629,ACAGATTTGAGACTGAGGAAACTTGAAAGTTTATAGGACATGTAATACCAATCGAATAGCAGTTAGGAGTGACGATTGTCGCACTTGACAATTCGCCGGTATACTAATCTTCCCGCTCCATGGTTAAAGAGCTAGGTTAGTTGCTACCCAATCCCAACGATCGTCACTACATTATGCTTTTAGCATGCAAAACCAGGATGACTATGCGGTTCGCCCCCCTCTAAACCATTGGCGTGAAGCATCCGTTCGTAAGATAGGTAAGCATGGTTGGCATGTATTGCGGTAAGCCGGTAGAGTCCGAATGAAGTTTATGATACAAATACCAAATGATTCGCGTCGGACAGTGCCTAAGATCCTGTTGGGATGTGCATTCTCTGAGGTGGTTGGGGTCGCGATAGCAGTGTTTCATTACAACTTACCCAGCACCGTGCCTCACCATAGCGCTTACCCGGACAAGAGTTGTCCCGTCCATAGTCCTATCACCCATGGTAGGTCATCGAGATGGGACATCTTTGCTGGGAGTCAATCCGGCCCTAGGGTAACTATGCGACGTAGGACACGTGTGATACCGGGTTTCGTCGAATACATGCCCAGTACTCGGGTTTGTCACAAAAAGGGCATGTTTGCACTGTCGCAGTTAAAGGGAGTCACAAATTAGACGGCATCCTGAGGTCATGGCAGTAAGACCGATAATAGCTTGGAATTTCCATCCTCTTGGGCTCTACAACGACCGTCTTCCGGGGTAACCCTCACCAAGAATGTCACATTGGTTCCATCATGATATTGACGAATTGCACAATGGGGCTATATGGTTTGAGGAGCGATGGCCCTCGATTTAATATGACGGAGCCTTTTTGTGTAACTTTCTCTGAGGAGTAATGATGGTCAAGTGCACGCTCCACGGTCCCTCAGGCCTAGGAATCTGGCGTAGAAAGCCCAGCCTTAACGTTCCACTACCCGTCCGTAGTACTGCAACCTACTTCCTCCAAATACCCTATCTCCAAACCTGA,1010,48.22,Drosophila melanogaster
SEQ_780951,GGAAACTGACCTAAGCTGTTGTAGAAATACGCACATCTATTTGGCTTGCCAAGTAACCGGGGATCCAAAGTATTACTAACCATACATTTGCCCAGAGGTTCACTTAGCGTACGTAGTATGTTACAGAGGCGTACGCTGTTGACTACGAGTACGGAAGCACATCGTAACGGCCTTAGCTTGCAAAACCGACCTAGCCAACATATCTGGCAGCCACTGAATACCTCTGTACATCCTTTACTGGCTTTGCATTACGCATTCCAGCTTATATCCAAGCTAGATCACAGGCGACCAATAGCGCACATGCTACATCCGCCTTCGCTACCAATGCGAATACTTGCTTTATTCGTGCGAATCTATAATGACGGATCGGCCTGTTACAAAACAGATTACAGGCGATCTCATCAACACAAGGCATTCTCCTCGATCGAAGGTGCGCAGCATGCGTATGGGTCGAAAACCCAGTACAATGGGCTTTGCTGAAGCGTGGAACAATGTCGATGTTTCGCAGTCAGAAGCTCCAGCGTACACGGAAAAACAAGTGTACTTGGCTCCTAGGGCAATGACACCGCATCTCTCGTTCGCCGACAAACAACCAAATCATCCCCGTGCTTTGCCGTCGAGAGGAGGCGATTCAGGCACACCATCTTAGACGGACACCGCACGAGCGCCCCGTAAGTTTAAGAGTGAAACTATAGTTATTCTGTGTCGCAAGTCATGGCACCTACTTGACTCACCAGATCGTTTGGTTAGTGATATCAGCCCCGCGCAGCTGAAACCGTCGGTAAACTGGCGAGACTTCGAACATAAAGGCGACGGCATTCATCAGTTTCATGACTCGTATTCCAATTGTACACATCAGACTCAAGCCATATTTGGTTTGAACTCTCAGGGGCTCTTTCAACGATGAATCAATCCATGGGCGTCGCCGCGCAACTCAACTATTTTAGTTCTTGCACTACGATTCGGCTGCTGTAGGGCGTGTCCCGACTAAAGGCTGGTTGTTCAGACAAACGCCAACCGCAATTTGCCGGCGAATGGCCCACCTTCCTACACTTATCAGCTTAAATAGATCTGAGTACAACCGGATGATCAGATCAATCGTTGGTAGGCAGTCTACCGGGGAGCGGACCGGATGACTGCCTCTGTCGAAAGTTAGAACTAACGCATAGGCGCGCAGCGATCTATGTGGATTTAGAGGGTCAAGCGAAAATTGGCGTCACCCTGCGTGAAGGACCAGCCGACCCTGTAGCTTCATGTTTGCTCGGCGCAAGATTTTCGCGGACCCAAAAGGTGAGCCTTAGATCGCACCCCGTCTAATAACATAGATTGGGTCACAGCGACATGGGTATGACGGGCAAAATAGGGGCGACTCAGGCCTTCGTCTAAATGGTCCCTGATGGGTGACGTATCGTATGCGATCAATCTGCACTCACCTTGTGAAACGAGTCCTCGGTGTCTTAACTCGGACGTACGGGGGAACTTCGTGTCCCTCCTCGCCGTCAAGAACAAAGTGCAACTAGAGGCAGGTAAGAATTTCGCGAGCCTAAGCGTCCGAATCGGAACCCAACGGATTCGCTTGCAACACGCTGCTAAAAGGGCTATACATATGGTAAGCCTGAGGTCTACACCTCTCTGAAGCATGTGTAGCTGGAAACTCTCACTGGGTAATAACAACCGCACCTTCTGCAATTTATGGGGCGAGTGAAA,1707,49.91,Drosophila melanogaster
SEQ_970258,CGTGTTGCAATGTAATGCTTTGCCAGTTCAGAGAGGCCATGTCACTTTACCTATATGCGAGCGTCGTAGTGCAGCCCATGTAACCCGATATGGTATCCGGGCTGTTCGACATCCTGATAAGGCTCCCAAGGGAGAAGCCATCAGGTGTAAACGCCATCAAGACCAGCCTTGCGGGATCCTTCGACGCGCTATGAGTGCTTTGATCGCCGCTCGGCAAGGCCGGTTACAATACCGATTAATGCCGAAACATCAACAACGCTGGCATCTTACTTACAATAATTTAGCAGTTGTTGTGCTGTTGCCCTACCCGGTGTCGGTGTATTCCATATTTCTACTATGCTCGACTTACACTATCCCTCACGATATCCGCTCAACCTCTCGGCATGAGCTTTTCTGCTTCAGCACTACTCCAGTCATACCGCAACTGTCTCAGGTTGGTTTCATCGTCTAGAGCTCGTGTATCCGGCAATTCTGGGAAAAAGCGGTGATTACTTTACGTGAATCGTCCGCCTAGCCCTCATAGAGTGGAAGCAGGGTACCGATTATATTGCCACAACTCTCCGTATCCACCTTCTCTTGGTGTTAGGATGTAAACCTTCTTTCCTGAATCTAAAGCCGCTCCTAACACGTCGGTATCTTCGACCCCGTGTAGTCATAATAATAAACTACGGAGATGAAAAATATCTCTTGTAGTTTATTTTCGCCCTAACGTCAATAGCCACTATGCCTATCGGTGGGCTCCGCCAATGCTTCTCCCGTCGAAGCAGATTGATAGCAGCCTATGGATTAAGGCAGGGGCTGGCACAAATTGGCCCTGCCTAGTTGCAGTAAAGGATACGTGACTAAGCGATGAGAGGTTTTCCGTTCGGGAGTAACTAAGAACTGGCCCACATCCACTGGCCCGTGTCTTACCGGCAGCCGTTCCTGGGTAGCTGGAATATATGTATGTAGGCAGACCCTCGAAACCGGAAAGAGCCAGGAAGAAAAAGCCTGGACCGCCTGCATCAGTAGAGGCGTGTGAGAAACGCGGAGAGACGGGTTTAGGCGAGCGCGTGCCAAAGCTCACGATAGGGAGCGTAGATCAGGACTGTGCTAGCTAGACCAACGGCGTAGATTGTCCAAGAAGCTAATCTTGGTGCCAGGCGGGAACCTATTCGTAAGCTCTATAAAAGGCGGACATCGCATTGAGGGTAGTTCGACCAAAGATTGGACGCATGCATAGCCTCGTGGGACGTGAGCTGGTCACTGGCAACCCACTATGGACCCTTGGCTCAGACTCAATTGGGTCTCACAGTTAACTGACCTTACCGTTATGAAGATGTAAACTTAGAATCTAGCGACAGGACAGAGCCAAGTAGTATTTAAGCGTAGGTGACACTACAAGCTCTATGGAGCCAGTACAGCCGAAATCCTGATGTCTTTACACGATGGCTGCTGATAGTCGTTGACCCTGAATTCGGGCCCGATTTATCTAGGGCATCCTTCCAAGCGATTCGATGTTAGTATACTCATTCGGGAGATATCCAAATTGGCTGCTGGCTAAAATAGACTTGTTACCTAGTGCGGGGAATCGGGTTTCCGGTGCTCGCAGCTCCAGATTGACACGCGTCTGCCGACTATGTATCTGGCACACACATTGCTATCAGTAATTCAAGTTCTAAGCGACCGCAGGAGTTTACGCATCCGTTCGTGACGGTTTGCATGGCGTGGACCCATGCCGTCGGCCATATAGGTAGGCTAGAGCAGTGATCAGAA,1755,50.03,Saccharomyces cerevisiae
SEQ_655193,AAAGAGCTGCTTGACCTCATTCATTGCAGAAGGCGGTGCCTCTGCATGTGGACCTTGACGGAGGTCTGGGGTCTGACCGTAAGATGGCAGTAATTAGAACGAGTAACTCCCTATGTGATTTAGACGTAACACGAGATGCTACCGCGCGAAAAACTCGTCCAGATTTTTGTATTCGCACTGCTCGCCTTCAGTGCTGCTGCGCGACTGCCTCGGCAGTCTTGCGTTTAGGGCACGATGTCAGAAAGCCTCATACCACGGTTGTGGGTAGCCCTAATAATTATGCCAGAGCTCGTTTCATTGGGTGAGCGGACTTCCCGCGGTTGTAACTACGTGCGTCCTTGACAGTAACCAAGATGTGGAGGTTTATTGGTCTCCCCGCTACTAGGGTTAACTTTTTTAGAGAACAATAACAAGATACTGTATCTACGAGATGGTTATTGCTCCGACCTTTTGCACGAACGACAACGTAATGGTTGATAGCTCAGATTAGATAGTGCTACTGGAAGATGACAATGGTGTTAGCAAAACGTGGAGCGAG,538,48.51,Drosophila melanogaster
SEQ_755420,CGATCACGGGATACGGTAAGGTAGGGGCTACGAGGCCAATATAGACAATCGACAGCGTCTAGATCTGTCGAGGTTCCTGGGGGATTAAGCCTTGGTAGTCCTGTCGAATCGAAGCTCTGATCGCACGATTACCGCACCTTAATGGTAAGGACAGAGCCGTAGTGTGGACACGGCTCCAAACTTGCAGTAGTGGTAAATCTGCCTTGAGCGCAAAGACCCACTAAGTCTGAGGAGATTCCTTACCGATAAGGACCTATGACGGACACAGAGTTACGGCCTATACAAACCTGTGGCATTAACACCCGAGGCCCACGCGTCGCCTCGTAAAGCCATCAGTCGACGACGAAGGACACCGCCCTGGGGACACACCACGTTTTTCAATGTTCTCTGAGTCTCACGTCTACCAGCTTATGATAGTCGTTAGCTTGTACTAATTTAATAGGCTC,446,51.12,Saccharomyces cerevisiae
SEQ_173586,GATTCCGCATATGCTTCCTACGGTCTCGTCCGTGAGAAACAAGCAGCGCTACTGTGTCTCGCAGGGATAATTACCCGGGCGTTCATTTAATAGCCTTATGTTGACCCTCATCGACTTAGATTTACGCTAAGACCGGTAAGTACGTTATTATCTTTAAATAGTGCAACAGAACACCCTCCCGAGAATAGATAGTATTTGATTCTAAGCGACAGGTACGTGTACCTGATACTGTGAATGGCTGCGAACAGGGCGCGGGTACACCCAACTGTCCGTCGATGTAGCAAGAGACCCGAACTCAGACGGTGAAGGTCCTGTTCCGTCGAGAGGCATTGCACAGGGTCGAACTCACGTCTCAAGTCAACACGCGCGTCAGTGCATCTTTGCAGGCTCTTTTCGTGAGTAATCTCCACAATGTTACTGCGTCCGACGGGGTGTTTGTGACAAAGTGTCTCCTAATGGGTCTTAGACTAAAGCCATAACCTAGCTCCTCGAGATCCATATGAAAGACGTTGTATATCTAGGTGAGGCAACGCGCGGGATTCATAGCAAATACAGACCGGCAAAATTGCGCGCAATTACAAAAACGTTTCTTGCTGTTTTTACCATGTTGCAGATTCTCTACTAGATTCTGGGCGACCGTCCTACTGTCTCCCTCTACTGTGTGATTATCTAATCCCGATAGGCAGTTTCTATTCAACTACCCTTGTTATTCTAAGGGTCACAACTAACCCGTACGGGCAGTTTCCGTCTGGTATTATTCCAATGATACCTTGTTGAGCTGCTTCCAGGTTGTCCGTATCCTACTCTTCGAAGGACTTAGACGATCTGTCTCAGCCGCGTTATAAACTACTGAGTCTTCGAATAAGGACTAACATGCGCTCACTATGACCCCCACTCTAAATCGTTTGGCCCATCCATTACACGGTATCTTCGAGAAGCCTGCTTAAGAAGTTGCACAGGTCCCGAAATGTGCAGGTGAACGTTAGCATATCCGACAGCTAGGGATTCCAGAGGTGGACCGACATTGCCTGACTAATGGATTGATCTTCCCAAGCTGAGATAACAGACGTGATCCCGCACAACT,1084,47.6,Saccharomyces cerevisiae
SEQ_856075,AACACACTAGGAAGGATCTGGGGGGTGTTTCCCCTAGTGATCGACCCTACCTCAGACTCATAGCGTTCAAACCCTACTGAGTGTAAGCACTCCTCCGACGAAATCGTCAGTTCAGGTTGCCTCGCAGTGCTTAACATCCTACCAAAGTTGCGAAAGTTCGAAACTGCTTCCTTGGATACTGTTGTTAGATCGTCTGCTTAACGATATTCGGGGAACCAGACCCACCCTGACAGAAATCTGTCTTGCGAGGAATATTCCTCTGATGCCCGTCTTCGTCAATATGACTGCTACAGAGGTCGCCGAAAGCAAGGGAACATCGAGCTTCAGGTTTGCCACGGTCAAGGACGAGACTTATCCGAGGCTATGCTTAGAGCAGAGGTTCAGTGAACCATCGTCTCAGAAACTACCGCGGGCCGGGGCAATCGTGCCCCCAAATTTAGGTGCACCCCGCGGGACTCAATT,462,51.52,Drosophila melanogaster
SEQ_495886,CCTGCTATGTACTCGAGAAATCAATAGCGGCTGGATGAGCTTGAGGTTCTGCGCAGAGTCCTATCAGCTACGCCAAACGATG,82,51.22,Caenorhabditis elegans
SEQ_776716,TGACGCATGGATTAACCGAATGAGTGCTGAGGATTCTTCACGCCCACCCGTATGGCAGTAACTTTCACGGCATTCTAAACTGGAAAATTTTTAGTATGATGGACGCATCCATTTGCAGCCTGGGCGCGCGCACTAACCCCACGGAAAGGGGGCAACCAGCCCTCGCCTATCACATAGAATGGGCTTTTAAAAGAGGTTTTGTGGCGTCTCTTCCGATATAGCAGGCACCCTCTAGGTCGATGCTCGCAGCGAAATTGGGTCTATGTTTCTGTTGTAGCCTAACTTGAAGGCGGAGGGCTAGCCCCCGGACCCGCTCTGATTGTTAGATATGCGCCCTTAAGGTCTCACCTAGACGCTGAGCCTAAAAGTCTGAGGCGGCTCATATACCAATATATCTCGTCCTAATCAATGCGCCTTGAAGGTCGAGTTCGCAAACTTGTACAGGACTCCTATCAAAGAGCGACCACAGAATCACAAGGCCGACATAAAGCGGTCCTTTTCACCCGTCTTGGGCCGTCCATCAGACAGCTACTCTTCAGTCCCCACTATTCCAGTCGATGGTCTGTGGCGAGCCATAGCGCGACGGAGCTAGATCTAACTCAGATCAAACGACAAGACAACGGTGTGCTAATGCCCGTCGTGAACCAGATGACACCTAGGCC,662,51.66,Saccharomyces cerevisiae
SEQ_251936,TGTCCGCTACAACAGTCCGTCTTTACTTAATGTTTAGGGGGCCGTAATTGCGAAACGGCGGGACCGATCCGGGCCTGGTACAATCGCCAGTTGGGTCCTTTTTAAATAATTTTAGTTGCACTCGATTGAGTTTCATTGCTTCCGCCTATAATTATCAATGCAATACACCGGCAGTGGCTGGCGATGATCGATTGCCCTAGTGACCTCGGTCCCAAGGTCGCAGCTCGTTTATAGGGTTTCCGGGAATTCCCAATCCTGATTACTGAGGATGTTTCCATATCGAGGGCCCATTGCAATGTCCGTCTCACGATGTGCCTTTTGCGATAAGGTGGCCTAAACAGCACAGAAGAGCGCTAGCTCCCCATTGTAACGCAGTAAAACAGCATCCATCATGTTCCCTCCCGCTGTTCCACCTTCCTAGATCTAGATGATCAGCGAGAGTTCAACACCGTAGATAGTTCGCAAAAGCAATTGAGATTAGTGATATTAGCACAACAATACTAGTCGAGCGGAGATGCTGCTGTAAAAGCGACCACTCAGTGTACATCGAATAGTTCAAAACGGTTATAACTGGCACTGATCGCCGACGGTACGTAGTGTTGGATGATTTCTATGGTATCAAGTTAAAGGGTTCGTTGTCGGGTGTGTTTCGTAACCGAGGCTATGCCAAAACCTGGAGATTAATCCGCGAGTTGGTTCACCCGTTTGGCG,711,47.96,Escherichia coli
SEQ_932156,CTCGGTCCTATCAGAAGGTTTGGGGATCTTACGTGCACCGCCAGTGACTAAGTGGAAATCATCGTTCTACGGCCCGAACCATGCCGCGAGATCCCGCTACTCATCGGTTACATGGCCCGATTACCCGAACGCCTTCATCACGGTACCTAGTATCGTGTCGACAGTTCATAGGGTGCGCCTTAGAGAGAGTTCACTGGGTCGAGGGGATCTAGCAGCAGTGAAGAGCATGGGTCTATTACGTGGATTAGCGCTAGAGAAATGTGGAGCGATTATAGCAGTGGCGTATACACCCTGATGCTTGACCCACGATCATCATCATACTATTGCCGCACGGGTAAGTAGCGCTAGGACATTACGAATCGTCATAAGCAACAGGGCGCTGTGAAATCCTATTCCATGTCTAGACATAAGCCAGTATTCCAAGTAGGCACCCGATACCAGTAGGTCCACTGGCTCTGG,459,51.63,Homo sapiens
SEQ_262255,GTGTTGCAAGCATCGGGGTTTGCGTCTTTTGATGCACGCTAGTAAACGTAATAAATTAGACTCCGGGCACCGCCGAGTCACTCGTAGGCGGCCCTCACTGGAGACCTCGCATGTACCCGCTTGACACCGTATTAATGGCGATAGCTCAGCAACAGTAGATATGAAGTGAGTTTGCGCAACCGTGTTCACGCACAGTAAACTTATTAGCATTCGTCTGTCGCATAGCATGAGCCCCCACATTCGCTTACTACATAGTCCGAAAATGGCACCAAGCAACCGCAACGCTTGGCTGAGCGCAGAGAGGGCAGGCTTAGCTGCCGAGCACAACAAGAAGGCGGGATGACGCGGATTAGAGAGTTCAGATCGGTGAGGTGGAAGGTTGGGTCATCATTACAATTGGTCATATAACATACAGGGACGTTCCGGGGCTGTGTCTACGACTAGTTGAGTCTGGCTAAACGCTATGAGTGTCAGGGCCTCCATCCTCGGAAAACCCCCGACCTACTATCGCCGTCCCAGCTCATTTTATCTTCCGATTTCGCTCCAATCAACACAGACTACAGCACCATAGATTCAGTTGCTATTTACCTACACTGAGAGATTTCGGGACTGACCACCATTGAGGGGCCTACAGCATCGGCTTGACGGAGGATAGTCCTCAATCCGAAGAGCGTTAGAGCGTTGCACCACCAGTCTAGATTTCTAGGTTTGATCTAAAGAATACCGAGATATGTCACTGGGAAACCCACAGTCGCGATACTGACTCCGGTAGTCATGCGAACACCTCTAGCACTAGAAAAGGGGCGTGCAGTCCGACGTTGCTTCGCTCCCATGCGCCGTGTGCCTTGGCGTCAACAGTGTATTTAATGGTCCCTGCTGAACGCTTAGTCATTGCGTCCCCGAGCGGGTTTCTCCGTGAGTTACCCCAACCTTCCGATAAGTTTAGCGCTTACCATTCTAATCTACCCCATTTAAAATTCTACGCAGAAGTAGCTGAAAATTGTGCGCATCCACTTGCAGCGTTATTAGGAAGGGTTAGATCCAAGAGCGGTAGAGGGACCGGTTGCACTGTCGAACAACGTCTCGTTTGGTCCCCTTGTTACGTAGTATGGGATGAGACCGCCTTCGCTATTATTTACTCGATCTCCGAGCCCAATGAAGGCCAGTCTCCTTTAAGGAATGGGCGCGTCGTCTTGCTAGCCACTTTATCCGGGGCGTTGATTACCAGGACTCGGGGATGGGCCAGTGGGTCTGTGCCAAGTCGTAACTGTCACGCACACCCACCCATCCTGAGACACAGGATCATAGGTTAAGAAATCAAGACGTGCAGAGGTTTGCAGTTGTTCACAGCTGAGCTGTCTAGGCTACGGGTGTATCTTAGCGAAAAATCTGACTTCACAGGGCGCAGGTGTTTTCATATCTTAATCTATATTTTTTAGTATCTAGGACTCCGTTACGCGGACGATGCTAGAGCGTAGTGGGACTTTCCCCACCGCTTGAGGGCCCGAATTTACCACCGTATACGCCCTCCGGCAGGGGCCTAAAAACTATGGCACGCGTAGGACGCTGCGAGATTTGCGAGATAATTGCCCATGAACAAATTTCAGTAAAAGGCACACTGGTGCTGCTACGCGACAGGGGCCCCATACAAGAGGTTCCCAGTGAACCTGTTTCACATCACGGGGAAGTTAAACGAGGCTGAGCTGGCTTGGATGTAAGTGTCCAAACCTGGAAGCTGGTGTTCGCAAAGCCAACAAGAGTCCGTAGAGTGACCATGAGAGAGAGTCGAATTCTGGAAGGCCACACCATCGCGGGCGGTAACCGCAATGGATGATAGAGTTATCGCACCCATTGTGCAGGGGACGCATAATGTCTGGTGGGCCCCGCCGTATTGATGGTAAGTAGAAATTCTAGTCAGGTTACAGGGTCCGTTGAAACTGAAGCACGTGG,1950,51.28,Escherichia coli
SEQ_920785,CATAATTGCCGGGCACGTCATAACCACGGGGGCTCGTTGACGTACCACGTCGGAACTCTTGCTGTGCAGTAGGGCACTTGATTACCTGGAAGGTCAATAAACACAGAGATGCGGGTACTTGCTGGATATCATTAACCTAATGGTTGCAGCGATTCTCACAAGGAAATTGCTGTCTTAGGCAATTTAATCGCTCAGTGCACAATGTCGTAGCTGTACCTGTGAAACCACTTGACTGTGACCGACGGTCATTCCGCGAACCTAAGTATAAGGAACACCTCCCATGATAGTTGCGGAGGTGTCTAGTGGCAGAGTCCTACGCCACGTAGACACTCTCCACAGTCGTACACGTCGCAATGGAGGCGGTTAAAATCGAGGCGGATAGGCAAATTCTTGAAACTAGCGATATCCGGAATTCTTTATAAGGGATGGACAAGGAAGGAACGCTATTAGCTGCGGTAGATCACCATGAGTGGGTTGCTCTTCGAAATTCAGGAGTGCACTCACAGCGACTCTGGATACGATCATCTTGAGTCAGGAAAGAATATAATGCACCTTGACGAACACGTAGCTAAGATGGCTGTTAGGAACCTATAAGTACTCGGCTCTAATTACAGGTCCTTCGCTTTCAATGATATATCGCAAAGAATTTGCGTAACGGATTGCCCGTCCGTCGCTTCGCGCCCGGTATAGT,691,48.19,Drosophila melanogaster
SEQ_448952,AATCGTCGTTTGGCATGCATTTTCAACTGGGGTAATTACAACGTGCCTCCGCATTATATACGCACCTGTGTACCGGCCAACGAAAATACATCCTCGGTCTAATGTAAATCCCTTCGCAAGCGCAAGCGTTATTCCCGTGATCCACTACTTCCGCACGTCACCCCCGCCGTGCGTTCCCGATAGATTTACGACATCCCAGGAGCCGAAGTCGACCGAGGATCCTACCGTCCTAGCGCTGTTTAAACCCATGCGAGGTCGAGCTGTACTTAATTTTATCTTAGCGTGTGTAAGAGTAGGCTGGGAAGCTGGAAATAAGGGAGACGGCCTATCCAATCTGGCCTGTTTTGCGCGCATCCTTCCTACACGCAGTGAGTTAGGGTCCAGAGGTGCAATGTCTGATATCCCTGCCATAGGCCAGCCAACTGCTGCTGTTAGAGGCAAGGCTCCCATGACCTAGTATTTATACCCCTAGATAAGCTGTATGGCTCTGCATAATATCATGACTAGAACATAAGGAGATAGATGTAGTTTCAGTGATGGCTGCGAATCCAGCTTGGCTTCGTGCAGTAGTCGCCCAACTCTGTACCCATTAGACTCTCGATACCCACCCGATTGGCATGATCGTTTCGTAACTGTGTTCTGATACAGGGCAATACGTCTATGATGTCCGATACGCTGAAGGCTTACGAATTTCTTCGCACGTTATTTATGAACACCAACGGTTATCTCAATGATCGCAGCTGTATACTGCAGCAGCAACATTTCAGACGACGCACCGGGTTCCGAATCGATACTGTCCGACTCCCAAGAGGCACGATTACAACCAACGCTTGAGTGGTTTAGTCAGCTCTCGTGGCGAGATGGACTTAAGACAAGAATAGCAGACGGGCATGCGTGTATAAAGTTGCCCCCCCGAAATGTGATCCAGGTTGGGGTCATAATTTTTCTGCTACTAAAGCCTAAGCATCGGGATGCAGACTAGACGTGCCTCCGCGCCTTTACGGT,1005,49.65,Saccharomyces cerevisiae
SEQ_537648,ACTTTTCATTATACGCAAAGCAGATAGGGTAGTCTTCACCGAAGAGACCGATTGTTTACGGCGAAAATTTGTTTAGT,77,38.96,Arabidopsis thaliana
SEQ_275043,CATTTACACCTTCCGAACAAGAGTGGCATCATCGTTATCTGGGACGTGCTTCGTTCACATTGTGTGGTTAGAGCTTTGCCTATATCTTATGCCCGCATTTCTGATACCCCTTAGCAGGTAATGTGTGGCCGGTCTGTGCGGCTCATAATGTCTTGATATGGTTGGAAATAGGAACACGCCGGACATTAAAACTATTAATGCTGGCATGTCCCCCCGCCGATAGCACCTATTCTCAGCGATCGACGCGGACTATTTTTGACCCATGAGGTCATCTCGTCATTTTAGATACTACGTGGGAGCGGCGGTCCACCATACTCTAGCTCGATTTTCTACACGCCAACATCTATGGCCTGAACATACCTCAACGCATACAGGTGGCCACACGCGCGAGGGCAACCGCGCTTTCCTTCGGCGTTATACTCTAGGCGATTGTAAGGTGGCTATCCAGTCCAGATCTGTGTACCAAATGAGGGCTTTCACGTTCGATCAAGCGGTGAAAGCCGGTCTCTTGTATCACTTGCTTCCGCGTCACCCACAGGCGGCACCCGTCTACGCTAGCTGGTGAGTTATGTTTGGGAGCCGTCATAGTACCCTCGCCCGTGCCCAAGTTATGCTCAGGAACGTCGAGGGCTGGCAGCTTCATATAAGCTACGATATGTCTCGTGTTGACCCAGAACTCGACCCCCTGATGCGCTACATCAGTCCCAAGGGCCCGTAGCGCACCCGTCCTTCCCCCGCGCGTGGTTACAGTTGGTAGCGTTTTGCACGGTAC,772,52.85,Mus musculus
SEQ_347813,TCTTAGGGTCTAACAATCTCTAGGAGTGCAAAACCGTGCGTAAGGAACAATTCCAAGCGTTCGCAAAAACGATCTTAATTTCTGTGGAAGCACCCTTCCTAAGCATATGCAACGTCTGAGAGGAACGTAGGGGTAGCAGTAAGCTTAAGACATTAGCTGCACAAGAAAAAACATATGTAGCCGGTTATTCTCAACGAAACAGCATGACGTCTCTTCTTTAGGGACGAGGTAGCAGCTCTATAACACAAGCCTTGAAACCCATCCAGGCGCATTCATAATGGGATCGGCCTTCATACCGGAAATCCATTCCCAGAGAATTGATAGAACGAACAGCTACAGCTCGGGTTTGTGAAAATAAACCTTAAGTGCATGATTATGCACCAATTTACCGTCTGGCCTGTCCCGCGGCGTTTAGATGTGAAGTGTCATTTGTACAACTCTTATGTCAGCCGGACTGTGAGACGTCTGGAGCGGGAATAGTCAGGGCGGGTGGTAAGGTATCCCGAACCGTTGCCAAACAGCTAGGAGGAACCCAGGTGCCTGATCTGTCCTGAGAGGGAAGAGGACCCCATAACTCCCAGCACATGGGCGGCAACGCGAGTGAGGATCAAGATACACTCCAACGTGCTTGGGCCATGCTGAGCGACGGCTCTTTCCCACTGTTGATCATGATTGCTGGTATGAAGAACCTTTGTGCTTAACGGCGACTCTTTATGCGAGGCTTGTTGAGGCGTAGGCTTGCCGAGAGTGCATGGGCGCGGAGACTTTGCTGCGGTTACTTTAAGCCTACCTTTGAATTGGCTCCGAGTCGCGCGCATATCCTGGGTCGGTGCCGAGCCGAGTGCCGAGGTTCCCCTTTATTGACCTGGGGGCAGAGAATCATCCAAACCTTAAGCCGGGCGATACTGCCGCCGAAGCCGCCGGGCACGACAGAGTCTATAGATGGACAGGCTATGAGTATTGA,964,51.04,Caenorhabditis elegans
SEQ_339693,GATCCGGCAACGCAATGGCTGAGCACATTAGACTAAGTGGACTCTTTCGAATGCCCTATCTCCCCGAAGTACTATGCAGCAACGTTCGTATTAGCGCCCAACCTCGGAAGTTATAAATGGGTTTTACGGAAACGGAGTACAGCGGGATAGACATTGAGGTGCGGATCTCGTTTGTAGACCACGTACACCACCGCTGCCTGTCGCGCCTCCCTTTAGTCGTATACAAGACACTTCCTGACGAGTGAAGCCAACGCATAGTAAACTATAGTTGCAACTCAAGAAAACAATGCATCGTCATATTCATTAGTCTCACTCGTGCGTAACGTTACGCGCTCACCCCTACTGACTTTTAACTGCGGTCCGTCCGTATCGCTGCCTCCAGTCGAGACCGGAAAACCCCGTCACGTACACAGAAGGGTGTAGGTGCCTGCACTCTTACATTAGAAAGCAGATTCATTTGGCGAGAACCGGACTTGGTCGCTTTATAGGAACTTCTGGCAGATGACGATTCATAAAAACGGGGTATCTATATGTGGCGCCAATAAAACCCCTCTCATCTGATATACCCGGACAAACTAAAGAAACCTTTCTGCTCACCCTAAGAGTGGATGTTAGGTTAATTCTTTACTGTATTACCTCCCAACCACACACCTGCGCGGATCACGCGTTGTGGCCTCTCTTTCTCGTCGGGTCAAAGGAATCTACTATGAGCCAATAACCACCCCCCTACTGAGCAAACGTGCCTGCAGGTTCACGGATCGCCGATCTATCGAAGGAATGGATCAGATGACACTTGCGCATCAGTGGATTGGCATAGTAGTACGATTCACGTTGCATGCGAATTGATAATAAGGTTTTGCCCCTCGCGTATCATTCAGAGCAGGTCACCCCAAAATGTGTTACGGCTAAGCTGAAGGGCTCTCGCAGAATAGCGTAATAATCCGGGAGGAAACCACCTAGCGATCCTTGGTGAACCAAGAACGTCCACTTAAACTAATGGCGGGGAACAGGGGGTCTCCATGTGAAATGGTCCATGAGTGAACAAAGCACTCGGGCAGATGATGGATAATACCTATCCTAAATTCAGGGCTGTTGATGCCCTACGATCAACACAATGGTTTCTGCCAGGTGAGAGACCTCCACGCGCCACTGCGGCACCCTTAGTCGCGGGGCGGAGTCAACCGTGAGTAACTCCCCAAACTGTATGTGCTCCTCTGAAGTTAC,1224,49.59,Drosophila melanogaster
SEQ_581601,CCCGTTTACAACTCGGCCCCGATGCGGGGCGAGTACGTAACACATTGACACCGTGTGAAAGTGAGGTGCTTACATACACTGAGAGCAGCTACGCCGGGGGTAGGGGAATTCCTTATGGCAAATGGATAGTGACACGCAAGGATTAACGGCTCGAGGCTCATGGGCCATAACATCTGTTTTCGCGCCGATCTACGAAGAAGTTTTCCTGGCTACAGCAGTTAGTTCAGCCGCCGGATCTGGAACTATCGTGTATTACAACCACCACCTTCTCTAAGCCGGACCCGTAAAGATCAAACATTCCCCTACGGCTTTTGAGACACATAGAACGCGATGCCTGTTTTCACCAATACCAAACTCTAAATGTCCTGAGGGACGGCGGTACGTTTTCAGCTGTTCTATGG,401,50.87,Saccharomyces cerevisiae
SEQ_776247,TTTTTAGTCGTTACTTGTCTCACGGGCAATACCTGGTAGTTCCAAAGCTGCCCGTCCTTGTACTTACTCTCCTATTACCCTCTTGTTGGATTCACACCTTTCGTGGTGCACTAACCTCCGCCAACACTCGCTTAGGGAAGCTTCAGATTCTAACTCCGACGGGTATAGGGATAGACGTACTATTCCCAAATTTGACTGGAAAGGGGATAGATATCTGTACCAGCCTCATAATGAGCTTACCTAGACACCTTGCTCCACGATCATGCGCAGGCTCTATGAAGCATTGACATCACATGTACGGTGGCTCGGGAGACATTACAGTATATGAATTAATATTTTTGTCAGAATTCAAGTCAAATTGCCACGACGACTTGTCGGCTTAAAAGTCGTTACTGACGTGTCACCCTTGCATCACTTAGCGACAGGCGCGTTACTTTCCACGTTACTAAATCTGGCACGTCCTTCGGTACCAACCCGTCCTCATCAGGGGCTTACTCTTACTCATAGTGGGATAGCTCTATGCTACCTCCCATTTAAAAGCGTTTATCGACGGTTTTTCCAGTGTTAATAACAGCGTGTCAATAGCAGGATAGGTCAACCCGTAGAGCGGTCCTGACTATTTATCACCGCCAGCAGAATGCTAGGGCATTCCTAACCTAGGACCATCCTAGCCACCTTAGGGTAGCTCTGCTCTGCGAGCAGATCGCCGTCCTTCCCTCAATACATTTAAGCTAGATTACTGCATTCCTCTTCAAATGCACCATAGCATAGTTCGACACCATGGAAGGACATCGCGGATTTCATAGACTTCATTTCCATGTACTCTCGGACGCCGCACTGGACAAATGGTTATTTGTTGACTAGGCT,867,46.83,Escherichia coli
SEQ_348795,CCAGTAACGCCGACGCGGGGTGAACAACATGGTGGCTTGTAAAGGACTGCGCTGTTGTCAAACGTACAAGGATAACCATGTCTCAGGTAGACATTAGGTCGAAATGACCCAGTTTCGATAGTCCATCCCGCTATCGTTAAGTTTTAGATTCTAAACTAGCAGGTACAAACCGTGTCACAAGGTCGGTTGCGATTATTTCGCCCACAGATACGTAGAAATATATCCGATTTCGTACGCGGGGCCAAGTGTGCCACGACTCAAGTGTGCCAACTGGACGAATTAAAGCAGACACATCGAAGCATCGGCAACACTTTGCCCCTTATTGTCAAGCAGACAATCTTCCATGGGCGCACTAGTGCAAAGTCTATAGGAAGAGAGCGACAGATTCGCCGGGGTAACAGAAGATGTACACTCTGTTAACGAATCGGCGGGGGGGGCGCGGTCAACGCCGCTCGCGCTCCTACTATATTGCCATCGCCTCAGCTTGCCCCGGATACTCTGAACTTGTGGAATCTCCCTCGAGTCGATCGGAACCTAAGAACGGGTAAGATGTTCGCTACTGCATCCCCGGAACTCGAGGTTTTCGGATTTGGCTTCTATGTGCTATAGAATGAGGAAAGCCTCGGAGGCGATCTTCTCGCACCCGCTAAACACAACAGTACCTCGCAGCTTCGGTACACATTCTAGTCCCTTTCCAAGTTTACCAACACGGACACTAATGAGCTGCGAACGTGACGCTGAAGAGTACCTGTCGACCAGGAATCGACCTTCTCCTCGTCCATTGGTACCTATTAAGCGAGTTTGGCGATGCTTCGGTTTTTACGGATGACTATAAAATCTTATAGAGGGTACGCGGTCTACACAGGTGTGGTGTCCATTACTTACAATATTGTTGTGGAAACTCACATCCGATCGGATTTGATTGCCTTCGTCCTAACTGTGCTACTATGAAAGCATGCCTTACCCGTTGATGCCGCTAAGGAAATGAACGTCTCTGTAGGAGACGCAGACAGAGAGATCCGGGAGGGATAAGAGGGCGGAGCCTTAGCCTGATGGTTACGGAGCCGTTCCAGGTCGCGCTGTACCACGGCGTCTATTCAAAATCTACATGTCTAAGTCTCCTGGCACCTCATATCAACGCTTACGGAATACCCCTGTTGGCACGGAATTGGTCTGACGGTGTAAACGACATCATGGGCTACTGTCAGATTCGGCATGTAAGTTGAAGGTCAGACATTTTGGATCTAAATTCAACCACTGCCGACATAGTGTCCCCTCCTCTTCGCGTTCCATAG,1295,49.88,Drosophila melanogaster
SEQ_402197,GCTTGCCGCTTAAATGACCGCTTACTCCGTGTTTGGCAAGATCTCAAGTTCCCTCGCCCATAACGTTGAACTCCCGGCCGACTACCGAGGACGCTCTGTGACTCGAGACTAGAAAGTACCTGATTAGTCGGAGCTTTCAGAAGCTAGCCAGTAGGGAGGTCCTCTGGATGCCACGGGATGCGGGGCCCACATCTCGCATCCATAAAGCGTGTACAGCAGTCAGTTACAGCGT,232,54.74,Escherichia coli
SEQ_900521,GCGATTATGCCAGGGTCATACACATCCATTACATTTGAGCTCAGACTATGAGTGAAAGCCGCTACACATCAGCTCATCGTGTTTTCACTCGTATTCGCGAGGCCTGAAGGGCTGTTGCCGACCCATCCGGGGTCGCGGTGGGTCACATGAGTTATCGACCTTTATGATTCCGCTAAATGAACTCACTAGCTATACGTTTGTTAGGGTTGGCCTATACGCGAGTGTAGACCACGAGGGTCCACGGCTGTGCCTTAAGCGGAGGAACCTCGGCACCTCCTTTAGTAGTTGGCTGCTTGCTCCAGGCAGCGCGGGGCCATGCGTATCAGCCGTCACGCTTACCCTGTTTCTCATCACTGACGGGCTCTTGATTGTCGGTAGATGCTTTGCGGAATACATGCGGAGGAGGTTTATGTGTGCAGTAACTCCCCTAGGCCTTAGCAAAACACGCTTGTGAATGATCGCAACCTGGCATTGACCTAATACTCAGCGTCAACTCAGGACTCGAATATACCGTCCTCATGCTGAAAAAGCGTTTCCGGAAGACGTTAAGCCGGCCCTGTGAAGCGGAACCGTGCTACTACCACGCGTCAACACGGTCGTACCGTGTGATGACGGACGATGGGCATCGTGCGTCAAATTCCCACTGGAACGGTTTAGTGTAGCACCCGCTATGTGAGCGCCATCGGTAACCATAAATTTCAAAAACGGTGATAACGGGGGAAGACACGCCATCACTCTATATTCACTGGCGCATAACTTTACCAGCCCAATTCAAAGAGACGGGCGACTGACTCAAGGGGGAAAGAACCCGCAAGAGTGGGTACTACACAATATCGCATTCGCATACACAACCGCCCGGACCAGTTTGGTCTCCCTCTGCATTGTGATCCGCAACGCAGCCAACTGTGTCCGCCAAAACAGCTGTTGGACTAAACTGTCGAGTCCGGGAAGGCAGCGGCGAATCAGGTTTGACGATTTACTCAGCTATCCTATACACATGCCGCCTCCTGCAGAAACGTATGGCACGGCCTTGGCCTAGACCGCGTACCCTGGAGTGAGCATCTAGTCGGTAACGACAGCCCTCCACGGAGCTTCAAATGCGTGGTGA,1108,53.07,Homo sapiens
SEQ_202099,AGCTACAAATCGAGCACACCGTGCGCAGGGGCCACCACCGTAAGATCAGATTGGCACAAAGTACTAACAGAGAGAGACGGTCCATTATCTAACTAACCAGAAACCTGTGGACATAAAGAAAGTGAGTATCACCCGGACTCAAACAGCGTGGGATGCAGCATACTGCGGGAGCCTTGGCGCATTTATCTAGGGATGGCGAACTCTATCTACGCGTACGCCATGATGCGCCTTACTTTGAGCAAATGTCGGTTCTCGTTCTACAAGCGAACCCAAGGCCTATCTCTGTGAAGGTGCTTAGCAACAGCTCGACTCGGGTTAATCAGACACTTGTGTGTGCCTCTACTCCTCTCCAAGACCGTTAAACCCGGGCAACCAATGCAGCTGAAGAAATACCGAAACGGGCTGCGGCCCGGGCTTTAGGTTTGTTCTACCTTGTTGGTATAGACTGTGTAACTTTACGTGATGCACAGGATCTATAACCAATAAAAAAGAGCCCGAGTCTTCGACTAGGAAACATAGTGTGAGAACGGGGCGATTGATTCACCATACAAGGCTTATGTGGCACCGTCTGATGCTCCCATCCGACGCATATCCCTTATCAAGACGTGATCATGTTACTTCTCTAGCTCTAACCCCTTTGAACTTGAACGAGGGGTGGGATCAAAGGTTTGGGGGGTCGGATGAGTCATACTTCCATCGTCAAGCAGACGGCTTAGCCTCAAAGCTGCCTCGCGCCCTAGCCCACATGGTTTACCCGGCCACTCGCACGGGCCTAGACGATGTAACAGAGCAATGTAGCTCAGTATGCTCGACTCTACCGCCGATTCAGATTGCGTCCCAAGGAGG,846,50.95,Escherichia coli
SEQ_340093,CCAACGAACCGAGCAGACCGAAACCCTAAATCCTGCCGCGGGAAGCCTTTAACACGAGTCCCCATGAGTCGGGCAGACCACGAGCTCGACCTGTTCTCTGGCAATGACAGACGAGCATTGCTGGTTTGCTCGTTGCAAGGGCTCCCACCGGCCTCTGAAGCGAGCCTGTCAAAACCGGAGTCTTACGCTATATAAAGGTCTTATTGGAGTGATAAACCCTGCCAGGGTGAGCAGTCTACGACTGGACAGCACATTTCAGAGTGTTGAGGCTGTGGCGGGAATTATCTCAAAGCCGCCCGGCTCCCAGACCTACTTACTGCGAGAAGATGATCGATCGAGAGCGTAGTGTCCAGTCGTTCAGCCAAGTAACCGTGGCACAACGTGTGACTGGACTGACTAATCTGACGTCCGCGCAGTACATGCACACTTTCGCGAGCCTTCCTGTGCCACGCCCCCTTTCATGCGTGTCGTGGTCCCTGCGATGCGATAGTGCGGTTGGCCAAGGCACGTCACCAAGTATTATCACCTTGTCTACGTAGTTCCATCAGTAATCGTCCCGTGATCTAGGAGACCAACTGTAGGGTGCTATACTAGGTGATAGCGGTCCCTTTCTGCCGTCCGACCCCGGTGCGCTCAACGCAACAGTCTTTCGTTATCCCAGCCGCCTTAGACCATACCACGATCAAGTAACCCTGAAAAAAGTGCGGTTTGCTTGTCGTAAACTTATTACTGCTAAGGAGTGCGAGAGAGTAGATGAGTCAATTAACATAAGTTATCGATACAGATTCCTCCACCAGACGGTAACGCTTGGCACATGGGGTCTGAACTCGAATCGGCATTTGGCCCTACACTTGGCACTCGATCTGGCTCGGTCTGGTAAAACCAATTGTTCATGACGGATGACCTACTTATATGTCTCACAGCATTTATTGCTCATTAAGGGACACTACGGTCCCTCTCTAGGTCAGGACTACAGAGTGCATAAGAGAGCCATGGGAATACACTGAAACCTGCAGAAGCTCGTTCGCCTTATTGGTGGCAAGGATCGTCACTTTCTGGGCCGTCTCTTACGTGACTGTGAAAAAGCGCTCGACGCCTAAATGTACAGTAGACACTCCATCCGTACCCTCTTGATACACCCGAGTAAGAGACAGCGTTATCCAAACGGACACATATCGCCGAAAAT,1186,51.69,Mus musculus
SEQ_352619,CCCAGTCGGAGCAAAGTCACACGGACGAAGCGAGTTTGCATCCATAATCTTGGAATCGATTGCTCAGATTGTAGACCGTCCTGACTTCCACCTGCTATGGTTCATTGCTGGACTGAGAAGGCATTCCCATCAGCATCCCTCCCGTGGTCGCAATGGCGCGATGCTCCAGCACGTCGTTTGAATATTATTGCGGATGCTACTGGTTAAGTCGCGCTCCCTTTGGGAGGGCCACCACTTACGTACGCCGAAATAATACATGACCATGGACTACAATCATATCATTGTCAATCCCCGACGTACTTCAGAAGGATGCCAGCACTAAAGTAGCGCCCGTCTGGACCAGACGAGGGCAGGTGGTACGAAACGGCGAATAAAGTGCGTTGGCAGTGCCAACTCCGTATAGTTTGATTTATTCTTTTCCCCGTTAGTTAGGAACGATAGGGCAGAGTCAACTGCTGCCTCGTCAAGTAGTCTTAAGGTAGTTATTTTACAAAACTCCAGGGGAACCGATCGTCCATTGAGCGCGCGTATAGTACGACAGAGTTACGTGATGCTCCATGCGACTCCCAGAGGAACACCCGTGCTCTGCGAGAGGAAGGAATGCGGTGTCCTACCATCCCCCAGCTAGCCCAAGTACAGTCGCCAACTACTCCAATGCGGGCTACAAAGATAATCATATAAGCCCGCACCGGACCTCTTACCTTGGTATCCCTAATGCACTCCCAGCGTGACCGCCGACGACGGCTAAGGCTAGGTCTCGCGCGTCCTGTGGGACTAGTGTAACCTGACGGTCATAATGTGGTCGATAGCTTGACATGACCACGCCACAAAATTAGACTCCCCTCGACGGCCCACGTACTGTTTAGAGCAGGATGCATTGTCGTTGCGGGTAAGTGCAGGATTTACGGATCAGTATGGCTGGACGTTTATTGCTCATATAAAAGATCTTTAAGGAGCCTCCTCTTAACCTCGACCAGCATATTCGTGGTACCCAACAAGGTAGATGTATTCGAGCGTTTGGATTTCAAGGATTATTAAGACAGCTTTCATGAATGTTAGGTTGGCACCGCGACTGCCACGGGTCGGCGGAGTGAAATATCGGGGTTTGGGGGTCTGTCTCTGTTAGCCAGACCCACATCATGTGATGAGAC,1151,51.09,Arabidopsis thaliana
SEQ_259827,TCCCGTCTCTCTCAATACGCAACGGAGGAGATCGTCGCACACATTTGCCCGTACTTACCTTCGATGGTTAGTCCCTCCTCCCGGTGACTTGGGTGCAGTTAAAGCGAATGCTCCAAATGGATCACTGGTACTGTGCCCTTCCATTGGTTAGTCACCTACGTAACATGTCTATAGCCGCG,179,51.96,Caenorhabditis elegans
SEQ_291385,CGAGTATTTGACTCACATACGCCAGTTCCATTAGTAACTAGCCTTGAATTGTTGAGTCCTCTATTCGGGCATTGGGGAGATCCCTCGCCGCTATTCGTTGGAAAGTGACTTCTCCCCCCGAATCCGCGTCTAGGCTTATGACGCGGAAGGCATTGTGGCGTCTCTAGGTGTAAACACGATCTGTCGCATGCCCTCGAGCAGGCTATGACCACATCTTACTACCTTTGGTGTAGTTGGAAGTTCACGTGGATAGTATTTAGCCAACGAACGCATTCTTCAACGGCTTAACTGAGTTGTAAGTCAAGGGACGCAGCAGCAGTGCCATCGTTGGCTTAGACAATACTAGCGTCGACTCGACGCCTATTTATACAATTACGCCCTGTTTCACACCTTATCACGTGGCAGGGTGAGCACGCGGTAAACCAGC,427,50.12,Caenorhabditis elegans
SEQ_554338,ACAGCCTAACCTACTGTACAACTGGTCAACGAGGTGAGGCGACGACATCTCAGCGTGGTATGTTATCAGCAAATGGTTTTAGGGTTCGGG,90,50.0,Drosophila melanogaster
SEQ_211570,TCATTGAGTTTTAGGTGTAAAGTCACTTATTCCAACTGCCCACGGTCTTGAATTATTGCGCGGTTGCCAAACCTAGCTCTCTCAGGAACAGAAGGTACTAAACTCGAGACTACAGTGTGACGTTGGAGCCTCATCCATATGCAAATAGTGCTTCTACAACATTGTACAACGGGTTGTGTACTATAATTTTGCGATCTGTCAGACCGATAAGCGTCGTCGATGCCACACGGAGCGCCCCGCTGACGCCCCGAAAGATCCACCTTTTAAGGAAGACACCGGAAAGTATCTAGGGCCATCATGTCATTTTTAGACGGGGTGATAGGAGCACCTAGAGTAGAACTTCGCCGCCAGCGAGGGGGGATTACTCTACGGCTACACGATGATCATTCTATCCGCCGAATGCTCCGGTGCGTCGTGGGACTACCGCGTTTGGGTAGTGATTCATCATAAGGAGAAACCAGATCCTAGGGGGTCTGAAACGCCAGTGACGTACTCCATAGTATCAATCTTATGCGGTGTCATGGCGGATTCGCTGGACTTGTGACACAGCCCCAGAACTCAGCTTAGTATGGAAAAATTTCCAGGCAAAGGCTACATTCTCCACTGGTTCCTGTGTAATTCGGCTTGGACACAGGGTGCGTATTACGATAAAAGGATCTTGTCTCAAGGTTGTTAAATTATCATTCTCCATGTAACCCCAGGTAGAGAGAGACTCGGGGATCAGTGGGAACCTAGATGGGATGCCTTGC,749,48.87,Saccharomyces cerevisiae
SEQ_402406,TACAAACCATATGCGGTTTTATAAGGGTGTTCGTCCACTGAATGAAGCCGGCTACCTGACCATCCGAAATCCTCGAGTATCCACTGAAACCCGCTCTACGGGTGCGATGGTTTCTTCATGGCACTTATCGACACGATTCAACAGGGGGGGCATAGTCTTCTGAACTCAAATTCTACTGAAACGTCCGAAAACCTTCAGTAGGCTGCTAATGAGCGAATATCATGGTGCGGGATTAGCGCCATGGGACCGAATGTTCATTGCCTATACTCATCTTCTATGCCTCACAATGCTAGTCTTTGACCTTAATGTCACCACCAAACGCAACCTATTCCTTATGGCTGGTTATGCTTTTTGGCTCTATAGCTCTAAACCTTCTAAGTCAACAACTCCCGAGCTGTTCTGCTACTGTTATTTATGCGCGTAACCCAGATGTTTACTCGGGTATGTGTGGTACCGTGAGGGGTTCGAACTCAAGTTTCCTCTCCTTTCCACCTCTCGGGCGGGTGATGGTGAAATGGCGATATGGTTACACCCAACTACTAAAACCTACTGAGTAGGTTTAAGCACACAACGGTAAAGCTAATAAGACCAGGCGAAGGTCCACATACGCGTCAACCTGCACATTAGTTCTAGCTTGCGTTATTGTGCCTGGCATCAGTTCAGCACAGGCTCAGACCAGCAAACCGTGATGAACCGACGCTAATTCGAAAATTTGCAAAAGCATTTGAGATAAGCTCGAACACATGGGACTAAACCCCGATGCACTAATGGATTATGACGGTAGGCAGACTTACACGCCTAACTGTCGATCTTATTTCGTTCTCTACCTACGACTGGTATATTGCCCGGCTATGCTGTAACAGCTCGCCGTCGAAACGGCCATAACTATAACCTGATGACCATGCCCCTCTGGGGGAGCCTCAGTCGTCGCGGAAATACGAGCCTCGCGTAAAGCTAGGAGCTTTCATTACTGGTACCTTACTAAGAAAGTAATTTCGTATGTGTACGGGTTCAATTGCACAACAAACGCGCGCTGCGAGGCCCGCCTGTGCTTTTGGGCGCGTTTGTCAGACCACCAATCTCTGGCCAGGCGCCGTCACCGAGTGCGCAAAACCCGTCGTTTAGAAGTTTGATGAGCCTCGATACTGTTGATAATTGATTCGCTGCGCCTAAGTTACATCGCCAAATCGCGCGATGGGGATGCCGCGTCAAGGAGGCGATTAATTCGCTAAGAGGCGTAGAGGGACTTTACATCAAATGTTGCCGCGGAGCAGAGTCATCAGGCACGCGAAAACCTATCTATCAAACGCACTATTTCGTGGTACGTTGCCTTTCCCACCAAGCTGAAGCTTAAGCTTTTAAGATAGAGGATCTCATAGCGTATCGGAGTCGATTAGGTCACCTCAGTGCACCGAATCTCTCTCAACACAATTAAGCATCTTAGTTGACCAGCCAAGGTGCTAGAACTGACTTAGGCTTGCAATTCCGACCAGACTGCCTCGTGTCAGACAGCAGGTGAAGCCCACCGTCAAGACCCAATATCACAGCCAAGCCCTTCGCCCGTAATTGTACAATGTTACACAGGGCTCGCACGCTTCGTGCAAAACACCTGCCATCGTCTTGTGCATCGCATAGCTGTGTCCGAACAGTGGTGCTGACCCAGACATATCTACGTGTAAAAGCTCGATCGTGGATTCTACCTCCGAGAAGGGCTCGCCTATCTTCTAGCAGAGGAGACTTATACCCCCCGCATGCCCCGCGCATTGGGATAATATGATCATGGGACCTTGCCAAAGTGAGCGTTTCTCTATGGGACCTCTGGGACTCCAAACTTCAGCGTCCTCCGGAGCAGGTATGAGT,1860,49.52,Escherichia coli
SEQ_553571,TTTGACGCTTATACGCTTTCCCCTTGCATGCAGTCGGGGCGTGCCGTCTCGCGAGCCCGAAATCCTCCTGACGGTCCTTGTTTGCTTACGCGCTCCAATCTGGTCTCACTTATAATGCCTCGTTGACTGTACTGATCTACCGAGCGGAACCAGACTTAATCCACAGAGTCGCGTCCAGAGTCGTGACTTTACTGCCGATTATTGCACTATGAGGCACGCTTCACCCAAGTGCATGCGTTCAGCTACTCGGACTGTTCCACGCTTTGGATCAATAGAACTCCGGCCCTTGCGAGTTAAACAATGGAAGGCACGAAATTGAACACGCTTATCCACCACTTGCGACCTATTGAACGCCGTTAAGTAATTCTTAATGTCCTAGCGTAGTTATCAGATGCTCATTATAGAAGTGGATGCAGTTTAACGGATAGGGTATGTGCTTGACATGGGTTATGTGGAAATGAGCGTGAAGGCCGGTTCTTCAGGGCACAATGCAGATATGGCACTGACCCAGCTGGGGTTTTATGAGGGCCAGCAGAGGTACAGGGGCGAGAGTTTAGTCCTACGCGCTCAGCCTTAGGCTGGGCCTACAAAACGCACCGAAATAAGCTTAGTTCCACCATCTGGGATTGTGCATCTCCCAGCCTTCCTTTAACTCGAGGATCCGCGCGCAGCAGTTCGTCGCGGCTACCCGATCGACGCGGGATCATCAAGGTTCATCGACCTCCTGTAGGAAGGCACCGGAATCAAGGGAAGCAGGCGCCAACCTCTGCCGTGCGGGGCTTACACGCCATATCTCGGGTCCTGCAAGGCGAATCTGCACGTCAGCTAATCCTCGTGATGCTAAGTGAGTCGGACGGGCACAACCTACACGGCGCGGAATGGTCCGGAGGAGGTACGAGCGAGGGCATCAGAAGGTTGATGGTTGGTTACAAGGTGGGTAATTTATCAGGGGACATAGAGAAGTTAACCATATCTTTGGCCAACTAGAATATTATAGCATGTGTGGGATCCTGACTACCGTATATCTATAAACACTTGGACCGGTGGTATGGTGCCTCAAGAATCTTTTAATATCATTTCGAATGTGGCTGAAAAGAGGTTAAGGTGGGTGATAGCGAATGGTTGTATGGGCCAGTAGGTATCGGACAAATTGATCAGAGCCAGGCCTCTAAGTGCACTATAAACCCTCCCTGCATCAGAAACTCTTGATATTAGTGTCCGATTACGGTCATGCCCTATTCGCTTGCAGCTCCATCGAGAGATTTCAGTGTATAGAATAACAGGAACAAAAACGTTAGCGTCTGATCGTGTCGTCTTCTTATCCCGATCGTACATTTCGCTTCTGACTCGGTGCCCGCACGGAAGAGCTCGAGTGATTCGCGTCGTAGACACCCGACTAGTTGGAACAAGTCGTTACTCGAATGCGGCCTCCCGCATTCCTAATGTGCCTGACAGACTCTAAGTAATATTTGCCCCCAAGCGTTTAGTAATATGCTCTTGTCCGTGCACTAGTCGCTGTCTCTATAAGGTACTTGCCACCTTATGGCATCCATTTAAGACGTTGTCGGGCATGAACCGATTAAACAGTACCTTTGGCAGAAGCTATTTCGGTCTCATTTGCAAGGCGGGGCAAAATAGTGCAGTGGAGTCGGCCCTAAATCACTCATGAAAAAACCTAGATCCCATAACTGGTGCGGTACCTAATCGCATTTACTTTATCACCCTGATATTGTTACACGGAACTCCTCACGGCTAGGCAGTTCGTTGCATGCGTAACTATATCAACTAACCCCCTCACCTTATCAGCTCTACGTGTAATGTATATCCGTCGAAGACCCAGCAGAATCTCTTAAGGAATTA,1860,49.46,Escherichia coli
SEQ_376252,CGGCGTACCAGAGTGAGTCGTTCAACAAGTAGAGTGACTAATTGCTCAGGAGGTAACCAGCGTTTTCCCCAACTGACCTCAGCTAGCATCAAGACAGAGGGATCTCTGATTAACGGCACCTGCGGCTGTTTCATCATATAGATGCATGGAAAACT,155,48.39,Saccharomyces cerevisiae
SEQ_622966,CTGTTGGGCTACCGCTCGGCCTGTGACGAGCGATGACTAAGATGGCCTCCTTTGTATGTATATACGGCTCGAGATGTGGTACCTAAGTCACTTAGTCTTGTGTGTTCAGGACAGTATGCCTCTGCTAGTGGGATCTGTGCATTCCCCTTCTGGCAGAAATGAGTTTCATAATGTGAGTTCGTCCTTCACCAGACCCTTCTTCATATGATACAGTCTACTTAGAAACAAGATGTGCAGCAATTATGCTCGGAGCCTAATACACACATTCATCATTACGGCTGCGATGCTTTCTAAATTCAGGCCCGATTGCTATCAGGACCAAGACACCGGGCGCGATAATATTCTCACAGAGAGAGACATCGTACAAACCAAACCACCGCTTCTCCATACTGATCATAAATTAGTTTCTCGGTGCGAATAGAGTGGGAACACCCAAAACCTTGCACCAGGCTCTTTGACCAGGGTTAGGGCGGGTTTGAGAGTACGGACATTATCTACGCCATACAGCTTTGTCGACTAACAAAGTCATGTCTTGATCGTGCTTGTCTTTTAACACCCTCTCTAGGCTGTGGCCATGGCTCGTCCTATGGCAGGGTTGCGGGAGTCTATATGG,613,47.8,Arabidopsis thaliana
SEQ_337581,AGACCTGTACCCTATAAGTGCTCAGGATCAGCATATCTCGGAAAACTGTAAGAACAGCAGCATGAGCCATAGCCAATACGGCCGGGCTATAAGTATCTCAAATGGCACCGAACTCGAGAAGTGTCGTGACCACGACCGTGGAAAGCGAGTGTCTGGCTGTGTAAGCATCTTTGTTTACTATCTGCCTTATGTGGTCGTTACTTCTCCCGCCGAAATAGGGATCTATTGCAACGGCCAACCAATTTAAACAGTAATCCCACATGGACCAGACTCAGGAATGTTATGTATTGCACGTCCTCCGAAGACCCAGGGCAAACACACCCGGACCACGTATCCGGCCTACTCACAGTGGAACTCTTTCGTGTGGTCAAGCTACTTCGGTGGGGGACCCAGGTGCAGTTGTTGACAATATCTTTGGTGAAGTAGGATAGTACCTTTGTTAAAGTTACTTTATATATTCCGGTAACCCCTGTATACTGAGACAGACCACTTTAAAACCCAAAGCACTCTTTGGGATGACTGGAGAGTTCGAATGGTCCAGGGGCTTGAGAATGATTGCTAGAGTTTTTCGGTATCGGCAGGCGCGCGCTGCCGGATGCGAAAAACGTATATCTGAGGCTCCCCATCAGTACATCTGTGCGGTGAGTTGCATATCACGTAATCTTTCCTCCGCACGCATCTTTCGGCGGTCGTCCCAAATTAGGCGCGCTCAATATAGTGGGAAAACTTTTAACGTATGGCCAGATATGACTCACTAGACAATCATACGGCCTATTCGCCTGGCTTGCAGGAGGCAGGCCCGTAGAGGGACGCACTGGTGACAGTTGGAGCAAATCGTTTATTGGCGCGGCATCGACCGGTGTACCCTGCTGTTTGTGTCTTGGCGTGGACAGGCGGCCCACGTAGCTCGGAACCACTCGTATTCTAAGTTCCCCCTGAAGCTAAGTTTCCTAATGTACCTATACCAAATTACAATCGGACACTTTACGGAGATCCACTATTGACTATTAGCCCGCCATTGGTGCTCTGACGTAGGCACCACCTGCAGACAAGATAACTGAACCCTGTGGCGCCACCCACTCGACTACGACCATCCTTCGGCCTTATTAAGAGTTGATATGTAACGCCTAGGGCTGATAAATAGGGTGGTGGTATTCTGATTCGATGTCGGCTAATCGAGCGTTCCCAAGGATTAGTGCTAACCGCAAGGGTACGCTATTTAGACACCTGACAGGCCCTAGCAGGGTTGGAACGCATCTGTGTCCATCTTTACGGATTACAGATTTCTGGACTTAATTTCCAAGAATAGGTTGTTGAGACTTACATTCATGTGATGAACACGCTATGTAATGCACACAACACATTAGATAACCTGATCTAACTGTGCGACTAAGCGGCTTGTAGATCATAGATGAACATCAATAATGATAACTTGTAATCAACAGTGCAACGTGCGACTACGGGGTTGAGGCCCACAAAGGTATCAGGACTCGTTCAGCCTCGTTACGCATGCTAAGGGACGCGCTCTACCTATAAACTGCCTACATAGGCAAGGTCGTCACATGTGCCTCAAATCTGTGAAAATGACATTAAAAGAAATGTATCACACCACAGCCTAATATACGCCAAGCTTTTGAACCGACTGGGGCTGCAATGCCTCTGCTCGGGTAGCCCACTGCTCACCTGTTTTGACTGTCTGTACCCATAGGCAAGTTGTGATCGTGGGAGCACTTCTGCGGCTTCACTCCTCCTACGGAGGAACTAATTGCTCTGCACCAACCTTCAT,1786,48.66,Drosophila melanogaster
SEQ_671686,CCCACCTCTTCACTCGCACACAGCGAAGTTCCCGCCGGGCCGCCGCGCTCCATATATTAGTCCCGAGGGCCACTGCAGCTGGCCACGGAAATCTCCATTGAGCCTTCCTTTGTAGCTGATTGTGAGAACTACTAAAATCGCATCGCCGTTCGTTGTGGTAGAAGCAACCGACCTACGAGCTCGGCTGTGTGGAGCAATATGGCTCACCCTCGACCCGGGTCAAGGTACTCGTAGGGCTCGGGTTGTCGAATGGAAACAAATACTTCTCCACATTATCTGGGACCGAATCAACAGAAGGGTTAATTGATTGACTAGTCTATTAGGACATAGAGCGACGCACGATGGACGATTGGACGTATATCTTTGTCCTTTTACATGAGATTGGTCCTGACGCACCGTGGGGTGACCTGGATAAATCGGCTTGCTCCGCAACTCTCCGCATTCTGTTATCTTAGCTATGCAGTGTTTGATTTGAAACACCCTGATCAGGTGTCACCATCGGTCAGTCGCTGGAACTCGTGATAACTACGCGTATTGAGCGTGCGAACTGTCTTAGTCGAGTTTAGCACCACCGGGAAGAATCTTTGCTATGCCACTTCATTGGCGGTGAGTAGGCGTTTGCGATCAAATATCACGCAAGTGTTAGGCGGGCATTATGGACGTGGCCTACCCCCCTAAGAAGTTGGAATAGAAAAGCTCACAGCCTACGCCTTCATATCGCCGCTGATGTCACTTGACCAGTCAAACGAACTCCACATATGAACTAGTCGGATCCGAGATGCATGTTCGGTACCGGAACCTTCGTTATGCATTTAAGTCGCTCTCGCCTGCTAGTGCTTGGGTACATTTGCCGGTCGTAATTCTCCACCCAATATCTGGTTCAAATCTTTAAGGTAAGCTGACACGCATACAGACAAGGCTAGGCAAAGGCAGTCATCCTGTCCCGGTGAACGAGGCATTAGGAATCTTCCTTACGCATGCGTACCTTTCTAATCTCTACGGAAATGGGGCATCGAAGAAACACTGCGCCGCTTTCAACCATGATACCTTCTCGATCTCGCCAGAGTGATTACGATTTCACGGGTACGATTTTCAGCTTTGGCGACAGTCCCATTCATCATTTTTGTAATGGGCAAGATGTGGAACATCCTTATAGCCCTTACTGACCCCCCCATTGGGAATAACAATCTGAAAGACGAACACGATACGTTTACTGGAGCAGAGTTGCCCTCACGGGACGCCACGCATCATAATGACTGCAGCGCTATGTATCTAATAAAGGACGATCTCGGCCAGCCCTGCATGCGTGTGCCTCTGTTGCAAGTTTATTTAGTCAGCCCTTGTATACGGGGCCAGCATACCTAGTACAATCACCCGGGTTGCTTCATGTTGCCAAACAGGAGTCTCATTGATTCAAGACATTTCACATCTACCACGTTCGAGAATAGAGCCTTCCTTTGCTATCGCTGTTTAGCCCGTCTCAGTACACAACGCCTAACACAACTTTTTGGCCGCGACTCGAGTACGCACCTGAGACTTATCGGTTCATTCGGATCCGAGCAGAGCCTAGTATGAGTAGACCGCACGGTCGGCGGGTTCAGTTTGGCCCGGAGGGAAAGCGTGTCACGTTTGTCATGCTAAGCGCGCTGGGGCCGGAAGTAATTCTCGCCTGCAGTTCTACGATGAAGGGATAAATCAGTCTCCAACAACTATGGACTCGGAGGATTAAGGAGAACCTGCCCCGAGACGACGTGGCGAGATACTAGAGGAGCCATAGTATCCACAGAGTTACTAGCCCAACGGAACCCGGTACGTCACGGGTATTCCTTGCTTATGCGGCACAGACGAGTGAGAAGCCTTACTCAGTACATTACGAGGCCCCGTGACCTTTCATTGGTCGCAGGTCGCTGTCAGATACAGGACG,1924,50.68,Caenorhabditis elegans
SEQ_770463,TGCGAGGTTTACCAGAACCTTTGATGGGGGTTCTAATCCCTCCGCAAGCAGGCTGAGTGCTGGAGTGAACGGCGTAACGCTGTATAGCCGCCTCCATAGTTCTCTAATCAATGTCTCAAGGCTTAACCTATGCACGGATCTGGCGTGTTTACACGAGTATGGATCGTGTTCTGTACATCACTAATAGTTAGGGCAATGGCTGAGTTGTCGACTGTAGGCGCCCGCTAACAAGGTGTGTAAATGACACGGTAGTTCGCTGCCTCTCGGCATTGTTAGAGGAAACGTCAGCCCTCTCGACGGTGTGTGATTATGCTATACAGCGGCTCGTGCAATATTGGTTCATTATGGCGGAACCTTTGCACGTGGCGATCCCCGCTTGATCACTCGGACAGACTTAACGAATCACGACACTCATCCAAAGCGGAACACATTGTTGGCAAATCCGCGTGCCGATCGGGCATGGGCCTATCAGATTACAACGTAGTGGAGCTTTTGTCTACACATGAGTATCACGGTGCTTAGGTAACATATATAAACGGGTAGGCCTCATAGCGTGCACCGGTTCTTTCATGGATTATAGCGCGTAATATCTCGGTGGCGCTTAGGAAGGGGACCTAAGGACATGAACTTATGGGTACTTCGCTAGTTGAACGAATTCAAGACGGTTACTATCCCAAATGTTAACGAGTAGGCGCGCGGGCACTATAACATGTGCCAAAGGGGGGCGCAGCATAAGGCCGCCATGTAAAAGGACACTGCCAAGAGTTGAGATGCTGTAATCTGACAACTGGAGCTGACATTGAATTCAGGCTACATCTGGTCAACCTCAACGGGAAGTTAACTTTTGTACCAGGTCTAGACGCCGGATGCGATCAGTGACCTATTCTCCCAATTCAATGATATTGTGCGAGAACTCTTAAAGCCGTTCGCTTATCTGAACTGCGTGTTAATTTAAGACCGTCTATTATCCAAGAGCATTGCAATACAGGGCAGTGGTCATGCTTCAAATCAACGCTATGATTGCAGATATGTCGTAGTCTATTCGTCTGTACTTGTCAGCTAGAACGTGTAAATTATTACCTGTGATAAGCCACTGATTTATGCCTATAGCTTAGTTAGAAAGTAGGATAATGGTAAATATGTTGGCACGGTCGTCGTTAGGCCGGGCGTACACAGGTTCAGGCAAAGCGGTGGAACATCGGTTTAGAGCAGAACGGGCAGCGCCGAGGGGGCCTTCTGGTCGGTAGGGACCTACCTTCCTCTCTTCATAACAAATTGGCAAATGAAGTAATTCTAGGTACCACAGGGTTGACCGTATCCAGCGTAAGGCGCCTCTCAC,1339,48.39,Homo sapiens
SEQ_628613,GGCTTCTAATCGCTCAACCTGCGGAGTCGAAGACAGCCGGGGAGTGGCGTGGGCTGGAGTATGTGTAAACTATTCCCGAAAGCTAGTGACAAGATTTATACGGGCTGACGCCACGGTTACGCGGGCGGCACCCGGTTAAAAAGTATCTTCAAGTCTCCTGGTATAGTTGCTCGCAAGATCTTGCCGCCTGATCTTGGTAGGAGGGTTAATACGAGCTATCCCTATTACAAATGTCCTGGATCGTTTACATGCGTGGGCTAATCTAAGGATCGGAGATACAACACAATACTTCGAAAGGCTTGATCAGGCTATCCATTGGGTCAAGATCGAATGAAACATCTGTAACTGCGATTCAGGTAACCAACGATGTTCGGGGAGGGGCGACAATGCCGAATGTTAACTTTATAAGGGTCACGACTGTGTGTGTCAGCTCTTTGGACGGGTTACGCAACAGTATGACAGAGGTACAGGCACCTGAATTCGGTAAGAAACCGCGGCATATGTCTCTGCGACCACAACACGGTTGTACGCTCTGCAACTGTAGGGCGCATTGCTTCTCCTGAGCACCAGCTGCCAGCTTTTTTTCAATTAGAAGGATACCCGACGCAAGTTGGCGAGTAAGCGATCCGTTGATTCTGTAGCAATTCTAGCAGTTATTTATATTGAGGTTACGATCGCCCGCAGTTATTCAGAGGCCTGCTGGTGCTCAGCTTGCCCGGGCGGGGAAGCGGTTAGAGAGGGCCATCGGTTGGTGTCGCGTTTATCTGAAGGCCTTCGGTGCTTGTCTTCACGGCCTCGCTAGTACGCCTAGTTCCGGGAACGTACCGCTATACTGTGCCTTCCCAGGCGTGAGAGCCGCTTGGACTGCTAAATCATTGAGGGACTTGCAGCACGATCAACAGACAAGGTAAGCGCACCGTATTTCGCGAAGGCCTCATATATCTGCACGAATCGGGGGTAAATCCGGGTTCCTTTGACGAAAGCCTCGGCGACCTGATTAAGGGATTTCAGGAGGTACGCGATTGTGGCATCTGGACAGCCATACGAACTTCTGCCGCGAAAGAATGCCGCTCTCTTTCTATCAAATAGGCTCTCGTCAGGTGCCGCGTCGCGTGGGGCCCAGACACCAACGAAAATACAAATGCACGTGTTCCGCTCCAAAACGTCTTCGATATACTATAAACGGCAGAGTCAACTAAGGATCTGTATGGATGACATGACAAAACGGCATGGTTGGAGACCCCATCATAATCAAACTATGAGGACATCACCTCCTATGAAATGAGGACTCCTCCAGGAGGAAGGATATTAATAAACAGCAGGCCAGCAAGAAGTAGGCACGTCTACGAAATAGCGTCATCGCATTTCTATGAGGCCCTGTCCTGGGTGGTTATTCCAACTTGCAGGAATGGACCCGCCAGTACCAGTGTCTCACGCGTGGACTGTACACCCACATCTTTGTGATAAAAGGGACTTGGCGAAGATTGAAGATGTACCTAAACGGGCAGGTACTC,1514,50.66,Saccharomyces cerevisiae
SEQ_898195,TCTGTGGCAGAACTGCAGACTGGCGCCCCAATCAGTGGTACCATCAAAACTCTCACAGCAGGCTGAGGTAAAATGAACGCGCTGGGTACCCAACAGTTGCCTCGCCCCAGTCGGAAGGCAGCAACGCGTTTAGGGCTATAGTGATCTACCTATTGATGGGACCTCTCCATGTTAAATGGCGCAACTAGCGTATTGAAAACCGGAAGAGAGTTAAAACTGACACCCTATGATGTCCTATCTGATTATACCCACCGCACCGTCGGATGTCCTCGCAAGTAAGTCCCAAAGGTGCCGGACCAGCGGGTACATCCTCGGTTTGGCAGGAAACAGTGAAGTTGACATCCGGGATGGCCGTTCTTCTCTATACTAAGCAAAGTACTTCGCGCGGCGACTAACCGAGCAAGAGTAGTACATGGAGCGGCGACCTAGACCCTCGCAGGGGTCGTGCGGGGTCCGGTGGTGCCCGTAGTTAGAGGACAGCTATTCTGTAGAAACGGGTTCACGGTCTTGTTTCTTGTAAAGAGAAACGATTCACAATTTACCCAGCAGGCCCACCCTATATGCCGTTGCCCTGACATAGGATGTCCAATCAAATTAGTTACCACATGTTTGATGGCTACAAACGCGTGGTTAACCCCCTCTGTACACCCCTTCGCCGTAGACCCCGTATCGAGGCCTGTTCAGACGGGCTCCGGTTCTGAGGCGCTGAGGAAACATGGCAGTAGCGTAAGTAGCGTTCAATAAGGAGCTAGTCGGTTTGAGTACTTGGTAACTACCGCGACGTCTATTGGCTCTCACACACCCACTCCGATTCTTACATTTCCATATACACTGGTAAGGGGCAGTCGGATATTGAGTCTCAAAGTTTGATCCATCGTAGTCTGGTGTAATACTAGCTGAAATCTTATTCGGACCACCGGCTCCACTGGATTTGCAGCCTAGACCCACCCATGGCTATCTACGACCGTGGCTGGACCAGGATACACGTTGGCACTTTCTCTAAGCGGCGGGCTAGAACATAAAGCACCGTGCAGACGGGATATTGTATTATACTGGCGCTAAGAAGAAGATTAGGAACCGGGGTATCTACAGGGTTTCCGGCTACTCAAGTTGCAAGTTTCCTCTACGACCGACCTGTGGAGCAACCGTTCCGTATTAAATCAGTAGTCACACTGAAATCGTGAGTTTGCATGTGCAACGGCGGGTCGGTGA,1212,51.4,Homo sapiens
SEQ_859866,TCCCAACGACTTTCATACGTAGAACTTCAGGCAACAACCGCCGTTCCGGAGAGAGATTGGGTCTTCGTTTTAGGTCCAGTATGTTCTCGATCTAGCATGCGAGTTCACCGGAAAAGGAAGTTGATCGACTTCTTGCAAATAGGCTGGGGTGCCGGCCCCTTTGCCCTTTCGACTAATTGACCATCTAATCAGGGCTATTTCGTCACTCCGATCCCATGGGTGTAATCGGCAGCCGGGAGACATCCCCCATCTGCAACAAAACCATACAGCGGTACCGGCGATGACATCAGGACTGCCATTTAGCCTATTCGCGGGTGGGAATAATTGATCCTCTGGCGATTCCCAATCAAGCCATGAGGGATGAATGCTTGCGATGGCCTGCGTCACACGCCTTTTGTCCCACTTGCCTAAGCTAGCACGATTTTTTAACCAGAGTCGAACATCACGGCGGCGACAGACGCCGGCGGAGACTTCTTCGTTCT,482,52.28,Arabidopsis thaliana
SEQ_330832,TAGAAACATAGCAGGGCAGTAAGGCCAAATGGCTGGGTTCGTTTCATTACCTCATTTAATAAAGTAGCCAATTGTCGCTGCACTCAAAGTGTACACTCTTTCAGCTTTTCGGCGGCCATTAAGTATCATCATTTCGAGAGGTTGGATTGAACGTTTCTAGGTGCACCACTCTTAGCGTGTTTGGTACACGCTCCACAACTTCCGCGGCGGCCTTCGACCGTGGGTCCCAGTGTCCATACTCTTGGGGTGCCACCGTGGGATTGAGAGCCGATGGGGGGTACACTCTAGGGTTGGATTTCATCGGGAATCTAGTGCGTCACGGTCCGAGGGTTTCAAATAGGCCGGGCGGTAATGGTCGCCATATCTGATGGCGCACGCTCATCACGGAAGGCCGATTACGCCGAATCACTAATCTTACCGGCGGGTGAAAAAACGGACCGCTAGGGGGCAGACACGTTGGCGGGGAGAATTCGTGCCGGGCATGCAATTCAAACGAGACTGTTTGACGAAGGGGTAAAGCAGAGGTTTTTATACAACATGGGACCCCAGTTTTTTATCTCTGAAGCAAACCAACCCTACCCAGTAGCACAGCGACTTAAATCCAAACATTCACGGTGGACGTATGCTTTTTGAAGCAGCTATTTTATCTACCACAACTTATGAACGATAATGCTACCGCCTGACGTAAGTGGCCTCTGGGTCCCGCTTGATTTACCCCCACAATCCCTAGTACTGTGGTACTACGTAATTTTGGTGTACATTCTTACCTGCGGAATTCTTAAGGTGATTATTTCCGTATAATCTTGGCTCAACGGTCAGTTCCAATACGCAGCCGATGGGCGTGGCAACAAGTGCTTGACCCCCAATACACCTCCACTTTGACAGGGACAAGCCATCTGAGAGACCTACTCCGATTCCCGGCATGCTTTTGGCCTTATGGCGCTCTACCGGCACCTAGTGTGATGGTTAGTGGCGCACAGTCATATAAAATAATTCTGTCGTGGGAGTGGCATAGGAAGGGAGGTGCGCCCAGGGGGGTGACCTATATGGCGGCGTTGACCTCCTGGACAGTATTCCAAGGGGACCCTAGTCCTATCGCAGAATAGATTGTATGTCACCGACAGAAGACGTGTTGGTGATTCGTATAAATTGGGATTGGCGTACACTCGAAGTCCGCTCATGTCTGCCCGCAAGGCGAAAGCCTTCACAGCTACTTGCCTGACGTCGAGACGGTCAATGGCCTAGCCGTGAAATGACAGAGATGTACCGCAGTTTTGCTGAACTAAGGGTATTCTCCTAGACCCAGAGTCTTGCGTTCGTGAGACACTTAGGTCTAGAACCCACCGGGACCTCGTTATGCTACGGCACGTAGACACGTTCTTACTACGGGCATCCCTTCATATAAAAATCTGGTAAAATCGCTTGGTATACGTTCACGACGTTACTCAAACCCATGGACGCACAAATGTCGTGTCGCTATTTACATTAGCGTGCGTAAGACGAGGCAAGTATGCTTCCTGGAACCATAACCTATTCTACTAGCTACGAATGTGCTGACATCGTCGGTAACGGAATAGTATCTATCAAGATGGGGGCGTAGCTTGTCGCCTTCCCCAAAGGGGCACTGTGGCGACACACCGGGAGAGACAAATGTGTTTCTTTACCCAGTTACCTTTCCCTGGCCTTCAACCGGAAATAGGCTTTGAGGGACCAACGATGGTGAGTTGCCACAATTGTGTCGAATTATTCCTAGCCTTTCGCACACAGGCGCGGGGAACCGTCGCTGTGCATGATAACTCTTATCGTGAGGATCCCGACCCCGTCACAGGACCGCGCTTTCATAAGGGGGATACTAAGACGTTGCCACGAAACT,1873,50.56,Escherichia coli
SEQ_742886,AGCAGATTAGTGGCGAGCTGGGCAGCGAACTTAGACCAGCGGCCTGCTTCCCCTTGCGTTTTTAACGGGACAATTCCGCCTCACCCCTCGATAGCCAGTTATTACGACAGAAATGTTACCACCCATATTCCAGTACAATTTGCGGACGTACGTCAGCATTCTACGAGTTGAAAGTTCTCGGGGGGAATAGACCTTACGGAGTATTAAAGAGCTCCCAGGGAGCGGGAGACTCCCTCGGACACGACAATCGTAAAGGTAAACCGATGTGCGATCCTCGGGAACTTGACCAGGCAAGTGCATTGAGTAAACGGTCTGACCGTTTTACACCTCCCATACGCCATATGGAGGAGATTGATCCGGGACAAAATATGGATAAATGACGGTTAGCGGGTATATGTGATATAGCTTCGTGTGCTATGGACGTTATCTTCGCTAGTTTTAATGGGTCGAGTTTTCTCTAGTGTTGTGGAATTTGCCGCCGTTCCGCGGTCCCCGTAAGCCTTGTTCTGTACGTGAATGGAAGTGCTTTGGTTTGGGCACTCTCTAACTAGGCTCAATCCGGCGGAATGCCTATCGTGC,579,50.09,Caenorhabditis elegans
SEQ_265180,ACATCATTAGTTCATCCCCGCGCTCGGCACATGCAAAGTGGAGTGTCTGTCCATGCAGGCGCGATGCACTTCCCGAACATGTCAGAGGAACTGGAACCCGCTTTCGCAAAGACCCCGAGCGC,122,57.38,Homo sapiens
SEQ_172369,AATTGCTGATACCAGCGCTTAACTCGGCTGACACCTGGGGTTTACCGTTGTGCTGTCCAAAGAGGGCCTTGACTTGCCTTGGATCCACTCTTTAGTATTGGTCGTAAGCTCTTATACAGTGGACCCCGCGCGTAGTCTTTTGAGTTACTCCCGCGGTGCGTGGCCACATTATCAGGAATCAGAGATAATGGCCTCCACATCGTATCATAATAAGATTATATAGGTGTACCGCGAACAATTCGTTGGCCATATACATGTCCGCCAAAGTTTAGATAACGACTTAGAGTTGGCTCAATCAGTTATTCGTTAGTGGTGAATCGACCGTTGAGGGCTTTGCCATTATACCGCGGACGCAGTATCAGAGTGTAGCCTCAGTGTCGGTGTTTCATGGAAGTTTACGACATCGTCAGGGCCAGATTTTTTACACTGCGGGGAGGTTTTCGTGGATCCTCTTGTTGATTCACGGTCCGAACTATGACTAAAATTCCTCCAATGAATCGATAACCAAAGTGTCAGGCATTGTAGTGTAGGAAGGGTATATCATTCCCACTCTTAAGGAGAATGTGCCATGCACAATGCCGTATCCACTGAATCGTTGCGAAGCTCCCATTAGGCCCGCGTGCTTAGGTGTAGTGCCATGTCCGAGGACCCGTGCGAATGACCAACCCAGGGGACGCTAGCACCGCATCGTACGGTACCAGTGAATAAATGGTCTTTGGGCTACGGGTTGATACCCCCAAAGTTCCGTTCCCTTCGATAATCGTCTCGCATCCCCCATAGTATGTGAGAACGAGACTTGCAGCCCATTATTAGGACAAGCAGGTGCATGCCGTCAAAATCTGATACTGACGCTAATGTAATACATAGCTTTCCCACCACAGTCTGTGCCCGAGAGTGTTCGGTAAAGGCCCAATATACACGACAAAGCGCATTCGAGTCAACATATAGAGGTGTGCGGTCTATGTTTGCCACGATAGACGGGGGTCTTTAAACGGTGACACCCGAAATAAGGGGATCCTCCGCGCCGAACCAACATCTCTGCAGTACTATTCCAACTTCTAGGCGCCGTTCCCGAAAAACAAGTTCTATCCGCAAGGGCCGGGTCATATGCTCAGGTCGCATTTACGTTTCCTGTCCAATCACAACCCCCCGGGCCCCCCAAGTAGCACTTTCCTTTGACACCGCACTAACGGCCGACTACATCTTACTTCTATCTTGCCGCTACTTGCTAAACCCAGCAAACTGGAGTCGATAGAAGAGCCTTTACGCGGAAGTGCCATGAGGCCGTTGACGTCCCCGAGGACAGGACGTACAGATCACCACCCGGGGATCTCGAAGGAAGCCTTGGTTTGAGATATCTGCGGTTGG,1368,50.15,Homo sapiens
SEQ_513269,GATCACCCTGTACAATGTGCGGCGAACAGATCACGGGATCACCAGGATATGAAGTGCACACTAGGGGAACCTGTAACGGCTGAGATAGGATCGGCGCCAGTGGGGAATTATTCCCCCAGCTGAACTGAGATCTAGTAGACATGCTCTGCTCAGCCGTGATCACTGCGCTCAATCGCATTTTATCTTAACTTATAAGCTAGTGCCTCAATGACGGAATCGACTAAACCGGAGGTCATGGACCCCGCCGGTAAGGCGTGGCCTGTTCTCTTTATGTTGATGCTAACAAAATCACGATGATACCCTCCTTTGATGCTCCTTGAGGAGAATGACCAGCAATAATTATTATACGTTGTCGTGGGTGGGTTGTCGACGGTCATGCTGCAAAGGCCCACTTATGGGCATTCCTTGCAATCGTTTCTACTAGGCATCTGGTGTTCTACCTGGGATTAGCTCACTGCATGCCTAGTCCCTTCGGATTGGCGATCAATCGAATATACTCTTGGAGTGCTATTTAGGATCACAAATCCATCCCCCTCAAATACTGTTAATTAGAGTCAGTCCGTCGGACCCAACTGCAGACCCGGACGACGACCAGAGAACTACGGGGCGAGTGGTCCGTGTACGTGTGAATTTGTTTCATTGCATTGCAAGATCGGCAAGTAATCCGCATCGTGGCAAAGCCGAACTTAAGATCACTTAGGTTCAGATAAACTCACCTGGACCCTTTCTTGTTGATCTTTCGTCGTGCTCGGACAACTGGTGTCCCATCGATTCCCTCTCTCATCTGCTCTCCAAGGTACTATGGCGACTTCTCAACGACGTGTTTGCGGATGCACACATCT,842,49.29,Homo sapiens
SEQ_881859,TAAACGCAGCTTATACAATCCTGTCTAACACTGTAACGCCCAAGAGTCTTCGGATCAACATTGACAGGATCCAGTTGCATAGACCCTGTGCAATCTGTCAGCCACAAGACCGCATAATGGGGCCGTTGTCAATTATTTACGGGTGAATCAACGTTATGTGGCTGCACGGGCCATAAACTCTATTCTTTGGAGCTAGATGGCCTGCAGTTTTAACGAGACCCACATAGAACCTTGGACGCAAGCATTGGGATAATTGTAGTCGTCTTTCATAGGCCTCTACCTTATAGTCGATTTGCTACAATTGCTACCAAGAGAGAAGGCGCAACTTCCAGCAGTCAGATATCCTTTTCAGGCGGCCGGGCGTCCCTAGAGGCGCATCCAGACAAGATAGCCACGAAGTGGTTCACAGGTGAACAGAGATCCTCCGAATTTTTAGCAAAACCGGGATACTATGGTGAGCCTCATTTGGTGGTAGATAAACTAAAACGATTTCAGTTCTGTTTCCCAAAATCTAGTGACGTTTTGGAAGAAAAAATCTCATTTGCAAGAATCCAACTCCTGCCTTGATGCTGATCACAGTATAGGGACTAATACGTAAATCCGTTACGTCCTGAGTTTCTGCTAGCTGACCGAATTTACACGGTGGGATCTATCTGGACCGCTTGCCGTGATTGGTTGACTCGGGAGGACAGTGTAAACCGGACAGCGCAGGCCACCGGTATGAAGATGACCAGTACAACTGGGCTCGGTAGAAAGCATGTCTGACAGCGTCCCACAACGGGGGGAGCCCCGCACAGGTGGTTTTCGTCGCAAGTGCGCACTTGATGACGCTACCCGGCATAGTAAACGGAGATTAGGCTGAAGCACCCTTATGCACATGTCGGAGCCGCCACGCACTGCTCTACTCCGCATCGATTCTCCAGCGCAAAACTGGCCGGATCTACGCTGGGTGGATCCTGAATAAGTTGTACATGTTGGTGTTGGCCGTATGGCGTTCCTGGAAATCGGACACAACCACTGAACACCCGTCAATACGGGTGAGGAACACTAATCTATATAACACCCCCTTTCAGATCCTCAAAAACCATAGACAAATTGTAGAATATAAAACGGACACCTGTCCGTCTTGATAGTATTGTGTCAACAGACTGTCGTCAGCGATAAAAACCTCACGCGATCGGAGAGAGCACCACTGTAGACCAATAGGCAATTCATGAGAGAATTCACATATACAAGAGCCTGGTGGCTGGCTGTCTCCCTGCCTGCGTAGGTAGCAGATTACCAGCTGGACATTGTAGTAGGTTAAGGTCATCAACCAGATTTACGGCCGCTCGCGCTCTTTCCGCTCAATCACCAGTCATAATGTTGGATAGAATGTATCGGGCTGGTAGATGGCCAGCGCGTCGTGTGTTACCGACGGACTGGGCGGTCTTTGCTGTCCTGTAGCGATACCCGTTGAGGGCCCCAGAATACTTGCACT,1480,49.32,Arabidopsis thaliana
SEQ_413556,CCCTACAGTTCTGGTCCCAGAGATGTTACCAGGAATTAAGACATCACATGAATGTCATCTAAAAGGAGCTCGACATCACCCAGATAGAGATGTTTGAAGAATAGTAGTCTACGCGACCGCGCGCTAACGTGTCACGCGTGACGAGTCGAGCCTATTGCGTCAATGTGAGGGACCGAGGCGTGAGCCTCCGTTCGTGCCAGATGTGCTCAGATAACGCCAGAGCGTCTGCTCTCGGACAGGTTAGCGTGCCGATGTGAGGACCTTTTAGAATGATTACTCCGTAAGTTAGTATCCCGTTCGTTGCTTAGCCGAGGAGACGGTTGTCGTTTATACTGTGCGCGGGCACTCTTTATAAGATTGGCCAATAATGCACTCGTATTCAGGCACTCCTCACTTGACCTTGGCAGAAGTAATGCACGCCAAATCTCGTTATGCTGACGCTTCACAATCCGTATGTATACGACCATACAGATGGGAGACTAGGAGCTACACCATGGTGTGGGCTCAGCTTAGTTAGATAAGGATGCGTCGTGAGTTACTCGCCCTTTCGTGGGCGTTATTCGAACAGATGCTACCTAGGAGAGGCCAAGCATATGTAATTAAAGATAA,609,49.26,Mus musculus
SEQ_452042,TTTCGGTCCGCCTTTCCTGCAAGAATAACCACGATGACGACCCACATTACTATTAAAGAAGAGGAGTAGGTGAAAGTTAGCATCCAAACATCGCTTGCTCACTCAGAGAAGTTTCTTGGAAGACAGCTAAACTCAATAGTGATCGGCGTTGTGGTAAGCCAGGAGAACAGGAGATTCCTCGTAAACTTCGTCATGAATTGTAACAGTACATATTTGTCGCATGCCGATAAACATATAACGTGCTGCGTTGATGGTCTTGTGCAGGCGTGACTTGAAGACGACCGCATCACTGTGACGATAGCTCGCCAAGGACAACTGCCTACGTGTGAATACATATTCTTACTCCAACCCCTCGCGGAAACTTTGGGACAGATACAATTATGCGACCCTTAACACCGTTCCCTCATTTACAGACATCTTCAGATCGCTCCGGACCCGCCTATGTGAGTGCGTAACATATTTCGATGTTTATCAGTGCAATACGTGTACTTGACACGTAACCTCGATCCGTCGAATGATGTCATTTTTAGGAATTATTTATTATCTTAAATGTCTTCACGAGACGACAACTTCCG,575,44.52,Arabidopsis thaliana
SEQ_808656,CGCTTATCCAGCTTATACTTGCGCGCGTAGTGACACATAATGACATACTCTGATCAACTAGGTGCTTCAAAACTGCGAAGATGGCTCATAGTTTTGTGGGGATTCCGAAATGACCCCATCTCAGTATGGAACTGTCTCCCGAGTGTCCGCCAGGGTCGAAGATATGTTTAATGGGCGATAGTTACCCTCCGTACAACAATGAGGGCACAAAAGTTAATACGGCTGTCCACTTTGGTACGACTGTAGTATCCCTAATCGATTCCAAGCCTTTCAACAACGGCTCACCGCACTGGCAGCCCTTGCGAGGCCTCAACTAGCGAGGAGCGGACGTATTTGCACAAAAGACGGGGTATAGTTTATCATTTAGTCGGAGACGGATTCAACTAGCAGGGTCATAATTCAATTAGCATAGCCCGGACGAGACTCGATGCCGCCTTCAGCTGCTCAATAACGCACGCAAAGCAGAAGCCATTAGAAAATCCGGAGTCAACTACAATATGTCGCCAATGAATCTTCTCCCTCCTAACCGTTAGCCATTGCGAGACTATGCGGAGTCCTTAGGTCTCTAGATGAGAAAGTACAAATGCAACGGACCTTATCAACATTTTAGTATACGAGGGTCAGGCGTTTACTGAAATGTGCAGATTTGTCCTAAATACCTCTGTCTCTGCGGGAAATATACCGCCAACTACACTCTATCCTTCACTTTGCCGTCAAGAGTTGCGGGGGCGCGTGGTGACGAGCAACCAAATCTGCGAAAGACGGAGCCGACAACGCTACGAACTGTGGAGCACGAAATTCTCGGTTCCGGCGGCAGACACGACTTTTACTGAGATAACTTTGGGGGTTTTGGTGTGGGAGATCCGGCCCCGGATCACTCACGCACTCTAGGCCGTGCAGTCCCATGGAGGTATTCCTCCCGCCCTGTCACCTCAGCCCGGACAATTACTAGGGCTAT,958,49.9,Homo sapiens
SEQ_718016,TCATCATTATATCACGTCGGGCTCTACGAGGCATGGTCACTAACAAGCAATTGTGGCACCATGCCCCGCGGTAATGGTTAACGGTTCAAAGTCAACAGTCCTCTCATCCATGTAGGGTCGACCTTACCTATGATTAGGGGAAAGCCATTTTTTCACCCGAACAATCGGGTTCGACGCAAGGCCTAGCAGAATCTCAACCCGAGAATAGTTCGCGGAGTTCGCGAGTCTCTTACGTCGGCTTCGCCGTTGATTCTTTTAGGGACAGTTGTTCCCTCTAGTTAAAATTGCTGCAACGGAGTGGTTCTATACACCGCGGGATTCGGCCTGTCGATTCGCTAAAGTCACTTCACCACATTAAGCCGCCTCACCGTAGAGTATTTCTATGCCTAAACGAGCGACCTCCTATCTAGGCAAATATATACTATCTATACGATCCAGCATCGGGTCCGCAGCAGCGATCGAACTCTTGCCGTCGCACGGTGGGTTCTCAGCTGTGAGAGCTTCCAAGCGTGGGAGTGCATGCCCCACTACCTCGGTGTAGCAGTCATGTACTGGCTTATTGCGTTTCAACGTTAAGTATCAAGGCAAATTTCTCCTGGGTCTGCCTCGGCACAGGTGCAGAGAGTTATCCACGAGCGAGCGCCGGATGCGCAGCTTGTCTCGAGGCTTAAGGCGGTCTGGCGCGTAACTGATTTTCCTGAGCATGACCGAGTGCAACTCGCTACGACCTTTACGTATGACCCGAGCCTGAAGTCCCTGAAAAGAGTGGGTTAAATTGACGGTGTGTCGCTACCTACGTTACCAGTGCGTAGTCAACGAAACTTACCAGGAACATTTTAAATATCAGATCTCAGGCGAGTTTCCGAAAAATAGCAGTCACAGCAAACTGTTCCATCCTTAGCGCA,905,50.5,Escherichia coli
SEQ_812731,CCTGGATACCGCGGGCTATGTAACTGGACTTCGTATGCCGAGGAGGCAAGTTAGACCGATATTTGGAAATAGAGTCACAGCTAACTGGAGTCTCACTCATTGCGATATACCTGCTCACCAACAAGAACAATCGCTGACTACCTGCAACCACGCTTGGAAGGTGTGCTCGCGAATTTCCAGTATGGGAAGGTGTGCGACGGGTGTGCAGTATGTATCTGAGGGGGCCTGCCTCGTCAAACAATATGTGAGATGTAGGGGAGAAATCTCATCGCTAACGAAGAGGATATCCATGTAATCGGCTTTATTAACGACCGTTGTGGGCACGGGGGCACGAGTCCGTTGCTCCCATACCACGCGGCGCTCGTGGTGTACCTCCTGCACTCCTGGAGTGAACGTACACACTTCACCCGGTTCAGTAGACAAGTGCTGATGACACATAGTCTTGTCAAGGGGAGGCTGTTATCGCTTGTAGCGCGCCACCTAAGGCACATTGAATTCCCTCAATGGACGCGGGAACCGATATAAGTAGAGGAGTCCGAACAATGCCATTGTATATCCCAGACACTCGGTCGAGGTCTCTCAATTGACCGATTTACACGATGTCTGTATGCCCGTCACCCGCTCTCGACGCCCTACTGCCCACTGACCGTTACTAGCACCCAGGAGCATCCGGCACCCTTCCCTTAACTAACCCCCGTGGTGACGGCACTGGCCATTCGAATTTGTTCCAGCACATCCAGCCAGTTCCGGACTTTGGAGGGCCGTAGGCAGAGACGCTGATCCGTCATGCGGTACCGGGCCCTGGGTCACAATGGTCTCTGCACGATATGCCTTTGAGATATGAATTCGACATCAACCCCTTTATCGCCCCTGTCCAGACAGAAAGGAGGAACAATTCAAACAGCAAGGAAGCTTACCATTTCCACGGGGGGACTGGCGGGCCATGACCTACGTCGAGCAATGCTAGTGATGTTATAGGGCTCAGTCTTGGACGCATTAAACGAAGGCGGTCGTTTCGTGTAGACAATGAAGTGAGGACTGCTTTTTAACATTGGTTGAAGGCTCGGAAATGTCGTTTGTGGTCATACAATAGTCCTAGCGCGCCGAATATGTCATAGCCAGAGATGCCCTCGTGTGTATCCGAATCCGACACCAATCCGTCGTCTGCGATACTGGGTGGGGTCCTTCGTGAGTCTTACTCCATCTAATACTCGAGATAACCGACGTTCTTATGTCATTGGCACGGACTGTAAGTAGAAAAATTTGCATGTCACCTCTGCATCAGCTGGGTGGTGGGGCCGTCGTTGGTCATGATGGAACGTTCACGTAAATGCTCGTTCGTCGACGCTCTGGGGATGTGCTGAATCGGACGCAAGTACAGAGGCGGTTATGTAAGTATCTTCCGGCAGTTTGTTCCCAACGAAATAAAAAGGACCCGGGGTGAATCGTTTTCATCCGCACTTTCGCCTAAACGAGCAGTGGAGTGAGATGGGCGTAGCAAAGACCTTCTCTAAAGCACCGGCAACGCGAACACCCAAATCCGAATCAAGCTCGGCCAAACATACCCCTATAATATAACGTATTCAATCAAGCCATACGATTAGCAGTAGTTACACCAACGTCAAACCCCCGTACGACCCTCTGCTAGGGTATCTGGGCTAGCCGTGAAAGAACTTAGCGCGGTCACATTAGAACGTATATCCGAACGCCCCTTAATGACCGGCATTGTTTGTCACATCGCTCTGTGTGTTTTGAAGCAGTTATACGGTGTGATCGTGACATGGTTTCATCAGCTCATCCCCAGGTTGGAGGTTTTCCTG,1820,51.37,Escherichia coli
SEQ_100336,TCGTGTGTAACCAATTGTAATGTACCTGATGCACACGTCTTTTGTGTTGAATACCGGAGTCCGAGTGGGTCACATCCCTCTACGGAACAGATCAGATTCTTCGGTTAAGGGATAGACTGATTCTCAACAAGTGCCTCTAGTATCTACTTCGCCGAATAGCCGTGAATAGATGACGCTGGTGGTTATGACTAAGGCATTACGTCTGTCTTCTCTTTTACGGCACCCACAGATGATCTCCCTTGGGACAAACTCACGAACCGTTAGATGACACAGTTGCCTCGCCCATAGCCTAGACGTAATTATAGCCGTCCTGTTTTTTAGGGTGTGGATGGCATTGCTTTCTAACCTGCTAATTGCTCTACTGGACAGAGATGGAATCTGAAACTGGAGCAAGTGATTTGGACCGAGGGCGCACCTTGGTCACTTCGCTGGATATCAATGATCATCAGAAGTGACTGTCCACTACTGTTTACAGCAGCGTTGACCTGATTTATTCAGGTCGCGCTCCACGATTCCCGCAGATCAGTGTCCTAGATCATCAATCATCGAAGCTTGACCAGCATAGGCAGGCTGGGACATTTCGCCGGCTAATGGATCGTCTGCGGGCAGTTATACGTTTGGTCTAGTACGCAATTGCGCCTAGTAGGAGCAGCTTCTACTCCACGAATTAAGTCCTGATCGCCATGGGGGGCTAACTGCAGTTTTACCCTGCTGGTTAAACCTGCCATCTAGATTGGTTGATCAGTTCAATGCAAGTTTAATGCGACCGTAATAAGTGCGCCAGCATGTTGGTTCTCATCGGGTTGAAGGAACGCCGAGCGGGGCTTTCTAAGAGACTAATTTTCCGACCCAATAAATTGACGAGCGGCGTGTTAACTCGGATGGAGGGGTGCATTGAGCAGCGATACATCTATGTTGATTCAGAATCGATCAAGATATATCGTCGCGAGGCGTTTGTCATTTAAAATCGAAATGACTACGGACAGGTGTTGCGCCGTGCACGACTTGATGCTGGGTGTCCAGGGCTTGCGCCATTGTTCTAAAATATCACGGGCGCCCTAAATAGGTTGCTTATGGTTGTAGAACCAGCATCCCCATAAAGTTGCAGAGCAACGGAGACTGGCTCGACTAATGGTCACGCGGGCGACTGGGGGCGACTGCTCATACACAGGTGCGTGCACGATTAATGCACGATTCTATAGTTGTAGTGCTCTGGAAGTTTCTCCCGTGAGAATTCTTGCTATGCCGGTGGTCTGTGTTACATAAACGCCCATAAGCAAAATCGAAGGTAATCTACTAAGGCAATGGAAGCCAATTCCAAGAGAAACAAATATCAAAAATTTTGAGCTTAGATAGCTGCAGTACAGTGCTGCGAGCATGGGAAATGTACCGATTATGCTGAATTTGGTGAGTGCACAAGGCGAGGTACCAGTATCTGCGTGAGACTCGCGGATCAATTCACATGACGAAGGTAAGCGTGATCAATGCGCGCTTCAAGTGCGTATTTGCAGCACTCTGGGGCGTCACTCCTAGAGCTCTAGACATCTTACTGCGCTGCATACCCAATTCGCTATACCGTCACGCGCTCAAGATACGTACGAGGTCCTCAGCACAATTCATTATGCACAATACATTTAGTGACATACAGGTAGCAGGAAAGGAGCCACGATGGTAATGAGACATTTACTACACTACGGAGGGAACCACAGCCCTGCGGAGTCACTTATTCTCGCCGTCACCACGCCAGGTACGACCTCGTGAAGTCCTCATGGTGCTCAATTCTGTTCGAAAACCCGGGATAATCGCACCCTAATATTATTCGCATACATAGGACACCCTTCAACAGAATTAACGATGTGACATATGACAGACAGATAATCGCCGCGTAGTGGAAAGCTTTTAGTAACGACCTGGTGGATTAACG,1924,48.08,Mus musculus
SEQ_267825,CTGACTTAACAATCACGGCAAAACTTCAACCCCTGGCTAGCGTGACCTATTAACTCTACCAAAAGGTTACTTCCCGTAGGGCCGTTGATGTGTGCGTCAACGTGAGTGACGGTATTGAAATTAGTCCACACATGGCTAAGGGTGATGCATACCAGATATACGAAAACCTTGTGTCCTCTCATAGCATGGTCCGAAGTTTGCTGACTTTTTTCTATGTAACTGGTATCTTTGTTATAGAAGCATCGATATCGAACGTTTGTGTCAATCGAAGTAAGAGAACCAAGGTAGTGGAAAATTTCAGGCTGGTCGGTGCTCCTCATGGTCCATTACGGAGTTGCAAGTCATCCTCTCCACATACGACGTGCTAAGAGCCGGCAGGCACAGACGCATCTCTTTTGGGAGACGCTAACGACATTACTATTTTAGCTGTTGATCGAGCGGTTTCGATCAATTTAGACCGCTTTCGAGGGTGTGCATATTAACCACGCACATCACAGCCTGTCTGACATAGATTCACAGGATCGGGAACCCGGTTAGACGGCCAAGGGTTCCTTAGCCCCTTCTTTGTGTGACTTTAAACCAATGCTCAATTTTCTGAAGGATAGTGCCTGCGTCCCCTGGTGTCCCGAGACGAAATACCCTGTCCACTACGGTAAGAATACCCCCCGGAAAAGCGTGCGATCGATGCGGCGCTCAATCACTTATATGTACCGCAGGGGTGGGGAGCGATAGACTGATGTTGGAGACGTCCTAGAGGAGATTATATGATCAGGGGCCGCGCGAACCACGGCGGACACGATAATCGCGGCATTTTGTAGACTAACAAACAGTCGACGTTGTCCATTTTTCTGGATTCACTGAGGACTCGATGCTAGAAGGGGATGAATCAGGGTGGTTCATGCGCGGTTATGCCCTACAACTCCTATTCGTGACTGTGGGGCAACATCCTCCCGCCAGCCACTGTGTTCGTAGGGTGATCGCAGAACCGCCACTAAATAGTGCATAGGAAGGGTTTAACGCGGCGGGTAGTAGATGCCACCTCAGATCTGCAACTTACTTGTCCTATCCGCAGCGCTAAATTATGGACCTGGGACGCGTTGTCCGTCCAGAGACAAAGCTCCTTATTCCTTAGCGAATGCGACCGATGCTATAACGGAGGACTCACCAGGCGACCTCTTAAGCATGTTTTACGGCCAAAGGCGTACTCAAGCATAGGCCGACACATTCCGTCAGGAGTAGATCAAGATACGCCATACTCTGTAATGCACTTTTGAGAGTCTTATAACTAGAGCCGACTGCTTCCGCAAAACCTGATTGTAGGAGCCAGCCTAAAAGTTTATCCTTTTCGTACTACTGTAATAACAGTATCATGCTGGACCCAACGAGTCATACCCCTTCGCGGCTGTAGTTCTTGACCACGACACGGCGCGGAGGTCACGGATTACGGAAGGCGCATACATGTACTCTAGCACCCGAGACGACCAACACGGGCTAGAGCAGGCTGCGACAGGTACCGGGTCCGGCTGAGAAGGGGCTTTCCCCGCCTTACTGGACAAATAGGACTCGAGTCGTGCGCGGGAAATTGTTCGACGTCAAACTTTCCATTAGGCGTTGCGGGTCAAAAGGCGGCCTCCTCCGTGTCCGCGTACTCTCCACGACCATAAACCCTAATCGTAACGGGATAATTTATATACAATAGCCACGCTTCAAATAGTACCCGTCCCACGCTCGCCAATTTCAATTGTTCCGCGACCGTGGTGTATACGCTAGGTACGCT,1777,50.37,Mus musculus
SEQ_996484,GTATTCAATATAACTCGTTGAGCTTTGGGTGAGACGTTGTTGACGCTCGACGATGGTAAGTTTTAGAGTCTCTCAGGTCCCTGACCGCGTAACCCCCTGTGTGTGCAACCGACTAGGTATCGTGCAGGTTAAGGAGTATAGTGGGCTTACTAAGAGCTCATTCCCGTTTACACTCGGATATCGTACTACAGATAAGGAAAACAGCTCTAAACTCATCTGTCTTGGCGCTCTCGGGTGCTGGTATTTCGAACCATTTTCTCAGTTGTTAAGTACCTGATGCGTGTGGAGGGCGGGCTTTTTTTATGTCCACCTACTGGTTCTATCAGAAGTTCGTGAGCTGGAAGCTCTTCGCTCGGGTGCTTCTCGACTGTCGATCGAGTCCTTGACTCTAGCGGTTGATCGTTTCCCTATTCCGTTGAAAAGCTGGAAATCGGCCGGCCTAATTAGATAGAACAACTTGACGTTAATCACGTTACATACTCACGATAGGTGGAGCCTCAGTGTGACGGAGGCGTACTACGCGAGGATTGACAGACACCTTCCCTCAGACTTGCCGTTACCCCTAGGAAAGAGGTCGCTTAATTTACCGTGGTGGAAACCACTGTTTAATCATTTCTAAGACCCTGATACTTCTGCCTGAAGGAGATCGTCTTCTTATAAACAGTGCGGCACACAAGCGGCTTTATGCTAACAGTAGCAGCCTTAGCCATACCATTCGCAGATGCCCGGGACAAGGGGCCTCCCTGGCTGCCAGAGGACTAACACATAGCGACTGGGATATAACCGCTCGCGTGGCAACACACTGAGCGACGCCAAAAGCAGTCCAAAGCACACGACAGTCGATCTTGGTGAACCTTCCCAACGACGATTCTAGGATATCAACGCCGAGCAAATTTTCTCGGGTCAGCTAATTGGTTCAAGACAGACTGACGACTAAACGCACTAAAATGTGCACATTTACCATGCGGAAACGGGCGTAATCAAGACTACTGATTAATCTGTTGACAATTATATAACAGTGTTGGGTCACAGCTCATTGTACGTGGAAAACAAATAAAAACTAACTATAGTTAGCGGTGATGCTAAGAGGGAGCCGGGAGCGTCATCTTTAAGCGGCACTTATGGAGTTCTATACACGTTAAGAGATCTTGACCCGATTCCCACGAGGGATCAGATACCGGAGAACACATCAACCATCTTGCTGTCCGACCACACTCTTAGGCTGAACAGCGATATCAGCGTGTCCACCTAATCCAGTTATCCTCATAAACGCTCGTAAAGTCAGTGTAGTTAGACCACTTATACACGTAGAGTCGACAAGGGATACCAAACCATTACCAGACAGGAAGAAAAGCTAAAGCGCTGCCAACAAGCCGGGCGTAATTTAGAGCACACACGTGCTCGGGAACCTGGGCGGATATCATTAGGCCGATCGGGTAATACGCAGTGTTGCCCAGGGGGAATTCGGTGAGGCAGACCGTGGCTCGTACCTTTTCACTTTGAATTCGGATGTTGACTAACGGCTGTCTCTAGACTCGGGGACCATGGAACTGATTTAAGATATGAAAAATTCTGCTAAAACAAGACAATAGTCTACCTTGTACGCGGCGTAAAAAATAGGGACACACCCCAATAGGACTAGGGGCGCTGTTGTGCCCCGCCCGGCCAACGGTAGGTTGACCGCGTATGCTCGAATGGCAATGCTGCAGTAATCTAACAGCAGGAACGGACCCAC,1735,48.7,Caenorhabditis elegans
SEQ_288066,AACTGGACAGAAGTACAGGTTACCAGGTCTGGCAATGAGTGGGCGAACTGAAAACTAACGCCGGCCTATGTATCCTCACTAGATTTCACTATTCCCGTTATCTCCTAGGTGGACGAGGTGCCTGAAACTGGTCGAGATCGTTAGCCGAAATTTGTTGCTTAGCGCAACCGTCTTCATTGTTGGAAAGGGGCCTGTACATGATTACGTACACTGTGACGGAGCTTATTGGTTTTGGCGTTATGAGGACCTGCCAGCATGCCAACCCACGCGTTCTTTCGATTTCGAAAGACTGTGGAACGGTTGATTTAATAAATTTGCGGTTTGTTTGAACCCCTCCTGGCAGTCCCGAGCCGTCAAGAACTGAAGAAACGGTTTACAGAATGGGTTATTAAAACCGGCGTACAGTTAGTGTTCTGTGGTAACCCACCGTGTACTTGAGGTGTCTCCCCATAAGTCCCCAGATGTGTTCGAGGAAACTCAACTAGCCGCAGGTCCACAAAGTTCGCGTGACACGCCGCACACTCTGGCAATTAAATCATCGGACTCATTATTGTAAGATGCACCCACGCGGGCCACGTGGTTCCATGGCACGCGCATTAGTTACAATGTTGAACCTACCCAGCGTCAAGGACTTTTGAGGCTTTTTCAATTAGGGAGCATGCTCCCGATGAGTCTCCAGTGTCCATCGATCGATGTGTCGCATAACGACAGGCATCTCGCGTTGATATCGGCTTTATCCTGCTCTATAATGGCCTGAGGATATGGGCATCCGTCACTGGTGCCCTCGGGCCGGCACTAGTATACTTCACTCCTGACGAAGGCAACTACCGATGTCGTGACGGCTGGCGTAAGGCGCATCAAGCGAGTAATGGCCCGGGTGACCTGGGCACCCTCGTGCCCCGGCGTCCGGTCGTGAAAGATAAGAGCCTTTGCACTAATTTTGTAACGGAGAGTGCGGAATCCAGGTCCACATCCAAACTATGGGGCAGTGTGTTATGTTCATTATGGGTTACTGTTTGTGCCAGCCCATCCTATCAGAATGATGACCATACTGTGGACCTAAAGGGAGCGTTCGACTTCGGGTAACGCCGACCAGAAAGTA,1102,50.82,Arabidopsis thaliana
SEQ_794208,TAGACCAGGGTCAAGCAAACCTTCGCTTGCACAACGCCCATATGTTAAAAATTTCGTCTTAGGTCGGGGAAGTAACTTGCGGGGGACCTATTGTACTATGCTTTGAACTATTGTCAGACTCTGCCACCACAGCTGTAAACGAACCGGCTGATGACGTGAGGCCTGCTATTTATACTTCTGCCGATGTGGTAGCCCAAACGTCAATGGGCTAGTGATGTTGTCCATACTACTGCGTACAGTTTATCCTCAGCTCTGCAAGGCGATCCGAGGCGCATACTCCTCCTGTTTACTGTTCTGGCGGTTATCTGGCACATCTGATTTCATGATGAGTCGACGTGATTGCTATCAATGGGTTTACATTCACGTACGCAACGAAGTCCGGGTGTAGTACGCTCAGAGCTCGAAGCGCCTGTCCGATGTTGAGCCTACTAAGAGGTTGTCATAAGTTGCCACAGACAGAACTGTGCCATCCAGAAGCGAATACCACCAAATTCTGGCTAAACACGAGCCTCGGCGTGCCCCCGGATTTTGCCACGTACATGGCATAACCGTCTTGCGCAAAAAGTGCACACCCTTGTATCTATCGGGTTTTGTGAACATGAATTCGGACTAAATTCCACTTCTCGAAATGGGAGGAAAATGCACATGAGTGCGGAACACACCTTGTTGATTGATA,676,48.52,Mus musculus
SEQ_829704,GTATAACACATCGGGTATATGGTAAGCATCCTCCACTTGATAATCCAAGGATCACCCATTAGTCTTCGTTTGCTGCCGGTATGTGCTAGCTCCAAGCGGCAAGTCATCAGCAGCAACTTGGTTTGAATATATCATCCTGAAATAACTCAGATCGCGCTCTTGGTTGAAGAGGCCTTCGTGTCTTCCAACGTCTAACCTAGCGGGTTCCTGATGGAGTGGACGAGCTTTCTGGTGGAGGGATCTTTTTTTCAGCTTGAGGATACAAGTGGCCTCAGCAATGCGAGCATGTACGTACATACCATGAGTCCCTTGAGCGTGAGTACGTTAGTTCATTAGCCAGACCATGAAACGGGTCGTGTTTCTGTGCCGGCGTGATCGTTACATGAACTGGACCGTCCCTGATGAGGGAACTTATCTCCCTTATATGAAGTTATGTGGCGCGGAGGGATCTTCTTTTCTATCCGGGTCACCTCTGCGCCAGTTCCAGCTTCCATTATCGACTATTATCCATACTGGTCGAATGTGCATCTCCCGCTTTCAAATGGTATTGGGTTTCAGGTCCCCTTCACATGCGCGAACGTGATATGCTGGACAATGTATGAAGTCTAATCGCGGCAGTGGGAAGGGAAAGGGCTTAGTTATTATCGGGAAATTGCGTGTACTATTGTGGGCCAATTAACCTATGTCAGCACTGGACTTTCTTGCTGCGGTCCTGCGGTGGCACGTCTGAAACATAGTTGACTACGCAATCGAGGTGGGCATTTGTAACACCTGAGATAAAGCTTAATCGATATTGAAGATATAAAGTAATTGATCTAAAACTTGATGCGTACCGAATAGCATTCCTAAGGCATTAATTATAGCCACCTAGAAACTCCGAATTCTTTCTACATTTTCGGAATTAGACCCACCGAGCGAGCGTAGGTGTGAGCAGATCTTCAGGAGGGGCTAGCAGTCAAGCTTAGTCTAAGACTCCCCATTCTGGCTCGATAAGTAATAGTTCATACCATTGAAATACGACCGTTGTGCAATTGTTGCATATAAACTCTCACCCGCGACTCACCGTACCCGTCAGATATTCACGGTTGTGTCCAACTCCACTGGCACGTTTCTGCGTCATTTTCTGTACTGGCAAGAGTATATCCTCAAACCGAGAGATTCAACATTCCGTATCATCGGATATCTATAGCTAGCGAGCATATGCAACGGGTTACTTAGGCGAATTGTGTCTATCGTTCTAACGCGTGGCTATCGGCTGCAGCCTATACAAGAGCGGTGTCCTACGGCCAGTTATAAGCAACCGAATCCTGCCATCCAGCATTTCCAGAAGGGTTGGCTTGTCTTCAGACCACTTCTTCCTCTGCCAATTTGTGCGTGTAAGCCACCATCCGGTATGAGGCATGTCCGTGGTTGACACGGTGAACCCAAGGTACAGCGATGGGCCCAGTCAGTCCGCGCCCTTGTAATACACGTCAAACAGAACGCTGTGTCGATTGATATATGTTATACGTAAGGCAGTCCAAGCGTTTACCGCTAAAGGTCCAGGCTTGGCTTCTCGAAAGCTTTAGAGATCCCGGGAAGTTCTGTCAGAGCAGTAGGAAATGGCTAGGATGTCTGTCTCGTCTTATGGCTGCAATCCTAGTCGCGGAGAAAACCCGGCGCGTAAGTTCTTAGTCTCAGAGTCATTTCGACTATCACCTGTGGACCCTGTGCGCTGAGTCGTGTGACGGCCCTGATAATAAGAGTGAATCTTGGCTGAGTGGTACGCTGCCCGGATAGAGTGGTCTGTGGAGTAAAGACGCACGTCACAAGACACTTGTAACGGGGGAGCCCGCAGGTACGTCTGATTAGAAAAATAAACCGGTCGCCCCTCATAGGGACGTAATGTTTTGGTAAGAGTGAGTAACCGAACATATTGTGGATAGCAGCCTCTACTAGCACGTTGTGCCACCTAAAGACCCCAACAACGTTGCAGT,1976,48.28,Saccharomyces cerevisiae
SEQ_202576,TGTGGCGGCCACCCTTTGAACCGGCCTGTAGTACTACACAGCGCCATATAACACTACAAGGTGTCCACCATATACGAGCGAGTCTCTTAGGCTCTCCCATGTGGTAAATGGCGATACCCCCAAGGCAGCGATGTAGATCGTGCATAGGATGGGGTATGACCCCACCTGAACCCTTACGCCAGCAGGACAGACTAAAGATGTGGGTGGCCACCGCCCTCGGACTTGTTGGACAGAAAGACATCGTTTTGTGCATTGTGAACGTAGCTCAAGGAAGCGCGAATCATTCCTATACGCCTCACCTTGACTGTTTACGTGGCACCTTATATTCTCGGCCACCCAGGTTCTGGGCGACACGACGTTCCACTCGGTTTTAGGGGCAGAGGCTGTATCGACGCGGTTCAGGAGCGTCAATACATAGTGTGGAAGTAGGTACCGACAGTTTGACTAGTAATTCGTGGCGGGGCTGCAGGTGGGAGATCGCTTAGGTCTGTTACAAAGCGCGCTAAAAACCGTACAAATCTTCGGAGTCCGCGACTTTTAGCTGAAGCATTTGCCGATGAAACGGTGTCAATCCGATAACAGAGTCTGTTGAATTAGTGTCTCCGTATCTACTCGTAATCCCCTGAATATTATACGTAGCGGGACAAGTCTTGTTATAAACGAACGTCGGGCTTAGTTTTCAGAACATGATGAGTAAGTGGGACTACAGAGCGTTCAGGCGTGGTGTGGGCTGTTAGGGTCGGTGGGCGTTGGCGTTTTTCATTCGAGGAAATTCAGTTAATCCCTTGCACAGGGTCGTCCGTCGGCAGCCCTCGAGCGAACCCTCCCCTGACCTGCAGATAGTTACTTGGACTAGCGTCTTTATCACCAAACCGACGGCGCATTAATTTCCTACGTCAGCGGGTGTTATGACTTGCGCACAGATTAACGGAGTTCAAAGCGTTAGGACTTTCGTTTCGCGACCAGCCGATAGTGCACATATGGTAGTGGATAGAAAAGTATTTAAAGGGATTTGGGGGAGGACCCAGCATGTGGAGATGGCCGCGTGCGGCACGCGGCGCGCGGGCTTTTGATAGCTAGATCCACCTGAGAGAGTTGATAAGCCGATAAACCGCCTTGGTTTAGTGTAGCCTAGAAGTTTTGATTCAAGGCTGACATACACTGCACGCCCTGATACCTCCTAGCTGATTTCACGCAGAGGGGATATTCAGGGCGGACGCACTAAACCACGCAGCCTCACCGCTGGAATAAAGTTGACGTAATATACTTCTCAGACACTCGGACATTAACCTCTGATGTATCCAATCCCCCAAACTGCGAAAAGAGGCTTTTGGTTCG,1338,51.05,Saccharomyces cerevisiae
SEQ_310118,TACGCGAAGCTAACACATTGACATTGACTGCAGGCCAAGCGGTTGGAATAGACATCGAATGACTGCTCCTAAACTTTATGCTTATTCCCTACATAGGCCTACAGCCTGTGTCAGTCCAGGGCTAGACTACGGACCCAAGGATAGTCCGGCTCAAACTACTCTTACACTGTGATGCCTCGCACTGGCGGATCGGTTTTAAATGCAGCCCGAACGATCGGTATGAGTGATTTAACAACGTCACCGCGGACACCGGGGAGCAGGTAGACAGGGCACCGTGGACTTGGCCCGGTACCTGGGACACGCGTCTCGGCATGAAGGTCGTAGAGCCAGATGCGAAATCGGACCACGACTTTAATTTAATGAGACTGAACAACTAACATTTACTCCTTAGGTGGCACTGTAGGTCTACTTCAAGAAACTGTTAAGCATATATGGCACAGTGTGTGAGTGAGGTTTCCCCCTTGTTCTGCGCAAGGCATCTTCGACTGATCCAAATCCCCATCCGCGTCTTAAGCGGAGCTAGTTAGCCCCTTACTACAGTTGTTGCCTACGAGGTCTCTGATATCGTTTAAAAATGTCGATATCGTGTGAAAAGGCTAGTGTTAACTGGCTCGTGTCGATTACCAGTTAATACTTACGTCGACCCCCTGACCCCTCGGCTAATCAAAGATATGCGGGAGCGAATTATGTCTATTTATTCGAGGAGATTCAGTCAGACGTGAACCCACGTGCTGTTGAGTCACAAACGGGTGATATTATGCCTTGGTAGGCATTCTACACCAGTAACACATACAATAGGCA,801,48.69,Escherichia coli
SEQ_829454,CACGCCTGTAATGCTTATGTCACCCGGGCGTCCATGACACCGAGCTCTAGCGCGATTCGCTCGAGTCCTTAGCTCTCCTTATTCAAAGATCACTTACGGGTCAGTGAATTGTTGGAGGAAGTGATGATGGTGGGCTTGGTGTCCTATTTCCTGAGCTTATCGGATCCGCCCCATCTGGCCTCTCCAATGCCCCCCCATCGGGCACATTTTCCGGCAACTTTAGCGTATCGCTAATGGCGCAAGCAGATTATAGCCATTACAAGTGTGTATGTGACGGCTTGTGAGTCGTTTCATTTTCAGAGGGGCGGGAAGAACCTTTCCCTGTGCTAGACGAGTCCGCGGCCTGCGTACGCGGCGTGAGTTTTAAATTGATTAACCGACGGTTTTTCTTATTAACAGTCAGACATAACGTTGCCATCGCGGTGTATGCACGTAACGAGGACGCGTGCCGTTTTTCACATACTATGTGGGTCCTACATCTGCCGCTACTGTAATAGATCAAAGTAGCTGCAACCTGTCTGGCGTCTACTGACTGTTCGTAACTCAACCAGGGTACCTCGGTAAACAAATTCCACGAAGAGCTGCAGCCAAGTATGATACACTCTGCTAGCGTAACTAATCTATCTGATGTTTTTGCCTAAGACTGACTCACAACTAATGCCGCGACTGCGGCACCACAGTGGAAGGGTTTCGGGCCGCGCTTCCTTCTCCCGTCGACCATCACTTATTTTTAAAAACTGCTGGGGACATTGCGGAGAAGAAGGGTATACACGGAGTGGAACCGCGGCATCAGCGTTTGGAATAGTCAATATGATACCGTCAGGTGCCATGCTAGCTACCCACATGTCGACTGGGATTACA,861,50.41,Escherichia coli
SEQ_887097,ATCCACTCAAGCAGCCTTTCGTGCAGAGCTACGCACCTGCGGCCTCGTTAACTATAGTGAACAGTAAATGACTGCACAACCTTCTCTTCGTCTCCTTGTGTCGCTTTGAAATAGTATCCTAGTAGGTGGTTTAAAGTTCCGCTTAGGTTGCTGGAGTCTGACCTCCACAATATCAAACTATGAGGCTCAAATTTCCATAGATTTTGTGAAGGGCGCCACAAACTGTAGTGCGTATGCAAATCCGGACACCGTATCGTGGTGTTTATGGCTGCTGGTAATTAATAATTCCCTCCGTAGTTGTGAAGCTCCGTGTCGGGACTGGCATTTACTTGTTTGGTTGACGGTCCTGGAGACAGGGGGTACTAAATTATTACGCGTGTGCAGTTTCAACTGAGTCAATACTCTGTGCACACGTAAGTAGAAAGATATATCCAAGACCGGATTTTTTAAGTAACGTATCTTTGCGCAGGAAGGTCGCACGACGTCGTCCCTTGAAGGATCACGCCATTAGGGGCAGCCGGCTTTACTACTTTCTCAGGGGTTGAATACAGTTTTCACGTTAAAATGTGAAACAACACCAGATCCGAGGAAGTGCATGACATGCTAAACGACCCGAACCGGTTGGTGCCGGGATAAAAAACCGAGAATCGGAGAGATCTGCCCGTCAAAGTGCGCGTATGGAGGTCATCGATACCGATACTGACGGATGTGCTAGCAAGCTAATATTATCTAAAGAACACACCGCCTTGCAATCTACAAAAGACGTCCCACTCTATCCCCCCTCTTCCGCGACGAGACTAGTCGTACACCTGTTGTAACAGTGCCCACCACTAGAATGTCATCTCCAGGACCCTCGGCACAAAATAATCGCTACGTGATCCCGTCCAGAATCGGAGCAAACTCACTTTACGCGGCGTAATCTGCCACCAGTTATATGTCTTTGACCAATATACCAGAAACCGAGTAATGGAGTGACGCTCTATCGCTATCCGAGTGTCGCAGTACAGGTAATTATTCGCACTCGAACGGTGGCGTAAAGGTGTCAACGTTCGGTCTATCCCAGTCTCTCGTATCGCGTTGTATCTCGCGGACTCTGGGGATCCCAGATTCGCTGTCCTCACAGCGTTGCCAACGCTCGCAGTCTGAAGTTAATAAACTTAACTGCTCAGCAATACCACGGGGCCTCCGGAATCAATTTCGCGTATCTTCTATCTGATTGCGTTTCTACTCTCTGATCCTTAGATTAGCCCTATCAAGGCACGTGTAGTCAGACACGTGTCATATACGCCTGAAACTATAAATGCATTTGCGCATTCGCTAGGCATTTATCGCTCGTTGTGTCAGTAGCTTCACTCCCATTGCGACGCGCTGTGATGCCCAGGTCTTTCTTTCAATTGGGACCAGGGGAAGAAGATGTCCCCGTCATTGATATTCTTGCAACTTGCGACGTTATAGCAATTAC,1462,47.88,Caenorhabditis elegans
SEQ_769002,TGGTTCACGCGTATCAGAACGACGCGATAGTCGCCGGGGCGCTTGGGCAGGGTGGTACACATTGTAAAACAGGGTCTACAATACTGGACATGAGGCTGGACGTTTCGTCCTCAGGGGATCGGGCAACACTACGTACGTCACGCCCTTACACAGTTCATCTAATACGAGGTTCCGCCTGCCTTTCTACCAATCTTCTCACGTATTTAGTGGCACGCGCAGCGGACAGCCCGCGAGCCATCGTTGCGTTGCACTCTCCCTTTCACCGGGCTACTAATAACCTGGTTTGTCGAAGAGAAGACCCGGCGAGGAGTGTACGCCTATTCATATGAGCACCTCTAATAACTCAAACAGGACATAGAACTATGCAGACACTCTTATCGTCTTCCTGAAGTTGTAGCGAGAATTCCTCACCTGACTAAGACAAGACGCCCATAACGCGATCAGTCTTAGGCCAGTTCAGATTGCGTCTCCTACGCGGCGTTATCTGGGCCAATTGGGCGAAGGGCCATGAAATAGTGGATAATACAAATGTCAATCTATGATGGGAAACGGGTGCGGTGATCCGAGCCTTATTCTGTGGATATCGACGACGGGTGCAGTACTAGGCAACCTGGCCACTACGTGGACAGCGGATTTGTAGACTTGCCTGCAAACTTAATGGTCCCAGCCCCGATATGCCCCCTATCCAAAAGCTAAAAGACGTGGATGTATTTTTGAGCTAATC,724,51.1,Homo sapiens
SEQ_176659,ATCGGTTGGTTTAGGGCACGATTCTATATCTTACCGGTGCTTACTGCGCTATCGCTCACGACCATCAACCGTGAGTTATCGAGAGTAGTCTCACTGTGTTTGAGAGTTGAGATTTGCGATCTGACTGCCGGTGGTCCCTCTTGCTTCAAGTACAACATCGACATGTGGACGGTCATGTGTAAATCGGAGGAATGCGTTTCAGGACAGTATACGGCGTAGTTCATCGGAAAGTACCGTGGAATCGGCCACTCCCCACTATCAAGGGGTCGCGACTGTATCCAATAAAAGCCAGTCGCCCGCGGGTGATTTATAGCCGACCAGCGTCATTGGTCGCCCCGACTGGCAACTAAGTCTATTCTCACTCGTTACGCTCCCTGGTGGGACATGTTTACGCCCAGGCCTGGCTCTTCCAAACAACCGCCAGTTATGTTCGGACTATCCGGGCAGTACGATCGTCATATAGGTGTTGGGACCCCCTGCCCTGTCCGCAACGCCACGTCACCCAAGCGCTGATCTCCGTGCTGTCGACCTTGAGCGAGGACTTTGTCCAGAAAGCTACATAGTGA,566,53.18,Saccharomyces cerevisiae
SEQ_949129,CGGATGATACAGGATAATAATAGCGAAGCGGGTACATGAACTAGGGAGTCGCGAGCTTTTCATACTCGGGGTAGCGTCCGCTGGTATTCCTGTACGTTAGAACCTAGTAGCTTAAGCACGGGGATATCAGATTGCCCCGAGCAACGAGGTTAAGGAATTGGCTACTGTTGTTTATCCCCGGCCTATGCTGCCTATACTCGCGTTAATCGCTCGGCCCTTACCGACAAATTAGTAGTTGTCCTTACCAAGTCGTTTAAACTGACCCGGGTTATCAGTCCTCTAAGAGATAACGGGTCTGATCTTTCACCAGCAACACGCACCAGTAATGTCCGGAGAGCGCACGCAAGCCTTATACATCTCATATGCATGCTACATGCTTATCGTGACCGATCAGCGAGAACGGCACGACCTCTTTCCGCCGATACAGACGTACGTTTAGGGGTAGACTAAAAGGAGAGACTTCCAAAGAATTATCAAAACGATTGTTGTGAAGTTCGCCCTCTTCTATCCCAATCTTCTTTCCCAGAGTATGATAGTCTAGCCTGTGATGCAAATCAACAATGCGTGGGCTGTGCTTTGGTCCGTAGTTCTTCGGTTAATGCTTGAGGATAGTAATGTTATCTGGTTTTCATCTGATACACGGAACGTAGATTGAAGGTCCCTCATTGAGATCTCGACTATCCGGATCCAAAGCATAAAGCTATGCTATTCCTGGGCATTGTTGGTCCGTGAGGTTGCCGTGATTTCCTTCAAGCTGAGATCAGCCGAGTCTCATAGCTAACTGGGAGAGATAGCAACTCGCATAGGATGTCTAGTAGAAGGATATCGGAAGCTGAAGCATGTCACATAACACCAGTACAAAGCCGGCGTCGACCCAAACTCACACTAGGGCGCAAAGACGAACAGCTCTGCTAACATCCGCTAGAGGGCAAATCAGGAATATGCCAACGGGTTGGGACTCGCAAAGGGGAAAGCTACCGCAAAACCTCACGACGGATTGGCCTTATATTGCTCAACAGGTCTATGTTAAGCACCGACATTGTCGAAGCGTACCATTACTGTGGGACGGCCCAAGCTAGTCAACGCCCCGCTCTCTGCATTTCGGGAGCAATGCCTATTGGGACCCCAATGATCAGGACTAACAACTGGTTTGAGGAATATAGAGTCGGCAGGTATGAGTGTAACTCGGAAATCCTCGTGACATAACAACCTAGGATTGAGGTTAGCTCGTAGGGCTTATACGATTTGAGCGCTCTTATGTCGCACAGGAATTCGGTCTATTGCGCGCTCCGTGTGTTTGATCAGTCTACGTAAAGGTAACGTGAATACAGAAAGTTACGGGCA,1344,48.21,Arabidopsis thaliana
SEQ_687924,CCACCGGCACAGATCTCCAGAAGCGATCGTCATAACCGCGGGATAGATACGCACCCTCGACGATCCTAGACTCAACTAGGGCACTCAGTGCTCGGAGATCCTGTGCTAGTACCAATGATTCCTATGAATAAAACGTGGTATTGTTGTTAAAGTGTGAGGGTTTGTTTGGGTGCTCAATCTATAGTAACCCCGTGCTCGTACCGACTAACTGTCTGGGTAGGAGGATGGTCAGCGCAGGCACCGTCGCTGTTCGAGTTGTATCAAGAGTAGAGTGGACTAATTCTCACCATTGGAGGGGTACTGATCGCATTAACAGGCTCCGAAACAGGTCTTCGTTCTGCACGTCTGGTCCCGATGTCACTCATTTGCCTATTATAGCCACTTTTGACGGGTCCCGACGACTTCACGATTGTCGATAGAACCGGATGCGTGAAGCTAATTGTGATGCGCAGATACATTAATCAGCGGCCGCGGCTTGTTCCGACTTTATAGAATCCGACATCGTTCTTTGAATGTGTAACATGAACTCTCGATAGTACCCCTGCCGGAAAATTGATGTGGACAAGGGAAACGATTCATTGGTATCTGATATACTATCGGGACTCAGATAATGTCATCCCAATATCTCAAAGAGTTCTTCGAACATAGGCGTATGATCACTAGAGCAGCTGCTACTCGACCGACCGGAGATCGCCACGAACCCGGCGCTTCCTGCACGGTGGCCTCTGCCGGACGGCCTACTAAACGTCGCATACCACACAGGCCTCAACGACAACCCGCCATTTATACAGGATTTACGCGTACATTTCAAATGGCTGTCAACCCTTCCCCATCTCACTCGGACTATCTTACATATGTCCGGTAGCACGATGCGCTACCAGCGGTGCTGTCGGTGCGCGTCAACGGGCTTCCAGGGACTCAGGCATCAGTCATTCCAGAAATTGGGCATCTTGGCAGCCGTGGCCCGTGTCCCGCGAACTACATAAACTGAGTTCTGCTAAAAGTAAGCGAGCGCTCAACCCCCATAGACGGGTCCTAATCAACAAGGACCGCTCGACATTAGCACGGTTACACGTTGCAATTGTTTCGCCATTAAGCTAGCAGTGAAGCTGGGCGCGTTTGGGCATAGATGTGGCGAACAGATTATAGCTAAGGCACGCGAGATAGGTACAGGAGTCAGTAGCGTATGGGGCGTAAAGATGTCACGGTGCTTCACTTTGATCACCCGTGCCTCCCGGAGACAGTGTATCTGAGTCCTCCCGTAGCGAGCTCTATCAGGAGTCAAAAATCTGATGACTTGTACATTGTTTTCCGTAAATCAATCCTGTTACTTATGTGTATTGAGGGCTATGATAGTTAGATTGGGTAGCAACCCTACGGATTGGACCGTGTGGTAACCTTGCAGAAGTCATATTGACGGGGCAGACTAAACGTTTGTTAGGCACCTCTTAAGGTCGGTATAGGACAGGAGATGAGTTAGTCTCGGGATTAGACTACTCTACGGATCATTGGGGTTTCTTTTTACGTGGCCCGGTAGTAAAAAACCTCACAGTCAACTAACATGTTTTATATTGACTCCGTCGATTATGTGCTTTGGTGGGTTACGTTGTGGTGTCAGTGTGGCACTGTTCTTGGGTTGCCTTGCTCGTTCGCCAACGGACCCGCACAATCGTTTCCTCCTGCATCCCGCCAAAATTTGCGCTTGTTTTAAAAACA,1716,49.59,Caenorhabditis elegans
SEQ_135891,CGTTAATTCGTGGAAAGAGACTCACACAGCTACCTCTCCAGCATGGCCTACCTACCTAGGCACTACGGCAAACTAAAGTGGCAAGGCCCAAGTGAATAGTCGGTGGTACAGCCAGGCCCACGCGGTTGACCCTGGTTCTTCTGGAACCGGAGACGAATCATATCCCACTTGGATCATTTATCGGCATGCTCCCTATATTACCTCGTATTGAGGAGGCCCGCCATAGCGTCCCCTAAAAGTATCCACCTGTGTAGGTCGTTAGAGATATGCGTGTGCGCTGCGAGATATGTTTGAAGTATTGTAGCGAAAAAATGGGCACGGAGCGTGCTATCAGCTTAGGAGAAGCTATTCTTATGGACAGGCGCCGCGACGACACTTGCGATTTTCAGTCGCGGATGACCAGTCAACAACCTCCGGAACCGTGGTCATAGAAGAGTGGATTGGTAAGAGTATTCAAGAAGGTCCGGACGTTGGGTCGCATAAAGATGACTGCTTATTGAACAAAACCCCGCCCTGGGGGTATGCCCACTGGTTTCTACTCTTTCCTGCGCGAACTCGAAAATCGTCCCGACCGCAGTACCTCCCTCAACATAAACTCACACGTAAGCGATCTTCACATTTAGTCGCCTCTACGGTTTGTAGTCGCCCTATACCGCGTTTGCGCAATACCTGATTATCGCGCCATAAAGAAGGATCAGGGAACTCCAAAACGGTCACCCTTACGCAACCTTTCTATTTGGTGGCATTTTGTCCGGGAGAAGACACAGAGATAAAGCATGAGAATGTGAGAACGAACTTGCCTGGCGCTCGAGAGGCGTTTTGGGAATGATCAGTCTAGTGTTTACATTTAAGATCGCATTAGTTGCGTTCCAGTCTGATGCCGCCAGCATTTATCCATATCTGTCGCCCAGCTGGCTCATATACGAATAACAGTGTACGTATTTTTGTAGCTCTAACATCTTCTTGGCTGGTGCACGACGACTTTGACTCTTTGACGCTGAGCCGAGGCGTCCTCGGTTGTGGTCCTCCGCGTAGGTCCAGTCCACAGTTTAGCGTAGATAACAGGATGCAGTAATGGGAAGTAGCAAAACATTCACTATTTGAATAAAGTCGAGGGCGTGTTCACCTCTGGGGTTATTGCTGGCATAACGAAAACTACGGAATGGATCCAAGAACTTCGGCAGTCGAAGATGAAGTGATAGATGTTGTTGTTGATCTAGCTGCGGAGTTAAATGTCTATCCGCCTGCATAAGACGTTCCCAGGAATACATGGTCGCAGACTGCCGTCAGCTGAGTTTTAGTTAGATTTAGGAAGGGGTCATACGGACGCATTATAGTACTCTTCGACACGCTATGCGGCATTTATGTGTGTCGATATCAAGACAATGCTCCCAGAGATCACCCTCATTTGCGCCAATTCATAACAAAATCAAGCCGGTGCGTAGCCCCCTCCAAAAATAAACTCAGTCAGTTCAGCCAGGCTTCTCAAAGGCCCGGGGCTTCACGGTTGACAAACACCTGCACGTTTGGCATCACTGATTTGTTCGAGAACGACCCACACTTCTATCGTTGAATTCAGTCTCCAATCTAACTGTGCCGCTCCGATGTGAGCATCAACGAAGGAAGAATTAGGGAGAAACCTCCAACAGTATACAGACCGATTATTCCATCCAGACATGTCACGTTTTTTGGTCGAGGCCGTGATGCTCGCGCCGCTTCACAGGTAGGTGATACGAGTGGGTCACAAACACCCCTCGAAGCCAATCAGTGTGTAGCACGGCGCGGGAAATAATGTTGGTTGCCTCATCCATCAGCGCAAACTGCAACGTGTACTGTCGACGACCAGATTCGCTTTCCCA,1859,49.27,Drosophila melanogaster
SEQ_861586,CTCGTATATACGGCCAGCTGCGAGCCCGGTTGACAAGGATCCGTACGCTATGCCCTAAACTTCTAGGTATAAGACCTCCTTATGTTGTTAGTGTTCTCCACCCCCATCCCGCACTGGAGTTTGCATGCCGAATAATCGCATCGCATTTAGTACGGCTTAGAAGTACGGGCGATAAGCTCAGATGATGTGGCATAGACAGGCCTCTATCCTTGAATCAGTGATGGGGTTTCTCTTCCGGGAGTTATCAGGGTAGCTCCTACCAGAACACCTTAGTTTCTTGCCCAGCGTTTACAAAAGAGTTGCTTCCTTCAACCGAGCCATACGTTGGTGGGCAATGATCTATCTTGAAGACAGCATACTATGAGTGGTAAGCAGAATTATTGCAGCAGGCCCTCCGCATTCGATCTGCACACGGGACGAGAGTTCTATAGTCTTTATCACTACGGTTATTGGAGCCCTGGCCACGTTATTCGTTACCAATGGAGAGGATAGGACCGATATTAATTACATTATCTTCCGGTCTAATTCGATCCGCTCGTCTTCTTGGGCGGAGCGATATTTCCCGCTCGCGTCACTTGGGCCCCAGACCTCTCCATACCATAGGAAGCCTTACTGGGAGAGAACTCATGTAACGGTAGGCACTAGGACTATAAGACAACTTTGCCCTGCAATCGCTAAAAGGGTAAATCAAGCGACTTGCCCAGAGCACCAGGTCATTCCGGGAAGAAAAGATCGAGTCCGCTAGAGATGTCCGCGGCTGTGATGATTGCGGCTAATCCAATTATGGTACTAAGGGGCTGAGTA,804,49.25,Saccharomyces cerevisiae
SEQ_803162,TCACCTGGTAATATGGACACTACAGAATTCAGACCCCCATGGCCAACTAAGAACGTTGCACCACGATCCGTAAACTCACGGGAGTGACGAAAACTTGTCTGGCTAGTGGTTTATAATGGCGTGGATGGGTTTTTTACGGAGTCTCACATAACATGAGTCCCTTTCTTCCGGCACGGCGACACAGGACCGAAAAAAACCTCGGTTTTCCTCTCTGAGACTACCCGACAGTTAGAAGGGAGACGTTCTATGTGCAAGCTATGAGATACGCATACAATATCTGGAGGCACTGATAGACTTATACGTCTAGGTTTAATCAAAGGCATTATGTCATGACTCTTCTCAGTGCTGGCACAGTTACGCGCTTAAATTACTTTATACAAAATACGACAGTTAGACGGGGTCGAATTGTTGATCGATTGGCTACAAAACCACCCCTTACCATAAAACAATGGAGCAATGACGGAAACCGTTAGCTCTAGTGGAAATGCTTACTGTGTTCTGGGGTGGATGACTGCGCTGCCCTCGACAACGCCGAGTATATTGGTCTGCTTCTGAAATTGAGAGATGTTTTTCTAATTGTTATCTTTCATTTCTCAGGCTTCGAGCTCCCATACCGTCGTCAGGAATGCAAGCCATAGCTACCACCGGGCCGTAAGAGCAAAGGGCCAAATTCAACGTTAATATGCAGAACAGACCGCGGACTATCCGACGCGGAGGTGGAAGGCAGTGACTCGTCCCTTGAGTACCCTGACAAAACCTAGTATGCCTATCCAACAGCGCCATATACCTCATCATATTGAGTATGGCAACTGTATCATGCTATCTTGTCGCAAGACTACCTTAAGGCAAGCCCATATGCACCAGTTGTAAATTGTCAAGACGAGAGACGACGTTCTCCTTAGGGAGACTACCTGCCAAACTTGTCTTAAAGATTCCCACAGAGGTGGAATGACCATGTATTCGCTGAGAAACTTACAGATGTACGATAGCGTAACTGCTGGGATTCTTATGGGAACTTACCCGAGCCTCCTCGACTATTCCGTTGTTAAGAGCCTTCAATCCGTGGAGGCCATACCGTGAATTGAATTTGTGTGGATGGACAGTGCATGCGGCAACGGTAGTGTCGTTTAGAGTGTGATACGCCCAGGGCCTTTTGGCCGCTAGTTTGTTCTCCCGGTCGCGCGACTTACAACGGCATGACCTATTAACTCGGTGGGGAGCCGGCTCTCCCGTAAATCCTGTCAGTGCCAGATCGAGATACAGAAGCTTGCGATCCGAGGATTGTATTCCAAAAGTGATTTTTCAGCGTGAGTCAAAATGGTGGGTCTGTCGTCTGAACTCTCTAAGTTCCCCAATGTTCGCACATCGAGATCGTGGATTTAACTCCCCAGGTACTCGCGTTTTTTTAGAATTTTAACTGCCACACAACACACCATACTGCGAGTCACATGACAAGTGGGCACCAGGATTACATAACCTATCTCCGCGAGGACCGTGGCTGGGACGGACCATTCTGAAGAGTGGTTGACGTCAAATAGGTTCCCTCAGACAAGCTCACGTCTTTCCTGCGTAGTAGACATCTTGTAAAAGGACCAATGGCTAATTATG,1608,47.51,Caenorhabditis elegans
SEQ_301491,TGGGTTAATTATCTTCCTGAAATATCACCCGTATCTAAAACCCAGCAAAGTAGCTCGGTGAAGACACTGCCAGTTACCGGAGACGTAGATGGCTGCCAGATATCCGCGTGACATCGCAATGTAACTTATTACTCTTTGGCCCAGCAAGGTCAAGGGTATAAGACCAGCGGAGCCAATATAGCAGTGGTCATATAGAAGATAGTCGGCCGCGTTTTTATGCGACTGCTTTCCCTCGCTTTAGTTAGATGGAATCTAACGTTCTAGGGAAGTTATCCGACACCGCTCCTCTAGATGGAATACCGCGCATCTTTCGCCGATCTAAGAATAAGACAATTGGAGAGATAGACCGCTTGGGTCTATGGCGGTCACCAGCCGTGTTCTACTCGTATGAGTTATCGTGACCCGTTGCGAAGCATGGGTTGGGTAAGATGGACCGCCTATAGGACTAGTAAAGATCTAAAGCATCCATATCACTAGCGTATTACCAATCAGGTGTTTCTAGGACACGGGTCAATATACGTATCGTTTAGGTGTGACGCGGAAGATACGTTGGGGGTGGGGTTAGCCGGACTGCATCGAATCTGTCGGAAGAAAAGTTGTCACTACGTCACACGCGGGCCGATATTGTGACAGGGATCTACAATGGAAATGAAGTTGCCGTTCCTAAAACCTATTGAGTCTACGTGCGTCCACGTCCCTAGGGGGAGGTGTGCTTTTACTATTAGTTCGCGCTTAATTAAAGTTCACGGGGTCCTCGTAGCTGCAGGGGTCGTGTTTATGTCGGCGGAAAAAGATGGGGTTTGCTCGGTTCGTTCAAATCATATGTGTGCGTAAACGAGTAACTCAATTCACCCGCTTGGGCTCTTTATACTCCTCACTAAGCACCCGACTCTCGATCTATTCCGGCATTCATACTGACGCTCAACGTGTTTTGATGGGGGGGCGCTCCTCTAAGTGTAAAGTTCTTTGGTAATCCCCCTAGGGTGCTTGCCCAGAAGAGAACGATCTCATCTAATACAGGTCGAAGTGAAATCCTGCTACTATACTATTTGGATGCTCTTTTTACTAATGTAAAGAATACTTCTACTTTGTTCAAGTATGTCGCTGTCTAGGCAAGTAAATCCAATAAGGCTCGGAGCGGAGCAACGAGTTAGCGGTGGGCATCGTAAAGTTCCAACTCTCAGTCACGCTAGTCCTCTCGAGAAGTAGCTTGGCCCAGCGAGCCCCTCGCCCAGGCTACGGACCTAACTGTAAGTTGTGATATACGTAGGATTGTCGTCGTCGTGTAGAATGGATACTTCTAGTACTCCGTACTCAAAGTACCACGTCCACCTTTTGAGTTATGACTGGCGCATGGGTTACAAGACAAAAGCAAGTGGTTCAGAGGATTCCCTTTACGGCGCCTCTACC,1410,47.94,Caenorhabditis elegans
SEQ_117344,CACAGATAAACCATCACTGACGTCCCACAGACGCCCCTGAATACGCAACATAGGGTAGAGCGTTTTAAGGCGTAGGCCTGAAATGGTCTGATAGTGGACTCGCTTGTCGACGCCCTTGATATATTATGAATGAGGAAGTCGAGAGTAGCCTTGGTAAGTGTCATGAGGATTTGGACATCGTTAGCCGTTCAAACACGTTCATAGGTCAAAAGCGAACGGTTGCTGTATTTCGGCATACCCATCGCTACCACCGTAGGTTCTCCTCCAAGCCTACCCTGATTCCGTTGTTGGATACCACAACACTAGTTTGGGAAGCCACGATGGTCGGAAAAAGTCCAGCCACCGGGGCATTGCGTACACGTAGCTAGATTTCCTATACAAGCGTCCCGGACCCCACCCTAGCCCCTTGGAGATGTCAGGTGGGCGGGCAAATTGCCTACGCTACACACTCAGATAATAGTAAGACGTTCTTTCCTGCCAGGGTCCATTCCGCCACACGTTCTTAAAGTTACCGGTTCCATAACAGCTGTCGTCACCCAGGCTGATCCCATGTGATCCACGCAGACGGCCTCCGTACGCTACAGATAGCATCTCCCAGCCGTAAGCTTTACAATCGAGATTCCATTTTGTATCATGAACCCATTACCACGAATGAATGGCGGGGTGATGTTTGCCGCGAAAAAGCCGTAATGTGAGTGCGACTATCCTACATAGATAGGGGCGACCAAGGAGTCTCGATGTGATTTTGCGATTCGGGAAGCGATATCTTGGTTCCGACACTTCAAATGTTGAGACCCCTCACTTCGATACAGAATAATATTGCCGCGTTCATCCTGTGTTAAGGGGTTAATCTATGCGCACAGTAAGTTCTTGTTTGCGAATGGCCAAACCAAACGGGGTGGTGACCTGTACGGGCATGGAGATCACCTCCCAGTGTGACCCTCTAGGACTGTTCGTGGCCGCTCATGAAGTTTTTTTGGCGGATTTGAGCAAGATACCACACGTCGCTATGCGTGCTTTGATCGTACACGAAGCGCTTTATATGCTCATGACTATCGC,1059,50.05,Saccharomyces cerevisiae
SEQ_934373,CGCTGCTTTAGATAGGTAACATATATCTAGATCTATCATCGGGGTGGGCTTACCCCGGCCTAATCTGCGATCTCCCGCAGCCGGCGTGTTAGCGGGGTAAAGGCCTCCTAGCTGAGGGCAGCTTGCCCGGATGGCTCACGACATCACCAAGGATGATTTGTCAAGACGGTAACAATACGCGCGAGAGTGACTTAAGACGAGGAGTTTGGTTCGTGAGATTCCTACTCGAATTGGCGCATACACCGCATGGAGCCAGGTGATCCATGTTCTACTACGTATGGCCAAGGAAGGTGACCTGCGGCTGGCCTGACGGTAGGGACTCTGGCATCGTGTGGCAACTCTGTGCTCGACATCATCTTACGTGTCGGTACGCAAGTAATCGTGCCATGAGCCACATAGGGAGGCGTGTAGATTTGCAGGAACGTGACTCCTTAGTTGCATTGGTTCTATTTACATTGTGCCCATCCATGGGGTAGGACATATCCCGCTACACCTGGTGATCGGGGGAATTCCCCACTCGGGGTCACAGAGCATGAGAGATAAGAATTGCACGGGGTAATCGGAAGTTAGCGCATAGGCGGGTATTCAATTCGGTTATGTTTTCCGATTGACGGAGCTATATAAGTCTTTGGAGGGACCACTTGGCGCTTTATGGGCCAAGCTGGAACGAAACCCGACTACCTGCACTGCATGTACGGCCACTACGAGGGCCACATTGGAGCAATCCCTAAATATTAGAAGGCAGGCTAGTGAAGCATAGAGCACCGTAATTCGGTTGATAATGTAGCCTCCTCTGACGTGCTAGTAACGACCTTCTTTGGCCGGCGGTAGTGATACATTCGACTAAACCAGCTACATCGGAGGAACCCTCAGACGTAGAGTAAAATCTTTATACATTTGTGTGATCTCGGTCGTTCTTTGAGCTACTCCCGGGGCCGTTGATCTTCCCCAACCTTTGTGTAACTAGTGTGCCCTGGGTGAATTTAATAGCGTGGTCGTCTCTCCAGTTCAGTATTTGCGATGATGCACGCAATTACAGATAGTGAGACGACTTGCGGTAATGATTTTAATACGAGGTCTCTCCGTGTAATACCTGTAATAGTCTCACGTCATAGTTATGTAGCCGCAGTTAGATCCTGACGATTCCATGCTTGTGACTTACCCTTCCGGTGAAATTCTGCTCGTGTCAAAAGGGACACCTCTATGCATCTACGGGGCAGCCATCGCTAAGCTGCTGATAACAGAGGGGGGCTGCCACCTGTACGTCTTACGGTGTTGCCCCTATCGCCCCTGATGCCAGTAAACCTCTGTATATCAACCCGATGTTCGAGGGCGCGCGCACTCGCAGCCTTCTTTCCGACATAACCGCGTTTTCAACTATATCGGGGCGTGGATTTAGTCTTCGAAAACGATTTACCTCGAGCGCTTGCTGCTTTGTCGGTAAACGTTCACTCGAGATTATCTAAGTCGCCTGAATAGAGGATGTGATCTTCTGTGGTTGTAGACTGTAGCGCCATATGAGAAATAATGGCGTTGCTAGCCGGTTGTCAGTCGCGATGGACGCCTAGCACATGTACAATCTCCTGAAGCCTAGCGTGGAGGGTACCATTCGCGGCAGACAAATCAGGAGCGGTGAGAACAATCAGTCGGGAGCTGGCTCACGGCATACGGGTGACGCGTAGCCCTCAACAGTACGGTTTGAGGGGTCTCGCCCAGGTGTTGGAAAGCCACAGATGAATACAGGCCGAAGC,1751,51.28,Drosophila melanogaster
SEQ_982546,CGCCGTGCTCTTCGAGAGAATCCGATCGGGCGTGGTATCCCTCAACCTAACTCATACGAACAGCCTGGATGAGTAGCGTGCGGGCCACGATATTTATTTGAGCACACAACCGTGGCTCTGTATTGACACCCACCCGGGCTCAATAGGGTACTCACCCTATCGCGATTTATTCCGACTGGGTAGAAGCTATGTTTGCTTTAATTCAGACAACTGGGCGTATCGCAAGAGCGGTCAAGATACTACTGCAGCTAGGATCAGCT,260,51.54,Homo sapiens
SEQ_601829,ATAGGAATCAGCTGACGAGCATCGAAGTTAGAGGATCCACCTACCGGTGCAGCGGTATGAGCCAGCGTAGGGGACATCTTTAAGACGCATTTATCCGCCACTACCTTGTACACCATAACTCAGAGTTCCGGCGAGTCGGAGACTTTGCGCGCAACACGGCTACATGGGTGAGCGTGCGAGCGTGCCAACTGCGCTTACAATACCCTCTCCACTTCTGGCAGACCTGCACTAAACTATTACCAGACATTACTATACCTCCCTGTTGAACACCTAGCATTCCGCCCGAAAACGCCAAGCCCTACATTTTTTCAGTGGAACTCCTCTGCATAACTGTCGAGCTACGTAGTTGCCCAGCAAGTTGCTATCCCGTGATATCTATCCGAGAGCATTTCGCCTTTTTGCTGGGTGGCCATAACGAGATTAGCAACATACGTCTACTGTTCGTGAGCGATCCAATTGTGGCTAGGGAGCCCAGCACTGGGCAGTCCGTTGAGTGAGATCAGAGGTGGAGTCGTGTCAAGTTTATTACTAAACCATCTCTGCGGCGATAAGCGAAAAGCAGTCCAAGACGAACATTTTATCGCGGGCAGGCGACGGGCACATACGGATGTTATCGGCGGCAGCCCGAAAATGGGTATCTATAAGAATCGTGAATACGATGCAGGAGCTAGGAAACTATATAGACTCCCTTCTGTAAGAATCGCTCGCGTTCAGCGAGGAGTCCGTCGTACCTCATGGTTAACGAAATTAAGTAGTATCATAGGGCTTTGCACGTACGTCGAATCTGCCGTTTGGGACGGTATAAATCTGTGACCCCAACTTCGCTCGGTAGGCTGGAGGATTGAGCTTGCACTGACATCGATCACCTTAGCCACGAACTGGATACTAGCCCTAGAATCGTCCGAAATTCTGAAGTAAACAGATCCTTAATTCATGTAGGTGTGTCGCAATCGCAACGTGAGTTAGAGCTTGGTGGAGTTGTCCGACAGAGAAATAAATGTATGCAGTAATAGCATCCGTTATGGCTTGGTACTGAGACCAGCTGTCGATCAGATGCTTCGCATATAGGTCCCATCCGAGGTACCCGTCAAAGCAATCAATGCGGATCGACTTGTGCTAATACCCGCATGTAGTTGCATTGTGCGTGGAGACG,1153,49.7,Drosophila melanogaster
SEQ_537739,TAGTGCGCGTTTAGCCTGAGTCCCAGAGATTAGACCCTTATGATTCGTTCCTCGCTGGACCGTCGTTCGTCCCGACTCATGGATTTTCGATGGCAGTATAATATTACCTAGAAAGAGAAATTGTTTACTACCGCCGCCAGGTACCCTTAACATCACACTCGGAGCAGGCATTCACTTGCACGCAGGATGATGCTGCGTATGCTACTTGATTTATCACTTATCCAGAGACGGGACGTGGGCTATGGACGATAAACTGCTATTGTCGTTGTGTGGGACCGTGCTTCGCTCTTGACAAAACCAGTTGAAGTCAGTCGATCCTCTCTTACGGCTCAACAAGGCGTCATGCTACACTGTGGCGGCGTGTTGTCTTTCCCGACCGACCGTCCCTTTGTGGGCAGATAGCGGCCAGACCGCGTACTTGCATAAAAGGTATACTGCAGAGCTAGGGGCCTAGTGTGATGGTGGTCACGCTGCCAGTGCCGGGCCTTCAATCCGAAGTATGAGGTTGTGCTAGAAGTATGTGTGCTCAGTTTTGCACCCCTATCGATCTGACCCATAACCGGAAATCTAGACTTTGGTGCCCTACTCTACCCGCAGCCAGGTGACTTATTAACCGTGTGCCTGGAATACCATAGTGATTAAGGGGCGTTGTTGTTCCATTTTCTGGAACTGATCAATATATTAACGAATGATACACAGCGTGTACGGTTGTGCGTATTTGCAGCGGGTATAGGAACAACTTATTAATGCGGGCTTGTGGAGCATGCGACGAACCCTGGGCCTAAAGACGCGTGAGAGGCTGACCACAGGATATAGTCTGTCTGATCAGCACTGCGGAATGTAGTTTCGACCGTTTCCTGTTCTCTTGTTATACTTGGGTAAAGAGTAAGCTAGGGGCGTCCGGAGCGCGGGCGCGGAAATTTGGATAGTGTCAGTATGGTGGGAGAATCCTAGCTGCAACGGCGCTCTCCAGTTGATGCTTTGGATTAGCTTCTTTTGCTACCCGGTGCGTTGGTGGCAGAATCGAGAGGTCTAGTACTCGCTTTATCCCTATTGTACACGCATTCGTGACGGTCGAACTATGTTTGCAGTTGCAATGGTCGACCACGCGCTCGAAATAGTATACATTAGTTTCCCAAGTGAAATAGGTCTGCCTAAATCCCCCTCTATGAGACCGGACGAGCCAGCGCAAAATATCTTGTTCACAAAATCCGCAATCCCAAGAGACTACTAACGCACGGCGTCTCTTAGAGCAGATGCATACCACGGCAGGTGAATTAATCGCATGATTGTGAAGGCGCATACTGTTGACTGGCATATATTAAGACGTTCGCCAAATACGGGCTTGACTCAGAAGGTGAACAACTATTTACGCCGGTACGCCCATAGAGAGCGAGAGGGTCCGTTCCTCAGTAGGGACTCCACGCGATCGCTCGTAAACTCAGGTGTCGGTCTCGAG,1459,50.17,Saccharomyces cerevisiae
SEQ_220814,ATCTTGTGCCGTCGCGTGAGCTCAGCCGTAGGAGGTCGTAAGAGTGAGGTCAGTCACCGTAGGTCTAACATATATTGGGATATTCCTGACCCTGTAAAAGATTGCCAATCGTAGACGGATTAGTGCAGTGGGCTAGTCCACCACTTTCGTCACTCGCCTGTCTGACCAGCGTTCTTGAACGTGTTTAATTTGTCTGGGCAAAACAGGATCGCGCTGAGCGCTTGGCGTGCTGAACAGATAATGCAATACACTCACGATGTGGTAAGAGTACTAATGCGCTATAGGTACTCCAACATATGACAACGGTCCGGGTTTTACGTTGGCGGATACTACCGCAGACGGTTCCGTCCCTTTGGAAACCTCAGTTATCGAAACCTGAGCGAACAGTCAGTGTGGGGGTTCAACGCTGCACTAGCGGGCAAGCAGTTTTCCCCTGAGGGAGTTTGCTACCGCACCAATTGAAATGGAGACCAACCTGTATGACCCATCCGCATCGGTGTTGATGTGAAATATCGAACCCCTGAGGCTAGCGGGTTACCACTTATCCGTCTGTAACACTCGCCCCATGTCTCAGTAGGCAAACAGCCTCCGTCTTTAGGGTATCCTGCGCTATAGATCTACTAACCTCGGTCGTGGCCTCGAGATAACAAGATCGAGCTGTCGCTTATCGGAAAGAGACCGACATCATGGGTGATATGTGCCTGGACATCAATGGATTTGCGGATAACTGGCGCAAATGACTCATGAAGCGTATCCAGAGAACCGTCCTTTCATATAAGCCAGTTACTAAACCCATAATCCCTCTAATTTTGCTTTGCGGTCCGAACGGTATAGGTCGACAGCCCCAGATTACCAGACGCCCGTCAGCGACACATGTAGCAGATGAAAGAATCAGTGCTGGCAGACCAGAAGATGAACTCGATACTACTGATGCTTCCCTAGACCAAAGTAGGATCTCCGACAGGCTTCGACTACAGCTTCGTTGCGGAGCCGGGTAACGAATCTCCGCACAGTCGTTGGCACAGCGGCACAAATATCGCTCCGGCACGTGGAAGCTTGCCGAGTAGGCCAGGAGTGAGTCCGCACACCATATCAGATTACGCACATCCAGGACAAGTGTTACTGAGGTGGGTGTCGCCCGGACTTATAGGAGAGCTCCCAATTATACCACGCCAGCTAGTGATTATAATGTGATCTCACTCACCTGCGCACTTCATCCCTACACACAAACGCGCTGACGATCGATTTCTTAGCGTGGATACTATCTCTCTAGCTTGTCTAAACCTAGGGCCTAGTAGAGAGGTGTGTACAGCGTGTGGTGGGACTCCTGGCATGCGGAATGGCTTGGCTGGAGTATTTCTGTACCTGAAGCAAGTTACCGCAGGTTCCGTTCCGTATGCCCTCGGCTGCACGCTTTACAGGTGTACCGCGGCGT,1435,51.43,Drosophila melanogaster
SEQ_140287,ATTTGCTGAAATTCTTATAGACAAAATGGTCCTTTAGTGGTCAAGCTAGACTAAGCTAAAGGGAGAGTTCAACTTCCAGTTGCTAAAAGCTGCCCGTAACGTCTGAAATTCCCTTCAGGAATTCACGCCGAGTGTCTGAACCCGGTTAGGCCAGCTGTCTACACCCGTTGACTCTTGGCAGTCGTAGGCGAGTTTATTTAATTAGCAGTGGAGAGGTCGCAGAACGGCAATATTCACTGGGAATCAGCTGGCAACGACGGGCCAGAAGTAGTCAGGAATGCCTCTAGGGTTTTCGGAGAACCGATACGAGCAGCTTCTCCGTCAGTAGCGTGCTAGCCCCATAGAATTCCGCTGGTACAAGCTCTGTGATATGTTTTGTTAACAATTGTCCAAGGTCCTCGCCAACCCGGAACCTTCCTGTTGAGGGCATGTGCCCTTGGTTAACGATCACAACCGTACTGCAGCCGCTGCGGTGACTTATCCATTTGTAATGCTTATCGATCCCTACGACGGTCATGCCGCGCTATCCAGGAACAAGCTTCTTAGTGCGATTAGGTTACGGAACTCAGATGAGGTAAGACGTCCAAGTAAGTCGCATTGTCTTCATGGATGCTTTACAACGGGGCGAACGAGGCTTTGTAGTCTGGCAGACTTGCCTATTTTAGTTCGTGGCCGGAAGCGTCTAGCTCGGCTAGCTCAACTCGCTGGGCAATGTCCCAGGACTATAGACATTCGTAAATAAAGCCATATGACGTCATGTACTTAACCACAAAAGTGAACAATACCGTCAAGACGAAACGCCTCCTCCTAGGTCAAGCACGACTCTTTATCGGATAGAAGTTTTAAGGCTTCTGTGAACTACGGACGATTACGCCCCCATACAAGAACAGTAGAAAATGATGTCGAATGCGGCGATATGATTTCATGATAAACGCACTGGGCGTCGGGACCCAGAACGGCCATCACCAGATAGTAGAAGACCTCAATCGGGGCCCTATTTTCGCGCCACCGAACACTGGGGTCCCTCGTTATGGACCGCCCTTCTGGATTCCTTTCATAGCAAGGGCAGTTCTGTGGCCGATTCTAGGCCCAACTGCCACGGCGTCTGCTTTAGCCTATACCGCTAAACTGGTGTTCGCACTGGTCTAGTCAACACGACGCAAAAAGTGCTTCGAGTAGGTGAGATAACCCGTTTAGTCGCCTTTGTCTTGCTTCGCACTGACTGCAATTTATTGTTCGTGTGTGAACAGCCATTCATCAATGTGAGGAGTCTATGGTACGCGATACGCGATTGGCCTTCGGGGACGATACTCTTTTCACCCCGCCCTAAGCCTGATATAATTCGCGTAATAACTGGAAGCGAGATGTTCCATTTAGACAGTTCATACCAGTGGATTTC,1399,49.18,Arabidopsis thaliana
SEQ_972183,GTTTCTCAGGACTGTTTAGTGGAACTGACAAGTCGCTCGACTCGTATGTTTGATGCGTCTTTCTGTGATTGCTCAACTACGAGCGTGTTTGTGATATTACACCTTATGCAC,111,44.14,Arabidopsis thaliana
SEQ_563769,CCTCACGGTATATCGAATTATTATGGTATAGGGGCGGGTGCGACGTGGACGCCACAAATTGGATGGCCCCGTTTTTCTATGCTGTACCTTGAACGGTACGGAAGCTGGTTTGGATTCAACGTCCCGTCTGATTGTCCTTGTATATACGCGTCGCGCGCATTAGCAGCCGACGGAGAGAGTCCGGACTTCGTCGCACAAGCAACCCCATATTGGTACGCATAGGCGTGTCGTCCCCCGCTTGGTGGAGTCGGTCAGACATCTCCGGCCTCTGAATTGTGGTACCCAACGACAGACACGACTGACTAGCGCTATTCCGTCGAGAAATAGAACATCTTTCGTGTGTTCGGAACTGAGCGGTTCACACATACATGATAAGTAGCTGTGAAGCGGACCTAAGTCTCTTTCCAGAATCGCGTTACTGAAGCCTAAACCACTTTCCCAATAGAATACCTAAAGTCACATCCCGATACTCTCGACGCCCCCTCGACCCCACTCCATGAAGGAAAGACCTTTATTCGCGCCGCGATTCAAAAGGCTCATACCATGTAAGCTTAGCAACCACCAAGGAAGGAATCTCAGTAATATCAGGTACGCAGCACGTGCTACAGGGTCTACGCGCCGGTAGGCTCAGATCTGTTTCATTACACAGTCAGTCCTAAGGTTTCACAAATCCCTAGTAGCTCGGTACGGGTGTGCAGCGCGTGAATGTCATCCTTAGTTATTAGCTCGCAAAGTACTCCGTCGGAAGCGATGCTACGTTGCGTGAGGCGTCAGAGCGAGATATTGTGAGTAACCTGCAACCTATCCTCTTAATACGGAAACCGCCACGACGGGACACGGGTTTGTGTTTTGTCCGCCGAGCACATTGCGTTCGCGACCGACTCGTAGGCGCTACCAGCGTCTTTAACTTTCCTACTACTACGAAGTGCTTAGCCCACTTATTTACGATACTTCTTTTTTTAGCGCACACTCGCTCGATACTACCAGTTCTGTGCTGCGCGTCATCGCACGCTGATATAGCAACTGTTAGGAAGTCGGTAATCGTCACCGCAATCGCACTGCGGGGCTTCATAAGGTACACTGTCCTCGAACCTAAGAGCTCGACTCCCTTGACTATCGTGTTCCACCACCGATTCGTTTTATAGCAAGAAGACTCAACTTAATGCCTAGGTTGCTTCCGCGTCTGACAAGGGTCCAATTGAACTATAGCTCCCTTATGAGCTTGTGCATCGTCCCTAATTTAACAGGTGATGTCCTTGATCTGTACAGTTGGAGCGGTTCCAGAGTGTGTATAATTGGCAGTAAGGATTGCTGGGTTGGTGCACCATTGGTTGGCCCGCAGCTGAAACCGTCAAGACAATTCTACTTTAACCCCCCTTCAGCGCTTAGACACCCGAGACTCCTGATAAACGCAAGG,1417,50.53,Homo sapiens
SEQ_458982,CGAATGTATACATACTATCACGTGTACTATGTCTGATCTCACCTTCCCGGCTCGGCTACCGCTACTAGAACACTAGACGGGGCCAGTTGTAATTTGATAGGTACTTATAACTTTCGCGCCAGCAGATGTAGACCCTCCAACTCACCCGTGTGCCCCTGCGACGAGACGCGCTTTAGCCTTTAGAACACGAATGCCCTCTAACCCAGGAGTCAGTATGGTTAGTTCCTGACAACACAGTTTGCCTGGGGCGTAGAGCGGGCACGCCCTCCCA,271,52.77,Escherichia coli
SEQ_671265,GCGAAGGAATTGATTGGTCTTGCTACGATAACTTCGAAAGGCGACTCATGCGCTGCGTCTGGGAATCTCGTGTTGGCTGCATCGGCACCCTTTCCCGGAAGAAAGTAAACTTACGGTAGCGTTTCTTGGACAACGGTTGCCCTTTGTCACTTCAGGATCGTCGCTAATCGCCCTATCACTTGGTGAGCACAATCTTTATTAGTAAGATGGCTATATTTGGCTGGAGTTGGACCACCCGACTTACTAAGCTCACATAGTCTGGCGAACGTGGGCACGCTAGTTGGGAGATGGTCCTAGGCGAAGAGCGCGCCCGAGGCAGGCAGCATACACATCCCGCCATTACCTAGAGTGATGAATATGCTCGCCCCTGCGATAACGGCAAGATTTCTCCCCTTCAACGGGGAAACTTTATGCGCAGGAATCAGTTAGGATGACTTTGATAACATATAGAGCGTATTGTATGTAGATAATGTTGGGCAAACTGTTTCACAAATCCCCTTCTTAATAACTAAATGTCATTAAAGGAGTATATGCGTTAACTGTAAGGGAATGGCGCCTAGGTGCCGTCAGGACCCCGATTATAGTCGTAGAATCAGAACGGTGACCGGTTGTTAATCAATATCAGGCGGCTCCGACGATGCCAGCCCATACGTTCTTAGCCCCGTACAATGTGGATAGTGCAATTTTGCTGGTTCGATAATAATCTAGCAGCCCCTACCCCTGTGTTCCAAATGTTAG,738,48.24,Drosophila melanogaster
SEQ_955849,TATATAGTCTGCCCACACCTGTCACAGTCAACCGCAGCAGCGTTTTATAAAGCCACCCGGGTCGCATTCGGATGTGGCACAAGCCGTCCACAGTGTGGTCCTCCTAGAACACTCTCTGTCTAATTCTGGTATTGCTCGGTTACTCATTGCTCCACTGTGGAGAGTCAGGCCTGTACCTGTTACCTGAAGCGCGTTGTTGCACCCAACTAGCCTCTGCTGCAGATCTAGTGTCAATGCGCAAGCGCAACGATGTACGGGTAGACTCCACGACATGGTCTGTCCATTGTTCAACGGGTAGGATACGAAGATGTCCCCAACGCCCGGGAATATTTAGTAGCGGTAAGTCTCCCCTTAGATTGAGTGCAGACCTAACATACGTGCCCTTCTATTCATCAGTGGAGAACTGTCGGTTACGGGCCGAGCCAATCCTTCCGCTGCAGTATTCTAACGAGCTGACGGCTAACAAGCTCAGAGAAACGAAAG,483,51.76,Escherichia coli
SEQ_385178,TGTTTTCTGCCCCATTTTTCCCGAAGCCTTAATTCTTCGGCTGACATGCTTTAATACTATTCTATGCCCAAGTGACATAAAGTGGTGTTGCCGCTTACACTTATACTCCTGTCATGACGCCAGAGTTCCCGATCGCGAGCACATTTAACGATGCGGCTCTGCTTCCCCGTCGGTCCGGGCACGGAATGTCAGTAACAAGAGAACACACGCCCCGGTATTGTGCCCGGGGCATTGTACTTTAAATTAGTTACTCCACGCTCGAAAGCTGCGACTTACACTTTCAACAGGGAGATCTATGGTCACAGAAGTTAGAAAAGGATTGCAATACTCAGTCGGATAGCGACTGAGGTCTGATGGTATAACAAGGGTTCTCAATAGGAAGCCCAATGGACCTCGGTCGCCCCCCTCTGCTCCCCAAACAGAACTCACCCTGTGCCGCTCTGGGTCAGCCGGCGTCTGGTTTACTGTTTTGTTAGGGCTAATGATATGAGCCGCAAGCTTACGGACGAATCCGCGAACCAGGGAAGGCAATATACTTAGCATTAGGGCCCATTGCTTGCTTAACAGTAGCTAGCCGATAAGAAATTTCGCAGGGTTTACCGTTAGACTAGGTTGTTCCACTTATTACAGCGAGACTTCCGGAGTAAGCCGTGTTTCGGGATCTAGCACGGGGTTTCGCGCACTGGTCAACTATTATTTCCATAGGTCTACGACATAGTGGTATTTCGCTAGGAATGGGGCATATTACGATGCCTAGAACGGTTGATCCCATAATTTATTATGGGGGCGCTGTACCCCTCAAAGGTTATCATTTATTGTAGTGTTACTCGGGCGCACCGCTCATGAGCAAGCACTGTGGCGTGGTCGTCGTCCGCTTTAGTAATTTTCCCTTGAATCCTCCGCAGCCTCTGGTCGTCGGACACTTCTCCGTGGCTTGTGTGTGTATGTCCGTTTTACCCTGGATGCACCGTCATTAAACGTTAGCATATTGCGTGACGAGTAGCTGCCATGCCTTAAAGTTTTTAACTACGAAAGGGAGGCTGTCTCGTCACCTGGCCCCACTCATCGCGCGTAGGGGGCATTTACGACGAATTACCCTTCCGTGCAATGAACTTCTACTTCTTCGTTTTACTGACGTGCAGCAGTTGCCCCACCCCCGCCAGTACGAGGGGGGACCTTTATTACCATTGAGTCCGTTGGCGAAACCACGAGCAATGTAGTTCGCTCCCACAGAGCGCGCGATAACGTACGCTAATAATTCCCTTCCGACCACATCAACCAGGGAGGTCCATGC,1294,50.39,Escherichia coli
SEQ_714399,GAAATCTAGTCTCCGTGACCCGTCGAGACATAACCAAGTGTTGTCCATGAGTGAGCCCTCAGAACGTACCCCCTACCGTTTTTAAATCAACTTAAGGGCCTCCTTACAAACGCACGTGCAAAGCAAGGAGACAGGTCATATCATATGGGTCTTAACTCAGGCATTTCAAAAGATACATGGTTCAACTAGCTCTGTCGAAGAGTACATGTAATCGAG,216,45.37,Caenorhabditis elegans
SEQ_630958,TGCCAAAAACCGACCTCATTAACATGGAGTCCGGTTTTGCGTCCGAGAATGCGTTGGAATCTGCTAGGCTGAAGCAGCCGAGACTTTTGACCCCGCGAATTGTAGAGGATAATCTTCTCGCCCCTGGCTTTAGCACCTCCATGCGTTTCGTGACTCCACATCGGTTTTATCCGTAGACCGCAGTATATAAGCTCTGTGCCCACCCGGAAGTAATTTAAAATGATTTTAATTTTGCTAGGACCCGAAATGTGCATAAGTCCTTTGAACAGCCTCTTGCAATGGGAGAGCAGTCAGTATTATACCCTAGACAACAAGAACA,319,46.71,Saccharomyces cerevisiae
SEQ_687906,GAGCCACGTGAAAAGAACCTAAAAAGCGACGTCTTTTCATAAATGATATTAGGATGTGACCGCGGCAAGATGCTCATGCAGCCTCTACTAAAGGAATGGTAGGCGAGGTACTGTCGCACGAGGGGAATAGACAAGTTTTGCGCAGTGGGGCTATTAAGTCGAGTAACTACAATGTGCATAATCCCATGTAGAGAGGCGATACTTTGGAATTGATCACTGGTTAAATCTACTATGCAGACTGAGCGAGCCATAAAACCCTCAGCAGCGCGTTTTTACGCAGACTCGTTGAAGCTGCTTGCCAAGCGATCCTTATAGCTGACTCAAATTGCTTGAACGGCGCTGTATGAGTTCTTCACCGTGTTGAAGGCTGAGGGACTTTATTGTGATACGTCCCTCCCACTAGTTGTAAAAAGCACCAGATATCACACCCGTAAAGCATTCCCGCTACGTGATGATCTCGGTTAATGCTAACTGTATCGGAACCCACTTGCCATGAACGATTCCCTGTCCCTCGGAAAGGATCTCAATCCCGCAGCATAGTTGTAGTACGAAGGACCGTCCCCGGGCGAAGTCGTGATCCAGACCGACGGTAACGGCTGGACTTTTGTTCTCAATTTTGAATTCGGATCTTAGTGTAAACCTTCCCGACCACGATCGAATCGGGTAGGTTTTCTGTTAATTATGTTGCAATAGAAGGCCGACAGCTAATTTAATATCAATAGTCCCCAGAGATATACGAAACCCTATCAGTAGTTTCGGGAACCACGGCCAGTGCTACCATAGGTGGGACTTATAGGCGCATCTTATGCGATCCGCCGTTGAGATGACACTACTTGCGTTCCCCAAGGAGACTCAAAAATTTGCTTAAGTACGGTAGGCCGGTACTCTGCGTAAATCCCGGATCTCGCTCACTGACCATTCGAAGACACCGTTCCAAGAATAACAAGGATATGAACCAAACAAGAGTGTCCCATAACTCTTTGCAATTTCCATCCGGGCAGGACGTTTTCGAGGAATAGTATTCCTTAAACTTCCGCCATGCTTGTTCTTAATGATTATCATACTTAATTGGTGGAACTCTCCGGGGGCTTCATACACCAAAGGGCTTATGTGTCCGTGTCAACCAGGCGAGGACAAAAATGCAGCCCCCGGTCGACCAGTACGTGGGGAAGTCTCAAACGGTGGCTGACCAGTAGCTT,1199,47.54,Caenorhabditis elegans
SEQ_402152,CCACCACCACACTAGGGAAGTTAGAGCTCACGAGCATCTCCGTAAACGGGGCTCTAGAAACCCCCACGTGCCCTGGTCCTCAAAATTTGATGGGCTGGGTATGGACGTTCGGCTGGTAAACCTCGCACGCAGTGGCCGTCAATATTCCGGCACGCCGTTGACATTATCCGGTGCATAGAAACGTACATCCACCGCGAAGTCTTCGTCCGCTATAATTGATCCGCTGGCCTGTGTAGCGGGAAAGCTTGTGAACCTACACTTTTCCTTACAATGATCATCTCCTGACCGGGAGCGTCTTAAATATAGTGCACGGCGTAGTCATGAACAGTGGAGTTAATAGCGTTTTTCGCAAACAGGTGCCAAATTTTACATTTGTATCTTCCGCCACCATGCTCCCGGGTTTGTATTAGAGCATTCGAAAAACTTTATGGTTGAAGTCTAAGACGATGATTGGGGTCCGCATCCACATGTAAGCTCTAGTTGTCATCGACAGATAACAGCCTGAGCGAACGCGGAGGTATGCGCTCCATTTTTCCTGATAATCCAATAAATTGTCCCTGTTGCGGGACGGCGAACTACGGGTGCAGATTTTAGCAAGTTACCTATTTCTGATCTGGTAAAGGCGCCAGTCAACGTGAGGGACCAAGAAGATCATCTAGTCTCGTTGCCCCTGGAGCCGCATAAGCGCTCCGTCCAAGATAATATTGGGAGCTTCGAGAGGCGCCATATAAAAGATTTCATGCGAGAGAATCTCTTAGGAATCTTAGCATCTCCCCTGTTCGCCTGCGTAACCAACCTTAAAAGGAAGAAATTGTTAGAACCCAGATGCGTGATGCGCCGCCCAGATATGGACAGGGATAGGCACGAACATGTTATTCAACTCAAAGTGGATTACAGGTTAGGGTACGACCTACTATGTTTGTACCTGCGGAGTACTAAGCTACAGAAGGGCGTATGCGCGTAGTATCTCAATTACAAATGCTGTAGGCAGGCCTTGTACACCGGCACGTCCAATTACCACGAACTACGCTTGCTGTATGTCTCGGCTGTAAGGGCCAAAGTAGTGGTACAGTA,1074,48.88,Escherichia coli
SEQ_287121,CGTCACAGCCACCAACACCTACCCCATTCCCAAGAGTCACACTTATGTATTATAATAGGTGTCAGTCGTCAACTATGTGGGTCCCCCAACATCTATTACAGAACATTCGTAAGATAGCACTATCCTTCTGGTGATTGGGATTACTTTTAGCATTTACTGGGAACGTGGTCGGTTGTGTTGGTTACATACTTCAAGAGTGGACACGTCAACCACTCGGGGACGACTGAGGAAATTAAACCTTCCAGCTGACCATTATTCTACAACTTTTCCCTACATCCGTAATGATCAGACTTCTTGACAACCCGGCACGGATCGCAGCGATATGCAGGGCCTGTTAGACCCTGTTCCCTTTAAGGTGCTTGCCTACCGCTAGTAACTAAA,381,46.19,Saccharomyces cerevisiae
SEQ_189206,GGGGTACTGGGAGAGGGGAGCGAGGGTGCGGGTCTGTGTACTATAAACGTCCGGGTCATTTGACTAGGCCGCTGTCTCATCAGTGAGACCTTTTCGTTTGTTATGGACGTTATTCTCTTTGGAGGAGTAATCGCGGTCCTAAATTGAGCCGCAGCGGTATTTACAAACAACTACATCAAATCCTCTGGACGGCGTGAGCGTTAATCGGCTGGAATGCATTTTTAGTTCACACCGTTTCATATTAATATAAATGTGACATCTCCTGAGGGTGGCAATGCTCTACTTTCAGTGACGAACTCGCTATTGTAGAGGTCGGCGTCAAAACAGATGAATGTCCCGCCCTACTAGTTTACGCGTGAATTGGCGGCAACCGGCTGGTACCTAGTGCGGCCTATGTATCCAACAGTTGATAGGAACTACGGCATACGGCTAAGGAAATTTCTACTGCTGACACCACCGGCTCGGTTCGCCCTTGAAATTGGGCCTCTATCGAAAATGC,499,49.1,Mus musculus
SEQ_616376,TATACGCTATGCGTGGGCCCATGCTTTCATAAGGCTTGATGTAAGGATCGAACCTCGGACAAGTTCTCGAGTAACTTTGAAAGGAATGGGAAGACATTAGCTGCCTTAAACTCATTACCCTGCGCAACCTCGTTGTCGCCTTATTGAGCTAATCCCCAGTTTAAACCCCTAAACCGCCATGTCGGTTCAGCAATGTGCGATGTAGTTGTTTGTGTTAGTGCCTAAATACTAACGCGCAAACTACAAATTTTAATATTATCTCGTTCCGCTCAACGATTAAGGGGAACCAACAAAGGTCAGGCAGGAGTGTGCTCGGGGCAGCGGATTTGTACGGAGAGGGTTAAGACATTGAGCCTGAAAGGACTCTAATTTGAATCTCCATAAAAGCCATGAACCGTCGCTCGAAGCGGCTATAAGTCATCGTTTTTGCGGTGAACAACCATATTAGATTCCAAATAGCAAGATTCCTCGCTTAACGAACTCGATTTACCTTCAACAGCTCAGAAAGAAGGTCCCTGAGAGTATGCGGCTTCACATACTAGGAACGATCGAAGTCGAGATTAATACCCCTGTCGACAATATCGACTAAGGTACTCATCGAGGGTAGTGCTGCGACACGGATGCACGGAACCGGGTCCCCGTGTGACCGACGTCACTTTAAGTACCGCTGATACGGGGAGAAACTTCGGCGATCCAGTTACCATCGAGCCTATCGTGCGTGCATGAGGGAACTACTAGGGCTGTTTTATTGGAATGTCGAACATTCCCGGCAACGCGTATCTCTTTGGTAGTGGTCAAAACTACCTCAATTCACAGTAATTTACTCTGGGCCCCTGGGACCTTTGGGGAGCATCGAGTTGCCCGCTTGGTAGTTAATCCGGTACCAGAACAACATGAGACGCGCAGGGAGTGTATGCGTTACAGCCAACATATGCTCCTGGTCATTGCCCGGATAGGGCGCTGTGTTTTCCATTCTGGTGATGCTCAAACGTCCTATTTTGGACATCAGGTGTGTGACCCTGTCCGAAGGAATGGTTTTGTGCCAGGCACTCGGCCTCTTGCGAGGTACGAGACTCAAGCGTGTACCCCATCGTCTAGTGGCGAAGTGCCCATAGCGGGCACCTAGCACTAAGTGGGCGTTCGTTTCCATCGACCGCTATCAATTGTAAATCTAAATCGGCAATAGTGTTCGTAAGATACGCTCCACGGTTCGGTCGTAG,1220,49.02,Mus musculus
SEQ_708998,CTATCCGGATAGGCAGAGCGAGTTTGCTCCGTGACACATCGGTGTGCAGATTTCCAGGAGGTTAAATCAGGATACCTTTGGACCAGTGGCATATTGAGAGTCATGGCCGCCTGCTTACGCATGAGTGGTGATGCCAACAATATGTGTACGCTTCACCGTCGTCCTGAGTATCTAGGGTAACGCGTCCGCTATTGAGCACTCACGGCGGCTATACATTGTAGAACAAAAGGTTTACTGACAAATGCGCGGGTTGTTCTAGACACTCCCGCTATTCCAAAAACTAGAGGCGAGGATTGTAGGCCAACATATCCATGCACGAGGACAGTGCCAGCAGAACTGGAATGAACCAGGCACATTCCAAGCGCCGCTACACCGATTTCGGTATTCGAGACAGCGGAAGTTATAACACGAGTAAACGAGGTCTTCCCGGTAGGAAGCGTCATTTTGCAATGTGATTACCCATTACCTCGGTCGCTAGGTAAGACTTAGAACCACTTGACGTAGGCTCTACGCGTATCACTCATGGGGCGTCAAAATTGCCATCCTTCGCACAATGAACATGGGATTTAAGCCGGGACAACGGGCCCGTCACTGGAGTGCTCTTCAATTCAGAGCGTATACGGGCAAGCATTAAACCTTAAAAGAGTGCGGAAGCAGGTTTGAGGTCGCGAATAACCATTGGGCAATACGCCACTGAAAGACGCACGGGCAACGAACTGCCACACACCATCCACATGCTAGATAGGTGCTGGGAACCTTTTTGGTGTGGTATTTTGCAAAGAACTCCGACTCGGGAAAGTCCTACGCCTAATAGAATGTGCCATTGCTCAGACGGTACACAATGCGTCGGTGCAGGGTTACGCAATTAGCCCTTGCGATGATTATTTACACCGCATCTGACGGATAAGCCCACCTTAGGGCAAAATGTGGTAAGACGGAATGGGTACCTCATGCGGATGGAGATTGTCGAATCGCGTTAAAGGGGACTCATACATTGACCGACCGGTGCCTTTGTCGGTCCAGAGCCTCAATAGCAGACATGGCATCGCTCAATTGTCTCGTGTTCCTAGACTTCACTCCCGATAGCAATATAGGTTTCGAGGCCGATTAGATGAGCCTTACACCGGGTTAGTAGATATAATACCACCCAAGCTCAGGGTTCGGCCGTATTGGGCTGCCGGTTTACGTTCAGTTCCCACAGATCTAGCACTAATCGCCATAGTGCGGGTGATTCTGCAGGACATGCTAACCGGGCCGGGACGTACCCATAGCAACCCAAATTGACCGGGATGAATGCCGAGATTAGTTCTCGTTGAATTCCGCCTTGCTGGTAAAGTCAAAGCACCCCTTGGATACTGATTAAGGGTTGATCCTAGGTTCTATACTAAAACAACGTGGATGGAGATCGGTCTATATTTGAACTGAAAAACTCCGTTCGCAATTGGCGAGCGTCCATCTCCTATAGGATTCCACAGTGGCTTACCGCCCGTCAGCGCCGTTAACGGCCCCACGCTGCGCCGAAAGATCTATCTAACCAGGACCACTGGCGTGGCCACCTCGGCGATGATGGTGTCAACTTGCGCCTCCCAACATCTCGATTTGTAAATGAAGCCTGTGTCCTTTACCGTCGGAAACTGAACTTGGCGGGAGCGTCACGATATACCACGTGAACCGAGACAGAGTCTTCCGCCATATGTCGAGCCAATCTACCAGTGACGGGGGTACGTATATCTGGCCTCACGGATACCCATGTGCGTTCAGGTACAACGCGGGAATAAATTCCATAGGTATCTCTGCCCAGGAGCGTTCTCACGATACATACAGCCCGTCCCGAGATACTTG,1842,50.87,Homo sapiens
SEQ_526310,GAGTGTACCGATTAAAATCAGGACGACCCTCTGACGCCGGGGACTCACGCTGGCGAGGCACGTATACGCCATCCATTGTGGGTTTGGTAATCGCATACAACTGATCGCTGATTGGAAATTGCATTCATGACAGTTAACATCTTCGGCCAGATTGTGCTCGAGCGAACCAAGTCTCCTGAGGCTCTTGTTCCCAGCCACTGGGTAGTAAGTAGCGTAATGCCCCTGTTCTTGCGTCAGGTTGTCCACCAACTGAGAATCTCAACACCCTAAAGGTCAACTGGTCTCGTGGAGCAAAAGGCGATCGCTCAGTATCTAGTCCGATTAAAATCGAGAAACCAGTTACCTCACAGAATTTCCGTCCTGCAAACCGAGTTAAACTGCGTGCGGGGGGTTGATGATAATACACCCTATTTGGTAGGCAGCTCGATAGTAACTACCTACTCTCAACCGGAGTGACCTTAT,462,49.57,Homo sapiens
SEQ_101755,TAACTTAGAGCGCTGCCTCGAGTTTCAGCAACTTTTTGGTATGGCTCGGAAGGTTTGTCTATGGGATGCGAGGAAAGGCGGCGAAAACACGACACGGCAGCAGTACTACTATAGCACTCGAAACTAGCTGATGCGAGCTCCCAAGTACGCTAATATGTCCATCACCCCTACTACG,175,50.29,Homo sapiens
SEQ_436719,CGCGTGTGAACATGCCCTACTGGCTCGTCACGAAAATGTATATGGCGCTTGGTTGTTTAATAGGGCAGCTATGTAAAATACCGTATGGCATATGTGGACCAGGCGACTTTATAGCCAACCCGGTCACAACATAGGGACGAGATGATAGTATTCGAGAAGACCCGACACAGTCTAAGGAATCTGTCCACAATCTAAGGACCTGTTCATTATTGAAGTTCAACAGTTATCATTGAATCTCCTTTAAGTTGGGAAGGGCATATGCTAGGTTTAAGGTAAATCCAGTTGTGCGCAACCATGACGTGGATTGTCTAGACCCTTCTTAAATCATCATTCCACTCTACGCGATAGGTTTCCCTAGCATTTCGTCTTTTGAGTTAGTACGGCACCTAATTCTCTCGGGATCCCCGGGATTTTGTTGACTCCCGAGGCGATTTCGGTTAACCGTGCCACTTTTAACCTGCCCTTGGTTACGAATTTTCACGCAAATGCTTTCCACGAAGTATATTGTTTAGTACGCATACAACCTGCAGCTTACGAGCTGCTCGGAGGGTGCTGGACCGAGCAAGTGTTGCCCCCGTGCCCGAACAACGAAAGTAACGAGGCACGGCGCGTCGTTAACAGTGACTCATTTTCTCATTAAATTTCGACGGTTGATTTTTTTTAGGCGCCTTGACTCGATCTCACGCCAGATCACCCACCAGGTTACCCGGATTAGATCGGTGCATATCGACGTTTGGGCCCTCTCACTGTCCGTGGCGCTCAAGTCGCCTGCGTTGGTGCCCCAAGAGTGAAAGCCGGTCTTGAATGATTTCGTTTGGCGATCTGTGTCACGAGTTCGCAAGATACTATGGGTGTTGAAGCGAAGATGAGTTATTCATGCGTAATCACACTGCCTTGCTCATTGAGCGATGCGGAACCAAAGACAGAACGTTAAAAGACAAGTGTACGCACTGGGCGAGACGGTTTGCCCTCTGTAAACCGTGGCCCTCCGCTGACGACGAGATAAAGTCTGTCAGCGCCTCAACTGTTATGGAGGAGATCAGCAATGTCATGGCCATTGGGTACGTTTTATCGTACAACCATTCACCCCACACTCATATACGTAGCTATTCGTAAAGTTTTGGGCATACCGCCAGAGCTGGAATATTACGAAGCCCCCTTCCGTTTAGTGTCCGTAAAGACTTGGATATCCGACACGGGCTACAACAATAACGCATTAAGTGTTCCGCCAAGGCTTGTTCGTGGATCCCCGAAGGTTGCGATTTAATTTGTTTATTCTGGGGTTCCGCAGCCGAACGCAGAGACCATAAAAATCTAGACCCAGATGTTGAGGGTTGCTTCGCCGAGAGGGCCGACGCCAATAGACGTTAACTCTACATCAATTGCGATTTTTCCCGACCTATACTACAGGAGTACGAGCCATTATTAAAGCACGAATAATTCCAGAAGGGACTTTGTAACCGG,1464,48.09,Caenorhabditis elegans
SEQ_612802,GGGAGCCTTAGCTCGTGGTAAGTTGTGTTGATTGTCCCCGCTGGAACCCAGCGGTTACTCTCGTACTACCCATATTAGTTGTGTCGAACTCCTTGCTACGCAGTATGCGCTTAGACCGTAGCTGGTCACTCCGCTTGTAAAGCGCGTAGCAAAGTTGGCCACGCGCGCCATACGGAAATTTAAGTGCGTGTTCGGCGGGAGAGAAGCACCCAAGCCCCAGTCATGTCGGGAGCAGCTGGTCACCGCACTTCCTCGTCTGCTCCAACGGTCGCTTCGCACCGGATGTACGCTCGATAACAAACGCCCTTCTCTGCTGATAGCTCACCCTAGATGACCGTGACGAAAGTTGTTGGTTTCAATCTGATCCCCCTTTATCATGTCGTTGAGCATCCCGCCTGTTCCCGCGACCACTTTCTGAAGACCGCCCGCATCAAGCGACACAGTGCTCCGCATAGTGCCATCGTGAGGTGGCTACTACGTACGCTGCATGCGGGGAAAGAGTTTTGTTGGGCGAATACAGCAATCCTCTCTGCCTGCAGTAGCCCGCGAACACCTGAGTCTCATCCTGACCGGTAAGATGCACTCCGGTATGCTTATATCCTCCACGTCTTTCGTCTCCAGTACGTACATAACGTGGGCACCCCCCTCGGGATAGCGTGCCCACGCACCGAAGATCGCGGAATGACGCAGATTTGCATGCTATTCGAGCCTTACTTCTGGAGGTATGTTCTCCAGAAACGGAGAGACCGACCTCGTTCTCTGGGTGCTGCTGATCATACCTTAATATTCGAAACATGCATACACTGCAATCAACAGAATAAGTGGCGCATGCCATTCTGGCAACTACATGATGCCGATATTGGGCGCTGGTGATGCCTGCTACAGACTCACATAGTCGTCCAGGGACTTGAGTCTTCCTCGTCACCGGGGCCTCATGCCATACATATTAGTTAGGTTCACACTCCAACATCAAGGTCATCCCCTAGTCTCTACAAATCCACTTCGCTTAGTTCGCTAGACCTAGCTCGACTTAATAAAGCACAAAGGATGCTGCCCTAACGTATTATAAGCAACACGTCACAATTGGTATATTTCGCGGGAAATGGAAGTATTTCAAGTACGGTTCTGACACCTGTTACTAGTTACATTCGAAGCTTGTAGCATCCAGTTGAGATGATATCACCCACCCACATTATCTTCTCTGTTGATGCCGGAGTATTGTAAACTCTTTATGTGGAGCGAGCACCAACACCGTGCTATCCGTCGGGAGAGGATAATAGCCCACGCCCTAGTACTC,1297,51.5,Caenorhabditis elegans
SEQ_955082,ACGCCAATTTATCGTCGTACTATTGTCACAAGGGCTAAAGCTGTATCCGATCTTCACCACACTATTTAGCCTAGGGAGAGAGCAACCTCCAGGGGACCCACGTTAATATGGAACTTATCTTCCAACGATCAGAATTCCGAGCAGTGCTCGAGGCGTATACGCTGCGTGCTCAGAATTACGACTAAAGGATGATGCTGCTTAACGTCCAATCCGATTTAGCAGCCCGGCCAGCCAAACTGGGCTGTATCTCGCCCAGGCCTTATTTCGCTGCTACGTCGATGATAACATGAGTCCGTACCCCTATACTCAAGTCGTCGGGGAGCACGTGGATAAAACCCGATCTTCCTGCTGTGTCCCTCCGAACCCTATACTTGGATGGCAGCTCAGGTCTTGGGGGACTTCATTTCGGTTGCCCGCCCTTGAGCCAAAACTTGCAAATCTCTAAATAGATACTCACTACAAGTGTATACGGCCTCATTTCGGTTACGCCCTTT,494,50.0,Mus musculus
SEQ_227693,CGCGTGTCTTTTTCAAAGATATGCGTTACAGGAGCACCTGGTTTTCTGGAACGCATAGATCGCTCGATAACTTCCTACAGGTGCGGCAGAGGTAAGAGAGGATGCTAAGGACGTTCATCCTTATATTGCTTATGGCGTTTACCTGATAGGTTGCCTGAGGCCCTCAAGGCGTCACGAACCACTAATCGCAGGGGGTTATGAGAAGTTAGTAGATAGATTACCGGGGTGTAACTAGCCCTCTAAGGCGCGCGGTCTTCGTGAACGCTTCAGGTCGTGACTGGCTGAGGGCGTCACCGTAGAGCCGCGGCGACTATGGGCCGATCTAAA,327,52.29,Saccharomyces cerevisiae
SEQ_961126,TTATCTATCGTCATCTTGCGGCTTATTCGTCACTACTGTCAAATGACGCTGAACAATTCTTACAAAGTTTGCTAAAGTTACGGATAATGTGCTGGGATAGGCCTAGTTCTCAGCTGGCTAAGATATGCGTACGGTGAGTCTAAAAGTATGCAATTTATGTCCATGTTCGCGTGAGTGCATTCAAATTATAATCTGTTGCTCGAAGTAGCAATAGAGGGCGTGCGTCAAATCCAATGGTAGTCACTTTACCCTTTAGGA,258,41.47,Caenorhabditis elegans
SEQ_684003,TTTCACAATGAACGCCTCGCATAGAGACGTCTGATATTACGAGAGGGTCGATCCAGCTGACGTTACCTTAACATCGGGTCTGGGGCCGCGGACGAAGTCCTCAAAGTAAAGTCATCCTGCTGGCTCACAGGTCCTACTCACCATCCAAGGGATTTAGCGAATTCACCGTTATGCACGTGATGGTTCTGTTCGCCTCTTCGCATTTCGGATTGCCTTTACGATCGGTATCAAGGCGCTAGAAACTGGAAGGGATTGGCATTTCTTTGAGGGGAGACCTGGATCCCATAAGGCCCGGACAAACTTTTATTGATTCAGGAACATATCTCTAAGGTGGGACCCGTATTGACTAGTGGGTTTCCTGTATACAAGGGGAGTTAGAATGTCAACGTCGGTCTAGAGGATGTCGTCCAATCACGGGATCCGCTTTGTGTGAGTATAACAGTCATTCGTACCGACTCGTGCGCTTATGGCCGAGCAACGGTGATGATCGGGATTCCTGACGAACTCCACACCCTGTAGAGATTTCTTGTGCTAGGCGCGCTCGCAGTGTCCAAGCATGCCCGTAGAACACATGACATATTGTGTGATCCGTCCTCCATGTAGGCCGCAAGCTCCAATGTGGGCCTTAGACGTGTTGAACTTACAGCGGATATAATTTACTAGTCTAGAAACATGGGATCAACACAGCGGGTCTGCTATGCGATGCACGGAACCGTCCAAATGCTGCGTGAGGCGGCTGGAATGTACGGTGTTTTGAGGATGACAATGCCACCCCAACCGCTGATTCAGAACTAGGCCGCGTCTAGTCCGTTGCCCAGTGATTAGATAAACGTCGTCCTGCCCCGCTCACAAACTCGGATGCTAAGAAGGGCACGATGCACCCCAGTAAACTGCGCAACCCGTGTAATGTGGGGTCCTGAAAGCCGAGCCATCATCGGTTAGTCAAATTGTGTACGAACAGCCGGAACAAACGGGTAACCAAGCGAGCCACGCTGACATCTGGTGGACTGTTGAATGGATGAGAGCAAGGCAGAATGTGGGGACGTGAGTATATTAAAACCTTACTTCTCTAGTTAACCGCGTCTCTTATGCGTCTTGAGAGACTTCGCATGTGCCTACGCAAGGCCGTCTTTATCGGCTGTCCCGGTCTGGCTTATCCACCTGATCTGTACGAGGGTTGTTCTTTCAGGACTACTTTCCGTACACCTCAATCGTGCCTCAATAGTGCAAAGGGCCGAACTCCTGTGTGCAAGATGCATTGCGTTACGGAGCGCCGCTAAACCGTTCCATGTGGAAATAAGAACACCCAACAAGCGTTGGAACCAGATCAGGTGTTATGGTAGACTCCCAATCGGCATTACAGCCTTGGTGTACCCTCTTTGACTCTCTTGCCCTTGGCCAACGAGCAAGTGGGCAGGTCTATAGACTGAAGAGACGTCGTAGGGAACGGACACCTTCCTATCTATCGGGAGAGCAATTGACGCGATAGCAAGGCCGCCTGCCTCCGACGCGCACGGAGGAGGCTCTCATTGACTCTCACTCAAATCAGCCATTTTACGCAATT,1564,51.34,Saccharomyces cerevisiae
SEQ_888877,AGATCGCCGAACAGATCAGCCGTAACGGAGCGGTGGTGAGGCTTCGCTGTAAATCGGTACTCTTGGGCGACGATCCCTGAAATAGCGAGGGCGCTGGCTACGCGACTACTACACATTTAGGGTCAACGCCGCAGAAGCAAGTTTATTTAGCATAAGAGATTGGGTTAGAAATATTCCTGTCCTAAAAACCCGATACGCCATGAATCCGAAGTTGATGTTATGGAACAATTGGCGCATTCATCGTGGACGTTGCCGGTCTTCGTAGGCATCCGCCGCCCTTCAGAGTCTTTCCGAATACTTATTAGGAAGCTACGATGAGGCAAGGACTCGCCTAAATTG,339,49.85,Mus musculus
SEQ_485140,TAATACAGGAAGTTGTTGAGAGCGACTGGGATCCGTCTGTATGGAGTCTAATACCCCACGATCTATGCTAGAGATAACTCATCCTCCCTAACTATACGAAGTAATGATCTGGGAATAGGGGAACATTTTGGTGCCGACACGCCGACTTACCGGGGCACCGCGAATATTAGCTTTTGGAAACTACCCCAAATAACGATGGTGGCCGGGGGCGAACAGACCTCGACCTGTCCGCGACACGGAGGTAAAGACTACGGCGTCTCAAAAATCGGCACTCAGTTTGGGCAATGATAGTGCGTCAGCCTTAGGTAACGCCATCTATGGCATATTTATTTAATTAAAGGTCAATACAAGGGGAATGGCCAGATAGTCAGCATATGTCGCTGACGACAAATAGGGAAGAGAGGCCTTTAGAGTGGCTCAATCTCAGACTAATTATATAACGTCCACTTTCTAACAACTCTAGACCGAAGTCTGCCAACGCAGCCATCGATTTGCCCCGAGCCATCTAATGTGAAGGATAACAACTCCACTGGGCAGAGATTACGTAATTTGATGACATAACCTCGTGGAGGCTGTCGCTCAGGGGCTGGCTACGGGAGTATACGTTCCACGGCCCACCCGTCTGAGTACCTCGATTGAGACATATCTTAAAGGAGCACCCTACACCAGCCAGGTGTCGGAGCAGCCCGGGACACCTGGTACTGGTATGACGGGGCTATCGATGAAAACTCGTAGGAGGTACGAGGAACTCTTCCCGCTAGAGAGACCCCACCCTCCATGTAACGAGTCGCTGTAAACAGCTTAGTTTCAGTGACTAAAGAATTAAAACGCAACTGAAGGATCGTTTACGACAGAGGCGCGTGATCGCACTCGATTGTTGAACATAGGCTAGACATGTCCCTCGGCGTGTACTCATCGGCAGGTGCTTTGAGCCATCGGCTGTGTATGAAAACACTTCGGCTATCATAGGTGACTCACATTATCTCGAGACCTTTCAAATTTATCAAGTCGCGTCCAGTTTCGTGCTACTCGGTTAGGCTATAAAGATCCTAGCAACTAGGCGTCAGGGCGCGTTGCGTGCAAGCGTGGCCGCTTGATATCAGCAGATCTGAACCTAGCTGGGTACGTGATCGGTTATGGTTTGCATGCTAGGAACACGGATCTTCCGGGCACAACGCCCCAATAGCCCACTTACTGAATGCTGGTTTCCTGCGACGCATCGGCGTGGGTGCCGAAAGTTTCTCAGCTACGGTGGAGGGGTCAAAGACGTTCCGTCTCAACTCATGTCTCAGCGCACGGAATAAATGGCTACACTATGTTATCAATTGATTGTCCGATGTACTTCGGCTTATCGACCCACGGACTACGGATCATGGAAGGGAACTTTCTATCAAGTCCTGATTTCCGTTAGTTTGCACTGCTCATTTCCTCGCCGGCAAGAGCTGCATGGCTAGATGAATGGATTTCGTCCGGACCTACGCCCCGTCGACACCGACAACTTTAGTTGGTGGATCGCGAAAAGGGATGAAGTACTCACTAGTGCGAAGATTATGAACAACGCGGGGATCATTCACTGGCCCGCGCCAGACCGTACCGTATCTTGCCAG,1607,50.4,Escherichia coli
SEQ_735094,CTTGATCGAGTCTCTTCTATTAGGACAGCTCTTCCCTGTATTGACCGTGCAACTGTTATGCATTTTTGGGCTCGGTGTGCTCCCGATAGGCCAGGAATCCGACCGTAGGCAAGAGCCGCCACTTATGACCCGGGAATTCTCGTCGCCTATCGGAGATCGCCACAGCAATACACTCTGCCGCCACCTGACTGTGTAGTGAGCCGATGTTCCTGCGCGCCGGTGCTTCACCGAGTCCCTCTCGCTAGATATTTCACGGGTACGTCGACAATCAACTGTGCTCCGGGACCAGGTGGCTGTGCCCGTAGTCGAATTGGCTACGCCTAAGATAAGCACAGTCTCGGATGAGTATTGGTCAAGGAAATGGTCGTTACCGCACCTAGATAGCCGATGGGCCGAGGATCCCTCTACCCGAATGAGTGTGTGGTCTTGCTTTAAGAATAGCAATTTGATTCGCGGTGCACATTACCTAGTATCACGCGACCTCAGAGGATTTCGGCCGCGTTTTCGGAGCTCTCGGAAATCTCATTTAATCAGCGAAGCAAGGTGGTTAGGTCTCTATCACCGAAAAATGTAATTTTCTAAATAGAACCTGAGTCTTAATATCGACAGAGTCCGCTAGTAGGGGGCAAGCCTTAGACTGACTCACAGCGTTATCGGTTTACTATGAGACTGCCCAAGGCCCCTGGTATTGCATTCACATCAGTAGAATATGCGCTTGCGCGCATACAGAAGGAGCGCCACCACCCTAAATTACTTTTCTACTTATGTTTCGGTCCAATATGTGCGCGGCACAACGAGGGCCATGATTCATAGTGAACCACTCATAGCACTGCGCACGCTCCTTGTTTTTGCCAGTGGTCCGACAAGGCTAGCACTACGTAAGCGTCGAACTTCAGCTGCAAGTCGTGTTGCCTTTGCGGCGCCGAATACGTAATGAAGTCTAACATCTTGGGCTACGTCAAGGATAAGCTAAGCGACATGGATGTTATGTGGACGTTTGAGGCAATTTTGACCCTAACATTCTAGCGAAGAGTACCTCCACGTCAACAGAGTAACGTTTATTTTTTACTGCTCCCTCATATGCGAACTCTCACTGCGCGCCCGCAGTCCTAGACATAGAAATATGCGGGAGCTGTGCAGCTTCCATATTAGTCTCCAGAGACACGTGCCCCGGAGCAGCCCCTAACCCTCAGTGCAGTCGTGGTAACATATGCCCGAATTTAGACTTCCTCATTTTGGGTGCGGTGACTATGAGGGTGACCCTGAGAGAAATATCACATCCAGATACCCCGCACTTGCATGTTGGCACGCCATCTATTATACCCCGCATTTCACAAGCCTACCCCTTAGTACGGTGTTCTAGTAGGTTGAACAACACCCAGATGGGTTATCGGCAATAAACTCCGATATGCCATAAATCTTCGGTTCATATTTACCTTTCCCAACGTAAGCGTTCGACCTTTGGTTCCAGTGGCTACCGCGCATGACCAACGCACCACTATGTACCTTTATAATGTTCGGAAATACAAAGCTCTCACTGATATAAACTCGAAAGTCACGAGGGTGGAGTAGTA,1574,49.68,Homo sapiens
SEQ_415329,CGGTGCAATCGCCCTCGTTCCATAGTTTGTCGCCATTCTGCAACCGGCTGTCGAGAATAGTATACGGGTTGGACTCTGCCTATTCGTGCGGAGGGAGCTCGCGATACCCTGCGCAGGTTGATCCTGCAATCAGGCTGGTCTAGTCGCCTCTGTGCCTCAGTACTGCCTAGCATACGAGTTCGTAGCAGTCTGGCTTCCCGCAGTATGGCTTGGAGCCTTCAGCCGGCTTCAGGATATGGAGCGGGGCAGGAACACCGTGGGTACAGCCTTTAGAGATCCATACTTATGATGAGTGGATATAGTTCTTTTTCTCCAGCGGCTAGGGACTTCCATTACGATGGCAGAGATTACCAGCAATCGAGCCCAGGCCAGGACTGAAATTTTCAGCATGACTGTTTATGGAGCCCCGGTGGACACGCCTGATTGCTTAGCGTAAAATCAGGGAATTTAGACTTAATCACGTTTCCTGGCTTCGAGGCACACCGCAAGTCGTAAGAGCGGACTGCCAGGTAGGTTGCGGCCGCCCTCGTGGCATAACCTCGGGCCCATGCTAAGGACTGCTCCTCCAGCTAATGGTTCCCTAAGGAGAAGGCTACCGAAAATTCCTACGCAACCTGCAGCAGGCAGAGCCATGGTGCTTGGCAATTGAGGGCAGTTAATTTACTTGTAATAACGTTATATGTTATTCCACTAGCATCTGCAACGCCTAGCCGAATTCAAAAGAAGCCAAACCTTAGGATATCTCTGCATTTCTACAGGAATGGCAACGATCCTCGTCAAGCTGCGGTTAGAGGTCTCAAACCAAACGGCCCGTGGGGTAGACATAATAAATCGGCTCTGGTAACCAAACTGGCCTCAAATCCTGATTCGCCGTCCTTGGCCGTAGGGAATGATGCTACACACGCCGGCGCTGACTCAACAGGTTCTGGACGATCTCGAACAGCCATGACAGCAACAACGAATTCGAGACATCAGACCTACTTTGCTACTAATGTCTTTTTTTTGGGGCGATTTTAGTTACGATTAAAGCCTCAGCACTCATTTAGCCTCCAATAGTTGGTACATCCTACAGAGCCCACTAAACGGTCTGGAAACGTAACAAATAAGAAGCACACCTGTTGTCTGGTACGGACTGATTCGCCCACAAGAGAACTTTGTAGACGTTGTTACTGCGCTACTGAGTTCTTATCAGGCAGCGCTTCCGCTGACACCCCAATCTCTTAATACTTCCAGAGTGCCTACCCAACGTGTTATTATTTGGACCACATGCGCCCAGAGATTTCAAGAAATCTCAATTAATGCTAGCGAGCGGGGATCCGAGGCGGCCCCCTCCTTGTCCTGAATAAAACAATGCATCACAGATTCGCTTTTTGATTGTGAGCATTTGTTGATACAAATATCGCAGGGCCTGCGATGCGTAACCGCCC,1427,50.32,Saccharomyces cerevisiae
SEQ_541158,CGTTAGTTCAACTCCGCCCTAGGAGTGCTCACGAACACATGTCCATGCAGAATCATATTGATCCCGATTACCGTGGGAATTGTGGGCCGGATGTGCTCAGGACTATCTATGTACCCAGAAGCGATGGACATCTAGACCAAGTATGAAATGAATTCGACAGACCGCACAGCGTCAGCTCCGATAAGGGTCGGAGCAGTTCCCGGGCTATACGGGAATGGGCCTCCAAGATCGTTTTAGAAGTAAAGACGATATTCCTAGCAACCTCCATACTCTTCGTGAAGAAATACAACGCACAGGGGACCAATTGGCAGCAAGAACACGTACCAGGCTTGCTGAATGCAACTTCATTCGTACATCCCAGAATCACGCCGGAACGGGCAGATGTGCTGGATAAGGGACCGCGAAACAATCGCTAAAACGAAAGATGAGATCTACTATACTCGGGTAGAACACCCTAATTCGTCCGACTCAAGCCAAAGGCCTAAGCGGCAGACTACCTGACGTAACCGCATCCATTGACCACCCACATAAGGGCACAACCTCTCCATCGGCTGCCCCAATAACTGGTATTATTGAATTTGACCTTTGCCGAGAGAGCAGGCCTATTCCCCTCCGTATGATGTTGTTCTGTCGGAACTCACCACACTATGGGGAGGATTGGATTCTGCGGCATATCCATGACATCGAAGGGCTGGGACGTATCTTACTGCCGCAACTATCGCCAGACATCAGAGTTTTGCTGAACGTACCCTGGGTGGGAATTGCTAAATCTCCTCGCTGACATAGCTTCGTGCAGGACGGGGCTTTGGCTGGGATCGCGGGTTGTGTCCGCTCATCTTCTAGTCTACTTCACTCTGGGAAGGCACCATAACTGCGAGTACTTATGCTCACTACACACGCTTACGTGATCGCGACCCTATGCCGAACTAAAACTGAGTGATACAATTTGCATTCCCCATTCCCCACCAACAAAAATGCTAAGCGCAAACCAAAGATTGGCGAGGCATTAATGGAGCAGCAGATCATGCCGGACCTCTATTAGAAAGAGGGCTCTCCGAATGAATGACCGCAATACAACGTAGGCAGCGTCTTGCGT,1096,50.36,Saccharomyces cerevisiae
SEQ_921538,ACTCCGGCCTTGATAGAATCAGCAGCGGTCCTTGCTCCCGTCTCCAGGGCTTAACCTGAAGCGGTGGGCATCGTGAGTCATGATTATACAACTCATGCACAATTTCGGCCGTGCGATAGATCGCTAACTTAATTCACACTGTGACACGTCTTCGGTGACTATACAACGACTGCAAAGTCCGCGCACTAACTCTTTTTGGAGCATCGGCCGCCAGTATCGAGGCCCCCGGGTGTGCCTGGTTACGACTAAAGACTAATGAGGACATGTATTTCGGTTAAATAAACGATTGAGGCATCAGTATACGTACTCTAGTGCTCCCACTTTATCTTGGAGTCTTCGATTCAGGAACTATGCTAGGAGACGGGCAGTAGGCTGGTACACCAGCAACTGCTCGTCCACTTCAGTACCAATTAAACTTCCCGTTTCTCTCTGTTTCATGACTTTTGATCTGGAGGTTCTTCAGCCAGAAGTCAACCTATCTATTTTCTACAGTATTCTCTAGAGCAGAGCATCGAGCGTTTGACCTAAGAAATGCAATGACAGGGGTCGTTGTAAGGAGACTGATCTACAGAACTTGTCTGCAGCCCACGCATGACCTCTATACTCAATTTGCGCAAGGAAGGTGGGCCTAATTGGAAGTTGTATGAGAGGCTAATGGACCAGCCCGTACATGGTTCCGCTCCTACAAGCCGAGGACGAGCTCGATGGAATATGACGTTTTGAAGTCATTCAATGCTCCGGGTGGTTACTCTTACGTTTTTGGGATCTTCTCACATAGTGCGACTCACTCCAGGGCCCTCTCTTCGCTGATATCCACGTTTCCTCACATGTTATCCGGTTCTGCGTCCAGTCCTTGCGTAAAGATAGAGTGACTCAGCCTCCTGGACCTTTCGGCGTTTCACACGCATGACCCACCTATTTGGGTTCGAATATCTGGAGGCCACACCCCTGCTGCTTACAACGGCTACGGT,971,49.33,Arabidopsis thaliana
SEQ_477740,ACTGAGGAGGAACGGGTTAAGGATAGTTGTTTTACCTGAGAATCACGAGCGAGTTCTGCGGCTCGCGTAGTAAGTACTCACTACCGCTTTAGTGGAGGCTCTGCAAATTCTGATCTTGCCAAAAACTGGACCTCTCGGATGTGAGGGCTGATCTTGAACTCAAGTTTTGGTAAAACTCACCTCTGGCGTGCTGTTTTCCCTTGACAATACAAGGTGCAGTAAAATATGGGCGGGTCCCCCAGTAGATCAATCTCAGAACTCGTTACTGCTTTGTCTAGCTCACTCAACATGCAGACCCGTAAAGCACGCTCTTTGTAGTTCTATAATGGGTTGTCTGCCTTTAATAACATGGCGGCTTTTGATAACTAATGTGTGAAGCTTAATTTCGCCGCCCTTAAGAGGGGTGGTAAAAATCTGAAGGAACGGCCTCCTTTCATGGCGAACCGACTTTAAAATAATAGAAAGTGTATAGGTCCATGAGCTGACTGGGGAACTTTTCGGTCCTTACCGTCGACGCGCACACACGGACTTTCGCGGCTATTATACCGAACATTTTGGTGACGGTGCACACTTTGTCGAACAGTACAATAGGCGGTTGCGCTGCGACCGATGTCGTCTCACTCATTAGGCTGATCAGAAAGCACTGGTAATAACACGTGTTTAACCTGATGTTAGTGGTCGATGAATGGCTTACGCTCATCTTTCATTTTGCGTCCGTAAGGACGAATTCGTGTAGATTAAAGCCGGACCATTGTTGGACATACGTCCGAAGCGTAAACCGTGTAGTAGAGATTAAGCCGATTCAGCTTGATTTCACGATCCACCGAATAAAGTACCTCAATCACCACCAGCAACGATCTATGTGTCTTAATACCCCGTACGTATGGGAAAGGCCGTCCTGAGTCTAGTTTATCAACTGGGCTCAGGCACTACTACCGAGGAGGCAGCCTCGAAACGGCGTGTACGTGGCCTGGACCGCTTATCAAAGGCTCGGGCAGGCATACATGTGTTGACAATGATAGTTGCCAAAGTCCAAGGTAACTAGACAGAAGTTTGCATACAACTATAACAGAATTGACGCTCGCGATCCGGAATCTGCATCGACGGTCACTTTTGGCGAGAAGTGCCCGAGGTCGGGCCCACTCAGGAATGTGCGGTTCGGGGAACGCAACCACTGAGGGCGAGCGCGGGCATGGGCTGCTTCTATCATCGCAATTGGCAGTAAAATAGCCAGCACTCAATCGCCATGTCGAGTAGAATACACCACGCCGGTGGAGCACCGGCGGATTAAATATCCCGGTGAGCGTGCGAAGCCCTGTAGCGATTTCCTAGACCGGTCTGTCTGCCGCACCTAGAAAGTGCCAACGGCTTTAAGCAGAGCATGGGATGGCCCAGACTTGGCGCGAACACCACGCTCTAGCTTAGCCCGAAAGGCACACTAAAGGTGTCTTCATACCAAACGGATAACACGCGAATACCTCTGGCCAGTACCTCAACTATGCAAAGGTGTTCGTCGTATCAAGCTTAGCCAGCTGGCTTAACCACGAACTGACCATCCAGAGTGATTGA,1569,49.65,Drosophila melanogaster
SEQ_357089,ATACGCAGAGGCAGCGTGCTCATGAGAGACAAATTGGCCCTGTGGTAATATTAGTATAGTCAATCAAGGTACGATCTCCCCGTTTAAGTGTTTGAGCGATTGTAACAACCTACACGCGACTGTGGAATGCGTTCGAACACAGCTTGAGCGGGGTCTCGCAGAAAATCCTTGGACGGCACAGATCCCACCCCGGATCCAAAGAATGCTGTGTAAGCTCCCACTCCAGTACAGTCTAATAATAACATGATCTACTGCTGTCTACCACGATGGTGCTAGCCCACTTTTGGTCGATAGCGCACGGAGTCGCCCGTTTGGCACGGCATTACGCGCATTGGGCCTCAGTTTGTGGGCTTTTGGAGCTTTGGCCAGCTGGATGACGATCCTCTCTGAGGAACTACGCATTGTATATGACGCTCCCATACAAACATCT,430,50.47,Drosophila melanogaster
SEQ_825047,CCACCCGAGAGCCGTAGAGGCTTAATGTGTAGGCAAAGACCCATTTTCACACGGGTTTTATTGTTAGGGGTTTCGCCACGGGCGTGTGGATCCTCGCTCCAGGGCCCCCTCCTAAGTTACTCTAGATTGTTCATAGTTTAGGCAAACCCCGGAGCCCTCTTATCTCGTAAAACCATATCTTAGGGATCCTGAAATAGCTGTGTCACGTTATGGATGGTCGGTCCGGCTCGTGACGACGCTAGATACAGAATGAAGATCAGCATCACGTAGTATCGGGTGTGTGACAATGTGCCACCCGTATTATTTTCCTTAGGCGGGTGACTCGGGTGTTCCTGGCGCATAGAAATCCCCCTATAGTTCGGCTTCAATCAGCGGTTTTTACCACCGATAAATGATTGTATTGATCGCTGCCGAGGAGGTAT,422,50.0,Mus musculus
SEQ_317739,CGCCATATTTGCTTAGGTGGTAGGTCCTCGGAACTGCCCCTTGTAAACAGGTCGGTGTTAACCGAAGCGTCCCATCGTATGATTCTTTTCCGGGGCGTGGTTCGGCTGCGGACAAGTCATGCTAAGGCGGAGTCTTAGCCAGATAGTGAAGCTTAAACGGTACAGAGTAAGTGGCATACAGCCAAGGCTTACTCAACAATTCAGTGGCGCTCTACACGTGTACTCCTTCGAGGTTTACATGGCATTTTTCTTTGCGACTCCAATGGAGCAGCCCCCCGTTGGAACGAATTGACCACATTCGCTTTTCATTCAACTGTACATCTTGCCTGTTGAAGCTTCCGGTGATGCGGGGCTAAGCTGTGTTTCGCAGAGCACTGAGCGTCAGGCTTCCAAGAGTATCCGCCCTAGTTAGATGAGTCTATAAAGCGGAGCTTCCAGGATATACTGGTGTTTGCAAGGGTTTCTGTATCGATGCCAGCCGGGAACTCGTAGGGAGGGCTGTTCACTGCCCAAAGAAGCAATTCGTACGCCAGGCAGAACCCCCCCTCAAATATCGAAATACAAAACAACTGTGAGACTAAGACGCGGACTCGCCACTGTCGGTGTTGTCATCAAGACAGGGGATAACTAAGGTTCTCATAGAGATGGAGTCGAGTAAGCTGCCATTGGGTCGACATTGATCTGTCATCGGATTGAATCTAATTGCGACTATAGTGATTTACCTCTTAGGCCCCTATTGGCACCGGTTCAGAAGTCCTTTGAATTACCTAGTAGACACATGTGCTAGGGCCAATGTCGGCTTCTGAAATTCAAGTTGGTCCATACCCCTGCCCGCTGACCAGTTTCCGTTAAAATAGCTCCAAGTCTTAAAGGACTTGTGACTTACTCTGGGTTATCCGAAGTGAACCCGACGCCAACTTAGACCTCAATGTCTATAATTGGTTGCTAGACCCACATAGAAGACTATCCAAGTTATCCTCATAATCGGTACCCGTTCCGATTAAAGGCATATCCGGTATCTCTTTGAAGTAAGAAGAGACAATTCCGCCTACAAGTGTACTGAGTAATTGCTGATACAGATGGTTGCCTGCTTCGCGAATGTGGGTGACCGTGATCATACATAATCACTAGACGGTTAGAGGCGCTCAGGGCCTGCTACTTCTTAATCTCGTGTGACTACGTTACTTCCCGTTGCTTCCAGCTATACTGGCCAACGTTATAATCATTTAAACTGCCACTACACGCACACGACGAAACACGTCTGTGACTGAATTTTAGACGTTTGGGGATGCCCCTAATAACCTACCTACATTGAATATCTCCGTCTGGGACTGCTGTCCAATCTGTCCTTGAACTTTGGAGACATGAGTGTGCTTTACTCACCCATGTAGCAAGTCCGTAAGAAACGGCTGGCGATTAACGCACCCTGGCACCACGATTGCACTCTCAACATTGTAGAGACGAGCACGGCTGCAGCCGAGCGAGGGACCCTGATCGCTCAATCAACATAGCGCCGATACTCCCTGAAGAGCTTCGAATCAGGTCTGATCATTCGGGCCAACCCCGGTCTCCTGGGCAAGATGATTCTCTCTAGAACGCTTTTAGCCATGATCAGGATACTAGTTATCCGCGTGTTCTAACCCACCGTTAGTTGCGCCTTTTGGGCATAGTGCTGATGGGGATTTGCTAGAGTCCGTTCTCACTAATTTTCGTAGAGGGGACACAACGAGATGTCCGAGTTATTACTATCTATCACGTTCTCGGGAAATGGGATCCCCCGAATTTGTAAATTCTAAAGCACTTGCCCACAAAACCGTAAAAAGTGGTTCCCGGGAGGTTACTGGTCATCTTTACTTGGGGGT,1862,48.55,Saccharomyces cerevisiae
SEQ_460340,CCTAGCATGCATTGTACAGCATGTGACGAGTATCCACGCCCCTGATCTATATCTCCACGCCCAT,64,51.56,Saccharomyces cerevisiae
SEQ_375311,AGGATTAGTCTCTGCATGCGTGATCGCTGTTCGCTCCCACCACCGTAAGTCTGCGTACACCGGCCAGTTTTCGTGGTAAACGGATGCCTTCCGGGTGAGGAATACCTCCTCGCAAAGCTATTACAGAATCCCCAAGCTCACAGTAGAGTAATTCCAACGTTCGTGTGGATACCCTAGCGCACCAGGAATGTAAAGTGACCGCATCTGAATCGCTGACCTTAAAATTATAACTAAACTCCAGTGGCGAACAGTTTTAACGATCATAGTTCGTCTCGGACCACGATAGGCGAGTGTTCGTGTGAAAGGGGTATACAGAGGGACGGCGTCTCGGAACGAGGCGCGTGATTTTTATGTGGCCTTATGCTGGCAAATGACCTTGTGTGAGTCTGTGGCGAACTGCTATATACAGGTCGAGGCGGGCAGGCGATATATTATATTCAAGCGGTTGGAGGCGGATGTGATACGTCCCGGTGTGCTTTCTGGCTCTTTGGATGGAACTCGGCCATCCTTGTCCCAAATGTCACTTCGAGGTCATGCGCAGGGGCCGTAGCAACAAACGACTTCACTGGACCCTCAGAGCAAGGTCCCTGTGTATCCCTAGCCGGACGGCGTTGACGATCCTATTCGGTGAAGC,634,52.05,Caenorhabditis elegans
SEQ_216388,CACTTTCTGTCTCCGGCTAAGTGATCCAACTCAAATTGATAGGGCTTATCTCGCGCGAGCCCGTCCTGAGAACACCGCTGCGTAACAGTTCGTCCCTGTGCCGGCGAGAGTTATGCAGTTTTCACTGTATAATACCTACCTCCCCGGGGCCGGAAAGGTCTACATCTCATACCGACTATGGCGGGTTTCGTCTTCATCACACGGGAAAGCGCAGAATAAGAACGTATAGCCAAGCTTGTGACAAAGTCGCTGTCTGCAGACAACCCGCCTTGATCATAGAGATGGGGAATCATGACTGAATAGCCGCATAAGTTGAGTTCATTGATGTAGCAAAACACATCGTCCCCCTTCAGCTGGGTACTAGATGACAGTCACAGCCAGCTGTGACAATCCGAGGGCTTTTTGTGTACTTCGTAGCCTTTATCGCAGACACCCCGTCAAAAACCTCCACCTCAGAGTTCATTCCCGAAACCCCAAA,478,50.42,Mus musculus
SEQ_771969,CGCCGATAGCTCTACTCGGGAGATTCAGCATACAATTAATGTTGCGCGATCCAAACGACTGTCAGAGTTAAGAGCGGAATCGTTGATACGAAATAAGGTAATGGCATACGCGAACGCGAATCAGATCAATCTACAATGCGGCCGTTCCTTAACCTTTCGCAGGCAGCGCATGAATTAACCACCCAGGGGCGTGCGACCGCGCAGAAGGAGTATCGAGTACCGCAATCGTCAAGAGCCGGAAGGCACTGCGAACGCACGTCGGAAACAATCGTGGATGTTATGGCGCGTGTTCCCTGTATACTGCTAAAATAGCCCGATCCAGCGACAGGGTGGGCAACGGTGGGTGCTGTAATCGCCTCTGAGGTCCTGCATATAGAAAGACCAAAACATGATACATCCGTGTATGAGCGACTGGACCAATAGGGCACTCTTGGGAGCCGAAGCGAACCTCGGGTTAAGGGCCACTTTCTGCACCGGCGACACATGTGGACCGTATTATCTAGCACCGTCGCGCGACCATTTATAAGCGGAAGTAGAGGACCGGTCTGTTTGATAGCGATCTGTCGCCTATGGGAACAACCGGGATTAGGTTCGCCAGTCGCCCCAATGCACCAGAAAGCTGTCCGCCTGGTTGACTTGTAGAAAGAGCACAGCGGCAGCGTTGAGGGAATTGCCAACTCCTTACAAGTGGGACTAACCCGTCGGTCTACCAAACCGGGTCATCCCGTGAATGGATGCTTAGTTGGGCCCTAGTGAGTGTGCTTACTGACATTGAAAGGAGTAACCGTCCGAAGGCCAGGCTCAGCGGTTCAGTTGTGCTAGGCTAGGCTCAAAAGAGTCGTGACGGGCCTTGGTATTATTCTGAGACGGTGTGTATACTAAGACCCCTCTTTCGCGTGTATTTTACGAAAGTTCTCAGCGTTCAGTTGGTTACAGCAGGATGCTGAAGTCGACCGACAAATGGGACAGACTTGATCGAGCAAGGCTTCTGGGGGGATCCGGCGCTCTGGT,1011,52.92,Escherichia coli
SEQ_635581,GCCCTACCTCTTCCCCCAAAAATTAGATAAGCGAACACAGGAAGGGGGCTTTCTTTCCTCATGCCGCTCCGAATCCACCTCACTTTCGGTATAGGTAATCCGTCCGAGTGCTATGTCCCAAAGAGAGGATAAGTCGACTTCTATCGCTGCGTGGCGCGGAGCCTTACTATTCAGAACGTGGATAGTAACCAGGCTCGCGCCGTAACTGGCCCGAAAGTACGGTTTATTTCGTGAGTAGTGACCCGTGGTTGGGCACAATGAAGTAGGCCCTATTACACACCTCTTTATGCCAGTATAAGACGAATAAACTAGTGAATAGTCATGGTTCAAATCTCGGGCCACCCTAAAACTGCAGGGGCAAGACATAGGATTGCCCACTGGGATAAGATTTGACCATGACTCAGAGTCCACTACATACAGCCACAAAGCCAGATTCTGACGTGCGCCGCTATCGATTCCCGACTTGGCACTTTTAGCGCGTCAATAAGAGCTGAATTTATACTTGTGTGACGCGCCTCGATTTACTATAAATTTCGGTCTCACTTGATGGAAATTCATAATCTTTACAGCCCTGAAAATTAAGTTCTACCGTACGTCA,598,47.49,Mus musculus
SEQ_768819,CGCTGCGCTCTCCTGCAGTCACAGGCCGCCCATCTACGGGCAACGACGAGTCGGGGAGCCATAATTTAACGTAAGGTCGTCAGGTACGTGAAAATATCCATGATATGTGCCATGTAGCAATGAATTTGCAAGAAAGGGCGGACCCGACGACAAATAACTAGGGAAGTGCTGCACTGCACATATGTAGAGCTTTCGGCATAGTTAGGCTTCACTACAGATTATCATACCTTGTTACATACCGAATCAGGGGCAGTAGTTGCCCTTGCGTGGAATTGTTCTGGATGGCTGCGTCTCTAAGTGGAAGAATGGAAGAGTGGTACCTGCGAAGGAACAGGGAGTATATTACCAGAAAGACTACTTTAATCTGAATCCCGGGAGGTGCCCATTTCGGCGCAGAATGATGAAAAAAGCCAATAAGCTTCCGGTTGTTTGACGCCCGTGAAGTTTCCAATTTAATCTATCCACGGAACCGTAAGCCATTTCCTATTATGACTGAGGTGGCTGACAATCTGAGTACACTACTACTTTATCGATCTACCATGAGGCGAACCCAATCGTTTAACATACATCTGCAATTTTCCTATAGCACGGCTATTTTAAGCAGACCGCCGACCCACCACGCCTCTTGCACGCTCACACAGTAGCACTGAGCAACTCCGTTCTTGAAATCCGGTAAGCGGATGCACACATCCGCTAACATGACAAAGTCTATGTCAGGACCACAGTGCAAGGGATCGCAAAAAATGGGGGTACGGCTGTCACAAGCTCTAAGGAAGGCCTAAGATACTTGCTCTTACAAGGGTCATTCGCGCGAACTACTCGGATGAATACCCCAAGAGTGGCATAAGCGCTTGATGCGGCGAAGTGTGTGTCGGATTTAACACAGGCAGTCCATCTGCAGGACCTAGTGCATTAGAAGGATATCCAGCACGATTACGTGGGTAGCTCGTCTGCATTCCCTCAATGTTCAGTTCTACCGAGCCTATTCGCGGTACTAAAGGGCGATTGAGTCCAAGATGTCCGTTATGTTACTCCAGTTCCAACACGCACTCTCCCTCTTCGACAGAGTGCAGTCGCGACCAGCGCTTCTTATAAACTACAGTGCTGTGTGCCTATAAATAAGTTATCACAACCTGGCCCAATTTAGCTAGGACACGCATGATATCCCGATGTCGCTCAATTGCATCCGTAGAAACTTTAGACCTGCGAGGTAAGTCCACCCGTTGACGTAAGCATGGACCTTAGACGTTGGTTGATGGAAGGCTTACCTACTTATCGCTCGCACGCGCTATGACCCTCGGGTCTAGTCTCCTCCTCTTCTAGTCCCGTGCTGTGGGATCATAGTCACACCCTGGGCCGCCATTCGACGATTCCACATTAGAATACCCCGTCTTGACGAATTTTCTTAATTTCTCCATAAGCTACAAGTAAAGTGGTTGCGTTAGAACATTCGCTAGACCGGCTTCCGACTAGTTTGCACTAGGTGTTGGGCCCGCGTGATACGCATGCCGTTCTCCACTTGCTTCGGGGGCGAATGGCGGCCTGAGCGACCTTGGCGCTCCGCTAAGCTGGACCATTTTCTTAATCCGTAGGTAATACCCGATCTTCAGGCAGCCCGGTGGTGTGATTTACCATATGTCCGTTCGATCCGAGCTTCGAAATACTAAGGACTGGAGTTTTAGTGGTCCCCTTTTGTCGTGG,1701,49.5,Escherichia coli
SEQ_184964,AGCTTATAAACTCATCCCATCCACACGCAAATACAAGTGGCGTGCATTGGATCTACCGCTTCATACATCAGAGATGAAGATCCTAACTATGATCGAAG,98,42.86,Caenorhabditis elegans
SEQ_728183,CCGAGTTGTGACTGATGGCATCGTGCGGCATTTACTCCCTTAACTCCTAGCTTGCTTCAACTAATCCGTTGGAGTCCAAAAAAGAGGCTCAACGGACCTTGCCGGCAGGGCCTCTTCCTAACTTCCTCAGCCATTTGGAAAGCGACCGAGCACCGGTCTCTCACAACACTGGCCTGAGGGGCCGGGCAATCCCCTGATATCTAGGCAGGATAGACATGCGTGGAGCATGTATTGAGTTACCAGGTTAGCCAGGATATTAGCGGGTAGACAGCCCCGCCCCGGCAGTGAGGATCTCAGATCGCACTGTCAACACACGCAACTAGCGGAGAGATGGACCGCGATTAATTAAACGGACGCGGTAGTCACGCCCCCGCCGAGGGCAGATGCAATTAAGTAGACTCTGTAGGAGGCTGGCCGAGTTTAGCTCGTTGTTCGCTTTCTCGACACCAGGGAAGTCGGGCCCGAAGGCTATCTTGGCGTGATCTGGAATGCAGGACGACATACTGTCTTTAGACTGCCGGTGAGATCCTTGGGGCTTTGACTCCCGCACATCCACAGCTCTTTGCGTGGAGTTATGATCAGAAGCATCGAAGAGACCGGCTCCCATACCGGATCGTAGAGTTGTAGCTAACACGGTTTAGTGACTCTGGGCCCAAGGTTCGAAAGTACACACAGAACGCCTCCGTAGAACGGAACTGGAACGATCCATACGACCG,716,54.61,Arabidopsis thaliana
SEQ_143717,GCGTTACCTCGCTGGAAGGAAAGTAAGGGACTCAATTCTTTTCGACGAAAGACTCGAATTTACGGACTTTTTTTTACAGGTTATGCCTACCAATAATATTTGGATGCCAAATCGCTCAGCGAAGTCCTAATAAAGGATTAACCAGTGGCAGAGTTGTACGTTATATAATAAACTTGTCGGTGACGTTAACACTGTGGCCGAATTCAGGCTGTGAATACCGCCACATATCTGGAGCGTGAATCCGAAGCCCGCCCGCGACGTGGCGGTTCACTAGTTCCCCAGGCCCCGAGAGCGACGTCGATTAAAGGCAGTGCCAGCATATTAGGAATGGGAAGTCCAACTTTGAGTATCTACTTGAGGCACCCCCACCTCTAAGTAGCCAAGTAGCCCCACACCCGGATCGGGACTCCTAGAAGAAACTCCACGGGAGTCCCGCTACTAGTAGTTTTGTGGTATCTGGAGTACATCTCCTGCCCTTTGGCTGAACGGTCGTCGCTAACCACTAGGGAAACTCACCCAAGAGATGATGGTGTTCCACCAAGAACTACAAGGAGCTCAGCATTGGGACGCTAATGTGTGCCACAAGTTCAGCGTGCCAGAATTTAGCGCCCCAGCATGACACCCATCATTCGTGAGGACTTCCCCACGGTCGCCTACGACTCAATGAGGCCAGGAATATAATCGTGGCTAAGTAATCTGTCCACTTTTATTCACCCGAATCCGAGAACCTTAATCGCCCCGACTTCTTTGTACAAGACTCTTTCGCGATAATCAAGACTGGAGGTTTATACATTAATCGCCAAAGATTATTGCGTGGCAAGTTGTCACTAGGGAAGCTTCTAACCCGACTCAACCAGGCATCGGATGGAGAGAGTGGTCTGCGTCGACGCACATCGATTGACTGTGTGTATTATACTTGATGAAGGCCTCAGACTTTTTCCCTAATGGCAGACTGTTAGCGCAATCTAAATATATCGACTCAAGTAGACTGCTTGTCGGGACGGTGATTCGGGCAAAAATATGTTGCCCCAGAGGACTAATGTGACCGTCCGATCCTGCGGAGCCTTTATACGTTCTGCTCAATTATATCAACCTTCGTGGGTATTAACACTAACCCATGCGTGAGCGTCCGGATCTGGATCCCCCATTTAGTTCTGGGCTTTCGAAATGAGTATTGAGTTGTTTAAACACGGTGACGAGCCTTGCGGTCGGAACCGCGAAGTACGACGGATAGTAGCGCATATCCTAACCTCACGCCGCGGCGTATACCCCTGCGTGTAAAGGGAATGATTCTTGGGTCATAAGAGGTATAGGGAATCCTGATAACCCATGTACTTATTCCCGGTTGCCACATATTCATCCCGAGCTGCTGCGCGCCTCACCGCAGCTCCGTTGGACTCTTGTGATAATGTGACGGCCTGTAACAGCGGAATAAGCAGGACACGGGCCCTTGTGGTCCTATGGCGTCCTAGTCTAGCGCCTCCCCCTATTAAGAGGATATTTAGTCTTGAGTATAAAGCCCATGCACACTTATGTATCTATGCCAATCGAAGGGTCTCCTTTTTATATAACTCTCTCTGTCAGCTTCAATACTCGTTGAGCAACTCATGTGACTTAGGAATTCGGCCCCAGG,1633,49.05,Homo sapiens
SEQ_138944,TTGTTAACCTCTAAATATGTTGTACCTGTTATGGTTCGGGAAGGCACATCAAATTTGCATAAAGTTCGTGATACGGTCCACTACCCTACGCAATTGTGCAACAGTTCTGGTCAAGACGCGAGAGCTGCTCCGATAACTATTTTATCAGTGTGCAGCAGGGCAACTAGGAGAGCTTCACCTCCACCGGGGCGAGTTAGGAGATGACAACCGTAATTGCGCCTACCTTCCGGCGGTTCGCTAGCTTTCGATAGTAAGAATGATAGTTCAAATCAAGGGAGATACGTACCGCATCTTTAGCCGGGGCACCTGACGGGACATACTAGGCTCGGGCGGCGGCCCTGTCTGGGTTCCACTTAGCGAGCACAGTACGCACTGACAAGAAGTCGTGTGTAGGCGCACAGCAGCCGGTTCAGCTCAATCTCTTTGGACTTCGCTGGTACTCCGTCCGTATCCCGGCTAAAATGAAAAACTTTTATCCGCGACCCCCTGTCGTAGATGACAGGCGAAGCTGATACGCCGGGACCATCTGAAGGTTCTCGTCGACGAACACCGATTAAGCGGGGAACACGCAAAATAAACAGCTTACCGCTTGAGTTCTAATTCGTACGTGCCTTACCTCCGCCCTAACGTGACGACAGGACCACATTGAACTAATTAGCAGCCCCAGGGGGAAAGCTAAAATGCTACTCTATGAAAACAGGGGGGGATTTTGAAATAAGGCTCCAAGTAGTACTAGGGACAAGATCGTGCATTAATTACCGAATCACGCTGTCCATGACAACGCAGAGGACGAGTGCACCCATTTGGATACTCTCCAGAAGTGACAAGAGGAGAAACCGTTTCCAGTTTCCGGAACCATGCACTATTAGCGTCGCGATCACACAAACTACCTACGCAAAGAGAGTCACGTCCAGTCATGAAATAGAAAGCTTGTGTCTAGCGCATGGAATCTCGCCGCCCGCTGGTTGCACATGTAATGCACAACTAGCTAGTTACAGGCTGGGAGATATTTAGCTAACTGGCACTCCAGTCACTGTGCGTTCATGATAAACCTATTACGACATCGGCCTTCATACCGTGTGACTTGGCGGACTGTACGGTTTCGCATTTACCGATGCGAACACTGGGGACCAACCAATAGGCGGCACCTACACTATCGAAATGTCTTAAACGACCTGTGCGTCAGGGACTCTGAGGGTTCGTGAGTTGGGAATTGGAACTCACCAACTAGTTGTGCATCGTCATCAGACGAGGAGTGCAGGGTGATCGGAAGAGTTAGTATCGAATGGCTGCACCCTCTTCCAAAAGAGGTTTGTGCAGATATAGTGATAATCTTAGTGGTGCAGAATCGAGTGTCCCTCGAGTCCCTAGGTCTGTATTGACGAATGACACTTTCCTCTACATTTTATCGTCGTAGGGCTCTGCATCTGACAACCTTACTTAACG,1446,49.59,Arabidopsis thaliana
SEQ_365302,GGCCCATAATAGAGCGTGGAGCCGATGAGCTCTACTCAAACGGAGAACGGTCACGCAGAGAGCAGTTTGCCGCACACGCTTAACGTAGATAAAGATCCTTGTACTGGTTGCGAAGTAAGAGAGGTCACTAAAACATATTAGGTCCTGAAAACCTTTAGCTGGTTCGGGACATAAAGGATATAACTAAATGCACGGCAAAAATGATGCAGTAGCGTGCTGCGTCGCATATTAGGAGATCCGAGACGATCAGGTCCCATTCTCGTTTCTCACCGCTTTTGCCCCAAAGCGGCTGTAGATACCTTGCGTAGCTTGACTGAGTCTCAACCTCGATACTTTTAACGGTCGTCAAGTCGGTCGACCATTACTTAGTAGAGGACTTACCAGTACCAAGTCCAGTCCTTGACTGTAATAAGAGAGCTTGTACGTACCCGGGCATCAGGCATATCTTGAGATGGCGACCTTATAAACGTATCGTAGAGTTGCCGGCCGATTGTATTATATCTATGAGTTAGATGGCCTCCCAGTTCGTTTAGACAATAGGCTTCGATACAAGGTACGAAACACGACAGGCGTAGCCGAATTCGCAGGCCTTGAACCCCCGTCTCTCTCCGTGCCATGCTGAGTTTCCAGAAACCATAATTCGCAAGCTAATGCCAGCGGGTATCTTCTCAGAGCCGTAGGCCTATTGTTCTAATAACTTACGGGAGTAGTGGCCTGGTCAATGGCCTTTAGTCCGGGAGCAGTAAGCTTACAGGTGGCAAAAGTGGTGAACGAACGTGCTGAGCGCGGGAAAATTGTGATACACCCTGTCTTAAAGCAACATCTGATACGGGAATACCATTGCGGAAGAAGTGAGCCCCTAGGTACGGTAGACTCTGTAGAGCAACCGAAACGTGTTACCGGAAGAAGAGTCATATCCGTGCCCACCGATGCTCTGGATAGACTTCTAACGTGGCTTGGCCGGCTACAGTCGTCGCCACCGCATTTCTGGATACCTAAGTGCTAATGTGCTTCACTGGCGGAATTAGACTCAATTACCTGATACTGCACGAGAGGGGCTTTGAAACAGCACTGCATAGAGGGGTGCAAAGTTTTCCTAGACTTTATCCCTTTTACGCGACCATCGCTAGCGACAGACGCTCGATCTCTTACGCTTGTAACAGCGTTCCATTATAACCAATGCGACTGCGAGCACACGAAACTCTCTTATCTAGCGGTGTAGAACTCTGCCTCGTCGCCGGACGCTTTTATGCCGGCTGCTCCCGGGGGGTAGAGAAATGCTTAATTCGCGTGACAATATTACACCTGTTTTACAATCTGCCATAACATGTACCTTCTGCATGTACTAGGGTGAACGTGCGGATCTCGTAGACGGTTCTTCTCCTCCAATTTTTAAGTCTGGCCAAGTCGCTTGTCTAACGGAGCAGATTTACGACGTTGATGTCCTCAGGCAGGGGGGAGGCGAGTCGTTCCGACATCGTGCAACGATTGTGTTCTTGTGGAGGGTTTAGTAGCCCGCCATGTACTGCCTTATCGGGCAGCAAGATGTCGGGTGTCTTCAATTTAGTCAGAAAGCTTCCGAGTGAACTGTACTACCTCCTGGGATATGGACGCTTTGCCGAACAGTAGGGGCAGGTAATCGCGACCATACCATTAGCCTGTACGGG,1667,49.61,Escherichia coli
SEQ_438674,ATCCTTCGCCCCCCTGTGATTTCGATAAGCCACTGGGACTCAATGGGTAGCAATTGGCCTGGCTTACCAAGTAATCCTAAAGAACTAGGGAGTAACTCGGCCTATAATGACTCCCGGAAATAACGGCAGGGGGCTGGAAAGCTTCATACGCGATATAAGCGCAAATTTGAGCACGCAAGTCATTACCGGACTAATCTTGCAATCCCGTGTGAATATTTCGTCGGCGCAAACCAATATCTCGCTGACAAGATCACTAGCTCGCACGTTTGACCCCCCAGATTCGGTTCACATGTCCCGCATATTGTCCTATTCCCAAGTCCTTTGTCTTGGGGGGGGACGGGCTCTCACCCCGCATGGAGGGAAGGGGGGTATAACGCCGTTCGTGGCATCTTAGGCGCGGTAGGGACTGCTACCATTGGAAATGACCGAGATAGACATTCTTGAGGTCTCATGAGGAGTCCGAAACCCGAATTCCGCATATAACAGGTGCTTTCCAACGCCACTAGGCAAAATAGAAGGTGGGTGCTAATTACCCGATAGCTGCACATTAGAGCGGTTCCAACTTATCGTCCTTAGATTATGGATGTCTCTGCTCACTTGGTAACCTAAGTCCGCGCATAACGACTCGCCACTGAGGTTCTGCACTTATGCTGCCAGGGCTGAAGTTGATGAGCCGACTGCGAGTGAGAGGCGCGGTAACGGGGTTCTTAAACGACGCCTACGTTAACTGCTGGCGTTACTGGCTATGTTATTATATCAATGTCCCATTAAGTCTGTAGACGCGTAGGTGCGGAGGGCGTCTCGCGCATCGATCGCCGAAGCGATATTCTAACTGGCTTTTTGGCCCATCGTTGGTGTTCGGTTCCGAAAACTGATCACGAACTAACAGATGCTCTATGAATGACCATGAGGTGGCTAGCTTTGTACAAATCAGCCGCTTTTATGCCGCGTGGGGTCCCGCACGACCACAAGGCCTGGCGAATGGTTAATAGTAAGCCTTAGACCCCGTCCCGCGTAGAGAAACTTATCATGCTGTAGGAGGAGAAAGGCGCCAAACT,1058,51.23,Homo sapiens
SEQ_181914,TGCTGTACCTAGGTGCCCCTCCTGAGATAGTTTAGACCGAAGTGCCTGTGGTACTGGCGAGTGCCACATCATAAAATAAAAACCATACTAGAAGCCAAACAAATAGGTATATACGAGCCAGCTGCAACACAACCTAAGGCCAAATGCTTGGAGGAACGCAACGTAAGCATGAACCCGCACGAATCGTTGGGTAGTCATTTGACGCTTTAGGCATGTAGAAATTCGACTGCATTGCTAGTCTTGGACTGCCTGCTCGAACTTGATAACCGTACGGCTGCCAATGGCATGAGTAAGAGCCTGCGGAGAACTGGTAAGGTACGTGCAAGTCACAATCACTCCGGATTCACTCTAGCGGCGGTGCCTTACGAGACCGTTAGACACCACGGTAGTTGCACGGATAATTCGCAGTTTCAGCCCTAAGCAACCCTACACCGCTAGAATAAGCCAGAGATGCCCGTGGGCCCTCAAGTTCTTAGACACTTATATCCCTGTATTAACCAACAGTTCAGTGACTACATTAGTATTACAAGCGTTAGTATGTTGCATATATCATCTTGCACCGTTCGTGAACGTCAGCAATGGATATCATTTAGCGTAATCGTTAACGAGCACATGGACAGCAAGATTGGGAGTAGCCATAAGTACTTACCAACTTCGCTCGGGCCCGGACAGTGGTTAACCTCAACTCGTCTATTCTTTTCACGGTCTCCGTCTATCCTCTCAGATGAATCATCTGCTATCTTCAAACGTCCTGCGGAAATCCGTAACATTACGCCATTGGTTGCCACGACATATAAAATGTTCCCATTGATAATATTATTCGCATATTTGACAGCAGGTACACAATGGCCTCTTGCACCGCACGAGACCTAGACGCATAACCATGCTCAACAACCTTGACTAGTCAGCACGATAGATCTTCCGGTAGAAACTTGGTGACTTGGACTCTACGCCGTAGCATAATGAACGCGTTCGTCGTGGATGCTTTGAGCCCCTCCATCATGTATCGCGGTTAGATTAACTATTGCCGTTCAAGGACCCGGTGGTGGGCTTTGATCTAGGCCTCAGATATCGACGAGGCGTAATACTATAGTCCGATAATCGTGAACGGCTGGTGTGTCCAGACCTACTAACTGCACAATTCCGAAGTGACCGCCCTTATAACCAGACAAATACCCCAATCTTGTTAATCTAGATTTAAAAAGGGCAGTTCGCGGTTGGCATAGAATAGTCAGAGTCCCGGGCCGCACTCGTATTAGGGCAAGGGA,1268,47.56,Arabidopsis thaliana
SEQ_318891,CACTATGATGCCGTCGGGACTGTTTTGTTTAAGTAGCAATGAGTCGGCTTAAGGATGGGTCGTTTACCGGTGTTGACTGAGGGGAACCTACTCTTACGTTCGGTGAAGCGTCTCCACCAGCTGCCCATGTTAGAGATCGGCGGAATGACATTCCTGGCCCGTTAGCGTAGAGAGTAATGTGAAATTCTGCGCCGGCTTGCCCGCTTAGTTCCTTCGGGTCTTTAGCCAGACGGAGCGCTGGTCTCGCCCGCGCTCCGGTGTGTTGCTACATGAGAGATCAGCCGGAGCCTCGCCCGCAAGGAATCGTGCCCAAGGAAGGAAAATGTCCCCTGATGTTGATCACAGCCTAGGGCTGACACTGGACGTCATGGTCGCCAAGACGCTAACAGGATGTAAATATACAACATCGTAGCTGCTCATTTGTCAGAAGTTGGAGTAAGTCACATTACTAGTACTGGCTTGCCAAGGTAGTATGACCGCCCTATAACTCTAGCGTTATCAGCCGAAGGCCCACCATCGTAGGCGCTCCCAGATGTTGGGGGCAGGTCAGTTGCTTCGTCCCTCACTTTTCATAGAGGGTCTGCACGTTACCAAATTTAGAGCGATCGTCCGGTACGCGGTCTTAGACCTCCCCTACTGATGGCCCGATCTCGTATGGAACGAGAAAATACCAAACTCAACGAGTCCGCGGCGCATTAACATGCCATGTTGGCTTGGACCCTCCGCGGAGTCCAATGTTAACAAAGGGGGGATCTAATCGCATCACAGTTGGTCCTTTACGGACTGAGCCTAATCGTCGGCATAACTAGCTTCACCCTTTAGATCTTCTTCTACTGTCCTAGTCAAATCTAAATACCCGCAGTCATCGCCAGCCATTGCCGGATAGAGGCATAGGGGAATATGCATCATGATGCTGTATATTTATTAGCCTCACCTGAATGCTACGGATTTGTGAATGTCGGTGTCAATTTGAACGGTTGATTCGTCCAGGCAATCCTATACCCTGATCGCCGCGCGCGCCTATAGTGCCTACATTGACTTTCAAACATGGGCTTACAGTATTAAGGTCATCCATTTACGGTCGGACACCACCAGACGTCCGGGGGTTAAATATCTAAGTGCCCGTCGCTAATAGAGTCAAGCTTGGTAAGATGGAGGTCCGCTGGAATAAGCCATGTATATTAGCATTTCCCAGTAGGGCCCTACCGAGATCGACCCCCACAGA,1225,51.18,Escherichia coli
SEQ_698110,GGGTTTAGTGTGTGTTCCTAGCTTTTTTTTCTCGTACAGAACAGTCATGGGTTTTCCTAAATGTCGAACGGGAGCTCACCTGGCGACACGCTAGTAGCTCATGACGTTGTATGACTCCTGGCGATGGTTGGACGATCTAGGACGACCACCTTTACTTCTTATATGTGGACTCTAACTCATCCCCCTCCCTGGACCGGATGGCTCCCATGTCGGGTACCGCCGATTGAAATTTCCCGTCTAAGCCCTTCTTGATGAGTCCGCCTATTCGCGACCTCTAGTCCGAACCCGCCCAAACAGTTCTCGGAAACGGGCACATCATGCCCACCTCTGAGCATGGAGTTTAATATGTTTCGTTTACAGGTATTGTACTTAGCTCGGTCTTTTACCCTCAAGGGTACTATGACATGTGGCATAGGTGTATCTTGGGCGCGTACATTATCTCTACCCGTCTTCGAGGTCTCACGACGCAACAGCAAGGTGGTGGGAGGATCGCATCCTTTGTAAAACTAACTGCAAGGCGTACTCAATCCAATAAGCATTACTTCATTATGACCGCTCCAGTTACGAGTAATAGCTTTGATGGACACATAGATCAGCCTTGTTGTTTACGCGTAAGTTAGAATGCACATGCCCGACGCACCCGACACGGAACGATGCGAGCGCAAGTACAGGATCCGTCAAAGCCGACTTAGGGGAATAACTCGCAAAGTGATCCCCTCGTATCGAGTTTGTTCTGGACAGGTAGTCTGTGTGTCACGTATCTTGACATGGACCGCCAGAAACTACAAGCGTCTTACCAATAGGGGCGGTGTTCCAGTGGGGACTCTATAACTATCGTTCATTTGTCATGAAAGGAAGC,859,49.24,Drosophila melanogaster
SEQ_443718,GCCAACAGATATCAGTGGCGGATCCTCGAGAGGTGGGAAACACAACAGGTATTGAAACAGCGGGCCGGTCGTTCGTTTGTAATAAGCTGGCCGCGCAGAAGTGCTAGCCCGTGTGTGGGGTAGTCATTCATTACTCCTTCCAGAGGCCGCTTCAGCAGAGTGCTTTAGTGGTCGGGCCAACACTCTACCGAGGTGGTTCGACTCACCCATCTATAGAAAGTCGTTTGCTCCGTTGCCACTAGTGGCTTAGGAGAGATACAGGATAGGGGTGTCGGCTCTTTCGACAGTAGACCTTTCCGGCCTGTTAACGGATTGGTCTACGACTCAACAAGGTAGTATTTATTAGAAGGTATGTCACTCTGGCTGGCTCGCCTGTTGAGAGACTCAACATCTTATGAGGTCATCCGTAAGTCCTAGTGGGCCCTCTGTGGTAGGGCAGTATAGCGCCAATAATGCCAGGGCTCGTGTGTTCGCGCAAAAATGCAGCGTACTCACACACACCGCAGCAAATTCAATAGGCGACAGCGGAAGTGGAGTTTTACAAGCGAAGTATTCGTACACTTGTGCTCCCCACTCCTGTACGCATGCATTCTTGCGCTAGTCTACCTGACCCCAGACCTGCAGGGTACTCATTGGTTCATATTTCCACAATTATTGCTGGGTTTAGAGGAGTATATCCTACTCTATTAAGTTAGAGGGATTAGAACTATGCCTTGGGAGAGGCAATAAAAACCGACAACACATTCCCTTTTAAAAGACAATCGACCTACGCCGCTTAAGCGATCGCATAGGTTAACATTGAATGAAGAGCGAAAGCCTTTTGGAGTAGTGTCCTTCGCTGACGTAGTACCTCGATCACTACTACCGAAGCAGGCCTGCCAACCGACTCTTGCGCCATACGGCAGCACTGAAAGAGCGGGTCGGCTGTACGCTGTCGGCCTTGCCGTCGGGATGACCGTACGTCCCCACCACCTATTGTCGAGCGGCGACTAGTCGGCGCAAGGATTTTACGCACCCCTCTGATCTACTGAGCAGAAAGAATGAGCCAACCCTTGTAGGGCCTCCTGACATTAGGCACTGGCGTCCAAAAGACTTCGACTCCCATTAACATGTGTCCCACTTTTGGGGCTGGCAATTTTCTAGGTACTGACCGCTTTATAACTTTCTACACACAGGTAACTTAGCTTAATACCCATCTACTGACAGCTTTCAGCAACTTGTCTCAGTCCCATCCCAAGACGCATAGAATCGTAACCATTTGTAAATGGGTACTTCCGAGGACGCGTTAAGTCAGCTTCTTCCACTACCAGGGTAATCGGTATTCTTGAAACGGTCCGTCCCGCGATTCGATGCACGCCCAAACTATTTTTGTGGCGTCTAGTTAACTCGTGTCCGAACGGTCGAACCAATTTGGTCACTCTAATTATCGTTAAAGCTGGACCCCTTTGGGCACGTAGATGATTACCGGTCGGCTCTCCCCGAATTGCGTCTGCTCTTTTCCTTTTAACGGGCAGCGTGTTTCCAGAGATCGAAAGGACATTTAGAAGCTGAATGCGCGGGGTCTAAGTTTCGGCACTGACGTCACGGCGGGGAAAAATATCTCTTGCAGCATACCTGTCGCAGTGACCGCCCATCAACTTGTCCAACCAGGGGCTGCTTCCGCCTGTGTCGACCATACTGGTAAAGAGGTGCCCGTGGAGCATTACTTTACGCTGTCAGGCGGGATGGGGGTGCGCGAATTTAATTTAGCCATGTGTGTGAGTCATCAAGACTCACCACAGTTCCACTGTAGACCTAGTGTCCAAGTGGTCCGGTTCCTGAAGAATGCCAGCGAGACGTCTGTATTATCCCCGGTTTTCCTCGGAGACTTCGGTTCTATACCTCGCTGTCTTCGGATAGGTGCCACCCACCCCGGCAAACGGGAGAGAATTTTCGTAGAACT,1942,50.88,Homo sapiens
SEQ_758911,CCAATTAGTAGTCGTCTGTGCCATATCCCGAGAAAGTCATTTGCGCGTCTCGCTACCCATAGGTCACGCGTAGTAAATCCGCGAGTTGGAATTTGGACTTAGCCCGGACGTATATTGAGCCGCGACTCGGGCCTAACACCCTTGACCTCGCGGAGAATTGGATTCTCCGTCGGTAGTCTAATAATAAGTTACCCTATGCAGACGTTCGGGACTGCAAAGTCTGCAATAATACAGTGCCGGCGGTCAAAATCGTGGTCGCTAGAAATAGATGGTATGCTCAGGTGCGCGGAGGTACGGGGGGGTCCCCTCGCCGAAGTATGCGCCGCGGTTTGCTCCCGTAAGGGAAAAATGTGTACACTTATCGGAGACAGCTAAAGGCGTCATATTACGTTGTTGGATTCCGCCTCTCGGCCATTTACATGACATGTAGAGAGCCATAAGAAGCTGGGTTTAACCTCATGTATGCCAATTCCAAGCACTGATCATTCCCATGAACCGTAGGTCGGTATGAATAAGATATAATAAAAATCACTGGCAGGTCGGTCATCAAGGACTACCCCAGATAAGGTGATATTAGAAGTGCTAGCTATGTCGGATAAAACGATAACGTCTCTTACGACACCGAGAGGGCGGCTGAACATCACAAGTCCCCGGTGGCGGTAGCAGGAAGCGGACCATGTATCTTGTGTGAGGGTTTGGTTAGAGTTTACCCACAATAGTTACATACGTATTTTGGCGGGGTAAGTACACGGGCACAGAAACCCGGCATTTGCTATAGCAGGTGGAAACACCTGTCCAAGCCATAGAGCAGTGTTCGTCTCTCTTGGCCGTTCCGGTACTTCCACGGCGAAACTGCCGGCACCCGGGCCAGGAATTTCGCGGCGCACCGCTGCTTAGCGCTGGTCTGTATTAATTTAATTATGTAACCCGAGTTGAGCACGCTGACGAACTCGTACCATCGTTTTGCAGTACCATTTGTCAGAGTTACATTTTTACGCCTAAATCTCGACAGCCTTCCGTGGGACCTGGTATCTCGTGTCCTGCCAAAAGCTCGCATGATAGTTCTGCGTATTGAGTGCATATTGCGCGTGCGTGGTTAGGTGGCTAATCGCAGTAGGGCATTGGGACGCTGCAGGGCCTTTAAAAGGCTTACCTTACATCATAACTTGTGGGTTACATAGACGACCTGACTCAGATCAATGTGTAAACGATACTCCGGCAAAAATACGTGTATTCGCAGGATACTTTACACTGTAAGCCTTGTTATGTCAGTCTAAGTAGCTG,1284,49.45,Arabidopsis thaliana
SEQ_839210,CCGCCAGTTTGCCCCTTTGCACGGCATACTAGTTACCCATAAAGCCCACGCGTCTGTACCAAGGTCTACACCCCGCCCACTCTTTGTTCCTGCTCACCCCGTGTAACAACAAAGATATCTACGTTTAGATATTCTCCCTATAGACGTGGGGCTGGATGGATGGCGTACCAAGTTTGACTCGACTTCACCTAACGGGAGGAGAGCGCTCATGCTGGACATACATTCGGACGCGGCGCTTTGTCTTTGCAACAATGCCGCCGACGGCGTTTGGCTGAGGTTTGCGATCGTAAATCTGCCGTCTTAAACATTCGTTTATTTCGAACACGTGTGGCATTCGCGCATACGACTCGAATGGATGGTATCGCTCGCAATCATGTCTGAACCCAACGCGAAGCTTTAGACAAAAGCCGCCCTGTGGCAAATCCCAACGCAGTAAAGTTCCCTACACGGAACTGCACGCTCGAAGACATAAGGTTAAAGCCGTACACGCTGAACAGCGGATTCCGATGTCTTATGGACAAAAAGTTGTGCCTAGCAAGTATAATACCAAAACGCCAGTCATCCGGTGCAAGTGTCATCTAAAAGGGTCTCGAAAATTTGCAGTGATTAGCCACTCTTACTTAGGCCGCCTACTAAGTGTAGGCTAGGATAGGTTCCCCTAAAAATCAACATAGACGTTCCCGATTACCAACAACGGAGAACCCGAAGCCACACAGGTAGTTTATGATAAGATGTCACCCGATATAGTGCGGATGCGCTTTTTACCCCAACAAGGTCTTCTCTTTTTCGACACTTGACCGTAGTGACGACGTCTTTGACCTGTGAAAAGTTCTATAGGATTGCGTAGACTAAATCATGAGCCTTTCAACGAATGGTCCAATTCCTAAACCTTAGCCCTAATCTGCTGTCCCATAGTTAACACTGCCTGCCCAGGTTACCTTCCGAGCTCTCGTGGCCGAAGGGTGGATACTCAGTTTTGCGGTACCTTACGCAGCACCTGGCACT,1005,49.15,Homo sapiens
SEQ_330524,GTTCTACCACCTTAAGGCGCGTGTGTAAATATCTTGCCTTGCGCTCAACATTTGAGGGGGGCTTGGTATCATTCCCCATGAGCCGTTGAAGCATCGGGTAACTGCTTAACAGTGCGTAGGTATACCATCTTGGGCCTCGTGGCCCGTGTGCTGAAGCAGCCGTTGGAGGTCCCCCTTCACACTGACGACTGGCGTTCAGTGTTCGCTCTCCCGCAAATATTCTAGTTACTCCTGTCGATCAGAAACGGGCACCCCAGGATGCAACCACTTTGCGGCGGGAATGATACGCCAGTTCCTATGGAGCGGTGCTACACGCCATTGTGACTAGCGAATCGTCAGTCCACTAAACTTTGAGCGTTTCGAGGCCTGGTCTTAGGGATTTGGGGCAAAGGTAAACTAAGGATCCCCACACTAAAAGCATCGCCCTGGGCAATGAATATTGCAAGATACGCACCAGAATTGACATTGATGTGGAGCGGCGAACTGCGCCCCACCTGCTGACGGTCTATTCACCTCTGTGACCTGGACCTCTATCGCAAAAGACTGTCAGTTAATGTGGAACTAGTTGGCCTAAGCTTTACGCGATATAGCAGCCACGCTTACTGTGCCATCGCCCGACGGCCCAGGAATACCGATATGATCGTTCAGACCTTGTGCAATTCGCAACACGTTCACAGAGGAGAGCCATGTGAACAGTCTAGATGTGCCCGGGGCGGGAGCCCACAAGCACTGTTTAACTATCGACGAGAATAGCACCAATAATCGATAGGACGGTCGACGCTTAGTGGTAAGGTAGTGTATTACTGAAGACATTCTCATATGGGGAACGGATAACCAAGCCTCTGTCGCGGGCCACGCAGACAGAAAAGCTAGTACCGCCGGAGGGGTAGGGATGCGACCCGATACCTTTGCCTTAATCTATACTAGAAGCATTCACACTGGGTACACACGCAAACGCGGACCTAAACAATTAGGTATGCATGCACGAAGCCCGATACGATATTACTGTATCCGCCGCGTATGTAATTCCACGTCGGCGTATTCGTCGTGCAGCCTCGATC,1061,52.03,Drosophila melanogaster
SEQ_377016,TTTGCGAGGCAGATATACTGGAAGCGAAGGAGGGAGGCGATGGAGTGCCCGCGGCACTAATCGGATATAGAGTCCGATGTGACCCGCCGAAGCGGAAAATACTCGTATCATTCAAAGTCAGTCGGAAGAGAAATCGAAGGGTGAGAGCAGGAGTAAGGTCAAATTCGGTGAAAAAATACCGTTAGAAAATCAGTTCAACAACAGGCCGTAGGGCACATTGGACACCGGTTTATTACTCATTTTGTGATCAGTGTCGGGTCCCATGATGGGACCTCTCAGCTCCGATTCACCACCAACGGTAAGCTATGACGCGTCTACGCCTTACGTAATTGAAGAACCACAGCGGGTTGAGACTCCGGTGTTCGAGCCGCCACCTCTCACTGGTAAACGCATATGAAGCCCATCTTGCCTCAGTCCCATGTAGTACGTTCTTGGGCTAGATCTGGTGCTGTGGTTTAACCAAACGTACTATATACCGGTGGAGTATTATTGAAATGTCCCGACTCGCTGTGCATACGAACTTACAGATCAAATGAGGCGCTGAGTCGCTCCAAATCGTATCCGGTAACCTTTACACCTCAATGAATTTACAACGTGACACCTCTGACAGTCAGACCCGCGTTCGAATTTATAGATTGCGACGAATCAAGGCTAGTCCTGCCCTACGCATATAGCACCATGGTGACCTTTGGTCAAAACACCGTAGGTGGTGTACCACCGGGTGTACAGAACTGTCACCGGGGTGGTACCAAAGCACCGACCCCCTGCGCACGGCACCCTATTCTATATAACCCCCTTTCACAGACCGCAGACTAAAGCTGGCTCTTCAGAAGGGATCGCAGCCGAGCTCGTACCGTGCACCTCTTTCCAGCAGCAGCGGAAGCAAGGTGTTGCCACTCGTATCTGATTTGTCTTACTAAACGATCTGCGGAACGTTTTTAGCTCATGAGGCAATGACATAGTTGATAAACAGCAGTTTTGCCCTATATACTAGGTAGGCCACATAAATACGCGCGTGACCCGGGTCTTAATTGCAGCGGCAGTCCACTCCGGCATCGAAAAGCTCCAAGAAGCGGTACAAAAGTGGAGTACGCTAGTCACTTTTGTCCACCACCGGGACTAGAAAGATCCAGTTTGTCAGTGTGGAACGCATCAAACCATCGTCCCGCTTCACGGGCGGATCAAGTAAG,1190,50.34,Mus musculus
SEQ_726846,GCACGCGTAAAATAGATAGGCAATCTGACAGCCGGAAGTGTTAGCTCAGTGGGAATCGTGCGGTATTGCTGTCTCAGTACGCTTCCAGGTACGTGGGTGACACAGTACGGGGTATATGTACTGGATCGCAACCCACTGTACGACGGCAACGTGCTTCGCTTCCGAGCCTTGTTAAAAAATCGTACGGCTGTCTGTAGCCCGAGTTACACATCCACGCGAGTAGCACCCAACCATTAGTTTAGCTTACTAGCAGACATAGGGCCCCGACCATGCGGCCCGACCGGCATACTTGGTTCGGGCATGGGCTACCTAGCACAGGGTCTCACCCGACAAAGGCACGGTATGTGGCGCAGGCCACGTCAGCAGGCCGAACCAGTCCAATGCCCCCGCCCGCGGGGTCCGACGGGCCATATGGCGCGAGACCCAGAACGCGCTATATGTCCTCGCCGACACGCCATGGACCACTCCAAACATCAGGTTTAATCGATGTTTCATCGGAGCATACGGGCCGGGCCGCTAACGCCAAGAAAGCGGTTGACTGTTAGAGCCGACAGGCGCCTGATCTGCGGCGATCATCCCAGTTGTGGATGAGTTGAAACGTCACCTATTGGTATAGATGACTGTTCCGGAGTTCGTCAGTAGATGGAGTTTGGACCATAAGTGATTCGCCTCCGTTGTATATGACCTAAAAGTACAAGCGTACCAAACTTATTAAAGCAGCCCTGTCCCGTTAAAACCAAGTTTGGCTCTGCCGACCTTTCGTAGAGCCTCTGCACGAAATTGCCTACGTTGTGAGATCCCACCTTTGGAACTAATCCCTAATAAATGGTCAACTTGACATAGTTATGTACCATCTGCTCTCGTGCTCGTCCCACCGTTGACTGGATTCCGTTTGCCTGCTCTCATGGATAGTTATATTCGTATTTCGGGGCAAAGACTCGTCACATTTAGCATTAATAAGGCTTGGGACTCCCCGGGGTAGCGCGAAGGACATCGTCGCAGAAACTCTGGGCGCCCAATACCAACCTGGGGCAAGTTCGCTAGTCCTCCTATGTAACAAACTGGCCGCTAATAGGCCTCGCAGGCTATTAGCGACGA,1098,53.28,Arabidopsis thaliana
SEQ_485992,ATCTGATGGACGAGAGTGGAGTAAACATGAGTTTATACTAATCTGAAGGCTTGGTGGCTACTTATTAACCGCCCTGCGCCATGCCTTTGTCAATAGTTGCGTATTGGATCACTGGATATCAACATCCTTCATGACTAAAACGCAATTAGCGACCAGGAGGGCTATGGTTGTCCTACCCTTGCAACTCAACAACGAACAAATTGTTGCGCTTGGCTGGCTACTCATCCTGCGTGCAGGTTCTCGAGAGTTTGAGCTTTCTAATACGCATTGTTGGCACTAATGACCTCGACCGCGGCTGCCGCATGCTCACATAGACCAGGGTATCTCTCGATCGGTTAACTGTTAGAATTGTTTTCTACAGTCGGGAGAGTAAGGAATCGTTACTCATAATGTAGAGATCATATTCGGCGGAGGAAGTACTATGTATTTACAGGGTAGCAACTGACTCGCGGGAACTACACCTAGCACGCCGGCGCTGCATGGAGGGCATACAGTGGCGCGAGTACCTTGTAAATTTAAGTGCAATACCAGTTCCGCAGACCCGCTTCAGCCAGGGAGTCAAATGAGCTGAGATAATAGCACCTCCTATAATCCGCAATGGGACATCATTAGCTTTGCACCGGCCCACGCTGTGGCTTCAATAACGGACGTAAAGCAGACGTGTCTCGAAAAGAAAGCGCTCGGTTTTGGTGACGGAGGTTGTAGTTACCGCTGAAACTCTTCCTCCATCTTAAATGCTTAGCTCGACATGCACTTGCCGAAAGTCTACGTAGTTTAGAGGTTCCTCGTTCTTGGCAAATCTTGGGCTCCACTTGCGCGTCAGGACTTCCTCGGTGAACCTACGTAAGGGCAGCGTCCGTCAGGTGATATCGAACCAAACAGGCTTATTCCATTTTCTTCACGGTTAAGCTTGGGTCTGTGACGTGAAACAACATGGGGAAACAGGCGAGTGTCAGGGCGTTTTACTTCTGTCAATGCTGTATAGAATTGTTGGATGACTTGGGGCCATTTAGCTGGAGCTACAGTATAATGGATACCGAAGGCGCAATGCGACCT,1056,48.48,Saccharomyces cerevisiae
SEQ_911434,TGCTACGAGTCTAGTAGACACCTAAGCGTATCTCACTCAAGAGAGATGTTAGGGAGGCAGTGTATAGGTTAATCTATGAAATCAGGAACACACCGCAACAATGTTGATCCGCGGCCGGGGCGATGTTTAGCTAGCGAGTACGAAGGATGGGTTCGACTGAGAAAGCGCAGATCTTTGGCGATTGCATCTTTATACGTCGCCAGTATGTAAGACGTTTACCATCTCGAGATCTAACCTACTTACTATGCACCTGGTATTCCTTTAGCTGCGTACTGCGAAAGCCCTAAGGTGAAGGATCGGATAGGGAACCATTCGGCTCACTTCTAACATGTACAGAGATGGCCCACTGACACTCTTATCCAGTATGGTGACTCCTTACGAAACCTATCAATTACCCTTTATGAGAGCATAGCCCACTAGGCTGCTGAGGGCGGGGAGGGCGAGAGCCGGGACGGATATTGAATGGCATTCTGCTGTCGAACATATAATGCAACGCGACACCACTAGGTTCACGGTGCTCGTAGACGAGAGGGATAAAGCTGTGTTGAACCCCAGTGCAATAGGGTATCACGTGCCAGGTGCCTCCATTTATACTCTAGTTGCTATATAGATCGGCAGC,619,48.95,Escherichia coli
SEQ_143813,ATCCGATGAACCATCGATATTTCACCGGAGCGAGAGTGCAAGAACTAGACAGGGAATGATCCTGCCGGTAGAGTCTCTTCTTCGATCAAACCCGTCATTCTGCTTCAAGCGTAGCGTTGTAACAATCCTGTCCGTTAGGAATGGCTCACTAGGCTCTAGGTATTAGGAGTGGCCTTTCTGCCGCGACGGTATGCGAAGGGGGAGGCGCTCAGGCCTTGGAGCGATAGCGTGCGTATCTGGAGCAAACCTCCTAGTGCTGTGTATCTTCACAGTACCACTGGTCGTCTGAATACAATAGAAGTGACGGCCAGACTCGTGCCTTCCCACTCATGCCAAGCTACGGTTAGATTCATTCGCAAAATACATGGCAGGTCCTGCGAGGCTTCCCCCTTCACGCATGTCGATGCCGCAGACGGAAGCGGTCGACGTTCGCAGCGACTAAAGGGATTACTTTACATAACAGTGTGGCCTATGACGTTTCTTCTGTGTGGGTATGCCTGTAAAACGATTCAGACATTTTGGAAGTCTCCTATCCAGCAGTGAGTAGTGCATTCGATCTGTCGAATGGTCTTATTATGAGGATCGCTCCCTCCGGGGCCCAACCATCCTAGCACCCAGTTCCTCGAAGAAGGCAAGGTTTATTTACCTCACAAGAGCTCGTTCAACCTTGATTCTTACTTGCGTTGGCAGATTGAATTAGGGACCAGCTTCCATCTCGCTATATTAGCGTGGGATGACCCGTAGCGTTAAGTAACTGCCGAAAGACCAATGCCCCGGGTTCGCGTCGTCAGATTCGTAACAACTGTCCCATGAGACACGGTACCCGTGAGGGCGCACTTTCACGGCAAAGTTGTCTCCCGGCGATGCTGTATTGACTAGCGATTCGCCAGCACATTCCTATGCGCTGGAACATGGCCCTCAACCTCAATTTAATGCAGCCCTACATAGAGATCAGCCGGATGGCATGCAGAATTAAGCTTCAGAGTCTCGGAAGTGACTAGCGACTGTACCCATATTAAACTTAAGCCAAGGGTCCTAAGTCGTGTGGCCCAGCCAGTCCTGGTGTTATCCTGGTGAGGCGCGGACGATTAGCCACTCGACGTCGGACGCTTCCATTACCATGCAGTAATTTCGATAGAACCTGCGTAGCAGGTACAACGTGGATGAGGTTATTAGGCAGTTAGATCTTGTGCGTGTCTGACGTCAATGAATGTTTCACGGGGGGCAGGCGTCCTTGTAGTTTCGATCGCCTTCTCAGTCTGATCTGCACTATCCGGCGCCGATGGACCAGGAGCCAAGATTTTGACAGTCGCGCCGTACCCGGCTGGTCCAGCTCGGAAATCGGCTATATTGTCTGAGTAGTGTCTGCCTTACGTAAGCCCGCAACGAAACCCACGGTTTGATGAGCAGCGGTGCATCGGTTGTGATCCATAGTCCGGATTGTTACCCTACCCTTTACGGTCCCTTCCCAAATTCACGAGATCGATTTTCTCTGTCTGCCCCTAGACCAGCGCGTCCTTTTACGTAATGATTCGAGGATCATGAAGCTCTATACCGTTTAGA,1563,51.5,Escherichia coli
SEQ_477161,CGTCAAAATATGGGAGGGGCCCGGACCCACGCCCCCGGAATCACGCCGCCATTTAGATTCCGCCATAAGCGCTCCCCAAGGAGGAGTCGACGGGCGAATGAGGGGAGAGTATGTATGAAACTGCGCGACAAGTATCCCCTTTTCGTTAGCTGCGCAACGTAGGACTTTAGGCGGAAGATGTGGACAGTTGGGCGCGAGTCACCTAGTAAGAGTCCCAGCCGGGCGTGATAGCCAGTAGAAGCATGAATTACTTAGATCCGGTGTACGTGTCTTTCTCCGTTGGATTCATTGTTTGAAACAAATAGTGGAGATCGCCGATTAAAGAACTGAAATTCACCCGGTCAACTCGTTACGCTGGCGATAGATTCCGATGTATTGACAAATTGCTCTCACCACAGCTTTATGCAGCCTTTCGGGATTGCCGAAAGGGCTGTGGTATGAGCAAGGTTTGATCCTCTGAGTCAATGGGAACCCCATTCATGGATGTAAAAGCTGGTGTTTACAAAGACGTCAGAGGGTCATAGCCTTTTGACAATTCGCAGCCTACCGGGAACGCAATCCAGAGGTCACTCTTGCATTCACAAATGGGCGCATTCCACACCGGGGCCGGCATGGGGGCCGTGTATGGTGAAAAGAGTTCATTACCAGTGGCTCAAAGTCGTGAGCTGACAGGAGAACAGACACGAGTAATGAATCGGAGTTTTCTTCTTCAGCACTACCGCTTTAGAGTCCCATATTACAAATCTAGACAATTAGTTAGTACAGCTTACTATATT,776,49.61,Saccharomyces cerevisiae
SEQ_452878,ATTTAGGTCGAATGTTTTTCCATGTCGTGATCTGGAATGACTATTAGCCAAGTTGTTGCGCAGTACGCCAGCTGCATCTATGTGAAGAAATAAGGTCACTTAAAGGACCTCGTCCCGTTGGGAGGCGGGGCACAGATTCTGGGCATGACACACTAACCATGATCTATAGCTTAAACCCACGGAGCTAAACCTACGCCATCGTGTGTAATATGATCGCCTACAAGTTCACTGGCTGCCGGTTGCGGGGAGATGTCGTCCAATGGGCCTTTAGCGCGTAGATGCATAGAGCGGAGCGTGACTAAAGACCGTCAATGAGATACGTCACCTTCTGCAATGCCGTAATCACCGCATCTAGGCCACCCTGCTATGAGTAACGCCCAAGAAAACCGTAGAACCCCCGTGGTTGTATCGACTGACGGGGACTCCACGCTCGCGGAATAAGCTCCAGCACAACAACACTCGGTGGTACGAAAGAGCTACCCATCAGGAGCGATCAGTTTGACTCTATTGCGACTTAGCAGAAATGCTGACGCGTCATCATGTTCTTCCTTTCCTGTTCTATGTTTGTCGCTCGAACTTTCTAGTGGCCTGCGGATTCGGTCCGGCAGCGATTGTGAAACATCGACCCATCTCGGCCTTATACCTCCTGCATCAAGTTTCACGGTTCCCGGAATTGCAGTTGAGCAAACTGAATAGGCCCGAGCCCGCGTAAGGCGCGAATAATTTTACTAAACTCATCCAAATA,745,50.34,Mus musculus
SEQ_249656,AGTTGGCACACTTAAGTATCAACTCATTCTCTTGCCTTACAGCAAATAGGGGCCGCACCCTAACGCGCAACGATCAGGGGTGGGATACTCCACCTATATGCAGCTAATGTAAGCATTGCTCAGTTAGACTTCGCCCCGAAAACTCCAGTGCGCTTGCGACAAGACTAACATTACTGCCAATGGCCTCAAATCCTAGGAGAGGTCGCCCACCGTTAAAGAAATAAGACCCCGTCTTCGTCGATTTCTTATCTGCCCACGTTTACGATGGTATTTTTCACTGCTGAAAATTATATCTTCGCTGAACCACGCGATCAGCTCGGATTGATTTTCTAATGTATTCTCCTTATTCGCTCTAAATCAGAAGGCTATCCCCATCCACTATTAGAGCAGGAACTATAATGCGGTTACTCCCTTTTTTCGCTTATCCCTGCTCCTCGGGCCAGCAGGTCCCCCCCATGGGGCCCATTACACGTAGAAATGGCTAGGCTGACCCGGTTTAGCGACCGGTTTGCGGTAAACCATAAAGTGTACTGTCCTCACCTCTTGGAAATTACGCTTTCACCCGAGGACTCATAAGAGGCGATTATGGCGCGGTAGAACCCAGTGACGCCGCTATGACTAGCCTCCGCACGCTTTTTACGAAGAATTGATAATTTGTACGATACGTCCCCATTGTAATGTCAGTGTAGTGAGAGAAGCCTATATACCGTAAGCTTAAGGAAATGACTGTCAAACCCCACCGGCGCGGTTGCTTTACGTTAAACGGAACGACAAACCTGGCGCTTAACATCATCCGGCCGCGTATCATTAATGCAAAGTCGGCCTTATTCTATGGCTGACCTCAGATTGAAAGGTTTATCGATGATAAAAGACAGTGGTGGTATGACGAACTGCGGCTGTGACTATGGACGAATCTTTTTGTTTATGACGCCTGAGCGGTCTAATGGGAATGGGCAAAGCAGTGCACTAGATGTGCGCATGAGGCAACAATGATCTTCCTTATGCTATACCCTCTCTAAAAGAACGATTGTACATATACGCGGCGACATAAGGATGATGACTTCCAGTAGAG,1072,47.39,Escherichia coli
SEQ_716637,CCTGCTACACTAAAAGTTCAAATTTGAGACCCACCTGCTCACGTAGCTCGGATCCTAGTTTGTGGATTGCAACAGCCCGATACACTGCAATTCTCAGCAGGAATATGTGGCGTAGTAGATCACACGGGGTATTCGCTTGGCTGGGGGCATTCCACGCTTAGATCATCATTTGTCCTAACAGTCTGAAATACACTCGTCTCAAATTCAAATACAGGAGGCTATGGGATCGGGCGATTCTATTGTCTTGCGCCCGTCGTGCGGTCGATTGCTAAGTAAAAGTGTGTAGGGTTTGCCCGGCAGCTACTGACGGGATCGGTTTAACGGAAGCGACCCAGGACCTGTGCTAGAAATGATTACGAAACCCCTGGAGCAGGCTGGCTGATTTCCGTGATTGCTTCATCTTGAATGCGAAGTGTTGGACTGCCTAGAAGGCGTTTATGTTGAAGAGATCATGATAGGCTGGATCGGACTAGCTCTGTTACTCGTTGCTATGCTGAACAGGGTTCGCGTAGTACTTATCCGGAGCGCTGACCAGGCCAGCCGGTCAATTTTCCGTGCCCTTGGGCCCTTACAGACGTTTGGGGAATCGCGAGCAACGTAGAACATCGCATGAGACTACCGACCTAATCGCTAATTTCTCCATAAAGATCTGATCTGACTCTAGTCCCACTGATGTAGATAAGGGCGTGTAAGCCTGCTCCAGTACTTCTACCGGCTCAATCGCACCAGCATATTCAGATTGCTCCGTATTCGCTCAAAAAATGAGCTCAGAACACGCTGACCTGCCTGTAAAGGTGGCGTCGGAACGTCTTCTTGTATGTAAACTTATCTAAAATTACTTGAATGATCCACGGTGAGTATAAGATATTTTATCATAGCCTGCTTTGCCTTTAGGCGGTGACATCAATCACGGCAGCTCTGTAGGAGCACCGGAGTGTGCGAAGCACTGTCGTCATCCACCGTATCCTGAAAGATGAATCCTCTCGCCGGCGCTGTAGGAAGCCAACATTATTATCAGCACTTAAGTGTACCGGGTACAATCTTTGATTTTTAAAATGACTTTCACTTTCACCTGAGCCCGAACTGAACCGGACCACAAGAGCTGGCTTAGGGGCCTCCCCGTTGTTGTTTCATTGGAAATCTGATCCGTGCTGCTTTTATGTGATTATCTGAGCTCGTAAGTTCTCTACGCAACGCGTCCATCCACCGTATCAGATGGAGGACGGGGGGTGCCGTGCAGCCCTCTCGTTACACAGGACAGTGTACCCCTTTTGCCAGCGACTCAAACATACGTGACCCAAGAGAACTCCCCGAAACGCGAACAGTCTCTGAACATGTGAAAGATTGGACTATACATCCCGGCGAAGATCGCGATCCGCGAGGGCTCCTATGTGCCCCCAATCTGTGACAGTTCGACGGCAGCATTACTACCCGCGAATCAAACACGACACCGGGACGGGATTCGAGACCCTATGACCCGCGTGTGCTTTGTGTAGGATCGTATAACCTTCGAATTCAGCTGCCGACAGCATTGTATAGTCTCTAATACCAGACCACACGATAGCGCTCGGCCGTAGTGCTCATGTGGAAGCTCTAAACCCGGCTATATAACGTGGATTGGAGAAAGTGAGCCGTACTGCCCGGGTCTGCGGACTCCGGCTGGAGCGTAGTGATTTCGACGTACGCGAACTGATCCTGAATAAATATGTTTAAATTCTATGATCCTCTGGCCTTACCCCGGCCTCAGCCAAAGTGAGTCAGGACGTGTAGGGGGTAGCTGATTCACTTGACTTATGTTCCGGATTCCACAGTAGATGGACCCGGATGAAGCCCGCATGCCGATGACCCAGATGGCCCCGCACATGAACCGACTCTATG,1878,50.48,Escherichia coli
SEQ_687840,CTCACTCGTCTACGTTGTTCTAAGTTTTGAACTTACGGGCACTTACCTTTTTGGCCCTCGCAAAAACGTGGCAGGCATGCAGGAACCGTGGGAAATAGAGATCTATTAGGTAGTGCCGAAGCAACTGCGAAACGATCCCACCTAAGTTCAACGATCACAGCACCAGCCCGCATCCAGATTAGTAGCCCGAAGAACAGCAACGAGAACGTATGGTGTTATTAAGACCACCAATTGGATACCGTCAGACCGCGATTGACTTGCGATTGTAAAAATACAGAAGGTTATCTTCTAATGGCCGTCCCAAGCTGGCTGAACGCATAGCCTGTAGGTCGTAAACCGCGATCATAAGTGCAAAGCTCGCATCCCCGTATCTGTTTACACTACTGCTCCCTATCAAAAAACCCAAAACAAATGGTGGCGGTTGCATGACCAGGGTACCTCCATGTAACATTACCTCCGGGCCAGGCTCTGCAACTTTGCCACAGATGTGCTAGTACCACATCGACCGCGCACATTAAGACCGCTGTCGCTTAGCGCGGTAAATGGTGGCAACCTGGCAAATGGGACTGCTATCTCTTATATGGAGGCTTACGAATAGTTGTTGCGGATGTTGTTAGAAACCAGCAGCCCTAAAAGATATCGCATCCGTATCAGGTTCCTCGATAGCAGAAGTTGCCACTTCTTCTTCATGAGACCCTACTCAGCTTCACCCGCTTTCCTAGCAATTGTAGTCAGCCTCCTAACTGTGGAAAGGGATGGCGGGATAGCCATGCCCGTGAAAACATAGACGAGGCGAGGAATTCTCAGTTTGCGATAGACGCCATGTGGGTCCAGGTTGGATAGGGAGATCTGTTCCGGAATGCAAAGGACTAGGACCTTATTTGATTTTCCACGCTTGTTTTATTCCCTGACAACGCGCGTTATTGTACACTTACTAGAGCGGGCAGTGGAGCTGTCATAATGGTGAGCATATCTTAGATGGTCCATGCGGTTCCTCGGTTTTTTAGTATGTTATCGTGATTGACCGAGCGTATCGAGACTTATATGAGATCCCTATATTTACCAGAGCGGTATCCTACCGGGAGGTCCTGATGTCTTCTCACTGTCAGGTAGTATGAATCTCTTTCTGATTTCTTCTTCGTCTTAGGCCGAGTGGGCAGCTGGTGCA,1168,48.46,Drosophila melanogaster
SEQ_906150,ACTCTGCCAGGCCACTGAAAGCGTGAACTCTTTGATGTACTAATCTTGCCCCATGGTTGCCGGCCGAGGTTTGAGAACTCGGGCTGAACGTCTACTGCCAGAGGCATTTTTTGCCTACATTTGGTTACATCCCTGGAAGGTGGTGATTTGATCCCCTCACAGATAAGGCGATACAGCCCCTTCGGAAAAGTGGGCCTACAGATGCTATTAAAACGAAGACCCTTAAAGTTGACACTGGAAACTGCTGTTTAGAACTCGGCGTTATTAAGGTGGCGATTGAGCGAACCGGCGTCCAACCCGTTTCCCCCTTCGTGTACTCGCAGTGACCTCCAAATCGCCGTCTGCGGACTTACCGCATGTCACTTCCATTCTCCGGCCCTAATGGCGAAACGCTTAGAACTATGGAAACTAGTCGTCGGCGCACTCGCCTATGGAGTTGGATGGACACATGCCGGGTGCATTTCCTCGTTTCTGAGGAGGGATAATGCACAAGGTACCGGAATGTCGCGATCCCATATCGACTGCGGGCTTTGAAGTCCTCGTCTCATGTTTCGTTACCTGATTTGCGAGACTAACATATGAGAGCTCACACTTGCATTACAGGCGAAGTGCTTGTCCTTGCCTTCGTCCAAGCTTGTCAATGCAATTTCTCAAAAACGATTTTCTCCATGCAGATCGAACCTGGGTCGAAGTTTGCCACTCCTAGTGTGTGTATTCCTTCTGTCGACGCAACCCCGATTAAGGAATGTTTATGCCGGTCGGATTTCTAACTCCAAGGCCTTGCCGGCACCCTTACATGAATCTTTGCCGCCACTTAATATCCAATTAATTTTTTGCTTGGATGGCCCCTCGGGGTTCCTATCTGTTAGTTCGACTTTGTGCATTTGACGACTCTGCCGACGTCTTTACTGGTAACTATTGGTGGCACCAGTGATCGATCGTAAGGCAGTTGAAGAACTGGGCCTGTCGGAGTACTGTGTAGAGTGCGGTGATTTCGAAAGTCAGATCTTACATGGAATGACCCATGGACAGATCAGGACGAAATTAGGCACGTCGCTTCACCTTCTGTACGCGCACTAGCCGATGGTATTAATCATTAGCGATATATCGACTTAATTTTACGAGACTAACTTCCTCAGTAGCATTTGACTCTAGCGGGGGACTTGCTGTCAAAGTTCCTACTCATAGTAGACATGCACGATCGCGCGTAAGATCTTTTCGCCCGATCATCCCCAGAACCGCAATCAGCACAGTCCGCCAGTGTAGCGAGTCGAATGACTAGAATTTGGATGGATAGAAAGAAAAATGCATGATCGCGGTCGGCGGCCTATGTCAACGTAAGTAGTGTCATATTGAATTCCAACGAATGATGACCGCCGAGATTAGCTATATTCAGGAGAAGTCTTTAGTGTGCCAACGGCGTGGGAGACGGCTTACACGCGAATTCCAGGTCATATCCGAGTAGAGCGATAG,1473,49.02,Caenorhabditis elegans
SEQ_751641,TGAAATTTCCAACGCGATAAGAATCAATGTAGAAAAGCCGCGAGTGGTACTTGGCCCTACGACCAGTTACTCTGCGGATCGAACTTCAGCCCGCGAACCTAAGGCACCATGGGTCGCACACAGTCTACACACTTCCGGTAGACCTTGTTCATTTGTATTGGCAGCTGTCCAAAGTAAAGGGGTAAGCCTCGCTTACTAGGCCAAGTACG,209,50.24,Homo sapiens
SEQ_413557,AGGCGCACTCTCCTTGGACAGTGTGACGCAATCCGACTTCAAAGCACCTGCATCCGGTAAATTTGATCGATCTACCCACTGAAACGTGGGGTTGTGCCTGGGGTTCACGACTCACCTGAAGCCCAGGTGAGTGTATAATTGGTTTCCGAGATTTCGGCTGTACTTGTTGTTATACGCTGCCCAATTGTAATAATTTTCTGTATATTGCTAATATACACTCAAACTTCCTCTAACTAGCGGAAACAATCGAACTCGACGACACGGTCGGGGCGCCCGTAGCGAAATAAACTGTAGGTACTACCCAGATTCCGCACATTCTTGACGAACTGGAGCTGGACGTCCTGCCTGGACCTATAGTAGTGTCGTAGTGTAATACAGAACCCTACTACGCCCTGGCGCATACCAAGACGGCTCTCCTTCATTTCGCTAGTGGCCTGACAAGCAAGTAACCGGACCGGCTGTAAGAGCCCCTCCGAGTTGTGACTCAGCGTCATTAGCTGGAAGGGGTTACTCCTGACTGAAGCGGCATCAGCCACAAATTTCGACCTGGTTAATAAGTCTCTAT,565,49.73,Escherichia coli
SEQ_256741,CCCGTTCCATATGCAACGTGGACTACAATGTTTACACCAACAAGCCATCCCCCAAGGTACTGGGAACCCCTGGGAGCCTCCAACAAAAGCTTTTTCAGACGAGTACACTTAGATCCAATACTTGGCGTATGTATCCCTCGATTCTCCATCACGCGTCCGTCCCTCTGTACACGGGTGCCGGACGGTGGGACAAACTACTATGACGTAAACATCGCCAGCACAAGATGCTGGAGCACAAATAATTCCATGGGCATATTGAGCATTCGTAGTTGTCCGCATTCGGCTTGGTCGCTGTGGAAAGGTGCGGAAAACTGGTTTAACGGCAGCTTCTGACTTGCCGACTCTTTGCATAGTGAATCGGCTGATCACGATGTATGAAATAAGGAAGTAGATTCCGTGATATGGAGGTTAGATAGCCCTAATTGCTGCATCGACCAACGCAATGAGGTACAGTCTACCACGCCTTCGCCGCGCTAGTGGCGTAAACACATCGGTAGTGCTCCCTTAATCTAGATTTTATTGTTTCCTAGCACGGATTCGGAAGGGAACACCAGAATCGGCGAGCAGAGGTTCAGGTTTGACCTGGATCGCTAGCTCTGAGACTAACGATCCGACGCGCCCCGCGAAATGGGACAGCGTTTGCACAGTCTAAGATTGTTTTGCGGGCCCACGTGGTAGGGGACTGACCAGTATAGATACCAATATCACACTTGCATTGAGTCACGTGCCTGCACTAAGATGGTAAGGACATGGAGCGGCAGGTTCGTAGAAACCCCTTGCGCGGAAAGGAGACAACTCTTCGGAGCTTTCCCCGGGAGGCTGATCCGCCTGACTGTTCGTAATCGGCTATGGACACTATTTCTCTGCGTGCTACACTACGTCTAGGTATGAGTGACAATTGATTAGCATTAAGCAGTCCAGCGACTACGTTGATTCTTATTCTGCATTGCGAGCTCCCAGGTGTGAATAGGCAGAAGTAATTAAGGTATTGGAAAATTTCCACTCAATAACAACTCTGCTGTTAGCATCCCTATAGCAGGGTGCGGCCCCGGTTTGCCCTCCTCACGCAGCACCCTTGTGACCGAACTCTAAGAGTCTGACGTCGTGGATTGAGCAGGCAGAACAAGAATCATTAGGTGCTGATCGTAATCTGTCGCTGTAACCCATGTTGAGCTCATCTCAGCACAGTAGCTTACGGCGCGGGGTGCTAGAGACGGTGCTGGATCTCATGCCGTCAACCGTTGGGTTTGCCATGAGCTCTCCATGATCCAGTTGATGTAAACTATAGTATCGTGCTGGCGGTGACGCGTGATCATTTGATAATTAGAGCGGCCCTTAAATACCCAAATTCATCCGCCGCCAGGTATGCAAAATTTCGTGTCTCGCGCTGCTAAAGCAATCCAGATTTGACCAGAGTGAATCTTAGCTTCTATGCAATATGGCGGAAATCTCTGGCACAGGATGTCAGTCTCTTAATAGCTCGGGCATGTTTACGCCATCCAGGCCCGGTATTGCGAATTTAGCCGGATAAGCATTGTTCCGTTGGGTCTGCCTTGTCATACTGAGGGCCCTTGAAGAACCGGTTGCGTCCGTAATCGGAAGTGGGCTTGTCTGTCAAATCATTCTACAGGTAAACGTGTGTAGATAGACATAATGGATAGTTGGCCGCGTAATAAATAAACCTCATGCGTGCTGTTGCCTTAGCGACCGCGCCGCAGGAACATGCAACACGTTGATGTCCATGCTGGAACCTTTGCGAATGCCCTATCAGAGAGTCAATTCTCGCGTGAGTAGCAGGAAGGCACGCGTTCTAGAATAGACTCTGATGTGATTTTTGTCTCGCGTGCTGCACTCGATGATGTTA,1864,49.84,Arabidopsis thaliana
SEQ_390121,AGAAATAAACCTCAGGTCACTCGGAGCGTGTGCATTCTCAGACGGGGTCTTACTAGGGCTTGCGTTCCTATACCGAGGTTAAAGGCTAAGTGACCTATAGAGAGAAGATTTGGTAAAGCTAGAAGAACGAACGGTCTCCCATGTTGCTACTACGATAAGGCGAAGACTAGAGACGGCTTGCAACAACGGGCGACCGTAGTAATCGACAGTAAATCAATATCCTCTCCGAATTGTTGTCGCAGGCAAGATCCAGACAGAGGTCCCTCCCGTTAGTCCCTATCCCGTGACAGTCTTACAAATGGCGAGAATCTGGATCCGCCTAGGAGAGATATAACAGTGTCACAAGCTCTAAGTGGTGCGGTAGGACTTACCATTTCGGAAACACCTGTTAGATAGCTGACAGTTGCGCGCGTGTCGTGCGAGGCGGCTTAAGTTCGAGATGTGACACCTGGAGCTTACGTACAGCAGGCTTCAACCACGATCCCCGTGTACTTACGTAGATGCGGGTCTGCTCGAGCATGTGTGTGATCTCGGGAATACTCGGTCACATGACAAGGTAGGATCAATCAACTTGTCCCACGCACCAAACGCCGGGCGGGTTTCGGTGTTACAACGACGAACAGTATAGTAGTCGTTAACAGGCACCCTACAGTCAGCTTATGTTAGTCCTGTACTGTAACTACATCTGAATAAGAACGTGGTATAATGGAAACAAACGGATGGCTGCGCTTTGTTCAAGATGTTGAAGCCCAGGTAAATTTCCTTGTATCACTAGAGGGCCAAGCAGCCCGTCGATTGCTCAGAAAAAAGTGCCAGACAATGGACCCCGACGGCACGGCCTTTAGGGGCGCTCCGAACTGGTCTCCGGCCAGGAACTCAATCACGGGGAAGACGCCTTCATCCGTAGAAGATTGTTAGA,919,50.27,Drosophila melanogaster
SEQ_685927,CAACGACAGATCCAACAGACAGGCTGCCTGTCTCGGTAGTGATCCCAGATTGAGGAGCTTGGTGCCCTGCTAATATCTCTCGAGTATGACACAAGAAAGATTACCTCCGCGTGGCCCAGTACGAATTAGAGTGCGCTGCCAGCCTCGCAGAAAGGCTCGAGGCATACTGCCCGGCAGCACACCTAATAGTCGGTTTTTCTATAGATATTAAATCAGACAACTCATAGCCAGGAATCGGCTTTCACCACACGTAGCCGCGTGTAGCAATCAGTCTCCCCCGCGCTAAAACTAAAGCGTCTTATTGACGTGTGAAATAACGGCATGAAGTCAAATCAATGGG,340,50.0,Caenorhabditis elegans
SEQ_170077,AAGCCTGAAAGGACAGGATGGGACTTGGAATATAAGTCTTGACGCAATTCAACTCCTACCGGTAAAGAGTCTCATAATCGTGGCTCACCCTTAAAGGCTTACTATATGATTCCCCAGCCACCATATAGTCGAGAATTCATTTGGGAGGTCCAGCGTTGAGAAGCGGCAGACTATAACCTCGAAGCGCAATGGTC,194,46.91,Arabidopsis thaliana
SEQ_448921,GCGACTGTCAACCTTTGGGTTGGCTTTTCATGGAAACGTCTGAATAGGAATGAGCTTTCTTAGAATATTTTGGGTAAGCAAGGTGTACGGACAAGCCAGGGAGTCCGTCTCCAGCAATTATTATACGCCCTGAGAGGGCCAGTTTCCCAAGTTACTTGGTTTTTGTAATGCCTATTTGCACTTTAGCCGGGCATCAGTATCGGCGGATACTTTCGACGCTCGCTGTGGTAATTACAGCTATTGCCAACAATGTTTCGTAATAGGTGGGCTAGGATTATTAGGTGGCCTGGCTAAGGGAATGTTCTAGCGGGCTATCAGCGGTTCAGGAATTAATGGCGAAGCTCCGGCCTACCTGTTCCGAGGTCTCACACTCGTCCAGGGCTATCAGCCTCTATTAATGCGGTCGGATCCTGTCTCGGAGTTACGCCATCTAATTCCGTTACGACGGGGGTCAGATTTATGCGGGCACTAGCTAGCCAGTGTAAAGACGTGGGAATCCTCTCACAACATACTCACTGGAACAGGCTTAGGCGCTTCGCGGTGACCCCGGGTCTCGACACCACCAATCCCGAATTTCGCCAGACGGCAGTAAAATTCCACTGGAATCGGTTCCCGGCTGATGTACATAAATGTCAGTGATAGGCATCATCTGCACAGTACTAAGACCTCATAGGATCCACTTAAAGGGGAGGGAGAACCTCTGTCGCACTGGGGTCCGTGCCGCAAAGCCAGCAGATGGCAGGAGGGTCAATGTAACACTTCATACCAATTGACATATTGAAATCGGCGGTCCTTCTCTCTAGGATTCAATGACCTGCACTCACTTGATGCTCGACTTGAACCTCAATCGGGCGAATTAGTTGGATGGTCCATGGCCGAGATACTGGGAGGTATCTAGTATTGCGGGTTAACACTGAATCACTCGGTACTATTTTTGACAACGTATAGACAGTGTATGGTCTCTTTTTGGCGCCATGTCTGATTAGTTAGACGTAGTATCTATAGAGCGTCGGTAACGGCATGAAGAAGCAGTCTAATGGTTTCTCGCACCTTGATCGTTGTTAAATCAAGAGGAAAGTACGTACCCTAAACCTACCGCGCAGTGCAAATACGGCTATCGAACGGTCGAGTATGGTGTTAAATCAACTGTTACTATAATTACGTAGATGCGGACGGGACTAGTGCCGTACCACTCCATCAAGGTAACTTCCAAACGGCGAGATGGGTACGGCGTGGTTGCATAACCCCCAGTTGATCCCCGAGGTGACCTATCCTTCGTTTTAAAATTCCATGGCCATGAATTTCCGTAACTTCATTTTCACGGTCGTGCTAATTGTCAAGATGCTGGCCGTTAGCATACTGGGCGTCTAGACGAATTATTAAGATCGGGTGTCCGACTTCTGAAGCTAGTTTATTACCTTTGTTCAGTCGAGCCGGGTCGTTTCGTTTCCTTCCGACTCCCCTGGTGATTCCCTCGACGTCAGGCAGACAGAGATTCACTGATGCATCATCGGGCAAGATGAGGGCCCGGGGGCGTCGCCGCCGAGTTTTTTCTCCGTCAGACTCGGGAAAACATGACTCCTCGGTTCCCGGGACCAGCAACCCGCGTGTAATTCGCGCAACCCACATCGGACAGCTTCCGCTAGGAGCGACGTGGGCGCGCCGCATCCAATTGAGCCATCAGACACCCATTACACATGCCTATTCAACATCGTACGACGCGCCATGGCCATCGTCATCTACGGACTGGTACAGAACTCTAGGACAGTTCAACATTTGACACTAGGATGCGTCGTAAGGGCTGCTGAGTATCATGCGTAAGA,1823,50.14,Saccharomyces cerevisiae
SEQ_494026,GCTTGGAGCCGTAATATCCGGGAAGTAGTCATTCAATCACCAGGTGTCTCAGGGTTGAGATGGGAATACAGAGTTATGTCTAAACTGTGAAATCTGCCATTCGTTTCCCGCACCTGTATGACCAATAGTATCCTTGTGTACATAGAATTCCAGGGGGAACTGCTGCGCAGTAACTGGGGTCATATGTTTTCGCGGCGGACAACCCAACAAATTCCTGCCGAAGTATCACGCATCTGTACCACCGTTCCAGCTCCTTATTGTACGGTCAGTTTTACACGGGCTGTTAACACCCGGAGTGGACGACACTACTTTAGAGAGGTCCCTTATTCCCCACTGGCTTGGAGGCAGGGGCCGCGGTTGTGCCGATAGCCCGTTATGATAGACTCTTCCGGCCTCATTGCAAAGTTGGCTAGAAGGCCACCACTCGGGTCATATATTGCTTAGCGTTCAAATCTGGTAAAGTGGCACGCATAGGCCGGGTCACTTTTGCACAATAAAGGCGGTAGTAGCCACTACATCGGCTAGGGAGAATGCGCGACGGTTGCTAGCCAATCGTCGTCCCATCATCGTGATGGTATTGGCCAACGCCGGCGCTCAGGTCTACACCCCGGTTCCGAGCAGCCGACTTTAATGTTCTCCCTCGCTTACGTGAGGGGGCAAGGGTTCAAGCCAATATCTCGACTCATGCCCTACTCCCAAATAAAAGATTAACTTTATAATCGGATGCAGCACGGTACGCGGGTCCCTTCCGAGGAGTCCGGCTCGTCGCCGAAGCGTGGGCAATCTGGGGTCTGAACAGATAATAACCATTTGTGACGTCTGGTTATGGTCTCTATGCTTGGCAGTTTTACGAGCTGTCTTCGATCCGGGGTAACCGCAGCTAGAAAAGAGAAATTATTCATTTTGGCCTCGCAGACAGGCGCACCATAACCCCCGGCCAGGGAGGGGTACGTATGGGAACCTGTGGTTAATCGCGCTGACTCGAACGGAATTCACTTGTACAGGCCGACACTGTGGGGCGATGCAGGTCTGACGGAGTAGAATTTTCAACGTAATGGTTTGAAGGGCCTGAGGTAGGCGGCCTCGCCGCTGTGGCATACCTTCCCATGTATTCAGCTCGTTGCTACGTTAGAGTGTGTAGTCTGGGGCCTTCTAACTGCCGAGAGGGACGTGGGCTGCGGACATGTAAGTTCGAAGTTTGCTCTTCATGTCCTTAACCAGTGAGAACGAGATAGCGAGAGAGACCATTGTGTAGAAGAGGAGTGTCTCAGTTTCGACGGCTTTTGACAATTTGCGGACCCCAACTGATAGCCAAGTCAACCCAGATACACA,1332,52.03,Caenorhabditis elegans
SEQ_544397,AGTTTGTTATACAGAGACCTGAGAGGAAGCTACAAATCTATGGCGCGCGCTGGAGAGGGGAATGTCATATTCATGTGTCTTATGACCGCGATGTAGATATCGGTGAATCGAAGCGTAAGCCTTGGGACAGATCGTACTCAGGTGTCGACTGGGCCGGGGTTCCTGCACGACATGCCCGGTGACGACCGCCCATAGACACAACCTCGAGGATCCGCGAAAACCTAAATGTGTCCACCCAATCCCGCGTTGCTGGCTTATGAGTTTATTATCCCTTATCTTTAGTCCGCGGCGCCTACCAAAAATCTAGCGCTCAATTGCAATGATACTCGGGTACTCTCTGGCCGCACGTATACTACTGTCTTCTGTCACTCTTGAGACCCTACACAAGATCAACCGTATTGGGCAACCAGCGAGGTTTTCGGCGAGCACACTGCACGTTGTCAAATACCTACCTACGGATACCCGACAATTTCTTCGTGCGGAGCACGTAGCAGGAGATCATTGAAACTTATAAGTAGTAAAACCCAGGGGTCC,534,50.56,Caenorhabditis elegans
SEQ_836797,CTCGTTCACGTGCCAAGTCAGCACATACCTGGCAACGAACAGCGATAATAGCACGCTGTAAAGTTGTTATCAAGATTTCAGTACCTCCAAACGCGGAGTTGAGCGAGAACCCCTTCTAAGTAGGGGACGTACCTATGTGACTACTATACGATTAGAGCAGGACAGATCAGTTCTTCCTAGGAGGCATCTTGTCCAATCATTGATTACTAGCTAGTAGTATGGATTTCGGTTATTGACAGGCACCTCAGTCGTACTTAACTAAGGCGATCCTGATGCCCAACATGAGACCCCCTAAACGTAACCATCAGGGTTCCGAGTTATGCTTCGGGGAGCCAGCTGGCGACTACTGATTGGGGCGGGCCCCTGAAAAGGTGACTTGCCCGAACGATACCGACTTTAGCGACAAGGCAGGTGGCGCTCATTAGCAGAATGGTTACTCCCGCCAGCATCACCTGCACTTTCGTTGGTACAGCATCCCCTAATAGAGGAGTGCGCTTCTGGATTGCTCGGGGGTCACAGGTATGCATAACGCCAGCGGGGTTACTAGCTGGAGTGAAAAGTCAGTGGTTACTTGTTCCACTTGCTCGGCAGTTGTAGTTAAATCGATTACACATACTTTGTCAATGAACTGTGGATGATACTCAACATGTTGCCATGTCTGCCTCGTAAGTTATTCGACCTTTACTCGTAATGACTCGTCCACAGTCACACTAGTATGACTTTACCTTAAGTTTTATCACGCAGAAGCGGTGCTACTAGAGCATCCAGCTTTATTGCGAAACCCAAAAAGTCGAACTTTGCCTAGTGGATGTGTCATTTCCAGCCACAAGTTCTTGTAGTATCTGATATATCGAACTAATGGATATCATCTTTGCAGATAGCCGGGCCTCTAATTGCTATGAGGCTGACCTAGTCACAATTAGCTCATAACTTCCCGGCAATAAAACAGGTCGAAAGTGCACCATAAATTATGAATAATGAAACGAACTTCCGCGAATCGTCAGTGATTTGAATGACACCACAATCATCTGTTACACCAACCCCATTGATCAATCGGATTTAAAAGGACAAATTCTCTAACGCAAAGATACGCTTTCTGGCACCGACCGCAGAACGAGCTGGGGATTTGGGATTTGGGACCTCGAAAATCCATAATTCAATCTAGACGGTAGTTCGCAACTTTTAAAATCATGTTGGTCCTCCGCGAACGGCGTGAGACCAACTCTCCAGGTTCGCGCGTCTGCATCTGACGCTAACTAGTCTCTATCCAATCGGACACCCTTCGTGTACCTGGTCGAAACCATCGCTGGTATTCCACTTTACTAATGGACAATCGCGAATCCCTGCTTGAACTGTTGGGGTCCTAATTATCCAGCTTCGTTGGGACGAGCACGTGCATTTACGTAGGAATGCAAAATATAGCACACACTAGTCCATTCGGCTGCGTGAGTAGTGTCGCGATGATGGTACTGCTTGACTTTGCCGTCAGGTGGACTCCGTGCTCCGAGTGATCCCTATCCAATCTAATCCCAAAACACGAAGCGGACTTTTGACATTGCTTTGAGCGTCGTAGACGATGTCCCGAGAGCGAGCTTGCTCATTATTCAGACGGGTCGTCAGATCTAACTTGTCGTAGCCAGATAGACCGCGTACTGTACGTCGTC,1664,47.54,Escherichia coli
SEQ_152673,TCAATCCTACCCTGCAACCTCCGTGTCTCTAGTATCGTAATGCAAGATGTACCCCCAACTCGAACCTGCATGCCCTAATATAGGGAAGACGTCTTTCGGAGAGCAGCATAAATGCCTCCGAGGGCCTATAAGCGTAAACTCGCAGACGGTAGTGGAGATAGGGTATCTCTTAGAATTGTATGTGACCATCCTCACTCGTGTAGCCGCAACAGCCGCCCTAAAGCAGGCCGGTTCCATGGCGCAGTTCTGTCAGCGAGGTATTATTCGACTCTGTGTTAGCCTACCAAAGCTTGTGGAGTAAACTGGGACGTTCCAATGGAGCCAATAAATACGTCTTTGTCCAACCTCCCTAAGGAGTAAACACATAAGAAAGAGTTTGTTCCTGTGGGCAAATTCAAGGTCCCCGTCCCGCTGCCAAATACACCTGGTCAGACTCACAGCTCATTTGCATTAGCCGACCGAGAGTGAGATGTCGCGCTTAGATCTTAAATTCGAGAGACTGCTCCTAGGTCTTAGAATAGGGCTGGGACACAAAGAAAATTCGCCGCCTAGTCGAACGACTCTGCTATAAATACGCTAAGTAAGTGCCGTGACCCGCGTGCAAAGATGCAGCAATGTAGTGTGTCTAGGCCCGTACAGTCTCTGTCTCGTCGTATATGATGCGGCCCGAGAGGGACAACACTGTTTCAACTCTATGGTCGTGGATTCTGTGGTTGAAAACAAGATTCAATAAAGGGACCTTCGGCGTGGACTCTCCTATGCCTTGCGACCTTGAGGCTAGACTACGAGGCCGTGTGCGGGTCCCACTGATTTATGCGTTGGACTCGGTAGCCGGCGGTCCACGCTTCGACACAACCCTAATTGTTACCCATACGTACGATCGCAAGCACCGGCATCGGAGCCTTTGCCCGAAGCCCTATCGAGTGGCAACTTTACTCCATTAGATTACATTCAATGTAAAACGTACAGTAATGCATCCGCAACGGTTCGGAAGAGTTGGCTTTATCCGTGGTGGTGACCTATTGGCCCTGGTTCGTGAAAGACATTGGTTCGGAATAAGAGCGGCATAAAACAGCGCAGATAGGGCTTCATACTGCTTAAACCCTTGGCAGGATTGTGACCCTCTTCTTCGAGGGACGGGGTCGTACCCCTGGAGATCCTGTTGCTATATGTACTCTGGATGGCTCCCCAGCATAGCGTTGACTTGTTTCCGAGAGCTTTCGCCGGACTCCACGAATCTGAATTCGGCATCCTAACCCGCATGAGCCGGCACTAGTACGTCCCTCTACGAAATGGGAGACAAATGGCTCTCGTCTCGACGTCGATCGTATAGGCCAACGTGGGGGGACAATCACGCTCAGCAGTCGGATCGTGGGCTCCTCTTTTGAAGAACGCTCCAAGTCCAAGGTGTCAGTTCGAGAT,1422,51.2,Mus musculus
SEQ_469071,TATGGGATGATATCTGAGTAGTTTGACGCGATAAGTTTCCAGCCTCTTCTCACAGCGCTCACGAGGCGTGCTCCGGGCCGTGTCGCAGACTAGACGATGATTAATACGCAGGAACCGCTTTACGGAGAGGCATCATCGACCGGGATCTTGACAAATCTAGCACAAGAATTCTTATTCCGTGGGTCATTTAATCAAGCCCACTCACCCCCTAACCAGATTCCATACACATAGGGCGCTGACAGCCGCTGAATAGGTTAGTGGACCGTTTGCACTAGCGTATCACAGCTTCAACGAAACTGTGTTCAGAGCTATACCCCAAGGTTAGTTCAGAGAACTGATACCAACTCGATACCTTTGTACTCACCACTGACCAGCTTCGGAGAAATCAAGCACCGTCAACAAGAGTTAAACTGCCTATTGCTTCGCGGTACGGCTTAGTAATTCAGCATTCCTGACTTTACCCTGTACACGAGGCCGCAGAGCGCATCGCTGACAGGTCACTTTATGGGGGTCCGGGTATGTCTAATCCTGATACTACTCCTACCCGGTCCGCAGTATGTAGGATGCTATATTGGTCTTAGTGCGACCTCTTCAGCTGCGGACTTTCCCAAGACCCAGATTAGGGATAAAGACTCGTTCCGACTCATCTGTGATGAGGAAACGATTGTGGCGGGCTAAAGTAAACGTAATGGAGTATCCCCCGGCATTTCCGAAGGTCAAATTCAGACGCTGTAACCTAGCAATAAGCCAGAACGGAGGCGGTTTGGAATTCAGAGGACGGACCAACATATAAAGTCACTTGGCAGGTGAACATCTTCGCCCAGCGTGAGGGGCTGCAAACGATACGGAAACGCGCACAGGTGCTAGTACGTGGTGTAATGAGGATTACACCACCTCGTGTCCGCACTCGGGCCACAGTAAGGTACGTCCCAGCCCGTCGTAATTTTAATGGTGTCGGGCTGCTACGACATGATTTTATCTTTTAGTGGCTAGGCACTGAAATAAGAACAGGCTTGCACAACAAGACCATAGTAACACTGATGAGCTAACAGAGAACCGTCTTGGTCTGTCAAAAGCGTCTAAAGAGACCGGGATGCTCCGTAAAGCTCAATGCCGATGCTACATGGCCGCGGCCTGTGAA,1141,49.96,Saccharomyces cerevisiae
SEQ_852777,GGAAGACTGGCTGGTACATTGTTCAAATGTTATCAAAACATCAAGAATAACCGAAGTGGTGACGCATTGGTAGGGGGAACCGGACAGAAGGACTGAGTGGAGAGGCCCGCTACTGCGTACATTGGCTCTCAAACAGATTTCCTGGGACGTCCTAAAACACGTACTAATGCTATTGGAGGCAATCAGGCTCTGAAGACTCGGCTCTTGTGGGGCTGAAGCTGGCA,224,50.0,Mus musculus
SEQ_640278,ACTGTGGATCGACCATCCCCTGATGAGCCTTGCGATCAGCTCAGTCGAGGGACCTTTATTTGATCACGGCCTCCACTTTTGCCACTGTAAAAGTCTGTCCCTTCTGTTCAGAGTAAGCAATCAGTGCTGCAACGACTTACCAGTATACCGTACAGACTGGTTTAAAGACACTATCAACAATCTTAGGTATACCGATATGCGTGTCTCCAAGTTGAAAAGGACTTTGCTGACG,232,46.55,Saccharomyces cerevisiae
SEQ_882818,ACAGGCGCTTTTAGTCAGGCAATTACTGGCAAACCTTCACATCATGCAATAAGAATACTGCAGGAGCTGAAGTGCGCATGTATAATGTTTTTTATACGCTGGGCGTTACCTTGTAACCAACAGTTAATTGCTACGCGTCCAACGAGCGCACTTGTGTACTTACACAGGCGAAAATCGAACCCTCAACAGACCCATCGAACGCGAAGAGTCTCTCATGGTCGGACCACCCCCTGTGAGGGCTCTCAACGGCGAGCGCAGCGATTCAGAGAACTCTATCGCCTTAAGCGTGGGACTGTAGTGCGTAGCGAATAAGTGGTAAGAGGTCAAACCGATTACATATGTATGAAATAGGGGATTTACGGATAATATTTGGGCTAACTTGTTGGCACCCGCCCAGCCCTTGGGCGCAGATTACGATATGTTGTTCGGGCGCTCCGAAGGCACGGCAAACGCCGTACCTCGAGCACGACGGCGAGTACACGTGTCCGATTGTGTTATTTAATCTGACAAACTGAGTTTACCTACGGTTGCCGCCCCCTTTAGGTTTGGGCCGCAACAGAGCCGATGATAATTAGGTGTGGCCTACACTGTAATACCCAGCACACCAGCCTCGGTGGTCATTTATATAGCAACTCTGGCTAGCCCGTCGTGCATTGTATAGTCGTCGCGGTCTGGTTCACATGGACTTGTGGGGGGCCTCTGCGTACACGGCTCTGGAACTAATCATTCATGGCCCGGTGTTCGGAGAAAAGGCCCCGGGTTGGAGATACTATGGAGCCCCGGCCATTGCAGGTCTTGCAGTAGGCGATCTCCACGTACCGGTACAGGCGATGACAAGGATCCATTGACTAGCGATCTGCCGGACATCGATTACGCTACAAGCTAAGCCAATTATCGTGGGCGACAGTAGACTTGGCGGACTCCTTGTGCTTCCAACAGCACTTACAAAGCTAAAATTATGTGGCAACTGCATCTTGATACATTAAGCTTATGCTCAGCCTAGATTAGCTGTCGATGCAAATCTAACTTCTAGTCAATAGATAGTACCTTCTGGGAAGGTTATGCAGTTTTTCTAGCCTTTACGGGCCTCTGGTCTGCTGACGAGTAACATCTTACGCAGCGATGATAACGGGTGAGCGGTGCCTATGAAATGGCTTGGCTGCTACAATGTGGGTTTCGGGTTACGTCCATAAATTATATCTCATGGGGACCAGGAGACGAACCGCACATAACTCAATTTCAGGACTTCTATGTAACCTATTAGCATGAGCTCGCGTTAAAATCGACCAGCGCAGAGCGCGGGAACCAATCTAGGAGCGGAGCGAATAGAAGTCACTTAGCTCTCAGGCGTAATGA,1356,50.0,Homo sapiens
SEQ_390559,GATCAAAGCGTCCAATTAATAAACGTGCGTAAGTCCCCCGAGTCAAGAAATTGAAGAAAGCCCATAATATCCTGGCCCTCTGTACCTTGGCATCATACACAATTGCTCTTCACTTATGGATAGATATACGAGGACGCATACAGGCGTTGGGTGAACGTTTCGCGGTCTGGAAGTTGCGGCTGTAGCTCATCTCTGCCTAACATTCAAAGACTCTGCGTTAGATTTGTCATTGTCGGACCGGGACATTATGCGTCAGACTAAGACCCGTAGCAAATGACCG,280,47.14,Drosophila melanogaster
SEQ_607960,TGGCCATCTCCCGACTTCGCTCAACATCTGTACTTCCGGCTCCTGACGATGAACTTGATTCTGCCATTAAAAGAGATGCCATACATCCGGTACCGCCCAGCCCTCGCGCTCTTGTAACCGGATCACTGCGACTCAGCCGATGGTCCCGGGCCCACATTGATGTGGGCAACCCTAGTCCCGATGTTATACCTGCGATAGACCTTCATGGTCAATATTTGATGCACTATGTATCCCCGCGCCTCGTTATGAAACGTGTTCTGGGGCCATCGGACGCGTTCCTCTGATGCCGGTCTTTAGACATCACGGGACTTCGCAACAGCCGTTTGTCCTAAGAAAGGTCTGGGAATTCTCCGCACGCCTACGGCTCTTTTCCCACATCTGAATTGAGACTATTGCATCACCCGGCGACCAAGGAAATCGTGGACGCTG,429,53.85,Mus musculus
SEQ_927490,CCCAGTGGCCCTACAGTTACTCACGCGTAATCGTCGCCATCTACGGCTTGCTTTGCAGAGTTCCCACACTGGGATCCATTTGCTAACGGACATATAATGTCTATACCGGGGCGATTAGGAGAGTGTGACTATTGGCTAGTGGAGGAGACTCTTGTTTGAGGAGCCACAAGTCATCTCGACTAAATTACTTGCTAGAGTTGACACACATCACGATGGCTGTCTAATACTCTTTGATGGATTATTCGGGGCCAAGACCTGTCATCGCATTGGTAACTGTCACCATGTAGGAGGTCATGCCTCGGTCATAAAAGTAGCAGGTTGGGAGACTTGCCTGCATTCGACGGTGGAAAACACGTTTTAACGTAAATCCTTCTTATCGTGGACATCCAGCGTACCGTGATTCCTCTCACAATCCGTCATTGGGTTCTCGGTCAATTCGGACAGGTAGAACCGGTCGACCATATTTCTTCCAGAAATAGTCGCATCCGAGACTGGATCTCGAAATCGGAAAAGTCGGCTTAGAAGCGGGATTCGAGCGATTACCCTAACTTCAAGGAACTTGCCTCTACTAACTTGAAAAGCGCTTCAGCGCGTTAGCAAATTCACAT,608,47.86,Arabidopsis thaliana
SEQ_964159,ATATGACATGCTAGCAACTGCTGAAAGAGTAGCGCGGGACAGTTGGTGACAAATATTAGATACTCTTCTGCCCTTTTCTATCAGCCCTGGGTTATGCCGGCCATATTACTCTATTTCCTCAACAAAAATCAATATACCAATTATCGGGGTGAACAGCACGGCAGTTAGTAGCCCCCTAAGATGGCAATCTCCTGGGGGGCTGACAAATGGCTTCCATTAATCCTGTTATCAGTGTAAACCTACGGAAGAGGCACGCCCCGACCGATGCTCTGCACTCAGAGATACAGCGTGTGCTATCAAAAAATTGGCCTATCCTCAGTGAGAAATATCCAGACAAGAAGTCCGCAGGTTAACTGGCAGAACGATGACAAAGTTATTGCTAAGAGCTCTGCCACAAGTTTCCCCGAACTTTGTTACTACGGCATGACGCTATTCTCACAGCCGCCTCCCCAAGGGCGGATATATTCGATCCTGAGTCCTTAGGATACGTGTGGGTTCTCACGTTGTAAAATTATCGGACTGTAATCAGAGCCCTTTGATGGGCGTAAGTTCGGCAAAGTCATCTCCTGGCTGGCTGTAACTTGTATTTTACGGAAAGCGCCCTTCACGGCTTTCTTTAGATAATGTGACGCAACACGATGGGTCATCCGTGCTACTTATTAATATTTTTTTCATGGTCCAAAAAAGTCGAACAACGTACATCATGCTGTCGTCCTCTTCGCCTTGTTACTCCAGCATACAGGAGCTAATACCGCACCCAGCAAAACAAACTGAACCGGCCACAGCCCCATTGTCAGGTGTGAACCTTAAGTATCTCTACTAAGTCCCACTCAATGCTGACCAGCT,846,46.81,Caenorhabditis elegans
SEQ_527297,CACAGCGCAACTTTGAGCCCGACATAACCCCCGCTATCCAGGGATCCCCCGCCCACACGAGTCTTAATCCCTTCTACGTTCACCGTAGATCAATAAGTTGCCTGCTATGAATCGTCCTCTGAGAGCTTAGCAGCTATCTTCTGTCGTCTCAGTACACAGGACAGTCTCTAAAGTTTGAGTACTTGCTAAGGGGAATGTATGCCATCCGGTGTGTCCGATCAAGTTACGCTGTGTCGCACTCTAACCGATCCCT,253,50.99,Arabidopsis thaliana
SEQ_388299,TGTGATAAGGCCATCCGGATCCGACGTACTGCGTCTATTAATATTACTATTCAATATGTTAGCTCGTGCGGCGGCAGAACTATGTTGAAGATGCAAAAACTCGATTCAGCTACGGTCTCGTAAAGTTCCACGAAATTGCAACTGTCCATCTGGTAACCGCTCAAACCTGTCACCCCGAGGAACCCTAGGTTCAATTAAATTGATGTAATGAGAGGAGGACCGTGGCCCAAATGGGATTATGCGCACCTCTCCACATGACTGGGGTGGTATGGGTATTAAACCAAGCATCTGTTAGCGATGTTCGGGGGATACAACTGAAAACTGCGGTGCATGCGTCACGATACCCCACCCCTAACTTCAAAGTTGGCGGGTAGTCGTTAAGCCATAATAATACACC,397,47.36,Arabidopsis thaliana
SEQ_447609,GGATTGAAGCGTAGGAAGCACGGTGACTCATGAGATTCACAGTTCGCGGCTGGGTATCAATGAGATGCTGCATCAAAGAAGCAATCATATCATTGATTAACGTCTAAAATTCCATTAGGCGAACCCAAGCTGTATTGACGGAGCCTCCTCTCTGGTTTTCGGCGCCAATTTAGCCGTTTAGGGACGAATGATGCGGATCCAATAATGCCCTATAACACACCTCGCAGGCCGAGTGAGTATCAGACCTTAGCAAAGGATATAACTACCTACGCCTATCTTTGAGGATGTGGACGTCATCCCACTGTAGCGGCTGTAGTCCTACCTGTAACAGATATCTTCCGAGCGCAACGAAAGCAAATCCATCATTCCGGGAGGAGTCATCCCGTCAGGATTAGTGGAGAGAACGACGGGCGCGATAAAAGCGAGTTCGGGAGCCATGCCCTATCCGCGCGTCACTGACGCACTCTACGGGCAATATCACCGTTATAAGGTATGCGACACATTTCGTATTTTATTCTTGTAGCAAACTGAGTGGGGGGCTTTTACCGTGGTATCAGAGCCTGCGGTACTATAATGCGAGCTCATCGATATGGCTGGTTACCTGCCTCAAAATTAGTTCACATGTAATAAACCATACAGCTGAACCCGGTTTATCTTGTCTCATAAGGATAGCATGCGAACTGTCGGGGAAAAGAGAGCTTAACCTTAAGGGACTTCTCTACGCAGCGAACACTATGTGCTCAAGCTGCCAAGGCCAGTACAACACTTGTTCGCTGGGTCAAGGGGAAAATGATGAATAGGACGGTTGATCCCTCAGAGGTGCTGCGTGATACGTGAACAGTGAGCCCAGTCAGACGAGGCATTATCTGCAGCATCGGTGGGAAGTTGTAATAGGCGCAGGGCACTCGTCGTCGCGAGTTTGACTTTTCGACTCTCATGCATCCGAGGAGTCTTGGAACGATTTTCAAATTTCAGTGACTCGGCTGATTCCCAACATCATTGGTTTCGAAGAGGGCCTCGGCTCGTTCTGGCTCTCCTAAGGCAACGGCATGTAGTCAAAGCACTTAAGATGGGAACGATTTGGCAAGACCTTACCTATCCAATGGAGCCTGAGTCTTTGGCGTTCTGCCCATAGTGTAGTTGCATATTGGTGCCTTCACGTTCCAATGCGCGGAAATTTCCTAGGTGGCCACATCCACATAAGGCGACACCATTGGCCCCAAACTTGATGGAAAAGATCTTTCGCACCCTAGTTATACTGTGCCCAGGGTCAGATTCTGAACAGGGCTTAGACCCAGGCCCTGCCCCGGCTCCAAGAGGACCCATTGCTCTTTCTAGAGACTAACTGTGGCCCGGGACCTCTCTGGATCACCAGTGTCTCGGTCGCCCTTGTAACTGTCAGGTTGGACTCGTCGCATTTGTTCTGCGGCTACAGGAGTCCGATTGGTCATATACATAAGCACTCAGCCCCTCTCTGTAGTCCTGCTACAACTACAAAGAGGTCTTGTGCATCGCTGAGGTGAATGGGTCAGTGCTTAAATGGCCTCATGCTTTCATCGAATGAACTGGAAACCACGCCTTCAGACAAATTGAGCTGGCCATATAAAATGGCTTCCGTGACAAGCGTTGAAAGCGCGCATTTAGGCCGCTATAACCTAACAGGGCTGCGTACGTCAACATGTACCCCCCGGCACTCTTACAATGTCGGCGAGACTGCGGGATTCCTGTCGATGGAGTTCTGCTCGAGTTCAGGCAGCTTTCGAACCCGCAGAATGCCGGATCCGGGGCGGAGAGCTGAGCCAAATTATATCGCATGCGTGTCCGTGAATTAAAGTTCATTTTGTGTCGGGATCCAACCTGGAGCAGTTGTGAGACTGTTGGGGAACAACTACCGGCGTTGGCAGAGAGTGAAGGGTCCATCCAAACACTTCTG,1933,50.44,Arabidopsis thaliana
SEQ_174020,GAGTTGCCTCTACCCCCCAGGCTGGGTCCATAAGGCCGTGCGGGTACAACGAGCCCCTCTCCTGCCTTTAGTACCCCTCTCCCGGGCGTTTACGCCGGCTTTCAATTTTTGGACGCAGGAATGGCTTAATACTACTACCATTATATCTTCTCGCTCATAATCAATTGCCTGTAGTGTCCTCCCTTGAGTAATGTTCGTGGAATTGGGACGACCTGGTGCGTACTGAGCGCTTCGGCTACACACCCCCCTCGACGGTACTTGTGCCAACGAAAGGCGGGCGTCGACCTATATGCCCCACAAAAGCGTACCTGAGTACTCCACACATCTGTGACCCCTTCCATAGCGTCACATGTCAAATTGGCAACACGACTCGTTCGACGATTCACAGAAAGCTGCGAGTGGCGCGTCGTTTGTAGGCGTGAAAGATCGGCTTTAGTTGCCGCTGGTTGCTATAAAAGATGCAGATTCCGGATACCGCCTGAGGATGGCTCGTACCGGTGTGGGTCGTGCGCAGCTCCAGGGAAGGTCGGGCTGAATTGTGCGATCCCGGCTGTAGCGACTTGTTAACATCAGGCCAGCCGGACCTACAATTAGGGTACAAACTCTGAACACAGTACAAGAGGTGCCACGACACCACAGTAGTACAAAACGCGTGGCCCAAGCTGTGAGACGCACATGGTAACCGCGTCGTCACGTGGAAGACCTGGTTGGTCTGATGCTTCGTCCCGGCTTGAGTTTTCCGTTCCGTTAACAGGATACTTGACTCTCTCTTCACAACGTACGCAGAACTGTGTGTTGGAGTGCTAAACTTGCGGTTCAGTACCGGACACTGTATAGGGTGCCCGGCCTCTTGTCCCAATCCCGCAGACGGGATTTCAGCGTCGTCAAACTGAGATGATCTTTTATAGCGCAGCTTTTGCATATGAGATCTGCGTTCAAAGACTAGCCCGAGGTTCTACGAGGTTTGACAATACACGATTAAAAACCAACGTATTGAAACTCCGGATCCCGCAAAGCAGGGACAGCGTTGCGTCGAGAATCAGACTCAGTTTAAGCAGGTAGTGACGCCAGCCCGCAAAACGTGGGGGTCCTCATTCCACCATGCCAAGAGTGGATTAATTAGGCTCGAACGCAAGGGACCCCCTTAGCCGGACTGTTTAGGGATTGTTCGTGTCAGTGCACCTAAAGATCAGTAGATACCATACTACGAGAAGTCAAGTGAACCGCGCGTAATTCACCTTACAACGTAGCCGAAGGGGAAGTTGACGAAGATAGATCAGGAATAGCTGAGGTTCGGGCCAGGGCGGAGGCCACACGGTTTGCATTGAACAATTAGCTACACGGCCTGGTCGTCAGTCGCGCATGGGATGGTGTGTCGTCGAGCTTCGTGCCAGTCGACCCCACTAGGTCAGCGAAACCGGCTTATAACTTCGCGCCGCAGGCACCGATGGCTATACGTGTTTAATCAAGGAATCAATTGAGGCAACACCTGTACATGAAGGGTTCTCGTGATTTTTGACGGCGGCCGATCCTCTACGTTCTCAGTCAGCATGTGAAACGCAGCTCGTTTTCTACCGGTTGCGGGATTTTGTTACCCGGTCCGCTTTCATCGAGCATACAACCCACCTTCCTGAACAGACAGCGTTGCGCAACAACATGTGCAGCGCAGTGTCGTCATAGCCAGACTGTGGGATGTCAGTCTGTACTACGACATATCGAAAGCCTTTGACAGTCACACTGTAATTCCCCAGCCTTTGTTTTAGTCCCCTACATCTGATCTAGCCATCTGTCCGTAA,1796,52.51,Escherichia coli
SEQ_651202,ACTGCTTCACGGTATCCGGGCGGTCCCACACGCTGGGTCCCGTACACATTCGCAGGGACGGACGTCCCTAAAATTCGTCGCTCGGCTCTTGCGCTCCTATTCATTCGCCTGTGGCCTGCCGTCGAGGCCAAACGACACAGAAACGGAGGATACCAAGTCTTGTGCTACTAGTGGCCTCACACGATTGGGAACGGACATATACTATGGGTGCCTCGTCCATTAAAGCGATATATTGAACTTCACACCCTAGCGAAGCCAATGTTCTTGAGATCTGGCCGAGGTAGTTGGGCGGTCGGCTAAGGGAAAAACAATCAGCACATCGGTCGCCTCGTTTTTAGCTAGGAGCTTCAACATAGTCGTAGAGATAGCTGCACTAACCAGAGTAGTTGGGGCGCGCGCTCACAAACATCACTCCTGAACCCGTAATACCTATCGTTACATGGGTCTAGCGGCGCCATACTTCTGCTTCTGGTACTCCAGGGATGATTGGCCGTTCGTCCCCGCACGATGGTTCAGTTATTGTAGATCGCTTCACGTTTAGCGAAGATTGTCTACGATTCGAACGAGAGACTAGGGACGCACGCAAGGGTGGTCCTGCACACTCAACGACTTGTACATGCCGCCTCCTTACAAGGTCAAGCTGTCCTTCTTTTAACCCCAATCTCCACTGTTTTAGCCTTACTTGTGGTTGGCTTTTATTTTCTCCCGTCTACGTGTACACTATGGAAGTAACAGTTTCTCGCAAGTCTAATTACCATAACGGCGTCGCGTATTACGTCTATATTATAAACGTAAGTTGATTTCATCGCTAGCCGTAGATCGACAAAGTAGGATTTAGGGACAACAGCGTTTTCAATCGCGCAGACAACATGGGCGTTGTTGGACCGGTACCTACGTTATGAGCACTGCCGTGTCTGGAATTGACCCGAGGGGGACACTGGACTATATCTTTAACTACAATGTGACCTGGAGGTGCGGCTCATACGCCGGAGGTCTCTGTAATGGCTGGCGACTTAATAGAAACCCAGGAGGTGACCGTGAGATTCGAAGTACCATTCAGCCGCAACCTGGTAATATGTCGGTTCCCATGCGGGTCCCTAGAACCTCAACCCTTGGGGAATGAAAATAGATTTACATCTCAGCCGGATGACGATAGTAAGGCGATATATACCGGTCTTCTAGAGTTTATAGGGGGACACAAGGGTTGTCTAAGTCCACTAAGCCTAGTTTAAGTAACCACAGCAATAGATGGGCGCGTTAGCACGTGTTGATCAGCCGAACCCACCAACGCCCGGCTGGGCGAGTCCTGTACCGAGAGTCCTTGAGCAATGCCACCCTAGTCTCCTCAAGGTTAAACCGGCTCCAGCGGGGGACTCCATTGTTCTTCTCCAGTCGCTAGGAACCCGGAGAATGATACAGGTACTACGGGGATTACCTAGAAAAGGGGGGATGGAGACGTTCCACAAAGTTCCTAGTCTTGTGAATACTGGTACCTAATCTAGAGAACGCTAGGTACAGTTAGATTACACCGGTGCAGGACTGCGAAGATGCCCCGTCCGTGGGTATCGGGCCAGAAACATACCGATCTAAGAGATTGTTTGATATCAAGACCGAAAAGCTGCTCTGACAATACTTTATAGATCAACGTGACGGAGAATACCCACACAAATTAGTGTCTCTCGAGAGAGCTTCGGAGCCCACCAAAATCGTGCCTGAGGGCCGGTTGCGTGTGGATCTTTCTAGGACCAACTACCCCGACAGGCGATGAGCGACCAGTACGTATTTTTTGATGACAACCGTGTCAGTGTATCATAGGTATCCCGGCCGAGCTTGCCAGGCAGCCAAGTAAGTCATGGGATCGCGCAGAGGTCCCTACATATCTCACGCAGGCCAGCCTGGCAATGCTGTTCCCTGACCGGCCAGACACGCCAACCTGTTCTCACTGGCGCCGTCCCTTATA,1960,51.17,Arabidopsis thaliana
SEQ_879291,TAGTGAGATAAACGAAGATATCGCTCTAAGCGGGGACAGGGGGACCGTTGCGTGTGAATGTCGTTAACTGTTCTATACAACTGCGGCGGACGATCACTCGGGTCCGTCGTACGCGTCTATCCAGCAGGAAATGGTTGAAGGATACTACCCGGCGACATAGAAGCCCCTATAGTAATTATTGCTTTGGAAAGACCGTCCAGTCGCCATGTCAGTCTCCAGTAATAGGGATTGGCAGCCGACGCAACTCCGCGCAGGAACATTATTTTGGGTCATTGACAACCTCCGGAGAAATGTCAGAACACGTTGTAATATAGCGATGATGCCGACCGTGCCACTACCGGCGCACTTAGAAAATCTCGAAGGCCAGCTTACTGATACCCTCCATGGTTACCTGAGAGAAGCGGTCGGGCCGCTACCGGAAGCGCGGGATATGATCCGGTCAAAGCGGCTTATCATAACGTAAGCTGTTCAAGGGTTGGGTAGAACAGGATCCCGCTCGTGCCGAGTTCTATCATACGATGTAGTCTTGTGGCAACTCCGGAATAATAGGGGTATAGGCTAGCCTCTAGAGCATAGACTAAAAAAACCAGTAAGCGCTTAACCGTAAAAACGTGCAGCCCCAACTCAGACCTAGCAGTCCCATCAAGATCAGATATCGATCTCCTCCTTTCCTAACCTAATTTCAAGACATCCTGTTCACGGTATCTTAAGTCGCATCGCATCAGGTGCTTAGTGGGCGATCAGGTGGGCGCCTATGATCGATATTCCTATTTATAGTCCCGAATAGGGCACTCATATAATCCCGCTATGCTCGGCTGGGTTCCTAGTCTTCTCCTTGACGTCTGATTCGTCGAAATTTCCTTCCACAGATCGGCAACAAGTGTATGAGAGGTTGACAGCGACCCTCTGTAGCTGTCGAAGGGTACCTTTGGGTCATTGCGCGGTAGTCTTCGGCCGCGGATGTACACGGACATAAACCGAACAGGTGTCGAGTACGTTGGCTTGTTCACCTATAATGCAGGGAACGACGATTTAAGGCATGAAACAATATCAATGCGCTACTTACCTTAGCAGGTATTGGATTGCAGCGGTAGTTGGAAAAAGGGCCGCGCACTCTTACGTAGGGACACTTTGAAGAAGAAGTTAAGACGCGTCTGCAGGACAATTTTTACGACGATTCACCACATCACTTCATTCGATATTGAGTTTCACACCTACCTAGCCTCTACACCAATCCAAGTCAAGGGGATTGACAAGTGTGGCAACTGTCTCAGCCGACTGAACGGGCAGGGTCCCCACTAGGATGGGCGTCCTAGCTCTAGCTTCGTAGTTTATCGTATACATCCG,1347,49.67,Drosophila melanogaster
SEQ_877360,GGGGGCGCAGTAGCTTGGCGCCGACGGGGGAGGACTGGAATTATATTCGATCTGCGGAGACCAGGCTTGCGTCGTCAGTTTGCGCAGGACGTTCATAGCCTCCGGCCGATTGCTTTGAGGCAGCACTTCCATATGGCAATGTAAAACTTCACGAGTGAGTGTGAGAATCCACCTGCCAGTAATGTAAAAACTATAGCGCGTTGATGGGCCGCGGGCACAAACTTGCGAACTACCAAGCTAAATCGCAGCACCTCACTCTTGTGCTAACACTCGAAAAGCACCGAAGACGAGATCGAGGAGTTTCCTGTCATTCACTCCCAGTGTGCTCAAGAGGTAGACTATAGGCATCCTAGCGGCTGGTGGAAGAGATGGCGTGCTACGAGTAATGTATCTTCTTAATTGGTCTGATTGAGGAACGTGGGACGTACACTGCACCCTCCGGGGTGCTGCTTGCAAGTCAAACTGGAGGGGCCAAGTACCATAGAACACGCTTATAACTCAAATAACCCAGGGGGGTGGGTAATACCAAGACTAGAATACAGCGGAGAGTATTCACTATGACGCAATGGAGACCATGTCCGCAACCGCGCGGGTGTGAGGGAAGCGGCTTGTTAACGCCATCAGGAGCCCAACTCGCACGGAGCATTGACATGAACCTGTACACTACGCTAAACGAATTTTCGGGTTAAAATATCCCTCATAACATATAATCACTTATCCAACGCTTGAGTACAATCCTCATTGGACGTGCTCACTACTCTCCATGTTAGAAGAGGCACGGTAATACAGTTTGTTGCGCTATCCCGATCGACTATAACACTAGGTTATCTTGCTATCGCGTGCGAGGGCTTCCGATGACGCACCAGCTTAAAGTGAATCATCCGACGAAGTGAGCACCACCCATAAATACTGTTTGTGCGATCATACATGTGGCCCCGGACCGCGTGCTGTTCACTTAACCATCCCCAGTCTGGGCTCTTGCAGGATGCTGACGCCAGATGTTTCAACGGCTAGTCGAGAGGGTCTTCCTCGTAGGCAAGTCCCCGAATTATGCCAGGGCTTGGTACTTTTCATAGCTTTGTCGCTTAACTTCGTTCTTATCTTGTATGTTATTAAGACGCTCAGTTGTCCGCGGGGTTACACCCACTTGCTTTGCTGTTTCTAGGCCGCAATCAGTATCCAGAAGTAGGAGACTACGTAGGATAATCGCGGCCTAACCTTGGCCTAGCTAATCAACAGTACAGCTTCGCTCATGAACTTCCGATTTAAAAGATACAAACGGGGAGCTGCATTCGTATTAGACGGGCTGCAGAAGATAGGCAAACCTTTCTCATGCCAGTTTCCAAGTTTATTCCACCTTCATATGTATTACGTGTGTAATCTGTTGGGCTAGCCGCCGACGGCGTTCGAGAACTAACCTAGGCGACGGTCCCATGCCGCGTACCGACTCGCGTTTGTAAGAACCATCCATGCAGGTTATAGCCGCAGTTCCGTCTCGTGTCACGGATCACAGCACGAATCCTAAGAAGAAAACCAAGAACTAGTAGCTGCTTCTGCCCATTCTAGATATTG,1572,50.0,Escherichia coli
SEQ_914511,AATTTCTGTGTGGAAAGCACACTAAAACCCCAAAACCCTGGACTGGATACCCATAGCTGAGGCCAAGTAGCCACGATTAGGCAAAATATTGGGCTAGGGGAGACGTCTAAACCGAATAGGACCGCGGGCGTTACAGCATGACGACGATTTGGGCGCCTTACGCTACATTTAGTAATCGCAGGATTTATAATTACTTCCTGTTCTTGTGTCACAATGAGGGAGTCCCTCCGCTGCCGCCGTGCCAGCTGGGTCTTTGGAAAGACTTGCCATATGCAGGTTATTATCACTCACCACGCCAGTAATAACGTTACCCAGATGGCAACGTGTCAGTTAGAATCATCATACTATCTTTTAAGACAAGATACCTGATTCCTTATTCTTGTGTGTTAATTAGTCACGTTGCGCTTCATGCACAGGCGGACGGGCGCGCCTCAAAATATGGAACCTTCACTGGAAGACCCCGAACGATGAAGCCTCCGAGGTCAGCGATCGGTAATAAAAAGAATAATCTGCCAGCCAACCACTATTACTCCGGGCGCAGTAGTGATCCCTTATCGATAGGCAGTTGACATGTCGCTGTCATAGCGCTTCAAGCCATCTAAACCAGACGGTTTAATTTGACGTTATCGTTATCAGTTTGTGTTCAAGGGGGTCCACATTAGAGACCATAACAACCAGACGGTCCTTGACGAAACAGAAAGTAAGCAACGTCCTTTTGATGAGGAAGGTGCTTACCGCTGTCAGGTTGAATCTAACATCGAGG,763,47.31,Escherichia coli
SEQ_199521,GCGATACCCTTTGCCGATTGTCCCGAGCTCTTATAGCGCACGAAGCAAAGCGTAACCATAGACATATGACGCGCTGCCCTTTGATTGTCCGAGTATGTCCTATCTGTTCCGACCGCAGTGTCTTAGCTACGAAGCCTAGGAGCGGGGACATATCAACAGCAGGCCCGGCCATACAGTCCCAAATCTGCACTTTGGCAGTTTCTTGGAGTGCTCTGTCTTTGCTTTAATGAAGCCTTGCTCGCCATCGCTGGTACAGTTTATGAATCGCCTAGGCTCGCTGATCCGAATAGGACTGGGGTAGGCCAACCGATCGTGCATCACTAGCGGCCCACCCTCTTACTTTATCTCTAGCTTTCCACCCTATAGACGAATATGTGGTCAGTGTCAATAGAACTAACAGAGGATTATTGCTGGAAACTTTGTTCCCGTTGGAAGGTTCTTCAGATCGAAAAGGACTGTGGTGTCAAGCGGGGTGCGCGAGGGTAACGCGCGCGTCTGGACGTACCTATGTGTCTTCTTGTACGGACTTAGGTAATGCTAGGTGTCAACATGCGGGTTCTGGAGAGCGACATAACATCTCGGAGATCCACGATAAGACTTAATGGACTTATGGGTCCGCTTACGTGAGGGCTTGGGTACGGATGCATCTCAGCGAGTTTATAGACACTTTACGGCTTTCAATCGTCTAGTGAGATAATAAACGGCCGAACTTCAGGTATTGTCCTTCCCGATTACGCCCTAACAACCGTGTATGGTCAAGTCCACAGACGGAAGGCTTGCAACGGGACACACCTAGGTGTACCGCAGCTTTGGCATTCTTCGGGGGTGGATGAGCTCTTGCTACCGAAAATCGAGAGAGGGAGCTGAAGGGACTATTCGTCTCAACAAATCATTGGTCCTATCGCTGGGTCTGACTCCTGCACTCTCTCTTTCCTCTGGTCCGAGTTATGAGGGTTCCACTATTAGGGCCTGTGTGTAACTGAGGTAAAATCATCTTGGTTCCCTCACTATGGCCTATGCGTGTAGTTCCACGGTACTCCACGCAATGACCCCGGATCAACGCCCCCATATTTGCCCTGGCCCACATTGCCTAGGCCAAGCGGAGTCACCGATTGGCCTAGACAGAAGCTAGCTCTTTGCGATGACTTGTTGTTGCAAAATTCAAGATGTGTGGCGTGCTGCTATGTAACCACTGGTGATCAAGGGCACGCTAGTTCTCCGAAGGAAGCGGCTTTTAAGCTGAACCCGGACCGGATAACGCATCCAAGGGCTCCGGTAATCTGCACGTGGTGACTCCTACCCCCATACACCGACGCTGCTATAGCCTCTACCACCGGACCTGCGTAAATGGAGTCGTATTGATACAGGCCGTGCCCGCTCCCTCGAAACGGCAAGCTCGACGTAGGCACGTACGGTAGTAAGCACCATACTTCTTAGGACGCCACCATCTACTGCGTACCTATGTCCGTCGCGTTCTCAAACGATTGTAATGAGGGTATGCGTTTGCATCCTTCGAATGCACCCTTCCCGTTAAAAGACGACCGCTCACCCACTGGTTGATCGTGAAACCTGGGACACTTTGCATGATGGTATGTCTATGGTTCTTTGCACTTGTGCCTCCCATGCCTTTTTTGTTGAGCGTCGTCCTGCTTGCTAGAGATAAGCCTTGAAGAGAGAGGGGTGAGTCTTATTCCACACCGCGTTCCCGTTGGCACCAGCAATCTCTCTCGCTGCATTGACAATACCAGCGGCTGGAGACATTGTGTGACTAATCCAACTATAAACATTGATATCCAAGTTCTGTCTCAAAAGGGTTGAATACGCTGTCGGGTGTAGCGATCGCACGTAGGGTTGCCGCTAGCCCTGCTCGCAGGATTGATTTATTCAGACGCTCACGTGGGCTGTTGTGGGCGAGAATAAGCATGCGCCACTATGCCCCGCCAATCACCCCTTTGGCCTTGGATTCCCGTTGCTAATAGACGTCCACTCCTCAA,1994,51.6,Arabidopsis thaliana
SEQ_562876,CACGTAGGCGGCCTAGCGGCATAATCCCGTGTGCGGGCTGACAACCGCGATTCTACGCAGCGCGTCCCGTACATCTTCATCCTTGTTCCACGGACTAAGAGTAGTTTCCAGGTATTCATTAATGTCATGAGTGTGTGGTAGGCTAATGGATCTGTGTATGAAACCACGGTTCGTTTTGGATCGTGCCAACTGTCTGTACTCTGGCAATATCGGCAGTTCTTTGCATTCTGCCTTACACCGAAAAGTTATGCCGATCCTGTGACGACGGCGGACCCTGGTGTAGAAGGACCACGCATCTAATCGGAAATGCATGGGAGTCGATCGATTAGACGCGTAAAATGATCCTCTGCCTAGTGACGGGGCATAGACGGGCGGGCTTAGCGTATAGTATTTCTCGGGGATCAGCTTCCCGCTGCGTAGGCCTGGAACGCATCTCAACAGGCGACGGTTGGCGGTAGGGAAGTAACTCCTATGATTCTAGTATCCCTAAATTTTTCACTCGTAATCTTTGGCTAATGCTTGTAGGGACGCTGGTAAACAGCAGGGACGGTCATTTGGGAAACGAGATGCAGAAACATTTTATCTCACTCTTCTGAGCGAAAATGTCCATAAGGGTATCGGTTACAGTAGCGCGAAGCGGCGAGTCACTGGTGGTCTCTCTCCGGAAATTATTGCGACCAATTGGGTTGGCAGGGCTGTGCAAGAAAAACCTTGATTACCTATTTACTGGTTTGGGTCCAACGTTCATAGTTATCAAGCTCCTTAATCACTCTCGAAGAACCGACTACAGTACATCAAACGCAATCCTCCTTCCAATAACAGCGACAGATTTGAGACCAACACGCGTAGGGTGGGGGCACACTATATCTGCCTAGCAACGCGCTTATGTTAGCGGGCACGCCACTCGCGGTTTTAAGGGCTATCACGCAGCCGCTTTTGAAACATCTAGGCTCCGATAAGGACCAATACCTCTCATAGGAACTCGTTGGGCTGGATCTCTGCCATCCCTGGCATAAATAAGTCTTTACGCTGGCCTCATGGAAGTTCCTCATACCGCTAACTACGTCGTGAGGGAGCTTCTCCCCAAATTCCCGTAGGCCTTCTCTATATTATCGCTCCAATGTATTCGAATAGGCGGCCAATTTTTGGCTTCTAAGAAATTATATCGTGTCAGCGAGCTAATATGTAGGTCATCTAGGCAGTAGTCTCGCCCCTTGAAGCAAAACATTCTTTGGGCAAATGATTTCCGATGGACCGGTCCACCACTTACACCTTATTTCAGGGACGCCTTCCCCATGAACCCATACCTAATACTTTACCAGGGTAGAATTCGGGACTGAGCTGGTAGAAGTCAGAATTGCTCGCATCACAGGCGAGAACTACTCTA,1387,49.17,Drosophila melanogaster
SEQ_493448,GGTGCTCAGGGATCGCCGGACCCTAGGGGTGGGTGCCGGTAAGCCTGTACATGCGATGTTCAACGACCGCTGCTTCCGCGGGTCGTTTCTTAAAGTATATTTCGCATCAGGAGAGTGCTTTCGGCATACTTGAACAATGTTGTAAGGCGGGATACCTTCCATACTATCGTACCGCCTTACAGACAGCTTAGATTAGATATTCCGACTGGCGCTGAGGGATCGGTATGCTGTGTTGAACGATATAACTGTGCCCATAATCACCCTTATTATTAGGCGTGGTGGTACGACGAGGCGCCATAGGGGCGATTTCTGGAGAAAGATTGCCATTAAATGCTGTCGAACTAGCCGACTGGGGGACGATGAGGAATCCATGGCGATGCATTCGGGCGTTACCTGTTTTATTGATAGTAGTTTCGGGGTCTGCAGCACCGTGAAGTGCTACGAAGTCGTATGCATCACAGTGAGCTGGTGAGGCTAGAAGCCGCCTTGCGATAGATGATCGCCTTTTATGCAAGATTTTCTCCCGCTTATTATACGAACGGGCAGTATGCTTCCCGCGTGTACGTGTTTGGGGTGCCTAGGGGACGCCATCGACAAGGGCCGCCACTGAGGTAATAGCTGGACAGCGTAACGTTCCGTAAAGCTAGATTCCAACCCAAGCAACCCGTATGCCAACCCGCTCATTGTTTGCAGCTCGATGGGTGGAAGTAGCTACTGATATTGTATCTATATCGTTGGTAAATCCATCCAAGGCTACACGCGCGTGGTTGTTCCACTAGTTAGGAGATTCACGAGCGTGCCATCCGCCCCCTAAACGATTATCCGAGTCTGTACTATCTCATGCAGTTTGAGTTCTGACCGTTATACGCTCGCGCCCAGAGCTCCGACCTTTCCCCGTACGATGTGCAGAGTATGACGGGTGGGCTTGGATCAGGAGTACACAAAAAGCTGCGTTGCGAGGTCTCATGCATCCTAGGTTAATCTCTATGACCGCGGCATGTGGCACAGATACAGTCCTTCTGAGAATTGACGCTCATGGATAAAAACCGGACCCTTTTCCCTGACATCCCTACCTTCGGATCTTTCTATCCGAACGTGCTTATCGAAGTTGTGCGGTACTGTAGTCCCATAGCTTATCTAGAGGAACCTCTGTCTTTGTATACAACCCCGAAGAAGGCGTGTTTCCGCCCGATAGGGTCAAATGCCTACAGGACCGTTAAAT,1222,50.9,Arabidopsis thaliana
SEQ_706443,ACCTCATGCGTCCTTTTTTGCCAAATTCGCTCCGCACGCTCCTGATCAATCGCATAGTCTGGAATTCCGTGCAGTCCTGGGCTAGAGACTGCCTACCCGACTTGGAATGTAAGGTTGCACCAACGCTTGGGACACGACAAGGGAGTATCTGATGCTGACCACGTTTTTCTGGTATACCCAGACAACCCCCATCTTTCTCACATGGAGCAGGCATAGCGGAGATGATCCTGCAGTGCATCAGGTGAGAGTCCGGATATGAATATGCCTTGGCAACGGACATGTGTTTATTCTTGGGAACAGACCACATCCTACCATAGCTTGAGCTCTGCACCGAGCGCAGTAGAAAGCTTCGGCAATGCGTGGTTATGTGGAGATGTCTACTTGTGGTTCTTTACCAGGGCACATGCCTCTGTCGTCCGGAGATGATAGACGATATACGCAACTATAACTTCGAGCTGAAGGGCCAGTTAAACCCGTGGCAGGTTCCCCAAGAACCATGAAGGCTGGCTCAACAAGCAAAGTTCGTATTCTTAAAGAACATGTTTAAAGGGGGTTTTTCGTTATAATCGGTTTTGTGATGACATAATATGCCTAGAATATCAACCGGGGTCTGGGCGTTGATCGCTTAAGCAGGATCTAGGTGGCGGAGAACGCAACGATCCCAAACTCTTGAACGGCACTGGATCTAAGTCTGACGGAAACTAACTCGAGTCCACCGACAGCTCTCAGAGTGCCGCAATGTCGCATCATGTTATCGAAGCCGGCTTTGTTAGCTGAGATACTACAGCACATGGTTAGAACGCGTAGGCACCGCTGTCCTATTGAGTGAGTCGGGCCGCTATTCGGGGGAGAGGAGTACGTAAGAAGACGAAGCGTCCGCATCGTTCCCAGGTCATAACCGTATGAGTCTCGCCAGTATGGTTAGTCTCACATGTTAGAATAGTATATTCGGTACCCTGGAAACCCCAGTTTAGCCCGGACGAATTCATGAGGCATTCCTGGTGCCAAGCGCTTGTGGCAAACCACATACTACTCTATTTACCAATTCGGTCGGAGTTTGCAGCT,1065,49.86,Mus musculus
SEQ_520976,CCTGAAAGCGAATTAGCACATAAGATAAGGCTAGTTCACCAATTTCATCCAGTCGCTCGAGTGGCGCACGTAGAACGGACTTGTCTCAGGGTGAGCACTCATGCTTAGCTGATGCCGCCTATCACATGGTTTAAATATGGGATTGTGGGCAGCCGTGTGGCCAGCCTGGGCACCTAAGCATCCCCAGAGTCTCCGTGGACGGAACTGACGGACTTTTGCGAAAGCTAGGGGGTCACCTACTTCAGCGAGGGCTACAACCCGGCATATATCGTCATTCGTCTGCGGCGTGCCCAGGTGTAGATTTTAACGGGCACAGAGAGGGCTTAAGTTTCGCATCAATCGGCAGGTGTCGGTGAGTAACCTTGACTCAACGACTTTCTCCTATAGCGGAGAGATTTTGGAATAGGGGAGGCTCGTCACGTGATTAGTGAGAGAGTTATACACACTTAAAGGTACGATAAACCATCCACAACACAGAGACACATCCGATACGTTTTTTACCCTGGGTCAGCCGAAATAATCGAACAACAGCTCGTATCGCCTGACTATATCACGTATCCTACAAGATGCCCTAGATGCGTTAGACATCAGCTGGCTCCCGCATAGAAACAGAGCCTATTACTAGCGATCGAGCTAAGGTGGCCTCGGTAGCGACAAGAGTGCCGATGCAAGGAGTTAACAAGTCGCTTTTTGAAATAACTAGTTTAGTTATTACAGTTGGCCAAGCTACACTAATCGGCACTATAGGTGATTCGCTCCGTAGCTTGTATTTGCCGAAGTCCTACTCAACTCTTCCACGCGCGGAGCTCCATATGGTCCCATTAGATGACCTGATGACGGTAGCACAGCAAGCCGGTTGGCTGTCCGGCAGGCATACCGGGATCCGCGGTGCCCTTGGCGAGACATATTGACTACGATGTGCCTATAGGTGTTGTGCTTGTTCCCGAGCTCAGAAGGGGCGGCGCGATTACCAGGTGACAAGTGCCGAAGCCAATCTAACGTGAAACATCCGCTTGCGCAGACCAAAGCTGTTATTCGTGCTCACTATGGTTATAGGGAGACACCGATGTCCAGACGATGGGTTTTGACGGCCTCACTGTGTCTACCGACAGGTCACCGATACACGGCATTATCTGACTTTATCCCTGCTTCATGGTTCCGCAGATGCCTCAGCCCTCACCGGTCCTTAGCAATCTAAACATAACGGCCTTAGAGTGCCGGAAAGGGCAAGGTTAATCGTTGAAACTGCCAGAATTAATCGATCAGAATCATCCCGTCTACCTCGGTTTCGGAAAGTTCGGTAAGAAAGGGTCGAACTCGCGTGTGTAATTACGCCACACGCCATGCTTTCGACCACAGGTGGGGGACTAGTACGCCTCGGCAGGCTCAGAGTGGATGTCAGCGCGTCGGGGTACAACATACTCAACGGAGAGAGCGTCCATTAATCCCTTGAATTAAAAACAGACTGGCCCATCTTCTACCGTAACCATCATGACCTGTCATCGTTTCCGGTAGATACATTACATCGTGAGAAATAGAGTAGCATTGACAACCAATTCTGGTAGGACAGGATATCAGATTACAGCTTTGAGTGATTAATAGGGCGGAACTTCTAATGTTAGTGAGTTCACATTAGAACGCTGGTTACGAG,1651,50.03,Caenorhabditis elegans
SEQ_996656,TTACGAGAGAGAAACCCTATCTGCACATATAATTTGGGACCGAGGAGGCCCTGAGTCGGCATCCAGAATGATCCGTCTTACAGGCGTAACGGGGGGATAAGATCGGGGACGGTGACATAACCTCACATAGACCACCGCCCATTGAGGATCTATCAGCAAGTTTGGGAATCTCCGAGTCTCGGGGTCTAGTCTCCCTTAGACGTTTTAACCGCATAGCGCATTATTTGGCTGTTTGGGCAGATTCCAATAAATGATGCTTACCGTTGCAGTCAATGGGGGAGGACGACTCCCATCGGTCGACTCGCACATGGAGAGTCTCGGCGGTATTTGCAGTGTGCAGCGAAGCGTTGAAGACACATGTGAGCACGGACAAACGAGCATCTGCGTTTACTAACAAGTCCGGCCCCCTACCATTGTCTATACCCATCTATGCGTCCTGCCCAGCTCAATTCTCCGCAATGTAGGATATAAGTGCAACGAATCTATTTGTGTCAGGGGGTCGTATACTGGCCGCTGCACCTACAATTTTCGGAAACGGAGGATGGCTAAGTCTCATCCCGAAAAAAAATTCCTCAACTGGATCTTGTAGGAACCCCGTTTCAGCCTCGCGTTTACGAGTACCTCTCCCGTGCCGAAAGTTGAGGTGAACCTTGAGTCATTTGGTGCCTCCTGCTGGGACCACGCCCCCCATCCGTTTCACCAGACGACTGCCTCCCAGCCTACTCGCCGGCTTTGTGCACGCTGCAGTAAGTGCCCTTCCTGAGCAACCTATTGACACGAACCCGAAATC,790,52.28,Arabidopsis thaliana
SEQ_575775,TTCGAGCTGCCCTCGTATACAGAAGCTAGGATCACGCCTGCTTCACAAGAATTCTAGAGAGCCTGCTTGAAGCCATTCGAGACCCTCTTTATACCGTTAGAAGCGGAGAGACATAGAAGCCCTGATATTCACGCGACGTTCTCCAGAGGGGCTGAGCGTGACTGCTACTTCGGAAACTTGTACAGTTAGGGCCACGGTGGCCTCACCCTGTATAGCACACGTCCCGAAACTTACCACCCCCCTGTAATACACTTCGTAGGCGATTTACTTCATAACGGGAGACTTCGTTTCAGGAGTCCTATTATAAGTACCCGGACTGTGGTTCCCCCTTTATAGTATGGCTTACTGCCGCGGATGGCCCAAGATGCGGAACCAGAGTGAAGCGTCAAACGTATCCTAATTCCTTTGTCCCAATAGGGTTAATAGGTCTCCGGTAACTCGTTTATACATAGTGAGTACCCTGCATCCCGGCGATTAGAACTTTTTCCATCTCCACGAGCGTGTTGACTTGGGTCGCCTGTAAAGTAAATTTGTAATATACCGATGAATATTAGTTGAAACTCGAATCATCCGATGGAATATGCACGCGTTTCGGGAAGAGCCAGCGCCACCCTGGTCACAAAAACCCAGACAAAAGCCTGCGAATCGGATGGTCACGTTTAGCTCCGGAGCTCTAGGACGAAAACACGATCAATTTAGTAGGCAAGGATCGATTCGCGTCAGTTTTCATCGTGGCGCCCGGCCGCTCGCGCCTACCAAACGACGCGCGTGATAACAGTTTGCACGGAGGCCAGATGTTAGATGATGGCCGCTGTCCGTAAGATAAATCACCTTCGGGAAATGTCCCTTATAAATCTGTCGAATAATCTTTTAGCAGAATTCGCTGCGTG,890,49.44,Caenorhabditis elegans
SEQ_178426,TCGTTGATAGGACTAGGCCTACCTGGTTCCACTATAAAATAGAGGAGGATCTTCGCGGGATTAATTGGTCATTTTACTTTCTAAAATGGCATTCAGACCTATGTAATTGAGTTGTGGGATGATAGAGAACTGTTCAGCGTAAGATTTCGGAGACGTAACTAAGTAGTGCTGCACTCTTCTGTCAAGATCGCTTATTGATACGGTCATCACGGTGGCTTGGAGCTCCTAAAATAAGTGCCCTATCGGCTCGTTGGGCTACTTGAGCGTAGTACAGGCCCCTCCGCCCGGAGGCATGCTGCCTGAGTGAGTGCTACATATAGCATCAGCCGAAGTAAAGATCTCGGTTGTTCTGTCCCTCAACCCACAAAGGGAGACGGAGCTTCTCATTGCGGGCTTATCGCTAAGTGTTTAAACCTACGGTATAATTTAGAAACCATGTGGCCAGGTGACTCCCGCGGCCCGAATGCTTTATCAAATAGGGGCCATCGCTCATTACCCACGACTACTGCAATGGGTGGGAGCGACCTACCAACACTGTGCTTAATGGGGGTCGTCTTGCTAGGCTCTCCCGGAAACGAGAGCTCGAACCCGGTGTTTCCGCAATTTAGGTGACTTAGGCATAGCCAGGGGAGCCTATATCTCTATTAGCGTAGATCCAGCCTTGAGCCGAGCCCAATAGGGCTCTGGGGACCGTATACGGACTACCACTGCTAGTAGTCATCCTAACTATTTCTTCGTTGAATCGACGGTTCTTAATCCAAGGCACTCGGATGGTCTTTCGCACGTATAGACTTAGGACGTTTCCATTCCTGGATTAAGCGTAGGATATTAGAACGGCTCTCCAGGTGTCAGGAGCATTTACCCTCAGTATATATGGTGCGGGTTGCGACGATCCAAGTGCGCTAGGCTGAGCAGCCAATGGCCAAGTTGGTCGGGCGCAACTGGGCACTCTCGGGCACCGGAGCCGACTGCACCCAGGTTCAGGTCCTGCAAGTGACTGCCGCCAGTTAGATTGCCTCACTACTGGGTTGGCAGGGGACCGAATTATAGTTACGATGTGGCGGGAAGTCTCAACATTTATGACAAGCTCACTTCCATGGTCAGCTTGTTGAGCTACCTAGCAAACAGCTGAGCCATTTCGAATAATCGAGACAACGCCCTTCTATACGCAAGTCCTAACGACCTGAGTTCCTATCCCTGGCGATTTATGCTGCGATACCTCAAACCCATTCGGACTCGGCGGGGCGCGTACCCTCCGATCAGAGAAACGAGTACCGTTGGTGCCGCCGACCTCTATCTGCCCGGTAATCCGTAGTTGTTCGGTATCACCTCCGATGACGCCTCCGTCGCATTGCCAAAGCTGGTTAAGGGGGGGATACTGTACTGGAGTTGGTTCTGGATCCCGCGTATTAATAGTCGGGATCCATATCCACGTAGCGTACGTCTCCTACCGGTTGCACCCTCCTAA,1468,51.57,Arabidopsis thaliana
SEQ_885718,TCCAACATTGCGAGTTTAAGTGAGCTGGAGGTGCAATGTTCCCTGCCGTGGCTGTTACGTAAACAACGCATACACGGGTGAGGTTTTACTTTCTCAGACACGCTGGGGCCTTCTCTCATAGAAGCATCCACGGTAGGTCGTGGAAAGGCTCCTTAGTCTGGCACCACTGAGTTTCCCGGGGGGCGTGTCCCTGCCTTGACTGGCTCGGTACGGATGTCAGATCCTGCGTCACGAAGTCGGTACATCGCCCCGTCGAGACCGGGGGTGGCTTACGATGCACTAATAGGAGGATACGAGCTGTCTCACAAACTGCTATGAACCCTGAACCAATCGTCCAGGAAATTAGGGGACCGCATAATGCTTACGGTGGACTGCTAGCGGACTAACTCACTTGTATGGATATGCATGTAGTATACGCTTATGAAAACTCTAGAGGTATTAGGTTTCCATGTAAGTTTTCCCCGTATTTACTGGCTGGACTGATGCTATAACTCTAGACCGGCGTGCGGCGGATACGTCTTAGCCTTCTAGGCATCGGCCCTACACGAACCATTGGATTGTGACCAACTTTCTGGGCGGACTTACAGAACGCACTGCCGGCGGAGTTCGATGGTCAGAGGTGCCTGGTCTCATCGCCAGCCAGCTCACGGTAGAAAAGTGTCATACACAACAATCGCAACTGTTCAGCATTTCTAGGATGGGTTAGCAGCACTCCAGATGAGGTGTGGCGATGTACTGAAACAACGCTAGTGGGTCTCGACGAGTTGTGTTAGGCCTCGCTTGGTCGATGGATTAAGGAGGACTATGTCAGTAGTGTGCCCCAGAAATCAATGCAGCCCTTCACGAACATGAAACTACCCGCTCCGACCACACCGCCGAGTCTATCCTCGTGTGTAGATCTTGCCCAACTGCAGGGAGATACCTATCGCCCGGGGTAAAGAGTTAATTCGAGATCTTGCCTCAGGCCCCTGTGGATACACTGGCTTTTAGCGCAGCGCCACCATTTATGTGGACGTATCTATGCCCATCTATTGGTCTCACAACAAACCCAGCTGAGTGTAACACGAGTATAGAGCAAAGTTGAAGCAATATCCTCTCAGTTATGCGGACAGGCCGTACTTCGAAGGCTGCATAGCGACCTCCCACACAATTTGAGTACGCTTGTTAATATATCTTAAAAGAAGACTTCTCTTACCCCACATCTGGAGCTTCAGTGTTTCCATCGTTACGGATATAATGGCATGACTCCGACTATAGAGTTAAAGACAACCCGATAGGTGGGGTCGACTACATGAGAGTATATCCGGACGCAATTGGATGAGCAGTTTGGTTATGTTGTCGCCCAAGTAACGGGAGACCATGTTATACCCTGTTTCGACCCTACAACAACCAGATGCAGGGCAAACTATGACCGGCTACTCCCGCCGCCTGAAAAAGGAGTGTGGTCAAGCCTGC,1455,50.79,Drosophila melanogaster
SEQ_851346,TGGCTGTGCGGCTACATGTTGTTGGCTCGGGCAGGGTGCTTACGCAACGACTGGCGTGAGACTTTGGTGAGTAGACCGCCGTGAATCCGCTTGCAGGAGGACTCAGCCGATAACGATCGCCTTGTAAAGTACTTGGAACATATCATGTCTGACAGTATGTACAGGGGTGGGCTACGACAGTGAAGTCTAGCCGATCTGTCCATCAGTTGTAAGACGTGAAGATCGAGACGTAAAGCAATCGGCCTGAGAGAGAAGATTGTACTATTTCCCCACGCTGTCAACAAGTTCTCCCAGGGAATACAAATGGAGCTGGGATTTTTACCAAGATTAAATGGAATCATGCTACTGAGGTGTGGTCGGATAGATACCACCTATTGATTTTTCTGCACTTGGACAGGGAATATTAAGGCTTGCGAGCGCTACGGCTTCTCCCACTTGGCGGTGTTGATTCAACCTCACCACCGCGAATATCCTCCGGTGGGCACCCGCACAGCTCTTTGCCCGTAACACGGAATCTTTGAACTACTGGGCATGTTGTTCGAGACCGCTGTGGCGACGCGTTTACTTAGACGGGAGCGGGAAGCCGTGAATGACACCACCAGGCCGAGTTCGCGATTCGGCGAGCTCCACGCGTTCTACAGCATACCTCTCCGGAAATCGACACCTTTGTAAGGACGGGAATACTTAGGGCCCTTGGCTGGTGACATCGTATCGTTCCACTGGGTCATGAGGCAACCTGGGGGAACGGGTATCTGATTTGCTTTCACTTTAACGCATTTAGTTGTCAATTAAACCCCATCAATGCGGATAACGGGAGACACTAGAATCTGCAAGTCGGGAACAGGGATTCGGCGCGAGAGTCTCGAACGCGCCTAGGGCGTAGATTATGCGCATGGGACCCTTTGCCACTGGCGCGTGGTTCGCCTCGTATGAAATTGGTTTACTAGACTTTAGATAAGGCGAGATAAATCTTTGTGTCGCAACGTAATAAAACGATCAGCATCATCAAGAAACAGCTGCGAATGCTGGTAGACCGGAGGTGAATATAATGCCCCTCCGAGCAGGCTCCAACCAGGGAAGACGGAACCTTGAAAGCAAGACATCGGCCTCCGTCCTTTTGATCCTAGGGTAAAGGAATAATTCAGATAGAATCTCGAGTCTAATTAACCAACGTTCCCTTGTTGGAGAATTTGGACCTCGACACAGGTAGCCCACGTGCTGTGTTTATCATGGACGCGCCGATGAACTTGACCCAGATATACGAAGCAACCCGTGACCCACTAGCTTATTCCGTGGCATACAGAGGACGGGCTTCTGGTAGGCGTCCACTATGGTTAACTGGTTGGGGGGACATGCCACTGGTACCATGTGTTAGTGGGAAACGGGCTGCACATAGGTTTCGAGTAGGGAGAGCCTGACGGCCCACGAACTCTGGTGCGATGCGTTTACCCCTGAACGCTGCCGTGGGGCGTGGTATATCCGGGTCGTCAAAGTCGCATTTCGCGTATATCGCTCAGGTGGCCAACATACTATCCCCCCATGAGCCCCGCAGCACTTCTGACTGGTCTACGTATTGATTCTACATCCCAGGTGCGCGAATCCTTAGGCTATTAAATCGACCAAACATGGCTTCACACATCAGGTATTACGGAGCCCAGAAGAAGGGGGGCTATGCGTCGCATAGGCAACCACGGCGCGTGTGATGCGGAGCTAGACTAGAGGATTCAGGAAGGTGCTTACTGAATCCACCCTTATTTGGCTCGCTATTACGCCCACCAGCAAAGATTTAAAGCGTCTACTATTCGAGGTGTCTATTGAAGATTTTATACCCTATACTTGTACGAATAAGGAAACAGGCTCCCGTGAGGTATGTATTGTACCTTCGACCGGCGCCCAGCGTGTGGGATAGGAGGTTCGCTACGTCGAAGACTATTAGGGCGGTAT,1944,51.44,Homo sapiens
SEQ_940287,AATCACACGGAGCGAACCTTTCAAACTGTTCTAACAGTTGTCTTCAGCTTATCATATAACCAATTCCTGCAAAGGCCACCGCTTCCGTCTGGCGACGGCTCATGGTCGTGCTACTAATGCTGTACGAAAAGGCAATCGATCCCACAACGACCCTTTCTATCGGTTGTTGTCATAACCCCCAGGTGAGCCTGTGAGGGTCGAACACCTGGAAAGGTATGTCCCCGTTGACCGTCCGAATGGAAGCCGAAGAAATCGCTAGTGCGACCCGCGCTAGGGTCCTACAATCTGCATCTTTTGACATCGAGTTTCTCATAGTTGTGTGGTCCAACACGACCACTGGTGTCCATGACGTACTTAGGACATGTGCATTATAAAATAACACGCTGTATAATTTGAATGGTGATGGTTAGGAAAGCCGATTACCAGCGGACGTCGGAGTGCGGTCTCTCTTGCAGCGACTGACATTGCGAGACTACCATTTGTCAGAAGATAAAACACTCGTCGGGGTGTGTTCGGTTCTGTCAAGGTTAGTACCGCCGGCGTCGCTTGCGAGTGAACAAGTGATGGAATATAGCTTGCAAGTGAGACGAGGTTGACTAACCATCTGTTATAGTAGTAAAGGTAGTTCGTACGCTAAGGACCTCATGCCAAAGCTTATGTGACTGCTTGCGGCTAAATTCCCGGAGCGAGATTATGTCGTACACTTCTGTACTCGGATTGCGCCCTAGCTGTCTGGTGTTATGACGAAAGTAATTATGTACCACAGCTTTGTTGGAGACACCAACGAACATGCGAGAGGAGCAACATTGTCTGACGGATAAGTCGTAGCTCCTAGCTATCCTCAAAAGACAACCTTACCGACGATATGTATCCAAATCCGCAACTGACGGGAGGCCCCCTAGATCTCCGGTATCCAGCATCACCAGATGACCAGACAGTTCACAAGTTTTTGGGCTCGCGGATGGCACCCGTCCTACTACATGACCACAC,990,49.19,Saccharomyces cerevisiae
SEQ_373879,AGCAAAATTCGCGTGGTAGCCGTACGTAGACACGTACCTCGTCGGTTATTTAGAATTCGCGCAGTCCGCCTTACCTTACTGTTCTTAGGCGGTCCAATATTCATTTTGTTGCTAACGTGATATCTGTCCGTGACTCGTATAGGAATACCACCTCTAGGTCTATATGAATAAGCACCATACGTCACAGGCGGGATGGAGGGTGAGAGTCCCCACCCCTGCAAAATCGAACTCAAAATCTATCTGACCCGTCAGTAGAACCGACGAGACTAACCCAGCCAGCCCATGCGGTTTCAGACAGTAGGCGCTAGCTCCGTAACGGGTCGAAGGGGAGCTGCCCAAACGGAGCCAGGTCCTGTAGCTGCAATAGGGGCAAAACGTCTAACAGGGAAATGCGAGTACACACATTAAAAAATCTTTAACGGCAATAACGATGGAAGGTAGGCACAGGGTCGAATCCGGGGGCGGCGACAGTTAGAAAATCCATGACAAGCTAGATTCATACGTGGGTAGAACGCAACCTTGCTATTGGCGTACGAGACGTCCGATTAGAACCCGTTCGGAACGATCTATTTGGTGATGCAGTGGATTCCAGACTGCGCGGTGGTAGCAGAATCTGTCGGTCGGGATACTTCACCTGACCTACACAAAAATACCGGTACTGACCTAACTAAAGACGTCGATCCGAGATGGGTCCCGAGAACGCTACCACTATATGGTTACTATATTGAATTGATTGGTTTACTTTCCGGCAGCAGAGCAGTAGGGCCCCAGCAATGTACGATTTCAAGTCCTTTCATACAATTGGAGGTTATAACAACACTAGACGTTTCAGCTTAGCATTGTGACGCTGCAAGGATCTTTCGCTAGGTAGATACGCTACATTTGGGGATCAAGTTTGGTCATGCATTTATTGAGAAGGTCACAGAATCATCTTATTTAAAGATCCGAATGTAGCCCCGTCGTCCCTTACTTGGAGTGCTCTTACCGATTTCCACGCAAGTCAGGTACAGATGGGTCCGAGTATGAAGGAGGGAGGTGACCATTAACGTGGACTACACAAACGCATTTGCAGACCCCATAATTCACATCAATGAGGATTTTAGTGGCTGTGTAGGACACAGGTAAATTATCGATACCCGACATATTGATTTAGCTTTCTGTTTGCCAACTGAGGGGTGTAGGTGAGA,1187,47.77,Escherichia coli
SEQ_241391,AAGTACGCGCGAACTCCTCCCTGGTGTATACGCCGTTCGTACGAATTGACGACGCGATGCCATTCTGTTTCTCTTAGTTTCAGGGTATGCTGCCAGCCGAAACCGCTTGTGCGGCTCTAAATCTGTGTTTTCTTAGTGTCCAATGCCTATGGGCAGATTGAATCTGCACGTTGTCGCCAGTTTCTCCGACATTTAGCTTACGCCCGGCAAGGAGCGGCAACGGACGTGCAAAAGCCTGAAAGTAATTAGTGTCGATATGGGGCCTGGGGTCTTGTGCTATGCAACTGGTTTCGGAAGACTAAGAAATGGTAACCGAGTCCGCTCGGGAGAGTAACTACTACGCTGAATGTTTGACTCTTCGAGATTAGAAGGCCGGTGATCATCTGACCATTGGGCTGCGCGGATCGATCCTTGTTTATCAGTCCCCTACTCCCCGTCAGTAAACTAGACATTATTGGGGTGTGTGATATAAAGTAATGTGCTCATCTAAGGGATTAAGTTACGAGGGGATCTGGACCTGAAGCTCCTGGATGTAATGAAAAAATCGGCATCGATGCCTGGCTGCGGGAAGATAGTATTGATAATTTAAATCCTCGACCACGTGTTTAATCCATCACACTCTCTTGACGGAATGAGGTAGAAGCGATTGCCATTGCGCCCAAGTTAGAAACGTACAACGTTATTGAGAAACGCTTGATACCCGTGACGTGATGAGGTTAAGAAGTAGGAAGGAAGGTTCTTTTAAAGAGATGTGTTAACTAATCATTGCAAGATTAGCGGGGAGAGGTAGCCCCATAAAAATGCCAAATCACTTAGTATGATTTTACTTTTACTGTCATCAAACCTTATCGATGTTGGGGTAGAGAAAGGCGGTTCGAGATGATGGCTTCGGTACATAAATAGCTTCAGTCATGGCGGCATCACCAGATTTGCTGGCTACATCAACTATACCTCCGATCATTAGTAGTCATTTCCTACGAATTAAATTGGGTGCCGGACCAGAGACTGTTAGATAGCTTCTTGAATGTGGTGGGTCTAGTACGTATCTCGCTATCATTTTGACCGTAGAATGTGTGGGACTTATCGGAATAGATAACCATCCTTCCAAATGCATTAACTGAAACGGTAGTTTGACTTTTACAGAACAATCCTTACGATAGGGTAAACGCCCCCAGTGTTTGTGGGCGAAGCGCGCTGGCAGAAGTCGATGAAGATGAACGCATGTGAGACCTGGGGGCTATGCTTAGTCAGGTTATAGAACTAGTTAATGGCGTGTATCCAGGAACGTCGCTGAGAAAATGTGGCCGGTACCCTTATAGGAATCGGAAAATCACGCCATTAATATGCTACTTAGCCAGCATTAACACAAGCGGCTTACCCAACAACGCCCAGAATGATGGATGAAGTTCGCGAATGACTTGACAGAGGTTGGTTGGAGAAACTGAGTGACTAAACCTCCCGTGCCTGCTGCTCCACACTGTTTCGGTGCCCGAGCGGATTGCCGATGAGTCGACTCACTTTAACTTTATCTGAAGTAAGAACTTACCTATCCTGGGGGAAATTTCGTACCAGGTCGCGCCTGCCGGATCGGGTTCGCGCGATAGCCTATGCTTGTACATGTACATACCATGACCGTCAAAGGGTCGCCGGCATGCTACAAATAACGGGCGTTGTTTAGAATAACTGATCTGTCGTTGGATGCTAAATGGGTCCAATCCCTAGCCCCGTTGCAACAACGAGTATGCAAAAGCCGGAGCCAGAACAATGGACTCTTCATTGTGTGCGCGATCCTTATTCATACTCACTTTACCCCTTTCTAGTGCTTATAAAGGTTGCCCCAAGATTGTCAGTGGGGCTGTTTCGCCGGCGAATTAAGGTCGAAAGGACGCCTTAGATAGTGCATGGGTAAAA,1911,47.04,Arabidopsis thaliana
SEQ_445350,AACCTGAAGGTTCTGCAATTTCTAGGCCGCCCTTATGGTCTGGCGACATGCGGAACTGCTCGACGCGGTATTAGGTCTTTATAAGGCCCGAATTGCAAGTTCATATAATCGTAATAGGCCGTACAGGCAACGTACGGCTGAGTGACCTTTATTCTACTGAGAGCGAAAACCGCCAGACCCAGGGGCTAGGTTAAGACTACGACTTCACAATCACTGAAACGAATCCGCGACACCTACTACATCTGGTCGGAAATGGGCTCTAGCTTCGACTCATGAACGGTACCGCGATGCACTAGGAACTCCCCAGCAGTTCATACGCAACAAGGAGATACGCCCAACGGCGTGGCCGCATATATTAGTGTTCTCCATCGTAACACAACTGTAGCCATTTTTTAACCTTCGTGTATCCGTTCTAGCCTAGATGTTGACTGTGCCTGGTTTCAGCGGGAGAGTAGAGTGTTTATACAGGCTGTCGTTCGCATTCGCAACGTTCCAAGAAAGGGTGCGACAATATCCTATCACGCTCTGCCACTAGGATTTCCAGCCTGTTGCGACTATGGGGAAGGTACATAATCCGCATACTCGACATGCGTACATGACTGCGCTTATTGCCGT,615,49.76,Caenorhabditis elegans
SEQ_878635,GTACCCGACGCCCCCCCAGAATTCTGAACTCAGCTGATACAAGGCTGGGGGGAATATCAATTTTCTGCACATAACTGGTGAACTCGGCAAGAACACTACTCCTCAAACTTGCGAGGGAAACTAAGGTCATACAAATGGTGTTACGCCCGACTTGCTTTTCCCCTAACATCCGAACAGAGCTGTCCTCGTTACACTATTAGCCACGACTGATGGCTCTACGAATAGGGTGTGGCGTGGAAGTATGCTCGCCTTAGTGGGCCCAAGCCTGCGCGTTCCACGACCGCGGTGTAGTTTCGGTGCCCGCGCTGCTCTTAGCGATTATCATGGGATAGAGGGCTTGAAATGCACGGATTAGAGATGTCGGAGCCCGTAGCCGTCATGTGTACCACGGTATTGGTGTCACTTTCGAGACTGAACGCTGAACACACAGGATCTAACGATTTGCCGGACGAATTGATGCCCACCGCATCCTTCAAAGCATTCACCACTGTGAGCCTTCAAATGAGAACGACCGCGTTAGAAGCCAACCCGGTAGGACTCTGACTCTAGTTGTTTCATCTGAAGACGTACGGGAGGACTCATTGATTCGGTACAGCCGCGAACCATCACCCATCGTCGGGAAAGTTGTAGTATCGAGATGGTTGGGGGTTTACTCCCGAGTGGTGCACGGCATCGTCTCACCAGAGGAACGTACAGCATCGTACCTAGACGTATGAGGTAGCTTTGCGAAAATGAGAGCCTTTTCACTGGGGGATAAGTGGGTTAGATCCCGGAAGTACTTCACATATCGACGTAGGGTCCACGTGGATAGCGTCAGTGATACACTCTACGTCCTTGCACTATTACCCCGTGAACGAACGTGGCAGCCTCACTACCGGATTATCTGAGTTGTCGTAGAGCTCACAATTATGTCAGCTGATCGCAGCGACATTCCAAAGGGATGTGGCGAGGTATCGTCTCAATTGCGGAACCTTGGTTAAGGATCACATTTACAACACGGTGGACCAACGGCGTGAACGTTTGCCAAATAATTGGCGACACCGTTACAGTATGAAGGCCGTACATTGCCTGGCTGATCTCGGCGAGGGG,1089,51.7,Arabidopsis thaliana
SEQ_636172,TGTGAGAAGGCACATTCAAGTCTCCCCACACTATATTTACAAGCGTAAGCAGCAAATGCATGAATACTCGTCGCGGAGCTAGTCGTTTCTCCGTATGCATTTCTTAGTCTAAATATATTAATCGATGGCCAGTGAGTCGCACGGCAAGGCACCAACATGAACGTAAACTACCAAGGATAAAAAAATTTCCCTAGATCTCAGACTCTGCGCGTCGATATTGGGGTGCTGTAACCAGGTAAACCAATTAGTCTCCCACTTGTCGGACCCTGGACCGGCGTCTGGGATCTGATGATTTCTTCAACATGCAAAAGCACGACTTCTATGCAGGCGAAAAAAACGGCGCTCCCGAATGGCCAATCGACATGTTGCCAGCACGTAGAACGAAGACTGGAAAGATCCATGTGAACGTAATGTGAACTAGCGTTCCTCCACCAATGTGCATCTTCAATGTCTGCCGGATTAATACGTAGTGGCTAGCAGCCAAGAGACCGGGGGTTACAGCAAGTAGCCGAGAGCGGGGGCGTAGGGGTGCCTGGGTCTTATGATACCATCCATGCCATTTTGGTGCGATCGTGCAAGTATGGAAACGATTTGCGGATCAACTACTTAAGGAAAGAATTAGAAGTCAAGAGGACAGCTCCAAGGTCCGGCACCTTGATGCACCGGCAAAAACAAGGCCTTTTACATCAACCTAGTGGCTGTGAGTACAGCTTAGTGATAGAGTCAGGTTATGACATCTTTCAGAGCATCCAATCCTTGCCATAGCCCAAC,771,47.99,Caenorhabditis elegans
SEQ_752359,CCTACTTGGCCGATTGTTCTTCATAAGAAGATAGGACGCTATCATTCGCCTAGTCCTATATTGGGTGGCCATGGCATTTATGGCGGAGCAGCTTAGCGGGATTGTGCAAACTCGCATCGTCTCAAGTCAGGTACCGCAGGTAGTGGACATCGTATATGGTACAGCCGGACTCCTTCGGTACAACTCCAGTCGCCTAAGATCCGCTGTCACGCCCGCGCTTTAAGGCAGCTAAATAGTGGGTAACCTTCAGGGGAGATCCGAGGCGGTCTAACAAAGACCGCGTATCGATGAGTGGCTGGACCAGTATGCGGTGTCCAGGACGTATCCTTATCTCCCTCACGTGGCCACCTCGAATTAGACTTTCACAATTGTGACAGTGCTCGATATGCGGGAGCGAATGAAAGCTGGGTGTGGCGTGTGTTATGTGACATCAATAGAAGTCCGAAACCCAATGAGGACTTTAATCGCGGAGAAGACCTTTAGCGCAAGTAGGGAGGTAATGCGAGAATTCACTCAGCAGTCGCTCAAAGTACCTTCAGCGGACACACCCACATGTCTTGACCACAAAATCTTTCCGAGACTGTACGCTCGAGCACAGCTCATATTATACCTAACAAGCATAATCCGAGAAGCTTATCGCCCCAACATCGGCAAACCGTGAGTGCGCGACGGAGAATGGCATTCATCCGGAAATGTGGTCTCATAGATAACATATTCTGGCGTAAAAATCTAAATGGTCACCAAGACCAAAAAAAGTAGGGGCAATTATAGAAGTGAACGTTGGACCCCGTGTACGGTTACGACCTACGAGTTGCAGGCCGTGCACCATCGCACCCGTTGGGTTGACACTATAACATCCAACTAAATGCAAGGCAGTACTAACTGAGTGCACTACTAAGCAACAGCTTTGTGGAGCAGACCGAGAAAACGGTTCTCCCGGACTCACGCGGACTAAGGCTAATAGGTGGTCTTCGCCTGTTGCATCCCAAGCTAGCGGGGTCGCTTGTGTAATCCCAGGACTTGAGACCGCTAGAAAAAGCCACATTCCGGGTGACTTACGGGAATTCGCGCTGCCTGACGTGTTTGTACCGAGCCAGCGCAAGTGTCGTTCGTTGATCATCAGGAAGCACTCTACACAGTCATCCGAGTAGATGGGATGAAAATCAACTAGGCCTTTGAACGGTCAGAATTAACAGTAGAAAGCGCAAGACTGCCGAGGACGTTTGGGGTAGTCAGACTGTGAAACGTGTCAGCTCTTCTCTCTGCCGTACGCTATTTTTTGTGGAGTACTACATCTTCATTCGGTTTATGTCTTACGATCATCCGCAACGTACGCTTGATGCAACCAGGCGGCGCTTACCTAAATGCCGGTAATGAACAAGACATGGAGGGCATGCATTGCCGTACCAGACGTCACCCTATGCTACCTTCCGGCGCAAATGCGGAGTGTCAGTAGTTGAGTGAATAGCAGT,1472,50.2,Saccharomyces cerevisiae
SEQ_440361,GCATAGAACTACGGATGAACCATAGAGAAGGAGAATGCCCACAGTTAAGGGAACATTCCGTTGTAACGGAAAGCTGTGAACTTCTGACCCCTGTTGATGCCTGACAAGTGTCGTTCCATTCAATCTGCTTCGCAACATTGCTGAAGGCAACAAGATATCCTTGTCCATTTGAGAGTTGTCCACGCAAACGTGGGAAGCGCTCTACGGCATGCGAATCCGTACGCCTGGGGGTATTATGTAATCCGGACTATAGATCAGTTGATGTTGGCCGCGTGGATTCCGGGGGCCCTCAGTCCTTAGTCGCGTGCAAATGGGTCATCTCAGAACTTCCTGCCCCTCGTGCATTCCACCTACACAGCAATTTTACGACCCGTGGTCGGTCCAGCTCAATGGAACCACTATGCGTTCTAATGTCAATTTTGGAATAGGATACTCGGGAGCCCCACTGATAAGCCGTATGGCAATTGTGCAACTGCGTGTTCAGCTGGGTGTTGTGCGGTCTTTCGAGGGTTAGTACACGCGTTTTGAAGGATGCGTGGGGACGCCTTGGTGCCGTAACGAGTACGCAAGGATTACTAGGCTGTAAATAACTTTTCTCAGTCCGCACGTCGCGTTCCTAATACAGCACGTAGGGAAGGGGGAGCCCGGGCTGTAACACAAATTGAAGAAAAGTGGGCGAACTAAGTACTGGCCATATGCACAGCAACGATGCCGGGAGCGGCTTATTATTTCGACGTTAATCAAGGCATACGCGTTCACTGTTTTCAGCTTCTGGAAAATAACCCGATCATATTCTAACCGAGTGGACTGAAGAGTCGAAACAAAATGACTTAGGGTTCAAGGATTGACTTGGTAGACACGTGGCCGTCGCTAACGAGGGAATGCGAGAGCACACTGCGGACAAACCCTAACGCCCAGGGTTACAATATTAGGCTAACGCACCAAAAATCTGCCTTTACCTAGACTAGCCGTCTCAGCGACTTATGGACCTACATACTGTTTCAATAGTCTCGTGCATAACCTCGCTGTGTCACACTCAAAAATTTGGAGCGACCATTCTTACATTTCCGGCAGGTTTTTATTAAGGTAGATCGAGCGGCTATGTGTCGAATCTCGGCGTCGGCGTCACCGAGGGATGCCCGGGAAAAGTATTCCGTGACGCCGTATGGGTACGATGACACCTGATGGAGAGCACATGTAGTACAAGATACAACTACCATATTCTGCCCCCTAAATCACTCACACCATAATAAAGGTATTAGTGACTATATGTGAGGGGCTAACATGGTCTCTTTTCGATAACGCCTCACTTTCACACTGTTTGCGCGACCAAATTAAGGGGTAAAGTACACAACCCATTTCCCACATTGCCTTGGCCGATGACGCGGTGTGAAATGTCCGCACCGGAGGACCGGTTTGATTTCTAAATCAGTAAAATGACAATCGCTGGGATCACTCTCTAGTAGAAGTCGCTGTGAGCGATCCTGCACACCACCCTGGTTGCTGTTATTACTTCCCGACATGCTGCCTGTACATTCCATTAACACCGTATCGAGAGAACGCCTGCCCCCACTCGATGATTCAGACTGCGGATAGAAGTTACATCAGTCGCGCGCTGAAGATTCGCCTTCAAGCGTGAAAGACTTTACGTAAAAATAAACAGCCGTTTCTCATACCGACTCTAAACTACATCATAAGACCCTCTTTGTTCG,1712,48.77,Caenorhabditis elegans
SEQ_562730,GAGGCTATATAAGCCTACGGCCCAACGCTTTGAAGCTGAAACCAAGCAGACGACTTCCGATCAAGTTTGTGACCAGCAGAGGTACTAGGGCCGAG,95,52.63,Mus musculus
SEQ_149788,TGGGACCCATGGAGCGCGGTATTTACCCGGGCGACACAGGGCCATTTCTAGTTGCAGACTTGTTAAGTTTGCTTTACTCTATGTCATTCATCTGAAAGACTGTTAAGAGGGCTAAAAGCCGAACTTGACGCCTTTTTGTAGTTCGCTCTCAAGTGGAAAGACAGTCGGTCGCTTGGGGGGCCACGCGATTTCCTGAGTCGACATAGGTTTGCGTCGCCGGGAATAGAAATAGAAATGCGCATCACCCTTTGAACAAGCCGTAACGGACCCAGCTAAAGAGAAGTAACCAGGAGACTGGGCCGCAGACACCTAACGATGCAGGTCTGCCGTAGGGGCAGTCTCGAAACTCGTGCTTCGTGTTGGTCCCCCTAGTTGGTCTAAGCTAAGGCCAACATCCAATCGCCGTAAAAGAGTTTCGTCCACCGGCGTAGCGCGTCGCGTGCAGGCTGGCCCCCGGTACTGGAACGATGTACAGCCACGTTTTGACACCTTTCACGATAGAATTTAAGCTACAGTATGAGAGACGACAGAAACTTTGTTT,541,51.57,Saccharomyces cerevisiae
SEQ_591895,GGACTACAACCGATTATCGACATCACTTTTAATGATCGCGTCACAATCACTGCTGTAAAAGGGCATAAGACATGGAAGATGCATGTGTTTATCCTTCTCATTAAGCTACAATTCTAAACTATGGTGGGGATCAGTTAAATCTGCCGTCCTTGCAGCAGCCGCAACTTTCGCAGTCACAGGAGTACGTACGGTGGGTGAGGCGTGCTCACTTACTTTGGGTATTGCAGTGTCATACCTGAGGCGCGACGCCCCCGCACAGACACACGTCCTGGCACCAGTATCAGTCCCTCATCCGACATCAAAGTTTGCCGGATACCACCATGATTCGTCACCGTAGCTTGAGGAAAGTACCCCTGCATCATACCTGTTCCCTTGGACCCATAAACCGGCGGCAGTCAAGGGGACGATTAGACATGTCTTTAGCATTACTAGAAGATACCTGTGAATCTACACTACGATGGTTAGCGTGTTCCAGGGCCGAAAGCGTGGCTGACAGAGGGCAGTCGCTCTAGAAGGCCATATCTGGTCAAGGCTCCGAGAAGATACTTATACAGAGTTGTATCGCACAATCATCTTTCCTGTTCTCGTCAACGTCACAGCGACTACAGGCTACCAAAGCAAGAGAAATGTATGCATAAGGTGTTCGCGGGGGCTTTAGCTTTCATACAGTAGAGGACTCAGACGGTAGTGTCTACCCCATACACATTTTCGAAAGACGCACCTCCCCTTGGTATATTCTCGTCCCCCCTTTGATACGTTTATATGGGGTTGCACAGTTACCAACGCGTTTTAACGTTCCGCCCGCGTATCATCGCGATTGGCGGAGACACGTTTATATCTCTTATTCGAGTTGTAATGCGAATGAAACGTCATCAATATATACTAATAAAATAGCAGAATGACACCGAGGTTGTACAATCCGATGTCCCTCTTTTGGTTTTGGTACCGAGTACAAAGCAACAGCACATAATACTGTTGATCTAACTGCTATCCTTAGAGTAGCTACGGCCTGTCTATACCATCAAAGGTGCGCAGGTCAATCCAGCACTATTGTAAGGTAGCGCAAGCCGGTGAATGCTACAAGTATGGCCAGCTTTCTAGTTTGCAATTACCGAGGGCGTATCAGTACTTGGGAGATGGACGCTTCGTCGGGCATGGCGTTGGGTGAATGAAATGGCGCGGACAAGCCAGAACCTCGAGCTCTTGCGTAACTTCCAGCGTGGAAAGCGGACGGTACGGCATCCGTTAATTATTCTTCGATTGGAGGTATAAACCAGGTGTTCGCCCCGTCACTAACTCGCGTCCTACAGACGAATCCGGTCCCCCTCCTGCGAATCTGGATTCGAGATCCGAGTTGCCGATC,1363,48.94,Caenorhabditis elegans
SEQ_896836,TCAAAGTCGGCCCTACGGGGACCATGTTTTGTACTTGGGGCGGCCGGCCCCCGCGGTGGGGGACTCTCAAGGTTCTCCTTTTGGAAACATTGTCAGAGGCCGAGACGGGTACCCAGGTAGATGACCGCCGGTAGCTGTCGAGTACGATTGAACATAAAAGCTCTATGTTGCTCCTCCTAGAGTACGTGACCGATTTTAACTAGGCGACATAGACGCAGCGCGTGTTATCCTCGAGGCCGGTCTTGAACTGCAATCTTAGCCCCGTAGCCAAAACGCGTAGTACAAAAGGGGTATATTTGGGATCCGGCATATCAATACTTGTAGAGTCTATGCTTCCAATGACTTAATCACGCATAAAGGTTACTGAGAGCTGACTTCGGGGGGGGTCTCTAATGTCAGTTACAGCGACGAGTGGCCCACATGAGTAGGGTTAATCTCTACTCTCCTCGAAAGGGAAGGTCAGCCAGCCGCATCTAGGAGTTCTCCCGGTCGTACACCAGAGGGGTCGAGCGTGGCCTGCCAATCGACCGTTGATCCAGTGGGAGTCCGAATCAGTCCATGTCTAGAGAGGAACTGGAGCCAATTCGTTAGCACTGGTAGATGAAGCCTAATCTCCAGCCGCTGGCAGACTAGTACACAATGGTCTATTGACAACTTGAATACTGCCACTGTCCATTGGCGCTGAGGATCCTATCGAGGCCCCCTGTAAGATTCGAAGAGATTCCGCCTTAGGT,734,52.59,Homo sapiens
SEQ_387816,CACTACCAACATGGTTCCGAGACTTAGACACGGGCAAGCAGCTGGCCTGGATGAGGGTAGCTTCGATGGACATCTGAGCAAACCTAATTCTTCCTCGACGCAGGAACGGATCATCCAAAACCTTTCCGAGACCTCGACTACGCTCTTTAGGTACGTTAAAGTGCGTAACTCTGCGGGCTTAAGACATTTCCACCAGTCCTTTGAACCACGTCCGACACAAGCATCATCAGAATCTGCAGGTCGCCCCTTGTCCACTTGACTAGGGAGTGCATTCTATAGATGGTT,285,50.53,Mus musculus
SEQ_703519,TAGATACACTTGGGGCCTGTTACCATGAAACAATGCGTAACCTTACCCTTCCGGCTCATCTCTTAAATTTTTCAGTTGCAGGTGACGATCAATTTACCATGTATATTTCCCAGAAGCAGGTAACTTAATGTAAGGGACCTTGGAGGAGAACCAGCACGTTGACGTTATATCGTCGGGGACATCGACATGACATCGTAGCCATCGCCCGTTACCTGCGCCGACAAAGCTGCTGCCGCAGGCCCATTGGCAGCTCCTTATTGCTATGCCTAC,270,48.89,Arabidopsis thaliana
SEQ_378326,AAGTGGTCCGTTTGTGCGAAACTGGTCCCCAAGCGCTTGCTATACGTATTCAAGCTCTAGCGATTTGCCAGCTCAGATCTCTAACTAAGCAAAGAGTTAGTTTTTTTCTCGAAAATCGCTGATTGGGCCTATAGTAAATTTCAGTCTGCCAAATAGCTAGGGTT,164,43.29,Arabidopsis thaliana
SEQ_301112,GTTGAAAACTTGGCAGTTTCGGTCAAGAATTCGAAGCTATCGTGTTGCCCTCTCAGAACCCAACTAATATCGACAGGTGTAATACAAGCGGGGCAGAGTTTCCCTCAGAGGAATGCATGTGCAAAATAGAACTCCTCTATAAGGCTGCGCGAGAATATACACGCGAGTCGTACGCCCGCAGGGACGTACCAGCTACTAGTATTCTATCTGATACTTCGCTTAGAGTCACTACTGGAGTTGCGGAGGCCACCCTTCGCTGCGTTAGACCACGCGCCGATGCGTTATCCGCGAGTCATAATGGCTGTAGAGCTTATCAGATCTAAAAGAGATCGGTACTTCTACCATCGATAATAGTTTCGCCTCAATTTAGTATGGGCTTGGACAACCATGTCGCTGGAATCCTATACTGGTGCTATGGACAGACTAAACATACTGTGTGGTGGCTCGTACGGGCCCCTATTTGTCACCTTTCACCTAGTGGGATGCCCGGGCGTTCACCATAGTATACTGGTATTCCGTCGCTCCACACCCAGATAAAACCATGTTGCGCGGCTCGCTTGCAAAATTTATGTATAGGACGTGAACAAAGTGGTGCGGGGAGCTTCGCTGCGTCCACTCCTTCCAGGTTTTCAGCGAGATATCCGTACCTAAGACACCGAGCAGTAAAGGAGTAGATGGTCCAACAGTTGGCGCTTACTGAATTCAGTCGAATTCCGGACGCCAGCTTGCGTAGCTATGTTGAAGTTAATAGTCGTGCTCTTGGTAGCGTAAGAAACCGGCCGATCGAAAGCTCTGTAACCGAGAACTGACTCTCACGCCCTGCGCCGTATACATGCGATTAAAATGCCTCAGTCGATGATCTGCGTCTCGCCCGTTTAGGGCGGCTGGTTTTCCTTTCTTAGAATATATCGCCAATTGTCTCGTGATATTTCCTGAAGAAGTTCATTTACTTTAGTCAAAGGATAGGTGCCCAGCCTGTAGTTCTAGTTCTTGAGATCCGCTCGTAATCACGAATCAAGGCAACACTCTAAACGTCAGAACAGTATATTCTGGATGGTGAGCGGGTTTCGGGAAGCCCCGTACAAATAAGTTGGTCAGACTATGGCCCACATCTTGCACCCTAGTGAAGAGTTCCATGTAGGACACCCGATGAGGATACACTAACTGTAGAGTCTGGCGGATCGGTTTCGCAATCATTACCGAAATCTACGTGGTCGGGCTTCAACGATAATGGGCATGCGCGAAGGCTTAAAGAGTTGCTCTTCAGTGCGGCACACTACTGGTGTACTGTGTGCCAGTCTCCGTGGTGCGGCGCTAACTAGTCACTTAGCGGAGCCTCTCACGGCCGGATTCAGATCCTAATACCAGACTAGCGATTGCGCAGGTAATCTGGTAATACAT,1401,49.32,Mus musculus
SEQ_369826,ACGGAAAAAAGTGTGTTGCCTCTCCGCGACGACCTTAAACACCGTGGGGACCCCTTCGGTAGCGGAGGAGCGAGTGTGACAAGTAGATTAGACAAATGCTCGACTTGTGTGTGATGTCATGCTCCGGGCCCCAAGTTCGGGTTTTGCCCTACTGCCGCACTTGGTCACAAGGTGCACCGGTATTGTAGGATGTGGCATGCAAGATTCGCCGAATCTAGGGCCATTACCGTGGGTGCCAGTCACTCGGTACGCGGTCGCAAGAACCGGTGGCAATGGCGGCTTTCGCCCTTTGTGCAGAGATATTGCTCAATGCAGGCGTTATGTGGTCGATATTAGGGTAAGGTTTGCCGGCCCACCTCCGCATGCAGCTTCAGACTTCGACGACTCGAATAAAGTCGTATATTTTATATAATATATCCATTGTTTGGGAAGGCGAATAAATATCAAGAAGTACCAATGGGAAAAGACCTCCGGCGACGAAAGCTGCCCAACACGTCGTTCCGGATGCATTGATCATAGAGCTTTAGCGGTGGGCGATAGCCTTCAACATCCAGATCGGAGGCAATGCTTTTACCGGTGACAGCACCATACTTCCCAATGAGTCAAATCTCTGGTTCGCGCGAGATTTATGTGTGTAACCCTACGCAATTCGGCCATCGGCCCGTGATCCCCACAAACTTCCCTCCCTACGAGTTGGATGGTGCACACCCTGCCGGACATCTCTTCTTAATCACCAATACCACAGGCGTGCAGGGCACACTAAAACAACTAAACAGGCCTGAGGATGGGTTCCTAAGGGTCCGAGAACGGTGTAGGCACCTAAAATGATCTACCTATACCAGACGCTTCGCATATAACATAGTACACCTACCATCACGCCATCGATTGCCGGAGAATCGTTTGTACTTCACAAAGGGGCGTAACTGGGGCGAGAGGGCGGACGATCAGGCCTGCCACTGGACTGGAGGCTATCGATCATCGCCGTGCTGCACTATAAGGCAGCCTCCACCTGTACACTGTTGGAACTACCGCAGTCGTGATTCCCGGAGGTTACAGTCAGCTATTTCTTCTGCGGAAAGCATCAAATCTCACTGATTCGCGCCATCCTACCATTCCGACACGCACACCACAGGCAAGGCCCCTAAGCCCTTACTTGTCCCTAGGTCATTCACTATTCAGTTTGACATCCCGACCAATTATAGGTCAGCCATAGGTAATTGCTGATCATAGGCTATCAGCGAGCAGCATCAAGGCAGGACCCGCTATTCATCTAGCGTGTACCGGGGAATGTTGTTAATCTCCGCGGCCCATAAGCCTCTGCCAACTGAATTAATACTATCTTGTCCCAGAGGTATCGTTTAATGCGTCATAGTCCTGTCAGTGCCGGCCGAGCCCACCGTGCACTCTACCCAGTGGTTATATAATCACCCTCCGAGGGAGCGCAACCGGTCCGTTCAGGATGGTACAGGGAAAATACATAAACACGCTGTTCTGTGTCGGTCCTGCCATGTTCGTCTTTTGCAAGGCGCGAGTCTCGATATTTAAGTATGAGTACGATAGTAGTAAGGTAGTGATAAGTTAAATTTCTCCCTCTAGCCACGTTCGGTCCTGTAGTCGCTTATGCTTCTAAAGGTAGCACCAACGTCTGACACGTGTCCGCAAGCCCGCAATAAGCCACCCCCCCACAGCGGCATGAAAAAGGGGGCCATGTCACTTTTTGGATACACCGTTAAGAGCCAAGCGCTTCGTATGGTTGCTGGAGCGATTGGGGACGGCCGCCTGGTACACATCGTCTGTGTACGGTGTCGTGCACTGATTGAGGGTCGTCTGCACCCATGTA,1840,51.85,Homo sapiens
SEQ_904670,TGGCGATACTGAAAATTGTCAGCCGCAATGGACTCTACTACAGTGAAGACCCGCCTATAAAAGGGCAACCGGTAACCCAGACTGGGCAGGCTACTATGGTCTCCGATGCACTGGAATAGGGACTTGGGTTCCGTCAGAATGGCTCCTAGCCAGCGCGGCGCGCACGGGTAGTGCCGATAGGTATGCCTCCGCCCAGAACAGAAGCATGTCTGACTCCATAAAGGCGGATGACCTAGTCAGATTTGGAGAGCACATGTCACTTGTTCTTAATCTTGCGCGACAGGCCTTGCGCCCTGGAACTAGCTACGGGCGCATCGGCGCGTAGGGTCGCTAACGGGTGCCGCCTAATTGCGCGAGCTTTCAGGTGACTGGGATCTTGATATAAGAGAGAGACTCCTGATAGAGTTCGCGCCCTGACAATGCACCGGTAGATCCGCTGGGACTCGGTCAGCGGGCGCGCACTCTCATCGGCCCAGCGCTTTCAAACAGTTAGAGCGAGCAGGGTTAGATCCCCCGGAAGGTTGTCTGTAGTCACAGCGCCTCATGAGAATTCACCGAGTTTTAAGCCAATCCTCCCTCCGTCCGGTTCTACGAGGGGAGCCTTACCGCCCAACTTGAGCTTTTCATCCAGAAGCGTTACATTATCTCCGAGTTATACGGTTCCCGCTGTACTGTCC,677,55.54,Escherichia coli
SEQ_215333,TTCCACTGAGGACTTCAACGGTCCAGTGCCCACAGGGTGGGCGGTCGGGAGGCATTAAGATTTATATTGATTGGAGTTCCAGTCACTGTTCTATGAAGTGACCAAGGCATCGCCGTGTGGTGTTCGTTGGCGCATCGGGGGTGCTGCTGCGAGGATACTGTCGCAAAACGACTGTGCCATGCAGTGAGTTTGATGTTAATAAGACGATGGTCCGGGCTTCCCTCATAAAATGTTCCTTAAACCACGCACATCCCTGACTGGGTGAGAGGGAAACTTCGGACAGTTCTGAGGAGGTTCGATTCTCTTACCTTTTGCGGTCATGCCTCCAGACCCTATATACTAGGGCAGCCGCTCGCTCCTCGTTGTACCGACCCCCTACCCTAATAACTGTTCGATATGTCCGGACGTCGTTACGCGAGTGTCACAACATAGGGAAGGAATGACGTAGCTACTAGCGTCTTACGCACTGTTATAGCGTCATTGTATCGACATCATGTGGACCCATCTGTAGCTATCGTCGCCAATTAGATCATCACTGCCGCTGGTTACATCACTCCTGATACCAATGGCCGGTCCTCAATAGGGAGTTCGGTGGGTGTGTATCATAATCCGGCTAGTTGGTACCGGCGAACTTCCACTGTAAAGTATGACTGTGTCTGTCCCCGACGTGATTGTAATCGGCTTAAGCACTTTCGTCAAGGGCAAGGGCTCTTAAAACGTAACGCGGTGCACAAGAGGGGTCGATGTCCGCGACCCTTACCTCAAAAACAGGCGCAGGCAGCCCCACCGAACTTTAAAACATACACCATTGCATGATACCCGGACTCCGGGCCGGCCGGTCGTATATACTAGGTTTGAGAAATCCAATAAACCAGAACCTCATGATTGTGGAAATTAAACTTACCCGGTCCTGCACCAGACGTTCAGTAAAGGGGCACTTAGGCGAGCGACCGATCTAAATCTTTCAGAGAACAAGCTGGCGCGTGGCGCGCGGAAGGGAGAAAGTCGGGCTAGTTTGAAGATTAAGATTGACTTCGGCGCTCACGACCAGAGATAACTCGGTTGAATATGGGATATCGGGAGCTACGAGTGCCGCTCGCGCTACAGTGTCAGGTTTGCCCATGTATGGTTTCCATGTGGTATCCTATCCGACGGTCGTCCTGCGCGAGTTCACTACACTCCTATTTAGGCACCCCATGTGCCACAACAGTTCACTCCTCATGAGTGAAATTGACTGCCATTCGTCACAAAAGTTAGTGTGTGTAGTACCATATACCTAGTACA,1284,50.93,Arabidopsis thaliana
SEQ_684492,GAGTGGGAAACTTACAACGCGACGCCCTTAGACAAGCGTGAGTATACGTCCTCTGGTTGATTGCATGGCCAGCGTAGGGTGTCGTAGCAAAGAAACGAAGGTCAGTCAGGGCCCCTGGCTCGGGCAAATTTAAGCGGTTTGGCTTATCTGGACGTTATACGACGTTGCATGGGCTCATGCTCCTACGAAGGGTTAAGACTATCACTCCCAGCTGAGAAAGTTCCCTCCCACTTCTTCATGGATCATTAATCTCCCGGATGGGACTACCAGGAGGAACCGATCGAGCCGGGTATCGGACGAACTCGGAAAGATGTACACCGGCTCATCGTTATGAGCCACGGGTGCTATACGCCATATAATCATGGTAAGGTGTCAAACTGTATGGGGCGTACATATTTTGGGCGTAGAGGAAACAGTTCAATCATTTCTGGATAGATAGTACATTAATGGTCGTTAATGGATACAGATTTATCATTACTTGATCCCCAGGCAGTGTGCTTGCCGGCTTCTCGTGACGACGTTACGTCTCAGATTGTGTACCGGTCTTCCTGTGAATCGTGCATTTAAGGATCCATCCAGGTGAGACTTAGCGTATAAAAATACGCCTGGTTTGAGATAGAAACGATTGTCCGAGTGCTCCAACTGAGCCCGAGAAAGAAACCTTCTGGCTCGTTACCTTAGATCTCTCTCATAAGGGTTACCATGAAAGTCCACTCGGGTAGGAGATCGTTTGTTATTAACGCTGTCATGTCGGTTTCAACCCAACGGACAATCGAAATCCAAATCATATGCCGCCAGGCGCCATGGTGCGGGACCCGGGTACCTTCCCGCAAATACGTTGGGAATCTTAGGGTTAGGTAATCGTCTTCGCCTATTCCGATGTCTATCGCAGGACCTCATGGTACGCCTCATGTGCGTTAATACGATTTGTAGGTAACGTGTTTTAAAGCTCACGATCCTGGACCCCGCAGAGAAAGTTGTCAAGCTAATACGCCTCAGTGAACCCGCCCAGGAAATCACAATGACTGCAAGGGAATGCGGTTGGCAAGTGGTGTAAGCGGGGTTTACCGCACGAACGGATCGATTTTGTCGCGGAATTTCGTGCCCGTGGCTCCGATGGCGGTCCTGCGCGCTACATATCCCGAAACATTCATGCCCGAGTGCGACTCCCCAGAGTGAGGTAGAGGACATAAAGTTACCGTAGAGTATCAGCACGCATTTCCCCCTCCGTTGTGCTGCTGGGATCTGCCGGTTGCAGTCAACTCAGATTCCACGCCTTTTCTGTCGGAGCACAGTTGGGGGTACCCACTCAGGCTTCGTCGATAAAACCATAAATTACGAACTCGCCAATGGGTGGGACCACCGCCTATCGTCACTTCGACTTTCCAGTATAGTTCAGGCACATAGCTACGGCACCGGCTGTATGCGCGCAATCACGGATTGCTGATAAGTCAAGGTGTGGTCCTCTGGCAAGAGGCGTTTATTGCTTGGACTCTTACCCAAGACCGACTGAGTAAACTGTTGCGCAGAAGGTACTCTTAAGCCGTCCCCTGAAAGACTTGCTTGATGAATAGTAGTTATCCCTGCA,1588,50.38,Escherichia coli
SEQ_146294,CCATGAATTCCGGAGCTACAGAAGCCGTTATATGAAACACCTAGGAAACTTATCGTCCCCCAGCGTGGTTGTGCAGACGTCCGCCTTTGGATATACGCGGAGATACAGCCATCTATATTCAGGAGTATGACTCTAGGGATTTATTACTTGGTCGCGAAAGAACATACACATTTCTGCAACAGCCTGAGGCGGGGGAAATAAGGGGCGGGTCCAGTGATGCAATTGCTCTTTTCCGGTTCTCAGTTAGCACACACGCAGAGCTTCCAGTCATCACCACGACAAAAGACCGAACGCGCAATGTTTCATAGCGTGCACCTTGAACAGTTGGGTTCTCGCTGAAGAGGAACGAATTTTCTCCTACTTTGACAGTGTGCGCTAGATCACATGTCGTACCCCCCGGGATAGTGAGCCCCCAGGGTTTGCTGTAGGACGTAAGATCTTTACGCAACATCTGCTGCGGGGCGCCTCTAGGAACAATTGTTACGAAACACTCAATCTAGGCGGGAATAACCGGCCCCTCTCAGGTACCATTATCACGTGAGGGGGAAGCAGGGCTCTGGTTTCATGCTTCGCCCTCTCTTTTCAACTTTCCGGTCCTCAAACTACCCAAGACCAATGTCCTAAATGAGTCTCCCTAACCTGCGTGAACCCCTGAGTTTGCAGGGTAACGCATTTCCACTCATTCTATCCCGCTGGCTACTTATTTCGCATGCTCGTAGGAGTGGGCAAGTATCGAATTGCTAACAGCCTTTCTGCGGCCTGGTACGCTGCGTCTATACCGATAATACAATATCGTCATACCCTCAGCCCCCTCACTGATCGCGACTCAATTCTGATTG,839,50.42,Mus musculus
SEQ_676549,ACTCGGGCCGCAATGGAATTGACACGCTCCAAATATGTCAGCTGCACGGGGGGATCGTAGCTCTGGCATTTTTAACCTCGGTCGTCGCCCGAGAGGATAATTCGAGAGGGACGTTACGCGCCGGTATCGGCTATCTCTTGTATTCCAGGAACCATGCTGGAATATGGAGTTAGAGATCCTATGCATAAGACGAGATAATACTGTCTATAGATAAGCCCAACGGGCGTAAATCTTAGAGTAAGAGTGCTGCATGACGAGTACAATGGCGTGAGAACTTATCTTCCCCCTGAGATACTGGGTTAGCGGGCCGTCACCAGCGACTGCTATACGGAACTCTTGCGCGTGTGAGTCAACAGGTCCACGGGCCAGGCACCGGTTTGAGAACCGGCCGCTACGGTACGACGAGTCGAGAGATGGCTCGCTTGTAAGCACTCTAACCGATAGGTCCCTAATGTGGAGATTGTTTCGTTGTTGGTCTTCTCGAGGCTGAGCAGAACAACTCACTGACGAACGGAATAGAAAGAACTTGCTGAGGATTGGCAATGATCAAACCGGCTGACGCCCTAAGAAAAAACCAAATGAACTCGGAGTGTGATCGTAGGTACCTTTCTCTCGTAGCACGCAGAGATTACCGGCAAGAGGTCATCCTGTGAGAGAGGTATGCCCAAATTCCGACGCATATACTAAAGCAATCGCGCTGGATTGTCCGTGATAGAGTTTCTTATAATCCGTGTTGTGGAATATTCTTCACGAAGGGCTGGAGTCGCTCTAGTAGGGGGTTGAGACTCGGATTCCTCGACGGGTCTAGTGGGCGCTAGCAGCGGTTACAAATTACTTACCTTGGGCTGCGACAAGGTATAGTAAGTATTTGCCACACCCCACTTGCCGTCGCCCTACCTTGTCAACCCTTTGTTCATCGATTGTACAAGGTTGCCAAGCCCACATGATAGGCGGGCCACGC,961,51.09,Saccharomyces cerevisiae
SEQ_595195,ACCGTTGCCGGCGTCGCCCGTTCGTCAGCCCTCTATTTCCTGTAACTGTTTTGGTAATCCCCAGCGTCTTGGCCAGGTTATGAGCATGCGTC,92,56.52,Saccharomyces cerevisiae
SEQ_543907,AGGATGGTGCATAGTTTTCAACCCTCGATGGAGTTATGAGGAGTTCTTCAATCGGAAAAGTCTATCTAGCCTGATTGGGACTACATCGGCCATTCACAGTATACGACTCGAAGGGCGATGCTGCCACAC,129,48.06,Saccharomyces cerevisiae
SEQ_264146,GTTCTAGACGATGGTAAGACTTCTCAGTTGTGCGGCTTTCAGGTCTTGAATCGTCGTGTACACAAGTTGGAGATGAATGGCTTCGGATGACAGGAAGCTTCCGAGGTAGCACTTAACTGTCCAACTGCCCCCCAGTTGCGCCTATCGATTGCGCGCTCTCTCAGGTCTCATCAAGCACTACCGCGCTAGGCTTGAATCGGCCATTTCAAAGGTCATCTTCGAGGGAGATCGGATTGCCATGAGTCTACGGCATCGGCATATCCATTCAGTCATGTCGTGCAGGGGATGCATAATATATATTGGGGACACGCTGCAGCTGAGGAAGGTAAACCACCTTACTGGACTAGCTGCTGTGGGGAAGACTGGCCGAGCTTCGTCCGGGGCGTTTGAAAAGCGTTCGTTTGGACATCATCTGTGTCGATGAGCTATAGGAGAACTACTTGGTAATCTTCGTTTCCGGCTTGATTTTTTGGTGTGCCGATGGTAGTTGCCTCTGGCTGTGATGTCCAGGCTCAAGTGCAGGAATTATATGACGCAAGATCCAGAGGAAAGAACGATGTGAACCCCGCATCTCTCGGCGGCGAACCACATAAACTAGCTGATACCCCAGACGTAAGAATTAAAACTCTAATAGCAGCGATCTTTTATGAGTTCTTATGAACGGACCCTTAGTCCTTGGGAGATCAGCTCCATTTCATCAGTTTCTTTCTACCGTCGCACGGGACTCGCTAGACACTCAAGATGTATCCTTTGACATACGATGCCTACAGAATAATCTAAGAATCCCGCATAGGGCCTGTGCGAGCCGTGAAACCAGCGGAAGGGAATATAGCATGCGTACCCGCATGTTGGTGCTACGGGGCGAGGGCTGACTAGACATTAACAAAGTCGTTTGATCAAGTCCGCGTAGGACGCAATTACTCTCGTGATTGTTGCTGACCTATTATTCCGTCAAAGGGAACAATAGCGCCTCCGGGAAAGAGGACGACACAGGAAGGGCTGTTTGTTCCGGAGGCAAGAATAACGTGGTGAACAGTGCGATTGAGAAAGGCCCCGACTGCTATAACCAGATACTGGTTCCATTCTACTCTCTGTGTTTCGTTCTTGCATATGCAGGCGAATGCTGACCGTTGACGTATTGGGATCAGTGAGGCGACACGAGTGCCACGTCCCTGACCGATTGGCACCCCCCCATGCATCGTCACCTTGCCGACTTATGTATGCACCTTCGAGTATCACTTAAGCGATGAAAAGAACCACACTAGGGGTCTTGGATGCTGACATCGGACCCGAGATATGGTAGTCCTGACGTCGTCGCCCTTGCGGATTACCAGTGTCAATCAGACTGATCCAGCTCAACCTTAAGCTGACACTGTGAGTTAAGGCACACAGCGCACTCGCCTAGCCCTGCTACAGGACGTGGATCAGGCGTTGATCTGCAAAAGTTACGGGAAGTAGCATAGCTAACTAGTAAGTCAAGTATCCGCGGCACACATAAACATTATTTTTCGTAAACTTTCAATGTCCGCCGCGTACTAT,1539,50.03,Homo sapiens
SEQ_593059,TGGTGCCTACTCTAAGCAGTGGGCCATTCTGTCACTCGCTGTGGCAACATGCAGGATAGGACGTGCGTATGGCACGGATGACTTTAAGTACACGTGAGGGAGGTCTACACTCACGGGGCCGTCACTGGTCCTAGGAGCACGTATAAAAGCTCGCTAATCTTTTTTAGCTTGAAGGACGGTCAACCACCAGTAGTTGGGGAAGAGGGAATTGGGGATGGTCTTGTATGTCGATATGGGCTTTTATGACAAGGCTGGAGCATAGGTAATTGGCCCACTTTATTCTTCGCTTGTATCTCTATGCCAGCAGTCGGAGCAATAGGCATCAACTGAGAGACGTTACAATAAATCATCCATACAGTGTGCAGTATTGGAGAAGTTAAGCTAACATAATTGGTTCATACGGTAAGCTCGCCGTACGCGGCCCAACCATTTGTATCAAGGGATAACTTAAACGGGCGTTTGACCAGTAGTATCGGTGTGCGAGCTGACCGAACACCTACCACCTCATGGTTCCAAAACCAATGGATTTAGTGTTATCCATACACTAGAACACCCAGCTAAGGCATTTCGGGTGTGTTCAATCTGAGTGATTATTTAAAGCAGTGGTACGAGGATGCAGCGTGATCTCCGGGTGAACCAATGGGAGGTCGACACTGTGGAGGGGCGTCCGAAGGATTTGGACGTTTGACGTGATGCTACTCCTCAACATAGGGGGCTTGCCTGATAGTCGGTGCCTCTTGGCTTAGAGAACCTTTAAGACAGCTCTTACGGTGGCCTAAACCAAAGTGGGTTGACGAGTGTGGGGATTGTGTGAAAAGATATGCATATCTAAGCTTAGGACAGGGCTAGATCCCGCCGCCGTGTACGAGACTTTCGCCAGAAGGCTGGACATTGTGTTGATTTGGGGTTATGACTAACGTGAATGCCGTCTGATCTTTTGAATTCCAAAATATTTCTGGCATGCAATAGCCATTGATACTGAACCATC,988,48.18,Escherichia coli
SEQ_699554,TAAGGGTTTGGGGACGCATGTCAGATTTACCTTCAATTCTGGAGGTCTAACCCCAAAGGTTACTTAGCGACATAACTCCGCGGTAAACAGAATACTTCCAGCATAATAAGCATGGGAACCAAATGACGGACGACAGATCGGTTGTACGGCTAAGCGAGCCATATTCGGTTTATGGCAATTATCCCTCTGACAAATGGAGATGGTATAGACCGAGATACGTTCAACCGACCGTCTAGGCACAAACGTCACCGCGACCTTCGAACTTCTTCTTTGGTGGGGAGCATTGTCATAGGCTCGATAAGCTACCAACAGTCCATAAATTCACGATACTGGAAGCGAGTCGCGTCAAAGCCTTAAAGAAATCTGTCCAGTATAGCAGGGGACAAGGACATGAGAGAGCTCAAAGAACCTAAGAGGCTGGTAGGCCTGAATTCTCTTGAGGAACTGTAAAAAGTTTCCGGCAGGTCGCTGAGGACTACACACCGGGAGCACTTCCCGCCTCTCGGACGGGCATGACTATATTGGATACTCCTGCAAGATGATAATTGACGACGGGCGCCGGTGTCATTCCGTCCAGCACTTGCATTTACGAGAACTAATGTAAGGCCGATAGACTTAGCTAGTTGGCGATTCCTGCGTGCGCACAGATTAAGCCTTAGCGATGCGACTCAGCGCAATCAGAACAGTCTCTAACCGCGGCTGGAAGATGGGCCATGGCAATAAGCGGTCGTTGGTCGGAACCCCATATCGGACGGGAAAAGAACTTTAGGCAAGGCAGGACGTGATAAGGCCTTTATGGCCCAGTGCTTATAACTGGTAACATGGACACCAATCTCAGCTCCGTACTAGGTCTATACCTGGGGATTTAAAATCGTAACTAAAGTCGCTTTCGTCTTTCTGGACATATCTATGTAATACTAGACTATTGCGTTCCGCGAACAACCCTATTATAGAATTGCAATTTTTAGAAATTAACCCCCGTGCCCTTTCTAGAATTCCTTACCCATTGTTCACGGTCATGTGCATCTAGAAACACTCGAGGATTGGTCCCCCCCATCCATTTGCTCCGCTCCTATATAGGATCGGTGACCTCTTCGTGTGCGCGAGATCTCAGTCCGTGGAATTGCATGAGAGCAGTCGCGATACGCGGAACCCGCTGAGACATGAATATGTGAGGACGGACGACTATTGCGCCTTGTCCCCTAATAGCTTACGCTACGCGTCCCGTTTTTAACCTCTATGTATCCCTGTACCTTGTGGGCTCACGGGTCGTGCAACAGTTGTCAGTTCCAACAAGTTGGCTCTAGCAGCGATACCTACGAGTCGGTATTATAAAAACTTATCCTCAGACCATAAAATTATCTTACATTTGCTCGATCCCGGAGAAGAGCGACTACACCCACTGGTTATTTTGGCGTTGGCGCCCAAAGCAGTATCGACCCTCGCTCTCCGGGCTCTAATCCGAGACTGTTACTCCTCCAACTTGCATTATCGGTATTTCCCGACTGTTGCATGCTAGACGTTAGTC,1528,48.69,Escherichia coli
SEQ_733858,ACTACTCGGCGTGGCGGTCTTGATGCTTGACGCCATGTTGTAATTAATGTTACAGTGAGGGCTCACCCAATCCTGTGATTCGTACGGTCGTTAAATCCTAACGTTAGAGTTCAGCTTTACCGGATCGGGTGGTAAGCACGTAATGACGTCCCGGGGTGGGGCGCGCATCTTGTTATAGACCGTTAAACCCAACGTTGTGGGCGGTGCTGGCGACGCGTTTTTGCCCAAACCTCTGTTCACCCCACTGTTTGTTAGAGTCGGTTCTACCATAATGTCATGATAAGACGCGTTAACTATATGTGGCCTTGATAAGGCAGAGGCTGTCCCCCGATGGCCATTCAGTAGACAACAACAAAAACTGAAGAGTTGGTGGCACACTGCTATCGTCACTTTATCTCAACCTGTCCGGACAATGCGTCAGATACGCCCAAACCATTAGCGGATGGGCAAAAGTAAGAA,459,49.67,Mus musculus
SEQ_701413,GTTTACGGCGAACGGGAATTCGGCGCGACCGACCACCTCCGTCTATTGGCCCGACGCCACGGGCACGATTAAAGCGGTCCGATCTGTTTTGATAAACCGTGCACTTCCCATTTGTGGAGCAGCATGTTATCCACCTCATACTGGTTTTCTGAGCGGGGAAGTATAACGTTGGATGGTACAGGTAATCGCCAATATAGTTATTGGAGAAAGATTCGCATGTCCGATTGTGCTGCAATGTCGGGGTTCCTAAGTTGCTTCTGTCTTAGTTTGTAGCAAGTTTTGGCCAAGGCAAGCTGTGGTACCTGAGGCACGCAACACGCATGACTTGGGGCTTTATCTACGCGAGCATGCGCGTCGCGCTAGTTACCTCCATCTTCACTTAACATCGTTTTTGAGAAAGCTGTTCTTCCTTATCGCGAGGCCGCGTATGGTCTCCCTTGCACAAACAGTATCGATGCTTATGTACAGTTCACCTGTCGGACCCTGAACTTAGGTCTTTTAGGGTCATAGGCCTAGTAATTAGCTTCCCGAACCGCGAAGCAAGCCGTGAATGACACTGGGCTGAAAACTATCGGGGAAGTCCGAGCCCGAATACCTTCCCGCGGCCGTGATCTATGAGTACCACTTAAGTTCACTGTCTGGGCAGCTAGTTACCCCCTATGGAGCTATTTGGTAACCCACGCAACCGTTCGTCCTAGTCTGCATTTATAGAACACTAGAGTATGCCGGGCACGACCTAAGGAGATCTTGCGG,753,50.86,Arabidopsis thaliana
SEQ_722215,TCGGTATGGACGAAACGCAAATTTCAAAGCGGTTGATTCATTCGTCGGAAGAGCTTGACTAAGCACGATGATCCTGGATGCTGAATTAACAATGGCGAGGTATGCCCACTCACAGGAGACACCTAGAATCGCCGTAATGATCAGCGAGCGCATCATCAAACCTATTGGGGACGATACATAAGGGGAGTGAGTGCTGGTTTATTTAAGGCCTGCCAGCTACATAGACTTAATTGTCGCACAAGTCCTCTAACTTCCCGTCCATAGTTTCATCTCATGCTCTGGTGGATAGACCGAAAACACGTATCTTGGAGAGCAGAACCGAGGACCACGGCGGAGTAGCAGCAATGGGTATCTCCCAGGATGGGGGGAATTTTAACCGGTTGTTCAAGAGTTGAACCGGAACTGCAAAGTGGATTCCGTGTGACTATTTAGACTTTCGTAAGGTTACTTATCGATTGGAATGTTTATTCTAAATCTAAATGCGTAGACTAAACAAGTCTCGAGAGGTTTCCGAGGGAATGCACTAGTGTCCCTCCCTCCGGAAGCCGTCGTCTGTTCAAGCTTAAAATCCTTCCTCACGATATGCATCCGGATTCTCGGTATGTTCGGGGATGGATTCTTTCAACCAAGACTAGGGCCAGTGACCACAATGTCTCGCCTTTTCATCGGCCGATCCGCTTCCTCTATATTGAGAATTTGCGCCGTCATGCTGTTGGGGGTACTTCGTAGTTTGAAAATCAGTGTGTCCCCGGATTTAGGAGCTATAGAATCTGAGAATACTCCTGCCAGGGTTCCTTTGAAACACGTGAATTACAGAGCTATCTGTGGGGAGAAGAAGATAGGTCAAGATTGACTTTCCCGCGCTGACACAGTAACCGGTCATATGTCCAAGCGGTAATGAGGTCTAAAGTGTCAATCTCGAAGCAACTACGGACCCGGTTTTGTAGTCCATGACCGTCACTAATAAATTCAATCATCCTTTGCGCGAGTTCGCAATTCTCAATAAAACCGCGCTCGGGCCGTAATTCTCCTTTCAAGACCTGCCACGAACAGATGGCTCACTAGCGGTCTTTGTCCCGATGTTAGAGGCACTCTGGACGTGGCCTTGACTGTGCGCTTAAAAGTGCCGGCATGAATAGCAGTAGATTCAGGTGTCATTCTTTACGGTAGAACGCATTTACGACTCCCACTGTGCGTACACAACTTACAGTTGGTAATCGACAGCAAAGCAGAATCCGACAACGAATGGGAGTAAGAGTGGAGTAAACGCCGTGGTTAATGTTCCTGTTGAAAGCAACTCCGTACAATACGAATACGTAATCCAGAAACTCGTCCTATAGGGCACATCGGCTCATGAGCC,1360,47.5,Mus musculus
SEQ_164046,ATCCAAGTGCACCGGCTTCGTAATCTTGATTCGGTTGATGCTTATCGGGATCTAGGAAATGTACGGCCGGCGAGTATATGATTTGGGACCAGACCTGGCTAAGCTAACGCGATCCCTAGTTTTCGTATATGAATAGCAACAACTGACTC,149,46.98,Escherichia coli
SEQ_363985,GGCGCTGATCAAGCATTTCCCCGAACCTCTTCGCAAAAAATAAAACTAATTGCAATGACAATAAATTTAAACCAACTTCGGTCTTTCAGCCGAGTGCTGGATCCGCGATCGCCAGCCGTTCGAGGTGGATCTTACGTGGCTTCCCATTTTTAGCAGGCCGGAGGGCCGCAGTCTGCGTTTACGGGTGTACAACGGTTTTGTAGCTTTTCATATGAGAAGGCAAAAGCATAGACATTGCAGGAATCCCATTTACTTCGGGCTTTCCGCGGTTATCGAGTCTAACCGCCGCGTAACATATCGATTTAATTCAGTGATCGTGTCATGGCGTGCCTGTTATTCTATGAGTGAGCCACACTGCGAACGCTTTCCAGGGACTTAGCGTCCGGCCCCCCCGGTTTGGGTTGAAGTTATCTGGGGGGCGACACGCGCCCGGTTTTTCCAAGAGAAGGTAGTGGCGGTGTGCTAAAGGGTTCTTGAATGTCAGTGTTCTTATATGCTAATCTTCTGTCTTAATCTATCCAAAGAAGACTGATGAGGTAGTGCCACCGATTCAGAGACTTATCATACAGGTAGCGCGATCTGACTGTATAGCTGTAACAAGACGATTGTTCAAGATTTACTAGCTTCAAACAGGGAGCACGAACATGATGCGAGATTATCAAAACGCGGCACACAATGAGTGTAAGGACAGTGACCTTTACGGGCATAAGTATTGTGGAAACACTTGGAAAGACGTAGGCTTCCTAAAGTACCTAATGATCTGTTAGTTTTCTTTTACGTCGCATTGCTTCGAGATATCAGACACAGGCTAGCAGAAGTTGGTCCGGCAAGCCCTAGGACCTTTCTGTATTCGGTCAGTGTAGCTTGGAGCAGACAGGAAACACGAAGGTGATTATACGAGGACATTCGTCGGCTAATGTTCGTGTTTGGGCGTGCAATGCGAACGGCAATTAGCTAGGTGGCATCTGTGGACTGATTAATGCACGACTATGGTGTTCTATCACTGTACTGAAGTGAGATACGAATAACCCCGGGGAAGGAAGGGAGTCTGTCCGAATCATGCTCCCATATCGAAACTGACAGTCCGGCAAATGAGTATGTTTCCCGTTGACATCACGTATTCAACAGCAGGCCAGTGGTCAGGACCTTTGTCGGTTACCTTGAAGAGGGGCCCTCGGCCAAAATGTTCTACTGAAGTACTAAAACGAGGACAGGATTCCTCTATGAACAACCCAGATTATACTTTGTACCATATGGACTTAATGCCTCTGATCTTACTAATCTTCTCCACCCGTGACATAGCAAAAGAACAATTCATTTTGCGAATCTCAAGTTGTCAGTTGTTTAAATCTAATCCATTAGCCACGTGGAGCGTCAGCCTAATTCCCCCTTCGCGTAACGGACCGTAGCAGTGCCGCTAGAAACGCGTGGCTGGAGGATTGCCATAGCATTTGATGATACGAGAATAGGGGTCCCACTCGATGCTTGTGGTGCAGAGTATATTCATCCCCAGAGCTCTTAGGTCAGTGGTGTGCGCAGCATGATGACGGCGGGACAACCCACAGGGAGCTTCAGATATGCAAAAGGCGGTCACTTAGTAAGTATATATCGTAATTCCTATACGACGTTTCGGGTGTACAGGTTGACTCTCTGGCAATCGCAAATGAAGTTGGGTCACCCTGCCCGTGGATTTAGGGCAGTCGCGCCACCCGGACGCTACTTCTCCCGGACGCTTTTTATCCTTGCTTGTGACAACTCCTTTTACAGCTGAAAGGCGTACAAAGGATTGGACTG,1794,47.94,Caenorhabditis elegans
SEQ_334903,ACCACATGCTGAAAATGATACTTAGCAGCTCATTTAAGATTATGTCCGACAAGTGCAACTATCGAGAAAAGCACCACACGACATACCAGCCCGGTGGTCGGCCGATGTAAAAGACCCCGCCCGCCGAAACCTAGCGTGCGGCGACCGATACAGTGGTTGGCGAGTATTGTAGACAGGCAATGAGGGCTGATGTCCCCCGCTAAGCACGAAGGAAATGGGGTCACGTTCGGGCGGGGACAGAGCCTGACTTGGGCGTTTGTAAAATGCTTAGACCCAATCCTGTTAGTTCTGGTCTAAGTGACCTATGACCCGCTACCAGCTCCGACCTGTTGTCTAACGTATCAAGTGTGACTCGCCTAACCCAGCGGTTCCCTTCCGCCCCGCAGCTTTTTATAGTGGTTGTTGTACCAAGGAAGCTCACTCTGGTCACACACG,435,53.1,Mus musculus
SEQ_804597,GCTCCTACATCGACAAACCAGTCTCTTGTTCCGGCACGACGTGTGACGTACAGCGGTGATATGGTGGGGATATAAGTTGGGTCTCATTACGTTGCAGTAGTTACTCAACTTGTCTACGCTAATCTTACCGTTTCAGTATTTCCCTGACTAGTTCTGCCCCACAAATACCGCTTAAAATATGGAACGCTTGTCAGAGAGAGAACGGAGTGTTCTGACAACGACGGCTGGCCACAAGCAGGGTTGAAATTCTTATAGTTGTCTCTTAAAGTCGAGCCCGTGAGAACATACCGTCCTTGGTGAATATCACATTCTGGGCAACCCTACTTAGGCAGATTGGGCGCTTATTTTGCCGTGTACGCCAACGTCGGGCAAGATAACGTGTTACGAGAACAATGGCCCTGCTTATTAGCTGTACACCATAGCCGGAGAGATCCTAGCGCAAGATTCGCGCACCCCAACCGTCATGCTAACCCGTCGTGGCGACGTGGTTCCCAGGCGTCCTTGTAAAACATAGGTACAGGCGTCATCATCTGAGTAGGGACTGGCGTGCTACCGATACTGCGCTTACGAGGCTTTCATTGCCGTTGGCCGCAGTCCCGTTCGGCCAAGATTTAGAGTTATTGCATTGAAGACTTGTATCCGTTCTCTAATAACTATATGCATTTCCGACAGACGGTTTCGACTGGCCGGAGTTGTGGCCGGGCTCCGCCGCCGGATGTCCCCGCACTATGACGCAGTTCACAGCCGAAGTCCATACGGCATCCAACTTATTAAGTTTCCGCGATATCAAGTATACGTAGATAATACGCCGTGACTTATCCTTCTGCCGTTCGCCTCGTTGCGCTTCATACAGCTCCGCGGTGGGGCGAATCATTTACCAGTCGGAGAATCGGGCGCGCAGATCATGCCGACCTGGAAAGAGCCTGACAATAGTGTAGAGTTATCGTGTGTCAGTACGTCATTTGACAGCACCGTTTAGGTCATGCCGGGATGGAGGCAAGCCTTGTATCGGCAAGGTGTATTCGAGCGCATAGTATCCTCAGGCCTGTAGACGGTAAGGGGATAAACCTTGGCAATGGATAAGCATATACACGGTGTAAACTGTGGTTACCACGTGTCGTAAGGTGTCGATGTCTTAGCCCACGACATATAAGGTAGTGATAAGATTGACCCTCGGAAGGTTATCAATGACGGAACACCCCCACGAGGCGAATTGGGGCTGAGTCACGTGTGGACGCTACGGCTCTTAGTCAAGGGTCGTTTAATTTCCGGGGTACCATATCCGTCGTTGGTTCGCCATGGAAGTACAGTGGCCAGTTGTGTTCTGAACTATTGAGACAAGACTAGGGATATTAATTGGACCTCATACGTTTAGAAAAGAAAGATTGCTTTAACCTAGAATCATTTTAGTGGTTCTTTTGCGATGCATTCTACGGGTAAAAGTCTAGCGGTCGGTGAAAATTCTATATCCGTGATTGCGACGAATACAGGTCTAAACTGCAGAGGTTTACGCGCTAGCCCGTGGTTCGCTTCACGCTTGCCAAGAACGATATTTACTTCCACTAAGGAGGGTGGTGTCTATGTAGGATGCGTCTGTGCATAAAAAGACACCGAACCTACGAAGCAGCTACCACCGCATTAGTATGGGTTATTGATATGTGGGGATGGATAACTCCCGTCATTTAAATTCAACATGTGCAGGTTAATACCGATCATATGGTTGCAACGTCTTGGTAACGTTCGGTAAGGTGGGTTGGAGGCGATGACGGCGTCTCGCGGTGGTGAGTGCTCGTTCTACCG,1800,49.44,Drosophila melanogaster
SEQ_236294,TGTCCCGCGTTCGGAGTTGTGTCTACCGAATTCATTCCTCTTGACTGAAAGGTAGTAGTGTTCGCTGTCGCCGTCGTTGAAACTAACCACTGTTGTGCCAATCTTTGATCGGCGAAAGCACGCCCCGGCAATATTTAATCACGCGAAGAGATTTGGCGATATCCCTGAAGGCTATTTCGTTAAATGAAGCCACAAAGGATAGGCGAGGGGTACCAAATCAAAAGTTGATGGGAATTGACAGACGCATGCTCGAATCAGTATGCCCTGGCAGAAACTTTCCTACGCGAAACTTACCTGAAGACATCCCCCAAGCTAGCTGGGGCCGACCGACCGCGTACCCACAGGATGTCTCCCATATGTAGGACCTGATCAACCACGCAACTCGGTCCGAGGCAGGAAGGTGCTTCCATAAGGGAATGCGCTGAAATAGGTCCTCTCGACCTTACTTATACGGAACCCTCACTCAGTAGCCTGATCTATGTCGCATCGGCAAGATTGTGGGGTATAGTGGCGAACTGACTTGGAGGGTAGGGCCATCCATAGCGTGACAAAAACCCTAACATGGCCTAACTCGTGTAGGCTTGATTCGACGACCTTTGTATTATTGAAGATACTTCGTTGAGAACGATCCCATATTAGCTACTAGCACCATCTGTCCACCCCTCTGCCATTGTAAGATTTTGCGCGCCTTGAGCCCCCGGTTAAGGCCTTTTGTCGTCGTAGTCACGTACCTACGACCGCTTTACATACGTCATCTCGTTAACTGTACTTAGGAGCCTAGAGACTTCGTGTAGGCCCGCAGTTACCTAGTGGCGAATTAAAGGGACACTGTCGATAAAGTATTGTTTACTAGAAGCGTATTTCTACCGCTCTTATGACTATGTCCGTTCTCACCTCACACTAGGGTAATAGGTCAGTGTAGAAAGGTCACCCATCGAAAGGCCCCGGACCCCCGAGACCGATGGGCTTGGGACTGAAGGCTGCCGATAACCCAGGAAACGAGAAGGAAACAACGTATCATAACAGAAGTTGGCCCCGGCGCTAGCTGGATCCGGATATTACTCCACAGCGTGCCTAACGGGAAAGCTAGTACTGTCACGTACATAAGTAAGATACCTTGGAGGAGTGACTGCGTATTCTTCCAAGGAGGAAATTATGGCGTGGCCAGGTTGTGCCTGCACAGTACAGGTAAGGTAGATGAACTCGTGTCATATTTCTTGTGCCGCCTCTGGAGGATTCCTTTTAACTTGCGCGAAGAGGTCTGCGAACGAATATAACATGTATTCCCGTACCTTGACTAATGCATTCGCGATGACCGGGGGTCCTACTTCTTCGAGCCTTGCTAAGCCTGTGCTCCAACCATAGCAAGTGGCGTTTTCTCGTTTCGGC,1389,49.96,Drosophila melanogaster
SEQ_406256,CGGATTAGGCCTTTCTTGCCTACCTAGAATACGGTGTCACACTATGGAACACCTCGAAGTTTCAGGGATCTGTACGGACGTAAGTCAAGATGCAACGGGGACCCCTACTGCAAGTCCTGTAGATAAACAATATCGTTAAAGTGGCGCATCCGCTCAAGAGGATGCCCACGAGGCGAACCTATTTATTAGGTCCCCGATGTCCCAGCGGCTGTGCGCATAGTCAACTATTTTCTCTGGACACGAATCTCCAGTTGCAGCTAGTATATGCATCCTTGACATTACTTTGGGTACGATGTCCGGCGATCCTTTAAGTGTTGTAAAATGCCGCAAGAAAAAGTACTTTGCTGAGTGTTATAGAGAAATCGCCGCCATTCGGGCAAACGAGAGGGTTTAGAAGGCACCGGTAAAGCAGCGCGACCCTTGTCAGCAGTCCGCTCAACTCAGTCAATACCAAAATAGTACAGAGTTGGTTATTTGACAGACGATTAACCGGATAAGAGGTATGTAGTGTTTTAGGACAGGGTCCCGCTATATACATTACAATGAAATATGAGTGAGTTGCCGTGCTCAGCGTAAATATCTAGCACCTATATAAGATCGACCCGGTTAAGATCTCGACCGTCATAGACAGGAGCATCCTGGCTTTACCCAGTACTCCACTTCCGAGGCGCCAATACGCCCCAGACTAATTTTTGATCGCCAATATTAAACTGGGACGACAGAATACGGATTCGTCGACACTGCGTCTCGCGCTGAATTCTTCGTCAATTTATAGCCGTTACTTCGCGTTACTTATAGATTTCCTACGACTAAAACACCCAATGCTGGTCAGCGAGGATTTCTCCAGTCGTGGCGAGCTAGGTACATGGAGAAGACGTTGCCACAGCTCACTATCGGACGAGATCCTTCTGTAAAGATGTTCAATGATCTCAGATATCTCGTAGTGTAATATCGCGTCGCCCGAAAGATAGTCTTCCTCTATACTGCGGAGTTCTCTGAACCAGGACGCAATTTTGCGTGTCATAACCATCCCGCGCGTGCCAAGTTCATTCCTGGCAACTGTCCGAGGTAGGGCCCCCTTTAAACACCCTATTTAAGCGCCAGTATATTCCAGAGTATTGTACAGCATAGGGGAGGTCATGTCGTGCACCTTTATCCGCAAGAATTGTGATGTCAACGGACCTGTGGCCTGGCACTAGATGG,1203,47.8,Mus musculus
SEQ_774539,CATTAAAAATCTGAGGTATCTGTATACCTTGAGGAGTAGCTGCTTCGGCATACTGGAGAATGAGTCGCTCAAATGATAGACAAAAAATAGATAGTGGTCTCGGGTTTCTATTATGCTGCGTTCCTATAATCAGTACTCGGGTGGACTATACGACATCGTCTAATCTCTTCACGTGTATACGGTTGGAGAGCCGTGATTAATCAAAGCCCGAAGTACGGATCGCAGCAATTATTCTGACAATGACTATGTGGGATTCATACGAGGGACGATGCCAGGACTCCGTCCTTTGTGCAACAATTTAAGAATGACGGCATCAGAACCTTCACTGGCCGGCCACAGTGCGAGGCGGCTTTGTTCCCTGACACAAGGCGGATACACCTTCGACACGGCTGTTCCTCTGTCTTCCCCAATTAGCGTCCATTAGGTCGCGCTGGGTTATTGTTATAGTACCTTTCACTATCATGCACAACCAATTCGCCTTCACGTCGCTGAAGTGGACATACGGGAGGCTAAAACTTGGATCCTAAATTTTTCTGTGAGACTCAAATTGCAGATGAGACTAAATACTACCTAGTCCGATGGTGGGGGGCGCTATCGCTAGCTTGACTCGCATCCGGCTTATCGTTTTAGACGATTGGGCATGGTTGGCTAAATATAATGTTGTATCATGGATGTCTGTAGGCGGCACTGTCACGTTATTGGGCTACAGGTCGGTACTCG,720,47.08,Drosophila melanogaster
SEQ_793682,CTGGGTTTCTTGCTGATGTTAGGCCAACTGCCAAAGACTAGAATGACACGACACTGACGACGGGTAATAACAGTCACTGTTAACGGGCCCGAGTACACGTTAATAGTTGGCTAAATCTCCCCAGCGATTATGATGTATTTTGAAACATACGCTATAATAAGCAAGGTAAAATAATGCAGTGTTTCCTTATGCTCAAACTTTGTGTGATGGAGACCCTCATAAGGTCATGTGTCACCTGGCCTGTGGCCTGGTTAGGGACTATTCCGAGGTAGTGATCAAAGGCCTGCCTCGCGTCAGTATCTAAATCCAACACCCGGTAGTAATCCTTCATCACACCCATTAGATTTTACGAGAGTGCCCCGACTTCGATGGGCCTGGACTGGGCCAATGATTCTGGTGGATACCGTACCAGAGGATGTCCATACTAACGCCGTTGACCAGAACTGATCCCTAAGAGGTGTCTGGCTAGTGACGGGCCTTATATGGAACCGGTGGGGAATGTCTGAGCATGCAAGGTTCAGTGTGCGCCCATGAACGGCCGGCCAGGATGCGCTTATACCGGCTTCATGCTCGAGATTGGGGGAAACCACGGTACGAGTATTACGTGTCTAGACAGTAGATATTATCATTCCGCTGTATGCGAAAGTGAGTACACGTGACTATTCTCGGCTTTGGCTCATCACGCCACGAAACTACTACATTTTTCCACCGTAACCGGGCAAAGAAACCGGATGCAACGTTGTGGCGCGCTTTTGGCGGTCTGGGACGGGCAATGCCGAGCGGAACATAACAAAGTGTTCTAATTTAGTCGGTACCTAGACCGTACGGTCTCCGTTAACATTTCCGATATTAATTTCGAGAAGCTAACAGAAGTAAGAGGATAATCTCCGATCTGAAAGCACTCATCTCACAGCATTCGACTGGTTTATTACTAAACGCCTATCCCGGTGGAATTCGGGCCACCCGAACACAGGATGCACATCTCACACTAATTTAGGGACACCCACTTGCTTCGACAGTCTCCATAAGCTTCGTGCGGTAAGCCATAGTGCACCACACATGGTGTTGCCGGACTTCACTGACATCCCCTCGGCCAGCAGGGGAGACCAAAGCTTTTCTGAAGCTCTGCGACCATCGGAGAATGGTCCGGCGCCCAACGCACGATAAAACTCCCGTGTCGGTTAATAATGGAGGCTGTTGAGCGCTCTTTGTGAACAAGGCTTCGACTAAGGCGAGTACATTATTTGGTCGTCTACGGCATAATCACACGGGCTGTCAATTGTTATTGCTAACTTGGTAAATTATTTGACCAACGCAGGCTATGTTCGTTGACTGCTCTCCATTTACCGCGCCTATTAGTCCCACATGCGTTACGCGTGACCTACTATAGTCCCTTGAAAAAGCTTGTTTATCAGACAACAACTTCTAGATGCTTGTGTGCATGACTTCTGACCGACTAATCGGATGACCGCACTTCTTATGGGACATCATGACGAACGCATGCTCCAGTGCGTTCCCCGGTTGTAGACGTAGCAGAGTCGTAACATCACTGGCTATAACATGAATCGTCAGCATGCTATCACTAAAGCCTGCAAAGAGCTAACTTGAAAGCGCAGCCGGACCAGCCCCGACTTCCGCGGGCGGAGCTAAGCCCTAAATTGCAGCAGTAGAACAT,1675,49.19,Homo sapiens
SEQ_605396,CCTGCTCTTTAAAGCCAGTTAAGTCGAGTCTGCGGTTGGTCGTGTGGTAGCATATACTCTCCCACTTTTGGTAAGAATAAACACTCCGTGCATATGGATACGGATACCGTCCATAGATATCACCCACTCTGATCGACGTAGAATCGTCTGACCGCACGTGAATCAGTGTGGCATCTCCCGGGGACACGTTTCGATTTCATGGACCCAGACTTAACGCATCGGCTCATTCCAACTGTGAACATCTCTCCGTTTGATCATGTTTAACGGCACACTGGTTGGGAATCAAATAGAGGTGGGTATACGATCAAGTGATGCTGCCATACATAGCCAAAAGCGGATAACAACTGTATGCAATTTCGATCTAAGCCGAGATATGCCCTCCGATCCGAATGGCGCGAGAATCCCGGCGACCTGAACCGGACTGTGCGATTTCGCGGTCAACATGAGATGACCATTTCTTATTCATGATCAGCATCTGCAAAGACAAGCCAACGGCCATGTACGGCTGAGGAAAGTTGCCTAACCAGTACGCGGGGAAGTTGGGACTGACAATTGTCCCGTCGCTTTAGGGCAACGCTGATTTCTCGTACAGACCCCCACTGTAAAGCCTGGCCGCGGATCGGTCTCCAGGACTTCTAGACGATGTCAGGTAGAGCCAAGGGTGACTCGCTCCATAGACTGGCCAAATATTGTACAATCAGTCACACGTAAGTGCGAGGGTGATACTCCCAGCCTCTTTCCCTAGTTTTGGTCGATACTCATTAGACAAGCCCCTATAGTGCTCGCTGCTGCCAGATACGTACCATTTAGTGTCGCCAGAAGCTCATTGACATGTGGAAGGACCGTCCAGGCTTGACCATCACAAATGGTTGCATAGCTTATTGATAAGGGTGTATCCCCCACTGAGCTGAGTTCTATGTGCCCCGAATGTAATTGTAGATCAGAACCTCAGCCTGATAACATGGATTGCGTCGCCCACTTTACAGACGA,990,49.7,Escherichia coli
SEQ_662835,TACTGGCAGGAATCGCTACCTGACTACAACTAAAAAGATGCGTATTCGTTGATGCCTGAACAATACTCGCAGTACCCGTTAGACGCCTCGGGACTTGCTGCAGGCATATTTACTGTGTAGTCACCAATCCGTTAGGACATAACGATATTCCTCACCGAGGCCAATTGCTGGATCGTCCACTTCAATTGTCGTACCCTTTGCGAAGTTCGAGAGGAAGAGAACAGGTTCTTGGGCGCGTCAAGTATACTACGGAGTTTAGACTAGAGTAGCTTCCTAAACTCTAGAGGAAATATACTTAACCTAGTGAGCAGTACCGGACACCTCGGTCGTTTGCCTGGTCGTTCCCCATATCCTTGCCACCCTAAGAAACTGGCATGAACCAGGTCTAGCCGGAGGGTCGATCTGAGTGTGTGGCAAGGAGAAACCATTTTACTATTGTCTTACTTGCTTCTGCGTAGTATATACTCATACCTTCGCGGTCTGTGGCTGCCATGGGTCAGTTATTCTCTCGGAACGACAGTGGGGTTGTTGAGCGGCACAATAGCGTTTGATATAACGGTGTTTGGGAATTCACGTCAGTGACAACCCTCATTATTAATTTACGTGGTACACACACATCAGCAACAAAATTCCGATGGACCCATGGACCGCCCACAGAGTCCTTACAACACAATGCCCTTTTACGCTCACGTCGGGGGTCACGTGGCCACTAGCGGTGGCCGGCTCTTTCAACACGCCCCACTGGTACCAACGCCACTGCGCGCGGTCTCCATCCCTTGAGATCTGAGCAGCGTTTTTATGATACCCAGGGTTTAACAGATCCGCATTTGCGGGACCCCCAGAGATAGCTAAATTACATGAGCGGGCGCCGCTGTAATGGATAACTTCGTTGGATGGGTGCTTCTTAGACGCTCAAGGCCCAGATAGCGTCAACGCTACTTGATCAGGACCCGGGATCAGAGCTACAATCACCCGTGAGAAATAAGCAATGTTTATAGTGACTGGCGCGTCCACGGCTCCATCGTAGCAGACCATGCAGATATGCTAAAGCTGCGGGATCCGATCGAAAGAAACCGTCAGTCATATCTGTTGGAAACCAGCAGTTTAAGCTTGCATTCCTGTAGTCATAAAGCCGTAATCAACAGCGAGCCAACAAAAGATAGGAAACTGGGAACGGCTGTAACGGCGCGTCAATGGATCCTCATAGAATTCACAACCACATGTCAAGGGAGCATCCAGGAGCACGATATAAAAACGTGGGCTGTTGGGGGGCCATACAGTAAACCGTCGGTGTTCACCCCTACACGTACATAAAACATAATCTTCTAGTGCCGTATCGGGCGACGCCTGACGCCGTATCTGCACAGGTCAGACGTAGCCTGGTAGCATCTCGATGGACCGCTACCAAAGCCTGTGAGGGGACCGTGCAGCAGTTATTGGTTAAGAGTGTCGCTAGGGCGTCCATTCTCACCTTAGCATCTCGCAAATATGCAATTCGGAAGGTTAATAACTAGAGACTGTGATGGCGGAGGGCTATTCGACTCCTCACTATACGGTACCGTGTAACGTCTTTCATACCGAGAACATTGTTAAAACATATGGAGACCTCCCCCCAAACACGGAAGTCCTAGGGCATCGTAATATAACACCCGGTACGAGCTTGTGGCATTCCGTCCCCACTACTGCCGGAGAGGGGGAACTTGACCTCTGAAAAGTCACAGTGCCCGTTAATCAGCGCTAATACTTCACCGTTGAGCCGAAAGACGCCGCCTCGACTAGTTAAAAGGACTGTACCCCGCGGCCAGCAACTCTCGGGTCTTTTCAGTGTCTGGGTACTTACAAATATTTAAGATAAACCTCACTATTCCGTCCTATGCCGTGCCTGGTTATTAAACGGAAGGTCAACGCTTGCCAACGCGGCTGATGACCCTCACGTGCAAGCTGTGTTAGTGCGTAACGCTCTATG,1966,50.2,Escherichia coli
SEQ_220043,GCGTGTGGTTGGCGGCCGAGCTATTCTTCAGTACATCTAAGTGAATTGAGAAGGCAATTACTCTTCTGTGCTGGATCGAGTAGCTCGCACTTGGAGTATTGCAATCCGATATACATGCTTAAGCCACCGCATGGTACGCCGATGAAGCTGAGAGAATGATTCTGACTTAGTCGATGGGGCAGTTCATGCTTAACCTGCGTCCGCGGCGTTGTCAATGATTAGAACCTGTAGCGATCGTTCACTATATGTGTGGACGTATTGTGAATACTTGATCGATTTGGGGTGGTTGGGCTTCCTGTATTGGCGTAAATCCCGCCCAAAACATGTGTTCGGAGTGAATCTACCCATTGCAGTTCTATTCCCGAGGCCGGGTCGGAAGGAATTCACTGAAGAAAGCCATCTTTTCGACGGGTCAGCACTAATCGTGATGTCGCCGCCCTCACGGTTCCGGGTGAGTAAGAACCGGTGTGCCTCGGGATTTAGCAAGTTTGTAGCTCCCTCGTTACGCGTCCATCCATGAAGGACCTAGGTTGCCTGAATTCACTAGGGTGACGGTTCACAAGCTATATCTACGTAACTCCGAGCTACCCTCGCGTCCTGTGCTTCGGGGAAGCTGCAGCTGGGCCGGAGGGGTTCGGCCACTAGCATGAAGGATAGGGCAAGGGACTAGCACGGCGGCTGTTTTGGCCCTGCCTAGCCCTGGAGGACCTTAGTACGAAAACAACAATTGGGCCGTACCCACGCGCCCGAGTCTTTTCCTCGCGCGGACCTGTCCTGATTATTCGTGGACTTCCACCACACAAGGTTTAGTCATTGGCCTAACGATATGGTGGAAAAACAAACATCTAACGTAGAATTCGATCTACATTCTCGTGCGTTTAGTTGAAGTACTTAACTTCGCTTATCTTCACCTTTCGTGATGGGGTCTAGAACAAAGTACAAGGTTCCTTATAAGGTTCGTTAGGATTTCACGGCATCGAGGGTTCAAGGCTGATGATCGACGCTAAGCGACCGGACTCGGTACCGATATTAATGGACTCAGGCGTTAGGTTTGGACGATAACTTAAGGTATCTTAGGCATGACCTGTCCTCGGTGGGACCTGGTCGTTAATTCAACCCCGTGGCCTGAGGGGGGTGGTGGTATGGTCTGCGTTA,1155,51.0,Saccharomyces cerevisiae
SEQ_175108,AGTCAGGGTGGGTATACGTCTGGCCGTTCCCGTACATCGGGTTTTCGATGGGTAGAGGAAAGGACCTGGTCCACATTACAGGTATAACCACTGACAGTCACTCCGGCCAACTTTACCACGCCTGTATGTGCTGAGGCTGCCCTCCTATCAGTGTTGTTTTCAAATTGTCATCTACAGGGAATGCATGGAGGGCCACTTGCTAAGTGCCCCCTATTTCTTGAAACTAAGAATGTTCGGGCCGGAACTCTTGGACCGTACGATGCCAGATTGCATGGTAAAGAGCGTCTGTCACTCCAAGGCAAGATTGAATCGGGACTTCCATGCAGTGGAATTACCGATACTCGAGGAGCAGCAGTGCTGGGTACATATTGTTATACTTTCTTATGGATAATGCTGACCCACACCCCTTTGCTGGTTAGTATGTCGAGAGAGACGCCGGACAGCGGACTGGCCGACGACCTCACCATGTTGGTTAATGGTTCCTGAGCCTACTAGTCCGTCCTATTAAACGAGGCTACCTTCCCGACAACTAAAGCAAAAGAGTAGGCCCTGGCACGTCCATCTAAAGAAAGCGTTCCAACGAACTCATAAATCCCGCGGTGAAGACATTCTATTGCTTATGGTCTACCAGCGTCGGCTAACGGAGGTTTGCAGACAGCGACACAGAAGTCAAGCTACCATTTTGGCGCTGTTAAGCCTATCTGACGCGGTAGCCGGTATGCTCAATATAGCAAACCAGGTAAGTTAAATCAATCTAACCACCTTAACCAGTTGCCCTTGCTACGATACGACCCTCACAGTTTCCGCTTGGCGTTCCGTCGTTGCCCCTTCCATACTTGCCGTGGGTCGCATCGTGGGTAGGTGGCCCGGGAATATTCGGCGCACCCGTTTGTTGAAAGACTGACGTATACACTCTAAGCGCCAAAGTCATCGTCCCGTTCTGTGAAACTTTAAATATGAACGGTCTGAAATGTCATTTAATCCGACGCGCCGGATGCGCTAGAACCAGTAGCAAGGAACAAGGGCAATAGCTCATGGTTCCGTGCAAGTCTCGCTGGTCTCTGCACAGCCTTCGGACGCGGTGCCGGTAAAACGTGGTCTACCGCAGACATATGGCATCCATGCGAATATGTTAACGACACGGCTTGACGAGCAACGAGTACGCCGATTGTCAGGGTATCGTCACATTAGCCTGGAACAGTAGCTCGAAGCGCCTACGTTTAGTTCTCAGATCGTGTCTTGGGAGATGAGAGTAGTCATTCCGCAATGTGATGAACCCAAGCCTGCATATTGATCCACGGGCTGACTCACTGGGCTCGAGAAGCTGAGTCCAGGCCCACCGGAACGAAATCTAGATGTCCAAGCGTTGATTTTTGGACTAGGTCTAGACCGACAATAAGTTCAATCATTCGCGTCGCCTCTCACACCGCATCACCAAAACGCAGCACAGTTCACGGTGTAGGATTAGTTGACAGCCTTTTAAGTGCCCCGGTTAAATAGAGGACCTGAATACGTCACTGGACATAAAGTGGTCTTACGAGCTGATGAAGAGCCATCGGAACCTGGGGGAAGAGGGCCGAGGCCATTTATCGCACACTGCACAACCGTACATAAGGTTGGGTCGACCCCAGCAGGCCTGGTGCATGGTGGCGTCGAATAGCGCCACGATCCGTCATACGGGCATGATCCTGAAGCACTTTACTTCAATACCGCCCAGACCAAGGAATGGTACCAACGAGATCCATCCGGATTATGTCCACTTTTGGATGACTGCATGGGAGAAATTAGCGCCCAAAGTCTAGCGGGGTGTGACCCAGAGGCATGTGTCGGACAAGAGAGCCAATAGATTAAT,1852,51.08,Caenorhabditis elegans
SEQ_791318,GTCAGGTACATTCTCATACAGCATGCATGACGACGACGACAATTGTCCCGCCCCACATGATATGATTAATGAACACCACCCACTACAGTCGCCCTAGACAGGATAGGAGCACACTTGGCAGGAATCAGCAAAGACCGTCACCAAGTCAAAGCAAAACTATAGACTGCTCCTGTAATTAACGTGCCAAAGCTACCGTACAAATACAAGGTCTGTACGGACACGCTCCTAGCCGTCAGAAACTGCATTCGAACGTCAGGACCCCACAGCGGCCACTGTGTAGTAATAACTGCAGACCGACCCAACGTTCGTGCATATTGCTCACACCGGGAACTGGCTAACCATAATCGAAGCCTACTGTAGGGAAGCCTGCGTGCCGCTCTTGAGCGGAGCGGCCATAACTGTTTCCAGGCATTGGCAAAACTCTAATCTCTAAAATGCAGGTTCAGGCGATTCATTTCCTATTAATAGTGTGAATACGGCAGCGGCGCACTTATGGTAGCCACGCTAGCTCCACGGATGGAGCAATGCCTCAAATTGTGTATTCGACGAAGGGTTAAACTACTGACCTGGTTTCTGGCCGTTACGGTAAAAGTTTGCCCTCGCCTAGGCATTCCTGCGAGACCGGTAAGTGCCAACGGTACTGGAACAGATTCGTGGGACGACCCCTTAAAAGATACGAGGTCCAATATACCCCTGCAGCCAGTTGCTCCGGACGAGAGAAGCATTCAACCCGCCCTCATTCAGTTTACAGGATGGCACAATCCTCATATAATCCGCGGGGCCTACGCGCACATCATTCGTCATATCTGCGCAAGCGAGAGACGTTACGCATGGGTCCCGGAACGTACATCCTCGATTTCGATGTTTGGGGTCGGCTGAATTTATACCGCCCTACAAACAATCCTCCTTAGAGCGCGTATTCAGGCGTGGATTACGCCGGCACCTAGTCAGCGCGAGAGTTCCCTCGAGTCGTCACATGTTAAGCCGGAGGCTGGTGAGATGGTTTATAAAGTGTAGACCCGATGTGTAGAGTCTATACCAGATTGTCGGGCTAATTCGTCGGGGTGCACACTACTAGGGTCCTGATGGATACAGAATGAGAGTACACTGTTCACGTTATGTTAGCGGACAGAAATCGGCCATTATGCAAGATCGTTGCAGACAGAAGCTGGTGAGCCCGGGTACACTGGGTCATTTCTGTTGGCGCAGGCCATCCCGCTATTACAAGCACAGGTATAGAAGTTTAAATGGACGTTTACAGAGAGAGTACTACACTTGTCCACAATCTGTTCCTTGGTGCCGTACCAGAGCGTCGTCGTCATTCTGTTCGGGGAAGTAGACTATCACTACGGTGACGCCGACTATAGTAAGCAAAACTTATACCTATAACAGCCAATCATACATAATGCTTACTAGAGGATTGCCACCAGATAAATTTAACAAAGCCGTAATCGTCCGATGAAGCTATGTTAATTCCTACAAAACCTAACTTCCAGAGTCTCTATAGGAAACCAAAGCTTAATCAGTCCGATGTCGGTATATTTAGTCTCGGCCGCCAGTAGGGCAAGTTATAAATATCTCTCAATCAGGATTCCAGAAGCTGGGAGTGTCGGAAATAACCCTAGGACCGAATTCGTGACACTACCGACTGAATTAAATCACCTTATAATGTTCTCTTGCAGGGAAACCGGGTATAAAGGCGAGGGCTTCCCCTATAGGAGCTTGCTTCTTTACCATAGGATGATTCTGTGAGGGCGGCTACCTTCACTAGGCAGTATTAGGCTGGACACTACTCTGCTGGCTAATGGGGGACCAACCGGATGAAGGACTTGGCGATCTCGTCTTTACTCAACGGAAGGTGAGCGTGTGTTAAGGTCCAGTTGCCTATGCTAGGCCGGGACTCCAAAGTAGATTGGCGGCTTCACAGGGGCATAGCGGAGAGCTGTTTCCAGCGA,1955,49.46,Mus musculus
SEQ_149287,AGTTCCGTAAGGTAGAACACCTTATAGTTAACCGATAACCACGAAAACCGGCATCAGTCAGTCCATTGCGCGGTAAATGCGCGACAAAGCTGTACAAGCGCAGGGACTCGCCCCAGCTAAAATTCCCCCCCGTGATTTCACAGCCTTGTGCACCACTCCTGGTACTGCGATAGACTGAAAGATTGTAGGGTCTACAACTGGTTCATAGCTTGAACTGTCTGTTATGGATGTGGTTAACCCTTCTTGGCAGCCTCGTTTTGTGGCCGAGATACGTGGATAGGTTTGCAATTTTAAAGAATGCTCAGGAGTCCATGTCAAAGTCATAAAGGAGAGCGCGTGGTGTAAAAGCGACATACGCCACTTATACCTGCGAAGTCAGGGAACCTTTCTGCGTCGTGAAAACGGACCGAGTGTACAAGAAAGTGAATGTGGCAGAAACTAGCTAAAGAGCCAGCTTCACTCCTTCGGTGTCTCTAACACGCCGCTGCGGTTAT,494,48.79,Mus musculus
SEQ_907753,GCCGTCGGACTGCGGTATCGCTTCTACCAACCTTGCAGACCGGAAGTCAGGAGGAGCGATGTTGGCGACGTAGAATAGCGAATGAGTC,88,56.82,Homo sapiens
SEQ_688564,GGGTGTATGGTCACGTCTCCAACGTGCTTAATCTACTATTCCACAATCGGCCAGAAAGTGCAGCACAGCACATTGTCCTTCATCGCCCGCCCACGTTTAACTCAAGGCATGTCAATAGACATCGTTTCAGAACTTCTACTATTTGTCCGGCGTGCGACGGCAGTACGTAGTCACAGCTAACAGTTCTTGCTAGCTCGACGGCCAAGGAAACTGGCGCCGGGTACCCGAAGCATGAAAGCGGGTTACGAATGACGCTTCAAATTAACTTTCGGACTTGCCTGAGTAGAATTTGCGGCGAACTGGGGTCGGGCAGCGATAGCGGACTACCGACCTCGGACGCTAAGGGGGTCCAGGATGCATTCGAAACATAGCGGTTGCAGACCTAGAAATGTGCCAGTTCACCAGTAGTCGACACGCCTAACCTCCTAGCGGTCCGCCTATTGGACGCACGAAGACAGAATCAAGCTGACTCATATCTCAAGAATGTGGACAAAAAACATTACTTTGTCGGTGACGGATCGCTTCAGCAGAGAACAGACGTGGAGCCAACGCCTTGAGCTGATGCCTACCGGACGATGCTCTGTGTTTTATAATTCGACTGAGATTGGGGACTGTCCGGAATTCGATTAGTTCTGGCTCTAGTATTGATGATCCATTCCAACGTCGACTAAATCGTGCTCGTGACAGCTTTGTGAGAGTTGAGAGCAGTCTGTCAATACTT,721,50.49,Homo sapiens
SEQ_891878,GGTTGAGGTTATTAATAAGTGGGGGACAGATTCGGGAATGATTATCGTGGTATGGGAACGTCTGATACCTGCAGCCGCTATTCGAAGCTGCTCACTCGGGGCAGTAGCGACCGTCGTGGTCCAAGTCGCTTTGAGAACGCGTCTATTGAGAGCCCTGGCAATTTCAATTGTGGCTCCTGACGACGAGGCTACCCAATCGTTGGATAACCTTCGGGGGCGACAATAATTGGCTCAGCCGCTGCAACCCTGATCTCATCAACTCGCCAACATCGCACTATTCGCCCAACCCCAGGATCGCGGTCTCAACACGCCGGCGAAGAAGACTTTCTCTATGTGCAGAAGGAACCTAGCCAATTCTAGACAGGCGGGGGGAAATCAATCCCGGCAACGTCGAAACTAAGATAGAGCTACAAAGGGTTGTATCGAGAAAGGCGCGCTTAAGTCACGCGTCTATGCATTCGATTGTACAGATGACGTGGCACCCTACAGCCAATACGGATAGTATTTCGCCCAGTGTTCGCCGCCCTGTGAGGTTCCAGCGTAGCAGATGGGAGGAGCCAAGCCAATTTAGTATTGCGGGTTCTGGAGTAATCGCTTAGAGGGCTTTTGATACCAGACAGCGGTCCGCATCAAAAGCATGATGACGATCTAGCAAACAAACGTCGCGGCACGGGAAACAGAGTGCTACGATTTGAAACTAACTTATAAGTGAGCATTGCTTTAGTCCGACACAAGCGCGTTACTCAGAGCGTCGATATCGATTCGTAAGCGGGCTCACGTGAAACATGAGCGGGAATCAAAATTCTACAAGGCGTAACCGATTACATATAATGGGGCAGAATGTAGAAATTCCCCAGCCTCGTAATGTCGGCTCATATAACTATGAACTGAACTGCTCGC,900,50.56,Drosophila melanogaster
SEQ_895404,AATTATATCAGGCAGCTCGTGTCGTTACAGCTTTCTCCTCGTAGGATTAAGCTTCCTGCCCCAACTCGGGCAAATCCCATCACCTTCTATCAGCCCTCGTCAACAACTTAAATGCTGTAATAAGATGAGTGTTTCCCGACAATTGTAGCTTACCACAGGGAACGAAGAATGCAAAAAGAATGGAGACTTCCATTTTTAGTTGTCCTCCACCACTACGGTGGTTTACAGAACGACCGAGGGTAGTAAATTGACGGCAGCTGATGGACGGATATCGACTATCTAACATCAATCGTCCTCGAGTGGGTAGCAGGAGATCTGTTATAAGCTATGTGCAGTAGGCCACGGCACTGTATCGCCTTTCGGCCATAAACGCTCAACGGAGTGATTTGTTATCTTAGCAAGGTAAGTGAGCCTGGTAAGATAAATTCCGTAATACTGGATAACGTTGAAGGGGAAGACACGTGTAAAACTTACAGTTGAGTCTCCACCGTCGCATAACGGAGCACGAAACGACTAGATGCTTCAGCCTATGTGCTTCTCGCACAACACGCTAAATGTTCTGAATGGGCAGTGCTTGATTTTGTTGACAGCATAGTCAGGAAGGGCATCCGACCGGGTGGCGATAATGCGGTTGATACGTTCTTCACTCTCGGATTAGATTCCTCCAGCGAGAATACAGCCTTGCACGACAACTTCATATTAGAACGAACGTCTTACCCCGCCCCCGGTACAAGTTCGGATAAGGGGTCCGTAAATATTCAAAATGAAGCTCATCCGCCCCGCCTTGGCATCAATTCTCCCTTTGGGGAAATGGTTGCTATCGACATAACGGTAGAGGCAAACTATTCAATGGGTAAGTACATAAAGGGTTCGGCCGAGAGCGGACACGCATTGGATATAGTCGACAGGAAGATCGACTTCGTTAACATACTGAGTTGTATAATGCTTAGCAGTACGTCCCCATAAGGCCGAACACAAGGGTGTGCGGGGATGCGAAATTTGTGCTCAAAGTTCGCGCATGTACGCCTTCCCCATTTCCGGTGCCAGTGAAGAAATACGGTAGAATCGAACGTGAAATTGGGTTTCGGTTAAGTTACCTACCGACATGACGGGAACCTTAGTGAACGAATTGCGCAATCTTGTGCAAAGGAGGGACTTCCGGAATAGCGCTTACAAGCAGAATACCAGACTCACCCATGTGCGCGCATTTTGACCTCCCCTAACACGGTTCAGTAATACCCGGGGTGAATTCGTACGGCGAACGAGAAGCGTCACCTACTTTTATAGTACCCATGTAAAAATCCGTTCACTGAGCTACTATCCGACCATCGCAACGAGTATGTCGTTTTTGCAGCTCCCGCGAAATACGACACGCTAGTCGTCCCGTGAAGCGTATGACGGGGATAATAGTAAGAGGAGAGCGGCAACGCCTTTCTTTTCAGCTCACATAGTTAGGTAAAGAGTAAACGGTGTGCATGCCCTTTCCTGGGCGGGGGGATGGTGTACCAGAAGAGTAGTACTTTTAGGCTCAGCAATGACTAAAACTGTAAGGATAGCATATTAGAGCTTTCGGGTATGTGAAGGCAGCGTATAACGGCGACACTCGACCATTTTATACAATTCAACGGCCTCGTGTCCAGTCATGGGATGCAGAGATCTTCGAAAACGTCTAGCCGTGATGGTTTTAGAATCTATATGTGCACTGATCGGCGTGGTACGGTTAACTCCCTGCTACGTTGTATATGGGTTCCTGCGTATATCTACGGTATAACCGGGGACATTAGCACAAAGGCTTAGGGCCCAACCAGTTATCCTGATAGTAGGTTTTTTTGGTCCTGTCTTCGAGGGACTAGGGACGGATTTATATATATCGCACGGT,1879,47.63,Mus musculus
SEQ_811154,TACGTGTCGCAGAATGCCATTGGGAACGCAATTCAATTGAGACTCTGAAGCCCCGGTCGGTCTCTTATGTGCGAATCGAGTTTTTCGTTAGACATCTATAATCGGTACCAGCCGGCCTACTCAACACAGTTAAATGCGGAACCAGTGGACGTTCCTTTCAGCCGACCAAAAAGACCGAAACATTCGTCCAACTTATCTGGTTTCTTGATGCCCATGTGTGTAACATTAGACAGTCTTCCCGGACGAGATGCCCATTCTAGCAGACCTCTAAAGATATGCCCAAATCCTGATTAAAAGTCCACGAATCCGAAGTCTGCCGTCTCCACTAGTAATTCCACCATGTCGGGGGTGTATAGACGATCTCCGGAGCCTGCATTGTTTGGCAAGTTTTTCCGACATTCCCGTTGCGAGTTTAGTGAAGGACTCTCACGGTCCCGGTAGGTCGATGAGACTAGCTAGACTCGAACAGCTTCCATGGCCAACAAGCCTACAGAACACCTGTACAGAGTCTTAGGGCCGTTCAGTTAGGTCGTGAACTTGGCTACACAAGATGGACCACGAAATCGCGCAGCGAGGCATAGCTTTAGAATAGCCGGGGGGCACTGGTAACATGACCTTACTAGTGAAGTTTCTCTCGTCTGAGTTACCAGGATGGGTCGCTGGTCGTTGCGAGGTCACTCCTCAGCCGGCCAGAAGCTTCATTACCTACCGCCCTACCTGCTAACGAATTGATTCAGATTACAGTAGCAAAGCCGGAACATCACGGAAGATAAATCGCGAGTTCGAGTAGTCACGAGTCTGTATTTGAAAGAGAAAAGGAACCTAAACCTGCGCTTAATAAGCATTACCACAGCCCAGCTCCTCTAGATGGCGCCGCATAGTAATATTGGCGTACAGCCCCCTATGCGCGACTAAAGGACGCATAAAAATCAGCGGGCTATGATTAACATAGCAACGTACTATTGTTCTCTGCAGCGTATTGTGTACAAATGTATCCTTGTGATGGAATATTGACGACTTTTGTCGCGTTCGCACTCGTTACACAAACATGGACGAGGTGACAGTACACGCTTATCTTCGGGGCGCGTCAAGGTTCATAAGAACTTCCCCCCCCGCTACCACCACCAGTATATGCCCATATGAATGCCCACCGACCCACGCGAAGGACTAGAAAATTAAGGGTATATGTGGTCGAACAATCAGGAACACGAGGAAGATTATCTTTCTGCACCCTTCAAGAAAGGTACATGGGCATTCTTCGTCGGCTTAGCTAGTGCCCGTTAATCGTGAGATATGGCGGCCCAACCCCATTGGCGGATTCTCAACCTGCCCAAGGTTACCGAAGGTTGCACACTAGGTTCTGGCGCGTCAGTACCGGTGCGTGGACTGAATTTACCTCCGTAGAATAATGACTAGTGGCGGGTCGGCAACACTTGTACACCATCCACGAAAATTTTGGTCTGGCCGGTAAGCCCGGCATCTTCTAAAGGTCACAAACCCCGCTAGGTACGTACGGAAGGACCTTTAGGGTGTGGAGGTCAGTATCCAAGCGTTAGTCCCTTCAGGTCGGAATGTCCATAATTTGTCACTATCGAGAATCTTCCGGCCCCTCCCCTTACCTAAAAATGTTTACCACCGTCTACCCTGCGTCAGTTTCTATCACGTTACCTCAGGGGCAAGACGTGTCTTGGAATTAGACGTCGGGTAGACCATTCGGCAATCCGCGTCGCGCATGGTGGGAACGTCTTTACTGTGGAGTGCGCTCCACTATAGTACCCAGGATCCGTCCGAGCAAGGTAGCCGAAGGACCTGAGACAATGACCAAACTCATTGCAAGAACGCCCAAAGTTCGGAAGCTGACGAGAGTAAACCACACATTTTACCCTTTACAAACTATTACCCTCAAGACGACCCTGGCAAGCGGTGTGGTTCTGAGA,1937,49.87,Saccharomyces cerevisiae
SEQ_428642,TTTACATTAAGGGTGATATTCCTGCCACATCGGGTTCATATTTTTGTTGTAATACTGGCCGTCGCAATATATGGCGCAACCCACAAGATGGATTTGCGCTTGGAATGAGGTTAATTTGTGCTATTGCCTGCAGCCCTAGACAACATGCTGGGAGGTATTATTCCGATCATGAATAACGACGGGCCTTTGCGCGTACATTCAGGGACAAGCCGCCTGGTTCTATACACGGCGAAAGAACCGCGGTCTAAAATCTGATCAGATTTGGTCTCCGTAAACCGCGATATGTTAAGTGGCCTTTCCGACATAAGCGTAGACAGATAGGTAGCGATTGGACTAATATTGCTGGTAACCACGGTGACGATCAAACAGGTTGACGGTACTCTACGAATACTATCGGGTATTCTGTCACACGGCTGACCTCCCCAACAATGAAGCCCCCAGCCGCGTGTTCAAAGAGCTGGGGCATGATAATACCTCGAGGATGCTCAACAGTAGCCATTGAGTGACAGGAATGAGACAGGCCGGCCGTTCAAGCCATCACGGATACGCCAAGCTTGCAATTAGGGTACCTTCCATTTGGTAAAATCTGAGATCTATCTCAAGCAGCCGTGGGCACCAAAATTTCACGGGAACCGGTCAACTTATCTTTGTTGTGCATCCTTCCACCGGGAAGCACGACTCTTACGTAGCAACGGCGGGGCACGTAATTTATCCGGCAATAAAACAATCCAAAATTGCGTGGTACGTGCCGCACGATTAACCGCCCGAGACAAGCCTATCATTCCTGGTGCACCAATGTAGCATCCGTTCAAAAAGGCTTTGCCAACT,828,48.67,Escherichia coli
SEQ_377443,CAGGAGGTGTAATTAATCCCTTGCACGCGGCACGCTCAAATACGATACAATTTCCTGATAGTAAAGACGGTGTACTAGATCGCGAAAACAACGTGAAGTAGGCACCTGATGATTAAAAGTTGTCCGCCATCTGTTCGCTCCTTCGTATGCGACCGATTGAGGAGAGTGGTCTCCAGGGGTTAGTCCAGACGCGTCCATAGCTACCTATTTTAAGCCCCCTGGCTCGAACTTTCACACTATATGCTCAGATTCCAGTATGTATTTATGTTACTGGTATCTGCCCACATAAGAGATGTATTGTTACTACAGTGCATCTAGTGCAATCAAAGGCTTGCTGCTCTAGTACCGTCATGGACCTAAAAGTGCGATCGTGGTTCTCACGGCGAACGACCAATAGGCCTCGCGAATATCGGGGGGGCCGAATGTTACTGATGAGGAAATCCATCTCACTAGGATTACATCCGCCCGCTAAGCGCGTGCCAACGGTGTATCGCGGCTGAGGAAGGGTGTCAGCGTGGCCGGCGGCAGTCTGTCTGGACTCTGTGGCACCGACTACGAATCCGTGTTCGGCGAAATCATCACCCGAAGATTCATTCGGATGGACGTGACGTCCAACCCGCGGTGTTGGGGGAACGTATCGTCGTTTGGGGCCACAGCTCGCGAGTAGCGGCTCTTCAGCGATGAAAAAGTGTGACTTACTGGTGTCTTTTGTTCAACCGGCACAAACGAGCATTCCGACACCCGGCGGCCTTTATCGGCATATTTAGTACCGGTGGTTGCATGGAGTAGGATCGCATTAGATAACCCTAAACGAATGGCTGGAGGCGCGTATCATGAATGCAGGCCTGTCCCGTCTCTGTAGTTGGGGTCTAGTCCGGCTCCGATGGCCCCTAATCAAAGGACTAGAAGATCCCTCGAACTAAGCAGAACAAACCTAGTCGTCCATAGAATAGCTCAACCATCCTTAAGCCCACACAGCTGGAATGATGCAAGGGGACAGCACGTCGGGGTTGTAGCGATGAAGCGGGTCAAATACACTTTGGGAAAACCGTCAGCGCTACTATCTTTTCATGGACTTTGTAATACCTAGACGTCGGGCCGATGATAAGGAATGAAACT,1119,51.03,Escherichia coli
SEQ_719393,TTCACTTCGTTATTGCTCAGAATACTAGAGAATTGTCTTGGTGTTGGTAAGCGCTACCAGCTGATTTCTCAGCTGAGGGGAGCGCCGCCTCGGCAAGCCCGCGCGCCCCATTAGTTGCGAGAAGTATCATGTGCAAGCCAAATATAGACGCAATCCCGCCGTAAGATTTGGAGGTATTCCGCCCGGCACAGAAGGGGACTCTCCCCGGCCGTTGGCCAGCGAGAACGAATTCAACTTGCAGCTCTACACGATGATTGCTTCAGTTGCTGAATAAGATATAGTACCAGTGGAACTCCCCCCAGTCGGTCCCCATAGTATTCTTGACCCAAACCCGTATCGTTAACTTTCGAATATGCCACAGTCAGCATGGGTTAACAATTGGGGGCTAAGCCGACACTACGGACTCCAAGGCGCATCTGAATTAACTCTAGCGTTAAGATAACCACTATGTCTGAAGCCTCAGCAGATGACCGGCAAGACTTAGGAGACCCGTCTGCCACCGTCGGTATAACAGACCGGACATCAATGCATTTGCACACTTGAGGAGCGTTGGGACTTTCAAAGCGCGTAAGTATGACGGAATTGGTGAGGGAGGCAAAAATCAGAGAAATAATTTGCTAGTATTACCATAATTTGGGTTAGGATTTTCTGACGTTGTCGACAAACACCCACCAAAACCCGTACGGAGATAGTGCCAGGGGAACCTGAAACAGTCTCCGAGAAAACGCAAACTCGACTCTATAATAATCCCGAGCGGAGTCAAGGCAGGTACACTGCTTTTGAAAGCGCGGTTTCGACAGATCTCCGGTTTTAATCCCTCCTTGGCCATTTAACAATCTAGTCGGTCCTCAACCGGGCTCCGTTTGTTGGATCTCCATCGCATCGACCTACACTCCCCTGTGAGTTGCTATGTTCAGAGGTTATATCAAATTTCAACAAGAGCCCATGAACTGAACTATAGGCAAGATAGGTATGCCTGGAAGCCGAAATAGATACTTGAGCCTAATATCCCGAATAGTAACAGCATATCGAGCCGGGTCCGGCGATACTTACGTTTGAGCCTCGCACGAAACGCCGTCATATTGAGTCAGCACTCAATTATGTATAACCCTCAGGAGATCCTACCAGCCTTCTTCCGTGACGGCCCAATCTTTCACCCCTATCCAGTCCATGACAACACCGTTTTGCCGTCGCGCAGGCAGGTTGCGCAGACGAGCTGCTGAGTAGCGGACCTCACCTGTGTTGCCAGACTGCAAGTTGCAGCGAAGTTGAACGGGCAAATTTCAATCTGTGTAATTGACTGCCTCGTTTGTTTCTGCACTGCCGCCGGTATCAGACCACAGTGGGAGGCGGTTTAATCGGAATCAACGAAAAGTAGATACAAGAAGCATCGACCGTATTCCTAGTGGTATAAGTCTCGTTGCGGATGCCTGGAGTGATCGGACAGGCGTTCTTAATTAAAGCGGACCAGTTCAAATTAGAGCTCTGCTACGCAAACTCCTTTCGTCTAGGCATCCGGTTCATGGGGCAATGTCTGGACGGTTCCGATCGTAATGCATTCGAAGGTCCTGTTAGCTATCTAGCTTATCGAGCCGCAATTCGTGCACTCATACTGGCTGTAGTGCCTCGCAAGTCTGGTCACTGCTATTTCTTGGATTAGGAGTATCGATCCACGCGAAACGCGGTATCTTCTGTAATCGGACAGTTTAAGATCCCCT,1718,49.48,Escherichia coli
SEQ_959542,GTCTATCCAACGTCCTTATAGGTCGAATAGTAGGGAGAGTTCAGCCTCGCTGACTAGTTAGATCTGACGGTTCCAGGCAACTTTGTCAGCGCAATATTATCTTCTTCGCGAGGCAACGCGTTCGCCCATATCGTGTAACTTCGTTTCATTGTGACGAACAACAAACCTCTTCTCTCGGCTACCACGCGTGCAGGGAAGACAGAACGATGCATATCAAGTGCTACAAACTTACCCCTGAAATTATCTCATACAATGGCCACTCTCTCCTTTAGTCGCACCAAGCGCTTGTGTCACATACAATGCTGAACTAAATGTCGTAGCGAGCGTGATGCGGTTCCACCGTTAGACGTGCGTGCCTCTGCGCTGCGAGCCACCGAAATGTGGCCCAACAAGTTATGCGTGAAGGTAACCTTGGCCCCCACAGAGATATTACCTCCCCTACCAGCTGACGTCGGATCTCACTTGTGCGTGAATGCACGAACAGCCCGAGGATGGTGGATATTTTCGCCCGGGGACGTAGAATACATGCCGCTCTGACGTAGGAGAGCGAGTTTTACTATGAGCGTTATATGTCAAGCAGTTTACTGCTTATCAGTTGGTACCGACAGCCTTCTCCACCCCGGCTAACAGCCGCCTGATCACATCGGGAAGTGGGAATTACGGATTTAGCGTACTAGTGTGGGATTGCGGGCTCGAAAACCTGAGGATCGCCCTCTAGTAATAACGCACCCAAAGGCCGTCACGATCGTCCACAAGAGGAAAAGTGAAATGATGGAGCTATCATGAGATAAAATTACAGAAGCCCATGATGCGGGGATCCAGCGCTGACATTTATGGAATGCGACTTGAAGGAGGCCACTAATCATATCCACTCTCGCTGTCCGGAAGCTAGTAACTAATGTTAATCCGGATTTTGACACAGGCGTGCCAGGGGAAGCTAAGCGCACGAACCCCCCAGGCATAATCGCGGTCATTCAAGGCAATTAGTTGACGTCGCTGGGTCAGAGTTGATCGTGGAAATAGCCGAATTTTCCCGGCCGCATCTGGTTCCGCCACTTAACACCGCACTTGGTGCAAGCCGCCCGTACGGCGAACCGATCCCAGCCACAGAGTTAACAATATTAGCATCGACAGAAATCTACCGCGTCGTTCCCGCAACATTGTATCCCGAATTTCATAATGCTCATTATGTATTTGCCGCCGTCTTACTGTCTCTTCTGACGGAACGTTCCTGCAATCATTCACAAGATGATCCACACCAGTGCCGTCTCCTGTAACGGCAGGTGGCCTCTTTCTTCCAACAGGGTTAGAGATCAATTTTTAAAGCACAAGGTTCGGGTTATAACAATGTGGGTTCGAACGCGTGATCGAACGCCCATACCCGAAAGGTACTCCTTTGTGCCGCGTGCGACGCTGCAGAGTGCAACTGACACATAGGGGGAAG,1444,50.69,Drosophila melanogaster
SEQ_464420,AGAGGCGCGATTTGGGGGGGTGACTGGTCGGGAGTCTGACCACTCACTAACACGAGGGGGGAGCACGTCGTCTCGGGTGTTATGCATACCAGATGGGGATACAAACATCCACTGACTAGCGTGCTTAGGAGATACTTTAGTGCGCGACCCCGTAGGGAGCGTTCACCTTACGCGACACCTCGGGCAGGGGGTCGATTAACAACAGTGAGGTGAGTCTGCAGAAGACCGCCCTTTGATGCCGCGATAATCAGTATGTCAGGGTCCTTGAATGCGGCTCTTTTGAACCACTTAGGTCGCACACCCGCTAGTACGCTCACATCGTTTACTCAAAGCTTAAGGTAACAAATATAGCTATGGTCAGACCGACAAGTCGTCCACGCTATCACTTTCCTCGCCATCAAGCTTCTTGCGACTTTCAGATTACCCGTGATCACCCTGAAATTATTCGGGAGCCCTGGGCCCTCTAAGCGGACTCGACGTGAATGGTGATCGCAGTCTACTTCTTATGATAGCTTTTCCTCACTGTAACGCAGCTCGAATCAATGGAGAGCAACCTGAGTCCCGTCAAGCATAGAAGTGTGGCTGGTAGTTCATACCTATGCTGCATCTTAACATAGTGACAGGTTCGTACCCATTGAGTGCCCTAGAACCCAAGTCTCAAATCAACAGGAACTATAGGCGAGTCATGCTATTATTGAAAGGAAACCCTAGTCCCGCGGGGCTGACCCGGCTGCCGAGTAGATATAGGAGGTGCGGCCGACGGTGCGGTTACCTCATTATGTGATGAATAGCTAACTAGTAACTAAGAGTTCTGAGTTTAGCGCTTATTGCGGAGCTTTCTCTTGCGAAGTCTCACTATGTGGGCAGGGTCAGGATCCTAGGTCGTCTACGAAAAAAGCTGCACTGGTTTAGCAGGATCTAGCATCATGGGTGCCATTCACTAATCTGTCTCTCCTACTTTCCTACCTATTCCGGACGTTCGCTGGTCAGTAATATTCAAAAGATATGGAAAAGCCGCAACGTCATGTTTTACGGGGCATTATCTGACCTGTGACACGCTCTCCAAGTAACCAAAGAAATCGCCGGCGGATTGATTTACTTACTGCAAATACTGTATAGCAATTTTCCATGAATCATCAAGAGCACTGGTGGGTGTGGACGTACTACATCCGCGGAAAACTTGTTCACACTCAATATACGTCGACGCCAAACTCCGTTGGAAGACGTGAAAGCACGGTGGCGTCCTCGAAAGACCGATGACGAGTAACACTCTCATTGGTATACAATGCTCGGAGGGGCACGATCGGGGTCATTGCGCCTGGTTTTGCACCCGCGAATTTCGTCAAAGTTGTTTCGTGCATCCTCCACGAACTCCCATCACCAAAGGAGCTGGATTTGACTCTCTACAGAGGTATCCTAAACCACGTGGAAATTTACTTTCTTGTGTATCAAGCCCTGTGCCTCCATGTTTGCTGTCCCTTTTTCAAGGGCGCCGCAGTTTTTCTACGCCAATCTCAGTTGACGCTCCGACCTAACGCAAACCGTGTTGCGGAAAAAGACCTAGTATATGCGTTAGACTCAAGACCTCAAGACTTACAACCGCTAGCGCCTACCACGAATATGGGAGACCGTCAGCGTGCGGGGGTTGCTAGAGCGCACCATTACACTTATTAACTGTATTTGAGCGCTATCATGGGCGCACGGTAACATTAGAGGTGTAACCGACCGGCCAATTCGCGTGAATTGGGGTACTAGTAGAGCTTGCCGTTGAACCTGCCGCGGTGTACGTTTACTACGGGTCTGTTATCATCTCCTGCTATTCCACGGATGCTTATCGTAGGCTGCACGTGCCTCGGCACCGTTGACGAAAAGCAGACAAACATGTGAAGAAGAT,1894,50.0,Mus musculus
SEQ_601694,ATTTACATAAGCGTGTACAAACTGATTCGAGCGCAGTATTATCTGTTCTGCATGCTCTCCAACCGGAGGACAGAGCCCCAAGAGTTTAATGCCTCAAGGCGCGTTAGATTATGATCATCCCAAACACCCGCGTCGATAGGCGTAAGCATCATGGAGCTGCCGCTACGTTAAGCGATTAAGAAGAGGGCCGATTGGGCTGTCTTCTGAGAATCGGGCAAAGGCACCAGCGTGGTCGGCTAGTCAGATCCTTGGTCCGATGTAAATAGCGTCCGCGCTATATAAATAATGCGTCGATAATCTGAAACATGGGTGGCGGGAAACCAGGACCGAGCCGGCACCGTGATCAGCAAAGGGTGCTCTGCATTAGTAAAATTAGCGAACTTCAACGTACTCTTTCTTCTATCTCTAAAGATAAACGTCACTATGAAGCCCAGCGGCGCGGGGCAATGAGTGTCTGATGGCCGGTCCCTGGCGGTTCTGGACCTAATGACACGTACTCTTTTGGCGTAACCATGAAAAATATTAAAGCCGCCGTCGGGTACCAGCCGCGACTTAGCGACAATTCGCTCGAGCTCCTTAGTGGTTCTGGGCCGCAAGCTACGGCTCAAATGCCCCCCTGACTCACTACCAAGACTGTTGGCTCGCTGGTTGCATGCGTATCATGAACAGCAACGGGCTAGTCCGCCGAATTGTGCTTATAAGGATGCACGCGTGTTGAAAGTATGGACTCACATGTTGTCGTTGTATCGGACGAAGCATCGTAATTCAGTGAATTAAGATGATCCTCCCGTGCGCGACCTTGGCCAAAGAGTAAAACAAACATATACTAGGGTGCCTCTCGAGGCTACGTGACTCGTACCCTAAGCTCATTAAGTACTGGCCGAAAGTACTTATGCCAGTTAAACAGTATTTGATGCCTCGTTTCGATCGTACAAGGCTACTGCTGATAAGACGACAATAGTCTAGTCGTTTAAACTCGGTGCGAGACTTCAGGCATGAAGTGCAATTCCCGAGCTTGACTTATAGAAAAAAAAGGGACACGTATAATTCTCAGCATGCTAGCGACAGGTCAGTTCGATGACCGAAGATTGATTGTCAACCCGGACCTAGATAATCTGCCACGCATTCTGCACTTGACGGATGTGGCGTGTATTTGCATCGCTCCGCCTGAATCCCACGTCTGTTCTATCATGGCAGATTTTGTCCGACTAAGTCGACGGACGATCATCTTAATTGTACGACTCCGAGGGGAAGCGTAGCGGTATCATGAAATGCACTCATCATATCTCGAGCTGGGAATACACTGTTCGCAGATAGGCCCAAGATCCCTTGCCAAGCTATACCCCGAGTTCAATGCAACATTTATGCCATGAGCTAGGGTACTCAACTTTGCGTGCCCAGAGGGATCCGCGGTCGAAAGTAGAGTGGTCCAAGGTCTTTCTGCAGTCGAGGTCGGCGTCTATTGGGAAGTATAGTGGTTTAATGAGACCTCTTCTCGATTATCGGCTATGCGACCGGCGGCGAGTGCATGGTAGTGGGCACCACCTATGGTGGTTTGAACATTGCGCGGCGTGACCAGATGGATCTGCTCTAGTGGCCCCACAACCA,1608,50.06,Escherichia coli
SEQ_489660,CAATGCAGCTGCTAGCTTGAGTGCTAATCCCATACGCGTAGTTTTGAAGTACCTGTCGCGTGTGGCACAGCGGAGTAACATAGAACAGCAGGGTGCGTTGTTAGAGCAGCCATATTGTTGTTATCCTCTGTATATGCTGGAGGGTACTGGGTTGTACATTGGAGGCAGTATAACCTGCGTGGACGCACCCCTGTATTCGGCCAAGCGTACGAGGGCCCAACGCCAGTAGCCATCTACTAATATGGCGTCTTGGATAATAGGATCAGCAGTAGGTTCGCTTAAGCCGAACGTGTGACGTCTCATAAGTATGGCTCAGCATTAGTGTACAAGATTAGGTCTTCGTGTTAGTGCCCCAATCAGAGTGGATTTAGAAGGACTAACCTCAACAAATCGTGGGTTACAGGTATCTGACCCGTGAATCGTTACTGCATTGATGCGTCTCCGACCACCTCTTATTGGCGGGGGATAGAGTTGGTCACTCATGCCGGATAATTCGTACAATCCCATAGCAAATGTCGAGTTCGTCTGCACGCGCAAGATGATCTAGGTAAGCTACTAGATGCTCATCAGGGTTGTTGGAGCCTTCTACCTGCTCGGATGCCTACTCTAGCCTCGCGCTGGCATTTACAGTAGGTAAAAGTCTCATCAGGACGCTCTCTTCTAGGTGTCAGAGTCTCGGGACGCACCGCGAGAATCTAGATTCGAACCGATCTGGATACGAGCGTGAGACATGGCTAGCTAAACGTAGAGGGCCGGCGAACGGCCGGTTGTGACTGCATATTTACGTTTCTAAGCTCTAGGGATGAGAGCGCCTCCCGCATCGTCAGGGAAGTTATTGAAAGGCCTGGATA,851,50.41,Mus musculus
SEQ_111487,AATTACACCCGGCGTTCAATGCTGTTCAGTAAGAGGCATCACTAACACTTAAACCACGCCTTTAAAACTAAGTTATGTCCGTCTATAAGGGGTCTTCGGATGTGCAGTACGAACGTGCAATCAACCCAGCGGCATTAATCACGGACTTACGATTATAAACTGCAGGAATGAAACCACGAAGAGTTGCCTTCTGGCGAGCGCAGTCTAGACCATCTCTATGATGTCGGGGGATAGAAATTAAGCTATTACAGTGGGTCAAATTGAGTCTACACGGGCTAATACTCTTTTGTCTTGGTAAGTCGAAGAGGACTAGATCCGAACTTATTACCCTCAGACCCAGTTCGGGGCCGCGCCGGACCTATCCATCCTGTGCGACTGGGAGAGAATGTCCAGGAGACCCGTAGGACATAACTTAGAGAGCTTTTGCCATGCCACTCCATTTAGTTAAAACATCGTAGAAGGCGAACCATACGCTTAATCATACATCACAGCACCCTCTGCCTTGGTTCTAGTGTTTACGATTAGTACCCGGGTATGGCCGACGAAAAAATATATCCAGTGATCGAGCGTGGGCCTCTAGTTGCCGCGTGTGCGAAGTTACGGGGGGACGTAACCGAGGGCATCTTCGCAGGTTCTCCCGCATTAGAGCCCAAGTAAATACTGGATCGCTAATTCGTCCCTAAACGCAATACGAGCATGCACCCGGAAGAGGGGTAATTATGTCCTATTGCTCCCTATTTTCGAGGAAAATGGGTGGGCAGATAGTAGGCCTCAGGCCTGTTCACCGGAAGGAAACAGGGGAACGCCAGTGGTTAAACATATGAGTTATGACTCATATAAAAGGAACGTTTTTTTCTGCGAGCTACGGCCTGGCTGATTTGAGCGTCATATCATGACGTAACCTACAGATACTCGTAACGAGTCTCGTTGTACAACTTAAATCTCGCGAAGTG,953,47.85,Mus musculus
SEQ_176158,CTGTATTTCTAAAATCATCAATTTGTTACAACTACTTTTTAAGGGTTTTCACTCCAGTTTACTAGCGCGGCTATCCTAGTTTTATGAGGGGCGACTTGATACGTCGTGAGTAGAGTCACTCAAGTACGACGCTGTCTCTGAACACTATGTCGACCCGCGCCATCAACGCTTATGGCAAATCAAGTGCTTATGGGACTAATATCTGTGCCGGGTAGGTATTTCCAGCGAGCACTACTTTCCCTAATAGACAGTCCTGTCGAGTGGCACTACGGCGCTCTTTATGTTTATTGAAACCCGCCTGGACTCGCGATCAGGATCGCCTGCGCACCATCCGGCCTCGTGGACTTAGACGTGTACAGTGGGATTGCAGCTCATAACGAAGTTGCGTTTCTTGTAAATTTATGACTTGACAGCCTCCACGCTGTGTTCCGAGAGTAAGACGGAAAGGCACAAACGATGGTTCGATCCGTTGAAGGACCCGTTGCCACTAGTTCTAAAGAGGGATTAGTGCTGCTTAAGCACGGGGGCCAAGAGTAGGAGAGGGGATTTCAAGGGTAGAGTCTGTCCAGGTCCGCGGTGAAGTATGCGAGTGAGGGTCCGACCTACACATTAGCTCGTACAAGACACGGGAAAGAGCCCATCTCTTGCATGCAGGCGTACCTCCCGCGCCTTGCTTGTTTGTCGCCTATTTCTTTGCAAAGCACGTTTTGCGCTGTTTCCTTGAGCCCTTATTCCTGAAACTTACTATCGACTTACCCCCAAGGTTGCACGTTGCTTGTTTACGCAGAATCCCATTGAGCATCCCGCCACCGAGTAACGGCCGATCGGTATGGTTTGTATATTGGACTGGACTACGCATAAGATCTGTAAACGGAGCTAGTGATCCGTGCCTGTGTCACCACCGCTCTCAGTAGACCGTCCACGGAAGGAAGGGTGTCTGGGGGGAGCTTATGGTAACAGTCGATTGCTCACTGAGGCATCAGGGAAGGCCCTACTACTTCTACCTCCAGGTGCAATTCAGTGTGTGGGAGGGAACGCGTCGGATCGCCACGAAAAATTCCTACAGAATTTTTTTACCTTACGGACCGAAAGCGACTTGCGCAACCTCGTTCAAGGACACCCCATGGCTACATTAGCACACGGCCCTGGGGCCGGCTAGC,1160,51.03,Mus musculus
SEQ_746400,CATCCGTGTAAGTCTCCCTTCGACATTCTAGAACCTTCAGCTCGCTTGCGAAGACAGGCGCTGATAAGATGGATCGCCCGGGACGAGAGCTGATGCAGAGGTGTGAATTAGGTTTTCCCCTTCCTAAAATCGGACCGGTACCGGGGCATAGATAAAACATCCTGCATCGTGCATGACTCCATTGTAGAAGGTGATAGAGGATGGGCTCGAATAGCCGGTGAACGCCAGAGATGCATGTCTTTTTAATATTCGCGGGCTTGGCCACGACAGTCTATCACACTAGTTACAAGCCGTCGTTAGTCTAACTAAGGGCTTAATGCCGCAAGGCCTCGGGGTGAGGATTCGTGCACGTCT,354,51.41,Caenorhabditis elegans
SEQ_594106,AACTGATGAAATGTATGGCCACAGGACAGTGACACGAAAGAATAGACTTGAGGCAACTTGATGGCAGTAGGCGAATAAATAAGCTTTGGCTAGGTTAAGTGTCGGGCGGGGGGACCGAGCTATTTAAATTCGCTCCGGAAGCGAGCTTGATCTTCCCTTCATGGTCGGCCGGTAGGAACGGAACTTCCGGGATCCCTCAAAATACATAGATGAATCTCATCGTGCAATCTCACACCCACGGCTCGTAGGTAGTTGTCACCGTGTTCTATCTGATGAAAATGTGAACCTGATTATGTCCATAGAGAATCAACTGTTCAAGCTAGGAGTAGAGGGCACCCAACTAGTTTACTTCGTTCTGAAAAAGGCTTGGTTACGCAACCCCACCAGGCGGTGCGGTCTACCCACGAGGGTGTGGTACACCCCGTTCACAATTATCCACCGCCGACTCATTTCGACCACTAGCATTACACAAAATGCAATGCGCAGGGAATCAACGCGTTTCAGATTGTCAGCTACGGGGGTCTTGTGTATCACTCCAGCAGCACGGTTCTAGAATGCCCCCAGGTGAATCACAAAAGAATCCTTAGAGACCGCTATTCTACGTAGTGTGAGCTTCTCTACAGTCGGTATCAGTCAACCTAAAACGACGTGGGTCTGAGAAGTATCGTAAAACTCGCAACAACCGGAGCCTTCCAGGACAGTCACAGCTTCTTCTTCCCGGAGTCGGACCTTATTGATCTTTCTCGCCGCCTAGAACACTGGAGTCTTTGGATCAGCCGTCCCGTTTTATGACACTCAGCAAGCAGCGTTATAAGGTGTTCCTTGTTAATGATTGATGGCGTAGTAGATGGTCCCGCCTTTTGGCACCGCACTGACTGTTGTGATCGTCAATATCAACGTAGAACCGGCCAATTATTTCTTCCTAGAGGGCTAGTACTGTACGAAGCCACGTAGTACATTTCAATAGCGGTAACTCGTTGATGGGTATATTGAACTGCTGGGAATTCGACGATTACGAGGGGTGGATGGCCGCATCGCTCTCGATTGTGCTTGCCAACTCAATTCTGCTACTTAATCAGGGTTTCTCTGCATCGGCCACGCATCAGATCGAAGTGCAGGTCTCAGAACTGGTAGACACTCTAGAGGGCTCAGACGGGGGCCGAGACAGGAGGAGTCGTAATCGGATACGCGATAAGTGGCTGTGTGTCCCATACATACCTTCTAGAGTGTTTCTTACCAGAATTGAGCCGGGTCAGAACTGAATCCTGATTCTAAAGGCTGATCGTAGTGGAGTCGCTGTAGAGGCCCCTTGGTTCCAGTTGACGCTGGGGTAAAGCACAGTGTGGGAACCGCTCATCTGAAGAATTATGTGATTCGTAGGGCTAAACACTGGCCGCCGCTTCAACCGCAACTTAGCCACGAGCTCAAACCGATTGTCGTGCTCCGGGATTGCGGCTCTCATATAGGCACTAGACTAATCGTAAGACGTAAAGCATCTCTAAGGAGCCATCGTTTTTATCACCCTGAGTGGACCGCAAGTCCAGCCTAATTATGAGCGGGCCTATGGACTCCGGTCCTGCTACGCCATCACGGATTGTAACTGGCTAGAAAGGCGAAGCTTCCCATGAGAAGATAACACGGAACAACGCCATCAGATCGTGTATATGTCCACAGCGGAACCGTATTGTCCATCGTGTAATCTTTTAACACAACCGAGATGTGAACCCATCACGCGATAGCCGCCCCCTTCTCGCCACACAGATTGTGGCAGATTGCTGTACAAAGAGTTGGCGCGTGTTACACCGTCAGTGACCCGCCCGATCCCGCAGAAACATTTGAAGGCGCAATCTTGCTTC,1856,50.05,Arabidopsis thaliana
SEQ_213959,CGTTACTCCAGAGTAAACGCGTCTCCCTAATTGGGCAGAGGAGTTCAACCGATGTACAATCCTTAAGAAATATCGGGTTCTTGTCGAGATGTATAAACGTAGACAATCGTAATACACTCGCTGTCTGACCGCCGGCCTAGCTACGTGCATATGGCTCCTCGCCCAGTGACTTCCGCAAGAACCAAGAACCTGAAGGCGTTGGGATACCATGTCCGTTAATAGCGGACCGGTCCCTAGCGCTGGAAAATCGACCTCGATTATCGGCAGCCGTTTCGAACCTTAGGACGCGTGCTAAATGCACTAGACCCCGCAAATAGTCCCTACGGTGATTAAAAGTCAAGTACTCCTATCAGACGGCTACGTATCCTAATGGAGGACTAATGAAACCAGGTGCGGTATGAACGCGTAATACTTCTATGGTATCCACAAGAGATCCTAGGCAATCGGCAGATTGGTGGACTCCAGGACCCCAATTTGACACTTAGATTATTGGACCCGCCGGCCCGGCCCCTCGGGGAGTCGAGACTGACAATGGGGCATTCCCTAAACTGCGCCCTTATTAGCCCTATTTTCTGTGTGCGCAGTAGTTGAGAGTTCAGCATAATGTGGCCTCTCACAAAGGCACCTTTCCGTCCCATGCACCCACGCGGTCCTGGACATTTGGTCGGACGAGGACCCTTTTCATCTAGCCGGGCTCCGTCTTCGCTCTGTAGTCCGATAGTTTTAACAGATAAAGAGTTGAGTGATCGGCACCAGGCGCGCCCGTCACAACAACGGAGTTCGATAACCCAGGTACTGGTAGAGGCCAAAACGAATGCTCCCCCAAGGACTCAAAAGATTCATCATCCAACACCACGCCCTAAGTGATGGAAGAGGAATTTGTCAGGAGTGAGCTATTTAACAGCTATGGACAGTCCATGCGAAACTCCAGATCGTCTCGCACTTAGGGTTCTGTAGGATCGCGTCAGGGGTTGTTGTCATTAGCGACGTATACACCTTTATACTAGGGTTGGTTAACTTTCTGACATTACATTGACTATCCGGCATTCCAGCCATGAACGGTCAGGCCAGAGCTCTGCGAGATCGTGGAATACAAATATCCCCGGTAGTGCCCTCAGTCCTGGCCTACAGGTATTAGCCCAGAAACCGTCTTAAAGCCCCATTCCCGGTCAGCGGCGCCAGCCATTTTGATGTAGGAATCACAAGCCTATGGGCCTACAACACCTTAACGGAAAACCACATAATGCGACCTTAAGGCACTCAGGCGGGAGGTGTTGGTATCGGTTGGCATGGGTGGCAAGCATTTACTACTCCTGGCACAGATTTATCTATGCGTGGCGTTTCCCGGCTGCTTGGGTTTGGGAGGAACAGCTCACGCCTAAATTCGTTGAAATAGTTCATAACTTCACTTACCCTGGAGCTTATCAGAAGCTACGTGCGCCATTCAACCTAGAACCGCGATCGAACAGCCTATTTAAGGTGTAACTGGGTAGCGCTCATCGCGCTGGCAATTCGGTTCAAACGATGTATGACGAGACTTTATGGATTGTTAGCTCACACGGCAATGCCCTAAGATGAAGGGCGTAGTGTCCGTTCAGGTGCCTACCGGCCACACTCTAAACAGGCATGTAGGTGAGTG,1639,50.82,Caenorhabditis elegans
SEQ_960848,TCAGAACACACAACCCAGAAGGGAGCGGATGAGTACATATACGCTGCACAGATATACCCCCTATACAACAGACCTACCCGTCTATAGCACTTTGGAGTAAAGCCCCTGGAGAGAAACGCGAGGAAGTAAATGTCCATTGCCCTTTTAGCTGTTACGATTTTAGTTTTGTTTAGTTCACCAGCTACCCAAACCACTACTAATCTCCCATATCTCAGGCGGAACTGTCTTCCTTATCCATGCGCCCGTAGGTCTCGTTTGGTACTTGAAGAGATCCGAGGTACACTTCGTCTAATCCCTGTACGACTATGAACCACAGGAGATCATTTCCCTGTCTCGAGATATCTCGTTCGTCAGGTCATAGTGTTATGTTCCAACCCTTAACTGATTAAAGCGGGGGTAGCATCGGGGAAAACAGTGCGAGGGAGCAAGGCGCAGACAAGCCAGAGAATAATTAAACGAACTGCAACAAGCACGACCTCCGGCACGCAGGACCCAATGACAAGCATCAACGTTGAGCCGTGACTGGAGGGTCTATTGTTGTATACTCAGTCGAATCGGCCCCACGTGGTGCAAGGCATCTTTAAGGAGTAAGAGTGACAGTAAAGACGACAACAAAGAACCTCTAACGACACAACTCGGTGATAACTTATAGCCGGGACGCCAGCGCCAGCTGCCGATATGTATTTCCACACGCCCGGGCAGCGAAATCAGTTGTGTAGTGACCGCTGCGGTCCTCCCGAAAGGTAATGCTGCGCCTGAGTGTTGTTTCAGATTTTCAACAGCGTTGATTCTGTTGCGACCTGAGTAACCGGATTCGAAACTAGGCTTGAGTATAACCTCGGCGTCGAGGCTGCGGAAGACCTCCCTAGAACATTAGTGCGGTGTATACAAGCGTAACGAGGATAGCCAGCTGTCGGGTTTTAGACCCAGTTGTCGTTAAGCCTCTGTACTGCCTAGATATTGAGGGTGAGTTATCCTGTATGGTAGATGGCGGAATACCCGAGAATGGAATACAAGTCATGATGACCCTTGGAGGCACTGATCTCAATCGCTTAGCCTACATTGAGCTGTCACTATTACGAGTCCGCGAGGCCATTCCCCAAGCTAGATTTTGTAGAGGTCGAGTGTGCTCCCGTCAC,1139,49.52,Mus musculus
SEQ_802998,TGGTGTGTGACGAGATGTCCAAGCTTAGTCTGAAAACAAGTTCGTGCCTGGGCCACGCCTTACGACATGCTGCCACCACTTCGCCGATTGAGTGGGCGGAGATGCGATATGCAGCTCCTTTGACCCTCTGGCGTCACTGCCTTTATCGGACCCCGTGCGATACTGCGCTATCTGTGCACTTGCGTGACGGCCATTCCAGCGTACTCGTAC,210,56.67,Drosophila melanogaster
SEQ_122282,TCCTTATAAAAGGAGAATACCGTGGCCTGTTGGACGGGTGGTCGTTAGCATCATGCTCGTCCTGATTTGACCCCCGAATAGTGTGTACTCTCCTACGTCTGCTAATGCAACACTATCGA,119,48.74,Homo sapiens
SEQ_669917,TTGTAGCGGCCGAATATGCGTTTACCGTCGTCGCGAAATTCCTTCCACACAACTGAGAGTGGAATACCTCTTAGAAACGCTGAAGATGCTTTTATGGCTCCACGCTGCTTCCCTTAAATATGATAAACGAGTTTGTTATGCATCGGGTTCAGTTCGTTGTAGGTGGGCTATACAGACGGCGGATCAGATCTTGGGTACGTGAGTGCGGGAAATGTATTGGCAACGTCGCAAATGGCTACAGACGGCAAGCTTTGTCGCGATGTATGGGTAGCGAACAACATTTGAGCTATCTCCTGACGACAATTTGAGATCATGTAAAAGGCATTCGGAAATCGGTGTTGAGGGGGAGACTATATGGTTTGCCCTCATCGACCCTTGCTTGTGTGCCATGCGTAAGCTCGCTAAAACATTATGTAATCAGTGGTCATCGTGGTCAAAAGGCCGTACCGGGGTCGATGGAGTTATCCGTTCTGAAGCTCAAAACGTTACTTCGGAGTACCGACTACGGAGATTGGCCGCGATTCAATTCACGCTTGAGCTTATGGGTCATAGCTGTGCTACCGTGTTAGAACGTCGTATTAACTGTACCAATACGGAGCTTCTTGAGTCATACGCGATTCTAATATTGCGACGGCCCCTGCGAAGACATGATGCTAGATGTACTGCTCAAATTAAGACAACGTTTATCCCCGGGTTCCTTGCGCAAAAGATATCCCCAGCATAAGAGCCTTAGCATAGCTCTAATTTTAAGGTAACTCAATTAAGATTATGCGTGGGACCGATTCTACTAGTGGTGGGCTAAAATACCCAACAAGTGCTCGGTACATAGATCAACCGACCACCCGCTAGTGGCGAGCAGTTATTTCCTCAGCCACCTTGTCAGATTAGGATGGACCACTCAGTACTGGTTGGTGCGGTAGTTCATTGAATATCAAACACCCCTAGCGATGGATTTGTTGTTCGGGCCGGATATCTATGTTAATTTTACTGATTTCATAATACTAAGGTGCCACTGATCGGGTGGCTTCGAGAGTAGGGTATTTTGGCTGAATGTGAAGGCCGACCATTCAGTTGGCCCGCACACTGCGTTTAAAGATAGAGACGTACAATGAGCCAGCTTAGAACGCTAATTTATCTCATAGATCCACCCGCAACCGATACAATGATGCGCACGCGCTTCCCACCTCTGCCACACAGTGTGACAACCCTTGACTGCCGGCCGCAGCGACTTGTCTGGACTGGAGCAGTGCTCCCGAGTATACACGGTATCCTTCTCGGCATAGTAGCCTGTTGCCATGTGTAAGAGATCAAAAACCTGATTGTACCCCGTTAGAGGGCTGACTCATGTCCCGCGGCGCCACCAAGTAACTCTACTGGTCAGCCTTACATCTGT,1393,48.24,Homo sapiens
SEQ_643967,CCGGAACTAAACTGTTTACTAGGGATGTGTTTATGCACAACTAACTTGCCCAGGAGCGCTTTCCCGGTCTCAGACGGCGATGTCATAACGTTTGTACCACTATCCCTTAGGTTATCCCGGGCTAGCAGACAGGTAGGGTTTAGGTTAGAAACGTAGTTTACGCCGGCGGGTGTCTGTGGGCGACAACCTAGAAGGCGGGTGATGAGCTGGCTAGACTGCGGAAAGGCGCATCCCTCACACGTGCAGACGTTACGTATGACAGAACCACACACACGGTACGTATTGGGCGGCGCTATCTCATTGTGTAATCGGGCGACCTACCACCGCGACGTTTATTGCAGTGGCCCTAGCAAAATTTCACGGAAGCATCCACGTACGTCCCGCAATCATATTAATTAAACCCAGGGCCGATCCAAATCTTTTAGGAATGATTCTAAAGTAATCGTTTCCAGATGTTGCAGCAGTTCACCGTTTGGGTTCCACCGCGGACCAGGTAAAACACTTCGAGGCCCGTGAACACGATGCCTCACGCATCTTGGCAAGCTCTAGGGATATAGATACGCCGCGTTAGGAGCGCTAGGACTCAGAACCTTTAGCGACTAGAAATTGTAGCCGAAAACTTTGGTACGGGGTTTCACAGGGCCATAGCTAGACCTGCGGCCCCTCCCCGCTGCAGGTAATTGGCGATAACCCCAGCGCCGTCTTCTAAACTCCATTACAGACAGGCTTTGGTCATAGCGCTACTAGACCGCTCCCAAGGGTGGACAGAACGCTTTACTACGGCCGAGGTGATAGCAGTTCGTGGTACGCGGCCTCTGGGCCCATGGGCACTGTTTCGTACCGGATGCGACATGCTAACAATTGATCCGACGAGCGTGCGCGATTCTTAACTGCATGGTGGGTAGAGGGAGTAAACCGGAATTTGGGATATATGTGCCGGAGCGGTTTAAGCCATTCCTGCATTAAGCCGTACCCAGAACTATCACCATTCCCATTAGAGAGTTGTGCCATACAATAGATTCGTGACCTCACACATCCAAGAGGATTCGTGATGGGCGTTCGCTGGGTACCTGTCCCGTTGGAGTGCCGATTTGCGCCCTGAGTTAACATTGTGACGCTTATAAGTCGATTAGTCCACTTCATTCCTAGCATTGACTTCGAGCTATCATAGACCCCCAATCGACTCAATTCTGTAGGAGACTTGCTTTTCGCGCCCAGCGAGCGGCCACTGGTTCCAGCCCGGACACCCCTATCTGGTGTCGGATTGAGCAGACCGCGGAATGCTCGGTCGGCAGAATTTGACAGAAATGGGTAATCGTTCGTGCAGGGCACACAGGCTCCTACTTCAAAGGAACACGAAGCCATCGGGGTCTGCCCACAGTTTAACAGTGTACAACTTCTGCTACATCTACAGCTTAACAGTCGGTCGCTTGACCAGTGTTATCAGTTCCAATCTGATGGTCTCTGTCCTTCCGCGGATTGGGTGTACTTCACTTGTACCCGCTCTCTAACGAATAAGCAAATGCGGTTAGTTTGTCTAGTGCACCACGCAGTGCTTGTCGATACTCCCCCCTTACTCTGCGTCCCCATGCTGGTAGTCGCGCTGACGCGATAAAACGGGCAAAGCTTGTGAATCGGTGTTCACAGAATTAGCTCTGCGGAGTCGCCCCAGGTCTACACCGACGACCGGACCTAATGACCTACACTTACCCATCATGAGTACGTACCAACGTGATCGACGTACGCACCGCACGTTTACTGGCTTGAATGCCGCGGCGAACGGCGCACCGCGAACGTGTTAGTTAGCACCCGGTATTTTACTACCGAGATGATCTAGTCTGCCACGAATGGTTAGGAAATGAACCTCAGATGAGGCCTATGATTCAGTCGTGGTTAAGCGAGAGAACCTTAAGTCTTTCGGACGGCAGCTACAATTGCAACCCTACAGGACATGCGACACCTGTTAGTGAACAGAGAGCAAAGTTACTATTGCGGG,1996,52.05,Homo sapiens
SEQ_659101,AGGACCAGTATTCCCTCTGGGTATGAAAAGAATCAACACGCGTCTAGTACATATTCGCGCTTTTTCTGAAATAAGCGCACAGAATTGCGTGATAGACGCCGTCGACATCAGGACAGCGGGTCTCTAACTTTACCGGGGTACCCGGTGGCTTACCTATCGAGATTATCCCCCATACCTAGGACACTCGCGTACACTCCGGTGATCGCGATCGTCTGCACGGTCACTTTACGGGAGCAGCGATACCGGGCACGAAGCCCGCCTGTTGGTTACTTGCGAGCCGGGATGCGCCTGCAAACTCGAGCAGGCGCTTTGGCTTGATCGATGTAAAAGTTAGAGGAATTACCCACGAATTTTTCAGGGATGAGCTGTTGAGCTCTTAGTCGCCCAGATCTAATGCCTAGACGAGGGTAAGGCCTTAAGAAGCGTCTCGAGGCCTCTGGCTGAGCAGCATTTACACCCGCTCCGAACGATCTCGTCTTTCCATTCTTCCCAACACCAGACCTTGGGCGTGACTCTTTTGACTCTTTACCGCCCGCTATGAGAGTACCAACAAATTACCACCGTGTTAAATATAAGCATCGCAGTATGCGCATTTGAGTTGTTTCAGTTACGGATGGGTCGTATCGGTAAAGTATGATGCAAGTTATTTGGACCATAGAGTCCAAGGCCGGTGGATGACCCCGCCCTTTACCAACCATGATATAGAAAGACATTGCTTTCGATGACCTACACGGCAAGTGGTAGTCAAGACCGATAACTGGTGGCTCTCAAAGGCCAAAGCTCTTCCGACTTGCGCTCTGCCGTCAGATCACCCTGAACTCATCGAGGGGTAAAAGAGGGTCACCTCCGAAGCCTGTGGCAATCGACCACACCGACTCCCAGGAGGTCAACGACGCAGCCTAGCATCACCTGCACCCAGCATTCCCGAGCCTATGGGATGCTGACACCCCTCAGCCGCACCTCTCAGTCACTCTCCAGAATAGAGTAGTAGCCCAAGCGCAGTTGCTGAAAGTTGAAGTATTCGTGATGAGTCCGCGTAAACAACGCGAGTTGGGATTGGCGCACGCTCATTAATCCATTAGACAAAATGAACACTAATGTTTAAGGGGCTGTGCATCAGTAGGAACCCAATCCCAGTAATTTGGCATGTGTGCGCCCCTGGTCACGGACTGAATGGTAGTCTAAATTTACGGTGAACGTAAGGCTGCGCTTACGTTTATTCGGTGCGGTTGCAATTTCCCGGTCGGGCCCACGATATGCTGGTGCCTTCTGACATTCTGTGTACCCCTACGAATTACGAAGCAAAGTGAATCTTGTGTGGCGGGACGCCAGCCGGGGTCAGCAATTCGCCACTGTGTACAGTACCGAAAATCAATTCGCCCCCTAACTTAATGCGCGGAAAGCTCCTACAATATCCGGGAGTAGCCCAAGACTAAAGGTTTCTATACGGACTTACCGCAGCGTCCGAGCCATTTACATTTGATTCTGCAGTTTATTGAGGACCGAGTCTAAACGTGTCGGGGGTAACGACTGGCTCCGGCATGATATTCAGTTCGGGTGATGGTGCTTAGTTGAAGAATTCCCGCATTTCGGTACCGCGGAAAATC,1607,51.34,Saccharomyces cerevisiae
SEQ_630578,ACTGCAACATATTTGATTGAAGACGTATTTTACGGTGCGTCAGCTCACCCCTTGATATACATGTAGCCTAATATTTAAGTGCACTGGTAATGTCGTCCAGGGGCCGCTAACCGGTGACAAGGGTTCTCAGCACACGGTACAGCGTGAATAAAGTGTCTAAATGCCCGGGCTCAGGGAGGACTACCCTCTTCTTGGGACTGCAGTACGGAGTACGTCCATCTCATGACACGCTTTGTCACCTGTGTAGAAGGTGCCGTACAAATAACCCGTTAGCAATCAATGCCCCCTGAGGGCGGTACGTATGTTATGGACATATATTCACGTGCCTACTCAAAGACAAGAGCGCTAGAGAGATGCGATGAAGTCTACTAAGCACTCACGCCATGCTAGTAAGTGCATTAGTAAAAGATGGAGCTGCAAAATACAACCATAAATGCGCGTCCTGGTTCAACTAGCGAACTTCAACCTCTTTGATCCATGAAGGCTATCGGTTAAGATCCGCAAAGACGATATCTTAACTAGGGAGCACTCAATAGACAGAGTATTAGCGCTAAACAGAAGACGAATCTCATAATGTAGACCCACTGGACGGGGGTCGGCAAGCTAGCTATATGTACGACTTGTCGTCATATAACTTAAGGCGGGTTCCCCTACAAGCACACGGGTTGGCCCTGAACAGCCTATATACCATAGAGTCCCCTAAGGATTGGTAAGACGAACTCGACCATACACTGGATCTTTCCACGCAGTTAGTGCTGGCCGCGATGCAACGTCATATCAAATACGCGAGCATCCCCGGTGTATTTTATTGAGAAATCGGCTGACAGAAACGTACTCCACATGGTTACGTCCGGTAATTTGTTCTGTAAGGTTCTACCCGGCTCGGTACCTCGACAACCCTATCGGTGCTGTGCTTTGGATTTCACTGAGGACGCAAGTTGCGCACTTTTCGCGTGCCGGGGTTATTCTGTACGCCGATGCTACCAAGGCAGATTTTGTAACGATAGG,1008,48.21,Arabidopsis thaliana
SEQ_823466,GTACCCACTCGCCCGTTTATCCCAGAGTCACAGTTTTGAATGCGCTGGCTGACATGGTGCTATGGGACTGTTTTCTCCGATGACAATCTTGGGAAGATATTTACCATTGGAGCTGGATGGGTGCAAAGCCGTATAGCTCAGGGGGATATAGTCACCCGTTCGCTATTACAATCTCCGCGTGCCCATAGGTGGCGAAAGTGATACGCTTGCTCCGGTCGTCAGGCTTTCCGGGCACAATTAGTTCTGCCCTCGATACCTCGAAATAATGGAGAGCGATGCTCGGACATAAGGGCCGCATGCATGCGCTAAATACCCGCTTGGCACCCATAAATCCTGCTTTCGCTTATCTACATCTCTGAGTTGATAGGTCAAATACACTAGTCTAGGAACAGTCAGGTTGGAATGAGAGCCTCCTCAGTGGGCTGCCATTGAAGCGACTCCTATGAGAGCTGGGCTGAATGGGAGCCGCAAGTG,474,51.48,Mus musculus
SEQ_277745,GCGGCCGCAGGCGACCGCCCAAACTGAATAGTTGGATATCTACTCCTACCTCTAAGCCGGATTCCGTACTCCCCGCAGGCACCACGATAAAGCTTAACTGACGTATTCCGACGCTGTTGCCGGTGAGATGCCCACGGAGCGGATGCACGAATCATATTAACATGGCCTAGTAGCAGTAGATTCCGCGCATAGTGCAAAGCTTTATCAATCATTTGGGGAGCCTGACGGCTCGAATATTTATCTATCACCTGACGCGGTTAGCCTATATCGAAAACACAAGTGATCGTTATCTCTCTGCGTGCCTCCTAGTTGATACAGGGAAGTCACTCAGATCTATGTAATGACATCTGTAACATAAACTCTGTACAATACCACGCACACGTTATGGATATTAGTATTGTGCGACTGTGACCAAGTTTCCAAAAGGTTAGGATAGGCCACAATCCACGGCCTGATTACCTCCGAATCTCGACTCCTCGAGGAAATCTTCGCTCCTGGGGGACGGGATTACCAACGTCACAGTAACTTACTATCCTTAGGTTCGGGGTCGCCGTGATCAATCAGCGGGACTGAAGTTCCATAAGCGGTTCAATTTACAGGGTAATTCCCACAAGATCCTGGCTTAGGGCAGCCGGTCCTATTCGCCTGCCCAGGATAGCACCCGCAGGAGGTTCGCCTTCTCCATTGGAGCTAACCAGCAAGCT,704,50.14,Homo sapiens
SEQ_998862,TTTGGTGTGTAATGGGCACTGTCTGAAACTGTGGTACATCTAAATGCACATCTTTGGGGCGGCGATACTGTGCGTCAGATAAAGGTCCCCTATTCCCCAATCATCCACAGAAGACTCACGTGGTGTATTGTGATTTCAATCCCCTTGGTCTGCGCCGTTTAAGATCGAATGTCCAGTGACATTGTTGACCGCAAAGAAGCTCCGGAGTTTAAGCCCGCGGGGATTTAAGTAGCTTTACGTTTCAACGCAGTCGCAGAGCTGACCGTACTGCTCAAGACCTATAGTTGGATACACAGATGCAAAGCGAAACCTACACGCATGTGCTATAAAGGTTTAGAAGTGAAACGAGATCGGCCACTGTCTCATCGATAACAATAATCTACCGAGTCGCCACCAAACCTGAGATTTTATAATTAGTGTCGGAAGATACCTGGAGTGCTGTAGACAGAACCAGTCTCACGTTGAAGATAGGTCTACCTTATCTCGTTTGAAGCGTGAGAATTTACACTGGCAATGACCCGTGACGGATCACAAGGGTGGCGAACCACCGAACTCTTTGATAGGGGGATAGGTAATTGCGATATCGCCCACTCGAGAACGGGCCGCCTACCTTAAGGTTAAAATTTGTAGGCCTCCTGTGTACACCGGGCCATCGTTTCGATATCTGAGATCCAGCGCTTGGTGGCCGGGCTTTAAGTACGCACTTGTTCAAGCGATTCTTGTACAGGAGCGAAGATCGTGGACCAAGGTCGACACAGGTATTTCATGGACGGGAGAGCTTAGACAACACACCCGCCCCATGATCATTCTCGTAATTAGGGAACAGACGTGGGTGTGGATCCCCGAATGGGAGAGTCCAACCGGCCTGTCACCCTGCAGACACCTTACAAATGTACACCCAGCGCTTCGTACGGCTGTGTGATGCCGGTTCGCCCCGGCAACCCATGGATAGTTTTTAGGTGCTCTGCGGTCGCTCATGACTGAGAGGGTTTTTGATCTCAAGCGAATACTGTGCTGCGTGCGGGATATTATCAGGAGGGCACGTTTGTTGCGCTTCGCGCAGGGGGTTCAATTTAGGAATTGCAAATCAACAGAAGTTAGGAATCCCGCAGATTCCCCCGATAGGCGTGGAATTACCAGGGCACCTACAAAAAACTCTGCGGATAACATGATAAAAGTACTATGGTAGGTATTGGCGAACCTGTCTGAAGTCACACAATGTGTCCTGCAAACAATAACTAATATCTTAAGCGTGTGAGCAGTCGTGCTTCTTGCGCAACCTATGGTGTGAGCAGAGCCGCTGTTACTATTCATCGGCTCATCCGCCGGGGGTAAGATCCGGGCTCGTATAGTCGAACTAAGGCCTTGGAGGGCACAGCCCTTCATGGTGGAGTGAACAGGAAAACCCTAAAACTTCTGCACCGGGCGTATGGCGAGTAACTCATAT,1447,49.76,Arabidopsis thaliana
SEQ_214780,AAGTGGCGCGCCAAAGCGGGGCCTACACCAGACCCAGGCGACCTAACTGTAAGACTTTGGTCAATTGTTGGACACCGGGCTTTCTAGTTATCGGGGCTGGATTACTCCCCGCGCCAGTACTCACATGTGAATAGGTAGGCTCAATTGAGAATGAGACTAGCACAGGGCATTGAGTCACGGTGCACTGGAAAATTGCAGCCAGAGACCTCACCAGAGACAAGCTTTCCTCACTATTGAGTCAACCAAGCATAAAACTGCCCAGGCGGTACCAGTTAGGTCCGAGGTGCTGGTGGTAGCGGCCCGGGACCATAGGCTAATGTCCCTAACCGGAGTTGGGCCTTGCGGGGGCTTGCTGCCCAGGCTTCCCACCACGGATGCGGTTAATTGCCCTGCAACCGGACCGGCGATTCCAATTTCCGTTAGGCTTGGTGAGAAGTTAGAGAATAGCGCCAATAGCATATGCCGCGTCGTGTGCCTCTTACCATGCCCGGACTCTGACGAGTACGGTAAGTCGTCACCACAGTGCGATACATCTGTAGGGGATTATTGGGGCATCTGGGAATGTGGAATCGGCAGAGATTATGCAACTAGCATCAAAAGATCCTCCACATTTGTAATACCCGGCTTGTTTCTTTGCGTAAGTCGCGTCAACTTAGTATTTAAGATCGGCCCCCATCGGATAGACATCGTACCGGATAACTTCTGAGAAGGCGGTTAAAGAGCCGGTAAAGATCATGCCTTATTTCCGAGTGCTCGGCAAGGATCTTAGAAAGTATAGTGTGCGCAGGAAGCTCGCGCGTCACATTGTCAAATTTTCCCACGCTTGGGACCTTTTGAGACGTAGTCTATGACCCGACCGGGGGACAAACTCTTAGAAGAAATAATCTCATCATACTAAATTTCGAAAAGTATATCCCCTTGGGGACTACATACTTTTCAGGGTGCTGGCTATATAAACACGACGTAAGAGAGACCGTTCAAGCTGTGCACCATTACTCTTAAATTTTGCTGCCCACCAACCGTGCTCGCTCTTCGACACGAAAGGAATTAGAGATAAAGTAACTAGGAGTGGTTCGTCGAGTACTGTGCCTCTGTGGTCTGACACGGCTGGCCGCCAGCATAAGTCAAAGTCAGTACGGCGGCGCGATTTAGTATTCGAACCACCCCGCAAAAAGACCGCAACAATCAGGCTGATACGTGAGGTAAGCTCGTTCAAGAAATGCTCTGCATGGTTGAGGAGCTCAGGCTGATGGACAAAATGAGCATTGCTTCTTCAGGACCTATAGCTGAACTAAAACAGTCCGCCAGTGTACAGATAAGAACTGGTTCAGCTGCCCTCCCGTGTTATTTCTCACCGCGGTTTCAACTGCTGATCAGCTCTTAGTGAAAGGACCTACACTAGCTGCGATGACACACCGAGGCGTGGTGTGCGTTCCAATACCACCCTCAGGCGGAACCGTAGTTCTACTTTAGAGGCTATACTTGCCAGGTCCGGGCATTTACTACGGGGAGACTAATAAGGCTGAATAGATAATGTATCGTGACCGATATATAGCCCTTCCCGATGTATCAATAACGCGTGCCTGCTCGTCCAACCGGATGCCTGACTCGAGTGCGATGTGTATGAGCAATCGGTTGCGGAAGT,1645,50.58,Drosophila melanogaster
SEQ_779209,AATCAGCCCCGTAGGTTACAACGACAGCTGTCCAGAGCCGCGTCTTCTTGTCTGATTCACGCATCCTCAGTTAAACCTCCACGTCACCACTCATATCAGGGTAACCAACCGAGGCCTTTAGTGTAGAAGCGCCGTGCTAATCGCACTTTACCGGTTACCTTGTGTACAGCGCAAGCCACCTGTGAATCCCTAGGAAAACGAAGTTTTATCTAGCATTAGTGATAATATTTAACTTATCCCCAGGGCGGACCCTCCCTTCAACTTACGGCTAATATGTAGTGAACTGATACGAGATGTTGGTATATATCCTTAGCCCCTGTCGTATTCAAGGATGAGAACCCCTCTGTCGAAGCGCCCCGTTGTTTTGAACGGAGTGAGTTCTCGGATGAAACTGGCCGAAGTTACTATCTGACCTAGCTGACGCGTGAAGGGGCGCAAAACGTAATAAGAGTGTGGGGCGGCTCGGGGAGCTGTCCTACTTGAACGCGCAACGTATCGTGTGTCCCATGCCGAGAATTGCTAAGTGGTGTATTCCCACATGCCGTAACGATACTGCGATATACCCTCACCTGGAGCGGCAGGAAACTGGTCTGGCTCATCCTGACCTGTGCCCACATCCAATCAACTAGATCTGAGATGCATTGTTATGGTCCCCGCAGCTTCACACCAGTTTCAACCACACCTATAACTTTGCTATGCAGATCATGTCTTGGGTGACGTCTCCGTTATGCGCATTAAAGCCCACGTGCTGGTAGTCCTGAGCGTTTTAATTTTGCCGCGCAGACGTTAACTTGGACAATGAACAACGCGGAAAAGAGATTTTTGGCAGACTTTCCTATCCACTGGACGAGTCTGTTGTGCCGTGTTCTTTGTAGCACGGCCGAATCTCTTAGACATGCAATCGAGGCTCTCGTGGATTTACGTCATCATGTAGCACCCATACTTGCACTTTTAACAACAGTAAAATTGAAGGTCATCGCATTAGGTTGTGATACGCCCTATCTATCTATGTACGTCCAGTCTCGCAGAACCATAAGCGAGGAACGCTATCCTCTAGGAGACCGCCCCCGGCCACCCAGTTGCATATAATATGATCTCGGATGAACGAGCTTCTCAAAATCGCGGCCGGAAACTATTTAAGATTCCAAGGCGTTGTACATGAAAGAATGCCATATTACCATCCAAGTTTACTAGAGCTCTTCCGCAAAATATACGAGTCCTCCCCGTCGATAGTGTCCGGCCCGTATGCGTTCCCCGGCGAACAGCTTGGTACTTCGATAACAGTTCAGCCTTCTCCCGGCTGACGCAACGCAACATGAGCTCGATTGATTGGATGAAATACGCACTTCTCTAGGTCGCGCTTGTGTTGCGCCGGCCAGTATGGAGAATCGGGACGCGCGTATGTGCCCCCTTGAGTGAAAAACCCTCTCCTAGGCAAGCGTGGAACGTTTCTGCCCCCGTGAGGACGGATAGCCGCGTTTGCC,1484,50.2,Caenorhabditis elegans
SEQ_350664,ATTCCAGCTATCCTAGCTTAACCAAGTTGATCTGTTACCGCGGACCGTCCTCTGCTCCAATCTCTTGTTTGGCTCGACCGGCCTGGGTGAACTCAGAATCTGTTTCCCAACTAGCCAGGTCATAGTTGCGCTTTAAACAGTAACGTGGGTCACAGTAATCGCTTGCGGACCCAGGAGGATCTTGCTCGCCATGCGCTATTAGGTTTCTCTGTGTAGGAACTTGAATCTAGGTAAGCCTGGGCGACGCGGGATAGCGTCTCTCGGGAAATCATCCCCCCATTCGTTTGAGCTGATTACGTAGGGAAGATTGCATCCGCACCTGGTTCCTCCGAAGTTGTGGTATGGGCTTTACCACAGACAGATCCTAGTCCGGAGCTTGAGTTGCCTTCGGGACCACGACGGCTCTCATAGTCAATCATGAGCTAGATGTAGCACCAGACTGAACTTGCGAACTCATCCATCGAAAGAGGCCGCATCAGATTCCTTCAGAACCCTACGTGGGTTCGCCCGGGATTCTCAACCTAGTAACTCATAGCGGTAATGCAACACCAACTCTTCCACTCAGATCGAAGGGGAGTTACGGCGATGGTAATGACCTAGGCCGGCTCTCCCGTCGGCACTACTCTTTCAACCGGGAAAAACTCGCACTCCCTCCTTGTCACCGTAGCCTAACCGGGTTTAATGCATATGCGCGAATTTGTACTTGTGTGACGAGGCTAGTTGCTGGAAAACCACTATCGTACCCCTAACCGAAACCCACTCCACCGGCCGAGTCTCCCGGTCTAAAGAGCACTGTTGGCATTACCTGTTGTTCCTATATGCTATTAGTTCCGGCTTGAAACGGAGAAGAGGCCGGCGGACGTCGTCCCTTCTTGCTCCGTGTGCCTCGTAAAACGGGGTACCGCCGCGAAGATCGCGTGTGGTGTCGGGTCCCCATTCCTTCACACTGACAGAATATGACCGCGTCCGTGTTAATGAAATCGGATTTTGTCACGTCCTATCTGTCAGGTTCTTATACCCGCACGGTCCGACCGGACCCATAATGCCTTGCCATAATGAGTGAACTTGGTTGTATGGCTGCAAGGTGGTCACCAGTGGTAATAAAAATGAGGTATGAAGCAACCGATAAGAAATTGATTCCAGCAATCGAAGCGGAGGTCGTACGCACACGAAACTACGCACGGTGTACGCCGTGTTCCACACCGGGCGCATAGAAGGATAAAACAGAGGTTAGTCCCAAATGTGTTTTTCAGCGTTAACGCACCAGCCTCGCGAGCGTGAGAGTGGACATAACGTCTACTTGGGTAGGCCTACAAATACGCAAAGCACTCAACCCTCTAATGGACTGCATGCGTTAAGATTAAGTTACACTCGAAGCCAGTCCCTTAGCCCAGGAGAATGTACTTGAGCCTCTCAGAACGGCACTCCCATCAGTATGAGGTGCATCGAACCTACCCTGCGTATTTGGATGAGTCCGTTCGGACGATATACCGGGACAGTTTGACGTAGTTCCCCTTGCCGTGGAGAGTCCGGGAATGAACGGAAATCTTCCCCAGATTGGTCAGATACTCAGTGTAATCGGCGGGGTTCTAGTCGATTCTATAGCCTGAACCCTAAGCTTGGGACATAGAGGTACCAATTCTCTGTCCCTCGACATCCGGCCTGTACAACAGGGGTTCTGTAGCTGCAGAGGTCGTCTGAACAGTATCCGGTATTAAGCGACCATGGAGGTATGACATGCTACCCGGCCCAAGAAGCTCTGAAGACCGTATCCTGTGCTCCAAATAGCAGTCGCGTGGTCCTAGTTCATGTTCAGCCGAGATATCACAGTTAAGTGCCCATGGCTCAATCTCTCAATTATATATGTGTTTCGCATCTTCTTGCTCCATTGGGATCCTTAAGAACAGTGTGGGACTTGTGCGAGGAGTTGCTGATGGCAACCTTTTACAGTC,1952,51.28,Mus musculus
SEQ_143881,TTTAGGGGTATTTGACTAGGATGCACTACACGCTGTGAGCAATATTGTCGAAGCCGCCTCGATCCAGGATTCCCAATCTTTGCGTTCGGATTTTATAATAAGAATTGTGAAAAACCATCGGCCTTAAGGACAGCGAGCATTATTCTCGGTCGATCAGACGGTTCGAGATTCGCCTTCGCGCGGCTTTACCTAAAGGAAAGACCTGCCCAACGCACGGATTGCGCCGGTTTGTAACGAACCCATGGAGATAAACCCCGTATAACCGCCACCTCAGAAATCGTTATACTACGGGTGCTGAGCCGTACGTTTTATCCTGGCCGCTTGAACCTTTA,332,48.8,Caenorhabditis elegans
SEQ_903355,CCGAACATGCTTCGTTGTCACTGTCTTACGACAAGTATCGAGCTTGATCTAGACAGACATCGGCCGTTGTGTCAAAGTCCCCGACCCAACCGGCAGCCTGGTTGCAATCCACGTCGCCGTTATATTTCGGCGGGGGGCTATGTTCATCTGTTGCGCTCATTACTAATATGGTGCAGACGGCGTACTCTCCTTTCTATAAGGAATTATATTGAGCGATCACAGTGATAATCCTGGAGACGATGCATCTGAGATCCCGGGACAAATATAGACACAACTGCAGTCCCCCAGCAGCGACGATGTAATGCCTCTGGAAGTACCAACCGTCGCCTAGTTTAGTCCGGCTTAATAACGAGGGGGGTCTCGGATCTCGTAGACTGGTAAGATAACTGGAAGACTGTTCCATGGAGATCTGCTGGACCTTTGAGAGGGGGTACCTGTATGAGGGTT,447,50.56,Escherichia coli
SEQ_834991,AGGGCGTATACAAAAATCTCGATCTTAGGCGGATTGTCTTTTGCGATTGGGTTCCGGAACAGTTAAGGTCCCTTGGGTCTACCTGCACTCGGGCTTTACGAAACGTACATAGAATCAGTCCTCGGCTCGAAGCGAGAAACTCGTTCAGTGCGTATCCACGGAGACCCTTTATTTTCCCAACTACGGTCGGCATACTGTATCAGATCCTGTGTGCCCATATGGACCCGAATGTACTTACATGCTACTCTTACTATCGATGTATGGTTCGTGCCTGTAAAATTCAACAATTTCGCACGGGAGTAGAGGGTCGTAAGGGTTCCCTACCCGCAAGTGTCCTGCTAGTACCTCAATCAACTTTTAGTCCCTATTATTAAAGGTACTAGATACCCTCTATTAGCAATCACTACGACCCGTCCTTTAGCGAATCCAGCGGGGCGAAACGATGCTTGCCTTTGTCACACAACACGCGCCGGGAATCCCGTAATTAGGGTCGATGATGTTAGTCACGCGAGATGTATGATGCTGGAGACGAAGCCGCTTCCACGGAGAAATGAGCAAACTATTACTAAGCTACGCACTCCGTTCGACCAGTAGGCCGTTCCGTAGCTACCAAGTAACACTGCCCACTAATGCTGCCTAAATGCTTCAGCCCTTGTTTATTCAGTCCCCGCTTGTTGAATGAGTCCCTTTGTCTGACCTCGGGTTTACGCAATACTTCCCAGCTCGACTGTCCGATTGACTAATGTTACATTGAAAACAGAGTGACGCTCTGATATCGCTACGAAGATTATCATGGGACTCACGACAGGCCCCACCCAAGCTAACGTGCGATTGTATCAAACCCGCACCGATAAACCTACCTCAAGATTTCCATGTTAGTGAGTAGAATCCCTACCACCGATAGAATTAACGCCAGCTTTCTGGCCATAGCTGGATTCTTATGGTATCGTGGACTTCTAGTGACCCTGGTTGGTGACTTTTCCAACGCGTCGGTTTAGCTCAGTAGGCTCATGATTTGGTCCACCCCCGCGTGTCCTAGGGGATTCTTCTTAGATAATTCAATGCTTGTATCAGAATTGGGTCATCCTAGCAATTAAAGCTTTAGATGTACGTCATTATCGCCTTGTATCAAAAATTTGAGGGTGAGGGGTGCAGATATTAATTTTACCGATCGTATGGACAAGGAAATGTCTCCCTAGCGAGAGTTCTTTAACGATAGAGATCGTCTACTTCGGGACCCTCGCAACAGAAAAGGCACGTTAGAATCGGAAGGTACAGCTAGCAATGAGTTACCCGCTTAACTCTAGCCCAGCTCGTTGAAAATTAAAGCGACGCGAGGACCAAGACCCCA,1351,47.52,Saccharomyces cerevisiae
SEQ_142957,GAAGGATCTCGCTCACAAGCGGAGTAGTGCGTGCCACGAGTTCGACCTCTGTGATATAGATCTGTATGAGACTCGCCCCTAGCTCATAATTTGGGACTGAGGTGCCTTAGTTTAGATGGCCAGTGCTGTCTTCCTTTTGGGTAGCGGCACAGGGTGGAGTTAGTTGGCCCCGTATTGCGATCATATGGGCGTCGGGAGCTAATACGTACTTGCTCTACCTGTAATAACCGGTACTAGGTGTACGAATCGCGTAGTTCAGGCCATGCAGATAGATGAACCGGCCTCGTTCTAGAGTAAGAATTGGGCTACACTGACCTCTTTTTCCCAGCACTTAATCTACTGACCCAGTGTGGCTCAATCTTGACCCAGCCCTGAATACCGGCGAAGGAACTGGCTTAGAGGCACCACATGCAGGTGGTGGCCTCATGAGGGTTAGATCAGTTCAGTATAGGACGTATCGGCAGGTAACTGTTAATAGGATTCCGCGCCTGCTTGGGATAAGCTAGGCTTGTATAACGTCGCGCATTAAAGGATCGGCCCCGTGGCACCATATCTTACCGAGTTGTTCGAGCTTCTTTTTGTAGGAGTAGATAAAGGAAGTCTGCCATCGTTATCCCATTTCGAAAGCTTAACGTTACTAGTCCGGCGTCCCGTCTCCGTCGTTGAAGTATATAGCCCCTGTAGATATTCCGAATCTAATCAATGCGTCGAGAGTGGATGGTCGGCTGTAAAATCATGTGGTAACACGCTCTGAGTCGCCAGCGATAGCAGCGCTTCCTGAGGTTCTACCACCGGCAAGCCGATTGTAACCGGCGGCATTACGCTGGTCCAAACATGCCGACAGCTGGGGTAACTCCTGCCGTTGCCATGTAACTCCAACCCGCGGGTCGGGGGCTGAAACGCAATGCATCCTCGACATGCAAACTCACGATTTAAATACTCTACGTCGTTAGACGAATACGCCTGGTTAGTGACTTGGTCGCATCGCGATCCTACTCGTAAATCCGTACGACTGGGTGTCCGATGCCGCACATGCTCACGCTTCATCTGAAGGACTCCCGGATTAGTCAGCGAATGGAGCCAATATTTTAAAAATGATTTGGCGTTCCCGTGGCAGCTTGCTCCGCTCTCCCGTTCCGGCACCGTACCGCGAGTTAGTTCTAAAGGAACCCTTATGGACCGGCAGAGACTTTCGCCCGCCTAGTGGGATGTCTATGGTAGATGAAATGAGTGACCATTTATATTAAAAGTGTGGACTCAGATAAATTGTTGTGAGCTTAATCCCGACGCTATCCTGGTTAATGCACACATCGTCCAACCCTATGCTATTAGAGCCGCGAGGATAAGTGGGGCTTTTAAGAATCGACCGTAAGAGGCGTGTTACAATGTCTGTTATATTCACGTTTGACTAGTGCCCGTCCAGATTTCCCTCTCATCTCTGGGTGCGGACGTCGTGAGATAAGAACAGCTTCTCTGACCCTCTAGGGGTTCCTCTCTAAAGGTTCAAGGAATCCCCGAACCAAGGCTATCCCCGTCCACGAGCTCGCAGCGTATGCTTAAGTTTCTACTGAGAAATCAGAAGCTGAACCATTTCGGGTGATGGAGTCCCCGCGGTATTGCTAAATTGATCGTCAGGGTCCCATGCCCCGGTTGCGCAAGTCATCTACATGTCGACTAATATGTGTTATTGTGCGCACTACTCGATGATCACCACATTCTGTCAGAATGTCTGGAATCCCCGAGTAGAAAGGAAGATGTCTCTATCCCACTCAAGAGTGCCAGGTTTCCTAACAAGATGCAGATCCGCCCCAGTAGCTAAATACTGATTCCTCGCATGTTTGAGTGCGTGTACAAGGCCAACCACCGAATCTGATCTAGCACTTGCCCCGTATTAGCCCAC,1900,50.42,Arabidopsis thaliana
SEQ_953849,TATTTAAGACGCCTGGGTTGGGATTGCGTAAGAAGCAAGCCACTACATGTCGGTTGACTAAAACGGATCGAACTCGATGGTCGTGAACTGAGAGATGTACCAAACGGAGATGCAACTGGGTTGACAGCCAATCCAGTGGTGGATGTTTGACTTGGAATATTGAAACGTAATGGATGTGAGTAAGCGACGATTCGCGGACGCTCTGGACTCTGTTTTCTTCCACTTATCACTAAACTTCTAGATCTCCGTAACTGAGTGGGAGGCACACAGCGAACCTAAGTAGTATATAAAGCCTGTATTCGGTTATAGCATGTGGAGTATAGCGTTTCATAGTAGGACAGGGGGCATTTTTGGTAGGGGTTATATGGCCCGCCTTTGCAGTCCCTGACTTATCGTTCGTGTGCAGAGGTTTGCCGATTCTCCCTTGCCCGGCTAGCGCCTAGCAGCACTTACAGAACAATACGAATTCTTGATTGGATGACGACATGCAGTTGTCAGAGTAGCCATCTACATGAGATGATAAACCGCACAAGAGGTTCTGAGCTGCGCATGTAGAAATCCGACCTTATTTCCCCAGCCCTCCAGGACTCATCATACATGTATGCTTACTCCGAGCGAAACTTCTAGAACCCAATCGGCAAACGACATCCGTAACGGCTGAAACGAAATCTGCCTGAGTAGACACAATAAAGTCAAATGTAGCAGACTTGAATGCTGAAAAACGCCCCAGTGATAGATCGGAACCCGTAAGAGGATGTGGAGTCGCTACATGTCAACCTGAGACTCACCAAAGGAGCTACCAGCACGTTACGTTACCGTAGCGGTGGCAACTAGATTTAGCACGTGACGAAATCCAACATCATTCGGGCAGTGTAGGCACGGAGAATGTAGGCATCCCACGCTGTTTTGTTGCTGCGCCCTCATTTTACACGTCGATACGGACATCCGTACCACCACGGGGATAGCAGCCCTAAGCGGACTGGTTCGGCGTCACTGTAGAAGATTGTTGGTACCGTACCGAAGATCCCGGCCCGGACTAGCAATTGATGCGCCTCATAACAGCGTAGTGCGGTATCTCGAAGCATAACATGAACCCTCATGTGAGGCATGTCATAGAGGATTACCTGACCGGAAGGCGTTTGTCGCGCCGGTCAGGAAAGCGCTCTCGTCGTAAGTATGCCTTGGGAAAGACGCGCGCAGGTGCCTGTATGGGGCTTGTTAAATGCGCACCCCAAACCATCAGCCAATCGAATCGTCTAATAAGAAATTACTCTCTTGATGGAGGGTTGGTCACAAAGTTTATCCACTAATATTACGTCCCTTAGCAATAAGTCTTCTTATCCACTTGACAC,1352,48.82,Caenorhabditis elegans
SEQ_397943,TTAATATGTGTGCCTAATCTTAAAAATTCAAACCGCCCTGTAAAAAACCAACCTCCATGCCTTGGACTACATACCAGGATTTATATAGCTAATTATTACAAGAGAACTTACGT,113,34.51,Arabidopsis thaliana
SEQ_434349,TGTTCCGGTTTTGTCTAAAGGGCTTCGGACTCCGTAGCCTTCAATGAGGGTCCTTTTGTTCGTACAACACCGGGAACTTTCGGTCACGTCGTGGGATGAGCGTTGGCTCAAACTCACCGCCAATTGTAGCTCACGTTTACTGGGGAATTCCCTGGTGTCCGTGGGACTAACGTCAGGGAAATCGGTTCGGCACCAGATATGCCCAGGGGGCTGGAACCTCACAATACTGAATTCAGTGAGTGTTACTCATTACTGGAGAGGATGCGAGCCAGGGGGCTCAACAGGCATAGAGCTGACGCGCGACACTACCTGAAAACAGACAGCTGGACGCTGAGATAAAAAGTGAAATATCCGAAGATTATAAGGAATATTCAACCTGCATCGAAATTTCAGCTCTGCAGCGAGAAAATACTAATTCCCGCCCCTCACACCCCGTAACCCGGTGAAATTTCGGCGTCCGAACCTCCTTTGTACACATCGAGTGGGATGCATGCAACCTGCGATGTGATTTCTGATGAAC,520,50.58,Arabidopsis thaliana
SEQ_860493,GCCTCAGTGCCACCAGTATTCTCACGCACGCCCTTCCCCCTGTGTTTCCTTTGGAGTTCTAGGAAGTCTCTATATTTGCCTACTCGGTGGGTCACAACGACAGACAGTCCCATGTAGACCTACTGCGAGCGCGCAAGCACGCTCGGAGAGTCGTTTAGCAGGATAAGTCCTTGCGCGTCGGAAACCACGAAGGACAACAAATCAATGATGTGTCGGCACGGTAGCAGCTTAGTGTCATCTTGTGTTCTGGGGAGAGAAGCTAAGGACTACTGGATAGAATCCCAGCTGGGTGGTGTCTGGTCAGACCTGGGATCCCCGAAGTCCCCTACCTGTACATGAGGCACATCGAGAAGGGCGCGACATCAAGTACAACATCTTAATAGATAGCCATTATCCATAGCGTGCCGAGACCTAATAGGTTGCCCACGGTGTTGGCGACTGGTAACTGGAGGTAGGACCATTTCAGTTTGGTTGCAATAGCGCTGTTTTTTACTCGAGACCCCTCGTGCGCACCCCTCCCCGCAAGGTTTACCAACGCCAGGCTGCAAGGGCACTGAATGTGGCGCTGATCGAAGACCCTCCAAGGTTTTAGTCGAGAGTGATGAAGCTGGGGCACGCATGTACCACTCCTACATTTCCGTTTCCCTTGTAGGTATATTCCACCGGCTAGAATATGGCGAGGCGGTGGTTCACGCGGGGCGTGAGACATCGCCATTACGAGGAATTCATTTCCTAGTCACTCTCTGAGGCTTTGCTCGATCATGAGCTAAGTGGGTGCCGGCATGCGTCGTTGTACGAAACGGACGTTG,809,53.4,Homo sapiens
SEQ_697124,TTATTTCTCAACTCTAACCTTCGTATCAATCATTCGAAACACAACTCTAGTAGGGCACCATAAGAGCGAAATCAGACCACACTGGTCCAAGTTTGCTGGTTCTTACATACACGCGTGTAGGCTTAGAACTCCTCTAGGCGCGTTGACGCCATCAGCTTGTCGCTCTTCCCGATTGATGGGGTCTAACCGACAAACTTACGAAAAGGAGACAAAGTGAACCGCGGCCCAGCTGCGATACAACGTTCCATCACGGCAGCTCGTTTCTACTCCCACCGACCAGGGCGAAATTTAGCTTACCGTGCCGCTGATCGTATCCGTCAGAGTAAAGGGGTTGGAACAAGATATTTTTCAGTCAAGTAACCCCAAGGACGGACCGAGAACGATGCAGCACGAAATTGGCTGCTAATTCCTTTTCGACCAGCAAATTACCGCCCTTGATAGCGGGATTGTCAGAATTGCGTGGGCTCGATAGTTTGAGCGATTGGGCCGACTTCCCGCCGTTATAGTCGAGGCGAAAACAGTGTGTTGCGCGTCAACTCTTCTCAGGAGATCCTACATCCAGTATTAGTACCCTCTTCATCCTGCACTAGTTCGCTATACTCCACCGCAGTGCGAACCTGGCGAAGACGCGATAATCTCGACGCAATAGTCTACTATATTTTTCCCGCCACTGGCCTACCGTTACCTGAACTCACACATGCCGAGGTCAATTTTGCGATTTCCATAGTTATGTACCACTCACTGCACGCGGGCTCAGCCAATTCGATAGGAATTAGGGAGTCGCTCACTGAGTGATCTTCAATGAAAGTATAATATTGGCATACTTACCAGCCACCCCTATCGAGGATTTGTCCATCATAAAGGGAGACCAGCAGGCCAGCTGGCGGTAATCATTCTAAATCGTCACCCGACCCGGGATTATACAGGCAATGATGATTGGAGGGCCGAACGGGTTGCTGCCTAGTGAAACCGCGGCGGTAATTGACAGCTGCGGTGCTAACTTAATTGCACTCCAAATAATGGGAGACTTTCAATACGTACACTCTCGCACGCTGTATTTTGCGTAACTCTGCGTATGACTATAGGAGTTGGGCACGCCGCCAAAGAGAGATCACTTCCCTCACAGTGGGCAACTCCCGACCAAAAGTCCTCAACACGGCGGACATACAACCAGGCGTGAACATTAGAAATTTATTCGCTTTTGGAGTCAGCCGACGTAAGCGAGTCCCTTCATCCTGGTTTTCGAGCAGTTTCATATTTCCTTAAGTAATGGCAGCATGTGGCAAGGACGATAACATTTCGCAGGTATCACCCTATTTACAACCAGATAGCCGGAGGCGGGGTCACGTGCTGTCTGACGGACTTTATCAGTACCAGAATTGAGAAGGGCGCTCAAGTATCCTCCGTTTGCCCAGTACGCGCGACCGTGAATCTGACAGGTACACCACACATATATGGTCTCGCCATACTAGGACTCGTTAATTAGTCCCCTTTGCTAAGGTTTGTTATTTTCTTTCAAGGGATAATTGGTAGGCGACGACCCCTATTACGACTAGCCTGAAATGGATGGAAGGGCAACAAGTTTGTCTTTCGCAAGAAATAATTTAGCTCACGCCGTTAATCGCAGGCTCCACCGTTTAGGTCCATATTTCAGATGATCGAGACGCCTTCGGTAATATCGTGGCTAAACATAGCATAACTTCTGCTACAGGTCACTGTCGTAACGAGCTTCTGACCAGCACTAGTTGTTTTTCCTGGATGGGTCAACAAGAGAAGAGGATACGTAAGCACGTTTCAACTGTGTTTAAAGCCACCCGGATAACCAGACAAATCCGGAGAATCACCTGAACCTACGGATCAGGATATCCAGAGCTAGCACTGATCTCTCGTTATAGATATGCCATGAGTTAGAACTACCTATGGCACACGACC,1932,48.5,Escherichia coli
SEQ_629408,TTACGTTGAACGATATCAGGCATTCGTTGAACGCGGGCACATTGAAAGGAAAACTTGTATCCGCATTTGGGAAGGTTTGCTAGTGTGTGGAGGTTGCTCCGATTGGTTCCTATTTATAGTTCAGTGCACATCTCGGTGTCCCTCGGGCGCTTCTGTAGCGTTCCATACAGCTAACCTCACGCAGTACGACTGTAAAATTTCAAAATGGGAAACACTCAGCTATTGGCTTAAGAGTTGCCCGTCGATAGGATCCCAGACGCCACCTGGCTGTGGTCATTGGTCGTAACTGGTGGAGAGTAGACTGATATGGGTCATTCCTCTGAACAAAGGCTCTTGACGGTATGAACCTTCTCTGTACTCCAACTTAACTAGGGTTTATGCGAGGTCGATATTAGTGAGTCGGATCGATCACCGACCCGAAATATCGTCGGGTTACATCTCTCCTATAGCAGTGTCCAGGGTCTGTAGACGCAGACACTATAGCAGGTCTTCCTAGTGCCTGTTTATAATACTGTACGACTCCGCCTAATTAATCCATCTAGAGATAACGCGAGAGGATCTTCACAGGCGTGGCTTCACATGGCTCCGCGGACTGCGG,598,48.66,Homo sapiens
SEQ_760439,GAAGAACCAGCGGCTTCTATCATGCCGGTATCGTCACACACGATTCGTGGAAGAGGGCTTTCTTCAAGGGGCATCGCATCATATCGCTCGTCATCTACAAGACTCGGTTGCGAGTCTTAAAGACACATAAGAAACCAGGTTTTTACCGACCCCATCCAATTTAATCCTTACCGCCCAGGACCAACCTAGGCCGTTCAGACAATGGCCCGACGGGGTTAAATGCATCCCACATTACCTTCCGGGGGGGGCAAGCTACCATGTCCCTCACCTAAACCCTTTGAGCGGGATAGTTGATGCTAGTTATGGTAGTCGTAGTCAGGTAACAACGTGGCAACATCGCTGTTTTTCAGGCGTCCTCGACCGGTAGCTCTTTACGTACTATCGTTGAGGGAGTGGCTATAATATCAGCCCATCAGATATAGCCCAAGGCGTAGCCGGACATCCACATTACAGGTCAGCTCGTATCGCCGAGCCCAGATAGCCCCACGCTGTCTATAGGTTCACCCAGAGCTCTTCCAAGAGTGACGACGGGCAAAGGCTGAATTTAAGGGCAACCCGAGTCTTGGGGTAATTTCAGCTGCATAAGGCTCTAGTTGTGCGGATGATGACTCCTCATTACCGATCCCATAATGGGGGTTACGGAAATGTGTTGAACCCTGTACAAGGTCGAGATATGTGTAACGTCTCCTGAGTATAGAATAGCGCTCGTTTGGCACGTAGAAGTCAACACTCGCCTCCAGTTAAAACCTCACTAACATACTGTCTCTTCAGCGGCCGGGTCCACGTTGTGCTTTACTGAACGGCCAAAATGGGGACAGATCTTGCCGGTATCACCAACAATGTCCACCTGTGGCTGTCATGACAGCACCCTATTCCGCTCTGGCTCTAATCATAGTTTGGGATCCCAGGGTCTAGTTTCCGGGCTCGTACTCCATGCGCGGAGGACATTTGTGGATACGGGTGACGAACCGCCGCCCAATATCAAATATAGCCGAGTGAAGACGCTTCACAGTCTAGAGATGATCTGCATCTGGGGTAGCGCCTTTGGCTCACCGGCGAAGGTGTGAGAACACCGTCTCCCTCGCGTACGTATCAGGTGGTTCATAGAAACAAGCTCCCATTTGGACATGTGGCGAAT,1138,51.49,Mus musculus
SEQ_757062,CGGTCGAGAACTCCAAGAGTTCATAGCTTTTACTTCTCATCAGGAGGGAGGGGTTTTTGAGAGGTTGACCTAATTTTAAGTAGCCCTCCAGATCGAACTCGACTCATGGGGACTGCCGCGATAGATTTCCGGTTGTTGTCATCACTAGCGTACGCTCTTAATATAACCAATACCCGGGGATGATTGATTAGTAGCAGGTCCTCAGACCCGTACATATGAAAAACGGCGGGACCATGTGGAGTAGACTGATGTTTCGGCATTTATGCTAATGGTTGACAATCGGGTTGACCAGCTGCGGGGCATGACTTCCGATGTGGTCATGGGTTGGTAAATGTATTGCACGTACACATTGAAGAAATTTTGCGCCACACCACTTGACGTGCGCTGCTTAGGTCTAAAGGACATCCGTATCGCCCATTATTTAATGTCTGATACATATCTCACTCCTGGAGACGAATGGCAGCCGGACGCTGTACCGAGATAAATAGCACGTATCCGCCGGATCGACTCGTAGAACGCCTCGTCTTAGGCGATCGACTTATCCTGTAGCGGAAAAGGTCCGAGCTACGAGTGGCGATTTGAGAAGGTCGGTAACACAGTGGCGACGCCGAACGTGTTCGCTTACGGTTTTTGGCTAGGAGGAACCGGAGTGTACCGCTAATTACCAGAAAACACCCGGGCGTCTCACGAAGGGCGGCAACCCCATCAAGCCTTCCGTAATCCTTTGCTTGTAACCTAAGTTCGTGGTGGTTCAGGCACCACCAGGGATGGACTACTGTACTGTAGGTCTAAGCTCTAGCTATGTATAGATCCCGTCCATCCGTCCTAATCGCCTCAGCCTTGCACTCGATTCCTCTGATAGAACTCTCCGTCAACGAATGGTCATTGTGTCTGTACATATCACTTCCCCCGTGCTAGCTGGGAAGGGTTATGATTGGGGACTTCGCTACGAAGGACGATGTCGTAGTCAATACCCTCCCGGAGAGAGCGTTTCAAAACGCCCATTTCGCTGGGGTTTCCGGTAGGTGGTCACTAGTACCAAATAGCTCGCTGCGCACTACTTTTACTTTATGTTATGCGACTGCTGCGGACCCCGTTGTGAGTGCCTTCCTACAGTCGACGCGCCTTCCCTATGCTAAGTGTGTTGTACCGATTCGGCCCGGCTTGTACCTCTCTGGGGCGTTCACCGCCAGCTAAAGCTACTCGTGTTTCAAGATCCGGTGCGTGGAACCTGGACGGACCGGAAACCAAACTAGACGATTAGCCGAACGTGCTGCTATAGTGAGAAAAACGGCGTCTCGAGTTCTTTGGTAGAGGTGATTTGGCGTAATATTGAGGATTTGCATAAGTCATTCCCATAAAACGATGAGATTTCGCCTTGGCCTGTGGGTAAGGTCCCTGGAGGCGACTTTAATCTCGGAATGGCACACGCCCACGGATATCTCTAGTGTAAACCAGGGGAATTCTTGCGTCCGTGGGAGACTTTATCAAGCAATGGGTTGTAGGTTAGTGCCGTCTATTTATACCCTACGCACTTGCAAGTCAATCCACCCAAGGTGGCGTTTATTGAAATATGTTGTGACCCGATAGCTACGGTTGCCAAATGGCCACACCGCTTAAATGTGCAATCACGGTTGCATATGCGAAGAGGCGGCCGGGGAACTGCTAATAATCCGGATTCTAAGAAGGTTGAAAGCCGCGATTTATTTGGTTGAAGGATGCGACCTGGGCAGCTACTAACTCTCCAAACCCTCGAGGTCACAAAACCAAATAGGCTTCTCATTCCGCCTTTACTCTAGAGTGGGGCCATTCACTTGTCCAGCTTAAAACCT,1832,50.22,Arabidopsis thaliana
SEQ_116274,AGCGCAGTCCGAAAAACAGATAAGGATAGGATATCATAAACGATGTTGCCCAGGAAGGCCACCCCCGAATGCCTATCAATTACAACTGAGAGAAAAGGAGGGTCTGTGTGCTGGGGATGAACGTCTACTTCGGGACATCCCATCCTGGCCTGCTGTTGCTAGGCCGATCGGCGGCGACCTTGTCGATGATCCTGCCTCCCTCTGACATGCGTAAAATGTCGGCCGAACAAAAAGGAGACTTCTCCTCCTGAAGCGGCAAGAATCGGCGACCTTGCATTGAACTTTGAAAGAGGCAGAGCGTGGGGCGTCGGAGGACATAGGATATGTGGTCTGTGACTGGACTTAACTAAGTCTATCTTCGGACGAAGCTCAACTTGCTATTCCGACATCGATTCCGAACTCTCTCTCGCGTGGGCCTCGAATTCACGCCCCCCGTGATTGGGTGTGACTGAGCTTCGCGCCTTATGGAGAGTCAATTCCCAAGGGGACCAACCGAGTCCCCCGGAGTGCCTGCTATAATGGCGAAGCCCGGCATGCCGTAATACGAGCTACAACGGAAGACGTGGGATCGTAGTATATTGGCTCCGCAGGCCCCTACGGCTCCCACTCCGTTTCACCTAGAGGTACCACGTGACCCAGCTGGCTATTACGGTTAGGACGGTCGACGTCACCCCTGTGTAACGCCAACAACTCTGATACGAACACTTAGTGGTAGAGCCTATCCTTGCTCAATCCGTATGCCTGAGTTGGGCATTGGGTATGTGAGATGAGCCCGCAGGTCCTTATATAACCAACGGAGTTAACATGCTCAGGCTGGCCATGGACAGAACGCATTATCTTAAGCAAAACTGCCTTCGTGGGTCCTGAGGCTCATAACACAGGTTGTGTGTGTGCAGCCCGCGTCACTAGTGAAAGGAATCTTCCGCCTCTGTTCATAAGGAAAAGCACACCGGGTGCTTTATCCATAGTTTCACTAGAAAGGAGGAGGCTATATTTACAACGTAGGGCAACTTGCCTATCGCAATCAGGCAGGGACTAGCCATTGCCCTCAAGGAGTGTCCCGCGACCATTGTTATGAGATTAAATGTATTGTCGTTATCATGTTGGTGTACGGGCGCCCAGTGTTCCCCCGTAAGTCGCTGGCAGAGAAGGCAATGAGGACCGCGCACCACGCGCATTTTTGATATAGAATTACATCTGTTTTTCAGTACAGCCGAGCAAACGAATACCGTGTCCATAGAATCTCGAGGCGAGTCTCCTACCTGCGAGCGATGCTAGTCCACTCAACCAACTGCTCGAGTTTTTCAGAAGGCTCATTTGACAACGTGTTGTTTGGTCACTTCAAATCCGACCAAGATTAACTTGCTACGGTCCTTACTTAGATGGTACAATGGACGTATGTCCACTTTACTACTCTCAAGTATCCCAATCACCGTGAGGTAGTCTGTATATGCTCAAGACATGCGTCCGGAATCAGATCAACGTTGGAGCGGTGCTGCCCGGTTTGAAACGACCCCCGAATTATCAGTCAGATCGTCGAGAGGATACTTTTACTTCTGTGAAATCATCTGACGGAAGACATGAGCAAAGCTAAAATAAAATAACCCCCGGCTTGATCTCTCATCACACAATAGCTTATCGTCGTAGCCCATAGTTAATTGATTCAGTTTGTTATGGGACGTCAGGTATGCCCAAAAGGTACTAGCGAGCTGCTGGGCGGGCCTAGGCATACCTAGCTGCGACTTTCGATACGTGCAGTGCTAAGAGCTAATTTACCTTGTACCTGTTAACGATAAGGTTCGGCCGACCTTGATTACGCGGATCCGCTGGCCAACATCTAAAAATTATCGCGGTATCAGGCAATCCCCCCTGTGGGCAAGTGGTAGTAACGGCAGTAGCAAATGGGGCCCATAAGACCGTACCCACTCGACAATGTCATGCTTCGACCTCTGCGACAGCGGGTATAGACTGATTAAACA,1979,50.58,Drosophila melanogaster
SEQ_324171,GCTTAAATCCCAGCGGAAGCGCCACCGCTGGGCACTTAGAAAATGTACGTCAACCGCACTGGGGTGGGGCCGGTGAACAGGCTCCTGCGCTGTCGGACTTCTCCGCCTGATGTGTCTCATTTTACGTTCTTTGGCGCATATTGTATTTTCAGTATGCGAACACATTACACGTGTTCACACGACACTGGCGCGGTAGACGATCAAGAGATATGT,213,52.58,Mus musculus
SEQ_545769,ACCAGCCAGAATCACCCACGTTGGATATGGATGGGTAGCTTTCAATGCTTTTTGCATTCCGCAAGGTGTGTCACCCCCAAGCCGGTACGCGTGGAGAACAATGGAAGCGATCTAGAAGAGGAACCAGCCTGGATCACATAGGATATATGGGACGGAGCCAGTCATCAGGCCATGATGTTACTGCGGGTCCTTGAACCTCACGCAAGCTTCGGTCGGAGTCTAGCAACCACGAACAATGATTACTCGACCGCATCGTTTTCCCGCCCCTGACTCGTTCCAGGTGTGACTTTCGGCCTGCCCCCGAGCGATAATGTACTTGTCTAGAAAAGGTAGTGTGTGTTGACCGAAAGAATCCGCGGATTGTCCTATTCAGACCTTTCTTTTCACACTGGAACTGAAAAAGTTTGTGCGGCCTTACTTCGGCTTCACCTGTCCAGCCTGAGTCAAAAAGAAGGCGGTTCACTTGAAAAGGAGATTCGGCCCACTCTCGAAGCGAGCGACTATAAAGTGTGTAGCTATGGTGTTCGGAGCTGTGGGTGTGCTGGGCACCCAGGATCTGCCTACAGTAGGAAGGACAGTCCAATGCACCCCTTCCATCACCCGTTCAATTAAAACCACTGGTTTAAACTAGATTAGCACTTAAATTGTCAGCCGCCTCTCTACCTGATGATAGACTGCCTTGCGCAATA,689,50.65,Caenorhabditis elegans
SEQ_386003,GCAGCTTCAGCAAAATCGACTTGACACCGGATTTTGCGGCCTTGAGGGTGGGCGTGTCGTCCTACTCTTTTTGTACACCTTGAGAACTTATAACCGAGACACAGGAGAAACCCGTCCAATTGCGTGTAGTCAGGTGACGTGCGAGCCCTACGGTATCAGCAGCCTACCGCTATGGCTGTAGGACATCCCATATCTTCTCCGCAACGCAACTGACCTTTGAGTGTACTACCATACTTCCTGATCCCTAATTCCTAATTCCGTTGCCTCGCAACCTGAGCGTACGAAGACCAGTTTTCGCTAGGTACCAGGCGGTATTGCACGAGAGAGTTGAAACAATTGTGGATTACATTGATTCGTAGACCTCATCTTATATCCCCGTGGACGCGAGCGACCAACTAGCCACCCTTGGCTGCCAGTCACTCAACAGAAGCCGTAAACAGCGTATAGCAGCAGTGTGTCATTTTTCAGGGTGAATGTTTACTATATGAGGTAGCGTACCTCTACTATAAGCTAATTTGAACTTTTATCAGGGTTCCTCGACACGTTACGTTATTTGGATTTCGTCGGATAGTATGCTCTCAGGCATAGTCAAAGTTGTCGAATCCGTGCACACGGGCGCAGATACAGGCGAACTGCCCTTGGACGCTCCGGAGTTAATGCTGTATTCCAGCGTAGTTCCAACCGCTGAAAGTTTGATCTTAGGGCTATTCATTGGCTATGGTAGTCAGCGCGCGAAGTTTACCATGATGTAGCGCTGTATTATGGCACCGGCAAACCCCACAGATAGGGGCT,792,49.24,Mus musculus
SEQ_440093,ACTGTGTGAGCTTACGGGGTCGAATCCCACGCCAGGTTTCAGTTCTTGCATAGTCGTTCTGCCCTGTCGACATTGATAAGAAGCGGCGAGTACGATAAGGTAATCCCGGTATGATAGGCCTCGTCGAAAGAGCTCATCAATAAGCCCCGTGACGCATCGAGATCGCAAGCACCAGGCCCCTAGAAAGACCGAGACGTTTGAACTGCAGGATTCTTGGCTCGATCTCTACAATCTCCGGAAAAGGACTCCAAGTTACCACCTTGTTATCGAGCGTAGTCTCTCTAACGTAGTTCCCAATTCCAAGTTGATAGGCTCTTTCGAAAAGGACAGCCGGGTGAGCGCGATTAGTCGTAAACTAGTTGGGTGAGACACTCGCAGCTCAAGCTGATGATGTAGCAACCACAGATCGAAGTACTATTCTGCATTCATGCTGGATACCGTACAAGGGCCAGAGCGTTCGTGACAAAGGTACTTGCCAAGTAGATGCAACCAAGGCCCTTTCTTGATTCGGGGTGTCGTCTCTTGTGTCACTTCCAGAATGATGCCTTCGAAAAGGTACTCTGCATCTGAAGCTAGGGCCCAACGCATCACCAGGCGAGCGGGAACTCAATCCGTACTATTCGTAGCACCGCGTTCTCGGAGCTTTATACTTGATATTACGTCGACGCTATCCTGTGTTACGATACCGCTCACCTAACGGGTACTCGTCCGACATGCCTTCTTAATATTACCTGGTGCCCCTCTAGTGAGACGGTGAGTTAATGCGTAACGTTCTGCCTGGGGGTAGATAAGCTGTTTCTCTCTCATGATGGATAGCATATTAGGCTTTCTCAATCCGCGCAGACTTTAGTTGTAGGAAATATCTTGGACCGCAATTAAGACCAGAGCAATCCCGGTTTGTCGTACGTCCCCGAGGAGGAAGCCGTACCGGACAGTCCAATCAGCGTGCGTATTACGAGGTTGCGTAAACCATCCCCCGCGGAGGGCTGGAGGCTGCCCACTCCTGCTAATTACTCTGATTGAGTATGTTATCTTCTCTCTCCCGACGGCAGGGGGGTTAAATAATGTGGCCTTAAACGGCCAGGACCTACCCGAGGCCCTGTAACCGAAATCGTAGAACTTCGCTCCAAGTTCTGTCTGAAGTACGGACTCCAATTGGTTTGCGGAAAAATCAGGTTACTCACCCATGTGCGATTGCAATACGTGGTGACTTCGCTACGACATACCCGAGTAGTACGAAGTGATACCCTAACCTGCGTGGCTGGTTCATGCATTCCTGACTAACGGCGGGGCACATCGTGACGTCTCGAAAGCTGCCTAAATTTGCGCAGTCAGCGGTAATTCCACCAGTACCAATACGACTTATCCCTGCAGGTTTTTTAGCAGTTGGAAGATCCTCTTTTCAGTGTGGAACGTTAGTAGCACTATCATTAATCTTAATATAGGGGAAAGTGAGCGTTACGTGCCAGAACCAATCGCTGGCTACACCTAGAATGGGATAGACCGGCGTATCCATCGCCCCTCGCTTTCATGTCGATCTAGTAATGATTCGTCCACCGCTGTGAGCACCCTGTAATCTCTTGTCGCCAGGCTCCCCCCCCCAGATTCTTGCTCCTGAAAGGCCTCCGAGATGTACGAGCTCAACGCAAAGAGGGACCCTAAGGACAAGATCGGAAAGCAACCGGGACCGAAATAACTGACTGGGGCCAGTAACACCAGATTGAGATTAAGACTCCACGCCCTGCGTTGCCTGTTATCTACCGGCCCGGGCATAGACTTCTTCCCTATATAGGCGTGCCGCGGGACTCGCGGGGTGTGGCAGTCTG,1826,51.2,Homo sapiens
SEQ_674961,TCAATTGTTCCATCACAGCGAACACTACGAACCTACTTCATATAGCTTATGGTATGGCTGCAGGTCGAGGGAAGCACCTTCATTCTCCCTCGGTGATATAGACACTTCCCGAAAGACACTTACTTATACCGATGGAAGTTAGAGGGAGTTGAAGGGTACCCGTAGTGTTTCTAATTGCCGCGCCTAGCTAGATTTTGATGCAAGCAATTCCATGCACATGATTCATTAAGGTAGTTGTTAGAATTGGTCTCCGCGGGGAGAACAGTTCCGGGCTAACCGCAATATGGCTCTCGAACGTGACGCGAGCCGGGTACCATGGACAGGAACCGGTGATAGTAGCAAGCATGCTTATTGTTGCGGGACCGATGTAGTGGCATTTGTTATCGCCGGTCGGAGGAATCTCGGTGTGCATGATAGGACCAAAGTATAGTCTCACGGAGGGGTGATCAGAGGTTCTGACTGCGTGTTCCCATACAACCTTTTGAAATAGGTATGTCCGACTCTCGATCAACGGCGCCAACTCCTAGTGCCGTAACATTAGCTTGATTGAGATGGTTTATTGTTTGTGTTGCTTTGACAAGTGATTTAGGATGGGATGATGCAGGAAAGGTGGCAAGCGTAAAATTACTGAAGCGAGTTGTAAGGAGGGACCCCCTGCCCGTCCGTAGCAGCCGCATTCATAGCCTGAAGCCTGAAATTGGGGGGGGTCGTTAGTGGTTCCCATAGATCCCCGGGTCGGTAGCATTCGTATCCGGGCTGGCATGTTGCACATGACAGAGGCCCACACGGCAACTTATCAGAGGAACGGGCCTCTATGAGGCATCTCCCCGCGCGGTACTAGCCGTCGCTTACGAATCGACCACACCTGTGATTCCGGGGGTGTGTACTGCCTAAAGCGCAATTGATTATCCGCTGGTGTCAGTCAGCGAAAGTTAGAGTTAGCTTTCCCGGTATATCCGAAAGGTGTACCCGTCTGTGGTAGCATAAGGGATTAAAGACGGAAGTGATATAAAAGCATTCTGCCACACACAGTGCCAGCTTACCAAGCTTGATGTGCTCGGTCGCGAATCTTCGTGCATTAACTCCCGGACTGGCTCGGACGAACATGAGGATTTAGTGAGCGGGCTGGCTATGGAATGGATCTAGGTCTACCGTCCACGATAATGGGCACGCGATTCTCGTCGGAGCTCCTCCATCGGGTGCGGCTAGTCGTAAAATGTAGGCATCCCCCCCGGCGTTTGCGCTCTTGGCCGGTAATCGTGACTCTGTGAGACGATTGTAGGGAACGTGTCAGTATGCGCGCTGATGGAGTTATTCAGGATGTTCATCATGTCGGCTCATTAAGAGGTTGATTTTATTAAGATAAGCAGGTGTTGAAGCACAGACGCTTCGTCGCGATTACTGTTGTGCCTTATAGACCGCCTTGCTTATCTATCCTAACCGTTGCCGCTCAAATTACCTCGTATACTTTGGTGTGGGAAGTTCTCCAGACAATTAGCAGTCAGCCGAGTTGCTCATCCCCAAGAAACCAATCGATCTTTGGTGTTTTGTCTCTGACCGATCATCAGATGTATCACAGACAGTGTAGCGGCAGTAAGAGAACGACATTGTGATGGTTTCTTTGTTGTCCCTGGAGAGAGGAAGTGGACCCGGCGATCTTGCTGCATCAGAAGAGCATAGGTCTGTTGAATCGGCTACACAAAGACACTCGTACATGTTGATACGCCCAGTCATGTTTTTAACCAGACGGCACGACGTTTCAAGCTGCCCAAGCCTCATGGTATTATGTTGCAATATGGTTACGAGGGAGTTGTTCCAAGCGCCATAACCTACGTCCGCAGATCTGCTCGGACTGTGAAACCTGAAAC,1868,50.05,Caenorhabditis elegans
SEQ_747515,GACGGGGAGGACTGGTTGACGGAGTCATACGAATTGGCATCAAGCTAATAAAGTCGTCAGTTTTCTGTCTATTTTATGAAAGAGCCTTAGCATTGAGTGTCGGGAGGTGCGCGCGAGCGGTTAGGCGCCACGCACTTGGCTGAACTAGGGTAAATTGAGCCATGTATATACAGGGGGCCGTCTTGGCGAGTTACCATCTGGGACCCGACGTCAAGGTGCCTACGATCACCCCCCACCCATTTTCCACGGCCGGAGACGCGGGAGCTACGGGAAGGAACGAAATGTGACAGAAGGCCAATTTTTGAAAGGCCTCCCGCTCAGTCAGGACCCGCGTTTAGCAAAGCTGTTAGCCGAAGTTACCCTCTTGCTTAAGTGGCCAGGAATAATTCTATGGGCCGCCCTTAAGTAAGGGTGAGCGCAATGCTTGACCGGATATATAGGCGGGTGGTACGTTCACTGGCAATGCCTAGAATACGTGCTGCGCACTCTAATGGACACAGATCTGGTCTAATTCGAACGAGAATTACTCTGACTGGGCGTCTCCAGGCATGCTTATCAATCCTCTTAACTAAGAATATGCCTAACCTACAAGCCACCTTAACCGTTGTCGGCTCTACGCGACTGGGTTCTTTAATGACCCCACGGCTGCGTTACAGCACAGGCGGCAAGACAGTCTTACTTGAGAGTTCATATATACGTTCGGCCATTTTTTTTGGCGACTAAGGGCAATCTTCATCGCTGAGCCGTGACGCATCAAGTATAGAGAAGGATCACTCTTTTCAGGCCTATGTGTAGCTCCGGCAGGTTGTCTACCTGCCGCGTTGGTCCGATATGACTTTCCACGTTCTAGACGTGGACCGGTAGCGTGGCGGGTGGGCTTGTGTAGTACGATACACTGGGGAAGTGTGGGGAGCAATGTGAGCACTAGCGACACTGCCCGTGGTGTCT,948,52.22,Caenorhabditis elegans
SEQ_866053,CCATTTCCCTGTAATTTTCTAGTGCCGTAACGTTTTATACCGTCGTTTCAATAATATTGTAACACCACATACATCAAAGCACGAAGCTAATGAGCATAAAATATTGGGGGGTGTTCTCACCGCGACCTGGGGGCAGGGGTGTGACTCTCGCACACTTTAGAGCACAAGCGAAGAGTTTGAAGTCTCATTGAGACGGTGTACCGATTCTATCTTAGCTCGGGGGTGGGCACACGGGAATTTTCAGGCTGTAGTTCGTTGAATGGGAGCCGAGGTGCGGCATAAAGGTTATGTGGGGATCTCTGCCTAGTCTACATCCACCACTCGAGACGGGTTCAGCTAAGTACTCGGACTCACAATTGCAGTCCAACAGATTACCGATCTCTACTTCATTGCTACTCCACTAGATGTGACGGG,414,48.31,Caenorhabditis elegans
SEQ_455693,TAAATTAATCATGTCACTGCTATGGTAATCTCTTGGGTATACGCTTCTAGACGCATAAGGTTTGTCGGCGAATTTATAACTATGTGCTATAGATAGGGCGATTGCTAACCTCTGTGCCGAGAACCTATAGCTAAGACGCCACCCGGGTTAGCC,153,44.44,Caenorhabditis elegans
SEQ_512680,GAAAGGCTTGAGATGATAATCATTTGCTAGGGTTATCCTGGTAGGACCAAACGTCTCGAGTGGGATCGCTATGAACTAGGGAGTCTTCGGGACAGGACATGGAACTTGCACATCAAAGAGAAAGCCAACAGTACAACTCACGCAGCTCGAGCGCTTCTGATGCGTGGTATGCCGGCAAATTCAGCGTGGACCTGACCACAACAACACCTACGATCGGTCTCTGGGTGGAGCCTCTGAGCGGACTGAGCCCCCTCCGCTTCTGGGCTAAGGAACGTGAATAGGAACGAGCACACCGCTTCGTAGGGCTATCCTGTGTACCTCAAAACGTGGACGCAACCGGGCTTGCGTTGTTCAGAAGTACATTAGCCGACGCCATCTAGACTCAACCACGATTATAGATCACACCTGAACAATGAGTATCCTCTTCGGTATCAGGCCCTTAACCTTGTGCTACGCCGCCGCACAAGAAGGCAATCGGTTCGCGGAGAATCGTCACACTGTAAAGCTAGAAATGCACCTCCGGAGCCTAAAAGCCCATTGCTTCCATTTTGGTGCTACACCCGCCGGAAATATCACTAACTAAGAGAAAAAAATTACCGACAGCCCAAGCCTACTCATCATGCGCCTCGCTGAGGCGTGAACGTCTTGTTCCTGCCTGTCTATAGTCAAGCCTGACGGCGTTTATCCAGCTGTAAAGCCGGTTGAACATACCTAGTGAAACATACTTGAGCCAGATCCTATCCTCCTTTATCAAAGCCGAGTTCTTAAACGGGCGATCTTATTCCTGTTTACGTATAATCACGCGGCTCAGTTTGTTAATCTCGCAAAACAGCCCCGTTCTGGAAATGTTACCTAGTCCGTCTTAGGAGATTTGGGGTTTATTTTAATCAGCACTACTCTGGGTTTAAAGCTGTGCGGGTCTCTCCTAAGTGCTACGGTTTTGACCATTGCCCGACTAGATACCTGTGCCTGGGAGTTTATTGATGACTCTACTTCCGCCGTGGAGTAGGCGCATAAACTTTAGTGAAACCCGAGGAAATCGGTCCCCCCCTGACCGCGTCACCGTGACCTAGGCGTTTCGTCATCACGTGCGATCGGCGAACGAGATTACGC,1113,50.58,Mus musculus
SEQ_143101,CTTGTACGATGTGGGATTGAATCCCCGAGCATTGCTGCACACATATTAGCTTACCTGTGACAACATACAGGGTACTTAGCCCAAGTCAATTAGTAATGGCGTGTGCAATTATAGGAGGCAGAACTTTTCCGCAAGTAGTGAGGCTACGAGAAATACAAATTTGTAATTCAATACCTATGACGTTGAATAGTACTAGAGGTGATTTTGCGTGATTTAGGTTTAGCGGTAGAATGGAGCGACAGTTGTTCCGACAGCGCTAGGCCGCGCCTCGTTGAGATCTCCGAATGTAGAGGCGAATCGAGCTCCGATGTTTCTTTAATTCTACGACGTTTTAGCAATGTCGTTTAATGTACGGACCTTGACAATAAAGACCGTCCATTTGGGCCGCACCTCGAGTATGCTAGTGCGCCCTTGAATTCCTGCTCAAGCACGAGTCTAGCGCCGGTGTTCATGCCTGGCACGGCAGTGAGTCCCGGGTGTATCTCTCATTATAAGGAACTGGACTAAGAGGCTACCATCGCGAACCCCAGGTTCGAAGACTGCTACGCTCCCACTCTTGGAGCTTTAAGGTTGCGGTTCCAAAATAGTTTTTGTTTAAGTTAAAGTATCAAATGAACAGGGGCCAATTTCATGCTGTCAGCTTCGCAGTATTTCCAGCTATTAGCAGCTATGGGATCTGCCAACGACCGCCCCGAACTAGATCTCACCAAGAAGCCGACACCTCGTTTAGCATAGAAACATAGCAAGTTAGTTGTAGAATCCGTGTAGTTCTGGTGAGAGGTAATTTGGCCCTAAGTAATATTGACCCATACATCACGAAGAGTATCGCAACCAATATTATCGATAGTCTTTAAGATACACAGGTGGGTTATCTCGCTCAACCCCCGGGCCGTTGATAATTCGCCCCCCAGGTTTTTTGAAGGCTTTGGATTGGAAAATGTACCTACCAATTTAGCGTCCTATACAGAGATAGCATCACACCGGGATTCAATTCCGCCAGCATGTTGTTTGTTGCGTGGCTTTAGGGTGATGCCGCTATGACAGACCATGCGCGGTCCCGCCCAATCAAACGGCGGCCCTTTAAAGTATCGCCCTTGGCCACGTCACGAGCACAACAATTCCTGGAGTGGAGTGGTATGGCTTCGGCAGCGCGAGAGAGAAGCTGAGCTACCGTCACACCGATTGTCCACGCTGGTAGAGTGGGTCCACCCAGTTTGACCTCCATAGTGAACCTTCGACACACGGCGGGCCAAGACCAATAAGAGTCGTATGATTTCCACGAAGGTACTAGGAACCGCAGCCGCGTCATAAAGATGTCGTACTGTCGCTTAGTAAAATACTATCCATTATGAGGATGCAGCGGGGGCCGCGAGGCATATCTTGACGGTTCTTCTGCGTGTACTCGCTAATGACCCATTGCTTCTAGTGCTTTATCTCAAAACGCTATCCAGTAGCTATAAAGACGCCAATATGCATAGGGGAGGTCTACACTATGGATCTGCAGAGGTGTCAAACAGGGCTGAAATCTGTTATACATAAGTTTCAGAAGAGTCTAAGTGCTGGTGTACAATATCCTCTTTTGCCCGTATAACTGTGTGCTATTGCATTGCTATGTAGGAAATCCCTCAGATGGGAAGGCATGTCGGATATGTAGCTCGCGAGACTGTCGCCTAGAGGGCAT,1681,48.01,Escherichia coli
SEQ_978942,CAGCCAGCACTGGGGCAATAGCTTTTCTGTCCTTTACCCGATGCCAGTTTGGCGGTGTGACGTGTCACTAACTCTTCCGCAATACCAAGTTTTTCTCTCCACTAGGCAACCTCCCAATTATCATCTTAGGACCAAGGTTTCCAATTTGCACAGGGGACAACTCCGAAGATATGGTGACGCTAGAGATTCTCATGCCACGTCAAGGGCCCAGTCAAACATAAGTAGACACGGGCGCGTTACCGAAGAGCAAGGATACAAGTTGAAGCTCTCACGCGGACGGCTTAATCGAATACGGGAAGACTATCAAATCTCGATTCTCACCCTGATAGTCGCATTGATTACCAAAAATCGTACATGTGCGCAACCACCGCTACGGCTATATGCGAATCTTAGAGACTATGCAACAACGGGACAATCGACGCCAGTATACCTAAATGCTTAGAGGGTGGTTACTTGGAGACAATCTGCCCGATGTTCCAGTTGGCTGGGGGTGACCCTGGATCTCCTCTATCCTCCTTCAGGTAGCTCCCCCAATTGGTTGCTCTTTTGCAAGCCAGCCGAAAACCCACCCGTAAGAATTAAGTGATGCTTTATGTGGGGAGGTGGTCGTAAGGGTACGACATGTCACTGCTATTGAATAGCACAAGGGGCACCCTCACGTTTGCTGCTGTAACGCCGGAATGCTTGACCAATGAGACACGACTCAAGACTGAATTCTCCCGTTCATGCTGAGCTCCCAAATTAGGGCCAAGAGAGCACACATACGCGGGTGGCGAGTGCACTACTCAGTGCGTCCGGATGAATAAGGCGAGGCACCCGAAATATTTAGTCACGTGTATTGGAAGCTAAGCCATGACGATGGTCCCGTGTAGAGCCTAGTGACTAGTCTGTGGGCAGGAGGAGTTCGGTGCTTACTTTGGAAAACACTCACAACATTACGCAGATCGACGCGATCTACCTCAACGTCAAGAGAACAAATGTGATTACTGAGTTTAGACTCAGACACTTGGCCTACCGTGATCTGAGCAGGCTTGAGTACCATCCTGCGGGCTTGGCAGGTAGCAGGTCGAGAAAAATGTACGATTGCTGTTGTGTCAGTGGATTATCGTAGCCCTCCGACCAGAGCTCAGATGCAAAGAAAACACAAGTTTTCGATCGGCCAATTTTTAGATGACAGACAAAGGTCTAAGCAAGGCATCACCGTCCTTGTTTATCACGGCGAACCGTAGAGGTACAGCGCGTTGGTGATGCGATGGGCAGCCTTGGGCTGAGCCATGACTACTTGTCACAGACTGGCGAGGCTTACACCCGGACTATGGACGGACGATCGTGCGCCGAATCGTCGGCGTTACTACGACTGG,1361,50.62,Drosophila melanogaster
SEQ_995548,TTAAAGCGTCATACCCTAAGACTGGTTACTGGTAGACACGCTAGAGAAATCGTGGTAGTTCGGGTATTGGGTCATGCATCCTTAAAAAATCATGTCAGGTGGGCGAGATGATGGCCAGTGGCGACTGTTACATTCTGGTATAAACAGTCCAGGCGGCCTACGTGTTTCTTTAGTACGACCTCATGCAAGTTTAGTTTCGCCCCCTATGGCCGCTCCTGCCTCCGGTTGCAGCGACGCGGCTAAGGCTTACGAACTACCGAGTGTTTGAGGTACGCCCCCCCCTTCTGCTAAGTAAATGTTGTGTGACTGCTCCAGTCGAATCATTCTCGGAGGCATTTCATAATACAAATCAATCTGTCGCCAGGGTGGGCCCTTTCCGTTGTGCTGTATGACTATTCATAAGGCCCCAAAGCAGCATGAATTCCGGGGCGGCCGCGAATGGCTTTCGGCCAAATCACGGAAACACGAATGCACGAGGGAATATTAACAGCACAGTCTGGGGCCTTCCCGAAGTGAGACATCACCTCGGTTGCTATATGAATATATTCCTGCGGACCGCGTTTTCGTCAGTCTGGCGCGACCAAGACGCCACGCTGCAGTTCTAACTCAGGTCACCAAGGCGTCGCCGCCATAAAATGGTTTATAGAGAAGAGGCCGATATGAGTACCCCAATGCACGTTAGAACGCCCACAAGGAGTTCATCACGATTTCCGTAAGACCTGTCAAGTGCACAGGAATGGTCTGCCGCTAGATCTGGCGGGCCATCAAGGCATTTGGGTCTTGAGGGGCTGTGTACGCCATGCTCTGAGCGGCAGTCGCCCCGCATAAGGGTATCATTGATTCAGTCTTCTAGCGTCAGAGTATAACTTCGTGTAACCCGATCACCCGCAAAGAGCGGACTCGCATGGATACTTTATCTCTAGCGCGGTGGACCGACACTGAATTAGTTCAGAGCCACAGGTTACATGTCCCCCGTAGGACTATGCGTATGCGGCGAGTGCGGGC,1005,52.34,Escherichia coli
SEQ_141908,TACAGCTATGGCGACCACCCCTACAGAGCCAGCGTGTTGTGTGGTCTCATAAAGCGGAGGCGAAGCAACCCCTCATGGGGCCGTTGTGTGGAACGATATTACTGCTAGCCTAGCCGCTAGAGTACGTACTCTCGTGACCAGAGGGTCCCTAGCGCCGCATACACATCAATCTGGAAACTAAAGGCAGTAGGGAATATACGGAGTGGTTATGCACAGACCCTGATTGCAGGTTTCCGGTGGTCCTTTGCCAGGGAACGGTTGTGATTTTCCGTCACACGATACGAGGGACGGGGCACGCGCCACCATGTTGTTGTCGGTGTAAACGATAGGTTGCGTGTATTCTTTCGGGACATCATCGTGCGACACTCATGGTCGCATGGATGGTTCCGTGCACTTCAACATGCAGGAGTGGATTCCAAGCAACCATTTCTAATAAGGATACGCGGTGAGTGCCGATATCATGTGCGGCAACAAGCTTTGGTGAGATCATTGTTGATACCGCAAAGAAAATCACATGGATACTGCGTTACCGCCTGCGGATAAGCCAAAATCTATGACCTATCAAATAGCTTAATACACTATAGGCGGGAAGATTGGATTCCGACGCTTATCATTCAAGATTACACTTACCGGCGTGAACTAAATTTTCATTGGTGACCCCCCTTGGATCGCCT,674,50.15,Mus musculus
SEQ_109897,AGACCGTCAAATAATGCCCGGAAAGCGGCAACGGGTAACCCGTTGAGTTCCTTACGAGAAGCGGCGTTCTCCCTAGATGGAACGGACACGAGTCCCAGTCTGAGCATAGTGCTGGTCATCAATTCGCATGTTTGAGCCGGACACGGACTTCACAAACTACCTGACACAATTCGGAGCCGATGAATATGCTGTAGCGAGAATGAGCCGCTGTGAGGGTCCGTGTTGAGATAGGGGCGCCGGTGTGGATCGAGATTGGCTGATATCATGCTCAATAATCTCATTGCCGCGGTGTATATGGTATTACCTGCCTGATGTCACCGGACACTACCCAAGCCAAGGAAGTAGGAGAAACGCGTCATTTACCCCCACATAACTATAACTTTCGGGATCCGGCTGCTTAAACCCGCCCCACTGAAACCAGACACCATATTGATAAACTCTTCCTATATGGAGGGAAGTTCCCTCTACAGAATTGCAGAATACAAGCCCAATTCATCTGTAGAAGAAGGACTTGACGCATGGAATTCTCCTGGTAACTCGGCATTTAAGGTTCTTGCTGGCCTCGGGTAATTAGCGCTGCCTGCACAGATGGCGAACCCCAGTCGCGGCATGTACGAACCTGTTTGGTTTAATAATTCACATGACTCCGCTGCTCTTCTGAGCCTGTTTGTACAGCACACAACCCCAACGCTAAAAATCGAGCGGACTGGCGAACTACGCTCTAATATATCCTTAATCTAACAGGGATAGCCCTATGTATGTTTAATCGGCTTCCTGGAAAAGGGGATCGGACATCATGAGTTACAATTCTCTGTAACATTCACGATGGGATCACGAAAGGCAGCTGGAACATAGGTCAGCGGGTGATACCAGAGGACCCCC,882,49.66,Mus musculus
SEQ_721277,TGATTAAACTCTACGGTTCTGAGTCCCCTTCGCCGATGTATGATCAAAAAACATCGGGCGTCCCACTTCGTTCAAGTCGCTTATCCGCCGGTTACAACGCACTAGCCTTTTATATGAAAGGCACGTGTTTGACCTGAGCGTTTTCGCCCGAGGAGACGGACTTCCTAGGTAATATAGATGCACACAATAGTAGACGGCGAGGCCTCCGATGGTGTAATGACCCCGAAGCTGTGACTATCTTTGACAG,247,49.39,Drosophila melanogaster
SEQ_224706,TCCCATCAGTACATTGTTTCTCTGCCAAGCTCCCGGGGCATGGGCATAGACATCCACGTGTTGGGCTACTTGCTGCGCTGATGACTTGGCGCCTTTCCCGAGACAACTACGTAACCCTTGAAGCACTAACAGACTTAACCCTTGGAACCATCTGTTGGCTCACCCAACACAACCCTTGAATGATCTCAGATACATCATTCTCCGAACGCCCGCTTTCCCGTCGAAGTTTTCGCCTACCGTAAAGTTACATCGTCAGAGGAGCGCTCTGATACTCCCTCAATGGGCCCAGATCATTAGGGAGCGAACCCGAAACCGTCAGAACGAGGAGTCCATAATTCGCCATACATTTCCAGTTTTAGAAACTCGATAGCGCGCTTACTTCTACCTCTGGCCGCACAGGACTTGCCCGTATCATACAAGGCCGAAGTTACAATGAGACAGCTGTTATCAACGGATCTAAAACCAAACCGTCCACCAGGCTCTGCTCCCATTAAACTCATGTACAGGGGGTTGCACCACCCTGTTACTACTACATGCATGGGCAACTCAGGGACCAATACGGTCGCAGGGGACATACCCTCTTGGGCACCGCAGCTAGTGCCGTCGCGTAGGATTGACTCACGGCGTAGGTAGTAACGGAATAAGACTATCAACCGTTAGCAGAGCCTCGAGGTTCATGACGCTGCCACTGCCCGGTCCCCCTAGACACATCCAGCACGCAGCAACGAATTACCATGGACCCAACGTCTCGACCCTCGGTCCTCTAGTACCAGTCGTCGGGAAATTGGAGCAGCTCGCCAGAAAATTATACAACATATATATTAAGTTTGCAGGCATAGCCGAGCTGTTGATGTTGCGCGTTCCCACCCCTATTGTCGGGCCAACTCCGCTATGTTGTCCAGTACGACGCTTGAAGCCGGCAAGTACTTTAAGGAGGGTACGGTCCACATGGTATTCCTGCGGTAAAACTCGTGGTCAGTAGGGACCTATGCGGCAATTGACTAATGGAGATTTTGCAAATGTAAAGACGGGTTGAGCCTCTGTTGTGATCATGTTGCAAGCGACCGAACTAAAATGGCCAGACCTGAAGAAATTATACGGCCCATCAATGCAGGTCAGCTGAATAATACTAATTTCCTAAGTATGTTGTAAGCGGTCCGTGTCCTACAAGCCTCGCCCACGGTAAAAATTTACCCCCATTAACACTAAAGTGTATCTATTGTATATAGAAGGATAACCAAGTTCTATGTCGGAGAATATAACGCTATCATACTTTGCTAGCTAAACTCAATGGCTTAGTCGTGTCGAAGATGTCCGTGGGCTTAGTGGCTTACATAATTGCTTAGTCCTACTTGCTCTAGCCAAAGTGGCCCGATTATCATATGAACTAGTAGGAAAGGGAAGAGCTCAAGACTGGTACATCTGATACGGCTGCGTTTGCACGAACCAATTTGTCTATCTAAACTAGCATAATTCCGGACGCGGCCAAGATAGTAATGAAGGCGCTCATATGTCGTCAGTAATGGTACGTTAGCGGACCATTCAAAGAGGTTACAGGACTTATGTCAACGGTCGGGTTTTTCAGCACGGTTGCTCGACTGAGTGCTCGGGTCGACAATGGGTGTCTGCTTGAGCGACACGATATCCACAAATCTTATTGCGACGACCCCAAAGATTATCTGCCAACCCGCGCATGTGGATTGTGCAACTCCGCTTGGATAACTTCCGCTCTACTAGCCTGGACCGCTGACTTCAAAACAAGCGAGCTAACGAGACCTAATACCGCCGCCGCCGCTCTACATCTCTTGAGTCTTTGGGGGTGGCCCCCAGGAAGTCAGGACGAAAATCGATTTGCCAGACCGCCAAATAACCAGTCCCTGTACTGGAATCATGTGCTCTCAGATGATGGGGTCCCGTGCTCAACCTGGACGTTATATTCTGGCTTGGTTATACACTGCACGGT,1963,49.67,Escherichia coli
SEQ_511171,GTCTTTGACCCGAGTGATTTAAGTGGGTTTGCAGCTTTAGTTCGCTCAAGTGATCAGATACTACGCTGAGACAGGCCGATTCGTGATATTAGGTCGTAGCAATTTTTAGAATACGTAACAGCCTAAGAGGCAATAAGGCAGAATCCGAGGTGTTGCGCCCGCGAGACCCATGTGTCTAACGCATTGAAATCGGGGGTCAACGTTTCGCTTGTAGACATCCTCTCGGCTTGGATTGTAGCGATACACATCGGCGCTACCTCGTGCCATAAGATGGGGTGAGACACATTAGCTAAACGGGTAACGTT,305,48.52,Escherichia coli
SEQ_939504,TGGACCCACAGTCTATTGTTCGAGAATACAGATCTTGGTCCTGCCGAGGTCCTTTCCGAATTTAGAGACTTTTGAACAGTAGCCTTTTTTGGTAGATGAGTGGACCGGATCATGATTGCATGAGGATCGAGGTACCAACGTTACATATTTCCACCGATGAACACTCTCATTTAATAGCTCAAGGATCACGGAATAAATGCGCCATACATGGCAGTGCCCGCCGTAATGTCAGCGGTTTGCACCTATGATCTGACGATGCTTCGGAAAGGCTTGCCCTACGAAATAGAGTGTTTAGCGCAGAAAGGCTCTTAAATACTGAAAAGATGGTGTACGATTGGGTACCATCGCAGACCGGTTTGCACCCCTGAGAGTGCTATTTGCTCAAGGAGCCTAGCAGTTGCCGATTGAGTTCGAAGATAAGAGTTCGAGAAATGCAGCGTTAATTGCGCACAGCAATAATTATATGTCCTTTAATGTAGTCAATTTCGAGTATTGTAGTTTGAGGACTACCTGTGGACTGACTCGTTCGGTGTTAAGGGTAGGTAACGAAAACCCCATAATGAGAAGTTGGAACGACACGAGTCACGGAGTTAACTAGGCGTAGACGTAAATGCACGCCGAGGTGAGACGGGAACCCCAATGAGCGATGGTGACAACACATGATGAAATCTGGCCTTCCATTAGGTCGAGCGAGTAGAACGGTGCGGGATGATGATTGTCATGCGTGCGCCGCTTATTTTAATGATACGGCTAGCTGAGTCAAATTAGTTAGTTATACAATTAATTCTGCGGAGTATTGCCTTCTCATAAGAAGCCGTAGGGCGGCAGTCCCCTGCTTACACAGAGCAGCCCGGGATCTTTGGTGAACTCCTTAGTTTTCGCGTCAGAGCAAAGGGTCGGATGTTTTATCGACCGTCTACACGAAATCGGCAATAGAGCGGCTTTCATCTCTGGGCGTTGGTCTTTGTCGCCACCTTACAACTAACCCGAGCTGAACCTTTTCGAGGGGTTTATTACTGCGACACCAGCTAATCGCCTCGGACCAGGGGATTGCGGCGCGCGTCTCCCACGCAATATAAACCTAGTTTCTAGTTTGCCTATTCCCGTATTCTTCCCCGATCGGAGTTTATAATAAAGCGAAGACCACCACGGTCGCTGCTGCGACACGCTACCACAATCACGTATTGTGTGATAACGGCGATTCGCGGTTCATGCAGTCCGACTAATGTTACGTAGCGGAGAGGGTCGAGGGTCTGAAAAACCCGATACCCATACCCGTGATCCTAACGTGGGCCGTCTTAGTCCCCCCCCCGAGCACAGTTATTAAAAATAACGAGTAAATCCCGGGCATAGGCGTTCATCTGATAAAGCCGGACATCAACCAAATAGGGTACCCTCTAAAGCCACGACGCCCAATGAGACCGTTTTGCTGTCCGATAGGCTCTACAGCTGCCGTGTTTATAACCTAAGTAAAACCAGGGTTCCGATTGAATGGTTCCATGACAGGGTAGTCATTGGAACTACATTAGGTGGCAACTGTAGTCCTCTCCAACTTTAGGGGAATTGCCTTGGTAGGGAGTCGCCAGCGGGAGCCGTGTTAGACTGCAGCCTCCTGCGGACAGGCGACCGTAGACTGACTTAGGCCTTGTCCCATACCACGCACTAGGAAATTGTAAGGTATCGACTGCTCAGAGGACCACTGTGCCGGACACGTCAGTCTAGAGTGACCTTTCTTCTGGCCACGCACAACCTGGCGTAGTATTGAGTCCGACGCGGAGGATCCCTGCTTTAAACCTATAGCAAGACAGCGT,1811,49.42,Drosophila melanogaster
SEQ_621872,CCTCCAGTACTTTCACCCCCGCGAAATAAGGCAATCCTCCCGGTGCTTGAGTTTGCGCTCGCTCATGAAATGATGACGTAAGTTCGAACGAAAGGTCAGTGACAACGTGATGGTCAATTTGAATACATTTAACAAGCACCAACTCGGGAACGTTTGGTGTACGGATGCACAGAGGTGAGGTCTATAATTGAGGTTTATTGTATCCAAAACCCTGACGCTGTGAACACCGTGTGTTGATTGTTAAAGGGCTTTACGCTTTCGCGCACATGCGACTATTTTCACTCTGGATGTAAAGTCATAATGCGGAGCGCAATGCATGGTGCGGAGGATACGGTTTCGGACAACTGATACTCGAATGCCAATCCTGCGTCCAATCTCTTTAATCGGGTATAGACATATGATTTGTGCCACGGTTCTTGCTTTTGGTTTATAGTTGACAGGTATTACACTGGTCTCATCTTTAGCGTTCTTCAAAGTAGGACTTTGCGTCCCATAATGGTCTTCACCCTGAGCGGTAGGGGCGGTGGGGGATCGCGTTCGTTTTCGAGAGAACTTAAGAGGACTCCACGCTCTTCTGGTAAATAGTTGGACAAAAGGAGACAGCCGCATAGAAAATGGGGCTAAAATAATCGCAAGATGAAGTCAAGCACACTAACCTAGGGACTAAATGTCAGGTGAAGGGCCATCAACTATTATCGGCAGACCCCTTGGCGTGATGAGTATCGTGTGCGGGGGCCTGATGGGCTACTCTTCTGTTAGTGACCCAAAACGCGAGAAAAAATAGGAAGACAGGAACGGAATGGCTCTAGTTCCAGGGTGCAGCAAGGCATGCTGGAGACTAGACAAACGCTGTAAAGAACAATAATCACGGATCGCCCTCGTCGAATTCGACGCCCACATTACCAGTCGTTGCCTTAACACCGGTAAAGCCAAGAGCATAGGGTTATCCCTGAGTTCTGAAGAGGTCCTTACTACCAAAAGGTGAATGGAGGGAAACAGTTCCGGGGTTGACTTATGTTTCAGAAAATGAAGGGTTGTTTCTGCTCCAGTGAGCGTAACCTATAAGTGACATGGTTTCTTATCAATCGGCGCACGCGCCGTAGACGCGACCAGGGACTACGACAAAGATAGCGCCACCTGGTCCATTGCGGAATAACTCCAGAGGACACCTACGCGATCGCGAATCCACATGACGTACCCTTTGAACTCACTTTAGTAATGGAGGCCTGACATGACACTGTACGACTTTGGAACTGGAGTCGTACCCGTTGGCCGGTTGGTGGCTACGCCAAGAGCGCCCCCCGGTAGCAAGACTACGCTTAAGCAATAATAGGCCCCGAATACACTCGTGTTCGTTTTCGCTGCCCGATCGGTTGTTGCGCTC,1384,49.06,Arabidopsis thaliana
SEQ_969090,CATTAGCTTTTTCGATCACCATTATACTAAGAGCTGTCCAGAGGGGCTGAATGCATAGAACTTCCAGTCGATCACGTAGGCGAATACACCAACGCGGTTCAAAAGGACGCAGGGTGAGTCGCACTCGGCTAGTCTCACGGTTGACTACTGAAATCGCAGTTCCAGGAGAGGGTGCGTCACCAGCGACCAGCTGGAAGATAAAACGTTGCCGAGGACGTAACTAAATGGCCATGGACGCCCGTTCCACGTTCGCTAGCGTTAACAAATGCCTGGAACGCGAATGGCGACCCAGTGGGGCCGGGAATTCTTCCCAGAGTAGCATTGCACTCAAGGGAAGAGGAAAACTCGCCGTCATTACCAGGTAACATAATCTAACCTTTAGAAACATAGCTGGCAGGTTAATTCTCTACTCCTATCTGTCCATTTTAAGAATGGTCACAGTCTAGTCATGCTGTAACTAACCTCTCCAAAGAAAAGTGCACCACTAAATGTAACAACGTGGGTTCATAAACTGTTCCACTTGGAATCGGCGTGGCCAAAGAGACGTAGAGTCGCTGGTCAGAGCCATAGGAATCTTCCGCAGGCCGTTTTATGGTCTGCAAGTCCCGCCCGCGTTGAGGTGTAGATCCGCAAGTTATCCTAAGCCTTCGACTCAGCACCCAGAGACGCTTTTCATCAAGGAACGTACTGCCGAAAGTTCAAACAGCCTCTGAGTGTCTTCGAGGCCTATGGCACCGGCGAGCTCCCGTTGGTTGTAGCGGATATTAATGGTATGAGTGAACGCTGCATAGACTATTGATAGCCAACCCGCCGTTTGGGGGGTGGGCGTTGAGGCGTTTTTAGCCGGCACAGGGCTACTGACCAAGGCGACAATCCACCCATGAAAGGCTTATCTACAAATCCCTGGATAATCTACTCCCAAATTCAGGAATTCTTCTAGGGCGCATCGGGTTTGTAGGGTAGTCGTATGGTGAATTAGAAAGGTTCGGGTTCACAGGCAGGACTGTTGCTCGTAGCCTCTGGATTCCGTTCTTAACCTTACACACCTGGCACGATTGGGACGGTGCAGATCGGTACAGGCATCTATTCCCACGGCAGCACGTGAATTCGCCGCTCTGAAAGTCATGGGAGAGATCCTGTTTTGTCGAGTGGGCATTCAGAAACTTCACAAGAGATAGGGCCATCCCAAGTGCGCCAAGCAGCCTTCTATACTCCGCATAAAGCTGATTTCAGTATTGCAAAGCTGCCACCGATTATGAACCGAAACCTTTCCAGATGCTCGAACGCACCGAAGCTGTGCTTCGCTGGGTCAATCCAAATCGTCTTGTCAACAGATCATATCCTTTCCTAAGGGTAAGCTGCTCCCCCATTATGGTATACCTTAACGTTACAACGGGGGGAGAAAAACTAGACCTCAACTATTAACTTCCCCTAGACACGCTTTCTCGTTATGGAACTGACACACATCTGTGGCAGGCACAGTAGCGAGATCGTCTGAATACAGGTTCGCTGTAGAGAGGTGTGTCTAACAGGACGAACTTTGTCTGTTCTAAAGCACTGGCAGGCCACACTCGGGATATGGTGTAGACGTTTCCCCGGCACACTCTACAATCCGTAGGTTGGAGATCTTAAGTCCGGGGGCAACTTATACAGAGGGTATTCCTTGGAAGTAGGGTATCTCTATTCTAGTCTTACCGCCTGAGACACGGAGTCTCGGTGTGCAGCCGAATCATGGACCGGTACCGGCCGTGGGTTGCTGTTAGCATCTTTATTCCTACGTCGCCTAATCATTAAACGGCTAGGGGACAATGGCCACGGGCCGTCCCAATCACTATGGGTGTAAGTCTGGGTGGCGGTCTCGCTCCGCGGCTGGACATCTGCAA,1883,50.72,Drosophila melanogaster
SEQ_534950,TACGTCTTCCTATCTGCAACCCGTTCTCTTAGTTGTCTGCCCAGCTTGGTGCTGCTCTAACACATTACATGATTATTCTCTCCCCCTTTACAAAGGTAAACTGATTATTTACATGCTACTAACGATATTCACAAACTGGCAAGCCTGTCGTAGTAAGCATTGGTCAGACTATGACCGAGCAAGGCCTTATGTCGAACAACGAGACAAAGGAAGGCCAAGCCCCGAAATAGCTTGGAGGGGTAAACACCCAATATCAACTCGACATCCGAAATGTATGGTCACTTACCTATAATCAACAACACTTTGCCTTGTGATACATCGCTGCGCAAGAAATTGCACGGAAAGTACGAATCGGCACCCGCGAATCTCCGACAAGGGAAGAAGTTGCCAAGCGAACCTATTCCTCAATCATGCACAAATCTTAAACCAGCAGACCACACGGCTTACGAACACATGTGGAACTGAATGGCGTTAAGTGTTTTTACAGGCCAAGCTCCTGTACTTGTTCGTTCAAATGAATCTACGTATTTGTTGTTCACTCGAATAATGTTACCAGATAGTGGTTGACATTCTATTCCCACAAAACGCAGTTCAGGAGATCAGCTATAGACCCTGCACATATCTTTCGCGTGCAGTTCTAAAGCCAAACAAGTGGTGGTCCCCGCGTTGTTTTCCTACAAACCCAAGGTAGACCTTCTCTAAGGAGCGTATAAGTCTGTTAAAACTCCTTATTGACCTTCGTGCGAACCGCGCAACAAATCCTTGGTGAATGCTTGCTAAACGACCTCTAGGTGATGTAGAGAAGCTCTACGTGGGATTCGCCGTCCGCAGTGCCGTAACAGCCACTACAATAACCATAGCCGGTTCACTTGTCGATCAGAATCACACCTCAGTCGTCCTAGCAAACGATATCGCTTTAGAGACAGTAACTACGCGTTGAATGGGGGCGGGAATACCATCTCACGGACATGCGGCGCCGATTCAAACGGCTGGACTGAGAACGCACCGGCCGCATGTGCAATTAGAGATCGGAGAATGACTGCGGATGCCGAGTACCGATCCCGCTTGCCGCACAATCCTGAGGTTAGATCTGACGTTCGGATGTAAGCAGACTACACTCGCTGCTCG,1128,47.61,Escherichia coli
SEQ_281205,TGAAAGATCGAATGAAACGATCGGTCGCCATTGCACCCGACGTCACTATCCCCGCTACTGTCGCATCTCGCGGACATCGATTGCTAGCGAAAGATGTATATCTAGCAACACTCGCGTGCTTGCGGATAATAGGCACCTCATTGAGTCCTGAAGAAGATTACCACGCCGCGGTAACTTTTCAGAACCCTGCAACTTATCCGGGATCGAATTCGTCCCCCGCTCCTAAACATGGCGAGACTCGGCAATGGTGACGCTATATCCACCTCTCTGCAAGTGAATTTGTTGCCGCAACGCTCGTTTAATGGTGTTAGCACACCGGTGTAAGGCACCTGGGGTGGATGTCGTGAGGCCGCCCGGCTAGATAGTAAGCCAGACTAGCTCTGTTCTCGGTGCACAAACTATAGGTCATAGGAACTTCGTGCAAGTGAGCCCTGTTTTGTCATCTCAATGAGAAGAAGGGCTCCCGGGACAAGTTCAATATAGGTCGGGCTAGACTTTGCGCCCGGGCACCTTCGGTGACAGTACGCACTCTGCCCATTACCGCCATCTGGCTCCTTGTAGGCGGCCTCGCCAGTTGAATGTTCTTGCTAGTTACCAGTTGCCCCTAGAAGGGTCGTTGGACTATCCCTCATTCTGCGAACGCCTAACCCCGATCACAAGCATTCGACTCCTGTTTGGCTTATATTAGGGAGGACTAAATGCCTTTCTAGCGCATAGAATCCTCCCGCGGAGGGTGCCCGACCTATGACTGAGTGCCAATGCAACTTCGGGTACTCATAAGCACCTGGCGCTCACCTCTCTGCTGCCGCTTTACACGGGACCGGATTTCGGGTTTAATCGAAGACACCCCGACACCAAAAAAGTCATACCTTTTTACTTAGGTACGCAAATTACTGTGCCATACTATCAATGACCGTTAGTTAATGGTGTTACTTGATCCGCGACGCTTGAACTTGGCCGGCTCAGGGTGGTCCAGTATAAGTATACGACCTAAATGCGCGCTGTTTGCACGCGCCCACGGACCGGTTGCTCGGAGGGCACAACCTGCCACCCCACTGCCAAGTCCCCTGGCGATAATGTTGTTACCCATACGCAGGAACTGCCACGAAAAAGGATCCTCAAACGATTACCGTTATCCTGTCAACAGCAGCTGCAATCACGCTTCTTCGTTTTCTGACAAACGAGCTTTAACATAATAGCTGAATCCTAGTGAGTAGCCAAAATAAGCTTTTCGTAGTGAATACGCGTGCCGCCGATAGTTACGATCTCAAAGGAGTCTAGCCTGTCGATGGACCCGGGCCCCAGATCGGTCTCAGCGAT,1320,51.89,Escherichia coli
SEQ_223738,TGTGCCAAGAAGAGCAGTCTTCGGAACCTCACCACATAATGTCAGACGACTTCGCTTTTTCCCGCAAACCTTCACCCATTGATAACAACTACCCTTATCTTGCCATACATTCACTGAGACTGCTATCGAGACCGATACCGCCCCAATTATTCCGTGCTTCCGAAAACCGCAGTTCACGCCGGATACGGGCGATCTGGAACGGCCAGGAGATCGCCAGGAGAAAGCACAGACCTATATCGCAGGCGGCAGATCCAACTACTCACTCGTTACGTGGCGCCCGCAATTGCAGAAGACCGTCCTTGTTGGAAGGTGGATTCAGCTCAAGTATAGCTAGCAATGGTCGCTACACTTGCTGATCCCTCCGCACCCGTGAAAAATCTTCCTCATGACACTCGTTAGCCAGCCCAATGACCTTCTCACAAGGAACGTTCAAGGCTATATGCATCCTTTAAATTAATCGTTCCAAATACGCCGGGCTCATGCATCCAGATGGCACGATCAAACACAGACCGCGATTTATATGAGATTGTTCTCACTACCTACCAATTCCTCCGCGTATGCGTCTGAAGCCCCAAAACCTGACGAATCCGTGCACATTTTACAGTGGTAACCGAACACTGCCGACTCTAATAGTGATAAGAATATGATGGGCCTCGTGTGTAGGTAGTACTGGGGAGGTAAGAGCCCGTACTCTGAGCCTTCACAGGAAAAAACGCGGCGGCGGTTTCTTCTTTTAACTTTTGCTTATCCGAACGCGTGAGAAGTAGGTCGCTATTAATTCCGCTCTACGCCACTTATGCGGCTCTGAGATAGCATGCACCTCAAGAGCCGTTGAACTCATGAGCGGCCAGGTCTAATGCGTTTCAGCTGTACCGCTAAATTAAGCATCCGGCAAAACGCCGATGGCTATCACAGTCGGGGCCTGCTGGGTGTGGCTAGCGCTTTGTCTTGTCACCTAAGATCTGTAGTTAGAATGCATGACTCTAGCTAGGCACATAACTAGGAGTGTGTCTGTGTTCAGAGTCTTTATCGTCAGGCACAGGGTTGTCTGGCCGATTCAGCGAAGGAGTACC,1073,50.14,Escherichia coli
SEQ_424216,CATAAGCAGGGACGTAGATAGTGGAGTCGATTAGAGTCGTACTATAGTTACCGTTTATTCGAGAATATAACATTCTTTAAAGCTAAAATATAAACTCTCTTTCGTGTCTGATATTTCACCCGAACCACGTCCCCACACGTTGGACACCCGGAGGAAAGCACAAGCATTGTTCCCCTGGTCGGGAGTACACTAGATTCATATATAACTCTTCGAGGATCTTGCGACTGTTGCTACTCGATCTGCTAGGATTTTCCCAGAAACCGGGCTGCTCCACACCGTACGGATCTGGATTTAGGGGACGCAAGAGTCCCTGCGATGAGTAATGCCAACTCAGTGCTGGTTACATCATCTGCAGTCGGCAACGGCTGACTGCATTGTCAGGGTTCATTGCGTCGGGAGCGTTCAAACATTATCCGTGCTGCTGTAGAGTATAAGCCTTGCTAACGTACAGGACGTCCACGACCTTCCTCGCGATTTACGGAAAGAACTACGGGAATTGGAGTCGTTACTGATTGACGGCTGCCTAGTTTATAACCATAAGTTAAATCTAAGATCCCCCCTCCATTTGACGACGTGGATTAGGAAGGTCGCTTGGATCCGCGTAGCG,607,47.94,Mus musculus
SEQ_318451,GAAGCCGTCCTAAGCGAATGTTCGAAACAGGAACTGATGCATCGGAGCACCTCGCCCGGCAGGATCTTTGGTGACGGAGGTAGTGATGCAGCATATGGACTGTTGGGACATATTGCTACAGCTCAAACAAAAACATCAAATCTCGCACTTTAGCCTACATTCGCCTCCAGCTAAGGGGTCTAAATTGAATGAGCCCTGAGGCCCCTCGGACTGCGAGCTTGATAGCTGAAACAATCTAATGAAAGGCCCGGGGGGAATTAGCAAAGAGATGGTCATGGCTGATGGAGATGTAGAGAGGATAGCAGCGTTGCTGTTCATAGCACGGTCTGATGTAATACCGTCATTATACGGGCTACCGGTTTCGTGCTATAAAGGCAAAGTATGGTACCTGCAGTGATGTTCACACCACCCAGTAAGTAGATGGGGTACCATCGCGGGAACGAGCACCCGCAACACGATATCTTTTTAGGCGGCAGTAACCGACACTAGCTAACACGCGCTTATCCGGATGCCTGGCAGTGAACACATGTGTGCGTAAACTCCGCAGCTGGGTCCCAAGCCTCCGAGCTTGCTTAAGTAGAGGGTGGCCTATGCCCGAAGAGCGTCCCAGAACTGGACAACTCCAGGCACACTGTGTCCATGAAAGTACCAGACGACGAAGATCCCTCAATCACTCAGGTGTCGTTCTCTGCTTGGGAATGCCTTATGTACAGGCGTGGGATATCCCTAAGATGCATGAGCGGCAATGTCACTCAAACGCCGTAGCTCCATAAGAAGTACCCAGCACCGCGCTCATGCCCTGTTTCTCCACCCCATTTATGAACGTAACGTAGGGATAGTACGCAACTCTGAATGTTAAATCACGGTAAACCTAGGCTGCCTCCCCATAACTCATACGCTGCGAAGGTGCCAACGGGCCTGATGCCGGGTTAGTCAGCCTAGGAATCGTGAGTTATGCAATTCTCCAGGGACTCGCATTGTAGAGAGGCAGAAATAAGTTGACATACGAGCGCTAGCGGCACGGCACGACCCCAGAGTCCGTGGGGTCGGGATCTTCTGTGTGTAGGGGTAAAGTTGTACGGCTGCGGTCTTTGAAAACCAGCGACCCCATTTTTAATCCCCCCGTGACACAGCCCTGTATGCGGTCGGGGTAAGTTGACGAGACCCTACGGAAGCT,1177,52.34,Homo sapiens
SEQ_850348,ACGGAAGCCGTACCCGTATCAACTTTCAAGTGATCACCGATGCCCAAGTATGAGAAAGGCTTCTCTGGATATAACTCATTGTAAACGACACACAGTAGCTTAGATAACCCATTTGCGGTGTTTGGGGGATCACTACACATCGCGGGAATCCTGCGAGCCCTTATGCGGTGCTACCGAGTTTCAAGGCTTGTCACTAGAAGGACCATGGATCAGCAGTAGGTGCGGAATCCATATTGGAGAGATCTCACTTACATGCCCGGGTCGTTCCTCAAACAACATAGAAGTGTCGTCTCTCATGTAGGAGAGCGGGCCAGGGAACCCAAGACAGACGCTTACAAACCGCCTTTGGAGAGTTATAGACGCCTTCAGTTGGTCACGCACGCCTGTATCCGAGACCTATGCGTTACCGTACAAAGTTTAGAAGCAATTACCGGTTATAGAGGATGAACTAAATTCGGCTGTAAGTCCCCCGGGCAGGCTCACAGGGACAGGTTCTGTTTTGTTTTGCCCCTGCCCAGCAACCGACGACTCGGCTCACTCGCAGCCAGGCGTTCTTAACATCTATCATAATCCCTACGGAGCTTAAGCAACTGTGACTGACTGTTTCTAGAGTTATCGTTTAACGATGAGGTTATTGTCCCGGCCCTCTTTCGTGCTCAGGCGGAAGTCACTATCAGCTAAGCCGGCCGCAACCTGTACGACCGCGCTTCATGATAAGCCGGTGGATACAAAAACAAAAACTTATAATGATATAATCTGCGCGTGCCACGGACCATGAAATTAATGGTATTGCAGAGGAGTTTAATACGCATCGAGCTGCGACTTGCTGGTCGCACTATCGTGCGTCCCATAATGCATAAAGCCATTTATGAGAGATCTAAGGATGCCGGCAAGCCCTTAAGGACATATTAGCACGCCCGATAACGAAAACGCAGACACTTAGCTTAATAGACGAACCTTTGCCAACAGTGTCAAAGCATACACCTTTTAGTGTTATACTGACCTTTACTTGCTCCCTCTGCAGACATAACTCTATACCAGAGCTGTTCTCGGTAACCAAATGGACGATTGGCTCGCCTGTATCTATATGAGCACAGCGTTGTGTCCCCGGGCGGGACATGGCGACTCCTCCGCATGAACCGCATTCGCGATGCACTATCATTTGAGGGTAGAAGGGATCAACTCCAGACATATGTCTGCAGTATAACGACGCGTGGCCCCCCCCACCTTTATGTTACTTTTCAAAAAACTACATAATCGAATGTATGAGACCCTAAGGGCTGCTAATTCTATCAACGCTAGAGTCGCCTAGGGAGCCCGCACT,1324,48.94,Escherichia coli
SEQ_885070,GTCCATGCGCCGTACGCTGCGGGGGGCGGAGGGGCCCCTTTGGACTGGATCTGAATCGTCCGGAAGGACACTCAATTGATTATGAATATTTTATCAGCATGGATACAACGTAGTAAAGTGAGCTCTTATGTAGATATTGCCCTGAAACAGGCTGTGACGCTGACAGGGATTCACTCACACACCCACGCCAGGAATAGTATGGAAACGCCTAGAAAGTATAACAGAACAAACGTAACGGGGATAGGCCTTTGGGCTTATTGTGACAACAAATAGCAGCTGGTGAGTCCAATGGTACTATGTAGAAAATTTCCATTTTCCAACCGCATCGCCTCGCTCCATAGTAATTGGTTAGCATAAAACTTTCATCTCATATGACGATGGCTTGCAACCTGCCTAAGCTCTAGCTGAATGCTCATGCATCTGAAGCGCCTAATGTTTTTAGTCTGACCCTCGCCGAAGACAATTCACGTCCGGGCGCTCTAACTTTTGGTGATAAGGACCAAGAGTCAGTGAAACCGCAACTGCAACCTCCGTGTGGGCTATTTGAGAAGATGACTGGGGCGTTAGGGGCGTAACTTGAAAAAAGCCGCTCCTTCAGGTTCATGTACACAGGCTGTTAACATGGCCGAAGACATGTTGCGTCTATGGCAGTTTTTCTACAGAGGCTATTCGTCCTGATCAAACAACTATTCACTCGCCGTCAATGCCACCTATGACCGTAAACAACTACCCATACCGCCGTCATGAGGAAGCCAGCTGGTCGGTCTCATGCTACAGTTCAATTTAATCGCTTGCACCGTTTGGCTTCGGTAGTCGTGGCTCAGACCTTCAGCCTGAACCATAGGACAGGGGTAAAGGTTCACATCTACGGCGTTTATATCCGCGAGCTTCCTTTATTTACATGGAACTTGGGGCACGTAATACTTTTATAAAGCACAAAGACGACCGGCTAACGTATCGTAGAGCAACGGTAGGCACTCCCTCCCTGTCTTTGCGGACATGAGGTTTGTTTGCATTCCTCGGCCGTATTTAACGCTCCCCGGGCGGTAACTCGATAGCCCCACGGCACCCGTATTTGCGCAGGGTAGATATAACCAACAAGAATCGTGAACAGATTATAGCCTTGGCCGTTAGGGCCCAAGCCATCCTGTCGGTCAGAGTCCCGTAATGCCTTAGGTTTACGTACTACGGAGCCGCGTGGACCAGTGTGCCGCCTTGAAGTGCCCTCATATCTACTATCAATCTGATAGTTACGCGAGGTAACAAGGATCGATAGGGGAGCTTCTTAAACAATGAGGCAGAGCGGGATTAGGCAAGAAAGAAATTTAAGTTATCCATACAAGGGGGATTGATATCTCGAACTTTAATGTTCCTAATAGCCCACTGCCAACAAAGGATAGATTTTGAATTATCCATTTGCACGTACTTCTAGACTTTTTACCTGCGTATCGGAGTTAATTTATGACTCACTTAAGTACAGTAACTGGAGGAACGCGCGCGGGACGTCGTCGTTAAGGCTGTGCGACTACTGGGGGGCCCCTGTCCCTAAACGGTTTAACATTGCGTTTACCTTAGGCAGGTAGACACTGGGCTATCCACGAAGCTAAAGGAATTTATCATTTTATATTGTCTCAACTCCTATTATGGGACGATAAATAAGTCTCAACGGAAGGACGCGACTGCCGC,1686,47.92,Caenorhabditis elegans
SEQ_911996,CCAGGGCCGTGGGATCCAAAAGTCAGGCCTCGACTCGTACAGCTTACGACAGTAACCCGACTCTTCTCACGACACTCAAAAATGAAGGCGCGCGGGGTGGGTTACAGCCCCATGGGCACCCGACACGCCAACCTCTGGATATGCCCAGATATGGTCCATCTCGAAACTGTCGAATTGGGGTATCAAATTCTAGGGAGAAACGGCGGTTATTCCTTACGTACGAATCCCACGTCCATGACGCAACGTCAACCCAGATTAGCGAGGAAAAGTCACTGGGTACCAAAAGGATAAAGTTTGAAGCCTCAGTACTCGGACTGATGACCGAGTCAGCGTAATCGGTGACGTCCTACGCGTTTCAGGGCTATTTAGCGTGACCGCCATTTGAAGTAAGGTACATGCCCCTGGATGCTAAAGTCGATCCGCCCATGGCGTCTAGACTCCCGATCAGCAAGCGGCGGAATACCCCTGCGGGCTGCCAGCACGCTGGGCACTTGACTTTGCTGATGTTCTTAAAGTCTTAATGCAAGAGTTCTGCGCCGTGGTCTCCACGCCCTGGATGTCTACGCGTTACATAAACCAGTCAGCTGCTCTATAACCAGACTCGCGTCCCTCAACTCAGCAAGCGATCAATGATCAAGGGCCAATAGGATGACAACGTCTGCCGTCCCATCAAATTGAAAGCCCATTGAATTCGATAGGATCTGTGAGGCCCGTAGTAGGCCTTTCATCACACATCCAACTGCACACCCGTTGCAGTCAGACTGCTGTATCGATACTTCGGGCGATATGTGGCGGCTTCTATCGATGCTTAGTCGGCCTACGCCGACGAAGGCGTGCCACGGCCCGGCTAGACCCTCCAGCCCTTCCAGCCTTTGGGCACTCATTCCATGAACTACTTCCTCCGTAATAAGGGGCGTTGACTTACTGGAGAATTGGGAAAGTGGTGGAGCTTTCAGTAAGATGCGTCTAGACTAACCCCGCCGTGTATACCGA,993,53.37,Caenorhabditis elegans
SEQ_930241,AGCGTAGCTGAAATTATTCCGCGCCACGTTTTATTGCTGGATCGCAAAGCACTAGCGGATAGTGGTTAAGACACCGACCTCTGCCCTTGATGTGTATTGGGTTATCATGTTTAACGACCCCGTCGTCTACTCGTCATGTATCCTTTAGACGGGATAGGATGATTGGCCAAGCACAAAATAACGCGGGCATCGTCGAGCGGGCCACACAATGAGAGTTTTGATTACCCCT,229,48.91,Mus musculus
SEQ_850756,GAAAGCAGTCAAACAGCCGTCCTGCGTGTGACAGTATTTACGCTTGCATTGGTCTGCTGATGAAATCTGACGGGCCCTCTCGTATACATGGGATGAAGAGCTCATGTAACAATTCTCTAATGGCATTGTACGAGCGTCGGGTGCCAGATTGAAAAGCTCCAGGCTTCCGGGCTACCTATGTCCGTACTGGGATAGGGCTTCCCATCAAATTGCTCCGTGTAAGGCTGCTTGCTTATGTCAATCAGGTGTGTCTAGTCGGATTCCACGCTCTGCTCGGTATCAATGATCCTTGCTTGATTTGTTTGCTCCACTTAGGATGACGCCTGGATAGCCACTCATTCATGTTACATAGCCCTCCGACCAAACTTCTAATTCGAATCCCTTCGGCATGTGTTGCTGAACTTCAGACCGTTTAACATAGAGTGAAGAACCAATATCATCCCGCCAATTTAGGGGCACGGGCACTTCCGACCGGAAGGAAGTGTTATACGATC,494,48.79,Caenorhabditis elegans
SEQ_286952,ACTTACGATGTAATAACGGACTCTGTACTAATAGGAACATGGTACTGGCATCACTGCCGCTCGCCGTCTCAAAACTCGCATATCAGCATGGGTACCGTCCCTTAATGCCAGGTCGGGTATTGCAGTTGGAACGGTCCCCTCAGCCAGATCAGCCATACTATAAGAGAAGTAGCGCGCCCACAATGTTTTCGCGTGCTAGGTCTCTCATCTTCTATGCTTGTGCTCGCTCACGAATTCAGCGGGCATAAGCGAAACCCTTGGGAGTAAGAACTTCCACCGGCCGTGATGACCCAAGATCGACGCGTTCTGAGTCTTTTACTATCGAGCCGAGGAGCGGTTGCTAGTCGGATGGACGGAGCCATGCGATCCTGCGGAATTAATGAACACAAGAGCATGCACACTTCCAGCTTTGGGTCATTTGAACTTCCTTGGTTTGTTGACAGTGGCCCTTAGTGTTTATAAAGATCTACTAGTGGTGAGTGGCGATGTGGAATCGGTCTTGTTAAGAGGAGCTAGCTCTCTCGCTCGTCTCTTCGCTACATCTAAGCGACCAAATGTTGTACTTGACAGCAGGGTAAAGTATGAAAATTTACAGCATGTCAGGCCACTTAGTTTTGCGGAAGGTTCTGCACCTGTCATATGACAAGAGAAGTGTTCCTAATACTAAGATCGCGTTCACATTTAGGAAAGTCCGATGGGTAGCACCCTTCAGGCACAAATATATCCTTGTCAAGTATAGCTCTTTTCACGAAATGAAAGAACGGGTGAAACGGGGTACCGGGCCTACCGCTCAATTTCATCTTATTGAGCTAACCTCCAATATAATGCGGTATATATTCGTGTGTAACCTTACCACCTTGCAGGAGGTAAACATGTATACGTACCTACTGCTCGTTCAGTGCTAGAACGTCTTGGTCGTGCCCGTAAAGCGCACGACCAAAGCCTGGATGTTATAGTAAAGGTCTTCGACGCCTACCAACAGTCCTGTCAATAGATCGGAATTTTAGTTGCTCAAACACCAGTGTGATAGCTATCTCATGGCGCTAGAGACGGGAATTGTTATCGACGACGTTTTAGCAAGCTGACCGGTACCGCGACTCAGGAACCGCCCCCACGGCTCTCCACTATAGGGGGGCGGAACTTTATAGAGACCACACTAACACAATGGTAGAGCCCGTATGGATATTGATCACTCACCAAGTGGAGTAGCCCAGAAGTGAAAAAGGCCTTAGGGTGCAAATTACGTGTAATTAATTAGACAACCCGTTCCAGCATGGCCCTGATAATCGTGGTGGGTCGTACCGCGCATAC,1311,48.28,Mus musculus
SEQ_356590,TGAATCCATGGATATAGCTCAGTTACCCGAGAGACAATATCCCGTGTAGCCCCGGGCCATGAGACCCTACCCGGATTAGCGCAATAAAATATCTATGTGCGCCACACTCCGGGGGGGTATTACCATCGATGCCGTGCCCCCACTCATCCTCGGGTTCATGCAGTGGGTTTGATGGACCCCGCTGCCGGCGCGAAATTTCCAGTACGTCAGTTCATGATAAAATCATGACAAAAAAGTCCTCACCAACTTACGGTACGTATAAGTTGGCGTCTTTAAAACCATAGTCTTCGCGATGTATTAGGCTGAGTATCTTTATCGGGACTAGTCTTTTTCCTTTGGTCATCACGTTCAAGTCGTCCGCAATATCGTGTTACGCAGGAGGGGTTCGTTAAAGCAAGACAGCTTGTTCTCTCGTCCTGCCCTCCGGCTATACCTCCAGTTCAAAGTCATGAGTGGTTAAAGATTGCCAATCGTGCGCCCTGCCTACTGCACCAAGCCTAACAAGAATGGACACTGGGGCCCAGAGATGGGGACGTGGTTGATCGTAGGGGGAGTGGCTTTGATAGGTAGAGCCAAACAAGACGTGTATCTCCCTAGTCTTGCTCCCAATCTGGCCGAGTCGCGGAAGCGCTCTTCAAGAGTGATAAGTCTGGTTATCGCTCCAGGGTACTTATTTGAGCTACTGAGGAAGTTGGATAGGTTAATGGCGATAACCAGAGAGTGCGTCCTACACCCACACAACGCTCTGACGAACTCAGTGATATGTGCAGCGCGCAGCCAGCTCTCTGTCTGTGCGGGTACCCATTGGACAATCTGTTTCGAGGAGTTGGGCCCTGAACAGAATCACATAACCTTATTACTTTGAATACTTAAGCTTAGAGTGTATCCTCCGAGTAAGGCTAGTTGTCCTGGCTTAGATGCGAACTAACCCAAGCGAACCCGAATTCGCTTCGAATGGTAGTAGACGGAGCGGTAACACGGAAAGGAGTTAGCACGTTATCAGATCCTTCCTTTGTGTGTAATTCGCAGCTGCTATCGGTGG,1042,50.0,Escherichia coli
SEQ_190589,TGGGTAAGTTCGTGAAGTTTCCTCACTGGATGTACACAGCAGAAGTTGTCTGCCAGTCGGTCCTGTGTTCGCGCGGATCGCATCCAGGCCCTCATGGGACTAAAGGTGGTTAGCGGAAATGCTCATATTCCTGTCACGTGTGTCTAACCAGCGCGTTACTGGCATGTCTTGAAGGGCGACCGCTGTGGGCACAGTATCCCTTGATTTTAGCAACAATCCGAGCATGATCCGCGGCACTGCTTGAGTTAATTATTGTAAATTATGAGTGGCTTTATGCGTTCGACGTCAGATCACAGTCTGATCCTTCGTTCATCACCTTAAACGCCGATACCCAGTGTGTTACAGGCAATCCGGCCGCGGTGCACGAACCACCTTGTAGGAGTATCAGCGGCACCTTGAGATCCCCCTCGAATCAACTTCGAACCATTCTGCGGTGGAAGAAGATGCGGGTGCAGCGAGAGACCCAGATGCTCCTTATGACTAGACCTCGTAGATCGGTGGGTGATCAGACAACTGGTCGTCACGCGGGACACTTTCCCCACGCCGATGAAGTTGTGCTCTGGATAGCTTCGCGTCCTCTCAGGCGACAGGAAAAGCCTGCCCATCATCAAAGGGATTCTTTCAGAGACCTTAGAGAACCACTCCGATCACCGCTCCATATCCGGGTCGTCGAAACAAGTAAGATGGGTCCGCGAATTGGACATTCTGTCACTGCCGCATACGGCCGACCAGGTCGTGTTGTGCCCTATCCACCATACCTAACTGATTGTAGTCCGAAGGAAACGCATACGCTAACTTGCCTGTTCAGGACGGTTGGCATTTTGAACACTGGATTACGAATCGGTCTGCTCATTGTCCCTAATGTAATCAAGGAATGGTGGCATGGGCCTCCTTTAGATTTCAAGATAAAATTCATAACTGCCCGCACTCTCAGACCTGCACTACTTACAGTTAACGGGTTAACATCTTCGCATT,975,51.08,Drosophila melanogaster
SEQ_404072,AGTGATCATCAACGGGGTACGTGTCTTAAGATATTTGTCTCGTGGCTCACTGACCTCGTCCGGGTCAGGAGGTTGTGGTTCCTTAAGATGAGGTGTACGTCGAATGCTTTTTG,113,48.67,Saccharomyces cerevisiae
SEQ_153701,TATTAACTTGTGAGCTCTGGGGCCGAGCTTCCGTCCAAAAATAGTTACGAAGTGTTGATCGGAAATGCCACTAAGTCACTGATACAGAGAGGTAAGATTGTGTATCTTAAACCTGCTATTACATCCTTGTCTATAAACCACACCTCTAACCCTGTTCCCTACGCGGAAACGCAGAATCAGGAGAGGTGTAGCCGTATTTCAAGTGATGATAATTGTTACCAACCAGCTCCCGTTGCCTCCGAGTTGCGACTTAGTCGGTATCCGCCTCGTGGCGTGGCCTTCTATCTACCTCCCTAGGAGAGCTACTCCGGACCCGACAACCAACTGTCTAGCATAAAAACCGCGGCGCGGGCTATTACGGCATGCGAAGCGCTGGAGCAAATTCCGCTACGCTCTTCAATGGCTCACAGGGCCCAATATAGAGTTACAACGGTCGTCAAATCGGCCCCATATAGTAGTCTCGTCTCACACTAAGCGATAGCAATAATTACAGATCGCGATTTCTCTGGGTCGCGCATATCTTCGGTAATCGCTATCGGCCGATGATAGCGCAAAACCCCCCGAACGTCACAGCAGGTCCTATGGGTACACAGACAGCAGTGATCGGTCACGCTCAGGTTTTACTTAAGCTCAGGATTCACGGACTACTAGAGTGTGGCAATAAAAAAGCGCCACCCGGGCTCTACGACGTTTTTGCAAGCGCATAATATAGCTTCTAGTTTGTCGCTTTAGAGCGGGTGATGCCTCTGGCGTGCAGGCATTGCCGGATACCGGTAGCTTCTCTCATAGAGCCTACATTTCGTAAGTGCGTGCGGTCCGCAATTCACTGAACTGATCGGGATGGATCCAACAACCCGGTACTAACACGATGTATAACCATAGGTGACGGGGCTCTTAGTTGAACTAGCTCCGTTCGCCCACGCGTAGAAGCAACACGAGCTGACAGGACAAGTAGACCGCGGGCACGATTATATTTAATTTTCGCTTCGTTACCCAGGATGATAATGCATCCTCCCATACCATTCATCTATGACATGCTCGTGCGGGTTTGTTACCGTTATGCGATACCAGGGTTTCTGCCTTAGGTCCCTTGCGACGGGCCATTCTCGTTTAAGATGATTTCGACCTCGCATAAATTAGACTCTGGGCGACCTCTTAGTCCACTAAGTGGCTAGTCTGCGTTAGAGTATGCCTCTTTCTGATTCGACTGTGATGAGTTTGACCGCCACATCTCCTAGGGAAAGTATGTACGCGAAGCGTACAGCAATCTGCATATAACTTAACGGATGAACTCGGCTGAGTGTACCAAACGTCTGTGTGGGTTTTTTGCAGGTGGGCAATCAGTAGTTCCTACAATCCTGTGTGTTC,1368,49.49,Mus musculus
SEQ_921124,CCCGGCGGATGAGTCGATTGACCCTCGACTTACCTACCGGAGTGCGTTCATAAATTCAAGCAGACGTCGCACCGAGGCAACTCACGGTCGTCGGCGAGTGGAGATGCAGTGGCGTGAACGTCTCGCGTAAGCCTATTTAATGAGTGCATAGCACTAATTTGAGTCGACCCGACTAGATACATCTTTGTGGCAGAGTGGCTATTGCAGGTGATCTCTATTAGGAATGGTCATGATGCGTTGTTCACATGGTAAAACATGGAATTGTAACAGTACCTTGATGCATCGCAGCACAACTACATCTACCGGCTTTTATAACTATATGCAAATCGTGCTTGCATATTCGTGTGTACCTGATATTCAGGGGCATCCCCTCCTTTGTGAAGCGTCTTACCCGTTTGGAACTGCCACTCGCAAGCACTTGGACGTCGATACGCACCTTTTCCCGTTAGTGCGCAACTGGATTTGGCGCGGTCAAGGAACGTCAGGCATCCGGACAGAGTGCGGGTTGCCAAGGAAAGTCAGACAAACCACACTGCACCAAGTGCATGCTACATTAAGCAGTCCGCATTCCTTACCGATTCCTTTCTGCTGATGGTTGCCAACAACAAGCGTCACGCTACATGGACGTAGACTTCGGAGACAAGGGTCAGTCAACTATTTGCACTAAATAGGAGTCCTGCGACCACACGCGCCGACATCATAATATTATTAGCTGGCTTGGTTGCAATGCGGCTCCAACTTTAGCATACTCAAGAAGAATGCGCCTTGTGGGGCGTCCGTAGATTAGGAGACATCTAGTCGTTAACGAGAGCACGAGGCCCTTGTCACCGACGTTAAAAGTTGTACACTGCATTATAGCAGACTCGTTCTGTTGCTGTGTCAGTGATACGCTTTAGAATACACACTCTATACGTCATCTCCGTGGGAAGACCATTCCCCAGCACGGCGCATTAGTCCGTGTCCCCTATCTGTATGGTAAGATAGCACTGAGTGCTCTCGCTTGCAGTTCTTATCCCGTTGTCCAAAGGGCTAGTAAACGCGCACAAGAAATGCCTACCTAATATGATAGAGCGGGCTTTAAATCTATTCCATCCGCGTATTGCTATCGTCAA,1112,49.1,Escherichia coli
SEQ_549585,TCAGTTATCCAAGAGGCAATCGGGACGACGAACGCCTAACCGAGTGCAATGCAGCGTGATGCCGAAAAAGTTGTCGTTGACTGAGAGCTTGGGTTTCGGGTGAAGTTAGGAACTTATCTTAATGCCATTTCTGTTTTACGAACGTGATGGCCAGCGCCTTGGTTTAGTTCCTGACGGCGTAAATCTAGCGCCAGGCTGCTTAACTCTAGGAGGCCTGCCTATGAAGCCAACTGTCACCAGTGCTCGGGCTTGAGGTCTGTCGGATCGAGTTCGCCGCCTGCGAAGAAAGACACACCCGAGAGTGAGTCTAGTA,313,52.08,Saccharomyces cerevisiae
SEQ_485576,TCAAGGGGACTGTTCCGGCCGTGGTAGCAGGTATGGTATTGTGGCCCTGAGGCTCGATCGTCCAGCCTATCATTATCAATAATTGGACGTGAGAAGAAACGAGTTCGCGAGGAGGCGCTGCTGGATCATGTAACGCTCGTGACCTAACCGTACGTAGCGGATTACACCAACGGTGGATTCGAGGACCGTGGTCAGACACTACCATGAATGACCTTCGAAAGATCTTACTAAGACTAGGGGTAGGCGCAAAGTGGTTTGGAACTTCGTACCGCCGGCCGTTAGGGGCACTCCGGCCGTCCGGCATTATTATCGACTCTAGTAGGCGAAGACCCTTCTTACGAGGGAACCGGATGACACAATAGGGATCACCAGCGCAAAGAGCCCCATTATCGTCTAGGCAAATCACCAATGCGTGATCCGGGACACCTCGTCCTCAAAAGAGAATACGGGTGCGGCACTTAGGACAAAGATCACCCCAAAAGCCCCCTGTCTGTATGCTCCAGCGGTAGTAATGCCGTCCTCCCAGATGTACAAAGGATCCCAGATACGGG,551,53.54,Homo sapiens
SEQ_457576,ACGATGGCAGTGCCACTCCTTTATATCTAGTATACCAGGATGTCGTCTCCCCAAGATAGAAGCAATCCGTATATTGCACGCGTTAGCCCGAATGACTACATTAGCGTCTCGCAATATCATGCTGAGCATTTACTTAAAGATTGTGCAATTACTCCACGATGATCAGAATCTACGCGCTTCAGGGTGCGTTCCAGACGCACTCTTTAGAGGTTTCCCCACTATTTAGGTTAACACGCGTAGGCTAAACGACAGATATCCAGAGACTTATAAGATCGGTGTTTTCGAGGCCTTTGGGCAGCGTCAAGCTCAGATTCGCTCAAGCAGAGGTGTCGACAGGGGCGACCCAATTTTCTGGCCATTTCATGTCTCTATTAGAAATGCCGTCACAGTAACTAGGTAAGCAAGCACGATGCGCTTCTTACTCTCTCGTCGCGTGGGTAGGAGCCTTGTGCATTGTCGGCTCTTAAAGGCCTAACATGCAGTATCTCGTAGCGAGATTGCTAACATAATTCTAACATATTCGCTCAGCCCTCTCATTGAACTTTCATAGCGACGCCCTAGTCAAGTTTCGGTTTGCAACCTCCGTACCATCTGCATCCGGCCACACCATATTCTCGGGCAACATCGTGGAGTTGCGAAGTGAATCTTAAAAATCCCACCCGCTTCTAGCTGAATCGCAATAACGCGATAGACTCGGCCGTCTCATCATGCGCCAGCACAAGTTAAACTGGCCGTGGCCTATCGTCGGTAAGGTGAGGATGTTGTTACCTCTGATAGGTAGCACGTCAGAGGTTAGAAGTTACGTACATACCGTAGTTGACAACACGATTGCCATCGAATGGGTCTTATACGTTCATCCTTCTGCCTAGGAAGTGCGGCTGCGCTTGTTGTAATTGTCCCGGCTCCTGTAAGTTTGTCCATATTACAAGCTCCCAGACAGTTCCATGTCGCACCTATTGTGCGATCAGACCGAGGCCCCTCGAGCCTGACCGTGAGCTACAGCGTGTATCTTATTCAGGCTACAGGATACAACATAATGGCAAAGGAAATCGTTTAGACGACTAAATTTAATTGACACACCTGGCCCATCCCTTGTGGGCATCCACGCGTTGAGACTTACTATTTAGACAAGTTTTGCATCGAGACCATAATAGCGTCAGACCTGGGAGTTTGGTAGTACCGCTTAAGGGCCGCAGGTTAGTTCGGACAGCTACATGTCCCGATATCCGGACCGTACGCTTAGGAGGTAGGAGCGGAACGGAATCACAGGGGGCGCGTAGTATCAGGAGTACGTAGTAGAGCCGTGTGCGGCTGATAACTCCTTGACACTCCGCTATGGCAATACATGTTTTCGAGAGCATAGAGCGGCCCCGCTGAGTTAGCCACCTACGCGGTTTCAGTACAACGGCCAGAAGATGTCCCCTCATTGACTTGTTCATAGTTGCTAGCGGCGACTAGAGGCTCCCAAGCGCGTTAAGTAGCTGGCCGGTATGGTCACGTACATCCAGTCCCTGTAGAGGCCGTGTGTTCACTGACTGCTTAAGCGGAAATGAGCTCACGCCGGTTAATTACATGTAGTTCCCACCTCATTGGACCCCGAGAAGTGCCAGCGA,1613,49.91,Escherichia coli
SEQ_835617,TATCGTTAGCGACGTCTGGTATCTATGTTCTTATTCGAACTTCGTCCGTCCCTAGCTATTGACGTAGGTATCGAAATGCATCAGCACGCGCTCTTCCGCTTCGAGGCCAATAGACCACTAACCTTTAGGCGGCGCGGGGTAAATCCTTATGGTACCGTCGCCCCTTCATAAGAAGGAGCTAAAGGGGTCGTGGACCTTTGACAGCGGCAGCTATTCACGTCCTGGGCAATTGCGACAACTACTTTAACGGCTTCTAAGAAGAGTAAGTCTATTGGTTATGACTGCGCACCTGGTGAGCAACACGGTCTCAAGTGAGAGATACTGCCTCTCCATATAGATGCGAGGAGAAACAAGTATATTCATAGGAAACGGAGGAGATCACCACGGAGGTCCAGTCTAAATGCCCGGAAGCAGGCCGGTGAAACGAATGTACGAATGAATAGCACGCCCTGGAAGGTCCAAAGTCGGATGGCGTCTAGTTGTACGGGCGGCCGTGTTGCGAAGCTCGCTGCCGAACCACATAGGGACTTGTCTCCTGTAAGACGGTTCAGAGACGATCCTCTAGTTGCGAACTGTGTATAGCTGTGCCGGCCAATTTAAATTACCCAGGTTGCACGGTAGGGTTAAGCCCATCCCTTCCTGGCTCAGAGGGCAACCGTAGCCTCTATGGGGGAGCGCCACCCGTGCGCGACGTTTTACAGATCCTCTCTGTCGGTCGCTGGGGTCTTCGTTATGAACAATCGGGCCGACAGCAAAGGGGAATGGTCAGCGCAGAGGCACAAGAGACTTCTGCAATG,797,52.7,Homo sapiens
SEQ_415755,CGATGCATGTATTTGGTACCGGGAGATTTTCTAGCTGTGGGCTTCTCAGACTTACACCCATGACAAGTCACACGCGGTTGCCGACCCTGTCAATGACATTGTACTCCTTGGTGTAAACGAGTGAGGCTCATTTTAAGGAGGTTGAAGAGTATGCGCCAATCAGGAGGGCTATCACTGTGTAGTCCACCTTGATTTGGGGAGTCGCAAGCTACGGAAACCACAGACGTAGGGTAGTTACCTTCCCGGAGAGGCGCCTAAAACGGGTAGCGAGTGCTTTACGTCAATCAGCGAAGTGGGCAAAAGTCTGCTGGAGGAGTGTTCCGGCCTCTAGAGAGTTACGGGACCCGCGTAATGACCGTTCAGATGTATGCCGAAAGCTACCGGAGGGAGAACCGGCCGGTGTTACGCCGATATGCCATCCGGATGATTGTCGGCTAACACGCTTGAACGGACTAACAATCAATGCGCTGTAATTTCAGGTATGGGTGAGGTACGTTGCGACCGGGTACCCTATAGGTCGACG,523,52.58,Escherichia coli
SEQ_207384,AGCGTGTATGCAAACGCAGCACACAGTTCACAGCGACAATCACTCGTCCACACATTGGGTCTAGGGGTACCCCCAAGAGGTACTATAATGACGGGGGTGGTGCGATCTGGTCTGAAGCACAGTGAACCCCGCACATTCCAGCCATTGAGTGAGACGCTGATGCTCGGAGACATAGAGTGCATCCCGATTCGTTGAGCTTCTGAACTCGCAAGTGTACTACCTGTTCCAGAGTGGATGAGCATTCATACCATTTGACACTATACGGCCTGAATGAAAGTTGGGCGGCCGTCCGACTGCCCCGGCTCACCATACGCCCACTATCTCGCCCGGTTACGTACACGAATTCGTTCGTTCTCTGTCGGCTGATCCGTCCTTCTAGTCCCATGTCCCATATCAAGCCCCCGAAAAGATTCTCTGAACGTTGGGGAACGCAAACATTAGCTCACGTGGACAAACTAATCCGGCTTAAACAGGATGGGTTCGTGGGTTTCTATGCCCTTAATGTTAAACTATGAGTGTGATCGCGGGTTAGTGATGACCAGGATATCCCAAGGCGAGTCTGCATCTCTTTAGCCCGAACGTCCAAACACCGCACCGGGGGACGGTTGCGGTGCATTGAACTTCACTGGTACAGGAATATGGGCAGACTCGGTATCAAACCGTCTGCTCATCGCAATGTGCCCGGGAGGAGGGACCCCGTATTAAATAGTAGTAGGATCGGAGCTATGAATCGAGCCGCGTCTGGTATCCATTTAGGCAACAGAGGCAACTTGCCTACTCAGGGACATTGCCCACACTACTGGGTTTTCGATACTGTTACCAAGTATCCATACGCACTGATGACGTCCCCACTAACGCCATCATGATTGGTACCCAGGTGATCATTTATAACCTCGCCGCACCTTATGGGGCGGCGTAACAAGACGAGGCGGGGGCTTCATGTCCGCTTCAACTCTCAGCGCCTTCCCTCTGCGG,975,52.82,Escherichia coli
SEQ_157213,GCATTCAATACATTGGACATGGAGGGGACGCTAGCTCTACCGACATCGACACGTACCCTGTCAAATGAAACGACGGTGGCGGTTGGGGAAGAGCATTAGCAGACGATACTCATGGGAACGCCGGTCGCATCTTTTTGCCCCCTCCTTATCATTACGTATAACAAGTACCCCTGTATCACCGCACAGTGTACGGTGGTTGTCTTCCATAGGACCTCCGAGAATGTGCCGTCTGTACCGCCATTCCACCAGGCGGGTACGGAATAGCCATCCGTCCCCTTATTCAACGGCTCGGAGGGGGGTCGTGTGATCCACACTCCCTACTCAATTCTTGAGGAAGGCAAGGACGCCTATGGTGGTATACAGGCGCACACGCGAGAACCTAAGGGTCTTATAACTTGACCTTCCATAAGCGAAAGAGTGTCCAAAGCCACTGCCGTTCGGCCAATGACACTCTCCCCCGAACGGTTCTAATATTCTAGTCGTCCGATGTCATTCTGTCGCACCTGGGTTATTTAGTCTTAACAACGTTACGACACTACAAGACGGATTGAATCATTAAGGGTGTCTGATTACCCTCCCCTTCTAGCATGGGGAGAACTAGCAAGCAACGAGCGCTCGCGTCGTCCTCCGTTAAGG,636,52.2,Caenorhabditis elegans
SEQ_198491,AAGTTAGGCTTTTAGCTCGTACACTAGCCCCGCTACAAGGCGATTTACCGATGGCATGCTATTCTCTTGCCCAAGCGGGTCCATTATCTGACCCTCAACTTAGTTTGGGCTTATCTTACCAGACGAGGTATGCCCCTTGCATATTCGCATTTCCCTAGATGCGTTAAACGCAAACAATAGGTAAGATGAACCTTTAAGCCTGAACCCGGACCTTCGCGGAAGCTATGCTAGGGCACACCAAGGCCTTAGAATTGGACTCATGACTGTTCTCTCGATTGTGGTGAGCGTATTTTCGGATAGATAGCCTTTCGCTGTATGTGGGCCGATGGCCACCAGCCGTTCCGCAAAATACTCAACGGAGACCATGAGCCTCAACGCTCTCCTAAACACCAAGCCTTCCAAGGTACCACTACTAACTCTGGAGCATCCTCATATTAGGTTACCTCGGTCGAATGTGCGGATCTTGTTCGCACAGGTACCACAGCCGTGAAATAACATTGTCGCGAGACAATCCCCAATCGATCAAGTCAGCAGCGGAAAGCTAAAAGACCTCAGTGACTGACTAATCAGCCATAGCGATGTCTGTCACGAGATTCGGGCTCGGATCGCCGGGATAGCATTTCAAGTAAGGATTTCCACAAATCTGCACAGTGGCTTCGCTGGTTCATATCATTTAGGCTACCGCAATCTAAACTGAAATTCCATTGCCGATCCACTCTTGCTGCTGATTAGTAGGTGGGCAGCTAAGCTACGCGGCTACAACGTTCCGCCCAGAGAGGAGGAAACTCGTCACCAGACATAGGTGTTCCTCGCGCCATCGGACATACCGCCACTCCAAACATGCTGGTTTGGTTTTATGACGTATTCAAATGGAAATCCGGGAGCTCGCAACAACCGCCGGTTGGCGGTATTACGCGCCTGACTATCAGATACTACAACATATGTTTCTATCCCGCGTGCCGGTTTATATCCGCTCCGCAGTACTTCGTACGGAACTGTGATCAGATCTATTCGGTTAGGACACTTCCATACTAGTGCATGTTCGTATTCTCATCACGCCTGTTAGGGTTTTAACATAACCGAACGCTGTCGGATGAACGACGGATCCAAGTGATGAACGCGACTGGCCCTATATGGTATTATGGTCTCGTAAACTCCTTACCACTTCTTAGCTTGCGCCGGCAAAAGGATCCTCTAACTCTGCGAGCTGCTGATTAGAAATCTATATCGTAACTACCGGGATAGGGCCTAGTTCCAGTCGTCTTCAATGACCCTCCAAGATCACCTTCGAGCTTCGACATCTGGCATCATATCTTACTCGTACCGCGACGACTCTGAGCGATGTCGTCGCCTTAATCGGTAGCACGGCGACCGCATAGGGTGTGGCGTTGGCCGCGTCCCCTGAAAAAGGGAAAGGATTGTACCTGTGTGTGCTTATCTAGGACCTGACTGGACTTTCGCGTATTTGGACGAGAGCCGTCTCCAGCTTGTGAAGGTACCGATCGGTGAAGCACCTTTGCGACGATTTGCAACGAATCCCCTTAACTCACGGCTTGCTCTCTGAATGCCAACGGCACATATTTTAACTAGACGTGCAACAGAGACCCCGCAAGATACGCATGGATATACCCTTCGAACCGCTCGTGGACCATTGTTGGGGTAAGGG,1666,50.12,Escherichia coli
SEQ_920815,AAGAGGACGCTTGTAACGTCGAATTTCCGGTGTTGTCCCGCAGTACCGGGCGGTGGAGACGTGTGCACTACTTGCGACGTATGCCTCAATTTTTAGTTCCCTCCGTCATTCGGGCGCTTAACCCTCCGCCGCTCGTCCCCGGTTTTTTTTCGACTGGCGTTGAGCCACCAGAT,173,56.07,Drosophila melanogaster
SEQ_417922,TGTAGCATCACTCATTCAAACAATCGTTCCTCTAGACGATACAGGCACAGTAATTTAATCCAAAATACCCATACCAGGAGTGGCGTCAAGACAGCTGCCTGTACGACGCGCCCAAAGTCGGGGGATTTGAACGCGAATAACTTACCAGCCGCCCGAAAAAAATTGGCTTCCCGCGCACTTTATGACCAGTCCACTACACATCATATGTGTTGTATTACTCATGGACAATAGATATTCAAACGTCGTGCCGGACCCTCGGTCGACGTTGCCGGAAATAATTCTAATTGCGAGGGATACCGGTGGATAGCCCAGCATGGTTAGCGGGATGTGACCACACAGGAAATTTGCGGGCACTTCGAGGTCACAGGGGTGGCGGATAAGGTGACGGCGCCGCTGCAGTCCCCTATTGATTATTTGACCTTCTTAAGTAAAACGTCCAAATAGTGTATTTAAGGTCCGACCACTAGACGAGTTTCTAAACGTTGCATTCCACGGTCCGCACCTCCGAATACCCGCTTGTCAGTGGCGATACTGACCTTTCAGCTTAGGGGAGGATAAGGATTTCAACGGTTCCGGCAGTTTTACGTATCCGTAGCCATTGGGGATCTATGGGCATTGTTAGTCTTCCCAATCATGGAGTGTCCCGAACCACTATAGCGTTCTTGGGGTAGTCTTTTGGGCACGTACTTCTCTTAGCCTATAGAGTGAATCGGCAAATCTTGTAAACGGCTCCGGTC,737,49.12,Homo sapiens
SEQ_113510,GCGCTAAGTCGATCCCATGGCGGACTACTGCTGCATTCGTCCACGAGTGTGTCCGGGTCAAGCTCCACCGTTACGTCGTTGCTCCCCATTTAGCCACGGAGTATACTGGGAAAGATCCGGGGGCCTCTACGACGCTGGTTGTTCAGTTTCGCTCGTTCGCGCTCATCGACGCGAGCTGTTCCATACGGGCCTTATTACGACGCGAACAGCCGAATGTGAGCCAAGGATCCACTATCCCTGGGATACTGCGCCTCTCAGACTTTTGCCAATTTGGACAATTACTTGCTTGCTCGGCGTGACTCTCCTTTCCGCGATCAGGAGCTTTGATTGTGTCAAAGAAAGATCATTATGCTAATAATGTGTTAGCAATTACGCAATCTGGCCCGTGACGAGCCCTAGAGGTATCTTCGCCGTACAAACTGTCCGAACCGGGAAGATCTTATTTGCGATATCGTGTTCCATCGGAGGCTGAGAATTTGAACAAGTGTCAGCGATTGTGGCTCTTTCACTAGTGATTAACCAGAGTGGGGTGTGTGCTTCTTCGCTCAAGCTTACCGGTTCTAAGAACGCACGATAGAAGGTGCGTGCTGCCGCCTGCGGCGGCTGTCGTGCGCATTGGAAAATCTCTCCAAGTTATAGAAGTGTGCGACCGCCAAGCGCTCTTTGGTGATTTTGTGAACCATGATGCTAACCACTGAACTCGCTCATCTCAAAACTGTCTACGTTATCAAGGTGTCCGTATTCCTGAAAATTGCTATGTACCCGCACTGCGTCATCGCAACGTCAACAGGTGTTTACTGTGGGGCTAACAGGTGGTGCCGGTAGTCCCCACTAGATTTGGGAGGTCAATTCCTACGTGAAAAGGCTGAGACAGACTGGGTAATAACCCACTGGGTAAACACGATGCGGATGTGATTGTTATGATCGACGCCGCATCCCGTACTGCGCGAGTTGGCCTCACTCCCTCCCTGATCGGTCCTCACACTCGGCGTGCGCAGGCGGGTTCATTGCCCAGGTTGATTAATTCTTGAGCCACGACCGGCTAGAGGAAAGATCTAGATTTGGCACCTCCACTTTACAGAAGCCCTG,1089,52.07,Arabidopsis thaliana
SEQ_201150,CACAAAGTCGATGCCTAGGGTTGCCGGACCGGACAGGCGTAAGTACTTGGAGCCACGGATCAACATGAGACTAGGAGCTCTCAATTCTCAGCTTCTAAACTGGCAGCAGTGCAAACATCAAGAAAGGGGGCCGGTGCTGTGCGCTCGTCACCTCTTCACATCTCAGGCCACGTACATTCACCGGAGCAGTGCCTCTTAACCCATTATCAACCGATTGAGTTATCAAGCGGTAAGACCAAAGCTTACGGGTCTAGCCTTACTGGGTAAATAACACGGGCATGGAAAGGCGGTCGACTCGCTATCAATGCGCAAGGTAGCCGCCGTGCGCGTTCCATGTCTCGAGCTTAGCGGACGGCGGAAGGCGCTCACTCATGATAGATTAGTGAGGCCTTGTACACGGCTTGCTGCGG,410,54.39,Saccharomyces cerevisiae
SEQ_487798,CGAGTCAGGTGCCTAAATAATGAGCAAGGAGACTCGTTTACATCTGTTCAGGTCTGTAAGCGGTCGTTGGCTTCTGAAAGTAGGACAGAACAGCAGTATAATTCCTTGGTCTATTGTTAACTCCTTACAAATGGGGAGCGTGAGGCAGGTCCGAGTGTGACGCTTGCTAGATATCCGGTCCTGCGAGTTTGTCTATCAAGACGAAGCGGAAAATGGAAACTGGTGAGAGATTCGTTCCGCAATTGGGGCGCTTACGGTAAGTCTTAAAACCGAAACCAACTACGGTACACCGGGCCAGCGGCCTTGAATGGCAATGATCCGTCTATAGGGTCCCTTGCAAAGTTATGCCGGGGGTAAGGGTCCATGTTCTGTATCTCAGAAAGCTGGCTTCCTTATCGACTGCGCCGGGAGCGACTGTTTCGCCAATCTGTGCCCGATAATACCCCAAATCCGAAGAGGTTAGAAAAGTTCCTGTTAATCAAACGTCGGGCGTTTCGTGATTTGCGGGGCTCTCTGAACTGCGCTCAAACTCATACCCGGTAGTGCACTCTCTACGGCACTTTAACCATAATGCGTATTTCTCTATCGCTATCGACTACCCTTCGGGGTAGCAGCCTGCATCTTCCCGGGTTCTGACTTCAGGGAATATTGCGAATATCCCAAATCTACAGTTTAGACATGGACTGAACTGCGAGCGAGCTCATCCACTCGTGCTTGAGATGCAGGCCCCAGAGGTCTGCTGCACCGCCAGGGGGTTTCTTACGGCCCGTCTATATCTAGGCAAGATAAAGGCTCCACAGGGGAGAGCTGGGCTGTGCAGCTCGAACACGGTTCTTCGCCGCACACTTGGTTTGCATATTATTTGCACTTTAGGCGGCATCCCTAACGGCCATGGCATAAGTAACTGGAGCTGAATGACTTACGGATCTTCGTCCGCCGACTGGTTCTCTTTCGCGAGTCGGGCGTCAGATTCTTGCTGTTCTTTCAAAATCCATAATTGGGATTGAAGTGCAAATTCCCCACGACGTAGCATGAACTCTACTTGGGGCCACGGGATCCAACTATCGTAATGGGCAGGGCAACTCCAGAATGAGGTCTTTCGGCCTCAAAAGATAATGGGGTCTTCAATCTTGATACACATTTCATCTAGACGAACAGGGTTTGATGGTGAGCCTAATTGGGACCCCAACGGATAGATTATCTGCGGTACCCTTGTAACAAGCAGTTGGTGCTCGCGGTAGTATACCTGGGCTCATATCCTCCATCCTTCCAAAAGAAGCTTGATGCGTTCCCTGTCTACAAGACTGGCTGATGGCCCCCATCTAAAGGAACAGGGTCTTTGGAGTGGAGCAGACGATCTAACGGCGTGCGGGTAAATTCCTTACGAAATACGGGCCACCCATGCCTGCGTCGCACGATGAAAGCGACTAGAGCTTCCTATCCAGAGCACGACGAAATCGCTACTCCACCGGCGCAGTTCTGAACCCCGTCAGGTCTAGAGGAGGGGGGT,1510,51.13,Arabidopsis thaliana
SEQ_962349,ATTAGCCCGCTAGACGAAGTTGGCATGTTTCCATGACTTTGGTATTACGCCTCGACTGTATAGTCTGCTATTGGATTGTAGGGCTGGCACCGTGAAGCAGTAAAGGGAACTCCAAATGGGACAAGAGTCCGTTCCAAATCGCTTCTGGGGGGGTGAGTGCATTGTTCTGCCTTCGTTCGTTAGTCCAGTTGAGCGTTGTCTTAACGCCGATTCACAGAAGTGTATGCAAGTTAGTTTACTACCTAATAGGGTTCGCATAAGTGAAGACCTGTTCAGGTTCTATCCAACCTCGGACCCCAACAAGGTACAAACAAGCCCATGAACTAATTCGCACGGACATATGGTTTGACTATCTCTCGTCCACAATTTTCATTGTTTTCCAACATATTCCTTACATACGATTTAACATCAAGGGTCACGTATTAGATGTCAATTATGATCCATCCGCCCAGGTGCCCTTGAAGGGTCATCTGTCTCGTTCCCGTTAAAAGCCCGGGCTAGTGAAATACTGGATGAAAATAGACACTAGCTGCTCCGGCCACAGGCGCTGGCCACGTAACCTAGGACTCTGGAAGCAGGTTGTCCCACCGGCGCGTTAACTTGATTACCTGTGTAGGCTTTCGAAATTAATCATTACCCCCGAACAACAATGGTCCAGATACTCTAGTGCTAGGCAACTTAGGACTCTTGCGAAACGGAGTAAGCCTGGTAATGGATACCTTCCCTCCTGTATAGTGCAGTCCATTTTAAACATCAACGAACTACAAAACGCAACATCCGCAGGTGGTGCGTCAAAGAACCTGGGTAGATCCCTGACAATGTTGGACACAGGCCTTCAGGAATGTCTGCCGCCCCCATGTTCTAGCGCAGCCCCCATAGACCTGGTCATATACATTGTGCGTCACTGAAAGGTCGATCATTATTGAAATGTATGGTAAGGTCACCATAACTGGGCATTCGCCTCACTGCGCCAGTGCCGGAGAAACTAGTGATTGGCAGACAATAAACCGCTAATAGTGTTTTTTTGAGCCTAAAGCCGTGTCCCCATAAACTGTGCTCGGGCGACGAGTGACACGTCTTCAAACCCAAGCAGATGAAGGGAGGCGCTTCACCGTCTTAGACAAATCTGTGGTAATTATACTGCCGTACTCTCGATGGTTTCAATATAATATGACAACCTCGAATGATGAATGGAGGATGCCCCAGTGAATTACGGACAGTCACCTACCTCCGGCACATATGACTTTCCAAACGCCTAACAATTGGCTAAATTGTAGGACGCGGCATGCGCTTCGGGTTATCACTGATCGAAACACCTGATCCTATATTACCGGTGCTAGCTCCAATTCTACAATGGTTGATTCTAACGTGGCTCAATTCCGATATATAG,1390,47.27,Escherichia coli
SEQ_688557,TCAGAGTTATTCGCGCGAGACAACGCTCGAACAAAATGCGCTCTAGAAAGAATTAGGTTTCCTGCATGGCAGGGCATCCGACACGTCTAATCGACACAGGTGTTCAATTTGTTTGGTAGCAGACCTTGCGTCACGACCGGGTAGTACTGCTGTGCTGACAAGTGATTCGCACTTCCACCCAAGTCACGGGATCCCACGATCGCCCCAGTCGATAACTTCTGTTCCGGTTCCAAAACGAATCGGGTAGTCACTTTTACTTTAAGCTGATACACCCCTCCTCGGGCATTGTCCAAGCGCCTTGGGAGATTCAACACTTACTCGTCTACTATATTTGGACTCAATTAGTATTCCATCTAGCCCGACTTAAATCGCCAACTAACCAACATAAAAGCAGTTCCCGACACGGACCCCCAACAGTGTACATTGTCAGGTTATAGACTTCGGCATGAGGCGATTACAGCGCAGACAAGCTACCCAGACGAGTCTCCTATACGCCGCGACGAACGCATCTCCGGCTGCGGTGTGCGGGAATTCTTTTTGGCACTTAACGCTTGCCAAACTGCAGCTGTGCTGTTTTGGGCGCTAGGGGGCGAACACATACGCAGCAGCTAAGAAGCACCAACGCAAGCTACAAACGGCCACGAGTATAGTTATGATAATTGTATCACCCCGGTGACATTAGGGGTGCCAAAAACTCTTTCCTTTTCGCGACTGCTATACCATATCCCTGGGCAAAAGCGATTATACCATGCCCCGGATAAAGCCTGTTTGGAGGTTCCAATTCAGCTCCTTGTATTACCCGAGCTATAGCTAAATGGATAATCTAACCAAGTTATTTTGATCCTCCGTCTTCGCGTGAGTATGAAAGATTCCATATGAAATACGTGCACGTAAGGGGACACAATAGGGGGACATTTTTAGAGGCCGAGGTCGTTCGGCTGCATTAGTTCCCCGCCGCAACCTGGTTGCGAGGCTCTTGATAGGAACGTGGCGCTAAACTTATGGCAAGAGGGTAACGAACGCGGGCCCCCAATCCATACAGAGCGAGAGAGTCTTTAATAGGTAATGTTTAGTGGGAGTGCAAACTACATAGCCATGATGTTGAGACATTCGCGAGGCCTCATTGTCATGGAAGGAGATAGAAGTCGACCAGTCAATACAGCACTTGCTCCTTGGGATGTGCGGGCCACATCGTCAATCCTCACCCATACCGTCGCTGGCAGTTCGATAAGCGTTGACGTGTGTTCACTCACATGTGTCGGGCTCTGCTCAAATAATGATCCGATCTTCTGAAACCCTGATGGTTACATATCTCGTCTCAATTCGCCGGCACGATGAGAATGAAATGCAATGAGGTTCCAACAGAGCCACGGTAAACGCGCTGTGTGTCGTAAGTTGTATGACTATTATATGGAGGTCGGAGACTGTCAGGTGAACTCTTTGCGCCTGAGGTCGGCAAGGATTCTGGAGTAGAGGACAGCAGACTACGGAAACAGATGAAGC,1503,49.5,Arabidopsis thaliana
SEQ_467888,CTAGGGAGGTGCCGTCTAGATCTCCGGATCGTTAGCATAGCTACATAAAACCTCTTCGACAAGGATGTGGCGGACGGGTTGGCCCGCTTTATTACGACTCGCCGCTCCATGAACCACTCAGCCCCATAAACTATACGTTGACTAAATGGTTGGTCCGTGAAAAGTGATCTCGACGGCGTCGTGGCGGCCTCAACGGCCGGAATGTGCGAGCAACCAGATCTCGTCTGGCGATAAGGGAAACATTTCGACGTGTTGAGCCCTAGGTAGTTTAATTCTGGGGGTAATCGCGGGTATACTTGACATACAAGGGTCTTCGAGCCTGAGCTTGATTACTTCTGTCCATTATATTCAAACCGATCGCACGACGCCGATGAGCTATGAACGTTGGCACGCGTTCCTAAGCGAACGATCCCTTTACATGCCGACAAGGCACGGTGAGAGGTTTGCGGAAAACTTTCCGTTCATTAATAGAGTCATATGACTACTAACGCGTCTTGGAGTACTAGCGGGTGCCGTGTGTTTAACGGGCATTGACACTTGAAGTATCGAAACGAGTATAGGCCTTCCGTGCATCGCGAGTTTATACGATCATTTAAGATCTAGCTAGACGCGAAGCAGCAAAATGATGGACTCCCCGCCGTCAGGCCTCGGATGTTAGCTCGTAAACCACTTGTCGCATTCACCGGGTCCAATTTGTGTTGTCTCAGGACGCCATGTGATCGTTTTAAAAGGTCATAGGCCCGTGCGTTGAAGGAAACGTAATCGCATCTCAATTGGCAATGGATCGACTTAAGATTTCTTTGATCCCCGCAGTCACTCACCCTGCGGTTTTGTTCGCAAGTGACCATACCAGCCGTCCCCACCGTTTGGGGTGCGGACCTTCCGTCTCTCAGAGCTTGCGAGGATCGGGGTTCTAAATAAGGGTTTTCAATGATCTCATGCTCCAACTACCACTTGCGCATTCATCTCTCATATATGTACCGAAGGTCGCTGATGAGACTCTTGCCCAGCACTACATCCGGTAGGGCCCATACTGTACGTAAAAACATTTTCGCCCTTAAGGAATTAATAGCTGGATCGTAGTTCAGGCGACCTTCTGTGAATAGACCTTACCTTCATTCCGCACCGCGTATACGTCAGCTAGTCAATATAGGAAGTACCTAGGCCGTACTAGCCGCCACGATTATGGAGTGTTCACGCAGTCGAAGCGGCATACCTGAACGAGGGTGGACGAAATGTAAATGCTCGGAAACTTTATAAAGAGCCTGAGTTTACCTACCAAAGACTCTCC,1291,49.73,Saccharomyces cerevisiae
SEQ_469994,GTCACAGAGGGTCGTCCCTCCAGGCAGCCGGGCCTCGGCTATTTGTTAACTTCAAAAATAATCAGGGGGCAGTTAGATTAAAGGGCGAGTCCCCCCTGGCCACATAAGAGTCCCCAGACAGAGCTAGGAGTGGTGAGGTTTGGACTTTATCACTTAGAAAGGGCGATCAGCCGCGAGGGGGGGCTCCAAAACAGCATCTGCCACTCGTCCTCTCCCAGCATATGCTCCTACCCTACGAGACTTGATGTTTGCCGCGGTTGCAGGAACTTAGAGTTAATGGGCCCACCACTGTTGAGTCAAGTAAATAGCCTGGTAAGGCGGATAGCGAGACGAGCCGGAGCACAGCTCGGAAGCCCAAAAACTTTATAGTTGGGTCTTAGGGGTGCTCACCCTTCTCTTCTCAGTCGATTACGTTAACTGCATTAGGAGCGCGCTGGTTTGCGAAGGTACATTGAATTCCCCCAGATGAGATCGCTTTCGTGGGGCCGATGTGGCCAACTTATCGATGATAGTATTGCAACCCCTGCGGTCATAATCCCTCCATTTAAGCACGACGTGCGCAAGTACGGTTGGATAGCCCACACAAGCACGCCGGGACCTCCTCAGCCGGGTGGTGTTGATCGGTGGGGTATACGGAAGCGCCGTCATTCTATAGACCTTTGAGGCTTCTCGTGATTATCACTCAATGATGGAGGCGATGTTGACCGGTGTACGCTCGTACATCAAAGGGGTACCTCCCACCCACCTAAACCCAGCCACTTTCGCTCACGGCTCGAGTA,779,53.79,Saccharomyces cerevisiae
SEQ_818295,CCGCCCATTTTCGCATAAGAGGGTCAAGCGTCCAGAATAAACTCTCTCGTCGGAGTTTATTACCGCTAACCTAGTCAGTCGTAAGGGGAACGGTGCAAACCCCATTAACTTGCGAACTGGTTAAGGAGAGTCGTATTACATTGCCCTGTGTGTCTATTTTGCGAGCTGGTATCATGATGTTTAATGAACAACTTAGACAACGGTCATAATCAAGTAAGATAGTCATTGGTTATTAGAAAGGACGCTGTTGGCCCTTCTGCGCGTGTCGTTATTTCTTAATGTTAGCGTTACTATATGGTTCTAGCTCGCCCTCGTTTCATTTAAATTTCAGGGCTCCGGTATTATACGCTTGCATATGCCTGAACCAAGGTAGCGTTGCGCGCACGTGCAATTGAAACCCTATAGTATAAGAGCTCTCATCCGGATATGCTAGTCGTGAATACCTTACAGAGATTTCGACGCTAGTTAAATGAGGTACTGAATAAAGGAGGAACTCATACTCTTAATTATGCTCACAGTTGGACGGCCCCTAACG,535,44.11,Arabidopsis thaliana
SEQ_518098,TATTTGAGAACGATGATGTCAATGCGCCACTCGTTCAAGGCGATCAGAGACGGTCGCAACCTTCAACGTTAAGCCAAGCCACCCTCTGATGGCTCGGGGGAGACCATGGGTCGTGCTCTAGCGTGGCTCTGTGGGAACTCCAAAACTGGCCGAGTTCTATCAAAAAACGGAAACACTGAGGCATCGTGATTTCTGCACTCATTAGACGTGCAAAAGAATGTAAGACCCCAAGCAGTAATGCTTGTCCGATTCAGCCGGCAGTTTCCCTAAGGCAAGGTTCAGCCCGTAGTATTCGCCGTGGCTGTGCGTAGCCGACGAGGTAAGTGTAGGGCTTCAGGCGAAGACATTGCGTCTCGGCATGAATTGTCACCAGCGTGCTTACGGTTAGAAAGCACCCAACTGACGTTAGTGGCTATCGACCTCAGAGTCTACTAATCTTTCTAAGTGGCAATTTGTGACCAGCATTATTTGGGATTCTTTGGAAGCTCCTGACATTAAAGTATTCGATGACGAATTCACTCCAAGACATGACGCCCCGTGTGTGTCTCTTGAGGACCATGTCACACAGTCGGGGTAGCGCCTTTCTTCATGATTCTGCTAACAGCTGACCAGGCATCCGGAATTGGTTTCAACATCGTGTCTTTCAGACCGTACGTTGACTAACAGAGCTGCACGCCCGCGAGAGAGAGGACCTTTGTCAATTCGTACCTTTACGATTACTCTCGGGTGCCTGTGAAGATTAGGGATAATCGCTCGCGCCTTGGTGATGCGTGGCCCGGGTCCAGGCATCCCAAACTCTTCACCGGAAAGATTGGACTTTTTGATGGTTCGGTAGCCCTAGTGCGAGCTCAGGCCGCGATAGACTAGGTCACCGACATGCGGAGGTGATCTGGTAGCCGATTGCAAACACTGGAGTTTGCCCTGAAATCAGCCCAAGCGAGCAGACGACACTTGTTCAAGTAGCTAACTACGGATTCCTTGATCGGAGCCCAGACAACGGACAGGTTTGGGGCATACACGCCGGCAAAACTAGCCTGAAGTAAGAAACTATTCTATCGGGTGGGCGTTTACCGGTCATAATTGAATAACGATGCGGGATATCGCCTAACCTATGCGCCTTTCATAATCCGTATCGTCTGGACTTCTACCGGTATCCTTTCATGCGTCTATAAAAACCTGCGCGACACTTCGTCCTCGATGAGGATCACGGGCTTCAACGATCAGGAACATTGTCGACTGGTACCTCGCCTAGCCTTGTGATTAACAACCAGTAAGTGCCCCGTCAGTCAACGCAGCGGCTCCAATACCGTCCGGACTTATGAAATGGTTCGGACCATCGGAGCGTCGCTCAAAGGTTAATTCGAGTGATCGTGGCCTCCCAATTCGTTTTACTAGGTAGCCAGAACATTTAAGCTGAGTACTAGTAAGATGGTCGCGTAATTGAGTGGGATGAAATGAGCCGGGTTAAACGTCAAAATACTGAGATCCAACATCTAAGGGGCAGTGAGAGCACAATAACCCCAAACAGAGGTCATATCCGGGCCGAGATGTGTGCATTGACGACAGCCCTGCAGAATTGAGAACGAACTCAACCTGTATGGGTTTACACGCTTACACTAGGCTAGGCCCTGCGTCAGATATGTAGTTAAGGCTAGTGGCTCCCCGAAGTCAAACTCCCATACTTTCAGATGGAAGGCGCAGGGAGTTCGGGCAAGCGAAGT,1721,50.67,Drosophila melanogaster
SEQ_756420,TGCCGAGCTCTGGGCTGGCGGATTGGATACAGCTCGGGGGCGGGATTTCGCCTTGGGTCTCTGCATACAACCCCTTTTCGCCGCGGACGTAAAATCTACTAGTGATCTCAAACGCACTAGCGCTCAAGTCACGGGGTTGATTCGAATCTATCAGGGTTGAGGTACAACATTCCCGCTAGATTGCCTATTGTGTGTAATTGTAAGAGTCAACCAAGAATTAATCTGTTTATGTTGGCAGGCGCATCTGAAATGAATGTTGAGAGGGCTATGGTAAGCATCGTGATATTCTCTTTTACTGAACCCAGACTGAGCATGGTGATGAGATACCTCAACCTAGTCACGGTCTCCGGAAGTGTCAAGCCTCCCTAGCAGGACGCAAACAACACAGTGTACCTATCCTTGGCGTCACAATCGCTCGTCATTGGATCTCATTGATTTGGCTACATTCCGAGACCCGAGCACCTAAGGAAGAACATCGAGGTAGATCCCTGAGTTGTGCGAAAGTAACCACAGACTTTCCTAAGTTTAAGCTCTCGTTTTTTGCCTCGAGTTCTTCATCTCCACAGAGACTTGACTTGCTGAATACAAGGAGTTGTTAGAACTGTTTATGAGACGCCAGTACACTGTAGGCAGCACTCAAAAGGGACCGCGCTGTTAGCGAAGACTGATGGTTCGCTGGGAAGACGGAGTGGCATAACTCTATGCTAACGCGTGGGGTCTTGTTTGACTCAGCTACTAGTCGTGGCGTAGCTCCCATCTATCGCCACTGCGAAAGTGACCGCGAGCGCTGGCGCCAGTATCTTCCGGCATCCAGGGCCCACAAAAGTGATCTCTACCTGATCTCGTCGCTACGTCGATTCGCAAGGCATGGCAGGCTCAAGGTCGAAAGCAGTCTCATTAACCATTCGTTTGTCTGGCCAAGTGGGGGTGAGACAGATCAGAGGTTGGAGATAGGCCTTAGATGACGCGGCAGTGATGCGCGCGGGTAAGGTATAGCTGTAACGACCTTTCACAAGATTGAATTGATACGAAGACATACACCACTGGAAACGCAGCCATGGTCGACGCTAAGGTGCCGTTGAGGCCCACGGACGACTCGGTCCTTTGCCAAGGACAGGTCCATCAAGTGTAGGGGAAATGACGCGTAATCCTACCCAGGGTCACCCATAGAATCATCAACATACCTAACGCTGACCTTTCGCGCTCTCACTGGTATGTCGGTAACTTGATCCTTTGGTTGCCAAGTCACCAAAGCAGTACAAGAGCTTAAAATCCTACATACAACTCAATACTTAAATAGGTGGGGCGAAATTAAACAGGCACAAATATGCCCTACTGACCAAAATATTAATTATAATCTCGTTTGCCAACGAGAAGAAGGCATAAGACTTCCCCTAGGATGAACACAGACGATGATACAGGAGTGATCTAATGAGTGCGGAATGAACCCAC,1452,49.17,Escherichia coli
SEQ_160056,GAGGCTGTTCGAATGACTCCTATCGCGCAGTAAAAAGTCTTATGCTCGTGTAGACTTATGGCGTAAGGCCACTAGTTGGCGGCAGTCGTTTTTGCTATAACCTCATGTAATAAACGTAATCCATGGTAATTGCCGGACTTGCATTTTTTTTACTGAACTGGTGCCATTACGGATGAGAATAGTTTAGATCCGGACCATAAAAAAACTGCCATTCCCTAAGGATACATCTGCGATGCCTTCGGAGCGAGAGCCCCTGGTTTGCCACCAGAACCTTGACTGGAGGGACTAAAATCCTCAAATATTGCCTTAGGGTAAGACTTTTGATACGACAACTCGACAATGGAAGTGAAGCTTTTTCTGAAACACTTGCAGTCATTCTATACATACTTAGACAAAAGCGGATTCGGGCCTTGATTCTGGGGAGTTTGACTTAGCCGCAAAAGAGCAAAACTGCCAAAGTCGCCACTTCCCACTATCTAGTTTAGAGGTCACACAGAACCGTCGTTTCCATTCCCAGGGTAGTGGTCCCCACATTTCTGTAAGACGCGTCTCATGTGTTCGCAAGAATTATGTCTGCCATGATAGATCTGGACCCCTTTTAAGCTCCGACGATATGCCAGCCGCGTATGGCTCAATGGGATCAGTTAATTTTGCATAGAGTCGGGTGGGTGACTACTCAGTGTAAATCACAGATCCGGCTAGAAGGCCACCTAGGCTCTAGCGGAGTGCACGAATGTGGTGCTTGTACGGGCCCATCGTTCCATCTTCAGTTAGCGCCGCGAGGAACGCTATTGAGGTTAATCTGTGTGGCTAGAGCCTTTTACTGTAATACCCGGGGCCAGTCCGCATCAGGGACAAATATTTGACGCAAAGTACTAAATCTTAAGCCTGTAGACCTCTGGCAAGCATGCACATTTGTAAAGGGCGCAAATGAGGCCAATGCGTACATGGTTTGAGGAGAGATAGGCGTCGGAAATGCAATGCTATACTATAGTTGGGGAGGTTCGACTCGGCAATAGTCACGGATACGTGGACGGCGAAATGAATTGTCGCGTCCCCTTTACATTTTCTGTTTGATAGATTATTTGCACGTCCGATGTGACACATACTGTTCAGCAACAATCAACATATTAGTCGAGCATTCACTAGGGTGGATGTCTCGGTAGCCTCACGGACACTATTAAACTCCTTGAGGCTTGTGTGATCTTATGGCTTGTGACTTATATCCCTGTATATGATCGCTACCGCAAAGGCGGAAAAAAGTAGTGCTGACCTATATATCCAGGGCCCATGCAATCTGTCTGTTTGTACCGACCGTAGCTCGCCCACAGCAAGTCAAATCTCATCCCTTAAACCCAAGATAGTACAGAGATAACTCATCTCTGATCCTATAGTCGCTGGGCACATTGGTGAGGCGAGGTGGACAAAGCCAGGTACTGTCGCCCCGCATATCTGGTTGACACTATTAATCCGCGCATAACAAATGCTTAAATCCGACATTACCTCACAGAAAGAGTATCGGAAATTTTAGTTTAGCAACTGGTCACTCCCGCTATGTGGTGCTGTGAGGATTCGGAGAAAAGGTTTCAGCGCAAGGGTCAGACTTGCCGTTGCCAGCGTCCGACTCACCGCTTATAACCTTGGTATTGATGGTCCACCTGCCTATTGCTTTTAGCGGAGCCGTTCCGAACCGTACCGGGTGCCTTGCAATACATCAGTCGCAAATAGGTTTAGTCCTGCTTGGGGAAGCGTCCAGAAAACTGTCTGTATGCGACTATGTATAGTAGATTAGT,1793,47.18,Saccharomyces cerevisiae
SEQ_466621,CCGGTACTCCCGAGATGATCAGGAGGGAATCAGTACCCCTGCGCTTAAAAGTGTGTATGTAAGGGGGTA,69,52.17,Mus musculus
SEQ_534516,CACCTGGATCATCGGACATAAAGAAACTTAGAGTACTATATCCAAGCGCTAACGAAACAAGATTATACTAGTATTACAATTTCGGTAGAGCTCGACGCGATAACTGACGCCAACCACCAGTAGGTCAAAGACCATGTAGCAGTGTTGGGACAGACGTCTTCGGCCAATTTTCCAGTTGGAGGAACTGCAGCTCACGCAAGAGACCTTGCTTGGTGGTAGGGCCTCAGAGGTCATTCTACCCGTATACGCCCGACCGACACAAATTTCCTCACGTGGTGTGGATAAAGTGTTCAAGCGGAGCCCGCTGGGCGCTACTCCACGCACGATGCCTAGGAGGGATATCCGCTACACCGCCAGCATTGCTTGTCACGGGTACGAGGGACCAGGAGGATGTACCTATCACACTGATACGACCGGCCGTCCTTCTGTATATAGAGAGTGCCTTACGGGTTGCAAACACCTACACATGGGTACTCAACTTTTTTTCAGGGCTGCGAGGGCTCTGGAATAGAATCCTTTCAAATTCCTCGGCGTAGATAAAGCAATGAGGCTCGTGTCAGCCCCGTGATGCTGGATGGAGTGTCTAGTATATACAGTACCTTATCTCTTGTCAGCGGTGTGTTGCGCGCCCGCGGTGATTACCGAAACTGTCATAGCTTTTGAGCGACAATTCCAGCGATTATCAATCGAAACCTACGGTGAACGCAGCTCCACCATCACTGTGGCCTACGAACGTAACACTATGGAGCCGGGAACTTAGACCCTGTGTACCCTTGCCGAGATCTCCTGATCTCGCCAGCTACGACATGGATGAGTCACTCGAGCAGTTAAATTTGCGAAGCGCGCTATACGCCTTTCATAAGGAGCGATAGAGCGTCCACACCATGTTTCCGTGTTAGATTGGGTGGTGATCTCAGGCCCTGTGTGCCTGGAAAAGCGCGGATTCGTTTGTATTTCCCTAATAGATCACCATACTTAACACCAAGCGCACGAGTGTCCGGCCTGTTACAGAAGGCGTACCTATGAGGATGGCCCGGAACGCGGGTCCTCTATAACTTATATGTGAAGGAGGTTCGCTGTATGGGAAGGTCGCGTTGACCTCTACCTCTCTAGTAAGCTCCTTCCTCTCTTTGGATAGATCCGACCCGGAAAATAGTAGTTCGCTATTATAAAATCCATGTATCCCCCATTAGTTAAGTTGAACTTGGGGGTATTCGCAAGTGCATAAAGTGGTTGCACGGTCGGTCGCTTGCGAAATCATCTGGTCGTATCGTATTGAGACAGTTAACTGTGGCACGCGTAACAAATACCATATCAAGATAAGGCGGTACATTTTGAGAATTGCATCGTGGACAGAATACTCGCTCCAGGAGGACGGGTAGCATCGATTTTAGGGGGAATCAGGACTCGCGTCGCAGCGGTGTTCGTACTGACCTGTTAGCGTCCAGCGTAACGCTACGCGCTGACGGACTGGATTGGTGGGCCCACGTTGGCTTTACAAGAACGGTTGAAACCGGGAGTCTCGATAAAACTGTACTATTCAGTAGAAAAGCCGGGTTACCTTTTGGACCTGCATCACTCGAACATTACATGCCTCGCATAATCGCCACGGGTCAAGATTTCCAAAGAGATGCCATAATTCAAATCAAAAACTTAGGGTCACATGGCTACCTGAATCTGAAAATCATGCATCTAGTTCTCATATAAATGCACACCTCACCACTTCACTGGTCGCCGTAGATGCAATGACGTATATACAGTATATTATATCTGTGTGTAGTTTTCTCTCATAGAACCCGAGGAGTCACATCCTGTAATAGTTGGTTCTAGCAAGAACTACGACGATTAGTAATCAAGAGTATTGTCAGACCCATTGCGCAGCATCATTGGTGC,1893,48.81,Arabidopsis thaliana
SEQ_758145,TTCTTCTGGCGCCTGGGAAAGAGTAATTGTTTATCAACAGCCGGTCCCCCAAGGGCAAGGAGTGGTGCCGCACAGATCCAAGACCACTGAGCTACAGCCTCGGCGCGCAGTAGGATGTATGAGAGAAAGGTGTGCTATACCCTATTACCTTAGTCTACTACCGACAATAGCTATTAGGCAATCAGGGGCCAGTTGCTGAGTGAATATGGGAATTCCCTTGTGTCGCTCCTCGCCCTGGTCACTCACTGTCTCAGTTGTGAGTACTTGGCTGGTTGGATCTTCTGTGTACCGCCCTCTATTCCTTCCGCCGGGGGGAGGCTAATCATTTTGAGTAACTTGCGAAGATCTATCATAATTATGCTACGTGTGCACGTCAATGTCTGCGGTGATCTGCCTTCCCGTACGCCAGGAAATTGACAGGAGTACTCAACCGGGCCTGCGTTGAGAGGTTTCAAGCATATAGAAGGAGCCTAGGGCGTCTAGACGTATCTCTACTCACGCTGTCATGACAACACGGAGTAGAGCGAATCAAGCAGCACGTCGGGTGACCTTGCGGCTCGAACGCCGCTGTGGAAAGTCTAATAACGCAGAGTATCGACCCAGGCGTATCATTACATAAGCTTATCTAGATCAACCTATAGTGTTGTTAGATCATTTAAACTCGACCTCTACCAACATAATCTCGCTAAAATAATCTACATGGACAGGACCGGACCTCAGTGGCATAGTCGTTACTCCTTCTTTGCCGGACCACCCATACGGATCATCGTTGGTCTATGGGATCTTCGCTAGATTGGGCGGACTTGCGGTAGCGCAGTAATTCTAGGAGTAGACTGGTTTGTGATTCTGCTTTGTTACGAAGTGATTGTGTTTTGCCATTGTGGGGCTCCCTCCTCGTTGCTCGAGAGGCTCGCGTGGAAACGGGTAACAGATCTGGTAAGCCATTATCGTTCCGGCCGTAAGGAAGTCACTCGACACAATCCTCCGTCACCAGGCCGGGAGCAAGCATGTTCCAACGTGGTCCGTCTAAACACTCTACTCCGATCATGGATTATCCCCACCAAAGGGTGGTCTTATGTTATCATACTTACCGTGAAATCCAGTGAGCGTTGTGGAAGTAAGCTCGAAACTGGTTCCTGCATCCTATGCTTGAGTTTTAAGCGGCAGAGACGCGCAAAAACTTCCCCCGCACCTCTGTTGCCTGCTTGAGGTCTCTTCATTTTAAAATCCTTTAAAAGTTGTTTGGATTAACTATCTGGGGAAACTGCCCACCATTCTCACATGCGTGCTGTTTTACCTGCCGTTAGGTGACAGAGTGGATTGAAATTGCCTGAATTTATTCTATTGCACCCAAAACCTCAGCATTCAGGGCATATGATCGTCGTCCATAGTCACAGAAGTAATGTTGAAGACACTGAAAAAGAG,1425,48.91,Escherichia coli
SEQ_120060,AGCCATGTTTTATCCTCTATGTAGACAAACTATCGTAAACAGCCAGTTTAGGACGGCAATTCGTCAGGATTGTCAAGGTAACGAAAAATGAGGGTCGGACGCATGCGTTGGTTCATGACATCATGTAGACAACAAAAGTCGAATCCCGGGCTGCAATATAGAATCTTAAGCCCTCATCTCTGTGACCTGCCCCTGTCGCAGAGCCGATCCGATGCTGCAAGTGAGTGAATGTAGAAGCTGGACGCTGCTACGCGGGAATCTTATGTCCGCCCAGCTGCCTGTTGAGCAGGTTCATCTTCGGGTCACGCGTGAGGATATACACTAGCCATTAAGTGGGGCAGACTGTCGTACTTCAACATCACTGTACGCGCGCGGTTGTAAAGTTGTGCACCTCGATAGGTTGCCTCGACACACGGCTCAGCTAAATAACCTATACCCGGTCCTGGCCAAGCCCTAGAGTCTGCTCCTGATGGGTTTGTGAAACAATATCTATGCAGAAAGGGCAATTGTGGATCAGAGAAGGACGTTGACAGAGAAGTCGGGAATCGCAACTTAACCTGCTGTCTCATGGAGGCGCTAGGGGAAAAGCACTCGTCACCCCGTGCATCTGATACGTCGAAAACACGAGTCACAAGGTTGAGACAGCTCGTCTACGTGCGGCGGTAATGCCTTGATTACTCTTTTACCTAAATGCCTGCCCTTTAGATGCGTTCATATATTGGTTGCGGTACCGAGAGGGTTACGACATCTAATAGGAATAGGTCTCAATTTTCATGTGACCACTTAAAGTAACCGGAACTAGATAGAGACTGTAGCCATGCGCGTAGGCAAGATCCTTTCAATACCAATTCATGCGGAAGCGCTGATCTTTTAGTTGAAAGATATGTGTAGAAGGGACTACCGTTGTCATAAGAAACTGCTTATTATCGCTTCCCATCTTATGCTAGCTTTGTAGGGTCTCAGGAGAATTGTGGAAGCAGAACTTCTGCTGAATTGAACATAGTCCAACGGTCAAGCCCAGCCTCAATCTTGTAGTGCAGCCAATGTATCTCAAATACGCGCGGAGTAAGAGGCTGCTGCGAATAGTCAATGATATTCCAGACGTAGGTTTAGCCTGCGCGTATGTGAGACGTCTGGCTTATCGGCGCCGGTCGCTGTGTAACCCGCGCGGTAGCATACGTCTGGAGGACTGCTTTCCAGGCCGAACATGGGAGGCGAAGTAAGTCAGTTTTGCAAAGATACTGGGCCGCACGCGGTTCCGTGTCCGGTAGAGCAAAACCACGCGACCCTCTGCCTAGCGGGTCTGCCCGATTAACTGCCCCAACTCCTATACGCGGGCGCGTGCGTCCTACCGAGTCGAGTCGTTAATCCAACTTCCGATTCGCGAGCGCGTCCCCCCTAAAGTTCTTGGTCACTTCAACGCAAGCCTTTTGCCCAGCTTGTATAGAGCAGCAATAGTATTCAGCATCCCCGTCGTCTGTCTTTCGGGTATCATATCTGGCCCCTAGAACCTTCAGCAGCCTCTGCTTTCCCATTGATCGCACGGTAGTGCGAAAGCATTGCCTGTGACGCCGGATGGAAGCCAATACTCTAGCCCTGTCATCTATCCTATGTTACCGCGGCACCCCACTACGAGTTACAAGTACTCACCCCCGACCAGTCATCAGCTTCGACGGCTTCTCCTGGAGGCTACATTTAATACGTAGTACAACGTCGATTGGGGGGTAATCCTCGCTATATGGGAAAAGAGCTAGAAGGGTAGTAGATTCTGGATCGTCTATCCACAACAGA,1791,50.42,Caenorhabditis elegans
SEQ_412902,TTAAAGGTGGCATGATTAAAAGCTATTGAGATCGTTCCTAGCCTATCGAGCCGTTTGGAAAGTGTATCGCGACGATAATACGTATGAACCAAGCCTCAGTATCTCCGTCACAAATCTGTACTTGACACTCGGAGAAGAGCAGCTGCTAAAGAACAATGTTTAGTGTGTTTAGCGTTGCTCGCTGTTCTCAATCCTAAAACCTGAGCAACCCACCTACAGACAAGTCGCTATAAGCCACTATTCTGACATGCTTGGTGCGTGTCTCTCCCCGCTGCCCTGAAAACTTCTAGTATATCATATAACTGGCAGAGAGCCTTCGTCCTAATAATTAACAGTTACAATCCCGTTAAGTTCACTATTTCTTAATATCGAACTTTCGTGCCGCGGCTACAAGATCGGGACAAAATTTCTTGCTCTGCGGTTGTTCTTTAGGGGGTCCTTTACTAATCAACG,453,43.93,Arabidopsis thaliana
SEQ_784619,GTTAGCTTCCATAGTCTCATTATTACCCACTCTAATGCCCGGCAAGAACAACTTTCCATTGGCCGGCTTGCCTGGATCACCATCTCGAGAGCCTC,95,50.53,Escherichia coli
SEQ_730407,TCCCGTACAGAATGGTCGAGTTATACTCGCTCGATATTTAATAGTCGGGAGGCTAATCATCACGCCGGTAGCCGCCAAGTGAGTGACAGCCCATGTTATAGTGACTAAATTATTATCGAATCTAGTGCGAGAGACTTGCTTGTTACACGCGCACAGATATTGGATAGGTGGGGGGGGATCTCTGGTGGGCTGCTACTAAGGGGACGGCCTATAATACGTTCTGCCCCATACCAAGCGGGCGAGGGGAGTTCACGAATATCCACGCTGTCCACGGATTGGAAGTGTAAGTGACGCTTGATCACCCGTGTCTTTAATCTACTCGTGCCGTCGAAGCAAGGATCGGGATGGCACGTCCTCAGTTGCTTAGACAACTCCGTGCGCTTGACGAACTCTGTATGCGAGCCTCGTCACCACAATGGAAGTTTGTGGATGAAGGTATCATATCGAGCCATAGCGTACAAATTATCACGCGTGTTACGGCAACAAAAAGCGCGGTTTACTGCCGCACTCACGAGCCGATTCCCAGACAAGTCTCGCCGAGTCACCGCTTTAAGATGAGACGTGCTATAAAGACTCCAAAGTTTAACATTACTTCTCCGTCCGTGTTCTTGCCTCTTAACCAAAAGGGGTCAGGTTTTCAACGTGGAAGGCCTCCGTCGATTGGCATTACACGGTCCTACCTCCTACTATGGAACTGCCGGGGTTCCGTAAACCCATACCGAGTGATACCAGGGAGCTGGGTGAGTGACTAACCAATTCCCAGTCACGCCTAAGGCAACTGTTTGGCAGTAGATTTCTCTCTACGATCTTACGTGGGAGTTTGAAGCGAAATACAAGGCGTTTCGCATGAGCGAAAATTACTGCATGTGCCACCCAGCACTGAATTAAGCGTTCAGCCTAATACTTAAGATCCCCCGTTTGGACTATGTGCTGCGGCGAGCGTGTCTCGATAAAATCATCTAAGAGCATATGGCGACTGTCAGAGAGATTGATCCAGTGTCAAATGTGCTGCACATTAGCC,1021,49.85,Mus musculus
SEQ_463750,GGAGGTAGACTATTAGCCAGGTGCATCCTTCCCAAGGTCTTTATGGGGTTGTTCAGTCACCACAGTATACCCAGATTATGGTTCGCCGTGTAGTCGGCTTATAATCAAATGCTCGCTCAGCGCCCATCTAGATATTAGAGTAGCAGTGCGGTATGGTATGATGGAATCGACGTGGCGGCTTGAACCGAGGCTCTTGAGGAAAGTCCTTTAAAGCGTTGCATTTCGGTGTAATTTAAACTGCATAGCTGGAGCTTATCAGCGTGGATACGTCGGGTCCGTTGAGTGATATGCTCCATAACCGGGATAATGTAGACGCAGGTACACGTGGGCGTTACTGCAGCCACGCGTGACATATAGTCTTTCGGCTGCCCGGTTGAGGTCTATGGGTCAGCCAGAATACTAGACACTTCAAGCTTAGTCCTAGAAGGACGCGCAAATTTACTCGATGACACTATCCTGACTACCCCTTACTCGATGACGTCAGCATTTATCGGAGTCAGATGTTAACCAAGGTGATAGAGACAGCGTTCAGTTTGATGATAAACAGCGGCAGCGAGGCTTATGAGAAATCCCAGGGATGTTCATACGATCCTAAGGTCGGGACTGTGACCTCCCAACTCAGCTATGTGACTTTATGAATATCCCTAACTC,651,48.39,Saccharomyces cerevisiae
SEQ_205195,GTTACTGAGGTTTTGGACCATGTGCACTGAACAGATAATTGAGTCCCACTACGCCTTCTCTAGGCTCTCGCAACCGTTACCACTTTGGGCCATAAGTCGATCCGCTTGGTTAAGTACGCAACTCGATCGGGGTTAAGATTACACGTAACCTTAGATGACTCGCTCTGCCACAGGGGAGTGCTTTGCGTAATCAAC,195,49.23,Drosophila melanogaster
SEQ_829617,GTCCGTTAATCGGAGTTTCGATCGAGATAATCTGGACCATTTGGGTGTCATTGAAAATTTGAATTACCATGGAATCTGTTAAGGTATGGAAGTGGGTTCAGGCCCTGTTATTCGAACCTTAGCGCGTAGCTCTGAGATGCATCGGAACTGTCACTGCCCCGTTATTGGTTTCCTTAGTCAGTCGGACGCTTTAGTGTAAGACGCCAGGATGCATCGTAACCACACTTGACGCAAGATTAGGCTGAGATTCGGTTACGGGCGGCTGAGATGACAACCTACTTAATTTTCTGCATACAGTGTCTGAATCCGTCTCCACACCCTTGTAAACAAGAGAAAGAGTTGTTTCTACTCCTAAAGACTGAGCCTTGGCAACGGTGGATGCTCTATGTTTACTGGAAAAGGAGGCTGCAGGGTCATTCCACACCTACATTGGTCATGGTAAATGCAGAAAAATGAGCGGCTCTTGTAGCAAGTCATCATAAGCCGGGCCCACATGATTTCTTTTGTCTGACCTTTGCTCAACCCGCTGTGCCTTTCAGCGGCACACACTCCACATTCGTACTCAAGTAGGACGACCGGAGAGGAGACTTCGTAGCCGTGACAAGAGGTCGGTCCGGTGCAAGATAACAAATAAACTTCATAGAGGTTTGTAGCTATGAGTGCAACAATCTCTTCGGACATTCGTGTGTTTTATGCACAAATGGATGAGAAGACCTTCGACAACGGATAAGAGCAGGCTTCCGTGCCTAGAAGGTTCTTGGCTACTCTAAGCAAAGGCGGGTTTGAGTCTTAAACCTCTTTGGTCTGGCTTTAGGCGTGCACCATCTAAAACCAATATATCGTGTGCTGTGGCCGCTACCTGGGCTTACCGCAGATGGGCTGTATGGGGCGTCTACGGTCACTTCTGTTCTTTCATATAGGCCACGATTGGATGAGCCCTCACTTTGCTAGACAATTGGATCTATGGTTGCGGACATACACTAGCGTTCAGATCGAAAATTAACAACGTTAGCCCGTTGGTGTCGTTAAGAGCATAGTAGGCTTTCAAGGTCTAGTCAGTGTCAATAAGTGTCTGTGCTCGCTCACCCCCTATGCGAGATCACTCCGTACTAGGACTAACCGATACCTGCACCACCCCGATCCTGTGTACGGCAACCACCACA,1163,48.07,Arabidopsis thaliana
SEQ_685310,TGGGTCTCACGGTGTACCAGGTCTGGTCAACCTATCAAAAGGTTAGGACTTCCACGCCTCGGCTGTCGCAAGGTCTAGAAGTTAACGCGCGAGTGACCCTCAACTCATAATTTCAGATAGTGTTGTTGGCGCCGATTCTCACTTCACGGCCGTGACCCGAGGGTAGAATTAGGATGGGCTAGGCGGTATTGTTTGTGAGAGAGCCGATAGCTCACACCTAGATCGTGAACACCATCCGAGTGGAAGGAACTAGGTGTAACCTAGATCCACTGATTAGCCGTCTAGAGAAGAGATACTTGGGGACAAAGGTGTGGTCTTGCCAGACTCCCCTCAAAAGTAGAGGACTGTAGTGCTCCCACAGTGAGCGCTTACACTGGAGTTGTACTCGCCCTGTGTGTGGGCGCGCGCGCGCGAGCTGGCGAACATGAACAAGGTCAATAACAAGCTCCACTCACTTTAAAAGGCCAGCCATGAGGATCTGAAATATGGCGGGCTACCCTAACTTACTCCAATGGGCGTCCACCGTTCCTGTAGCCAATTGCTATAGCGCTATCACTATTACCATATTTCCAGAATGAATCATAGAGGGATCGTAATTCGCCCACCCTTGCCCACTCTTAGCACTAGTGATAAGGTTGAGAACGGATCCAAAGTTACGGATACCTCGACTGTTTTATTAACATAAGAGATTAATTGCTAATAATCCATGTTGGCGACAAGGTCCTGGAGGGTTTGTGCACTCTTCAAGCAACCGATGCCTTGCGGGGAGTGGTCTCTGGATTTTCGGAGACATACAGACTTTTACAGAGGTAAAAGCTTTGTTCCTGAAGATGTTGGGAGCCGTAACAGAACGTATACGTTCTATCTGATCGGAAAAACACTGACGGGCCAGTCGGCACCACGGCGTCGCGTCGAATTGGGACTTTAGTTGTTCTACAGTTTCGCAGCGGTACAACGATTAAGGAGGGGGACACTAACTATTATTCTCCTAAGATTACAGTGAACCGTTAGATGGGGGCCAATATCAGAACTATGAGCGACAGGGGTACTTCGCAACCACACTAGCAGTGATTCTTTAGGTTAGCCTCCTACCCGTAACGCGAAGAGAGATACCCATGCACACTCTAGTGCCGCGCACATGCGTAAACTCCCTATCAGTTGTTAAAAGGTGATTTACCACAGTCGTCTTCAACCCAATGGCAGGGGAGAGTCTTAGGTTAAGGCAAATTCTTTTTGGTCCAATTAAGGCCGGCACTCAGCGCCTAGCCTCGCTCAATTACGGCGACTTATTCATAAGGCTCTCGCGTCACGGTCGGCGCCTTTTCTTTATACGGTCAACGGGGAGCAGTCTTACGAAGGGTCCTCAGTGGTGTAACTACATCACGTCTATCCATAACTCTGCTAATCCGCGCACGCTAGTATACGCCGTTTTATTCCGTCTCTACAAACCCAGCATCCATATCCAATTTCACATTCCTGTCAACCAGCCTCAGTCTAGGTATGCCCAACCCGAGCCTGAACGGAAGGGTACATGTCGTGTGAAGTTTACCGAGGCTACTACGTGCTTCCGGGGCGTTGCAGAAGACGGCATCTACGACACCCTCTTGTCTACTTCATTGATGTGCCGTAAT,1631,49.6,Escherichia coli
SEQ_347189,CGCATTCCCATGAACCACCTTTACCTTATAAACGTAGATCCATAAAACTGTGGAGGCATTTGAATGCAGACTTATGCCGTAGTATGTACAAAGCCACTCCGTATGGTAAGCACGCGCACGGCACCCCGACGAGCATCTGAGTAGTAGCTCCGCTGAAAACAGAGTGTCAATATAGCAGGAGGTCAGGATCTGAGACTCGTCGGGGGCTGGTCCTTCTGATTTTTAACAATATCCCTTGAACTTGCACCTCTAGCGCCAATACGCGGTATACGTCGTCAGCCCCGAAAGTCCCTGAAACCAGGGGCGCGAAGTGGGATTCACTAGGAACTATAGTCCCCTTCATGAACCACGAACGAGCCGATTATTTTAGATGGTTTCCTTGCTATCACTGATTTAATGGATCCAAGTAGTTGGGGGTGACAATGTCGAAGGTGGGCAATAAATCGTGGATAAACGAGGCCAGGAGCATTTACTTTACGTCTCACCACACTCCATTATCACATCGCGCTTACGGAGATCTTCTACGTCTGCAAGTCGTAGGCCCAGCCACTATTTCTTATACCCATCGGATTCTATGCACCGACTAGCTATGTCACTAGTAACGAATGAGCTGAGGTATTCCCTGCACCCTTTAGAAGTTGAGTCTGACGTGGTGGGTGTTTATCAAGCCTTGTCACACCGACAAACTCCCCTCACACTCGCTGGATTCCGGTCGCTGCAAAGAGAGCATACGCTCACAACCCTGAGCCTGTGGTTATTTAGGATGGGTTGGAATAATGATTATTTGCCACATGGGACAGCCTTATCACTCGATTATATG,820,48.29,Saccharomyces cerevisiae
SEQ_756957,ATGGTGGTCATGTCTTACTCATGAACTGCGCGTTGCTTTATGCCGTGACGTCCGCTCAATTGGGATGGCTTACGCACTCAGCCTGCCAGTGGATGCCTACAGACAGATGCAAAGGATGTAAATAGCGGTGATGATCCCATGCCATCGCGGTATCCACTGCACCTCATGGGATGGACTCACCGAGACCCTGACCAGCATTTGATGTTCAATCGTGCCGAAGAGCACCACGTCGGACCTGCTAACCTGCAGTCTAACCACCTAGCTAAGCTAGCCCTACTTTCCGTAGGACGATTCTCTAATGTTTGTAATTAACCATTTTACACCGTGCACTCTCCGTGGTATCGGGACGATACTTGCTCTTGACCTGTCTCCCGCAAAGGACCCTACCCAAGACCCACGATGAACCACCCTTAAACTAACCCAGGCTGGTTTAGGCCGGAGTCATATTCGTCTGACCTACCGTTGCTCGCTCCAAAACACCTCGAGCCAGGAAGTTATTCCCGTCTTTGTGTGACGGCACTATATGCATTTTCTAGCACCACGACCTAACTGTTCGCACCCCGCTTCGAGTTAGTGCTTACAATAAAACGACGTTGTCAGTTACGGGGATTTATTTGCTGAACGCTGGCCGGATCGATCCCTCGGTGAGGGTATGCAGTGGCACATAGTCGCAATTCCGATTGCCACCCCAACGTAGTTCCCTTCGTTGTATCTATTCCTGGTGGATATAGGTACTTAATTTAAACGAATAACAGTGGGGAGACCACCATCATATAAAGTCATGGCCAAGGTCAGTAGTCCGGTACATTGTCACGTTCGTCTATGCTTCTAGAAGATTAAATGGCGGCCCGTGCCATTGAATTGCCAACCGAAAGCAGAGCTGTATCATCTGCTTAAGATCCATTCCACCGACCCTGCGGAGGCCACGGGACTTCAACCGTAAGGCCTCTCTCCTTTCTTTGAAAAACCAGAAAACGCATCCCGTAGGCAGTAGTCATGGGCAACTATAAAGCGTCGACGGCTCTGTGAACCAGATTCTCCTACATCAGAAAAAAAACAACCGTCTGTCGTAGACGTAGTCGTGTGCAAGTTGGATTGCGACTGTTGATGAATCATTCATCGACAGCCTTGGCAGCGAACGCCAGCCATTGTACTTATGCGCATTGGATGGAAGGCACACCCATAAACGAGGCCGCTGTACATGCTGATTCCCCGTATAGTCCTTGAGAACCATCCGCGTCTACTTAGCAGGGGTAAATCGCATATGTTCGGTAATGCATCTATGGCCCATGGGTGGCTATGGACGCATCTTTCAACCATAATCGTCCACACTAGGCCGGAACCCTATGCCAATTGGCCGCTCGTCAAAAGCCACTTCTGGACAGGCTCCCGCGCACAGAATGCCAGATTACGTCATCCCTCCTAAGCATCCGATTCTGCCTCGGCGTGAAGACATCGTTTTAGAAGAGGCACGTGTCCACAAGGTTCGACGGTTGTTAGACAGATTGTTCAACCGCCAGGATGGCGCGGTACAGCACGTGATCCTGTGAGAGGTTGTCGGGTCCTATACGGATGCGACGGACACCAAGCCACAGTTTTGCTTAATATATCAATCAGCGAGCACGACAAGAACTGCGGCTCTTGCGGGCTAGTCTACCCTACGCTACATGGACCACTTATTCACTCCTTGACGACATCCGTACATAAGTGGAGACACGGACGGGTCTGCCAGCTGCGCCTCAGCCTGTGCGCATGGATCGAATGAAGGATACTGCCAGCCCTCTTCTCTAGGCATACCCTTCTGGGAAACGCCAACGATACCTGTCATGTGCCGCCAAGAGAAAGTGCGGAACACAGCCAGAAGAGAAACTAGAATGAGGGCCGTGCTGAGAGATATGGCGATCCGACAGATAGACCTTATGGAGTTACCTGGCTATGATTGTTATCC,1948,51.08,Saccharomyces cerevisiae
SEQ_544231,AGACAGCTTCCCGCATCGGGACTTACCGCAATTACCGGATACAGACCTGAAAGGTGGAGTCGCCTCTCCGCGTAAACGTGTGAATATGTACCGTGAACCGGTGAGATGTCCATAAAACCGGGCCAATTATCTTGGAACCGGTCCCCGCTAATTCTTGGGTCATGATGGTACCCGTGATAGTACTCCCGCTGGTAATACCCGTGGAACGTTGCGCGGACCCTGTTCGTAAAGGCCAACAATACTGCCGGTGATATTTTTGCTCGGCCCGCTTGCGCAAATGTGACGCGCGTTCAGGTGCTTTTCTCATTAAGCTGGCCTTGCGCGTCTACCATCATGAGTCATTCGATTCGTAGGATAAAGACAATGGCCCTTAAGGTTGAGGGCGACCGCTAAGTGTACTGCTATACATGGCTTGCAACGTAGTCTGGGGTCGCCAGGGACCGACTGGCACAGCTAGCCATATCCAGCACGTCGTGAACCCAGCGGGGCAAACCAACTTATAGAATCTGCCATGTTAGGTGCCCCGTCTTAACGCCGCTCCACGCAGAACATGAATGTAAGAGAAATGGCGGTTCCACTGGCGCTGAAGCGACTGGCGCTTTATAATTACAAAGCGAGCTCAATCTCTCCGGGCGATTAGCTTTTAATCTCTACGGCTTTGGGGGTCGAACGGAAGACCGAATGCGTATCTGTAAATTTATGGTCTGTTTATCCTAATGCCCGCTTGCAGGGCCAACCAATATATTAGTCAGGAATAATATCTTATGTAGATTCGAAGGGGTGGCCAAAATAGTGGCCCACTTGACCACCTGGGCCCCATAACCCGTCGGAGCATGCAATATCCTTGGCTTGACGCTCTAAGCCCCACGCCGCAAGTTCGGACTGTCCTGTCGGCGGCACCCACCGTACTCTTATTGAGCGTGAGCGGTCGTAAGCTAGTCAGAAACAAGTCCAATTTGTGAGTAATTGAGAGTAGTTGCATGGCTACTTCCCCAAGGACGGCTCGAAACCAACCACGTGTCAAGCCCAAAAATCCAGTAACCGGGATGCGTCATCCTCCCCAGGTGTTGGCAAAAGAAGTCTCAGGAGTCATCCAAAACAAACAATGTGGACCGATGCTAGACTAATTCCTCTGCCCCTTCATGTGCCCGTTATCGTGTTATATCCGTAATGGTGGTGAAAAGGGGTTAAGTGCGAACGGTTGTCCGACATGGCTGCTCTGTCGACAGCTGAGATCAATTATGTATTCTC,1251,51.24,Saccharomyces cerevisiae
SEQ_200195,ATAAGGTATAGTTACCACAAGTTTACTTTAACCCACAAGCTGCGGAGGTTGCTTCCAGAGCAGCGGAATTTGTTCAAGCGCGCAGGGTCCCAGGGGTCTTTACTACAATGATGCACCGCTTTGCACATGACGATATTTCAAGGGCGTCCTCGTCCGTGTCTTTTTTAGTTCTTGGAGCAGGATGCTTGACTAGTGCGGGAGCTTGACGACGGTGCCGCGGCTACCGCCCTAGTCTTGCCAGCAATAAATCTTCCAACGGGTTTGCTGGCGTCACCCACAACTAGCATGCGGATAACCGCATAGCTGGGGTACGAGGGCTGACACCAGCAACAAGAATCTATCCGTCGTGCGCCCGCACAGTCCCAGCGGAATATGTGGGGGCAAGGGGCGGCCAAACCGGTCCTAAGTATACGAGCGCACCTGTTGGCAATTATTCGCCAGCCTATGAGTTCACCCGGCGTAGCAGGGCCCCTACGCGCGGCGTAGAATGATAGGGCAATGGTTCTGGAGTGAGTGTTGCTCTGTTCAGAATTTATCGCGCCTCGAACGTTGTTCGGGCCCAAACATACACATGTTACAGTGGAATATGTTAACCAGCAAGTTCGGTTGCGAATTCAACCCTTAAACATTCTGCTACTACCCTGTACTCAGAGTAGAAGTCACCCCTAGTGCCTTATCCACAGTCGGAGACGTATGCTTGCGCTAACCTTGACCTCTAATCGTGAAAGGTTAAGCTTTGTTCGCCCCAATGGCGTAGCCAGTACCTAGTTTTCGCGTACTAGGCAAAGATGTATATCCACGTACAGACTCAGTGAAGGATCAGCATTTACGTTTCGCCGGCGACGGGGCAAACTGATCAACCAGGGAAGTTTTTCTACCCAG,882,51.93,Drosophila melanogaster
SEQ_927954,TTCGAGGGGCACGTTACTTCCAGTGCCGGAACGGTAGTGCATCGGTACGTCCGAGGGATGTCGCACGTGCATAGCGAAAGCTAATGGCGAAGCCCTCGGACTGTGGCTACTGAACCAGGTGTTATGCTTCATGCACAAGAGCATCGCCCTGGTCTCAGCGGCATAGTAGCTGGAGGTAATACGGAGCCGCGGCCTAGCGAAGGATCAAATTCAGCGTACGCGGTCCTGTACACCTACGACCATTGGTTGCTTCTCTTAGGGCGAACATACCTTGCTGCCGACATTCAATTACCGCCACCGCCATTAACTCGGAAATTTTTGTGATCAACATTCGACAAATGAACCTGGGGTTGGACATCACCAATGGAGTGCATCATCATTGAGATGCATGCGGACGGGCAACAACCTATTTCTACATCAAAAGG,425,52.24,Mus musculus
SEQ_734803,ACATCATAGAAAATGCATCAAGTCTTTATACGATTCCGCCACCGTCCGCTAACCCGTTGCTAGTACATCGTGATCCGAGTCTGCGCGATTATGTCGCGCGACGGGTCGCCCTGTTGGGTCAAACAGTGAGTCAATAAGTCGTATTGATCTCGGCCGCCGAGTTTTAGCCGCGTGCAATAAATCGCGTATAGGCCTATACAATCGGTCTCTCGAGCTCGGACGCGCAGCGAACTGAATCGTCCCGTCGCCCATTAGTATGTGACATCAGGGCCCGCATAAGACAGTCGTTGCCCTTATCCAGCGGTCTATGTTGGTAAGGGAAACACAATTGACATCTAGTCCAAGATACTTCAGATGCACCTTATCCATCACATGTTGCGCAAAGGTTCATTCCTCTGTGACCCGGGTTGTCGTACTAACACCCGTTGTTGGGCCATGAGAATACGATTTAAACATTCATTCTGCTTTAGCGAGTCTTTCCCACGACCGGTTGCACTCATCAGAGCTATATCTGCTTTGCCCTCCTACTCCGCGAGATTAGCGACTCCCTTCCACTCTGCAAAAGTCTTTAACGCCTTAGGGCTACGAGACCGTCCCAATTCACTGCGAACTTAAAAAAAATACGTTGTTGGGTATAACCGAGGTCCTCTTATCTCCATGTGGTTTAGCTTGGAGCTCAAGAGTGCTCACGTGCTCACGTCTGCTCGATTGTGTTCTGAGACTCGGCGGTCTTCGGAACATTAGTACCGGTCGGCAAAGAGGCGGGTGCCTCAGTAAGCGGGATAGACGGTCGATTCAACGCCTGCTTCAAAATTGCAATATTGAATCATGGGTGTTGTAACAAGGTGGAGAAGGCGCAAAAGCATATGTCCGAGACATTCCATCGCCGGCA,892,50.0,Mus musculus
SEQ_843740,CTCCTGCTCATGCACCCCGTTAAGGCTGTTCTGGAATTAGTAAGTCTCGGTGGATAAGGAGAGTATGGTGCATCATGCTAAGCGAGGACCTATCTGGAGCACCCGTAAGGTGATGGCAGAAATCTAAGACGGCATTAAAAGTCGAACACGATACTAGGCTCTCTCGGCTCAATACGCGTCGGACTTATGATGCGTCGGCAAAGGATAAAGCATTGTTATCGTCACGGGCCATGTTATCAGCATACGCATGGACCCCGGAGCGAAGGGCCACTTAATTGAAGGATCGCTCTGTATCCGTATGCGGACTTTAAGATCATGTGCCCGAGCTTCTAGAAACATGTTCTGTCTCGAATGTTTTGGGAGATTTTTTTCGGACTCCCCCATTTGGGTAAAGCCAACAG,401,48.88,Drosophila melanogaster
SEQ_628285,CTCTTTATTAGAAAAGCGATATCGGAACATGCCTACTAAGCATCCAAGCCTGGTAAATTCATTATCACTGGCATACTTTCGACGCTACATTCTGAGGCTTCTCAATCCTCGTAGTGGTATGAGTAAACGGGTTACACCGTCACCCGCATCCTGTTTCATTTTCTAAGACGGAGTCGAGTTATGACTCATGGTCTAAGTTAATTGAATTCAATCCGATCAGGACCGAAAGCAACGCCCTCGATCAGAAATCCTCATAGGCCGTAGGCAACCATTGGGGGAAGTAGATTAGCACTCAGGGCTCACGATAGTCAGGCTCGTCGTAACCCGCTCATAGGGCCCACGATCGTCCGCTTTAAGTTGTGCCAAATGCCGCTAACAATTTAGGTAGCTTTACTACACACTGATTGCTTGTAAGCGAGCAGGCGGATAAGATCTGTATGAACTTTATACATACGGGTCGGTCAGTGAAGCTACAAGCGAATATTGGCCGTTAGCGGTTTTGCACGATTTCAGCGATACCATGATGAACCGAAAGAAAAGTAGCGCGGGTGGGTCGATAGGCCGACAAATCATTCATTGTACGCTCGTCTTCAACTTTTGATTCGAGATGTTTATTGAATGTCACAGCCTTGTCAAATGTCACACCCACGTTAACATCGCTATTACTGGGAATTCCAAGGCAAGCTCAGGTAGAATGAGATAAGTGCAAGAGATCATGCGACTGACCGGGTAGGCGAACACTGCAGAGTTTCTGCAATTTAACTCCCCTACTTGAGTACCTGGGGCGATTGTAAAGGATTACGCACAATCGATATAGTGGTATCCCTATACTGCTCGGGATCTGCTACGAGGGGGACACAAATCGATACGTATCCCAGTGAGTATCAGGAGAAAACCGTATACCTTGAAGACGGCCATAACCACTTGCTCCGGGGAGAGGCAAAAATTGTTTCCCAATGTCGACAGACAACCCAGGGTCGTGAGCTGGCGCCTCGAGGAACGGCGCGCCAGGCAATGGGTCAATCGTACTGGACACGAATAGGCAGGGATAAACCTTCCACCGGGCATAACGAATACTGTTTCCAAAGCACGTCCTCAACGCCGCGGGCTATGTCGGACCAAGAAGTAGAACACAGCCTCTGGAGGATGAGAGCGACTCCGGCCTAGAATTACTTATAAATGGCCATGACGACCCCTTGGACTCCCCGGGTAAGAACCTGGGTTCTGACCTGTAGCATAAGCGGCTGAAGTGCCAGTTAGTTGGGTCCTCTCGTAACCAGTGTTGCATACTCGTCAAATTTAAAAGTATCTTTTTCCCCTAAACAGGGAACCTCGTGACGTCGATGATTGCGAAAAGTACATGCAAAGTCCCAGATCATAGACGGCGAGATCGGTGGTGATTGTGATTTTCTGATGGTACTCCCTGATCAAGGTTTGCTATTGGTATATTCCGATCGCTACTCTGAAACGGTGTTAAAGGTCACGAGAAGTCAACGCCGAAGAATCAGTTATCCTGAAAACATTTGCCTACGATAAGTAGGCCAACACATCCTTAACCCCCTAGCATGCGCGATTGTGTCCTTACGCATCGTGATTGCGCTAAGGGATCTTGTTTAGATCGGAGAGACTAGCGGCACAAAAATGGCTTCCATAACAAAGAACCGTTACCACAGTCTTCCCAACGAACCCCAAGTTTACTTCTACGCCCTTATTCACGGTCCGGCCACAATGCGGTTAGGACATGAGTTGATCACAGCTGACTTTTGTTGTCCCTCCAAGTCGCCTGCGGAGGCCTGCCGATCCAGCTCCAGTTCACCCGAAGTAAGTAACCTGATCGAATGTTACATGAGGTGTTTACGCTGTAAATTTATGCAAACAAATTATCGGCAGGTCCCCTCTCCAGGTTCGACACCGCCTGCGAAGTAGTCTCTACTAGTAGATTTACTTCTAAGCCGACG,1958,48.16,Caenorhabditis elegans
SEQ_100621,AGGCGTTGGTCACATTGGATGCCTATAATCGGTAGGCCATTTATACCGAGTCGACTTACGCTTAACTGAGTGTGGTAATGAAGTAAGTAATTGGCCCTTCAGTAATAAGACTCAAGTGCCACCTTTAAAACTTTGTGAGTAAGGAGACTCTGACTTTCATCTTGGATAGGGGCCTGAAGCCAGAATAATGTCTAATGAGCCCGGAAGTCGGATTGCCCATTAGTCACGTAACGTCCCAGATGCGTAGGGGGAGAAGGCATGCGCTTATCGTGTCCAGGTCGGATAATATTCAGTTCGCAACACAGGAATCTGGCTCCCTACACGACAACAAGCTTGTTGTTATTTTCTAACGAAAAGCCTGAAGGGCACTTGTAACGTCTTTCAGGGCATCGATCACTATATGAGCTACATCTGTCTATCGACACATGTACTATCTTTCTGATCTACAGACGTATGAGTTAAAACTGTTTCGCTAACGTATACAGGACATTCTTACTTCAAATTAGACTGCCTCCTGTGTCGCCACTGCGAGGTCGTAGATACGGAACCCTACCTTCTCAGACAGTACCATATACGCCCCCGTAGCCGAGACTCGCAATCTGCTCAATGGTTCTGGCCATCTCCTACCTGGCAGCTGCCCCGCTGTCTCCGCTCAATAGCAAGCAGTTTAAGTGCTCTTAAATTCGGCGCGGTTTTATTATTCTCATTATCCCTAACAATTCATCCCGTTATTATAAAGAGTGGGACCCTGTTATCAATCTCCCAGGTCAGATATGGCATGTCTAACCTCGGTTACTCATAGGTCCACCCTGGAGTTTCTTTTCAACTTTTAGTGCTGCGGAGTCGGGCAAACGAAAGAAAGGGACGGGTGGAAAGACCTGCCCTTGATTAGTAAGGAACATCGAACAAACACCAGTGGTTACAATTTTGAGTGGGCTTAACCGTTGATGGGCAATGTTTCCTGAGGTTGGGACAACGGTTAAGCAGACCGTAAAGTATCCACGCTGCGATGATGTGTGCTCTATAGCCAGCTAGTCGTGGACTCTTGACATCACTAGTCTCAGTAAAGGCTTCTTTGGTTCTTGTGTCATAAAAAGTTGTAAAATCGTATCAGCACCCTGGAAGGTAGCGAGACTCACCTAAGTCAGTGTATTCCCGATCTATATACACCTGCTATTGCAGTACGGATATGTTTCTGGTGGGATCCAGAGGACCATGAAACACTCACCAACATCTCGATAAACGCTCATAAGAAACCTATAAAATGCCCTGTACGTTTTCATCAGGGGTATTGCGTTGGCGCAGTCCGTTTTGGGTAACGATAAGCGTCACTTCGTTATCCATCCAGGCACTAAGCTCTTGAGATCAATTGAGAGGATGAATCCTCAAAATCCGGTTCAGCGTTAAATAGTTGAAACCTCTCTGACCCGCGCTGGGTGAAAATACTCCGAAGCGGTGTTATCGTAGCCACCTCATTGCACACTCACACCAGCCAAGCGTGGGTTCTAGCATGCTGTGATGTACGGACCGCCCCTTTGAGCCGCATGGGTAACCCCGAGGTCCTAGGCCTAGCCTTGAGTCTTTATCCTGTGTGATAATGAACAATAAAGGGCGATCGTTAACGGGGAATCTTTCTATTAAAAATATGAATTTGAGGGTTAATTACCAAACCAATTCAGTTTGATTGTGGCGTTTCTAGCCCCCTCATGCCATTCTGTAGTGCAATCATCGCGGGGGGGTATGTGTCGGCCGGGTTGGGCCCGCGTAACTGAAGACGACTGTTTTTAGGGATGTCGGTATTCGGTTCGGGGCGTACAGGACTCACGACAGTGAGCCAGTCAGGGGTATCTGCGCTCCAGACCGCTGGATTCCCCACTACCTCAGCAACTGAGTGTTCTGTAGTAAGAACGATCCCTGACAAC,1922,47.4,Saccharomyces cerevisiae
SEQ_757959,CTTTACATCAAGAACAGTAAATGGCCGACTTGTGGACAAGCTCTCTGTTGTA,52,42.31,Escherichia coli
SEQ_142544,AACGTGGGGCATTTCTCTCGTGGCGGACGAGTAGCTACGCAAGCCGCTCCCTGCTGTATCATGGTCATATCCCAGTGGTACTTAAGATTATCAGGCCGGCCGAAAGCACTCAAGATCTCGGCCGTACGTTTACCTTAGACGCAGACGTCTTGTTCCATATGTCCCAGACGTGAGCTCGTACAACCTCCCTTTACTGGAAATCTTCTTAGCTGAGGTGGGTGCGTGTATGATACCCTAATTAAGTCTGGATGGTAGAGTTTAGGAAACTCGTCTAGAATCGGAATCCAACGAACTGACCGAACACCGTGGGCGTCAGCCCATGGTTCCAACCGCGGGCCTATGGGTTTTTGCTCGGCGGACAGATAATCAGGTGCCGAACAGGCAGGCGCGTGAATATGATATGGAAAATTCGAAAGGTCGTTCACCATAAATCACCGAGTCTTCTTAGGCCTTAAACGACATAGAATTCGTACAATGTGTGTTTGTGACAGGTCACCGTACCTGCACACACCGTCATGCGTACAGTCACAACAAAAGACCGGGATGGCCAGGCTTTACGTCGATGAGC,568,50.7,Escherichia coli
SEQ_269060,AGAATGCAATTCGCGTTTTGGAACAGCGCAGGCTACGGATACGGTTGACAGGCTCGGTTAGCTGGCAGTTTACCACAAGTATCCGTCACTTTGTCGAGCCTGCGTCATAGCCCCAGTGAGACTTCGACGACCAATGCCTCTTTGCACAGAAGCTCAATCATCAGGGAATAGCCCTGTCGCGGGTGGACATACGGTTGTGTTCGAGATGCTCGCTCCGACACTCTCAAAAAAATTAGCTTAATATGTTCGGGAGGGCATGCTATTTCGGAATGTAGCGCGTGAATTACGGTCTGAGGACGGGCTTGGCTAATCGGAGAGACTCCGTAGGATCAGACCCCGGGGCAATGCCGGCATCGGGAGTGTTATGCTCCGGGCGTGTGCGAGTGATTATGACGTCTTCACTACAGGTCGGGCAGGAGTGCGCCCCTCAGAGCTCTATAAGAATGCTATGTAGAAGTTAACCTGTTCACTCGCCCCCCGGGAGATTGTTTGTGCCGAAAAACTGAGCTCTGCCTCCAAACGATGCTTCACCCAACCAGTCTTCGGAGCGGCCCCACCATGCAGAGCTCTGCCTCGGGCGGATCTAGGTGCCGTCTGGCAGTGAATATTGCGCATATGCTAGAATGTAGTCCTTTAATTCAGGTGCTGTAATCCAGAACGACGGCTTTCTTCGCTAGCCTAC,682,53.37,Drosophila melanogaster
SEQ_969937,TGAGAGGAGACTGCTACCCCCAATATATCCATCCCGATGGTTACCGTGTTTGGCCGGCCTCAGTAAACTTGCATCAGAGGCTCGAGGGTTGCTCCGTCAACAAGCCCCTGCTACGTCCGTACGCTATAAAGTGTTATAGAGGATCGGAATTTCGATGAAGTATACCGGGCGGTACCATAATCCTCGGGAAATGAGTGGAGCGCAAAAGACCCTGACTCGCCGACCGCAAACTCTCTCTGTGGGCAAGCATTAGATTACCCAATGCTAGTTCATCTGAGTCTATAAATACCTTCGCAATTTCTCAGTAATGGAAAGGAGACGGCGCCCCGATAAGTACGTCGTGAATTAAACCCTTCGCTGCTAGGCTTAAAAGCGGCCGGCAAACGAATGTGTCGGTTAGTGTGCGTGATCGGTGTTCCAGACCAACAGCGCTTTGATCGGATAGGACGTTGCAGATCCTACCATATCGGCGGATTTACTACACCGCTCGGCTTCAATGTGACTCGCCCATGCGCTCCACGCAAGTTGTATCACCGCGCCGTGATTCGCATCCCGGTCAACATTTAAGCCTAATACTAGGCCTTAATGATTTATTCAGACGTCATAATGTCTCCACACCGCCCCGTGTGGGTTTTCTCCTAGTAGATAGGGAGCGGTCACGCGTCCTAGTACCAAATTTTTCACCATTCCCTTCTTGCAGTTTGATAACGATGGGGAGCTGCTGTACCACGACGGCGCAATGACAGGTAGGCTACCGCCGGCCTTACAGCCTAGGTAACCATGTTTATAATTGTTGCCGGCCTTGGATGCGGCTTTTGTCCATCCGAGACGGCAGCCTGAGACCAAATGTGTCGAACAGAAGCCATCTATGACAGGACGTCGGAGGAGCCGGCCCCGCGTGAGAGAAAGATTCACAATATATCGGCTATAGTACCGGGAAGTGAAGATATAGCATCGGAATGCTTGAGTCCTTTCAATCACTCTCTCTATCAGGAAGTGAAAGTCGTGTCAAATGCACCGCGGCGCGTTGGCTGAGTTCAATAGACGATACGCCTTTGGCGCGCGAAGGCTTCAGCAACCCCGGCGGAAAGCCAGGTACTCTGATAGGAATGTAGTTGTCGTTGATCTGGATGAGCCAGGCGAAGGACATTTGGCGCTGGCAAGTCGATATCAGTCTACCCATGCTACTTAGCT,1194,51.34,Escherichia coli
SEQ_688370,TAGGACCGTCCTGTAATCCTTCCATGCGGCGACTGGGCGAGGTGGGGCCCGCCCAATTAACGCTACCGTACGTCTTGTGGACGCGCATCCGACCTCCCGAACTAGACATTCTACTTTCTACGGCCGAGTTGCGTAAGGATGTTCGAGTCAAAATGTTCCCGGCAGTTCCGCATCACCGCTTATTACTGTCACACCTTACGAAAATGGTCAATGCAACATCCTTGTGGAGGCCAAGGTCTCCTATCTCACATATATTCATTCCGGACCGATAAAACAGACGGATGAACCTTTGCTCGCATATTTCACCCGCCAGAAACGATCGCCGGTACTTAAGAAGAACGGTGTTCCTTTAACTCTACCTCAATCACCGCATACTCCGTCAGTATAGCTGCATGGATAACCTCAATTCACCGGGTCTTGTGCCTGAACAGAGGCATATCCTTTCTTGTTCTAGAGTACTGCTAAAGTCTCGTTAACTATTGGCAACAAAAGAGATCACAGTTATGAAGTCCTTATTCTCACTTCCCGCAGTTAGACGTTTGCCGGAGCATACGGCTGCATAGGAGTGCCTCTCCATTTCCGCAAATAACACGTCGCGAAGCATAGTTGTCTCAGTTAAGTACTGTTTATAGTCTTCCGTGTCAGAACAATATGACGACCATACGTGGAGGGAAATCCTTTATTGGGC,688,48.26,Arabidopsis thaliana
SEQ_610473,ATGATTAGTGTATTAATTATACTCCATAAGTGACAATTTTGGTTGCCGGTCAGCTCAAGATGAGTCATTGGGGTCACCTTGAGGATACATGTTGGCTTGACCCCCTTGTTGGGAAATAACGCATCAAGACGGCATCGTCGACTGAGTAAATCGAGAAGACGAACCGTGCCAGGTAGGATGGTACGTTTCGTCGCGTAAGATACTTACCCTCCAGCGCCGCATACACTGGAGACCCACGGATTTAATACTACTTTCCACGTCCGGATCCCTGGCGCATAATAATTACCGTCGTTTGTTGTATCGTACCGCCGACATTATGCTTGAACCGTGAGCTGCGTTTGAAAGAACATACCTCCAACGTTTGAGGCAGAAGTCGGGCTGTCTACTCTGCACGCGGCGGGATGTTCTGGTTGCCGCATACGCGGCAAGGTGGTCAGGATTTCTTGGCGTGCCGCTTGAACCCCCGGTCGCCAAAAGGGTAAGCTTTGGATGGCTTGCCTGGGTAACATGCCTCTGTTCCGGTCAGGTTGGTCGCTGTAGAGAGCTATATCGTGGGTAAACAGTGCCGCTAATGGCCGTTGCCAGCACCGTGTGGTGTAACTTGGAGAGTACGCGAACACGGGCTTGGACTTGAAGTTGCACGCTGCTGGGGCTGGAACTGAGAAAACCGTGGCTTGTTCATCGACCAACAGTAATAGATAAAATCGACGGAAGATTGCGAATATAATTATGCAGAGCTCTGCCGTACTCGCGTTTTCAACCTCGCCCCAGCATAGCTATTGTATGGGCTGGTTTGAGGTACCATACAGTGTTTACTACTCACATTGTGGGGAGGACTGCCTGTCGAGGTGAGAAGAAGGAAGTCGGCAGAGC,873,51.09,Drosophila melanogaster
SEQ_834324,GTCAGCGCCAGTCCAGAACAAAACATGTCCGACCGGTCAAGTCGGTTCCTCGTCGCTTTCAGCGCCGAGTCGGATTATTCCTGACCTCGCTTCAACAATTCTTTTTCAGGCCCCAGACTTGTCACGGTCACTGCAGCCCTCTGATTTTCATTTGAACTTGAACAAACGCCTTAGATTTAAAATCGTTGGGGCTCCAGAATGCTCGATCACTGATTATTCGATTGCCTAGCATCACACGATGAGTGACCGTCAAGGTACACGCGATCGTAATTTAACGTCCGAGAGCCCTATAGGTTATTGATATAATGCTAAGTATAGCTACTTAATGCAGCCACCAGACTGGCCGGCGGAATTCTCTATCCCACCATCCGACTGGCAAGCCGTAATATTCTATCGGTACCATATATAAAACACCGCTGATTGGACGGATGAGGATGCTACTTTCGAGCGAAATACCTATTTCCGATCGGGATTTGAGGAGGCACCGGATTTTTAGGGTATAAAGTCCCTCACAACGGTCTAGCCTTCCCACATAGGCCTCAGTGAGACTCAGTACACATATGGATACCTTGCGCACAGTTTGGGCCACTTCGAATCACTTCGTCTTTCACCGAGTGACTGAGCGGTAGTACAGGACCTTTGCTGCATTCCGGCGCTCCATACGCCTTTCCGACCTTGTCAGTCTCCCGTTGGCCTTATGTGATCAGACATGGACCGGAACATATATGTCTGTTCGCGCGCCGCATTATGTTCCCGGTACACGAAAGTTTGTGCGATGAGCGCCCCCTCTGCGTTTCAAAGTAGACTGCATTGCCCCCTAATATTGGCCATTAGTAAACTCGATTCGACGAAGAGATCATCTCTCCAGCAGGGTCAGTAATACGGTTTATGAAAGTCCAGCGACCCGCCTACGTAGTTCCTGTTGGAGGCTGTTATGCGGTAGCGACCGCGCTTGCATACGATGTCATGCGTGGTTACATGATTGGAACCTAAGTACGTGTCCACATGCGATCATGAGCTTGGAACTGCTGCCCAGGCATCGTCTCCGTCCCGGTCTCTTCTAGTCACGAAACTGGAACTTATCCAAACAAAAGGCGGTGCTCACCGGTTGTGAGGGGAGGCGTACCAGCCCATCTGCCTGATAGTCGCTGCCGACCTGTCTTTCAGGTGATCTCGACGTACATCATCTGCTTGCAAACTCAAAAACCGCAACGAGCGAGGCATGCATGTTGCTCATTTTCAGGGGGGTCATATCCTTCTACGTCATTCCAGGGTGTACGCTGTGGAGTGCACGTGATGGTCATTGACTAGTGCGAATGCGAACGAGGAAATGCCTACAGCTTCGGTCAACCAGTTTAGATCAATGCAGTTCTCGTGATCGTTTGACCACACACCG,1396,50.36,Caenorhabditis elegans
SEQ_720582,GTCTCTACCTCAATACGTTGACTAAATGCGAAAAAAACCACCCTGTGTGCAAACCCTGGGACACCGAGCTCGCTCATATGCTGAATGGATCCCTGTGGTTCTAACTCAGTGGCTCGGAACCTTTCTCAAAGTCCCCATTTAGGTGGGATTTGCTGATTGGTATTTCTATTTGCATGGTTTCATGATCCCTGTGTCAGACTTATATCGTATTTCCATGAGATGCCATAAGTGTTGGGTGACTGGTGGTTTACCCTTTCTACGCTAGTGCTAGAAGGCGCTTGTTAGGATATCCCGCGTTTCCTTTGACTATCGGTTGCTGGCTTCGGGAGTGGGCCGCAGTACAACAGCTCAGGGATTGATTTGTAGTTCCTGACGTGCTGGGATTTACTGTTTAACCAGGCTCTGTGCTAACGTTCGTCGAGCATTGCAAATCAATCCAAAAGAGTAGATTCCGAAACCGCTCGCCTTGGCTTTCGATGGACTATAATCAACAATGGGGCAGTTTTCCCCAATATTCCGATTAGTCTTAATTCCCACCCCTGCGTGTTAATAACGACTAACCCCGGATGATATCTACTCGTTTGCTTGGCCAAGCTGCGCTCCTCTCACCCACGAGTAGGCAAGAGTGCATAAAGTGACTCACGCGGGAAGGGTTATCGCCATTCCGAAAAACGGCGTGGGATTTTTAGCTTTGCGCATTTCATCATAATGTTCTACAGCTTTCCGGGAACTGCGCATTGCGATTTACCATCGCTTTCCACTGCACCCCCTTGATCACTATAATAGTTAAAGACCATACTTTTTTAGATAAGCGTTCTAGGTGTATGTAAGCCGGGTGAACGAGGCTAATAGAAATGTTTGCATATCGCCTTATTGCATGTCGCCGCCAGCTGTGCCATGCCAGAAACAAACAATCTTAGGCGGGGCTCGAGTATGATAAGGTTAGGACCCCCAATATCCCTCTACGGACCGTCCCTAAATCTCTACATTTCGTGGAATTGTCCGTCATGCCACCGCAGCGTCTCTGAATTGTGCAATACAAAGGGATATGCTGCTACGCGCTCGCTCCAGGTGCCATTCGACTCAAACTGAGACAAAGGCCAGAGCTGAGCGGATATCTAGACTGGGCGCCGGCCATGCGTTAAAGTAGCATAGGGGTGAGGTGGCGGTGGTTTGTGAAAACCCTAGGCAGACCGACCTGTCGGCGTGAATTGGTTAATTCTGAATCAGAGAAGCAAATTTCTTAGAGTGGTTACGAAATAGAGTAGAGACTCGCTACTATTCAGAGCGCGAGATAGGGCCCTTCGAGAAGGGCGTGGCACACGACATGCGGTATTACCCCTCCAAAGGTGACGCGTGAAAGCATAGACGTTCAAGTCTGCTACACGTCCAACTCCCGACTCGTATAGCCGTGTGCGCGACCACAACACTCGCTGA,1437,48.99,Drosophila melanogaster
SEQ_747122,TAATCGTTACTTCAGAACCACAGCTGAGTAATCAACCAAGGTGTTACGCGAAATAATTCAATAACGTCCCGTCCTAGGATCTTGGAGGCTTTCAAAAAAGTCATGCTATAACGTCAATTATCAGGGTATGTCCCTCAATTATCAACAGAAGCTCTTCTGTTGTAGTTTTTGTCTTGTTACACATTGCGTCATGGCGGTCCAACACATTGATCTACAAGATTCTTCGTGCTAAGTACTGGCAACATACTGTATGTCGTCCGACCAACTCGGTAGGGATTTTGTAGTAAGCGTGGTCGGCCTGCGCCACAGCACTTAGCCCCGCCAGAACGGACGGTACTAGTTTTGTTACAGCGTGCCCTTTAGCTATATAAAGTTTGCAAGGACGAGGCGGGCAGCGGCAAGCATCACGTACGCGATGCAGAGTACCCACAATAGACCCGTATCGATTCTTATCCGCCAGAGAAATCCAAGTTTCACTTTGGGCGACTACGTCTGGACTTCACTGGTAGCAGTAGCCCACGCCCGCATATAACAACCGCTTGTTGTAAGATAGATTTTTTGGGGTCGAAACCCGGGTCAACTGGCTCCCAAACGTGAGGAATTCCTTTCGTTCTCTATTCGCAGACGGTGAGGTAAATCACGGCGTTTCAGTCCTGTTCAAGGTGGCACCACACGCTAACTTTCTTGGGTTTCACCAGGCGTGGACCTGAGACAGCCCGTTGGGTAACCAGGTATCGGTAGCCGAACAGTGGTCGAGTGAGTCTGTCTATTCTTCTGATATAAGGCGGCAATGACCTTTGGCTGACTGGTGTGTACATCGTGATGGTCTTGAAACGCTCTTCATGACACT,850,48.35,Arabidopsis thaliana
SEQ_500761,GGGGCTGGATGCGGAGTCACTCGAGGCTCAACACACGTTAGCGGGGCTAGCGAGCAAGGAGTGCATCCTATAGGGTTCTCGGATTAGGATGCTTGGCTCACCTTTAGTCCGTCTCCAAGGCGTGAGGCTTTGTCAAGCAACAGCGAATCAGAGACCAGTCGCCGACCACCACCAAGGTGTAGCGGAGCCTCTGCGTCTTATATTGACCTCATGGGCCTAGGCCAAGTAGTGGTTATGAGGGAGAGCTACTTGGCAGGTGCTGCGGCGGATTGCAGGCATTTGTATAATACGGATCACATGGTGGTGACCAAACTCAACTGCCAATCGTCGGGTCGCCAACGTCTGGCGCCTACCGCTCCATACGTTGGAGACACGAGGACGGGGTCCTCACGGCTCGCAGCGCGTACTGGCCTAGCCTTGACACACCTACGTGGCGCACTGATCCGCACATCGCATGCGCCCCACCAGCCATAATCATAAGCCAGCCGGTGCCCGACCTTGATAAAGCAAGCTACGTGTCTTCCTGCTTCAGATTTTATAAAAATGAGTGGAATAGTCTATGATGGGCGAGCACGTACACTGTAAGAGCGCCTATTTTGAGTTGCAATCGCACGCGAATTACCTCGAGACAGAACTTTTATTGTTTTATGTGCTCCACGCAATGACTTATCTTATCTGTAATTCATTCGACGGATTTGATAATTAGCTCACAATTATGAAACCGTGCCGCCGGCTATACAAGTAAATACTTGATACTCTTGCCAATACCCGCGTGTAGTACGCCTGCGTCACGCGAAAGCCGCATTCAGCATTGCTGTGAGTTTGCACTCCCTCAGGCGCACATAGTATAATATTCTCGAGTAGGGCGACGATCTCATAAGTCCATAGCGAAGCTGGAACATTCAACCAGTCTTCAGCAGGCAAAGGCGGTCGGTGAAATAAGCCACTAGGTATAGGGCTGAGGGACGACTATCGCTGTAACCGGGCTGCCCTCCGCGTTTGTAGCTGACACAAATAGTCAAAAAACGAATGAACGTCACTGTAAGCCAGCGAGACTATTGTGATATGAGCTTGAGTCTAACCCTACTGCCCAGACGTCACATCCCTTCTCCTGCGGAAGTGCCAGAAAGTCTTACACCACATTACTTGCGCCTAGAGACTTTGACACAAGGGTTACAGCTTAACGGCGGCTGCCTAGAGTGCCACATGCGTGCCAGAGTCGTGGCCATCCGGAGGTTTACCCCGAGCAATGAGGGGCAATCCTTAGTATGAACGACAGAGTAAATCTGGGGCCTGACGACGTGTATACGGTTAGTATACCATGTGAATGGGAATGCGACTTGTAACCTGAAGGGAAACGCTAATCAGGACCGGGCAACGGATGCGGTAGCAGATCTATTGAAGTGACGCCGCCTGGGGCCACTTTTGTTCCCCGGGTCGAGATATGCCACACATTCCTACCCGCATGACACTTTGGCCTTACGACTGAATAGCCACACCGATGGGTTGTATCTAGCTACCTACTAGCCATCCGCCCTTCCACAGACGGCTCGCCGAGTCTGCAGGAAACAGCAAAGGAACTAACTATCCTAGTGCATGACTACATTATAAGGTGTCTGGCTGAGACCGGCGGTAGTCCGGCACAAGCCGCGGACCCATCGCCCAACGATACCATGGCGGACACAAGTGCACGAACGGACGTGTTAGCAGAGTGACTGTGTAGACCGGCCGTATCCAGAAACAAAACAGTCGATTTAAGACCATAAAGCACTATGACTGTAGGCTCTATGGGTAACCGAATGATTACTGGCAAGCTTCCAATCGGCACATATACGTTTGCCAGGCAGGGTCGAGTACTAAAT,1862,51.93,Caenorhabditis elegans
SEQ_775925,CTAGACCCAAACACGAACTGCATCCTACCGTTGTCTCTGCCGACTATTTAGGACAATTTTGTCTTGGCGATGAAGGTGTGAAACAGTGTCGCTGAGGAGCCCATACGTGCGAAATACTTAGTACTCTACATCGACACATCGTAACTGTATTTTAGTAACGGCGGTACCTCTTGGCGTCCGATTTCTATCGTCTGGCCATGTCAACGGACTACTGATACACTTCAACCTGTGCGATTGGCACAGTCCCAGCTTTTGAATATACACCGCAGCTTTACGAATTACCATGCATAATGGCTTCTTATGTGGCTTTAGTCGACGATCCTGTCGCGCCGGATGACCCCCCCAAGTGAGGGTCTCTTTGAGATCCGCTAATGTCATTGACATATGAGCATATTGACGTTAGTATGCCATCCAGCACATAAGAGCGCGACTCCTTGCGCAAAAATCCCCTCGCCATGAAGGATCGATGCCGCGGCCGGACCTTCGAAGCACAAGATATCTCACGTCCGTTTTAAATCAGAGTGGACGACGCTTCCGCGACGATAGCATGTATGCTGATGGCAGATCCCGTAATGTGAAGTTCTCTTCGTAACGGATCTACATTAACGTCTCGTTTCCAGATGCCCCTCTTCTCGGTGCTACTACATCGAGTTATAAATATTGAACTGTGAATTCCACCCGGGTCTGGGAGGTCTCATGGAAGGCAGGACACTCTGAGCGCACTACCCTAAGACGTTTTTGGCTTCCCCGTCTGTTTCTCCTGAGCCCCGTTCGAGTGCGGCCGTAGAAGCCAACACCCAGAATTGATCGAGGGGGCTCGATCTCTACACATTCGACCCTGGTACCACTTGTCACAAGTTGAACAACGAGTATTTTTCCTACTTCCATAGAATCGAGATCAAGGTACTCTCTGTAGGCCAGCGAACAAGAGACTCGTCGCACTTCTGTCTCCTCGCGGCAATGATCACTAGATTCTCACGACCCTATCTGACACGCGTCATTATGTGTTATAATACAGGTGCTCCTGGGAGATGCCAGACGGAGTGATTCCCAATCCGCTATGCACCGGGGCTTTTCCTCCTGCTGGCAGTGTAGAAAATTCGTCGTCCTGGGCGGCAGGACACACACGGAGACAACACTAATAGGATGGAATGCTGTCCTACATTATTGGTACAATTGCCGGCGCTAGAGGTTTCAAGCAGGAAGGCGCGAATCATGTCTCTCAACTGTAAGGCCTATTAGTTTACCACGCCTCGGCCCCAGGATTGATACGCCGTACAAAGACACGACGGTCTTGTTGACGGGACATATGCCTTTCGGTCGGAGGCTCGCTTCAGACCCTGCACCGTTTTCTGTTACTGGCCGTTAAAATACTGTGCCAGAGGGCCCAGGGCTTTAAGTTCCTACGTGTCCCCCAGACGGGACTACATATGCACAAGTCATGGGGTCCGCGGCGAGAGCAATATTTGTTCCTAAAACCACTTGCAAGCAAACGGCCTAAACAAGACGGAGGGCATTGTGCTTGAAGGCAGCCTTGCGCCGGCTGGGGCGATACGTCGGGAGATACGAGCTGATCCGCTTAACGGCTACCTACTCTGCTTGCCACGACGTGCAATCCACAACCCCAGTCTGCAAGGATAAACATACATGGCTGCGATTTGTCCTATCTCATGCAACTCTAGGAATAAATGATTGCTGACCCGGCAGCGGGCTCAAACAAGGTCTCCCGAAAAGATAAGCGATTCAAGCATGAGTGTACGCGTCTGCGTATTAACTGAACACCTG,1785,50.81,Arabidopsis thaliana
SEQ_113746,GATTATTACCGAACACTCCGAACCGTCGAGACGATAAGGATAAAGAATGCGCGATACGGAATTACTCGGCGTCGGCGCTACTTGACAACGGATTGGCAATGCTAATGGAATCTCTACCCTTATATTCTTTTGCGGTCAGGAGGATCAAGGAACACCTGAGAGGAATTAAACAAACTACGACCAAAGTCCAACGTAAGGTTAACTAGAGTTAGGTTATCGCAAATTTGGCGGTTTATCTCTTTGCTAAAAACAGCCTTAGGGTGGTTCTAGAATGCGGGTGCTTTGCCTGTACCTTGCAGTGGTCACTAAGCCGGGAGTGTAATACATAATTACCCTAGCTTACCTTATATCAAGCATTGTTCCTTCCACTGTGAGCGAACGGGTTGTCCCTATTAAGTTTGTCAACTGAGGCCTTTGTAAGGGCGGTCAGAGCACTAAAGTAGCTCTTTTATCCGTGTTTGGGTACGCACCGAACCTGTCAAAGCCCGGGACTGAGCTATGGCTCTTAATACTAGACCAGGGTTGAGGTTCCCGTCGACCGAGTTCCGAGTAGCAATATCGTGATCATTGAGGGATTTGCGAAAGGCCGTTACAGAATTTGGATGACTCTTTTAGGAGAGCTATGCGGATGGTCGCGGGCTGACAACCTGCTTACTATTTTAATTCTCACCACATAAGTGTAGGCTCGTTTTACGAAAAAAATGGCTCCCGTTAGCGATTGTATCTGGTACATGACGCGCGAGGTCCACCGTTCCTCAATAAAGAATCAATTTATATACTACCTGGAGTCTGACAGAAGTAATTCAACTAGGAGACACTATAACTAGTCGAGACAGCCACTTACCAGATAGTGGCTTTCGATGCAACTGGTTTGTCGGTGATTGTACACAAGAAATCCAGCTGTGATACTAACTCAAGTGAAGGTCCTGGATTGCGTCTGTTCTATCGAACATATGAGTGTAACAGACGAGCGAACAGATAAGGCCGCAATCCTAGTGCTCGGGAGGAATGATGTACATTCACCCCTGACCCCTCGTTTGGTATATTATCCACTATGTTGGTTATCGACAGGTCAGTGAGAAACATCAAGATCCGAGCGGACGTTTGAAATATCTGTAGTCTTAAGGGGGTTCTCATTTTGCCGTTTGCGTTAACGTCGTGAACAAATGCGGAATCTGCGACAGAACAATCCCATATACAGGTCCTATCCACTCAAGAAGGGTTTATGTCCTTGCTACTTGAGAAGGAACCCCCCCCGTAAGTAGGTCGGATTCCCAATTCGAGTAACGAAAGTCCTTGGCTACCCATGTGTTTTTGGACTGTAATATGGGCG,1333,45.84,Caenorhabditis elegans
SEQ_507814,CTCCGGCCTGCTTTCCACGATCGAGGCCCTTAAATGACCTGATAATAGCGTAACGGTGGGAGCCGACACGCAGGTCGGGCGCCCGGTAGGGGGTCACGCAAGGGATAAATTGTACCTAACTTCCAAACGTCAATCGTTGCCAAGCGTGAAACCTGCTAAGCCCAAACGCTTGTGAGGACTTAACAAATACACTGTAGATGTTGGAGCCAGAAAACTTGTACTATCAAATGAATTCTCGGAAAGATTATTACGTGCTATTTGACATTTTATTTAGTCAGGGTAACAGGGTTAGCTGAACAGGAGCTCGTCGCCATCAGTTTCTTTAGTAG,329,47.42,Arabidopsis thaliana
SEQ_257840,TCGTATATATCTTTAATCTTAGGTCCAGTCATTATTCCCATAATGGTTCGAGTAGTGTTTAGGAGCTGCAGTCGAGGGCGTCTGTTACGCCGAAGACTATCCAGTTGCCCGTTTGTTATACAGTATAAATAGTGAATGATCCATCCGATGGCGGCAAGTGACAACACAGGTCCCCCCTGGCTTTCAATGATGGGAGTTAACTCAGTACTCTGCTGCCCGTATACCGAACAATAAAGACGCGCATACTGCAATAAGCCGTCTTTAAAGCTAACGCCCCTAGTTCCCTCCGGAAGATTTCCATCAGAGGTAACTATCGTTACTCGACTCATTAATCCGTCAATAGACGAAGTTAGGGCCCTCAGAGGTCTCACATCCAGGTAATGACTTCCCGGCTGATGCCTGGAGAAGATAAAGCATGTTGGACGACTGTGCAACAATAGCCTTTAGGGGAAACGAATTCGGATCTCAATAGTTTGCCAATGATAACGAGGGTAGATCGTTGACCATCTAGGGCCGGATTGAGGGAGAACTTTCAGGCGTGGACTTACATACCAGCGGTAGTGGAACATTCGATGGCCAAGGTCTGTGCCTCCCTTCCACGCCTCGGCAAGTAAGCCCTTTCAGCGATCTCATCTGACTGAATGTCTAATGCATGTATAGCGGTTAACCAAGTGATCCCGGGGAGGTATCACAACTCCAGCGCGGATCTGAACCGTCTGCGCGAAGATCCAGAACAGATCTACCTCTACCCTCCTTGTCAGGCATGACCTAACCACTTCAGATAACAAAACAAATTCCACCGCACATGAATAGTCTTGACCGGTTGGTTTGATCAGTATGTCTTACGTCTAGATCCAAAATATTAGGCGGATTAATACGCATTCGCGTACTAACTGGACCGACTCATAATTCACATCTGTTGAGTCAGGCGGATACAACCTATTGGCTTCGGTCCCCCGCATACACATTATCTGCTAATACCCTGTCATGATTTTCAGCGAAGGTGTTAACTCTTGGTCAGGTCCTAATTCGATCATGGAGAAGCCAAGGAGCGTCTCTGCCCATGACGACCACGGCTCTTAGCTAAGTGTTGTAGTAATAAGAGAGTCCCAAGACGGTTCGCTTGATCAGCAACAAAAATAAAGGGACGCTGCTTGACCGTTTTCTTCACTACAATAGTAGAGTTGGATTACCAGCTAGGTGACTTTAGGAGATCTGTGCATCCCGGGTATAGGGCCCAAAGAGTCGCTTTGCGCTCACCCTGGATAAGTAAGATCTAGCCGAGTCAGCCGGCTCCTCGAATCTTAGCAGGCATTCTTTATCCGTCATGATGTAAGATACTATAGCAAATCTCCACCCTGATTTGCCTCAAATCATGAAGAGCGCCAAAATTGGTGAAAAACTAGGCCGGTACTAAGCCTGCACGACCGACGTTAATTACGCTGTCGGGCTACACTACGTTCACCGTAGGCAAGCGTGTCCAAAAAACTCAAACGAATAACGTGAGACGCGTCGACATAGTCGTTACAATGTTGTGGCGTGGATTACCTATCGTCCTGACGGTCACTCAATTCGCCCCAAGCTTTATGGTTCTCATAAAATGCCGGGTTCCATGACCGGGGGTATGTCGATCTTGTTTAAGGTT,1645,47.54,Caenorhabditis elegans
SEQ_189318,GCAGTTCAGGATGGACTTGGCCTCTAATAGATACCCCCTTAGACGATCTCTTCGAGAAATGGCACGGGTATCCTACCCTAAAAATGGGGAATAGATTACGCTCCGGTGTACGGATGGAAAATACCTTAACGGAAAAACTCCTCGAACTACACCTGCGACCCACAGCTGTCGCGGAGCGTGAATGGAAGTGTACTTCGAGCCCAGTTGTCCAGGGGCGAACCAATTGTTAATATCCAAATACCTTGTCAGACGCGGGCTACAGTAACAGACCGGTGAGTCCCTTTTTGCTATGGTTATGGATGGGATTTGCCAAAGCATTTGATTATAGGCGATACCTTTACACACGGACCATACTAGCCTCTTATCATTGCCTCCGCATTCCGTTCGGTAACGCATCTGTAAACTCACGTTTACTTGGCCCGTAACATTCCGATGATACCGGGCGCATGTGTTAGTTAAGGCAGAATGTGACGTCCGAGTTTCTGTATATTGTGGGCGAGCCTGCGGACGTAGCATACTGCGCTGTATCATAGTGAGCCTTACCGGCGTGTCCCAGTGGGAGTTGGTTTATGGCGTGGCACCTGCTACAGGACATATAAGCAGTGGTATCGAACCCTGTAGTTCCAACCCCGAACATGGCAGCCAGAGATTAGCGGTCTTAAGCACAGGACACTACCATTTAAGCGGTCATCCCAAGACATAAGCGAAACGCTTTGGCCATCC,723,49.79,Homo sapiens
SEQ_219637,TGTGCGCCGAGATGGAGCTTAGCTCCAGATTGTTTTGCCCTAATTCTAATGCTTAGCTCAGATCGTTACCCTTCGAGCCCGCCTGCTACGTTATGCGCAATGTAGCTGACGGGAGTGACGAAGGAAGTGTTTATTAGAGTGATAGGTTTCAGTCTTAGTCGTGTACCGTCCTTTGCTCACTTTGTGCGCGCACCAGTCATATCTCACAACTCATTCCGCTCCGGAGACCATTACCCCTAATAGCAGTTGACCTATTACTTAGTTGCCTGTAATTAACTCCTCTTATACCACCACGAGGTTGAAGTCCTTGAGGACGGTTCAAGTTGTGGACCTCAAGCCATGGGCTACTGTCATGTACAACGCGTGACTACTCTGGTCCCCTCTTATCCGAAGGTAATTTCTCTCCCCTGCACGTTCCGGAAAGGATGTCCCGAGGTGTACAAGACCTATATAGGGGTAGTTACTTCCTCAGTGATGTTATGGCGAGTTCTGAAGAGGACCTGGTGGTGGAAATCCTGACAAAGGATTGCGCGATTATCGTATAGAACTAACCCATAGGTATCTTTTTCGGACCGTGGAACCTCGTGGAAAGGCGAGAGAGATTAGTGCAGAAGAATAATATGCAGTAATTGTGACGCCAAGCAATCCATGCGTGACGCTCTAGATTTTACCCGCTGGTTTTCAGTTGTTGTCCCGTCACCCAGA,705,48.23,Homo sapiens
SEQ_177567,TAGAACTGAACGAAGCTTCCCTTTCAGGCGAAGGTGCTATCGATGTGCTCGTTAGTAGGACTCCTTCTCTAAGGATCCCCAGTATGCAACTCGCTCTTGGGACACCTACTTTAGCTACCCCCACCGAACCATACCTCCCATGTCCAGAGATGGGGCTGTGGTGTCCGGAAGCCGAGGAATCTAGATCTCCACGTTGGCAAACTAGTGCGAACAGGTCGAGTCACTGTCGTACACCGTAGTACGTCGGCATATGGGAAAGAATGGCCCATGATTGTCGGAGGTGACAGAGACCCCTCGTTTCATGCCTGACTTACAGGCGTGGCGCGACTTATTAGTTCACCTAGTGCGTTCCCAAGTGTACATCACTTGAACTCCATCCGCTGGCCTCACAAGCTCCGGAACATCTCGAACGTGTAAAGACCGGTGTGAATGGCAGTACCATTTCAATTAACCCCAAAATCTATTCTCTTAACAGATATAATAGATCCGGCGCCGAAGGAAAATCGGGAGACGGTTGTCTCTGGTCCCGGCGGGAGTCATATCATTAGCATGAGAGCTGTGGTTACACCACCTTATGATTTATGCGGGGCCACTAAAATCTCGCAGAAATCAATTATCGTTCGGCCGTGGATTACAGATCCGATTAGGGGCACTTATGTTTGCGGGACCTTGAGGTCTGAATTACGCGCTCAGAGAGATGGAGAAGAGACACCGACCCCGCGCGCAACCCCCTGTGCATGAAATTGCAATTGCGTCCGAACGAGGGAGGCATAGCGACGTGGA,783,51.6,Saccharomyces cerevisiae
SEQ_567495,TTAACTGTAGATAGCGACGAACCAAAGGGTCGGGCCTTTAGGTAACTAAAGTACCCGCACGTGCACGCCGGCGCTCGGAGGGGTCAGCCCTTAACTCGGCATCCGTCATCTGCCGATCATACTCAACAAGTACTTGTTCTATTTAATGGTAGTGGCATACGCCATGTAGTAGTGATCAAGGCTGTCCGCCATACATAATAGATGACCGGATTATCGAACCTTTTTGCTGCATGCTAGGTATGCTACGCATCCCGGTAATAAGGAGGAGCCTCACCCCATTAATCGTTGCGGGGGTTTCCTTTTACCACCGATCGTGTTTGTCGGTTTCATTTCGGTGAAGCAAGCAGTGTATAGTGGTATTGGGGGATGACTAGAGTACATAGAGTAGCGTATGCTGGTCGGTCTGGAGTGGAGCGCACGGTTCACCGAAGAGTGCCCTTTCATTAATGAAAGGCCTCGACATCATTGAGAGTCTTCAGCGCTCCCCTCCTACTCCTCGTGGTCCTGTAAAACTGCCTCACATACCAAGATTCCGTAACCTTGCCATGGGATGGACGTAGGATATGCTTGAGCGCCCGTCGACATGTGTTAACTATGGTAGTCCCAATCGACCGACGAGAATCTTTTTTGTTCCTTACGTTAATGACGGGGCGCGTGTTTTAGACGGCGATCTCTGTCGGCAGATTGAGTAGCACATCCCTCATAATAAGGTGCTTGTTTCCAGCGGCGAGTTGCAAAAGTCTAAACGCCCTCTATTTTATGTAATTGTACGTCGCTCTGCAAGTTGACCATAAGTCGCCTCACATTAGCCTCAAGCCTCAAGAGATTCAGTGGATGGGCAACGGAGGCTCGTGGTCGCGCTTGTGATCCAGGTTCATCCCGCGTCGAGTTAGTCGTTTCGGAGGACGGGCTTGACTTACATGTGAATGACCTGCAACATTTACAGGATGAAGGTCTCAATCCCCAAAAAAGACTTCTACGCACCCGAGGCCTTCTTCGCCCGAACTTGACCAACAATCTAGCATTGTGGGACCCTTTCATGTGGGTAAAGCTAAACGCAAAGAGCAGTCCCCTAATAGTATTAAGCACATTCTCGTCCTGATCCTCGGAATGGGATCAGCCTACGCTACACATAATGAACATACTGATCAGGTACAACAACACAATCCCACTAACCACAGCGCGCGTATAAGGCAGAACCTTCGGTGCTCAGCAGGACATGAAACGTCAAGATCCAAGGTTTGGAGCTGGTGGCTAAAGATTCAGCACACGACGTTCTGCGCTCTCGCCGAGGACATGATCTACATTACTTCACCCTAGCGAAGATTTATCCTAGGTTATGTTGCCACTCACTTCACTCAGCCTTACAATGGAACCCCCAAAGGACAACTGTGATTTCGTCTTGTAGTTGCCGGATGACCGGCATGTATATAGGAGTCGACTTACGTTGTCAATTTTATTTCTGATCGCTCTGATTACAACCATCAGCGTGAACTTCGGCACCCCGGTGCTCTAACCCTCTACCCCGGCACTGCCTCATACCACAAATTAAGTCAGGGT,1560,49.36,Arabidopsis thaliana
SEQ_515823,CCCGGGAAGTTGTTATTTTATCACAACTGCTACACGTATTTATAAGTGTTCTATCCCACGTCCGAGTTAACATCAAAGTGCATGCGCGGGTAGTATGGTGAGCCACTGGCGCGCAGCCTTAGTGTGTCGACTCATCGAGCCTTAGAGTCCATTCAGTGCGTATAGAGCAGCAGTCAACTTCGCGGTGGACTTCTGTAATTTTTCGATCTCCACCAGGTGCGACGCAATTTAACAGAGTGAATCAATATATTGGCTGCGACAAACCACTGAGGGATGTCCATTACACCGGCTGTGCAAAGCTACTCTTGGCCGGTGGAAGACGCCTACCCGGATAGCTTTAGGATTTAATCCAGGACGGGCACAACTCCATGGATACCCTACTCGAGAAACCTCATAGTAACTCATCCATCACTACCGTCTCCTGTGAACTAGAGCGGATTGCCAATATCTCTGGTCTGTACAAGATAAGTGTATATGTCCGCATACGGTACACCGAGGCGGTCTGAAGAGAATACTGGGTCTATTCTCCAGTAGAAGATTAGAACCGGAAGCGCACAAACGCTACCATCCACACTATACTCACAAGCTAGAGCCTTACCAGGAGACCTACTCGGTAGAATAGCTCACCTTCTGTGGACGCGCCGGTGTGCTCTCGCTGCGTAGTGGGGTCGACGGTCAGGGCTCCATAACGTTGCTCGATCGAGATGACGTCGTTCCTTCTAAACAATGTTAATGAGTGTATGCCCCAGGAGTAGATACCGACAGGGGCACCTTTCCGCATCGTTAAATCAACAAAACGCGGCCGATGGAGACAATGGCGACACAATGCCTTCAAGCGGAGCTTGTCCCAGAGTTCATATGTAAGCCTGCAGTAAGATCCACGCGAAAGAAGGCACTGGGGCACTTCATAGCTCTAAAGACTCTGCCGATTCCCCGGAGCTTTCCAAAGGAGCGCTAGGACCTGAGGACAAGCTCAGGAACTCGTAGACGTAGTACTTGAAGGAACCGTCACAGGTGCGCGAGCGTCAAGAACACTAGGCCAGTTAGCTGCACTCGTTTTGAAGCGTTACTCACTAGTGTCTACTGCCAAGTACTTATTCATCGCACGCAAGGCCGACAGAGCCGCAATGTAGCGTTCGTACCGTCACTACACCGCTCCGGCAAAGAGAGGTTCGGAAGTCGGATGGTTACCGCGACTTTCAGCAATCCGCAATCGGGTTTAGCTTTAAAGAGCTGGGAGATAAAAAGTTCCGGCTTGTAAGCTCTGGGTCC,1272,50.79,Caenorhabditis elegans
SEQ_880200,AGACCTGGTGTGAAGGTTAAGGAGCCTTACAGCATCCTCGGATCTATAGCATAAATCCCCCAAGGGCTATATCCATACTGTGTGATAGCTTGCTGCAAGCACTCCCCTTTCCCCACCGCTTACGCGGCGTTTGTCCATAGTATGGCTTGATCTTAAAGATTTGTCCCTTACGTGATTCACTTCGCCTTTCCTTTACGACGAGCCCCCATACCGGTACCCACACAGACCGGAGTGCAAGTAGTTCAAGCCCCATGGGACGCTGACCGGGATGCAAAACCCTGACCGTCGACACCCTTGCCGCCTGTGTCATAATGGATCCAAGCGCATGCGGCATCCTGGATTCAGAAATCCCTTCTAATAGTTTGATCGGTCAAAGGTGTTACTCACGGCATGCACCTAGTGTGTAAATCCGTTGTAA,418,50.96,Homo sapiens
SEQ_782544,GGTGGCTTTAGAATTGTTTCGAATAGCAGCTCACATACAAATAGTGTTCTATTATTGGCACAACCGGGAGCGAAGACTAAGGATATCCACTTCCGAAACCAAAGCTCGCCCAGTTAGAATGACGAAGCGCGGTCCCTGAAATAAGCGGCTTACTAAGCACACAGCACTCTATGCTCACCCCAGGAGACGAGGGAGGGATAACGATGTTGATCGCTTAATCCGATTAGCTTGTGCGGGAACGAAGAATGCCAGTTATTTCAACTGGCCGTAAAAGGTGCATTAGCAACCAGTGATAGCCAGCATTGTGTACTTAACAGGCGTAGTGTCACCGGGAGCGACTTCTCGACGTGGTCGCAGGGCCACTACTAGAACCTCGAGCTGGGTGTTCGGCGAGGACATGTTGCTGTCCGAATGGGCTCTGGTACTCCCCGAAAATAGATGTTCGTCAAACGGTTTGGGTCTTGTACACCCTGTACTCTCAGACAGTAGTAGAGACCGGGAGAACCCCTAGAAGCACTCCCTACGAAAAAAAACTCGAATAACGTACTTGCCTGGCG,557,50.09,Drosophila melanogaster
SEQ_580964,GGTCAACGGGAGCCTTGCAGAATTGTGCTTAGCGTCTCTTCGGGCACGATGGTTACAGTATCGCGACGCCGCGCGCCGGATGCGCCAGGCTATACGAGAGCATCGAATAGATGTATAGTTGCCACTCGAACTTACCCTCCCATTTGATCAGTTTCCCAATTGGATAGCACAATCGACGTGTGAAAATGAAGACGGCGAACGGCTGCTGACCTAGCCCTC,219,53.88,Arabidopsis thaliana
SEQ_432307,TCACTTTGCTGACGTTACATAAGAATAGCCTATGCCACCTGACGGGGGCAATTGATGTCTAAAAACCCGTCTTTCGGGAACCTATGACTACCACTTTATGGTCCAGACAGAAGAAGCTAGTAGTAAGTTGATGTCTTAGCATGCGGTGAACGGGTAAGATTGGAGAGGATAACGTGGTTGAAACAACGAAGGTTGGGCTTTACGAAACATTACCTCTAGTAACACCCACATGTGAACTTCATCCCGGGTCTGGGGGCGGAGTGTCGGGCTATATGGTTACTCCTCGCGGTCACAGTAGTTCAAGTAAGTGAGCACCCCCTGAACGGGAACCCCGGAGTTTAGGGTATAATGACCATGAATTTTCTGCTAAAGTGTAGCTTTGAGGCAGAGGGAGTAGGTATGGTCTTTGTGCTAATTCAGTTCGAGGTGCCCGGTCAAATGTCATGTTTTAATTCCCGTCTAACCAGCAACTATCTGAGCTGATGGTAATCTGAGCCAATGCTTTTGAGCCGTACGCTGGGTATTCGCCCGCCGCCGAGGCCAGAATGGCTTACTGTTGCCACAAGGGGAATTCAGTCATAGCGGCCACTAGGATTATCCTCCGCTGAAACACATTATATGCATAGTAAACGGCTTTCCCACTACGAGCCCGGAAATCGGCCGGATGACTGCCTGGTGACAGCGGACGTGCTGAGCGACCGGATCCGCGAAATTCCGTCCCAAACATACACATGACTAGTGCGCTAGAGCTTCATTATAGAGGAAAAGCTAATGAGCCTCTATATTGCCACGGGAGATCCCGGCGCACCCTGTTGCGTCTGACATATTCAACATCGCGTGCAGTGCATGCTATCAGACACAACGAAAAGGATCCTGCAAGTACAAGCGAACTCATCGTCTACCTCACACTTAGTGGACTCTCCAAGTCAGGCCCGCCGAGCTACCACTGGAGGGCAGTTATCCGAATATTGGTTGCGATTTCGTATTTCGCTGAAGCAGAACGTGGACGAGTAAACTTTCAGGGCCGATAGTGAGTACCGCATTTATAAAGATCTTCACACGAGACTCTCGTTCTGTCTATAGGTCAGTGCCGCACTGCGGGTAAGTGTTGTAGTAAGAATTACTCGACCGATAAGTAAGAACTCTACCGTTTCAGATTGTGCACTGGGGAACTTAGCGCGTGCTAGCGTATCTACGTTATGACGGCCTGCGAACAATGGGAGGTAATGCGTGGATAACAGTAGCCCACGCAATGGCTAGCTTGATGACGGCATAAACTTATACCAGTCCTCATGGTTTGTTTTATGGACCACGCAACAACCCACGGGCTGTTCAAAATCGCAGTAGAATCCCGGACGAGACTGCTACGCTCTTACGCTCGTTGAGTCGAACCCATACGATTCGCCCAATTGTTCCGTTTTAGTGAGGAGGCAACCGCCCTACCGGAATATGGTCATTAGACACCCGCTTACTATTCTTACTGCCTTGGCGAACCGTTTATTGCACACCCATG,1513,49.5,Saccharomyces cerevisiae
SEQ_740200,TCACTACAACCGAGTTAAGGGTATTTCAAAGCTCCAAATTCAGTGAGCTATTGTAAGAAAGAAACGTAGCGAAATTCATCATCGTACATAAATCGTTGGACGATAGACCATCTGCGTTAGCGATTCACTTTCGTCATATAGAATGCATCCGAAGTCTTAGCTTCCGATCGGGCGATTCCTATTCGACACCGAGTGCGTGCCCGGTCAAGATGTCTCCCATTCTGACGTTAGACGACCGTCAGAGAACGTCGAGGTCTAAATCTCTGCATTGGTCCAACGCGGCGTAGCGCTACGGTGTATACCGACCATCATAAATCTTCAAAGTTTTTTGTACACGGGCACCCAATTTCGACCAAAACCAATTATACACAGCGAACTATGGGTGTATTTACCTAAACGGCGGCGGCATACGTTTAGGATTTCTGTGTCGCTATACGACCCGAGAGACGGGCTCCTGGCTATAAAATCTTTATCTTAAATTGGACGTATGCGCACTAATGGTTACAGTAATAGCTTGAGAGACACGGGGTACGTATAGAAAACGGTACTCTCCAACAGCGTGCCAACCTGCGACTCTATTGTGAGTCGGCTGCGGTCTAGTAATTTACCGTTAAATTATACCCCCCATAAGCCGCTCGTACCGATAGCCTCATCACCGCGTACATGCACGTTAACTTCCAGAACGTCTGTGGCATGCCCAGACCGCTCCCATAAGCGCGTAGGTGTGTATCAAGGCTTTTAATGGGAGGAAAGCTAGGGCGCTACTCAATACTGCTCATGACGCTACTAACCATGTGTAGCCGCGTGAAGTACTAGGTGAAGC,823,47.51,Saccharomyces cerevisiae
SEQ_864859,GATAGGCCTTGCCCATGCTTAGCCGACATGTATTTGCCCAGGATCGATGATGGCGCAAGCGTTCTA,66,53.03,Arabidopsis thaliana
SEQ_643343,TGTGCCTTCTCGGCACACAAAGCCAGGGTATGGTATCGCTTATCGATAGCTGGCCGCGAAGTGCCCTCTGCTGGACGTTCACCCTGCTTGCCGGTGCGCTCCTCATAGCGAGCGTTACTACGGTCCACCGGAGAGACAGCCCGCAAACAAAGAGCATCTTCACGGATGAGGAGAGTAACAGAATGACACGCCGACCTCACACCCGAGGGTTAATCGACATGTAAGAGGCACATCGTCGGAAGATCTCGATATGCTCCGGTGGCGGGGTGTTAAAGGAAGGTACCTGGATCGGAGAGGCCTGATGTGGTTATCAGCATTATGGCTTTACATCAGACGCCCGGACAAGTTTAGTTGCCGCTCTCCCGCGATTCCCGCAGCTACTTGTGCACAATATTCCTTAATATTTGCGGCTCGCTGCTATGCGACCGGATTGCTGCTACAGCGGCAAACTGTGATCTAGTGCTGTCTCTAGATAGCCAAGGGACGAATCAGAGGCAAACAAATTCCGCCCCGCGAGGACGGCCCTACGTTTATGGCCTCCTTAGGTCAACGTGGAAGATTTGTTTGCGTTGATCGAAATGCAGGCATTGTCTAGATCACCGTCCGGGTAAAAGTCGATACACGCAATGTGAGGTCATCCTTGCACATGGGCTCGCAACACGCTATTTAGAGTGGAAAACGCTCAGCGCCCGTCAACTTCGACTAGGAAGGAAGAGAGGGACGGGCCCGGCAGTTCTCGAGACGCAGGGAGGTACACGACCCGTACGAGAACACCATAGCTCGAGACGGGGTAATCAGCAGTAACATGGACTGTGAGTTATAAAGAAGCTCTGGGAGATGCCCTTTCCGGCCTCCGTATCGTCTACAGGGCGGAGTACAATTACACATATACCAGCAACGTTCCCTCTCAGAAACTCTCGACTTTTAGATGGGAGCAAGGAATGGGATCTCCTGACTGTGATTCCGCGTTCTATCCCAAAGAAGCTTTGATATCCACGCCCCATTGAAATAATACAATTGGCGTGATTCAGGAAAGCGATCCGGGATTATAGGTTCATCACGGTAAAACAGACTCCGCAAGTTGTACTAATTCGTCGCTTGGACCGGAAACAGAAGATCTACCCACTGCATGCCGTGTCTTGAAGGGCAATATCGTATGCGGTCTTGCCCGTCGAGCAACCGCTTCCGTTGCAGTAACTATCCAACAAATTGCTGCTACATTCACAATTACCCGCCAGCTGTTCGTTTAGGTTTCTTAGAGGATGGTCAAAAAGCATATCGGGAAGCTCGCTGAATATCCGCTGAAACCATGAAGTGAAA,1320,51.52,Homo sapiens
SEQ_551541,GAAGCAACTCCGCGAAAGTCAGCAAAAGTCCTATGTACAATTAAAACGACCCCATCGCAGCACTGTACAGGAATTGACTACCGTCTCTAGTAATGAGACTATGACCCCGGGTGTGGCTTCTGTCCCTACCCCCGCGGCCCTCGTACGAAGAACCCTTTCTCGGAAAGATCAAGTAAATTCTCATAGTTAAGACACGTAGATGAATCACATTGGAAGTTTTGACTAGAATCACTTCTCGGCTGCGGCGTAATTCTGTTCGTTCTTAATAAAACCTTGCTGCCAAGCCGGGCACTGGTATAGCCGCGTTCCCTATCGGAGGGAGATACGTGTGACAAGATAGCCACGTGACCTAACTGGGCCTAGCTTAGAGATAAACCGTAAACACAAATAGAGCTCGTCTCCGCCGTGTTGTTATGTGCAGTATAATCTTCCCACGGCATTGACCCGGGCACCTGAAATCATCCCCCACTAATAGGTGGCGACATGGACGACTATGTGTTCGGCTCGATCTAGGGCAATCACTTCGAAGCTACCTGCCGACGTTCTAACATATAATCGCGGGGTTCCACTCGAATGCCCACACTTAATGTTCTTAGAGTAGAGCTGACATCATAGTTTTTGATAGGCGAGTCAAAACAGAACCTGCTCCCCGCAGAACGCGAGCAGCAGCTCTCTAATGTGAGCCGGACCGGTGAACAAACATATCCACAAAGGATTGAGGCCTGACCTCTGGACTCCCCTAAATGAACTATTCCGCCTGCCGACCACGTACGATATACGCTCCTTAACATTTCATAAAGTAAGTACACATGTATCTGTACATATAGGAGCGCCAAGAATGTCACGCCGACAACCCCTGCTGCGGATCAGCCTCCTCCTAGTTTCAGTATGCGTCGGCTTCAGATAGGTAAATGCCGTAAGTGTCTTGCGTAGTAAAGAAGACGACAATCGAACTACCATTCTGTAATACGCATGCCGCACACAGTAAGAGGTAACGGCCTCCAGTTTCCTAATGTGTGGCTTTCTAGCTGCTTTGGGTCACAAGTCAGTGCCCGGGAACTGGCGTGTGCCTTTAACTCTCTCCCA,1086,49.17,Escherichia coli
SEQ_264307,CTAGGATTTCTAACTTGTTGGAGGCGTTCCGCATTTTTATGCCATACACGACGGCTCTGATAGCCTTCGTCGTAACAGAAAACCGGATCGTAAAGGTAGCTGCGCTAATTTACGGCTCGGTAAACAATCGGGACCTTATACCACAAAGGCGTGTGGCGTGATATTAAAATAACTGTGTACTCGTTGGGACTTGCAGTACTGAGCTTAACCCGATTAAATAACGCTAATAGATGTCATTAGTTAGTAACGCAAAACTTCTACGCGATCCCCTTCTGTCATCGGACCGTTGATCCGAAGCTCATTATGTACTCTACGAGAAAGGACGAAGGCTCGACTACAGTTCCGCGATGCGTCCTCAGTTAGATACAGAAATCTATACAAACGTATACGGAGAGCTTACTACGACGACACTTCCGTTAGACTCATAGTTCGTTACTTAGTCCGGGGTATGATGGTCGTACACTCACGACATTCATATACCCGGATTTCTATAAGAAGTTAACACCGACATCTATCGCCTCCTGTATTAACGCACATGACGACTAACAGGATAATTTTCACGCCACCACTTGCGTTTTCGTCAGGTCATATCCCCTTCCACAAGCTGCACCACTCTCCGACTATTATTTTTCATGGTAGATGTCGCATGGGTGACTTAGAGTACGAACTGACTCCAATTTCCAGGTGAGCGGGGCGGTCAATTACCGCAGACACCTTCTTTCGATACCCTAATCATTTTGAGTATAATCGATTTCATTAACACGTCGATGGCGGGCTGTGCAACATCAGGCGAATTGACTACAAGTGAGCCGCCAGAACAAAGAACCACGTTGGTGTCCTATCCGCCTGAGGAGACTGCTGGAGACAGCACATCACGTTTTAAGAACCGTACTAAGTGTGTGCATCTGTAGATAACGCTTGAGTACCTGAGACGGGACTGAGCCGATGAGTCACCGTAGAATGCACCTCAGAGAGAAAGCTTCTCTTAGAGCCTACCCATATAAATGGTGGATCTTTCTGGGTTTGATTTTTCTGTAGATCCCACGACTGCAACCCGAAGAAATCCAAAGTTGTATGCTGAAGGACGCGATGGAGTTCGCCTAGCTAACCGGAATTAAGAACTGCATCAGCATGTCTATGGGTCGAGAAAGTTCTTCAAGTTCTCGATTATCGCTGCGTCCAAAGCCGTTTTACTACCGTAAACGAACACATAAGTAGTCACCGACCCTTGCGCGGAGGACGAACGCAAAACGTTATATCCTCTGAGCGCCGTAGGACTTTGACGAAGGCCTAAGTAAACACCGCATCTTCAGCGCGCGCAACGCGCAACGTGCTTAGGTTTCAGGCCTAAGGGGCCCCGCTTACATGGAGGAAATTCGATACTGACAGACAAGATTCCGTGTATTATCTATGCAACTTCCACAAGTAGTCGTAGTCACGGGTGTCCCATTACCCTAAGCCACCATAATGGTCCAAGGACGTTCCGCAAATATTTATAGCTACGAATGAACGTTGCCTAATAACGGAACAAACTTTTTCGTAGTTACGGTTTTTGGTACCGTCTTTTGGGATGCGGGCGTACACCTGCCCCTTCACACTTTTCACCATGATGTCCAACGGGGCTCGAAATCTTGTGACTGCCTAGGTGATACCCCGCTAGTGAATTTAGCCAGATACCTCGGACGCGGAATCGATGGGCACCGTCTACCGTTTCAAAGTCTTCGCTCGCTGGTTAAGCGAACGTTTTGCAAACTAGCCCTCAACTTCACAAGCAACGTCCGTGAGAAACGAACCACCTTCATGTTAGGATAGAGTTAGGACAAGA,1825,47.23,Caenorhabditis elegans
SEQ_716479,TCCGTCCTAGCAGTCGCGTTCGGAGTGAATGAGGCTTGGAGGCCCACGAGGAACTCGGGGATGTTCCGGTATGATCTGTCCCAAACGGATAGAGACGGGAAATGCAAAGTGTGTCCGCGACGTTACACTTCAGAAGACGCGGCACTAGTTAGACCAACGGAATCACAGGTTTAATCCGGTCCATTGTCGGCCTTTTCCAGGATGGCTGATTGCCTGTAGGCAACGCGTCAAAGATCATAATTTGAGTTCGTGTTTTCATGTCACCTCTTGGAGCAGCTAATTAGAACCTATAGAGGGACTTAAATCATCCTCGTATCAATATCGACCAGGTTTCGGGAGCCGAGACAAATCCAGAGTCGATGTGATAGATATCGTAGATATTAATGTCCCTCGTCCTTATGGAGGGCGCAGGCACGCTCGCAG,423,50.12,Saccharomyces cerevisiae
SEQ_654774,CGCCAACTGGCCATTTCATTCCTTACCTGGAGCATCCAACGTAAGTCAATCCCTCGGATTGCCGAACTATCGGCCCGGTGCCACCTTACTTGGGATAGACTGGTAATCCCCCTTCGGGTATCAGTTCGACTTTGTTAGGAGGCTCGGGACAGTCTAGTGGAAACAGATCGCAAATAGTTTCATCTAATAAGGCCAGGTGCCGCAGCTGTGGTTTGACGTCACGATAATGCACTGTCGTTGAGCGAGTGAGGGTTTGTAGCAGTATAAGGTTCCTAACCCTTCTAGCAGGTATGTGGCCAACTGCGAGACGAGTGGAGACGAATAATATAGGACTTAGCAGGACAAGGGGCTGTTAAACG,359,50.42,Homo sapiens
SEQ_135863,CGGATAACCGCCCCTATTCGCACCCCGGGTTTCAGAGACACTGTTAGTGTCGAGTCGCTTCACACGAACGAAATTCATTCCCGTTTCGGCACTTCATCTTGTCCAATCTCGTGAGGATTGACGACGCCCATCTCCTTCCCATGCCCACATGTCAATAGCTAAACGTAAAAGGGGTGTTATACACACGATTGTGACCATAAGTAATTTCGGGCTGATGATCTTAGCCCATAACGAGGCCGATTATACAGAAAATAGAGACTGCCATTACTAACCACGCTTAAGGCCCGGCGAAAAGCTGAGCTGTACGATAGCTGCAGGGTGCATCTATTAAGCTTTAACCAAGCCACCGGGAGTCAGCCTGGAACCGAAAAGAACTACCCAAATCGCCTGGTAATAGGCAGCATGAATGTCGGATATATGCATGCGTTGTGTCACTAGACCGGTTTTCAACGTGCTCTTAATCCGACCAGGCGTTTAGCAGG,482,48.96,Arabidopsis thaliana
SEQ_534913,TTCTTCTTGCACCTGACGGACCCTTGGAACTCATGAGGGAGTATACGGAACCATCGACGGTGAACTTGCCCCGTTTATGATAGAACCCTTTCATGTGATGGAGAAGAGCCACCTGTGCGGCGCCTCATAGTCAAACGCCCTCGTGCGTAGGATGGGGGACTGGTGGCGAGGCCTGACATCATTGATATCTACCGTCGCGCTGAGACATATCTCCGGGTGCTTAGAATATGGGCGCGGAGACGGGTCGGCTGGAATAGGTACGATCAGTAAGTGTGTTCGGTGATCCTGTTACCTCACGGCCCGTTCTTACACATTGTGACACGGTACCCCGCGCTAACGGCTCAGCGAGACCCGCTTGGAAGCAGCATAATCGTACATCACCTTGACGGCCTAGAACGCGTTAAGTGGGCCCATAGGAATAGCTTTCGGTAGTTAATGCTACATTTGTTTAAGACATTGCCCCTGAAGCACCAGGGCCCAAATTTGCCTGGATCGCAGCTAAAGACCGGAGAGCATTTGCTATCTGGCGACTTCGCAGGACTCATGCTGGAGATTACTCGCCGGTATAGTCAATACGAGCTTTAGGGGTAGATCACCTCGCTTCGATATACGCTTTCGTTTCATGGGCCTATATCTAAACCTTCCGGTCAATCATCGCATGCAACCCATTAGGCCCTTCTGGCAACTACCCAAATTCCGTAGCCACAATAGCGCCTGCACCGAAGGCCTGATATGTTCTCCACGTAAACAAACTAAGCAATCGGACTTCGCGTGACGTAATTTTGAGCTGTTGACTTACTCAACGTCGTGGGTGTCTGCCCCGGTAGGTCTTGGCTTGTTACCGGTAGGGGCTACCGCTGATGGGAGTAGGCCTAAAGCAGAGACAATAGAAGTATCCTGACCATCCTCAGGGGCTACTCGCGATACAGAGCCTCCTCCAAGCAACTGCAAATGTAGCTAGTATCGTCGCCCTACCCCTTCCGTTTTGGCAAAGTGAATTATGTCGTAGAGATGTTGTAGATGTTTCGTTGTCGTCTGACACTGGTAATGCCCTAGGTTTGAGTGCGAACCAGGTA,1076,51.67,Saccharomyces cerevisiae
SEQ_918017,GCGATTCATAGACATGGAATCGCGGGGCCAACGGTAACGGTTAGCACAACACAATCGGTGAAATACTCGTGGCCCGACATCGGTATACCTATCAACAGAGAGGAATATACCGTTTTACTTTTAGCCCAAATGCAGTCCTTCTCTACTAGTTATCTAGATGACGTTCTTCCCATGCCCCCCTCCACAGTTGCTCGCCTCGGGTTAGTTATATTGGAGCACAGCTACAAATGGTAAGGCCATTAGTTGCCAAGCATTGTGCACCGGAGGAAACAAGAAGCTACCCGTACTAGGTTGCTCTAATCGGTAATCAAATTCAAAAGTCGTTCCATACGGGTACGCGCAGTCCCGCTTTTAATGGGTGCGCATCTATAATCCTGAGTACAGGCCATCCATAAACACCGTTAAACGTATTAAACGCACCCGTTAAAAAATGTATAAGATTACAAATGTGCGCTGCCTCCGAAAGGTGCAGGTGACAGAGACACGTCCACCTCTTAGCTCCGATTAGGGGGGAGAGTGGTACTTCTCTGCTACCTGATCGCCGACCAACTATGCGAGTTTAGGCGTATGGAGGGGGGCATGGATATCTCTTCTTGATCAAATTGGGCCCACCAGGGAGACCCTTGATGCCGGTAGATCCGATACCTCAGCGGGGTACTGACTCCGCCATTTGACGCACGATTAACGAGTGTTTTCAGTAGTGCTCCGACGCTTCAGTGGGCTAGACAGACGCGTTTAGAACCACCTTCGAATCAAACGCACACGTGATGGCGCCGTTAATTAGCCCGGCCATCTGATGTAAGTGGGAATGCACAATTTTGGTGTGTATGAGTGCAGTTATGAGTATAATAAGGACCAGATGTTTCGTGAGAGTTGGTCCAGGCGTCTATGTGGTTTGATAGGCTGTGGCGTTTCCTCCCAAACCTGGCCCGATCGCAATTAAGTATACGGCCAGGGCTCGATCGCCGCCTGTGGGGGTGTAAAGGGCTAGGACAAGAGTAGCATCAACTGAGTATTTTGGTAGAGTATCTGTCTCCACAAGCATGGTATACCTTGGGACCCGTCGAATCTGGAGTCCCGCGGAGGCCAGCCGGAGCGTCCCTCCCAAAGGAAGCTAATCCACGTGTTAATGAATATATAAGTAGAGGGAAACGGCCAATCGCGTCAAGGTATGTTTATGGCTCAACTTAAAGTTCTGTAGTTGGAAGGCGCAGGAAGGACGACAACCGCTCGAGGGCAGACTGTATGCTGCCAACCGAGCTGGAGGCACGCGAGGAGATGACCTATCTGGCGAAGTTCGTGCGCCGTGTCTAATA,1316,50.38,Arabidopsis thaliana
SEQ_894538,CACCCACCGTTTTAAGAAAGCTTTACCAGGACAGGTGAATTCCACCGTGCTGCTGTTGTAGCACTGTTCTGACCCGTCCAACTTTCGACCGTCCGGAATTATGGCGATTGCTATGGTATATTGATAACTAGTTTTCACCCTCTGCGGCAGCTGGCTGCGCTACCGTATCTCCTCTCGATATGTCGTGGCTAACATCTGGACCTGACCTAGTTAACCACCCCAGGAGAGAGACTTGCGAACACTCTTACTCATTAAGCGCGTTCAGGATAATCATTCCGTCACGGCGCCTTCGGATGCTGTCCAATTGGGCAGTGCAGCATATATGCAGACTGTGTCCTATGGTTTAGTTGTATATGTACGCATCTGCCTTCTCGCAGACTGGAGCAATAACTCGCGCACTGTGAATCCCGGGTTTCATCTTGCTCCGTCAGGGCATCAGGCATTACTTGCACCTCGCAAATCTGCTTACCCCTGTACGTTATTCTTTTGCAGGACCTGTAACTATCATAACGACCCAAAGTGTTTCGCTACTATGAATTGGCTAAATCCACTATGGATGCACTGATGAACAGATACATACCTCGCACGCCTGCTTACA,598,48.83,Mus musculus
SEQ_301307,ATGGTAGGTAGTCCAACTGTGAGGTCCGTTCGCAGTTCGGATTTTGTTCGCGCACGCGTGATGTATCACAGCAGTTGCTAACGCTAGGTACTTTTTAATAAATTCAATCCCATAAAATTTATTCCCTCAGTGCTTTGGTCGATCTAGTCATTCAGTATGAAGTTGGCCTGCTTTTCGTCAGACTGTACGAAAGATGATGTAGGGCTTCGAAGGTATCTCGGACGGGTCTACATGAGTAATCTATAATCAGGATGCTATGACCTGCATGACCTGGTCCTTAAATAGATTTTGAACGTGTTATAAACCGCTGTCCCTCTCGCTGCTATATGAGTCGGTAGTAGCGCAGCACTAATTCTGACCGCTAACATTAAGGAGCTTAAGTAATGACAAATTGTTATGCCTAGCCTAAATGTATGCGGATCTAGGTACTCACGCCATCAATAACCTACAAAGCAGTAGTGGAGGTGCACGTTTTTCTGTGAATACTTGCGTAATCCCCCGGCATGAAAGGGCCGAGGGCAATTACTGTAACAGAAGAAATTCTGATCGGATGCAGAGGTAATTTTCTACAAACCGAATCACGGCTCGACTTTCGTTTTTGGTGACGAACTGGAGTCAAAACCCATAGCTGCGAAGTAAACCCCATCGTTGTTCCGGTGAAATGCGACGTCCAGCATGTGCACACTGCTTTCTATATGATCATATAATAGGCGGAGCCATTCGCCACCACAACGCGTAGATGTAGTAGCTTAGTTCATAATAAAGAACCAGGGCGTTTGTTGGCAGAAGAAGGGCTATGGAGAGCCTCCGCTGTTCCTAGGTGAAGCCCGTGGCATGTACTAACGGCGAGGTTACGGTCTCTACCGCCTAGAGTGTTGCAGTATTTTGGATGAGAATAGCTTAAGTAGTTTCGACGGAATATGAGATTTCTTTTCTATATGGGCTCGCTCGGGCTTGATCCACGATGTCCAATATGCTATACTGTGGTACACCGGGTTTTCGAAAGGTACCATTACATCCCTCTCGGAACCACAGTACCTGTGGACCTGGTGACTCCAAATGATATTTTCCGCTCCCCTTAATTCAGGGACCTCACACCGCCTGCTGCTCTGCTATGCGCAGACATGCAAATGTTGCTCACCTCCGTCGTTGTCGCGAGGCCCACTGGCCCTGTCATTGACCTCGCTATGATCCGCGATACCATCGCGTTCTGGGCAACCCAGATTAATCGGACAGAG,1238,47.25,Homo sapiens
SEQ_231867,GGCGGACTCCAGTGCGGTGACCTCGACCCCAGCAGGTCAAATAGTGACTGTATGGATGCGCTTAGTGTTCGCCAGTGAAACCCTACAGTTTGGTAATTTCACTTAAACCGCACCACAGCGCGTCCCATCCAAGATAAAATGGGGTTACTTGAATCAACTTGTCGCTTAGCGAGGGTACGTGAT,183,50.82,Caenorhabditis elegans
SEQ_593646,AAGATCTTCAACAACAACTATGCTGGTGTCGCGCGCGACGGAATTGTAGATAAAGTGGGCCTTTTCCTAATGGGATAATATATAGGGTGAATCGGCGGGGCATCCATGGCCCATCT,116,48.28,Drosophila melanogaster
SEQ_667329,CCCACAATATACAATTTGACGATAGAACCGTTTGATAACGCTCGGAAAACTATCTCGGCCCAGACTACCTTCCCAACAGTGAGCACCCTCCGTCCGCTTGCCCTCGGGCGCTGATAACCGTAAACTATCGCCATGGTGTTATTATCCATAACTAGTTACTGACTTTGAACGTCGTGTTTTTGGACCAGGTCTATCATGCCAATGGTCATTGTGATAATTAAAAGACTAGTGTGCTCCATTTTACCCAGACATCCACTAACTCGGCATCGTAGTTAAGGCCATCGGGGTTGGTGAGTATTGGGTGCCCACCCACCCGTCATAACTGCCTTTTATCGACTAGTGCCGGGATATGTATTATTTGGAAGAGTGTTTCACAAAGTTTGTTGGACTGATGTCAATCTATCGCCTCTCGGGAGCCGCGGGTGGAACGAGTGACCCTGATTCGGACCCGTTAATCACCGAAGATGGCTTGTAATCCACCCAGATTGCCACCTTGAGTGGGCTCCAATTGTAAGTAGCCCTGTGTTCCGCAAAAAACTGATTTCGCGGACTTATACGGCTCGCCATGACTGAGAAACATACGACTGACTGGTATGTGTACCTCAGGAAAACCGTCCCTGCACGCTGGCGCCTCGAGTAAGCTGTCCATAAAATCTCCAATTATTGCTTATCCCTGGATGTGGGATGTCTTCCTCTACTGGGGCGACGTGCCTCTTGCTCTCAGGCTATACACGCACTTACTGAAAGGGGGGCTGACAAGGGAGCAGATGTTTCGTATATATCGTGGTATCCAGACTTACAAGGTGCGGATGGGTGCACACGCCGGGGGTGCAGGTTCTTATAAACATCACACGTGACGAGGGGCGAAATGTCGTGGGCGCCAATTTCCCGGATGGGAGCCTACAAGCCTAATCACGGTCCCTGTGATTAGAAACTTGACCGCAAGCCTACTCCCGTCCAAACTGTTATTACAGATGCAAATACCTGGCGCGCGAGGAGGGCGGGATCGTTGATTCGCCGATCTCTTTAGTTTTAGATGATCAAGGTATGAGATTATGTTCCCGCTCTCCTACAGGCCTCACGTAGAACGCTAAAATATTGGGAGGTGTGCAGTGGCCGAGCGTCACTGCAGTCCTTTGTCCCTATCTCATACCAAGCACCACTTTCCTAATGACTAATCCAAGGCAGGCTAGTTCTGTGGCGTCACCGGTTTATTAGAAGATCATCATGAGGTTGGTTCTGAACAGCTCGATAACTATGTCAAGCTGAGATTGGGTGTGCCTGTACGCCCTCGCGCATTCTCCGAGATATCTCTCCGCCTGATCGTGTAGACATACCGTCTTCAAAACGCCGCCCTCAGCGGGGCTTCTGCTTTTCCCCGATTGCAGGGAGACCCCTATTCTGCGAGACAAGGCTTAGCACATATCGCGGAGACGAAGCCGCTTTGTGCTTCCGATGCAATATGGGAACTAAGTCGTACACACCCAAAGCGTCGGAGTAACTCAGCAGCAACATCCCCCGGAGGGTGGAGATGCAGGTTGCTCACTGGGAACCGTGTACCTTGGGTCGGGATCTATGTGCATTGTGCGTATCAGGTCCACGTACTCATAACCTCATTCAACTCAACGTCCCAGACGCCCGGAACATAGAAAGAGGTAACAATAGAGAGCATTATATCGCGATGAAGCACTAAACCCTTCTAAACCGCCGCTATATCCACAGGGTTCACATGCCGCCTAAAGGGGGGGGCTCCGTATTGAGGAGGTATCGACACAGCACCTTCATTGTCTATTCGTCCAAAGATGGGAAGGGT,1813,50.69,Mus musculus
SEQ_768870,TCGTTATCGGGTAGGCCAAGAGGGAACAACCCGCCGAAGTGCACGAAATAATATAGCTCTTTCGTCATAACTAATAGGGGACGGAATTTAGGCAAGTGTCAGATATATCGAGAGTGACTTCCTAAGCCTATACGCGACGTGCGATGGAAGAGACTTAACTAAAGCTGTCCGGGGACGCGTGCAAGATCTTCCGGAACAACTCGGAGTAGCCCCGGATCAGGGAGCTGCTACATCGTTCTCAATCACAGATCTACCCGGTATGTGACGAAAGGCGAACGTTACGACCCCTACGACTACAGGTAAGACCGAGTTAAGCAGCTGCGCATCCCCAATATTCCAGTTGTCGGAAAGAATTAGCGGAACGATTTTGCTTCCTCAAGAACCTGCGAGGCATTAATTTCCTAACCCACCCAACTTCGTTCACTGCTACCCGGCGTTATGGGAAGTTGCATGGACACCCACATTCCACAACTCTAGACGGGTACCTGTCCAATCCCGGGTGCATCGGAATGACATTGATTGCGGGGCCATACTCCTGGGCCCTTCCCCAACAACGGAGCGCCGATTTGCGTTGGATTCCATCTATGCCACAGCCATCGACTAAGTCTACCCCCTTGAACATGACCTCTAATCCACGTATCTCTTGAAGCTTCTTCCTCGACTACGGTTGCTCGCAAGGACGACCTAGGACTGTGAAGTCCTGCACCGGCTAAACAATTATCCATATCGGGCGCGTTCCAAGTAGTTCCTACTGTCACGAATTTAACCTATGGACCTCTACAGATATCAGCATCATTAACATACTAAACACCTCTTATTTACTTTCGCGGGAGGGGACGCGCACGGAATTCTCACGTTCGTGGCCGCTAAGGTAGATGGACATGTCCGTGGCTAGACACTGATCTTACTGACACCCTACTCCTAACTAGGCCTAGTAGGTCCTCGACCGACTAGAGGCCCCAAAGACCGATGGACGTAACCACACACACTGATTTATCGGCCTCCTCAATAAACCTGATTGACTGTACGGTTCTAGATTTATCGTATATTCCGTGGGTAGACAATGGATTACTGCCCACGAGTATCAGCCCCAGTTTGTTGACAGATCTACACACAAGGGTTTACCGTCAGTGCCGTTCGTAAGGGGTTCTTCACGCATACCACGGCTACACCATTTTTTCCATACTCGAAGACCGAGATGGTGAGCTATTTGTAGGTTGTCTATGGCAATAAAGCAGTTCGCTTGGGCTCTACGACGCACTTTGTCTGCCGGTTGTATTTATGGTAACTCGTGCGACCACGCTTACTAACGCGAGGGGGGCGTGTGTGTGGGCCTCAAAAGGAGTCGTGGGGGGGGTTTCAAAGCCCAGTACAAATTCTGTCTCGAAAAGAAAACAATGACGCCACAATAGTAAGGGGGAACCACAACCTGCAGACTTGAGGAGAGAGCACCGGGACACGGCGCGTCGCAAGTGGGGTCTCAGGGAATGTGATCTATCTTCGCCCACCGCACAGCCAGACCGCCTTATAGCACCGATCCATCGAAACCCGGTCGGCGATTTAACCTATATATATGACGCCCCATCAATCCCCAATATACACTCATTTGAATATCAGACGGTCCCTGACTATATCGGACCGATGATATAACAATAGATCTAAAACCTAGGCCCTATATCTGGCTGTACGTTTTACCGATTGACCCGCGGTAACCGCAATTTTATAACGATGCTTTCTGATCTATCTTCCGATACACTACACACGTCGCCCACTGCGTGCTGACCACACGATCAGTGAAAAGGTTTAATTGAATACCCTTAGAGAGAGACAACGACCCTAGTAGGGGTGTTCAGTGGGCCTTAAGTGCCTGTTAACCGGCATATGCAAATATAGGATTCTCCAATACGTTGACTGCCACAGCTGTGTGCCCTCACAGTTGCCATTGCT,1947,49.82,Escherichia coli
SEQ_311726,ACTGTCGCGATAAAACTGCGGGCACGAAGGGGACGTCCAAAGCTCTCTACATCAATTTCATCGGGAGTCTGATATCAAGTAGAATGTCCCAGAGGCACACTGTGTTTTGTCGTACGGACTTATCGGCTTCGCTGTCAAGTGTTACCCGCCCTGTGTAAACATTATAACGTCATAATTCCATCTGTCGGTGACCAGGGTTCGTAGGTCCACTGATCAGTCTGCGCTGTAGATGCACCAGTATCAAATCGTAAACACTCTAAGTAGGCCTGATTATAACCCGAACTACGATGCGTAGGCGGATCAATTTCAGT,311,47.59,Arabidopsis thaliana
SEQ_426545,GCAGTTCGATATCCACTCCGCGGCCGTATATCCGGGTGTGGGGGTCACGTGCGACGCTCAGCCCGACACGCGTCGCGCAATTGGAGTTTGACACGGGCCATACGACGTGGACGGGGGTACTCTCTCACGGTCGATCGAGAGCCCGCCGTGCTAGTGACGACGCCCAAGCGACATCGTTCCTGATCACTAGCACGGAATTTACGGTGACGTCCAGTCTTTGTTCTAGTATACTCTTAGAGCTTGGAGATCGGGACCAGCATAGGCGGGTTAGCTACGCAGTCTCCCCGAGTAGTGTGAGTGTTAAGGAAAGATGACAGAGTATTGCTCCTGGGTTGCGAATGCGAAATGCAATGCGCCTGAATTGCCACTCTCTCTAACGATAAGTATCTTTACTAAGCTGCTCTAAGGAATAGGGCGAACTATATATAGCCGGGAGTAGCCAGCAAACTGCGCCTTGATATGTCGAGCGTTGTACTATCAATCACGTAGGCCCGCCCGGTCCTGTCACTGTTTGATTTCTCACCTTTGCCGGGTACAAGTGGTATATTTAACTAGCCTGCACAGAAATAATCACTGACCGTTTCTATGGCTACAAGGTGCAGCTTGAAGACACATGTCGCTATCTTAGCTTGGTCGTAAACGGATATATGCCCGTTTTTTTCTTATCTCAAAGCGCACGAAGTGTCAACATGTGCTTTCCAATATGATACCGTAGCATTGAAAATTGACGATGTGAGGTAACACGCAATTCGAGCTGGCCCTCATCTACTCAAGACCGCGTACGGTGCCGAACGTCTTAAACACTTCCAACTTCGACTCCATACGGCTTACTCGAACGCAGGGGTTTGCTATCCGCATTCTAAGCCGGCTAAAGGGCCGTATAACGCGCAACTGCGGGACATAATCGCTCTAACCTTGACCTCTTAGAGTCTACTTTAATTGGGCTTGCGTAGTTGGATTTGCCACGAGCCCGCACAAGGGATTCATACGATTGATTACAGGCAGTAATTGCCTTAACTGGAATCTTCATGTCAACAGGTACAGACCGACAATCTGTGGGGGCAGAAGAAGTTTTTTAACGAGACGGGAATACAATGGTACCGTCACAGTATGGAAGGGGTATGCGTGTCACGAAAATTCCCAAACTGACCCCCTGATTTTTCTGCAACCCCTAGTCGAATGGATATGACAAATTGGCTGTTTTTGGATGATTGTGTTAAGGATTACAAGCACGGTTGGCTCTGAAACTGAGCCTGAGAAGGAGTTACACCTGCACCTTCCGCAGCAATCCGGGATGGTCAATATAGCTGCTCCACCCTGCCTGTTAGGTCCGGAAGTTTCTGTGAAATTCGGTACATAGTCGAGATTAGTTGCAGTGCACCATGCTGTACACCAGACAAAACAATCAATAACCCGACTAATCCTCATA,1429,49.13,Mus musculus
SEQ_360631,ATCGCGTGCTCTCGAGTGCTTCACGTGGGTATAGCCAAACAAGTGGGCCAGAGTCTGTTGCTTAACCAGGACGACAATTGCTCAGGCTATCCAAGTAATTAGGTGTACACAGGAGTTATCCCCGAGTATTTGGAAGTACCATGTGAAATGAAGGTACATAGAAATAGAGTTAATGTTCGTTGACGCTGAGTGTGAGTATGACATCTGCGCGCCCTAACAGATACATAAATCTCTTTAGTCGTGTATTCATTTCGTTCACAGTGGTAGAAGTCATGTGCGATTGTGATAGTCGTTTCCAAAGGTACTCGCTTCCGGTTAGTGCGCCAAAAGGTATCGCCGCCCATGACGAACGGCCGAGTTAGCAGATATTAGTGGAGTATAATCTGGAGTCGCTGTAGCTACCTTCCATGGAGTCATTGGGTCGAGCGGCAGTAATAGTCGACTACTGGTTACTGGCAAGGTCCACACGATATGTTAGGATGGTAATGGCGGCCAGCATCCCAGATCTGGTCAATCGTGTAGTGGTGAGTTCCACGGTTTGTTTAAGTCCCAAGCGGCGTTCCGTCATGTTGTCCGTACCTTGAATATTGGTGGGGGGACCTTTTAAGACTGATTGGTACAGCCCTTGGAAGAGATCTCCCAGTAAACACAGTCTCTTGATTAACTTGGTATGGGGCCGATGCGGGCTCCAGTTACAACACGGATCGTGCGAAATAGATGACATAACTGACCGCCGCACTGGCTTGAGACTATCAGCATAAGGCCCGTGTATATAATGGTCGAGCGATAGGGAGCTGATAGGGCGACCCTACTTCCCATACAAATGCTACGCATGTTAACAGTCGTTAACACCTATTAGTATATCTCTGCTATGGTCGATCAGATACAGCGAGGGCCGAGACTGGCGACCAAATAAAGCATCAACATCGGTTGCAGATCCGTGGGACTTCTAATTAAAATTTGCGGGTTTTTATTGTTCAAGGAAAATCATACATAAGGTGAGGATGACGTCTCGCCCCCATTCCGGGCGCAACCGTGACAAGGTGCACACATCCAGAATAAAGGCTGTGGCAGTGTTGCTTTAGAAAACTCAAGCTTTTCCTCGAGGTCTGGACTTTCCTGCTGAGTAGAGGCTGGGAGTGAGAGAATGGTACGGAAGAGGACGATCCTTCAGTACGCAAGATATATTAAAGCACCCCTCCTACGTACAAGCAAGCTCTTTTTGGCAGATAAAAGTCTTGTGCATAGAGACATCCGCCCGTGATTAGTTGTCGACTGTTGTAACGGCCTAAAACGGTGGTCGTTGATGCAGATGTAGGGTATGAAGCGAGAACAAGGGTCTCGCGCTCCGTGAAGTGCCCCCAACCGCTATAAAAATCGCCTCGGTTACAGGGGGGACACTTCATGCTTAAACCATTTTGTAAAACCGGTGGCCTCGAGTTGTCAAACTAGAAGATCAGAAAAGAGCACCGTTCTTGAGAGCACTGCTTCGCATTTACGAGATTCTCCAAAGGCCAACTTATTTATCAGGTGAGACTAC,1540,47.86,Caenorhabditis elegans
SEQ_291724,CAAAGGCGTCACGACCCCGATAGTTGGTGGTGTGTCTAGACACTTAGCTCGGTTACGGATCGTTGGAGCTTCTCGCTTTCCAAGCGTACGCAACGAGTTCTGCGCAACGAGCCTTCGACTTAACAACCAATATACTAGATAACTCGCAAAGGGCTTCCCAGGTCGCGCTCTCGCAAATAATTCCAGTCACCATCGCGATCTGATGGTGGTGAACTCAGGAGTGTGCTAACTCAGGCAACGGTACGCAGTTTAAACCAACTTTGCGGCTCCGCTGGGTCTTTTGAACGGACAAGGTCGCGCTTCGAATCATGAACAATCTACGGTATGCACCAACAAATAAACCTCATTTGGTCTGCTGCACCAAGATGTAGCAAGAACTGATTCAGTCCAGATTAAGCACGGTCGTAGTACTATGAGTCACTTCGGAGCCGCTCCGTAATAGCATGGTACACGGGCAGCGGTTTAGTGCTTCTGGGACATCAGCCTTGACTCTCTTAGCAAGGCTGTGGGGACAGTACTGTGAACATAGGTCTGATACCACGGGGGTTACATTAATCCTCCCGATGCCGCGCTTGGATCGCTCAAGTCCCCTCCCAAAAGCGACCCTCGGCAAGTCACACAGAGGAAGCTCAGTTAGACTATGCCAGGTTGTGCGGTGGATGCACATCAACTTTTCCGTCATGATGTAGCGGCATTAGCCTCGTCGAATTACCGCGTCCGAATACCGACTTCACCGCTTGAAACAAATTTAAACTCTATTTGCGACCGCTCTGGTCCGATGAAGCCCAAGGCCTTCCAGCTGGGGCCGAACGACCACTCAAAGCTTTTTACGAATTCACGTACCCCAGACCTGAGGCCTATAGCTAGTTAGCCAGATTAGGGCACTTGGGAAGCGGGTCTTGCATTGATATAGTAAATCCTATCGGGGCCGGGGCCCCGGCGAACTGTTTAGGCTTCAAGACCGAGAGACATGAGGCTCGGACAGTCCCATCTGTTCTGCAGGCTTACAATAGGGGAGCCCATGTATGAGGCAGGGTCATGTACTTTGTGTTCCCCAGCGCGGCCCGACGGTGCAAGCCGTAATGGTATCAATCTTCGCATACCACGGGTAGTATAAAACAACGGCCGGAGGCGGTGTCCCCGGCAAGTCTCCTTAATTGGCTTGATTAGATTTTGGCATCTACAGCCTCTGTTACAGCCTTGCCTGGGTCTTTTGATGTACGGACGGAGGGACAATGACGGGTCGTCTCGGATTTTGATACAAATGTATCCTAGGTCAGGTATCTTCACTTGCGGTAGCATGTCGAATGGACCGGGTAAGCCATAGGGATGGCATCCAACTTCGCACTACACATATGCCACAGTCATATGTGTCTGACCAGCTTAGATTACCTACGGCGCTAAAAGATATACTAACGGATCGATCTACTTATGGGTTAATGCCCCCATTCTTCACGGCTAAGCGGGGTTCAGAATGCCCTTCTCGGTACAGCCCTCTGAGATTCATTCGGAGACTGACTCCTCGAACCGTTGAGTAAACCGCTCGCGTCACGTCTAGTCACGCGTTATTGAACTCAAAGACCATTTTACCATCCAAGTCCGGACATTAATTACGTACCTAAGGGGACCTCTGGACATTACGTGGGGCGTCGGATCTAGAAAAACCTTCCATATTTGACTTTCTAGTGGTGAAAGCTTTAGTGTATTTACTTGGTTCACTTTGAGGCGGTTAAGCCTGGCCGCCTCCGTTCAATCTACAACATATTGAGAAGTAGTCCACGGTGGGTAAAAACTAAGTGGCTG,1803,50.58,Mus musculus
SEQ_785478,GCCTTACTCACTTAATAAGTTACGCGACGCTTTCTCTCCACGAGCCTAAGTAACACCGAGAGTCGCTGCTGCGACACCGTGGCGGAACACTCGTACGCCTACGTATTGACCCCTTCGTTTGACGCCCTGACGTGAGGACCATTCGTTGACAGTCGCACAAGCCAAACAGCTCTGATCTTGTAGCTTACGGTGCTGAGGACACTGGATCCGTTGGTCGGGCCAAAAAGTAGTATTCTGCGGAATCTTTACGAATGACACCTAGGTCCAGTGAATTAACCGAACGCACCACAGATTTTAATAACCATCTGAAAGCCGATACCAGATCGAATACGCACGACGCAATTCCGTGACTTGTGGCGCCGACTAGCTAGCCGCGTCCTGTCGCGGCGTTTTTAAACTCGATTTTACGTCGTTTATGCGCCGAATTGGCGCGCATAACTCATGACTTTCTCTGTATAAAGCGGTTAAAGATAGCTGGAGATTGTTACATGCCTGACGACTTGCCCACACAAAGTCCCACGCAGGCCCGTCTCC,534,51.12,Arabidopsis thaliana
SEQ_210239,GGACTCACCAGTCCGTCAGCCGGGCTTCCTATTCTAATGGGCACCCTCGTAACGTGACCGGGTGGTACGAAGCTTTACCCGTATTCTACCCAGATTGATTATCGAATGTTGAGTTTTCCACCTAAAAGCGCAGACTACCTCGTATCCGTGGGGAATACGTTTAGTTTTCTCAAGCTTGCACGCATTATTCTCGCACGCGCTCTGGTCATCCGTTATAAGATACATCCCGAGAATCAACAATAAACAACAGTGAGGGCGTTGATGCGATAGTGAATCATAATAGACCAAAGTGAGACTGATACTAACCCGAATCATCATAGCAAGACAGGCCAGAGGGTTCTCTAAGACTTTAGTCCGTGTAGCTAACCCGGTAGGTGCGGTAATGTGAGCCTTGGCGTCACACGATTTGAGGCCATGCCTGGATCCAACTCATAATAAGAAAGTCAAATCCGTTTGAGGTACAGTCTCAAGAGTAGTCGACTGCACGCCGAAGGTTAATTCGCAGTAGACAGCGTGA,517,47.78,Homo sapiens
SEQ_654132,GATTCTTTTGATCATAGGGACCTAGTTACACTTAACGGCCAGAACATTTCATGAGTAAACAGATTGGAGGTCCCTTAAAAGACCGCCCCGTTTGTTAGCCCCATGGTCCCCGTTCTTGTCAGGCCGTCTCTTGGCACTATCCGGGTAGGCCCACACATCAATTTAACCTAGATAAGGTCGAGTCTCAGCCTGTTTAGCCCGATTGGGCGGAGTTTAACATCTTAAGAATCGGGGGCTCTGGTGTTCTCTCCAATGACTTTTGCGTAACCGAATTTACTCAGCACATTGGACTCGACGCGTTGGGTCAGTGCTCTAGCGCTGTGTAACGCGCATGCGTCCTCTTCTATTCTGATCGGAGTTTGTCTGGGCATCGGATGGCTCGTATCCCAGCACAGCACGTAGTGTCACGTGAACCTTCTGGTAGCCTGGGATTGCGGTAGCTAAAGAAGGACTGATTTGTTCGTTGACATTACCTGGACCATCCTACCACTCGGGTAGTTTAACAGATTCGGTCGGGTCTCATAGACATTATCTTTTTTAGAGCATGATTGAAATGGTGACGGGGTGTGCCGCGACAAGTGAAGCCGGGGTCGGGGCGGCAAAGAACTCTTAGGCCGGCCCTAGTCGACGGCTAGTATGGTTGGACTCCATATAGTACGACGCCCATCAAACTCGGGCGTTGTCTCAGGTGCAGTAAATGGCGTGATCCGTGGACGGGGGGTTCGGACAGGCTCTAGTTAGCTTTTCGTTATGTCGACCAATGGACGGGGGTAATCGCTCGCTTTGGTGGCCGTTAAGCACTCGACTTAGTTTTTGAAGGTATACATAGAGGACATAGGGTACCGACCATAGAGGTTGATCCGGATTTGCACCAACCCCATGGAAACACGCCTTCAATGCAAAGTAAAACTTGTGGTACGTATTCTGATCGTGCTTAGAACCACCTCAGGCCTTCATATAAGACTGTCTTGGGTGATCAAGAAAACGCCTTACATTTATCGCAGTTCGATATGTTAAACCCATCTCCAGCCTGAAGCCACAGGAGCCCTTCGTTGGCAACTGCATGGAACCTGGTTGATTTTCACCGAAGGGATGCTAATATTCTCTTCCTTCAGGGGATCAGCCCACCCACTTTCCTCAATAAGTTACATGACCTCATCCAGTGCAAGGACGGTCTGCATGCAGAGGGGCTTTGCACCCTTCAGTGAGACCTGGCATTTAATGCGGGAACAAAAATCCACCGGTGTCGAGTACTTACCCTGCGGCCCATTAGGTGTAAGAAACTCATGACCGACTTGATGTTAACCTGACTATTCCTCAACAGCCGATTATTGTTAAGACCTTTTCCAACGCGGACCCCTTACACGGAGGTTCTGGCAGAAGCCCAGGAATTTATTACTGCCAGGGAGAGCGGAGTCGAGCTAACTGAAGGTACATTCGGGGACAACGCTCTGATGCGACGGTAGCTACACGGAATGGATTAGCGGTCCCAACGAGATGTGGGCCCCGCAAGAGGAAGATCAATATTGTCTTTTGTGCTCAAGGGCCTAGTCGCGGTCGGAGTGGCATGCCCTTATCACGACCATTGCAAACAACCCGGGGGATGGGGTCCTTGTTGACATGACTCACCATGAGCGTAAAATGTTACCGGCTTAATAACGTATCTGAAAGTACCGTGACCTTGTACGGGCCAACAATTACATCACCCACTGTAGTTTACTAGGCGGCCATATTGCGCGATTATATTTCCGTACAGAAGCCCAAATCTCGCAAGGTTCTAGCAACCCGCAGCGCCGTTTTGCGTAGATAGCCTGGAATATACCCTCCTAGTACAGCACGGGCA,1843,50.35,Homo sapiens
SEQ_844274,GCTCCATTACAGCCTGCGGGTTTTGGGGCGTAGAACACTGTCGGACCAGCCAGTCATAAGTATGCCTGCTGGGCCGGAAGCAAACTCTTATGTCGCGCAGTATGGCATGATCAGCGCATAGAGCCGCACAGACTGCTTCACTCGTTTTACTGCATCTCGAGCGTCACAACGATCGAGAGCATGATGAACCCTCAGCACTAACAGAATGTCCACTATGTTTTTCTACGCCCCGGATATGTAAGAAAGTTATGCTAATCCGGTTAATGAGAAAAATATCAATGCCAAAAGATACCTCTTCGAGGGGAGTCGCCAAACCATGGCATATTGGACGCCTCGAGGGCATTATAAAACGGCTAGCCTCAAAGCACCCCGGTGTACAACGGTTGCTGATCCTGCGTTAAGTGGTCTTGTTCGTTGTGCATTTCACGGATCCCCAAGTCGCCACTCATCGTAAATCGATCTTGCGTACCCGGAAATTGTCGTTCACGTCTAACTGCGCGGTCGTCCCCCGTGCCAAAATTCTTGTCAGTGAGGTTTGCAGCACATTATGCCAATACGAGGAATAATCCTTGCAGTAGAAAGATTATTTAACCTCTACCCCGCGTACGCTAACGGGATTGTCAACCGCTGATATATGGGACCGGAACAGGGTCGAGGGACTGGCATAGCGTGGGCATTAGGCATGGCCTCCACCTGCCCAGTGATAGGCAACATACACATATTTTCGATAGTATGAGAACAGAGGGTTAGGCAAT,755,49.8,Arabidopsis thaliana
SEQ_280649,ATTCAGACAGAAATGTCAGGCCACGCCTCGTCAGCGGCATAACGGGGTGTACAAAAAAGTATCACGAAGGATTGCGTGTGTCCAATTCCTAGGTAATGTAACGTCACGCAGTCCAGCTCCACTACGTTTGGGGCACCGCAATTGCCCAGCGCTCGTGATTACCGTTTTAACCGTCAACTTTTTTGTTGAGCATATACCAGAAAGTAGTGGATGTTCTAATTCCATGCCAGGTGTGAAAATAACGTACCCCTATCAGTGGGGTGTGGTAGGATCGACATGTGTTAAAGCGCGACGGTCTCCAAAAGCTGCAAGAACGCAGCATAGCGGCCTAGAGATGCAGACATGCCGAGGGTGATCCGCCCTTCTTTTGCTCGACTTACAAGCGAAGCGGCTCTGTATTAGGTTTATGCTCCGTATGGTCCGGAATGGAATGCGTTGTCCGCCCTAAGCCCTGCAATCATGGGCTCTGATGTAATGAGAGTAGGGGACACAATGAGGCTACCAGCCCCTTTACCCATGGCTGATCGGACTCAGGTGGAT,540,50.74,Caenorhabditis elegans
SEQ_134264,GTGTAAACGCGGTTCGTCCCCCGGAAGACTGGGTAGGGAGACAGCATCAGAGACTCGCCAAACTTGTTCGAAGTCTTAGTCTTGCCTGATAGGTCTTTGGAAGTACAACCAGTGTTCCGCTCACTATCTAAGCTTATAAGGTGATAGGCAATCGCCTATATATATTGTCACGCTCTTAGCCTGTATATTTCTGACTTGGAGCCGAGTTAATTTATTTAGCAAGCCATGGGTAGGGCATCACATCAAGAGCTCACTCCAACTGTGCCCCTTAAATACCGAAGAAATAGGGAGCGTTGTTCCGCGTTAAAATTTATACACCCGGACCCCCATCGCAATGTTTTGAACTGCTTTGTGTGATTTAAGGGCCCTACTAACCAGGATACGATGTATTACCCAAACTCAAGTCAACTAAATGAGCTTCACAGTGTTTCAACACTGTACTCTAAAATGAGGGTAGTTGAACTCAGACCCGCAAGAAGATAGGCCGTCCGTAAAGCAGCGCTGTGTGTTTTTTTCCATTAATTTCGCGAGCGATCTAT,539,45.08,Mus musculus
SEQ_948820,GGCACGCTTGTAGTCAAGTCCTTCCGGCCATGTTCCCTTCAGCTCTCTATTCGATGACTATCGGTACGAGGGGCTATAATGAGCAGTAATTACGAACTCATCACGACAAGCAGGGTTGTATACGGGTGCCCGTTGCTGGCGTCGCGAAACTTTCACTCCGGGCCTGTTCACCTTCTGAGGGGGTCCACCATCACTAGCCCCGCCGATACGACCATCCGCAAAGCGAACTTGCGAGGTCCGGTTCGATGTCAGACGGAAAAAGCAACCCACCCGACAGACCCGGTCGTCCTGTATTATGCTAATGCTGAAAAGGCTCTGACAATTATCGGTGATCCCCCCGTAGTCAGATGCCATCCTATGACCGCCCTTGAGTCTAGAATAACTAGCACACCGCATGCGAAAGGGTATGCGTCGCGCGGCCCACCGCGTAGTTTATTTCCGGGAATCAGGACCCCAGGATCAGGTACAGTGGTCCAGGGGAGTTCGGCCTAACAAGTCAACGGTTGTACTTTAGATTTGTTCGTACTACGGCAACCGTGCCAGTCCGCGCCGCAGAGCGAAGTAAGCTCGCGGCGTAATAAACCACGAGTCGTACGTGAAAAAGAGCTTGTTCATTAACAGTCCGAAGCAACTGAATGAGCGTGATCTGATCGGTAGCAGACTATTAATGGGTATTCACTCATAGTCCGTAGAGTGAGTCGTGCACTGTGCAGGATCCACTTTCAGACTCGCTCATGATAACCGCGACGTATTTATGAAGGACGAGTCATGTGCAATTAACTGCGGGACCCCGCGCTCGCCCACCCACTCGGTGAGATCCTGTATAGTCTAAGATTTGAGAACATTGACCAAATCACTCGCTTCGCTTGTCGGAGGTGTAGACGGTCCAGCGTACTCAGAGACAGTTGTATTGGGTGCGTAGTGGGAATCAAAAATATCAATCGACTTATCAGGTGGCCTTTAGTTCTGGGTCTATCAGTAAGTTCTGAGTCGAATCTGGTTGAGCTAGCAGAACTGCTTGCCCGCTATTGCGTCCAAGATCACTGAAACCAGTGCATTGAGTTTGTAGAATCAACAACCATAGTGCCGGGCTAGTGCGGCAGCCGGTGGATTTAGATACGGTACATATGATCGAGAGAGTAATCGATCGTTATTCATGAAATGGCGGCCATGGTGCACATATAGGGCCAGTGGCGGACGGGCCTAAAGTGGCACGAATACATGGCCCCTCCAAATATAAGGAATCATGTACACGCTCCTTCCCCCCAGACATCCCGATTAGCTCTTCGGGGAGCCTCCTGAAATGAGCGTTAAATTTACGCTACACCTATCTATAATAGTAAATCCGGTACCAAGGACCACAGGCGGGTGTGAAACACTTATGCGTGGTGTGACGCAGGGTCTACGAACCGTTCTGTTTCACCCGTCTTCCCGAAGAGGGGTAAAGTATTGACACGGCCGACCTAATTTACGCTAGCTTTTCATATTTTGTCTCAATTCTTCATATCAGTTAAACCATCTGCATCGCAGGACCGACTGTTGAGCCAGTCCCATTGCGCCTTGCGGTCATTTCCATAGTATGATATGGGTTACGCCAGACCGTGATTGCGTCGCAACGGATCAGCAAAGACGACACGCAGTGTCCCGTACGTCGGTGTGTGTCCTTGTTTTGGGAGTCGTCTCGAATAGAAAACGTCTTTTGGCCGCCCCTCCGGTGTTAGTTCACCGATCCTCTATTTAACCATACCGTATAGTAGTTAAGGACGCGAATGGTAGCATACTAGTACGCACAACGCTACGTTCCGAACTTTCCAGTGACTGTTGCCGTCACGAGCTGCTTTCGTCGGTCTGAGCATTTCCGGGACACGTCATGCTATTCGCTGCTGCGTTATGCTCCACGCGTCTGTCTTGACGACCAATCGTCGAGGGAGGCCCGGGAGGAATTGAA,1948,51.18,Caenorhabditis elegans
SEQ_496493,ACTAGTGGCGAGGCCTCGACGTATGTTGGTCCTATTCCGGGCTGTAAGATATACTATATGAGTTACTTACCCGGCTGTTGTGTATTTCTGCCAGGGACGGGAGGTATCCTAAAATTAATGATTGTTTCGAAATAATCCTTCCCTGGCCCGGTTAGACAATGTAATTCCAAAGACCATGCGGAAAGGTTACCACTTGCTGAAATAATTAAGATCACTCGCGCATGCACAACCTATGTCTGTAAAGATCCGGCGCGCGCTCGAAATGAGGAACTAACTGATCAACACGATGTGGCTACAGGGATTTTACGAGTCTGCGATCCTTGACTGCATGAAATGGAATTTAACACGATCGGTTAGTCTATATGTTAACGAGAGTGCGGCCAACAACGAGTCCCTTTTCTGTCGGTTCACAGTGAGCTCACGCGGCATTAGTATATAAAATTGCTCGCCGCAAGAAGACCAACGTGACGTCTTCCCCATTGGGACTGTCCTGACGTCGTGGGTTCGGCATATCATTATATTGCCGTGCTTCTGTTAGAGCGAAGCTCGCAAGTTTGTCATGTAGGCACTGAATGGCTCTGCTGGAAAGATATAAGTAGCAACTCAAACTAACCACGCAGGCGAACAACAAATTTCTACGCCGTGGTACCACGGAACGCAGGCGAGACGCCAAATATCGCACAAAACCACAAGCAATTGGGCTGAAACATGACGGCGGTATCTTAGTTGGCAAGCGCCCGGCCACAAAGACTTTAGGAACGTTAGTAAACGTCATGCTCCACTATGATCTGGACTGCATGCGGCGCATGATGTTTTGCGTTCTCTTAATTAGGGCAGGTTGCACATGCTGATTCGCACTTTTCTTGCAGCGGTCACGTGGTTAAATGCCTTATAGAGGAAACTTATCGGCTGATCGGCTAGGGGAAGACGGTACATACCCCTTTTACTCCATGTCAATCTGCCATTCATGCTAAGATTTAGTGTAGAAAGTAGTCTCCACAGCGTCGAGCTATGACACAGGGACCTTGGTGCGGTCCAACCTAGGCTTGATAACAGGCGGTTCATGATCCTCCACATTCTGGCAGATGAGAAGCTACTGTTCCCATAATTGTCAAGGATACGTGAAATCGGCGGTAGGCTAAGGATTGTGGTCTTGTAAGGATCTAGGTAACCATACAGCGAGGTCTCTTGGTACAACAGCTCGTAACAAATTGAGGCAACACCGGTTCATGAGAAAAGGTTCGCCGCGATCCCAATGTAATTTGTACATTATTCGCGTGTTAATCTAAGTGTTGATACAAGGGGATGTTTTGGTCCTTGCTGAAACCTCGAGTCCCTAATCCCATCGGATGGTCCCACGGAATTACGGTTCACCTCGCCCGGGAGGAGGAGCAGAATCTTTCCCTTCAGGATGCGGGGGTTTGGTGTCCTTAATCGGAGATAGGCAGAGACGAAATTGATCGAATGCGGCCAGGAAATATAACCTTGAATAAGCGTCTCCCAGTTTTACCCTCCAAGCCAGCCGGTTATTGGCGGGAGATATGCTTTCCGTACGGGACGCA,1562,48.08,Homo sapiens
SEQ_954738,GTAAAGACTAAGACGTAGCGGGAGGAGACCGGCAGATGAGCACGGCACGTCACTCGAGGTATACTGCGACAACGTTCGAGCACGCAACGGATCGTAGCGGGGGGAGCTACTTCGTAATTAAATCGTAAGAGCGGGTCAGTCTGAAGCGCCGAGCCTCGTTGCGGCTGATTGAACTCTCACTTTAAAGTAACAGATAGTGCGTGCTAACTGTGAGCTAGGATAGGATAGCCCTTTGGCGCCCGCAGAGAGCTGGCCAGTAAAGCTCTCGCTGTCAATCGGAGACCCCCAACCCGCTACGCCTATTACTCCTGTAGGGGTGCCATGGCATTGAGGAACCGTGTGCCTTGCCTACCTACGTTGCCATCAGTGTTAGTGTCCTCTACCGACCGTTTAATAAATGATCTGGACAGAGCAACTCAGTAAAGTGCACAAAAATAAAAGCGAACGTTATCATTCTGGGTTGCTCTCGTGACCTACTACTCTGATTCTTCGAACGAGATCCTTTCTTGTAATAAGCGTAAGCATCGGTCTCCAGGGCGCGGAATGCCAAAGAATCTTTTTAACACCACCTCAATAAAGTGAAGGACAAGGACGTGGCACCTGATAAACCCTGACAGGTCACCAACTCAGCGCTCCTAACCACGTGTAACATGAGCCCCCCCGAGAGCATCACCTGCAATCGTCTAGCATCTTTTACTTATCTAGCGGCATGATCTCTGCCAACTGCAGTGCCTAAGGAAGTACAGGAATTACGGTCTCTTAGCAGTTCAAGGAGCACGTCCTTTAGATATTCTCCCTCTAACACTACCCGTTGGGCCTCAGACCTTGATTAGGCTCGCCTCATACCTATGAGTATGAAACCGCCAAATTATTCCCTCTCCCCGTAAGCCCATGTAAGATTCTATCTGATCCCGATGCTCTCAGGGCCTTATTGTCCTCGTAGGATACGTAACGGTTTTCTAGTCCGCGGCTTTAGAGGGAGATATAATCAGACTACATTTTGTAAACAGTGGCTCTACCTGTTGGCTGATAAGTACCATCGGCCTATCATTCGGAATATAGTGGTGCTGAGGCGTTCAATGAGACAGCCAAGGGGCAAGGATACGGAGTAATTTGTGGTATGCCAACACTCGAATGCCACCAACGCACCTCGCGGGCGTGGTGCAATTCGCTGGTCCCTCTATCCTATTGTATTCTGATAAACCAGATTTCTGGTACGGACCTACGAGAATATCGTCCGATGCAATTATCCGCCGTTTAGGCTGCATGGTTGCTGAGGGACGGAGCCCCCGTATCTGGCGGGCAAAGTAAAATGAATACGCAA,1324,50.0,Arabidopsis thaliana
SEQ_922770,CTAAATGTTTCCACTCAAGCCTTCCCTTAGCGCCTATATGGCTAGCGGGCAGCAAGCGCGTGGACGACTTGGCGCCACGTGCAGTACGAAGTCGGTTCGTAATGGCGAGGTGGGGGTGTTGTGCAATAAACCAGCAACTTGTATCGACTATACTAAGTATAAGGCTGGAGTTGAAAACAGAGGGTACCCGGAAATTTCTCCAAGGAGACCGTGGGCCCCGCTCAGCACCGCGACTCCTCATGCGCCTGAAGTCAAGCATGATTTTGGCTGTGGAGGCATCGGACGTTGCCGTGCAGCTGTCCTGTTTGCGTGTAGATACGTTGGCTTATTCAACGTCCAGTTTGCGGCGCGATGAATTTAACCAAAGTTATGCTAAGCGAGGATCCCCTTAGTGCTCCTTTTGCCGTCGGGACCTAGGTTGAGCCAGCAAAGGGACGCGGCAGAGGTTGGGTCGAAGGGCGAGGACAAACACCAACCGAGCATTAAAAGTGTCTCGCCTAATCCGGCGTTTACCATAGCATTAATGCTACTGTTTATCGCTCAGCGGCCAGCGTCTCGTACGGGCGCCCAAGCTAAATAACATTCGGTGCCGCATTTCGCCTGTCTATGGAGTCCTTGGCCAAATGTAGCGCCGCAGAGGCTAGTGCGCGTGCGATATATTCCAGTCAGACCTGCTTAACGCGCGCCTTAGGCTATCAACGGCCACAGAATTTGCTAGGTCTCCGTAAGGCCATTAGAAATGAATAACATACCGGAAATAAAAAGTGGATACCTCATCACGCCCATCAGTGCATTGCGATTAACGACCAAATACTGTATGTCCTTTCGAACCGCAGGCGATCGAGCACCCGAGAATTGACTCGGCCTGCGACCTTTTTGATCTGGCGGGCGTAAAAAACCGACTGCAGTCATTACTCCACAATCGGCACTTGACCAATGCTATATCCGAGTAGCGGCTTTCGCAGCTGCCAATAAACGCAAATTAATGTCGTAAGTTTTCCACACCGCTTAGGAAAACCCTCCCGAGTAATAAATGTGATAGTACCTCAAGACTCGTTAGTATGCAGACTGGCGGGAAAAGTGTACGAATCATTCAAGCGTTCGCTTGGATAGAATTTCCGGCACCTGACCTTGACTCCCACTCAAGGAACAGACCCCTCTTTGATACTTAGACCGCCGTTACAGTCTGACGGGCCCTCCTTGCTGTACAATGTCCGAGCTAATTACCCAGGATAGCGATTAAATCTAGTTTGGATTGGAAGAATACTTGCGAGCTAGACGATACAGCTAACCTGAACTACCCTGTCATACCTATCAGTGTCCGGTATAAGGTAGAACCCATAAAAGTACATACCATATGATACTAGTACCTTGGCGCTGCGCCTTGGTCATGAGCGGGGCGGCGACCTTTGGTTGCGGGGATCAACTCTTTTTTCAACCTGCGTGGGGTTGTAGCTGGCTCGTTATAATACGGTTTCGGTGATCCTACGCGTGCCCTTAAAATTGAGGCACCCTACGGTGACGATAGTGTTTTGCGCTCCCCTGTGCCCTTGACATTGTTAAGGCCGCAATGGCAAATGGTGGCGCGGGGTATGTTTATGTGCTCATCCTTGCATCCGTTGCTATGGTGATGTATACGCTCT,1643,50.76,Escherichia coli
SEQ_402455,GGCCCAGACCTGAACTCACCCTTGCTGCCGGGCCGATTTCCCAGATTACTATCGTTACGAACCGGATGCCAGGAGTTCAGGCCACTGATTGGATCTATTATGGATGTCGCACTATAGGCAGCTTGAGAACTGGCCCTGACGCATCTCGGCGCCTTCATGGTTAGGGTTGCCTTGATTTACATCAGCTAATTTATGTCGCAACTGTTTTGAAATCCCGGCAGCGCGGAGGGATTCTACATCTACATACGACTAATAATATGCTATGCGCTGAGGTCAGGAGGAGAACAGGCACAGCTCTTCACCGCCCCGGTCCACACCTAATTGTGGTATAACGGGAGTCACTCGTTTCCGCCTAGCGCGCCGAAGGATCTCGTTTCATC,380,52.37,Caenorhabditis elegans
SEQ_831900,GGCTAACCCATCTACTATTTCAACTTGATGTACGATCCGGGCACGTTCCAATTACCGCTAT,61,45.9,Escherichia coli
SEQ_744513,TCTATTCTACGCAAGGACCCTGTGGATGGTGGGCGAGGCATCCGATTCGTACCAAACACTCTGTACGCTCTCTAGGGGACGACGAGACGCCCCGTAGAGGGGGGAGGCTTATGCCTGCAGAGCGAATGGGTAGGTAGCACTTCCGGTACGTCTCGTGTAGGCTCTGGACGTTGGTTTATGTTAATTAATGATCCTGCGAGCTCGATGGAGGGAAAACCAAGCCTTTGGCGAACATAGGGTTTGTTTTGATACAATCATATCTAGTCCTTCCAATAAGCTGATAGCCATTCGTGGACGCTAACATAACCTTACAACGTCTTGCAGCGGCTACTTTATTGAACAGGAATGCGTAGTGGGACAACGAGCGATCCGGTAGATATTCTTGCCGGCCCGTCTAATCTAGCCGCAGTCGCATGACTCCTCCTTGCCGTCCGCATGCACTCAGATCGCTTTGGCCAATTACCGCTCCCTTGCCCGGGCAGCCCCGAAGTAACGGGACATTGGGCTTCTCAGGCTACTCGAAGGGATATTGCAAACTCTCCCAGCAACTCAAGCGGTTCAACGGTCTATCTACCTCTAAGAGCGTACGGACCAGAGAGGGAATTTGTGGCACGCAATGAATCGCCGTGAGGGTTTGGCACTAGGTAGGATATCCTGCCCCTTGCAACTATTTAGTCGAACTCCAACGACAGTACAAGGCTTCAACTAACGGACCTATAAGGGGTCATAGGAATTAAGACACTGGGTAGCCTGTTTCTGCTACCTAGCGTACTATCGGGAGTTGGAGCCCAACCATAAAATGGCGTTACTTACGTAACAGCTCGCCTTTGATAGGTAGCGAACCGCCTTAGTAACCTCCGATGAGAATAACACAGGGAAGACTTGCCCAATTTTAACAGTCTATGTGTAGAGCCGTAACATGCACATTGTGGTGAGCGCGTGCCTGGGTCAAAATGCTAGTTCTTTGCCGACATCGAACCAGATTGGCCGCGTTTTGAGACGGGGGAGGAGCGGGGACACAAGAGCCACTTACTGATTGCGGCTGGGACGTGAGGGATCACAGATTGGCAGTGAATCAGTGGTCTTCCTACTGGAGATGTCATTACAGAGACGGTGGCCTCGTTGCATCTACCTCCCCCTCTATGTATGAGGTTTTTATTGGTAGGCCGCGACTCAGGCCTCCTAGATGAGAATATGACTATGCGTGTACCCCCAGCTTACCCCGGAGCATGGGAGAGATGTGTACTTGAATGTTACCACCTGAACGGTGTGAATTCGAATTTTCTAAAGACGTCTCCAACTGGCACATCTTGGTACGGGAGTATATATGATTTAGTCTCCCCGCTCTCATCAGGGAAGTAGCGTCACTGAGTCTTTAGTAGTACCTTTATATTTAATTTGCATTGCGAGTGAGTCCACATCAAAGCCAACGTGGTTATCAGAGGGGAAACATGAACATTAGATTTGCATTAGATGCTTGGGCCGAGTTTGTTTGGCCGATAGATCACTCCTGAAATCCCTAAGCTATCGCGGATCG,1537,50.16,Saccharomyces cerevisiae
SEQ_717887,GCCTCCCCGAGTAAACAATCATTCTCCTGGGCTAAATAAGTCCCCTCAGCATATCTTTTGGAAAGTGGACTGCCTGATTACTGACAGGACCGTGTAAAACACCGGACCATTCCCCGTTTTACAGGGCCAGTAATCTCCCCGGCGGTCCGTGGCGGTTCTAGTGGGCTAAAGATCTGCTCAGAACACCATCGGAACTTAGGAAGTGACTCGACTCGCCTCGAGTAAAAAGGTCACCAAGCCAAGGAAGCTTACGGGGTGCATCTTTTAACCTGATGGAATACTACCTGTCCGTACCCAAGTTAGAGCCTAGGTACAAGGCGCTGAAAAATGACAGATCCAAGCCAGATAGCAGGCTTCACTTTCTATTGGATTACAGCAGGGCTTCGTGTAGTCGTTAAAACAACACTGAGGGCATACGATTCGTAGGACTGGTGTGGCTCTAGGGGTGAGATTTTTGAGATGAGTATACGCTGCATAGAATCCTAGACGGAGTAGTATAAAGTCCCAGTAGGAGTTGCGCAACCCCCGACAAGCGACATAAGACCTGGTACATATATTTGATTGGGAGTCGCAGCTCGGACGTGGGCTGAAGAGCAATCATGCAAATCCGTCACCCACTCCCAGCACCCGGCCTCGAAGATGATTTACGCAAGGAAGTGTTAATACGTTCGGTCCGTGCCGGACGATATCAAATCACGCGCAAGACATACCGATATACCTGCGGACAGGAGGTCGAGTTTAGCCAAGCTCCTGATGTCTGCTGCGCTTCGTTGCACACCACAATCATTTATTAAGCCGCCGGACTGGAAGCGCACTGACTACTGTCCGGTCCCGTCTTTAATACCAGACCTGCGTTGTATGGCTCGGAACCTTCCGATATTTCAATGATGCCATCTGCATAGTCTTACGCTGAGTGTTACTACGAGCTCCCGCTACGGTCAATAAGTTCTCCCAATGACTGGGGAACGCCGGTGCTCAGCTGTAAGTCCTCACAAGCGTGAATTAGACGATCACGTAGGTGGGGAACGGCAAAAGTTCCACTTGCCGTGAGGTATTTCGGAAACGCATTACCAGCTTGATTGGCATTACCCAAAGGCGGCACCCCCCATGTTTTTTTAGCCAGCACGGATTCGTTACCTCTATACACGCATACGCCTTGCCTGGTATATTAGTTCAGGTTAGGTATATCCACCAACTGTTTGGTTCTACGTTAAGCCCGTATCAGCCGTTTTCCCATCAGGCATTGTTGACTATACGGCAATTATGCACCTT,1272,49.92,Escherichia coli
SEQ_647255,GTAGACGGCGGATTAGTACCTGTACCGTAATGCGAGCTCGCCGACCGGCTTTGTAAAAAAGACAAGGAAGGGATCAACTCGGAAGAAGATCTCCCACGAGTCCGATGTCTCGGTATACTAGACGAAGCTCCCCTTTAACCTCTCAACATATCAGAACACCTTGGGATACTGCGCACCTTTCACGGACGAACTCCCTTCCGGGACAATCGTAACTAGACTATTGGGCATCAATCGTCGCTGATACCTTAAGTTTAAAGGGTACCCTTTGGGCCAGACGTTCTAGT,284,49.65,Caenorhabditis elegans
SEQ_871330,CAGACGCGCGCTGGATATGAGATCTGCCTAAGTACAAGCTCTAAAAAAACCGATAGTAGGGGTTGAGATCTATCATAAGCGGGTGACACCATTTACCGTACAGGGACAGCTCCTTACAGTCCGTACCGTTTTAGGACTGAGTTCCAAGTTGGGAGCATCCAAGTTATTTAAGACAAATCCACCACTGAGACCGAAGCTGGGTAGCATGTGCGGGACGGAACGCCGCTTGGGTACATCCGGTGAGCGTAATATGGGGATTTTCGACATGTGAGCAATGCTCCTTGTCGGGCATCATGGGTGTGTGACAGGATAACCTGAAGGACTACAAAGTATGGTACTAGCCAGAGATGAAGTTTATTGGCGCAGGACTGAATGACCTTTGCGAGGTGGCATAGGCAGTCAGATATGGTTATGAGGTATATCCTCGAGGGAGTGGACCCCGAGTAATGGACGAAATCGCGCCCATCACCGCAAATTCCTACCGGCAGGTAATAACATTACCAGTCTCACCAGAAGACATGTAAAGTTTTTAACCTTTAGGACTCCTCCAAATCAGGGGAGAACGCCTATTTATGTTCGAACGTACCTAGGCCTTCGCGCAGTTCACAATAGCCCTTCGACATCTTTTCAGTACTCTCCGGTGATCGTGACCACTGATTGATATCTGGAAGCCTACATTGGTGGTTCAGATCAGGAGGAAATTCTAAGTACCGGTGGTGGCGCTGACGCTTGTGCCTGTCACTGAATTATAGTGAGTGGAAGACCGTCCCCATGCTTCCTTCTTAAATGGCTAACGCTACGGACGGTCCCCTGAATGAGCCGTGACGTGCGGTCAGGAACCACATACACCCGGTTGTCATTCCAGATTTTTAATCTCTTAAACACAGCGAATCCATCAAGTACCAGATCGTTTGGCGGATTCATTACATCCACCCCCCTTGCACTCTCTTCAGCGCCCTATCCCGAGAGGAGCCGGTGTCCTAACGCACTACCGCAGATACCCGATAATACGCGTGAAATGTGTAGACAAGCGATTCGTCACAGGCGCGCGTGCGAGATTGTCCACCTTAACGACCAGGCCAACACCCGCCGGTTTTGCCAGCAGCCCTGGTTTATTTTACCATAGGGATGCGATGGTCACTGAACCCACTCGCAACGACATTATTAGTAAATCAAGATCAAGGTGAGAGTCCCGAGGTTAGACGGGGGTACGGTCAACGCATTTCGTAGTGTTGATGAGATTTAGGTCGAGTTGATCTTTGCTGAACTGACCGTTGGAGGTGGGTGCATGATCATAACTCTACATTTCACTAAAGTGGGTTTAAAGCTGCCGTGGGGCTCGAATGCACGAACACGGGTAACACGGAGAAGTAGCTTTCACGATAATATACAGAGTCTATGGGTCGATATAGGGTGGACTTCTTCTCAAGGGCGCTCGGAAGCGTAATCTTCCGATGGCGAAACAGAAGGGCACTGGTGATAACCTGGGAAATATTAAGGGGGGTAGTCGAAGTATGGTCTGTCATTCATTATCAAGGGTATTACAAGGG,1550,49.35,Saccharomyces cerevisiae
SEQ_981734,ACAGCGACCCTCAGACCGTTGCATTTTCTTCTCCGTTGTCTTCACCACCCCTCGCTCAATAGTAATCAGTTGAAACTCACGCCCGTACGACTAGAATAAGGGTACGCACTTTAGAGGCAATATGTCCTGTGGTGCCCCGCCAGACGCTACGGTCTCTTGTTGCCAGGATAGTGATGGTGCCCGACTTATCCCACACCCGCGAACCAATGCAGCGACTGACTTTGCACCGGAGCCCTGTACCAACAGCTGCGCGTCTAGCCATCCTAAAGGCTTGCATAGGGTGTCGACACCCTTCAATTTCGATGCGTCTGTTATTGACTCCTTTGCTCGCGGAATGATATACCAGCAGCATAGATGTCCATATATACCGTGATCCAGCCACATACCCGCAATTCAAGATCGGTCCCGCGGGGCCCCGAGGACATGTCACCCCCAAGCAGGTAGACCGGGTCGGTGGCTTCGACTCTGGAATCCAGAAAGTCTAGTACGCAGGTACCTCCGGCGAGCGTACAGATAGGGCCTGCTACGATCTAAGGGATTTCCCATAGTCACAGCTATCTTCCGAGTCTTTCTCGAATGGATCAATACACCACGCAATTGTGCGCACAAGGAAATCACTACCTTATACAGATGCGGGTGTCCTCGGGATTCCGTTGTATTCAACTTCCGCAAAGGCGCGCGCAAAGTGCGACTATCTGAGATGCCGAATGAGAGACTTTACTCCCCGCTTGACAAAGACAAGGCTCCCGCTCAATAGTTTAGTTGTCATACCGCAACTACGAAACACCATACACGGCATTGTGGATGACCGGCTATGTC,819,52.5,Drosophila melanogaster
SEQ_815630,TGGCAAGCGCTGATCCGTTCTAAGCACTCTTTGTTGGGAGCGTGGGTAACCTGCACGAAGCGAACGACCGTATTGATGGAGGCTACGCGGCACTCGTTTCGTTAATTCCAGCTCCCGGACCATCGCGGGTGTAAGGGTTTCGCGCCATTGACGACGCACATATTTGAGCTATGTTGGACGTACTTACTAAGTTTAAATAGATGGGGCTAGCCTACACTGTCTCTATCAGTCCATACGCCAAATGATTTAAGGCACGTTCGGCTCAATTGACTCCTTGTATCGCAACCGAGGCCCGGAGGAGGAAGATTCTGTCCTTGTCGATGTCTTGTATGCCCGTCTTGAACCTCCGGATCTGTCCGTGGACGTTAGAGGCCTACTGAACGAAGGTAACGGTCTCCCTCTTAACGTGGGCATAACATGACTGCGTCGAGAAGGGGCAATATGGCACCATCGATGCCA,459,52.07,Homo sapiens
SEQ_276304,ACGGGAACGGTTTACCCGGCTACAGGGTATTCGTAGTATTTAATGCATCTATTTGCTACCCGTGGTTCTAAATTTAAAGGCCGCGGGAGTCAAGAGTGCCGTCACACCGCCCACTTTCGTTGATCGCACTATGAAGAGCCATCGGCTATCCTCGCGGGGGGCACTTTACAGGTTGTAAGCAATGCTATTCCGAGGGCTTTGTCCTGAGCGTTACCGGGATACTGAAGCAAAGGCCATTATCATAGCCGCCTCGCAAGGTTACATAAAAGTTACTAGTCAGGGGCAAGTTAGGTTTAAGCACATCCCGTACCTAATATTACGCAGGCGGAAATAACTCCGGTATCAGATGGAACAACTTGACTACACGACTGACTGGTGTAGGACAGTGCACGTACCAAGGGCCAAGCCACAATTGGATATACCCTCTGGTTGAAGGGATGACCCTTAGACATCGAGGCATCTTACGATTACAGCAAGAAGGGGTGCACGTCAGTGGACCCCGGGTTAACCCCCGTATCACGCTCGTACGTCAGAAGCCTGGACGCGTGGCCAGCACGGTAATCCGGAAGAGTCGAAATAGGTTCCGCGGATGGAAAGTGACAAAGCCCGGCGAATTCGACATCGCGGGATAATGGAGGCGAGTGCCGGCTAC,652,52.15,Homo sapiens
SEQ_236027,TACCGGGCCAAACATCGCCCTACTATTTTTGTGCAATTGTACCTCGTTACGCTCGGAAACGACACATAGACTACATTTGGCATAGCCCAGGGACTCTCAGAGCGGGATGCCATGGTTTCCCGGCAGACGAGTATGATAAGAACTGAAGGCTTCACAGCGTTTACAAATCTGCGAGACCCTCGCATACACATGCGGATAGTCGTTTCTCAGAGCAGGGGTACAATTAAATCTTTGGATGGAGTTAAGGTCAGCGCGGCGCGTCGCCTTCGTTAACATTCGCCTTTGACTTCAAAGCCGTCTCCAATGTGTCGATGTCGAAACATTTTGGCGGGCTAACTCCCCTAACGATCAGAGTGTGTGACAACTTACCTGCACATCCTGGGAAGTATAACCCTTCGGTCGTGGACTGAGCTGTGGTCTCACCCGCAGACACGAGGTCCACACTAATAGCAGACGTCTAATATGGCAAGTAGCACGAAGATTCGCAGACGTTCGGCTAAGCTATCCGTTCGGACGCTCCCGAGGAGTTCCAGTAGTAACATTGCGTAAATACCTCGAGATAGCTGCCTGCGTCCGAAGCCTATCAATACGCCAAGTAACTGGCCGGTGCTGCCGGAGTCTGCCCGAGTGTCATGCATGTTACCATCTTCTGGGAAACTTGAAGTAAGCAGGGCGCCACGCCAAAGTATAAATTTAGCAATTACGCGGTGCCCGTCGCACCCCCAATTAGGAGACCCGATGTGCGGGACTCTTATAGAGTCCACGGCACACAACCTACCGATAAGCATGAGGGCTCCTGGACCGGATTTTATAGCGCGAAGCCCATTTCGGTCAAGTTAGGCTTCACGAGAACGAACACGCAGATTCAACAAAGTCCATCATCATCTGGTCTTAGGCTGAAGTAGATGGGGCCAGTTCCCTGCGTGGGACATATATTCGTAAGCCTATCGAGAAAGTCTCGCTTCATCGGGGTTAGTCTGCCATCATTCTCTAGGGTCTCCTCCAAGGTCCGCCATTGAAAGTTCAATGGTATTCGCCTGGCTCACTCGAAAAGCGAGTCCTGCCCGACGTTGGATTAAGCCACTGGTAGCCGTCCGAAAGGAAGGGGTTTCTAACACGAGCAAGATGCTCCAACGGCCGAACTAAAGACCATTCGGACTCTTGATGAATAATGGCGGATATCCTATTGCATGTTTGCACTGCCGCGTGGTTCTGTAGGATTAACGAATGTAACATCTCTCAGGACCACATGTTCTTGAGGTGGGTGATGGGGCCCCCACTGCGTCACCCCACGTGTAAATGGCGTTGCCGGCCTGGATACTAAGTGCCAAAATGAAGGAGATCACCGTTACGGTTGTTGTAATCCTCATATGAGGATACGCGTTGAAGAGTGGAGTTGAGGCTAGTCTCCATGATAAGGTACCGGGTCAGTCAAGGGTCACCAGGCGATGCTAAGGAACGCAAGCCTCGGTCAGTAGTGCGTGCAAATCCGACTAGAGCTGACATGATAACGCTACATATGGTAATCAGTTGTTACGGTATTTGCCACTCACACTATCCCCCACATAAGTAGAACAATTGAGCACTGTTGTTGATTTATACCAAAGCAACCACAGCGTGAGAACCTCGT,1630,50.67,Escherichia coli
SEQ_690376,CTTCCAGAAAGGCTGTCGTATGCGATCGGAGACTGGATTTTGGGCCTAACATGCGAGATACG,62,51.61,Drosophila melanogaster
SEQ_570425,TGGTCATTCATCGTAGGGGACCTAACGAGTGGACCGCATAGAGTATCGCCTGCTCAGCAAAGAATCTAATTGCTAGGCGTCTACTGCTGACTCTGTACGCGTGCCGCGGCGGCCGTAGGGTTTTGTGTCCCGGGGTCGGACCTGGCCACCGATTCTATGCATGTGGAGTTTCACTACGAACCTGACTCGAAGTCAGGGCCCAAAGCGCTGTATGTTAATTTCCTCGCATGGATGTCCGGAGCCAT,245,55.1,Homo sapiens
SEQ_727149,TTACCCGGGGGCAATCTCTTCAAGTTTGAATTTATCTGGCCTGCTGTATGATAACCCTGACCCAGAAGGTCATAACCCCTACGATTTATTGGGCAGCGTAGGAATATCACGTCAGCGCATGATCGACATTCCAACGTCGGGGCTTGGGCTAGGTCAATTATCATCTCTTCTGCGCCGATACGCAGGTGATTCGAGCGAATCCTTTGATAGGATGCTGGATCGCAAGTAAGAGAAGCTCCGCCCAACGAAGACCACAGGTTTAGAGGTGTATAGGTTTAGGTTGGTTATCGTCGACTTCTGATATCCCTCTGTTAGATGTAATAGTGGAGGGGAGGCGATACGTCACCGAGCGTCATAGGATTCGG,365,49.32,Homo sapiens
SEQ_165840,ATACGAGGACACTCCGTCCTAAGGACGATATCTAATTGCATGCCCAACAAATTGTTTACTAACATTCTTTGAGCTCCCCGCGACAAGGCGCATCAAACTAAACTTCTGTTAAGGTCCTACTAAAGTCGTATTGATATAGACATTGTAATATATGCCGGCTAGTTAGGCTGTGCTAAAGCTAACGAGGGCTAAAGTTACTAGTCAGGATAGCTCGTGACTAGCTATATCTGCTCCCGTAGCCCCATCAACGTCCCGCCTACTTCGGCTAGTGCATTTAACGCTTGACCTAGTTTGCATGTAGAATAGAAGCTGCGTAGTAGGCTGCTACCTCTTAGAAAAAAACTGCTTCGAAATACCGGCGCGGCAATAGCCGTAGATGGGTAGGTACCGTAGCGAGACCTGCGAGGATAAAAACTAAGTTTACTCAGGCAAGTGGCGGATGTAATAGGGTCGCAAGTATCTAAATCAGAGGGCCAAGGGTTATGAATTGTATAGTGCTTTGGGCTAGCTGCTCATGTGGCGTATAGGAATGTGAGTTGGTTACACCCATTCCGCTATCATGCCAAATTGTTCGCGCGGAGGCCCAGTCATACTTTAATCGCTCGGCTCTTAAGCCATGCCCGTACCTAGGCATGCTCTAATCACATCAAAAGCCGACACCGATCAAGCATAGTGGGTGCCATCCATTCGCCAAGTTGGAATAACTCTTTAAATTAAGAATATATGTCATAGAATGAAGCAATAAACCACCCGCGTCAAACCGAGAAGAGTACAGCTATAACACACGTATTCAAGTATAAGTAGCCATGCCTCTCCCCAGACTTTCGGGGGCCAGAGCTTAGAATACAGGTTACCGCTCCTATCGCAGAGTTCACTTCCGGTCGGAACTCAGGCAAACGGTCGGAGAATAACGAAGAAGAGTCATAGCCCCCAACGCAGTAACAACATGATCACAGGTCAGACCGCATGCCACGGTGTGCGGATGGTACGCTGCCACATCCTTATGCGGGGTATGACGTGAGACCCCGAAGCTACCGAACTGCAGCCCGACGCCCGCCTTACACACATAACTGGGCAACGAGCGAGCGTCAATTCTGATGTCACGCTAGACAAGGGTTATCAACAGGATCTCTAGTCCGACGAGTTTAAACGGTAGTTGCAGACGGGGATGCCATGTATTGTAACGCCCTACTTCTAAGTAGCCAAGGCCATCTCCTGCACTGATCGGACATTACGGGGTACTCCCCAACCGGCACTAGTAGCGCATGGCCAAGCTATAAGTGGACAGTGAGGCACGCAGATGGAACCAGATATTATGCGAACTGTATTCACTCTAGCGTGATCAAGGGACGACCCTGAATAGTAGATAAAGCAGGCTCGCGACCTGTGAATAGCGAAAGTCACCTACTTATATTTCATACGCCCGTTGTCAGCTCCCCCTCCCGACCGAACCCCGCGCAAGTACATTAAAATGTAAGTGTCCCAAAAGGGCGCCATTAGCAGAACGAGATTTCCGTGGTTTTGCTTCTAGTGAGTAACTTCTCGCATAAGGCCAACAGTACAGGCGAATTAGGATGGTAAGCAGCCCGGCGCCA,1595,49.03,Escherichia coli
SEQ_640432,AATGGGTTCACGATGAATGGAGCAAAACACCTAATAAATCTGTTGTAATGCCAAACAAGTCATTTCTAAGGATCGTCATACGTGTAGAGTTGAGCTTTTATATGTTCGTTAGGTTGCAGCAGTGTTCCGACGGCATTTATTAAGATGTTTACTGGACCTTAGCAGGGGGCATTACGGCGGACAGCAAACAAGCGTTCTCCTCTGATCCCGTCGCTTCTCGAGCGTTTTTAACACTCAGTTGTTCCGTGAAAGGTTGCCTCAAGTCGCGGAGATAGGCCTATGCTGCGATTACGACCCATTCATTAACGGAGCCTTTCGAACAATATTGTCGCCAGCCGTTGCCAAGTAGGTGGTCTCTATCACTCGGCGCCGATCCTCTTGCGTGGGGAAGTATACGAATTCCAATCGTACGTTGTTACCGGGTCACATTCCGATAATCATGATGGGCCCTTGGAAACACTACGTGTGCTGAGTTTAATTAGACCGCACGCGCTTTGGTTCGCCTGCCAGTACCAGTAGTTGGATCAGCGCAGTATAGGATGCTGGAACGTGTCGACCGTACGGTTACTTAGTAGTTGCTTTGTAATTCCTGGAAACCCAGTTGCTGGCTACTCAGTATCTTGGGGCCTCCTGTTTGTTCCGTGCGACGACGATTAGTTATCGTAGACCGCTAGGACACTACATCTTTTCGT,692,48.12,Escherichia coli
SEQ_899818,CATCACGATTACCACGGAAGGGGCATCGCGTCAGGCACTTATCGGCACGGGTATCTGTGTGCGTGGTAAGGGCCCACTCACGAAGATAGAGAGGGTAGATTGCCATGAAAGTCTTCTTACAGGGGCGGTGGATAGAGTGAGTAGACTCGGAGTGTGGGCATGACGGCGGCTAAAGTCTAGGTAATTTCATACGTACTGTACAAATCACGAAACGGGGCAT,220,52.27,Mus musculus
SEQ_344210,TGTTTTGGAAATCGTATAATTTAGTTCTCGGGCGGCTTAGCCGGACAACTTTATGGCTACGGGGCAACCCTTGACAGAAAAATTTAATTTTCTCGGAACCTTTCTCTAACACTCCCATGGGATTATAAAGAACAGTATTCAGTGGCTCGATCCGATTCAGTCGTCTCCCAGAGTAATCCGACTCATAGTGACCCTCTACAGTAGCAAGTAAGCTCCTTAGGCCACGAGCAGAATAATGTCGATTATCAAACCCATAGACCCGCAAGTCTTATACTTCGATGGTACTGGATTGGGGGACGTCCCGCCCGTATGTGCGTTGTCAAAACGCCTTCCCGTGGTACCCACATAAAAAAGGTGAACTCTAAGTTTCAGATTTGCCCCGCAGTTATCATGCGGGTGTCATTCCCCATGTGAAGTGGTCATCGCCCCGACCTGTGGTAACCGTTTATGAATCACCGGACACCGGGCCCAGTTCCCGTCTCGTCACTTAATTCCCTCGGCTATGCCGCCTGTAGCCATTATGCGTATAATCTGCCGCTACTTCGGCAGTTTTATAAAGGGGGACGTTCTTCTACGGGCCTATAACCCTCTTTTGAGTACGGCGATCTACGTCATATGATTACCCATAACGCCAATATGCCGAGTGGACCCACAGCGAAAGCATGACTCGACCGTGTAGTCCAGCAAAAACAGCGGACATGTACATTGCCTCAGTAGGGCGGGCGCTGGCTTTTAATGTGGCTGACAGCTGGATCGTGCCTCCTTGCCAACTATGGTTCCACGATTTGCAGGCCTGCATGTGGCTAGTGACCCTACCATGCTCTCGCATTCAACCCTGAGCCATAATCTACGTGTCAGTCGCGAATTCCATAAGAACCCCGATTAGTCAGACGTCGCATATTTGGGCGAGCTCCACATTACCGGTCTCGGTGTCACAACAGGCCAATCGCGGTTAAGGCCGTAATGTATTTAGGACGAGGATATCTTAGTATGTACTCAGTGCGGTATGCACGGGGTAATAGCGATGGCAATAACTACCTCTCGCAACGCCCCTGCAGAGAAAATATGAACTCACAAGACTAAAGGATTCTCGAGTATACCAATGAATACACCTAGCTTGCCCATGCGGGCTGCACGCGAACTGATATTTGACTCTATGTCCACCGCATAATATGAGTACCCCTGCCGTATGCAAATGGAATCGTTATAACATGGAGAAACCTG,1224,49.18,Arabidopsis thaliana
SEQ_432909,TGCAACATCCTCGGTAGAGAACAGTGGGGAGAAACTGGGTCACTTGAGGGTGAGTTAAGAGACTCCTTTCGTACGGCACATCACGAGGGGCTTACAACAGGCCGCCCGTAAACGCGTAAGGTCGGCCTGTAGGATCCTCAGGAGTGAGTGCTGTGGCTTACTCGCTCAGTCTGGTTTTGCCACTCACGTGCGACGGACCTGGACATAACATTGGTGCGGCATTCCCCCGAACTGGAACAGCAAGGATTAGAGGTAGATCTCTGGCCTACGTACACTCGCAGTTAACTTGGGATCAAAGCTGCCGCTCGACCCAGCGAACGATGGGCTCTAGTGGATATCACTTTGACAATAATCAACTAAGTAATCCAAGGCATAGACGGAAAATCACAATAGAGGCGAGGCTCGCATTTCAGAGCTCTGCTTTAAATAGGGATCCTTTCCACGCTGGGTGAAACACATTTGCGTAACGGTGCGTTCCGCTCAGCGGGCCCGCCTCGACCAATCGGAATCTACAACGTTGTTCTATAGCGCGTGTCGGACACGTCTGAGCGGTTCTGAGTCTTGGATCGGGTGACTTCCGAACCCTTTGCGCCTAGCATCTGAGATTCCCTAATCTCATCACTGTTGAGTGCCTCAACACTAGTAGACAACGTGGTTACCGGCGGCAGTCTGACCGTCTCCGTGCGCCGCGCGGTACCTCGGCCTTAATCGACATTTGAACATAAATGCGAAAACCTCGTGCCGAGTCCTGGCGAGTGTTCGCCTTTTGCTATCACCTCTGGTGGTTTTCAAAACCCGTGGGCGATCGTAACTCGATGTGTGGTCTTCCCTAGCACGGGAATTGCGTTTTACCACAGCCAAAATCCACACATGCTCTGTATTGACCATGGACACGAACCGCTAAGTTTCACGGGCTGGTGTTCAGCCGGGCGAGCGCATTTGGGCGAGCTAAACAGCCTGCCCCAGAAGGGGGGTGGTTAGCGAACCAACAGTCAGCGAGGTGAGCAGCAGGCAATGCGACTCCATTGACGCGACTTGGATCGAGACCCTTAACGGTAACTGCGCAATTCGTGTTAATGAAATGACTATGTCGGACCGACTCTAATGCGGCTTTGACGGTGTTACTTACAGTGATTTCAGCATGAGGTATCCGGATGGGGAATCGCTACCTTCCAACGCTAAAGCGGTACAGATCAAGTTGAACATGTTTGCAGGAAGGTAAAGTAACACGGCCTTCATAGACCTGCGATAACAGGTGTATCTTCTTGTCACTGGGGACCTTTGTTGGCTGGTTGAAACGGTCGAGGGTAAGTCAGCGGCCTCAATTGAAGGATACGGTTGTACGCGTGAATTTCATTACGGGAGGCACAGACCACACTACTAACCATGCTAGTGTACTAAATAAGCGTAATTACTCCTCACCATACGAGGGGGACAGAGAAAACGAACCACGAACACTCCATATGATCAAAATAAATTCTCGTTCGGAGCGTTTATCCTCTTTGTATATATTGATCACCGCCCCCGATTAATATGCACGGAGTCGAGTTCTTAACCCACTTCATTCTGTCAATGCCACGTCACTGTGGTTCAGCGCGCATTCGGTCAATTGACAAGGCCTTGCGTTGGTTCTTTTCCGGCCTCATGGAAAAATTATGTTAACCGGTAACGATCATGCTATGAAAATATCACTCGGCCTTGTTTTTGATCCCTTCCACCTTCATGCTCTCTCAGGACCTCCCGCATGTTATCATTACCATTACGG,1765,50.71,Homo sapiens
SEQ_824848,ATGGGGAGACGAAGAGCTATCAGATATGGTCACCAAGGATGGTTGTCTTCGGGAGATCCTCGCGATTCAACATTCATCCCTATCGCAGGCAGGATCGCGTGTATGAACGCCTTGAATCTGAACTGCACATGCTCGAGGAAGCAGTGCAACGCTTCGTGTTCGCACTGGCGGGCACAAGTATACGCGCTAAGAGTGACAGGGTCCCTGTTCCTCTTTCGCTACTTACTCTACCGGTTCTAATAGTCAGATGAAATCTTGTCGTAGAGGCTAATTATGGCTGTAGCATTTTTCATACGCGTTTTCGCTCCTGCGTCTGAACTAGCCATGCATGTCACGTGCTTGCCGCATCATGTCTGGTAAAATTTCTAGAAGTCACGTTGAGGCTGGATAATGCGCACTATTCCTCGTTGACTGGATATCAGCTGCGACTTCAAGTAGTAAATTCGTCTTTGTGTACAAATTAGTGAGTATATTCCAAACAGCGTCGTGGATTGCGGATCATTGTTAGTCGGTGGCAGGAGCGGCGCAGGCAGA,534,48.69,Homo sapiens
SEQ_377663,ACGTTCCTATACAAATGGTTGGACCTGGGCACTCCCACTAAATATTATGAGTATAAGGTAGCGTGGGCTAGACAGCATTACTTGGTGGCTACAGACTCCACTAGGATCCTGAGATAAACTCAATGCTAAACTCTTGGGACATGCAGAGGCCACACCTGATTCGTGTCCTCGGCTTGGGTCCTAACCCACATCATAAGACACAGGGGTCGTAATGCGACTTGGGAAAACTTGCCCAACGCGGGCGCCATGAGATCGGACCTCGGTACATAATCTGCGTAATCAGCTAGAACCACTAAACGGAACGCACTGACGTCATGGGGATTGATGATAATTATCTGATTATGTGTTGCGGAATATCCTTTAAGGTGTATCGAGCCCACGTACAATGGGTAGTCTCAACGCTTCATACAACCATGCAATGTGTATCAGATTCGATTTATGGTGATGGGTCTCATTAATACTCTGCCTATCTGGCCCGGTCCAATATCTAGAAAGTGAACAGTATAAGAGTTGATGCGGTTGTCACTTGAGGAGACCTTTCGCCCGTGTCCGCTAGATCCAAAGGTACTTCGCAGCGAGAAACGTTGACTTTGCCAGAGTGTATTTAGGTCCAGGAGAAGATGGCCTCGGTAACAAGACAATCAGAAGAAAAGTCCGCACCACCTCAACTTTTATCTCAGTTACATAACGAGCCCACCGGATTGATTTTAGGTGGCCCAGCGTCACATAACCGTGGCCCTTGATTCAAACAAAACATATCAGAGATGCGCGACGTTTGGTGAGGGAACTCTATTGAACTACTCGGAAATCGTCGATACCTTTCAACTGGCCTACGATGCGGAACCTACCGGAGAGTGCAACATAAAAAGATTTCGGCGCATCGACCGCCGCACGCACCAGTACTGAATTGCTTATAGTAACATTAGTACCTACTCTGTATAATATGATATATAACATGGTAAATGAGGTCGCTCATGAACCCTGTCTGGCCCTGCCCCTACTGACGTGGCTTTATTGTTTGATTATCCATCGTGTTGGCGGGTTTCGGATATAGTGAAGAGAGGGGGCGCAAAGGGATGCATCCTGGGGCATGCCGAACGATAGATCTTAGCATCGGACAACCGAGCAAATACGAACCTAGGGCTAGACAAATAGCCGCGATATTGCCCATCTGAGATAAGCCACGAGACAACCGTAGACTGCTTACATTCCATCTGAGATGTGCAACACCCGTAAGTAATGAAGGCCGGAGATGCTGCGCAGCTAATCTCATCCTCGTCCGACGTTATGCACGCAATGTCGTTGAATCTAGTCTGCGGCCGATTGTTCTCCACCGTTTGTCGGTTTACGGCTGGATAAGCTGGGGTTGGATGTGTAGTTTATCTCCCTTCGTTCTGTGCGTTGACGCTCCTAGTCGCTTGCGCTACTCTGCGGTACTTTCGCCAGATTTTCTACGCCAGTCAGGCTAGAGAGCGTGTGACGCAATCACACTTTAGGCACCATTTAGAAGTACATTGCTGAAGAGAGGTTTTGCTTCAAGAGAGATATCAACTAATAATAGGTGGTGAACAAGGCGCGCAAAGCTCACGCCAAGTCAGAGGAGGGTCGATAGTTATCGCTATGGTGTCTCACGACGTGGTTTACCTGCACCACGGGCCACAATATTAAGCTGCAGCGGGGCGGGGTAGTGCGGGGTCCCGGCTCCCAGGTGCGTGGGTTGGCAGTAAAATCGCTGTCAATCGGTTATAACACCTGACTTGCACTACATCACTAGTTTGCAATGGTTCTTTGTTTACGCACCAGCTAGCTGGCATTACGACGCGTCTCTACATTGCAAGAGCCAGCAACGCGAGTTCACGCTCCTTGTCGGCCTGGAACAAAACCGCAAACAGGATCTTAATTTGATGGAGTCGCGGGACACCGTTGTGGTCCTGCCGGCGACGGGGGCCGCCGCAAGTAACTAGCCCCTTTGT,1973,49.47,Caenorhabditis elegans
SEQ_254836,ACCGGTCTTTAGGGCTTGAACATAGTCGAATCCCTGCTCAATTCCCTACTCGGTCCCGCCGCTGGTGCAAGGTCCTGACCCTTTCTCCTGCACTGGTTCCGAGCTATCAATGTAGCCCGAAAGGATTGTAAATTGTTTCCTTAGGACGAGACAGAGTCGTAGGTGATGATATCATCGCACTTGCTGACTCCAATCCGTAAGTTCGAGGTAAGGGCCATTGTTAATGAGATCATAACTACAAGCTGTTTAGGGCTGTTGACATGAGAGCCCTGGACATAGTGCCAAAGTTACCATAAGTGCGGTGGGCGATCCAGTCTGTTCGCCATGATGAACTCCATTATCTCTAAATAAGCGAGTGGCAAGAATCGAAGGCTAACGTTATTTTTGCTCCCACTAAAGAGAAGTCTGTTCGATTGACACGTGAATCGTATGCGCCCCGATGAGCTATTGTTCTTGTCCTCACTGAGCGGCCATCAGCTCGGAGCCGCGAGAAACGCGTACTTGTTCGGTGCGCGAAAGCCTCACTTCTTCGTCGGTTACACCCTTTGGTAATCGGAGCTCGCCGCGAAGCCATGTAAGTGACTACCCCCCTTCGTGGAAAGATTACGGCGACAGTGGGGCGGTAATACTATAAACAACTTCATATAGTCCTTCACTTTTGCGTCGCCCGGAGAGCACTCTTTCGTCGTTGCACAGTATCGACTCAGAAGACGTTA,716,49.86,Mus musculus
SEQ_990989,ATTTTGGCTAACACGCCGGGCCAAAGGTAGAACCAGTGGCTGGCTCTATTATCAATATACTATCGAGTGAAGAAGACAGTAGATTATATCTTACAGCGCGAGTCATTCGCCATTCTCAACGCTTGACAGGCACTTTCCTTTACAAAGCGCCCACGTCGGCCGCGGCCAGGTGTTCTGGCTCCGAGGCTTCTGTACTTGACTTATCTCTGATGAAGTTGTCTGTCTGTGGGTAGCCGAGCAGCGGAATTAGGCTTGAGACGAAGATAACGGGCCCCGTAGGCGCTGTTTAGACTTCAGGCGTGTCTTTATCCTAGCGAAACCTGATTACGACGATTCTGGCTTGCCTGCCTATATAGAATCGCATTGCCTACCCTACACTAAAAAGCAGCTGCCTTGATCCTCTACCATAATTGCGGTTAAGATACATCATCACAGAATGGAGCGTCAAAGAATGGTGTAATGCACCCGGCTGTTTGGAACTTGAAGCGTTATGTGCAGGGCGGATCTCGCCTTCTCACTTGGCCACACTTCCCCCCCGGTAGAAGTAAACTTCGTCTCCTTCCGTGGTTTTTTGATGACCCTACGTCCTGTATCTGCAACATGCGATTGCGATCGCCATCCTGCATTAAACACTATGGGGGACCGACTTGCCTATAGCGAATGAGGGTGGGTGTGGTTAGAGAGGAACGTTTTGAAATCATCTTCCTCTCCCCAGAGCTTCTACAGACGCGCCGTCGCGGCTAGCACACCAATATCACATACCAAGAACAATGCAGATCTGCGCCCCGGGTAATTCGGGAACCTTATTGACGCTACGCTTGGTGGTCCATGGCTCGAAGCGGGGCTCTAGTTCCGTGGCGCCGACAGGTGCAACTTGGTTCCAATACTAGACCTGATCATTCCTATTAGGCGGGCAATCGTGTGATCGG,929,51.02,Caenorhabditis elegans
SEQ_454256,TTCAATGCATCTCTTGTTCGGAAATCAGGTCCGGACTCCCGAGAGCTCTCAGCTCAGCGGGTACGTGTTCAGAAGCGGAAGGGGAGGATCGTTGGTGTCGAGAGCACATTGTATTCGACCAGCGGAGATGGAACGGACCCCGTAATATACCTCTCGGACATGAGAACCAGAAGAGAGAGAGCCATTAGAGACTCGGCCTGTTCTGCGCAGACACGATTTGAACAGTTGATCCGGACACATTATCAAAGGTGGCGTGAGCGCCTACGGGAGCATGGGATCCTCTAAGGCAATAATCTAAGTATGTTAACTGATATACTTGGAGGCCCTCTAAGCCCCGGCCCCGAATGGGTGCCATGCCCATTCTCTTTAACACGTCGGCTCGAGATTGACTGGGGCGGAGGCGGTATCAATGACAGCCCAATTCTCTACGAACTAATTCCCGGCAACTGATCTAGAATGCTCAACTAGAACACCGACTAACACTTTGACAAACATGTTGTCATACACGTCCGATTCAAAAACTTTAATGCTAGCGGAAAGTCAGAAACAGCCATATGGTGACTTACACCTAACGGTTATCCCCTGCTGAGTGCAGGTCCACAGATCTAATAAAAAACTCTTGGGTGTCACTAGGATTTGTGTCTTCCCGTTCAAGGAACCCTCCGGATGGCAATGGTAGTGATTTTACGACACTACGTAACGTGCACTGCTATAGGAACTATCCTCCGTGTTGACAGACGGGCGATTTCTCGCTTACGTAAAAGTCGGCACGCGGACGCACTAAGTTCCAGGTTTTCAAGCTAGCTCTCCGTAACGGCGGCGTATCTAATTGAGTCTTTAAGGGGCCTGACCAGACTTAGACAAGTGTGTCGGGATGATATGTTCACGAGGCTCAAATTGAAAGGCCTATAACCACCACACGCGCCATCAAACGTAAAAACTCGCTATAGGATAACCTGCACCTTGCGGTGGGCTGAAAGTGGGGACATGAGAATGCGTCGCCTCGAGGCTCGAAAGAGAGTTTTGATGGCCGTACACTGATTGATCGAATACATATCC,1059,49.58,Drosophila melanogaster
SEQ_886737,CAGAACTATCTACGTCATGGGAAGTCGCGCGTGGGATAAACATCTTCACTCTTGCGTCTTGCGCGTCCAACTTATAAGCCATGCGCAGTATTCGCCCGACAATGCTTCAAGCGTGAGGCGTGTTCTTATAGTGAAAGGATGTCACGTGTTTTACTCAATCGAAGAGGGTCGAAACTGGCGCTCTCGCAACACTTGCCAGATCGCCCAAATACACCAAACATAAATGCCGTTTGCAATCTGGCCATCAATGTCGGTGTCAATAGCCCGGTACAATTCCATTCGTGAAAGACATCGCGTAAGTCTAGAAATACTAATGTCTTGAGCGGGCATGCGAGAATTCCAACATATCCATTACCTCTTGATCAGGGGGAGTCTTTATCTTACTACTCTCAGGTAGGAATATTCATGTCATCGGGAACTGATACTGTCTCCATTACTGGGGACTTTAACTAGATCGCGAGGCCGAACTCGAGCATACTCGACATACGTACGTTTCCATCCCATGCTACACAAGGAGCTAGTGCCTCTCTACATAGATGGCGATAAGACAGATAATGTCCCACTTTTTACACTTTTGGTGTAACTCAGAAGGGGGGGTTCACTATGGCATGAACCTAAGGAAGGGTTTCTATTGGCGAATTTCAGGTTGCCTTTCTTCTTGGTGACGATGGTATATCGGCAATTGCCAATACTGCCCACGGTATCGTCTATTAGAAATTATGAGTCCCCGTCCGATTCGCATTTAATCGTGGTTCGTCGGAGGGGCGGCCAGGCGGTTCACGCAACGGTATAAGACCAAACCCCTCAAACACCGCCTTCTATATTCGACATCCCTTGACGACCAGCGGCAATCCTTATTACCAGAGCCCCTAGCCCGCTCAAAGCAAACTCTCGGTGTTCACGTAGGGGGATTCGTTCTATGTGTCCTCATACGCCACTGTCCATGGGTCAATAAGAGTGTT,962,48.02,Homo sapiens
SEQ_570850,AGTGCTTGAAGTCGATAGTGGGCAAATCCACGGTAAAGTGTAATAATACATAATGCAACGAGTATATTAGCAAGTTAATCGGCGACGAACGACGGTGCACATCGTATGATCACGCTCTCCATAGAAGTTTAGAGCGACTAATTTGCAGTATCCTCAGGACCAATTGGCTGGGATAGCCTTGAGGTCGGACCAAATAGGAGTGTCTTCTCAGCCGCTTATGCTAACGATCCTTCGCGGGTCGTGAAGCTGGATGCGTCCCATGGCTGAACGAAATAGAATCAGTTATGATACACTAAGTGTGTACTACGGGAATATGCGAAGTGGGCGTAATCGGTTTCCGACTTCTAACTGTTACTAGCTCCTGGCACCAGTGTACGTCGACGGTGGGATCTCGGACAGATCAAGGACACAGAGCACTGCGCATTATGGGATCGCATCCGGTAGTACGCAGCGTACCTCCTCTTTGTGGGTTAGAGGGCGAGGGGTTTTTCGCGGCGGATCGACTAATTCTCCCCCCGCGACCTGAGTGACTTGCCATCTCTTGCCAAGATTCCGCTAAGTCAGTCCTGTTAAGTGGAACACGTGTTGACGATCATAGACCTCTTGAATGCTCGTAGCCATAGCGACCCACGTGTTCTTTGTTAACTGTCAAGCTGTGGTCCATAAGATCTGCAGCTCATCCTGAGACACAGTCTGATTATCGCATAGGTGCCGATACCGCCAGTAGATGAATATAAGGGCCGTGGGAGTATCA,754,49.6,Escherichia coli
SEQ_942501,TCTACTTTCGAACATGTTAGGGCGATAACAGACCCCAACTAAGCCATGCAACCCATTCTTTGCTCTTGTACCAGAGGCCACTGTGAAGTACTGCTGGCCGGGTATGCACCCGCGTAGCGGTATGCTAAATTGTTTCTAGGCCAAACCTCGACGTATTGGCTTGCTGGACGCTGCATGAGGAACATCTCTAGATCCGAGAGGAGGACTCACTTACACTTGGCTGGAGGCAGAAACCTATATCTGCTCACACCGATTCTCTTGTCCTAGGGCCCCCGCCAATGCTCGTCAGTGGGTCAATATAAACGGAGGAGCGCGAGTCACTACGCCTTTCGTGTCGTCGTCGCGACACGGTAGTTATGAGGATACCGTCCGCTGGACGTATACATGAAGGGTCTTGCCCCCTCGATCTTGTGGAAGGGTGAGACGAGCCGGGCTAGCAAAGCGATACGATATACACTTCATCACATCTGAGTACGGTCAGGTTGGCCGCGGCTTGTGCCCAACCGCTCACGAGGATCTGTCCATGTGTTCAGCATGAAGAGGTGGTAACCCAAGCACAGCGAGCAACTTTTTTACCAACAACCGCCCCTTTTTTGGCAATTTCCTTGCGACCGAGACTGAGTTCCGGGGAGCTCTGTATCTAGGTCGAACACTCACCGTGTTTGCTCTGGGGAGACTCCCCACGAGCGATAGGCCCCAAGGTATGCGTCGCCAGGAGGGGTACCGCAGGTGGAGCGGGTTCCATAGATCTACCGAATGGGCACCCTAATCCCACGAAGGGCGGCGAGAAAGTCAACTTTCATATCAAGTAAGGGGGGCGCGCAGGTCTCAGAAGATGACCTCTATACAGCCCGCCATGAGACCTGTATGTGAGATAATCACAGGCGCCATTACGGTCCACTGTGATCGTAGGTCCCATCCGAGTATCGTTGGAAGATTAGAGCATCCATATAAATGGACACAGCCTGCCGTTGGTCCACTAGAGGTTGGATGCTCCATGTTGGACCCCGGCGCGAACCACCACCGCGTGTGCGCCAGGGCGTTGCCGACCTAGCTGGTGTGGCACGGCAACACGCTGAGGAGCAGCAATTTTGTTCCTAGAGTGTCTGAAGCAAGGCTTGTCACGCCCATGCAATATCGGGTAATTCGATCTCACCGACATTTTGCGCAGTTGACGTGAGCTGTACGAGGATTATCGACTGAAACCGTCACTCATGTGTGTAATTAAATCGGCGATGGGCGATTGGGCTAGCTCCTCGGAATTTCTGCTTCGTGTTGAGCGGTGCCTGGGTTCGGTCTATAATCCAGACTTCGCCACCGCCTTGACGCAGTCGATCTATCTATTCTACTCAGGGT,1356,53.98,Escherichia coli
SEQ_762010,AGACGTGCGGACCGCAACTTGAGGACCTAGTAATGCGCTTGATTCGCTCGTTAAACTAGGGCAGATTCTGACGTTCAGTAAGGGAATAACTACATACTCTGTACGTCAAATGTTCATTAGCCTCCTAGACGCAAATTTTTCCAAGCGGTTCGTAAGTCAATGGTCCATATTCATGTCCAGAGGTTTCTTCGATCCGATTATAGCTCAGACATCATAGTGGTCCCATTGCAAAAACCAACAAGTTGTTTAAGATAGCCCGGAGGCTGTATGGCCCCTACAAGATATAATTCGGGCCCAAAAATGTAGCCCGTACGCTAATCCCTGGAGGAGCTCACGGCTCTACCTTGTAAAAAACTCGCCGGTGTTTTCATCAACATTGAAATGGTCAGCTGGCTGGCACGGACGAGGAGATTCGGTAAAAACACGCTCCAGCCTGCTTTGTCGCTGTTCCTCTCCCATTGAAAAGCCTTCTCATTTGGGGCTAATCAAGAAGATCAGTACGCGATGGATGAATTCCGGGTCGGGCACGGCTCGGAGAGGAAGACCACCAATAGGGCTATGCTACACTGAGCACATTAGTACTAGCCAGAGACGATGCGTTACAATGGATTTGCGAAATGAAAGCATAGTGCATACCTGAAGCGCGAGGGTACCACTTGGATGTGAGACCTCGGGCGCCCATGGATTATTGTGATGGATTGACATTGTTTCCCTGGAATGGCTGAGTATGTCTCGGACGCCTGAACGGGTAGATGCCCCCATTACTCATGTCAGTCGCGTCGAGGGATTCATCCTGCGCTCTCACAGAACAACGTCCCTTTCTGCGCCCGTGCATTACCACTATATAGCGACGTGCAAGGTCTAAACCGTTGGCCTCTTTCTAAGGGGACTGTTTGAGCAAGATCCCGTTCGTGCCAACCAGGATTAAGATTAAATTATATAGCAATGAAGCTCACTTGGCTCGACGGCGCCCCACTCGTTGCGATTAACGACAGACTAGGCGTATTCAAGTGATGGTACTAGCGACTTTCGTTAAAATACTTGTAGTATACAA,1054,48.39,Saccharomyces cerevisiae
SEQ_305892,TATATGTTCCGAGGTGGTTTTTAAAGAATCAGCGCGGGGTTTGGAAAAAGGAGATACTTTGGAATACTCGCATATCAACTGGTAGATCGTCACAGTAATTACGAGGACGGAAACGAAGGTGCATCGTCGGGGTGGTGACTTGAACAACAGACCATCGCTGGCCTGATAGCGGCACGCAGGAACCCGATGTCCGATTATACTGTATCCGACTCCCGAGTTGTCTGCTTAGAGGCACAGCTTCAGTAAACGTACACTGCTAGTCATTCGCGTTGTTCCCGTATAGGAAAGAGGGAGTTTACGGGGAATGCGAGCGTCCAAACTGCACTAAGGTGGAAATGGCCCGAAACGCCCACCTACCCAATCTTATTAGCATGCCCGGTTTTATACACTAAACTGAGCAAGTGGAACGGGCCTTCCCTTGACATCGATAAGGCCTAAAGAACTGCCGAGGGAGTTGCGCTGAGTCAATAGCTTCAATTGTGTTGAACTATTTATTACTAGTAAATAGTTCGATGTAAAATGAAGGACGCCGAGACATGTCTCTGTTGCACACCGCAGCTGCTCGAACGTGGAGATCCGCTTTAGGACTCCAGCAGCAAGGGCGAGAACACTAGAACTCGACTCTAGGCCAGAAAGCGAGTGCACCAATTTTCGCTTCGTAATGTCGCAAGTACCAAGGTGACTTTGTACGCCCCCATTATACCATACGCGATTCGGGTGGCGCATATGTAAGATAAGTTTGCTCAGGATCGAGCTATCGGCCCGCCCGGACACACCGGGTAGAGGCCGCAAGTTGGTATCCATCCGTCCTTGGGCGTCACGCTAATGACCACGGACTGATTAGCAGCGTGGAGAAACGAGTTCCTTTAAACTCTCAGCTGAGAGAATGTCGGCCGGCCGACTGCCGCCCACCATCCCCACAATGGTGCACACAACTCGGATAATCGTACGCCGTGTTGACCAGACTGTATTTGGGGGGACCGCCCTTGCCTAGAGCTCGCATGGGCTTGTATATAGGTAAACTACTATATCTCAGCTTCTCGGATGGGGCTATGGGGTCGTCTGGCATTAAACGTATGGTTTGTCCTAGTCCTGCCATGGTATTGGGCCAGCCGATGGGGGGAAGAGGCTAAAGCGTCCGCATGAATATAAGGGGTCGAACTCACAGTTCGCCGAAATACTCAAACCGGGAACACAGAAACTGAGACGCACTACGGAGAAGTCATTCATAAGTTATTTC,1240,50.73,Saccharomyces cerevisiae
SEQ_289761,CAGGCCTAGACCTCACCATGACAGACGGATGCCAAATGTGATCCTACAAGGTCTCGGAGATTGGTACTGACGAGAATTGGGTCAAACAAGCCCTCAATGCAGCAAAACCGGTACACCACTTATCAGCCGAAGACAACTCCCCCTAACTACCACGTGACGTTCGAGCGCGCTTCGCCTGAAATTCGTGGTAGATAGGTCTCCTCTAATTTAGACGTCAATCTTCGCGTCACGCGTGTTGTCTATCCAATTCGAATGCCATAAGAGAACTTAGACGAGACTCCAGCCTGCAGCGTTTACTGTGAGTCTCAGAGCCACACGTTCATCAGAACTACTTAAGTCTAGTCGACTAAAACTTTAATTGCCGGCCATCAATTATTTCTTCCAGTACGTCCTGCCTTGCAGAACTCTTGCGATTAGCGCACTGAGAAGAAACTCACGGGACACTACGTCTAACGCCCAAAGCATAAAGGTGCCGACACTTGCGAACGAACCAACGTGAACCTGCTGGGCTCGCTCACAATGTGTAGCTTTGGGGACCCTGGAGAGATACATGAGAGCGGCCTACGACTGGCTCTCTATTGTATGGGAATCCAGGTGAGAACGGCACTCCTGTGCAGAAACTATGGGGTCT,631,50.08,Escherichia coli
SEQ_645364,CTTTGCACCATTTGTCCTAACACTGCAAGCGCCGGCCCCAATTGTACTGTCCGGGTATGTAGTGATCCATATGCAATGGCAGCCGCATTTATCCAATGCCCCGCA,105,52.38,Mus musculus
SEQ_154495,ACCCCCGAAATTGACGCTGACGATGACACGCCGACTGAAAAATCCCGTCATTCCCGCTGGTACGAAGCCCTCGTCAAGAACTGGGCACTCATACGGATAAGCATGCTTCGTGCAAAATCTCTTAGCCAGCGGCATTGGCTTACCACTGATTAAAAATTGGGGAAGATGCCGACCTGGAACAATGATGGATGAATGATACCGGGCCGGGTCCGGCTTCGTCGTCAAAGATACGGCCATAAACGGCGTGAGAGGCGTGGGGACCAGCTGTGGAAATCGATCCGACGACCTGGTCTCCGAACCGTCCGCCTAATAGGCTGGATGCGTAAAGTTCCGCGCGACTACTATTCATAACAGCCCGCCTTAGGGATGGACAGCCATAGAGACGTCGCTAAATGCTATCAGCGTTGACTGCATGATGAGCCAAACCAGGTGGCGCGAGCAACTTTTGTCCGGGTTATCTCGTCTGGGCTCCGACGGACGGGCGTGAAAATGTGACAATCGAGTCCACCTTGAAGTTCCAACGGAGAACTAGTTCCAAAAGACACATGAACAACTGTGAGCTAATGCAACCTTACGCAACGTATCAATCCTTTTTGGCGAAAGTGTGGGGTCAGTCAGTTTCCTGCTAAGCATCCAGACTCAGGCGACAGAGCATGCCTTTCGTTCTAGTGCATTATTCAGTACAGGTATTGTCAAAACAGGAGCTCCTGGGGACACCGACTTGTGCGCAGCAGTGACAACCAAGCCCCAAATAGCAGTATGAGGGGCGGCGTTTCAGCATACATTAAACGCAATACTACGTTCCTACCTGGAATCCGCGAAATCTTGAACGCTACCACAAAGATATGCAACACCCCTCCAGACGGCATACACGTTTTCGCAATCCCCTATTTTCTCATAGAGTAGTGGGATAAGCAAGCTACGAGATGTTTGTTTAGGAAGACGCGGCCTGATCCCGGGGTTTTTTGATTTTCCTGCCCCGATAGGTGAGAGACTGTAGAATTAGAGCAGTCTCCTATTTTGCCAGCCCATAGTACTTCCGTCAACAGTTCTGTCGCAACCTGATGTTGGGTCACAGAGACTGTTAAGATGCAGACACCTACCTCGGGGGGAGTGATCGGTTGCACCACACTTCGCAAAGTGTTGTCAGCCGGCTCTTTTCGCGAAGTCGTTGGGAGATGCTCGTTATCACGCGTCCTATTGGCGACTGCTTAGGGGCTCTAACAGGTCCGACCAGCCAATTGCAAGGACATATGCATCGGGTAAAGTGGTTAACCCAATACCCTCATTTAAGGAGGTGGGTCCTACTTTTGGGTAGGTAAGAATACGCGAAGAAGATACTTTTTAAAAGTCCGCGTACGACATACCCTAAACCTGTTGCTGCACCCTATCAAACTGGGACGCTCAACTGGTCTTGTCCATGTTTTAGCAGCTGCTCGCAGTCGAGACGAACTCACGCAGCATAGTCCGCGAA,1474,50.88,Arabidopsis thaliana
SEQ_645971,TAAGGAATGGGTACTCAATCCATGGTGTTTCTAGTTAAAGCACCAAGTGTCTAGAGCTTTAACGCTACAGATTTCTTTATAGAGACCACTGCCTGCACTGACATAGTGGATGTCATAAACTGAGGGTAAGTTTCTCCAACAGAACAGCTTTACGTAGATCACTCAGTGCAGTTCACGCTACTGAAGTTTGGACCCGCCATTGCTATGGACAGCTCGAGTCTCGAAACAACAAATCAGACCTGTCATCACGAACGACTCTTGGGTAGACAATGGATATGGACCTCCGTGTCGCCGCATACGTCTTAGGCGACGCATTGTTATTGGCGCAGTGACTAAAGCCGGTTGATCAATTTAGCCCTGGCTACACAATATCTCGATTAATGGCGGGTCCAGGAGGCGCAAAATTACATCCGAAACAGTCTTTAACTTTACAACGACGTGGATTATGGAGGACGAACCGATCCT,465,46.24,Caenorhabditis elegans
SEQ_551762,TACCATGGCGGAGCTTATACCGCACAACCCTGCGTAGCGTGGCACGGGAGATGAGGCTCGCTACCATCGCTCGCCTGCAATGAGTACATCGATTGCTCCCTATCTAAACCGCCCAATAGACATAGGGGCCTCTGACCATTACGGTAATATAGACCATTAAGAGAGGGCTAGGTACGCGATCTACGGTTGGTTCTACATACAGCAGCCGCGGCGAATCACGATTAAGATGAGATTACTCTATATGCAAGCGTACTATACCGGCGCTCGCTAAGGGTATAATTTCCCGCCATACTCAAGTAGGCAGCTGCTGTACTCAGACGAGTTAGCTTTGATGGCGCCTTCGGGGGAGGGCGATGCTCGGGGTCGAAATGCTGGGACAATCGACCGCTATACAAACTACTTTGATACTTGTAGTCGGGAACCATGAGCGAAAGGACCTCGACTTAGCTACTTATGGTCCATGAACTGGTAATCCGTCACGGCCATATCGCACTATAGTAGACACCCACAGTAGTCACTTGGGCCTACACATACTCTTGTTTGTAAGCGGGTACACCGACTGCACACGCCCACGAAAGAGAGGAGTTGGCATCCATGGCCATAACTTTCAACGT,614,51.3,Homo sapiens
SEQ_444759,TGGATTCATAGGCTAGACTCTTGTTTGATAGGATGGCAGGGCGTTACATCACACGAGGGATAGAAGAATACGGGCGACTGTTCCAAGGCAAAAATATAGGTTGCTGGTC,109,46.79,Mus musculus
SEQ_629044,CATACTGATAAAGCTAGCCAGCGGTTCCGGTCTCAATTCCTGGTGTTCTTATGAAATCTGCAACCATAACGGCAAAAGCACTATGGAATTGCACTGATCGTATGAGAGAGGTAATGGGTCTGACACTCCGCAACTCTGGAAAGGAGAGCCACTGTGCGAGACCGGACGTCCCTTAAAAACCGCTACTACCTTTCATGGCAGCAACAAGAAGCGTAGACGAGCAGAAGTGGAGATCCCTTTACTGTACGTTCTCATATTCCCCACGACGCGCACGCGTGCCGCGCTGATTACGAAGAGTAAACCGACCGAATAATGGTGCAGTTGCCGATGATGCCAAGTGGGCCGTATTCCGAGACACATTGCGCCTCATCTGTATCAGCGCCTAGATTTATTTCCAAAAGGACATCCTGACTGACGGCTTCCCGCGGCTTATACAGCAAAGGTCAGATGGTATGAGGTGCGAGCCATTTACGTCTGGCTTCACGTTCTGGTCCCACCACCGTATCAACTTTGTTCCTCGCTTGACCACTAATCGCATTATCGAGGCGGCGCGTTTGGTTGGGGAACAGATACGAAGCATCTGACGAGTCGTACTTGCTCAACCCATCAGTAAAATTGGTCCCGGCCGGCGGTGATTTGCGCTTAAACGAATAATTACGCTGCCGTAGTGGAGCGCAAACCGGAACGATGCGATTTTGTAACGCTTGTCTGGCGCTCCTAAGCCGCACGCGGGCACGTCCAGCGTGCTTCCCCGCTTTTAGAGTCTAACAAGTCCTCGTCTGCAGCTTATAATACTCGTTTATCCGGTCCGAGGGAACACGACTTCCGGGTCCTTTCGAGGTGGAATGACGCAAAGCGGTGACTATCACCAGTTCAATAGCCGTCACTGTGTCCGAAATACTATTCCGGCTCCCCGACGCTGCTGTGTTTTGGGCATATTTTTACGGGATTTTTTCTTACGTGCCAATTAACGGAAAGTTAAACAGTGCAGACATTGGTCACACAATAGGTAGCTGATAACTCCGTCAAACTGATAATGGTCGTGCCGACGAAGGCGATAACTTGTTCAGGCCGTCCCGGGTAGTCAATTCTGCTAGCTCAAGCGGGTTCATTCCACACTGCGCCGGATTAGCACCCCCAATCGAATCAGCGAAGGAGGTTCATATGCGATAGACGCGTTCAGACGACTTACCTCGAGCACCCAAAACGAAGCGTAATCAGATTTCACAACAGACGTCATCTCCGAATCAATGTAAAGTAAATGGTGGGAACCGGGGAGAGACCAGGAAACTTGTAGTCCCATAACAGAACTCCTTAATGATGAGGAAAAATGCCGTTTGGTCGGAGGTTGGTATACCTCACCTTGGCCATGGTCAAATGGACGATCGTTGCAGAACAAATGGGGTTGGAGTTACCACACACCCTACTGATTGCGATTATCTGGCTGACGTTTGTAGCTATGTATATGACGTAGCTGATATCGGAGCCTTTGGCGTCCTTAGTACCCGTTAACGGGACTGGCGCGCTCATGTACTATAACAAAGCGGTGGGACCGACCACATCCTATCCATCAGACTATCAGGGTGATCAGTGGATGCTCAACCGTACTCGAACTACAATTGGTTACACCTCACTTAGCCTTATCCTCTTGTGTGATCTAAAGCCCATTATCGACGGGCAATAAATCGACCCCACCGGTCGGACGTATCCTGCGTCACCCCGATACCGCCATTCACATCCACGAGAGCAGCGAGACCCCCTGGCATACTACCAAATGAGATACCCACTATGTAATGCCAAAGATAGCCTCTAGCGGACGCCGCATCCTA,1829,50.52,Arabidopsis thaliana
SEQ_634731,GGGAACTAGCGTATATGGCTGGATCTTCATTGGGGGTGTTACCTAAGGATGAACATGTTGCTCCTGCCTTACTCGCAGTTCTAGCTGTGGTCCTCCACAACTGCCGAGCTAATGGGGATGATCGACAGAACTGCGGCACTAACGATTTTCATGAATGCCGCGCCGGAGCAGTAGATCACGAGTCCGAATGTAAACAGGTGGGGGATATCGGCATCAAGTTAATACATAGACCCTATGCCGAGGGCCGTGAGATTACCCGTTCCT,264,51.52,Escherichia coli
SEQ_515590,TTAGGTACGAGTCTCCGCCGATGGAATGCGAGTGGCTACATCCCGTTAGGCCCCATCCTCGTTAATGAAGCATAATACGGCTCGCGGCCATTCTAAGAGTAGACACCGGGTCCCAACGTTCGAGTTAGCACAAGAGTATTTAGCGACATGCAAGAATTTGTAACGAGCGTGCATCCCAAGAATCGCAGTTACCCTATCATTGCGTGGGAAGTCGTTGCGCTTTCGGTGAAGCAACGACCCGTTTCTGTTGACGGGAAACGTTGCCCGGAGAGAGTACTGGTGTATGCCTTGCGAAGTCCCCCTCCGGGCGGCATACTAGTTTTGAATCCTTTTACCGCCGATTGGTCGCAAGAATAACGTAACGATCCCGAACGAGTTATTCACCTACTACACTACCCTGTCTGTACCAGTATAATGGCGCCTACCGGTCAC,432,51.62,Saccharomyces cerevisiae
SEQ_644698,GACGGACGCAGAAAGCCTGCCTCGGTCATGTGTTCTTGGGTCCTACCAGAGACGTCGACGTCATTCCCTCGACGGCATCAGGTTTCTGGCTTTTATCAACGAATGCGGCGCAATCAACCTTCCAGAATAGAGCTACGTCTGTGGTAGTGAAGCCAGAGTATCTGCGGGATAGCGGCAGCCCCGTTTTAAAACCTAGTTGCACGGTATGCCAACCTGGTTATATCATACAACCGCGGCTTTGAAAATTCACCGCCAACCGGGGGACTTCCGTAGCATCATCAATGCCGCAAATTGCTGGTAGTCTTGTTTACCGGTGCCATATACTTGCGGGAATTTCTGAGCGGTTGGATTCGGCGTTGGCTAGTTGGTCGTTACTATTTGACTATTTAGGCAGCTCACGGTTGAAGATATATTAGAGGAGGTTCAGCCTGTAACCGTCGCCATTAGCGGGCTGTGTACGTCTTGGACATACGCGGTGACAGTCCAACAGGCAAAGCTGGTTCAACCGTTCCAATCCGCCCTGACGCGGTTATGATTTTAGACACAGATCACACAGTGTATTCTCCAAAATGCACTACTTCATCCACGGAAGAGTTTTATTCGGGCGCGAGCCTCTTCGCTTTGCGGGCCAGTCAGACCGGGGCTACTAAAGATGCGGCGGCAGTAATTGGACAAATTCATCATGTGTAGTCAGCAAAAAAGTGAGTAGTCTCACCGAGCATATGATCGTGGTCCTGCAGCCGTTGAAACCATAAAGATGTACTCTAT,768,50.13,Homo sapiens
SEQ_528581,GCGTAACAATATAATAGGATTCTTCGCCGGGGAAAGTTGTCTTGACCCACTCACTGGGAGTTTGATGCCAGCTGAAAAACGTTTCTAATCATAGCCTCCCCCACACCATCCATGCATACTACCAGAAACTGGGACACGCGGAAACGCCAGGGCGTGTGCGGTTCTCAGCCCTATTCAACAATTGGAAAGTCCGTTAAGTCGACTGCCCGAGTTATGCTAGGTGTCGATGACCCGTCCCATACGTGGGCGCAAGCCCAAATTCCAGGAGCGAGCAATAGATTGATGGAGAGTTGCACCCAATTACACACGTGGATGCCGTTTAGCGTACGAGCGTCCGCTAAGAACTCGCTGGTGGCATCCTCGATGGTACATGCAGATGTCAGATGACAATAAGAGTGGCGTCTGACTCTGTTGTCCCAATCGCAAGGACCCTTTACGTACAGCTGCTCCGAGGTTGTAGTTACAGATGCGAACATGATATTGAGATTATTCTACCAAGGGATGGTGGGACGCAATAGAGGTGGGACAACGAGAGCCATCACTCACGTCCTGGACCGGACATTAACCTGTCAAGATTCGTTAGATGCTACGGCCGGCGCGTGAACTTTTGGGACTGGGGAGGTTTGGTTGAAGCAGGGATTTCCCGGCGGACAGGATACCTCCTTCTCATAGGGTGGGGAGCAGGTGACCAAGTCGTAGAAACCGTCTAATGAGCTGCTCTTCATTTCTCCACCATGCTAGCCGTATCATTTTCAACACTAATAGCCAGATCTCGAGAGCAGTGACGAAGCCATTTGTGGTAATGGGTCATTTACTATGGTAATTATAGTTGGAGCTTTTCCATCCGCCAGCCACGACGTGCGGCCAACTCGTTGAGTCAGGCGTCTACATATCGTGACATTCCAATCGCGCCACAGACGAGTTCCGCAGACTGGAGTCCCGTAATCAGACGTGTGTATCGCTGTGTTGCGGATTAACTACTGGAACCTCCTCAACCTTGTACTCTCAAACATCGAAGCCGTTATGATGCAATCTCCAAGCCGACACAGCCTACGATACCGCCCTCTATCGTAGTGAGGTCAACAGCGGTGCTTAGGCACGGGTACCCAAGACTTAGGCCCTTTCCGGAGGTATTTGGAGACACCTACCAAGTGAGATTGCATTTTTCGATTGGCCCACGACAAGGCGGCTGGTGGTGCTACTATAGAGGGCTAACAACAGGATCGGTAGACCGCAAACGATGTCGC,1247,51.4,Homo sapiens
SEQ_814085,ACGAGTCTGAAAAGCCTTGGAAGCGAGCTCTCGGGGCATGTGGTTATGCACACGAGTTGTATAGTGAGAAACTGGCATTCCCTTTGATACAGATTAGGCTCACAGTATGACTATCCCTCGAAATGTCTGGCATACAAGGATGATGTCCATCGAGTACCAGCATGCTCCGATCCGGGAAACAGTCCCTATATACACGTTGGCAGGACCTTGGCGAGCGGATTGTATATGAAGCAGCATGATAGCACGCATGCCATCTGCACCTATTACTCGCATGTACAGAACTTCCCTCAAGTGTTGAGTGTATTCGGTGGGAATGTGACCAATGAGCGCGATGATATGACGAGTTGGTTACGTTAATCTTCAGTCTATCCCATCGCCAGGGGCGTATAGTAGGAGCCGTGAGTGTGGTTATCTTCTTAGGGAATGTGTGTACTGAGGATCTACCATGAACTTGACTCCGTTGCTATCAAAGTTGTGGCTGTGGGCGCAGGTACGTAGAACAGCTGGACTGCTGTGACCCTCACGCTGTAACCAAGTAGAAATATCATTCAATAAGATTCAATTCTTAATCAACACCCATCAACTTACTGCCATCTTACACCAGTACCATACCACGGCCATTCGATGTATGCACTATGACGTGGAGACAAACGCCGAAGACGCGCGATACATTCCTTGGGAATGATCCGGATTGTGGTATGGGTAAGGTTAGACACTTACAGAGCAATGCGTAGCGTCCCTTAGCTCCGGTGTTGAACTAAAACCATTCACTGGCCAAGGGATGCCCCCACTACTTCTACGTCGACTGCAACGTTCTATGGGCCGGCAGCGCAGCCTAACCACACTATGGATTGGTATCTGCCTTTACATCAGTAGGTTCTCATATAACCGTGGGACACTAGCCGGCGTCCGTCGGAGCGGTGCAGGGGGGTAAATCCAATCTCAGAGCACCTAAGTCAGCACCTATGGATGGATGGAACCAAGGATACCATCGGGCTCCTAAAACCTGAACTCAACGTCCAATAGGGAGGTAAGTCGACTACAAACATGTGTAAATATGTGCTGTCATTGCGTATTTGATTAAGCATAGCCTGTACGTGGGATCTAACTACCCGGTTGTAGGTCGTGAAGGTCGATAACAGTATGCCGTTGGTAATTGACCGATGTCCTCAGCGCTATAGGGTGCGCAAAAGATCCTTGAACAACTGCACACCTCTTGCAACTGATTCTTCGTCTTTCGACTACCACGGCACCAATAGAACGCATGAGCATAGTACGACGATGACATCATAATGCTTACTGATTGGGGACAGGGAGGTCCTTGGTTCATCTTGGAGCAAGGTCATTGAGCTCGGGTTTCAGCGTGCCTATGATCGGATCCCCTATTAATAGCTGGAACGGATGTACGACATTGTGTGTGCACCAGTGAGCTTCTTTTTGATGCGCACGCGAAGAGACGGCCCCGCATTGCACTATGATATCCTGCCTTTGCGATAGATTGTGCGAGTGAATGGCCGAACCGGCTACACACCCGGCCACCCCGAAGAGGCATTAAAACGGCACGGTGAATCCGTCGAGAAGTTTGAACATTGCTATACGTGAGTGCATAGTGGTGCAGTATAACTATCGTA,1631,49.05,Drosophila melanogaster
