compound,formula,mw,pka,solubility_mg_ml,class
Dopamine,C20H22N5O3,493.24,2.22,104.305,Lipid
Dopamine,C18H7N1O6,125.92,1.58,261.908,Amide
Serotonin,C7H33N2O3,276.07,4.22,733.352,Carbohydrate
Dopamine,C5H3N1O6,774.75,12.66,302.407,Hormone
Adrenaline,C1H34N0O6,687.57,5.66,769.661,Organic Compound
Cholesterol,C20H11N0O7,501.91,N/A,345.069,Lipid
Aspirin,C12H14N5O9,573.41,6.79,916.57,Lipid
Aspirin,C19H1N5O0,594.2,N/A,260.962,Neurotransmitter
Serotonin,C11H38N0O7,430.16,10.7,783.786,Organic Compound
Adenosine triphosphate,C18H37N2O3,422.34,12.36,609.061,Neurotransmitter
Caffeine,C17H26N5O6,563.06,7.7,933.429,Organic Compound
Adrenaline,C18H16N1O8,231.45,N/A,485.691,Organic Compound
Caffeine,C1H33N5O1,971.02,7.82,49.94,Organic Compound
Adenosine triphosphate,C9H40N2O9,689.6,4.75,624.412,Nucleotide
Adrenaline,C19H1N4O2,213.78,13.56,92.567,Carbohydrate
Glucose,C18H10N0O2,307.41,5.58,580.306,Alcohol
Serotonin,C5H8N2O7,341.04,6.54,571.241,Lipid
Caffeine,C16H25N1O5,800.82,13.11,32.746,Organic Compound
Urea,C6H13N2O1,199.86,N/A,959.757,Hormone
Adrenaline,C6H37N4O3,348.18,5.85,893.56,Lipid
Serotonin,C19H33N1O5,440.27,N/A,709.011,Nucleotide
Cholesterol,C11H21N4O10,891.88,12.02,813.789,Carbohydrate
Cholesterol,C10H19N1O5,785.06,N/A,474.644,Alcohol
Dopamine,C1H20N5O6,183.06,6.99,646.434,Alkaloid
Adrenaline,C19H11N0O2,466.97,1.01,957.624,Lipid
Adenosine triphosphate,C2H36N0O1,62.42,13.02,536.352,Carbohydrate
Dopamine,C4H25N2O7,417.34,7.34,612.398,Organic Compound
Dopamine,C6H35N2O2,566.66,4.3,189.876,Lipid
Adrenaline,C8H32N5O1,990.22,2.7,861.962,Organic Compound
Urea,C6H19N4O6,854.78,2.66,574.211,Hormone
Urea,C4H23N5O9,821.44,4.43,140.744,Neurotransmitter
Cholesterol,C2H32N3O5,523.78,5.67,18.439,Alkaloid
Cholesterol,C11H35N4O1,151.75,6.44,154.432,Alkaloid
Glucose,C3H8N0O7,734.56,10.77,989.837,Lipid
Serotonin,C19H6N3O7,696.48,5.38,467.817,Organic Compound
Urea,C3H21N4O4,413.52,3.15,724.779,Hormone
Aspirin,C3H35N4O4,408.29,3.84,307.822,Carbohydrate
Serotonin,C13H2N1O0,205.62,8.73,217.149,Carbohydrate
Glucose,C13H12N2O2,437.39,13.17,238.026,Alcohol
Serotonin,C7H30N5O10,213.89,N/A,599.983,Alkaloid
Adenosine triphosphate,C11H30N5O6,867.76,13.09,885.557,Nucleotide
Caffeine,C12H18N2O4,600.28,6.2,462.41,Carbohydrate
Adrenaline,C14H8N3O8,954.92,4.69,151.137,Amide
Serotonin,C15H18N4O4,750.97,7.4,381.399,Lipid
Ethanol,C20H30N3O7,856.12,N/A,581.289,Amide
Cholesterol,C5H20N5O2,133.33,7.19,360.681,Alkaloid
Aspirin,C10H38N0O10,417.88,12.65,500.142,Amide
Glucose,C10H26N1O9,483.69,N/A,397.443,Alcohol
Caffeine,C14H35N1O7,120.08,7.92,727.772,Lipid
Cholesterol,C15H23N5O3,478.74,9.72,417.991,Nucleotide
Adenosine triphosphate,C7H19N1O4,375.83,10.41,447.344,Carbohydrate
Serotonin,C19H34N4O6,891.95,2.26,432.821,Lipid
Dopamine,C10H29N1O5,913.63,8.56,680.952,Lipid
Serotonin,C5H20N5O10,287.46,N/A,973.228,Lipid
Aspirin,C6H16N3O9,171.33,6.94,969.827,Amide
Caffeine,C6H4N0O10,423.71,4.03,532.644,Alcohol
Adenosine triphosphate,C14H26N5O4,307.0,4.87,757.388,Alkaloid
Urea,C1H6N2O4,389.86,13.23,970.312,Hormone
Serotonin,C18H40N5O3,449.57,4.06,98.241,Carbohydrate
Caffeine,C8H10N5O0,176.0,6.54,83.295,Hormone
Ethanol,C15H29N0O10,949.18,10.49,539.635,Lipid
Dopamine,C7H5N1O9,415.79,10.83,769.537,Hormone
Adenosine triphosphate,C9H3N1O9,487.06,7.33,986.373,Alcohol
Dopamine,C12H13N3O10,706.65,N/A,473.246,Neurotransmitter
Cholesterol,C12H3N2O3,787.27,11.93,171.007,Organic Compound
Caffeine,C20H12N5O7,641.09,9.75,752.962,Nucleotide
Adenosine triphosphate,C20H35N1O2,984.41,7.86,353.847,Neurotransmitter
Aspirin,C1H9N1O3,226.45,13.96,364.597,Amide
Glucose,C16H39N2O1,746.12,7.93,950.726,Hormone
Urea,C16H29N3O4,201.52,4.37,681.236,Alkaloid
Aspirin,C16H2N4O5,742.9,2.56,154.169,Nucleotide
Caffeine,C19H3N3O0,920.81,2.73,507.155,Lipid
Cholesterol,C15H32N4O0,783.8,1.84,794.798,Carbohydrate
Serotonin,C3H32N1O7,782.44,7.11,849.387,Hormone
Adenosine triphosphate,C10H23N5O9,824.17,8.75,173.851,Hormone
Serotonin,C17H4N3O10,514.31,13.45,400.376,Carbohydrate
Adenosine triphosphate,C13H23N0O3,859.04,N/A,935.255,Carbohydrate
Ethanol,C6H8N1O6,160.99,12.4,442.153,Amide
Adenosine triphosphate,C18H12N2O6,151.64,5.73,521.078,Carbohydrate
Adrenaline,C12H26N0O5,416.62,8.45,682.903,Neurotransmitter
Dopamine,C6H35N0O6,877.11,12.61,16.743,Carbohydrate
Adrenaline,C15H34N1O0,571.95,N/A,410.076,Alcohol
Adenosine triphosphate,C17H6N3O8,835.68,11.06,990.525,Alkaloid
Adenosine triphosphate,C11H15N5O4,230.28,6.86,848.801,Organic Compound
Adenosine triphosphate,C7H9N3O3,149.17,N/A,822.339,Organic Compound
Caffeine,C1H20N5O4,771.92,N/A,801.563,Neurotransmitter
Serotonin,C18H19N5O4,575.11,11.75,500.426,Nucleotide
Serotonin,C9H15N1O3,315.82,11.92,854.444,Nucleotide
Urea,C18H9N0O5,158.28,1.7,68.846,Organic Compound
Adenosine triphosphate,C10H17N1O5,627.42,13.57,796.369,Hormone
Adrenaline,C11H32N0O10,448.7,4.7,692.281,Alcohol
Aspirin,C10H9N1O5,486.99,3.19,259.499,Amide
Glucose,C13H18N4O0,889.78,7.05,338.164,Amide
Glucose,C13H10N5O9,769.29,5.54,619.327,Neurotransmitter
Adenosine triphosphate,C10H12N0O5,161.21,3.56,554.512,Nucleotide
Adrenaline,C13H32N4O5,542.18,5.18,528.515,Alkaloid
Adenosine triphosphate,C20H31N2O6,309.62,12.77,869.638,Alkaloid
Adenosine triphosphate,C2H31N3O7,984.38,3.64,496.963,Amide
Glucose,C9H36N4O5,83.81,6.89,397.013,Alkaloid
Aspirin,C3H36N3O0,348.97,11.56,337.61,Alkaloid
Dopamine,C19H17N1O5,475.56,6.26,976.008,Alcohol
Cholesterol,C4H13N2O4,399.9,10.71,421.752,Neurotransmitter
Cholesterol,C5H40N3O6,625.93,7.32,651.692,Neurotransmitter
Cholesterol,C17H26N5O0,616.13,13.63,270.634,Carbohydrate
Caffeine,C11H31N4O0,732.2,5.59,796.235,Hormone
Adrenaline,C11H28N4O5,816.69,2.93,576.823,Organic Compound
Serotonin,C3H5N3O6,108.02,13.97,210.709,Organic Compound
Urea,C10H29N1O5,150.48,4.31,265.825,Nucleotide
Dopamine,C9H24N5O9,263.25,11.96,692.19,Alcohol
Adenosine triphosphate,C19H34N3O1,604.37,11.81,91.372,Nucleotide
Aspirin,C15H24N1O7,95.55,N/A,291.042,Nucleotide
Caffeine,C19H38N4O8,166.22,13.36,926.311,Hormone
Adrenaline,C9H23N5O1,973.93,10.13,537.595,Alcohol
Urea,C10H19N4O1,481.97,13.11,659.359,Amide
Glucose,C10H37N0O4,532.43,7.66,667.282,Neurotransmitter
Cholesterol,C6H34N2O4,82.35,6.08,227.93,Lipid
Adenosine triphosphate,C4H7N5O5,480.04,11.92,31.528,Nucleotide
Cholesterol,C16H11N1O1,896.01,5.07,23.674,Neurotransmitter
Dopamine,C5H33N3O0,835.87,N/A,680.784,Amide
Dopamine,C12H3N1O3,388.3,3.86,525.34,Alkaloid
Glucose,C16H7N5O3,540.08,N/A,985.66,Carbohydrate
Caffeine,C4H8N5O1,421.91,N/A,288.639,Alkaloid
Urea,C5H19N0O4,128.93,5.41,435.458,Lipid
Dopamine,C16H18N0O4,852.16,N/A,174.141,Amide
Glucose,C13H2N3O6,453.89,N/A,808.81,Amide
Ethanol,C11H12N5O6,148.7,6.63,326.583,Hormone
Dopamine,C12H24N0O3,457.18,9.65,238.305,Neurotransmitter
Urea,C4H12N2O8,371.96,10.14,950.918,Nucleotide
Ethanol,C12H2N5O6,838.29,N/A,837.048,Alcohol
Caffeine,C1H19N4O9,312.55,11.93,931.142,Alkaloid
Caffeine,C6H20N1O6,391.92,N/A,615.749,Alcohol
Aspirin,C4H5N5O3,694.81,12.29,459.611,Hormone
Cholesterol,C6H15N3O6,201.53,N/A,286.022,Alcohol
Urea,C13H14N3O9,384.68,N/A,788.385,Organic Compound
Adrenaline,C4H37N1O3,723.69,N/A,63.98,Organic Compound
Glucose,C12H5N5O10,325.73,N/A,702.07,Nucleotide
Serotonin,C4H3N0O2,193.01,10.89,119.435,Amide
Dopamine,C13H4N4O6,497.96,8.37,473.447,Carbohydrate
Adenosine triphosphate,C14H31N1O1,884.27,N/A,501.45,Carbohydrate
Caffeine,C16H18N0O4,276.79,1.27,699.665,Hormone
Glucose,C6H18N0O3,67.19,7.14,646.683,Amide
Glucose,C20H6N2O0,399.3,4.22,312.61,Carbohydrate
Aspirin,C17H35N0O10,994.38,7.71,513.056,Amide
Serotonin,C4H31N3O7,883.73,9.19,720.448,Alcohol
Glucose,C3H28N0O4,939.21,3.73,421.283,Organic Compound
Cholesterol,C13H29N2O0,934.53,3.01,765.384,Neurotransmitter
Cholesterol,C7H28N1O0,596.12,13.68,970.302,Neurotransmitter
Caffeine,C14H9N0O1,845.11,6.34,935.311,Nucleotide
Glucose,C1H35N5O5,282.1,10.45,139.539,Alcohol
Urea,C4H3N4O9,58.36,13.55,930.029,Organic Compound
Glucose,C8H15N2O0,908.31,2.02,60.994,Amide
Adenosine triphosphate,C4H29N0O1,239.19,7.01,126.063,Alcohol
Adrenaline,C14H26N5O8,105.62,11.95,894.423,Alkaloid
Caffeine,C18H11N0O5,540.49,5.11,10.921,Hormone
Glucose,C12H36N5O1,824.06,5.55,817.546,Organic Compound
Dopamine,C9H14N0O6,739.33,4.3,804.66,Amide
Adrenaline,C10H21N1O7,976.45,N/A,361.253,Amide
Dopamine,C10H29N2O1,660.29,N/A,178.177,Organic Compound
Serotonin,C8H4N5O3,135.86,12.16,430.463,Amide
Glucose,C12H9N5O3,334.51,12.18,224.188,Hormone
Dopamine,C8H26N2O8,375.68,8.96,191.406,Nucleotide
Cholesterol,C5H6N0O3,878.36,6.57,217.615,Organic Compound
Glucose,C2H7N0O3,663.33,9.33,130.204,Lipid
Aspirin,C12H29N3O4,954.51,3.71,237.941,Alcohol
Cholesterol,C17H28N2O0,817.88,13.06,888.711,Lipid
Adenosine triphosphate,C7H27N1O1,782.57,9.38,282.256,Amide
Urea,C19H4N0O4,441.94,11.99,386.503,Organic Compound
Aspirin,C16H21N2O0,527.21,N/A,729.048,Carbohydrate
Adenosine triphosphate,C10H8N2O10,957.56,N/A,315.574,Carbohydrate
Urea,C9H35N5O8,235.88,N/A,38.222,Alkaloid
Serotonin,C19H35N4O3,234.26,3.49,793.206,Neurotransmitter
Caffeine,C6H4N5O6,723.01,2.33,716.268,Neurotransmitter
Dopamine,C5H20N1O9,732.91,10.5,206.314,Alcohol
Cholesterol,C1H13N3O2,457.9,N/A,539.559,Carbohydrate
Aspirin,C9H16N2O1,693.05,10.27,504.467,Amide
Cholesterol,C13H25N4O0,439.73,12.48,729.451,Neurotransmitter
Cholesterol,C13H18N0O6,551.07,9.59,959.593,Amide
Adrenaline,C16H30N4O0,232.4,6.19,146.113,Amide
Aspirin,C5H38N4O0,628.62,13.33,65.57,Lipid
Serotonin,C15H21N4O6,710.92,N/A,917.756,Alcohol
Caffeine,C17H15N5O1,462.04,5.72,230.948,Lipid
Urea,C2H17N5O8,183.71,N/A,95.782,Alcohol
Dopamine,C3H6N5O5,859.8,11.45,365.558,Hormone
Glucose,C8H24N4O6,865.2,6.32,495.654,Hormone
Adrenaline,C5H25N3O3,468.08,3.41,723.272,Alcohol
Caffeine,C10H30N0O2,570.1,1.17,960.275,Organic Compound
Cholesterol,C5H34N0O7,246.65,1.68,935.322,Carbohydrate
Adenosine triphosphate,C16H26N2O3,711.86,7.46,787.035,Hormone
Adrenaline,C19H39N4O2,762.95,N/A,985.005,Organic Compound
Ethanol,C4H24N1O0,487.22,13.53,237.87,Amide
Dopamine,C18H38N1O7,987.95,N/A,205.372,Amide
Adenosine triphosphate,C18H40N4O10,114.74,2.68,577.527,Nucleotide
Cholesterol,C16H19N2O3,695.71,8.71,967.621,Carbohydrate
Adenosine triphosphate,C3H11N5O0,278.02,N/A,141.281,Hormone
Caffeine,C19H38N4O10,981.22,12.42,733.874,Nucleotide
Cholesterol,C15H30N2O6,233.05,13.55,457.74,Alkaloid
Adenosine triphosphate,C18H25N0O5,180.59,6.57,833.572,Lipid
Adenosine triphosphate,C5H37N1O5,62.81,N/A,276.865,Alkaloid
Dopamine,C7H24N0O1,714.39,N/A,731.993,Nucleotide
Ethanol,C7H9N5O2,764.01,12.76,256.868,Lipid
Glucose,C10H5N2O0,684.63,12.95,738.435,Neurotransmitter
Urea,C2H6N2O6,302.93,2.9,308.439,Amide
Urea,C16H22N4O10,216.55,2.47,966.659,Hormone
Glucose,C10H27N1O8,836.21,10.11,591.393,Alkaloid
Cholesterol,C2H10N0O9,601.27,9.5,23.807,Alkaloid
Dopamine,C13H25N4O6,315.93,2.15,851.664,Carbohydrate
Glucose,C12H29N1O5,583.59,12.37,206.896,Hormone
Adenosine triphosphate,C14H2N1O8,662.96,6.0,470.632,Neurotransmitter
Dopamine,C13H5N2O8,928.75,13.64,505.084,Lipid
Adrenaline,C15H5N0O4,441.84,12.29,13.36,Alkaloid
Urea,C4H35N0O7,649.54,10.89,284.88,Amide
Glucose,C7H13N4O1,690.46,4.71,474.324,Alcohol
Urea,C20H22N0O1,946.5,9.21,397.419,Neurotransmitter
Adenosine triphosphate,C5H15N1O2,242.36,N/A,156.241,Neurotransmitter
Urea,C13H39N4O2,226.04,9.38,912.431,Amide
Glucose,C2H40N1O0,958.59,N/A,228.348,Organic Compound
Adenosine triphosphate,C2H16N0O5,296.33,N/A,137.341,Neurotransmitter
Glucose,C11H15N0O2,183.31,13.03,664.304,Lipid
Cholesterol,C17H37N1O6,170.02,13.41,82.205,Alkaloid
Serotonin,C7H39N2O0,309.54,10.35,474.311,Neurotransmitter
Adenosine triphosphate,C1H1N2O1,628.49,12.57,244.143,Nucleotide
Adenosine triphosphate,C10H6N1O8,130.82,4.68,391.639,Alcohol
Glucose,C17H23N5O9,873.33,13.41,608.16,Nucleotide
Serotonin,C11H10N5O7,757.23,N/A,717.886,Organic Compound
Cholesterol,C20H22N4O7,79.24,8.39,148.399,Hormone
Ethanol,C7H34N3O7,174.32,3.03,658.566,Alkaloid
Ethanol,C3H24N2O2,236.62,10.69,585.645,Alcohol
Ethanol,C2H27N1O9,583.14,N/A,96.355,Hormone
Caffeine,C6H26N4O9,613.93,2.51,851.159,Amide
Dopamine,C13H36N2O7,861.94,3.45,370.639,Lipid
Cholesterol,C10H32N4O3,770.07,2.17,885.39,Nucleotide
Adenosine triphosphate,C13H6N3O7,742.05,13.27,279.722,Lipid
Glucose,C20H35N2O1,137.6,12.13,897.111,Carbohydrate
Adrenaline,C15H7N5O5,266.47,9.42,730.084,Hormone
Cholesterol,C15H17N2O8,444.8,9.97,457.879,Carbohydrate
Glucose,C6H39N4O6,831.93,10.65,635.68,Lipid
Ethanol,C20H1N0O7,404.99,12.7,986.976,Amide
Adrenaline,C3H9N5O5,836.43,1.72,18.699,Organic Compound
Caffeine,C16H18N1O4,979.68,12.15,982.402,Nucleotide
Caffeine,C19H25N3O9,232.13,3.62,150.349,Organic Compound
Glucose,C9H10N5O9,797.68,5.54,695.065,Alcohol
Ethanol,C20H10N2O5,196.89,11.66,505.086,Organic Compound
Adrenaline,C2H16N3O2,131.04,4.74,925.661,Lipid
Aspirin,C15H12N0O5,604.46,11.86,592.821,Lipid
Caffeine,C2H26N0O4,292.76,13.62,386.87,Lipid
Glucose,C16H8N2O5,805.51,4.91,430.81,Organic Compound
Caffeine,C2H37N2O1,498.82,2.5,64.363,Nucleotide
Caffeine,C20H2N0O8,565.13,N/A,625.851,Alcohol
Urea,C8H40N3O3,233.31,N/A,879.995,Alcohol
Caffeine,C20H3N4O3,77.6,8.01,587.864,Organic Compound
Dopamine,C15H11N4O0,214.23,6.61,633.506,Hormone
Urea,C2H11N4O9,164.63,13.36,141.259,Nucleotide
Cholesterol,C12H2N5O3,880.04,10.39,370.256,Nucleotide
Adrenaline,C15H8N2O8,449.7,7.81,107.132,Alkaloid
Cholesterol,C5H24N1O7,556.39,N/A,565.505,Lipid
Adrenaline,C14H21N0O3,69.55,6.89,16.606,Nucleotide
Cholesterol,C12H30N4O1,159.29,6.02,923.771,Alkaloid
Cholesterol,C19H19N5O3,481.44,3.48,199.388,Alcohol
Dopamine,C9H21N5O5,439.63,8.8,151.857,Hormone
Serotonin,C10H38N0O2,239.33,5.63,847.924,Carbohydrate
Adrenaline,C20H18N0O2,877.52,8.16,768.484,Lipid
Caffeine,C18H38N1O8,856.74,11.44,359.457,Nucleotide
Aspirin,C8H15N0O6,807.55,1.66,152.094,Alcohol
Aspirin,C1H18N3O3,704.17,5.64,859.468,Alkaloid
Ethanol,C11H12N0O1,462.58,N/A,701.494,Alcohol
Glucose,C20H3N4O7,697.39,4.09,949.013,Carbohydrate
Adenosine triphosphate,C20H9N4O3,846.85,N/A,754.056,Alcohol
Cholesterol,C2H4N1O8,999.39,4.54,67.665,Hormone
Aspirin,C20H27N4O7,522.13,12.13,291.948,Alcohol
Caffeine,C1H28N3O0,965.13,2.37,662.635,Carbohydrate
Urea,C13H6N3O0,371.83,13.43,327.327,Alcohol
Glucose,C4H22N3O1,153.77,3.22,289.77,Hormone
Dopamine,C20H31N4O0,657.49,N/A,57.032,Carbohydrate
Ethanol,C3H10N2O9,701.32,7.49,95.451,Hormone
Serotonin,C4H37N4O4,102.57,5.89,986.317,Alcohol
Caffeine,C13H9N4O10,551.57,12.41,303.856,Amide
Urea,C12H32N1O3,288.28,3.46,583.423,Hormone
Glucose,C18H1N3O1,564.85,6.24,272.681,Organic Compound
Adrenaline,C6H36N4O9,533.04,2.14,822.799,Lipid
Aspirin,C11H20N5O5,240.47,12.47,610.43,Lipid
Adenosine triphosphate,C17H3N5O3,539.67,3.54,264.498,Alkaloid
Adenosine triphosphate,C14H20N2O10,460.82,8.12,386.695,Alcohol
Caffeine,C11H3N0O1,64.85,N/A,524.558,Hormone
Caffeine,C15H1N2O7,56.49,N/A,416.403,Hormone
Glucose,C8H39N3O3,676.3,13.52,930.899,Lipid
Serotonin,C4H33N1O10,853.29,7.16,73.156,Neurotransmitter
Urea,C18H10N0O0,460.08,11.73,538.416,Nucleotide
Adrenaline,C4H6N1O1,781.88,12.79,417.053,Alkaloid
Caffeine,C19H31N3O3,744.75,9.61,754.624,Hormone
Serotonin,C18H18N1O0,260.83,7.36,980.923,Neurotransmitter
Ethanol,C9H18N4O9,644.63,8.94,194.93,Neurotransmitter
Adenosine triphosphate,C13H35N4O8,223.46,1.4,940.119,Hormone
Ethanol,C4H9N4O1,890.32,7.87,619.181,Alcohol
Ethanol,C10H35N1O4,800.38,7.05,304.449,Amide
Glucose,C11H34N3O5,901.25,N/A,444.786,Neurotransmitter
Ethanol,C3H2N2O3,531.15,9.86,772.324,Nucleotide
Glucose,C20H7N5O6,529.67,8.04,53.904,Organic Compound
Glucose,C5H10N3O2,113.92,13.63,923.464,Amide
Cholesterol,C4H35N5O9,787.36,11.65,965.883,Amide
Dopamine,C4H31N2O4,194.41,3.97,522.292,Amide
Adenosine triphosphate,C12H29N2O1,754.82,5.92,811.968,Alcohol
Caffeine,C15H35N5O8,620.98,3.32,278.094,Alcohol
Caffeine,C3H29N5O3,663.53,8.64,106.518,Nucleotide
Aspirin,C7H1N4O0,179.34,N/A,571.453,Alkaloid
Cholesterol,C16H28N4O6,275.22,11.48,536.898,Nucleotide
Adenosine triphosphate,C15H32N4O7,810.14,2.15,124.637,Amide
Serotonin,C14H18N0O0,809.48,1.77,688.917,Nucleotide
Glucose,C9H26N3O6,57.24,N/A,658.777,Lipid
Ethanol,C16H4N3O10,476.38,3.69,207.845,Hormone
Cholesterol,C6H7N0O6,907.73,6.81,35.687,Alkaloid
Caffeine,C19H24N1O1,393.11,N/A,935.701,Alcohol
Urea,C10H15N0O5,506.5,6.46,893.465,Hormone
Ethanol,C13H25N3O3,519.76,11.55,730.021,Nucleotide
Ethanol,C8H30N0O7,607.33,2.12,511.962,Organic Compound
Aspirin,C16H29N0O3,342.11,N/A,670.875,Amide
Aspirin,C3H12N1O3,533.69,4.37,570.378,Carbohydrate
Cholesterol,C3H40N4O0,191.45,8.69,66.679,Alcohol
Urea,C14H11N4O3,179.93,6.61,762.001,Lipid
Glucose,C16H3N2O4,645.98,1.31,936.673,Carbohydrate
Adrenaline,C20H13N0O6,200.51,11.87,971.598,Nucleotide
Adrenaline,C3H21N0O10,538.01,N/A,593.681,Alkaloid
Adenosine triphosphate,C19H13N0O2,706.5,8.66,911.817,Nucleotide
Aspirin,C15H1N4O7,459.17,N/A,150.161,Lipid
Aspirin,C15H5N2O5,182.39,N/A,647.764,Hormone
Serotonin,C14H39N5O2,928.51,9.69,307.88,Lipid
Cholesterol,C7H3N0O5,757.98,8.62,318.022,Organic Compound
Dopamine,C9H20N5O5,254.45,4.75,75.102,Carbohydrate
Aspirin,C1H33N3O7,899.18,7.03,945.69,Amide
Cholesterol,C1H28N1O8,275.03,11.74,345.27,Alkaloid
Caffeine,C3H5N0O8,461.84,11.11,314.29,Neurotransmitter
Adrenaline,C6H34N3O4,736.42,7.48,632.754,Nucleotide
Adenosine triphosphate,C2H27N4O0,592.34,3.23,543.641,Alkaloid
Dopamine,C19H14N0O3,984.7,10.4,501.952,Alcohol
Aspirin,C12H19N0O8,407.85,2.39,593.149,Hormone
Glucose,C11H11N2O6,522.77,N/A,691.736,Amide
Cholesterol,C18H3N3O7,835.44,10.07,715.393,Amide
Cholesterol,C5H28N5O4,666.95,N/A,874.455,Lipid
Dopamine,C5H15N5O4,498.34,2.81,48.376,Neurotransmitter
Dopamine,C1H22N5O9,564.61,5.74,718.037,Neurotransmitter
Glucose,C17H26N0O10,72.43,1.1,800.082,Hormone
Serotonin,C9H6N2O4,405.8,2.71,250.641,Alkaloid
Ethanol,C6H26N1O7,359.02,N/A,703.835,Organic Compound
Aspirin,C12H19N1O7,581.7,7.2,414.784,Hormone
Adenosine triphosphate,C2H9N4O7,951.55,6.24,20.853,Organic Compound
Glucose,C15H28N3O3,899.1,12.7,794.133,Alkaloid
Glucose,C3H35N0O7,310.58,3.53,301.469,Carbohydrate
Adenosine triphosphate,C8H1N1O5,538.67,13.29,297.28,Alcohol
Dopamine,C1H20N3O2,316.6,4.45,527.141,Lipid
Cholesterol,C14H7N1O10,400.18,12.22,563.505,Lipid
Adrenaline,C9H10N4O7,316.87,11.64,94.655,Alkaloid
Ethanol,C8H13N2O2,881.11,3.29,761.376,Carbohydrate
Urea,C19H38N3O4,975.4,1.07,613.418,Alcohol
Serotonin,C19H33N0O8,981.9,8.72,503.404,Organic Compound
Urea,C10H38N4O5,774.25,N/A,283.292,Carbohydrate
Urea,C14H22N0O7,847.48,8.01,768.032,Alcohol
Dopamine,C18H16N2O6,720.73,13.89,392.459,Neurotransmitter
Caffeine,C7H38N2O10,818.56,N/A,100.611,Neurotransmitter
Urea,C7H4N4O0,73.89,6.56,328.486,Nucleotide
Glucose,C5H35N5O3,318.72,3.21,235.82,Organic Compound
Ethanol,C4H34N5O4,224.6,6.64,654.626,Alcohol
Glucose,C20H21N3O5,152.39,3.46,321.235,Neurotransmitter
Serotonin,C15H21N2O3,546.41,N/A,206.276,Amide
Dopamine,C4H22N1O1,246.25,13.91,428.008,Nucleotide
Caffeine,C14H5N0O10,508.27,N/A,445.641,Hormone
Glucose,C9H2N1O10,542.61,4.34,346.826,Organic Compound
Cholesterol,C9H9N1O1,269.13,2.17,224.847,Amide
Adenosine triphosphate,C19H10N1O8,923.5,N/A,486.265,Neurotransmitter
Dopamine,C3H12N0O4,865.62,N/A,585.481,Alcohol
Serotonin,C9H17N5O1,73.33,5.18,633.676,Nucleotide
Cholesterol,C17H34N1O9,199.19,8.13,601.773,Neurotransmitter
Dopamine,C8H37N1O7,69.71,9.93,587.779,Hormone
Adrenaline,C8H15N3O7,662.88,12.56,142.766,Carbohydrate
Caffeine,C4H14N3O4,166.63,3.8,926.096,Organic Compound
Glucose,C12H19N2O9,120.91,2.59,254.035,Alcohol
Adrenaline,C5H2N3O0,275.42,8.72,916.496,Alkaloid
Glucose,C6H29N1O10,446.34,7.89,746.206,Hormone
Glucose,C17H17N4O6,487.64,3.19,271.267,Lipid
Adenosine triphosphate,C18H36N3O9,795.66,1.78,455.097,Amide
Ethanol,C14H31N2O1,956.92,3.77,875.649,Nucleotide
Adenosine triphosphate,C1H6N0O1,220.18,1.24,80.6,Organic Compound
Caffeine,C3H15N4O7,229.86,11.72,808.198,Hormone
Dopamine,C5H17N3O4,957.37,N/A,527.141,Carbohydrate
Caffeine,C14H40N4O0,942.42,13.55,818.613,Nucleotide
Aspirin,C8H40N5O0,766.67,6.29,593.939,Hormone
Serotonin,C19H16N4O5,602.51,N/A,339.853,Neurotransmitter
Ethanol,C5H10N5O2,324.8,3.14,242.47,Lipid
Adenosine triphosphate,C20H35N0O6,213.3,9.76,750.22,Hormone
Urea,C12H13N3O2,735.2,2.34,455.228,Alkaloid
Serotonin,C2H25N4O10,399.5,N/A,323.308,Alkaloid
Ethanol,C14H22N0O3,989.87,1.29,264.566,Hormone
Serotonin,C17H34N2O0,374.18,N/A,882.596,Alcohol
Ethanol,C6H18N3O8,502.69,7.61,837.752,Lipid
Glucose,C12H21N1O7,276.27,12.34,388.627,Amide
Adenosine triphosphate,C19H1N1O4,820.49,N/A,731.365,Amide
Cholesterol,C1H23N1O2,736.6,10.62,821.593,Alcohol
Dopamine,C12H30N2O7,185.78,4.14,158.332,Nucleotide
Glucose,C1H7N4O1,384.27,7.99,57.484,Hormone
Ethanol,C18H15N1O10,513.9,4.97,494.887,Organic Compound
Urea,C12H27N4O5,857.54,6.09,848.466,Alcohol
Caffeine,C4H31N5O3,993.07,12.6,678.227,Carbohydrate
Cholesterol,C7H25N5O6,976.51,5.85,109.749,Neurotransmitter
Ethanol,C20H28N1O2,130.55,1.93,130.731,Alcohol
Dopamine,C1H3N0O4,769.93,6.24,767.43,Nucleotide
Aspirin,C6H26N4O5,900.24,N/A,804.115,Neurotransmitter
Cholesterol,C16H12N3O10,340.04,N/A,895.937,Amide
Adrenaline,C17H17N2O3,517.74,N/A,293.992,Nucleotide
Dopamine,C20H18N3O6,969.59,3.51,322.727,Amide
Dopamine,C3H1N5O4,315.49,6.27,761.443,Hormone
Urea,C16H40N2O3,827.71,8.22,840.378,Amide
Cholesterol,C3H36N2O4,450.45,13.68,976.909,Neurotransmitter
Dopamine,C14H9N3O6,712.7,11.45,125.105,Organic Compound
Adrenaline,C11H38N5O6,427.16,2.97,862.125,Amide
Dopamine,C19H20N5O9,421.73,N/A,727.377,Organic Compound
Glucose,C14H5N0O8,538.43,N/A,67.968,Amide
Serotonin,C2H21N4O5,221.54,1.62,734.127,Carbohydrate
Cholesterol,C16H10N2O6,295.89,11.81,21.689,Nucleotide
Dopamine,C13H15N3O8,537.7,N/A,320.415,Hormone
Dopamine,C8H11N2O7,739.09,1.79,338.209,Carbohydrate
Caffeine,C11H36N4O8,785.75,N/A,585.439,Lipid
Ethanol,C7H22N0O9,822.51,3.48,974.082,Alkaloid
Aspirin,C18H33N0O3,648.71,1.59,711.441,Lipid
Adrenaline,C5H33N4O8,355.78,N/A,476.849,Hormone
Ethanol,C13H35N5O10,785.93,9.04,203.57,Carbohydrate
Cholesterol,C19H38N5O3,842.68,9.88,81.368,Carbohydrate
Urea,C7H23N3O6,321.57,9.61,310.085,Alkaloid
Cholesterol,C4H14N2O8,719.26,12.6,545.27,Hormone
Serotonin,C5H22N0O9,801.98,13.44,251.332,Nucleotide
Dopamine,C11H10N1O10,735.83,N/A,467.501,Nucleotide
Glucose,C3H3N0O1,891.36,3.4,343.18,Hormone
Ethanol,C2H8N4O4,418.87,1.99,659.106,Alcohol
Urea,C5H18N2O1,83.3,13.14,971.136,Nucleotide
Adrenaline,C17H31N1O2,226.81,13.74,970.536,Nucleotide
Serotonin,C20H38N2O1,851.15,5.41,157.464,Organic Compound
Serotonin,C8H14N5O10,168.78,9.25,619.886,Alcohol
Glucose,C11H29N4O8,947.28,7.47,248.451,Hormone
Adenosine triphosphate,C6H3N3O9,413.26,N/A,427.735,Alkaloid
Aspirin,C8H28N4O3,834.68,3.12,910.95,Organic Compound
Serotonin,C4H10N2O3,651.6,10.77,380.697,Neurotransmitter
Ethanol,C2H15N1O6,580.68,7.96,104.747,Amide
Ethanol,C20H36N0O3,591.62,1.52,0.955,Lipid
Aspirin,C11H22N3O7,54.91,8.43,221.3,Carbohydrate
Caffeine,C19H1N0O5,196.69,N/A,797.632,Alkaloid
Adenosine triphosphate,C10H29N4O0,629.87,7.64,741.883,Alkaloid
Cholesterol,C18H9N4O0,718.51,3.12,93.319,Amide
Urea,C8H10N4O3,572.5,8.63,915.119,Carbohydrate
Adenosine triphosphate,C11H33N2O10,171.93,3.38,314.206,Alkaloid
Caffeine,C17H11N4O0,947.28,2.75,21.58,Hormone
Dopamine,C13H34N5O6,734.72,2.62,193.373,Alcohol
Serotonin,C8H19N3O0,149.19,N/A,568.122,Hormone
Serotonin,C6H31N1O5,206.7,N/A,433.126,Alcohol
Caffeine,C3H13N4O0,730.33,N/A,534.021,Alcohol
Serotonin,C14H4N4O5,76.53,8.61,747.9,Alkaloid
Urea,C19H40N0O7,567.39,1.33,543.094,Alkaloid
Cholesterol,C6H10N5O9,294.23,5.9,374.373,Neurotransmitter
Adenosine triphosphate,C16H7N1O8,757.88,10.38,696.315,Hormone
Dopamine,C7H29N3O1,59.21,N/A,823.21,Alcohol
Glucose,C18H7N5O2,535.09,N/A,13.524,Alkaloid
Dopamine,C10H6N1O1,471.32,13.18,581.537,Carbohydrate
Serotonin,C17H20N4O0,642.86,12.24,612.005,Lipid
Ethanol,C11H2N1O4,227.98,11.81,227.507,Neurotransmitter
Cholesterol,C12H39N2O7,979.56,6.15,759.521,Lipid
Ethanol,C20H21N2O3,293.03,6.17,220.375,Lipid
Cholesterol,C16H27N2O7,244.03,N/A,317.364,Alcohol
Glucose,C19H5N1O7,604.17,9.07,183.374,Lipid
Dopamine,C12H11N2O7,754.9,5.98,249.171,Organic Compound
Urea,C5H34N2O5,652.23,6.0,866.154,Alcohol
Dopamine,C11H26N4O1,904.04,9.54,945.492,Amide
Adrenaline,C13H21N3O1,483.51,N/A,6.2,Carbohydrate
Adrenaline,C9H38N0O2,691.42,N/A,494.303,Nucleotide
Cholesterol,C4H11N0O2,134.52,6.4,896.682,Nucleotide
Glucose,C13H11N5O1,719.87,10.31,232.717,Neurotransmitter
Caffeine,C1H18N0O2,523.83,8.71,218.386,Carbohydrate
Urea,C13H19N0O1,980.8,8.94,164.477,Neurotransmitter
Aspirin,C5H3N0O0,260.73,13.29,584.167,Alcohol
Cholesterol,C20H11N0O8,507.15,3.38,208.162,Amide
Adenosine triphosphate,C17H4N1O3,228.12,N/A,120.128,Carbohydrate
Caffeine,C5H2N2O0,816.33,5.1,513.32,Lipid
Adenosine triphosphate,C9H24N1O0,985.95,13.01,117.57,Carbohydrate
Caffeine,C11H12N4O10,394.26,4.56,438.125,Alcohol
Cholesterol,C5H35N2O4,200.32,1.98,230.565,Neurotransmitter
Ethanol,C4H23N1O4,635.94,2.14,620.607,Alcohol
Urea,C13H37N1O0,896.18,8.45,864.613,Nucleotide
Cholesterol,C12H23N3O7,886.57,9.9,578.682,Alcohol
Serotonin,C11H15N0O0,672.08,2.97,632.977,Neurotransmitter
Ethanol,C15H29N5O8,445.86,2.83,462.593,Amide
Adenosine triphosphate,C12H17N3O1,670.27,6.14,295.345,Hormone
Adenosine triphosphate,C17H33N3O4,893.7,1.49,130.175,Alcohol
Dopamine,C7H28N1O8,849.4,2.81,757.101,Alcohol
Caffeine,C11H1N5O2,189.93,N/A,80.8,Neurotransmitter
Caffeine,C17H27N0O6,82.82,N/A,844.067,Lipid
Urea,C17H20N5O0,617.23,2.4,291.389,Amide
Ethanol,C14H20N1O2,934.16,12.92,916.527,Organic Compound
Glucose,C3H2N2O2,377.73,N/A,960.307,Alcohol
Dopamine,C17H34N1O3,434.33,1.41,73.831,Carbohydrate
Caffeine,C9H19N2O0,300.64,N/A,540.99,Neurotransmitter
Dopamine,C16H23N4O3,587.1,5.92,416.83,Organic Compound
Serotonin,C12H19N1O1,388.82,10.43,593.453,Alkaloid
Glucose,C11H9N2O10,762.9,9.45,789.384,Alcohol
Adrenaline,C15H25N2O7,710.06,6.17,779.102,Carbohydrate
Adrenaline,C8H27N3O2,439.7,12.14,135.527,Lipid
Urea,C4H2N2O9,728.44,N/A,971.463,Carbohydrate
Aspirin,C2H4N4O4,654.95,4.79,921.583,Alkaloid
Adrenaline,C9H27N0O3,354.96,11.68,737.347,Lipid
Adenosine triphosphate,C13H40N3O0,333.31,N/A,652.793,Hormone
Caffeine,C6H5N3O6,489.03,3.16,368.943,Organic Compound
Aspirin,C16H32N2O0,968.09,N/A,798.232,Lipid
Ethanol,C13H23N1O5,873.83,10.34,907.503,Nucleotide
Caffeine,C5H29N1O1,92.34,N/A,201.868,Carbohydrate
Urea,C11H29N0O4,755.18,7.36,972.822,Lipid
Glucose,C5H37N2O3,548.89,N/A,506.424,Organic Compound
Caffeine,C17H22N3O2,68.91,1.32,137.369,Neurotransmitter
Glucose,C4H21N0O8,865.88,8.55,628.703,Neurotransmitter
Adenosine triphosphate,C2H33N4O1,299.29,1.57,509.996,Amide
Urea,C11H40N0O5,81.87,4.54,33.183,Hormone
Ethanol,C12H8N4O5,798.05,7.61,130.12,Lipid
Serotonin,C4H33N1O0,660.93,N/A,750.517,Alcohol
Caffeine,C3H29N1O1,802.25,N/A,586.694,Alcohol
Caffeine,C16H29N5O5,801.81,2.92,333.727,Lipid
Aspirin,C11H15N2O10,108.5,1.25,755.733,Alcohol
Ethanol,C11H5N0O8,475.15,6.93,448.39,Alcohol
Adrenaline,C1H6N1O0,63.75,5.38,890.435,Alcohol
Ethanol,C13H3N1O10,246.09,10.5,5.643,Amide
Adrenaline,C14H13N1O6,669.44,12.92,873.536,Alcohol
Adrenaline,C13H17N0O6,827.28,2.85,454.832,Organic Compound
Adrenaline,C11H13N5O1,178.17,2.71,274.833,Organic Compound
Dopamine,C12H24N3O5,354.51,N/A,577.6,Carbohydrate
Ethanol,C6H10N0O2,631.7,7.91,595.927,Organic Compound
Adrenaline,C1H31N5O8,825.94,8.87,568.921,Neurotransmitter
Dopamine,C6H28N3O8,806.29,11.37,211.176,Lipid
Aspirin,C11H2N5O1,619.23,4.3,638.915,Hormone
Ethanol,C10H29N3O2,771.81,6.41,656.211,Carbohydrate
Glucose,C13H23N4O4,264.48,9.4,566.018,Alkaloid
Aspirin,C20H20N0O5,122.45,6.61,78.263,Carbohydrate
Adenosine triphosphate,C6H25N5O5,706.87,3.26,259.868,Organic Compound
Cholesterol,C16H10N2O9,130.55,3.85,947.557,Organic Compound
Ethanol,C8H9N5O10,866.58,7.98,658.207,Organic Compound
Caffeine,C8H7N4O0,716.99,13.86,603.999,Hormone
Cholesterol,C14H23N5O8,244.07,N/A,83.629,Alcohol
Ethanol,C1H5N2O9,691.49,10.25,521.741,Nucleotide
Glucose,C9H27N4O6,564.77,4.96,756.213,Alcohol
Caffeine,C3H35N5O10,210.99,3.18,939.258,Lipid
Glucose,C5H23N2O8,383.23,10.12,616.521,Carbohydrate
Adenosine triphosphate,C13H10N2O0,677.76,7.48,612.579,Amide
Aspirin,C1H32N1O4,992.84,13.33,215.809,Neurotransmitter
Urea,C5H37N3O0,747.65,7.16,775.364,Alkaloid
Urea,C4H15N3O0,992.82,N/A,479.219,Alkaloid
Glucose,C5H14N1O2,473.67,6.56,818.084,Alcohol
Cholesterol,C11H8N0O5,108.92,13.13,192.304,Lipid
Caffeine,C6H3N5O9,577.31,N/A,650.352,Organic Compound
Aspirin,C16H10N3O5,904.12,7.51,10.281,Organic Compound
Adrenaline,C20H28N1O7,417.81,10.9,23.775,Carbohydrate
Adrenaline,C18H13N5O2,147.84,3.49,472.023,Organic Compound
Adrenaline,C11H36N3O1,72.44,3.25,381.464,Nucleotide
Aspirin,C16H29N3O7,220.5,5.05,462.153,Hormone
Aspirin,C13H8N1O7,398.39,2.01,864.131,Neurotransmitter
Ethanol,C15H4N5O1,606.73,10.74,580.652,Carbohydrate
Glucose,C9H36N0O9,199.57,9.0,591.574,Carbohydrate
Cholesterol,C9H1N5O10,233.33,3.99,866.46,Carbohydrate
Caffeine,C4H17N3O2,651.47,9.67,216.187,Neurotransmitter
Serotonin,C2H36N2O0,412.82,N/A,193.516,Nucleotide
Adenosine triphosphate,C8H5N0O6,968.8,N/A,329.491,Organic Compound
Urea,C7H4N0O6,431.97,7.53,488.616,Carbohydrate
Dopamine,C10H24N2O10,776.03,6.25,159.149,Carbohydrate
Adenosine triphosphate,C13H4N0O6,814.25,7.75,122.184,Hormone
Cholesterol,C14H32N3O2,233.71,11.6,599.346,Carbohydrate
Cholesterol,C20H35N1O0,861.37,1.47,360.784,Nucleotide
Glucose,C19H16N4O0,117.79,2.22,437.455,Nucleotide
Adenosine triphosphate,C20H9N3O3,113.5,N/A,5.156,Alcohol
Adrenaline,C18H39N2O8,291.64,4.94,796.277,Amide
Cholesterol,C10H12N3O7,267.76,8.7,215.244,Alcohol
Glucose,C16H14N0O1,167.83,12.57,127.438,Lipid
Adenosine triphosphate,C18H7N4O3,301.11,N/A,52.136,Carbohydrate
Adrenaline,C1H12N3O2,977.65,9.37,48.635,Lipid
Glucose,C4H35N4O4,480.01,4.12,350.968,Alcohol
Urea,C20H2N3O1,936.76,4.1,393.3,Neurotransmitter
Cholesterol,C4H29N1O9,999.0,N/A,353.911,Alkaloid
Adenosine triphosphate,C13H1N5O4,298.72,13.24,534.098,Amide
Aspirin,C4H6N5O1,453.72,10.09,397.19,Nucleotide
Adrenaline,C6H34N2O2,230.35,5.67,139.329,Organic Compound
Ethanol,C10H17N0O0,199.27,7.49,121.469,Organic Compound
Cholesterol,C11H28N5O6,869.29,11.99,785.97,Carbohydrate
Adenosine triphosphate,C16H16N2O3,942.02,1.46,508.627,Organic Compound
Aspirin,C2H14N4O2,570.5,2.03,395.592,Organic Compound
Adrenaline,C20H23N0O7,159.9,5.23,82.626,Neurotransmitter
Glucose,C2H28N2O5,224.98,3.47,586.359,Nucleotide
Caffeine,C13H13N4O4,968.29,6.84,342.063,Alcohol
Serotonin,C6H33N5O0,242.56,10.37,655.687,Neurotransmitter
Adenosine triphosphate,C5H6N5O8,85.57,N/A,407.776,Hormone
Adrenaline,C3H3N1O3,700.57,1.11,95.775,Nucleotide
Dopamine,C14H1N1O2,648.35,N/A,275.27,Hormone
Cholesterol,C17H35N4O8,790.24,6.04,187.627,Alkaloid
Caffeine,C9H24N2O8,411.07,8.94,962.949,Amide
Urea,C18H17N4O4,176.87,8.51,457.695,Alkaloid
Cholesterol,C7H17N5O8,948.4,N/A,718.609,Lipid
Glucose,C16H31N2O1,716.29,8.63,165.452,Neurotransmitter
Urea,C10H40N0O8,737.45,13.1,560.715,Amide
Adrenaline,C20H33N3O5,375.9,11.16,241.996,Lipid
Aspirin,C17H20N3O0,586.0,N/A,678.127,Neurotransmitter
Glucose,C3H15N2O9,768.76,N/A,202.95,Alkaloid
Adenosine triphosphate,C4H31N0O5,724.23,N/A,243.746,Amide
Adenosine triphosphate,C15H18N3O9,117.59,4.05,983.425,Organic Compound
Adrenaline,C10H15N1O9,159.7,N/A,976.707,Neurotransmitter
Ethanol,C2H16N1O8,839.89,3.12,355.084,Hormone
Dopamine,C16H2N0O7,772.55,4.85,407.867,Nucleotide
Dopamine,C7H26N3O9,175.94,12.82,699.295,Neurotransmitter
Aspirin,C8H30N3O5,791.86,N/A,799.939,Amide
Urea,C1H36N0O2,234.83,8.84,784.989,Hormone
Adenosine triphosphate,C19H6N5O3,591.72,10.9,884.019,Lipid
Serotonin,C17H36N4O9,506.73,7.34,441.294,Nucleotide
Serotonin,C16H1N4O1,148.17,12.37,933.437,Organic Compound
Cholesterol,C6H40N4O8,926.03,N/A,704.439,Organic Compound
Caffeine,C16H25N3O3,136.2,13.49,152.115,Organic Compound
Caffeine,C11H4N4O0,561.86,10.2,551.115,Alkaloid
Urea,C5H14N5O7,842.11,13.91,331.552,Alcohol
Aspirin,C16H22N3O10,138.68,3.98,361.067,Nucleotide
Adenosine triphosphate,C15H18N0O4,977.18,6.24,202.026,Neurotransmitter
Adenosine triphosphate,C5H29N1O3,576.21,2.5,341.471,Hormone
Cholesterol,C20H36N4O10,998.11,3.54,976.985,Organic Compound
Adenosine triphosphate,C17H9N4O6,200.72,N/A,303.681,Amide
Adenosine triphosphate,C3H3N3O7,576.75,10.75,151.647,Alcohol
Urea,C5H4N1O8,539.54,N/A,362.079,Alcohol
Serotonin,C2H38N4O2,850.46,N/A,206.8,Carbohydrate
Ethanol,C19H32N0O7,572.98,7.54,125.681,Lipid
Glucose,C7H27N1O4,973.03,7.99,64.642,Carbohydrate
Caffeine,C15H32N4O10,461.79,10.33,524.315,Alcohol
Aspirin,C11H28N5O7,792.8,3.58,60.316,Alkaloid
Adenosine triphosphate,C1H29N2O5,838.02,12.45,343.56,Neurotransmitter
Cholesterol,C16H34N2O6,544.36,11.18,785.123,Organic Compound
Cholesterol,C14H4N4O7,420.6,2.43,210.265,Amide
Ethanol,C1H2N0O10,55.95,7.84,968.057,Carbohydrate
Caffeine,C3H26N5O10,500.8,4.52,930.665,Lipid
Serotonin,C1H5N3O8,349.2,8.01,114.845,Nucleotide
Serotonin,C3H4N5O9,819.51,6.63,17.224,Amide
Caffeine,C2H27N0O6,903.72,N/A,742.11,Alcohol
Ethanol,C1H24N2O0,922.76,6.23,69.67,Organic Compound
Aspirin,C13H12N5O1,570.02,8.73,569.307,Hormone
Caffeine,C2H40N3O10,507.58,7.75,852.31,Organic Compound
Aspirin,C3H35N4O6,708.35,N/A,879.491,Nucleotide
Caffeine,C5H31N3O2,56.02,7.27,826.721,Amide
Serotonin,C11H34N1O3,874.96,10.93,678.177,Alcohol
Dopamine,C17H6N0O6,608.07,8.43,795.893,Hormone
Adenosine triphosphate,C15H18N0O7,191.57,3.5,834.087,Lipid
Caffeine,C19H23N5O10,330.77,11.12,587.081,Alkaloid
Ethanol,C9H21N5O3,995.87,12.31,283.483,Alkaloid
Cholesterol,C19H18N0O5,635.9,13.1,442.404,Lipid
Glucose,C13H28N5O3,270.76,2.16,315.703,Neurotransmitter
Dopamine,C18H36N4O3,385.69,10.17,326.275,Nucleotide
Glucose,C19H24N4O6,50.73,11.2,648.017,Neurotransmitter
Glucose,C13H3N1O1,315.23,5.48,538.369,Lipid
Urea,C3H9N3O3,664.03,N/A,115.915,Alkaloid
Ethanol,C11H26N4O2,136.69,6.75,974.786,Nucleotide
Cholesterol,C13H33N2O1,192.47,13.37,890.822,Carbohydrate
Glucose,C17H1N5O9,729.19,6.54,35.588,Carbohydrate
Serotonin,C5H27N0O9,576.35,2.95,352.496,Lipid
Serotonin,C13H33N0O7,607.76,9.97,806.907,Nucleotide
Urea,C18H26N3O6,236.72,N/A,96.677,Nucleotide
Urea,C8H15N5O7,186.43,12.89,23.994,Carbohydrate
Aspirin,C11H35N4O2,916.78,N/A,95.204,Hormone
Dopamine,C8H19N2O10,902.35,10.1,473.219,Hormone
Serotonin,C8H36N1O5,827.05,3.92,912.728,Lipid
Glucose,C14H23N5O9,993.25,4.79,74.177,Lipid
Ethanol,C7H28N3O0,649.3,9.66,620.339,Neurotransmitter
Caffeine,C13H21N4O8,300.78,N/A,39.788,Carbohydrate
Dopamine,C9H23N4O2,857.1,2.16,329.257,Organic Compound
Ethanol,C16H30N3O6,495.19,N/A,873.318,Hormone
Ethanol,C7H29N4O3,547.04,2.86,659.238,Alkaloid
Caffeine,C18H30N4O8,599.43,10.02,876.459,Carbohydrate
Cholesterol,C19H17N2O2,621.8,3.61,674.15,Organic Compound
Serotonin,C18H21N0O6,979.72,13.53,918.036,Organic Compound
Urea,C13H27N1O4,116.3,6.58,786.2,Alkaloid
Serotonin,C5H6N4O4,309.43,12.88,338.51,Organic Compound
Adenosine triphosphate,C9H7N1O5,728.33,12.95,492.72,Alcohol
Dopamine,C12H22N3O4,373.9,5.88,222.928,Alkaloid
Urea,C3H4N5O5,248.93,3.63,32.391,Nucleotide
Glucose,C17H18N0O3,859.4,1.24,505.847,Nucleotide
Cholesterol,C19H16N2O8,51.14,4.78,286.657,Alkaloid
Urea,C5H35N1O10,894.86,11.78,894.217,Amide
Adrenaline,C9H19N4O3,166.65,9.34,115.282,Hormone
Caffeine,C1H29N2O7,629.98,10.99,199.72,Neurotransmitter
Aspirin,C19H40N5O0,84.98,7.07,946.366,Neurotransmitter
Adrenaline,C4H27N3O0,110.05,4.84,840.498,Alcohol
Aspirin,C18H7N2O4,986.3,N/A,545.848,Organic Compound
Dopamine,C20H33N4O2,519.22,5.94,234.758,Neurotransmitter
Glucose,C18H8N5O2,280.91,4.6,954.258,Neurotransmitter
Glucose,C11H7N4O6,314.08,4.46,400.814,Hormone
Serotonin,C16H1N5O1,913.32,12.38,470.078,Carbohydrate
Caffeine,C2H11N0O8,766.81,10.61,966.878,Organic Compound
Caffeine,C14H2N0O3,559.85,12.9,621.092,Nucleotide
Ethanol,C11H34N1O1,665.05,8.95,96.167,Nucleotide
Caffeine,C12H33N3O2,590.05,13.88,697.816,Hormone
Ethanol,C13H21N2O3,696.94,11.37,603.017,Alkaloid
Caffeine,C12H19N0O3,696.87,6.5,992.539,Nucleotide
Adenosine triphosphate,C6H19N5O3,361.28,3.82,130.841,Neurotransmitter
Serotonin,C19H4N4O7,330.2,12.75,763.847,Alcohol
Adenosine triphosphate,C13H24N5O6,130.43,8.13,262.07,Hormone
Serotonin,C8H5N2O0,840.91,N/A,609.601,Lipid
Cholesterol,C10H31N1O5,933.66,4.98,637.242,Hormone
Dopamine,C20H8N1O4,195.92,12.62,383.997,Alkaloid
Aspirin,C5H18N3O1,927.73,13.05,351.619,Carbohydrate
Adrenaline,C5H11N5O10,52.46,1.56,453.884,Carbohydrate
Adenosine triphosphate,C10H8N5O10,424.58,2.76,681.64,Carbohydrate
Aspirin,C15H34N3O6,357.97,4.32,198.731,Hormone
Cholesterol,C5H36N2O4,635.11,5.41,324.865,Nucleotide
Cholesterol,C2H40N3O1,443.61,4.95,330.648,Lipid
Cholesterol,C2H26N5O5,496.39,N/A,560.426,Neurotransmitter
Adrenaline,C5H28N1O3,160.55,1.86,502.531,Hormone
Aspirin,C2H12N3O7,909.52,8.99,317.545,Alcohol
Cholesterol,C8H12N5O7,549.72,10.03,730.146,Amide
Adenosine triphosphate,C4H32N4O10,976.76,N/A,414.887,Neurotransmitter
Adrenaline,C9H38N0O8,168.45,9.12,940.205,Alkaloid
Serotonin,C14H14N0O9,557.4,7.62,607.591,Alkaloid
Urea,C4H31N2O0,273.58,1.6,743.434,Hormone
Glucose,C12H4N2O8,923.85,1.15,941.858,Nucleotide
Urea,C2H30N3O4,143.22,5.93,635.621,Organic Compound
Adenosine triphosphate,C8H28N0O4,212.17,7.9,290.875,Organic Compound
Ethanol,C2H20N1O1,413.43,11.49,474.402,Alcohol
Ethanol,C1H22N2O10,704.43,1.23,697.838,Neurotransmitter
Ethanol,C3H29N2O1,812.69,11.64,8.245,Nucleotide
Urea,C19H16N5O4,564.76,N/A,901.552,Lipid
Dopamine,C20H34N1O0,639.46,5.48,989.983,Alkaloid
Serotonin,C10H21N2O8,963.09,8.76,418.263,Alkaloid
Glucose,C2H31N2O0,203.99,3.1,34.708,Alcohol
Aspirin,C10H16N0O7,844.88,N/A,366.406,Alcohol
Glucose,C16H26N0O9,410.55,N/A,645.389,Lipid
Adenosine triphosphate,C20H9N4O6,429.57,12.36,125.003,Hormone
Caffeine,C14H18N5O6,219.36,N/A,102.941,Neurotransmitter
Ethanol,C19H13N1O8,621.68,5.01,863.882,Alkaloid
Aspirin,C12H37N2O9,860.64,3.29,707.21,Lipid
Adrenaline,C9H31N5O1,677.82,N/A,834.324,Alcohol
Serotonin,C14H15N2O4,88.13,5.58,642.853,Carbohydrate
Aspirin,C2H3N4O0,229.74,5.59,57.548,Hormone
Caffeine,C10H25N5O9,934.65,12.02,158.712,Lipid
Glucose,C8H38N2O0,846.08,12.49,238.027,Neurotransmitter
Aspirin,C11H13N0O3,998.22,N/A,767.126,Lipid
Adrenaline,C5H2N2O9,676.66,N/A,878.668,Nucleotide
Adenosine triphosphate,C9H23N0O7,771.55,1.5,606.719,Alcohol
Dopamine,C14H23N1O7,620.41,7.0,91.784,Neurotransmitter
Serotonin,C7H19N2O4,701.55,6.3,714.46,Alcohol
Serotonin,C1H14N4O2,506.28,3.42,121.965,Hormone
Ethanol,C9H36N1O1,824.23,N/A,576.884,Amide
Aspirin,C13H15N2O10,781.0,2.76,744.916,Carbohydrate
Adenosine triphosphate,C11H20N0O4,820.4,2.89,403.182,Lipid
Dopamine,C10H38N4O0,734.18,7.39,331.045,Hormone
Dopamine,C8H22N1O1,992.33,2.5,907.897,Nucleotide
Dopamine,C19H38N2O8,916.48,11.5,595.922,Alkaloid
Ethanol,C5H17N5O5,293.7,5.54,659.285,Organic Compound
Glucose,C18H18N3O4,738.56,12.59,491.541,Alkaloid
Aspirin,C17H37N5O0,122.51,9.97,366.218,Alcohol
Dopamine,C17H24N2O8,615.38,5.43,702.458,Hormone
Adenosine triphosphate,C8H33N1O8,190.3,8.94,794.719,Organic Compound
Caffeine,C4H34N5O6,820.58,12.07,699.249,Carbohydrate
Caffeine,C19H15N1O8,459.16,13.4,701.883,Carbohydrate
Aspirin,C3H30N2O8,850.91,3.68,465.017,Nucleotide
Urea,C6H37N0O6,865.09,2.75,332.7,Neurotransmitter
Dopamine,C11H34N3O10,614.51,6.02,922.712,Lipid
Cholesterol,C18H5N5O0,294.05,N/A,558.223,Hormone
Adenosine triphosphate,C2H10N5O7,178.75,5.04,532.037,Alcohol
Glucose,C13H11N3O9,401.03,4.24,454.467,Amide
Adrenaline,C7H27N0O4,426.9,11.23,882.278,Neurotransmitter
Ethanol,C3H17N2O9,692.88,N/A,662.325,Nucleotide
Glucose,C7H2N5O1,170.92,3.11,48.977,Neurotransmitter
Urea,C13H34N2O5,342.19,12.47,280.884,Amide
Aspirin,C19H24N2O9,776.01,1.28,137.537,Alkaloid
Dopamine,C8H37N1O7,136.33,12.23,767.627,Amide
Caffeine,C12H20N2O9,732.0,1.19,476.873,Hormone
Adenosine triphosphate,C9H37N1O9,74.25,7.13,810.989,Alcohol
Cholesterol,C10H27N2O4,814.47,11.35,955.05,Hormone
Urea,C3H14N3O9,930.92,1.24,641.846,Lipid
Aspirin,C2H25N2O4,441.34,7.2,887.069,Nucleotide
Aspirin,C13H15N5O7,751.45,4.66,104.286,Amide
Dopamine,C4H32N3O9,660.83,11.04,230.769,Amide
Aspirin,C9H31N3O6,286.76,N/A,18.464,Alcohol
Urea,C20H14N5O6,716.0,13.26,95.257,Organic Compound
Cholesterol,C8H16N2O0,537.2,8.37,399.954,Hormone
Glucose,C14H34N0O7,147.78,3.86,993.156,Hormone
Adenosine triphosphate,C5H37N4O1,791.28,11.88,215.522,Alkaloid
Urea,C19H19N1O4,755.52,9.75,269.791,Amide
Caffeine,C18H27N0O1,754.9,12.29,615.855,Amide
Serotonin,C10H5N4O1,443.73,2.13,478.343,Nucleotide
Adrenaline,C9H37N3O10,668.45,N/A,273.171,Neurotransmitter
Glucose,C4H14N5O8,420.04,4.11,879.267,Alkaloid
Glucose,C17H15N1O9,476.66,N/A,922.914,Carbohydrate
Caffeine,C14H31N3O8,147.68,11.38,926.958,Organic Compound
Adenosine triphosphate,C14H26N2O9,192.06,2.59,731.564,Organic Compound
Serotonin,C8H8N2O9,894.92,N/A,851.569,Organic Compound
Serotonin,C3H9N0O6,296.29,N/A,999.975,Lipid
Caffeine,C4H31N5O0,706.88,8.99,700.436,Alkaloid
Adrenaline,C14H26N4O2,459.16,11.6,798.328,Organic Compound
Caffeine,C9H33N2O1,927.09,10.67,476.102,Nucleotide
Adenosine triphosphate,C4H39N1O8,659.01,3.86,617.319,Lipid
Adenosine triphosphate,C11H21N4O5,983.11,5.31,819.426,Alkaloid
Serotonin,C17H21N1O7,806.04,N/A,809.982,Amide
Dopamine,C7H20N5O6,205.8,8.55,133.808,Alcohol
Caffeine,C6H2N1O0,828.76,6.06,546.233,Organic Compound
Adenosine triphosphate,C17H36N0O6,587.68,9.96,654.083,Amide
Adrenaline,C5H36N2O0,776.0,12.93,685.536,Hormone
Caffeine,C17H16N2O5,763.33,7.59,120.398,Nucleotide
Adrenaline,C3H7N2O1,495.53,N/A,927.429,Alcohol
Dopamine,C11H9N3O4,265.32,N/A,915.592,Hormone
Adrenaline,C18H15N5O6,953.67,10.85,381.081,Hormone
Serotonin,C3H9N4O5,816.13,3.77,220.778,Alkaloid
Ethanol,C4H10N5O6,82.78,2.74,727.571,Amide
Aspirin,C6H10N2O8,659.99,13.48,770.656,Alcohol
Glucose,C8H29N4O10,335.46,1.18,818.884,Nucleotide
Caffeine,C10H22N4O3,124.61,10.91,3.346,Nucleotide
Cholesterol,C5H7N4O7,101.13,11.85,99.024,Carbohydrate
Adenosine triphosphate,C9H19N0O4,447.95,4.77,259.021,Alkaloid
Urea,C17H19N5O10,929.68,3.48,907.102,Lipid
Adenosine triphosphate,C4H33N2O7,663.56,2.86,285.654,Alcohol
Dopamine,C17H10N3O2,471.23,9.2,76.089,Neurotransmitter
Aspirin,C19H29N3O6,701.39,1.91,524.744,Amide
Adrenaline,C7H7N1O4,444.85,5.52,389.806,Hormone
Aspirin,C15H13N1O0,110.15,5.73,608.378,Organic Compound
Glucose,C9H6N2O5,212.64,2.34,822.921,Organic Compound
Cholesterol,C4H23N2O6,197.71,2.51,390.096,Alkaloid
Ethanol,C20H10N1O2,717.17,1.63,350.277,Organic Compound
Serotonin,C20H15N0O1,192.63,13.96,615.659,Lipid
Glucose,C8H21N3O8,918.58,13.02,591.957,Alkaloid
Dopamine,C6H40N5O7,851.27,5.46,799.879,Alkaloid
Urea,C1H29N5O3,631.19,9.5,959.395,Alkaloid
Caffeine,C12H15N4O8,176.94,5.01,379.207,Lipid
Caffeine,C13H16N3O7,312.04,13.31,292.415,Alcohol
Ethanol,C12H13N2O1,493.31,N/A,984.664,Organic Compound
Adenosine triphosphate,C18H17N3O5,222.12,N/A,645.995,Carbohydrate
Glucose,C2H7N5O4,891.3,N/A,730.992,Hormone
Aspirin,C17H13N5O8,432.05,11.24,760.361,Amide
Glucose,C1H4N1O5,374.27,5.93,611.391,Alcohol
Dopamine,C8H11N5O6,541.28,12.49,67.916,Organic Compound
Urea,C16H5N2O0,762.8,2.98,992.212,Carbohydrate
Adenosine triphosphate,C13H18N5O3,989.08,N/A,211.276,Carbohydrate
Cholesterol,C12H17N1O1,561.75,N/A,199.509,Alcohol
Serotonin,C3H34N1O5,865.95,4.3,939.703,Lipid
Adenosine triphosphate,C8H25N1O8,813.38,1.81,879.626,Alcohol
Adenosine triphosphate,C14H40N1O10,510.35,N/A,385.335,Amide
Aspirin,C20H35N1O3,137.26,10.11,715.002,Amide
Caffeine,C3H7N3O5,242.42,7.33,929.659,Nucleotide
Adrenaline,C5H1N4O3,55.66,2.72,458.736,Amide
Dopamine,C19H1N3O5,510.9,3.15,643.133,Amide
Caffeine,C17H10N1O1,399.02,4.33,685.083,Neurotransmitter
Aspirin,C14H7N2O5,365.82,10.82,957.263,Nucleotide
Ethanol,C3H11N3O10,799.88,N/A,484.614,Alcohol
Caffeine,C8H39N2O4,620.98,4.36,817.635,Alcohol
Serotonin,C10H32N0O3,127.79,9.98,918.113,Nucleotide
Adrenaline,C20H7N2O3,634.1,13.74,760.222,Organic Compound
Serotonin,C17H19N0O0,981.59,N/A,187.817,Carbohydrate
Glucose,C19H31N4O7,856.72,N/A,576.282,Hormone
Aspirin,C20H23N1O1,188.09,2.36,39.53,Organic Compound
Ethanol,C16H20N4O2,575.63,13.13,307.317,Lipid
Ethanol,C14H28N1O1,211.77,N/A,439.321,Organic Compound
Ethanol,C14H29N2O10,291.69,8.0,439.905,Amide
Adenosine triphosphate,C2H19N0O5,122.35,9.68,67.814,Hormone
Adrenaline,C4H21N0O9,847.08,4.49,941.942,Alkaloid
Adrenaline,C7H10N5O1,195.87,9.12,410.902,Organic Compound
Ethanol,C16H7N4O3,339.59,9.51,696.09,Hormone
Adrenaline,C5H30N3O5,489.07,3.29,885.041,Alcohol
Dopamine,C17H8N3O8,816.1,1.66,84.735,Neurotransmitter
Glucose,C19H20N1O3,590.76,11.64,175.324,Hormone
Glucose,C6H20N4O6,620.09,3.87,578.18,Alcohol
Serotonin,C10H22N0O8,787.5,10.84,880.192,Lipid
Ethanol,C16H24N1O9,647.35,N/A,441.353,Carbohydrate
Cholesterol,C6H29N2O7,98.04,5.62,24.96,Hormone
Cholesterol,C2H22N5O8,407.35,1.56,567.991,Carbohydrate
Adrenaline,C4H38N1O5,678.65,4.56,466.316,Alcohol
Glucose,C7H19N5O0,255.97,1.01,618.234,Organic Compound
Glucose,C4H32N0O1,916.76,11.63,175.399,Hormone
Ethanol,C10H30N1O2,263.26,4.3,285.256,Organic Compound
Dopamine,C9H33N1O8,823.55,1.37,64.419,Amide
Adrenaline,C9H36N1O8,577.99,8.59,265.695,Alcohol
Adenosine triphosphate,C13H16N1O4,714.78,7.54,463.089,Nucleotide
Urea,C11H30N1O0,85.08,7.3,286.338,Hormone
Cholesterol,C2H7N4O6,757.05,11.04,895.372,Amide
Ethanol,C14H6N2O7,581.19,2.7,677.299,Alcohol
Cholesterol,C8H20N1O10,313.14,1.77,820.495,Neurotransmitter
Adrenaline,C19H1N3O1,245.26,8.19,423.536,Alcohol
Cholesterol,C14H22N4O9,964.85,10.98,555.066,Lipid
Adenosine triphosphate,C6H14N2O8,534.11,9.85,10.592,Hormone
Glucose,C7H10N1O2,86.83,9.0,799.013,Nucleotide
Ethanol,C13H7N4O2,731.59,5.91,590.643,Alkaloid
Aspirin,C2H19N5O9,946.31,12.18,262.176,Hormone
Serotonin,C2H31N4O8,468.63,13.21,258.458,Carbohydrate
Serotonin,C18H15N3O8,579.39,12.97,376.753,Hormone
Cholesterol,C16H25N5O2,573.5,N/A,31.898,Alcohol
Aspirin,C4H23N2O7,795.81,13.29,856.584,Alkaloid
Serotonin,C6H4N4O4,410.85,6.12,244.208,Alkaloid
Cholesterol,C8H40N1O5,751.27,12.14,474.025,Nucleotide
Caffeine,C10H29N5O0,536.7,N/A,794.809,Carbohydrate
Adrenaline,C5H22N5O4,240.77,N/A,580.116,Hormone
Glucose,C8H35N5O1,131.02,11.74,580.969,Carbohydrate
Serotonin,C8H17N2O3,154.19,N/A,468.464,Neurotransmitter
Aspirin,C17H7N1O2,346.89,9.5,17.183,Alcohol
Urea,C2H10N0O5,361.71,2.86,332.442,Organic Compound
Caffeine,C5H37N2O9,554.34,4.42,435.673,Neurotransmitter
Dopamine,C16H6N1O5,499.61,9.16,6.829,Organic Compound
Caffeine,C8H32N2O7,373.41,7.38,322.449,Alcohol
Aspirin,C18H20N2O3,795.49,3.1,973.968,Hormone
Dopamine,C10H35N5O0,664.45,4.13,405.194,Nucleotide
Ethanol,C15H30N3O9,217.56,9.54,454.924,Nucleotide
Glucose,C9H10N0O1,230.6,4.57,207.43,Alkaloid
Cholesterol,C13H36N3O7,683.43,13.21,198.037,Alkaloid
Serotonin,C10H4N4O10,795.64,3.44,217.529,Neurotransmitter
Adrenaline,C12H1N2O3,344.29,N/A,869.297,Hormone
Caffeine,C18H21N1O1,173.34,8.42,200.894,Alkaloid
Dopamine,C8H26N0O2,885.96,8.13,216.065,Alkaloid
Caffeine,C20H29N0O10,559.28,8.68,605.545,Neurotransmitter
Ethanol,C10H26N5O6,696.49,8.47,9.677,Alcohol
Urea,C19H4N3O10,158.93,2.01,566.822,Neurotransmitter
Cholesterol,C14H6N5O0,54.51,2.96,373.282,Lipid
Glucose,C8H3N4O2,895.09,5.57,161.63,Amide
Urea,C9H10N1O2,688.28,11.46,838.816,Neurotransmitter
Adenosine triphosphate,C2H35N4O4,101.83,13.85,226.683,Lipid
Ethanol,C17H38N1O6,647.0,10.82,63.641,Nucleotide
Cholesterol,C6H38N3O3,793.08,7.3,774.323,Nucleotide
Serotonin,C20H28N1O10,611.27,N/A,841.502,Carbohydrate
Glucose,C11H12N0O1,792.39,7.27,558.67,Nucleotide
Dopamine,C2H20N0O9,802.84,3.82,794.576,Organic Compound
Ethanol,C5H5N1O6,156.4,N/A,820.787,Nucleotide
Adenosine triphosphate,C16H24N5O2,962.43,2.27,124.391,Alkaloid
Cholesterol,C8H11N5O1,84.7,6.79,509.604,Amide
Caffeine,C19H28N5O0,511.74,2.19,399.561,Alcohol
Urea,C1H26N2O5,485.81,13.06,290.625,Nucleotide
Glucose,C5H32N1O3,340.06,1.5,362.776,Alcohol
Serotonin,C15H5N2O7,331.2,11.62,422.888,Nucleotide
Cholesterol,C4H37N0O10,819.44,11.19,416.218,Organic Compound
Ethanol,C2H32N4O6,543.1,6.07,782.834,Organic Compound
Urea,C17H7N1O10,108.32,N/A,470.392,Organic Compound
Glucose,C14H4N1O3,693.42,13.3,912.477,Neurotransmitter
Ethanol,C15H27N5O2,954.63,1.66,240.699,Nucleotide
Cholesterol,C14H29N5O0,193.34,N/A,628.928,Alkaloid
Serotonin,C8H20N2O9,501.4,3.45,402.205,Nucleotide
Aspirin,C18H9N4O9,621.47,N/A,134.299,Amide
Adrenaline,C6H13N4O9,872.57,5.18,646.374,Alcohol
Urea,C17H19N2O3,475.75,3.03,818.843,Neurotransmitter
Adenosine triphosphate,C12H28N0O4,64.34,2.87,36.026,Nucleotide
Adenosine triphosphate,C5H13N4O5,867.73,N/A,262.788,Alcohol
Dopamine,C11H10N5O2,696.96,3.74,345.212,Lipid
Glucose,C1H13N5O6,106.22,13.24,384.52,Alcohol
Aspirin,C5H19N5O10,671.39,11.8,924.677,Neurotransmitter
Adenosine triphosphate,C4H30N2O4,300.51,6.12,665.752,Hormone
Aspirin,C15H3N3O8,604.8,2.63,195.998,Hormone
Dopamine,C4H20N3O4,148.22,4.88,97.23,Amide
Ethanol,C1H11N0O6,847.87,6.14,480.463,Nucleotide
Adenosine triphosphate,C4H8N4O3,90.81,5.2,452.142,Organic Compound
Aspirin,C13H29N0O1,455.59,3.09,127.696,Carbohydrate
Cholesterol,C5H35N2O4,757.16,8.15,52.246,Alkaloid
Adrenaline,C3H11N1O8,140.3,4.29,789.193,Neurotransmitter
Aspirin,C2H40N4O4,239.58,12.87,605.667,Nucleotide
Cholesterol,C4H8N2O9,525.99,8.79,720.133,Organic Compound
Dopamine,C15H1N5O1,734.58,N/A,250.531,Amide
Adenosine triphosphate,C1H9N4O0,307.41,5.62,598.544,Nucleotide
Caffeine,C19H40N0O6,519.12,13.74,31.912,Alcohol
Adenosine triphosphate,C1H35N0O9,267.82,3.83,843.444,Lipid
Urea,C5H27N0O3,592.58,6.44,224.816,Hormone
Adrenaline,C18H2N4O8,234.64,1.26,463.544,Alkaloid
Dopamine,C4H4N4O4,678.38,6.71,689.71,Amide
Serotonin,C13H7N4O5,212.89,N/A,151.45,Organic Compound
Aspirin,C17H5N2O1,644.67,2.7,731.881,Neurotransmitter
Adrenaline,C10H19N2O3,843.03,6.97,770.66,Alcohol
Glucose,C6H39N0O8,595.33,7.77,152.156,Carbohydrate
Serotonin,C4H7N5O6,251.94,9.33,21.42,Amide
Urea,C13H22N2O4,114.27,12.75,885.239,Organic Compound
Dopamine,C14H25N0O7,936.69,N/A,758.361,Neurotransmitter
Dopamine,C20H24N4O3,364.24,N/A,689.927,Alkaloid
Serotonin,C8H21N2O0,693.0,1.95,462.509,Lipid
Dopamine,C4H26N4O8,326.14,4.47,193.14,Lipid
Ethanol,C10H36N5O5,548.88,6.32,968.868,Hormone
Cholesterol,C11H29N1O0,301.0,N/A,870.559,Nucleotide
Cholesterol,C14H20N4O1,603.86,N/A,909.778,Amide
Ethanol,C2H29N3O2,780.99,5.25,238.61,Nucleotide
Serotonin,C19H11N2O8,818.92,N/A,247.01,Lipid
Glucose,C10H15N0O10,367.69,11.96,985.599,Lipid
Serotonin,C11H4N1O7,865.14,9.95,948.391,Amide
Aspirin,C20H22N2O0,120.85,N/A,311.987,Neurotransmitter
Urea,C6H25N2O9,601.96,10.77,563.162,Nucleotide
Cholesterol,C13H15N3O9,543.1,N/A,862.234,Hormone
Dopamine,C11H19N2O0,759.27,N/A,370.55,Amide
Cholesterol,C20H19N4O1,214.54,10.29,942.802,Hormone
Serotonin,C15H8N3O10,384.51,2.89,487.445,Alkaloid
Glucose,C14H11N5O3,836.05,6.0,731.403,Alkaloid
Dopamine,C8H37N1O6,911.35,N/A,864.549,Organic Compound
Aspirin,C16H28N0O8,597.54,7.1,11.099,Neurotransmitter
Urea,C6H13N3O6,523.2,10.56,854.501,Amide
Urea,C19H20N0O1,775.77,N/A,970.295,Carbohydrate
Ethanol,C10H11N3O3,750.49,N/A,474.614,Alcohol
Aspirin,C18H36N1O5,58.6,13.46,444.245,Nucleotide
Adrenaline,C16H9N2O7,504.49,12.77,452.972,Carbohydrate
Caffeine,C11H21N4O4,575.63,13.86,173.711,Carbohydrate
Glucose,C1H4N3O2,535.55,6.51,8.329,Amide
Glucose,C10H2N4O0,244.92,2.8,711.625,Neurotransmitter
Urea,C8H13N3O4,490.47,10.04,531.353,Amide
Adrenaline,C14H6N0O6,458.29,5.48,329.154,Alcohol
Cholesterol,C18H12N2O1,277.64,5.91,393.45,Nucleotide
Cholesterol,C7H8N5O9,971.2,13.88,261.71,Alkaloid
Adrenaline,C11H14N2O6,689.58,10.1,125.391,Hormone
Serotonin,C12H22N4O6,315.96,N/A,165.283,Lipid
Glucose,C18H33N1O7,99.0,5.18,0.439,Neurotransmitter
Adrenaline,C20H38N1O8,674.74,10.4,767.156,Amide
Dopamine,C4H25N3O9,397.26,N/A,179.75,Lipid
Adenosine triphosphate,C8H29N3O3,628.22,13.78,78.416,Organic Compound
Caffeine,C12H11N2O7,102.34,13.16,947.977,Carbohydrate
Aspirin,C17H7N0O3,366.97,9.23,643.859,Amide
Serotonin,C3H7N5O6,688.52,N/A,26.846,Alcohol
Dopamine,C4H40N2O9,658.45,5.22,590.309,Nucleotide
Adrenaline,C18H1N2O7,655.83,1.26,525.502,Alkaloid
Ethanol,C1H11N3O5,782.93,2.56,951.432,Amide
Cholesterol,C19H39N5O2,264.26,12.31,81.291,Alkaloid
Dopamine,C9H5N1O6,592.16,7.28,491.832,Alkaloid
Cholesterol,C14H13N5O4,481.89,8.38,598.228,Alkaloid
Adenosine triphosphate,C1H17N5O9,630.12,5.6,321.416,Amide
Ethanol,C19H15N4O7,848.0,11.5,4.494,Organic Compound
Aspirin,C14H24N1O1,996.34,1.5,168.164,Alcohol
Adrenaline,C14H15N5O2,175.35,6.45,430.948,Lipid
Serotonin,C14H39N2O3,547.69,5.59,883.278,Neurotransmitter
Aspirin,C11H12N4O2,738.7,N/A,777.977,Neurotransmitter
Aspirin,C17H22N4O1,844.25,5.97,912.12,Nucleotide
Glucose,C4H23N2O10,133.09,10.33,915.771,Alkaloid
Caffeine,C15H25N0O5,693.57,N/A,524.831,Neurotransmitter
Caffeine,C10H12N4O9,991.62,11.31,38.981,Amide
Urea,C4H5N5O1,373.63,13.6,52.176,Carbohydrate
Ethanol,C12H26N4O4,339.37,N/A,684.344,Hormone
Cholesterol,C3H32N3O4,275.41,11.64,996.837,Neurotransmitter
Ethanol,C14H4N4O5,722.82,N/A,832.635,Alcohol
Adrenaline,C18H29N4O4,441.18,11.86,968.481,Nucleotide
Dopamine,C16H5N4O5,266.7,N/A,786.239,Lipid
Serotonin,C2H26N1O7,87.62,11.03,163.629,Alcohol
Adrenaline,C12H27N3O1,529.59,3.54,222.826,Neurotransmitter
Caffeine,C2H18N5O1,360.58,13.92,681.919,Neurotransmitter
Adrenaline,C12H30N1O3,993.2,12.19,479.111,Alkaloid
Dopamine,C7H13N5O2,654.27,13.15,675.857,Amide
Caffeine,C20H4N5O8,207.05,7.3,745.259,Lipid
Glucose,C9H39N3O3,905.1,N/A,611.985,Alcohol
Dopamine,C16H25N3O3,443.62,12.77,887.629,Amide
Adrenaline,C13H1N2O2,438.81,N/A,28.07,Carbohydrate
Caffeine,C8H26N2O3,62.95,1.3,65.998,Alcohol
Ethanol,C11H34N5O4,845.02,7.71,511.191,Amide
Cholesterol,C14H12N4O2,259.91,N/A,815.132,Carbohydrate
Urea,C10H37N3O3,723.17,7.51,857.044,Organic Compound
Cholesterol,C8H4N1O1,602.76,N/A,92.425,Hormone
Dopamine,C4H7N3O2,177.02,N/A,971.668,Neurotransmitter
Adenosine triphosphate,C1H9N1O1,993.42,13.68,534.671,Nucleotide
Ethanol,C17H28N5O3,989.04,4.4,6.336,Hormone
Serotonin,C7H31N4O1,905.33,13.6,135.14,Nucleotide
Adrenaline,C7H33N0O7,526.45,13.02,247.042,Alkaloid
Glucose,C2H3N4O8,223.52,7.21,173.914,Alcohol
Glucose,C1H14N2O8,805.93,13.59,634.825,Organic Compound
Aspirin,C11H11N1O10,897.09,8.78,506.977,Alcohol
Adenosine triphosphate,C9H14N3O4,738.37,4.17,995.858,Neurotransmitter
Urea,C9H32N2O9,860.44,N/A,54.459,Amide
Adenosine triphosphate,C11H20N3O0,88.82,13.62,207.899,Neurotransmitter
Urea,C14H36N1O3,983.95,13.43,54.84,Neurotransmitter
Dopamine,C18H12N0O8,841.98,8.68,155.417,Neurotransmitter
Aspirin,C10H20N0O8,704.4,8.65,624.006,Alkaloid
Cholesterol,C11H33N2O8,342.02,7.1,53.941,Alkaloid
Caffeine,C9H30N2O0,760.82,3.26,89.811,Organic Compound
Dopamine,C1H18N0O7,249.94,12.08,267.903,Organic Compound
Aspirin,C18H36N3O9,710.56,13.73,90.822,Amide
Adenosine triphosphate,C12H30N2O4,843.63,1.8,172.515,Amide
Dopamine,C11H38N4O0,71.16,4.74,36.072,Alcohol
Caffeine,C11H1N5O2,373.65,11.2,499.9,Hormone
Glucose,C17H13N3O4,88.54,10.43,119.487,Nucleotide
Serotonin,C19H24N3O8,299.4,13.58,80.113,Nucleotide
Caffeine,C12H28N0O5,354.11,5.39,281.266,Amide
Glucose,C1H3N5O9,404.25,12.3,969.372,Alcohol
Caffeine,C9H2N1O7,482.67,5.59,443.415,Amide
Aspirin,C12H5N1O7,474.1,N/A,258.868,Organic Compound
Caffeine,C7H27N2O6,509.67,N/A,599.416,Hormone
Serotonin,C17H17N2O5,764.55,4.56,621.164,Alkaloid
Aspirin,C3H20N0O7,571.78,4.72,633.431,Amide
Serotonin,C18H35N0O0,483.05,11.54,161.697,Amide
Dopamine,C10H27N4O7,913.31,11.21,595.68,Carbohydrate
Ethanol,C16H17N3O8,335.14,7.5,777.388,Organic Compound
Urea,C6H1N2O9,709.37,13.39,952.073,Organic Compound
Adenosine triphosphate,C5H34N1O4,190.55,10.72,547.826,Lipid
Adenosine triphosphate,C11H12N3O5,233.99,1.56,917.92,Lipid
Caffeine,C10H16N0O7,529.48,N/A,794.949,Alkaloid
Cholesterol,C8H11N1O2,347.17,7.85,550.355,Neurotransmitter
Adrenaline,C10H35N1O8,614.16,9.56,946.798,Hormone
Caffeine,C11H38N4O1,54.27,10.6,305.132,Alcohol
Urea,C3H3N5O5,778.07,4.38,839.881,Hormone
Serotonin,C9H19N4O3,650.36,2.32,421.858,Alcohol
Adenosine triphosphate,C10H21N0O5,494.56,12.86,881.124,Hormone
Caffeine,C17H6N0O0,537.14,4.31,486.724,Alcohol
Cholesterol,C20H26N4O5,123.22,5.44,266.134,Lipid
Urea,C7H24N5O0,664.92,1.11,86.225,Nucleotide
Adenosine triphosphate,C14H24N0O2,321.99,N/A,908.928,Hormone
Adenosine triphosphate,C18H8N3O7,119.86,5.74,275.426,Carbohydrate
Dopamine,C5H25N0O5,449.4,N/A,606.065,Organic Compound
Urea,C9H6N1O3,51.76,5.99,0.316,Carbohydrate
Cholesterol,C14H22N4O2,435.44,4.34,516.112,Organic Compound
Urea,C4H10N5O0,154.5,11.66,285.82,Alcohol
Glucose,C13H4N4O6,207.9,9.46,399.049,Lipid
Urea,C3H39N0O4,247.29,N/A,645.332,Hormone
Cholesterol,C16H37N4O2,992.19,7.43,974.986,Amide
Adenosine triphosphate,C3H13N4O10,886.05,13.2,970.813,Amide
Ethanol,C9H38N3O10,578.16,N/A,741.038,Neurotransmitter
Dopamine,C19H40N0O3,331.45,6.64,233.397,Organic Compound
Caffeine,C10H21N3O1,281.48,8.65,486.167,Nucleotide
Cholesterol,C13H27N3O4,296.61,3.57,585.254,Nucleotide
Aspirin,C13H39N3O1,942.49,10.94,816.055,Nucleotide
Aspirin,C1H24N4O2,625.08,9.12,272.357,Neurotransmitter
Aspirin,C18H25N4O4,675.98,9.53,783.335,Hormone
Adenosine triphosphate,C8H11N4O10,548.91,12.51,609.877,Nucleotide
Urea,C14H22N4O4,681.54,13.4,800.854,Hormone
Glucose,C12H34N0O7,94.43,10.45,978.954,Amide
Caffeine,C1H25N5O9,655.73,8.34,742.28,Alkaloid
Glucose,C17H36N4O4,874.63,10.16,534.208,Carbohydrate
Adenosine triphosphate,C7H31N3O6,723.55,8.83,355.349,Alcohol
Urea,C18H15N4O2,199.98,2.94,370.02,Alcohol
Ethanol,C2H20N3O1,304.6,9.13,168.64,Carbohydrate
Dopamine,C17H9N2O1,779.55,N/A,658.983,Carbohydrate
Dopamine,C17H2N0O10,595.56,N/A,561.516,Alcohol
Glucose,C13H38N1O10,917.67,11.52,456.079,Alcohol
Glucose,C12H6N3O2,762.91,N/A,675.542,Neurotransmitter
Dopamine,C19H13N4O2,188.62,N/A,708.512,Carbohydrate
Caffeine,C1H40N2O0,171.24,N/A,487.262,Alkaloid
Serotonin,C17H26N3O10,386.72,2.78,745.491,Hormone
Adenosine triphosphate,C1H1N3O8,603.48,N/A,291.13,Carbohydrate
Aspirin,C2H18N5O0,256.44,9.39,748.394,Alkaloid
Aspirin,C3H23N5O3,585.66,11.08,972.227,Amide
Adenosine triphosphate,C17H18N1O8,103.58,N/A,525.093,Lipid
Adenosine triphosphate,C2H16N5O1,878.82,2.93,763.137,Alkaloid
Glucose,C15H38N5O4,680.31,10.41,972.816,Carbohydrate
Glucose,C6H19N5O7,776.82,9.94,796.089,Alkaloid
Caffeine,C17H4N3O0,200.0,13.29,215.559,Organic Compound
Ethanol,C19H3N3O4,242.17,N/A,433.113,Hormone
Glucose,C20H2N0O9,825.43,11.27,922.819,Alcohol
Caffeine,C19H25N4O9,816.36,9.93,367.891,Hormone
Adrenaline,C10H30N2O1,477.35,13.32,193.653,Organic Compound
Urea,C11H33N2O10,368.43,11.46,181.082,Alkaloid
Adrenaline,C15H34N2O2,344.5,5.83,366.041,Hormone
Caffeine,C1H9N4O2,651.55,13.69,545.112,Alkaloid
Ethanol,C11H16N3O2,663.25,13.16,866.702,Amide
Caffeine,C13H38N1O6,273.67,12.88,377.6,Amide
Adrenaline,C16H28N0O3,500.63,1.55,482.956,Hormone
Cholesterol,C13H7N5O10,127.99,3.8,711.922,Nucleotide
Adrenaline,C19H7N4O8,162.51,11.63,274.982,Hormone
Ethanol,C9H33N0O3,926.14,N/A,547.668,Alkaloid
Aspirin,C1H8N4O0,601.71,6.07,42.726,Organic Compound
Aspirin,C7H2N0O2,269.82,6.08,153.87,Organic Compound
Adenosine triphosphate,C20H38N5O2,574.04,12.77,836.76,Alkaloid
Ethanol,C12H16N0O8,135.36,13.21,596.0,Organic Compound
Aspirin,C18H12N1O4,255.46,N/A,981.026,Amide
Aspirin,C3H29N3O2,384.14,13.72,562.655,Alkaloid
Ethanol,C2H26N1O5,815.89,1.69,901.477,Hormone
Serotonin,C15H25N3O7,931.42,N/A,680.213,Neurotransmitter
Serotonin,C6H29N5O6,228.73,5.25,555.551,Amide
Adrenaline,C8H5N0O9,636.57,N/A,854.638,Lipid
Glucose,C16H15N4O2,172.77,12.49,804.495,Nucleotide
Ethanol,C8H39N0O7,306.12,2.1,359.971,Nucleotide
Adenosine triphosphate,C6H6N3O8,465.24,2.16,409.097,Carbohydrate
Urea,C16H16N4O6,866.25,2.25,988.268,Amide
Cholesterol,C20H2N1O7,304.96,12.93,887.991,Alcohol
Cholesterol,C18H3N1O2,589.48,2.29,89.784,Carbohydrate
Aspirin,C10H11N1O5,92.8,3.35,322.897,Neurotransmitter
Dopamine,C18H34N5O0,200.16,13.6,414.856,Organic Compound
Aspirin,C11H38N3O1,268.81,7.89,172.122,Amide
Cholesterol,C8H2N0O6,753.1,8.37,954.79,Organic Compound
Urea,C7H9N1O0,522.88,N/A,939.554,Lipid
Ethanol,C17H29N2O0,283.64,2.54,317.278,Hormone
Aspirin,C5H20N4O9,647.26,6.04,642.922,Amide
Serotonin,C8H10N5O3,679.11,N/A,69.225,Lipid
Glucose,C9H3N5O2,226.49,N/A,574.078,Amide
Cholesterol,C9H17N5O5,96.82,N/A,138.106,Carbohydrate
Cholesterol,C6H10N1O5,717.41,3.16,578.476,Alkaloid
Ethanol,C9H28N2O5,128.27,13.02,682.27,Hormone
Aspirin,C8H33N5O0,544.11,N/A,780.916,Neurotransmitter
Aspirin,C6H9N5O10,379.39,2.09,206.373,Alkaloid
Adrenaline,C15H10N5O4,878.64,1.24,566.615,Nucleotide
Adenosine triphosphate,C18H33N5O0,542.73,9.52,663.413,Hormone
Cholesterol,C17H4N5O10,826.46,5.92,147.816,Amide
Ethanol,C16H36N1O10,388.17,12.08,502.997,Lipid
Serotonin,C8H23N2O9,702.97,N/A,199.928,Alcohol
Ethanol,C12H34N0O7,503.51,2.46,829.942,Nucleotide
Adenosine triphosphate,C8H17N1O8,354.99,N/A,360.963,Alkaloid
Urea,C12H5N0O6,509.36,4.88,345.8,Organic Compound
Serotonin,C17H2N1O10,561.14,N/A,301.971,Alcohol
Adenosine triphosphate,C12H25N4O9,454.06,7.04,975.759,Neurotransmitter
Adenosine triphosphate,C18H24N4O5,337.22,N/A,594.685,Nucleotide
Ethanol,C5H20N4O4,447.66,9.98,263.258,Carbohydrate
Dopamine,C13H34N5O5,820.12,12.48,912.931,Alcohol
Caffeine,C6H29N5O2,68.11,N/A,667.084,Organic Compound
Adenosine triphosphate,C8H2N1O3,809.1,7.99,304.808,Alcohol
Caffeine,C9H37N0O9,110.41,7.74,469.375,Organic Compound
Ethanol,C13H36N3O3,188.4,N/A,709.635,Carbohydrate
Aspirin,C7H28N3O2,936.22,8.11,528.059,Neurotransmitter
Adenosine triphosphate,C15H19N5O8,556.11,3.24,369.779,Nucleotide
Serotonin,C6H29N1O0,590.27,10.97,882.771,Hormone
Cholesterol,C20H39N0O10,63.76,1.47,255.044,Alcohol
Adenosine triphosphate,C6H17N5O1,305.26,11.12,260.594,Amide
Ethanol,C4H20N0O1,119.09,9.08,254.39,Neurotransmitter
Cholesterol,C9H5N2O5,683.57,5.41,844.477,Nucleotide
Aspirin,C17H23N3O2,511.88,3.47,297.738,Amide
Aspirin,C13H27N3O7,709.01,N/A,537.496,Alkaloid
Serotonin,C4H7N4O2,477.75,N/A,3.681,Amide
Cholesterol,C19H6N4O2,594.29,8.3,877.429,Lipid
Cholesterol,C16H10N5O5,350.85,6.73,184.386,Carbohydrate
Aspirin,C19H13N4O2,97.68,13.55,575.69,Lipid
Ethanol,C11H11N1O1,842.64,1.19,517.422,Nucleotide
Adrenaline,C1H14N5O10,741.91,2.64,925.786,Alcohol
Dopamine,C6H8N5O3,505.7,5.33,279.866,Nucleotide
Adenosine triphosphate,C2H24N4O3,331.2,10.36,288.481,Neurotransmitter
Serotonin,C19H23N1O1,74.2,N/A,952.413,Organic Compound
Dopamine,C15H34N4O0,512.43,N/A,304.315,Carbohydrate
Aspirin,C3H13N4O4,607.75,12.88,669.228,Carbohydrate
Serotonin,C14H22N3O7,598.99,1.73,322.228,Nucleotide
Aspirin,C1H38N4O10,599.52,5.85,95.174,Organic Compound
Urea,C7H5N4O5,408.35,2.85,718.068,Organic Compound
Urea,C15H9N0O4,159.89,11.12,483.031,Alcohol
Serotonin,C13H39N1O8,676.98,6.73,695.226,Lipid
Dopamine,C8H39N3O3,862.47,N/A,318.866,Hormone
Serotonin,C17H25N1O2,842.68,N/A,633.182,Alcohol
Serotonin,C8H14N5O6,243.82,12.13,768.332,Hormone
Serotonin,C20H16N2O3,966.15,6.09,246.582,Carbohydrate
Adrenaline,C7H29N1O4,694.17,N/A,303.578,Alkaloid
Adrenaline,C19H34N4O1,163.82,13.5,740.922,Nucleotide
Caffeine,C4H34N4O8,615.8,10.89,513.373,Lipid
Dopamine,C7H18N2O10,598.07,5.42,372.869,Neurotransmitter
Ethanol,C11H5N0O10,570.37,5.19,745.652,Alkaloid
Ethanol,C13H9N1O8,239.9,N/A,863.833,Alcohol
Serotonin,C1H34N1O4,904.99,N/A,659.917,Alkaloid
Cholesterol,C12H19N0O9,304.16,7.49,716.966,Hormone
Urea,C15H28N0O2,219.93,11.22,480.046,Organic Compound
Glucose,C18H7N0O4,728.69,6.43,96.939,Lipid
Serotonin,C8H40N5O8,260.19,4.36,809.609,Lipid
Urea,C6H6N1O6,189.0,7.18,312.3,Hormone
Ethanol,C16H22N2O0,179.15,12.79,739.607,Carbohydrate
Serotonin,C16H11N2O8,355.42,12.89,849.858,Amide
Cholesterol,C17H35N2O9,86.13,3.36,609.561,Amide
Adrenaline,C15H37N5O10,566.92,9.79,712.377,Amide
Caffeine,C19H16N2O8,742.26,9.35,89.168,Lipid
Urea,C4H33N2O10,992.34,13.32,265.659,Alkaloid
Adenosine triphosphate,C19H14N4O1,977.76,7.76,960.253,Lipid
Ethanol,C8H32N0O5,989.61,N/A,258.404,Organic Compound
Serotonin,C4H15N3O7,729.69,4.87,282.596,Alkaloid
Ethanol,C2H26N5O0,949.35,7.63,823.281,Carbohydrate
Ethanol,C8H5N5O7,263.21,3.05,426.428,Lipid
Serotonin,C10H1N1O10,311.57,4.44,364.449,Hormone
Dopamine,C1H2N2O4,727.28,2.45,85.74,Amide
Aspirin,C18H20N3O9,732.37,2.14,740.524,Carbohydrate
Urea,C10H40N1O6,893.09,8.27,377.013,Alcohol
Adrenaline,C17H4N1O7,438.43,2.38,454.849,Alcohol
Urea,C8H24N3O1,770.02,1.05,664.092,Hormone
Glucose,C16H29N5O10,412.08,N/A,206.154,Alkaloid
Ethanol,C13H19N2O2,809.13,6.64,317.336,Organic Compound
Cholesterol,C10H32N4O10,249.67,2.36,990.047,Neurotransmitter
Serotonin,C9H7N2O7,101.33,9.49,469.479,Alcohol
Adrenaline,C19H29N0O5,184.12,7.51,576.625,Lipid
Dopamine,C5H36N1O1,902.68,11.19,693.458,Alkaloid
Aspirin,C11H27N1O6,331.89,N/A,471.186,Hormone
Cholesterol,C17H22N4O7,415.58,11.73,674.359,Neurotransmitter
Dopamine,C1H31N3O6,719.17,N/A,398.254,Alkaloid
Cholesterol,C5H24N1O1,300.88,N/A,443.149,Alkaloid
Aspirin,C20H4N4O3,720.31,2.65,341.38,Lipid
Ethanol,C17H17N2O7,704.67,9.7,687.989,Alcohol
Caffeine,C7H18N1O0,192.36,1.11,770.34,Carbohydrate
Aspirin,C15H10N3O1,902.24,1.9,773.571,Amide
Adrenaline,C11H11N2O8,426.24,N/A,495.722,Amide
Adenosine triphosphate,C11H37N0O7,692.13,8.83,269.385,Hormone
Ethanol,C7H13N5O10,751.93,3.64,888.318,Carbohydrate
Urea,C10H33N0O6,445.28,10.66,137.282,Nucleotide
Serotonin,C15H27N2O6,483.12,13.65,496.534,Nucleotide
Caffeine,C3H39N0O0,129.89,5.35,565.479,Amide
Caffeine,C11H4N4O1,794.68,7.95,981.557,Amide
Adenosine triphosphate,C5H30N4O1,765.06,4.17,54.614,Neurotransmitter
Cholesterol,C18H23N2O4,723.7,13.14,663.779,Carbohydrate
Serotonin,C12H25N3O5,909.46,N/A,531.258,Amide
Cholesterol,C11H24N2O3,949.51,13.2,120.142,Carbohydrate
Glucose,C1H2N4O10,108.97,3.66,561.235,Alcohol
Adrenaline,C13H10N1O8,647.93,N/A,968.945,Carbohydrate
Glucose,C3H29N3O9,295.49,1.79,448.336,Alkaloid
Ethanol,C4H24N2O3,880.59,3.39,848.736,Lipid
Glucose,C7H35N3O9,837.43,12.95,190.009,Alcohol
Glucose,C14H39N2O3,472.1,N/A,575.241,Organic Compound
Glucose,C7H28N4O6,514.0,10.83,867.861,Organic Compound
Ethanol,C16H31N2O5,261.67,6.8,131.856,Neurotransmitter
Aspirin,C12H2N4O4,617.43,N/A,223.552,Hormone
Urea,C15H31N3O3,830.07,9.8,585.375,Alcohol
Dopamine,C16H29N5O5,530.77,N/A,941.383,Alkaloid
Urea,C9H2N1O6,967.37,N/A,306.115,Alcohol
Adenosine triphosphate,C8H20N1O4,201.49,1.88,405.366,Nucleotide
Serotonin,C11H7N1O3,293.82,11.19,547.802,Organic Compound
Caffeine,C13H9N1O1,787.42,9.91,677.955,Carbohydrate
Caffeine,C20H7N3O8,163.36,N/A,435.406,Neurotransmitter
Aspirin,C2H37N4O8,311.49,9.57,382.003,Carbohydrate
Serotonin,C6H14N3O4,664.94,10.06,194.918,Organic Compound
Cholesterol,C16H16N5O9,785.55,N/A,76.962,Organic Compound
Caffeine,C7H32N2O6,176.15,6.12,480.98,Amide
Adrenaline,C15H10N2O10,772.34,4.03,915.442,Hormone
Serotonin,C14H32N1O1,547.16,N/A,766.555,Carbohydrate
Cholesterol,C6H27N5O3,682.2,13.94,130.914,Nucleotide
Dopamine,C14H1N0O5,490.79,N/A,886.795,Lipid
Caffeine,C10H16N2O2,146.8,11.1,370.029,Alcohol
Adenosine triphosphate,C11H29N3O5,714.94,2.88,53.457,Alcohol
Adenosine triphosphate,C7H37N1O6,522.06,1.89,891.474,Alkaloid
Ethanol,C6H2N0O2,754.85,11.12,304.818,Carbohydrate
Dopamine,C5H19N3O10,288.33,13.37,185.567,Carbohydrate
Adenosine triphosphate,C3H6N5O2,448.22,5.87,259.157,Amide
Cholesterol,C9H37N3O7,945.21,6.79,948.583,Alcohol
Aspirin,C13H24N5O4,792.81,N/A,501.338,Lipid
Caffeine,C9H16N1O0,693.96,9.68,218.162,Alcohol
Aspirin,C4H20N5O10,128.97,13.36,504.898,Alkaloid
Cholesterol,C18H34N1O2,994.58,12.94,189.193,Amide
Glucose,C19H30N4O7,771.72,6.98,10.286,Lipid
Dopamine,C10H32N5O5,460.23,N/A,629.575,Amide
Cholesterol,C18H38N4O0,455.51,11.93,32.641,Amide
Ethanol,C12H5N2O0,123.67,6.62,203.954,Nucleotide
Ethanol,C4H25N2O7,587.96,9.45,730.255,Lipid
Glucose,C6H5N5O5,896.33,4.11,770.48,Lipid
Caffeine,C11H16N1O3,407.97,6.45,987.962,Carbohydrate
Adrenaline,C15H18N2O10,447.82,6.49,420.765,Hormone
Aspirin,C5H22N3O6,904.84,11.45,365.016,Nucleotide
Glucose,C12H40N1O7,468.9,2.1,655.86,Nucleotide
Glucose,C15H34N2O1,738.7,5.74,306.649,Alkaloid
Urea,C16H18N1O8,273.49,4.97,817.131,Nucleotide
Adenosine triphosphate,C6H9N1O8,511.41,N/A,962.316,Hormone
Ethanol,C16H15N2O0,177.9,4.01,903.212,Carbohydrate
Cholesterol,C17H13N4O2,382.79,4.34,15.837,Lipid
Serotonin,C16H21N1O7,846.48,6.04,318.326,Lipid
Aspirin,C5H12N2O4,192.97,N/A,102.819,Organic Compound
Cholesterol,C16H25N2O4,775.44,12.05,566.203,Nucleotide
Adenosine triphosphate,C11H36N0O10,618.22,N/A,748.766,Alkaloid
Dopamine,C14H23N1O0,780.76,5.07,680.108,Alcohol
Adrenaline,C6H31N2O8,657.17,9.84,703.547,Lipid
Adenosine triphosphate,C6H13N3O8,231.2,1.88,171.818,Organic Compound
Urea,C1H4N1O3,743.22,7.77,333.707,Hormone
Cholesterol,C2H7N2O6,896.7,9.57,625.331,Neurotransmitter
Ethanol,C2H31N2O8,165.06,13.74,615.632,Carbohydrate
Adenosine triphosphate,C3H38N5O6,338.94,4.76,830.297,Alkaloid
Dopamine,C6H5N4O3,921.36,N/A,37.624,Hormone
Dopamine,C4H5N0O0,869.91,N/A,716.872,Hormone
Adrenaline,C2H38N0O7,402.41,8.16,999.567,Lipid
Adrenaline,C18H26N0O3,558.33,5.03,759.67,Carbohydrate
Adrenaline,C12H7N2O5,766.47,8.35,367.676,Lipid
Ethanol,C6H30N4O8,314.05,N/A,803.647,Alkaloid
Aspirin,C7H9N3O5,960.78,N/A,658.403,Lipid
Ethanol,C9H34N4O8,405.51,6.33,718.909,Organic Compound
Aspirin,C1H38N0O10,128.92,11.83,77.689,Hormone
Glucose,C15H17N1O6,916.04,N/A,469.488,Organic Compound
Adrenaline,C5H30N1O10,746.02,8.95,817.675,Alcohol
Urea,C16H36N4O6,562.12,9.46,856.075,Alcohol
Adenosine triphosphate,C16H38N5O4,878.79,N/A,297.133,Alcohol
Adrenaline,C5H7N0O10,770.57,10.82,140.946,Amide
Adenosine triphosphate,C2H14N2O7,541.92,N/A,688.719,Organic Compound
Ethanol,C9H40N2O2,100.58,N/A,469.654,Lipid
Cholesterol,C10H16N5O8,615.83,1.16,28.636,Carbohydrate
Cholesterol,C6H3N3O0,519.09,9.07,677.9,Alcohol
Serotonin,C6H32N1O2,884.72,N/A,878.429,Hormone
Glucose,C1H39N1O10,457.52,N/A,139.97,Alkaloid
Ethanol,C12H38N2O10,259.35,13.47,852.989,Neurotransmitter
Adrenaline,C5H17N0O4,413.95,10.64,933.55,Carbohydrate
Glucose,C12H7N4O2,51.42,3.87,437.894,Nucleotide
Aspirin,C20H35N4O3,987.64,3.43,54.9,Carbohydrate
Cholesterol,C15H18N1O0,489.71,N/A,140.499,Organic Compound
Adenosine triphosphate,C5H5N4O6,999.29,10.09,702.584,Alcohol
Caffeine,C13H16N4O9,322.44,8.83,566.27,Alcohol
Urea,C10H19N4O8,50.05,13.21,979.645,Amide
Adrenaline,C7H14N3O9,331.72,8.93,940.285,Amide
Adenosine triphosphate,C14H28N2O9,889.28,5.11,82.938,Lipid
Glucose,C6H18N2O10,890.23,13.9,124.369,Hormone
Dopamine,C14H32N5O4,471.23,8.22,193.034,Hormone
Aspirin,C2H20N1O10,799.62,12.13,226.024,Carbohydrate
Aspirin,C2H22N2O7,997.62,3.74,989.752,Organic Compound
Cholesterol,C13H29N2O5,169.78,5.38,927.461,Alcohol
Urea,C2H22N2O8,658.8,9.51,981.734,Carbohydrate
Aspirin,C16H4N1O9,670.32,8.72,853.766,Nucleotide
Ethanol,C18H22N0O9,771.75,8.8,931.022,Lipid
Adrenaline,C12H39N3O4,301.61,7.15,421.718,Neurotransmitter
Serotonin,C18H5N5O1,399.35,N/A,27.359,Hormone
Serotonin,C11H6N4O4,706.78,11.84,580.452,Lipid
Glucose,C5H33N3O3,194.47,6.86,160.36,Carbohydrate
Cholesterol,C12H1N2O0,392.68,7.07,29.043,Lipid
Serotonin,C7H33N2O4,586.34,5.69,960.394,Organic Compound
Urea,C11H25N1O2,997.1,7.6,411.785,Alcohol
Cholesterol,C14H32N2O5,621.26,12.71,346.483,Nucleotide
Ethanol,C19H7N5O9,359.17,7.6,808.091,Hormone
Caffeine,C2H33N5O1,314.93,N/A,993.63,Nucleotide
Dopamine,C17H37N4O8,838.55,2.68,63.072,Alkaloid
Aspirin,C19H40N0O9,287.9,2.68,673.361,Alcohol
Caffeine,C12H28N2O4,925.65,11.07,545.71,Alkaloid
Glucose,C1H8N3O7,234.29,8.97,794.873,Lipid
Glucose,C8H9N0O6,905.3,4.47,399.357,Amide
Urea,C14H13N3O2,666.7,1.77,967.232,Alcohol
Adrenaline,C4H30N0O0,417.85,9.32,580.353,Organic Compound
Ethanol,C17H29N3O2,650.6,13.57,655.031,Neurotransmitter
Dopamine,C17H16N0O9,779.48,11.15,267.203,Neurotransmitter
Adenosine triphosphate,C6H4N2O5,249.54,4.88,406.518,Hormone
Aspirin,C7H22N2O1,241.08,6.67,24.651,Alkaloid
Urea,C11H3N3O0,980.88,8.74,960.9,Neurotransmitter
Caffeine,C11H35N0O6,277.43,5.1,804.562,Alcohol
Aspirin,C10H30N5O7,819.41,N/A,536.745,Carbohydrate
Adrenaline,C20H20N0O7,351.3,N/A,787.03,Alkaloid
Glucose,C19H5N2O7,250.04,N/A,61.352,Alcohol
Adenosine triphosphate,C17H15N2O6,813.1,6.23,806.341,Lipid
Serotonin,C19H34N3O10,961.31,11.97,907.932,Alkaloid
Caffeine,C9H8N4O9,867.9,N/A,254.4,Neurotransmitter
Serotonin,C10H34N0O4,899.78,8.61,307.325,Nucleotide
Serotonin,C11H4N5O9,942.57,N/A,909.789,Amide
Serotonin,C2H16N3O7,241.49,N/A,203.35,Alcohol
Dopamine,C12H7N1O8,521.3,N/A,257.3,Alcohol
Caffeine,C17H10N1O2,308.68,1.12,769.671,Amide
Adrenaline,C17H19N5O3,613.98,8.27,545.534,Alcohol
Dopamine,C14H6N5O7,282.25,13.87,935.843,Alcohol
Dopamine,C9H33N1O3,382.1,13.09,575.661,Neurotransmitter
Adrenaline,C17H11N0O10,440.88,12.14,556.738,Alcohol
Ethanol,C1H11N1O2,227.61,4.03,548.273,Alkaloid
Cholesterol,C19H38N5O1,306.9,12.95,883.849,Nucleotide
Adrenaline,C3H8N5O3,732.39,5.62,276.652,Alcohol
Aspirin,C6H24N2O1,969.1,N/A,791.35,Carbohydrate
Dopamine,C17H33N2O0,121.1,7.52,47.369,Amide
Glucose,C20H19N4O1,97.7,N/A,710.558,Lipid
Cholesterol,C15H39N2O10,664.47,10.95,516.35,Hormone
Serotonin,C10H37N3O4,516.71,N/A,188.537,Hormone
Aspirin,C20H40N5O7,751.15,N/A,560.681,Alkaloid
Serotonin,C14H12N0O1,570.91,6.39,916.267,Amide
Glucose,C14H2N5O4,751.25,8.26,129.374,Amide
Ethanol,C2H3N5O5,840.56,4.81,855.498,Carbohydrate
Adenosine triphosphate,C8H17N0O4,581.15,N/A,976.93,Hormone
Urea,C6H36N1O0,406.1,N/A,560.853,Amide
Glucose,C4H5N5O7,525.05,5.3,347.833,Alkaloid
Caffeine,C14H2N0O2,760.78,9.76,601.551,Alkaloid
Glucose,C12H14N4O5,140.74,11.54,74.628,Carbohydrate
Dopamine,C2H17N3O0,983.11,6.21,82.55,Alcohol
Aspirin,C20H22N3O0,532.41,7.12,347.711,Carbohydrate
Adrenaline,C15H26N1O3,260.45,6.36,583.609,Nucleotide
Glucose,C17H38N0O5,274.82,6.46,755.325,Organic Compound
Cholesterol,C17H10N5O0,615.16,5.09,208.655,Lipid
Adenosine triphosphate,C4H39N1O5,137.7,13.26,571.792,Alcohol
Aspirin,C10H29N1O0,528.35,9.51,802.98,Lipid
Ethanol,C3H13N4O9,693.29,12.98,584.714,Hormone
Aspirin,C13H30N4O8,553.25,4.72,85.886,Alkaloid
Urea,C11H20N3O6,704.52,10.37,9.682,Nucleotide
Glucose,C8H24N0O10,67.68,5.96,213.473,Carbohydrate
Adrenaline,C10H25N4O10,669.94,3.08,269.328,Amide
Caffeine,C13H38N4O8,551.96,13.79,991.313,Nucleotide
Aspirin,C4H28N5O8,666.12,12.93,628.839,Neurotransmitter
Aspirin,C14H34N0O10,250.15,2.92,238.437,Organic Compound
Serotonin,C2H2N5O1,677.76,11.24,90.574,Hormone
Ethanol,C3H36N3O4,908.16,N/A,69.712,Neurotransmitter
Aspirin,C11H24N1O2,902.18,3.73,891.389,Amide
Serotonin,C3H16N5O10,394.61,10.28,339.494,Alkaloid
Adrenaline,C7H29N2O0,654.44,2.19,206.974,Lipid
Adrenaline,C18H20N4O8,267.13,N/A,589.707,Hormone
Cholesterol,C3H28N0O10,669.63,10.65,669.456,Carbohydrate
Caffeine,C18H12N3O5,584.32,13.29,65.896,Carbohydrate
Glucose,C6H12N0O5,743.03,7.84,254.072,Alkaloid
Serotonin,C20H20N0O10,191.12,13.19,439.688,Hormone
Dopamine,C1H6N1O6,478.02,6.79,272.441,Lipid
Serotonin,C17H6N5O5,532.85,N/A,59.25,Lipid
Caffeine,C1H15N1O0,884.19,N/A,653.946,Neurotransmitter
Urea,C11H3N2O0,310.51,4.22,126.055,Hormone
Dopamine,C20H32N1O0,805.29,4.58,50.977,Organic Compound
Adenosine triphosphate,C18H29N2O9,864.16,11.36,228.766,Nucleotide
Caffeine,C6H32N4O7,948.37,1.45,358.494,Alkaloid
Aspirin,C15H34N2O5,567.29,N/A,288.929,Hormone
Cholesterol,C19H34N0O10,420.45,11.71,825.893,Alcohol
Adenosine triphosphate,C8H4N0O3,735.6,5.15,977.154,Hormone
Dopamine,C6H36N0O0,831.05,2.7,272.554,Amide
Adenosine triphosphate,C13H6N5O7,556.91,5.92,70.947,Amide
Cholesterol,C2H33N2O3,165.55,2.38,287.411,Alcohol
Caffeine,C1H1N5O0,990.27,4.15,701.618,Nucleotide
Serotonin,C12H1N0O8,837.33,9.9,160.487,Hormone
Adrenaline,C15H11N4O9,962.29,13.05,978.468,Lipid
Urea,C1H25N5O4,293.09,13.39,620.369,Organic Compound
Adrenaline,C18H7N5O6,234.38,11.52,980.648,Alkaloid
Ethanol,C18H34N3O7,952.5,12.88,491.844,Organic Compound
Serotonin,C2H8N5O1,573.55,7.55,989.676,Hormone
Aspirin,C15H2N3O0,871.43,N/A,262.239,Carbohydrate
Aspirin,C20H34N2O5,845.56,4.14,67.115,Nucleotide
Serotonin,C2H9N4O8,730.89,6.68,263.793,Organic Compound
Dopamine,C2H22N5O6,706.03,8.89,285.909,Amide
Dopamine,C19H15N1O4,229.94,3.12,279.685,Organic Compound
Aspirin,C1H35N4O4,756.53,11.99,200.308,Organic Compound
Urea,C3H19N1O7,899.63,1.89,702.098,Neurotransmitter
Serotonin,C2H20N0O2,392.69,13.22,768.693,Alcohol
Aspirin,C19H17N1O3,720.47,N/A,850.816,Neurotransmitter
Glucose,C8H30N1O2,727.79,1.29,546.539,Organic Compound
Ethanol,C8H14N5O10,481.72,11.9,397.263,Neurotransmitter
Dopamine,C14H8N3O3,172.83,N/A,972.291,Hormone
Serotonin,C15H24N3O5,613.02,1.13,986.79,Nucleotide
Adenosine triphosphate,C5H38N4O7,802.26,8.15,946.397,Carbohydrate
Urea,C11H5N1O9,180.8,8.15,576.604,Alkaloid
Dopamine,C5H37N2O3,653.07,11.46,95.089,Neurotransmitter
Caffeine,C15H8N2O7,915.57,5.94,759.228,Alcohol
Dopamine,C18H19N0O1,833.31,3.71,882.7,Neurotransmitter
Ethanol,C2H27N1O7,106.89,9.78,557.445,Alcohol
Dopamine,C16H27N0O5,439.58,6.46,228.093,Nucleotide
Ethanol,C9H15N5O0,972.39,N/A,78.751,Alcohol
Dopamine,C14H31N2O3,675.91,2.85,434.495,Alcohol
Adrenaline,C1H35N3O1,252.6,4.96,278.85,Alcohol
Serotonin,C7H35N2O1,738.33,5.19,489.461,Carbohydrate
Glucose,C15H14N2O10,89.15,1.9,997.493,Lipid
Adrenaline,C1H15N4O0,392.75,7.56,874.884,Organic Compound
Caffeine,C18H34N4O5,370.86,2.77,856.811,Nucleotide
Urea,C7H1N2O10,894.9,N/A,162.054,Alcohol
Aspirin,C15H12N4O2,157.38,12.5,592.48,Lipid
Adenosine triphosphate,C7H5N0O7,677.68,4.54,936.304,Neurotransmitter
Glucose,C2H26N2O2,262.95,8.47,463.921,Amide
Cholesterol,C5H5N1O4,133.95,N/A,462.44,Neurotransmitter
Adenosine triphosphate,C3H29N1O1,605.15,7.25,68.532,Organic Compound
Aspirin,C20H13N4O6,511.42,N/A,825.583,Carbohydrate
Dopamine,C19H3N2O0,385.73,3.15,976.949,Neurotransmitter
Serotonin,C17H30N3O5,866.49,4.67,347.728,Carbohydrate
Dopamine,C17H32N5O2,963.25,1.65,384.007,Carbohydrate
Glucose,C3H36N0O8,293.0,1.82,116.642,Alkaloid
Adrenaline,C1H25N3O6,953.06,3.08,584.315,Hormone
Adrenaline,C9H18N3O8,776.08,N/A,927.226,Hormone
Urea,C12H3N2O3,359.54,2.09,332.675,Carbohydrate
Aspirin,C10H2N4O0,577.85,7.95,442.153,Carbohydrate
Glucose,C7H6N2O7,929.23,3.37,34.676,Carbohydrate
Ethanol,C1H36N3O7,735.59,11.97,206.397,Alcohol
Aspirin,C20H4N5O2,137.18,7.63,886.447,Neurotransmitter
Dopamine,C15H25N3O4,807.45,12.79,322.56,Lipid
Adenosine triphosphate,C11H3N1O7,798.99,1.67,843.482,Alkaloid
Urea,C18H9N2O2,941.77,N/A,765.634,Neurotransmitter
Caffeine,C20H33N0O3,286.54,9.39,394.963,Nucleotide
Urea,C20H14N5O3,385.36,N/A,576.317,Amide
Caffeine,C19H26N2O1,694.11,N/A,388.604,Carbohydrate
Urea,C11H4N4O10,612.3,12.79,268.599,Organic Compound
Adrenaline,C3H8N5O8,209.44,4.12,402.693,Nucleotide
Adenosine triphosphate,C13H39N5O1,520.56,N/A,904.066,Organic Compound
Aspirin,C12H6N5O10,327.07,2.32,841.0,Carbohydrate
Adenosine triphosphate,C10H38N0O4,939.19,9.62,194.276,Carbohydrate
Dopamine,C16H25N4O5,605.5,8.78,725.132,Hormone
Cholesterol,C7H18N4O4,315.12,12.07,635.214,Organic Compound
Urea,C17H12N5O4,997.28,4.08,872.605,Neurotransmitter
Dopamine,C8H35N5O9,218.18,N/A,565.054,Alkaloid
Dopamine,C20H33N3O8,703.46,N/A,609.413,Organic Compound
Caffeine,C6H24N5O5,260.13,N/A,263.402,Organic Compound
Adenosine triphosphate,C16H22N0O0,474.67,13.95,55.213,Alkaloid
Ethanol,C20H30N3O6,621.68,8.69,31.381,Organic Compound
Cholesterol,C11H36N1O4,341.19,8.96,135.373,Organic Compound
Aspirin,C15H10N4O2,154.61,7.95,267.021,Neurotransmitter
Glucose,C9H22N4O6,835.07,10.05,498.946,Lipid
Serotonin,C4H19N1O4,883.18,8.75,883.617,Neurotransmitter
Ethanol,C6H7N4O6,741.48,7.34,801.759,Carbohydrate
Aspirin,C1H17N1O0,457.82,N/A,99.423,Hormone
Cholesterol,C19H24N5O2,801.38,5.36,585.021,Lipid
Aspirin,C4H30N4O6,940.54,11.14,881.219,Hormone
Cholesterol,C17H14N3O2,477.93,4.58,996.333,Hormone
Serotonin,C8H8N4O6,937.76,12.52,643.816,Amide
Serotonin,C3H26N0O4,68.66,11.7,39.211,Alcohol
Dopamine,C8H35N5O1,544.34,11.43,574.902,Nucleotide
Caffeine,C18H26N1O4,486.2,6.0,189.607,Neurotransmitter
Caffeine,C10H4N2O4,746.58,8.93,38.004,Alcohol
Glucose,C11H24N2O8,637.04,6.13,772.631,Alcohol
Serotonin,C1H24N2O2,449.8,1.83,852.254,Amide
Glucose,C12H5N5O3,75.31,12.03,673.97,Nucleotide
Dopamine,C4H4N0O10,949.66,7.36,582.648,Alkaloid
Serotonin,C17H32N5O4,128.27,5.37,900.574,Alcohol
Glucose,C6H14N5O2,777.09,8.38,30.987,Alcohol
Aspirin,C8H31N1O2,358.03,11.17,543.346,Organic Compound
Adenosine triphosphate,C6H32N4O0,211.91,N/A,860.978,Hormone
Ethanol,C18H10N5O0,457.0,1.54,620.245,Neurotransmitter
Glucose,C20H12N0O5,63.34,13.14,52.342,Neurotransmitter
Ethanol,C5H36N3O2,293.45,7.2,728.195,Amide
Adrenaline,C15H36N3O6,505.91,1.88,115.018,Carbohydrate
Dopamine,C7H10N2O9,606.26,7.52,707.862,Amide
Ethanol,C16H38N1O1,376.23,10.03,741.332,Hormone
Dopamine,C17H38N4O10,469.29,4.47,686.758,Nucleotide
Ethanol,C13H17N2O6,764.64,4.45,221.669,Carbohydrate
Glucose,C1H29N5O4,828.2,N/A,275.161,Amide
Ethanol,C9H40N0O1,494.12,2.54,668.394,Alkaloid
Dopamine,C14H29N1O2,625.76,N/A,117.323,Alkaloid
Glucose,C9H31N5O9,664.9,10.13,314.348,Lipid
Caffeine,C9H33N3O6,251.52,4.21,681.081,Organic Compound
Dopamine,C9H15N1O4,969.67,6.58,781.756,Alcohol
Caffeine,C15H30N4O0,681.8,11.67,873.643,Amide
Serotonin,C2H5N0O0,788.76,N/A,587.534,Nucleotide
Serotonin,C2H25N2O2,631.52,11.12,869.953,Lipid
Serotonin,C15H28N2O7,727.12,N/A,224.629,Hormone
Aspirin,C20H27N3O1,239.59,7.17,767.362,Alcohol
Caffeine,C15H30N0O0,871.15,2.36,110.492,Organic Compound
Adrenaline,C3H19N2O3,631.3,4.72,138.32,Hormone
Adrenaline,C17H26N4O4,584.02,6.42,506.665,Alkaloid
Glucose,C2H39N5O5,162.18,N/A,954.437,Nucleotide
Aspirin,C11H3N4O6,478.34,11.28,626.613,Lipid
Caffeine,C19H6N3O4,914.05,4.53,759.915,Hormone
Caffeine,C14H40N3O8,100.95,4.13,984.905,Carbohydrate
Adrenaline,C12H15N0O8,822.67,4.48,191.439,Nucleotide
Ethanol,C13H3N4O4,445.86,N/A,435.36,Lipid
Urea,C1H20N5O7,387.67,N/A,331.743,Carbohydrate
Cholesterol,C6H9N2O7,451.41,1.35,5.934,Neurotransmitter
Glucose,C15H20N5O1,985.32,7.92,985.104,Hormone
Caffeine,C9H30N2O1,365.94,2.87,868.397,Organic Compound
Dopamine,C9H32N1O4,441.03,1.26,96.281,Nucleotide
Caffeine,C11H39N0O2,293.9,5.23,40.34,Amide
Dopamine,C6H19N3O7,437.3,N/A,641.096,Alkaloid
Dopamine,C10H40N1O1,368.71,7.7,845.575,Hormone
Cholesterol,C2H26N4O8,907.54,3.19,136.79,Neurotransmitter
Aspirin,C8H3N1O9,933.24,N/A,268.719,Amide
Dopamine,C19H31N5O10,837.66,4.14,916.814,Amide
Dopamine,C15H26N2O10,928.8,9.4,616.187,Lipid
Dopamine,C3H10N0O1,473.94,2.52,320.7,Nucleotide
Cholesterol,C12H17N0O8,529.53,10.03,28.305,Organic Compound
Caffeine,C8H15N0O4,340.35,11.5,646.306,Amide
Dopamine,C9H31N4O5,348.51,11.98,522.944,Hormone
Cholesterol,C15H4N1O8,580.66,5.18,488.709,Alkaloid
Dopamine,C1H31N0O9,98.61,N/A,570.92,Organic Compound
Cholesterol,C2H18N4O8,155.07,6.99,347.884,Alcohol
Urea,C6H39N1O9,971.9,4.15,38.727,Carbohydrate
Cholesterol,C18H20N0O0,575.48,3.74,35.368,Nucleotide
Adrenaline,C18H30N3O6,385.63,7.19,45.469,Neurotransmitter
Ethanol,C20H12N5O4,149.27,4.76,104.831,Neurotransmitter
Adenosine triphosphate,C3H25N1O1,110.84,1.97,573.42,Lipid
Urea,C19H27N1O5,761.73,3.6,47.208,Nucleotide
Dopamine,C3H9N1O5,121.62,1.73,368.937,Carbohydrate
Cholesterol,C4H5N5O10,638.37,6.11,156.681,Hormone
Glucose,C14H7N1O7,490.23,2.65,202.353,Alkaloid
Adrenaline,C9H23N1O9,67.99,N/A,371.739,Amide
Ethanol,C19H22N1O3,722.35,8.71,766.572,Nucleotide
Ethanol,C6H22N5O2,58.18,13.51,191.197,Amide
Dopamine,C13H22N5O9,856.06,6.08,185.19,Organic Compound
Serotonin,C9H38N4O9,424.22,6.06,444.14,Nucleotide
Cholesterol,C3H14N1O9,348.37,N/A,193.95,Neurotransmitter
Adenosine triphosphate,C12H28N1O2,452.85,N/A,936.974,Hormone
Cholesterol,C6H28N1O4,495.05,11.69,979.494,Lipid
Ethanol,C10H3N1O5,285.81,7.21,735.852,Carbohydrate
Dopamine,C13H11N5O0,935.21,2.25,272.953,Alcohol
Serotonin,C16H7N1O0,833.37,7.6,360.961,Nucleotide
Serotonin,C8H31N1O2,931.71,3.69,873.667,Nucleotide
Aspirin,C14H11N3O0,53.54,6.86,586.736,Amide
Ethanol,C11H10N3O9,535.02,8.77,93.696,Alkaloid
Cholesterol,C17H17N1O1,649.47,N/A,422.898,Neurotransmitter
Glucose,C9H13N3O4,444.93,5.29,957.566,Nucleotide
Adrenaline,C13H39N5O7,982.67,12.13,876.426,Neurotransmitter
Cholesterol,C11H19N2O0,287.05,2.53,322.041,Alcohol
Ethanol,C11H1N3O6,557.26,3.33,802.778,Lipid
Adrenaline,C7H12N4O8,505.62,10.53,663.438,Carbohydrate
Adrenaline,C15H8N1O2,892.03,11.15,297.35,Lipid
Adenosine triphosphate,C19H35N4O6,933.05,N/A,597.009,Organic Compound
Adenosine triphosphate,C6H15N0O7,115.73,1.45,80.195,Alkaloid
Glucose,C18H23N2O8,670.28,6.86,146.168,Hormone
Adenosine triphosphate,C15H11N1O6,969.37,5.27,107.649,Hormone
Glucose,C17H2N0O5,924.42,9.94,593.877,Carbohydrate
Glucose,C10H25N3O9,786.35,2.9,0.531,Lipid
Cholesterol,C16H22N2O1,481.53,4.86,907.157,Amide
Aspirin,C19H18N2O4,378.44,12.85,361.77,Nucleotide
Dopamine,C17H16N2O0,809.81,9.45,27.471,Carbohydrate
Aspirin,C13H28N0O7,108.73,12.7,538.905,Lipid
Adenosine triphosphate,C11H40N4O1,273.05,N/A,425.384,Hormone
Caffeine,C5H30N5O7,478.63,9.84,48.107,Carbohydrate
Aspirin,C9H21N2O4,912.73,10.07,419.92,Organic Compound
Aspirin,C9H16N0O0,939.87,5.11,279.175,Carbohydrate
Cholesterol,C13H13N5O7,608.35,4.91,12.872,Hormone
Adrenaline,C9H4N1O6,215.06,N/A,381.114,Alkaloid
Serotonin,C10H38N2O2,181.57,5.4,43.34,Neurotransmitter
Serotonin,C7H24N0O1,531.4,N/A,941.959,Lipid
Urea,C15H10N2O7,562.54,10.93,768.596,Amide
Glucose,C19H29N4O5,603.25,8.42,668.84,Lipid
Cholesterol,C8H4N0O4,448.7,1.01,293.843,Amide
Glucose,C7H3N1O7,896.41,7.83,170.325,Lipid
Caffeine,C9H27N1O9,314.95,N/A,66.257,Carbohydrate
Caffeine,C12H33N5O0,561.27,4.97,589.711,Nucleotide
Glucose,C15H26N5O8,97.01,2.91,822.492,Lipid
Ethanol,C4H16N4O0,440.18,9.25,505.478,Hormone
Glucose,C8H38N5O10,884.9,N/A,440.428,Neurotransmitter
Glucose,C5H13N3O10,753.45,7.83,565.27,Carbohydrate
Cholesterol,C11H20N3O9,279.82,11.38,102.955,Alkaloid
Adrenaline,C7H19N2O3,191.59,N/A,707.364,Alkaloid
Caffeine,C19H35N3O10,113.81,3.16,497.714,Nucleotide
Aspirin,C4H1N4O1,583.08,10.05,424.942,Neurotransmitter
Cholesterol,C11H35N3O7,409.96,10.12,136.502,Alcohol
Adenosine triphosphate,C17H26N1O0,358.77,5.83,233.686,Alcohol
Urea,C1H38N1O0,587.74,N/A,11.367,Amide
Adenosine triphosphate,C17H11N4O7,789.35,6.6,15.431,Hormone
Dopamine,C4H2N3O9,379.56,6.09,567.358,Alkaloid
Urea,C18H7N1O6,369.22,N/A,501.325,Carbohydrate
Adrenaline,C10H2N2O10,798.26,N/A,331.623,Alcohol
Ethanol,C15H26N2O1,838.97,12.89,56.724,Neurotransmitter
Adrenaline,C2H8N2O0,928.37,1.17,818.245,Carbohydrate
Serotonin,C3H39N4O2,275.62,N/A,473.896,Alcohol
Adenosine triphosphate,C19H23N3O0,315.33,2.21,345.472,Neurotransmitter
Adenosine triphosphate,C7H30N2O7,390.43,N/A,743.723,Organic Compound
Caffeine,C10H1N2O2,682.99,N/A,570.756,Alcohol
Dopamine,C3H38N5O7,230.1,13.61,608.54,Alkaloid
Ethanol,C8H33N5O3,987.52,12.23,658.826,Amide
Glucose,C20H5N1O1,676.02,7.81,627.132,Alcohol
Adrenaline,C1H11N0O3,924.77,2.81,144.583,Alkaloid
Adrenaline,C10H30N1O4,376.16,N/A,959.28,Alkaloid
Glucose,C13H2N1O1,564.35,5.08,667.373,Alcohol
Aspirin,C2H10N5O7,418.85,4.28,253.842,Alcohol
Ethanol,C4H34N2O5,855.98,8.6,913.565,Lipid
Serotonin,C8H13N0O5,167.37,4.38,214.625,Lipid
Glucose,C14H35N4O8,428.39,N/A,42.083,Alkaloid
Dopamine,C18H18N2O6,410.59,5.34,503.421,Alcohol
Ethanol,C19H13N3O9,167.42,1.8,273.152,Amide
Adenosine triphosphate,C20H40N1O10,542.5,10.88,846.673,Organic Compound
Adenosine triphosphate,C17H38N4O0,68.78,10.7,8.082,Lipid
Adenosine triphosphate,C8H33N5O3,498.9,6.04,653.44,Amide
Ethanol,C19H20N5O5,498.6,N/A,889.228,Hormone
Caffeine,C15H20N1O5,901.11,4.74,317.164,Hormone
Dopamine,C15H21N1O7,172.85,8.77,504.554,Amide
Glucose,C4H8N4O9,73.71,13.08,664.594,Hormone
Aspirin,C11H32N1O2,959.1,10.37,503.376,Carbohydrate
Adenosine triphosphate,C18H23N4O10,274.95,10.34,334.378,Organic Compound
Glucose,C20H23N3O3,114.66,4.42,369.846,Carbohydrate
Urea,C15H8N4O1,552.66,3.39,998.117,Carbohydrate
Ethanol,C6H21N0O1,697.53,4.25,729.305,Lipid
Caffeine,C7H18N1O4,960.75,5.5,157.275,Alcohol
Serotonin,C15H21N2O10,914.64,11.99,904.134,Alcohol
Serotonin,C10H14N0O3,434.33,10.78,14.381,Lipid
Cholesterol,C18H15N5O8,307.78,10.24,219.611,Neurotransmitter
Adenosine triphosphate,C6H12N2O10,758.24,12.24,816.161,Amide
Serotonin,C2H13N1O7,351.11,5.99,749.649,Organic Compound
Adrenaline,C7H14N0O9,784.87,3.86,891.718,Amide
Ethanol,C14H18N3O1,911.38,7.04,57.491,Organic Compound
Glucose,C8H34N5O1,126.59,8.45,816.143,Alkaloid
Adrenaline,C12H28N4O10,916.17,3.46,360.504,Amide
Adrenaline,C2H7N3O9,923.21,4.46,170.734,Organic Compound
Dopamine,C20H39N2O5,352.26,N/A,414.59,Neurotransmitter
Dopamine,C8H32N3O9,820.15,N/A,447.513,Lipid
Glucose,C5H18N1O1,72.93,3.77,33.459,Lipid
Adenosine triphosphate,C3H31N4O8,169.81,3.2,514.766,Neurotransmitter
Aspirin,C6H11N4O5,933.99,N/A,599.987,Organic Compound
Ethanol,C2H38N5O3,769.21,9.89,808.423,Amide
Dopamine,C6H9N5O4,630.39,4.05,182.029,Carbohydrate
Adenosine triphosphate,C15H27N4O10,472.24,12.3,197.255,Hormone
Glucose,C13H13N1O0,104.22,8.05,681.989,Amide
Serotonin,C9H35N3O1,965.96,1.12,793.328,Neurotransmitter
Caffeine,C2H32N2O1,129.37,N/A,450.999,Amide
Aspirin,C14H31N4O9,866.25,N/A,634.147,Lipid
Aspirin,C6H24N3O10,288.6,N/A,825.564,Hormone
Ethanol,C10H14N5O9,673.43,1.45,592.153,Carbohydrate
Adrenaline,C6H36N0O7,793.42,5.66,437.032,Neurotransmitter
Aspirin,C14H12N3O0,262.64,4.68,99.109,Hormone
Caffeine,C5H4N4O0,121.68,N/A,245.528,Alkaloid
Aspirin,C14H32N4O0,925.74,13.79,244.134,Carbohydrate
Caffeine,C12H23N2O1,763.95,3.66,785.161,Alkaloid
Aspirin,C7H17N2O2,70.17,N/A,81.951,Carbohydrate
Adenosine triphosphate,C11H11N3O1,63.88,3.67,121.822,Nucleotide
Ethanol,C13H25N2O3,359.67,5.6,961.711,Carbohydrate
Serotonin,C11H39N5O7,419.99,1.35,736.568,Lipid
Glucose,C13H26N1O5,124.07,N/A,722.806,Hormone
Adenosine triphosphate,C15H3N0O3,400.06,3.69,642.961,Alcohol
Dopamine,C2H20N0O9,204.05,N/A,398.337,Alcohol
Aspirin,C14H13N0O7,754.29,N/A,58.346,Nucleotide
Caffeine,C19H22N1O8,844.66,10.85,968.602,Carbohydrate
Serotonin,C13H23N3O7,944.34,13.19,801.323,Organic Compound
Adenosine triphosphate,C9H38N2O7,971.64,10.29,646.357,Carbohydrate
Dopamine,C2H30N1O9,339.23,N/A,779.164,Neurotransmitter
Serotonin,C5H20N3O0,805.46,1.68,771.109,Lipid
Urea,C1H29N3O3,677.0,N/A,851.693,Alkaloid
Adenosine triphosphate,C18H13N1O6,197.02,N/A,553.041,Hormone
Adrenaline,C4H27N3O4,354.36,N/A,989.304,Carbohydrate
Serotonin,C20H29N3O7,249.16,11.6,717.719,Alkaloid
Dopamine,C14H19N0O9,167.4,N/A,320.245,Nucleotide
Glucose,C17H39N1O7,856.07,4.65,90.601,Organic Compound
Aspirin,C1H31N2O2,934.42,8.69,711.588,Hormone
Aspirin,C18H27N5O5,531.69,N/A,983.121,Carbohydrate
Caffeine,C13H9N2O9,896.47,2.96,2.206,Neurotransmitter
Aspirin,C6H14N4O1,226.68,13.26,224.661,Alkaloid
Adrenaline,C18H17N3O0,106.76,11.04,204.991,Alcohol
Cholesterol,C20H31N4O5,148.51,12.5,296.002,Nucleotide
Glucose,C16H16N4O3,675.44,6.65,650.541,Nucleotide
Aspirin,C17H36N2O5,933.04,N/A,763.765,Hormone
Ethanol,C18H2N5O9,147.92,10.95,852.548,Carbohydrate
Caffeine,C9H25N1O1,773.02,6.59,492.692,Nucleotide
Ethanol,C14H26N0O8,273.84,4.54,11.72,Nucleotide
Ethanol,C19H4N1O7,152.59,8.52,64.402,Lipid
Aspirin,C3H3N4O9,960.97,N/A,963.883,Alcohol
Caffeine,C6H2N4O7,427.22,N/A,621.962,Organic Compound
Caffeine,C18H39N0O4,451.0,3.49,752.148,Amide
Adenosine triphosphate,C20H9N5O6,303.39,8.65,73.29,Amide
Serotonin,C20H7N5O6,290.85,10.51,266.484,Nucleotide
Caffeine,C15H24N0O10,590.61,1.33,755.985,Carbohydrate
Urea,C17H3N0O9,965.11,6.69,20.416,Carbohydrate
Ethanol,C6H26N5O10,194.02,N/A,230.987,Nucleotide
Adrenaline,C16H16N0O2,231.83,3.19,610.223,Alkaloid
Urea,C4H6N1O2,732.69,10.09,132.08,Carbohydrate
Dopamine,C6H2N2O2,507.94,11.72,729.412,Organic Compound
Adrenaline,C8H34N3O6,701.58,6.09,894.256,Alkaloid
Adenosine triphosphate,C16H25N0O4,72.01,9.84,960.037,Carbohydrate
Ethanol,C18H10N0O4,202.47,7.19,358.138,Organic Compound
Adenosine triphosphate,C9H23N3O3,60.27,12.44,115.902,Amide
Caffeine,C5H27N0O7,913.1,12.56,852.218,Organic Compound
Caffeine,C6H21N0O10,888.93,N/A,713.627,Organic Compound
Caffeine,C7H3N4O6,360.35,N/A,693.512,Alkaloid
Adrenaline,C18H20N5O1,956.75,2.55,780.867,Neurotransmitter
Glucose,C20H13N1O7,426.4,N/A,27.178,Neurotransmitter
Serotonin,C1H6N4O9,730.62,3.14,965.811,Organic Compound
Caffeine,C5H11N3O0,262.87,12.68,771.946,Organic Compound
Ethanol,C20H32N3O5,539.94,7.92,257.129,Hormone
Serotonin,C1H10N4O2,382.91,8.27,162.414,Alcohol
Adrenaline,C15H34N3O8,444.83,1.8,398.051,Hormone
Adrenaline,C15H32N3O8,231.26,6.19,228.153,Hormone
Caffeine,C16H14N3O9,632.19,5.98,651.104,Hormone
Serotonin,C5H12N5O5,859.35,4.79,946.32,Nucleotide
Cholesterol,C19H29N5O10,127.93,7.45,359.222,Amide
Glucose,C12H13N5O0,704.31,8.95,932.149,Nucleotide
Ethanol,C20H37N5O0,422.24,6.53,679.445,Organic Compound
Dopamine,C14H21N0O9,261.13,N/A,764.735,Carbohydrate
Caffeine,C15H6N2O8,311.86,N/A,810.534,Organic Compound
Caffeine,C6H13N2O3,565.36,10.94,427.286,Nucleotide
Caffeine,C10H16N2O0,703.93,9.01,925.595,Alcohol
Ethanol,C8H1N4O2,971.42,N/A,193.555,Alcohol
Dopamine,C15H6N5O9,355.86,9.0,232.491,Hormone
Glucose,C14H17N0O0,643.25,8.31,91.528,Alkaloid
Cholesterol,C18H33N4O9,656.54,N/A,705.969,Organic Compound
Glucose,C2H30N2O8,155.96,5.89,810.02,Lipid
Caffeine,C3H16N4O1,300.26,11.32,444.701,Organic Compound
Glucose,C16H10N3O5,354.28,1.22,17.192,Neurotransmitter
Glucose,C13H34N0O5,980.97,N/A,767.142,Organic Compound
Serotonin,C10H34N1O3,781.11,1.1,177.277,Neurotransmitter
Adenosine triphosphate,C4H6N5O10,814.5,9.91,167.482,Carbohydrate
Aspirin,C7H13N4O8,966.25,9.74,106.721,Alcohol
Glucose,C11H26N5O10,542.54,7.83,663.729,Amide
Serotonin,C3H26N3O4,611.22,4.39,416.444,Organic Compound
Caffeine,C20H34N4O2,587.7,4.79,907.959,Amide
Serotonin,C14H34N1O2,296.8,6.38,260.458,Nucleotide
Caffeine,C4H2N4O6,593.78,10.54,544.271,Organic Compound
Aspirin,C10H37N1O3,868.72,10.13,540.244,Hormone
Aspirin,C4H26N0O4,270.16,4.14,645.69,Hormone
Serotonin,C16H31N1O2,380.9,4.52,186.779,Hormone
Glucose,C18H18N4O1,996.44,1.27,161.795,Organic Compound
Urea,C9H23N4O1,852.29,N/A,447.691,Alkaloid
Cholesterol,C1H5N1O1,630.22,2.92,625.134,Neurotransmitter
Dopamine,C12H26N1O3,134.4,2.25,799.432,Neurotransmitter
Adrenaline,C20H29N5O8,464.59,6.49,610.095,Alkaloid
Ethanol,C9H14N0O3,269.64,3.94,239.096,Lipid
Serotonin,C17H24N3O3,658.08,11.67,625.113,Amide
Ethanol,C11H34N2O10,809.06,N/A,137.117,Nucleotide
Ethanol,C14H39N2O0,306.14,4.68,446.13,Alcohol
Caffeine,C12H31N1O7,533.36,1.21,659.327,Organic Compound
Urea,C12H32N0O4,340.49,3.73,77.116,Amide
Dopamine,C19H21N4O7,447.37,N/A,134.348,Nucleotide
Serotonin,C6H20N3O2,780.37,7.56,540.667,Neurotransmitter
Cholesterol,C16H8N3O8,853.94,7.2,781.927,Neurotransmitter
Cholesterol,C9H29N3O5,536.18,12.93,869.31,Organic Compound
Ethanol,C20H27N3O3,526.88,10.95,821.315,Lipid
Cholesterol,C9H34N5O3,115.19,N/A,478.668,Neurotransmitter
Urea,C6H16N1O2,902.85,12.81,419.946,Amide
Glucose,C15H32N0O2,722.0,13.7,524.358,Organic Compound
Adenosine triphosphate,C17H38N0O3,872.87,3.14,15.917,Lipid
Cholesterol,C16H30N4O5,712.02,3.64,301.049,Hormone
Adrenaline,C16H18N5O6,278.6,8.82,549.992,Organic Compound
Ethanol,C15H6N2O3,589.11,2.79,440.316,Neurotransmitter
Ethanol,C17H36N5O7,313.68,3.63,567.438,Lipid
Adrenaline,C14H19N4O4,895.51,13.05,913.398,Alkaloid
Urea,C9H20N2O7,682.13,13.14,943.411,Organic Compound
Caffeine,C12H14N5O0,267.16,12.63,750.554,Neurotransmitter
Aspirin,C4H10N1O9,939.97,9.28,467.116,Neurotransmitter
Urea,C20H5N5O10,446.48,4.43,870.413,Alkaloid
Adrenaline,C10H17N4O0,629.73,8.07,927.807,Nucleotide
Aspirin,C8H10N4O10,725.48,9.07,136.641,Organic Compound
Cholesterol,C13H34N4O6,428.72,8.58,72.609,Amide
Dopamine,C2H23N0O1,145.89,N/A,515.467,Hormone
Aspirin,C8H4N4O8,499.07,N/A,498.611,Hormone
Serotonin,C12H13N5O3,174.91,4.88,123.329,Alkaloid
Adrenaline,C1H22N4O3,868.79,3.96,222.99,Nucleotide
Glucose,C12H38N3O3,199.51,3.43,827.67,Alkaloid
Aspirin,C20H11N0O4,95.96,10.99,90.221,Lipid
Dopamine,C15H29N4O9,546.7,5.77,180.694,Alcohol
Serotonin,C18H18N2O0,544.13,8.2,628.106,Hormone
Adrenaline,C18H7N3O0,589.33,11.88,604.161,Nucleotide
Glucose,C2H26N2O7,394.03,10.21,475.633,Amide
Urea,C20H14N3O7,183.33,12.84,662.878,Hormone
Serotonin,C13H4N4O1,644.78,12.98,863.548,Neurotransmitter
Ethanol,C10H3N0O1,675.56,11.56,10.397,Lipid
Adrenaline,C13H25N3O4,702.79,1.07,909.555,Nucleotide
Urea,C11H35N5O6,795.72,12.96,388.435,Alkaloid
Serotonin,C5H25N5O5,481.54,2.02,750.739,Alkaloid
Cholesterol,C9H29N2O10,781.5,5.85,88.666,Alcohol
Dopamine,C10H11N0O3,337.91,1.39,731.293,Lipid
Dopamine,C7H9N3O1,990.44,7.41,926.447,Carbohydrate
Ethanol,C6H34N3O9,909.28,7.28,731.705,Alcohol
Cholesterol,C17H12N4O1,423.77,4.15,622.792,Amide
Cholesterol,C2H36N5O0,855.18,N/A,967.747,Organic Compound
Urea,C12H13N1O0,790.22,12.11,842.69,Lipid
Adrenaline,C1H2N5O4,520.46,8.66,794.891,Hormone
Adenosine triphosphate,C17H20N1O7,591.44,N/A,366.423,Carbohydrate
Dopamine,C18H28N2O4,578.32,6.77,69.961,Lipid
Adenosine triphosphate,C19H1N0O0,853.08,12.72,51.811,Amide
Serotonin,C13H28N1O0,558.65,13.0,776.517,Carbohydrate
Adrenaline,C12H2N4O6,848.62,N/A,178.006,Neurotransmitter
Serotonin,C16H20N3O2,80.94,13.56,747.245,Nucleotide
Urea,C1H13N1O1,305.39,8.35,153.436,Organic Compound
Cholesterol,C10H4N2O1,393.98,12.66,260.494,Nucleotide
Adenosine triphosphate,C16H20N2O9,339.76,3.08,141.863,Hormone
Urea,C16H22N0O2,663.9,9.33,753.579,Amide
Adrenaline,C5H23N4O9,179.87,3.17,841.977,Organic Compound
Serotonin,C13H37N4O0,241.13,9.09,763.039,Hormone
Aspirin,C9H15N0O10,311.42,6.9,526.571,Organic Compound
Adenosine triphosphate,C11H11N1O0,996.04,N/A,14.379,Hormone
Ethanol,C15H17N5O3,689.83,5.14,438.607,Alkaloid
Cholesterol,C12H11N3O7,694.51,6.47,754.495,Lipid
Caffeine,C16H17N1O4,52.12,6.53,572.933,Alkaloid
Adenosine triphosphate,C4H39N4O8,989.01,11.71,855.631,Carbohydrate
Aspirin,C10H22N3O8,79.22,1.07,277.331,Hormone
Dopamine,C6H36N3O8,115.54,13.59,171.669,Alcohol
Urea,C20H36N1O3,981.31,7.54,779.355,Organic Compound
Glucose,C4H5N5O7,606.54,8.26,631.488,Alcohol
Serotonin,C16H3N3O8,884.69,1.53,669.961,Alcohol
Dopamine,C16H17N2O2,640.57,N/A,177.757,Amide
Dopamine,C6H16N1O4,663.12,5.43,309.739,Carbohydrate
Glucose,C5H15N3O5,131.38,11.18,368.868,Alcohol
Cholesterol,C15H17N0O8,225.01,9.99,453.533,Carbohydrate
Caffeine,C1H22N4O0,831.42,7.9,326.855,Organic Compound
Aspirin,C18H25N0O3,402.35,N/A,363.785,Organic Compound
Cholesterol,C18H25N1O9,506.27,10.13,989.803,Amide
Ethanol,C20H28N2O5,572.55,9.57,438.155,Alkaloid
Adenosine triphosphate,C18H36N1O5,465.77,11.55,729.868,Amide
Serotonin,C4H7N4O1,628.92,13.31,919.192,Amide
Aspirin,C4H11N2O0,975.03,8.83,395.889,Neurotransmitter
Cholesterol,C8H31N0O5,703.65,N/A,777.532,Alcohol
Adrenaline,C3H27N1O6,540.35,9.12,422.541,Neurotransmitter
Glucose,C12H10N5O10,252.13,4.03,346.75,Alkaloid
Adrenaline,C3H36N3O2,508.2,12.99,195.665,Lipid
Adrenaline,C5H15N3O10,337.5,4.86,209.539,Alcohol
Glucose,C1H23N0O6,379.38,10.97,838.814,Hormone
Cholesterol,C11H31N4O0,196.65,2.72,446.741,Amide
Ethanol,C13H33N5O6,487.93,12.16,662.112,Lipid
Ethanol,C16H24N3O4,146.45,1.15,364.103,Alcohol
Dopamine,C9H9N1O4,784.27,2.89,366.83,Hormone
Caffeine,C8H25N5O6,864.22,5.34,753.032,Nucleotide
Cholesterol,C1H24N5O8,348.02,N/A,758.352,Alcohol
Urea,C10H38N5O4,414.64,13.04,364.839,Organic Compound
Urea,C4H12N5O5,523.58,6.45,800.314,Hormone
Ethanol,C2H11N5O10,703.94,4.25,936.278,Neurotransmitter
Adrenaline,C15H26N2O0,338.31,7.49,28.276,Hormone
Adrenaline,C5H38N5O7,898.39,9.6,944.106,Amide
Glucose,C12H4N3O7,89.6,2.37,893.02,Lipid
Dopamine,C14H11N1O1,211.36,9.61,778.847,Amide
Urea,C7H7N4O5,237.79,2.03,645.404,Lipid
Aspirin,C4H18N5O3,720.73,N/A,856.052,Alcohol
Cholesterol,C13H4N4O8,206.51,N/A,554.317,Alcohol
Glucose,C3H19N5O9,190.57,2.59,958.744,Lipid
Urea,C10H7N3O8,166.46,2.2,841.701,Hormone
Ethanol,C7H17N1O5,463.35,3.95,49.927,Lipid
Urea,C20H12N3O9,873.13,8.61,837.048,Carbohydrate
Dopamine,C12H6N3O3,391.58,7.76,605.971,Lipid
Adenosine triphosphate,C15H6N4O7,403.23,N/A,480.112,Amide
Ethanol,C17H18N2O5,732.87,1.18,163.608,Organic Compound
Adenosine triphosphate,C9H29N1O5,292.3,4.59,529.968,Nucleotide
Cholesterol,C2H24N5O0,876.92,N/A,659.213,Nucleotide
Caffeine,C12H19N2O1,498.58,8.92,891.243,Carbohydrate
Serotonin,C12H14N3O5,114.1,N/A,847.362,Lipid
Caffeine,C12H26N1O3,130.5,2.92,373.683,Lipid
Aspirin,C11H13N3O2,480.68,10.6,73.943,Neurotransmitter
Glucose,C19H3N5O10,488.31,N/A,890.672,Nucleotide
Glucose,C6H32N2O4,854.69,8.26,252.661,Neurotransmitter
Adenosine triphosphate,C20H10N3O6,955.63,5.69,591.958,Neurotransmitter
Ethanol,C20H17N4O4,252.33,N/A,637.0,Neurotransmitter
Glucose,C15H13N2O8,850.01,13.05,612.772,Nucleotide
Caffeine,C3H40N4O3,265.38,12.34,904.648,Nucleotide
Ethanol,C10H11N0O2,782.3,N/A,260.744,Lipid
Serotonin,C17H12N5O10,308.62,10.17,323.453,Hormone
Adrenaline,C4H36N4O6,333.53,12.49,753.036,Nucleotide
Cholesterol,C2H22N2O7,458.06,10.05,561.657,Amide
Glucose,C2H6N4O10,188.82,N/A,856.05,Neurotransmitter
Serotonin,C4H22N4O10,423.85,7.5,545.488,Lipid
Urea,C8H12N0O0,743.66,13.38,404.843,Neurotransmitter
Serotonin,C5H5N3O0,899.07,12.88,217.439,Alkaloid
Ethanol,C6H37N2O9,134.58,9.73,485.959,Nucleotide
Caffeine,C6H23N2O9,176.63,10.87,780.437,Carbohydrate
Aspirin,C6H24N2O5,280.76,7.86,505.631,Neurotransmitter
Urea,C16H20N2O1,131.83,N/A,586.211,Carbohydrate
Dopamine,C15H36N0O2,776.8,8.05,487.364,Organic Compound
Caffeine,C5H36N1O5,191.67,12.95,511.501,Amide
Cholesterol,C6H14N2O6,814.39,6.34,494.648,Hormone
Dopamine,C10H31N4O10,271.74,13.93,861.793,Alcohol
Serotonin,C9H17N1O3,805.75,12.42,432.716,Nucleotide
Serotonin,C12H33N4O9,150.34,3.92,651.597,Nucleotide
Caffeine,C3H8N3O5,872.21,N/A,657.742,Amide
Dopamine,C1H9N0O8,522.3,9.19,244.919,Hormone
Aspirin,C4H1N3O8,241.42,9.94,836.35,Carbohydrate
Adenosine triphosphate,C4H7N5O6,75.83,8.13,164.438,Organic Compound
Serotonin,C6H19N1O9,734.81,N/A,656.666,Hormone
Urea,C6H2N1O4,784.66,2.6,5.629,Organic Compound
Dopamine,C10H2N1O1,962.45,12.14,219.643,Nucleotide
Serotonin,C11H25N0O0,929.52,N/A,267.048,Amide
Urea,C9H39N0O0,737.85,N/A,578.799,Organic Compound
Caffeine,C19H10N3O4,800.49,5.35,36.113,Alcohol
Urea,C9H9N2O2,176.66,13.1,964.401,Nucleotide
Adenosine triphosphate,C4H8N1O4,169.18,1.08,495.665,Hormone
Adrenaline,C2H37N0O0,442.59,8.91,305.395,Amide
Aspirin,C17H16N5O0,67.07,3.36,102.39,Nucleotide
Dopamine,C17H34N2O6,935.73,7.74,35.579,Lipid
Ethanol,C9H3N1O6,726.72,4.56,100.576,Carbohydrate
Dopamine,C7H5N4O8,944.68,1.02,575.183,Nucleotide
Dopamine,C12H17N0O5,929.42,6.69,216.401,Nucleotide
Dopamine,C16H7N3O6,739.12,10.52,927.171,Neurotransmitter
Dopamine,C15H35N1O1,849.3,N/A,978.293,Alcohol
Dopamine,C16H10N5O7,218.67,4.4,177.887,Lipid
Glucose,C4H11N2O4,288.65,N/A,293.96,Hormone
Urea,C11H1N0O1,749.29,2.32,628.704,Nucleotide
Dopamine,C18H5N5O7,842.24,3.66,958.09,Hormone
Caffeine,C5H39N4O8,619.59,N/A,466.534,Organic Compound
Cholesterol,C10H25N5O1,640.88,12.15,237.24,Hormone
Urea,C14H40N1O0,772.84,6.45,591.652,Alcohol
Urea,C17H33N4O3,629.8,12.36,10.263,Lipid
Aspirin,C20H1N4O1,345.33,11.22,500.653,Neurotransmitter
Dopamine,C4H21N3O10,855.32,2.45,88.763,Neurotransmitter
Cholesterol,C2H33N2O2,609.74,8.66,107.082,Lipid
Aspirin,C17H32N5O7,788.43,9.48,372.889,Amide
Cholesterol,C17H29N1O3,837.83,N/A,769.873,Alcohol
Serotonin,C2H14N4O3,522.46,11.11,401.934,Lipid
Caffeine,C16H9N2O6,727.69,3.28,93.556,Organic Compound
Aspirin,C8H11N0O6,131.34,11.89,669.895,Organic Compound
Adrenaline,C14H30N1O1,776.78,12.72,252.123,Organic Compound
Adenosine triphosphate,C12H13N4O9,584.66,2.74,180.537,Amide
Serotonin,C3H10N4O2,120.61,N/A,984.349,Alcohol
Urea,C12H25N0O3,876.26,4.96,381.631,Carbohydrate
Adrenaline,C3H23N2O5,937.84,11.78,412.927,Nucleotide
Dopamine,C11H14N4O7,652.13,N/A,198.426,Nucleotide
Dopamine,C3H28N1O7,983.21,7.73,619.335,Alcohol
Dopamine,C3H37N3O7,566.17,N/A,346.249,Alkaloid
Adenosine triphosphate,C5H23N0O10,444.07,N/A,552.643,Neurotransmitter
Cholesterol,C7H27N2O1,580.54,6.34,584.429,Organic Compound
Cholesterol,C13H13N2O2,355.38,4.11,818.528,Nucleotide
Glucose,C9H35N0O3,444.59,N/A,262.701,Neurotransmitter
Aspirin,C5H26N5O0,210.14,N/A,63.12,Nucleotide
Ethanol,C14H30N1O5,446.74,3.46,48.737,Carbohydrate
Aspirin,C16H14N1O4,662.41,1.01,331.626,Nucleotide
Aspirin,C19H7N3O9,239.6,6.18,67.323,Amide
Adrenaline,C2H20N3O0,499.78,1.7,270.694,Organic Compound
Glucose,C2H7N5O0,445.48,2.21,108.15,Lipid
Glucose,C7H16N0O10,911.99,13.98,243.687,Carbohydrate
Adrenaline,C6H39N3O3,231.47,1.0,650.968,Hormone
Dopamine,C8H38N2O9,132.84,9.08,313.474,Amide
Glucose,C12H22N3O9,487.97,13.49,923.123,Carbohydrate
Adrenaline,C3H37N1O3,70.41,N/A,165.908,Nucleotide
Ethanol,C1H30N5O4,563.87,9.91,710.986,Organic Compound
Cholesterol,C15H19N1O2,442.21,4.92,966.404,Alkaloid
Glucose,C10H24N4O10,287.47,6.96,119.748,Carbohydrate
Serotonin,C16H38N5O9,273.32,10.39,556.095,Organic Compound
Aspirin,C9H20N3O9,874.22,8.43,674.309,Lipid
Adenosine triphosphate,C1H3N1O4,393.33,3.11,69.798,Amide
Urea,C15H3N0O9,280.04,N/A,332.089,Alcohol
Ethanol,C3H1N5O9,150.73,6.73,620.165,Neurotransmitter
Adrenaline,C18H27N2O2,89.47,6.38,482.249,Amide
Serotonin,C13H27N1O7,273.92,5.16,361.32,Hormone
Adrenaline,C15H20N2O7,334.42,6.21,17.183,Alkaloid
Caffeine,C11H28N1O9,429.65,5.93,731.423,Carbohydrate
Aspirin,C20H14N3O5,708.57,7.88,425.028,Neurotransmitter
Aspirin,C15H12N3O4,268.72,7.87,251.838,Neurotransmitter
Glucose,C6H9N2O1,482.1,N/A,873.331,Alkaloid
Urea,C10H14N0O3,975.1,3.53,315.276,Amide
Serotonin,C2H27N3O4,151.64,8.24,789.626,Organic Compound
Aspirin,C16H1N5O3,835.26,4.94,718.757,Lipid
Urea,C16H14N2O8,622.87,11.48,545.46,Amide
Ethanol,C15H10N4O9,669.2,N/A,736.485,Organic Compound
Ethanol,C6H30N0O1,152.66,12.66,283.601,Alkaloid
Dopamine,C11H39N5O7,840.09,1.83,657.243,Lipid
Ethanol,C5H28N3O6,621.29,7.9,843.901,Carbohydrate
Serotonin,C20H28N5O3,986.3,11.4,356.807,Nucleotide
Dopamine,C14H38N5O3,95.48,3.09,202.244,Carbohydrate
Aspirin,C8H37N1O5,707.75,N/A,270.55,Carbohydrate
Urea,C10H24N4O6,533.71,6.34,199.426,Lipid
Glucose,C6H39N4O10,669.79,3.52,299.972,Lipid
Adrenaline,C1H35N0O7,886.4,8.17,721.431,Hormone
Aspirin,C13H36N4O6,623.08,13.79,389.637,Nucleotide
Aspirin,C2H26N1O7,936.23,6.81,633.67,Alcohol
Aspirin,C19H25N0O8,295.16,13.95,345.134,Carbohydrate
Adenosine triphosphate,C17H27N2O2,288.69,N/A,440.021,Alkaloid
Dopamine,C6H29N5O0,850.62,13.51,868.752,Lipid
Aspirin,C5H22N1O1,73.48,6.18,543.255,Carbohydrate
Ethanol,C9H15N2O8,515.4,3.65,19.777,Alcohol
Adrenaline,C8H1N4O5,229.74,1.88,415.845,Carbohydrate
Ethanol,C3H14N5O8,897.68,N/A,886.858,Hormone
Aspirin,C14H18N1O5,698.23,8.49,803.54,Nucleotide
Aspirin,C6H26N2O1,328.71,12.94,46.453,Carbohydrate
Adrenaline,C17H30N1O9,861.03,6.49,720.641,Neurotransmitter
Ethanol,C19H18N1O0,643.32,9.2,644.034,Alkaloid
Adrenaline,C6H36N1O5,861.02,12.44,234.308,Carbohydrate
Glucose,C15H32N4O0,807.26,4.94,623.463,Hormone
Aspirin,C8H1N4O0,79.4,N/A,708.266,Alkaloid
Glucose,C3H21N2O4,903.97,3.4,486.769,Neurotransmitter
Ethanol,C19H17N4O10,676.68,13.62,181.819,Nucleotide
Ethanol,C5H12N0O0,739.94,3.5,26.428,Amide
Aspirin,C7H23N5O10,255.29,1.97,244.888,Nucleotide
Urea,C8H21N0O4,80.15,9.93,378.245,Lipid
Urea,C3H34N0O6,284.08,13.47,861.21,Alcohol
Urea,C1H8N5O7,705.73,3.74,721.549,Amide
Adenosine triphosphate,C11H40N3O4,275.86,2.93,367.94,Amide
Adenosine triphosphate,C7H22N3O6,192.58,N/A,837.549,Organic Compound
Caffeine,C20H19N4O10,389.42,5.5,284.555,Amide
Urea,C13H20N1O5,463.27,12.28,23.83,Neurotransmitter
Urea,C15H28N0O1,250.07,10.05,890.699,Carbohydrate
Adrenaline,C8H21N2O3,641.64,1.6,2.028,Nucleotide
Cholesterol,C13H14N2O2,599.19,2.19,500.188,Nucleotide
Caffeine,C17H17N5O8,295.08,N/A,598.351,Nucleotide
Dopamine,C1H7N4O0,997.06,9.58,532.185,Lipid
Caffeine,C12H29N0O4,946.86,8.0,881.683,Carbohydrate
Glucose,C19H21N5O0,472.01,7.95,991.004,Alcohol
Ethanol,C13H2N1O7,850.69,6.89,635.991,Alkaloid
Serotonin,C17H2N3O4,975.5,11.63,739.509,Amide
Urea,C12H35N5O0,401.83,N/A,552.533,Carbohydrate
Dopamine,C10H28N2O1,687.24,5.21,292.74,Hormone
Serotonin,C15H30N3O8,315.94,6.27,396.857,Hormone
Ethanol,C1H39N1O5,288.59,6.68,113.66,Lipid
Dopamine,C15H3N0O7,158.78,11.65,914.905,Nucleotide
Dopamine,C15H38N3O7,686.27,7.67,815.658,Alcohol
Urea,C20H14N4O4,895.45,8.88,724.644,Amide
Urea,C20H16N5O0,918.24,9.69,444.255,Organic Compound
Ethanol,C3H16N3O4,466.62,6.46,914.826,Hormone
Urea,C14H4N1O5,430.72,6.53,604.035,Nucleotide
Dopamine,C11H33N5O2,956.06,3.78,562.529,Hormone
Cholesterol,C17H26N2O1,592.73,6.83,615.52,Carbohydrate
Aspirin,C5H31N0O3,821.19,10.86,184.776,Alcohol
Cholesterol,C5H37N0O3,388.6,6.47,58.248,Alcohol
Caffeine,C10H30N0O0,922.69,7.69,794.077,Lipid
Caffeine,C8H13N4O0,881.3,13.0,447.199,Nucleotide
Serotonin,C10H35N0O3,437.23,1.51,741.383,Alcohol
Ethanol,C6H34N5O7,533.38,5.26,204.525,Neurotransmitter
Caffeine,C3H18N0O10,377.33,10.13,923.174,Neurotransmitter
Cholesterol,C11H7N5O0,342.07,8.1,237.464,Alcohol
Adrenaline,C7H28N1O6,937.01,9.03,721.049,Hormone
Adrenaline,C9H34N3O4,171.68,5.15,377.316,Amide
Cholesterol,C18H30N3O3,422.06,2.29,911.407,Hormone
Glucose,C9H37N1O5,587.42,3.65,941.142,Amide
Urea,C18H20N4O7,344.03,13.42,193.746,Hormone
Cholesterol,C8H16N3O7,339.98,10.52,890.223,Amide
Cholesterol,C14H1N1O1,484.61,2.62,37.034,Amide
Adenosine triphosphate,C4H18N1O3,657.55,12.77,14.773,Lipid
Aspirin,C6H12N1O5,99.11,12.24,360.517,Lipid
Glucose,C7H21N0O5,813.28,10.3,171.407,Alkaloid
Serotonin,C19H12N2O6,90.7,12.32,196.023,Alkaloid
Adrenaline,C16H17N2O0,288.28,11.31,809.363,Nucleotide
Urea,C4H2N2O1,137.94,N/A,204.116,Lipid
Adenosine triphosphate,C14H22N5O3,239.07,8.03,619.64,Lipid
Dopamine,C14H2N3O8,418.03,6.1,445.757,Alkaloid
Adrenaline,C15H31N5O5,56.04,10.17,433.442,Neurotransmitter
Urea,C6H31N1O2,794.41,9.14,163.587,Neurotransmitter
Serotonin,C9H36N5O1,739.24,13.04,173.166,Hormone
Dopamine,C8H12N5O2,415.05,6.64,369.587,Alkaloid
Aspirin,C7H39N3O2,484.47,6.07,252.298,Alkaloid
Glucose,C12H28N1O4,89.52,N/A,68.435,Amide
Aspirin,C2H1N2O1,505.25,6.86,407.258,Amide
Urea,C1H11N1O7,353.88,1.82,735.088,Alcohol
Serotonin,C8H1N0O0,398.96,6.89,695.135,Organic Compound
Adrenaline,C16H12N0O6,141.61,12.0,619.091,Alcohol
Adenosine triphosphate,C13H20N3O10,549.62,7.69,859.597,Organic Compound
Caffeine,C9H25N2O3,322.11,N/A,981.528,Hormone
Caffeine,C13H11N4O6,646.68,8.58,622.924,Carbohydrate
Cholesterol,C15H28N1O3,789.43,10.63,701.808,Nucleotide
Aspirin,C7H32N5O10,128.05,1.28,945.887,Nucleotide
Aspirin,C6H7N4O8,376.07,11.99,151.43,Lipid
Urea,C7H37N4O9,772.0,9.8,773.557,Amide
Adrenaline,C4H6N5O9,495.3,13.95,259.796,Hormone
Urea,C14H4N0O9,612.62,2.26,339.508,Hormone
Ethanol,C13H20N3O8,477.81,6.2,713.47,Amide
Caffeine,C19H25N2O3,821.05,1.44,41.193,Alcohol
Caffeine,C11H18N5O8,125.19,N/A,346.142,Hormone
Adenosine triphosphate,C18H2N0O10,560.1,4.39,685.984,Lipid
Serotonin,C16H13N2O6,843.48,1.34,189.869,Nucleotide
Glucose,C17H24N5O4,176.17,13.91,970.977,Alcohol
Ethanol,C9H17N0O5,511.49,7.19,909.213,Organic Compound
Glucose,C19H22N3O2,807.02,1.32,644.955,Amide
Caffeine,C5H12N1O5,102.64,N/A,106.244,Alcohol
Serotonin,C11H16N1O3,827.93,N/A,504.666,Lipid
Cholesterol,C6H3N3O7,895.09,9.89,305.704,Neurotransmitter
Urea,C7H13N3O0,73.7,1.77,64.588,Organic Compound
Dopamine,C9H7N0O9,319.28,13.43,631.535,Organic Compound
Adrenaline,C6H21N4O6,737.39,6.71,428.878,Nucleotide
Cholesterol,C14H18N1O6,753.04,2.99,154.273,Nucleotide
Glucose,C13H32N0O4,154.92,13.36,508.079,Neurotransmitter
Cholesterol,C6H18N2O2,769.84,8.98,309.515,Lipid
Urea,C9H38N5O4,758.21,11.59,463.075,Organic Compound
Urea,C6H27N4O8,322.61,7.81,833.133,Nucleotide
Glucose,C14H11N1O5,524.17,7.91,863.407,Amide
Glucose,C16H14N0O0,234.57,2.88,42.059,Organic Compound
Caffeine,C1H17N4O7,674.15,6.06,348.278,Amide
Urea,C13H15N3O0,324.93,3.14,832.343,Hormone
Glucose,C5H15N5O0,141.52,3.84,617.614,Neurotransmitter
Dopamine,C6H23N1O7,571.04,8.29,2.577,Alkaloid
Serotonin,C2H21N1O7,266.77,12.3,551.916,Hormone
Dopamine,C12H28N2O9,734.66,11.24,119.458,Neurotransmitter
Dopamine,C1H12N1O1,583.04,3.23,72.782,Alkaloid
Adrenaline,C15H16N5O3,955.67,9.91,36.997,Carbohydrate
Ethanol,C6H34N5O2,936.72,2.06,538.859,Carbohydrate
Dopamine,C16H33N3O6,161.19,8.93,575.844,Hormone
Caffeine,C7H19N3O4,773.99,4.19,377.467,Hormone
Caffeine,C9H4N5O6,851.64,11.9,89.777,Nucleotide
Glucose,C2H16N4O3,822.01,3.42,961.189,Neurotransmitter
Urea,C13H25N2O5,203.1,2.61,511.46,Amide
Glucose,C20H40N2O8,160.52,4.77,819.476,Amide
Urea,C15H2N0O9,775.7,13.41,641.893,Hormone
Cholesterol,C1H33N1O1,234.54,10.81,88.554,Hormone
Ethanol,C5H15N4O1,191.04,N/A,145.784,Neurotransmitter
Serotonin,C18H8N0O3,447.64,6.59,42.152,Hormone
Caffeine,C6H33N3O5,119.25,8.02,344.89,Lipid
Caffeine,C10H40N1O4,456.99,2.53,266.317,Neurotransmitter
Urea,C3H6N1O0,454.39,6.38,546.214,Nucleotide
Adenosine triphosphate,C10H11N3O5,659.58,N/A,57.941,Hormone
Adrenaline,C20H1N2O5,89.21,N/A,168.576,Alcohol
Adenosine triphosphate,C16H7N3O3,200.88,10.2,160.761,Amide
Adenosine triphosphate,C10H28N5O0,430.04,10.5,354.126,Nucleotide
Aspirin,C8H30N4O5,635.75,2.17,421.176,Alkaloid
Adenosine triphosphate,C3H4N4O2,286.22,N/A,761.142,Neurotransmitter
Glucose,C10H13N1O8,990.02,4.13,810.435,Alcohol
Serotonin,C20H10N4O7,955.5,N/A,795.256,Amide
Dopamine,C3H29N1O0,61.74,1.68,775.941,Amide
Glucose,C14H18N4O8,822.34,11.53,946.081,Amide
Urea,C15H17N2O10,673.25,3.99,83.457,Carbohydrate
Aspirin,C19H11N4O2,874.8,4.96,424.181,Nucleotide
Urea,C6H17N3O5,448.82,7.49,632.466,Carbohydrate
Urea,C12H19N3O9,347.68,13.27,62.092,Alcohol
Serotonin,C7H29N0O5,211.16,11.32,183.879,Amide
Ethanol,C7H34N3O8,470.21,8.56,649.113,Carbohydrate
Aspirin,C10H1N5O3,151.75,5.59,648.292,Nucleotide
Ethanol,C20H8N0O3,832.61,7.66,927.274,Neurotransmitter
Ethanol,C13H2N4O3,908.31,7.45,727.272,Alcohol
Glucose,C1H21N5O0,568.5,9.07,553.297,Hormone
Adrenaline,C4H12N4O2,408.44,13.96,715.707,Neurotransmitter
Dopamine,C4H21N1O3,468.99,N/A,195.153,Amide
Serotonin,C8H31N2O3,207.88,7.56,885.111,Organic Compound
Urea,C19H9N4O2,691.98,9.58,799.141,Carbohydrate
Aspirin,C13H11N1O4,782.13,N/A,634.349,Alkaloid
Serotonin,C20H29N2O9,463.1,1.92,394.318,Carbohydrate
Adrenaline,C2H33N4O0,894.37,4.56,437.363,Nucleotide
Cholesterol,C1H4N1O2,424.15,7.51,901.318,Carbohydrate
Adenosine triphosphate,C4H8N4O0,954.86,6.25,711.662,Alcohol
Adenosine triphosphate,C10H6N3O10,831.61,12.78,228.737,Amide
Adenosine triphosphate,C2H24N3O10,579.35,5.06,643.825,Alkaloid
Adrenaline,C2H13N2O5,518.72,13.54,477.444,Carbohydrate
Cholesterol,C18H35N5O5,906.59,4.5,961.651,Hormone
Serotonin,C18H12N1O1,896.21,1.66,830.892,Nucleotide
Cholesterol,C14H38N5O5,243.77,10.5,840.224,Organic Compound
Adrenaline,C5H4N0O9,84.58,12.2,905.98,Nucleotide
Ethanol,C20H18N1O6,378.43,2.4,550.489,Nucleotide
Caffeine,C7H1N3O7,935.71,N/A,863.285,Alcohol
Caffeine,C3H34N3O9,101.14,13.1,918.487,Neurotransmitter
Urea,C10H29N0O3,977.66,12.04,262.24,Hormone
Serotonin,C10H31N5O2,612.58,N/A,56.447,Amide
Adrenaline,C11H22N0O1,197.82,12.42,432.342,Carbohydrate
Caffeine,C15H32N2O3,764.41,8.02,703.378,Lipid
Dopamine,C18H21N2O3,582.07,N/A,856.573,Hormone
Dopamine,C20H21N5O0,160.91,N/A,619.273,Alcohol
Adenosine triphosphate,C8H33N4O0,542.11,6.78,945.0,Lipid
Urea,C16H16N3O7,421.83,6.95,331.872,Hormone
Adrenaline,C20H21N5O10,920.73,N/A,130.758,Amide
Ethanol,C13H40N0O1,353.9,8.13,890.409,Alkaloid
Dopamine,C9H3N1O10,58.67,9.99,742.249,Nucleotide
Cholesterol,C14H33N5O9,345.68,5.6,292.353,Carbohydrate
Adrenaline,C3H15N4O1,672.55,N/A,66.629,Alkaloid
Cholesterol,C11H14N2O1,815.57,5.86,117.324,Amide
Adrenaline,C15H10N0O9,530.53,11.29,635.447,Amide
Aspirin,C8H15N0O5,813.85,1.06,803.147,Carbohydrate
Cholesterol,C14H28N3O10,648.14,2.25,37.283,Organic Compound
Adenosine triphosphate,C8H9N0O6,777.62,N/A,257.691,Alcohol
Caffeine,C4H5N2O7,356.53,9.15,780.764,Lipid
Adrenaline,C9H9N5O4,656.2,2.62,795.822,Organic Compound
Urea,C15H15N4O10,964.17,N/A,414.748,Neurotransmitter
Adrenaline,C13H28N0O3,321.52,9.95,979.905,Alcohol
Cholesterol,C15H14N4O2,139.2,7.08,734.359,Alcohol
Caffeine,C13H24N3O6,703.7,5.29,717.365,Lipid
Glucose,C16H6N5O8,748.16,9.39,129.685,Nucleotide
Ethanol,C19H6N4O6,55.74,5.45,353.814,Hormone
Aspirin,C3H17N4O3,840.93,N/A,910.224,Neurotransmitter
Adrenaline,C12H10N2O2,69.49,8.35,388.664,Carbohydrate
Ethanol,C11H14N1O7,704.41,N/A,616.448,Nucleotide
Adenosine triphosphate,C4H9N2O8,548.64,11.32,473.746,Organic Compound
Aspirin,C10H25N0O0,961.33,9.18,162.833,Carbohydrate
Serotonin,C8H39N5O3,185.88,13.52,412.893,Hormone
Caffeine,C19H11N0O9,226.17,2.82,394.725,Carbohydrate
Adenosine triphosphate,C15H27N5O1,586.48,N/A,50.795,Lipid
Caffeine,C19H37N3O1,105.28,6.16,212.3,Alkaloid
Ethanol,C17H16N2O5,967.75,6.74,670.778,Alcohol
Urea,C11H10N5O6,126.94,N/A,712.366,Carbohydrate
Adenosine triphosphate,C11H13N4O9,507.94,5.05,999.145,Organic Compound
Cholesterol,C6H10N2O3,100.99,N/A,584.8,Carbohydrate
Aspirin,C15H2N1O8,268.28,2.59,570.759,Amide
Caffeine,C14H21N0O6,537.52,4.77,691.598,Lipid
Ethanol,C17H21N4O5,533.22,N/A,746.711,Hormone
Adrenaline,C11H2N1O2,208.76,11.68,333.499,Nucleotide
Glucose,C16H33N0O1,525.09,4.66,721.293,Alkaloid
Glucose,C10H29N2O7,503.9,2.35,219.587,Neurotransmitter
Adenosine triphosphate,C3H32N0O0,214.34,13.14,880.23,Hormone
Serotonin,C10H32N3O3,184.34,2.28,281.677,Lipid
Urea,C18H22N2O2,611.36,4.7,763.038,Alkaloid
Dopamine,C14H8N5O8,65.0,1.53,839.862,Amide
Aspirin,C12H32N1O2,798.45,1.83,652.328,Alkaloid
Dopamine,C6H35N5O4,65.87,12.04,488.381,Amide
Serotonin,C8H8N1O0,85.51,5.02,630.186,Amide
Adenosine triphosphate,C18H7N4O8,640.62,N/A,338.447,Lipid
Ethanol,C13H19N2O6,368.83,N/A,268.748,Nucleotide
Glucose,C2H8N0O1,817.68,N/A,210.782,Carbohydrate
Ethanol,C12H24N4O3,801.69,5.13,80.439,Amide
Glucose,C11H3N3O1,851.82,N/A,774.02,Alcohol
Adenosine triphosphate,C14H30N4O4,907.96,N/A,451.399,Alkaloid
Adenosine triphosphate,C6H20N3O1,335.92,8.91,454.917,Alkaloid
Adenosine triphosphate,C15H33N5O6,546.81,1.5,165.79,Alcohol
Ethanol,C9H37N3O5,472.76,N/A,5.929,Lipid
Adenosine triphosphate,C6H40N0O6,593.76,4.73,485.737,Hormone
Caffeine,C13H25N5O8,911.13,5.36,65.925,Hormone
Cholesterol,C2H32N2O0,426.88,7.25,121.453,Lipid
Glucose,C17H38N1O1,964.77,N/A,888.479,Alkaloid
Dopamine,C6H30N1O6,150.23,12.77,871.83,Carbohydrate
Ethanol,C6H33N2O1,586.21,5.79,320.561,Organic Compound
Adrenaline,C7H20N5O1,703.34,7.06,229.042,Hormone
Glucose,C19H25N1O1,331.01,13.8,67.467,Organic Compound
Dopamine,C5H37N5O4,417.98,11.28,633.354,Neurotransmitter
Caffeine,C6H34N0O0,128.81,12.04,279.326,Lipid
Ethanol,C3H30N1O7,192.24,N/A,18.793,Lipid
Caffeine,C15H29N5O4,239.93,7.22,996.235,Nucleotide
Caffeine,C7H15N2O10,651.37,4.02,443.331,Neurotransmitter
Ethanol,C17H1N0O6,360.01,11.24,728.522,Alcohol
Serotonin,C5H11N0O1,716.73,4.45,426.923,Alcohol
Urea,C2H39N1O4,494.82,4.46,985.856,Hormone
Aspirin,C15H19N5O0,892.72,9.86,514.841,Amide
Adenosine triphosphate,C7H3N3O2,278.87,2.63,240.766,Alcohol
Adenosine triphosphate,C8H29N0O7,659.07,5.82,353.406,Organic Compound
Adenosine triphosphate,C3H40N3O3,59.94,N/A,560.245,Amide
Adenosine triphosphate,C7H2N1O10,583.38,10.08,482.043,Lipid
Urea,C10H39N2O9,353.73,1.93,830.004,Organic Compound
Glucose,C12H19N0O10,408.07,5.27,588.696,Lipid
Dopamine,C6H26N2O10,89.76,N/A,94.591,Carbohydrate
Caffeine,C2H17N5O10,156.25,1.74,284.435,Alcohol
Adrenaline,C8H24N1O9,962.81,8.42,900.704,Alcohol
Adrenaline,C1H11N4O7,233.69,7.95,712.901,Hormone
Adrenaline,C18H39N3O0,699.51,9.21,780.785,Hormone
Adenosine triphosphate,C13H34N0O3,74.7,N/A,789.007,Carbohydrate
Adrenaline,C9H17N1O9,695.9,5.6,20.547,Hormone
Adenosine triphosphate,C10H16N0O0,171.6,1.22,372.069,Hormone
Adrenaline,C18H9N1O4,574.81,7.02,61.674,Lipid
Cholesterol,C16H3N5O0,676.26,6.08,8.61,Nucleotide
Caffeine,C5H35N1O0,936.89,3.49,233.065,Nucleotide
Adrenaline,C15H27N5O3,894.59,12.94,515.529,Alkaloid
Caffeine,C19H29N3O0,317.68,4.39,293.548,Organic Compound
Adrenaline,C18H7N5O0,111.98,13.19,910.619,Alcohol
Adrenaline,C8H21N0O7,756.61,5.45,384.126,Hormone
Ethanol,C10H39N3O5,601.3,N/A,502.532,Amide
Aspirin,C4H15N5O10,194.05,3.65,739.76,Alkaloid
Dopamine,C15H26N1O6,717.69,1.5,319.029,Organic Compound
Cholesterol,C20H19N2O5,303.11,13.49,129.12,Carbohydrate
Ethanol,C12H3N5O6,54.95,12.05,111.034,Neurotransmitter
Adrenaline,C9H30N4O9,700.78,N/A,9.767,Alkaloid
Ethanol,C18H5N1O3,414.35,4.36,684.753,Nucleotide
Serotonin,C10H38N0O6,307.28,6.01,76.739,Alcohol
Dopamine,C6H37N4O4,87.36,3.38,882.018,Alkaloid
Adenosine triphosphate,C10H31N2O2,91.81,8.59,514.522,Nucleotide
Cholesterol,C20H8N0O0,709.14,9.22,677.735,Hormone
Ethanol,C10H19N3O1,982.28,N/A,604.374,Lipid
Glucose,C17H1N1O3,690.61,6.42,494.958,Amide
Dopamine,C18H1N0O0,419.7,5.79,876.818,Alcohol
Glucose,C19H18N0O2,849.03,8.29,810.765,Nucleotide
Urea,C5H6N2O2,884.0,4.48,654.062,Carbohydrate
Glucose,C12H10N1O1,959.38,7.35,98.377,Nucleotide
Urea,C6H7N5O5,326.27,6.75,265.708,Neurotransmitter
Aspirin,C18H21N3O5,813.75,8.69,265.011,Lipid
Cholesterol,C1H40N3O2,298.97,5.04,665.958,Neurotransmitter
Adrenaline,C10H34N5O5,195.61,8.86,813.771,Lipid
Adrenaline,C10H40N1O1,898.95,6.57,707.934,Alcohol
Glucose,C9H24N5O3,645.11,1.17,385.513,Alcohol
Aspirin,C19H37N4O8,178.31,1.33,851.703,Carbohydrate
Adrenaline,C9H17N5O6,292.19,10.1,467.905,Organic Compound
Glucose,C10H18N0O10,121.15,1.89,625.538,Organic Compound
Serotonin,C19H26N4O2,912.77,N/A,606.001,Hormone
Serotonin,C6H32N4O4,525.4,12.36,235.866,Nucleotide
Caffeine,C11H39N5O9,51.27,1.24,674.226,Carbohydrate
Dopamine,C1H23N3O6,447.23,12.77,924.348,Hormone
Urea,C20H30N4O2,427.3,N/A,274.166,Organic Compound
Dopamine,C12H40N4O2,87.7,1.54,686.781,Alkaloid
Dopamine,C19H15N2O7,670.01,13.49,262.961,Hormone
Adrenaline,C2H17N4O4,712.43,2.97,662.499,Hormone
Dopamine,C7H7N1O4,122.06,N/A,30.181,Alkaloid
Dopamine,C9H36N2O3,918.11,11.95,614.345,Alkaloid
Adenosine triphosphate,C10H8N3O1,167.25,9.06,344.231,Alkaloid
Urea,C14H40N5O1,299.89,13.47,418.393,Carbohydrate
Caffeine,C16H21N2O8,583.04,N/A,132.627,Carbohydrate
Glucose,C3H21N1O0,940.85,8.77,403.756,Nucleotide
Adrenaline,C8H19N4O8,486.12,N/A,42.933,Hormone
Ethanol,C2H29N1O1,484.84,9.06,852.458,Lipid
Caffeine,C16H30N0O0,850.96,3.67,77.384,Alcohol
Aspirin,C7H23N4O1,879.86,N/A,164.672,Alkaloid
Caffeine,C16H2N3O0,688.1,N/A,740.826,Lipid
Aspirin,C9H22N3O9,543.57,N/A,881.399,Lipid
Dopamine,C12H16N2O5,749.98,10.08,591.968,Nucleotide
Dopamine,C8H32N2O6,283.38,7.6,17.95,Nucleotide
Ethanol,C7H5N3O1,214.18,3.8,837.29,Carbohydrate
Urea,C17H11N5O0,809.36,7.49,945.641,Organic Compound
Urea,C3H4N3O8,259.32,9.6,212.016,Alkaloid
Glucose,C7H29N5O9,298.48,13.4,973.323,Lipid
Glucose,C12H23N5O7,176.01,N/A,455.886,Alkaloid
Ethanol,C13H16N1O7,899.32,5.74,80.097,Carbohydrate
Adenosine triphosphate,C15H18N0O5,389.99,12.56,62.747,Hormone
Cholesterol,C11H19N5O6,502.51,12.02,100.078,Alkaloid
Cholesterol,C16H11N5O7,454.46,5.82,202.77,Carbohydrate
Cholesterol,C11H40N3O2,368.56,13.64,692.422,Organic Compound
Ethanol,C3H6N3O10,565.08,2.0,70.365,Amide
Cholesterol,C14H13N2O7,109.06,9.21,95.219,Hormone
Dopamine,C18H35N3O6,765.34,3.92,722.033,Alkaloid
Dopamine,C10H40N1O6,450.68,4.83,851.592,Alkaloid
Cholesterol,C19H24N4O0,89.55,3.65,513.219,Carbohydrate
Adrenaline,C13H21N2O4,889.24,10.27,440.356,Neurotransmitter
Glucose,C12H28N5O10,323.32,2.35,639.108,Neurotransmitter
Cholesterol,C14H30N0O6,779.52,10.76,192.699,Lipid
Cholesterol,C5H11N0O10,150.4,4.37,184.996,Amide
Aspirin,C2H20N2O3,785.83,5.75,713.741,Hormone
Ethanol,C5H33N3O1,822.74,5.88,425.208,Organic Compound
Aspirin,C8H23N1O2,273.55,N/A,466.901,Carbohydrate
Caffeine,C1H9N4O8,265.35,N/A,851.766,Amide
Adrenaline,C16H38N2O2,206.5,8.39,732.973,Nucleotide
Aspirin,C12H22N0O9,315.67,13.12,714.863,Carbohydrate
Urea,C19H5N2O6,159.78,N/A,890.779,Alcohol
Adenosine triphosphate,C8H15N4O1,654.78,8.91,222.998,Neurotransmitter
Cholesterol,C20H25N1O5,914.41,5.91,849.143,Lipid
Glucose,C18H34N5O1,465.67,1.8,549.834,Lipid
Dopamine,C16H25N3O0,433.48,5.44,551.891,Lipid
Aspirin,C12H8N4O3,727.02,4.13,771.594,Amide
Serotonin,C17H34N1O5,804.03,N/A,707.14,Nucleotide
Adenosine triphosphate,C18H7N5O0,360.61,N/A,992.532,Nucleotide
Cholesterol,C3H18N1O1,245.31,N/A,413.313,Alkaloid
Cholesterol,C12H18N3O3,574.54,10.28,240.947,Neurotransmitter
Dopamine,C6H18N5O8,915.14,9.96,641.627,Hormone
Dopamine,C16H4N1O4,312.12,12.76,709.909,Organic Compound
Dopamine,C19H9N0O1,913.77,12.62,426.51,Hormone
Aspirin,C12H18N4O9,184.55,13.92,28.794,Hormone
Ethanol,C9H24N2O7,790.94,10.74,687.221,Lipid
Cholesterol,C17H21N3O5,458.25,N/A,886.67,Alcohol
Glucose,C14H10N2O6,366.45,10.31,764.92,Alkaloid
Serotonin,C10H3N3O4,558.72,N/A,872.377,Alcohol
Cholesterol,C4H21N5O10,436.32,4.58,446.993,Nucleotide
Adrenaline,C20H29N1O3,951.13,3.45,879.417,Organic Compound
Serotonin,C5H6N2O5,523.62,9.98,967.734,Lipid
Cholesterol,C5H8N5O3,824.26,2.15,904.773,Nucleotide
Cholesterol,C8H4N3O5,916.78,5.48,419.768,Hormone
Caffeine,C11H27N2O6,804.77,N/A,351.341,Alkaloid
Ethanol,C6H26N4O4,716.13,13.39,677.592,Carbohydrate
Serotonin,C17H31N5O7,590.45,7.71,249.856,Carbohydrate
Cholesterol,C8H30N5O9,510.6,N/A,370.019,Lipid
Dopamine,C14H39N3O7,294.76,N/A,158.595,Amide
Adrenaline,C1H26N3O10,802.26,10.35,895.329,Lipid
Adenosine triphosphate,C19H32N0O2,556.09,5.77,162.762,Organic Compound
Urea,C8H16N4O7,73.27,N/A,996.995,Organic Compound
Urea,C1H8N1O4,765.9,4.28,473.891,Neurotransmitter
Serotonin,C15H14N3O5,712.71,N/A,239.856,Alcohol
Glucose,C12H23N1O2,864.91,5.1,0.255,Alkaloid
Aspirin,C18H11N5O0,593.22,11.6,872.403,Neurotransmitter
Ethanol,C10H40N4O0,697.59,N/A,525.542,Carbohydrate
Urea,C19H30N2O1,434.0,6.94,801.477,Hormone
Glucose,C6H18N3O6,541.03,6.29,887.728,Nucleotide
Dopamine,C11H11N2O9,439.71,N/A,574.602,Organic Compound
Aspirin,C1H28N3O6,451.55,3.86,91.304,Lipid
Aspirin,C13H11N1O8,279.47,8.95,212.513,Lipid
Glucose,C2H5N1O0,375.87,2.66,647.162,Alkaloid
Caffeine,C2H3N3O6,741.86,11.56,382.885,Organic Compound
Dopamine,C18H20N4O0,629.19,2.58,976.854,Carbohydrate
Serotonin,C14H35N1O7,321.11,2.45,257.545,Nucleotide
Urea,C5H33N0O4,843.22,11.03,217.8,Hormone
Ethanol,C5H27N3O3,460.2,N/A,463.622,Neurotransmitter
Serotonin,C5H9N5O0,821.49,12.84,59.219,Lipid
Dopamine,C6H16N3O5,189.02,8.0,981.837,Alcohol
Aspirin,C2H29N4O9,631.8,6.7,817.925,Organic Compound
Serotonin,C15H39N5O1,779.18,7.47,591.523,Amide
Adenosine triphosphate,C15H3N5O6,882.44,1.95,556.265,Carbohydrate
Cholesterol,C12H28N0O4,66.87,7.44,69.473,Carbohydrate
Caffeine,C5H1N4O1,459.44,N/A,866.066,Carbohydrate
Glucose,C16H2N5O0,154.98,4.37,531.579,Alkaloid
Adenosine triphosphate,C11H18N0O3,444.39,4.64,236.113,Alkaloid
Adenosine triphosphate,C8H20N5O1,234.42,3.58,328.997,Alkaloid
Dopamine,C11H32N0O2,949.83,6.1,842.713,Alkaloid
Dopamine,C4H10N5O6,911.72,12.84,995.641,Amide
Ethanol,C14H34N1O1,744.93,4.27,258.979,Neurotransmitter
Urea,C3H9N4O3,310.95,8.87,508.005,Alkaloid
Caffeine,C17H38N5O7,503.63,2.96,893.687,Organic Compound
Aspirin,C4H38N1O8,815.42,9.56,166.81,Hormone
Adenosine triphosphate,C9H34N5O10,215.6,9.35,312.458,Hormone
Glucose,C10H33N0O8,974.58,4.13,332.355,Carbohydrate
Ethanol,C1H14N5O8,874.88,3.38,231.585,Neurotransmitter
Serotonin,C6H4N2O7,949.99,2.45,651.684,Lipid
Aspirin,C13H25N1O0,997.09,13.7,613.316,Organic Compound
Dopamine,C8H20N5O6,658.35,3.62,351.092,Carbohydrate
Adrenaline,C14H26N4O2,912.38,2.7,769.582,Organic Compound
Glucose,C14H36N1O2,228.34,6.06,774.367,Organic Compound
Adenosine triphosphate,C2H40N5O7,467.37,4.91,966.073,Amide
Caffeine,C15H31N5O4,764.63,N/A,428.481,Organic Compound
Ethanol,C19H14N3O0,111.4,5.79,245.138,Organic Compound
Ethanol,C4H26N3O0,573.31,7.0,398.858,Amide
Glucose,C1H7N3O7,773.14,N/A,101.028,Amide
Adrenaline,C5H22N5O8,459.49,N/A,547.631,Amide
Cholesterol,C8H33N4O9,577.95,4.5,10.293,Lipid
Aspirin,C10H12N5O1,826.23,10.42,138.908,Lipid
Urea,C9H37N4O7,770.53,10.29,545.688,Hormone
Serotonin,C11H10N4O1,938.5,10.16,700.56,Lipid
Serotonin,C5H33N0O0,330.78,N/A,914.617,Alkaloid
Adenosine triphosphate,C15H38N3O1,840.68,9.65,639.354,Neurotransmitter
Serotonin,C14H11N2O9,540.42,10.81,104.039,Neurotransmitter
Aspirin,C8H24N0O8,801.55,N/A,516.433,Alcohol
Cholesterol,C13H6N4O2,222.23,2.49,448.747,Lipid
Cholesterol,C1H1N4O1,348.69,5.29,849.079,Amide
Caffeine,C8H13N0O9,638.92,1.65,485.922,Carbohydrate
Dopamine,C8H4N4O6,111.73,11.66,471.025,Lipid
Glucose,C2H6N0O1,980.38,13.34,562.2,Alkaloid
Adenosine triphosphate,C3H9N2O10,933.94,N/A,539.021,Lipid
Adenosine triphosphate,C7H3N2O6,201.93,5.59,780.477,Organic Compound
Glucose,C4H5N3O5,658.62,4.55,315.23,Hormone
Serotonin,C15H9N5O5,353.73,9.9,707.069,Organic Compound
Caffeine,C19H9N2O2,878.5,N/A,42.287,Organic Compound
Aspirin,C7H37N0O9,102.21,10.25,161.958,Carbohydrate
Serotonin,C5H17N3O3,329.11,6.49,152.492,Alkaloid
Serotonin,C18H14N2O7,918.97,3.28,991.71,Alcohol
Adrenaline,C11H6N4O3,53.05,7.44,325.998,Alkaloid
Serotonin,C7H38N5O6,913.79,4.81,601.131,Hormone
Aspirin,C15H32N0O8,227.57,9.49,340.317,Alkaloid
Urea,C14H14N4O0,492.34,5.84,647.533,Hormone
Glucose,C15H9N1O3,430.12,N/A,491.144,Carbohydrate
Adrenaline,C5H36N5O8,290.41,10.49,749.706,Lipid
Caffeine,C7H7N3O5,869.0,9.71,161.313,Alcohol
Glucose,C6H16N3O0,873.31,N/A,584.25,Lipid
Aspirin,C17H17N5O9,469.67,11.06,392.695,Nucleotide
Serotonin,C6H34N4O0,609.95,1.25,618.072,Nucleotide
Ethanol,C10H32N3O1,664.82,3.32,251.813,Alkaloid
Cholesterol,C15H20N1O5,822.2,4.57,647.904,Amide
Cholesterol,C14H29N0O4,129.75,2.09,691.728,Organic Compound
Adrenaline,C7H17N3O5,56.8,5.81,157.499,Nucleotide
Ethanol,C7H24N1O7,694.82,N/A,340.529,Neurotransmitter
Aspirin,C4H39N2O1,921.6,8.63,588.474,Alcohol
Urea,C4H15N0O8,235.48,5.31,244.627,Hormone
Cholesterol,C2H26N0O0,342.45,N/A,149.054,Alcohol
Caffeine,C12H19N3O4,451.66,8.63,136.998,Alcohol
Serotonin,C5H6N3O8,824.42,5.96,497.16,Nucleotide
Dopamine,C12H24N5O2,239.9,7.06,393.964,Lipid
Cholesterol,C5H20N4O8,644.95,4.54,986.569,Organic Compound
Adenosine triphosphate,C16H1N1O3,177.43,6.53,219.318,Carbohydrate
Caffeine,C5H1N0O2,133.57,11.99,740.79,Lipid
Cholesterol,C5H25N5O5,608.58,7.87,732.185,Neurotransmitter
Serotonin,C5H2N0O6,934.75,N/A,223.002,Organic Compound
Adenosine triphosphate,C20H33N1O0,836.52,4.41,928.773,Carbohydrate
Dopamine,C1H16N0O5,342.52,13.78,540.84,Nucleotide
Ethanol,C6H19N1O6,326.41,3.66,743.187,Lipid
Dopamine,C8H29N4O2,483.09,11.52,993.625,Lipid
Dopamine,C17H34N2O7,168.96,N/A,961.917,Carbohydrate
Adenosine triphosphate,C10H26N2O3,457.01,12.63,535.988,Neurotransmitter
Aspirin,C4H32N3O2,342.9,9.16,912.223,Alcohol
Caffeine,C10H16N3O7,700.99,6.31,498.07,Alkaloid
Urea,C5H34N3O4,108.87,7.77,140.99,Hormone
Serotonin,C6H40N5O6,188.45,8.34,304.518,Lipid
Cholesterol,C2H28N3O7,220.04,2.06,905.61,Organic Compound
Aspirin,C4H25N4O3,543.88,5.95,888.414,Alkaloid
Caffeine,C8H9N0O8,366.53,10.64,438.534,Carbohydrate
Dopamine,C5H33N4O5,797.32,5.75,844.579,Amide
Glucose,C16H36N2O1,243.22,3.49,683.05,Neurotransmitter
Ethanol,C19H27N2O4,622.18,N/A,86.348,Amide
Adenosine triphosphate,C5H33N5O4,105.51,3.35,821.466,Alcohol
Adenosine triphosphate,C7H23N0O1,781.15,9.59,394.846,Amide
Urea,C12H39N1O8,933.35,7.97,241.754,Lipid
Cholesterol,C2H9N3O2,830.8,N/A,351.664,Lipid
Urea,C15H21N1O5,106.74,13.59,383.631,Hormone
Glucose,C10H6N0O4,648.0,7.41,222.116,Organic Compound
Urea,C1H10N1O0,435.05,11.81,106.912,Lipid
Glucose,C10H18N5O10,171.56,5.66,761.899,Carbohydrate
Ethanol,C10H29N0O0,124.61,3.51,882.906,Carbohydrate
Glucose,C12H25N5O2,120.83,7.15,429.975,Carbohydrate
Cholesterol,C13H23N4O9,218.97,3.9,998.65,Alkaloid
Serotonin,C14H14N0O9,72.45,6.3,114.195,Amide
Serotonin,C16H36N0O9,662.86,11.48,703.065,Hormone
Glucose,C14H28N4O0,206.9,11.3,970.186,Organic Compound
Glucose,C8H18N1O7,720.63,12.05,830.612,Carbohydrate
Caffeine,C17H36N5O10,755.21,N/A,77.815,Lipid
Aspirin,C2H17N0O1,269.25,7.89,460.707,Nucleotide
Caffeine,C9H9N1O7,203.45,2.33,576.952,Nucleotide
Cholesterol,C2H1N3O0,659.55,3.7,931.997,Lipid
Ethanol,C13H3N3O7,995.24,N/A,700.468,Alcohol
Urea,C16H39N1O8,782.6,N/A,240.548,Carbohydrate
Ethanol,C4H34N0O5,767.67,7.19,514.018,Organic Compound
Aspirin,C18H38N5O2,561.94,7.19,837.902,Nucleotide
Glucose,C12H24N5O9,68.57,N/A,536.577,Alkaloid
Adrenaline,C19H2N3O9,876.87,N/A,85.615,Organic Compound
Adenosine triphosphate,C8H24N1O5,910.89,4.71,306.696,Amide
Adrenaline,C18H26N1O10,358.08,3.8,550.963,Neurotransmitter
Aspirin,C20H19N3O7,503.18,2.38,940.576,Alcohol
Cholesterol,C15H28N4O0,456.63,7.22,634.874,Alcohol
Serotonin,C9H3N5O6,831.22,7.44,130.024,Hormone
Adenosine triphosphate,C20H11N5O0,286.03,5.46,135.208,Nucleotide
Serotonin,C18H25N5O4,874.66,1.87,193.601,Hormone
Glucose,C11H15N0O4,337.18,11.49,259.992,Amide
Urea,C13H3N5O2,493.98,6.95,779.914,Hormone
Cholesterol,C18H12N4O0,396.82,3.61,286.347,Hormone
Ethanol,C9H16N5O2,472.52,5.48,461.762,Neurotransmitter
Glucose,C1H32N5O3,287.42,5.03,985.444,Alkaloid
Dopamine,C12H6N5O0,103.21,9.22,352.631,Hormone
Caffeine,C14H34N1O8,311.94,5.34,749.114,Hormone
Adenosine triphosphate,C17H12N3O0,857.59,13.11,971.789,Alcohol
Dopamine,C3H34N2O4,983.93,12.65,622.659,Nucleotide
Cholesterol,C14H5N2O1,237.73,4.44,648.398,Lipid
Dopamine,C18H9N1O4,655.84,7.95,636.54,Hormone
Urea,C19H37N4O4,554.21,N/A,577.968,Lipid
Caffeine,C8H37N3O7,499.6,7.57,356.359,Neurotransmitter
Cholesterol,C12H31N0O3,632.04,8.14,527.007,Carbohydrate
Dopamine,C2H37N2O5,946.43,N/A,877.214,Neurotransmitter
Ethanol,C19H26N0O4,554.46,2.7,944.023,Alcohol
Caffeine,C6H6N1O10,964.64,5.24,741.899,Alcohol
Cholesterol,C10H24N2O1,857.55,11.06,936.63,Nucleotide
Adrenaline,C5H11N4O9,526.79,3.08,926.846,Carbohydrate
Urea,C20H35N3O1,182.55,10.96,17.271,Carbohydrate
Adenosine triphosphate,C11H14N3O1,550.76,1.77,879.522,Organic Compound
Serotonin,C12H34N1O2,819.77,7.86,455.149,Carbohydrate
Caffeine,C5H35N0O4,946.5,2.53,372.738,Carbohydrate
Dopamine,C4H26N3O8,930.08,11.56,769.291,Neurotransmitter
Glucose,C14H26N1O0,671.36,10.93,442.098,Hormone
Caffeine,C5H29N3O10,634.36,1.65,614.384,Neurotransmitter
Dopamine,C19H21N4O0,860.42,2.46,342.059,Carbohydrate
Urea,C11H39N4O6,371.32,N/A,940.984,Nucleotide
Dopamine,C11H35N4O6,655.45,13.79,558.586,Alcohol
Ethanol,C4H38N2O1,239.65,2.04,850.303,Lipid
Caffeine,C18H11N3O9,547.33,6.6,406.775,Hormone
Caffeine,C3H9N0O2,62.2,N/A,485.68,Nucleotide
Ethanol,C12H20N5O1,934.38,N/A,782.909,Organic Compound
Dopamine,C15H14N5O4,931.78,4.13,633.227,Amide
Caffeine,C8H6N0O5,632.48,5.59,816.817,Carbohydrate
Urea,C6H38N3O2,702.36,5.71,234.144,Hormone
Adenosine triphosphate,C2H1N4O8,625.64,N/A,815.233,Organic Compound
Urea,C10H26N0O2,534.46,6.18,736.063,Organic Compound
Caffeine,C17H16N0O3,927.56,9.17,260.186,Carbohydrate
Urea,C19H5N4O10,859.23,5.64,916.423,Neurotransmitter
Adrenaline,C5H13N5O6,580.49,3.1,521.748,Nucleotide
Glucose,C16H2N4O2,70.69,N/A,341.6,Alkaloid
Adrenaline,C11H23N5O2,946.09,N/A,496.984,Organic Compound
Glucose,C14H12N1O7,302.55,5.17,212.625,Nucleotide
Glucose,C7H35N4O6,476.47,8.59,214.828,Organic Compound
Ethanol,C15H15N5O7,515.44,13.77,18.737,Nucleotide
Aspirin,C5H14N5O3,376.49,3.74,462.774,Carbohydrate
Glucose,C19H40N3O8,380.16,N/A,843.242,Carbohydrate
Cholesterol,C13H1N1O8,437.48,13.1,119.228,Alcohol
Glucose,C10H8N0O7,91.08,N/A,384.185,Nucleotide
Aspirin,C1H31N1O6,898.93,N/A,193.705,Lipid
Serotonin,C12H31N5O1,130.28,N/A,75.845,Lipid
Caffeine,C2H23N0O3,905.97,13.2,44.156,Nucleotide
Adrenaline,C3H35N0O2,98.68,6.93,801.709,Nucleotide
Glucose,C18H11N5O0,173.16,10.52,121.394,Hormone
Aspirin,C3H4N3O8,894.25,3.36,181.411,Lipid
Glucose,C5H19N1O7,455.18,12.17,545.825,Amide
Dopamine,C5H6N2O9,780.92,9.77,939.283,Nucleotide
Adrenaline,C12H12N5O10,271.4,13.97,422.625,Amide
Adrenaline,C15H40N2O8,176.56,10.29,709.412,Carbohydrate
Cholesterol,C15H30N3O0,894.63,7.27,499.399,Carbohydrate
Dopamine,C16H10N4O10,629.17,6.08,234.477,Lipid
Adenosine triphosphate,C18H9N0O1,767.56,12.35,536.865,Organic Compound
Caffeine,C1H14N3O1,647.28,13.34,577.867,Alkaloid
Caffeine,C11H33N0O10,368.84,3.19,582.124,Organic Compound
Adrenaline,C9H40N5O10,939.76,3.38,893.002,Lipid
Caffeine,C19H13N5O3,242.67,4.52,684.369,Lipid
Adrenaline,C7H31N5O5,369.36,N/A,705.802,Organic Compound
Caffeine,C20H21N0O7,507.28,12.25,260.925,Nucleotide
Adrenaline,C16H12N4O5,535.66,7.97,734.927,Alkaloid
Ethanol,C12H10N1O10,439.37,8.9,910.89,Nucleotide
Caffeine,C8H12N3O3,157.04,10.15,774.958,Alcohol
Ethanol,C3H27N4O5,54.57,N/A,47.993,Nucleotide
Cholesterol,C5H6N4O5,389.1,11.77,512.074,Alcohol
Adenosine triphosphate,C2H8N0O1,530.32,N/A,516.0,Neurotransmitter
Adenosine triphosphate,C10H9N4O7,103.41,N/A,136.452,Carbohydrate
Urea,C2H3N4O4,536.31,3.13,172.373,Nucleotide
Serotonin,C11H31N2O2,714.26,6.0,182.149,Hormone
Aspirin,C13H40N4O6,695.49,9.44,138.037,Alkaloid
Urea,C6H7N2O6,993.69,N/A,836.255,Hormone
Caffeine,C11H26N1O8,987.23,N/A,823.422,Neurotransmitter
Serotonin,C13H23N2O5,866.87,4.28,134.702,Hormone
Cholesterol,C4H36N4O5,256.14,11.07,511.274,Lipid
Dopamine,C9H35N4O1,132.24,4.65,39.828,Lipid
Glucose,C14H23N1O4,882.37,9.91,724.446,Alcohol
Ethanol,C3H5N4O1,867.15,10.41,947.132,Nucleotide
Serotonin,C2H21N5O9,855.16,13.4,489.439,Carbohydrate
Cholesterol,C7H33N1O0,352.56,10.66,129.149,Nucleotide
Caffeine,C16H19N4O9,837.7,7.16,418.159,Alcohol
Urea,C16H16N0O6,408.66,9.96,703.847,Alkaloid
Urea,C12H14N1O0,354.7,12.34,264.675,Carbohydrate
Serotonin,C18H15N1O1,760.27,13.93,290.566,Lipid
Dopamine,C18H38N5O1,94.45,N/A,655.958,Lipid
Urea,C19H34N0O4,759.85,4.19,189.12,Nucleotide
Cholesterol,C14H15N2O7,833.05,N/A,130.532,Alkaloid
Cholesterol,C7H17N5O5,473.43,9.22,719.729,Carbohydrate
Adrenaline,C10H18N4O6,672.96,4.7,814.742,Lipid
Dopamine,C3H14N2O9,296.31,4.73,986.894,Organic Compound
Adrenaline,C10H2N3O6,575.45,12.78,754.786,Alkaloid
Aspirin,C17H5N3O6,754.09,12.17,878.639,Lipid
Urea,C3H21N3O10,508.94,11.41,460.022,Alkaloid
Urea,C6H4N3O2,658.68,N/A,676.044,Alcohol
Serotonin,C9H5N3O7,720.85,5.41,914.779,Hormone
Adrenaline,C19H5N5O8,340.5,N/A,658.774,Alkaloid
Urea,C13H35N3O4,894.11,N/A,837.971,Amide
Aspirin,C13H2N4O3,236.67,N/A,871.851,Alcohol
Dopamine,C15H38N4O0,326.23,8.54,208.211,Neurotransmitter
Cholesterol,C8H18N5O8,567.66,N/A,649.252,Amide
Aspirin,C11H6N4O6,611.58,12.02,690.48,Alkaloid
Cholesterol,C4H3N4O10,261.89,5.23,160.27,Amide
Caffeine,C7H1N0O10,110.82,7.84,222.213,Nucleotide
Caffeine,C10H27N3O2,815.43,6.18,837.145,Nucleotide
Glucose,C8H23N5O10,740.61,N/A,527.379,Neurotransmitter
Ethanol,C16H18N0O8,198.66,N/A,341.605,Organic Compound
Adenosine triphosphate,C5H25N3O9,325.11,10.03,378.416,Lipid
Adenosine triphosphate,C20H18N4O10,369.04,5.64,6.872,Lipid
Dopamine,C3H19N0O1,237.44,3.62,125.463,Neurotransmitter
Serotonin,C12H10N0O9,294.52,3.73,849.739,Lipid
Adenosine triphosphate,C7H38N5O6,766.03,1.62,880.914,Nucleotide
Adenosine triphosphate,C7H35N2O8,472.26,9.86,874.318,Amide
Urea,C10H23N4O3,998.15,7.35,591.915,Organic Compound
Cholesterol,C11H14N0O10,992.8,7.76,468.862,Neurotransmitter
Cholesterol,C20H21N0O4,638.95,4.31,416.191,Hormone
Cholesterol,C8H13N4O1,303.44,5.17,343.059,Neurotransmitter
Ethanol,C18H16N2O0,986.57,7.03,929.219,Neurotransmitter
Dopamine,C9H9N0O0,985.6,9.58,351.888,Nucleotide
Serotonin,C17H40N3O1,187.86,9.57,606.113,Amide
Adenosine triphosphate,C9H40N4O3,312.64,12.3,612.949,Nucleotide
Aspirin,C17H18N5O7,243.95,N/A,187.025,Nucleotide
Glucose,C2H10N3O0,887.99,N/A,525.423,Hormone
Urea,C12H5N0O2,848.35,5.04,680.46,Alkaloid
Ethanol,C11H26N5O7,214.32,1.64,524.571,Neurotransmitter
Glucose,C10H19N2O7,593.89,1.6,777.702,Alkaloid
Ethanol,C10H18N0O6,92.31,3.23,810.854,Hormone
Ethanol,C12H35N4O3,189.37,3.78,323.402,Amide
Urea,C15H30N0O7,822.62,9.19,6.48,Alcohol
Dopamine,C5H15N2O2,664.94,9.77,37.909,Neurotransmitter
Ethanol,C4H16N5O1,681.07,2.82,665.233,Organic Compound
Adenosine triphosphate,C6H36N0O2,715.78,10.88,740.138,Lipid
Adrenaline,C4H15N3O10,318.32,5.31,476.592,Lipid
Dopamine,C2H22N0O4,932.13,11.84,337.54,Nucleotide
Urea,C16H18N0O7,558.08,4.14,826.91,Hormone
Adenosine triphosphate,C19H4N0O4,400.7,9.9,483.031,Alcohol
Urea,C17H36N0O1,138.7,1.08,991.566,Lipid
Adenosine triphosphate,C14H29N2O6,676.43,N/A,207.524,Hormone
Urea,C11H28N0O1,793.32,7.56,675.892,Alkaloid
Urea,C8H22N3O7,669.5,4.47,803.413,Carbohydrate
Serotonin,C7H21N1O7,683.98,8.25,178.38,Alcohol
Urea,C16H32N3O1,384.23,N/A,664.276,Alcohol
Adrenaline,C6H11N1O0,243.34,N/A,890.32,Alcohol
Adenosine triphosphate,C14H15N5O3,721.23,9.3,302.216,Amide
Dopamine,C5H34N4O10,923.6,12.64,655.78,Amide
Glucose,C17H2N3O6,731.93,10.82,67.789,Lipid
Dopamine,C15H4N4O8,793.19,9.64,984.644,Alcohol
Aspirin,C18H19N2O2,717.04,5.79,433.678,Alkaloid
Adrenaline,C18H7N2O10,962.99,12.56,177.212,Alkaloid
Adenosine triphosphate,C14H39N4O5,880.42,11.38,290.659,Carbohydrate
Dopamine,C10H11N3O6,268.26,13.95,812.474,Lipid
Cholesterol,C8H4N4O5,380.4,9.58,26.982,Carbohydrate
Glucose,C8H30N1O4,316.23,2.25,371.849,Nucleotide
Glucose,C14H20N5O1,309.34,12.12,472.897,Lipid
Serotonin,C11H10N3O2,728.37,10.84,126.667,Amide
Serotonin,C9H5N2O0,601.38,N/A,69.731,Hormone
Dopamine,C9H32N1O1,518.0,11.2,494.668,Organic Compound
Glucose,C6H9N1O0,900.67,12.09,427.284,Lipid
Ethanol,C10H1N5O5,494.46,9.0,466.741,Neurotransmitter
Serotonin,C19H38N3O5,352.51,1.36,961.453,Alcohol
Urea,C20H40N5O2,893.54,2.43,539.943,Hormone
Serotonin,C10H28N0O8,644.49,9.23,869.235,Nucleotide
Aspirin,C20H12N3O4,681.65,8.28,851.126,Lipid
Aspirin,C7H4N4O2,917.1,12.73,976.062,Alkaloid
Adrenaline,C12H33N1O8,742.11,N/A,358.768,Alkaloid
Caffeine,C15H7N2O5,391.41,7.46,100.8,Lipid
Cholesterol,C20H10N0O0,405.76,13.22,127.454,Carbohydrate
Cholesterol,C3H40N2O10,200.73,N/A,236.672,Amide
Cholesterol,C3H21N0O5,193.9,3.28,37.263,Carbohydrate
Ethanol,C9H40N4O8,679.86,13.42,1.945,Alkaloid
Caffeine,C19H2N2O6,308.1,11.89,988.516,Hormone
Urea,C10H19N0O0,655.94,6.46,118.605,Amide
Glucose,C13H35N0O2,822.9,13.48,668.69,Lipid
Adrenaline,C1H38N4O3,821.75,4.88,661.319,Lipid
Adrenaline,C16H27N5O7,939.24,1.47,685.762,Neurotransmitter
Glucose,C6H8N2O1,881.8,2.8,6.083,Organic Compound
Dopamine,C17H26N3O7,880.52,9.69,2.819,Nucleotide
Cholesterol,C18H23N1O5,822.55,5.33,221.018,Neurotransmitter
Ethanol,C3H23N2O5,861.83,8.89,453.73,Alcohol
Adenosine triphosphate,C4H6N2O0,771.68,1.95,940.183,Lipid
Dopamine,C1H33N3O8,823.29,12.83,122.323,Neurotransmitter
Urea,C7H32N0O3,655.49,5.18,202.346,Nucleotide
Glucose,C4H30N0O4,52.6,2.39,448.038,Alcohol
Serotonin,C4H29N2O7,480.25,5.16,792.893,Neurotransmitter
Serotonin,C2H39N3O3,223.32,N/A,458.251,Organic Compound
Caffeine,C8H6N2O6,892.48,N/A,487.237,Alkaloid
Adrenaline,C1H32N1O10,813.58,8.88,838.803,Lipid
Aspirin,C14H20N0O4,423.73,2.57,57.441,Nucleotide
Caffeine,C2H14N1O10,289.75,8.54,502.521,Carbohydrate
Dopamine,C17H18N2O1,539.17,3.46,958.3,Nucleotide
Serotonin,C16H15N2O7,789.89,N/A,589.695,Amide
Adrenaline,C10H39N0O9,687.15,N/A,700.817,Lipid
Aspirin,C17H39N2O0,662.4,9.3,219.466,Hormone
Adenosine triphosphate,C13H32N4O6,316.7,N/A,995.946,Alkaloid
Urea,C4H12N4O2,373.35,6.02,110.544,Nucleotide
Ethanol,C7H13N1O8,669.01,1.32,22.209,Alkaloid
Urea,C15H18N2O1,126.8,N/A,998.775,Nucleotide
Serotonin,C13H1N0O10,629.32,N/A,330.058,Alcohol
Adrenaline,C11H16N1O5,528.33,N/A,760.271,Neurotransmitter
Cholesterol,C10H38N5O1,922.87,6.14,159.501,Organic Compound
Glucose,C18H14N0O9,309.62,4.88,94.0,Carbohydrate
Aspirin,C2H1N3O3,257.07,3.1,871.055,Alkaloid
Caffeine,C13H13N1O0,586.5,1.09,227.252,Carbohydrate
Cholesterol,C10H39N2O10,381.26,1.63,957.086,Organic Compound
Urea,C2H26N5O2,308.0,N/A,335.456,Nucleotide
Serotonin,C16H7N0O0,498.64,5.22,133.652,Amide
Serotonin,C14H21N5O1,96.69,8.8,466.123,Alkaloid
Adrenaline,C16H8N1O4,137.09,7.97,458.329,Carbohydrate
Caffeine,C4H7N5O5,170.91,4.32,838.901,Lipid
Ethanol,C9H9N1O8,630.55,4.31,283.778,Alkaloid
Dopamine,C16H8N0O10,984.01,3.48,708.701,Amide
Urea,C6H38N4O8,377.34,N/A,714.38,Lipid
Adenosine triphosphate,C17H5N5O5,572.14,7.23,863.885,Nucleotide
Urea,C2H29N2O6,650.51,5.37,151.603,Alcohol
Adrenaline,C4H17N1O0,662.83,7.12,815.374,Alkaloid
Cholesterol,C9H33N5O8,457.24,7.16,173.314,Amide
Ethanol,C13H38N5O0,554.6,2.66,114.926,Lipid
Glucose,C8H36N3O7,109.79,N/A,893.265,Organic Compound
Ethanol,C8H12N1O3,569.41,N/A,593.224,Hormone
Serotonin,C14H23N2O4,257.25,N/A,303.864,Hormone
Caffeine,C5H33N1O4,507.57,6.17,928.262,Alcohol
Aspirin,C20H18N2O4,569.4,9.0,190.522,Alcohol
Serotonin,C8H33N4O10,471.91,13.53,352.034,Amide
Adrenaline,C9H17N1O4,237.64,5.03,880.651,Neurotransmitter
Aspirin,C19H16N0O9,286.69,8.82,941.73,Alcohol
Adrenaline,C15H20N2O8,648.79,11.79,88.039,Lipid
Glucose,C13H36N4O7,755.48,2.79,320.665,Lipid
Adenosine triphosphate,C12H38N0O8,451.06,12.97,673.929,Nucleotide
Adenosine triphosphate,C10H12N5O3,233.66,8.98,161.858,Organic Compound
Adenosine triphosphate,C10H31N0O0,149.78,12.68,646.04,Nucleotide
Aspirin,C13H40N0O7,108.29,6.81,11.596,Alkaloid
Adrenaline,C5H10N4O3,965.63,5.45,486.473,Organic Compound
Cholesterol,C8H21N5O3,849.42,5.77,171.984,Organic Compound
Adenosine triphosphate,C12H14N1O5,901.56,5.33,585.249,Alkaloid
Caffeine,C15H38N4O7,827.0,2.5,64.702,Amide
Adrenaline,C8H10N1O5,134.02,6.39,808.704,Amide
Ethanol,C15H13N2O2,927.59,N/A,590.151,Alcohol
Adrenaline,C4H3N3O9,503.17,4.53,795.374,Neurotransmitter
Aspirin,C10H30N5O1,563.41,8.72,998.586,Carbohydrate
Urea,C7H37N0O0,991.06,1.47,507.704,Lipid
Adrenaline,C20H25N3O1,988.02,8.33,555.395,Hormone
Adenosine triphosphate,C6H37N4O6,699.89,N/A,46.326,Hormone
Caffeine,C19H39N2O2,869.54,9.91,920.221,Amide
Glucose,C2H22N4O9,631.5,1.71,946.316,Lipid
Cholesterol,C10H26N2O9,913.4,11.41,596.036,Carbohydrate
Serotonin,C17H31N3O5,823.15,N/A,617.293,Lipid
Adenosine triphosphate,C15H26N1O9,844.39,N/A,849.018,Carbohydrate
Serotonin,C17H21N0O2,183.22,3.86,660.797,Amide
Adrenaline,C11H33N3O7,320.66,1.9,968.271,Amide
Caffeine,C9H30N4O3,702.44,10.63,230.393,Alkaloid
Caffeine,C18H34N4O3,785.44,13.01,590.961,Lipid
Caffeine,C7H40N4O10,332.09,4.98,922.182,Nucleotide
Adenosine triphosphate,C14H32N5O5,851.99,3.18,627.02,Hormone
Ethanol,C6H2N5O10,522.95,7.1,6.878,Neurotransmitter
Ethanol,C11H32N4O10,681.11,N/A,521.77,Nucleotide
Caffeine,C3H4N0O4,971.47,N/A,741.145,Alcohol
Ethanol,C16H20N4O1,246.55,N/A,176.037,Carbohydrate
Aspirin,C19H34N5O2,293.68,7.73,360.054,Carbohydrate
Aspirin,C12H40N0O1,835.51,3.6,260.496,Alkaloid
Caffeine,C12H30N2O10,93.08,10.23,756.269,Carbohydrate
Cholesterol,C5H28N3O3,397.63,12.55,116.934,Neurotransmitter
Adenosine triphosphate,C3H27N3O2,637.3,1.45,831.211,Carbohydrate
Urea,C2H1N0O3,439.47,5.58,76.676,Neurotransmitter
Cholesterol,C16H19N4O1,928.27,5.8,226.311,Lipid
Urea,C3H6N1O0,801.12,1.26,717.06,Hormone
Aspirin,C9H23N3O9,733.24,12.87,669.599,Nucleotide
Cholesterol,C18H5N4O1,413.36,N/A,446.977,Carbohydrate
Cholesterol,C7H40N3O5,533.4,10.87,503.004,Nucleotide
Serotonin,C20H13N3O0,311.56,12.5,371.335,Organic Compound
Glucose,C18H38N3O10,496.07,7.49,354.508,Neurotransmitter
Adrenaline,C16H18N3O1,339.52,N/A,877.101,Hormone
Cholesterol,C16H39N2O1,647.4,7.88,442.621,Carbohydrate
Adrenaline,C4H40N2O5,367.44,N/A,12.596,Carbohydrate
Aspirin,C4H31N4O2,851.62,7.53,119.719,Lipid
Aspirin,C20H22N4O3,578.28,12.83,78.984,Neurotransmitter
Adenosine triphosphate,C12H30N5O1,820.36,10.25,256.701,Alkaloid
Cholesterol,C9H24N2O4,965.31,4.07,109.76,Lipid
Urea,C1H28N5O9,157.99,1.96,233.867,Neurotransmitter
Urea,C11H18N2O6,215.08,10.79,877.461,Carbohydrate
Dopamine,C6H34N0O9,751.23,3.18,555.2,Nucleotide
Dopamine,C17H38N4O4,71.09,8.81,728.183,Alkaloid
Aspirin,C5H1N2O4,215.89,11.21,58.461,Lipid
Serotonin,C17H1N0O10,962.38,3.65,993.404,Organic Compound
Adenosine triphosphate,C3H32N4O7,485.38,10.41,858.797,Alkaloid
Dopamine,C18H22N0O3,730.26,1.72,88.891,Nucleotide
Glucose,C15H5N0O6,226.49,6.13,581.617,Amide
Ethanol,C16H5N3O2,910.25,12.76,35.469,Nucleotide
Caffeine,C17H25N1O10,826.28,N/A,401.442,Hormone
Caffeine,C2H16N4O0,415.02,7.19,63.401,Nucleotide
Ethanol,C1H20N2O10,784.58,9.57,144.305,Neurotransmitter
Dopamine,C13H7N0O3,51.88,10.61,144.985,Carbohydrate
Adenosine triphosphate,C8H15N2O2,545.26,3.85,664.704,Neurotransmitter
Glucose,C3H33N5O3,839.69,1.75,61.056,Lipid
Adenosine triphosphate,C13H3N1O0,481.26,3.82,789.104,Neurotransmitter
Dopamine,C3H17N0O7,864.16,5.03,22.132,Lipid
Adenosine triphosphate,C4H24N1O5,69.31,9.13,426.535,Alcohol
Dopamine,C15H10N1O2,630.28,13.7,668.588,Alkaloid
Dopamine,C11H22N1O4,270.24,N/A,878.171,Alcohol
Caffeine,C8H4N5O4,758.82,5.65,60.847,Alkaloid
Glucose,C10H31N3O6,798.41,13.57,322.753,Nucleotide
Glucose,C6H4N4O5,569.88,3.14,899.621,Amide
Dopamine,C6H9N2O7,275.41,4.68,331.514,Lipid
Adenosine triphosphate,C12H2N1O7,581.25,N/A,873.891,Nucleotide
Ethanol,C15H3N4O10,410.84,13.26,34.783,Alkaloid
Serotonin,C1H35N2O4,687.07,N/A,9.037,Alcohol
Adrenaline,C10H28N1O1,415.71,13.94,446.098,Amide
Glucose,C15H6N4O4,444.83,8.74,896.343,Organic Compound
Adenosine triphosphate,C3H27N3O5,932.51,10.37,891.45,Hormone
Dopamine,C14H22N0O8,895.63,1.48,711.652,Alcohol
Adenosine triphosphate,C1H3N2O7,551.24,2.37,865.41,Alcohol
Caffeine,C3H13N3O4,602.14,6.96,592.723,Nucleotide
Glucose,C1H18N0O10,940.94,6.57,637.038,Neurotransmitter
Adrenaline,C4H16N4O1,847.84,5.86,132.607,Lipid
Dopamine,C2H40N1O3,181.33,5.8,935.152,Amide
Caffeine,C20H11N3O6,918.12,1.96,475.354,Alkaloid
Adrenaline,C20H9N2O5,786.54,13.41,239.771,Neurotransmitter
Ethanol,C2H14N2O10,357.21,2.41,296.126,Nucleotide
Glucose,C11H16N1O9,393.19,7.59,209.556,Alcohol
Ethanol,C20H17N2O9,434.62,N/A,725.635,Nucleotide
Adenosine triphosphate,C9H21N5O1,511.97,N/A,570.111,Alcohol
Serotonin,C12H29N3O2,667.63,11.37,338.456,Organic Compound
Ethanol,C1H11N4O0,881.06,N/A,430.044,Lipid
Serotonin,C1H39N3O4,278.98,N/A,311.916,Alkaloid
Urea,C16H32N5O4,934.8,8.21,567.085,Amide
Urea,C5H26N3O10,803.16,5.46,750.63,Organic Compound
Adenosine triphosphate,C12H15N0O9,986.99,7.73,544.665,Lipid
Aspirin,C2H16N2O7,599.82,4.87,945.394,Alkaloid
Caffeine,C16H38N2O1,705.6,4.45,72.129,Carbohydrate
Ethanol,C9H23N5O5,199.61,7.29,480.819,Hormone
Dopamine,C11H7N3O4,835.85,11.39,714.463,Lipid
Dopamine,C6H32N3O0,253.62,8.4,525.17,Hormone
Glucose,C16H32N3O10,124.56,1.71,648.068,Hormone
Serotonin,C2H9N0O1,174.11,13.86,826.784,Carbohydrate
Cholesterol,C3H1N5O5,462.11,N/A,551.864,Amide
Aspirin,C16H40N1O1,846.39,7.38,789.478,Lipid
Adenosine triphosphate,C13H19N1O4,181.48,4.55,274.944,Organic Compound
Dopamine,C14H13N3O6,802.88,13.09,594.737,Alcohol
Glucose,C4H2N0O1,375.99,13.25,27.438,Neurotransmitter
Caffeine,C3H33N3O7,824.99,6.89,310.002,Nucleotide
Dopamine,C13H22N3O2,250.88,8.15,106.693,Neurotransmitter
Cholesterol,C7H25N0O8,622.6,N/A,315.773,Lipid
Adenosine triphosphate,C10H32N1O0,635.84,12.06,530.724,Carbohydrate
Serotonin,C13H3N3O10,223.63,5.51,379.412,Alkaloid
Aspirin,C8H8N2O8,741.77,12.51,700.233,Amide
Adenosine triphosphate,C3H33N5O2,671.27,1.79,650.726,Amide
Urea,C7H26N0O7,108.22,2.2,266.042,Amide
Glucose,C1H38N5O7,336.77,12.31,511.35,Neurotransmitter
Caffeine,C7H24N0O4,952.93,7.58,532.816,Carbohydrate
Caffeine,C1H40N5O9,100.91,2.51,323.975,Alkaloid
Aspirin,C1H15N2O6,332.84,3.65,893.156,Alcohol
Urea,C18H30N5O3,257.04,12.83,131.165,Hormone
Dopamine,C20H23N1O3,262.72,10.82,532.282,Alcohol
Adrenaline,C15H24N0O1,297.51,5.59,765.828,Carbohydrate
Cholesterol,C20H14N2O6,244.32,11.78,714.62,Alcohol
Ethanol,C19H34N4O6,77.4,3.95,772.788,Neurotransmitter
Adenosine triphosphate,C6H17N4O9,385.18,N/A,959.871,Alkaloid
Caffeine,C13H5N5O2,787.44,11.02,830.854,Lipid
Ethanol,C3H34N3O8,210.01,13.43,463.148,Amide
Caffeine,C14H23N3O2,353.28,2.68,305.774,Alkaloid
Dopamine,C11H37N0O6,354.71,2.89,544.858,Hormone
Dopamine,C8H6N1O4,699.28,10.63,37.059,Lipid
Urea,C2H8N1O10,79.74,5.06,604.672,Hormone
Dopamine,C5H28N5O9,260.69,9.8,112.14,Alkaloid
Cholesterol,C18H14N0O7,691.76,4.57,389.431,Alcohol
Dopamine,C1H14N2O1,59.75,6.55,852.861,Alkaloid
Urea,C1H35N0O4,238.37,8.52,240.271,Nucleotide
Caffeine,C15H15N1O1,375.08,N/A,599.395,Alkaloid
Aspirin,C5H6N5O4,123.25,2.3,99.44,Alkaloid
Caffeine,C3H28N2O10,528.23,11.61,8.367,Carbohydrate
Adrenaline,C10H35N1O0,568.09,8.14,581.996,Carbohydrate
Glucose,C13H18N0O9,230.14,10.51,433.889,Alcohol
Glucose,C12H40N3O0,439.54,9.25,446.654,Neurotransmitter
Dopamine,C16H8N0O1,787.65,N/A,19.845,Hormone
Adenosine triphosphate,C17H2N3O10,811.17,12.32,582.234,Alcohol
Adrenaline,C14H26N5O6,153.77,N/A,25.232,Neurotransmitter
Adrenaline,C20H16N2O0,734.66,3.6,959.997,Hormone
Glucose,C18H25N5O0,486.27,N/A,304.895,Amide
Adenosine triphosphate,C17H38N2O5,487.67,5.83,879.64,Carbohydrate
Dopamine,C3H29N2O4,774.6,1.09,37.949,Alcohol
Adenosine triphosphate,C13H8N0O5,710.11,6.73,67.079,Lipid
Adenosine triphosphate,C2H32N3O10,980.65,3.05,67.006,Carbohydrate
Adrenaline,C10H26N0O7,310.23,N/A,575.478,Carbohydrate
Urea,C4H37N0O4,622.29,10.48,125.071,Carbohydrate
Urea,C9H37N5O4,846.79,6.15,299.112,Hormone
Glucose,C4H25N2O10,314.64,13.48,347.849,Nucleotide
Adenosine triphosphate,C19H37N2O8,95.17,12.8,872.922,Organic Compound
Aspirin,C6H33N2O0,626.47,N/A,340.045,Alcohol
Cholesterol,C3H25N5O3,265.85,3.91,167.582,Organic Compound
Adrenaline,C18H27N3O10,780.37,11.46,513.773,Nucleotide
Aspirin,C5H17N0O5,609.58,4.53,874.673,Amide
Cholesterol,C16H1N5O3,151.58,13.63,372.275,Lipid
Adrenaline,C5H8N1O8,647.34,3.42,229.149,Organic Compound
Caffeine,C13H9N3O7,387.81,6.62,611.76,Organic Compound
Urea,C3H14N4O7,834.36,N/A,145.389,Carbohydrate
Aspirin,C13H4N4O4,780.37,11.13,256.249,Carbohydrate
Cholesterol,C15H26N3O1,812.69,3.67,549.591,Hormone
Serotonin,C8H22N4O2,363.94,2.52,517.247,Nucleotide
Cholesterol,C10H27N1O7,949.75,7.85,811.689,Neurotransmitter
Dopamine,C17H21N4O6,422.58,5.63,537.661,Nucleotide
Serotonin,C9H38N2O2,364.49,4.13,377.087,Hormone
Urea,C10H7N3O3,764.37,4.39,167.579,Alcohol
Serotonin,C16H35N2O5,519.9,N/A,294.371,Lipid
Aspirin,C14H6N5O1,451.61,1.32,585.741,Amide
Adrenaline,C18H13N1O1,294.78,4.57,345.618,Neurotransmitter
Aspirin,C16H17N0O7,86.76,4.36,814.92,Alkaloid
Serotonin,C5H4N2O4,323.82,N/A,137.143,Alkaloid
Aspirin,C1H14N3O0,886.01,7.8,921.441,Alkaloid
Glucose,C11H13N3O7,983.33,N/A,743.38,Alkaloid
Caffeine,C3H27N0O1,318.35,11.58,183.715,Hormone
Caffeine,C10H12N5O7,554.64,6.22,721.665,Organic Compound
Ethanol,C17H11N0O8,600.44,1.83,502.466,Alcohol
Glucose,C3H17N1O9,771.01,11.04,930.09,Alkaloid
Ethanol,C13H5N5O9,950.24,6.65,141.743,Alcohol
Ethanol,C3H15N2O1,710.4,5.27,243.95,Amide
Dopamine,C3H29N1O9,338.01,N/A,340.554,Alkaloid
Serotonin,C16H5N1O0,800.93,1.25,731.649,Neurotransmitter
Urea,C7H9N4O9,863.89,2.95,779.251,Neurotransmitter
Ethanol,C19H12N5O8,241.86,N/A,54.495,Carbohydrate
Glucose,C9H16N4O0,997.45,N/A,520.802,Organic Compound
Serotonin,C15H1N3O7,138.66,N/A,281.688,Alkaloid
Dopamine,C8H20N3O2,914.11,6.06,718.589,Alkaloid
Caffeine,C19H28N4O8,675.61,11.81,867.301,Neurotransmitter
Adrenaline,C7H22N3O0,404.73,7.34,255.058,Alkaloid
Aspirin,C7H12N2O8,400.4,4.97,288.524,Neurotransmitter
Aspirin,C14H3N3O10,224.44,9.61,931.526,Neurotransmitter
Adenosine triphosphate,C15H24N2O4,695.63,7.05,816.984,Alkaloid
Ethanol,C2H13N4O3,628.2,5.16,960.761,Carbohydrate
Cholesterol,C1H26N5O4,237.89,13.53,242.59,Neurotransmitter
Adenosine triphosphate,C12H16N4O10,734.22,6.71,290.311,Hormone
Adrenaline,C8H38N4O2,383.61,N/A,965.799,Hormone
Serotonin,C19H40N4O3,563.08,13.81,609.413,Alcohol
Ethanol,C19H15N4O0,323.7,4.51,167.593,Hormone
Serotonin,C12H12N5O10,83.62,1.54,278.366,Hormone
Urea,C19H1N5O8,480.72,N/A,146.51,Alcohol
Serotonin,C14H18N1O4,266.25,N/A,100.622,Organic Compound
Cholesterol,C17H16N5O0,242.49,8.6,334.338,Nucleotide
Ethanol,C9H2N2O5,275.4,7.04,994.05,Neurotransmitter
Aspirin,C18H25N4O0,80.41,4.16,822.106,Nucleotide
Aspirin,C14H8N1O7,702.91,N/A,722.802,Neurotransmitter
Adenosine triphosphate,C12H15N4O5,223.88,2.57,545.691,Hormone
Adenosine triphosphate,C16H21N2O3,601.88,8.13,240.629,Hormone
Urea,C13H5N0O10,284.53,5.1,131.102,Nucleotide
Aspirin,C15H1N3O8,731.16,N/A,218.245,Organic Compound
Aspirin,C14H14N5O10,688.1,10.71,904.394,Alcohol
Adrenaline,C19H36N5O0,143.44,8.89,882.114,Neurotransmitter
Adenosine triphosphate,C14H36N2O6,810.51,3.56,41.59,Hormone
Serotonin,C6H26N0O1,347.53,9.41,482.273,Amide
Dopamine,C6H26N5O1,79.81,9.98,726.987,Alcohol
Ethanol,C5H34N1O5,542.27,12.51,549.444,Amide
Dopamine,C5H5N0O0,552.35,7.68,888.416,Lipid
Adenosine triphosphate,C7H3N1O10,258.8,7.17,323.218,Amide
Aspirin,C15H10N5O7,220.95,2.4,370.978,Neurotransmitter
Ethanol,C8H23N3O0,467.69,13.6,491.463,Neurotransmitter
Adenosine triphosphate,C4H24N3O10,847.95,3.13,655.932,Alkaloid
Urea,C5H16N5O3,120.0,8.58,238.602,Nucleotide
Adenosine triphosphate,C7H36N3O10,546.16,8.02,308.61,Carbohydrate
Glucose,C20H27N1O1,692.75,9.72,325.184,Lipid
Serotonin,C9H9N2O9,200.43,7.72,447.62,Alkaloid
Dopamine,C8H33N1O7,921.85,6.78,73.099,Alcohol
Glucose,C2H37N4O9,742.15,N/A,23.129,Organic Compound
Glucose,C4H34N1O10,742.03,7.8,814.067,Amide
Serotonin,C14H32N5O9,634.64,6.32,900.3,Neurotransmitter
Adenosine triphosphate,C10H20N5O8,860.76,7.63,694.815,Alcohol
Serotonin,C8H9N0O6,895.02,10.13,721.666,Hormone
Adenosine triphosphate,C15H14N1O10,491.16,N/A,682.731,Nucleotide
Adenosine triphosphate,C7H1N1O2,799.2,8.41,243.163,Hormone
Urea,C19H9N2O7,482.06,9.66,50.955,Hormone
Ethanol,C1H39N4O3,550.04,9.76,347.964,Organic Compound
Aspirin,C20H20N2O6,742.71,5.25,832.396,Alkaloid
Caffeine,C13H10N1O9,478.37,12.86,443.009,Alcohol
Adenosine triphosphate,C9H4N5O6,967.19,11.58,406.8,Neurotransmitter
Dopamine,C10H2N2O2,259.38,10.86,620.881,Hormone
Serotonin,C11H4N5O7,711.49,13.88,951.054,Alkaloid
Cholesterol,C14H33N1O3,380.28,N/A,680.993,Neurotransmitter
Cholesterol,C8H11N5O1,241.47,2.69,714.946,Nucleotide
Adrenaline,C16H34N2O0,710.7,1.24,777.34,Amide
Glucose,C9H30N2O1,580.51,11.96,419.89,Alcohol
Adenosine triphosphate,C1H16N4O0,479.62,10.88,615.42,Nucleotide
Adenosine triphosphate,C12H38N1O7,407.9,2.99,236.04,Alcohol
Glucose,C14H1N1O1,995.3,2.5,405.396,Alcohol
Aspirin,C16H18N0O10,334.46,5.61,179.444,Carbohydrate
Glucose,C18H13N3O2,897.91,1.17,347.183,Amide
Adenosine triphosphate,C7H25N4O0,323.78,9.38,42.641,Neurotransmitter
Dopamine,C1H11N1O7,810.96,9.21,693.126,Neurotransmitter
Urea,C1H1N2O4,980.17,9.49,549.336,Alcohol
Dopamine,C8H38N0O2,247.47,10.58,612.221,Neurotransmitter
Glucose,C1H19N4O7,957.51,11.63,788.167,Hormone
Urea,C1H13N5O0,874.61,13.22,5.181,Alcohol
Aspirin,C7H19N3O10,488.97,8.44,322.431,Organic Compound
Ethanol,C20H32N0O10,506.47,N/A,73.143,Organic Compound
Urea,C10H4N0O9,251.88,8.44,247.818,Carbohydrate
Adenosine triphosphate,C11H5N5O9,901.74,12.37,752.222,Nucleotide
Cholesterol,C1H9N0O0,869.05,6.22,406.777,Carbohydrate
Adenosine triphosphate,C20H32N1O2,193.16,N/A,682.12,Carbohydrate
Serotonin,C4H22N5O2,634.6,1.23,79.528,Lipid
Cholesterol,C4H17N3O0,469.52,N/A,495.827,Organic Compound
Adenosine triphosphate,C13H23N1O7,492.66,1.26,998.517,Hormone
Dopamine,C17H28N4O4,97.52,3.7,330.668,Alcohol
Caffeine,C20H18N5O6,747.88,3.55,937.283,Lipid
Ethanol,C20H15N5O0,199.88,13.37,305.106,Carbohydrate
Dopamine,C6H32N3O7,523.06,10.42,749.174,Neurotransmitter
Caffeine,C8H7N2O4,877.98,N/A,836.921,Organic Compound
Ethanol,C1H21N1O5,661.26,8.21,212.281,Organic Compound
Adrenaline,C5H20N0O0,309.34,10.51,936.744,Carbohydrate
Adenosine triphosphate,C19H3N0O5,393.25,2.39,229.433,Alkaloid
Aspirin,C2H32N2O0,484.75,3.48,338.912,Alkaloid
Glucose,C10H31N5O6,302.68,5.07,166.377,Alcohol
Cholesterol,C13H21N5O8,701.91,6.37,474.866,Organic Compound
Glucose,C19H30N1O7,652.41,N/A,959.994,Amide
Glucose,C12H12N3O10,526.03,1.15,191.293,Nucleotide
Serotonin,C6H22N4O2,520.05,2.91,667.753,Alkaloid
Caffeine,C12H13N2O10,440.45,7.84,230.137,Carbohydrate
Adrenaline,C20H34N0O8,466.79,3.7,749.732,Organic Compound
Serotonin,C1H2N5O4,983.77,N/A,531.495,Hormone
Urea,C10H11N4O3,711.53,9.48,259.068,Organic Compound
Urea,C14H14N4O2,975.19,9.61,652.259,Neurotransmitter
Caffeine,C19H6N4O1,83.61,3.86,191.283,Alcohol
Cholesterol,C5H25N3O10,85.74,11.08,475.653,Organic Compound
Dopamine,C1H27N5O7,956.21,4.17,328.517,Organic Compound
Glucose,C3H15N2O8,949.78,8.39,342.408,Hormone
Aspirin,C16H12N3O10,61.88,11.91,266.928,Organic Compound
Caffeine,C5H12N0O6,562.04,13.85,498.146,Alkaloid
Adrenaline,C16H1N1O0,858.75,11.63,342.282,Alkaloid
Dopamine,C9H40N4O0,73.33,11.45,970.069,Lipid
Glucose,C1H4N5O7,324.49,N/A,654.618,Nucleotide
Caffeine,C3H21N2O1,866.97,11.76,228.56,Amide
Cholesterol,C20H25N5O0,625.81,10.79,709.662,Lipid
Serotonin,C20H8N2O6,581.22,8.78,510.631,Lipid
Adenosine triphosphate,C2H16N4O4,352.58,8.04,670.638,Hormone
Serotonin,C6H7N0O3,401.01,7.11,304.266,Alcohol
Glucose,C8H22N5O10,783.12,4.41,385.252,Hormone
Caffeine,C7H14N1O6,113.79,12.54,957.296,Hormone
Ethanol,C2H28N1O0,457.43,6.69,950.136,Organic Compound
Adrenaline,C15H25N0O6,580.58,N/A,899.741,Lipid
Adenosine triphosphate,C14H27N3O10,157.15,N/A,101.934,Organic Compound
Aspirin,C15H37N0O7,399.42,13.76,478.919,Hormone
Adrenaline,C7H7N4O9,724.47,4.36,559.0,Alkaloid
Cholesterol,C16H34N3O4,184.49,N/A,593.763,Alkaloid
Adenosine triphosphate,C12H35N2O7,192.59,4.6,688.389,Nucleotide
Caffeine,C5H16N2O4,295.83,8.83,990.639,Neurotransmitter
Caffeine,C8H34N2O1,83.41,N/A,189.043,Alkaloid
Serotonin,C18H16N1O4,314.79,8.65,566.79,Hormone
Aspirin,C7H8N0O10,665.94,8.27,161.133,Organic Compound
Ethanol,C15H13N4O10,767.72,N/A,248.031,Neurotransmitter
Serotonin,C17H39N4O6,398.97,13.58,649.286,Carbohydrate
Caffeine,C1H19N3O10,648.07,9.77,910.134,Nucleotide
Adenosine triphosphate,C10H11N1O6,186.79,10.93,983.984,Nucleotide
Adrenaline,C4H16N4O0,361.31,7.38,459.013,Alkaloid
Urea,C19H36N4O1,706.36,13.18,890.557,Neurotransmitter
Aspirin,C14H30N2O6,780.52,8.92,687.628,Hormone
Ethanol,C17H15N4O5,542.0,13.97,810.442,Hormone
Cholesterol,C4H40N5O0,343.94,2.88,607.322,Alkaloid
Cholesterol,C16H26N1O0,485.23,6.46,40.151,Neurotransmitter
Serotonin,C18H8N0O4,581.19,13.74,394.662,Neurotransmitter
Adrenaline,C20H22N4O7,830.66,N/A,124.256,Nucleotide
Aspirin,C17H30N5O2,67.94,3.23,530.216,Carbohydrate
Urea,C18H37N0O8,296.97,N/A,831.697,Nucleotide
Glucose,C15H1N4O2,701.26,4.98,347.007,Amide
Urea,C12H40N1O3,868.53,13.79,37.299,Organic Compound
Glucose,C8H24N4O5,414.3,2.36,890.862,Neurotransmitter
Cholesterol,C12H13N4O8,733.46,N/A,898.655,Alcohol
Adenosine triphosphate,C5H40N4O9,918.87,11.25,176.184,Organic Compound
Ethanol,C4H3N4O0,192.83,1.93,355.986,Nucleotide
Adenosine triphosphate,C5H3N0O8,427.35,13.19,680.732,Nucleotide
Adenosine triphosphate,C11H10N3O5,956.96,12.46,266.797,Organic Compound
Adrenaline,C15H27N0O3,450.97,8.01,215.439,Alkaloid
Caffeine,C5H2N0O4,773.98,1.74,287.705,Organic Compound
Adrenaline,C1H24N2O10,581.3,3.51,4.21,Lipid
Adrenaline,C9H14N3O7,280.41,6.47,795.053,Hormone
Dopamine,C3H24N0O8,162.59,11.82,870.055,Hormone
Serotonin,C17H40N2O6,802.45,N/A,425.938,Lipid
Serotonin,C8H26N0O7,930.9,8.61,823.225,Organic Compound
Glucose,C12H9N0O8,592.39,2.91,24.049,Lipid
Adrenaline,C12H16N5O1,547.03,6.41,313.137,Amide
Aspirin,C11H36N3O4,171.34,8.95,697.139,Hormone
Adenosine triphosphate,C16H38N3O9,536.0,N/A,299.265,Neurotransmitter
Dopamine,C1H18N1O5,273.73,N/A,957.473,Lipid
Ethanol,C7H28N3O0,289.5,N/A,514.543,Hormone
Dopamine,C13H19N2O2,691.32,1.78,261.509,Alkaloid
Ethanol,C10H8N3O6,129.87,5.87,771.144,Alkaloid
Caffeine,C5H12N3O8,649.24,2.77,602.544,Hormone
Aspirin,C17H21N2O10,799.44,6.07,462.223,Amide
Dopamine,C14H4N5O4,593.06,2.4,219.17,Nucleotide
Glucose,C12H27N4O10,760.29,7.81,15.554,Alkaloid
Aspirin,C15H26N2O0,841.72,10.8,53.524,Organic Compound
Aspirin,C11H24N4O7,553.45,N/A,66.189,Hormone
Cholesterol,C11H39N0O3,897.96,N/A,160.624,Carbohydrate
Adenosine triphosphate,C11H40N3O4,965.2,12.83,786.221,Alcohol
Glucose,C3H14N5O5,762.74,7.18,685.296,Hormone
Aspirin,C1H37N2O3,642.83,11.3,651.571,Alcohol
Serotonin,C9H32N2O10,506.92,N/A,414.97,Hormone
Glucose,C9H12N1O1,814.57,4.62,428.655,Organic Compound
Urea,C17H38N4O1,56.37,3.4,275.551,Nucleotide
Cholesterol,C19H37N0O5,139.01,N/A,435.35,Organic Compound
Serotonin,C8H31N4O10,997.85,11.78,857.234,Neurotransmitter
Aspirin,C12H29N1O4,556.0,6.97,727.679,Hormone
Cholesterol,C9H40N4O9,93.69,N/A,905.382,Hormone
Caffeine,C18H28N3O10,704.08,6.2,616.87,Organic Compound
Glucose,C20H4N4O8,103.36,N/A,683.189,Carbohydrate
Dopamine,C3H30N1O4,475.89,6.75,228.201,Alkaloid
Urea,C7H36N4O6,282.18,1.85,904.503,Hormone
Dopamine,C11H39N0O6,143.22,7.8,943.547,Nucleotide
Adrenaline,C14H29N2O9,485.34,9.91,816.209,Alcohol
Adenosine triphosphate,C4H31N4O1,929.51,9.82,835.526,Organic Compound
Aspirin,C3H26N4O4,816.45,7.07,786.409,Amide
Dopamine,C20H25N1O6,331.14,N/A,921.295,Organic Compound
Aspirin,C3H32N3O2,140.67,N/A,576.388,Nucleotide
Caffeine,C10H33N4O0,475.48,10.28,839.279,Amide
Aspirin,C1H13N2O5,280.11,7.74,245.245,Organic Compound
Glucose,C7H38N4O6,573.79,5.38,396.036,Carbohydrate
Aspirin,C3H1N5O2,519.06,N/A,259.57,Organic Compound
Glucose,C13H5N2O0,393.31,8.78,254.467,Alcohol
Glucose,C1H11N5O4,674.69,4.86,296.376,Hormone
Cholesterol,C16H9N5O6,194.64,5.75,551.981,Lipid
Aspirin,C1H3N0O1,539.7,N/A,34.568,Lipid
Adenosine triphosphate,C14H23N5O8,265.54,12.8,392.303,Alcohol
Caffeine,C3H18N0O10,634.91,9.85,89.443,Hormone
Glucose,C11H17N4O2,443.08,N/A,295.141,Organic Compound
Cholesterol,C6H5N5O8,721.85,3.58,585.126,Nucleotide
Adrenaline,C20H34N0O2,930.32,7.46,220.037,Lipid
Adenosine triphosphate,C17H15N4O7,54.61,6.77,574.047,Alkaloid
Aspirin,C13H31N3O10,723.51,N/A,126.341,Lipid
Serotonin,C16H19N3O10,636.83,4.95,651.741,Nucleotide
Adrenaline,C15H26N1O10,75.06,6.18,602.077,Lipid
Adenosine triphosphate,C17H14N5O6,571.43,8.57,523.89,Lipid
Aspirin,C4H4N4O9,361.61,4.07,396.133,Alkaloid
Glucose,C3H18N3O5,515.31,11.28,555.695,Organic Compound
Dopamine,C7H39N0O6,636.19,9.92,452.281,Neurotransmitter
Cholesterol,C9H2N2O8,628.58,7.08,790.057,Carbohydrate
Cholesterol,C3H26N3O0,920.72,10.28,981.621,Carbohydrate
Urea,C3H14N4O7,51.79,4.12,445.663,Carbohydrate
Dopamine,C2H4N5O7,716.29,6.37,555.279,Lipid
Ethanol,C18H28N5O1,538.59,11.82,648.754,Neurotransmitter
Adenosine triphosphate,C3H34N1O5,135.93,13.09,399.967,Alkaloid
Adenosine triphosphate,C4H30N5O6,374.14,1.92,509.321,Nucleotide
Aspirin,C4H6N3O4,406.74,13.34,121.784,Amide
Glucose,C15H1N4O8,927.01,9.79,386.553,Hormone
Serotonin,C3H19N2O2,144.94,8.38,503.432,Alkaloid
Aspirin,C3H29N3O1,378.59,8.85,280.343,Alcohol
Aspirin,C8H14N1O4,214.26,2.69,285.497,Alkaloid
Adenosine triphosphate,C5H14N1O4,979.58,9.76,21.435,Lipid
Caffeine,C7H13N1O5,125.14,10.27,88.328,Alkaloid
Caffeine,C3H34N1O5,775.33,12.13,805.111,Carbohydrate
Serotonin,C20H4N2O5,684.35,N/A,595.215,Alcohol
Urea,C17H27N4O2,716.11,N/A,997.543,Amide
Caffeine,C3H21N0O8,131.43,N/A,579.678,Alkaloid
Dopamine,C3H22N4O3,378.6,10.35,228.599,Alcohol
Dopamine,C10H15N4O4,592.99,9.27,358.897,Nucleotide
Ethanol,C3H20N0O6,344.75,5.26,174.155,Carbohydrate
Serotonin,C16H13N2O3,903.56,12.41,135.033,Neurotransmitter
Urea,C18H23N3O1,112.25,11.71,474.74,Lipid
