compound,formula,mw,pka,solubility_mg_ml,class
Glucose,C18H35N3O3,941.64,1.06,750.169,Nucleotide
Urea,C19H1N4O0,350.64,5.41,815.363,Neurotransmitter
Urea,C13H16N3O9,233.82,6.88,992.746,Carbohydrate
Cholesterol,C5H1N4O10,152.87,1.47,936.227,Hormone
Caffeine,C19H20N1O9,965.97,N/A,188.507,Carbohydrate
Adenosine triphosphate,C4H22N2O9,388.28,2.69,548.717,Organic Compound
Urea,C8H40N2O0,528.55,1.14,804.388,Carbohydrate
Aspirin,C13H26N1O9,140.22,12.14,288.368,Organic Compound
Adenosine triphosphate,C13H23N2O8,633.31,7.8,956.616,Organic Compound
Ethanol,C20H20N3O3,923.45,11.73,334.136,Organic Compound
Cholesterol,C4H37N4O6,791.44,9.67,481.036,Nucleotide
Glucose,C4H31N4O6,505.86,6.18,852.35,Carbohydrate
Serotonin,C20H28N2O5,170.94,9.59,328.057,Alcohol
Glucose,C17H17N2O9,941.76,1.9,281.406,Lipid
Glucose,C3H4N5O1,859.64,2.55,636.687,Hormone
Serotonin,C20H9N5O7,940.61,1.66,863.52,Hormone
Dopamine,C13H11N0O7,426.24,1.79,639.611,Alcohol
Dopamine,C18H13N4O9,716.16,6.54,376.512,Hormone
Caffeine,C19H30N4O0,932.56,6.29,389.822,Alkaloid
Serotonin,C13H11N3O5,994.85,N/A,33.299,Amide
Dopamine,C9H4N0O4,657.96,N/A,280.965,Amide
Urea,C18H29N2O2,132.06,9.84,862.272,Alkaloid
Caffeine,C14H2N4O7,997.51,11.04,684.55,Lipid
Adenosine triphosphate,C14H23N3O8,392.7,7.72,10.137,Hormone
Adenosine triphosphate,C17H22N3O7,496.3,1.14,396.585,Neurotransmitter
Cholesterol,C3H25N4O10,580.82,13.1,690.302,Neurotransmitter
Glucose,C6H15N0O1,865.74,N/A,828.187,Organic Compound
Serotonin,C14H32N3O6,220.99,8.24,999.51,Carbohydrate
Adrenaline,C17H40N2O8,934.64,3.86,615.171,Nucleotide
Dopamine,C16H11N4O5,70.27,N/A,505.692,Amide
Ethanol,C1H2N2O2,578.19,7.73,301.409,Hormone
Adenosine triphosphate,C1H15N3O1,940.71,8.31,975.016,Hormone
Dopamine,C11H40N5O6,147.18,9.49,497.972,Nucleotide
Cholesterol,C3H37N5O5,433.06,1.43,830.038,Organic Compound
Aspirin,C3H35N0O2,489.36,12.39,942.572,Carbohydrate
Urea,C8H29N5O6,311.61,N/A,345.85,Lipid
Caffeine,C3H7N4O5,595.8,3.41,22.128,Hormone
Dopamine,C2H38N0O8,82.83,5.64,900.201,Carbohydrate
Caffeine,C3H4N0O5,794.09,7.77,850.023,Alkaloid
Caffeine,C5H24N1O6,498.85,N/A,548.529,Neurotransmitter
Serotonin,C12H11N1O2,156.89,N/A,156.411,Lipid
Glucose,C17H19N1O0,380.86,8.2,103.789,Organic Compound
Adrenaline,C12H14N0O9,703.75,6.87,616.282,Neurotransmitter
Caffeine,C18H26N5O4,781.46,N/A,92.182,Organic Compound
Glucose,C6H37N4O8,965.86,4.96,183.992,Alcohol
Ethanol,C11H36N2O6,551.31,2.74,352.362,Organic Compound
Adenosine triphosphate,C3H28N5O6,664.93,2.04,633.884,Carbohydrate
Serotonin,C9H12N3O3,613.61,9.61,641.856,Hormone
Adrenaline,C14H16N0O1,352.94,9.96,216.9,Hormone
Caffeine,C8H34N2O6,228.73,13.21,949.915,Lipid
Caffeine,C16H17N3O2,750.33,4.74,692.516,Alkaloid
Adrenaline,C8H3N3O5,175.92,2.18,40.914,Neurotransmitter
Ethanol,C14H3N1O2,622.47,1.66,355.921,Carbohydrate
Dopamine,C18H33N3O0,798.73,6.97,477.39,Carbohydrate
Dopamine,C19H6N1O6,563.42,4.32,540.706,Alcohol
Ethanol,C18H11N5O8,443.4,12.08,62.218,Organic Compound
Dopamine,C2H39N1O7,288.44,7.94,38.054,Organic Compound
Aspirin,C18H28N0O4,441.29,8.18,996.357,Carbohydrate
Glucose,C12H11N1O2,998.91,8.05,250.345,Lipid
Aspirin,C2H40N5O10,306.72,N/A,988.768,Neurotransmitter
Glucose,C11H17N0O9,901.16,9.44,4.98,Amide
Dopamine,C9H32N5O1,869.91,8.02,512.251,Alcohol
Caffeine,C17H11N5O5,449.14,8.35,144.349,Alcohol
Adrenaline,C18H11N3O7,348.61,4.44,99.888,Alkaloid
Aspirin,C11H17N0O7,372.35,11.94,620.904,Lipid
Urea,C17H27N3O3,296.63,N/A,827.205,Alcohol
Glucose,C1H22N5O1,994.56,1.57,291.706,Amide
Cholesterol,C16H2N5O3,374.97,5.63,588.53,Neurotransmitter
Cholesterol,C2H4N0O1,659.58,1.07,173.15,Alcohol
Dopamine,C17H34N3O9,228.6,13.97,797.815,Alkaloid
Serotonin,C16H38N1O8,555.06,12.29,473.459,Carbohydrate
Serotonin,C20H23N5O0,433.66,2.87,415.504,Carbohydrate
Ethanol,C11H10N3O10,997.92,12.72,764.504,Nucleotide
Dopamine,C15H5N1O10,950.23,N/A,661.177,Nucleotide
Adenosine triphosphate,C4H18N4O1,244.06,13.93,806.351,Hormone
Adenosine triphosphate,C14H18N1O2,456.63,N/A,56.814,Hormone
Aspirin,C2H1N1O6,251.42,6.08,663.087,Lipid
Aspirin,C10H28N3O0,482.46,8.51,779.795,Lipid
Dopamine,C16H27N0O2,970.52,11.42,70.304,Amide
Urea,C16H35N0O8,914.41,6.04,427.895,Alcohol
Cholesterol,C13H18N3O10,539.73,8.22,243.222,Alcohol
Adrenaline,C13H22N4O1,285.56,9.67,899.919,Hormone
Cholesterol,C14H1N3O9,325.2,11.45,77.325,Nucleotide
Serotonin,C2H17N1O5,867.63,6.96,705.886,Alcohol
Adenosine triphosphate,C1H22N5O1,225.03,3.71,968.098,Nucleotide
Dopamine,C9H8N5O4,451.3,9.99,536.646,Alcohol
Urea,C19H26N1O1,86.45,9.03,750.084,Alkaloid
Urea,C20H37N5O6,242.85,2.51,285.001,Amide
Adrenaline,C17H17N0O5,628.2,6.85,661.245,Organic Compound
Urea,C15H24N0O5,308.82,2.98,510.476,Alcohol
Serotonin,C14H20N2O4,830.26,8.17,401.791,Organic Compound
Aspirin,C11H24N1O5,92.45,N/A,96.011,Organic Compound
Adenosine triphosphate,C10H17N5O3,53.95,N/A,523.951,Alcohol
Ethanol,C7H33N3O3,979.02,8.99,582.739,Hormone
Dopamine,C19H26N0O3,963.76,N/A,189.503,Amide
Serotonin,C9H13N3O5,110.69,N/A,424.028,Neurotransmitter
Glucose,C6H8N2O10,965.89,10.84,648.095,Alcohol
Adenosine triphosphate,C1H28N5O4,240.53,4.04,421.07,Organic Compound
Adrenaline,C3H16N4O6,876.33,13.61,239.01,Alcohol
Caffeine,C7H26N2O7,564.11,11.76,452.085,Alkaloid
Aspirin,C20H1N1O8,213.07,1.08,412.173,Neurotransmitter
Dopamine,C15H34N2O2,213.24,10.87,719.562,Neurotransmitter
Urea,C18H12N4O6,913.3,5.41,815.553,Alcohol
Urea,C9H17N0O7,480.71,5.42,390.204,Organic Compound
Serotonin,C2H35N0O6,557.57,7.84,362.035,Neurotransmitter
Glucose,C6H30N4O9,246.5,9.09,499.098,Lipid
Dopamine,C20H31N5O8,734.66,4.06,485.324,Lipid
Adenosine triphosphate,C10H1N1O5,488.6,2.27,348.312,Alcohol
Dopamine,C9H2N1O6,545.48,1.86,221.321,Lipid
Adenosine triphosphate,C17H6N0O5,503.35,N/A,940.487,Carbohydrate
Cholesterol,C12H14N3O10,550.35,N/A,462.86,Amide
Adrenaline,C2H18N0O5,494.57,N/A,991.896,Lipid
Adenosine triphosphate,C18H22N3O6,160.13,12.75,220.972,Hormone
Adenosine triphosphate,C13H5N5O3,126.12,4.49,371.917,Neurotransmitter
Serotonin,C14H39N2O7,860.31,6.25,118.537,Alkaloid
Adenosine triphosphate,C11H25N1O3,839.55,1.93,583.905,Alkaloid
Adrenaline,C5H24N4O10,576.7,1.54,372.275,Carbohydrate
Glucose,C2H4N0O3,438.4,4.99,772.862,Amide
Caffeine,C17H2N3O8,952.55,8.0,363.357,Organic Compound
Aspirin,C12H33N1O1,153.3,N/A,489.447,Hormone
Caffeine,C8H9N3O1,162.24,9.97,7.488,Neurotransmitter
Serotonin,C19H38N1O6,838.47,7.0,866.111,Carbohydrate
Adrenaline,C20H17N2O5,192.95,N/A,656.322,Organic Compound
Glucose,C9H26N0O1,608.18,10.04,300.356,Lipid
Glucose,C20H19N4O7,297.24,N/A,330.764,Alcohol
Cholesterol,C15H21N0O2,449.26,N/A,773.328,Organic Compound
Glucose,C19H36N2O3,310.41,4.62,211.884,Amide
Aspirin,C12H4N3O2,237.26,9.72,883.284,Carbohydrate
Cholesterol,C3H21N3O6,343.77,N/A,716.971,Alcohol
Glucose,C15H19N5O1,954.15,13.95,45.832,Carbohydrate
Adrenaline,C2H18N5O5,629.75,3.07,343.616,Alkaloid
Cholesterol,C16H22N4O3,937.18,N/A,103.926,Hormone
Adenosine triphosphate,C3H37N0O6,219.12,11.24,911.623,Alkaloid
Caffeine,C17H23N3O6,790.41,9.54,598.941,Organic Compound
Glucose,C20H8N3O1,121.46,8.97,653.54,Neurotransmitter
Serotonin,C13H37N4O9,487.64,5.2,265.56,Lipid
Ethanol,C19H11N3O10,112.25,8.17,399.77,Hormone
Cholesterol,C4H24N2O1,808.86,11.76,904.862,Nucleotide
Aspirin,C11H6N0O3,878.28,N/A,451.053,Carbohydrate
Serotonin,C12H18N2O2,823.4,2.94,849.856,Carbohydrate
Caffeine,C20H33N3O5,55.79,4.36,762.562,Carbohydrate
Dopamine,C7H37N0O2,176.84,N/A,130.631,Alcohol
Glucose,C6H40N1O0,548.03,8.06,286.93,Lipid
Glucose,C1H27N4O8,149.42,N/A,51.102,Organic Compound
Glucose,C1H32N2O2,115.09,10.15,291.93,Carbohydrate
Caffeine,C11H26N4O4,543.31,8.44,917.092,Alcohol
Aspirin,C16H32N0O6,569.82,N/A,549.701,Amide
Cholesterol,C20H9N3O4,740.17,13.53,896.096,Alcohol
Urea,C4H16N2O2,656.71,3.98,695.197,Nucleotide
Cholesterol,C15H1N4O1,688.95,2.89,188.291,Alcohol
Caffeine,C16H8N5O10,616.62,7.16,130.6,Nucleotide
Adenosine triphosphate,C18H8N0O10,386.53,1.57,470.207,Organic Compound
Adrenaline,C18H31N1O9,156.15,12.02,411.601,Hormone
Glucose,C15H11N3O10,938.05,N/A,231.045,Organic Compound
Caffeine,C13H31N0O7,525.3,N/A,340.38,Alcohol
Glucose,C12H32N5O0,530.67,3.01,971.733,Nucleotide
Dopamine,C18H23N0O9,417.06,6.56,43.856,Nucleotide
Aspirin,C17H27N2O9,893.38,4.01,50.14,Hormone
Adrenaline,C9H24N2O10,477.48,6.17,831.02,Neurotransmitter
Aspirin,C2H8N2O8,880.59,2.98,182.44,Amide
Cholesterol,C17H26N3O8,874.28,6.05,911.728,Organic Compound
Urea,C5H25N1O0,148.92,7.57,97.861,Nucleotide
Adenosine triphosphate,C16H26N4O8,924.79,6.55,513.273,Alkaloid
Adenosine triphosphate,C12H15N1O4,68.66,7.25,547.05,Neurotransmitter
Caffeine,C16H10N5O0,941.25,9.68,859.312,Lipid
Urea,C15H21N5O3,998.92,11.76,714.52,Lipid
Aspirin,C14H39N0O1,863.36,N/A,178.153,Nucleotide
Dopamine,C16H39N0O0,414.79,2.46,410.156,Hormone
Cholesterol,C5H31N4O2,448.24,N/A,364.337,Alcohol
Serotonin,C19H21N4O5,458.08,6.83,853.941,Amide
Aspirin,C15H15N1O10,870.33,6.94,548.476,Organic Compound
Dopamine,C20H21N1O2,385.51,1.97,403.578,Lipid
Ethanol,C8H33N2O3,771.87,N/A,557.524,Carbohydrate
Adrenaline,C18H10N3O2,849.84,13.04,175.52,Organic Compound
Glucose,C12H17N1O3,331.08,10.44,677.366,Neurotransmitter
Caffeine,C13H32N4O2,580.07,10.19,973.947,Carbohydrate
Ethanol,C6H33N2O6,981.42,4.63,121.753,Organic Compound
Glucose,C7H32N2O5,969.79,3.18,415.083,Lipid
Adrenaline,C11H9N3O4,799.06,2.35,773.499,Hormone
Adrenaline,C7H34N4O2,699.23,N/A,696.786,Neurotransmitter
Serotonin,C20H40N4O5,257.5,N/A,631.695,Carbohydrate
Urea,C4H19N1O6,333.58,4.95,708.097,Organic Compound
Ethanol,C3H10N3O1,154.42,13.32,558.226,Amide
Cholesterol,C2H29N3O4,320.18,N/A,419.524,Alcohol
Dopamine,C4H2N1O0,864.66,12.35,761.71,Amide
Adrenaline,C2H5N1O0,557.4,12.08,508.719,Nucleotide
Urea,C9H8N0O0,709.13,9.31,35.99,Lipid
Glucose,C5H1N1O7,764.87,5.25,418.832,Nucleotide
Glucose,C3H13N1O1,910.51,N/A,350.845,Organic Compound
Ethanol,C6H14N4O3,584.39,N/A,35.543,Carbohydrate
Urea,C7H20N3O0,993.61,7.79,533.635,Lipid
Aspirin,C10H36N5O8,498.18,12.18,485.121,Carbohydrate
Ethanol,C18H9N5O5,235.3,10.64,956.221,Alkaloid
Adrenaline,C13H34N1O1,895.93,4.58,966.891,Neurotransmitter
Ethanol,C19H30N5O9,766.48,9.53,199.767,Lipid
Aspirin,C8H35N2O9,507.8,6.09,638.888,Alcohol
Urea,C5H9N3O8,880.82,7.5,946.419,Alcohol
Adrenaline,C12H33N4O6,458.37,N/A,1.046,Organic Compound
Adenosine triphosphate,C13H8N0O10,931.97,5.81,606.424,Lipid
Cholesterol,C14H8N3O3,222.5,N/A,123.974,Nucleotide
Adenosine triphosphate,C4H8N1O1,823.63,12.12,968.305,Alkaloid
Ethanol,C13H28N2O6,764.21,8.59,484.001,Alkaloid
Adrenaline,C10H9N5O7,851.07,N/A,512.608,Organic Compound
Serotonin,C1H2N0O5,696.66,5.66,462.122,Alcohol
Serotonin,C12H8N0O1,247.81,10.08,750.933,Alkaloid
Aspirin,C7H12N5O1,828.17,9.22,739.603,Lipid
Urea,C12H9N3O2,948.87,5.97,15.868,Alkaloid
Adrenaline,C1H4N5O0,481.46,13.61,98.923,Organic Compound
Cholesterol,C2H39N4O8,493.81,6.63,10.706,Organic Compound
Glucose,C18H30N5O9,756.35,N/A,755.595,Alcohol
Dopamine,C14H31N5O6,194.8,1.97,283.726,Carbohydrate
Adrenaline,C10H21N1O4,260.54,9.72,651.823,Nucleotide
Adenosine triphosphate,C15H2N3O0,314.94,2.65,254.317,Neurotransmitter
Dopamine,C4H34N5O10,969.85,1.44,887.629,Amide
Ethanol,C4H7N2O3,933.98,5.68,746.444,Hormone
Aspirin,C9H8N0O8,640.12,13.63,269.514,Nucleotide
Aspirin,C17H24N5O8,711.48,4.6,703.878,Amide
Caffeine,C20H3N1O9,609.5,8.27,379.273,Neurotransmitter
Aspirin,C11H23N4O8,497.75,N/A,688.301,Amide
Aspirin,C3H23N0O1,278.96,13.93,393.561,Nucleotide
Cholesterol,C14H29N2O3,977.87,N/A,328.377,Alcohol
Ethanol,C9H32N3O5,441.61,N/A,50.425,Organic Compound
Urea,C11H11N1O6,821.24,10.22,672.364,Alkaloid
Aspirin,C5H30N0O0,791.52,2.03,261.003,Organic Compound
Adrenaline,C8H38N4O2,522.99,13.56,365.297,Hormone
Glucose,C4H16N2O7,519.93,7.23,350.63,Organic Compound
Ethanol,C6H38N0O9,806.29,3.3,523.73,Organic Compound
Glucose,C8H12N1O8,343.1,12.32,497.187,Lipid
Dopamine,C20H15N0O0,140.8,3.14,931.312,Amide
Adrenaline,C8H20N4O8,589.57,5.02,873.598,Hormone
Serotonin,C19H34N0O2,333.04,N/A,296.07,Hormone
Adrenaline,C18H14N4O1,146.72,3.64,122.819,Carbohydrate
Dopamine,C11H27N0O9,671.23,2.6,867.89,Neurotransmitter
Aspirin,C2H24N0O9,364.4,10.24,727.965,Neurotransmitter
Glucose,C12H3N3O5,794.96,1.46,396.28,Organic Compound
Adenosine triphosphate,C13H31N5O3,305.95,10.41,225.159,Neurotransmitter
Aspirin,C12H27N2O7,644.31,3.54,285.153,Lipid
Adenosine triphosphate,C1H5N1O6,610.39,5.23,392.24,Nucleotide
Ethanol,C3H9N4O1,847.79,N/A,173.834,Neurotransmitter
Aspirin,C9H35N3O9,413.91,1.81,302.098,Carbohydrate
Adrenaline,C5H38N3O6,286.87,12.0,240.223,Neurotransmitter
Urea,C15H30N2O2,346.88,N/A,239.583,Lipid
Glucose,C6H27N4O4,495.92,9.29,771.201,Carbohydrate
Adenosine triphosphate,C5H35N1O2,720.65,6.19,385.811,Organic Compound
Cholesterol,C14H13N0O5,347.75,6.28,187.028,Nucleotide
Aspirin,C11H25N2O2,186.43,11.73,830.6,Lipid
Dopamine,C19H31N4O2,361.27,11.35,758.894,Neurotransmitter
Urea,C18H30N5O0,969.0,3.71,483.355,Hormone
Adenosine triphosphate,C18H14N1O2,380.43,12.06,490.309,Amide
Cholesterol,C10H37N4O7,529.49,4.62,560.352,Organic Compound
Cholesterol,C20H27N5O2,177.19,10.87,194.883,Organic Compound
Aspirin,C1H38N2O2,924.71,3.82,335.636,Lipid
Serotonin,C15H12N0O9,161.57,5.91,516.567,Nucleotide
Aspirin,C17H19N1O0,164.79,1.54,988.033,Amide
Urea,C2H17N1O8,512.6,3.21,8.235,Amide
Glucose,C12H36N3O0,730.09,3.01,837.426,Carbohydrate
Caffeine,C14H32N1O3,88.54,10.63,90.792,Nucleotide
Caffeine,C19H22N2O4,254.19,6.47,891.513,Hormone
Dopamine,C14H3N0O4,103.14,11.52,275.962,Alcohol
Dopamine,C4H40N3O6,972.3,3.73,59.981,Amide
Glucose,C1H19N1O9,356.12,11.09,575.06,Alcohol
Ethanol,C19H30N5O6,149.22,1.2,666.71,Alcohol
Adrenaline,C8H20N0O5,508.75,2.21,277.741,Carbohydrate
Serotonin,C7H1N2O10,637.67,6.74,221.93,Amide
Glucose,C14H25N4O4,975.86,9.67,59.054,Alcohol
Urea,C5H16N4O7,256.44,3.39,431.797,Carbohydrate
Glucose,C3H25N2O2,93.65,2.52,969.997,Alkaloid
Serotonin,C19H29N5O5,274.35,4.43,318.524,Nucleotide
Dopamine,C20H33N5O1,507.73,13.43,28.493,Alkaloid
Dopamine,C11H32N3O1,853.89,N/A,726.574,Amide
Aspirin,C14H1N2O1,528.01,9.21,258.665,Hormone
Caffeine,C6H39N5O0,200.57,13.9,993.652,Neurotransmitter
Aspirin,C3H27N0O0,879.0,9.77,325.986,Nucleotide
Caffeine,C3H20N5O6,618.61,5.88,692.837,Alcohol
Adenosine triphosphate,C15H20N5O6,573.4,2.82,492.701,Carbohydrate
Aspirin,C1H26N4O10,829.04,12.05,0.267,Organic Compound
Aspirin,C16H23N2O10,396.93,1.29,625.081,Lipid
Glucose,C20H37N3O3,663.83,N/A,780.99,Neurotransmitter
Aspirin,C16H32N2O5,488.38,3.32,672.38,Neurotransmitter
Serotonin,C15H3N5O4,750.25,N/A,712.993,Alkaloid
Dopamine,C10H32N4O8,846.16,2.03,372.68,Nucleotide
Ethanol,C20H34N0O3,876.09,10.95,748.105,Organic Compound
Urea,C3H32N3O0,114.67,7.83,275.701,Neurotransmitter
Glucose,C5H25N0O7,665.1,3.96,703.739,Carbohydrate
Cholesterol,C4H38N0O0,651.06,6.81,984.819,Alcohol
Ethanol,C2H27N5O9,452.69,13.97,366.894,Carbohydrate
Dopamine,C3H27N4O6,330.79,10.88,286.645,Nucleotide
Dopamine,C8H30N5O10,133.95,N/A,155.747,Neurotransmitter
Ethanol,C1H16N2O3,305.91,9.99,427.99,Amide
Dopamine,C18H39N0O0,367.5,3.58,104.639,Lipid
Serotonin,C20H14N1O1,776.85,2.04,199.521,Alcohol
Serotonin,C4H28N5O3,886.79,12.64,364.317,Alkaloid
Caffeine,C17H6N4O7,749.06,2.86,128.33,Alcohol
Dopamine,C9H2N5O6,295.93,N/A,19.596,Alcohol
Glucose,C14H35N1O1,359.23,5.48,307.123,Organic Compound
Aspirin,C12H40N2O10,166.75,10.05,311.221,Amide
Urea,C9H27N4O9,76.26,11.41,686.206,Alcohol
Aspirin,C19H22N4O8,827.42,7.21,488.153,Alcohol
Ethanol,C8H21N2O1,236.69,3.23,485.193,Hormone
Serotonin,C12H14N1O7,768.88,8.07,319.212,Carbohydrate
Serotonin,C18H15N2O1,705.02,11.84,176.101,Lipid
Serotonin,C2H20N1O1,757.58,N/A,506.647,Alkaloid
Dopamine,C19H12N4O10,616.47,3.55,276.805,Carbohydrate
Aspirin,C2H7N3O5,372.84,9.63,865.983,Carbohydrate
Ethanol,C6H39N1O5,562.23,2.76,402.844,Hormone
Caffeine,C7H3N2O3,846.94,N/A,221.216,Amide
Aspirin,C17H19N1O10,311.27,7.26,366.954,Alkaloid
Serotonin,C6H19N3O7,220.23,3.79,232.03,Lipid
Glucose,C9H23N0O7,437.01,7.26,183.751,Alkaloid
Cholesterol,C1H16N4O10,316.83,N/A,978.853,Organic Compound
Ethanol,C13H3N4O0,800.88,6.87,546.002,Hormone
Ethanol,C14H34N3O1,801.14,N/A,264.053,Carbohydrate
Urea,C10H9N1O2,625.55,9.95,461.012,Neurotransmitter
Dopamine,C20H14N2O9,374.46,13.16,41.738,Alcohol
Cholesterol,C7H40N2O4,390.2,8.43,576.327,Organic Compound
Glucose,C17H30N1O3,479.07,3.61,980.17,Neurotransmitter
Urea,C19H32N2O5,460.6,13.69,864.501,Lipid
Glucose,C18H34N4O2,855.24,11.52,275.214,Nucleotide
Ethanol,C10H31N2O5,952.87,13.32,15.503,Organic Compound
Dopamine,C20H4N2O10,699.07,N/A,54.175,Alkaloid
Aspirin,C18H12N4O5,732.6,12.75,207.826,Nucleotide
Aspirin,C8H1N4O9,538.19,9.33,713.303,Lipid
Adrenaline,C9H7N2O4,805.39,8.34,14.986,Alcohol
Urea,C12H36N1O10,339.78,3.18,198.132,Carbohydrate
Dopamine,C6H9N1O8,891.68,4.69,52.549,Alcohol
Cholesterol,C2H18N1O10,969.38,N/A,514.44,Neurotransmitter
Urea,C8H14N1O6,505.11,N/A,840.889,Lipid
Serotonin,C10H39N4O9,753.28,3.7,275.598,Carbohydrate
Urea,C8H3N5O7,359.81,5.0,273.093,Nucleotide
Adrenaline,C3H24N0O7,125.17,1.82,380.194,Hormone
Ethanol,C12H4N2O0,654.64,N/A,257.083,Carbohydrate
Urea,C8H26N3O9,926.62,3.71,227.039,Lipid
Dopamine,C13H15N4O9,285.0,12.82,422.327,Alcohol
Ethanol,C15H18N0O8,567.51,6.29,151.452,Nucleotide
Caffeine,C12H31N0O5,251.96,N/A,328.358,Nucleotide
Aspirin,C19H27N3O5,974.6,13.77,644.68,Alcohol
Cholesterol,C6H5N4O0,247.53,2.67,743.2,Nucleotide
Adenosine triphosphate,C7H5N0O10,390.31,2.76,356.552,Neurotransmitter
Cholesterol,C18H14N1O4,98.41,5.7,87.855,Nucleotide
Cholesterol,C5H13N0O10,646.46,N/A,837.896,Hormone
Cholesterol,C1H9N5O2,747.31,7.28,882.053,Nucleotide
Glucose,C1H30N4O8,194.97,4.94,646.074,Hormone
Aspirin,C7H27N3O8,928.03,13.2,581.374,Amide
Ethanol,C3H1N1O7,93.35,12.53,527.588,Hormone
Urea,C3H23N3O5,756.2,12.24,249.119,Lipid
Adrenaline,C5H8N5O6,786.92,5.86,452.488,Alkaloid
Urea,C11H9N0O0,863.83,N/A,334.222,Amide
Adenosine triphosphate,C14H14N2O4,127.67,7.93,148.97,Nucleotide
Cholesterol,C15H2N2O4,995.09,2.0,28.092,Lipid
Serotonin,C1H3N5O2,546.35,N/A,961.23,Alcohol
Serotonin,C17H5N4O7,248.04,11.54,197.568,Neurotransmitter
Adrenaline,C15H4N2O0,728.59,13.18,105.38,Hormone
Cholesterol,C18H9N5O0,461.24,N/A,520.761,Alkaloid
Glucose,C11H13N0O0,783.37,11.78,402.491,Organic Compound
Aspirin,C10H37N5O2,241.23,13.66,996.313,Lipid
Adrenaline,C18H22N3O5,610.3,4.73,2.835,Carbohydrate
Glucose,C10H39N1O2,147.02,N/A,762.136,Alkaloid
Cholesterol,C6H39N4O5,354.86,7.57,641.719,Alcohol
Adrenaline,C1H22N5O3,253.3,7.52,123.876,Organic Compound
Aspirin,C9H4N4O3,103.73,10.96,332.786,Alcohol
Cholesterol,C18H16N2O3,873.3,13.06,467.533,Carbohydrate
Urea,C13H22N1O2,831.79,4.33,975.53,Alkaloid
Ethanol,C12H32N4O4,347.49,13.57,685.8,Nucleotide
Serotonin,C14H40N5O0,533.86,7.65,900.577,Amide
Glucose,C8H2N4O5,384.4,1.41,121.957,Lipid
Adenosine triphosphate,C7H13N3O9,257.1,5.55,477.506,Alcohol
Adrenaline,C6H19N3O7,977.43,12.94,775.128,Neurotransmitter
Dopamine,C9H26N0O6,907.3,3.51,928.808,Alcohol
Serotonin,C7H3N3O3,297.74,9.98,553.007,Amide
Dopamine,C6H26N0O2,908.96,N/A,305.606,Lipid
Dopamine,C3H13N1O8,52.49,9.22,528.36,Lipid
Serotonin,C12H37N4O9,241.16,5.02,360.622,Alkaloid
Aspirin,C13H5N0O0,656.61,N/A,29.992,Neurotransmitter
Adrenaline,C8H34N3O2,774.14,N/A,876.347,Alkaloid
Cholesterol,C16H33N2O1,237.0,8.24,797.958,Nucleotide
Aspirin,C15H24N4O8,914.23,4.51,69.83,Alkaloid
Serotonin,C10H28N5O3,628.21,N/A,700.478,Nucleotide
Adenosine triphosphate,C11H2N1O8,54.56,12.78,613.51,Carbohydrate
Dopamine,C2H11N2O5,450.31,1.38,339.643,Hormone
Caffeine,C13H9N0O1,598.62,6.99,488.559,Carbohydrate
Glucose,C7H35N3O6,531.19,1.91,227.192,Amide
Ethanol,C10H31N1O7,496.26,8.45,558.682,Alcohol
Urea,C3H3N1O4,136.66,N/A,256.175,Neurotransmitter
Adrenaline,C9H36N2O7,153.91,4.12,218.678,Hormone
Caffeine,C12H27N3O9,258.59,4.53,848.836,Amide
Glucose,C2H32N3O1,370.12,3.78,518.953,Nucleotide
Urea,C19H33N2O10,952.44,N/A,822.733,Neurotransmitter
Adenosine triphosphate,C11H18N3O9,676.73,4.19,378.309,Hormone
Serotonin,C13H4N2O2,325.29,9.53,882.45,Amide
Cholesterol,C18H17N5O2,424.78,10.23,624.588,Carbohydrate
Adenosine triphosphate,C11H27N4O5,324.46,8.34,885.398,Lipid
Glucose,C7H40N2O3,574.2,2.65,908.427,Carbohydrate
Adrenaline,C8H23N4O2,484.48,13.25,158.968,Lipid
Adenosine triphosphate,C5H15N0O1,472.61,13.66,776.853,Nucleotide
Adenosine triphosphate,C16H21N5O6,50.8,3.05,70.824,Neurotransmitter
Caffeine,C7H37N4O10,314.37,8.6,813.563,Alkaloid
Glucose,C12H37N3O7,692.65,4.52,236.59,Neurotransmitter
Caffeine,C19H6N4O0,426.98,7.2,906.129,Organic Compound
Dopamine,C12H11N2O10,502.23,7.28,165.597,Carbohydrate
Aspirin,C19H13N1O4,361.22,10.62,998.503,Neurotransmitter
Serotonin,C16H26N2O9,129.3,11.82,89.442,Amide
Adrenaline,C16H25N3O10,260.09,13.46,833.535,Alkaloid
Caffeine,C16H39N0O1,855.55,N/A,788.238,Alcohol
Urea,C9H15N0O8,565.45,N/A,252.881,Carbohydrate
Dopamine,C11H11N3O0,330.43,3.14,429.037,Hormone
Cholesterol,C13H5N3O3,343.82,5.31,31.417,Nucleotide
Caffeine,C12H18N0O1,517.08,N/A,486.822,Alkaloid
Ethanol,C20H11N2O2,743.34,2.85,172.129,Organic Compound
Cholesterol,C18H40N4O1,563.06,6.51,742.445,Organic Compound
Glucose,C3H38N2O6,404.24,N/A,416.744,Hormone
Ethanol,C17H40N0O5,680.29,N/A,514.73,Alkaloid
Adenosine triphosphate,C11H25N0O7,695.45,N/A,64.044,Amide
Adrenaline,C17H4N4O2,769.09,N/A,791.916,Hormone
Serotonin,C2H3N4O2,995.11,3.06,504.47,Nucleotide
Caffeine,C14H8N0O7,981.19,11.07,261.485,Alkaloid
Cholesterol,C16H6N0O4,491.0,10.08,558.221,Nucleotide
Cholesterol,C8H19N3O5,325.85,N/A,792.083,Organic Compound
Adrenaline,C17H27N2O5,233.39,11.76,819.934,Nucleotide
Glucose,C6H11N0O3,298.48,2.93,777.254,Alkaloid
Dopamine,C9H24N4O0,821.83,12.95,350.469,Hormone
Aspirin,C15H4N1O6,798.34,13.09,17.975,Alkaloid
Urea,C7H27N0O5,345.24,7.23,311.829,Neurotransmitter
Urea,C8H19N3O10,389.1,9.51,594.702,Carbohydrate
Cholesterol,C16H2N5O1,235.04,7.6,651.621,Alcohol
Urea,C20H35N1O2,337.36,9.67,330.793,Amide
Caffeine,C3H11N3O2,782.06,N/A,802.738,Nucleotide
Glucose,C1H12N2O10,548.39,3.45,700.829,Alcohol
Adrenaline,C6H2N5O7,506.91,1.65,656.27,Amide
Urea,C9H4N5O7,929.76,9.03,617.337,Neurotransmitter
Caffeine,C4H28N1O9,841.28,13.96,495.282,Carbohydrate
Adenosine triphosphate,C5H34N5O4,720.86,10.21,508.705,Neurotransmitter
Caffeine,C19H11N4O10,779.79,13.37,722.757,Alkaloid
Aspirin,C10H37N3O0,306.17,N/A,423.733,Alkaloid
Cholesterol,C5H21N4O4,641.38,6.07,395.098,Alkaloid
Cholesterol,C16H19N4O6,147.97,6.28,238.365,Lipid
Dopamine,C7H23N2O5,724.04,13.96,982.639,Nucleotide
Caffeine,C13H9N3O3,473.78,8.35,194.525,Amide
Cholesterol,C5H14N3O9,278.26,3.77,568.285,Organic Compound
Glucose,C1H23N2O7,576.98,N/A,145.052,Lipid
Adrenaline,C10H16N5O1,748.79,N/A,118.35,Alcohol
Glucose,C15H15N2O10,389.61,N/A,171.037,Neurotransmitter
Urea,C9H5N5O4,343.77,13.17,14.665,Amide
Ethanol,C19H25N4O3,487.4,4.96,81.8,Organic Compound
Cholesterol,C10H27N3O8,214.46,N/A,963.424,Alcohol
Adrenaline,C7H26N3O6,112.36,3.44,616.26,Organic Compound
Caffeine,C14H5N2O8,413.6,7.17,295.893,Carbohydrate
Cholesterol,C15H27N1O5,355.92,13.15,753.233,Alcohol
Caffeine,C3H16N5O3,452.7,5.33,623.039,Hormone
Urea,C7H25N1O8,345.23,N/A,199.498,Carbohydrate
Aspirin,C17H18N1O10,496.29,9.56,835.301,Nucleotide
Serotonin,C13H28N3O3,721.25,N/A,472.992,Nucleotide
Cholesterol,C5H35N3O4,408.71,1.71,981.485,Organic Compound
Ethanol,C8H29N1O3,968.97,13.65,553.133,Carbohydrate
Glucose,C7H6N1O2,389.9,1.57,912.246,Alcohol
Cholesterol,C1H38N0O10,514.12,N/A,612.636,Lipid
Adrenaline,C20H39N1O7,159.02,3.93,991.852,Nucleotide
Aspirin,C9H17N3O7,81.27,5.11,525.211,Alkaloid
Adenosine triphosphate,C4H26N5O4,561.01,7.84,686.737,Alkaloid
Adenosine triphosphate,C16H11N5O0,394.74,N/A,168.519,Neurotransmitter
Cholesterol,C3H21N1O5,517.32,4.11,117.232,Nucleotide
Glucose,C10H32N2O5,359.92,7.08,116.243,Carbohydrate
Serotonin,C4H3N4O9,917.16,N/A,369.984,Nucleotide
Glucose,C9H23N0O7,988.68,8.74,40.313,Alkaloid
Serotonin,C16H6N5O6,613.99,1.65,780.234,Amide
Caffeine,C4H17N0O1,537.03,N/A,719.102,Organic Compound
Dopamine,C4H9N3O0,643.92,11.22,417.958,Amide
Urea,C7H25N3O2,866.36,2.5,833.092,Alcohol
Aspirin,C11H8N3O1,798.58,N/A,972.404,Carbohydrate
Adrenaline,C6H29N2O7,686.85,5.63,148.363,Alcohol
Cholesterol,C20H14N0O0,935.93,3.21,181.367,Lipid
Serotonin,C19H21N5O8,228.52,5.39,712.051,Alcohol
Glucose,C13H26N4O9,505.35,1.41,938.371,Hormone
Serotonin,C6H33N0O0,873.57,11.51,520.752,Alcohol
Adenosine triphosphate,C13H22N1O5,118.21,9.74,754.222,Organic Compound
Adrenaline,C7H38N4O5,490.75,7.09,947.127,Amide
Urea,C19H29N0O4,320.4,N/A,67.851,Alcohol
Caffeine,C2H37N5O8,892.14,6.29,510.121,Nucleotide
Adenosine triphosphate,C14H40N0O6,195.08,N/A,789.578,Neurotransmitter
Ethanol,C9H39N0O8,715.25,5.62,789.4,Carbohydrate
Aspirin,C2H12N5O1,519.98,N/A,4.638,Organic Compound
Adrenaline,C11H18N0O9,430.35,N/A,467.364,Neurotransmitter
Serotonin,C20H32N3O4,369.89,13.26,671.131,Lipid
Aspirin,C17H22N2O1,758.38,6.39,220.258,Hormone
Dopamine,C4H18N0O4,995.1,N/A,350.171,Lipid
Adenosine triphosphate,C20H39N1O6,307.55,1.09,251.281,Neurotransmitter
Glucose,C20H23N2O10,463.21,11.85,683.465,Organic Compound
Adrenaline,C19H19N3O3,880.1,7.18,357.798,Alcohol
Dopamine,C12H17N3O6,401.82,N/A,438.142,Neurotransmitter
Serotonin,C20H32N0O5,605.89,9.47,332.573,Lipid
Adenosine triphosphate,C9H17N4O5,678.78,12.45,891.362,Neurotransmitter
Dopamine,C10H6N5O6,736.43,9.24,673.591,Amide
Adrenaline,C10H6N2O3,581.93,6.14,722.096,Lipid
Urea,C19H9N0O0,909.21,12.97,314.336,Carbohydrate
Ethanol,C6H33N1O0,823.76,13.2,357.311,Lipid
Adenosine triphosphate,C19H1N5O3,929.09,5.36,500.882,Amide
Adenosine triphosphate,C3H31N4O3,937.21,8.59,115.965,Lipid
Aspirin,C15H14N0O8,735.5,13.91,268.295,Organic Compound
Urea,C1H40N2O8,416.43,8.02,509.394,Organic Compound
Aspirin,C13H11N1O8,713.68,4.91,583.932,Hormone
Ethanol,C4H1N2O6,826.31,N/A,843.249,Alcohol
Caffeine,C19H20N1O8,433.39,3.52,151.545,Hormone
Dopamine,C16H26N4O2,134.2,7.67,926.943,Amide
Ethanol,C3H11N3O3,526.95,N/A,931.322,Hormone
Aspirin,C5H6N2O0,93.6,N/A,794.115,Alcohol
Urea,C1H31N2O1,890.46,1.03,403.479,Organic Compound
Urea,C20H7N2O10,627.51,7.04,758.77,Lipid
Urea,C16H34N2O6,77.35,4.05,747.068,Nucleotide
Serotonin,C18H21N0O7,506.36,6.92,288.856,Neurotransmitter
Dopamine,C2H27N2O2,979.45,11.5,98.105,Amide
Urea,C6H36N5O7,156.78,11.8,84.13,Alcohol
Cholesterol,C12H14N3O6,952.69,10.08,136.798,Alcohol
Adenosine triphosphate,C12H3N1O6,147.02,N/A,860.647,Nucleotide
Aspirin,C2H8N0O1,367.23,N/A,583.994,Neurotransmitter
Aspirin,C2H22N5O2,97.02,13.89,650.308,Lipid
Dopamine,C14H10N1O4,808.64,N/A,270.479,Organic Compound
Cholesterol,C16H30N4O10,800.22,9.78,308.212,Carbohydrate
Cholesterol,C19H24N2O9,328.9,N/A,171.377,Neurotransmitter
Caffeine,C2H26N2O1,411.19,6.41,137.769,Neurotransmitter
Dopamine,C12H9N2O10,638.79,N/A,796.837,Hormone
Adenosine triphosphate,C11H33N3O4,105.75,8.34,66.743,Alcohol
Adrenaline,C20H32N0O5,302.07,11.04,582.372,Neurotransmitter
Dopamine,C15H18N3O6,420.19,4.35,728.274,Nucleotide
Dopamine,C6H7N0O4,828.36,N/A,354.189,Nucleotide
Serotonin,C9H6N2O10,95.25,10.12,687.28,Neurotransmitter
Adenosine triphosphate,C10H12N0O10,503.02,N/A,686.382,Carbohydrate
Serotonin,C9H24N5O5,84.29,6.72,925.113,Alcohol
Dopamine,C20H34N3O8,838.34,N/A,673.393,Nucleotide
Cholesterol,C13H36N2O6,959.34,12.28,529.518,Alkaloid
Urea,C1H12N0O8,93.11,8.08,734.887,Hormone
Adenosine triphosphate,C13H36N2O6,924.62,N/A,396.02,Alkaloid
Glucose,C13H1N1O6,202.52,N/A,725.565,Amide
Ethanol,C15H33N2O6,186.83,1.22,20.184,Neurotransmitter
Serotonin,C11H16N4O9,956.28,12.59,748.783,Lipid
Ethanol,C1H15N1O10,277.69,4.28,498.202,Hormone
Aspirin,C13H26N0O3,264.23,13.24,191.53,Carbohydrate
Serotonin,C6H36N4O0,944.96,8.08,98.998,Alkaloid
Dopamine,C1H37N4O7,270.69,8.38,391.036,Neurotransmitter
Caffeine,C4H10N4O9,941.83,10.9,785.313,Organic Compound
Urea,C14H37N2O10,893.17,13.37,316.257,Amide
Glucose,C19H39N3O4,295.86,N/A,628.329,Lipid
Urea,C4H14N3O7,617.1,9.76,736.669,Hormone
Cholesterol,C6H1N4O8,691.71,9.12,989.108,Alcohol
Dopamine,C12H18N2O1,826.16,N/A,849.681,Organic Compound
Dopamine,C6H10N0O10,190.94,6.31,669.34,Nucleotide
Adenosine triphosphate,C8H25N5O8,596.51,12.14,468.572,Neurotransmitter
Urea,C3H36N1O3,276.28,1.67,201.763,Alcohol
Urea,C1H28N1O5,650.05,9.35,364.765,Alcohol
Adenosine triphosphate,C2H2N1O5,950.89,11.9,960.911,Alkaloid
Cholesterol,C9H34N5O9,181.28,7.87,487.492,Neurotransmitter
Adenosine triphosphate,C2H37N4O0,121.13,4.79,435.477,Organic Compound
Urea,C1H34N3O8,878.09,12.92,749.207,Carbohydrate
Caffeine,C14H19N4O3,473.67,10.37,680.526,Carbohydrate
Caffeine,C6H28N3O10,261.89,4.71,50.987,Organic Compound
Ethanol,C10H5N5O6,514.19,6.52,206.745,Organic Compound
Aspirin,C4H24N5O9,271.92,5.52,9.332,Nucleotide
Dopamine,C12H24N3O6,558.09,6.13,54.189,Alcohol
Ethanol,C13H12N3O5,113.24,4.6,615.455,Nucleotide
Adenosine triphosphate,C17H2N0O6,892.8,12.54,133.281,Organic Compound
Adrenaline,C11H40N5O7,940.71,9.08,936.311,Nucleotide
Glucose,C17H35N2O4,390.01,8.54,827.965,Alkaloid
Cholesterol,C16H33N5O6,462.35,1.37,41.618,Hormone
Aspirin,C5H18N3O6,865.28,N/A,826.58,Alkaloid
Dopamine,C8H21N0O7,756.39,6.6,439.201,Neurotransmitter
Serotonin,C1H17N2O1,659.64,11.16,331.247,Carbohydrate
Cholesterol,C7H12N5O7,424.19,N/A,648.343,Neurotransmitter
Glucose,C4H7N1O10,571.4,N/A,226.314,Lipid
Adrenaline,C17H36N3O9,905.58,7.45,893.266,Carbohydrate
Glucose,C15H21N3O1,766.62,13.32,434.184,Amide
Dopamine,C13H11N1O5,251.55,N/A,546.79,Alcohol
Urea,C13H15N0O10,957.62,1.31,229.186,Organic Compound
Glucose,C14H37N0O8,446.04,7.97,137.998,Amide
Adrenaline,C17H40N3O10,789.01,4.85,321.336,Alcohol
Aspirin,C3H33N0O9,915.96,4.48,441.737,Hormone
Dopamine,C15H16N1O8,867.38,5.65,754.793,Alkaloid
Aspirin,C7H38N3O7,409.11,9.84,431.593,Neurotransmitter
Glucose,C1H38N2O5,642.73,N/A,633.751,Alkaloid
Adenosine triphosphate,C14H17N4O1,717.23,6.43,746.008,Hormone
Adenosine triphosphate,C2H2N5O10,747.23,N/A,522.589,Lipid
Serotonin,C3H25N1O10,574.0,N/A,756.869,Hormone
Adrenaline,C5H10N5O7,748.41,7.45,441.729,Neurotransmitter
Serotonin,C15H18N1O2,313.51,10.91,182.39,Lipid
Glucose,C8H35N1O3,692.44,8.42,423.846,Hormone
Caffeine,C14H11N5O7,112.19,12.65,878.72,Alkaloid
Aspirin,C8H18N3O10,330.39,10.21,856.852,Carbohydrate
Adenosine triphosphate,C6H4N4O0,89.19,8.29,123.528,Alcohol
Dopamine,C14H8N0O10,627.86,11.57,755.566,Nucleotide
Adenosine triphosphate,C11H3N3O1,646.26,13.51,188.631,Carbohydrate
Caffeine,C15H10N2O0,319.72,2.42,802.699,Organic Compound
Serotonin,C8H31N0O2,99.98,1.22,625.354,Neurotransmitter
Adenosine triphosphate,C10H35N0O0,804.99,N/A,5.552,Alcohol
Glucose,C17H28N5O6,168.34,8.02,356.487,Organic Compound
Ethanol,C13H17N0O9,746.8,11.4,143.01,Hormone
Cholesterol,C20H14N2O7,769.35,6.05,181.267,Hormone
Cholesterol,C7H27N5O4,495.4,9.71,620.069,Amide
Glucose,C6H34N5O7,787.23,12.96,736.284,Neurotransmitter
Cholesterol,C12H34N0O8,130.12,5.29,977.436,Nucleotide
Serotonin,C9H7N4O0,901.7,N/A,241.504,Lipid
Ethanol,C19H19N4O6,648.42,8.06,904.337,Amide
Serotonin,C17H6N3O6,469.01,9.84,439.098,Alcohol
Dopamine,C10H22N2O3,705.67,8.98,824.239,Nucleotide
Caffeine,C11H25N4O4,734.32,10.58,174.542,Nucleotide
Urea,C19H17N4O6,342.56,9.56,354.926,Hormone
Glucose,C8H38N5O3,123.12,7.61,770.522,Lipid
Dopamine,C10H2N2O6,652.08,11.73,386.964,Carbohydrate
Caffeine,C5H35N2O10,415.72,3.2,755.555,Alkaloid
Adrenaline,C6H17N5O4,857.54,9.07,283.998,Neurotransmitter
Aspirin,C20H14N4O10,574.65,N/A,480.521,Organic Compound
Cholesterol,C19H25N0O2,555.06,7.36,219.416,Carbohydrate
Caffeine,C16H30N0O3,280.1,6.43,594.658,Nucleotide
Caffeine,C19H16N0O9,300.73,6.65,577.505,Carbohydrate
Cholesterol,C6H33N1O5,882.03,11.57,145.476,Nucleotide
Caffeine,C17H39N0O10,412.89,N/A,780.909,Lipid
Adenosine triphosphate,C19H2N5O10,615.21,12.63,673.796,Nucleotide
Cholesterol,C16H11N1O5,866.53,N/A,363.805,Alkaloid
Adrenaline,C11H39N0O5,587.53,N/A,614.68,Neurotransmitter
Cholesterol,C14H23N1O4,61.3,7.55,509.859,Alkaloid
Urea,C2H27N4O9,500.15,6.39,804.856,Neurotransmitter
Dopamine,C14H16N1O6,642.64,N/A,180.667,Neurotransmitter
Aspirin,C4H7N2O0,436.43,13.56,699.664,Amide
Serotonin,C1H22N1O5,514.61,13.12,513.465,Alcohol
Serotonin,C11H20N5O8,982.05,11.44,507.811,Lipid
Urea,C2H15N4O8,288.05,12.58,860.844,Lipid
Urea,C20H12N3O2,727.69,3.95,736.856,Carbohydrate
Ethanol,C6H26N4O7,619.48,8.17,57.387,Nucleotide
Aspirin,C12H20N5O0,826.07,12.99,976.64,Amide
Caffeine,C8H22N5O6,125.69,3.07,156.147,Hormone
Cholesterol,C20H2N3O3,585.15,5.75,311.979,Neurotransmitter
Glucose,C4H22N0O0,344.15,5.35,251.429,Organic Compound
Ethanol,C6H14N2O9,903.99,12.62,59.165,Alkaloid
Ethanol,C8H34N0O7,399.19,N/A,304.176,Alcohol
Urea,C3H16N1O9,524.72,1.32,106.677,Alcohol
Aspirin,C19H39N1O9,722.81,1.32,196.836,Alcohol
Adrenaline,C11H12N5O4,534.84,12.53,6.789,Organic Compound
Adrenaline,C18H28N4O10,701.72,7.49,285.173,Amide
Ethanol,C3H36N5O7,138.23,13.98,982.717,Lipid
Urea,C14H13N5O4,320.75,8.46,479.978,Lipid
Aspirin,C18H16N2O9,357.35,7.59,628.658,Hormone
Ethanol,C4H29N1O2,950.85,10.68,292.138,Hormone
Glucose,C4H26N4O10,72.14,N/A,6.63,Alkaloid
Cholesterol,C17H19N4O10,327.53,8.91,919.411,Alkaloid
Dopamine,C12H19N5O10,723.53,7.89,986.99,Hormone
Adenosine triphosphate,C19H25N3O5,233.99,3.59,74.603,Neurotransmitter
Serotonin,C10H4N0O3,539.98,N/A,942.842,Lipid
Serotonin,C14H3N2O0,97.52,13.76,195.437,Alkaloid
Serotonin,C1H5N3O9,917.15,N/A,226.788,Organic Compound
Aspirin,C20H8N3O5,771.63,7.95,672.706,Nucleotide
Serotonin,C4H11N3O5,859.93,3.78,3.696,Amide
Glucose,C10H16N4O0,742.1,4.7,283.302,Carbohydrate
Dopamine,C19H32N4O9,837.98,N/A,876.169,Amide
Aspirin,C13H16N0O0,916.59,2.78,243.088,Nucleotide
Cholesterol,C13H2N1O1,612.18,N/A,471.113,Amide
Adrenaline,C1H24N2O7,93.31,4.46,716.955,Carbohydrate
Caffeine,C2H5N4O9,417.28,1.68,107.233,Alkaloid
Aspirin,C4H35N5O5,930.61,N/A,422.312,Neurotransmitter
Ethanol,C14H13N4O7,332.89,9.65,773.698,Organic Compound
Caffeine,C8H9N5O10,374.67,1.36,903.408,Alkaloid
Adenosine triphosphate,C4H8N2O0,568.49,5.16,68.922,Amide
Urea,C9H25N2O0,596.52,7.84,220.833,Organic Compound
Adrenaline,C8H11N5O3,116.71,7.97,535.039,Carbohydrate
Dopamine,C3H25N5O2,247.94,2.7,613.035,Nucleotide
Serotonin,C3H32N0O5,263.74,8.91,922.362,Neurotransmitter
Serotonin,C6H2N5O4,365.13,9.08,171.622,Carbohydrate
Dopamine,C15H12N2O9,483.32,2.9,668.43,Hormone
Cholesterol,C18H24N3O9,629.51,8.51,649.345,Nucleotide
Serotonin,C20H23N5O5,667.14,1.11,783.522,Neurotransmitter
Adenosine triphosphate,C13H5N5O10,89.85,7.11,9.404,Hormone
Dopamine,C18H33N4O1,694.1,N/A,161.049,Nucleotide
Urea,C14H12N4O5,655.52,9.15,954.111,Alcohol
Dopamine,C15H16N0O7,826.03,N/A,443.5,Alkaloid
Dopamine,C16H24N4O1,265.53,10.43,733.574,Hormone
Aspirin,C20H13N4O7,980.24,2.35,782.044,Nucleotide
Ethanol,C10H2N3O8,282.86,11.03,426.55,Alcohol
Cholesterol,C5H39N2O4,688.42,N/A,497.692,Lipid
Dopamine,C11H17N4O5,148.44,N/A,938.016,Alkaloid
Adrenaline,C4H18N4O7,872.64,N/A,589.469,Organic Compound
Adrenaline,C20H13N4O9,940.14,6.94,305.325,Nucleotide
Urea,C19H33N1O8,432.52,N/A,772.313,Lipid
Adrenaline,C8H3N1O7,653.53,4.52,516.847,Alkaloid
Dopamine,C11H39N3O1,487.87,1.11,870.037,Lipid
Cholesterol,C8H19N1O5,797.42,2.4,866.734,Carbohydrate
Ethanol,C12H37N0O1,559.03,12.99,891.171,Alcohol
Caffeine,C8H14N1O3,352.58,N/A,327.931,Organic Compound
Cholesterol,C14H12N1O2,934.58,2.83,927.717,Amide
Ethanol,C6H20N1O6,606.69,11.05,220.727,Alcohol
Ethanol,C19H17N5O8,113.01,N/A,224.59,Amide
Aspirin,C11H35N3O5,64.62,5.08,67.596,Alkaloid
Adrenaline,C4H6N5O9,248.65,2.5,366.261,Hormone
Glucose,C15H7N0O7,77.49,11.68,466.705,Organic Compound
Adrenaline,C17H22N3O4,154.71,5.84,245.366,Amide
Dopamine,C13H3N0O0,332.44,10.09,244.49,Carbohydrate
Aspirin,C5H6N2O8,618.62,4.31,942.133,Nucleotide
Cholesterol,C14H13N5O6,773.41,N/A,512.619,Nucleotide
Glucose,C5H11N5O1,174.62,13.88,405.687,Lipid
Aspirin,C5H26N4O1,134.8,12.48,105.594,Organic Compound
Ethanol,C5H2N0O6,604.37,11.43,403.433,Hormone
Ethanol,C20H16N3O2,720.14,7.8,852.733,Hormone
Serotonin,C2H4N2O8,484.31,6.49,494.999,Amide
Dopamine,C17H9N4O8,233.03,2.34,329.777,Lipid
Caffeine,C1H32N1O2,587.19,6.36,879.745,Neurotransmitter
Cholesterol,C1H12N1O4,510.5,10.57,996.044,Lipid
Caffeine,C15H36N3O10,655.4,10.81,731.789,Neurotransmitter
Urea,C3H25N0O8,870.63,11.97,932.844,Amide
Serotonin,C15H14N3O7,821.66,N/A,631.623,Carbohydrate
Glucose,C12H27N4O9,860.24,8.91,848.544,Neurotransmitter
Ethanol,C1H8N5O2,826.97,13.63,833.019,Organic Compound
Adrenaline,C10H21N0O3,598.47,9.54,731.208,Carbohydrate
Ethanol,C16H2N0O1,949.93,9.93,359.559,Organic Compound
Glucose,C1H28N2O4,495.34,2.84,87.707,Alkaloid
Urea,C15H18N5O7,660.8,3.99,805.041,Alkaloid
Adrenaline,C18H24N0O5,320.82,11.14,240.204,Amide
Adrenaline,C18H1N0O1,229.43,N/A,86.041,Alkaloid
Glucose,C6H25N4O0,451.7,13.56,954.689,Alcohol
Adrenaline,C15H21N2O5,715.51,10.16,860.336,Amide
Cholesterol,C7H6N5O10,962.61,7.29,83.813,Neurotransmitter
Serotonin,C18H36N5O2,991.93,2.38,333.167,Organic Compound
Ethanol,C2H8N2O1,889.39,5.24,257.498,Lipid
Cholesterol,C14H30N1O5,837.03,7.42,489.838,Amide
Ethanol,C1H38N5O5,531.92,9.5,247.087,Organic Compound
Urea,C4H23N3O10,191.84,8.01,460.686,Alkaloid
Aspirin,C13H18N0O0,782.22,4.44,335.996,Alkaloid
Cholesterol,C20H11N2O1,746.38,2.26,29.935,Alcohol
Serotonin,C4H35N1O4,561.23,13.49,144.668,Hormone
Aspirin,C16H21N1O10,907.91,2.29,541.059,Organic Compound
Cholesterol,C11H6N4O3,503.63,N/A,799.864,Alkaloid
Caffeine,C12H31N0O7,529.24,11.8,91.238,Amide
Aspirin,C9H30N5O9,757.74,9.41,383.259,Hormone
Cholesterol,C9H20N3O1,649.0,4.72,767.403,Nucleotide
Caffeine,C3H15N5O8,851.6,5.84,948.824,Lipid
Dopamine,C3H1N4O0,631.66,8.33,421.578,Lipid
Serotonin,C10H1N4O10,197.9,N/A,89.224,Lipid
Glucose,C5H10N0O2,275.4,5.47,468.107,Neurotransmitter
Ethanol,C13H17N4O10,78.47,10.41,720.124,Alkaloid
Ethanol,C9H16N4O7,380.35,3.59,31.864,Carbohydrate
Adrenaline,C19H18N3O3,639.43,1.51,843.519,Nucleotide
Adenosine triphosphate,C1H37N3O3,281.81,1.43,92.166,Lipid
Dopamine,C3H32N2O7,489.17,2.1,663.082,Neurotransmitter
Ethanol,C16H29N5O5,667.25,5.76,501.549,Carbohydrate
Ethanol,C18H25N3O8,882.34,12.37,789.488,Nucleotide
Adenosine triphosphate,C2H34N2O3,144.48,5.4,862.814,Organic Compound
Aspirin,C17H14N4O8,498.83,N/A,351.448,Hormone
Aspirin,C20H2N4O1,50.94,9.61,355.047,Lipid
Ethanol,C5H6N5O0,214.4,10.96,386.832,Alcohol
Caffeine,C16H34N4O9,378.07,4.71,259.178,Amide
Adenosine triphosphate,C4H22N3O4,664.79,N/A,428.187,Alkaloid
Adenosine triphosphate,C12H1N1O9,705.51,11.69,273.109,Neurotransmitter
Dopamine,C9H8N2O4,744.23,2.53,305.527,Nucleotide
Cholesterol,C5H11N2O3,539.49,10.3,805.199,Alkaloid
Serotonin,C8H30N2O3,181.74,11.69,174.534,Lipid
Serotonin,C13H34N5O4,712.97,N/A,336.434,Hormone
Cholesterol,C4H35N3O5,203.74,N/A,630.443,Alkaloid
Cholesterol,C11H14N5O7,299.3,N/A,352.527,Alkaloid
Serotonin,C20H27N4O7,334.99,11.28,66.262,Alcohol
Adrenaline,C5H23N1O2,885.47,12.51,861.008,Nucleotide
Cholesterol,C4H21N4O5,795.62,N/A,383.756,Hormone
Aspirin,C20H24N0O4,850.34,5.24,190.818,Lipid
Dopamine,C9H32N5O7,590.11,1.98,925.398,Alkaloid
Adenosine triphosphate,C9H15N2O5,379.29,1.73,518.326,Lipid
Aspirin,C8H10N3O3,928.04,7.48,7.386,Carbohydrate
Urea,C2H10N1O3,500.37,6.74,196.585,Lipid
Caffeine,C4H26N0O8,834.1,N/A,279.771,Neurotransmitter
Serotonin,C7H27N4O10,577.54,N/A,346.918,Hormone
Caffeine,C11H2N3O6,799.38,3.67,802.895,Hormone
Adrenaline,C3H7N3O8,989.08,2.99,276.618,Organic Compound
Serotonin,C1H26N5O1,585.88,N/A,270.709,Carbohydrate
Serotonin,C20H11N2O7,451.13,N/A,82.071,Neurotransmitter
Glucose,C8H26N5O5,792.58,6.11,492.364,Neurotransmitter
Cholesterol,C13H11N1O9,823.98,1.34,247.146,Hormone
Ethanol,C18H26N5O5,670.42,8.29,119.095,Nucleotide
Caffeine,C4H31N3O0,452.79,6.23,226.992,Hormone
Caffeine,C17H32N1O8,949.29,3.13,39.711,Lipid
Glucose,C18H30N5O10,814.68,4.59,369.248,Amide
Glucose,C17H20N5O2,900.8,4.91,718.516,Nucleotide
Serotonin,C20H20N1O9,479.37,N/A,144.731,Hormone
Glucose,C1H15N4O9,610.8,13.95,749.041,Organic Compound
Urea,C11H36N0O6,416.62,1.31,358.508,Organic Compound
Serotonin,C2H5N3O9,400.74,N/A,185.341,Amide
Dopamine,C1H17N2O4,963.91,12.96,931.962,Lipid
Serotonin,C9H34N4O9,229.17,10.21,702.64,Organic Compound
Dopamine,C18H8N2O6,965.84,13.17,40.27,Alkaloid
Serotonin,C4H13N1O5,469.31,7.18,725.06,Nucleotide
Aspirin,C5H20N1O0,772.52,2.62,646.556,Neurotransmitter
Adenosine triphosphate,C13H12N0O9,849.22,13.25,491.657,Alcohol
Adenosine triphosphate,C7H32N1O3,358.78,12.97,445.777,Amide
Urea,C20H3N2O2,510.3,5.5,239.954,Organic Compound
Adrenaline,C9H11N5O9,960.22,N/A,390.674,Amide
Caffeine,C10H6N0O7,491.03,12.82,820.736,Hormone
Caffeine,C19H17N5O7,652.13,5.71,603.946,Alkaloid
Cholesterol,C20H21N3O10,484.46,5.92,362.804,Nucleotide
Adenosine triphosphate,C13H23N1O10,163.43,8.86,814.734,Amide
Caffeine,C17H8N0O8,93.17,7.4,927.223,Organic Compound
Cholesterol,C6H15N5O1,178.93,6.43,251.782,Hormone
Dopamine,C19H36N5O6,367.33,N/A,712.93,Hormone
Caffeine,C16H22N5O9,911.3,9.55,329.267,Carbohydrate
Caffeine,C14H15N4O10,594.27,13.17,333.283,Lipid
Ethanol,C15H32N5O3,682.26,N/A,112.144,Hormone
Cholesterol,C16H1N3O10,326.32,6.38,217.741,Nucleotide
Aspirin,C12H23N5O8,958.03,13.04,955.686,Carbohydrate
Aspirin,C20H18N5O9,365.59,13.11,863.631,Hormone
Adenosine triphosphate,C3H5N1O4,223.64,N/A,468.349,Alkaloid
Serotonin,C9H11N0O3,282.65,N/A,144.078,Carbohydrate
Aspirin,C15H32N0O0,336.3,N/A,589.84,Amide
Adenosine triphosphate,C18H33N5O1,838.68,3.93,912.412,Alkaloid
Serotonin,C6H17N5O6,592.44,5.2,329.499,Nucleotide
Serotonin,C17H25N5O1,814.7,8.29,414.6,Neurotransmitter
Ethanol,C10H27N1O0,603.43,7.14,123.313,Neurotransmitter
Ethanol,C3H9N2O7,486.8,11.95,556.156,Lipid
Adrenaline,C4H4N2O10,841.79,13.42,99.666,Alcohol
Serotonin,C3H19N3O5,868.86,4.64,999.42,Carbohydrate
Urea,C9H14N4O3,252.86,5.04,769.634,Amide
Cholesterol,C18H3N3O2,661.46,N/A,352.707,Neurotransmitter
Cholesterol,C20H2N0O10,830.15,9.25,846.251,Carbohydrate
Caffeine,C6H21N2O4,144.31,8.9,665.793,Alkaloid
Caffeine,C14H10N3O7,797.89,N/A,355.673,Alkaloid
Glucose,C19H4N0O5,264.66,3.1,765.062,Carbohydrate
Urea,C20H21N3O9,534.26,5.05,238.934,Nucleotide
Cholesterol,C10H4N3O8,488.78,13.65,447.418,Neurotransmitter
Ethanol,C16H30N1O8,717.79,3.12,713.934,Amide
Aspirin,C16H13N5O0,547.72,4.89,595.532,Nucleotide
Ethanol,C10H18N5O0,396.02,6.25,17.279,Carbohydrate
Aspirin,C10H28N2O7,540.3,4.34,996.219,Alkaloid
Adrenaline,C20H24N0O9,584.98,10.38,303.181,Neurotransmitter
Urea,C14H38N2O3,331.43,N/A,92.408,Organic Compound
Ethanol,C11H16N5O7,458.56,6.15,585.912,Carbohydrate
Dopamine,C3H37N0O10,962.19,10.02,905.193,Organic Compound
Adrenaline,C17H10N2O8,324.86,6.09,786.058,Alkaloid
Aspirin,C4H29N5O7,546.34,11.37,335.047,Hormone
Serotonin,C6H18N5O8,926.14,9.08,380.781,Organic Compound
Urea,C17H16N3O4,442.25,N/A,319.29,Hormone
Adrenaline,C19H22N0O9,944.87,12.74,619.894,Lipid
Urea,C12H10N4O6,422.77,N/A,380.458,Organic Compound
Serotonin,C6H36N5O4,809.64,13.59,920.69,Nucleotide
Glucose,C6H36N1O9,817.8,10.71,922.538,Carbohydrate
Adrenaline,C2H31N3O7,672.48,N/A,95.801,Hormone
Aspirin,C1H35N5O4,782.26,N/A,397.019,Alkaloid
Adenosine triphosphate,C4H34N5O1,158.77,6.62,768.444,Hormone
Adrenaline,C9H20N5O6,157.63,4.68,312.633,Neurotransmitter
Adrenaline,C13H9N3O7,902.2,13.54,168.977,Nucleotide
Aspirin,C2H36N5O6,83.03,N/A,366.061,Amide
Adenosine triphosphate,C2H10N0O3,731.59,11.32,473.814,Alkaloid
Urea,C15H13N0O2,610.44,12.54,19.502,Nucleotide
Adenosine triphosphate,C5H9N2O6,590.71,13.29,496.058,Organic Compound
Glucose,C18H33N1O6,76.97,3.81,23.14,Carbohydrate
Dopamine,C10H12N4O2,782.12,3.31,447.71,Amide
Serotonin,C2H4N2O5,846.72,6.02,373.496,Nucleotide
Ethanol,C14H10N2O6,270.3,7.79,975.168,Lipid
Adenosine triphosphate,C9H12N5O7,898.12,7.92,15.082,Lipid
Urea,C6H40N4O3,469.37,2.16,216.082,Nucleotide
Adenosine triphosphate,C4H15N1O0,976.76,13.82,924.348,Amide
Aspirin,C13H3N4O5,519.57,N/A,400.169,Organic Compound
Adrenaline,C1H20N1O9,910.63,5.54,512.797,Neurotransmitter
Serotonin,C14H35N2O10,510.92,12.77,319.33,Alkaloid
Caffeine,C12H33N0O7,286.96,12.8,319.164,Amide
Serotonin,C10H3N4O6,855.27,N/A,195.118,Alcohol
Adenosine triphosphate,C19H34N4O6,507.32,7.39,470.177,Nucleotide
Cholesterol,C19H3N2O10,821.47,9.23,797.745,Alcohol
Aspirin,C4H2N3O5,115.44,11.81,48.237,Alkaloid
Urea,C10H23N0O8,359.48,10.11,422.09,Organic Compound
Cholesterol,C11H24N0O4,312.63,12.13,443.993,Organic Compound
Ethanol,C14H39N4O7,53.02,5.33,339.281,Nucleotide
Caffeine,C4H8N3O6,492.52,10.94,245.332,Lipid
Urea,C7H2N1O3,642.26,10.05,449.209,Lipid
Caffeine,C6H21N3O7,641.14,13.22,96.016,Alcohol
Cholesterol,C5H32N2O2,226.6,7.9,638.917,Amide
Ethanol,C13H9N2O9,385.38,5.35,224.187,Neurotransmitter
Caffeine,C17H22N2O3,288.17,10.29,648.277,Carbohydrate
Urea,C17H27N2O8,680.16,5.66,855.445,Lipid
Caffeine,C9H26N4O5,486.13,10.84,120.994,Alcohol
Dopamine,C18H24N4O0,208.18,4.67,475.994,Neurotransmitter
Adenosine triphosphate,C10H20N2O3,806.03,N/A,817.773,Organic Compound
Aspirin,C18H11N0O5,468.3,N/A,956.23,Lipid
Adenosine triphosphate,C9H18N5O6,213.42,2.77,29.832,Lipid
Cholesterol,C8H40N3O4,904.74,N/A,961.583,Alcohol
Glucose,C13H24N0O7,60.93,N/A,288.731,Alcohol
Cholesterol,C17H12N0O7,936.38,N/A,820.328,Organic Compound
Ethanol,C14H35N0O7,873.37,1.61,345.693,Carbohydrate
Dopamine,C4H9N2O8,831.63,12.95,554.441,Carbohydrate
Dopamine,C14H15N1O6,895.25,8.83,686.736,Alkaloid
Aspirin,C3H15N3O8,973.9,5.97,984.703,Alcohol
Glucose,C11H14N3O3,582.37,2.96,542.447,Neurotransmitter
Aspirin,C14H27N1O1,869.07,5.31,222.941,Alkaloid
Dopamine,C8H15N2O7,753.05,2.42,858.184,Amide
Urea,C13H13N0O9,797.69,10.33,299.914,Amide
Aspirin,C6H2N0O6,103.7,4.69,58.687,Alkaloid
Aspirin,C15H13N0O0,56.55,8.18,977.302,Nucleotide
Adrenaline,C2H31N3O9,271.39,13.16,687.317,Organic Compound
Ethanol,C20H14N5O7,972.55,1.02,150.386,Neurotransmitter
Caffeine,C15H6N2O5,855.51,2.68,966.525,Neurotransmitter
Serotonin,C7H7N1O8,660.9,12.11,957.077,Neurotransmitter
Urea,C18H3N5O2,769.96,3.35,186.383,Amide
Caffeine,C7H7N5O10,233.99,9.99,46.236,Lipid
Ethanol,C15H7N1O3,804.36,7.12,329.123,Alcohol
Cholesterol,C3H37N4O8,121.12,13.45,956.059,Neurotransmitter
Serotonin,C12H36N1O3,792.67,13.65,311.112,Hormone
Caffeine,C15H11N1O8,240.39,1.03,407.958,Lipid
Cholesterol,C9H4N0O8,575.6,12.16,936.14,Neurotransmitter
Ethanol,C15H29N2O7,638.48,7.43,961.089,Alkaloid
Aspirin,C15H30N2O10,489.47,4.32,258.359,Nucleotide
Urea,C11H4N5O7,159.31,1.19,650.063,Carbohydrate
Aspirin,C15H12N1O5,326.66,2.56,394.274,Carbohydrate
Glucose,C19H6N4O4,593.71,11.27,467.305,Alcohol
Aspirin,C14H25N3O9,635.07,8.33,98.083,Lipid
Adrenaline,C10H9N2O4,695.48,6.73,201.072,Alcohol
Adrenaline,C9H23N0O8,607.67,10.58,315.524,Neurotransmitter
Dopamine,C1H8N1O2,739.43,5.7,971.901,Alkaloid
Adrenaline,C2H37N3O0,420.67,8.81,965.614,Lipid
Urea,C6H13N1O9,338.14,11.57,479.275,Carbohydrate
Adrenaline,C6H19N1O3,715.67,12.8,805.676,Organic Compound
Urea,C6H24N1O8,399.38,10.81,550.131,Hormone
Glucose,C4H38N5O3,943.91,N/A,354.385,Alcohol
Serotonin,C15H18N4O0,544.61,N/A,668.5,Organic Compound
Dopamine,C16H20N2O2,100.62,12.67,701.034,Lipid
Ethanol,C1H23N2O6,247.73,11.85,548.818,Hormone
Urea,C3H2N1O10,414.12,N/A,891.95,Amide
Caffeine,C12H6N2O8,824.51,6.58,776.464,Carbohydrate
Aspirin,C2H28N2O7,173.85,3.01,596.829,Nucleotide
Caffeine,C4H13N0O0,318.18,N/A,405.929,Amide
Ethanol,C14H8N4O0,520.57,8.32,962.007,Alcohol
Aspirin,C20H19N4O10,436.75,9.28,250.15,Alkaloid
Adrenaline,C10H31N0O1,715.11,5.41,345.2,Alcohol
Urea,C3H21N2O3,433.02,11.41,967.828,Organic Compound
Glucose,C20H11N5O6,124.37,12.97,245.181,Amide
Dopamine,C5H21N5O1,491.89,N/A,515.959,Lipid
Serotonin,C10H23N2O5,887.78,1.07,365.087,Hormone
Adrenaline,C20H35N2O10,446.74,8.94,869.147,Neurotransmitter
Urea,C10H22N2O7,308.35,5.47,396.011,Alcohol
Adenosine triphosphate,C19H22N3O1,959.35,4.1,984.991,Alkaloid
Urea,C18H15N0O1,599.53,11.41,716.955,Lipid
Aspirin,C5H35N2O2,69.53,4.13,787.381,Organic Compound
Glucose,C9H20N1O3,697.88,9.85,379.392,Nucleotide
Serotonin,C3H27N4O2,652.0,13.7,549.295,Hormone
Dopamine,C12H24N3O0,752.02,N/A,140.033,Organic Compound
Urea,C9H25N4O1,898.88,11.52,289.797,Amide
Aspirin,C11H31N0O4,705.33,N/A,594.045,Carbohydrate
Cholesterol,C15H1N1O9,515.4,7.73,134.227,Alkaloid
Adrenaline,C9H11N3O2,777.22,5.2,597.771,Alcohol
Dopamine,C2H38N4O6,454.53,13.49,458.801,Carbohydrate
Glucose,C2H15N2O7,737.88,12.6,770.442,Amide
Adenosine triphosphate,C17H8N5O0,496.77,2.04,817.916,Organic Compound
Caffeine,C19H14N2O9,139.31,6.9,673.056,Carbohydrate
Aspirin,C11H38N5O0,274.79,N/A,206.99,Nucleotide
Caffeine,C10H25N0O9,308.3,11.51,653.575,Nucleotide
Adenosine triphosphate,C5H8N4O5,385.92,4.82,225.477,Nucleotide
Serotonin,C14H27N2O8,529.54,10.48,149.44,Neurotransmitter
Adenosine triphosphate,C17H30N1O7,379.34,N/A,389.437,Nucleotide
Serotonin,C5H29N3O5,623.24,3.98,655.737,Amide
Dopamine,C8H21N3O1,619.33,5.93,550.234,Nucleotide
Caffeine,C2H15N4O8,961.45,N/A,230.512,Alcohol
Aspirin,C3H35N1O5,997.61,7.54,44.487,Amide
Cholesterol,C20H21N5O1,248.25,1.73,552.288,Neurotransmitter
Adrenaline,C12H40N1O7,574.05,N/A,354.641,Alkaloid
Urea,C6H34N0O4,366.49,9.08,114.913,Carbohydrate
Adrenaline,C3H39N1O5,572.46,13.99,659.272,Alcohol
Aspirin,C17H22N4O0,955.2,1.46,725.913,Hormone
Ethanol,C9H29N1O6,619.18,4.45,741.941,Alkaloid
Caffeine,C5H12N4O5,421.81,N/A,606.529,Alcohol
Cholesterol,C15H2N0O5,247.96,N/A,412.855,Hormone
Adrenaline,C13H22N4O7,688.63,1.79,804.189,Organic Compound
Glucose,C20H3N3O3,890.73,10.24,511.731,Amide
Urea,C6H22N2O4,59.4,11.06,843.011,Carbohydrate
Glucose,C19H13N4O7,255.49,4.53,316.566,Organic Compound
Adenosine triphosphate,C1H24N4O4,410.81,4.61,336.479,Organic Compound
Aspirin,C8H1N5O6,530.41,2.91,747.008,Alcohol
Urea,C15H13N4O6,478.5,2.46,44.575,Carbohydrate
Aspirin,C8H6N5O2,863.25,9.43,795.065,Amide
Urea,C5H22N3O2,759.44,12.73,372.12,Nucleotide
Dopamine,C13H40N3O0,366.39,2.08,865.144,Alkaloid
Adenosine triphosphate,C1H33N3O4,83.68,9.31,528.191,Organic Compound
Glucose,C18H35N3O2,892.04,8.97,958.193,Organic Compound
Adrenaline,C17H40N1O4,697.13,10.86,521.31,Lipid
Glucose,C14H11N1O10,108.08,N/A,311.06,Neurotransmitter
Cholesterol,C6H20N0O2,845.7,N/A,585.971,Organic Compound
Adrenaline,C15H39N1O5,972.39,11.85,527.45,Neurotransmitter
Adrenaline,C7H7N4O9,777.22,7.33,701.622,Amide
Dopamine,C3H16N5O7,82.47,N/A,991.164,Organic Compound
Serotonin,C13H24N0O7,496.57,4.98,474.347,Amide
Caffeine,C1H32N5O9,208.01,N/A,33.685,Alkaloid
Aspirin,C6H20N1O0,331.29,8.34,318.751,Hormone
Adrenaline,C1H23N4O8,365.17,12.85,162.856,Carbohydrate
Aspirin,C13H4N1O1,702.86,4.55,565.596,Neurotransmitter
Adenosine triphosphate,C6H15N4O6,616.81,4.67,883.569,Neurotransmitter
Ethanol,C20H35N4O7,197.46,6.5,178.441,Lipid
Urea,C5H18N5O2,578.42,N/A,877.763,Carbohydrate
Adenosine triphosphate,C8H26N5O10,649.69,12.71,766.967,Carbohydrate
Glucose,C12H13N1O8,576.95,9.64,869.395,Alkaloid
Adenosine triphosphate,C9H5N5O2,323.02,10.19,759.138,Nucleotide
Ethanol,C1H17N3O10,158.65,7.77,65.267,Alkaloid
Adenosine triphosphate,C18H36N3O1,896.6,7.19,881.302,Organic Compound
Adrenaline,C18H10N3O0,524.63,N/A,538.355,Carbohydrate
Serotonin,C18H13N3O6,154.28,13.63,719.26,Nucleotide
Adrenaline,C1H25N4O8,423.14,6.35,338.451,Alcohol
Adrenaline,C11H7N0O5,624.95,N/A,237.091,Neurotransmitter
Glucose,C9H5N5O1,126.08,4.95,849.902,Alkaloid
Cholesterol,C4H34N4O9,277.11,2.03,791.124,Nucleotide
Dopamine,C2H6N1O5,706.6,N/A,809.417,Neurotransmitter
Glucose,C13H2N4O7,947.49,4.21,432.596,Nucleotide
Caffeine,C12H31N4O3,134.14,13.01,475.577,Alkaloid
Caffeine,C20H21N3O2,85.16,8.89,970.083,Carbohydrate
Urea,C19H16N0O3,595.03,N/A,177.088,Lipid
Aspirin,C14H38N0O2,975.32,N/A,893.746,Hormone
Urea,C8H15N0O6,712.79,N/A,441.547,Carbohydrate
Cholesterol,C8H37N1O10,593.73,1.99,570.331,Alkaloid
Adrenaline,C7H12N2O5,794.36,N/A,500.874,Neurotransmitter
Dopamine,C14H2N0O10,530.01,4.46,716.966,Lipid
Cholesterol,C8H15N1O9,812.75,5.56,243.819,Amide
Urea,C12H27N2O5,109.09,N/A,748.842,Organic Compound
Caffeine,C4H10N5O7,786.5,5.05,862.545,Carbohydrate
Glucose,C8H36N5O6,607.65,4.23,100.369,Alcohol
Glucose,C19H32N5O5,884.26,8.69,601.559,Hormone
Cholesterol,C11H19N0O6,885.21,1.16,331.565,Amide
Cholesterol,C20H10N3O8,269.16,9.27,876.977,Amide
Serotonin,C19H6N5O7,844.23,3.02,111.305,Alkaloid
Urea,C8H8N1O3,626.18,11.64,781.762,Hormone
Dopamine,C5H25N1O5,704.38,13.01,549.202,Neurotransmitter
Urea,C2H30N4O8,188.91,N/A,548.733,Amide
Caffeine,C3H29N4O5,239.77,5.64,607.69,Neurotransmitter
Caffeine,C9H5N5O4,336.47,N/A,295.69,Alkaloid
Dopamine,C16H22N0O8,54.93,N/A,212.148,Alkaloid
Cholesterol,C14H7N5O3,589.95,5.48,368.599,Lipid
Adrenaline,C18H30N5O4,972.17,N/A,308.681,Organic Compound
Dopamine,C9H19N3O5,371.37,N/A,808.941,Alcohol
Urea,C4H17N2O9,600.28,12.61,188.507,Alcohol
Glucose,C19H31N4O4,416.82,2.36,79.907,Lipid
Serotonin,C19H37N0O10,124.79,4.08,420.744,Amide
Dopamine,C9H24N2O10,776.41,N/A,823.486,Carbohydrate
Ethanol,C19H33N2O2,585.08,12.63,448.475,Organic Compound
Caffeine,C19H11N0O1,592.37,11.1,490.219,Lipid
Adrenaline,C7H35N3O3,804.58,6.08,786.904,Alcohol
Aspirin,C4H36N2O8,796.31,11.69,173.752,Organic Compound
Adenosine triphosphate,C15H40N3O4,179.16,3.48,51.345,Amide
Glucose,C8H9N3O6,979.66,10.59,187.107,Hormone
Adenosine triphosphate,C6H29N2O9,701.74,2.97,89.861,Nucleotide
Serotonin,C8H35N0O8,215.44,9.59,751.852,Hormone
Ethanol,C3H15N1O2,385.66,N/A,608.774,Amide
Ethanol,C13H15N5O4,299.28,1.2,856.175,Carbohydrate
Glucose,C6H7N2O2,716.4,2.85,129.018,Alkaloid
Glucose,C17H11N0O5,543.12,N/A,762.911,Amide
Adenosine triphosphate,C12H2N3O9,354.98,11.79,217.272,Organic Compound
Serotonin,C15H29N5O1,527.97,N/A,514.638,Amide
Adrenaline,C19H16N0O8,647.86,3.09,958.145,Alkaloid
Cholesterol,C6H1N5O4,955.92,4.31,384.756,Amide
Aspirin,C17H33N4O10,67.95,12.2,909.324,Neurotransmitter
Cholesterol,C5H31N4O9,260.58,9.76,670.463,Nucleotide
Ethanol,C16H9N1O2,772.48,5.08,516.093,Lipid
Serotonin,C13H36N4O2,721.51,6.71,784.361,Neurotransmitter
Adenosine triphosphate,C19H22N5O1,976.71,12.9,5.696,Nucleotide
Serotonin,C12H5N0O3,567.85,8.75,307.008,Carbohydrate
Ethanol,C9H40N5O3,588.23,3.55,176.519,Lipid
Dopamine,C1H18N3O4,98.43,N/A,972.183,Hormone
Ethanol,C15H13N2O0,450.82,6.12,120.591,Carbohydrate
Adenosine triphosphate,C9H36N3O6,77.74,1.72,579.744,Nucleotide
Ethanol,C16H18N4O7,935.07,9.25,829.795,Neurotransmitter
Serotonin,C17H2N0O4,596.17,10.05,884.042,Amide
Cholesterol,C11H27N1O3,780.69,3.8,615.046,Nucleotide
Aspirin,C1H23N5O9,61.37,8.02,498.428,Carbohydrate
Serotonin,C6H5N0O2,759.74,8.61,430.369,Neurotransmitter
Serotonin,C6H40N2O2,835.82,11.08,746.6,Carbohydrate
Urea,C5H28N2O3,958.45,10.6,615.388,Lipid
Cholesterol,C6H36N2O8,623.17,6.51,512.258,Neurotransmitter
Dopamine,C1H6N4O2,506.9,6.28,450.294,Organic Compound
Aspirin,C18H2N5O9,645.92,10.25,223.461,Alkaloid
Aspirin,C6H24N2O3,841.77,N/A,803.799,Nucleotide
Adrenaline,C10H36N5O10,229.5,7.85,337.016,Hormone
Aspirin,C6H14N4O7,284.27,4.46,461.299,Lipid
Adenosine triphosphate,C1H2N1O9,717.34,12.87,137.825,Hormone
Adenosine triphosphate,C20H38N5O6,278.63,4.7,726.719,Alcohol
Serotonin,C4H19N3O2,482.22,1.19,865.052,Amide
Ethanol,C15H13N4O1,623.23,N/A,260.185,Lipid
Cholesterol,C5H28N5O5,701.73,1.02,158.291,Lipid
Adenosine triphosphate,C12H8N3O8,605.6,13.09,880.193,Lipid
Glucose,C15H30N2O8,592.11,N/A,876.869,Alcohol
Cholesterol,C19H5N4O6,396.9,13.61,523.194,Hormone
Aspirin,C8H33N3O9,405.07,2.34,480.725,Amide
Dopamine,C14H7N3O10,468.65,10.47,390.022,Alkaloid
Caffeine,C12H24N1O8,226.24,2.16,37.646,Organic Compound
Urea,C11H36N2O6,518.2,9.08,784.028,Nucleotide
Aspirin,C15H26N4O5,479.18,4.35,628.587,Amide
Adrenaline,C17H10N2O9,538.63,N/A,566.407,Carbohydrate
Adrenaline,C4H32N1O2,184.79,11.18,156.442,Nucleotide
Glucose,C5H4N1O4,447.67,4.17,532.601,Alkaloid
Ethanol,C16H22N4O7,921.84,3.07,96.155,Amide
Dopamine,C15H34N2O9,778.51,10.32,675.66,Hormone
Glucose,C7H20N1O2,55.28,7.67,529.935,Nucleotide
Ethanol,C7H31N1O8,330.81,N/A,222.262,Nucleotide
Urea,C17H13N0O1,764.73,13.64,102.243,Alkaloid
Dopamine,C17H13N3O9,744.8,1.9,334.383,Neurotransmitter
Dopamine,C5H18N3O8,230.58,3.33,134.846,Alkaloid
Cholesterol,C15H19N2O1,191.54,3.54,644.327,Hormone
Urea,C20H20N4O6,246.72,6.9,651.76,Lipid
Adenosine triphosphate,C7H7N2O7,463.08,N/A,380.401,Carbohydrate
Adrenaline,C19H28N2O4,750.69,4.22,368.993,Amide
Adenosine triphosphate,C17H37N3O5,398.41,12.87,861.398,Hormone
Aspirin,C8H29N0O2,899.33,9.29,470.427,Alcohol
Cholesterol,C8H35N2O6,847.63,13.93,323.654,Hormone
Ethanol,C10H36N3O5,768.36,N/A,161.027,Amide
Cholesterol,C12H35N4O0,183.09,11.76,576.422,Lipid
Caffeine,C2H11N0O1,676.83,1.55,138.425,Hormone
Adenosine triphosphate,C17H1N4O1,257.04,2.18,441.0,Amide
Glucose,C1H30N0O7,178.84,7.97,188.464,Organic Compound
Urea,C8H8N1O8,837.05,N/A,773.154,Amide
Adenosine triphosphate,C1H27N1O8,115.24,N/A,200.293,Alkaloid
Cholesterol,C11H10N5O9,571.11,13.4,989.821,Nucleotide
Glucose,C8H18N0O0,104.45,4.35,350.396,Alcohol
Aspirin,C2H18N1O3,132.1,N/A,21.338,Alkaloid
Aspirin,C20H2N0O5,243.49,5.94,317.0,Lipid
Caffeine,C19H10N3O2,580.34,5.91,165.287,Amide
Dopamine,C6H34N2O9,328.52,1.39,105.148,Amide
Urea,C16H37N3O1,564.8,N/A,77.746,Carbohydrate
Ethanol,C12H32N0O9,494.85,10.74,938.33,Lipid
Cholesterol,C3H19N0O9,312.85,4.26,933.514,Lipid
Aspirin,C16H32N5O5,809.63,11.21,980.472,Neurotransmitter
Caffeine,C15H1N1O0,235.19,6.1,586.387,Organic Compound
Glucose,C1H4N3O9,711.36,10.83,466.25,Carbohydrate
Glucose,C11H38N3O6,845.91,10.66,206.718,Hormone
Aspirin,C7H34N3O4,370.81,12.06,21.93,Alkaloid
Glucose,C9H26N5O7,654.37,N/A,633.259,Hormone
Aspirin,C10H1N5O7,621.5,10.92,673.802,Hormone
Aspirin,C17H6N4O7,219.8,13.58,336.92,Alcohol
Serotonin,C19H33N3O2,631.65,6.34,457.209,Alkaloid
Cholesterol,C4H27N5O10,290.02,1.8,121.471,Amide
Ethanol,C8H15N4O0,573.45,N/A,966.687,Amide
Glucose,C7H27N1O4,345.15,9.77,449.635,Neurotransmitter
Dopamine,C15H37N2O7,774.66,2.83,237.421,Carbohydrate
Dopamine,C9H32N1O1,595.96,3.8,451.308,Organic Compound
Glucose,C12H23N4O9,492.38,3.1,118.843,Lipid
Aspirin,C13H38N1O6,236.8,3.47,607.869,Lipid
Aspirin,C7H18N0O4,678.63,3.14,342.901,Alcohol
Serotonin,C4H21N2O1,445.78,6.75,89.409,Lipid
Adrenaline,C1H20N2O7,138.47,1.27,586.387,Alcohol
Serotonin,C20H36N5O5,966.74,9.98,348.401,Organic Compound
Cholesterol,C3H7N2O9,850.84,2.01,769.792,Alcohol
Glucose,C12H36N0O3,863.26,7.3,880.816,Neurotransmitter
Serotonin,C20H35N2O5,796.27,8.69,213.884,Alkaloid
Caffeine,C2H6N4O8,403.0,12.82,634.918,Lipid
Ethanol,C8H24N1O4,799.12,1.2,236.834,Hormone
Cholesterol,C5H6N5O4,288.19,2.5,554.717,Lipid
Adrenaline,C3H33N0O7,604.04,N/A,761.751,Nucleotide
Glucose,C10H34N0O0,398.24,6.99,995.203,Hormone
Glucose,C6H17N5O5,933.02,4.13,241.937,Carbohydrate
Adenosine triphosphate,C7H21N2O9,306.89,2.58,262.685,Neurotransmitter
Dopamine,C13H14N5O1,502.2,8.91,202.293,Hormone
Glucose,C18H16N0O1,346.66,7.34,351.485,Lipid
Adrenaline,C14H5N4O9,295.13,3.82,517.175,Alcohol
Ethanol,C3H10N4O2,768.71,8.25,747.376,Neurotransmitter
Dopamine,C19H40N2O1,446.54,8.66,765.07,Alcohol
Urea,C16H26N5O7,661.82,7.58,363.388,Nucleotide
Urea,C10H22N1O5,355.43,11.98,368.128,Alkaloid
Ethanol,C10H5N2O2,940.04,N/A,344.439,Alkaloid
Ethanol,C18H32N3O7,754.64,8.51,585.602,Carbohydrate
Dopamine,C9H2N0O3,300.98,1.97,640.382,Nucleotide
Adenosine triphosphate,C5H38N5O5,581.64,3.59,76.327,Alkaloid
Aspirin,C13H18N2O6,706.54,10.0,300.971,Alkaloid
Aspirin,C11H6N5O7,464.29,10.18,295.492,Lipid
Cholesterol,C10H2N5O7,847.85,N/A,71.418,Carbohydrate
Cholesterol,C5H21N5O6,74.6,5.92,123.228,Hormone
Urea,C9H11N3O7,870.82,10.46,62.205,Neurotransmitter
Serotonin,C18H30N2O9,976.83,N/A,587.606,Amide
Dopamine,C16H40N4O9,344.3,N/A,47.025,Amide
Caffeine,C11H2N1O3,864.69,1.95,154.269,Alkaloid
Aspirin,C6H1N1O0,621.45,12.19,975.125,Lipid
Ethanol,C9H24N5O3,953.78,4.22,263.329,Hormone
Dopamine,C19H40N0O3,886.01,6.7,373.155,Hormone
Serotonin,C8H21N2O9,812.92,11.16,720.218,Lipid
Adrenaline,C2H27N4O3,994.53,9.81,952.747,Organic Compound
Serotonin,C4H8N5O0,261.21,8.28,993.471,Alkaloid
Serotonin,C8H30N0O1,128.3,N/A,971.032,Alkaloid
Cholesterol,C18H2N1O10,914.76,7.93,940.663,Hormone
Dopamine,C20H39N0O3,712.15,3.83,433.501,Nucleotide
Ethanol,C2H3N0O4,924.44,12.99,966.301,Neurotransmitter
Ethanol,C15H10N2O8,879.67,11.77,213.595,Nucleotide
Urea,C1H36N0O9,253.59,1.42,319.373,Nucleotide
Ethanol,C3H7N1O1,865.35,13.98,764.936,Nucleotide
Ethanol,C5H12N0O4,97.14,2.7,761.733,Alkaloid
Adrenaline,C6H10N2O4,189.52,6.92,554.723,Neurotransmitter
Glucose,C4H8N5O5,212.54,6.82,576.319,Lipid
Glucose,C13H26N1O5,247.33,6.45,648.8,Carbohydrate
Dopamine,C4H21N3O2,373.82,6.96,473.471,Nucleotide
Dopamine,C14H29N0O8,228.21,4.74,768.119,Hormone
Serotonin,C18H35N5O3,745.2,10.98,550.163,Nucleotide
Adenosine triphosphate,C16H15N1O1,134.61,N/A,114.758,Nucleotide
Ethanol,C20H23N5O5,572.93,N/A,488.841,Organic Compound
Dopamine,C9H19N1O0,169.03,2.23,777.212,Amide
Cholesterol,C1H1N4O10,619.63,4.55,811.279,Nucleotide
Urea,C6H30N2O1,255.46,10.11,11.9,Carbohydrate
Urea,C10H26N1O5,758.78,1.56,768.831,Carbohydrate
Dopamine,C5H33N0O6,82.45,10.1,895.415,Neurotransmitter
Serotonin,C2H6N5O0,452.42,12.35,514.684,Lipid
Ethanol,C7H5N4O0,543.58,N/A,408.952,Nucleotide
Adenosine triphosphate,C15H22N3O0,795.84,9.59,393.747,Nucleotide
Serotonin,C18H34N4O1,98.54,13.99,274.119,Neurotransmitter
Adrenaline,C13H2N4O3,244.82,N/A,946.59,Carbohydrate
Ethanol,C16H13N3O9,913.56,N/A,490.779,Amide
Ethanol,C7H4N1O10,68.21,2.22,224.834,Alcohol
Dopamine,C17H36N3O2,104.29,10.74,769.905,Alcohol
Aspirin,C12H4N2O9,116.17,8.1,777.671,Alkaloid
Serotonin,C1H2N5O5,608.55,5.58,829.3,Amide
Adenosine triphosphate,C9H24N5O6,436.13,8.63,649.304,Amide
Glucose,C20H26N1O7,513.52,4.52,389.326,Amide
Urea,C7H2N1O7,336.51,12.85,245.331,Organic Compound
Aspirin,C1H34N3O4,883.06,12.69,666.679,Amide
Adenosine triphosphate,C10H17N2O2,264.14,13.97,379.524,Carbohydrate
Ethanol,C18H6N4O7,513.84,N/A,753.369,Amide
Serotonin,C2H36N1O2,363.41,13.71,549.169,Lipid
Cholesterol,C9H17N2O10,879.01,12.89,636.315,Amide
Adenosine triphosphate,C5H14N0O5,912.32,11.63,981.871,Organic Compound
Serotonin,C11H31N3O2,932.31,5.58,989.405,Alkaloid
Caffeine,C7H37N0O3,176.71,3.52,551.441,Alcohol
Aspirin,C6H11N0O9,501.68,1.32,553.822,Alkaloid
Aspirin,C20H27N5O10,643.96,N/A,649.61,Carbohydrate
Urea,C16H10N3O7,773.1,13.16,971.997,Hormone
Adrenaline,C13H22N2O5,541.69,13.56,595.819,Alkaloid
Cholesterol,C11H14N2O1,478.83,4.76,35.995,Carbohydrate
Caffeine,C1H11N2O10,367.77,N/A,42.889,Alkaloid
Ethanol,C17H4N1O10,128.17,9.37,66.811,Alcohol
Adenosine triphosphate,C13H25N2O6,877.65,8.27,0.62,Organic Compound
Serotonin,C14H1N3O3,352.48,6.31,42.168,Hormone
Aspirin,C12H29N3O1,349.43,1.41,777.749,Neurotransmitter
Serotonin,C9H4N4O5,702.47,4.35,95.724,Hormone
Glucose,C14H3N4O4,737.38,N/A,807.076,Neurotransmitter
Serotonin,C1H19N0O8,66.93,11.12,394.313,Organic Compound
Glucose,C14H3N4O10,818.74,7.08,834.234,Carbohydrate
Adrenaline,C19H24N2O10,491.6,N/A,530.476,Alkaloid
Serotonin,C5H37N2O4,93.12,N/A,317.079,Carbohydrate
Adrenaline,C10H15N4O3,836.11,N/A,753.818,Amide
Cholesterol,C9H7N4O2,887.52,1.76,64.597,Carbohydrate
Adenosine triphosphate,C11H5N1O9,131.46,8.19,710.055,Carbohydrate
Cholesterol,C20H39N4O9,269.15,1.74,89.156,Neurotransmitter
Aspirin,C1H31N2O8,342.0,N/A,462.083,Organic Compound
Glucose,C16H33N3O6,389.08,N/A,640.386,Amide
Dopamine,C11H29N0O4,494.98,13.91,565.054,Carbohydrate
Serotonin,C20H1N5O7,235.55,12.45,661.258,Nucleotide
Aspirin,C15H33N4O9,795.99,N/A,595.677,Alcohol
Glucose,C10H27N3O7,378.42,8.39,451.069,Nucleotide
Serotonin,C4H25N2O4,306.83,N/A,764.651,Hormone
Glucose,C13H15N0O7,816.67,12.47,952.811,Carbohydrate
Urea,C19H19N0O8,771.22,6.74,775.77,Alcohol
Ethanol,C4H20N4O9,947.23,2.46,19.29,Hormone
Caffeine,C14H18N1O7,331.2,13.11,432.452,Alkaloid
Adenosine triphosphate,C19H12N4O10,364.81,6.04,574.946,Lipid
Serotonin,C8H6N3O9,113.51,9.28,369.142,Nucleotide
Caffeine,C20H36N2O2,611.19,8.75,956.281,Neurotransmitter
Cholesterol,C5H14N1O3,586.33,6.29,79.637,Neurotransmitter
Caffeine,C13H40N3O8,548.58,6.13,736.156,Nucleotide
Serotonin,C19H38N0O10,871.1,5.3,623.969,Alcohol
Dopamine,C19H12N5O6,884.76,7.55,165.887,Carbohydrate
Serotonin,C12H10N0O1,94.39,N/A,815.217,Organic Compound
Glucose,C12H9N4O6,210.37,N/A,217.417,Alkaloid
Serotonin,C11H2N5O10,888.39,13.0,476.848,Lipid
Caffeine,C2H37N1O4,720.0,2.01,12.766,Organic Compound
Cholesterol,C20H28N2O5,794.16,2.36,3.687,Neurotransmitter
Dopamine,C9H21N0O5,921.47,12.73,939.613,Hormone
Urea,C17H8N4O9,324.07,8.82,670.81,Organic Compound
Serotonin,C18H22N2O2,536.24,5.5,825.537,Carbohydrate
Urea,C13H5N4O1,910.29,8.55,187.06,Nucleotide
Aspirin,C2H35N5O3,944.62,13.92,345.955,Organic Compound
Serotonin,C16H20N5O3,178.93,6.9,198.785,Carbohydrate
Glucose,C5H35N4O0,630.52,N/A,974.181,Neurotransmitter
Aspirin,C20H25N1O1,741.49,3.49,938.783,Alkaloid
Dopamine,C10H3N1O3,904.71,N/A,748.633,Alcohol
Serotonin,C7H35N2O5,278.36,8.67,773.396,Hormone
Adenosine triphosphate,C3H5N5O4,601.97,5.54,12.237,Alcohol
Cholesterol,C4H9N5O2,263.61,12.85,190.41,Neurotransmitter
Caffeine,C14H40N3O9,348.03,12.29,728.639,Neurotransmitter
Caffeine,C11H23N2O4,199.98,3.24,829.268,Amide
Caffeine,C3H14N1O10,463.01,10.96,647.114,Amide
Adrenaline,C3H26N5O1,342.06,12.91,788.649,Neurotransmitter
Ethanol,C2H38N5O2,657.82,9.27,976.312,Amide
Dopamine,C7H39N0O9,218.05,8.05,827.574,Nucleotide
Serotonin,C9H29N1O1,233.87,8.95,219.76,Alcohol
Aspirin,C20H3N2O1,581.84,9.65,104.04,Neurotransmitter
Serotonin,C9H27N1O5,218.35,4.89,765.83,Hormone
Cholesterol,C20H5N2O4,480.34,1.8,820.201,Neurotransmitter
Urea,C7H40N3O6,146.15,2.48,867.719,Hormone
Dopamine,C3H6N2O4,165.45,8.83,853.984,Hormone
Glucose,C10H22N2O10,763.68,7.84,295.393,Lipid
Adrenaline,C4H36N5O7,978.91,8.01,734.092,Lipid
Adrenaline,C12H12N3O5,658.27,9.79,809.155,Hormone
Caffeine,C4H30N5O5,714.6,1.37,882.774,Neurotransmitter
Serotonin,C18H40N1O5,922.51,7.39,502.33,Amide
Cholesterol,C13H21N3O3,149.4,6.35,978.736,Carbohydrate
Urea,C10H36N4O3,754.27,11.56,386.674,Lipid
Aspirin,C4H26N3O3,685.33,N/A,323.791,Nucleotide
Glucose,C19H6N5O0,718.08,N/A,253.449,Alcohol
Aspirin,C12H20N3O0,366.78,10.85,544.929,Neurotransmitter
Aspirin,C1H22N5O2,466.65,3.76,441.264,Nucleotide
Caffeine,C8H12N2O0,685.52,11.88,289.111,Neurotransmitter
Glucose,C15H13N3O5,90.87,1.35,850.853,Lipid
Urea,C19H30N1O2,571.6,N/A,32.59,Lipid
Adrenaline,C6H18N2O9,450.69,N/A,919.663,Carbohydrate
Cholesterol,C18H1N0O7,613.75,N/A,744.017,Carbohydrate
Serotonin,C1H36N3O0,482.5,11.09,308.794,Organic Compound
Urea,C7H27N1O4,939.22,12.38,282.731,Alcohol
Caffeine,C12H17N4O4,778.11,13.02,721.941,Hormone
Caffeine,C17H40N5O4,306.81,N/A,459.59,Amide
Adenosine triphosphate,C7H1N5O8,855.39,6.73,175.756,Hormone
Urea,C8H1N1O9,949.95,1.03,812.849,Lipid
Adrenaline,C20H40N0O0,343.43,2.19,345.854,Amide
Glucose,C20H32N3O8,919.83,8.48,624.478,Alcohol
Cholesterol,C20H18N1O5,229.89,8.72,58.744,Lipid
Urea,C20H6N4O7,779.23,13.72,792.749,Amide
Adenosine triphosphate,C8H9N3O10,916.03,8.82,334.438,Nucleotide
Aspirin,C19H14N3O9,739.68,13.31,98.064,Neurotransmitter
Urea,C11H4N3O0,860.39,N/A,120.231,Carbohydrate
Aspirin,C3H12N1O0,853.48,10.25,818.088,Alcohol
Adrenaline,C7H40N3O5,295.39,5.58,999.763,Nucleotide
Glucose,C10H38N3O10,53.92,N/A,281.395,Nucleotide
Aspirin,C15H14N0O6,213.65,11.08,124.159,Carbohydrate
Caffeine,C5H33N1O2,400.44,10.86,453.551,Lipid
Caffeine,C19H9N5O4,827.36,11.56,342.869,Hormone
Ethanol,C18H35N3O8,249.93,N/A,569.024,Lipid
Dopamine,C20H36N3O6,840.9,N/A,365.596,Amide
Dopamine,C2H3N0O3,716.92,4.58,615.996,Amide
Glucose,C17H1N5O8,720.19,9.53,164.387,Carbohydrate
Ethanol,C1H13N0O8,730.97,12.72,82.092,Amide
Ethanol,C8H10N1O9,820.56,10.87,229.851,Alkaloid
Serotonin,C17H27N1O5,401.38,11.69,280.61,Hormone
Aspirin,C14H16N1O5,761.31,8.73,72.476,Alcohol
Cholesterol,C9H26N5O0,656.91,N/A,823.112,Carbohydrate
Glucose,C7H7N4O4,422.56,13.85,353.362,Nucleotide
Cholesterol,C7H28N4O4,690.29,1.52,644.138,Hormone
Serotonin,C4H4N0O3,226.39,3.25,497.908,Nucleotide
Dopamine,C16H15N4O9,966.14,3.78,300.002,Amide
Aspirin,C6H30N4O8,433.2,8.36,239.965,Alkaloid
Aspirin,C11H23N5O4,108.54,2.19,268.723,Carbohydrate
Urea,C4H38N1O9,754.75,4.22,153.777,Alkaloid
Glucose,C20H1N2O2,483.94,12.83,850.885,Alcohol
Aspirin,C12H37N4O0,412.0,5.73,525.459,Neurotransmitter
Urea,C12H10N0O9,889.0,N/A,107.935,Alcohol
Glucose,C12H34N4O10,176.82,6.55,207.1,Organic Compound
Ethanol,C5H12N5O10,941.1,N/A,511.951,Amide
Dopamine,C17H3N0O2,961.66,8.98,570.4,Organic Compound
Serotonin,C6H14N0O8,955.59,8.42,347.569,Neurotransmitter
Adrenaline,C20H8N2O6,144.26,4.21,695.656,Alkaloid
Ethanol,C7H20N3O9,808.07,N/A,279.926,Neurotransmitter
Dopamine,C8H34N0O3,395.75,N/A,810.104,Amide
Aspirin,C12H35N2O5,835.73,N/A,745.048,Organic Compound
Caffeine,C17H16N4O2,375.41,N/A,774.454,Hormone
Aspirin,C18H25N2O10,523.99,9.21,260.686,Alcohol
Dopamine,C11H24N4O0,116.57,2.79,188.603,Neurotransmitter
Caffeine,C17H12N4O2,661.63,N/A,452.95,Alcohol
Cholesterol,C3H35N2O5,423.73,4.12,756.504,Lipid
Urea,C20H7N3O0,56.91,N/A,579.463,Hormone
Aspirin,C1H1N1O9,312.72,11.22,356.324,Nucleotide
Caffeine,C15H29N3O7,109.01,9.95,678.239,Hormone
Adrenaline,C14H30N0O8,912.44,8.22,815.078,Alcohol
Adrenaline,C18H25N0O10,97.06,13.73,82.507,Amide
Aspirin,C6H5N2O9,203.81,6.41,32.89,Neurotransmitter
Ethanol,C1H40N2O10,857.84,N/A,834.355,Nucleotide
Urea,C20H10N1O6,950.29,13.83,425.567,Carbohydrate
Serotonin,C20H6N2O1,239.51,3.29,709.974,Alkaloid
Adenosine triphosphate,C11H25N3O0,251.71,N/A,202.801,Alkaloid
Caffeine,C15H4N1O4,229.23,1.92,389.913,Lipid
Adrenaline,C3H15N2O7,60.64,11.43,399.47,Alcohol
Caffeine,C14H14N3O6,598.57,N/A,865.561,Alkaloid
Aspirin,C6H38N3O8,738.86,N/A,194.138,Organic Compound
Serotonin,C11H19N1O8,66.35,N/A,819.075,Alcohol
Glucose,C8H18N3O3,973.73,12.83,699.038,Lipid
Dopamine,C19H6N4O9,468.57,N/A,821.786,Nucleotide
Aspirin,C7H35N3O4,58.98,N/A,843.485,Alkaloid
Cholesterol,C9H8N5O0,514.46,6.38,748.434,Nucleotide
Caffeine,C15H21N1O2,393.28,5.24,711.008,Hormone
Serotonin,C11H34N5O7,980.62,2.56,745.693,Organic Compound
Urea,C2H37N2O4,311.38,6.66,83.499,Lipid
Glucose,C15H1N0O9,522.06,11.96,132.989,Amide
Ethanol,C5H36N4O4,81.59,3.55,221.177,Amide
Adrenaline,C1H16N5O9,937.72,N/A,192.476,Carbohydrate
Glucose,C9H14N0O4,503.24,2.82,425.754,Neurotransmitter
Caffeine,C13H1N2O2,141.41,1.49,651.867,Alkaloid
Serotonin,C2H10N5O9,889.74,N/A,765.545,Hormone
Aspirin,C6H16N1O1,861.79,7.03,513.623,Carbohydrate
Adrenaline,C3H10N0O10,375.79,12.91,735.681,Neurotransmitter
Cholesterol,C5H36N3O8,890.13,N/A,336.994,Organic Compound
Urea,C3H32N4O6,79.16,9.73,267.551,Amide
Aspirin,C15H40N2O4,952.94,N/A,487.975,Alkaloid
Cholesterol,C6H40N2O3,496.81,12.1,46.991,Nucleotide
Serotonin,C20H33N0O9,488.83,9.67,842.364,Carbohydrate
Urea,C15H4N1O10,917.29,9.58,988.782,Nucleotide
Urea,C2H33N4O9,232.55,9.4,746.11,Neurotransmitter
Adrenaline,C6H31N4O0,322.55,4.68,279.836,Amide
Adrenaline,C2H3N2O5,994.88,13.8,135.841,Carbohydrate
Dopamine,C10H17N3O7,526.43,4.02,663.793,Nucleotide
Adenosine triphosphate,C1H2N4O4,386.36,9.65,133.011,Carbohydrate
Urea,C18H26N2O10,210.44,9.08,252.1,Lipid
Caffeine,C10H10N2O4,319.74,13.24,573.905,Lipid
Aspirin,C10H9N2O5,990.87,7.63,649.796,Organic Compound
Ethanol,C7H15N2O6,802.41,10.15,222.355,Carbohydrate
Aspirin,C2H20N1O7,489.09,N/A,0.518,Alkaloid
Aspirin,C7H23N2O2,427.0,N/A,209.672,Amide
Adrenaline,C2H4N4O6,878.99,N/A,295.96,Carbohydrate
Glucose,C5H40N3O3,922.43,N/A,688.174,Carbohydrate
Adrenaline,C12H10N2O8,861.21,10.41,496.566,Amide
Adrenaline,C4H24N5O9,550.35,N/A,339.212,Lipid
Dopamine,C12H18N1O3,446.59,13.77,405.435,Lipid
Aspirin,C20H38N0O3,927.71,6.78,267.192,Carbohydrate
Caffeine,C13H16N0O9,629.52,6.78,861.877,Hormone
Caffeine,C7H5N0O8,947.01,N/A,414.934,Hormone
Adenosine triphosphate,C9H14N2O8,93.21,11.57,832.925,Hormone
Adenosine triphosphate,C12H31N1O5,419.6,N/A,195.479,Nucleotide
Urea,C18H30N0O2,863.51,4.1,978.022,Hormone
Glucose,C14H29N2O10,822.48,12.11,920.272,Lipid
Glucose,C19H11N2O7,319.58,10.06,263.776,Nucleotide
Urea,C19H12N0O9,85.57,10.2,409.531,Alkaloid
Aspirin,C11H38N0O9,666.61,13.64,403.966,Amide
Adrenaline,C8H21N0O5,115.08,N/A,491.617,Lipid
Urea,C19H24N3O7,846.59,N/A,171.044,Hormone
Serotonin,C20H9N1O7,121.34,11.99,741.209,Neurotransmitter
Urea,C18H31N1O0,679.33,6.88,40.896,Lipid
Urea,C14H38N0O4,208.4,9.4,975.29,Alcohol
Glucose,C3H3N5O3,179.02,9.32,391.927,Amide
Ethanol,C16H35N0O2,637.6,6.84,95.818,Organic Compound
Caffeine,C8H22N1O5,150.91,12.01,952.684,Organic Compound
Caffeine,C10H3N5O3,899.25,11.31,902.463,Carbohydrate
Glucose,C5H27N4O10,554.75,3.6,624.687,Neurotransmitter
Adenosine triphosphate,C6H32N3O1,567.17,N/A,709.216,Neurotransmitter
Ethanol,C7H37N0O10,180.01,6.02,212.217,Hormone
Adrenaline,C7H34N0O2,359.82,12.78,518.239,Neurotransmitter
Cholesterol,C8H31N2O8,249.8,13.54,847.18,Alcohol
Adrenaline,C17H7N1O0,806.11,7.4,397.597,Amide
Urea,C17H2N1O5,213.17,N/A,799.62,Hormone
Adenosine triphosphate,C11H37N3O5,196.19,8.76,59.142,Amide
Ethanol,C16H6N0O8,148.75,13.04,485.278,Neurotransmitter
Urea,C17H24N0O0,355.37,8.13,112.483,Carbohydrate
Aspirin,C3H17N0O3,944.67,N/A,692.055,Nucleotide
Dopamine,C13H7N5O2,534.81,9.82,621.094,Lipid
Aspirin,C19H21N2O10,358.81,1.43,919.017,Organic Compound
Aspirin,C5H34N2O5,566.98,N/A,281.356,Alkaloid
Urea,C6H1N0O0,173.09,8.67,282.433,Amide
Urea,C18H28N5O10,185.01,6.37,131.265,Neurotransmitter
Adrenaline,C16H4N5O10,768.45,N/A,560.877,Neurotransmitter
Aspirin,C20H12N4O9,775.28,N/A,774.352,Alcohol
Ethanol,C11H12N5O2,780.96,8.67,350.339,Hormone
Urea,C14H22N4O1,811.18,2.55,413.822,Neurotransmitter
Glucose,C12H36N0O7,857.34,N/A,79.198,Carbohydrate
Adrenaline,C6H6N5O8,211.45,3.76,474.006,Lipid
Adrenaline,C9H18N5O3,924.16,11.89,992.018,Alkaloid
Aspirin,C4H29N5O1,732.46,8.37,399.836,Neurotransmitter
Urea,C9H13N2O7,678.08,12.62,684.925,Lipid
Glucose,C8H22N2O8,640.35,4.18,31.754,Hormone
Dopamine,C19H40N0O0,755.27,8.95,243.724,Alkaloid
Adenosine triphosphate,C8H11N4O10,635.98,12.53,403.966,Organic Compound
Ethanol,C19H21N4O7,167.45,2.91,334.889,Amide
Cholesterol,C11H8N0O8,392.14,6.62,520.698,Lipid
Adrenaline,C9H25N1O8,428.57,N/A,465.698,Organic Compound
Adrenaline,C17H24N2O10,557.4,10.36,801.91,Nucleotide
Serotonin,C18H19N3O6,435.52,9.82,629.503,Lipid
Urea,C11H30N1O5,154.48,11.44,962.134,Hormone
Dopamine,C13H14N5O10,296.31,2.71,826.616,Hormone
Dopamine,C3H27N2O8,521.01,3.6,770.444,Nucleotide
Adrenaline,C17H14N2O5,424.19,3.18,486.16,Organic Compound
Ethanol,C10H4N1O8,484.45,12.33,678.92,Carbohydrate
Glucose,C13H27N3O2,420.08,2.28,703.205,Alcohol
Adenosine triphosphate,C4H1N1O1,426.54,N/A,403.336,Carbohydrate
Adenosine triphosphate,C8H24N5O4,241.93,2.09,955.715,Amide
Caffeine,C8H8N0O4,415.53,2.82,825.132,Carbohydrate
Glucose,C8H11N1O5,861.57,N/A,308.136,Hormone
Dopamine,C12H24N2O4,903.21,6.19,213.839,Neurotransmitter
Cholesterol,C8H18N3O10,732.64,8.03,442.41,Alkaloid
Urea,C5H20N5O5,817.2,N/A,604.175,Nucleotide
Adrenaline,C17H15N4O8,697.43,2.11,202.817,Neurotransmitter
Adrenaline,C20H27N4O3,262.77,4.44,661.248,Alkaloid
Ethanol,C16H35N5O3,437.36,3.38,320.284,Lipid
Aspirin,C10H11N1O7,212.13,3.05,760.641,Hormone
Cholesterol,C19H22N2O1,812.04,N/A,794.033,Lipid
Serotonin,C16H1N1O9,181.12,3.92,618.19,Organic Compound
Aspirin,C3H26N1O8,251.85,3.17,687.893,Lipid
Adrenaline,C1H22N0O7,491.51,N/A,447.01,Nucleotide
Urea,C12H18N2O8,339.22,N/A,0.347,Alkaloid
Ethanol,C1H10N3O1,202.78,3.04,908.622,Organic Compound
Glucose,C5H21N1O7,615.39,10.92,12.512,Alkaloid
Adrenaline,C13H35N0O3,265.18,N/A,176.635,Organic Compound
Dopamine,C7H1N5O9,546.93,2.49,169.377,Lipid
Urea,C7H25N5O3,298.71,9.47,341.347,Nucleotide
Adrenaline,C3H30N3O3,227.23,10.75,364.84,Neurotransmitter
Ethanol,C2H30N5O9,143.39,12.75,176.235,Neurotransmitter
Glucose,C3H16N0O2,959.46,9.37,606.182,Lipid
Adrenaline,C15H12N2O2,239.77,N/A,694.235,Neurotransmitter
Urea,C1H34N4O1,882.54,13.81,108.33,Nucleotide
Adenosine triphosphate,C1H39N5O8,144.19,4.12,94.174,Amide
Caffeine,C12H36N2O5,310.77,8.43,831.61,Carbohydrate
Glucose,C20H29N2O1,521.65,6.74,126.949,Lipid
Caffeine,C16H5N5O2,79.91,3.49,587.162,Organic Compound
Ethanol,C4H21N3O6,506.39,12.36,81.603,Organic Compound
Aspirin,C19H12N5O9,981.02,2.94,814.801,Organic Compound
Urea,C12H36N0O5,604.43,5.3,941.433,Amide
Urea,C5H21N3O5,394.16,4.67,225.466,Hormone
Ethanol,C20H24N4O5,476.92,3.24,0.487,Amide
Adenosine triphosphate,C3H40N2O1,164.69,2.81,782.514,Neurotransmitter
Glucose,C18H36N5O10,926.05,N/A,543.922,Amide
Urea,C12H7N1O0,694.65,12.83,114.634,Amide
Adenosine triphosphate,C15H35N3O0,990.57,N/A,233.281,Amide
Cholesterol,C5H29N0O6,758.83,3.9,85.802,Hormone
Ethanol,C9H40N5O10,86.93,8.57,714.406,Organic Compound
Dopamine,C4H19N2O8,708.87,9.94,161.071,Lipid
Adenosine triphosphate,C12H3N5O2,672.62,N/A,775.725,Carbohydrate
Urea,C11H30N1O2,555.01,N/A,592.801,Neurotransmitter
Dopamine,C18H21N0O8,988.37,12.57,434.583,Organic Compound
Adrenaline,C5H30N2O4,941.64,6.41,871.686,Lipid
Dopamine,C2H7N0O10,846.94,2.06,249.041,Amide
Adrenaline,C16H13N3O7,722.78,10.92,122.771,Neurotransmitter
Dopamine,C8H27N4O1,807.64,N/A,726.007,Neurotransmitter
Caffeine,C12H3N5O2,817.19,13.41,904.29,Nucleotide
Caffeine,C4H16N0O9,870.44,N/A,280.597,Nucleotide
Glucose,C3H15N0O9,846.31,1.5,102.928,Carbohydrate
Cholesterol,C14H16N0O7,804.6,8.03,782.692,Lipid
Glucose,C16H28N3O3,224.49,3.6,365.845,Lipid
Dopamine,C11H23N5O4,433.61,3.77,269.903,Lipid
Adrenaline,C15H9N0O4,334.5,2.45,256.606,Amide
Caffeine,C10H20N5O9,702.55,7.92,24.625,Hormone
Cholesterol,C8H15N4O3,184.88,3.39,506.204,Nucleotide
Glucose,C18H14N3O10,927.13,N/A,152.979,Organic Compound
Adenosine triphosphate,C7H4N0O10,63.18,12.18,335.306,Alcohol
Adenosine triphosphate,C15H13N3O3,119.22,5.08,538.965,Amide
Urea,C1H37N1O4,464.12,11.12,725.134,Amide
Caffeine,C12H35N5O3,535.18,2.82,286.726,Amide
Ethanol,C10H31N3O8,841.94,8.93,689.045,Organic Compound
Serotonin,C4H5N5O3,640.58,7.63,72.828,Hormone
Aspirin,C12H18N1O9,970.95,6.0,598.011,Hormone
Aspirin,C19H7N0O2,537.2,4.72,442.989,Neurotransmitter
Cholesterol,C6H5N5O9,958.31,N/A,959.007,Nucleotide
Adrenaline,C18H26N1O9,657.2,13.53,996.687,Hormone
Adenosine triphosphate,C11H28N1O10,155.29,13.02,937.136,Lipid
Adenosine triphosphate,C19H39N4O1,836.45,N/A,341.434,Amide
Urea,C10H5N0O7,327.82,10.64,14.34,Lipid
Cholesterol,C8H28N1O6,969.7,6.63,3.068,Amide
Urea,C13H28N5O3,493.62,4.1,576.154,Nucleotide
Cholesterol,C3H33N3O5,674.33,13.59,682.233,Nucleotide
Glucose,C19H37N1O2,525.27,9.6,564.069,Nucleotide
Urea,C2H40N1O0,807.72,5.27,555.69,Organic Compound
Urea,C13H27N2O2,687.08,7.58,346.038,Carbohydrate
Adenosine triphosphate,C7H24N3O9,528.07,9.57,510.014,Carbohydrate
Aspirin,C8H37N0O1,564.11,N/A,318.603,Alkaloid
Aspirin,C3H22N1O3,833.1,10.83,992.068,Organic Compound
Serotonin,C11H23N1O7,392.89,5.1,283.812,Hormone
Cholesterol,C6H31N2O7,103.18,11.98,87.56,Carbohydrate
Serotonin,C5H16N5O0,217.04,3.95,349.806,Nucleotide
Urea,C10H11N2O6,942.58,8.04,630.033,Organic Compound
Dopamine,C13H33N0O5,316.05,8.41,743.067,Alcohol
Dopamine,C14H9N5O2,595.43,9.01,400.735,Neurotransmitter
Aspirin,C7H31N3O7,484.52,3.58,502.718,Nucleotide
Glucose,C1H11N5O9,747.61,5.0,376.071,Hormone
Serotonin,C12H21N0O5,347.14,12.56,129.508,Hormone
Aspirin,C12H28N3O5,567.82,11.86,454.642,Nucleotide
Aspirin,C2H23N5O8,142.41,4.62,808.953,Amide
Serotonin,C18H3N4O2,701.86,10.4,400.521,Amide
Serotonin,C11H4N1O5,611.38,4.82,941.377,Amide
Serotonin,C17H1N2O1,515.05,4.16,135.967,Alcohol
Ethanol,C1H3N3O0,199.8,3.39,501.811,Amide
Ethanol,C11H21N2O7,337.7,4.86,195.587,Hormone
Ethanol,C14H34N0O10,648.2,2.22,444.037,Hormone
Dopamine,C5H5N2O3,404.41,10.91,593.102,Nucleotide
Caffeine,C17H15N5O10,979.31,2.7,487.781,Amide
Adrenaline,C17H26N3O8,714.79,8.6,949.051,Lipid
Dopamine,C18H37N5O0,490.26,7.43,909.395,Organic Compound
Serotonin,C5H36N5O7,226.26,9.07,708.621,Neurotransmitter
Caffeine,C9H34N3O3,424.65,11.77,659.316,Hormone
Adenosine triphosphate,C12H13N0O9,326.1,N/A,740.11,Alkaloid
Adrenaline,C3H21N0O9,545.9,5.7,486.941,Organic Compound
Aspirin,C8H37N3O6,785.32,12.74,507.893,Amide
Serotonin,C19H18N1O8,126.57,10.45,218.343,Amide
Adenosine triphosphate,C20H35N4O2,598.08,N/A,623.876,Neurotransmitter
Aspirin,C11H13N4O7,325.99,N/A,331.4,Carbohydrate
Caffeine,C2H6N5O3,536.34,5.96,965.221,Nucleotide
Glucose,C6H40N4O7,867.04,11.27,371.628,Carbohydrate
Serotonin,C5H21N5O7,309.45,N/A,425.919,Carbohydrate
Dopamine,C8H40N1O4,738.77,10.26,193.373,Lipid
Cholesterol,C15H19N0O1,627.12,4.22,565.924,Carbohydrate
Dopamine,C18H17N5O1,307.71,10.36,24.334,Hormone
Adrenaline,C3H16N4O3,740.26,11.28,192.882,Lipid
Aspirin,C16H38N1O10,633.52,9.31,127.815,Neurotransmitter
Urea,C2H29N1O6,510.69,10.57,17.626,Amide
Cholesterol,C13H24N5O0,234.7,9.6,73.052,Nucleotide
Serotonin,C10H28N3O7,159.76,8.51,952.001,Neurotransmitter
Adenosine triphosphate,C18H10N2O2,88.94,N/A,232.511,Amide
Serotonin,C16H9N0O9,808.64,N/A,915.669,Hormone
Caffeine,C14H27N1O0,833.47,10.84,42.404,Nucleotide
Cholesterol,C12H1N3O10,890.11,8.01,752.256,Neurotransmitter
Dopamine,C9H38N1O3,98.67,5.41,426.37,Alkaloid
Dopamine,C5H7N5O4,110.41,5.13,827.422,Alcohol
Adrenaline,C9H8N2O1,779.45,4.82,929.683,Lipid
Adenosine triphosphate,C10H22N2O2,307.77,10.34,948.481,Neurotransmitter
Cholesterol,C13H36N3O7,825.18,3.4,394.17,Alkaloid
Adrenaline,C1H1N3O5,604.88,4.41,274.12,Nucleotide
Serotonin,C4H38N4O1,527.57,1.62,117.475,Amide
Serotonin,C3H21N4O9,228.4,5.98,457.915,Lipid
Dopamine,C17H22N5O4,588.64,7.3,199.256,Hormone
Caffeine,C16H34N2O3,97.55,11.93,218.079,Alkaloid
Adrenaline,C17H23N3O5,552.34,5.73,234.03,Neurotransmitter
Dopamine,C16H10N2O8,973.86,4.93,280.055,Alkaloid
Cholesterol,C3H30N3O9,190.88,4.11,149.381,Hormone
Serotonin,C1H23N5O2,157.42,7.82,867.366,Lipid
Adenosine triphosphate,C3H30N2O10,161.35,6.36,811.816,Nucleotide
Ethanol,C9H3N5O8,110.73,2.91,902.934,Carbohydrate
Serotonin,C1H29N2O3,490.3,5.22,606.761,Nucleotide
Adenosine triphosphate,C18H15N0O6,295.12,4.08,857.843,Carbohydrate
Serotonin,C3H18N1O3,244.01,N/A,818.671,Carbohydrate
Cholesterol,C14H12N4O5,623.26,N/A,31.367,Nucleotide
Cholesterol,C2H29N5O5,757.1,11.4,916.381,Hormone
Urea,C11H11N5O10,773.6,12.26,859.667,Alkaloid
Urea,C20H19N2O0,804.36,6.12,535.186,Alcohol
Dopamine,C8H39N2O0,238.7,N/A,823.675,Alcohol
Glucose,C15H25N3O9,391.44,12.11,18.729,Nucleotide
Caffeine,C17H22N3O9,257.94,3.1,155.779,Neurotransmitter
Serotonin,C9H40N1O5,95.92,1.12,689.165,Hormone
Serotonin,C2H13N1O7,468.75,N/A,649.543,Neurotransmitter
Serotonin,C7H2N1O7,315.46,10.13,17.42,Lipid
Adrenaline,C18H37N2O8,385.24,2.79,121.806,Neurotransmitter
Serotonin,C5H2N4O9,431.22,1.63,173.215,Alcohol
Adenosine triphosphate,C5H10N0O7,967.55,N/A,817.237,Amide
Aspirin,C11H31N5O8,451.16,10.09,688.874,Organic Compound
Serotonin,C15H33N5O0,271.39,N/A,186.101,Neurotransmitter
Serotonin,C7H22N3O9,924.92,2.77,539.617,Carbohydrate
Urea,C11H36N3O7,829.53,N/A,960.706,Alkaloid
Glucose,C10H28N3O1,274.47,7.24,169.648,Alkaloid
Caffeine,C14H38N0O3,130.65,6.61,103.082,Alcohol
Ethanol,C8H4N5O2,692.49,12.24,118.336,Carbohydrate
Aspirin,C16H21N5O1,58.11,5.5,489.817,Alcohol
Serotonin,C3H28N0O9,735.01,11.54,313.235,Alcohol
Cholesterol,C5H7N2O1,526.98,9.16,461.42,Neurotransmitter
Adrenaline,C7H28N2O9,234.11,5.95,457.815,Hormone
Urea,C13H10N5O0,692.28,7.95,127.1,Organic Compound
Caffeine,C10H12N0O1,584.02,2.79,472.45,Organic Compound
Glucose,C4H34N3O8,534.11,4.06,234.657,Lipid
Aspirin,C12H38N2O8,325.78,2.78,116.321,Hormone
Cholesterol,C20H14N4O9,824.04,4.06,415.664,Lipid
Adrenaline,C12H40N1O0,948.49,12.34,547.973,Amide
Urea,C15H19N1O2,620.25,13.28,68.492,Alkaloid
Glucose,C8H7N0O8,615.43,10.88,295.632,Amide
Caffeine,C18H1N1O8,847.27,1.5,273.083,Alkaloid
Adrenaline,C16H22N5O8,514.42,3.46,705.576,Carbohydrate
Serotonin,C13H15N4O0,130.23,11.16,960.866,Organic Compound
Aspirin,C7H15N5O7,728.15,3.74,745.863,Nucleotide
Adenosine triphosphate,C7H14N4O6,750.0,4.76,829.578,Amide
Adenosine triphosphate,C1H11N5O0,823.85,5.62,796.286,Lipid
Adrenaline,C9H25N4O8,742.85,1.57,820.468,Neurotransmitter
Adrenaline,C14H26N2O0,103.44,7.94,500.326,Alcohol
Adrenaline,C6H24N4O3,739.79,4.18,68.185,Neurotransmitter
Ethanol,C5H34N0O0,620.96,5.77,645.198,Hormone
Aspirin,C5H34N0O7,979.31,11.15,993.238,Organic Compound
Ethanol,C4H18N0O6,650.64,1.01,990.873,Organic Compound
Adenosine triphosphate,C9H15N1O3,339.67,11.66,79.552,Lipid
Cholesterol,C9H7N5O0,164.39,N/A,864.444,Amide
Ethanol,C11H35N1O0,62.04,6.5,965.125,Hormone
Caffeine,C5H29N4O4,284.34,11.36,553.364,Hormone
Glucose,C1H14N0O7,192.89,7.09,639.746,Neurotransmitter
Glucose,C15H30N0O10,551.63,3.55,590.267,Amide
Serotonin,C2H16N0O0,925.25,8.08,829.429,Alkaloid
Cholesterol,C1H14N5O10,776.51,5.23,633.408,Lipid
Serotonin,C2H16N2O9,322.08,10.25,472.581,Neurotransmitter
Adrenaline,C5H28N4O1,409.0,12.26,600.393,Organic Compound
Glucose,C12H15N5O8,683.01,5.53,623.353,Hormone
Adenosine triphosphate,C18H25N3O7,482.35,1.02,934.861,Nucleotide
Aspirin,C2H3N1O3,306.2,5.56,992.824,Amide
Glucose,C2H38N0O9,564.88,2.86,287.564,Amide
Glucose,C14H7N3O6,451.09,3.13,11.316,Alkaloid
Dopamine,C2H33N3O3,820.23,8.76,315.865,Amide
Glucose,C10H17N5O1,846.51,6.16,227.468,Amide
Glucose,C13H1N4O1,561.87,2.15,503.846,Hormone
Caffeine,C18H37N1O9,579.86,6.42,901.99,Alkaloid
Serotonin,C3H36N3O5,491.84,1.31,28.57,Hormone
Glucose,C3H26N2O5,618.18,5.62,200.302,Carbohydrate
Cholesterol,C9H5N2O8,216.39,1.51,16.192,Carbohydrate
Adrenaline,C6H5N3O6,311.65,7.97,227.733,Nucleotide
Aspirin,C12H14N3O2,972.45,8.19,886.573,Nucleotide
Adenosine triphosphate,C10H26N5O1,501.09,N/A,159.67,Alcohol
Dopamine,C5H6N3O0,181.98,11.04,420.223,Hormone
Adenosine triphosphate,C13H19N0O5,696.69,6.17,58.141,Nucleotide
Adrenaline,C20H33N1O6,508.26,N/A,930.272,Lipid
Urea,C8H31N5O8,377.81,5.53,107.321,Organic Compound
Urea,C2H38N1O8,690.99,N/A,198.275,Carbohydrate
Adrenaline,C7H11N5O10,981.67,2.74,589.606,Hormone
Glucose,C6H13N1O2,226.23,12.42,470.464,Lipid
Glucose,C14H25N3O3,624.03,N/A,706.341,Nucleotide
Adenosine triphosphate,C5H28N0O9,771.59,N/A,722.699,Organic Compound
Ethanol,C10H32N3O6,876.99,1.31,446.487,Alcohol
Dopamine,C18H39N4O5,382.21,9.47,126.981,Carbohydrate
Cholesterol,C4H37N0O6,710.7,N/A,779.291,Neurotransmitter
Dopamine,C4H31N2O7,541.0,N/A,97.781,Nucleotide
Serotonin,C11H13N1O10,829.53,5.81,336.879,Carbohydrate
Adrenaline,C1H8N3O0,314.98,12.21,316.941,Carbohydrate
Aspirin,C15H30N1O7,786.28,6.96,730.81,Alcohol
Cholesterol,C5H24N1O7,985.79,11.77,91.567,Carbohydrate
Ethanol,C8H22N0O2,255.03,6.13,483.628,Alkaloid
Adrenaline,C19H1N3O6,341.87,5.85,882.142,Alkaloid
Aspirin,C7H21N4O7,986.97,6.6,279.002,Lipid
Ethanol,C17H39N2O10,138.17,8.61,420.034,Nucleotide
Glucose,C8H40N2O2,237.31,12.88,578.604,Lipid
Urea,C3H34N2O10,443.62,6.07,868.495,Amide
Adrenaline,C6H17N4O8,995.46,N/A,733.884,Nucleotide
Caffeine,C17H6N0O3,738.35,3.21,616.533,Neurotransmitter
Ethanol,C15H28N0O7,964.23,6.25,442.139,Alkaloid
Adrenaline,C12H15N1O1,892.76,7.34,367.961,Carbohydrate
Ethanol,C19H3N1O4,697.83,N/A,617.839,Alkaloid
Dopamine,C13H32N3O10,830.44,N/A,124.742,Hormone
Aspirin,C6H34N2O0,825.65,7.54,408.031,Alkaloid
Aspirin,C1H7N3O4,446.41,N/A,235.427,Alkaloid
Urea,C17H5N1O1,482.25,13.02,164.747,Lipid
Caffeine,C4H29N3O9,274.17,N/A,802.521,Neurotransmitter
Caffeine,C13H23N0O8,870.66,8.33,87.298,Nucleotide
Aspirin,C19H24N0O1,485.38,7.56,985.368,Alkaloid
Urea,C2H23N1O4,825.18,3.48,790.163,Carbohydrate
Aspirin,C19H28N5O5,391.07,6.13,815.826,Lipid
Serotonin,C17H5N2O10,896.4,2.47,302.721,Lipid
Aspirin,C8H9N5O1,377.26,1.93,366.222,Neurotransmitter
Adenosine triphosphate,C7H2N3O4,511.3,8.25,328.056,Alkaloid
Ethanol,C9H37N1O2,260.85,2.39,963.863,Amide
Glucose,C1H33N4O5,479.47,6.01,903.45,Amide
Adrenaline,C11H3N5O7,785.66,2.93,903.462,Hormone
Cholesterol,C20H19N3O5,536.75,N/A,605.266,Hormone
Cholesterol,C4H34N5O2,779.28,7.6,440.753,Lipid
Ethanol,C18H37N4O9,929.57,7.2,161.393,Nucleotide
Urea,C17H9N0O5,746.98,9.58,352.813,Alkaloid
Adenosine triphosphate,C15H2N5O7,915.51,12.95,481.008,Lipid
Adenosine triphosphate,C9H26N5O6,567.97,3.54,547.394,Nucleotide
Aspirin,C6H8N2O8,526.37,N/A,501.706,Alkaloid
Serotonin,C19H17N4O7,657.23,1.11,786.88,Carbohydrate
Ethanol,C3H15N2O1,155.83,5.16,942.501,Nucleotide
Caffeine,C14H38N2O8,560.72,N/A,712.278,Organic Compound
Dopamine,C4H7N4O5,511.92,11.8,230.416,Hormone
Adrenaline,C11H16N2O8,259.07,13.26,814.581,Organic Compound
Serotonin,C19H39N5O9,149.47,1.51,218.248,Carbohydrate
Adenosine triphosphate,C12H27N3O1,656.85,10.01,663.661,Organic Compound
Urea,C1H7N0O0,725.54,12.44,63.448,Alcohol
Serotonin,C17H13N5O5,379.71,12.93,465.717,Nucleotide
Dopamine,C2H4N1O4,689.04,10.43,127.734,Carbohydrate
Aspirin,C9H27N4O8,120.51,10.46,727.315,Organic Compound
Ethanol,C1H7N3O7,885.08,10.74,382.135,Carbohydrate
Aspirin,C1H19N4O1,181.4,13.42,759.131,Alkaloid
Aspirin,C7H31N2O7,968.25,1.31,717.746,Hormone
Urea,C3H38N5O8,484.97,6.35,635.625,Nucleotide
Cholesterol,C6H39N2O8,873.6,4.95,817.484,Organic Compound
Adenosine triphosphate,C19H13N3O7,920.41,12.61,384.689,Alcohol
Adrenaline,C6H24N0O10,303.25,3.04,580.975,Carbohydrate
Caffeine,C12H15N4O10,639.09,N/A,46.89,Carbohydrate
Ethanol,C1H2N1O10,893.77,9.11,279.734,Alkaloid
Ethanol,C12H16N5O5,630.85,5.45,748.594,Amide
Adrenaline,C5H8N1O9,363.63,N/A,664.381,Lipid
Cholesterol,C14H16N4O9,479.23,13.42,396.655,Alcohol
Cholesterol,C9H14N3O6,871.52,11.95,398.117,Alcohol
Adenosine triphosphate,C20H27N4O6,333.77,N/A,425.649,Alcohol
Dopamine,C15H17N5O2,845.66,1.48,91.056,Nucleotide
Dopamine,C6H25N1O4,747.92,12.11,654.662,Nucleotide
Urea,C8H16N3O9,379.72,N/A,33.176,Hormone
Glucose,C4H10N2O3,941.79,9.53,813.355,Organic Compound
Cholesterol,C9H27N4O3,998.36,4.41,772.284,Alkaloid
Cholesterol,C1H24N2O7,630.97,7.7,955.001,Nucleotide
Adrenaline,C18H17N4O8,985.66,N/A,567.274,Carbohydrate
Ethanol,C8H19N3O1,626.05,10.14,491.149,Hormone
Dopamine,C18H22N5O4,64.25,7.14,812.648,Carbohydrate
Cholesterol,C17H19N4O8,232.95,N/A,994.725,Amide
Ethanol,C12H25N3O3,365.44,5.92,768.17,Neurotransmitter
Ethanol,C4H40N5O9,200.72,4.61,889.001,Carbohydrate
Caffeine,C10H26N5O8,832.42,7.61,963.141,Organic Compound
Serotonin,C17H19N2O7,878.18,N/A,905.763,Hormone
Urea,C12H29N2O1,319.61,N/A,198.74,Lipid
Caffeine,C5H3N0O6,618.79,N/A,22.438,Neurotransmitter
Adenosine triphosphate,C1H10N4O1,564.33,4.33,831.03,Hormone
Aspirin,C8H4N3O9,992.03,2.46,381.775,Amide
Serotonin,C17H31N4O1,554.19,N/A,997.45,Organic Compound
Aspirin,C1H36N2O4,866.26,N/A,470.304,Lipid
Ethanol,C6H25N0O10,406.79,3.2,943.686,Hormone
Adenosine triphosphate,C4H11N1O2,654.22,11.35,103.321,Alkaloid
Serotonin,C13H32N4O1,96.14,N/A,514.656,Hormone
Glucose,C5H37N1O5,252.12,N/A,508.057,Amide
Glucose,C2H30N5O6,908.16,3.74,383.039,Amide
Serotonin,C1H36N4O9,266.51,9.76,369.344,Neurotransmitter
Dopamine,C4H3N1O7,235.47,10.03,175.764,Carbohydrate
Caffeine,C2H10N0O6,738.05,13.49,623.088,Neurotransmitter
Cholesterol,C9H12N3O2,657.02,13.2,685.072,Nucleotide
Adrenaline,C2H13N1O8,323.0,8.73,932.391,Neurotransmitter
Aspirin,C18H33N4O0,314.44,12.4,72.33,Neurotransmitter
Dopamine,C2H39N2O5,925.25,10.8,48.258,Nucleotide
Glucose,C20H22N4O8,150.43,3.28,335.267,Lipid
Urea,C4H27N3O10,851.33,8.43,488.704,Organic Compound
Cholesterol,C1H8N2O10,208.79,8.16,414.432,Nucleotide
Adrenaline,C7H26N2O10,892.79,10.5,119.965,Lipid
Dopamine,C10H18N5O0,665.31,13.77,179.415,Nucleotide
Urea,C19H28N0O9,409.67,11.37,660.145,Alkaloid
Adenosine triphosphate,C17H36N1O8,840.94,N/A,705.925,Lipid
Cholesterol,C4H23N3O3,185.75,N/A,563.344,Alcohol
Glucose,C3H7N4O10,502.75,N/A,219.803,Alkaloid
Caffeine,C10H20N2O9,668.14,N/A,821.72,Amide
Ethanol,C18H12N2O7,531.71,6.37,308.851,Nucleotide
Ethanol,C17H28N4O7,464.65,2.16,869.534,Hormone
Aspirin,C12H6N5O6,690.49,N/A,460.016,Amide
Cholesterol,C17H28N2O0,253.13,12.83,519.206,Alcohol
Dopamine,C15H26N3O10,473.12,N/A,369.935,Organic Compound
Aspirin,C19H4N2O3,273.47,N/A,292.568,Organic Compound
Aspirin,C8H31N2O8,675.72,5.69,424.439,Nucleotide
Adrenaline,C18H4N4O0,985.05,N/A,301.025,Organic Compound
Ethanol,C15H13N1O10,173.7,2.42,871.812,Alcohol
Cholesterol,C2H32N5O10,104.46,N/A,787.083,Hormone
Cholesterol,C18H33N4O1,760.75,N/A,885.954,Hormone
Cholesterol,C20H17N0O2,650.14,6.91,415.42,Alcohol
Adenosine triphosphate,C4H2N5O4,113.35,N/A,734.692,Carbohydrate
Aspirin,C20H23N1O0,373.16,7.03,378.65,Lipid
Adrenaline,C18H6N3O10,91.32,7.02,784.652,Alkaloid
Serotonin,C20H7N4O6,463.9,6.74,848.161,Lipid
Caffeine,C6H8N1O8,915.75,6.73,886.355,Alkaloid
Urea,C2H9N2O7,788.9,N/A,538.945,Lipid
Glucose,C1H25N0O8,236.63,4.66,577.262,Neurotransmitter
Ethanol,C13H35N3O6,291.5,4.26,586.93,Organic Compound
Glucose,C6H4N4O7,214.15,N/A,283.572,Amide
Glucose,C18H12N4O2,694.19,8.57,450.273,Carbohydrate
Glucose,C3H15N3O4,524.21,N/A,233.734,Carbohydrate
Aspirin,C7H30N1O3,486.2,N/A,674.53,Organic Compound
Adrenaline,C12H4N0O0,547.11,9.15,88.596,Amide
Aspirin,C14H4N3O7,496.88,12.24,327.584,Nucleotide
Aspirin,C19H9N0O2,247.85,N/A,556.751,Lipid
Aspirin,C8H14N5O2,293.68,5.8,184.957,Alcohol
Dopamine,C4H28N3O7,592.45,11.31,228.825,Amide
Glucose,C3H4N0O2,586.47,12.42,403.648,Neurotransmitter
Cholesterol,C19H18N4O10,542.45,3.08,990.967,Carbohydrate
Urea,C13H27N1O9,537.92,4.43,253.903,Lipid
Cholesterol,C4H17N0O2,603.72,9.89,660.464,Lipid
Aspirin,C8H22N1O5,521.33,N/A,82.092,Nucleotide
Aspirin,C4H18N4O10,405.36,5.67,626.813,Lipid
Dopamine,C3H29N4O8,312.44,8.18,90.457,Hormone
Urea,C18H28N1O0,716.66,N/A,55.124,Amide
Aspirin,C11H9N3O9,966.34,5.67,6.895,Carbohydrate
Serotonin,C20H29N4O4,697.9,N/A,454.424,Alkaloid
Adrenaline,C9H22N5O4,424.06,3.57,174.689,Carbohydrate
Aspirin,C13H28N1O2,610.48,12.15,761.844,Lipid
Dopamine,C6H23N5O10,436.91,6.72,848.598,Nucleotide
Glucose,C6H8N2O2,743.67,7.03,543.617,Hormone
Caffeine,C11H7N3O4,594.22,1.05,510.792,Nucleotide
Caffeine,C6H6N3O3,292.36,10.76,795.332,Neurotransmitter
Caffeine,C13H32N2O5,791.89,3.78,394.724,Nucleotide
Aspirin,C8H23N2O2,916.93,4.65,673.031,Nucleotide
Glucose,C2H14N0O0,683.95,N/A,44.586,Amide
Serotonin,C12H24N4O8,613.52,9.47,698.548,Lipid
Adenosine triphosphate,C7H25N2O3,353.77,N/A,693.154,Carbohydrate
Cholesterol,C20H1N1O7,132.73,9.48,809.66,Neurotransmitter
Serotonin,C6H20N0O9,401.2,N/A,941.917,Alcohol
Dopamine,C6H24N5O6,661.64,13.71,616.981,Carbohydrate
Glucose,C14H30N3O9,798.79,1.69,405.703,Hormone
Urea,C4H17N4O1,223.36,N/A,38.265,Nucleotide
Cholesterol,C12H19N1O10,656.79,5.73,14.351,Hormone
Caffeine,C2H36N5O4,312.78,11.19,794.88,Hormone
Adrenaline,C13H9N1O1,996.86,5.27,155.229,Organic Compound
Adrenaline,C6H37N2O10,179.86,8.92,296.112,Hormone
Serotonin,C9H6N5O2,716.06,9.16,91.228,Carbohydrate
Aspirin,C16H3N1O8,794.7,5.63,359.998,Carbohydrate
Caffeine,C1H15N5O0,113.2,1.54,582.729,Lipid
Ethanol,C14H33N3O9,439.18,13.52,395.859,Lipid
Dopamine,C5H34N4O9,717.15,1.6,867.559,Hormone
Dopamine,C16H22N3O0,827.6,8.22,338.687,Alcohol
Adrenaline,C1H12N4O8,332.82,12.32,47.401,Neurotransmitter
Glucose,C1H10N3O2,100.52,10.98,545.939,Alkaloid
Ethanol,C8H23N4O0,881.62,9.68,305.829,Organic Compound
Adrenaline,C15H24N2O10,646.9,12.45,135.592,Carbohydrate
Cholesterol,C5H2N2O0,683.54,12.78,133.186,Alkaloid
Aspirin,C16H17N5O5,959.75,12.0,703.985,Nucleotide
Glucose,C5H6N4O0,261.94,6.46,873.47,Neurotransmitter
Aspirin,C20H1N1O6,845.88,9.76,998.172,Nucleotide
Adenosine triphosphate,C17H33N0O8,345.04,N/A,313.272,Carbohydrate
Dopamine,C4H27N4O2,446.43,2.61,35.027,Organic Compound
Glucose,C10H20N3O7,300.37,7.75,543.534,Nucleotide
Dopamine,C8H28N2O8,897.31,13.35,639.231,Lipid
Ethanol,C11H13N0O10,325.58,2.82,816.36,Neurotransmitter
Urea,C15H35N4O0,498.19,1.23,752.525,Organic Compound
Caffeine,C18H22N3O8,218.19,9.26,535.033,Organic Compound
Aspirin,C7H30N0O5,710.58,6.47,344.853,Alkaloid
Glucose,C6H7N1O9,231.56,N/A,677.149,Amide
Aspirin,C2H23N0O5,939.54,10.82,90.768,Nucleotide
Glucose,C11H12N5O4,331.33,5.97,857.648,Amide
Adenosine triphosphate,C16H26N5O10,810.64,6.07,50.73,Organic Compound
Dopamine,C13H17N3O0,807.04,N/A,375.801,Neurotransmitter
Caffeine,C7H10N1O9,297.97,N/A,485.786,Amide
Glucose,C5H19N2O4,287.17,13.37,516.512,Neurotransmitter
Cholesterol,C16H37N4O3,186.82,N/A,27.154,Amide
Adrenaline,C2H21N0O5,814.11,10.0,176.877,Carbohydrate
Dopamine,C4H40N1O5,676.39,8.08,566.004,Neurotransmitter
Adenosine triphosphate,C6H5N1O6,639.4,1.55,17.621,Alkaloid
Urea,C3H25N4O2,993.09,6.87,905.893,Neurotransmitter
Dopamine,C4H8N0O6,955.55,2.55,136.051,Neurotransmitter
Serotonin,C16H34N0O5,738.32,12.03,740.169,Nucleotide
Cholesterol,C8H2N5O5,82.19,N/A,857.683,Amide
Dopamine,C20H14N3O7,507.96,3.66,631.235,Nucleotide
Glucose,C14H9N4O7,251.52,9.93,34.987,Amide
Adrenaline,C6H11N1O10,706.46,11.54,708.773,Alcohol
Caffeine,C5H22N3O0,217.93,1.25,174.716,Alcohol
Adenosine triphosphate,C12H31N2O7,126.11,10.27,876.076,Alcohol
Urea,C18H37N1O9,204.38,5.91,495.569,Organic Compound
Serotonin,C14H33N4O10,448.65,11.13,146.671,Lipid
Glucose,C2H34N3O0,94.57,3.68,610.051,Alkaloid
Caffeine,C20H18N2O2,672.66,5.92,943.096,Amide
Adenosine triphosphate,C15H3N1O8,340.92,4.2,554.523,Amide
Urea,C20H7N1O3,867.01,N/A,945.711,Lipid
Dopamine,C11H17N4O0,958.52,13.28,37.779,Alkaloid
Aspirin,C15H40N2O6,377.9,12.87,783.841,Hormone
Adrenaline,C2H30N4O10,375.07,N/A,902.003,Neurotransmitter
Aspirin,C15H2N1O1,50.1,N/A,923.817,Carbohydrate
Serotonin,C6H9N0O2,763.24,13.82,167.518,Alkaloid
Ethanol,C6H32N4O0,172.35,4.56,471.896,Organic Compound
Cholesterol,C2H1N1O10,859.53,7.88,885.746,Nucleotide
Caffeine,C16H32N5O8,477.18,5.87,943.548,Neurotransmitter
Caffeine,C5H30N4O9,459.33,N/A,372.23,Lipid
Dopamine,C14H24N5O7,424.81,4.68,992.571,Alcohol
Ethanol,C6H33N4O10,487.46,6.23,176.434,Amide
Caffeine,C7H4N3O6,613.63,N/A,837.319,Hormone
Serotonin,C9H27N4O0,743.17,6.98,750.683,Neurotransmitter
Cholesterol,C20H12N1O4,342.59,8.56,609.983,Organic Compound
Serotonin,C1H24N4O4,833.62,6.41,869.646,Amide
Ethanol,C7H10N0O4,191.71,5.03,149.791,Nucleotide
Dopamine,C11H28N1O9,676.14,10.61,787.151,Amide
Adrenaline,C5H17N2O0,675.83,10.99,951.573,Amide
Caffeine,C20H5N3O5,346.53,5.06,858.087,Organic Compound
Adenosine triphosphate,C12H30N3O4,596.21,2.42,77.534,Amide
Serotonin,C1H5N3O5,824.66,1.97,618.227,Alcohol
Glucose,C19H4N0O6,901.86,5.92,731.057,Lipid
Cholesterol,C3H17N2O7,188.56,5.68,766.049,Hormone
Urea,C15H8N0O3,995.09,6.72,607.541,Nucleotide
Dopamine,C14H5N5O8,624.85,13.5,278.354,Alkaloid
Caffeine,C14H7N2O7,288.68,3.2,515.425,Nucleotide
Ethanol,C14H40N5O2,707.34,5.12,80.198,Organic Compound
Urea,C2H3N3O10,869.59,3.51,41.559,Alcohol
Adrenaline,C5H13N2O6,214.66,7.82,415.364,Carbohydrate
Urea,C20H36N1O5,936.38,5.39,620.662,Lipid
Dopamine,C17H36N4O0,531.04,N/A,388.515,Alcohol
Dopamine,C14H28N0O7,561.75,10.49,908.481,Neurotransmitter
Cholesterol,C11H12N4O8,764.63,N/A,588.102,Neurotransmitter
Glucose,C18H6N3O9,600.21,7.68,21.79,Neurotransmitter
Adrenaline,C13H19N2O1,120.75,6.47,634.151,Organic Compound
Urea,C4H38N1O10,443.89,11.09,463.56,Neurotransmitter
Dopamine,C4H15N5O2,88.41,N/A,18.356,Organic Compound
Urea,C11H34N1O6,543.48,1.08,680.063,Lipid
Dopamine,C12H27N2O1,651.24,N/A,323.04,Lipid
Ethanol,C4H35N4O4,508.07,9.51,156.657,Alkaloid
Glucose,C18H30N4O5,726.47,5.0,23.07,Alcohol
Serotonin,C2H32N4O3,397.47,N/A,100.076,Alkaloid
Adenosine triphosphate,C15H38N5O0,430.78,2.72,5.83,Nucleotide
Ethanol,C12H34N5O3,949.92,13.48,527.501,Carbohydrate
Aspirin,C14H15N1O7,337.24,6.7,270.651,Neurotransmitter
Aspirin,C18H1N4O5,928.36,N/A,606.503,Nucleotide
Urea,C20H39N4O2,421.04,13.06,96.047,Lipid
Glucose,C7H1N2O10,939.06,N/A,497.262,Alcohol
Serotonin,C7H2N2O3,329.39,N/A,188.296,Nucleotide
Caffeine,C14H35N2O0,316.08,9.06,881.527,Neurotransmitter
Glucose,C1H1N3O3,862.08,3.96,889.358,Neurotransmitter
Glucose,C11H33N2O2,995.6,12.81,632.703,Nucleotide
Adenosine triphosphate,C6H19N4O4,291.82,1.85,293.644,Alkaloid
Adrenaline,C9H34N5O3,813.7,2.28,76.131,Neurotransmitter
Caffeine,C12H8N0O10,760.14,N/A,130.697,Carbohydrate
Dopamine,C4H23N1O0,873.25,9.52,543.839,Amide
Adrenaline,C10H40N1O6,64.53,10.66,72.755,Alcohol
Urea,C12H31N5O9,156.34,13.49,854.16,Neurotransmitter
Serotonin,C14H32N2O5,304.85,N/A,633.566,Organic Compound
Ethanol,C11H11N4O9,869.39,N/A,632.432,Hormone
Aspirin,C7H38N1O3,235.32,2.69,610.895,Lipid
Adenosine triphosphate,C3H23N3O1,696.33,N/A,687.681,Neurotransmitter
Caffeine,C16H4N0O2,431.05,7.76,445.161,Alcohol
Cholesterol,C13H25N2O2,990.88,N/A,793.308,Hormone
Serotonin,C19H16N2O4,491.25,10.78,42.369,Lipid
Urea,C14H5N0O1,854.44,N/A,228.922,Alkaloid
Ethanol,C4H11N3O6,605.7,3.0,140.827,Alkaloid
Adenosine triphosphate,C16H12N1O7,52.13,N/A,433.069,Neurotransmitter
Glucose,C14H35N0O4,179.82,12.28,56.844,Alcohol
Ethanol,C4H40N1O1,162.93,13.0,324.341,Amide
Serotonin,C1H24N2O4,652.4,2.77,571.811,Organic Compound
Aspirin,C20H29N5O2,160.4,2.49,887.008,Amide
Caffeine,C4H33N0O5,804.54,3.31,363.095,Neurotransmitter
Cholesterol,C1H34N5O2,522.13,5.55,417.049,Organic Compound
Aspirin,C10H29N4O1,376.25,N/A,100.118,Hormone
Aspirin,C7H3N3O1,505.24,N/A,223.797,Organic Compound
Glucose,C7H26N1O3,98.06,4.72,138.888,Hormone
Aspirin,C13H20N4O9,917.07,9.98,456.991,Carbohydrate
Adrenaline,C18H28N2O0,533.28,N/A,345.689,Nucleotide
Aspirin,C7H26N3O5,145.47,11.22,280.613,Alcohol
Adenosine triphosphate,C20H1N2O3,67.63,11.04,474.013,Amide
Aspirin,C17H29N3O9,492.59,12.2,453.268,Alkaloid
Aspirin,C19H23N0O2,489.05,11.94,132.502,Nucleotide
Glucose,C5H9N5O7,885.71,N/A,747.65,Organic Compound
Cholesterol,C8H16N2O2,149.21,13.67,100.908,Hormone
Aspirin,C11H27N3O5,186.06,9.82,786.574,Alkaloid
Cholesterol,C15H25N0O0,602.5,5.99,912.995,Carbohydrate
Glucose,C8H18N3O10,161.78,N/A,740.285,Organic Compound
Aspirin,C17H13N0O1,624.65,6.03,227.893,Alcohol
Aspirin,C6H7N2O5,339.7,3.61,15.366,Alcohol
Dopamine,C17H8N2O6,648.15,10.45,619.074,Organic Compound
Serotonin,C17H36N1O1,715.4,N/A,163.376,Neurotransmitter
Adrenaline,C17H32N3O8,415.51,9.15,820.539,Nucleotide
Urea,C19H4N3O2,748.05,N/A,768.081,Neurotransmitter
Aspirin,C7H24N5O4,616.62,N/A,955.617,Organic Compound
Dopamine,C8H17N5O3,572.75,13.59,547.824,Amide
Adrenaline,C7H24N0O3,609.21,N/A,42.615,Carbohydrate
Adenosine triphosphate,C8H12N3O10,699.52,9.13,203.11,Alcohol
Adrenaline,C16H31N1O8,50.7,13.94,202.921,Neurotransmitter
Serotonin,C8H27N2O0,194.28,N/A,719.72,Alcohol
Urea,C7H1N2O5,479.66,10.25,841.531,Organic Compound
Glucose,C14H19N5O5,108.19,10.31,293.212,Hormone
Urea,C17H31N1O5,351.79,9.14,61.173,Lipid
Caffeine,C2H2N1O9,427.92,13.96,166.119,Nucleotide
Cholesterol,C17H6N1O4,579.49,7.16,403.989,Hormone
Caffeine,C18H7N1O10,380.63,2.42,276.11,Neurotransmitter
Glucose,C20H34N4O7,571.72,5.48,448.881,Nucleotide
Caffeine,C15H22N1O1,382.16,8.9,835.056,Carbohydrate
Ethanol,C3H40N2O3,238.18,1.99,895.449,Alcohol
Caffeine,C8H24N2O6,974.7,2.75,362.621,Alkaloid
Adrenaline,C3H3N2O1,560.1,10.61,229.825,Hormone
Cholesterol,C16H23N5O0,168.93,12.25,564.139,Amide
Serotonin,C20H9N5O4,137.44,9.52,860.682,Organic Compound
Ethanol,C1H1N5O3,850.57,12.12,314.507,Alkaloid
Cholesterol,C16H20N2O10,823.8,N/A,945.016,Nucleotide
Adenosine triphosphate,C9H16N3O8,300.14,N/A,123.045,Amide
Aspirin,C7H5N2O1,167.49,4.82,708.264,Organic Compound
Urea,C16H25N0O2,893.94,6.59,143.236,Lipid
Ethanol,C16H26N4O0,912.81,N/A,550.473,Hormone
Serotonin,C11H17N3O9,199.62,3.12,596.923,Alkaloid
Glucose,C7H11N5O6,257.97,5.77,585.358,Amide
Dopamine,C5H10N5O9,659.95,13.7,912.812,Lipid
Dopamine,C20H10N0O1,385.33,N/A,703.018,Alcohol
Adrenaline,C13H21N5O1,985.04,5.39,381.865,Hormone
Cholesterol,C17H8N1O0,318.01,13.11,708.463,Lipid
Caffeine,C4H25N3O4,728.95,N/A,371.359,Nucleotide
Serotonin,C14H20N2O7,414.52,12.24,897.905,Organic Compound
Glucose,C11H16N2O2,948.02,6.38,759.354,Alkaloid
Urea,C2H23N5O5,346.92,N/A,82.487,Neurotransmitter
Urea,C3H30N5O0,837.59,8.24,985.045,Alcohol
Dopamine,C2H6N4O3,433.34,8.43,679.153,Amide
Adrenaline,C8H39N1O3,799.52,4.89,510.517,Carbohydrate
Caffeine,C9H39N1O9,434.57,10.35,814.722,Amide
Aspirin,C9H21N4O1,149.65,8.1,833.437,Nucleotide
Glucose,C3H13N0O9,156.48,4.04,960.32,Alcohol
Caffeine,C1H22N2O7,885.06,11.25,668.402,Hormone
Adrenaline,C18H21N0O6,348.01,4.26,791.951,Nucleotide
Ethanol,C15H12N5O10,574.29,3.79,969.233,Amide
Adenosine triphosphate,C11H37N2O2,203.14,8.27,519.699,Lipid
Adenosine triphosphate,C6H36N4O10,955.3,4.33,984.547,Neurotransmitter
Cholesterol,C1H6N4O1,399.72,13.21,816.167,Hormone
Dopamine,C18H7N3O6,150.38,6.45,278.491,Nucleotide
Ethanol,C17H13N2O2,325.24,5.1,840.708,Amide
Urea,C8H34N2O3,874.68,N/A,452.714,Nucleotide
Cholesterol,C11H18N0O2,634.08,10.67,476.492,Hormone
Adenosine triphosphate,C10H10N3O8,431.34,7.21,512.867,Carbohydrate
Cholesterol,C6H33N1O5,375.52,13.5,624.147,Organic Compound
Serotonin,C19H3N4O4,636.25,10.16,703.899,Alkaloid
Dopamine,C3H21N1O8,176.74,9.73,315.585,Lipid
Glucose,C5H3N4O4,459.93,5.19,929.924,Alkaloid
Dopamine,C20H13N2O4,934.19,13.49,682.329,Organic Compound
Glucose,C6H20N3O7,620.58,12.28,255.377,Nucleotide
Serotonin,C20H10N0O1,324.3,6.44,471.619,Lipid
Aspirin,C6H34N0O7,135.73,1.55,337.883,Neurotransmitter
Ethanol,C14H34N2O9,881.4,1.5,828.107,Hormone
Caffeine,C9H31N5O7,854.18,11.12,824.462,Alcohol
Glucose,C2H3N0O3,964.66,8.9,542.564,Nucleotide
Adrenaline,C3H23N4O8,486.33,9.06,722.325,Carbohydrate
Serotonin,C6H20N1O10,824.63,7.76,747.226,Alkaloid
Aspirin,C7H7N0O7,394.65,8.33,472.814,Lipid
Aspirin,C15H19N2O3,930.74,1.11,697.323,Neurotransmitter
Ethanol,C20H25N0O1,566.12,6.31,247.901,Alcohol
Dopamine,C19H8N4O10,643.31,N/A,271.187,Nucleotide
Urea,C3H9N1O1,164.86,13.6,202.917,Nucleotide
Ethanol,C11H37N1O3,765.99,N/A,326.301,Alcohol
Ethanol,C19H35N1O8,186.58,N/A,908.639,Carbohydrate
Cholesterol,C15H26N1O10,553.03,6.6,795.008,Alcohol
Adrenaline,C4H12N3O3,564.5,N/A,96.973,Lipid
Aspirin,C8H26N2O9,612.06,N/A,79.232,Alkaloid
Adrenaline,C13H26N5O9,520.8,N/A,276.239,Lipid
Cholesterol,C16H9N3O3,245.43,12.51,897.247,Amide
Ethanol,C3H21N4O3,750.71,N/A,684.335,Hormone
Urea,C7H4N0O0,488.03,9.61,766.833,Organic Compound
Dopamine,C1H23N0O7,761.43,8.27,437.21,Neurotransmitter
Adrenaline,C2H1N3O1,373.08,N/A,188.151,Lipid
Adrenaline,C8H11N2O4,52.23,10.13,734.179,Amide
Glucose,C12H28N2O10,74.72,13.56,972.703,Nucleotide
Urea,C6H31N3O6,233.43,13.36,909.155,Lipid
Serotonin,C6H16N5O9,551.15,8.48,497.583,Nucleotide
Adenosine triphosphate,C6H16N4O10,174.14,9.93,815.224,Nucleotide
Caffeine,C19H31N4O4,889.24,9.11,365.54,Neurotransmitter
Ethanol,C6H34N5O4,253.5,N/A,59.37,Hormone
Cholesterol,C12H3N3O4,739.46,2.17,901.496,Lipid
Cholesterol,C1H21N2O6,798.76,11.64,114.125,Lipid
Aspirin,C4H14N1O3,800.35,6.52,313.75,Neurotransmitter
Glucose,C9H4N5O5,703.61,10.03,685.86,Nucleotide
Dopamine,C13H8N2O1,386.03,4.14,78.956,Alkaloid
Dopamine,C4H19N5O8,147.1,2.31,804.974,Lipid
Ethanol,C14H38N5O7,951.0,8.73,173.517,Lipid
Glucose,C5H12N0O6,574.18,3.07,307.658,Hormone
Adenosine triphosphate,C2H31N5O7,980.76,4.26,521.321,Alkaloid
Ethanol,C2H38N5O3,107.64,2.91,242.498,Lipid
Dopamine,C19H12N0O0,361.98,2.28,192.947,Neurotransmitter
Caffeine,C17H15N4O2,505.48,N/A,188.417,Amide
Caffeine,C2H6N3O1,685.19,N/A,40.636,Organic Compound
Aspirin,C6H13N1O4,470.9,9.24,548.762,Carbohydrate
Aspirin,C15H15N3O2,771.06,2.56,860.852,Alcohol
Serotonin,C15H9N5O4,296.87,1.89,300.282,Organic Compound
Adenosine triphosphate,C4H32N0O6,218.1,4.01,341.978,Alkaloid
Ethanol,C19H14N1O3,393.27,N/A,667.266,Amide
Ethanol,C10H23N2O4,281.02,6.41,639.333,Amide
Cholesterol,C16H20N5O2,910.48,3.45,496.314,Neurotransmitter
Dopamine,C5H14N4O7,763.84,N/A,295.749,Hormone
Adrenaline,C3H12N2O3,952.8,3.48,492.006,Nucleotide
Urea,C14H8N3O3,973.07,6.04,297.128,Carbohydrate
Urea,C3H11N2O3,955.64,5.37,645.346,Amide
Caffeine,C11H32N1O6,592.49,N/A,528.342,Hormone
Glucose,C12H37N4O9,593.39,8.98,657.449,Carbohydrate
Ethanol,C6H13N0O10,130.27,N/A,432.168,Carbohydrate
Adrenaline,C3H13N2O7,450.26,13.59,583.153,Hormone
Aspirin,C11H4N1O8,758.18,5.74,486.548,Alcohol
Serotonin,C7H18N5O3,275.28,11.57,998.417,Organic Compound
Serotonin,C17H28N2O10,729.78,6.95,366.484,Organic Compound
Serotonin,C13H21N1O10,564.96,9.22,907.793,Alkaloid
Glucose,C14H39N3O7,526.37,8.56,109.667,Neurotransmitter
Aspirin,C18H28N4O2,670.02,N/A,103.191,Neurotransmitter
Ethanol,C10H39N5O0,813.96,11.19,609.979,Neurotransmitter
Aspirin,C7H33N4O5,589.92,1.93,585.847,Amide
Glucose,C17H7N2O1,147.77,9.52,21.84,Organic Compound
Dopamine,C11H29N1O6,811.25,N/A,213.739,Amide
Cholesterol,C6H36N0O0,854.73,N/A,184.895,Alcohol
Dopamine,C11H32N0O0,891.46,1.7,501.284,Hormone
Caffeine,C10H7N1O0,310.58,13.82,525.676,Carbohydrate
Urea,C7H21N5O3,978.51,12.73,442.415,Alcohol
Adenosine triphosphate,C18H12N5O1,660.46,13.89,973.77,Carbohydrate
Cholesterol,C8H1N0O8,859.85,N/A,272.46,Lipid
Dopamine,C4H24N4O8,609.64,2.82,204.501,Lipid
Dopamine,C8H15N4O7,456.05,N/A,327.744,Neurotransmitter
Adenosine triphosphate,C14H10N4O5,867.88,11.14,558.743,Nucleotide
Cholesterol,C2H26N4O4,730.85,8.07,936.791,Neurotransmitter
Glucose,C15H30N2O5,529.08,N/A,567.397,Amide
Caffeine,C13H8N0O3,761.34,3.79,911.061,Neurotransmitter
Glucose,C15H13N3O3,927.6,1.11,619.187,Nucleotide
Urea,C18H39N3O6,946.4,4.64,693.539,Nucleotide
Glucose,C20H11N3O10,809.6,N/A,800.384,Amide
Adrenaline,C2H14N0O6,134.88,6.34,399.94,Amide
Dopamine,C6H13N5O2,120.7,N/A,152.855,Organic Compound
Adenosine triphosphate,C7H16N3O9,358.35,10.7,628.757,Nucleotide
Serotonin,C2H10N3O4,505.89,N/A,793.151,Alcohol
Glucose,C11H36N3O0,836.88,N/A,285.933,Organic Compound
Adenosine triphosphate,C2H6N2O4,958.9,12.77,384.307,Alcohol
Caffeine,C3H11N1O1,70.83,10.89,722.46,Carbohydrate
Urea,C12H37N3O6,872.81,8.77,844.101,Lipid
Urea,C1H3N2O7,453.13,13.84,388.182,Alcohol
Aspirin,C17H6N1O6,420.82,3.77,92.724,Hormone
Caffeine,C10H21N1O1,949.17,3.29,708.992,Carbohydrate
Ethanol,C11H20N5O5,303.84,N/A,728.092,Amide
Adrenaline,C15H30N1O4,63.71,N/A,217.274,Alkaloid
Serotonin,C12H23N4O9,368.72,1.6,730.138,Carbohydrate
Glucose,C1H4N0O1,895.74,7.16,52.922,Organic Compound
Aspirin,C12H16N3O3,452.79,2.67,317.818,Carbohydrate
Caffeine,C17H24N3O8,264.61,4.76,962.004,Alkaloid
Adrenaline,C17H5N1O1,294.38,N/A,301.368,Amide
Aspirin,C7H15N1O8,67.48,10.7,269.84,Organic Compound
Dopamine,C11H21N2O9,426.58,4.91,590.291,Neurotransmitter
Glucose,C13H19N1O3,400.67,5.86,129.707,Nucleotide
Adenosine triphosphate,C18H35N1O2,614.62,9.96,678.633,Alcohol
Glucose,C6H26N2O7,86.94,2.38,410.633,Neurotransmitter
Urea,C4H26N0O6,647.38,1.37,290.072,Alkaloid
Adenosine triphosphate,C7H29N1O9,972.43,7.4,255.399,Organic Compound
Aspirin,C17H19N1O5,77.85,8.13,752.658,Carbohydrate
Glucose,C1H26N2O1,504.1,10.0,618.314,Alkaloid
Glucose,C12H31N1O4,166.79,11.87,217.384,Lipid
Dopamine,C14H28N2O6,529.03,9.7,801.949,Nucleotide
Ethanol,C15H24N5O3,479.3,8.0,295.192,Carbohydrate
Urea,C6H30N4O8,328.06,4.16,39.41,Neurotransmitter
Serotonin,C11H24N5O7,183.92,11.43,528.108,Neurotransmitter
Adenosine triphosphate,C9H5N4O8,822.41,1.96,791.543,Hormone
Glucose,C6H5N4O10,313.6,3.27,202.954,Alkaloid
Aspirin,C19H28N4O4,837.22,12.9,422.162,Alcohol
Ethanol,C4H4N4O8,976.15,4.64,567.819,Carbohydrate
Caffeine,C12H40N5O5,180.21,1.44,710.089,Nucleotide
Caffeine,C4H5N0O3,579.93,1.28,547.933,Alcohol
Urea,C10H37N4O0,964.47,7.55,763.609,Amide
Aspirin,C7H16N2O1,622.92,11.91,613.666,Lipid
Dopamine,C12H31N0O8,813.67,7.89,375.72,Alcohol
Ethanol,C4H18N2O2,705.8,7.76,552.048,Neurotransmitter
Glucose,C7H4N5O5,971.36,13.59,40.795,Organic Compound
Adenosine triphosphate,C5H26N3O7,64.2,8.7,684.018,Amide
Adrenaline,C13H16N5O4,147.79,N/A,769.577,Amide
Cholesterol,C11H24N1O10,230.99,5.6,995.829,Hormone
Serotonin,C12H18N1O5,592.83,9.41,799.38,Hormone
Glucose,C10H8N0O0,828.91,N/A,252.374,Lipid
Ethanol,C9H16N2O3,526.43,13.89,607.093,Alkaloid
Dopamine,C13H17N2O2,323.54,1.11,174.4,Carbohydrate
Caffeine,C20H31N4O4,885.65,11.69,332.32,Carbohydrate
Caffeine,C11H37N0O0,501.94,N/A,444.848,Hormone
Serotonin,C4H3N0O1,765.86,1.38,245.441,Hormone
Glucose,C4H5N3O8,327.0,12.46,589.47,Nucleotide
Aspirin,C10H7N5O9,806.06,12.7,827.155,Amide
Dopamine,C2H3N2O8,943.19,5.65,18.026,Organic Compound
Aspirin,C15H2N0O1,832.17,11.09,992.043,Carbohydrate
Urea,C13H6N3O1,535.99,3.09,288.199,Amide
Urea,C19H28N0O2,684.92,2.33,780.729,Organic Compound
Cholesterol,C19H24N4O8,943.68,N/A,583.893,Alkaloid
Adrenaline,C18H33N3O6,818.33,5.39,261.546,Lipid
Adrenaline,C3H5N4O4,641.18,13.6,928.921,Nucleotide
Serotonin,C12H21N5O0,78.96,N/A,930.877,Lipid
Aspirin,C2H23N2O2,265.44,N/A,408.224,Hormone
Adrenaline,C5H37N0O6,911.22,6.81,352.463,Alkaloid
Glucose,C2H29N3O3,684.79,9.73,481.846,Alkaloid
Caffeine,C3H1N0O5,819.11,7.61,87.704,Alcohol
Adenosine triphosphate,C2H15N3O1,238.24,5.08,900.526,Neurotransmitter
Adrenaline,C3H34N3O6,418.7,4.01,883.958,Neurotransmitter
Urea,C9H37N1O0,277.95,12.26,509.828,Amide
Glucose,C2H13N1O7,408.72,1.21,59.186,Hormone
Urea,C3H15N2O6,601.08,3.77,738.814,Lipid
Cholesterol,C14H29N5O1,180.55,11.73,69.244,Lipid
Adrenaline,C7H12N1O9,505.0,7.87,133.365,Hormone
Adrenaline,C9H24N1O5,329.41,7.35,796.831,Alcohol
Caffeine,C14H24N2O4,750.58,3.06,57.222,Neurotransmitter
Serotonin,C10H27N4O6,338.85,N/A,772.201,Organic Compound
Adenosine triphosphate,C2H39N4O8,151.82,N/A,868.245,Alcohol
Cholesterol,C8H37N1O0,803.43,4.93,905.148,Carbohydrate
Caffeine,C9H26N5O10,421.21,3.31,62.723,Amide
Adrenaline,C2H24N0O9,274.78,N/A,729.515,Hormone
Dopamine,C7H14N4O6,448.55,1.55,840.305,Neurotransmitter
Urea,C5H8N0O7,637.56,13.53,639.617,Lipid
Ethanol,C12H5N3O9,807.93,5.39,510.439,Nucleotide
Ethanol,C17H36N0O10,205.88,3.4,648.9,Nucleotide
Ethanol,C20H4N4O1,120.56,5.83,120.258,Neurotransmitter
Glucose,C19H26N2O8,480.86,N/A,439.076,Hormone
Cholesterol,C18H31N1O10,464.53,7.09,340.393,Lipid
Cholesterol,C19H20N5O4,941.36,2.06,738.293,Nucleotide
Adenosine triphosphate,C9H21N4O8,159.46,1.51,781.488,Neurotransmitter
Cholesterol,C17H38N5O2,459.49,N/A,936.07,Lipid
Glucose,C20H14N0O2,569.61,8.19,783.105,Lipid
Ethanol,C5H39N5O0,587.94,8.95,556.499,Nucleotide
Adrenaline,C15H37N4O1,891.78,13.16,382.571,Lipid
Cholesterol,C19H14N5O2,164.8,2.58,565.737,Alkaloid
Ethanol,C9H1N5O0,422.21,8.97,91.19,Neurotransmitter
Ethanol,C3H32N2O6,547.82,9.32,449.475,Nucleotide
Dopamine,C10H32N0O6,789.46,10.02,535.033,Hormone
Caffeine,C6H35N3O3,349.71,1.94,857.782,Carbohydrate
Ethanol,C6H1N4O6,500.96,5.88,746.007,Hormone
Adenosine triphosphate,C11H12N1O8,59.92,2.53,874.503,Organic Compound
Urea,C13H21N1O9,822.13,4.35,141.493,Lipid
Adenosine triphosphate,C17H30N4O6,865.6,10.98,884.895,Hormone
Adrenaline,C15H24N2O6,434.08,5.1,270.976,Lipid
Caffeine,C2H28N2O4,454.92,9.55,878.008,Hormone
Dopamine,C19H33N4O6,722.17,4.5,109.087,Nucleotide
Dopamine,C3H39N0O6,667.13,10.14,454.249,Hormone
Adrenaline,C20H22N4O1,358.59,13.47,932.515,Lipid
Serotonin,C4H38N2O10,361.98,11.97,573.531,Lipid
Ethanol,C7H39N1O2,60.47,1.89,851.804,Amide
Serotonin,C18H3N5O10,366.79,9.69,80.491,Nucleotide
Adrenaline,C18H7N4O4,417.86,N/A,25.947,Organic Compound
Cholesterol,C5H38N2O7,951.62,13.35,528.683,Alkaloid
Aspirin,C15H13N4O10,70.6,8.95,538.523,Alkaloid
Cholesterol,C15H39N1O2,62.87,N/A,257.46,Nucleotide
Dopamine,C1H24N2O6,257.73,11.22,767.541,Alkaloid
Aspirin,C14H28N5O3,781.96,1.69,728.526,Carbohydrate
Glucose,C18H36N4O4,206.16,9.91,698.17,Nucleotide
Dopamine,C2H9N1O8,847.44,13.8,162.158,Organic Compound
Adenosine triphosphate,C6H23N2O1,388.02,N/A,583.633,Hormone
Adenosine triphosphate,C3H28N0O1,215.4,N/A,816.842,Neurotransmitter
Urea,C19H30N5O9,759.44,8.28,186.241,Alcohol
Glucose,C15H7N3O4,909.81,6.35,461.397,Hormone
Adrenaline,C20H8N0O6,77.0,5.39,122.674,Carbohydrate
Caffeine,C3H12N2O10,838.06,8.53,780.896,Alcohol
Adenosine triphosphate,C15H39N3O6,739.17,3.58,259.697,Amide
Adrenaline,C6H2N2O3,359.75,N/A,662.917,Amide
Glucose,C10H10N0O9,423.93,8.55,35.279,Hormone
Urea,C20H11N5O0,596.7,N/A,458.177,Alcohol
Adenosine triphosphate,C12H28N2O8,519.54,N/A,100.326,Nucleotide
Adrenaline,C13H20N5O5,160.87,7.39,776.888,Alcohol
Caffeine,C6H27N5O5,916.9,N/A,675.809,Alkaloid
Caffeine,C13H17N4O2,270.73,7.63,130.811,Alkaloid
Adrenaline,C14H1N0O9,609.57,4.88,816.348,Alkaloid
Glucose,C2H34N0O8,474.67,N/A,153.596,Nucleotide
Adenosine triphosphate,C18H13N1O1,582.67,4.35,933.368,Organic Compound
Ethanol,C1H5N1O2,651.33,1.17,204.735,Alcohol
Ethanol,C7H38N4O10,471.72,11.84,206.046,Neurotransmitter
Glucose,C7H34N2O9,179.75,4.72,361.278,Alkaloid
Adenosine triphosphate,C10H6N4O4,439.87,N/A,658.231,Hormone
Glucose,C20H16N1O10,443.78,2.01,936.447,Organic Compound
Caffeine,C15H11N3O1,550.28,4.35,107.025,Organic Compound
Dopamine,C7H8N0O8,774.0,13.47,169.177,Lipid
Adrenaline,C11H29N2O8,158.0,2.91,171.147,Alkaloid
Glucose,C20H32N1O8,181.53,13.57,437.347,Alkaloid
Serotonin,C16H7N2O0,140.24,N/A,156.464,Organic Compound
Ethanol,C11H1N1O4,102.4,13.96,530.345,Neurotransmitter
Caffeine,C12H8N0O6,656.45,12.5,276.235,Lipid
Dopamine,C10H9N5O3,298.71,3.39,761.245,Nucleotide
Aspirin,C15H18N5O4,204.18,2.05,82.382,Carbohydrate
Caffeine,C4H27N2O10,246.53,6.03,105.31,Lipid
Adrenaline,C3H38N4O3,361.4,9.1,627.935,Alcohol
Glucose,C8H38N4O5,476.42,2.33,189.896,Alkaloid
Aspirin,C6H18N3O8,767.37,8.52,680.641,Lipid
Cholesterol,C7H37N3O4,565.84,1.82,933.637,Organic Compound
Glucose,C20H38N1O9,802.95,N/A,43.001,Organic Compound
Dopamine,C12H25N0O10,68.94,N/A,335.724,Alkaloid
Caffeine,C19H36N5O7,117.58,1.49,151.735,Hormone
Ethanol,C2H27N0O7,101.1,12.42,342.488,Lipid
Adrenaline,C2H33N3O10,543.24,8.33,678.664,Hormone
Adrenaline,C11H10N0O10,312.21,12.7,315.619,Carbohydrate
Ethanol,C7H22N2O5,906.67,11.31,193.723,Alkaloid
Serotonin,C5H34N1O5,632.27,N/A,157.119,Carbohydrate
Glucose,C12H40N4O7,307.32,5.85,874.078,Alkaloid
Urea,C4H29N1O9,418.94,6.63,514.07,Alcohol
Cholesterol,C11H33N5O1,461.54,4.4,977.034,Alcohol
Aspirin,C11H33N1O4,299.12,5.57,206.865,Lipid
Caffeine,C14H32N4O9,403.14,7.07,823.444,Nucleotide
Adrenaline,C19H18N0O6,380.98,6.2,886.169,Hormone
Caffeine,C3H5N1O8,392.15,2.12,117.099,Lipid
Cholesterol,C11H17N5O10,942.6,10.83,373.891,Alkaloid
Serotonin,C6H13N3O0,396.17,6.86,642.987,Organic Compound
