compound,formula,mw,pka,solubility_mg_ml,class
Caffeine,C13H30N5O7,106.95,N/A,684.527,Organic Compound
Cholesterol,C17H12N2O6,285.99,5.41,950.48,Lipid
Glucose,C3H3N0O8,135.81,2.11,706.71,Organic Compound
Urea,C13H18N0O4,457.83,10.04,131.112,Carbohydrate
Dopamine,C12H36N3O1,116.52,2.72,777.748,Alkaloid
Ethanol,C4H16N3O0,766.95,11.3,95.037,Neurotransmitter
Glucose,C7H6N4O7,892.19,5.23,748.801,Nucleotide
Cholesterol,C1H18N3O10,775.9,5.57,987.104,Nucleotide
Caffeine,C9H38N4O7,422.79,13.65,159.236,Hormone
Aspirin,C14H22N4O7,417.49,N/A,386.892,Amide
Adrenaline,C13H14N0O7,879.22,5.62,955.077,Lipid
Cholesterol,C11H39N4O6,976.74,11.25,569.173,Amide
Aspirin,C9H19N0O2,80.74,8.63,71.102,Organic Compound
Adenosine triphosphate,C2H10N5O10,823.96,11.87,475.951,Hormone
Aspirin,C1H28N4O8,930.41,8.57,925.985,Carbohydrate
Dopamine,C5H25N3O5,707.05,7.41,501.227,Lipid
Adenosine triphosphate,C14H20N2O5,227.84,6.85,336.199,Hormone
Caffeine,C18H6N3O2,912.53,6.04,13.163,Organic Compound
Urea,C8H36N4O10,772.74,7.45,666.133,Hormone
Urea,C15H25N3O0,779.38,4.43,923.357,Amide
Urea,C3H8N4O5,595.28,5.76,710.73,Nucleotide
Urea,C9H17N0O0,643.77,13.36,205.888,Alkaloid
Ethanol,C18H22N4O10,287.51,13.44,301.65,Amide
Ethanol,C20H18N4O8,683.87,1.38,172.973,Alcohol
Adenosine triphosphate,C20H36N4O6,837.93,5.62,700.056,Carbohydrate
Adrenaline,C13H36N3O4,401.81,N/A,164.196,Alkaloid
Urea,C3H29N1O0,365.97,4.89,780.887,Nucleotide
Urea,C4H21N0O9,823.95,2.83,841.549,Alkaloid
Aspirin,C8H28N1O5,910.8,11.19,157.435,Nucleotide
Urea,C8H38N5O6,428.48,4.46,82.258,Amide
Caffeine,C4H21N2O9,387.93,3.11,608.843,Alcohol
Urea,C20H18N1O6,707.24,11.53,439.665,Carbohydrate
Glucose,C12H30N3O9,555.55,4.98,790.661,Alkaloid
Caffeine,C13H22N2O10,262.95,13.21,17.609,Lipid
Dopamine,C15H4N1O10,216.12,4.12,474.88,Amide
Serotonin,C20H39N5O3,814.6,N/A,110.725,Carbohydrate
Aspirin,C5H37N5O4,267.63,12.75,126.271,Nucleotide
Serotonin,C15H31N4O0,494.17,5.12,293.091,Amide
Dopamine,C12H34N1O10,857.7,12.27,213.666,Organic Compound
Aspirin,C11H20N5O3,299.87,2.18,747.667,Organic Compound
Aspirin,C2H24N1O2,63.69,9.27,245.031,Lipid
Urea,C6H26N1O4,934.39,9.61,750.156,Alkaloid
Adrenaline,C12H31N2O8,83.61,6.46,876.621,Organic Compound
Ethanol,C15H38N1O10,138.4,2.5,158.909,Carbohydrate
Adrenaline,C16H10N1O4,261.48,11.36,411.158,Alkaloid
Cholesterol,C13H34N5O5,707.44,7.58,820.38,Alcohol
Urea,C5H12N0O1,898.56,11.09,405.614,Amide
Cholesterol,C8H10N3O8,320.2,2.65,164.064,Alkaloid
Caffeine,C2H11N0O6,423.8,N/A,898.384,Lipid
Adrenaline,C11H39N1O3,544.36,1.25,81.109,Alkaloid
Dopamine,C19H20N2O2,780.61,N/A,28.12,Hormone
Dopamine,C17H39N5O6,220.06,7.62,924.743,Lipid
Dopamine,C9H18N4O0,408.53,N/A,292.071,Neurotransmitter
Ethanol,C16H2N1O2,67.04,N/A,269.674,Alcohol
Glucose,C12H11N1O5,686.27,12.52,764.504,Carbohydrate
Caffeine,C3H11N0O0,754.23,2.86,49.532,Carbohydrate
Urea,C10H39N3O1,524.92,3.54,164.478,Organic Compound
Adenosine triphosphate,C3H6N3O0,488.71,2.54,873.274,Nucleotide
Cholesterol,C18H10N4O5,312.46,2.98,258.394,Neurotransmitter
Aspirin,C2H38N3O5,617.86,6.81,738.476,Lipid
Adenosine triphosphate,C9H14N2O6,779.6,N/A,913.784,Neurotransmitter
Serotonin,C9H13N5O4,554.7,1.03,553.154,Neurotransmitter
Aspirin,C1H20N2O5,887.55,4.78,247.986,Neurotransmitter
Glucose,C18H23N3O8,586.22,N/A,891.255,Organic Compound
Serotonin,C9H22N4O1,470.83,N/A,855.266,Hormone
Dopamine,C17H7N4O9,894.38,13.99,926.418,Organic Compound
Adrenaline,C17H12N5O3,192.73,2.71,507.164,Amide
Caffeine,C7H3N3O9,954.77,2.83,73.211,Alcohol
Adenosine triphosphate,C1H27N1O4,949.65,3.86,963.413,Carbohydrate
Dopamine,C2H30N2O5,635.82,1.77,626.867,Alcohol
Cholesterol,C5H15N0O8,330.64,5.59,34.582,Lipid
Caffeine,C2H15N5O4,414.46,4.93,204.283,Nucleotide
Adenosine triphosphate,C1H20N0O3,105.03,4.21,233.518,Amide
Aspirin,C15H40N2O9,720.35,8.61,21.772,Alcohol
Caffeine,C8H14N4O9,368.23,N/A,63.835,Organic Compound
Caffeine,C9H27N0O3,868.55,6.62,41.05,Nucleotide
Cholesterol,C12H12N0O8,98.66,N/A,768.3,Hormone
Cholesterol,C6H29N1O3,129.99,9.55,743.439,Carbohydrate
Adenosine triphosphate,C8H17N2O8,114.83,N/A,718.878,Hormone
Aspirin,C2H21N1O2,701.12,4.63,179.234,Alcohol
Adrenaline,C2H20N5O7,204.13,8.01,930.038,Neurotransmitter
Adrenaline,C2H30N0O6,237.62,9.91,750.218,Neurotransmitter
Ethanol,C20H14N4O10,463.15,4.85,842.926,Neurotransmitter
Adenosine triphosphate,C1H34N2O1,576.75,N/A,633.975,Alcohol
Caffeine,C16H34N2O1,219.58,3.67,587.439,Organic Compound
Serotonin,C13H24N0O9,283.44,N/A,347.298,Carbohydrate
Cholesterol,C1H27N4O10,344.62,N/A,964.822,Nucleotide
Urea,C8H5N4O4,272.22,11.16,824.354,Neurotransmitter
Adenosine triphosphate,C20H4N5O5,114.28,11.68,360.477,Lipid
Adrenaline,C2H34N1O0,149.02,8.38,412.935,Alkaloid
Serotonin,C9H35N1O4,317.28,5.78,556.649,Neurotransmitter
Glucose,C16H20N5O1,187.76,N/A,824.306,Lipid
Urea,C6H12N2O2,377.73,3.33,343.71,Carbohydrate
Glucose,C11H22N2O4,671.0,2.1,279.848,Carbohydrate
Aspirin,C14H31N3O1,154.33,6.84,793.869,Neurotransmitter
Caffeine,C8H31N0O3,525.28,N/A,6.268,Organic Compound
Dopamine,C16H15N3O9,863.56,10.17,338.02,Amide
Urea,C17H13N4O3,305.08,N/A,229.667,Alcohol
Aspirin,C1H36N5O7,473.05,7.56,808.202,Nucleotide
Dopamine,C12H34N4O10,169.37,12.84,10.177,Lipid
Glucose,C1H7N0O8,590.57,6.97,222.61,Alcohol
Cholesterol,C18H5N1O8,432.88,4.23,614.137,Alcohol
Serotonin,C9H10N2O9,527.43,3.29,728.984,Lipid
Ethanol,C3H40N0O4,986.09,N/A,113.674,Organic Compound
Ethanol,C5H17N4O1,834.22,1.18,323.887,Nucleotide
Cholesterol,C12H5N0O9,749.8,N/A,431.736,Carbohydrate
Cholesterol,C8H23N2O0,273.9,8.09,416.345,Carbohydrate
Serotonin,C5H1N4O5,824.07,3.57,791.683,Neurotransmitter
Caffeine,C11H19N2O9,451.1,N/A,480.186,Hormone
Adenosine triphosphate,C12H17N5O9,553.72,4.49,446.883,Alkaloid
Urea,C16H27N1O1,700.5,N/A,870.228,Alcohol
Cholesterol,C14H30N5O10,982.65,N/A,229.12,Hormone
Glucose,C3H35N0O4,480.46,9.21,878.863,Lipid
Adenosine triphosphate,C10H33N2O8,961.94,1.51,192.612,Lipid
Aspirin,C4H5N3O2,416.27,4.19,682.291,Alkaloid
Urea,C10H21N5O9,992.09,1.47,673.044,Alkaloid
Ethanol,C18H38N5O9,801.14,1.14,453.09,Hormone
Dopamine,C2H11N1O5,265.07,12.33,469.119,Nucleotide
Glucose,C18H36N0O0,304.23,N/A,363.915,Nucleotide
Cholesterol,C20H14N5O1,824.75,N/A,326.266,Organic Compound
Adrenaline,C13H33N0O1,489.36,8.74,678.212,Carbohydrate
Adrenaline,C10H7N0O3,249.81,N/A,843.884,Organic Compound
Ethanol,C7H18N3O5,929.66,5.52,507.572,Alcohol
Urea,C5H15N4O8,406.8,N/A,519.925,Lipid
Adrenaline,C12H4N2O3,266.86,11.29,591.258,Organic Compound
Ethanol,C13H30N1O10,724.97,9.5,752.978,Hormone
Dopamine,C17H1N1O2,332.08,7.94,512.287,Alkaloid
Serotonin,C2H14N4O1,417.69,6.63,383.606,Amide
Ethanol,C13H12N4O8,662.89,7.36,303.775,Organic Compound
Caffeine,C6H29N1O10,517.29,5.29,452.566,Hormone
Cholesterol,C3H6N2O8,446.19,1.85,847.669,Nucleotide
Adenosine triphosphate,C12H5N4O9,662.54,3.44,506.458,Hormone
Adrenaline,C4H19N5O6,106.83,9.07,837.792,Alcohol
Glucose,C5H28N3O5,952.76,10.39,661.782,Lipid
Aspirin,C14H26N3O9,866.81,9.49,803.526,Nucleotide
Caffeine,C9H35N5O0,923.28,9.66,915.273,Carbohydrate
Adrenaline,C14H35N0O0,794.73,3.39,179.192,Neurotransmitter
Aspirin,C7H29N3O3,585.88,11.85,170.212,Amide
Aspirin,C5H33N5O9,716.97,4.74,428.896,Nucleotide
Aspirin,C9H15N5O3,689.44,13.27,268.815,Carbohydrate
Adrenaline,C16H39N5O9,608.09,12.49,578.515,Organic Compound
Adrenaline,C17H16N4O4,967.57,6.13,673.403,Hormone
Cholesterol,C7H17N5O0,736.27,5.72,165.944,Amide
Cholesterol,C18H17N5O0,677.81,13.12,30.316,Amide
Adenosine triphosphate,C16H13N0O8,341.8,10.34,667.95,Amide
Ethanol,C11H14N3O6,66.98,11.54,974.235,Nucleotide
Adenosine triphosphate,C17H4N0O6,689.69,9.76,77.992,Alkaloid
Cholesterol,C7H5N5O3,232.6,N/A,353.566,Hormone
Caffeine,C4H8N4O5,541.7,N/A,351.153,Alkaloid
Aspirin,C6H10N5O4,500.5,N/A,972.974,Nucleotide
Cholesterol,C10H4N2O7,454.4,2.84,870.811,Amide
Cholesterol,C10H13N3O6,503.43,N/A,94.681,Nucleotide
Caffeine,C2H8N5O3,587.11,4.96,162.023,Hormone
Ethanol,C8H15N2O10,517.28,N/A,214.775,Organic Compound
Aspirin,C8H6N5O10,437.08,8.88,303.849,Amide
Glucose,C7H34N1O4,881.22,10.83,224.569,Organic Compound
Serotonin,C2H35N4O2,936.06,11.56,675.253,Hormone
Dopamine,C7H33N3O2,626.36,13.86,540.532,Hormone
Adenosine triphosphate,C5H6N3O5,579.39,1.06,696.108,Neurotransmitter
Adrenaline,C18H5N4O5,387.39,12.09,375.292,Alcohol
Adrenaline,C8H31N1O9,955.35,12.44,912.727,Organic Compound
Caffeine,C11H28N4O3,986.79,10.97,880.126,Lipid
Adrenaline,C9H4N5O6,323.68,N/A,826.339,Neurotransmitter
Serotonin,C19H4N2O10,926.7,N/A,712.218,Alcohol
Adrenaline,C17H13N3O4,285.54,13.39,80.401,Alcohol
Aspirin,C6H12N5O10,216.62,6.24,540.303,Nucleotide
Dopamine,C2H7N5O5,426.79,N/A,94.711,Neurotransmitter
Serotonin,C3H4N2O10,886.6,N/A,846.295,Amide
Glucose,C16H37N0O4,480.38,3.89,159.7,Hormone
Aspirin,C5H8N3O5,193.24,N/A,75.818,Neurotransmitter
Dopamine,C5H19N3O8,648.28,13.06,622.849,Alcohol
Adenosine triphosphate,C10H32N0O3,143.2,13.4,487.447,Neurotransmitter
Ethanol,C1H39N3O8,714.94,9.56,323.323,Amide
Ethanol,C1H36N5O1,602.01,12.69,92.55,Alkaloid
Dopamine,C2H35N2O7,474.91,6.13,884.439,Nucleotide
Adrenaline,C17H5N5O3,653.76,3.57,179.311,Organic Compound
Urea,C9H35N5O1,963.49,N/A,303.022,Amide
Adrenaline,C8H19N1O2,174.88,4.25,597.8,Alcohol
Dopamine,C15H6N2O8,854.55,11.09,149.773,Lipid
Ethanol,C20H31N1O10,635.94,11.06,385.133,Nucleotide
Serotonin,C5H8N4O6,107.26,9.74,528.319,Nucleotide
Adenosine triphosphate,C19H10N3O3,376.52,4.22,367.823,Amide
Glucose,C13H38N1O9,811.46,6.53,909.799,Neurotransmitter
Dopamine,C16H37N2O9,362.89,N/A,600.853,Lipid
Adrenaline,C13H15N3O3,72.83,4.91,763.658,Lipid
Adrenaline,C19H13N3O1,832.45,N/A,445.591,Neurotransmitter
Dopamine,C2H35N3O1,76.82,5.91,106.216,Nucleotide
Urea,C5H34N1O6,391.1,9.76,268.116,Neurotransmitter
Urea,C1H35N0O10,497.38,7.35,92.787,Hormone
Cholesterol,C12H35N5O10,407.89,12.89,971.908,Alcohol
Aspirin,C4H12N2O8,996.49,N/A,670.911,Hormone
Glucose,C1H34N0O7,604.62,10.61,534.813,Nucleotide
Adenosine triphosphate,C5H1N0O1,433.13,1.4,245.586,Lipid
Urea,C17H10N4O4,638.02,6.46,493.497,Nucleotide
Caffeine,C10H8N2O3,890.44,4.0,836.435,Hormone
Ethanol,C17H35N2O9,79.12,4.92,463.868,Amide
Adrenaline,C15H14N0O6,201.82,3.35,58.128,Amide
Caffeine,C17H17N0O1,165.0,N/A,921.177,Nucleotide
Caffeine,C20H8N3O7,707.93,6.41,852.671,Alkaloid
Cholesterol,C9H38N3O10,603.72,8.11,125.682,Hormone
Dopamine,C16H9N3O2,755.9,11.26,296.068,Lipid
Caffeine,C4H27N3O6,931.61,1.32,25.319,Hormone
Dopamine,C13H27N2O10,741.81,10.95,314.962,Amide
Dopamine,C9H39N4O8,919.39,13.81,574.17,Carbohydrate
Ethanol,C16H38N4O10,398.76,9.82,5.689,Alkaloid
Adrenaline,C14H27N5O10,583.75,12.36,310.495,Amide
Aspirin,C16H35N4O5,93.58,N/A,500.644,Carbohydrate
Adrenaline,C2H37N3O6,582.74,N/A,647.489,Carbohydrate
Aspirin,C5H14N0O4,660.52,10.25,26.226,Carbohydrate
Cholesterol,C11H30N5O10,237.0,2.67,945.297,Neurotransmitter
Cholesterol,C1H27N5O1,665.5,9.27,884.645,Alkaloid
Serotonin,C16H21N1O6,666.78,2.57,361.522,Nucleotide
Adrenaline,C1H11N1O6,536.6,13.47,82.699,Lipid
Aspirin,C8H32N0O10,914.06,6.64,504.794,Neurotransmitter
Ethanol,C5H27N3O1,202.79,1.74,33.498,Neurotransmitter
Ethanol,C18H16N4O8,158.73,4.28,591.785,Lipid
Caffeine,C11H12N5O8,641.84,4.5,399.566,Alcohol
Serotonin,C14H32N1O0,692.79,8.18,5.588,Lipid
Glucose,C16H36N4O8,235.93,13.77,481.2,Neurotransmitter
Dopamine,C7H33N3O3,745.69,9.46,60.629,Alcohol
Aspirin,C19H28N4O6,91.13,4.46,64.534,Alcohol
Dopamine,C1H13N2O5,647.45,5.91,41.257,Carbohydrate
Glucose,C15H33N4O10,745.3,12.73,441.282,Lipid
Aspirin,C13H35N4O0,312.0,9.68,596.755,Lipid
Aspirin,C9H23N3O2,614.58,9.76,714.615,Amide
Aspirin,C19H19N2O10,996.16,12.86,232.635,Neurotransmitter
Adenosine triphosphate,C3H8N4O2,344.23,N/A,108.377,Amide
Adrenaline,C2H39N4O10,668.47,3.7,170.872,Nucleotide
Caffeine,C7H22N1O7,872.44,10.44,232.349,Amide
Aspirin,C12H31N5O8,931.08,5.67,219.999,Lipid
Cholesterol,C11H13N1O8,270.66,3.73,83.233,Hormone
Cholesterol,C11H24N2O0,97.69,6.1,779.564,Hormone
Cholesterol,C15H7N5O9,825.17,N/A,531.946,Alkaloid
Urea,C1H33N3O3,473.55,10.76,249.248,Amide
Aspirin,C14H23N1O0,754.53,13.69,968.949,Hormone
Adenosine triphosphate,C2H19N0O7,727.46,13.24,77.746,Lipid
Urea,C6H35N1O1,943.13,3.07,113.004,Alkaloid
Serotonin,C15H6N5O10,782.11,13.21,596.622,Lipid
Glucose,C16H36N2O7,684.49,12.54,974.631,Alkaloid
Adrenaline,C16H35N3O9,498.04,5.04,805.33,Organic Compound
Urea,C18H8N1O2,946.66,7.4,248.562,Alcohol
Dopamine,C11H24N2O2,708.98,8.89,949.312,Nucleotide
Ethanol,C18H35N0O4,793.63,N/A,638.207,Lipid
Urea,C11H30N5O7,315.49,8.32,585.022,Amide
Caffeine,C14H13N5O5,639.37,2.5,456.782,Organic Compound
Aspirin,C8H30N0O3,795.63,8.5,207.769,Hormone
Aspirin,C7H24N4O4,503.12,N/A,697.98,Organic Compound
Serotonin,C20H13N0O9,466.44,6.45,78.277,Amide
Adenosine triphosphate,C12H5N4O10,50.69,N/A,527.198,Lipid
Aspirin,C12H9N1O10,577.01,N/A,78.854,Neurotransmitter
Adrenaline,C16H1N1O6,429.18,9.41,289.058,Nucleotide
Urea,C18H36N2O1,540.15,8.79,226.295,Nucleotide
Dopamine,C15H1N2O3,371.35,12.68,718.35,Carbohydrate
Adrenaline,C20H17N4O4,855.48,N/A,230.366,Amide
Adrenaline,C2H22N4O9,786.58,8.87,124.883,Hormone
Glucose,C13H21N0O1,298.95,2.88,334.402,Neurotransmitter
Adrenaline,C11H22N3O2,557.34,N/A,683.569,Hormone
Adrenaline,C4H15N2O7,970.58,13.15,247.703,Lipid
Caffeine,C4H15N2O6,752.6,7.96,893.434,Neurotransmitter
Caffeine,C20H9N1O6,449.16,2.7,471.765,Carbohydrate
Glucose,C4H8N5O5,890.37,N/A,61.688,Hormone
Caffeine,C14H24N3O1,130.96,11.4,511.396,Amide
Serotonin,C11H32N4O5,873.03,13.1,209.83,Carbohydrate
Cholesterol,C6H40N5O4,676.13,9.73,768.205,Nucleotide
Glucose,C9H17N3O1,187.44,5.06,783.46,Hormone
Urea,C9H30N0O9,773.26,11.42,53.138,Neurotransmitter
Caffeine,C3H28N5O5,401.85,N/A,795.164,Amide
Glucose,C16H29N5O5,617.6,12.57,365.643,Alkaloid
Ethanol,C6H24N2O3,62.71,5.56,414.181,Carbohydrate
Dopamine,C8H37N5O8,429.83,6.48,271.471,Alcohol
Serotonin,C15H39N0O3,604.98,3.72,999.393,Lipid
Urea,C5H2N5O8,469.26,8.08,71.707,Organic Compound
Aspirin,C13H23N4O8,941.54,4.77,995.343,Nucleotide
Caffeine,C20H16N2O7,79.36,N/A,734.017,Organic Compound
Adenosine triphosphate,C3H19N3O2,341.75,N/A,531.301,Lipid
Cholesterol,C10H1N5O0,344.23,N/A,861.33,Alcohol
Adrenaline,C4H27N1O10,292.23,9.43,427.677,Alkaloid
Dopamine,C2H12N4O2,819.04,1.52,671.426,Alkaloid
Serotonin,C10H7N2O1,378.66,10.08,667.668,Organic Compound
Glucose,C9H40N2O6,953.81,N/A,900.876,Nucleotide
Adrenaline,C9H6N0O8,919.29,N/A,489.9,Amide
Cholesterol,C1H16N2O3,987.57,3.47,676.431,Carbohydrate
Adrenaline,C12H32N4O10,178.44,9.81,559.313,Carbohydrate
Adenosine triphosphate,C5H21N5O9,457.29,2.68,410.067,Alcohol
Adrenaline,C7H13N5O10,614.75,N/A,887.58,Organic Compound
Glucose,C1H31N5O3,157.39,9.76,69.837,Alkaloid
Dopamine,C15H9N0O0,931.18,11.21,55.07,Lipid
Serotonin,C9H11N5O9,934.82,1.5,893.507,Organic Compound
Serotonin,C3H18N1O2,822.36,3.63,415.382,Carbohydrate
Ethanol,C1H35N4O10,417.56,N/A,714.032,Alkaloid
Caffeine,C9H24N1O8,904.52,12.11,430.352,Organic Compound
Adenosine triphosphate,C14H36N1O9,731.25,N/A,966.342,Hormone
Serotonin,C4H17N0O8,409.73,N/A,812.142,Organic Compound
Adrenaline,C3H17N1O6,418.56,9.89,989.571,Alcohol
Dopamine,C20H8N0O2,346.66,10.05,159.183,Alkaloid
Adenosine triphosphate,C6H25N5O1,581.67,10.03,937.073,Alcohol
Dopamine,C17H12N3O4,217.46,8.64,920.124,Neurotransmitter
Aspirin,C4H17N4O3,917.39,13.48,767.554,Nucleotide
Adrenaline,C4H5N4O1,677.38,2.96,969.115,Amide
Adrenaline,C1H35N1O8,933.33,12.2,85.704,Hormone
Adenosine triphosphate,C6H18N5O8,934.71,1.26,128.402,Alkaloid
Dopamine,C3H18N2O5,250.41,N/A,365.159,Nucleotide
Glucose,C2H28N4O6,269.18,2.23,10.742,Alcohol
Adenosine triphosphate,C1H32N5O0,69.31,11.95,377.122,Alkaloid
Serotonin,C5H38N3O6,690.3,10.54,83.843,Alcohol
Adenosine triphosphate,C14H15N0O6,217.05,10.91,143.097,Amide
Adrenaline,C9H6N1O7,743.73,12.99,218.477,Organic Compound
Glucose,C9H1N3O1,547.85,3.42,887.277,Nucleotide
Ethanol,C15H16N3O9,445.91,6.81,288.961,Neurotransmitter
Adenosine triphosphate,C10H23N2O2,788.07,3.88,641.721,Nucleotide
Cholesterol,C20H9N5O8,709.07,6.76,883.196,Alcohol
Serotonin,C19H29N2O8,390.37,3.4,13.685,Alkaloid
Glucose,C14H37N5O2,442.5,2.31,67.087,Alkaloid
Adenosine triphosphate,C8H21N1O9,901.78,4.23,280.511,Carbohydrate
Glucose,C9H1N0O5,396.53,8.02,216.463,Alcohol
Dopamine,C11H35N1O1,717.01,9.42,706.613,Neurotransmitter
Urea,C16H36N1O8,555.89,N/A,685.727,Amide
Urea,C14H32N1O10,465.05,11.03,305.04,Organic Compound
Aspirin,C17H3N4O7,746.38,4.09,777.745,Lipid
Glucose,C4H20N5O9,370.99,6.47,260.027,Nucleotide
Ethanol,C2H17N2O3,248.39,N/A,518.517,Alkaloid
Serotonin,C19H14N1O5,204.26,6.14,330.799,Hormone
Aspirin,C8H2N2O0,119.35,4.64,0.741,Neurotransmitter
Serotonin,C19H37N1O2,675.49,9.52,19.626,Alcohol
Ethanol,C3H6N3O7,599.25,5.92,566.221,Nucleotide
Urea,C9H14N4O9,902.29,8.53,550.44,Alcohol
Aspirin,C11H7N0O5,428.73,5.73,726.603,Neurotransmitter
Cholesterol,C16H29N4O1,514.44,7.92,559.979,Neurotransmitter
Ethanol,C4H32N5O5,482.05,8.61,816.925,Organic Compound
Ethanol,C8H11N0O1,791.18,8.9,142.07,Amide
Adenosine triphosphate,C11H24N0O7,941.79,9.52,450.291,Alkaloid
Caffeine,C9H14N3O4,786.23,4.8,557.976,Alkaloid
Ethanol,C13H37N0O5,893.2,5.6,184.882,Alcohol
Glucose,C10H25N0O6,959.67,3.18,911.74,Amide
Aspirin,C5H39N5O4,748.74,5.01,164.46,Lipid
Dopamine,C12H32N0O5,442.0,N/A,671.073,Neurotransmitter
Serotonin,C1H34N3O5,260.07,8.74,494.007,Alcohol
Adrenaline,C16H39N3O9,210.71,N/A,151.804,Alkaloid
Adenosine triphosphate,C16H31N5O9,801.84,4.15,583.577,Nucleotide
Urea,C7H25N3O3,718.39,N/A,315.293,Organic Compound
Caffeine,C18H26N3O9,404.13,10.34,675.62,Neurotransmitter
Glucose,C4H20N1O9,114.25,12.03,670.164,Alcohol
Caffeine,C20H2N3O8,837.59,4.57,195.547,Carbohydrate
Urea,C12H9N1O9,434.54,4.78,469.54,Alkaloid
Serotonin,C12H23N3O10,522.1,N/A,603.589,Lipid
Aspirin,C4H12N5O10,223.72,6.71,177.659,Neurotransmitter
Urea,C10H3N1O2,205.46,5.84,807.762,Alkaloid
Adenosine triphosphate,C16H26N1O8,75.69,13.58,804.295,Alkaloid
Urea,C11H14N1O4,462.49,9.14,745.049,Lipid
Cholesterol,C5H23N1O5,547.17,10.19,19.585,Hormone
Dopamine,C14H7N1O10,408.91,10.31,998.319,Nucleotide
Urea,C2H36N2O6,726.92,N/A,291.479,Lipid
Aspirin,C15H25N1O6,793.59,9.3,176.544,Amide
Adrenaline,C4H31N4O4,889.22,N/A,427.916,Nucleotide
Caffeine,C11H10N3O7,786.83,1.87,569.635,Alcohol
Urea,C15H5N2O3,73.53,4.52,856.1,Organic Compound
Cholesterol,C15H32N2O7,877.85,8.24,678.366,Organic Compound
Adrenaline,C12H39N3O10,389.27,9.9,416.314,Amide
Serotonin,C10H27N0O9,820.67,7.53,24.174,Neurotransmitter
Caffeine,C9H4N2O0,111.34,4.44,104.078,Organic Compound
Ethanol,C1H17N2O10,191.0,10.75,752.426,Lipid
Adenosine triphosphate,C5H29N0O7,211.62,3.61,493.617,Neurotransmitter
Ethanol,C12H15N5O10,943.7,N/A,36.929,Amide
Ethanol,C18H12N1O1,497.21,3.63,655.443,Lipid
Cholesterol,C16H40N0O6,655.82,8.65,180.364,Nucleotide
Urea,C15H8N0O3,122.07,5.54,564.454,Amide
Glucose,C19H6N3O4,296.69,13.23,959.387,Alkaloid
Adenosine triphosphate,C8H40N3O7,449.84,5.49,906.586,Hormone
Adenosine triphosphate,C7H26N3O10,451.48,8.09,103.502,Amide
Serotonin,C10H4N1O7,360.54,9.62,707.338,Amide
Urea,C14H21N0O10,208.32,12.13,919.552,Neurotransmitter
Cholesterol,C13H22N1O4,837.55,N/A,697.145,Amide
Caffeine,C6H19N3O10,901.53,6.34,456.743,Alkaloid
Dopamine,C3H34N3O3,968.16,4.35,444.746,Organic Compound
Ethanol,C19H30N5O8,860.43,12.23,102.325,Nucleotide
Serotonin,C11H18N1O4,651.66,9.74,696.691,Lipid
Adenosine triphosphate,C2H35N3O2,303.17,2.93,523.005,Lipid
Ethanol,C10H29N5O6,292.43,6.46,947.925,Organic Compound
Ethanol,C14H34N0O6,646.29,N/A,389.148,Organic Compound
Cholesterol,C20H33N2O8,614.39,8.64,670.616,Hormone
Urea,C3H29N1O8,610.11,8.13,299.281,Alkaloid
Adrenaline,C7H11N0O9,872.98,11.1,71.725,Alcohol
Urea,C19H31N5O2,652.89,N/A,949.509,Lipid
Caffeine,C10H25N0O7,744.82,1.25,82.45,Organic Compound
Adenosine triphosphate,C15H8N1O9,599.3,1.8,596.611,Hormone
Cholesterol,C18H21N4O2,735.54,12.01,529.22,Alkaloid
Glucose,C3H5N5O10,432.73,4.29,827.073,Nucleotide
Serotonin,C15H35N2O6,278.9,N/A,616.6,Nucleotide
Adenosine triphosphate,C15H27N4O5,495.29,6.03,916.777,Amide
Adenosine triphosphate,C8H29N0O10,494.66,10.77,39.347,Alcohol
Adrenaline,C19H5N5O9,922.15,N/A,476.642,Carbohydrate
Caffeine,C4H35N2O6,453.19,11.91,284.928,Neurotransmitter
Dopamine,C15H39N0O7,729.16,13.65,420.057,Carbohydrate
Adenosine triphosphate,C16H19N2O0,323.98,1.33,874.11,Nucleotide
Ethanol,C5H40N4O5,506.29,4.54,176.966,Hormone
Dopamine,C20H27N5O0,670.87,N/A,600.22,Hormone
Caffeine,C16H34N1O2,842.58,9.05,673.323,Lipid
Glucose,C7H19N5O1,661.43,N/A,40.527,Alcohol
Ethanol,C12H24N1O1,476.95,N/A,382.552,Amide
Cholesterol,C16H12N4O9,557.77,N/A,934.197,Alkaloid
Adrenaline,C7H6N1O1,633.56,3.43,945.307,Carbohydrate
Serotonin,C11H3N2O5,140.69,N/A,511.749,Carbohydrate
Urea,C14H28N4O7,658.35,2.7,574.03,Nucleotide
Adrenaline,C3H33N2O4,753.61,N/A,539.627,Alcohol
Urea,C9H7N4O2,558.55,10.55,519.007,Alcohol
Urea,C20H26N4O4,556.75,1.04,583.922,Lipid
Serotonin,C1H31N0O3,510.27,13.08,1.674,Lipid
Aspirin,C7H4N1O4,200.04,1.01,437.766,Carbohydrate
Adenosine triphosphate,C14H33N5O4,431.65,2.67,952.006,Neurotransmitter
Adenosine triphosphate,C11H4N1O7,658.46,N/A,468.696,Lipid
Glucose,C1H9N3O2,624.38,10.16,729.307,Nucleotide
Cholesterol,C7H4N0O10,264.02,N/A,744.989,Organic Compound
Adenosine triphosphate,C3H25N2O7,836.83,5.7,256.15,Neurotransmitter
Aspirin,C14H23N0O9,332.01,3.46,241.476,Alkaloid
Caffeine,C4H21N4O1,466.07,3.11,599.526,Organic Compound
Adenosine triphosphate,C16H8N3O1,723.1,6.23,965.343,Alcohol
Dopamine,C16H12N3O6,181.31,13.34,976.012,Carbohydrate
Ethanol,C11H18N5O2,717.16,N/A,770.806,Carbohydrate
Aspirin,C15H21N3O8,866.78,4.35,467.574,Alkaloid
Serotonin,C4H5N0O1,389.21,6.06,571.191,Alkaloid
Aspirin,C10H18N1O7,791.15,N/A,99.848,Nucleotide
Urea,C7H13N3O8,602.02,3.2,136.192,Hormone
Serotonin,C7H30N1O7,302.24,8.3,615.749,Carbohydrate
Adrenaline,C18H40N1O3,148.57,7.65,928.995,Neurotransmitter
Aspirin,C1H12N4O9,610.71,10.92,228.296,Amide
Adenosine triphosphate,C19H10N3O6,875.68,1.2,155.212,Organic Compound
Ethanol,C6H4N4O1,227.59,12.57,156.117,Alcohol
Serotonin,C3H27N2O2,397.43,10.74,844.429,Lipid
Aspirin,C20H20N5O3,708.14,5.95,102.23,Carbohydrate
Aspirin,C14H37N1O0,410.51,N/A,150.804,Carbohydrate
Glucose,C14H25N3O4,350.65,6.65,920.948,Alcohol
Adenosine triphosphate,C18H7N0O3,871.14,7.86,949.333,Carbohydrate
Adenosine triphosphate,C3H20N3O7,99.31,N/A,549.569,Amide
Serotonin,C20H13N4O5,891.63,5.75,48.298,Lipid
Urea,C8H3N2O4,675.6,9.91,216.308,Carbohydrate
Adrenaline,C20H15N0O8,646.89,7.6,447.013,Lipid
Serotonin,C5H24N0O4,553.47,N/A,453.769,Amide
Urea,C12H24N2O10,118.27,12.46,958.945,Carbohydrate
Glucose,C2H7N5O2,728.68,2.08,59.776,Neurotransmitter
Adrenaline,C2H39N1O1,289.07,4.43,288.937,Organic Compound
Serotonin,C17H5N5O5,390.38,N/A,916.925,Lipid
Serotonin,C13H26N0O4,951.52,13.02,787.21,Hormone
Glucose,C15H6N4O2,304.17,4.01,3.482,Hormone
Caffeine,C7H7N2O1,752.98,7.11,968.806,Hormone
Caffeine,C5H36N5O8,894.17,N/A,68.193,Hormone
Urea,C2H36N0O5,487.42,4.7,903.342,Amide
Urea,C4H10N3O2,509.29,4.12,331.191,Organic Compound
Adrenaline,C19H18N4O1,682.07,4.61,216.086,Neurotransmitter
Dopamine,C9H11N0O4,904.25,13.81,746.508,Nucleotide
Caffeine,C15H30N1O2,656.34,13.63,579.67,Lipid
Caffeine,C18H10N2O9,189.32,N/A,136.888,Alcohol
Caffeine,C11H40N0O8,436.0,5.33,114.388,Alkaloid
Ethanol,C14H19N1O9,166.77,N/A,69.891,Neurotransmitter
Ethanol,C18H37N2O2,640.93,2.25,864.436,Carbohydrate
Urea,C20H9N3O4,706.44,N/A,748.598,Alkaloid
Caffeine,C2H6N4O7,428.33,10.48,812.667,Neurotransmitter
Aspirin,C10H25N3O5,734.1,8.77,267.437,Neurotransmitter
Glucose,C19H31N3O5,381.36,N/A,539.341,Organic Compound
Adenosine triphosphate,C2H18N5O7,505.11,5.47,294.922,Nucleotide
Aspirin,C17H23N3O10,910.32,9.8,531.837,Nucleotide
Dopamine,C18H18N0O0,96.18,12.46,391.009,Lipid
Adenosine triphosphate,C20H27N3O0,676.96,12.67,372.615,Carbohydrate
Ethanol,C14H6N3O10,565.94,11.92,844.322,Hormone
Adrenaline,C1H38N4O9,192.48,7.68,572.845,Organic Compound
Serotonin,C1H1N5O5,191.28,N/A,616.887,Hormone
Ethanol,C9H29N1O6,807.86,N/A,724.211,Nucleotide
Serotonin,C7H2N2O2,327.3,N/A,560.852,Alcohol
Ethanol,C13H31N1O5,968.38,N/A,42.278,Alkaloid
Adrenaline,C3H23N0O7,310.3,10.2,409.805,Carbohydrate
Adenosine triphosphate,C1H22N3O5,659.4,9.43,564.102,Organic Compound
Caffeine,C13H30N0O1,200.04,11.58,248.299,Nucleotide
Cholesterol,C18H34N4O6,133.0,5.97,560.465,Lipid
Caffeine,C14H8N2O2,847.55,7.81,143.065,Neurotransmitter
Caffeine,C7H16N2O0,347.02,10.08,457.158,Alkaloid
Adenosine triphosphate,C6H37N3O1,932.04,8.25,393.647,Nucleotide
Aspirin,C17H13N0O10,191.23,10.37,970.299,Alkaloid
Dopamine,C1H18N0O6,330.65,13.35,673.095,Carbohydrate
Caffeine,C6H25N2O1,860.13,9.92,862.532,Amide
Glucose,C9H23N3O5,287.24,2.12,751.453,Alkaloid
Dopamine,C6H28N3O1,298.56,4.22,768.42,Neurotransmitter
Dopamine,C13H30N4O4,818.78,9.91,151.51,Organic Compound
Caffeine,C6H40N2O0,625.03,1.56,835.584,Alcohol
Adrenaline,C9H26N1O10,731.2,11.97,897.365,Alkaloid
Serotonin,C12H30N3O6,797.06,10.54,927.566,Carbohydrate
Dopamine,C1H2N4O7,75.82,N/A,54.323,Neurotransmitter
Caffeine,C18H18N5O0,974.83,5.79,533.838,Hormone
Ethanol,C7H32N4O5,267.06,12.46,998.667,Alkaloid
Dopamine,C19H29N5O10,109.56,3.82,943.217,Nucleotide
Serotonin,C9H27N3O0,881.58,N/A,42.958,Amide
Dopamine,C10H21N2O10,673.71,2.43,538.749,Alkaloid
Aspirin,C17H27N4O0,552.81,1.78,523.021,Carbohydrate
Dopamine,C14H24N5O2,170.78,8.74,725.71,Alcohol
Ethanol,C10H28N3O8,992.48,7.81,701.665,Alkaloid
Glucose,C11H5N0O3,656.82,7.4,833.613,Organic Compound
Adrenaline,C6H35N1O10,89.69,3.38,105.693,Amide
Urea,C6H23N5O4,52.86,N/A,840.463,Neurotransmitter
Serotonin,C20H3N1O7,867.15,10.8,979.739,Neurotransmitter
Ethanol,C9H14N3O3,482.58,8.25,654.428,Nucleotide
Adrenaline,C11H15N4O8,597.16,N/A,68.045,Organic Compound
Cholesterol,C4H32N1O2,150.79,12.04,617.314,Nucleotide
Urea,C16H34N5O8,716.25,N/A,598.065,Lipid
Urea,C17H5N5O3,709.28,N/A,830.748,Hormone
Urea,C15H18N3O1,469.45,13.44,949.407,Neurotransmitter
Dopamine,C7H24N4O7,575.79,3.69,245.716,Alcohol
Cholesterol,C1H29N5O9,210.78,5.66,693.209,Hormone
Urea,C14H5N1O7,107.75,10.82,167.59,Alcohol
Caffeine,C17H34N3O7,247.33,5.67,668.937,Alkaloid
Dopamine,C11H34N5O2,768.82,12.78,88.016,Carbohydrate
Caffeine,C1H36N3O7,491.5,N/A,620.203,Alkaloid
Ethanol,C11H4N2O6,659.15,7.39,248.418,Alkaloid
Caffeine,C6H26N5O8,813.75,1.96,79.066,Alkaloid
Urea,C11H8N3O1,252.65,12.44,602.991,Alkaloid
Cholesterol,C16H33N0O6,907.48,7.87,857.442,Organic Compound
Cholesterol,C20H14N0O10,423.14,10.74,23.15,Organic Compound
Aspirin,C18H20N1O0,215.12,N/A,299.842,Amide
Serotonin,C11H25N5O3,743.25,10.67,795.492,Organic Compound
Glucose,C16H13N2O7,788.73,1.72,693.045,Neurotransmitter
Dopamine,C8H9N4O9,739.6,7.43,97.93,Alkaloid
Urea,C14H23N2O0,201.22,2.75,797.989,Carbohydrate
Glucose,C5H11N0O6,996.53,13.17,143.367,Hormone
Adrenaline,C3H24N5O1,688.25,7.37,461.432,Nucleotide
Adrenaline,C10H27N5O9,147.83,1.71,954.618,Alkaloid
Glucose,C2H1N4O4,685.07,4.1,253.718,Neurotransmitter
Adenosine triphosphate,C16H19N2O10,199.81,2.04,476.742,Lipid
Cholesterol,C4H27N2O3,352.98,2.42,744.037,Hormone
Adrenaline,C10H18N2O10,453.09,4.62,224.468,Alkaloid
Glucose,C15H26N1O3,361.74,10.89,221.774,Hormone
Dopamine,C15H31N5O10,639.41,N/A,755.191,Amide
Dopamine,C7H28N5O8,871.9,9.81,721.951,Carbohydrate
Dopamine,C19H17N5O10,617.82,12.98,567.566,Carbohydrate
Cholesterol,C6H32N4O4,888.51,11.96,809.361,Alcohol
Caffeine,C13H2N5O1,915.41,N/A,42.249,Lipid
Serotonin,C12H37N3O1,93.26,N/A,656.38,Amide
Ethanol,C16H24N3O9,572.18,12.12,393.542,Carbohydrate
Adenosine triphosphate,C16H7N5O0,524.76,N/A,437.057,Carbohydrate
Cholesterol,C12H5N0O9,861.4,9.55,640.265,Nucleotide
Adrenaline,C4H15N5O8,453.77,9.24,605.668,Alcohol
Cholesterol,C17H26N3O2,897.36,9.42,473.81,Alcohol
Dopamine,C14H25N4O9,190.3,N/A,689.388,Nucleotide
Adenosine triphosphate,C15H21N5O0,119.62,2.09,42.809,Nucleotide
Urea,C3H26N1O7,586.46,N/A,164.261,Alkaloid
Dopamine,C11H6N5O8,697.6,5.29,333.618,Alkaloid
Caffeine,C12H39N5O8,336.14,2.35,857.968,Alkaloid
Urea,C16H5N3O5,59.48,N/A,561.991,Organic Compound
Serotonin,C7H36N2O5,134.53,2.47,948.583,Lipid
Caffeine,C16H35N5O8,909.07,7.56,649.813,Amide
Adenosine triphosphate,C14H21N0O5,682.43,8.34,880.094,Amide
Dopamine,C20H11N2O1,651.67,N/A,664.772,Amide
Serotonin,C20H4N2O4,620.6,4.5,785.402,Carbohydrate
Cholesterol,C1H14N2O2,888.4,6.29,867.455,Organic Compound
Adenosine triphosphate,C20H30N1O3,530.07,12.48,705.788,Lipid
Ethanol,C1H10N2O7,863.96,4.7,864.149,Amide
Adrenaline,C18H35N4O10,846.93,3.14,669.017,Organic Compound
Aspirin,C14H11N4O8,990.41,5.82,691.913,Neurotransmitter
Ethanol,C6H31N2O7,345.86,4.97,266.215,Carbohydrate
Glucose,C2H3N3O4,332.56,8.87,393.825,Alkaloid
Serotonin,C19H11N3O3,636.36,7.82,107.343,Alkaloid
Adrenaline,C1H40N5O10,198.51,7.64,221.417,Alkaloid
Urea,C14H38N3O4,295.74,6.28,651.385,Alcohol
Caffeine,C2H15N1O7,388.58,10.56,86.939,Hormone
Adenosine triphosphate,C16H2N5O2,588.04,N/A,525.486,Neurotransmitter
Ethanol,C11H35N5O10,521.97,N/A,423.867,Nucleotide
Adenosine triphosphate,C13H37N0O2,842.03,4.0,285.878,Organic Compound
Adrenaline,C13H16N5O10,423.8,6.02,594.359,Hormone
Urea,C6H5N0O8,458.84,8.86,887.491,Nucleotide
Adrenaline,C15H27N0O10,133.18,3.23,515.075,Nucleotide
Urea,C18H37N1O1,528.45,10.86,312.683,Hormone
Adenosine triphosphate,C6H24N5O6,628.86,12.27,387.986,Nucleotide
Serotonin,C18H34N0O6,528.37,N/A,443.284,Alkaloid
Glucose,C10H3N0O5,794.49,2.93,172.684,Lipid
Urea,C3H5N1O7,56.53,3.13,305.372,Organic Compound
Adenosine triphosphate,C14H22N5O7,50.81,10.36,559.741,Hormone
Adenosine triphosphate,C8H27N5O3,65.2,1.59,843.772,Amide
Serotonin,C8H12N3O9,860.09,N/A,403.468,Alkaloid
Ethanol,C16H32N1O10,841.76,13.55,889.728,Hormone
Adenosine triphosphate,C7H6N1O3,147.26,7.06,49.035,Neurotransmitter
Dopamine,C15H18N3O10,598.51,7.62,178.781,Lipid
Serotonin,C12H11N1O8,297.69,10.73,563.099,Lipid
Serotonin,C10H31N5O2,518.67,8.55,615.607,Nucleotide
Dopamine,C20H2N5O0,407.38,8.35,46.926,Nucleotide
Urea,C8H40N2O9,299.22,6.49,276.486,Alcohol
Adenosine triphosphate,C13H25N0O5,750.79,2.96,280.654,Alkaloid
Caffeine,C12H36N3O2,750.29,1.91,626.708,Carbohydrate
Aspirin,C19H34N3O9,961.89,8.42,924.801,Carbohydrate
Urea,C9H33N2O2,785.12,N/A,267.701,Alkaloid
Ethanol,C9H37N2O10,844.89,10.27,887.591,Lipid
Ethanol,C1H2N4O5,788.59,N/A,480.813,Carbohydrate
Glucose,C4H11N2O1,472.08,N/A,110.028,Nucleotide
Caffeine,C11H9N5O7,206.41,13.62,546.485,Amide
Aspirin,C3H19N4O2,94.97,N/A,403.154,Hormone
Ethanol,C7H23N5O0,743.41,6.19,797.993,Alcohol
Aspirin,C6H1N0O5,645.53,5.74,992.04,Nucleotide
Ethanol,C13H37N2O6,340.6,3.06,731.526,Lipid
Caffeine,C17H8N3O8,594.67,1.35,581.254,Lipid
Dopamine,C9H10N1O7,468.59,10.15,717.952,Alcohol
Aspirin,C20H11N4O3,296.1,4.51,155.751,Carbohydrate
Dopamine,C1H40N3O0,644.16,5.97,798.73,Alkaloid
Aspirin,C14H25N1O7,321.31,12.91,232.04,Nucleotide
Serotonin,C2H34N0O4,164.16,10.36,301.222,Lipid
Dopamine,C10H26N0O2,559.28,12.71,713.134,Organic Compound
Urea,C3H18N4O6,722.16,3.8,191.506,Organic Compound
Dopamine,C7H22N2O7,99.61,13.26,747.52,Amide
Caffeine,C19H3N4O4,253.75,10.33,224.657,Nucleotide
Urea,C9H21N1O1,837.72,4.22,266.31,Alkaloid
Adrenaline,C12H22N2O4,86.06,N/A,732.23,Neurotransmitter
Adrenaline,C11H5N1O3,802.92,1.66,93.176,Hormone
Urea,C8H36N3O4,243.52,1.03,825.518,Alkaloid
Serotonin,C19H5N4O1,391.95,1.33,53.149,Hormone
Cholesterol,C11H4N2O10,841.44,10.29,227.632,Carbohydrate
Caffeine,C11H31N1O9,409.02,6.26,392.602,Alkaloid
Urea,C7H16N1O4,904.13,3.47,247.972,Nucleotide
Caffeine,C10H32N1O10,413.54,5.81,869.218,Alcohol
Adrenaline,C18H5N0O0,672.44,4.43,769.683,Lipid
Cholesterol,C13H21N3O9,815.26,N/A,904.344,Organic Compound
Cholesterol,C8H32N3O4,672.87,7.96,967.881,Carbohydrate
Glucose,C10H8N5O4,478.44,13.84,212.32,Hormone
Urea,C20H8N1O4,957.54,11.14,732.933,Nucleotide
Serotonin,C9H11N0O6,230.99,N/A,897.35,Lipid
Caffeine,C17H12N3O10,799.21,9.82,937.497,Nucleotide
Ethanol,C2H31N5O1,119.05,N/A,705.529,Nucleotide
Cholesterol,C12H30N0O2,381.9,4.88,198.947,Alkaloid
Adrenaline,C14H3N5O7,98.62,10.01,519.056,Nucleotide
Aspirin,C15H31N4O8,418.8,9.53,457.834,Lipid
Glucose,C17H4N1O6,670.8,12.97,835.87,Organic Compound
Adenosine triphosphate,C7H22N5O5,612.96,7.38,23.377,Nucleotide
Urea,C11H2N2O1,508.66,6.62,360.944,Amide
Urea,C14H23N3O3,115.95,10.46,656.643,Alcohol
Caffeine,C12H8N2O0,395.52,3.45,963.888,Alkaloid
Caffeine,C8H37N1O4,608.16,6.01,747.208,Nucleotide
Cholesterol,C2H18N0O4,192.0,9.23,220.213,Amide
Adenosine triphosphate,C6H32N2O5,622.63,3.63,582.473,Nucleotide
Adenosine triphosphate,C1H26N3O9,931.03,3.04,801.624,Hormone
Adrenaline,C5H39N2O0,788.23,4.89,45.232,Nucleotide
Urea,C5H30N3O2,904.19,12.75,891.708,Neurotransmitter
Dopamine,C6H5N2O2,888.35,1.35,361.347,Organic Compound
Ethanol,C10H29N1O0,283.81,5.13,151.588,Alkaloid
Serotonin,C9H28N1O0,779.81,1.52,441.831,Nucleotide
Aspirin,C3H13N3O9,689.97,6.94,337.071,Alkaloid
Adrenaline,C14H39N5O0,779.85,2.36,333.064,Organic Compound
Glucose,C14H14N0O2,438.45,N/A,377.347,Alkaloid
Aspirin,C11H20N5O4,879.64,9.99,137.411,Organic Compound
Adenosine triphosphate,C5H28N5O5,474.46,3.04,89.945,Alcohol
Urea,C1H40N1O4,461.85,8.85,412.236,Nucleotide
Adenosine triphosphate,C13H40N5O9,891.08,1.35,869.736,Hormone
Adrenaline,C10H30N5O0,75.75,11.02,224.959,Alkaloid
Dopamine,C2H25N0O6,437.94,N/A,79.348,Lipid
Dopamine,C12H36N1O4,881.17,N/A,323.005,Neurotransmitter
Adrenaline,C13H27N4O1,414.97,2.32,195.845,Carbohydrate
Dopamine,C15H12N2O10,586.69,8.33,392.442,Alkaloid
Urea,C2H15N2O5,951.2,N/A,843.549,Neurotransmitter
Aspirin,C16H32N1O9,929.27,5.24,554.34,Carbohydrate
Aspirin,C20H9N2O2,220.51,2.2,574.566,Lipid
Caffeine,C10H32N1O4,58.21,4.42,865.699,Nucleotide
Aspirin,C13H2N5O3,323.53,5.47,630.976,Nucleotide
Ethanol,C7H31N5O1,635.15,N/A,739.386,Organic Compound
Adenosine triphosphate,C7H20N2O6,102.59,12.79,413.304,Nucleotide
Aspirin,C14H34N0O4,662.04,9.45,948.489,Carbohydrate
Adenosine triphosphate,C9H13N5O1,888.21,13.71,30.02,Alkaloid
Adenosine triphosphate,C3H14N3O8,838.33,12.92,0.451,Organic Compound
Serotonin,C6H24N2O9,498.88,N/A,236.501,Lipid
Adrenaline,C4H10N3O10,753.59,6.41,872.815,Amide
Ethanol,C5H34N5O7,873.15,12.61,748.608,Organic Compound
Cholesterol,C11H2N5O6,641.01,10.92,68.527,Lipid
Glucose,C9H11N1O2,87.45,5.68,361.809,Alcohol
Aspirin,C17H14N2O7,740.54,1.62,457.467,Alcohol
Adenosine triphosphate,C7H7N1O1,902.66,10.66,457.094,Alkaloid
Urea,C14H4N5O8,590.25,11.7,225.926,Alcohol
Ethanol,C1H3N3O9,57.38,6.61,217.189,Lipid
Adrenaline,C13H32N2O2,946.66,N/A,160.805,Nucleotide
Ethanol,C11H5N4O1,974.86,10.78,568.944,Lipid
Urea,C2H40N0O0,663.35,2.72,242.305,Neurotransmitter
Urea,C10H17N5O6,134.94,N/A,95.554,Lipid
Glucose,C15H4N3O10,507.2,5.38,577.689,Amide
Cholesterol,C1H35N1O7,886.99,7.07,824.639,Neurotransmitter
Urea,C2H32N3O1,572.34,7.86,148.474,Neurotransmitter
Adrenaline,C15H23N0O0,852.85,5.43,14.528,Alcohol
Serotonin,C11H33N3O3,202.97,1.26,18.206,Carbohydrate
Adrenaline,C5H26N5O7,886.24,8.57,740.051,Carbohydrate
Ethanol,C6H36N5O0,831.68,11.9,970.375,Lipid
Ethanol,C2H1N5O4,509.0,2.63,789.574,Amide
Dopamine,C16H16N1O10,60.04,N/A,872.207,Neurotransmitter
Adrenaline,C11H25N5O10,898.66,4.67,687.656,Carbohydrate
Adrenaline,C16H10N4O6,268.21,1.45,355.018,Carbohydrate
Caffeine,C8H9N2O6,223.51,N/A,785.347,Carbohydrate
Glucose,C16H30N2O3,616.16,N/A,817.094,Amide
Caffeine,C5H10N0O10,916.41,9.64,60.636,Hormone
Glucose,C17H10N4O7,859.89,3.59,333.253,Alkaloid
Urea,C11H32N1O6,245.12,N/A,89.971,Alcohol
Aspirin,C20H26N3O8,256.08,1.6,722.778,Alcohol
Adrenaline,C19H4N5O4,629.01,N/A,316.618,Amide
Aspirin,C17H8N3O5,969.6,4.21,807.24,Hormone
Adrenaline,C8H37N3O0,719.97,4.72,345.569,Organic Compound
Urea,C12H21N1O4,834.01,N/A,850.267,Alkaloid
Serotonin,C17H31N0O8,914.18,1.48,698.478,Carbohydrate
Adrenaline,C17H11N2O10,670.92,1.8,360.264,Nucleotide
Dopamine,C3H32N1O7,301.36,N/A,364.099,Alkaloid
Ethanol,C10H26N4O4,756.61,7.89,134.828,Lipid
Glucose,C14H3N2O5,911.4,N/A,15.677,Organic Compound
Dopamine,C8H10N3O9,385.41,N/A,589.926,Lipid
Glucose,C13H23N1O2,482.25,5.83,287.692,Neurotransmitter
Aspirin,C12H6N1O8,306.73,9.3,217.143,Alcohol
Urea,C14H22N1O2,276.52,6.38,806.25,Hormone
Adenosine triphosphate,C5H39N1O5,934.41,6.23,844.755,Neurotransmitter
Adenosine triphosphate,C20H11N2O2,583.65,6.76,537.949,Hormone
Dopamine,C19H25N4O1,855.95,11.91,499.31,Lipid
Glucose,C17H10N4O8,624.47,N/A,993.916,Alcohol
Adrenaline,C15H11N2O4,250.78,5.66,419.04,Amide
Cholesterol,C20H16N3O4,934.4,13.81,816.213,Hormone
Adenosine triphosphate,C18H39N0O8,808.66,1.13,908.715,Lipid
Cholesterol,C10H19N4O2,267.94,3.49,768.658,Alcohol
Urea,C13H15N0O10,627.53,4.88,217.985,Alkaloid
Cholesterol,C8H12N5O1,620.83,4.39,802.303,Alcohol
Aspirin,C16H38N1O5,279.78,1.97,504.725,Lipid
Glucose,C11H13N1O3,68.94,N/A,3.2,Organic Compound
Adenosine triphosphate,C11H25N5O0,964.03,5.92,906.773,Neurotransmitter
Dopamine,C15H25N1O7,607.54,11.88,979.418,Hormone
Cholesterol,C14H33N4O7,237.89,3.28,728.796,Hormone
Urea,C13H31N2O10,618.87,11.88,285.633,Lipid
Aspirin,C15H38N5O8,513.47,3.37,985.494,Nucleotide
Caffeine,C10H23N0O3,515.5,9.75,793.308,Alkaloid
Urea,C13H36N4O9,376.56,12.65,197.692,Amide
Serotonin,C20H12N3O1,437.18,1.85,1.241,Carbohydrate
Caffeine,C19H12N1O10,710.97,N/A,147.12,Organic Compound
Caffeine,C16H16N3O9,919.04,11.93,769.83,Alcohol
Ethanol,C8H35N5O6,955.24,N/A,6.719,Alkaloid
Cholesterol,C5H17N1O0,579.89,N/A,892.115,Organic Compound
Glucose,C20H32N2O9,214.32,N/A,547.775,Alcohol
Cholesterol,C12H12N5O5,408.24,10.17,216.629,Amide
Adrenaline,C8H11N0O5,865.8,9.04,720.224,Carbohydrate
Serotonin,C17H40N1O5,895.29,13.56,193.085,Organic Compound
Glucose,C16H32N5O8,880.09,13.99,674.434,Hormone
Ethanol,C6H29N1O2,396.72,2.07,848.038,Lipid
Adenosine triphosphate,C18H40N3O2,452.14,13.09,248.465,Lipid
Dopamine,C10H21N4O7,359.61,2.78,579.711,Neurotransmitter
Adrenaline,C1H19N3O2,648.99,2.37,461.092,Neurotransmitter
Serotonin,C13H29N2O0,565.97,12.71,516.508,Alkaloid
Cholesterol,C2H18N5O0,515.36,1.27,154.913,Lipid
Serotonin,C19H16N3O10,900.27,8.67,609.36,Alcohol
Aspirin,C5H40N5O10,937.43,13.96,248.527,Lipid
Ethanol,C2H29N4O10,93.28,11.37,622.337,Hormone
Cholesterol,C17H13N4O6,944.97,13.54,483.027,Organic Compound
Aspirin,C2H24N5O7,724.1,7.7,527.562,Hormone
Dopamine,C9H15N0O9,478.04,3.05,339.572,Neurotransmitter
Adrenaline,C16H21N3O9,421.55,9.36,134.043,Hormone
Cholesterol,C1H1N5O8,443.51,12.1,616.503,Hormone
Urea,C12H19N1O9,114.31,5.86,672.679,Organic Compound
Aspirin,C8H10N0O3,676.61,8.37,669.395,Alcohol
Serotonin,C8H34N3O10,523.93,11.29,518.987,Amide
Caffeine,C3H35N5O2,953.84,3.8,424.891,Lipid
Aspirin,C16H11N2O7,583.03,3.01,544.416,Organic Compound
Cholesterol,C7H2N0O10,681.37,N/A,709.124,Amide
Dopamine,C8H25N0O6,769.11,5.78,438.483,Alcohol
Adrenaline,C5H39N0O2,703.68,N/A,1.094,Lipid
Ethanol,C6H40N1O4,69.34,2.23,105.557,Hormone
Serotonin,C13H12N3O0,633.39,11.01,284.769,Hormone
Glucose,C8H35N2O3,295.82,8.62,888.126,Alcohol
Aspirin,C14H22N3O9,766.43,1.92,616.271,Nucleotide
Dopamine,C8H11N1O8,663.73,N/A,52.821,Nucleotide
Adrenaline,C9H26N0O6,121.63,1.31,414.293,Lipid
Urea,C16H5N2O8,993.31,6.67,827.212,Hormone
Aspirin,C7H30N0O4,140.83,N/A,175.726,Amide
Serotonin,C11H16N5O8,716.09,5.72,272.678,Alcohol
Adenosine triphosphate,C6H9N2O6,769.64,1.5,791.695,Alcohol
Caffeine,C11H27N2O8,480.46,5.44,252.552,Lipid
Urea,C20H36N1O6,798.57,3.49,579.111,Hormone
Aspirin,C20H27N1O5,319.9,13.13,54.814,Alcohol
Adenosine triphosphate,C18H21N2O10,680.74,12.44,309.232,Hormone
Serotonin,C10H12N0O1,591.39,11.2,305.907,Lipid
Aspirin,C2H6N4O10,943.44,N/A,565.414,Amide
Adrenaline,C19H38N4O0,384.62,3.02,545.967,Lipid
Glucose,C10H27N2O9,748.56,N/A,732.451,Neurotransmitter
Adrenaline,C9H36N5O2,799.01,3.67,223.584,Nucleotide
Adenosine triphosphate,C16H31N4O0,969.46,10.61,531.758,Amide
Aspirin,C1H21N2O0,111.32,9.72,832.787,Amide
Urea,C2H31N2O3,905.0,N/A,355.745,Alcohol
Aspirin,C14H14N3O8,163.87,4.04,405.523,Alkaloid
Adrenaline,C15H19N5O1,958.06,N/A,125.069,Organic Compound
Cholesterol,C17H10N2O2,954.88,N/A,598.252,Nucleotide
Aspirin,C13H12N4O3,71.56,6.94,343.706,Lipid
Cholesterol,C1H14N2O10,211.12,7.41,133.612,Hormone
Adenosine triphosphate,C16H33N2O10,122.35,13.55,965.799,Nucleotide
Adenosine triphosphate,C1H39N2O6,92.78,N/A,45.425,Amide
Dopamine,C7H25N4O6,58.71,N/A,915.237,Hormone
Ethanol,C14H7N4O10,169.2,N/A,131.754,Lipid
Adenosine triphosphate,C5H3N5O7,148.6,11.34,780.097,Alcohol
Urea,C11H16N5O9,231.68,10.4,751.405,Carbohydrate
Cholesterol,C5H25N1O9,448.89,9.41,112.531,Neurotransmitter
Aspirin,C17H31N2O6,924.5,7.47,231.686,Nucleotide
Aspirin,C16H17N4O7,665.58,N/A,507.866,Nucleotide
Serotonin,C12H16N4O3,859.31,5.64,507.111,Organic Compound
Ethanol,C5H5N4O1,527.58,13.45,578.837,Hormone
Cholesterol,C18H9N5O5,497.81,8.68,223.362,Neurotransmitter
Ethanol,C1H29N5O7,349.03,2.34,14.35,Neurotransmitter
Serotonin,C12H39N0O7,634.51,11.59,232.553,Organic Compound
Cholesterol,C13H37N0O8,132.48,1.43,899.903,Organic Compound
Aspirin,C3H39N3O0,457.75,7.38,896.421,Amide
Adrenaline,C15H25N5O4,898.93,N/A,489.356,Carbohydrate
Caffeine,C6H29N2O0,737.98,1.44,609.942,Neurotransmitter
Cholesterol,C17H35N2O3,97.9,13.45,199.44,Lipid
Cholesterol,C3H12N5O9,994.03,8.19,209.194,Carbohydrate
Dopamine,C19H27N1O0,760.78,3.41,351.702,Nucleotide
Glucose,C13H7N0O4,78.54,4.92,88.379,Organic Compound
Dopamine,C17H18N2O2,655.83,N/A,332.852,Lipid
Serotonin,C13H22N3O1,199.27,N/A,837.251,Lipid
Glucose,C18H18N0O3,679.48,13.42,281.499,Lipid
Ethanol,C14H22N2O10,943.43,N/A,937.889,Alcohol
Adenosine triphosphate,C2H31N0O6,849.33,11.46,579.831,Hormone
Adrenaline,C2H2N1O3,148.24,3.73,627.845,Organic Compound
Cholesterol,C14H20N4O10,673.84,9.09,16.939,Hormone
Cholesterol,C10H36N1O7,391.63,N/A,611.656,Neurotransmitter
Glucose,C17H21N2O7,465.75,12.39,90.907,Neurotransmitter
Adrenaline,C3H24N3O9,996.84,2.77,671.507,Carbohydrate
Ethanol,C9H9N0O8,594.74,10.27,377.088,Nucleotide
Urea,C3H37N3O2,890.63,11.29,271.469,Lipid
Dopamine,C16H5N2O10,841.97,8.29,426.244,Organic Compound
Glucose,C16H22N5O4,509.81,13.81,267.755,Alkaloid
Glucose,C9H18N3O4,170.89,9.95,294.545,Amide
Adrenaline,C20H25N0O1,542.52,10.73,545.698,Hormone
Ethanol,C1H17N0O2,69.65,13.55,37.453,Lipid
Ethanol,C8H17N2O7,976.54,N/A,208.83,Carbohydrate
Cholesterol,C10H38N2O3,496.93,2.15,360.058,Organic Compound
Aspirin,C15H29N5O4,245.53,2.66,884.465,Carbohydrate
Adenosine triphosphate,C2H18N2O10,946.14,5.26,481.943,Alkaloid
Aspirin,C3H8N4O1,52.98,8.24,36.511,Lipid
Serotonin,C20H39N0O6,52.12,13.46,987.527,Neurotransmitter
Ethanol,C19H3N4O4,494.88,11.73,112.169,Organic Compound
Glucose,C15H27N4O0,629.19,7.45,887.305,Lipid
Urea,C13H34N2O5,312.59,6.93,485.597,Organic Compound
Aspirin,C5H25N1O4,489.46,9.67,909.808,Organic Compound
Aspirin,C3H15N1O0,852.59,N/A,734.193,Hormone
Dopamine,C15H8N3O0,314.71,11.49,946.241,Alcohol
Aspirin,C8H28N2O8,524.35,5.71,265.125,Organic Compound
Serotonin,C17H18N4O6,148.94,13.96,926.887,Lipid
Adrenaline,C20H7N1O1,658.87,3.19,588.32,Alcohol
Dopamine,C12H6N1O9,848.27,13.31,308.743,Organic Compound
Serotonin,C10H38N5O2,813.62,5.74,117.984,Alkaloid
Urea,C5H33N0O2,818.38,8.84,627.165,Alkaloid
Dopamine,C1H12N1O10,995.92,11.67,58.844,Nucleotide
Aspirin,C9H2N1O5,714.57,N/A,911.933,Alkaloid
Adrenaline,C13H8N3O8,540.37,N/A,240.325,Amide
Adrenaline,C9H23N1O6,496.6,N/A,128.698,Amide
Aspirin,C7H33N1O1,584.47,1.72,754.222,Alkaloid
Dopamine,C9H30N1O5,402.3,6.38,200.7,Amide
Glucose,C15H15N4O0,949.91,N/A,930.325,Amide
Adenosine triphosphate,C8H3N3O0,519.51,8.36,581.452,Hormone
Ethanol,C12H39N1O3,842.37,8.78,770.03,Amide
Adrenaline,C13H40N3O2,306.24,5.68,799.075,Hormone
Serotonin,C15H27N0O8,110.39,7.05,3.115,Alkaloid
Ethanol,C10H2N2O2,577.44,5.16,533.744,Hormone
Aspirin,C15H5N2O7,238.33,10.26,545.127,Nucleotide
Aspirin,C15H39N1O0,631.46,8.52,406.587,Organic Compound
Ethanol,C2H2N0O6,929.63,12.81,173.189,Nucleotide
Aspirin,C14H37N0O5,469.34,N/A,62.542,Alcohol
Dopamine,C15H5N0O4,279.21,7.12,991.339,Hormone
Urea,C10H29N4O2,943.14,2.89,868.781,Lipid
Glucose,C14H22N0O8,164.18,4.7,538.742,Carbohydrate
Glucose,C19H38N3O3,198.07,N/A,528.985,Amide
Urea,C10H8N1O3,960.46,10.5,267.349,Alkaloid
Serotonin,C18H26N4O4,362.66,1.44,350.794,Neurotransmitter
Adenosine triphosphate,C6H32N4O0,813.53,N/A,916.172,Alcohol
Adrenaline,C18H13N3O4,635.69,N/A,805.479,Alkaloid
Caffeine,C18H25N0O8,519.04,N/A,268.35,Lipid
Urea,C2H10N1O1,533.69,5.13,294.189,Neurotransmitter
Serotonin,C6H13N3O5,616.05,5.98,763.204,Hormone
Adrenaline,C16H29N2O3,468.75,2.55,63.692,Organic Compound
Adenosine triphosphate,C14H12N5O9,378.14,5.6,284.01,Nucleotide
Glucose,C1H40N2O9,883.08,4.38,346.807,Neurotransmitter
Urea,C7H12N3O9,746.71,11.71,449.372,Neurotransmitter
Cholesterol,C13H25N4O1,967.85,2.1,88.804,Alcohol
Adrenaline,C20H32N1O1,644.92,7.95,420.443,Organic Compound
Ethanol,C16H1N1O0,754.68,10.11,161.351,Neurotransmitter
Aspirin,C5H3N1O3,182.92,7.29,27.676,Nucleotide
Caffeine,C16H19N3O8,855.76,12.65,428.167,Neurotransmitter
Dopamine,C17H22N2O7,427.22,13.16,383.508,Carbohydrate
Dopamine,C9H24N5O2,117.16,3.76,81.899,Carbohydrate
Ethanol,C19H31N2O5,259.29,N/A,596.218,Amide
Serotonin,C18H33N1O5,409.11,N/A,908.955,Carbohydrate
Dopamine,C14H35N1O2,531.17,7.41,358.154,Nucleotide
Aspirin,C18H28N0O7,647.41,13.42,498.895,Amide
Cholesterol,C10H16N0O2,898.77,12.36,613.262,Nucleotide
Adenosine triphosphate,C12H25N0O8,245.52,N/A,517.275,Neurotransmitter
Cholesterol,C12H24N2O5,394.7,1.82,177.102,Nucleotide
Caffeine,C3H9N2O5,474.09,4.77,276.137,Organic Compound
Ethanol,C12H7N3O4,464.49,3.3,92.961,Organic Compound
Serotonin,C20H20N1O7,636.22,2.38,19.428,Amide
Urea,C4H7N4O6,296.29,1.75,546.116,Hormone
Aspirin,C13H3N2O10,631.32,5.91,590.205,Organic Compound
Adenosine triphosphate,C10H29N5O4,508.53,6.62,559.145,Nucleotide
Glucose,C3H5N1O0,427.23,10.9,350.947,Hormone
Ethanol,C16H35N0O9,551.42,4.6,352.593,Neurotransmitter
Dopamine,C7H31N0O4,911.4,1.57,702.663,Lipid
Dopamine,C4H28N5O6,874.32,6.51,490.628,Neurotransmitter
Glucose,C4H20N5O0,900.4,11.3,9.264,Amide
Serotonin,C2H38N0O7,882.37,10.28,636.952,Neurotransmitter
Adenosine triphosphate,C19H39N1O7,196.98,N/A,761.226,Organic Compound
Ethanol,C18H15N2O1,997.01,N/A,908.637,Neurotransmitter
Adenosine triphosphate,C1H33N3O0,602.59,6.23,483.009,Carbohydrate
Urea,C15H22N1O8,381.89,9.98,489.725,Neurotransmitter
Serotonin,C12H31N3O5,784.9,7.96,255.311,Neurotransmitter
Cholesterol,C17H32N1O8,227.26,10.76,289.735,Alkaloid
Adrenaline,C18H34N1O0,713.62,N/A,588.509,Alcohol
Urea,C20H17N0O1,89.17,12.55,296.59,Hormone
Caffeine,C4H4N5O8,743.08,1.16,981.796,Nucleotide
Ethanol,C6H37N0O5,892.2,5.56,188.794,Organic Compound
Adenosine triphosphate,C17H4N0O8,851.05,13.39,311.414,Amide
Urea,C3H19N4O7,427.61,10.95,66.722,Amide
Glucose,C13H6N3O3,128.52,8.3,472.253,Alkaloid
Glucose,C13H12N3O8,655.33,6.21,394.939,Neurotransmitter
Dopamine,C13H29N3O5,743.32,10.35,253.686,Hormone
Cholesterol,C19H23N4O4,50.14,1.84,450.546,Amide
Ethanol,C6H37N0O9,573.48,8.59,264.771,Hormone
Caffeine,C15H7N2O6,241.87,1.12,901.922,Alkaloid
Ethanol,C5H26N3O8,729.36,4.73,0.849,Lipid
Cholesterol,C5H39N3O6,320.02,6.34,832.516,Neurotransmitter
Dopamine,C15H37N5O0,282.69,3.82,793.115,Carbohydrate
Dopamine,C1H20N2O10,988.27,10.81,876.577,Carbohydrate
Glucose,C19H3N4O2,158.92,8.09,404.9,Alcohol
Adrenaline,C10H30N4O7,604.11,2.08,370.726,Alcohol
Dopamine,C12H31N2O5,976.63,N/A,160.016,Nucleotide
Dopamine,C9H5N5O2,665.82,6.32,164.53,Nucleotide
Urea,C1H11N0O0,770.01,6.82,482.414,Amide
Dopamine,C7H29N0O2,629.03,13.05,629.131,Neurotransmitter
Urea,C10H24N5O8,948.01,3.69,517.908,Alcohol
Adrenaline,C14H11N5O10,934.8,8.33,803.338,Nucleotide
Dopamine,C1H12N5O6,913.46,5.22,82.148,Amide
Dopamine,C18H37N2O6,639.17,13.55,320.527,Nucleotide
Glucose,C3H12N1O10,939.91,4.91,824.336,Nucleotide
Dopamine,C6H10N5O9,267.41,9.52,761.681,Alcohol
Glucose,C4H21N5O0,584.69,3.49,754.015,Organic Compound
Glucose,C9H24N4O10,330.37,5.68,432.417,Alkaloid
Adrenaline,C9H9N2O10,298.06,3.57,716.589,Organic Compound
Serotonin,C17H20N4O4,65.36,6.55,255.321,Alkaloid
Glucose,C15H35N1O6,116.62,8.19,974.608,Neurotransmitter
Glucose,C7H32N1O7,263.38,2.77,549.091,Carbohydrate
Cholesterol,C13H26N4O1,204.79,N/A,544.712,Alkaloid
Glucose,C5H10N1O9,173.18,2.82,777.815,Alkaloid
Aspirin,C10H13N2O0,535.4,8.17,993.734,Lipid
Cholesterol,C1H39N2O2,406.11,N/A,829.771,Neurotransmitter
Cholesterol,C16H18N2O0,319.41,11.68,607.897,Neurotransmitter
Cholesterol,C8H26N5O3,959.69,4.03,100.362,Alcohol
Cholesterol,C11H19N1O5,678.76,N/A,127.931,Hormone
Adrenaline,C1H3N4O9,928.03,11.87,885.458,Hormone
Urea,C7H25N5O6,267.2,9.53,38.159,Lipid
Caffeine,C14H38N5O5,905.36,8.58,191.097,Alcohol
Adenosine triphosphate,C13H6N1O4,884.43,12.59,280.016,Neurotransmitter
Serotonin,C7H34N1O5,505.33,N/A,656.687,Carbohydrate
Adrenaline,C8H25N3O4,173.19,2.56,821.575,Nucleotide
Ethanol,C3H10N3O10,760.24,10.33,511.562,Hormone
Adrenaline,C8H14N3O10,90.76,13.33,88.842,Amide
Dopamine,C13H38N4O9,901.26,13.18,276.219,Hormone
Ethanol,C19H9N1O10,283.07,13.13,408.869,Lipid
Ethanol,C12H22N1O1,607.44,8.94,484.886,Amide
Serotonin,C6H38N5O0,732.96,N/A,50.153,Neurotransmitter
Ethanol,C10H2N2O9,117.22,6.22,229.238,Hormone
Adrenaline,C5H19N2O6,155.16,12.43,943.978,Hormone
Ethanol,C18H1N3O7,839.57,3.52,505.481,Amide
Adrenaline,C10H9N2O4,915.36,1.36,360.244,Carbohydrate
Adenosine triphosphate,C19H21N3O7,259.79,13.16,831.433,Carbohydrate
Serotonin,C16H22N3O8,220.96,7.31,55.054,Nucleotide
Serotonin,C8H22N5O1,424.7,5.19,486.924,Hormone
Urea,C19H19N2O10,155.06,6.23,648.592,Organic Compound
Serotonin,C17H32N1O1,939.95,3.67,856.314,Organic Compound
Dopamine,C9H33N1O3,885.83,13.27,521.414,Neurotransmitter
Adrenaline,C7H19N4O5,140.6,2.21,443.904,Alkaloid
Aspirin,C14H38N3O2,322.5,7.19,996.538,Carbohydrate
Adenosine triphosphate,C19H13N0O2,718.85,N/A,68.889,Hormone
Dopamine,C5H30N3O0,689.57,9.17,862.622,Organic Compound
Adenosine triphosphate,C7H4N3O8,736.0,11.89,398.003,Carbohydrate
Cholesterol,C6H2N3O4,990.07,N/A,116.907,Alcohol
Glucose,C3H12N4O5,251.39,1.18,701.542,Neurotransmitter
Adrenaline,C16H1N0O2,578.63,11.23,25.097,Carbohydrate
Glucose,C14H5N4O1,140.67,1.18,532.16,Alkaloid
Dopamine,C8H29N0O0,285.36,6.95,365.742,Carbohydrate
Adenosine triphosphate,C4H2N1O3,815.07,2.86,482.097,Carbohydrate
Serotonin,C5H5N1O1,490.61,4.35,964.169,Lipid
Adenosine triphosphate,C14H21N1O9,88.89,8.06,413.915,Amide
Aspirin,C13H8N0O5,457.45,2.47,770.472,Carbohydrate
Aspirin,C8H39N2O6,887.55,4.17,77.116,Alcohol
Ethanol,C19H19N5O4,253.48,N/A,595.756,Alcohol
Adenosine triphosphate,C15H21N5O7,451.15,3.34,225.359,Amide
Ethanol,C2H37N2O10,311.22,8.61,818.01,Organic Compound
Caffeine,C7H6N1O7,166.06,8.85,541.782,Alkaloid
Adrenaline,C4H11N2O6,981.55,6.38,73.146,Alkaloid
Adenosine triphosphate,C7H26N4O5,858.24,N/A,857.254,Neurotransmitter
Urea,C5H10N1O4,52.7,2.66,636.318,Organic Compound
Urea,C19H40N3O5,309.83,2.1,256.276,Alcohol
Ethanol,C5H32N3O9,314.21,3.47,165.965,Alkaloid
Urea,C7H20N0O9,489.41,13.55,418.836,Alkaloid
Adenosine triphosphate,C8H9N2O5,121.82,8.32,649.947,Alkaloid
Serotonin,C20H21N1O5,263.18,13.57,438.12,Carbohydrate
Dopamine,C11H23N2O2,845.75,9.69,402.195,Amide
Adenosine triphosphate,C11H30N3O1,197.32,7.83,153.665,Carbohydrate
Serotonin,C5H25N3O6,976.49,4.99,606.064,Alkaloid
Ethanol,C1H16N5O10,862.13,13.49,136.06,Carbohydrate
Adrenaline,C7H6N4O9,318.28,N/A,222.998,Hormone
Ethanol,C5H12N0O5,216.91,5.19,474.642,Alkaloid
Adrenaline,C13H13N1O8,804.6,5.49,566.399,Neurotransmitter
Dopamine,C16H19N4O5,252.22,N/A,362.071,Nucleotide
Aspirin,C3H31N4O8,800.99,7.65,48.954,Carbohydrate
