compound,formula,mw,pka,solubility_mg_ml,class
Ethanol,C10H26N5O7,421.25,12.21,588.431,Hormone
Caffeine,C16H27N3O4,706.93,N/A,0.028,Nucleotide
Dopamine,C11H21N3O3,589.9,10.16,337.752,Hormone
Adrenaline,C3H16N0O6,898.73,2.93,125.59,Lipid
Aspirin,C15H25N5O10,154.33,N/A,123.541,Alcohol
Adrenaline,C14H25N2O5,534.56,8.77,765.681,Alcohol
Serotonin,C15H14N0O9,442.33,2.84,999.971,Nucleotide
Serotonin,C15H15N0O7,886.67,5.86,531.889,Alkaloid
Adrenaline,C12H4N0O6,88.53,12.0,124.123,Hormone
Serotonin,C5H28N5O5,657.18,N/A,465.347,Neurotransmitter
Adrenaline,C1H24N1O5,372.11,N/A,140.375,Carbohydrate
Adrenaline,C4H10N2O8,587.84,12.34,561.371,Lipid
Urea,C9H29N0O8,864.86,6.02,348.563,Organic Compound
Cholesterol,C6H17N1O10,266.4,6.58,52.031,Carbohydrate
Adrenaline,C18H13N5O4,640.15,6.73,754.28,Carbohydrate
Urea,C19H7N1O2,805.02,N/A,15.338,Lipid
Urea,C18H16N1O0,337.73,10.55,517.739,Carbohydrate
Dopamine,C5H21N2O6,701.17,N/A,423.379,Neurotransmitter
Adrenaline,C14H23N1O0,429.27,N/A,928.623,Amide
Aspirin,C18H20N1O10,732.77,N/A,567.135,Alcohol
Cholesterol,C3H15N5O2,614.66,7.99,566.463,Alkaloid
Aspirin,C2H37N5O0,341.18,8.93,866.825,Amide
Urea,C3H4N3O7,684.05,N/A,833.534,Lipid
Adenosine triphosphate,C6H19N2O8,427.69,7.5,229.369,Alcohol
Adenosine triphosphate,C14H26N1O4,564.97,6.68,506.625,Neurotransmitter
Aspirin,C2H2N0O1,956.84,7.64,132.679,Lipid
Glucose,C6H23N4O10,836.72,N/A,703.969,Organic Compound
Adrenaline,C17H17N1O4,352.97,N/A,675.791,Alkaloid
Serotonin,C11H19N5O8,661.03,N/A,396.783,Amide
Caffeine,C17H33N5O8,473.97,N/A,509.31,Amide
Adenosine triphosphate,C4H6N5O7,404.66,2.95,4.564,Lipid
Caffeine,C10H32N5O10,199.23,13.96,358.062,Neurotransmitter
Adrenaline,C20H7N2O9,328.16,10.03,63.292,Carbohydrate
Urea,C18H28N0O3,467.39,6.09,473.535,Organic Compound
Ethanol,C4H5N4O0,223.71,1.95,66.228,Amide
Glucose,C11H23N2O0,481.96,10.52,939.719,Neurotransmitter
Adenosine triphosphate,C7H29N0O7,459.73,8.75,672.17,Nucleotide
Adenosine triphosphate,C5H3N3O1,65.59,7.92,389.686,Amide
Ethanol,C3H31N0O9,706.12,10.76,182.7,Amide
Aspirin,C12H3N1O6,311.43,N/A,326.915,Hormone
Ethanol,C11H25N0O0,964.6,N/A,208.932,Hormone
Caffeine,C3H15N2O1,116.65,6.65,74.973,Organic Compound
Ethanol,C12H22N5O2,939.64,11.68,209.834,Nucleotide
Dopamine,C4H19N4O0,870.89,2.48,373.101,Hormone
Ethanol,C7H36N2O8,628.13,7.44,182.913,Hormone
Caffeine,C18H28N4O8,285.34,7.14,28.167,Neurotransmitter
Urea,C7H31N2O3,127.49,6.83,525.128,Nucleotide
Aspirin,C10H34N3O8,346.87,7.33,493.277,Organic Compound
Adrenaline,C2H10N3O3,274.13,5.3,784.599,Nucleotide
Dopamine,C7H34N1O3,629.85,3.62,848.141,Neurotransmitter
Adrenaline,C14H9N1O5,613.33,10.09,348.472,Alcohol
Adrenaline,C18H7N2O3,811.61,13.22,962.153,Alcohol
Ethanol,C9H4N2O0,727.72,2.57,796.376,Organic Compound
Glucose,C11H27N1O0,244.93,N/A,733.029,Organic Compound
Glucose,C7H2N2O3,952.66,8.16,864.172,Hormone
Urea,C1H37N1O6,459.15,2.96,539.033,Organic Compound
Urea,C5H9N2O0,707.68,6.76,98.095,Hormone
Adrenaline,C13H15N2O9,161.27,12.13,196.521,Neurotransmitter
Aspirin,C11H25N4O0,808.18,4.49,286.863,Lipid
Aspirin,C11H39N4O1,804.01,8.64,98.731,Nucleotide
Adrenaline,C15H14N4O1,544.37,12.68,422.199,Alkaloid
Aspirin,C8H36N5O1,677.16,13.62,553.763,Hormone
Ethanol,C13H22N4O0,691.81,5.51,919.627,Alkaloid
Caffeine,C9H34N3O5,242.42,1.95,83.187,Lipid
Serotonin,C17H18N1O0,185.7,9.14,843.164,Alcohol
Dopamine,C4H27N1O3,370.31,6.5,236.278,Neurotransmitter
Dopamine,C11H18N3O0,851.12,11.9,19.387,Organic Compound
Dopamine,C17H18N1O3,892.78,1.18,338.382,Alcohol
Adenosine triphosphate,C19H22N4O9,631.95,9.6,59.058,Organic Compound
Caffeine,C18H40N3O2,613.47,5.85,975.609,Amide
Glucose,C20H31N5O6,660.26,3.72,753.824,Alcohol
Caffeine,C18H40N2O5,936.55,N/A,931.15,Hormone
Adenosine triphosphate,C18H26N3O6,214.22,13.73,643.963,Hormone
Dopamine,C16H4N5O7,564.85,N/A,517.355,Organic Compound
Urea,C1H6N3O1,483.59,5.93,170.27,Lipid
Dopamine,C13H2N0O7,524.22,4.25,441.394,Neurotransmitter
Ethanol,C4H39N0O7,587.83,11.88,821.027,Lipid
Ethanol,C19H37N3O2,631.87,1.86,648.498,Nucleotide
Ethanol,C3H35N5O6,773.87,6.89,372.421,Hormone
Ethanol,C10H38N5O1,351.27,5.72,97.816,Carbohydrate
Caffeine,C5H22N1O1,408.56,7.07,414.156,Carbohydrate
Glucose,C2H5N2O5,797.2,13.77,745.398,Neurotransmitter
Ethanol,C12H38N3O1,771.75,8.9,313.9,Neurotransmitter
Adrenaline,C4H24N2O4,178.78,8.68,411.598,Organic Compound
Cholesterol,C13H20N2O0,823.13,6.39,200.929,Neurotransmitter
Adenosine triphosphate,C19H35N2O7,726.91,N/A,759.068,Organic Compound
Dopamine,C11H28N4O5,886.63,N/A,648.008,Organic Compound
Caffeine,C6H24N4O1,213.54,2.18,157.579,Hormone
Dopamine,C10H29N1O9,789.18,13.98,837.669,Neurotransmitter
Glucose,C3H3N4O2,64.75,N/A,457.583,Carbohydrate
Adenosine triphosphate,C16H19N1O7,824.72,3.56,241.803,Alkaloid
Caffeine,C1H1N2O6,403.08,12.36,202.35,Carbohydrate
Glucose,C12H9N4O2,556.31,8.86,18.024,Hormone
Cholesterol,C2H11N2O4,929.34,2.21,47.469,Alkaloid
Caffeine,C2H39N2O2,325.45,6.76,251.041,Amide
Dopamine,C6H22N5O9,130.93,8.15,534.164,Alkaloid
Dopamine,C7H15N5O3,245.81,4.57,542.376,Organic Compound
Caffeine,C2H3N1O4,268.97,1.62,20.99,Amide
Ethanol,C17H22N5O10,730.68,N/A,14.329,Neurotransmitter
Aspirin,C7H23N3O5,330.16,2.16,509.442,Carbohydrate
Glucose,C17H34N2O0,833.46,7.61,557.161,Neurotransmitter
Caffeine,C3H4N2O6,234.7,11.26,85.707,Lipid
Serotonin,C18H29N1O2,785.15,13.77,182.409,Nucleotide
Serotonin,C1H37N2O8,593.33,2.38,749.306,Alkaloid
Dopamine,C16H37N1O5,786.75,N/A,179.267,Hormone
Adenosine triphosphate,C15H2N1O4,194.06,5.38,207.558,Carbohydrate
Aspirin,C16H13N3O2,100.39,7.44,549.212,Nucleotide
Serotonin,C7H32N5O7,85.99,12.77,465.071,Amide
Caffeine,C17H13N2O4,876.79,6.5,123.767,Amide
Urea,C19H3N2O2,258.16,1.32,903.208,Carbohydrate
Serotonin,C7H19N3O5,565.32,8.47,577.381,Alkaloid
Serotonin,C8H25N5O0,312.0,3.7,917.885,Neurotransmitter
Glucose,C7H32N0O2,576.05,2.68,78.626,Amide
Aspirin,C1H18N3O7,829.23,N/A,659.854,Carbohydrate
Aspirin,C16H38N0O0,201.24,4.22,469.477,Hormone
Dopamine,C17H13N3O3,921.31,13.12,991.946,Amide
Adenosine triphosphate,C2H32N1O8,281.84,6.77,406.801,Amide
Urea,C14H24N2O9,693.51,7.93,342.209,Neurotransmitter
Dopamine,C13H31N1O4,767.95,13.99,136.64,Organic Compound
Serotonin,C20H39N1O9,481.89,N/A,533.666,Carbohydrate
Urea,C15H16N1O9,615.79,2.0,94.931,Lipid
Caffeine,C16H29N0O9,517.6,12.82,850.973,Alcohol
Cholesterol,C12H8N1O1,91.29,10.92,162.527,Alcohol
Caffeine,C4H25N3O10,551.5,9.55,349.13,Neurotransmitter
Dopamine,C4H7N5O1,157.91,7.0,563.039,Lipid
Cholesterol,C20H21N4O10,635.15,5.13,714.501,Hormone
Serotonin,C1H25N0O9,650.54,2.94,536.152,Carbohydrate
Aspirin,C6H38N4O0,796.13,12.65,226.695,Neurotransmitter
Aspirin,C19H22N2O2,541.61,6.2,154.659,Lipid
Dopamine,C15H17N1O8,547.38,8.52,436.731,Carbohydrate
Glucose,C13H30N2O5,721.08,9.28,509.247,Organic Compound
Urea,C1H31N5O2,463.58,3.33,516.878,Organic Compound
Ethanol,C6H4N2O5,263.3,3.01,240.301,Alkaloid
Urea,C5H6N3O7,745.78,8.65,730.988,Amide
Cholesterol,C14H40N2O5,948.71,6.59,804.539,Carbohydrate
Ethanol,C14H8N0O10,332.96,8.9,290.437,Nucleotide
Adrenaline,C16H27N3O0,997.94,5.11,843.275,Alcohol
Caffeine,C9H11N2O7,886.06,7.24,97.346,Lipid
Glucose,C12H16N0O0,632.64,N/A,894.542,Lipid
Adenosine triphosphate,C5H30N0O10,580.24,7.57,135.225,Hormone
Cholesterol,C8H13N1O7,557.24,7.07,172.117,Carbohydrate
Dopamine,C20H5N5O5,411.3,2.63,779.798,Carbohydrate
Adenosine triphosphate,C6H27N3O1,261.77,N/A,657.841,Carbohydrate
Ethanol,C18H7N1O2,320.93,3.18,740.401,Alcohol
Caffeine,C18H6N2O4,556.12,N/A,140.961,Alkaloid
Ethanol,C19H35N0O8,636.22,11.52,886.574,Hormone
Aspirin,C1H20N3O4,636.97,3.57,652.831,Neurotransmitter
Dopamine,C10H35N0O10,956.57,N/A,109.973,Alcohol
Aspirin,C15H24N5O3,664.13,N/A,45.206,Amide
Urea,C17H23N2O10,441.42,4.95,246.776,Neurotransmitter
Aspirin,C19H30N3O10,573.77,4.56,310.004,Alcohol
Urea,C19H24N2O6,508.37,N/A,952.856,Neurotransmitter
Serotonin,C19H11N0O9,628.45,1.32,730.326,Nucleotide
Adrenaline,C7H21N0O7,278.44,9.98,86.709,Amide
Adrenaline,C13H40N5O1,423.61,7.75,941.905,Organic Compound
Cholesterol,C6H39N5O8,462.95,5.14,753.189,Alcohol
Cholesterol,C17H30N2O5,629.73,8.3,163.277,Alkaloid
Serotonin,C5H26N5O3,249.87,8.11,845.207,Alcohol
Dopamine,C6H38N1O1,614.26,8.97,983.563,Hormone
Adenosine triphosphate,C17H14N5O8,403.84,N/A,998.814,Nucleotide
Urea,C6H39N2O7,838.76,9.41,725.844,Carbohydrate
Serotonin,C14H28N3O6,735.61,7.47,995.459,Alcohol
Dopamine,C12H38N2O8,325.06,7.68,275.461,Organic Compound
Adrenaline,C16H24N4O10,960.77,5.46,163.472,Lipid
Serotonin,C8H38N2O10,249.97,8.42,714.737,Carbohydrate
Caffeine,C2H11N4O10,400.51,13.09,285.27,Nucleotide
Adrenaline,C12H34N3O2,355.77,2.19,798.761,Alcohol
Cholesterol,C1H16N4O1,963.38,2.85,119.278,Organic Compound
Caffeine,C5H15N5O3,414.3,4.0,41.999,Alcohol
Ethanol,C8H29N4O2,361.21,8.71,475.18,Neurotransmitter
Adrenaline,C20H7N4O5,958.76,9.39,651.54,Amide
Adrenaline,C2H25N3O7,933.66,13.15,896.601,Lipid
Aspirin,C17H27N2O4,693.24,10.11,741.576,Nucleotide
Caffeine,C1H4N4O1,791.79,N/A,327.451,Amide
Adrenaline,C19H2N1O1,401.95,7.46,646.984,Lipid
Aspirin,C10H17N5O9,579.15,N/A,248.895,Neurotransmitter
Aspirin,C15H16N4O1,987.02,11.08,829.917,Lipid
Adenosine triphosphate,C19H15N3O4,525.3,4.08,903.56,Organic Compound
Caffeine,C20H3N5O7,514.06,12.38,646.461,Organic Compound
Dopamine,C6H28N5O1,788.35,1.24,37.12,Lipid
Adrenaline,C18H34N2O8,495.63,N/A,621.784,Alkaloid
Dopamine,C7H28N2O8,291.61,7.66,713.617,Organic Compound
Dopamine,C10H2N4O5,465.05,N/A,450.118,Nucleotide
Glucose,C9H28N2O7,683.57,N/A,115.83,Amide
Adenosine triphosphate,C9H15N2O2,536.11,N/A,102.702,Lipid
Ethanol,C14H27N0O10,727.0,13.52,350.911,Hormone
Adrenaline,C10H25N0O1,618.12,7.22,474.552,Carbohydrate
Adenosine triphosphate,C1H25N4O3,115.65,11.38,426.848,Alcohol
Urea,C15H26N3O5,190.45,N/A,658.036,Amide
Aspirin,C1H3N5O1,324.0,10.43,346.525,Neurotransmitter
Glucose,C16H35N4O3,158.31,11.96,277.24,Alkaloid
Serotonin,C13H18N5O9,765.99,12.38,37.793,Organic Compound
Glucose,C5H10N5O2,467.01,4.21,598.892,Carbohydrate
Serotonin,C9H37N0O2,551.69,5.94,26.781,Carbohydrate
Glucose,C20H10N2O9,841.54,4.06,564.015,Alkaloid
Dopamine,C5H32N5O0,945.16,9.94,904.091,Neurotransmitter
Serotonin,C18H10N0O6,855.68,10.84,982.777,Hormone
Cholesterol,C2H21N0O2,321.18,6.46,6.845,Alcohol
Aspirin,C7H18N2O2,955.39,10.15,351.442,Alkaloid
Glucose,C3H2N0O7,868.02,4.86,87.001,Neurotransmitter
Aspirin,C18H27N2O10,81.55,N/A,934.111,Nucleotide
Ethanol,C18H32N2O8,921.92,3.51,784.166,Neurotransmitter
Caffeine,C3H1N4O10,342.76,1.28,888.645,Carbohydrate
Adenosine triphosphate,C4H13N2O3,57.11,6.84,969.458,Alcohol
Urea,C14H10N4O6,91.86,13.96,658.167,Carbohydrate
Glucose,C3H17N1O7,162.76,6.32,50.941,Neurotransmitter
Ethanol,C17H10N0O8,836.47,1.18,851.59,Amide
Serotonin,C14H6N2O2,520.37,8.19,168.364,Alkaloid
Serotonin,C18H27N2O8,275.57,9.33,36.658,Alcohol
Caffeine,C3H21N4O8,967.19,7.87,694.1,Carbohydrate
Aspirin,C9H8N5O6,668.46,11.23,334.655,Organic Compound
Glucose,C6H38N0O8,91.53,11.07,259.36,Hormone
Serotonin,C18H20N1O0,447.49,2.32,458.125,Nucleotide
Glucose,C12H27N3O5,296.47,1.86,864.843,Nucleotide
Serotonin,C15H16N3O6,981.97,2.87,730.514,Hormone
Adenosine triphosphate,C4H5N5O2,900.5,1.35,484.973,Alkaloid
Adrenaline,C18H3N1O10,856.68,N/A,636.034,Nucleotide
Serotonin,C19H3N4O9,938.16,N/A,43.78,Carbohydrate
Ethanol,C11H35N2O6,778.8,5.16,391.126,Nucleotide
Cholesterol,C19H1N4O9,967.31,1.35,998.788,Organic Compound
Adrenaline,C6H40N1O0,631.96,8.89,614.932,Amide
Adrenaline,C13H2N4O9,99.62,N/A,799.094,Amide
Ethanol,C15H40N3O3,174.89,N/A,731.251,Neurotransmitter
Glucose,C18H32N2O7,150.88,4.61,920.455,Amide
Serotonin,C6H34N1O3,476.06,1.97,4.63,Lipid
Ethanol,C17H34N0O8,574.63,6.62,904.048,Neurotransmitter
Adrenaline,C13H8N3O10,817.02,3.54,187.136,Carbohydrate
Dopamine,C18H17N0O5,678.64,10.75,834.563,Organic Compound
Aspirin,C5H22N0O5,165.18,11.12,687.776,Alkaloid
Dopamine,C16H30N4O6,397.89,9.71,891.098,Lipid
Cholesterol,C1H32N4O0,129.06,5.42,270.194,Hormone
Ethanol,C12H12N0O7,395.27,6.32,889.808,Carbohydrate
Serotonin,C9H18N5O4,237.11,9.91,693.228,Carbohydrate
Serotonin,C19H37N5O8,479.03,N/A,107.335,Alkaloid
Ethanol,C19H25N4O8,946.66,N/A,866.48,Hormone
Serotonin,C18H4N4O5,714.41,N/A,914.096,Amide
Caffeine,C1H13N5O6,324.24,4.46,27.895,Organic Compound
Caffeine,C20H2N2O10,186.49,3.3,155.421,Alkaloid
Caffeine,C10H27N0O2,436.97,7.8,9.88,Hormone
Caffeine,C7H3N1O5,981.04,10.39,63.161,Amide
Serotonin,C11H3N1O7,789.91,7.18,741.084,Carbohydrate
Adrenaline,C18H24N3O8,871.79,9.14,359.777,Alkaloid
Urea,C7H22N0O5,458.73,3.89,663.629,Alcohol
Aspirin,C4H3N1O3,206.76,N/A,498.349,Lipid
Ethanol,C17H35N5O4,985.29,3.45,607.324,Amide
Glucose,C8H14N4O6,535.17,1.44,751.476,Alkaloid
Serotonin,C14H14N0O8,643.61,N/A,277.223,Lipid
Adenosine triphosphate,C12H37N5O9,604.68,10.27,300.782,Hormone
Cholesterol,C13H14N5O0,527.59,5.31,355.269,Alkaloid
Adenosine triphosphate,C12H28N1O4,367.78,11.85,903.344,Nucleotide
Adenosine triphosphate,C6H34N5O5,864.85,11.23,595.988,Alcohol
Ethanol,C9H13N2O5,461.09,N/A,122.917,Alcohol
Urea,C6H18N4O1,868.01,2.26,877.797,Hormone
Adrenaline,C6H29N4O6,339.86,9.61,776.03,Neurotransmitter
Caffeine,C7H23N1O3,931.02,1.89,854.344,Carbohydrate
Dopamine,C16H22N0O0,167.18,12.8,833.977,Hormone
Adenosine triphosphate,C2H10N1O7,478.03,12.45,756.023,Hormone
Urea,C8H25N1O9,271.78,1.25,466.988,Nucleotide
Glucose,C16H15N5O6,314.79,6.14,550.384,Alkaloid
Ethanol,C20H26N4O3,787.71,N/A,325.382,Alcohol
Urea,C6H10N0O4,347.55,8.06,304.876,Nucleotide
Urea,C9H39N3O1,922.68,4.55,432.463,Neurotransmitter
Serotonin,C8H3N4O5,344.83,11.56,334.169,Neurotransmitter
Serotonin,C12H40N3O0,680.48,N/A,689.221,Lipid
Adrenaline,C18H7N2O6,580.32,3.91,615.863,Organic Compound
Adrenaline,C14H13N2O7,895.82,4.04,72.571,Organic Compound
Serotonin,C2H39N1O3,694.66,11.7,773.584,Amide
Serotonin,C10H30N5O5,464.44,10.66,602.612,Amide
Glucose,C1H6N5O2,316.64,10.27,83.244,Organic Compound
Adenosine triphosphate,C16H39N1O2,840.83,1.59,525.834,Nucleotide
Aspirin,C17H2N3O5,457.63,8.18,786.409,Alkaloid
Adenosine triphosphate,C7H36N5O1,712.15,N/A,945.487,Lipid
Caffeine,C6H39N5O4,966.55,7.16,884.6,Nucleotide
Glucose,C9H33N3O6,658.03,N/A,954.458,Amide
Adenosine triphosphate,C5H13N5O4,698.72,N/A,287.87,Carbohydrate
Aspirin,C16H38N0O2,434.39,7.76,364.954,Carbohydrate
Ethanol,C18H19N0O7,134.31,2.09,124.25,Carbohydrate
Aspirin,C1H4N3O6,423.04,4.8,930.078,Lipid
Cholesterol,C5H10N3O5,937.66,N/A,282.485,Carbohydrate
Adrenaline,C3H14N1O7,442.41,8.34,658.656,Hormone
Cholesterol,C14H34N5O4,81.61,12.13,939.207,Hormone
Adenosine triphosphate,C10H1N2O7,513.16,N/A,236.8,Alcohol
Urea,C20H31N4O10,969.73,2.9,285.504,Alcohol
Urea,C10H3N0O7,944.23,6.58,536.214,Nucleotide
Adenosine triphosphate,C19H13N1O10,160.99,13.77,160.389,Amide
Adrenaline,C4H27N2O4,421.26,N/A,228.847,Alkaloid
Ethanol,C2H19N3O9,772.46,11.27,528.735,Alcohol
Adenosine triphosphate,C7H16N1O1,388.26,1.62,281.26,Organic Compound
Aspirin,C13H1N2O6,856.98,3.58,467.812,Amide
Serotonin,C9H6N0O4,555.11,N/A,517.668,Alcohol
Aspirin,C17H38N5O5,151.04,12.91,506.041,Carbohydrate
Glucose,C6H35N0O9,953.72,10.05,983.55,Nucleotide
Urea,C16H11N3O0,625.4,2.1,485.706,Alcohol
Ethanol,C9H28N1O7,953.1,7.24,517.46,Amide
Caffeine,C13H14N4O8,273.41,10.38,478.925,Organic Compound
Serotonin,C3H24N3O7,219.98,3.12,981.009,Neurotransmitter
Serotonin,C11H1N4O10,867.01,N/A,338.278,Neurotransmitter
Urea,C2H30N2O7,591.65,13.51,186.268,Hormone
Cholesterol,C9H33N0O1,974.41,N/A,361.105,Carbohydrate
Adrenaline,C6H22N4O6,320.0,10.21,764.895,Organic Compound
Cholesterol,C20H13N0O2,693.33,8.0,75.402,Lipid
Adenosine triphosphate,C19H35N4O1,699.35,9.17,924.09,Neurotransmitter
Caffeine,C16H25N1O3,140.01,2.21,384.184,Alkaloid
Glucose,C9H38N0O2,605.08,1.57,934.81,Carbohydrate
Dopamine,C16H22N0O5,667.16,7.32,672.052,Amide
Aspirin,C3H22N3O7,354.78,7.41,967.887,Organic Compound
Caffeine,C6H20N0O8,340.52,12.68,968.611,Hormone
Aspirin,C12H25N0O6,388.11,2.06,231.056,Nucleotide
Urea,C11H25N1O7,605.0,3.79,257.101,Amide
Adenosine triphosphate,C7H38N2O9,638.6,N/A,856.707,Carbohydrate
Urea,C4H1N3O10,822.15,9.71,95.706,Amide
Adenosine triphosphate,C7H3N0O0,474.25,1.97,587.205,Alkaloid
Ethanol,C14H26N3O3,533.76,10.06,536.441,Organic Compound
Adrenaline,C10H40N5O3,425.58,4.21,601.825,Alcohol
Caffeine,C4H29N5O0,505.9,12.76,175.287,Organic Compound
Cholesterol,C13H35N3O7,714.38,N/A,716.325,Alkaloid
Urea,C13H15N3O0,482.01,7.83,581.979,Lipid
Dopamine,C14H13N0O0,823.89,13.47,8.663,Alkaloid
Cholesterol,C5H28N5O4,104.36,N/A,373.81,Hormone
Glucose,C5H9N3O0,146.84,11.18,763.52,Alcohol
Aspirin,C17H5N3O7,731.09,5.67,703.463,Neurotransmitter
Glucose,C1H38N1O2,683.14,6.17,837.927,Lipid
Glucose,C1H36N1O10,484.66,4.48,990.372,Organic Compound
Aspirin,C19H28N5O0,256.45,6.34,176.986,Nucleotide
Ethanol,C4H35N2O6,239.43,3.59,618.488,Alkaloid
Serotonin,C16H15N3O0,449.55,6.74,740.791,Lipid
Aspirin,C1H34N0O9,359.02,12.15,468.723,Lipid
Adenosine triphosphate,C10H19N3O1,84.83,9.91,989.734,Neurotransmitter
Glucose,C13H9N5O5,815.0,10.56,244.744,Organic Compound
Urea,C7H36N3O4,902.99,11.45,811.266,Hormone
Aspirin,C10H19N3O1,484.19,N/A,593.498,Lipid
Aspirin,C3H36N3O9,298.06,2.03,622.839,Amide
Glucose,C7H4N0O4,108.99,7.63,299.805,Carbohydrate
Aspirin,C17H33N3O3,298.58,3.01,927.555,Neurotransmitter
Caffeine,C6H8N2O8,208.53,5.88,919.592,Neurotransmitter
Urea,C8H21N2O4,766.48,10.34,277.476,Alkaloid
Urea,C3H23N1O3,389.16,1.86,940.393,Amide
Dopamine,C4H3N2O0,473.53,N/A,345.623,Neurotransmitter
Serotonin,C19H8N5O8,859.8,7.25,476.289,Carbohydrate
Dopamine,C11H22N1O7,681.93,10.74,666.345,Carbohydrate
Urea,C10H4N1O5,924.29,N/A,70.89,Organic Compound
Serotonin,C14H34N4O0,929.97,N/A,275.33,Hormone
Adenosine triphosphate,C3H1N4O8,882.42,N/A,678.161,Organic Compound
Urea,C4H4N1O4,473.52,6.06,693.518,Alcohol
Urea,C3H7N1O8,740.96,3.69,143.744,Nucleotide
Urea,C18H16N2O9,576.01,N/A,720.449,Hormone
Adenosine triphosphate,C13H12N0O4,814.96,3.08,988.482,Lipid
Caffeine,C15H24N4O2,994.23,9.13,487.444,Lipid
Glucose,C18H18N5O5,186.45,6.72,860.397,Carbohydrate
Dopamine,C6H11N4O9,478.57,8.8,532.173,Amide
Ethanol,C1H4N3O3,345.82,9.77,14.384,Neurotransmitter
Ethanol,C2H29N5O0,740.14,3.94,423.234,Nucleotide
Ethanol,C1H20N1O9,977.28,11.18,764.749,Alkaloid
Caffeine,C11H24N3O9,777.04,1.23,703.582,Alkaloid
Caffeine,C8H25N4O0,466.18,6.29,719.981,Hormone
Aspirin,C3H31N0O5,326.41,5.93,534.734,Nucleotide
Ethanol,C5H12N4O4,362.55,N/A,122.733,Carbohydrate
Dopamine,C9H12N3O2,269.66,10.86,343.895,Lipid
Urea,C15H17N1O8,705.89,6.33,401.891,Hormone
Serotonin,C5H19N0O10,294.26,10.43,342.372,Alcohol
Aspirin,C6H34N3O7,629.28,10.24,429.118,Alcohol
Urea,C2H38N5O3,203.19,7.6,601.559,Lipid
Cholesterol,C20H22N4O10,992.31,1.99,484.492,Carbohydrate
Serotonin,C3H24N5O8,645.34,N/A,736.206,Amide
Adrenaline,C19H36N0O0,936.57,1.02,623.176,Amide
Serotonin,C18H5N4O3,230.93,8.11,456.527,Alkaloid
Caffeine,C15H21N3O10,419.45,11.15,598.948,Neurotransmitter
Adenosine triphosphate,C18H29N5O5,155.68,10.22,106.049,Alcohol
Adenosine triphosphate,C18H24N3O3,246.5,7.03,320.517,Lipid
Urea,C16H19N3O8,732.4,1.66,4.748,Hormone
Adenosine triphosphate,C19H37N3O4,762.41,N/A,299.844,Nucleotide
Glucose,C20H37N0O0,490.81,3.78,288.371,Carbohydrate
Adrenaline,C14H9N0O8,101.73,8.97,807.827,Amide
Serotonin,C5H27N0O1,398.53,12.31,132.428,Alkaloid
Urea,C8H29N3O6,72.63,7.31,981.631,Neurotransmitter
Aspirin,C6H14N4O9,288.04,12.74,104.082,Nucleotide
Serotonin,C5H12N4O3,594.26,13.4,850.583,Carbohydrate
Adenosine triphosphate,C17H13N0O7,175.14,8.41,390.672,Lipid
Dopamine,C10H29N4O8,235.31,N/A,579.445,Alkaloid
Caffeine,C5H12N1O9,924.11,10.75,779.245,Neurotransmitter
Ethanol,C20H6N0O9,843.85,7.27,41.766,Alcohol
Caffeine,C14H31N5O10,751.27,N/A,722.767,Organic Compound
Caffeine,C18H36N1O9,827.95,1.81,220.984,Hormone
Cholesterol,C20H21N5O4,776.42,1.06,396.905,Amide
Urea,C8H1N2O5,985.06,8.92,462.265,Alcohol
Adrenaline,C14H9N3O10,341.04,9.51,668.859,Alkaloid
Dopamine,C13H5N2O8,779.06,10.72,443.955,Alcohol
Cholesterol,C3H10N0O3,877.08,N/A,878.955,Alcohol
Ethanol,C19H9N1O10,283.5,8.86,85.501,Hormone
Urea,C11H9N0O10,259.68,6.71,685.273,Nucleotide
Aspirin,C8H29N5O6,873.09,10.21,770.087,Amide
Glucose,C8H3N0O4,991.24,N/A,999.149,Nucleotide
Aspirin,C2H18N3O3,249.94,11.0,181.257,Neurotransmitter
Adenosine triphosphate,C6H17N3O3,874.94,10.74,196.943,Carbohydrate
Cholesterol,C7H37N1O7,187.28,8.4,968.016,Organic Compound
Aspirin,C11H32N1O5,465.78,5.46,823.767,Neurotransmitter
Aspirin,C13H39N1O10,549.53,N/A,247.229,Alkaloid
Adrenaline,C8H21N4O1,123.65,5.68,204.49,Alkaloid
Urea,C4H33N1O4,275.95,7.14,605.562,Alkaloid
Caffeine,C2H18N0O4,600.23,7.06,714.903,Alcohol
Caffeine,C12H21N4O4,127.7,N/A,402.527,Nucleotide
Serotonin,C19H13N0O6,549.63,12.63,646.506,Alkaloid
Caffeine,C2H35N2O8,120.81,5.84,306.831,Carbohydrate
Serotonin,C16H3N0O1,887.93,7.8,568.147,Hormone
Ethanol,C12H24N5O3,311.44,5.02,733.0,Neurotransmitter
Serotonin,C2H15N2O0,659.59,9.59,708.268,Alkaloid
Urea,C9H5N5O0,103.74,9.81,164.401,Lipid
Serotonin,C17H27N0O9,526.86,13.56,645.441,Hormone
Caffeine,C7H25N1O10,154.09,8.73,883.652,Amide
Dopamine,C16H6N1O9,920.47,4.48,795.955,Organic Compound
Dopamine,C3H35N5O2,190.8,2.25,852.626,Organic Compound
Glucose,C9H24N4O10,147.17,N/A,159.811,Hormone
Adenosine triphosphate,C8H36N4O10,181.92,7.84,504.72,Lipid
Cholesterol,C15H16N4O3,907.76,N/A,451.353,Nucleotide
Glucose,C2H14N3O1,305.35,1.58,770.32,Neurotransmitter
Adenosine triphosphate,C14H24N3O8,850.73,2.74,316.9,Nucleotide
Ethanol,C3H20N2O9,688.66,4.27,15.145,Hormone
Ethanol,C5H18N2O10,742.26,8.53,678.628,Hormone
Serotonin,C13H25N0O7,268.39,6.57,224.952,Alcohol
Glucose,C5H3N5O2,885.14,N/A,704.143,Neurotransmitter
Caffeine,C11H16N1O4,594.28,4.48,494.41,Lipid
Urea,C20H39N0O1,191.23,1.75,76.603,Hormone
Dopamine,C15H29N3O10,862.89,3.17,102.139,Carbohydrate
Dopamine,C1H37N4O8,855.47,13.59,805.494,Hormone
Cholesterol,C2H15N3O1,298.33,3.29,858.377,Neurotransmitter
Adrenaline,C5H4N5O8,318.49,13.36,883.91,Alcohol
Aspirin,C16H23N4O3,710.52,5.05,357.566,Amide
Serotonin,C12H11N2O9,464.2,13.98,722.316,Organic Compound
Glucose,C18H26N5O2,836.55,8.47,412.247,Carbohydrate
Urea,C12H36N1O7,333.22,13.32,265.932,Amide
Ethanol,C15H26N3O2,928.6,9.07,148.224,Organic Compound
Dopamine,C14H12N4O3,684.78,3.22,506.011,Neurotransmitter
Adenosine triphosphate,C8H28N2O9,719.86,9.74,571.802,Amide
Ethanol,C13H26N3O2,189.34,10.09,722.116,Carbohydrate
Aspirin,C4H38N5O1,677.83,12.7,282.389,Carbohydrate
Aspirin,C20H21N0O6,141.3,1.99,319.759,Hormone
Adrenaline,C20H29N0O3,413.76,N/A,609.552,Nucleotide
Glucose,C11H39N4O9,960.38,13.96,108.683,Neurotransmitter
Dopamine,C18H25N2O5,571.6,6.91,510.894,Lipid
Adrenaline,C10H5N1O1,329.25,11.19,683.395,Amide
Serotonin,C11H12N0O3,905.37,N/A,484.741,Nucleotide
Adrenaline,C10H22N4O1,261.52,2.31,354.597,Lipid
Glucose,C6H10N1O1,889.53,1.1,573.291,Neurotransmitter
Serotonin,C13H32N5O0,592.9,N/A,420.025,Hormone
Glucose,C7H36N5O7,675.86,7.22,557.598,Amide
Aspirin,C2H33N1O0,878.54,13.88,816.309,Hormone
Aspirin,C4H38N0O9,535.22,9.49,153.036,Alkaloid
Cholesterol,C7H16N3O8,549.17,5.89,184.033,Neurotransmitter
Glucose,C13H38N5O1,203.65,10.68,473.899,Alcohol
Glucose,C11H28N3O0,389.85,1.47,789.851,Lipid
Glucose,C11H1N2O2,133.07,12.11,191.176,Organic Compound
Adenosine triphosphate,C2H8N0O10,485.53,1.36,136.958,Neurotransmitter
Caffeine,C20H29N5O2,671.75,6.68,30.983,Neurotransmitter
Cholesterol,C15H8N4O7,599.54,7.71,701.985,Hormone
Ethanol,C15H32N1O9,890.31,5.17,319.115,Alkaloid
Caffeine,C18H12N0O10,130.37,N/A,802.249,Carbohydrate
Adenosine triphosphate,C12H37N0O2,108.69,6.94,98.388,Carbohydrate
Urea,C12H21N5O2,644.62,7.12,502.728,Carbohydrate
Urea,C19H36N0O1,380.92,8.23,402.803,Lipid
Adenosine triphosphate,C7H19N4O2,981.23,10.75,554.751,Alkaloid
Urea,C12H2N5O5,770.73,N/A,585.159,Amide
Urea,C19H2N4O1,780.78,8.64,507.384,Neurotransmitter
Urea,C10H22N3O6,300.43,7.49,547.5,Amide
Adenosine triphosphate,C5H15N2O3,794.16,N/A,960.699,Organic Compound
Urea,C12H22N0O2,817.87,2.51,986.904,Organic Compound
Cholesterol,C14H40N5O9,514.11,6.32,541.093,Neurotransmitter
Dopamine,C11H34N2O8,70.26,3.5,513.092,Alcohol
Adrenaline,C14H27N0O9,162.62,10.9,624.804,Alkaloid
Urea,C5H9N0O3,507.28,9.64,162.245,Carbohydrate
Adrenaline,C15H3N1O0,609.22,12.94,45.405,Neurotransmitter
Glucose,C8H26N0O4,301.93,9.27,563.92,Alkaloid
Caffeine,C11H16N3O9,258.71,6.74,374.972,Neurotransmitter
Cholesterol,C6H9N1O2,842.05,11.68,511.593,Amide
Caffeine,C18H30N2O6,758.58,10.3,470.915,Lipid
Caffeine,C19H33N2O7,905.16,1.99,388.861,Alkaloid
Caffeine,C1H25N2O2,661.67,N/A,468.155,Organic Compound
Caffeine,C4H23N3O3,229.71,8.87,675.272,Lipid
Urea,C6H27N2O5,971.18,N/A,205.441,Lipid
Aspirin,C10H23N2O6,412.38,1.24,157.759,Carbohydrate
Urea,C8H39N5O9,70.49,N/A,781.806,Neurotransmitter
Serotonin,C14H7N1O10,874.3,N/A,647.178,Hormone
Adrenaline,C16H4N2O7,906.93,4.3,686.1,Alcohol
Urea,C15H12N2O5,899.54,9.41,515.267,Carbohydrate
Ethanol,C4H29N0O6,975.16,N/A,602.357,Carbohydrate
Adenosine triphosphate,C18H34N4O2,220.09,8.2,40.438,Amide
Ethanol,C14H26N2O0,491.93,13.7,451.925,Nucleotide
Ethanol,C15H39N5O9,372.61,2.17,72.891,Neurotransmitter
Caffeine,C18H12N5O5,535.69,1.93,374.247,Lipid
Urea,C20H11N1O10,681.4,7.78,589.911,Organic Compound
Cholesterol,C9H31N5O3,734.32,10.36,17.41,Alkaloid
Ethanol,C17H22N1O3,903.51,10.88,64.322,Hormone
Urea,C14H36N1O7,880.64,4.63,709.842,Organic Compound
Aspirin,C16H40N4O4,328.95,8.56,789.604,Lipid
Urea,C13H10N5O10,132.82,N/A,670.638,Nucleotide
Urea,C7H18N3O10,691.71,N/A,352.592,Alkaloid
Dopamine,C20H6N5O0,633.14,7.82,765.029,Lipid
Aspirin,C18H28N0O4,225.39,N/A,839.6,Carbohydrate
Aspirin,C12H17N1O0,437.06,9.85,274.581,Alkaloid
Glucose,C7H3N1O1,839.89,11.3,963.561,Lipid
Cholesterol,C11H17N0O0,766.56,N/A,111.732,Neurotransmitter
Urea,C15H33N1O10,188.66,6.55,109.036,Neurotransmitter
Cholesterol,C20H25N0O8,290.5,1.59,950.906,Hormone
Adrenaline,C19H24N2O1,506.23,4.73,974.104,Nucleotide
Caffeine,C10H39N3O9,153.58,N/A,501.676,Nucleotide
Glucose,C1H20N3O1,470.85,10.81,922.598,Neurotransmitter
Adrenaline,C12H26N2O10,746.13,2.32,385.453,Alcohol
Caffeine,C7H5N4O7,108.28,11.29,50.006,Lipid
Caffeine,C20H8N4O7,924.62,7.56,702.971,Hormone
Caffeine,C9H25N0O7,838.7,N/A,112.643,Nucleotide
Adenosine triphosphate,C10H3N2O9,156.39,1.49,681.801,Hormone
Adenosine triphosphate,C5H36N0O5,708.1,N/A,236.737,Alkaloid
Dopamine,C14H18N5O3,150.15,N/A,999.656,Lipid
Serotonin,C10H9N3O1,375.68,7.89,983.713,Neurotransmitter
Ethanol,C16H17N3O9,402.73,5.59,137.456,Nucleotide
Ethanol,C1H6N0O8,460.78,13.84,620.062,Alkaloid
Caffeine,C9H18N3O6,538.46,2.21,493.737,Organic Compound
Adenosine triphosphate,C2H29N2O0,970.26,N/A,766.639,Amide
Urea,C10H3N1O3,52.66,5.78,710.771,Alcohol
Ethanol,C19H18N1O0,826.18,5.05,714.494,Lipid
Urea,C15H22N4O1,152.19,N/A,790.716,Amide
Caffeine,C8H29N0O5,423.54,6.86,104.544,Nucleotide
Caffeine,C10H39N4O0,701.68,5.97,710.43,Alcohol
Adenosine triphosphate,C18H30N0O7,905.66,5.75,807.953,Hormone
Adrenaline,C13H29N3O5,725.78,7.46,114.164,Carbohydrate
Ethanol,C7H1N5O0,968.41,10.87,1.736,Alcohol
Dopamine,C17H5N0O5,779.25,3.38,163.151,Organic Compound
Aspirin,C18H31N4O9,207.39,10.47,604.826,Nucleotide
Dopamine,C10H27N5O9,728.88,5.01,374.744,Alkaloid
Caffeine,C5H7N5O0,672.52,N/A,662.515,Amide
Cholesterol,C1H12N1O5,438.48,4.66,455.171,Carbohydrate
Adenosine triphosphate,C19H37N0O6,282.65,N/A,787.229,Alcohol
Cholesterol,C12H18N5O7,305.31,5.26,65.594,Neurotransmitter
Dopamine,C8H33N3O9,516.06,5.43,881.764,Organic Compound
Ethanol,C2H33N3O4,101.37,N/A,972.04,Alkaloid
Caffeine,C12H35N5O3,61.94,8.84,878.834,Alcohol
Ethanol,C5H13N3O4,528.61,9.04,179.703,Alcohol
Adenosine triphosphate,C19H5N2O2,308.91,9.53,863.328,Alkaloid
Cholesterol,C9H38N2O8,264.31,2.22,170.753,Neurotransmitter
Adenosine triphosphate,C1H4N0O9,677.1,13.47,363.777,Amide
Urea,C5H3N4O4,540.31,11.22,657.879,Organic Compound
Dopamine,C17H3N3O5,327.26,4.04,52.157,Lipid
Ethanol,C3H8N0O1,761.59,1.9,684.434,Alcohol
Ethanol,C15H36N0O10,748.89,9.96,8.742,Carbohydrate
Adenosine triphosphate,C8H27N3O6,667.26,13.36,323.917,Neurotransmitter
Ethanol,C12H6N2O10,320.09,8.67,835.681,Alcohol
Caffeine,C6H5N3O5,402.58,6.83,248.557,Hormone
Dopamine,C11H9N4O9,571.89,N/A,259.713,Nucleotide
Dopamine,C1H18N1O3,168.2,13.76,16.055,Organic Compound
Serotonin,C6H21N0O9,729.98,7.29,65.526,Lipid
Adrenaline,C17H17N3O2,445.97,12.16,377.514,Alkaloid
Adenosine triphosphate,C19H9N2O9,460.33,N/A,490.68,Lipid
Adrenaline,C11H24N1O1,149.54,13.39,430.241,Neurotransmitter
Aspirin,C14H36N4O5,110.36,1.09,690.036,Carbohydrate
Ethanol,C8H37N3O3,362.27,10.03,573.762,Neurotransmitter
Urea,C2H23N2O5,986.19,10.41,105.569,Hormone
Serotonin,C5H34N0O4,183.32,5.54,155.682,Alcohol
Ethanol,C11H23N1O6,442.29,3.08,966.186,Carbohydrate
Ethanol,C9H16N2O9,249.57,N/A,520.924,Organic Compound
Serotonin,C8H24N2O3,697.32,N/A,643.85,Nucleotide
Caffeine,C4H19N2O1,133.41,5.15,596.655,Nucleotide
Cholesterol,C1H39N0O1,981.1,8.65,640.913,Alcohol
Cholesterol,C7H8N0O5,208.08,12.79,667.958,Neurotransmitter
Adenosine triphosphate,C15H25N0O5,69.82,1.53,697.692,Nucleotide
Urea,C17H38N2O9,827.96,12.51,983.535,Organic Compound
Caffeine,C10H6N4O8,310.5,10.97,595.112,Neurotransmitter
Caffeine,C13H36N0O0,208.76,N/A,482.616,Hormone
Dopamine,C9H23N1O9,323.61,13.83,678.598,Hormone
Cholesterol,C15H21N5O9,402.31,8.4,518.347,Lipid
Cholesterol,C12H13N2O8,64.4,3.5,665.699,Alcohol
Cholesterol,C8H30N4O4,575.84,N/A,181.215,Nucleotide
Urea,C17H5N5O8,383.27,8.3,475.455,Neurotransmitter
Ethanol,C17H40N4O9,279.75,10.55,236.46,Lipid
Caffeine,C11H16N1O10,517.08,4.54,322.043,Amide
Ethanol,C13H30N5O10,797.42,12.81,793.089,Amide
Aspirin,C20H40N4O0,287.41,N/A,265.626,Alkaloid
Caffeine,C18H15N5O1,103.49,N/A,125.598,Amide
Dopamine,C10H30N5O10,903.85,9.75,777.068,Carbohydrate
Dopamine,C17H39N0O6,715.55,3.87,104.682,Alcohol
Adenosine triphosphate,C9H16N5O6,805.95,11.78,676.733,Organic Compound
Caffeine,C11H17N1O6,869.9,10.34,352.79,Lipid
Dopamine,C20H16N0O6,795.12,N/A,493.376,Carbohydrate
Serotonin,C8H40N4O4,973.65,N/A,994.687,Organic Compound
Ethanol,C20H22N4O2,461.68,N/A,23.707,Alkaloid
Aspirin,C17H16N4O10,983.86,6.18,690.412,Alkaloid
Glucose,C9H33N1O4,829.42,13.61,213.682,Alkaloid
Glucose,C18H21N4O9,616.89,N/A,132.345,Organic Compound
Urea,C19H34N1O0,662.75,11.72,291.802,Hormone
Adenosine triphosphate,C16H14N4O7,274.3,11.78,379.784,Amide
Cholesterol,C4H36N2O7,840.9,N/A,278.188,Lipid
Dopamine,C11H29N3O1,281.06,13.0,857.175,Amide
Dopamine,C11H39N1O3,889.02,11.92,622.71,Organic Compound
Serotonin,C17H31N4O7,446.49,N/A,808.477,Carbohydrate
Urea,C20H36N1O10,515.28,N/A,34.723,Alkaloid
Glucose,C17H38N2O9,242.33,6.44,646.04,Alcohol
Aspirin,C8H19N4O4,531.7,N/A,579.06,Lipid
Adrenaline,C7H4N5O10,255.34,2.54,852.554,Alkaloid
Aspirin,C5H33N0O1,328.5,6.68,965.159,Amide
Caffeine,C8H12N4O9,670.58,N/A,103.365,Neurotransmitter
Serotonin,C3H7N5O8,122.17,11.88,416.968,Hormone
Dopamine,C9H28N4O2,605.62,13.15,756.74,Amide
Aspirin,C7H15N5O10,923.29,12.34,377.206,Nucleotide
Serotonin,C5H37N5O0,836.32,N/A,904.069,Nucleotide
Aspirin,C16H12N2O4,953.54,6.26,481.026,Lipid
Urea,C1H34N2O7,375.34,7.44,10.868,Lipid
Ethanol,C1H12N1O7,392.18,8.15,531.586,Alkaloid
Glucose,C10H37N3O10,349.23,N/A,523.107,Neurotransmitter
Adenosine triphosphate,C7H7N1O3,493.74,4.74,330.857,Nucleotide
Caffeine,C13H27N2O5,868.64,11.51,993.945,Neurotransmitter
Serotonin,C2H37N2O1,999.95,N/A,156.774,Neurotransmitter
Cholesterol,C16H19N5O5,538.56,2.46,786.839,Hormone
Urea,C13H27N3O10,803.91,7.22,687.152,Hormone
Ethanol,C7H18N4O3,689.9,13.31,898.29,Alcohol
Caffeine,C18H26N0O7,774.27,4.06,166.307,Neurotransmitter
Adenosine triphosphate,C20H1N1O9,167.26,1.65,836.51,Nucleotide
Aspirin,C19H17N5O10,168.02,N/A,601.357,Organic Compound
Serotonin,C1H36N4O9,545.57,10.08,162.701,Neurotransmitter
Adrenaline,C17H6N3O4,250.24,3.19,219.053,Carbohydrate
Aspirin,C18H16N1O4,680.7,6.57,840.134,Alcohol
Caffeine,C16H28N3O2,853.88,N/A,772.258,Alkaloid
Cholesterol,C19H31N5O1,135.0,N/A,457.991,Hormone
Serotonin,C13H3N3O1,827.82,6.18,617.502,Lipid
Ethanol,C15H27N2O2,291.73,7.13,297.508,Lipid
Serotonin,C18H3N5O5,905.62,10.21,418.984,Organic Compound
Caffeine,C2H6N5O10,510.2,N/A,964.221,Neurotransmitter
Cholesterol,C4H33N3O9,462.46,5.33,75.321,Alcohol
Glucose,C3H3N1O5,832.86,N/A,945.069,Alcohol
Caffeine,C8H34N2O5,716.02,4.99,393.45,Hormone
Adenosine triphosphate,C7H40N0O1,812.73,N/A,675.572,Nucleotide
Cholesterol,C14H27N4O6,925.23,8.27,796.484,Carbohydrate
Glucose,C10H5N3O6,390.13,2.72,37.23,Alcohol
Glucose,C9H2N4O0,721.42,4.31,88.248,Nucleotide
Serotonin,C4H32N5O6,923.86,7.41,321.768,Hormone
Adrenaline,C13H20N3O2,990.1,N/A,930.82,Carbohydrate
Adrenaline,C18H31N3O1,815.76,N/A,818.321,Alcohol
Ethanol,C9H38N2O5,889.24,13.68,372.459,Alcohol
Adrenaline,C19H19N3O2,324.69,4.61,997.77,Alkaloid
Serotonin,C14H27N1O3,530.12,9.73,823.236,Neurotransmitter
Caffeine,C16H13N4O0,783.98,9.44,748.047,Neurotransmitter
Dopamine,C14H20N1O1,763.46,1.08,47.866,Carbohydrate
Ethanol,C7H7N1O8,537.71,10.83,762.61,Carbohydrate
Aspirin,C20H35N4O8,780.53,10.37,427.533,Hormone
Adenosine triphosphate,C11H17N2O2,257.23,5.92,459.743,Amide
Serotonin,C13H28N5O2,536.56,N/A,768.527,Alcohol
Aspirin,C1H7N2O7,933.45,11.62,563.645,Alkaloid
Adrenaline,C15H20N5O2,129.71,5.56,19.627,Lipid
Ethanol,C17H27N1O0,342.78,N/A,504.718,Organic Compound
Caffeine,C14H27N4O9,554.89,N/A,401.608,Neurotransmitter
Ethanol,C19H37N1O5,263.78,7.75,634.587,Lipid
Serotonin,C14H30N0O0,635.05,11.34,251.715,Lipid
Urea,C15H1N4O1,946.74,4.46,843.953,Carbohydrate
Caffeine,C4H33N5O0,675.68,9.63,620.641,Carbohydrate
Dopamine,C16H2N2O9,173.31,N/A,60.796,Neurotransmitter
Cholesterol,C9H15N0O4,582.42,2.55,164.488,Organic Compound
Glucose,C6H14N1O10,717.8,13.57,236.283,Hormone
Adrenaline,C2H20N2O4,389.71,N/A,177.696,Neurotransmitter
Adrenaline,C8H30N0O10,431.12,2.42,881.126,Carbohydrate
Glucose,C13H19N2O9,205.85,4.91,501.693,Nucleotide
Adrenaline,C7H2N5O3,676.77,5.75,794.453,Neurotransmitter
Aspirin,C3H2N5O1,515.19,3.75,292.697,Hormone
Glucose,C1H37N1O1,542.55,1.23,150.497,Carbohydrate
Aspirin,C1H11N0O3,354.22,6.86,137.288,Amide
Adenosine triphosphate,C11H29N0O3,404.52,13.86,778.052,Alcohol
Adenosine triphosphate,C7H19N1O9,338.64,N/A,643.723,Alcohol
Urea,C9H23N1O1,776.06,9.28,313.974,Hormone
Urea,C20H32N4O9,594.25,4.65,986.103,Alkaloid
Cholesterol,C1H9N5O5,747.6,9.51,510.479,Lipid
Cholesterol,C4H23N5O4,213.17,3.09,581.17,Nucleotide
Aspirin,C7H11N4O8,537.12,N/A,838.704,Neurotransmitter
Caffeine,C12H25N2O5,856.43,N/A,561.044,Neurotransmitter
Urea,C1H40N0O5,896.51,N/A,924.238,Neurotransmitter
Aspirin,C19H12N4O1,214.99,8.81,760.56,Carbohydrate
Cholesterol,C20H17N5O2,275.89,10.48,458.665,Alkaloid
Serotonin,C20H20N3O5,220.57,N/A,956.485,Alkaloid
Ethanol,C4H40N3O0,796.83,8.78,430.128,Lipid
Serotonin,C7H31N2O8,623.37,N/A,517.805,Neurotransmitter
Serotonin,C17H38N2O6,90.95,N/A,922.859,Neurotransmitter
Dopamine,C17H21N2O6,359.09,N/A,408.92,Hormone
Urea,C3H7N3O6,242.09,1.56,38.726,Alcohol
Adrenaline,C13H29N3O8,993.27,13.66,348.742,Neurotransmitter
Serotonin,C9H28N4O10,408.45,5.6,41.123,Alkaloid
Adrenaline,C8H7N4O9,826.56,5.5,409.722,Lipid
Serotonin,C10H11N2O0,164.18,2.13,751.084,Nucleotide
Cholesterol,C12H18N4O3,476.55,N/A,710.25,Nucleotide
Glucose,C14H14N5O8,574.42,8.06,43.515,Neurotransmitter
Aspirin,C2H29N3O9,342.4,N/A,794.479,Alkaloid
Dopamine,C5H30N3O0,731.14,13.0,675.929,Organic Compound
Urea,C7H6N0O8,260.79,4.85,599.46,Carbohydrate
Aspirin,C7H30N5O6,175.23,11.62,50.425,Hormone
Serotonin,C9H40N5O2,162.48,4.81,389.672,Lipid
Adrenaline,C20H4N2O7,980.11,13.69,442.274,Alkaloid
Aspirin,C20H33N5O8,881.15,N/A,12.838,Carbohydrate
Glucose,C20H29N0O0,551.18,11.04,491.847,Alcohol
Adenosine triphosphate,C9H1N1O9,594.82,2.67,523.26,Neurotransmitter
Adenosine triphosphate,C11H11N0O2,404.38,3.46,196.222,Amide
Adenosine triphosphate,C19H22N0O4,919.5,6.85,648.116,Hormone
Caffeine,C14H28N4O0,779.85,3.47,89.772,Neurotransmitter
Ethanol,C8H32N3O4,176.05,3.58,835.385,Nucleotide
Glucose,C19H34N1O8,582.91,N/A,95.889,Lipid
Adrenaline,C9H11N0O2,545.53,4.45,515.527,Alkaloid
Ethanol,C19H15N5O7,451.32,13.78,117.926,Neurotransmitter
Adrenaline,C7H3N5O8,647.65,3.62,962.978,Alcohol
Adrenaline,C7H34N4O9,712.58,11.35,553.573,Nucleotide
Adenosine triphosphate,C15H9N3O9,963.79,3.33,918.05,Alkaloid
Caffeine,C2H11N1O9,461.76,1.84,312.108,Lipid
Urea,C17H40N5O10,880.85,11.52,917.031,Alkaloid
Glucose,C2H19N4O7,971.41,N/A,571.834,Alcohol
Dopamine,C4H29N2O1,53.56,N/A,771.695,Alkaloid
Cholesterol,C16H8N0O10,956.94,13.62,837.207,Alcohol
Adenosine triphosphate,C7H37N3O6,484.7,N/A,161.208,Neurotransmitter
Ethanol,C19H5N4O8,976.94,13.19,327.696,Lipid
Aspirin,C12H33N0O5,489.15,N/A,220.929,Lipid
Caffeine,C15H24N5O10,623.97,9.55,350.962,Neurotransmitter
Serotonin,C9H6N1O8,771.27,N/A,118.6,Nucleotide
Glucose,C18H21N3O2,911.41,1.53,402.817,Alkaloid
Urea,C9H19N4O1,698.87,6.24,238.634,Nucleotide
Urea,C18H39N5O5,534.87,3.55,319.645,Nucleotide
Caffeine,C9H3N3O8,573.14,N/A,695.109,Amide
Urea,C10H38N0O4,350.75,7.04,755.828,Alcohol
Serotonin,C10H27N2O7,519.74,9.46,217.726,Nucleotide
Urea,C8H28N3O2,66.59,7.52,807.582,Hormone
Caffeine,C2H9N3O7,466.66,7.39,993.217,Amide
Glucose,C11H17N2O4,762.45,3.74,764.91,Lipid
Caffeine,C19H5N1O7,997.12,10.32,707.019,Neurotransmitter
Adrenaline,C7H39N2O0,209.54,7.74,751.432,Amide
Cholesterol,C8H1N0O10,56.23,N/A,168.05,Lipid
Ethanol,C8H12N4O3,818.36,3.07,609.64,Amide
Aspirin,C17H34N4O9,347.14,13.93,605.87,Alcohol
Dopamine,C9H31N3O5,383.18,7.08,632.902,Lipid
Glucose,C19H6N2O2,946.67,9.77,812.935,Amide
Adrenaline,C20H40N5O9,218.4,N/A,889.338,Nucleotide
Adrenaline,C10H9N2O4,357.96,3.49,792.064,Nucleotide
Urea,C16H12N3O2,199.45,N/A,636.979,Hormone
Caffeine,C11H28N0O2,627.05,N/A,996.419,Amide
Ethanol,C11H24N2O3,120.0,12.57,942.654,Nucleotide
Adrenaline,C11H33N5O5,505.88,8.47,686.393,Organic Compound
Serotonin,C15H36N5O5,900.64,6.0,725.724,Hormone
Cholesterol,C7H19N2O3,739.8,1.03,914.647,Amide
Ethanol,C19H40N4O0,321.99,6.56,416.051,Neurotransmitter
Urea,C13H8N2O8,730.55,2.79,544.147,Lipid
Adenosine triphosphate,C18H35N2O2,573.78,N/A,101.324,Organic Compound
Glucose,C19H34N2O7,934.29,N/A,702.846,Alkaloid
Cholesterol,C7H21N1O7,144.92,10.72,852.884,Carbohydrate
Dopamine,C11H23N4O3,223.97,N/A,740.537,Lipid
Caffeine,C15H23N1O7,862.19,7.82,744.416,Alcohol
Adrenaline,C2H24N4O9,405.8,N/A,237.071,Lipid
Adrenaline,C6H35N0O4,301.27,12.51,230.12,Amide
Aspirin,C7H5N4O4,228.23,7.27,783.709,Amide
Urea,C15H15N2O3,683.49,8.28,313.856,Alkaloid
Adrenaline,C9H8N2O6,816.68,8.48,109.704,Amide
Aspirin,C10H20N2O10,740.47,1.42,72.526,Lipid
Dopamine,C15H15N5O8,824.39,4.82,920.634,Nucleotide
Aspirin,C12H27N1O8,908.44,9.41,525.361,Hormone
Aspirin,C18H18N2O10,152.69,N/A,436.173,Alkaloid
Dopamine,C5H34N3O0,949.3,N/A,885.104,Nucleotide
Serotonin,C10H1N0O1,537.45,2.15,923.101,Amide
Adrenaline,C8H39N4O7,484.67,11.93,727.587,Neurotransmitter
Ethanol,C6H7N2O3,240.35,13.79,637.476,Amide
Aspirin,C15H20N1O9,961.87,7.13,404.506,Carbohydrate
Aspirin,C12H9N4O5,158.81,11.62,677.69,Organic Compound
Aspirin,C15H14N1O1,614.4,N/A,487.85,Carbohydrate
Aspirin,C17H12N5O1,911.16,6.64,545.4,Carbohydrate
Dopamine,C9H19N1O8,507.45,N/A,820.724,Carbohydrate
Adrenaline,C13H13N5O4,771.29,N/A,275.802,Organic Compound
Caffeine,C7H4N5O4,742.98,N/A,510.844,Amide
Ethanol,C20H12N1O0,75.8,6.86,911.737,Lipid
Adrenaline,C11H6N2O0,207.02,7.82,473.609,Lipid
Adrenaline,C13H19N0O10,741.0,8.67,257.614,Organic Compound
Glucose,C13H22N0O3,163.04,13.35,502.126,Alcohol
Aspirin,C5H38N1O1,97.28,5.33,18.726,Nucleotide
Glucose,C14H20N2O1,909.84,7.37,390.228,Hormone
Serotonin,C1H16N4O7,637.68,12.14,328.466,Amide
Adrenaline,C2H5N1O3,603.64,5.75,501.09,Nucleotide
Dopamine,C20H4N2O7,670.7,12.3,576.833,Nucleotide
Dopamine,C18H3N4O4,117.34,6.39,357.173,Amide
Adrenaline,C2H37N4O1,986.58,13.12,572.837,Neurotransmitter
Aspirin,C10H19N0O5,173.94,10.88,765.603,Amide
Adrenaline,C20H27N5O2,486.18,1.29,653.334,Hormone
Serotonin,C8H8N4O2,719.57,5.32,343.232,Alkaloid
Serotonin,C8H10N2O0,571.69,4.17,56.08,Amide
Caffeine,C20H4N0O7,94.57,3.18,238.938,Organic Compound
Aspirin,C2H7N4O9,567.85,4.67,994.872,Hormone
Dopamine,C10H29N0O5,346.86,12.33,49.917,Hormone
Caffeine,C1H30N3O5,454.31,13.53,67.019,Amide
Ethanol,C14H33N0O8,262.38,12.44,653.871,Hormone
Urea,C16H10N1O2,634.59,N/A,823.243,Lipid
Adrenaline,C1H28N3O0,404.86,6.95,256.572,Carbohydrate
Aspirin,C1H14N5O2,772.11,3.8,222.404,Alkaloid
Caffeine,C5H22N5O7,264.64,5.55,294.798,Carbohydrate
Caffeine,C13H30N3O2,130.9,N/A,799.758,Organic Compound
Cholesterol,C11H9N1O9,244.94,N/A,855.003,Hormone
Dopamine,C16H14N5O10,324.56,N/A,422.336,Alcohol
Cholesterol,C16H5N2O3,917.28,N/A,872.984,Lipid
Glucose,C18H31N1O9,732.8,1.15,55.423,Alkaloid
Caffeine,C15H34N5O1,929.79,N/A,835.904,Alcohol
Ethanol,C7H33N3O6,265.5,8.46,107.885,Hormone
Dopamine,C11H34N3O2,442.14,13.18,77.942,Lipid
Glucose,C13H26N4O6,535.03,N/A,988.054,Carbohydrate
Cholesterol,C7H5N5O3,412.8,10.66,531.825,Hormone
Aspirin,C14H28N2O2,628.99,10.45,877.899,Organic Compound
Urea,C13H15N1O3,440.38,10.94,588.78,Alcohol
Urea,C17H15N0O8,209.9,11.04,63.279,Neurotransmitter
Caffeine,C19H26N2O6,183.78,9.34,291.801,Nucleotide
Caffeine,C4H36N2O5,192.78,12.97,774.886,Neurotransmitter
Glucose,C20H5N2O10,879.7,N/A,420.617,Lipid
Cholesterol,C20H17N4O0,299.2,10.2,969.878,Alkaloid
Urea,C1H8N1O8,354.35,N/A,790.411,Lipid
Dopamine,C6H2N2O2,732.31,8.39,751.865,Organic Compound
Aspirin,C9H27N3O0,603.88,13.77,446.591,Alcohol
Serotonin,C8H6N2O1,178.6,13.62,333.377,Carbohydrate
Cholesterol,C20H33N2O4,897.52,1.69,89.511,Carbohydrate
Cholesterol,C6H4N3O3,689.62,4.33,879.707,Nucleotide
Caffeine,C2H30N0O9,695.11,N/A,471.023,Alcohol
Adenosine triphosphate,C11H15N5O1,432.79,10.36,424.506,Hormone
Ethanol,C1H14N0O10,830.21,N/A,915.69,Alcohol
Aspirin,C1H9N2O0,148.06,4.63,812.075,Alcohol
Urea,C20H33N0O9,806.37,5.69,717.024,Alkaloid
Cholesterol,C11H26N0O7,111.67,6.01,978.665,Organic Compound
Urea,C18H16N2O3,701.81,13.05,982.827,Alkaloid
Urea,C20H7N5O0,488.21,12.14,441.465,Nucleotide
Adrenaline,C16H16N3O1,739.85,11.04,300.371,Alcohol
Serotonin,C16H17N4O4,633.9,13.14,470.911,Hormone
Glucose,C14H15N2O8,450.58,3.84,4.372,Alkaloid
Aspirin,C9H22N4O0,843.7,N/A,200.861,Amide
Adenosine triphosphate,C1H40N1O6,85.78,4.65,665.154,Alcohol
Glucose,C6H25N3O6,961.01,13.02,852.719,Organic Compound
Caffeine,C10H34N4O9,242.53,2.78,108.69,Carbohydrate
Cholesterol,C18H32N3O9,473.28,2.32,992.983,Nucleotide
Ethanol,C17H16N1O1,70.1,N/A,647.079,Lipid
Dopamine,C12H24N0O4,138.92,13.77,249.809,Lipid
Adenosine triphosphate,C12H4N1O4,269.22,8.48,921.882,Lipid
Adenosine triphosphate,C12H18N5O1,476.64,10.79,561.021,Neurotransmitter
Ethanol,C9H15N1O2,120.06,7.95,189.052,Hormone
Ethanol,C7H38N5O8,144.78,13.06,452.356,Neurotransmitter
Urea,C7H22N0O4,594.54,5.17,249.245,Alcohol
Urea,C18H15N0O3,179.2,N/A,639.531,Neurotransmitter
Adrenaline,C4H3N5O7,225.14,1.65,431.737,Neurotransmitter
Cholesterol,C5H13N5O3,673.23,N/A,418.983,Carbohydrate
Glucose,C15H24N0O9,375.25,10.12,406.145,Neurotransmitter
Adenosine triphosphate,C8H40N0O6,172.8,8.39,527.396,Neurotransmitter
Adenosine triphosphate,C3H36N3O7,556.41,1.19,639.104,Organic Compound
Dopamine,C5H4N1O6,677.81,5.45,494.54,Alcohol
Aspirin,C13H4N3O8,411.93,8.86,915.877,Carbohydrate
Urea,C19H34N4O3,474.67,9.7,894.506,Organic Compound
Ethanol,C19H10N1O3,400.77,10.06,614.823,Neurotransmitter
Cholesterol,C8H5N3O3,432.64,N/A,525.077,Amide
Ethanol,C6H16N4O2,250.81,N/A,557.386,Alcohol
Adenosine triphosphate,C9H36N5O9,617.11,9.29,848.932,Alkaloid
Glucose,C20H25N4O4,67.73,8.61,238.608,Alcohol
Adrenaline,C5H8N2O4,767.45,10.7,175.37,Alkaloid
Serotonin,C11H8N1O9,465.71,N/A,167.267,Carbohydrate
Serotonin,C1H32N3O5,706.64,5.94,210.123,Neurotransmitter
Caffeine,C2H7N1O8,68.45,N/A,830.987,Lipid
Serotonin,C8H5N0O10,240.12,N/A,317.634,Nucleotide
Adenosine triphosphate,C7H6N4O8,305.76,1.71,163.81,Hormone
Dopamine,C6H30N0O1,713.84,3.16,865.36,Neurotransmitter
Dopamine,C3H6N1O2,98.45,6.89,471.787,Hormone
Urea,C7H40N1O0,835.22,1.04,962.893,Lipid
Dopamine,C11H37N2O6,861.53,10.04,26.759,Amide
Adenosine triphosphate,C12H7N3O4,230.4,4.9,204.574,Nucleotide
Ethanol,C11H6N0O8,832.78,9.47,285.979,Alkaloid
Ethanol,C19H32N2O4,931.5,2.2,521.726,Lipid
Cholesterol,C6H10N5O0,994.17,N/A,110.782,Carbohydrate
Ethanol,C18H19N5O9,816.42,4.7,175.845,Alkaloid
Ethanol,C8H16N3O1,930.08,12.97,977.817,Amide
Dopamine,C4H24N0O4,306.47,2.47,271.858,Organic Compound
Ethanol,C7H15N0O8,591.04,9.89,449.945,Carbohydrate
Aspirin,C12H26N4O3,633.66,9.1,428.206,Nucleotide
Aspirin,C20H5N0O5,318.26,5.85,61.1,Amide
Caffeine,C10H37N0O0,494.53,11.37,417.617,Nucleotide
Dopamine,C8H14N0O6,448.63,9.76,375.596,Organic Compound
Aspirin,C15H9N2O8,590.04,N/A,355.373,Amide
Cholesterol,C16H38N4O0,710.46,N/A,594.246,Neurotransmitter
Adenosine triphosphate,C15H17N2O8,520.03,9.29,915.238,Alkaloid
Adenosine triphosphate,C11H3N3O8,156.3,10.76,659.564,Carbohydrate
Urea,C17H5N0O3,151.03,13.53,418.33,Alkaloid
Adenosine triphosphate,C14H5N5O10,681.14,13.56,770.504,Neurotransmitter
Dopamine,C6H8N3O3,105.03,6.74,382.216,Hormone
Adrenaline,C3H29N5O10,365.45,5.16,702.238,Neurotransmitter
Dopamine,C12H35N0O8,77.68,7.78,610.467,Nucleotide
Dopamine,C2H27N0O4,824.16,7.04,459.91,Neurotransmitter
Serotonin,C10H15N0O9,665.58,5.4,542.645,Neurotransmitter
Serotonin,C7H19N2O3,61.19,6.11,96.173,Nucleotide
Urea,C14H27N1O1,567.13,6.47,345.658,Hormone
Adrenaline,C12H22N1O1,753.86,N/A,43.918,Neurotransmitter
Ethanol,C11H17N2O3,791.04,8.78,173.859,Lipid
Urea,C1H17N1O5,962.78,2.39,693.138,Nucleotide
Dopamine,C13H11N4O5,927.1,2.85,295.947,Lipid
Cholesterol,C12H1N4O0,599.33,N/A,770.129,Amide
Dopamine,C9H30N1O1,433.14,1.29,669.32,Hormone
Caffeine,C1H16N3O8,826.53,6.07,56.047,Carbohydrate
Dopamine,C17H38N4O7,385.94,6.75,805.96,Hormone
Aspirin,C7H11N0O3,544.41,4.57,12.446,Carbohydrate
Caffeine,C6H8N1O3,817.74,5.83,110.598,Organic Compound
Adrenaline,C2H22N5O9,554.94,3.17,777.026,Alkaloid
Serotonin,C13H9N2O6,196.67,7.36,656.168,Hormone
Aspirin,C13H15N4O10,695.99,4.43,659.116,Nucleotide
Aspirin,C2H40N5O1,241.13,N/A,849.285,Alcohol
Cholesterol,C7H24N2O10,419.37,11.58,754.501,Nucleotide
Caffeine,C14H19N5O5,233.22,3.4,437.084,Neurotransmitter
Urea,C17H34N4O6,688.84,8.86,822.621,Alkaloid
Glucose,C16H7N5O9,178.51,8.28,859.038,Nucleotide
Ethanol,C18H38N4O1,190.39,4.73,307.249,Neurotransmitter
Serotonin,C1H15N0O7,96.89,N/A,534.829,Amide
Urea,C11H34N2O2,281.67,5.3,93.088,Nucleotide
Glucose,C20H14N2O8,182.92,N/A,779.78,Lipid
Urea,C1H40N4O10,101.01,3.37,751.6,Organic Compound
Dopamine,C7H29N3O7,282.1,8.89,173.29,Alkaloid
Dopamine,C18H7N2O2,894.75,3.1,590.376,Organic Compound
Adenosine triphosphate,C6H11N4O2,810.46,1.79,190.828,Hormone
Cholesterol,C10H29N2O10,389.28,3.69,29.884,Nucleotide
Dopamine,C18H11N2O8,460.74,N/A,994.574,Lipid
Adrenaline,C13H14N4O7,184.22,3.11,275.708,Alcohol
Dopamine,C16H2N3O7,414.18,10.57,140.617,Amide
Dopamine,C18H28N5O10,929.15,6.73,220.229,Nucleotide
Dopamine,C4H20N2O6,389.06,3.22,566.512,Alcohol
Adrenaline,C4H6N2O10,864.41,12.56,538.9,Neurotransmitter
Caffeine,C13H10N3O4,291.32,N/A,862.633,Neurotransmitter
Cholesterol,C5H29N1O9,249.74,11.65,60.921,Carbohydrate
Glucose,C11H40N3O2,813.82,13.75,886.414,Nucleotide
Adrenaline,C18H25N3O8,576.92,13.36,175.592,Organic Compound
Glucose,C15H6N0O5,953.69,9.65,171.851,Carbohydrate
Ethanol,C3H9N4O10,239.82,8.53,137.932,Carbohydrate
Glucose,C9H36N1O4,232.65,5.54,930.73,Neurotransmitter
Adrenaline,C17H32N1O8,159.99,4.7,690.234,Carbohydrate
Adenosine triphosphate,C4H38N1O7,293.53,9.48,900.812,Alcohol
Urea,C16H25N2O2,290.16,11.19,809.26,Amide
Glucose,C6H18N2O1,224.32,N/A,525.248,Neurotransmitter
Glucose,C17H8N5O2,950.78,9.19,156.285,Hormone
Cholesterol,C16H1N5O9,551.89,1.94,520.659,Nucleotide
Ethanol,C20H37N2O4,775.57,N/A,578.619,Organic Compound
Adrenaline,C13H7N0O2,586.47,13.49,191.557,Alcohol
Serotonin,C15H2N0O7,804.38,8.33,335.342,Organic Compound
Aspirin,C16H25N0O8,97.08,6.37,128.394,Amide
Glucose,C8H3N1O5,965.48,3.46,326.517,Nucleotide
Adenosine triphosphate,C14H22N1O4,615.38,5.06,676.661,Amide
Serotonin,C16H27N1O2,787.07,11.99,702.265,Organic Compound
Dopamine,C20H5N4O1,871.17,11.45,753.091,Lipid
Ethanol,C18H34N0O7,353.35,7.84,122.663,Amide
Adrenaline,C2H8N4O0,757.66,8.88,925.12,Lipid
Adenosine triphosphate,C3H35N1O4,535.34,4.84,447.611,Hormone
Adenosine triphosphate,C2H11N3O5,634.25,6.0,194.756,Neurotransmitter
Urea,C16H30N4O0,578.54,4.81,661.34,Lipid
Urea,C8H16N3O6,766.13,5.94,632.345,Alcohol
Ethanol,C19H10N1O7,568.49,N/A,764.791,Amide
Dopamine,C13H21N5O7,417.19,11.09,923.719,Alcohol
Caffeine,C5H9N3O10,406.61,10.86,633.078,Neurotransmitter
Urea,C17H5N4O4,633.21,12.31,625.64,Alcohol
Glucose,C17H17N2O0,991.14,N/A,584.006,Lipid
Adrenaline,C3H20N4O8,967.84,1.21,308.804,Carbohydrate
Adenosine triphosphate,C10H31N2O5,672.93,11.94,398.256,Lipid
Glucose,C9H23N1O4,498.6,1.34,605.899,Carbohydrate
Cholesterol,C13H6N5O5,615.54,2.11,931.094,Lipid
Cholesterol,C3H31N0O5,987.61,7.22,791.477,Amide
Adenosine triphosphate,C7H3N5O1,128.72,N/A,644.553,Nucleotide
Serotonin,C1H33N3O3,339.5,13.81,619.369,Hormone
Ethanol,C17H25N1O7,800.49,12.47,638.716,Nucleotide
Urea,C5H33N1O10,985.95,3.39,542.052,Alcohol
Serotonin,C2H20N2O6,610.1,2.23,280.444,Organic Compound
Glucose,C2H15N0O9,904.49,6.92,496.364,Alcohol
Aspirin,C5H9N2O2,639.68,N/A,187.343,Amide
Aspirin,C1H18N0O10,783.65,3.71,112.732,Amide
Urea,C11H18N1O9,193.69,8.65,248.996,Alcohol
Adrenaline,C2H19N0O6,902.13,5.03,690.967,Lipid
Serotonin,C17H14N5O9,548.71,3.53,702.693,Neurotransmitter
Glucose,C15H34N1O7,573.89,5.62,474.832,Alkaloid
Caffeine,C8H7N3O2,619.06,7.55,386.759,Alkaloid
Cholesterol,C8H2N1O7,210.32,N/A,424.585,Alcohol
Cholesterol,C18H31N0O9,194.21,6.54,926.638,Nucleotide
Adrenaline,C17H7N0O9,218.06,1.69,77.122,Amide
Adenosine triphosphate,C3H22N0O0,709.66,N/A,281.051,Lipid
Cholesterol,C12H2N3O7,956.74,12.7,504.984,Organic Compound
Serotonin,C2H27N3O9,569.14,10.6,119.079,Amide
Ethanol,C9H39N0O9,586.74,6.02,612.062,Alkaloid
Cholesterol,C20H28N1O0,356.9,N/A,507.672,Organic Compound
Aspirin,C17H27N3O10,410.88,10.83,819.564,Carbohydrate
Adrenaline,C17H7N4O8,304.66,9.06,371.468,Alcohol
Adenosine triphosphate,C8H9N1O10,263.82,7.45,145.697,Lipid
Adrenaline,C13H1N0O8,459.11,12.62,613.574,Alkaloid
Aspirin,C15H35N1O5,429.65,4.4,964.341,Lipid
Cholesterol,C11H23N4O0,438.44,N/A,751.459,Nucleotide
Serotonin,C4H16N2O8,729.91,6.44,32.308,Alkaloid
Urea,C16H22N1O8,551.43,N/A,118.38,Hormone
Ethanol,C13H21N2O1,954.06,12.19,37.49,Carbohydrate
Urea,C3H32N4O1,312.61,8.74,499.097,Carbohydrate
Ethanol,C10H25N1O3,84.8,7.35,844.567,Neurotransmitter
Adrenaline,C10H16N0O8,568.07,1.01,246.884,Neurotransmitter
Caffeine,C2H25N0O3,619.98,N/A,683.787,Organic Compound
Adrenaline,C18H15N0O8,714.07,5.1,532.796,Alcohol
Ethanol,C19H2N0O3,747.22,3.13,512.002,Carbohydrate
Cholesterol,C1H20N4O7,747.13,6.96,37.447,Hormone
Ethanol,C10H13N3O7,631.29,5.15,561.898,Amide
Caffeine,C9H32N3O7,137.0,6.35,323.177,Organic Compound
Serotonin,C5H37N0O9,257.38,12.03,283.378,Lipid
Glucose,C6H17N2O7,464.27,6.07,432.087,Neurotransmitter
Urea,C13H7N5O3,745.27,6.21,30.985,Organic Compound
Urea,C9H9N2O3,122.69,3.91,909.1,Nucleotide
Caffeine,C11H38N2O7,761.85,3.25,766.59,Lipid
Cholesterol,C8H34N0O2,678.94,13.13,890.575,Organic Compound
Aspirin,C18H38N2O5,526.65,10.35,268.981,Amide
Urea,C3H25N0O4,119.02,5.22,28.925,Organic Compound
Adenosine triphosphate,C9H10N0O0,656.88,N/A,132.787,Neurotransmitter
Glucose,C14H1N1O1,52.74,N/A,271.103,Nucleotide
Adrenaline,C10H12N3O1,636.96,N/A,240.268,Amide
Adenosine triphosphate,C10H28N4O8,185.17,1.64,443.365,Alkaloid
Serotonin,C8H40N3O9,411.38,N/A,311.851,Neurotransmitter
Serotonin,C9H23N4O5,621.22,7.37,982.322,Carbohydrate
Glucose,C13H35N5O5,423.08,6.67,327.877,Nucleotide
Adrenaline,C13H16N3O4,256.6,N/A,566.388,Carbohydrate
Urea,C14H12N4O5,748.65,12.83,999.945,Carbohydrate
Cholesterol,C13H7N4O9,53.54,3.64,110.504,Carbohydrate
Adenosine triphosphate,C17H36N1O4,119.45,N/A,447.041,Carbohydrate
Glucose,C7H40N1O5,722.11,N/A,523.856,Alkaloid
Ethanol,C8H16N4O10,527.98,2.84,451.346,Nucleotide
Dopamine,C7H35N5O6,732.21,9.61,465.866,Amide
Serotonin,C11H10N0O0,128.93,4.43,160.67,Alkaloid
Dopamine,C19H21N2O1,154.83,13.73,450.999,Alcohol
Caffeine,C6H12N4O5,588.33,5.67,23.691,Amide
Adrenaline,C18H30N5O7,678.97,N/A,873.952,Nucleotide
Dopamine,C2H32N3O2,414.6,3.3,74.836,Lipid
Cholesterol,C13H9N2O0,226.62,6.45,552.605,Nucleotide
Adenosine triphosphate,C12H3N3O7,632.15,4.51,979.541,Hormone
Glucose,C13H33N1O10,601.4,1.06,745.408,Amide
Adrenaline,C13H26N4O4,357.2,N/A,415.404,Organic Compound
Adrenaline,C17H15N2O6,218.27,11.37,64.421,Alkaloid
Glucose,C14H7N1O6,705.49,6.25,129.537,Hormone
Cholesterol,C1H25N4O4,879.97,8.85,362.254,Nucleotide
Cholesterol,C7H33N0O2,281.05,5.55,436.259,Amide
Dopamine,C14H20N0O3,236.62,12.06,193.116,Carbohydrate
Aspirin,C18H9N1O10,612.42,N/A,18.245,Organic Compound
Glucose,C11H3N1O2,166.3,11.63,757.493,Amide
Cholesterol,C12H37N5O2,758.11,7.77,374.719,Carbohydrate
Serotonin,C10H4N0O2,131.49,N/A,709.263,Alkaloid
Dopamine,C16H8N2O0,317.69,13.41,216.556,Amide
Glucose,C2H16N2O7,934.26,N/A,98.667,Lipid
Glucose,C7H8N4O6,992.42,10.54,297.985,Lipid
Caffeine,C18H4N4O0,169.78,12.88,751.155,Carbohydrate
Aspirin,C17H26N1O3,487.21,7.89,364.188,Alkaloid
Aspirin,C2H2N3O4,492.91,5.9,19.939,Organic Compound
Urea,C4H9N1O0,814.94,9.8,895.612,Alcohol
Urea,C6H2N2O4,72.26,11.57,493.054,Neurotransmitter
Adrenaline,C3H33N2O0,502.99,N/A,828.507,Amide
Adenosine triphosphate,C5H15N0O6,742.18,N/A,667.806,Amide
Dopamine,C18H8N3O5,919.84,9.39,619.087,Amide
Adrenaline,C13H4N2O7,78.25,N/A,346.483,Amide
Glucose,C14H13N2O9,805.89,N/A,640.575,Hormone
Caffeine,C1H29N1O7,783.89,9.3,215.442,Hormone
Adenosine triphosphate,C7H38N5O10,99.3,13.08,48.423,Hormone
Adenosine triphosphate,C2H12N1O6,158.84,3.0,656.888,Organic Compound
Adenosine triphosphate,C15H5N1O2,875.57,12.37,21.448,Alkaloid
Caffeine,C5H28N1O7,81.64,10.51,880.207,Nucleotide
Adenosine triphosphate,C12H33N1O8,777.27,4.2,578.978,Carbohydrate
Glucose,C19H27N1O9,280.65,7.41,651.164,Hormone
Aspirin,C11H30N1O6,686.45,11.06,660.8,Amide
Ethanol,C15H1N4O8,999.02,N/A,788.359,Lipid
Ethanol,C8H11N5O9,850.4,12.42,412.967,Nucleotide
Urea,C13H23N3O1,187.0,1.2,758.135,Lipid
Adrenaline,C7H4N1O4,126.53,N/A,633.839,Nucleotide
Caffeine,C7H19N4O7,344.23,10.79,421.92,Hormone
Caffeine,C13H33N5O6,203.76,3.62,324.507,Alkaloid
Adrenaline,C18H39N4O8,436.34,12.28,458.939,Hormone
Adrenaline,C20H26N3O8,476.67,6.13,349.225,Lipid
Dopamine,C18H22N4O4,53.34,9.07,172.467,Lipid
Dopamine,C2H32N4O3,326.3,11.81,143.289,Organic Compound
Adrenaline,C1H5N5O0,268.27,N/A,83.551,Lipid
Urea,C15H39N4O5,309.55,N/A,603.13,Neurotransmitter
Adenosine triphosphate,C20H28N3O10,624.61,N/A,658.657,Carbohydrate
Serotonin,C20H19N4O9,614.9,10.96,375.244,Alkaloid
Cholesterol,C11H13N5O10,917.95,5.0,861.29,Neurotransmitter
Serotonin,C3H21N4O4,146.5,9.28,418.544,Alkaloid
Cholesterol,C2H6N2O0,98.43,7.78,615.014,Lipid
Caffeine,C11H12N1O7,195.46,N/A,870.416,Neurotransmitter
Caffeine,C15H11N4O6,955.17,4.4,255.717,Carbohydrate
Adenosine triphosphate,C7H18N3O5,918.45,N/A,80.247,Nucleotide
Cholesterol,C12H8N2O6,548.48,9.63,577.089,Neurotransmitter
Aspirin,C12H16N4O0,326.04,N/A,760.762,Nucleotide
Urea,C3H36N0O9,527.92,2.11,7.216,Alcohol
Adrenaline,C1H25N1O1,990.01,5.4,781.588,Hormone
Serotonin,C5H28N1O9,70.2,3.09,159.736,Nucleotide
Cholesterol,C16H11N5O5,354.87,N/A,459.752,Neurotransmitter
Urea,C11H37N5O9,143.11,N/A,428.941,Nucleotide
Dopamine,C2H14N4O6,331.09,10.37,718.127,Carbohydrate
Glucose,C18H40N2O7,859.3,9.19,986.187,Lipid
Ethanol,C16H26N1O10,186.28,12.73,849.011,Nucleotide
Adrenaline,C6H7N5O10,824.66,N/A,59.331,Carbohydrate
Aspirin,C20H30N0O1,317.32,4.6,752.265,Carbohydrate
Dopamine,C18H5N4O3,156.03,7.86,968.037,Carbohydrate
Dopamine,C12H3N5O5,71.98,N/A,539.02,Hormone
Ethanol,C8H15N2O2,223.07,3.76,155.669,Carbohydrate
Caffeine,C20H3N3O8,524.55,5.72,319.771,Hormone
Adenosine triphosphate,C2H33N4O5,137.06,3.62,765.242,Organic Compound
Serotonin,C1H27N2O9,105.49,5.96,568.586,Lipid
Ethanol,C7H14N5O10,282.19,N/A,350.903,Alcohol
Caffeine,C5H1N0O7,676.3,6.69,59.837,Amide
Adenosine triphosphate,C12H3N2O3,956.3,8.81,171.87,Amide
Cholesterol,C2H15N4O9,236.17,1.91,686.85,Hormone
Caffeine,C3H36N2O2,237.82,8.34,83.895,Nucleotide
Serotonin,C11H21N4O3,897.62,2.89,559.392,Neurotransmitter
Serotonin,C3H39N0O0,344.83,4.69,737.695,Amide
Dopamine,C9H3N0O7,599.09,2.82,613.081,Carbohydrate
Adrenaline,C6H5N0O6,730.58,6.49,581.946,Hormone
Ethanol,C2H1N3O10,446.89,N/A,726.4,Carbohydrate
Urea,C9H4N1O0,900.36,N/A,262.646,Carbohydrate
Caffeine,C11H28N0O4,562.13,13.35,69.042,Nucleotide
Glucose,C12H27N5O2,410.68,12.76,412.466,Organic Compound
Serotonin,C1H11N0O4,116.48,8.49,320.901,Amide
Cholesterol,C12H3N2O5,342.67,3.89,548.397,Carbohydrate
Aspirin,C6H25N3O8,120.45,6.04,627.327,Organic Compound
Serotonin,C10H30N1O7,612.53,4.64,441.712,Alkaloid
Adenosine triphosphate,C9H16N3O10,573.93,5.49,530.196,Amide
Dopamine,C4H22N4O10,839.53,1.05,243.501,Hormone
Ethanol,C4H19N5O8,670.95,13.1,542.593,Organic Compound
Glucose,C17H17N5O8,244.5,11.41,206.217,Nucleotide
Cholesterol,C15H36N3O4,551.59,1.76,621.804,Organic Compound
Urea,C19H5N5O10,931.06,N/A,588.828,Carbohydrate
Cholesterol,C18H17N4O5,688.0,12.89,338.6,Neurotransmitter
Adenosine triphosphate,C16H18N3O3,294.47,6.42,761.129,Nucleotide
Glucose,C1H33N1O4,194.92,5.71,973.873,Alcohol
Ethanol,C10H28N0O4,154.92,5.65,383.247,Carbohydrate
Cholesterol,C20H10N5O3,994.59,3.59,149.753,Carbohydrate
Cholesterol,C5H23N5O9,344.24,7.29,925.449,Carbohydrate
Urea,C4H29N1O1,59.42,10.02,915.037,Lipid
Caffeine,C7H12N5O7,264.9,2.39,202.118,Alkaloid
Aspirin,C16H10N2O0,381.44,10.36,973.643,Lipid
Glucose,C18H39N1O1,64.35,1.12,500.327,Neurotransmitter
Adenosine triphosphate,C5H10N0O5,919.2,3.2,158.112,Lipid
Adrenaline,C11H36N4O6,535.6,12.44,489.393,Carbohydrate
Caffeine,C7H13N0O9,640.18,N/A,463.104,Alcohol
Caffeine,C11H18N2O9,473.18,N/A,571.674,Amide
Aspirin,C6H10N0O0,838.41,N/A,711.909,Alcohol
Cholesterol,C10H25N3O5,375.5,12.78,66.342,Lipid
Cholesterol,C18H2N2O3,304.46,3.72,381.408,Alcohol
Adenosine triphosphate,C7H18N1O6,382.5,1.13,415.279,Alkaloid
Ethanol,C1H17N2O8,617.82,12.83,544.443,Amide
Aspirin,C13H7N3O7,888.41,9.53,903.721,Alcohol
Adrenaline,C8H37N0O5,941.08,6.2,374.789,Nucleotide
Urea,C5H6N2O6,773.09,2.67,281.682,Nucleotide
Serotonin,C7H19N5O4,559.36,4.79,888.916,Alcohol
Aspirin,C14H37N5O1,782.27,9.59,150.577,Alkaloid
Serotonin,C11H33N5O2,368.51,9.32,666.919,Neurotransmitter
Ethanol,C5H16N4O9,609.57,10.43,322.272,Neurotransmitter
Dopamine,C19H12N5O3,312.14,2.47,49.353,Neurotransmitter
Adenosine triphosphate,C8H3N0O8,983.02,13.88,167.365,Alkaloid
Aspirin,C12H28N0O9,634.19,N/A,370.272,Hormone
Adrenaline,C10H36N0O3,167.3,5.21,922.829,Neurotransmitter
Adenosine triphosphate,C18H23N0O10,754.15,12.15,938.729,Lipid
Adenosine triphosphate,C17H13N4O1,855.03,5.73,307.168,Neurotransmitter
Serotonin,C12H16N2O1,992.42,12.6,120.194,Neurotransmitter
Ethanol,C1H7N3O1,819.91,12.94,614.255,Lipid
Glucose,C12H37N2O5,295.32,N/A,372.114,Organic Compound
Aspirin,C13H15N0O7,159.53,10.83,547.522,Carbohydrate
Adrenaline,C17H33N1O4,309.1,11.38,210.536,Hormone
Urea,C9H31N5O0,696.42,N/A,284.489,Nucleotide
Adrenaline,C4H39N3O9,613.83,5.3,670.669,Alcohol
Serotonin,C11H31N0O4,964.51,N/A,508.762,Nucleotide
Glucose,C5H7N0O5,277.29,5.18,899.13,Carbohydrate
Ethanol,C14H1N4O4,802.11,12.12,2.082,Lipid
Glucose,C4H29N0O2,954.24,4.59,365.539,Hormone
Glucose,C15H24N0O1,939.88,N/A,263.714,Carbohydrate
Aspirin,C17H6N5O6,670.34,N/A,245.312,Alkaloid
Cholesterol,C12H4N2O6,396.88,N/A,813.752,Amide
Dopamine,C7H30N2O9,131.47,7.41,349.923,Neurotransmitter
Cholesterol,C5H35N0O0,722.11,7.86,671.741,Amide
Dopamine,C5H26N5O5,204.59,3.98,69.304,Carbohydrate
Cholesterol,C14H40N3O1,653.15,5.5,552.4,Hormone
Adenosine triphosphate,C14H38N5O8,984.29,10.52,155.46,Carbohydrate
Aspirin,C10H25N4O1,975.73,3.65,24.202,Hormone
Aspirin,C14H33N2O9,521.04,7.85,989.483,Organic Compound
Urea,C10H39N4O10,516.19,N/A,813.625,Neurotransmitter
Cholesterol,C14H23N2O1,452.97,4.78,767.48,Hormone
Dopamine,C13H2N1O4,300.8,8.83,921.876,Lipid
Adrenaline,C19H28N0O6,61.28,4.72,586.717,Amide
Adenosine triphosphate,C16H18N5O3,169.66,6.46,381.363,Nucleotide
Serotonin,C19H32N5O9,235.36,N/A,941.294,Carbohydrate
Ethanol,C1H28N5O10,624.67,2.49,632.123,Amide
Urea,C12H29N3O3,849.65,5.61,595.175,Alkaloid
Caffeine,C1H28N4O8,276.71,9.93,163.396,Carbohydrate
Ethanol,C5H7N2O6,561.75,9.97,950.613,Lipid
Aspirin,C16H1N4O6,178.84,6.31,803.153,Alkaloid
Cholesterol,C7H9N0O8,455.66,2.03,656.283,Neurotransmitter
Caffeine,C17H25N4O8,96.12,5.28,597.753,Alcohol
Cholesterol,C16H39N5O2,543.28,2.58,40.89,Alkaloid
Aspirin,C19H9N3O5,751.64,N/A,31.241,Organic Compound
Caffeine,C15H37N4O0,434.44,5.83,216.424,Hormone
Cholesterol,C10H25N3O8,615.54,3.1,564.838,Lipid
Aspirin,C11H13N0O7,127.4,6.0,521.794,Nucleotide
Aspirin,C18H1N2O2,50.05,12.31,125.79,Organic Compound
Urea,C13H13N5O5,746.82,3.45,911.92,Carbohydrate
Caffeine,C6H24N1O3,116.58,4.05,772.695,Alcohol
Urea,C6H15N2O3,173.18,N/A,983.462,Nucleotide
Urea,C5H19N5O9,142.39,9.41,381.011,Amide
Ethanol,C4H21N1O4,882.55,N/A,350.05,Amide
Dopamine,C15H36N0O9,771.15,11.36,855.582,Organic Compound
Serotonin,C13H6N1O6,210.03,9.51,498.869,Nucleotide
Adenosine triphosphate,C7H20N0O5,734.72,12.21,464.189,Alcohol
Caffeine,C13H21N3O0,580.07,9.19,32.03,Carbohydrate
Adrenaline,C19H23N5O3,422.65,10.31,516.628,Alcohol
Adenosine triphosphate,C1H20N5O5,379.06,13.01,782.953,Lipid
Caffeine,C13H23N0O4,307.47,4.04,590.095,Carbohydrate
Caffeine,C2H24N1O0,509.55,8.9,817.997,Organic Compound
Ethanol,C13H17N1O7,647.24,2.46,628.054,Carbohydrate
Adrenaline,C19H25N0O4,660.86,6.26,375.396,Carbohydrate
Dopamine,C1H15N5O3,557.1,13.68,195.822,Hormone
Aspirin,C9H35N1O4,852.84,11.42,98.252,Neurotransmitter
Adrenaline,C13H10N2O5,730.43,2.85,237.9,Amide
Glucose,C16H1N5O3,811.8,5.49,512.264,Nucleotide
Ethanol,C3H6N0O8,926.89,13.28,937.231,Nucleotide
Ethanol,C17H2N3O7,117.66,N/A,370.233,Hormone
Adrenaline,C14H24N4O0,508.58,3.0,283.233,Nucleotide
Glucose,C8H39N1O8,707.88,4.35,293.558,Alkaloid
Adrenaline,C5H25N2O2,54.9,13.6,153.622,Organic Compound
Caffeine,C12H39N2O8,849.49,1.72,593.099,Lipid
Urea,C3H14N2O9,181.53,5.75,395.118,Amide
Dopamine,C10H16N3O1,576.1,13.45,520.75,Carbohydrate
Cholesterol,C12H9N0O9,537.45,6.89,458.867,Carbohydrate
Serotonin,C12H21N3O1,929.82,6.94,445.901,Neurotransmitter
Cholesterol,C14H34N2O6,121.84,10.25,399.164,Carbohydrate
Cholesterol,C13H17N5O2,196.86,2.81,517.469,Nucleotide
Glucose,C17H10N2O6,785.54,N/A,329.474,Alkaloid
Ethanol,C19H29N3O6,363.3,11.53,474.289,Hormone
Adrenaline,C3H28N1O1,781.83,N/A,575.321,Organic Compound
Adrenaline,C20H1N0O4,850.94,3.75,151.533,Nucleotide
Adrenaline,C8H21N2O10,564.11,8.48,130.558,Amide
Cholesterol,C5H24N2O3,344.4,N/A,364.977,Nucleotide
Serotonin,C18H40N1O9,792.18,8.44,245.171,Alkaloid
Caffeine,C18H2N3O10,662.57,6.36,715.797,Nucleotide
Urea,C18H30N1O0,196.79,7.11,733.878,Nucleotide
Aspirin,C5H23N1O9,556.64,6.03,644.102,Organic Compound
Glucose,C10H23N0O1,448.43,7.68,417.245,Lipid
Serotonin,C6H18N1O0,709.45,10.2,152.437,Lipid
Aspirin,C17H17N1O5,417.96,N/A,927.815,Nucleotide
Caffeine,C7H1N3O10,253.32,1.05,411.135,Carbohydrate
Caffeine,C15H34N3O6,825.48,11.18,856.77,Amide
Adenosine triphosphate,C14H5N5O5,988.64,3.66,387.25,Alcohol
Adenosine triphosphate,C3H4N2O4,356.44,11.12,34.722,Carbohydrate
Adrenaline,C18H33N3O7,264.38,12.89,432.9,Alkaloid
Serotonin,C8H7N1O3,267.37,12.31,478.399,Alkaloid
Urea,C2H17N2O9,279.56,N/A,904.897,Lipid
Urea,C11H3N0O1,414.25,5.61,243.316,Amide
Adenosine triphosphate,C1H32N3O0,918.53,6.72,81.803,Alcohol
Glucose,C5H19N5O4,345.49,8.12,94.348,Carbohydrate
Adenosine triphosphate,C3H12N3O6,881.3,4.79,738.052,Alkaloid
Aspirin,C18H33N4O3,364.55,2.06,773.433,Carbohydrate
Caffeine,C16H22N1O10,78.1,4.15,313.125,Hormone
Urea,C4H17N5O2,158.99,7.29,586.568,Hormone
Ethanol,C2H13N1O9,283.76,N/A,189.037,Nucleotide
Caffeine,C16H39N3O6,594.75,3.41,432.232,Lipid
Dopamine,C4H25N0O2,407.98,4.67,972.676,Organic Compound
Serotonin,C10H33N0O6,322.66,7.51,888.692,Organic Compound
Caffeine,C18H15N5O7,55.74,11.77,637.923,Nucleotide
Adenosine triphosphate,C8H27N5O4,164.25,10.5,910.274,Hormone
Adenosine triphosphate,C2H28N2O0,635.28,5.3,526.016,Amide
Dopamine,C15H28N4O1,890.2,4.1,885.184,Lipid
Serotonin,C9H23N2O0,290.81,9.25,219.967,Alkaloid
Dopamine,C15H26N4O5,352.43,9.05,90.398,Organic Compound
Serotonin,C1H26N4O8,455.81,7.59,864.419,Lipid
Aspirin,C6H39N4O4,231.08,3.96,229.221,Carbohydrate
Adenosine triphosphate,C7H21N2O4,924.34,10.26,218.468,Carbohydrate
Glucose,C14H12N0O9,109.8,5.63,575.3,Neurotransmitter
Dopamine,C4H8N2O2,137.65,8.89,873.1,Hormone
Adenosine triphosphate,C13H28N0O10,743.16,6.76,227.04,Nucleotide
Adenosine triphosphate,C14H35N0O4,678.27,1.78,946.461,Alcohol
Dopamine,C6H30N1O3,326.98,7.16,725.43,Alcohol
Adenosine triphosphate,C16H23N0O2,724.57,1.25,259.088,Alcohol
Glucose,C14H37N2O7,133.21,11.01,613.445,Carbohydrate
Cholesterol,C14H8N2O9,656.02,N/A,339.833,Alcohol
Urea,C9H17N0O3,785.59,11.07,571.156,Hormone
Ethanol,C17H8N3O1,473.53,10.22,563.534,Nucleotide
Adrenaline,C14H22N3O7,188.81,7.91,826.388,Hormone
Ethanol,C10H22N2O7,898.23,1.34,297.219,Amide
Caffeine,C17H24N4O1,98.88,1.96,768.308,Alcohol
Dopamine,C7H35N4O8,232.91,2.39,568.464,Lipid
Ethanol,C2H19N4O2,113.57,7.29,985.698,Nucleotide
Serotonin,C16H19N5O3,77.16,7.56,213.961,Amide
Dopamine,C13H5N0O9,614.13,8.46,797.34,Carbohydrate
Adenosine triphosphate,C20H22N1O8,400.32,1.97,187.212,Carbohydrate
Aspirin,C2H40N4O0,952.08,1.98,282.654,Alkaloid
Serotonin,C7H28N1O4,831.65,N/A,149.088,Alkaloid
Cholesterol,C12H1N4O7,461.47,N/A,432.847,Hormone
Adrenaline,C9H15N1O6,979.74,9.79,837.607,Amide
Urea,C7H29N4O7,702.26,N/A,22.855,Organic Compound
Glucose,C20H14N4O7,333.44,12.99,19.116,Neurotransmitter
Ethanol,C13H20N0O7,60.72,4.0,576.673,Carbohydrate
Cholesterol,C9H28N3O8,220.65,8.77,253.083,Hormone
Glucose,C8H25N5O9,973.18,9.88,842.774,Hormone
Adrenaline,C12H24N0O9,447.2,2.68,692.397,Alkaloid
Serotonin,C16H20N3O5,885.7,10.1,553.841,Alkaloid
Serotonin,C13H22N3O5,221.51,9.74,173.272,Alkaloid
Serotonin,C19H10N3O4,116.93,10.58,248.326,Alkaloid
Urea,C13H32N3O0,132.37,1.44,925.074,Hormone
Adenosine triphosphate,C8H4N0O8,128.12,2.33,265.305,Amide
Adenosine triphosphate,C1H26N5O10,346.29,10.41,42.823,Hormone
Adenosine triphosphate,C4H14N4O7,643.94,8.53,691.243,Carbohydrate
Serotonin,C8H2N0O0,669.59,8.69,437.076,Carbohydrate
Serotonin,C20H21N1O0,521.48,11.64,914.366,Neurotransmitter
Urea,C20H16N2O8,922.14,2.93,589.893,Amide
Aspirin,C5H39N2O3,811.09,9.0,437.521,Alcohol
Urea,C4H16N3O5,465.26,N/A,134.332,Alcohol
Adrenaline,C4H39N5O4,897.89,5.26,908.349,Lipid
Urea,C4H28N2O7,391.41,2.74,557.984,Lipid
Caffeine,C6H21N1O5,883.12,3.51,390.159,Neurotransmitter
Glucose,C11H3N3O8,918.09,9.41,727.519,Neurotransmitter
Adenosine triphosphate,C2H16N0O5,735.94,1.08,111.465,Lipid
Adenosine triphosphate,C17H34N4O9,954.91,4.9,908.774,Hormone
Cholesterol,C4H8N4O5,195.89,13.87,703.009,Nucleotide
Aspirin,C16H26N3O10,90.09,8.14,701.556,Nucleotide
Aspirin,C16H4N1O3,655.19,4.86,920.554,Alcohol
Adenosine triphosphate,C17H8N3O4,424.85,5.06,386.042,Hormone
Adrenaline,C6H17N5O8,838.1,11.99,265.622,Alkaloid
Aspirin,C11H6N4O5,660.73,6.21,546.52,Amide
Ethanol,C15H30N4O8,928.74,1.77,168.143,Amide
Cholesterol,C5H14N4O2,901.03,N/A,719.814,Hormone
Urea,C12H40N1O3,65.89,8.46,890.713,Amide
Glucose,C4H23N4O8,914.07,10.8,530.795,Nucleotide
Aspirin,C5H40N2O4,519.71,5.26,219.437,Lipid
Aspirin,C20H3N1O7,676.95,5.35,101.066,Alcohol
Glucose,C12H27N2O9,189.93,10.49,215.617,Neurotransmitter
Dopamine,C15H21N0O4,751.0,N/A,288.784,Hormone
Cholesterol,C5H36N4O8,709.06,5.58,799.005,Neurotransmitter
Adrenaline,C2H6N1O10,656.37,2.88,326.289,Hormone
Glucose,C20H40N4O9,658.16,2.53,549.044,Nucleotide
Cholesterol,C16H21N4O4,82.12,N/A,541.87,Carbohydrate
Cholesterol,C9H6N0O6,809.58,9.94,420.943,Lipid
Ethanol,C17H15N3O9,776.83,1.91,335.545,Neurotransmitter
Caffeine,C6H19N1O5,123.66,N/A,694.952,Organic Compound
Glucose,C18H31N4O6,795.45,5.05,476.888,Alkaloid
Adrenaline,C20H26N1O10,481.48,N/A,996.032,Amide
Aspirin,C13H17N0O6,57.32,N/A,731.443,Amide
Urea,C15H24N2O7,224.71,10.1,788.135,Amide
Cholesterol,C20H38N4O2,799.88,5.32,487.008,Lipid
Glucose,C5H20N4O3,139.92,N/A,614.963,Amide
Caffeine,C4H24N3O2,857.09,10.64,775.322,Neurotransmitter
Glucose,C11H40N3O9,642.48,2.72,619.52,Alcohol
Cholesterol,C20H10N5O7,505.43,5.18,987.372,Carbohydrate
Dopamine,C7H38N2O1,916.53,8.82,390.043,Nucleotide
Glucose,C11H30N5O7,939.71,10.6,331.532,Nucleotide
Adrenaline,C16H28N4O10,91.8,11.15,640.933,Lipid
Serotonin,C18H4N4O8,83.25,7.37,501.092,Lipid
Aspirin,C4H38N0O2,321.4,1.18,690.771,Alcohol
Cholesterol,C13H1N0O10,167.56,6.63,970.804,Nucleotide
Glucose,C3H21N5O4,541.51,2.97,112.185,Alkaloid
Caffeine,C12H7N5O3,537.91,N/A,8.177,Organic Compound
Urea,C17H40N1O1,527.94,6.07,786.905,Organic Compound
Dopamine,C6H8N4O9,535.1,5.21,529.272,Alkaloid
Ethanol,C17H38N4O3,449.77,7.2,612.828,Alkaloid
Dopamine,C13H8N3O2,579.09,4.57,669.384,Neurotransmitter
Cholesterol,C15H10N3O1,878.59,N/A,268.152,Neurotransmitter
Glucose,C2H33N5O2,270.97,6.74,299.018,Hormone
Aspirin,C20H33N2O0,575.34,N/A,200.867,Neurotransmitter
Caffeine,C18H30N5O2,597.74,1.67,13.244,Neurotransmitter
Cholesterol,C8H26N4O8,913.41,13.49,366.292,Alcohol
Serotonin,C14H32N2O2,891.41,4.98,392.224,Lipid
Ethanol,C8H30N1O10,550.39,12.45,409.317,Alcohol
Caffeine,C13H39N5O8,741.32,6.05,825.66,Lipid
Serotonin,C16H8N2O8,60.52,11.28,444.599,Carbohydrate
Adrenaline,C19H31N3O5,619.81,N/A,488.417,Hormone
Caffeine,C4H25N4O9,998.22,13.39,518.532,Alkaloid
Ethanol,C8H10N4O5,905.77,N/A,853.261,Lipid
Serotonin,C19H18N1O0,289.3,12.09,622.86,Nucleotide
Urea,C20H26N5O0,253.21,N/A,249.116,Carbohydrate
Aspirin,C16H33N1O0,54.97,7.43,754.949,Amide
Caffeine,C3H6N0O1,755.36,10.55,222.866,Organic Compound
Dopamine,C14H35N1O5,432.75,N/A,854.95,Organic Compound
Ethanol,C17H25N3O6,670.23,6.47,24.693,Carbohydrate
Glucose,C12H1N2O4,280.02,2.91,24.0,Amide
Glucose,C10H38N2O7,972.15,11.14,40.869,Hormone
Adenosine triphosphate,C1H31N0O8,731.02,13.47,562.877,Neurotransmitter
Caffeine,C13H36N0O7,367.88,12.06,410.533,Nucleotide
Aspirin,C11H14N4O2,575.48,N/A,117.878,Neurotransmitter
Urea,C1H13N2O0,629.57,3.93,243.294,Neurotransmitter
Glucose,C12H3N4O8,65.24,10.19,495.66,Organic Compound
Ethanol,C15H26N2O0,803.72,1.26,450.12,Nucleotide
Serotonin,C4H22N0O9,284.95,8.45,557.429,Amide
Cholesterol,C6H32N1O2,700.65,N/A,40.491,Amide
Dopamine,C17H24N2O9,795.78,5.57,367.288,Alcohol
Cholesterol,C13H9N1O3,669.68,11.54,571.055,Lipid
Urea,C9H13N5O3,709.21,N/A,685.53,Hormone
Glucose,C8H30N0O0,749.58,8.26,419.255,Nucleotide
Caffeine,C3H18N1O6,335.75,N/A,611.616,Alkaloid
Cholesterol,C6H18N0O8,556.22,3.72,235.187,Organic Compound
Caffeine,C17H33N1O1,532.12,6.21,895.11,Alkaloid
Ethanol,C9H22N4O7,841.29,7.38,150.721,Organic Compound
Adenosine triphosphate,C20H1N4O6,722.72,13.22,16.956,Neurotransmitter
Glucose,C14H4N0O0,752.67,13.58,452.452,Alkaloid
Adenosine triphosphate,C16H4N5O7,328.52,8.29,871.692,Hormone
Glucose,C10H29N3O8,956.72,2.11,136.539,Neurotransmitter
Serotonin,C4H20N0O5,262.78,1.2,713.002,Neurotransmitter
Glucose,C7H27N3O2,158.65,11.0,6.989,Nucleotide
Urea,C10H21N4O7,798.81,12.88,879.928,Alkaloid
Dopamine,C8H1N2O8,843.57,11.23,809.754,Hormone
Cholesterol,C1H16N4O4,834.94,N/A,951.153,Organic Compound
Caffeine,C9H18N3O3,960.97,N/A,926.961,Lipid
Aspirin,C17H24N4O6,733.59,7.3,603.959,Alcohol
Caffeine,C12H40N2O9,546.1,3.62,146.142,Alkaloid
Urea,C11H8N4O2,787.77,3.23,166.382,Alkaloid
Cholesterol,C6H37N5O1,829.59,9.31,894.632,Nucleotide
Aspirin,C16H23N5O9,911.38,5.26,425.289,Neurotransmitter
Urea,C19H30N2O8,849.86,3.41,305.942,Organic Compound
Adrenaline,C7H13N3O4,424.61,12.2,269.005,Hormone
Caffeine,C7H2N5O10,64.75,N/A,75.673,Lipid
Glucose,C13H7N3O4,744.49,N/A,645.542,Amide
Adenosine triphosphate,C1H4N4O8,194.1,8.68,225.361,Lipid
Cholesterol,C19H27N3O5,535.28,N/A,364.043,Alcohol
Caffeine,C20H24N0O4,398.68,5.94,757.118,Alkaloid
Dopamine,C9H27N1O2,792.08,4.8,850.811,Alkaloid
Serotonin,C5H34N2O1,657.36,2.29,240.308,Alcohol
Cholesterol,C4H5N1O2,274.58,N/A,314.78,Alcohol
Aspirin,C16H31N0O7,243.43,8.96,172.494,Organic Compound
Adenosine triphosphate,C17H8N1O3,789.2,10.22,584.737,Carbohydrate
Glucose,C19H22N3O1,667.5,4.32,579.844,Lipid
Dopamine,C1H5N5O3,741.82,11.07,287.022,Hormone
Urea,C1H20N1O9,325.17,7.92,793.024,Hormone
Urea,C6H36N1O5,753.51,5.0,461.088,Alcohol
Serotonin,C3H29N3O3,414.56,7.28,98.513,Amide
Adenosine triphosphate,C4H38N0O3,355.39,N/A,760.746,Nucleotide
Adenosine triphosphate,C11H35N4O2,772.08,2.75,556.714,Alcohol
Serotonin,C19H20N3O4,283.07,10.29,149.869,Neurotransmitter
Aspirin,C7H4N3O0,545.26,2.5,56.445,Alkaloid
Dopamine,C2H16N0O4,345.83,2.13,412.09,Neurotransmitter
Glucose,C7H22N2O3,446.54,4.63,502.86,Organic Compound
Dopamine,C13H19N4O4,588.8,7.28,406.988,Alkaloid
Urea,C7H25N3O7,368.97,2.14,410.375,Alcohol
Glucose,C2H18N5O8,632.47,N/A,816.404,Organic Compound
Adenosine triphosphate,C16H30N5O6,479.72,6.3,878.579,Alkaloid
Ethanol,C8H6N1O9,111.1,12.44,139.794,Nucleotide
Adenosine triphosphate,C1H1N1O0,155.89,10.91,215.617,Hormone
Caffeine,C5H26N3O0,102.35,12.33,262.796,Carbohydrate
Serotonin,C15H23N2O8,990.6,9.52,503.617,Carbohydrate
Serotonin,C13H5N4O10,113.1,6.93,345.992,Hormone
Adrenaline,C2H15N2O4,192.8,5.49,846.841,Neurotransmitter
Serotonin,C7H6N1O2,110.61,12.79,901.889,Neurotransmitter
Caffeine,C14H38N5O3,381.98,1.28,671.156,Alkaloid
Glucose,C19H7N4O10,760.52,7.58,198.764,Alcohol
Urea,C7H28N5O8,98.31,N/A,345.991,Hormone
Cholesterol,C14H13N3O4,855.36,7.71,283.172,Neurotransmitter
Adenosine triphosphate,C13H26N3O1,947.25,2.78,522.599,Alkaloid
Glucose,C9H15N2O0,608.92,5.23,302.22,Nucleotide
Caffeine,C12H18N5O4,898.8,5.67,961.517,Neurotransmitter
Dopamine,C2H36N5O10,566.06,11.25,544.487,Alcohol
Adenosine triphosphate,C16H6N3O6,721.17,4.58,63.9,Amide
Aspirin,C9H12N0O4,870.05,10.02,508.041,Alkaloid
Caffeine,C8H21N4O4,521.31,6.1,651.378,Organic Compound
Ethanol,C15H16N0O7,813.16,N/A,552.606,Carbohydrate
Caffeine,C19H27N3O9,960.49,13.88,200.749,Lipid
Glucose,C10H25N3O1,94.76,2.33,74.217,Alkaloid
Ethanol,C14H5N3O2,478.58,3.11,662.851,Alkaloid
Cholesterol,C4H30N4O10,505.3,3.4,368.625,Carbohydrate
Urea,C2H2N1O8,358.53,11.19,337.997,Hormone
Glucose,C7H12N4O0,441.68,N/A,342.27,Alkaloid
Ethanol,C1H36N4O5,877.45,N/A,505.631,Alkaloid
Urea,C7H18N3O0,466.81,N/A,486.579,Hormone
Adrenaline,C3H17N5O6,462.55,5.73,598.1,Organic Compound
Serotonin,C20H4N2O3,904.61,4.19,569.675,Alkaloid
Aspirin,C8H34N0O3,708.62,4.51,900.62,Lipid
Dopamine,C19H29N2O10,480.47,N/A,149.176,Hormone
Dopamine,C17H27N0O4,144.74,9.23,822.792,Organic Compound
Caffeine,C13H32N4O4,298.0,8.88,612.471,Amide
Adenosine triphosphate,C17H29N1O0,840.01,13.72,194.788,Lipid
Serotonin,C3H40N4O5,318.39,6.89,511.719,Carbohydrate
Serotonin,C16H13N2O10,337.04,5.71,878.651,Alkaloid
Adrenaline,C20H4N0O1,737.82,9.96,39.618,Organic Compound
Cholesterol,C12H5N1O0,435.47,12.63,960.399,Alcohol
Ethanol,C20H39N3O4,172.84,N/A,730.574,Alkaloid
Cholesterol,C2H36N1O3,255.12,12.31,754.515,Lipid
Glucose,C2H40N4O10,834.34,3.05,596.832,Amide
Ethanol,C8H25N2O9,833.34,5.23,781.207,Hormone
Glucose,C12H25N2O2,945.73,1.72,232.914,Lipid
Serotonin,C2H39N0O6,809.5,12.31,650.641,Carbohydrate
Serotonin,C12H8N0O5,757.08,10.58,901.953,Alcohol
Adrenaline,C6H3N5O2,800.05,N/A,618.454,Amide
Serotonin,C3H18N3O5,177.39,12.81,315.772,Hormone
Adenosine triphosphate,C16H2N1O8,233.6,7.59,235.809,Alkaloid
Aspirin,C3H37N0O3,770.15,8.92,916.585,Amide
Cholesterol,C17H34N1O6,633.55,N/A,818.467,Lipid
Aspirin,C20H24N4O4,935.58,4.51,105.373,Organic Compound
Ethanol,C5H12N3O10,912.7,7.12,102.038,Carbohydrate
Aspirin,C9H14N4O4,218.54,6.48,655.919,Amide
Cholesterol,C7H3N0O4,726.32,9.67,603.661,Lipid
Ethanol,C20H11N2O7,959.25,9.71,114.792,Hormone
Dopamine,C10H10N3O7,689.49,N/A,970.265,Nucleotide
Serotonin,C18H31N4O3,798.72,8.54,38.44,Lipid
Glucose,C17H7N3O10,836.69,5.05,955.489,Nucleotide
Adrenaline,C7H6N4O9,91.85,3.0,539.331,Nucleotide
Serotonin,C10H13N3O7,481.6,4.34,117.559,Hormone
Adrenaline,C16H11N0O9,291.98,13.9,969.793,Organic Compound
Cholesterol,C2H11N0O5,152.1,3.99,497.13,Neurotransmitter
Dopamine,C14H31N2O1,834.76,2.13,3.591,Neurotransmitter
Caffeine,C10H21N1O6,583.35,12.75,766.655,Carbohydrate
Glucose,C12H1N4O4,991.26,1.06,116.382,Carbohydrate
Adenosine triphosphate,C10H23N3O3,570.6,9.92,878.995,Nucleotide
Adrenaline,C15H25N5O3,814.34,12.66,0.828,Carbohydrate
Glucose,C19H5N1O0,226.23,N/A,352.39,Carbohydrate
Adenosine triphosphate,C15H28N3O6,227.54,2.61,141.604,Hormone
Caffeine,C15H29N4O4,50.34,4.71,460.05,Nucleotide
Glucose,C3H14N1O8,563.3,6.63,674.509,Organic Compound
Adenosine triphosphate,C18H7N4O4,631.47,11.32,375.661,Hormone
Caffeine,C17H6N0O4,980.02,13.79,32.853,Organic Compound
Adrenaline,C10H18N0O10,914.87,N/A,750.771,Neurotransmitter
Urea,C2H2N3O8,729.6,N/A,342.951,Alcohol
Adrenaline,C10H24N4O5,677.24,N/A,577.91,Neurotransmitter
Serotonin,C9H35N1O4,237.79,11.32,684.347,Alcohol
Cholesterol,C17H10N5O6,307.23,9.28,707.535,Hormone
Cholesterol,C12H21N4O6,710.78,N/A,643.515,Amide
Dopamine,C19H33N1O10,554.2,11.56,688.247,Carbohydrate
Dopamine,C2H16N5O1,873.39,6.15,503.797,Alkaloid
Urea,C18H18N4O0,502.02,N/A,405.511,Neurotransmitter
Glucose,C6H12N2O9,768.32,N/A,491.016,Hormone
Caffeine,C9H16N1O7,370.41,N/A,430.312,Alcohol
Caffeine,C17H36N3O9,759.21,N/A,513.528,Amide
Ethanol,C9H32N0O5,856.51,8.26,981.124,Nucleotide
Adenosine triphosphate,C5H32N4O0,180.55,13.2,618.507,Amide
Serotonin,C8H14N1O3,539.42,1.36,377.787,Hormone
Dopamine,C12H39N1O5,156.09,9.76,855.899,Lipid
Serotonin,C13H13N2O10,933.57,7.27,766.903,Neurotransmitter
Serotonin,C17H14N2O8,592.47,4.22,72.536,Nucleotide
Cholesterol,C1H9N0O4,832.76,N/A,226.194,Alcohol
Ethanol,C19H13N2O2,62.26,N/A,384.46,Carbohydrate
Dopamine,C9H33N4O7,892.83,N/A,563.104,Carbohydrate
Serotonin,C9H3N2O2,701.58,5.43,893.44,Alkaloid
Adrenaline,C17H5N0O5,963.66,3.17,355.12,Nucleotide
Adenosine triphosphate,C9H12N1O0,664.29,1.77,812.627,Lipid
Aspirin,C9H3N1O7,324.18,5.27,563.536,Amide
Adrenaline,C1H23N2O0,340.88,2.82,840.061,Nucleotide
Caffeine,C9H13N4O9,737.24,6.32,790.682,Organic Compound
Urea,C12H16N3O4,707.48,4.06,710.756,Organic Compound
Urea,C7H31N4O4,468.34,8.65,264.494,Organic Compound
Urea,C11H4N0O6,450.59,8.8,271.196,Neurotransmitter
Caffeine,C18H22N5O10,897.47,10.83,224.072,Amide
Aspirin,C10H18N1O7,422.54,N/A,568.69,Carbohydrate
Caffeine,C5H40N0O3,465.78,10.33,381.705,Amide
Urea,C18H7N0O8,779.63,N/A,798.963,Organic Compound
Dopamine,C13H11N4O5,939.85,N/A,350.934,Alcohol
Glucose,C8H3N2O9,240.37,9.0,958.173,Neurotransmitter
Urea,C6H13N4O10,320.51,13.38,865.391,Organic Compound
Adrenaline,C20H2N4O1,236.42,2.75,510.648,Lipid
Caffeine,C8H32N1O6,277.59,N/A,938.941,Amide
Ethanol,C1H8N2O6,64.14,6.2,91.872,Neurotransmitter
Ethanol,C5H8N5O7,744.01,10.34,113.528,Nucleotide
Adrenaline,C12H22N3O2,187.15,N/A,618.688,Organic Compound
Ethanol,C4H34N2O3,524.29,3.83,491.588,Lipid
Adrenaline,C11H2N5O7,740.68,12.51,971.511,Neurotransmitter
Urea,C17H19N0O0,81.29,1.5,624.218,Neurotransmitter
Adrenaline,C10H38N2O4,156.71,3.51,335.011,Alcohol
Dopamine,C10H10N5O0,459.3,10.93,486.036,Alcohol
Dopamine,C6H29N5O8,508.63,2.45,22.668,Neurotransmitter
Cholesterol,C6H7N0O7,848.22,3.13,520.094,Carbohydrate
Urea,C7H13N3O6,78.27,3.74,395.583,Alkaloid
Aspirin,C17H5N3O0,761.56,12.14,347.618,Amide
Ethanol,C12H1N0O7,714.57,1.69,287.621,Lipid
Adenosine triphosphate,C11H27N0O9,263.35,3.01,795.332,Hormone
Adrenaline,C9H14N2O2,956.36,N/A,748.566,Hormone
Adenosine triphosphate,C12H9N1O2,527.25,7.52,852.841,Nucleotide
Adenosine triphosphate,C14H27N0O4,973.48,12.82,215.499,Neurotransmitter
Dopamine,C6H36N3O4,64.92,5.74,838.731,Organic Compound
Adenosine triphosphate,C11H2N0O6,90.41,N/A,565.334,Alkaloid
Adrenaline,C11H11N5O8,94.78,N/A,987.949,Neurotransmitter
Adrenaline,C11H6N5O10,272.33,2.0,271.506,Carbohydrate
Adrenaline,C3H8N0O3,248.09,10.07,737.162,Neurotransmitter
Urea,C7H34N2O4,159.75,9.49,822.513,Hormone
Adenosine triphosphate,C6H23N0O4,207.1,8.61,665.235,Nucleotide
Urea,C6H14N0O1,81.36,10.91,704.512,Organic Compound
Aspirin,C9H29N2O7,304.2,6.3,474.647,Lipid
Serotonin,C9H20N3O0,426.43,N/A,846.732,Neurotransmitter
Urea,C16H35N5O7,604.15,N/A,79.216,Hormone
Urea,C9H26N4O3,115.58,7.58,555.22,Hormone
Urea,C6H10N2O10,292.58,N/A,38.793,Organic Compound
Ethanol,C4H10N4O5,129.69,2.34,706.088,Alkaloid
Adrenaline,C2H20N4O0,632.9,6.63,198.316,Nucleotide
Dopamine,C5H37N3O6,333.68,10.34,927.098,Alcohol
Ethanol,C8H39N2O8,605.52,5.49,809.525,Amide
Urea,C5H12N3O3,50.83,13.5,343.0,Alcohol
Cholesterol,C7H23N3O8,78.01,4.72,220.131,Amide
Dopamine,C20H1N0O1,341.43,N/A,247.278,Alcohol
Dopamine,C13H21N1O4,290.93,2.83,778.021,Amide
Adenosine triphosphate,C11H24N2O8,972.21,4.36,578.444,Alkaloid
Aspirin,C5H17N1O0,369.63,N/A,281.88,Carbohydrate
Dopamine,C19H9N1O5,954.2,N/A,763.327,Alkaloid
Dopamine,C14H13N5O5,598.49,2.13,678.006,Hormone
Aspirin,C15H22N4O2,66.78,5.22,499.468,Neurotransmitter
Urea,C4H1N2O9,833.75,1.7,542.927,Hormone
Cholesterol,C17H21N2O8,380.8,N/A,186.574,Neurotransmitter
Serotonin,C17H27N4O4,578.89,N/A,28.541,Neurotransmitter
Cholesterol,C6H22N0O9,65.94,12.02,608.666,Nucleotide
Dopamine,C14H30N2O9,704.47,N/A,154.657,Alkaloid
Dopamine,C16H16N2O10,442.78,11.54,511.417,Alkaloid
Adrenaline,C2H1N5O9,913.65,N/A,812.713,Amide
Adrenaline,C8H27N1O0,135.12,10.46,839.525,Organic Compound
Serotonin,C2H2N1O1,233.03,2.52,171.032,Alcohol
Adrenaline,C10H32N2O5,865.27,7.73,771.791,Lipid
Glucose,C9H21N4O2,612.5,6.07,65.0,Alcohol
Adrenaline,C6H16N0O4,677.73,N/A,595.418,Amide
Urea,C5H2N5O8,512.37,11.75,157.068,Carbohydrate
Dopamine,C3H6N3O9,172.66,N/A,699.563,Lipid
Ethanol,C18H31N5O0,716.65,10.34,166.859,Alcohol
Cholesterol,C19H22N3O6,646.96,6.66,486.166,Amide
Cholesterol,C15H30N0O6,920.16,7.04,763.731,Alkaloid
Glucose,C6H24N3O8,432.01,10.85,867.776,Nucleotide
Cholesterol,C2H35N5O3,957.11,12.76,666.308,Carbohydrate
Aspirin,C8H33N3O0,118.06,11.69,24.801,Lipid
Ethanol,C10H3N4O6,912.69,5.48,118.698,Hormone
Cholesterol,C4H22N3O6,644.71,6.68,622.449,Nucleotide
Adrenaline,C4H38N1O9,969.93,11.0,421.108,Hormone
Ethanol,C14H15N0O4,499.11,N/A,239.115,Nucleotide
Serotonin,C13H11N3O0,260.54,2.62,816.956,Alkaloid
Cholesterol,C6H22N3O8,761.34,10.79,683.144,Amide
Ethanol,C9H6N2O6,168.59,4.47,335.183,Alcohol
Cholesterol,C10H24N1O0,777.48,5.14,838.708,Organic Compound
Cholesterol,C11H39N0O8,477.65,N/A,125.977,Amide
Aspirin,C16H7N4O8,599.53,4.65,998.668,Nucleotide
Aspirin,C18H13N2O9,950.35,4.31,483.274,Neurotransmitter
Adrenaline,C8H28N2O5,859.13,6.47,553.247,Organic Compound
Serotonin,C4H38N5O2,333.05,N/A,626.0,Carbohydrate
Adrenaline,C6H20N4O6,323.87,4.05,396.185,Lipid
Glucose,C12H3N3O7,684.46,8.15,468.133,Alcohol
Adenosine triphosphate,C8H29N5O9,256.71,7.57,316.93,Alcohol
Glucose,C2H7N4O10,53.7,N/A,282.559,Alcohol
Ethanol,C12H15N1O5,999.05,N/A,603.558,Carbohydrate
Dopamine,C16H10N3O5,412.14,5.47,552.145,Amide
Caffeine,C16H31N1O10,419.69,9.33,253.814,Alcohol
Caffeine,C3H1N2O1,362.19,8.2,736.524,Alkaloid
Adrenaline,C20H20N0O7,654.49,N/A,792.752,Carbohydrate
Adrenaline,C4H3N2O6,930.96,1.88,238.747,Carbohydrate
Aspirin,C8H3N2O5,603.91,1.72,488.108,Amide
Aspirin,C6H3N4O9,210.62,11.83,651.469,Lipid
Glucose,C1H28N1O9,145.86,3.86,969.926,Organic Compound
Adrenaline,C17H29N2O1,411.6,8.66,875.998,Alcohol
Cholesterol,C7H38N3O3,875.53,13.13,525.564,Alcohol
Caffeine,C9H3N0O1,146.81,N/A,692.499,Carbohydrate
Adenosine triphosphate,C10H21N4O3,320.95,N/A,972.89,Alcohol
Urea,C7H22N3O2,473.62,N/A,521.633,Alkaloid
Urea,C11H30N2O3,989.99,4.96,461.118,Alcohol
Ethanol,C17H6N0O8,333.83,N/A,286.181,Alcohol
Adenosine triphosphate,C12H24N1O1,818.69,5.17,497.459,Alcohol
Cholesterol,C8H17N2O6,350.83,8.22,400.936,Alcohol
Urea,C7H34N2O1,665.28,7.59,88.103,Alcohol
Ethanol,C1H24N0O8,677.46,5.3,422.634,Alcohol
Cholesterol,C14H30N2O0,880.49,13.87,440.436,Alcohol
Adrenaline,C8H9N5O1,403.71,7.28,908.722,Organic Compound
Caffeine,C14H23N0O7,472.5,13.31,274.221,Hormone
Urea,C4H37N0O8,635.89,3.64,420.057,Organic Compound
Caffeine,C2H30N3O1,442.98,8.59,309.978,Nucleotide
Aspirin,C6H32N4O9,544.97,12.03,351.762,Amide
Glucose,C5H2N0O0,340.15,N/A,108.08,Alkaloid
Glucose,C1H3N2O7,716.58,10.74,510.994,Amide
Urea,C10H21N0O0,642.47,1.02,362.891,Amide
Ethanol,C17H31N5O2,651.46,8.67,876.585,Alkaloid
Cholesterol,C16H17N3O10,521.42,10.66,688.058,Amide
Adenosine triphosphate,C6H7N1O0,567.14,N/A,39.446,Carbohydrate
Urea,C13H14N1O9,200.84,5.05,3.319,Hormone
Caffeine,C18H27N2O7,167.51,2.85,656.666,Alkaloid
Aspirin,C8H22N1O1,937.03,12.12,123.931,Alkaloid
Aspirin,C11H6N3O8,430.31,3.89,270.777,Amide
Cholesterol,C5H22N5O3,810.57,10.72,468.205,Lipid
Glucose,C7H9N5O2,241.03,3.6,35.258,Carbohydrate
Serotonin,C3H17N0O0,771.3,7.9,628.291,Neurotransmitter
Adenosine triphosphate,C18H24N5O10,748.48,4.83,662.623,Neurotransmitter
Caffeine,C1H33N2O5,690.86,9.01,397.407,Carbohydrate
Cholesterol,C9H35N3O3,60.83,13.36,144.22,Hormone
Caffeine,C7H19N1O9,977.84,2.85,6.59,Neurotransmitter
Urea,C8H36N5O10,426.57,7.1,119.726,Carbohydrate
Adenosine triphosphate,C5H31N0O3,579.17,N/A,126.736,Amide
Caffeine,C11H27N3O5,181.57,N/A,976.672,Nucleotide
Urea,C14H39N0O10,725.47,13.24,616.019,Alkaloid
Dopamine,C9H37N0O0,469.86,N/A,399.846,Nucleotide
Dopamine,C2H6N0O4,299.81,1.77,394.179,Carbohydrate
Caffeine,C14H19N1O6,300.37,4.6,859.162,Hormone
Adrenaline,C1H16N5O0,700.68,3.83,28.407,Hormone
Ethanol,C7H13N4O4,191.36,7.38,173.131,Neurotransmitter
Caffeine,C8H27N5O2,337.1,8.57,165.702,Amide
Aspirin,C5H35N0O1,336.0,2.83,102.603,Carbohydrate
Adenosine triphosphate,C18H29N5O3,497.27,7.7,713.13,Organic Compound
Adenosine triphosphate,C12H21N4O0,904.66,4.6,350.629,Lipid
Adenosine triphosphate,C17H5N4O8,886.95,11.56,372.225,Amide
Adenosine triphosphate,C6H38N0O10,626.72,N/A,870.119,Organic Compound
Serotonin,C16H20N4O2,355.35,6.21,414.315,Neurotransmitter
Urea,C20H19N5O7,629.24,3.51,970.899,Alcohol
Ethanol,C14H30N3O0,861.92,11.89,85.209,Hormone
Urea,C17H36N0O7,361.24,13.43,343.945,Alkaloid
Caffeine,C5H24N3O2,360.32,6.7,75.846,Hormone
Dopamine,C17H15N2O6,600.58,N/A,929.62,Amide
Urea,C2H24N0O2,554.13,3.88,388.865,Carbohydrate
Ethanol,C8H36N0O2,336.03,N/A,273.997,Organic Compound
Dopamine,C13H8N1O1,892.29,10.62,670.988,Lipid
Cholesterol,C13H33N1O1,733.83,13.36,105.242,Organic Compound
Urea,C15H7N1O5,642.38,3.17,570.418,Alkaloid
Adenosine triphosphate,C16H2N3O4,470.53,7.07,756.163,Amide
Adenosine triphosphate,C2H27N3O8,808.26,N/A,942.525,Hormone
Aspirin,C17H35N2O7,914.4,11.41,72.935,Lipid
Caffeine,C18H5N1O0,829.56,11.97,141.895,Alcohol
Ethanol,C3H2N3O2,979.76,3.35,815.758,Carbohydrate
Glucose,C13H15N4O7,811.56,5.02,832.537,Organic Compound
Serotonin,C5H30N4O7,473.82,N/A,435.88,Amide
Adenosine triphosphate,C16H35N5O6,651.11,2.09,896.741,Hormone
Glucose,C9H38N1O6,801.65,12.92,124.549,Organic Compound
Adenosine triphosphate,C16H28N0O9,98.65,N/A,101.647,Hormone
Aspirin,C7H33N4O2,50.36,8.86,364.935,Amide
Adrenaline,C5H18N0O1,662.73,7.02,563.039,Alcohol
Dopamine,C12H2N2O0,816.12,8.82,322.038,Alcohol
Serotonin,C18H16N1O2,339.88,N/A,631.671,Amide
Adenosine triphosphate,C11H34N4O9,740.27,12.36,203.664,Amide
Caffeine,C14H11N2O6,320.57,N/A,474.479,Hormone
Caffeine,C17H17N2O9,279.7,4.82,155.912,Alcohol
Adrenaline,C20H24N3O1,679.42,10.89,514.876,Organic Compound
Urea,C1H35N1O6,881.6,2.01,775.088,Alcohol
Adenosine triphosphate,C3H12N3O1,524.25,11.06,398.97,Organic Compound
Aspirin,C12H11N2O9,226.22,9.93,138.866,Lipid
Urea,C8H10N3O10,966.29,5.82,975.064,Nucleotide
Adrenaline,C7H3N3O2,460.47,5.48,920.315,Organic Compound
Dopamine,C15H30N2O0,636.85,4.22,305.196,Lipid
Caffeine,C7H36N5O4,931.06,N/A,258.616,Alcohol
Dopamine,C12H36N1O10,373.9,8.7,411.974,Alcohol
Glucose,C7H8N1O6,544.58,5.04,464.69,Neurotransmitter
Adrenaline,C19H27N2O1,711.56,11.23,44.643,Carbohydrate
Adrenaline,C3H31N0O0,786.95,6.03,84.332,Alcohol
Caffeine,C3H30N0O4,280.77,N/A,344.188,Amide
Ethanol,C16H24N1O9,768.28,N/A,554.988,Alkaloid
Ethanol,C9H13N2O10,580.89,2.6,165.48,Lipid
Urea,C1H4N3O5,746.7,10.46,635.668,Lipid
Adenosine triphosphate,C12H15N5O6,194.03,N/A,696.386,Alkaloid
Serotonin,C11H38N1O3,743.61,1.7,776.755,Amide
Glucose,C20H23N0O7,845.25,4.2,958.564,Alkaloid
Caffeine,C18H2N3O6,892.5,8.48,667.17,Organic Compound
Caffeine,C12H4N4O9,940.66,13.02,33.421,Nucleotide
Ethanol,C1H27N1O1,114.67,11.0,682.815,Alcohol
Glucose,C8H20N3O3,632.78,N/A,398.795,Amide
Ethanol,C10H27N0O5,345.77,2.0,982.001,Nucleotide
Adrenaline,C13H31N4O6,74.86,12.39,411.8,Alkaloid
Serotonin,C4H21N3O1,327.18,5.58,506.613,Organic Compound
Dopamine,C10H8N1O3,835.87,5.9,44.258,Organic Compound
Urea,C5H35N0O8,334.23,9.19,601.429,Lipid
Glucose,C15H5N1O9,915.25,N/A,942.012,Carbohydrate
Aspirin,C17H20N3O9,730.93,6.57,644.938,Alcohol
Urea,C19H8N3O8,691.23,7.81,159.125,Nucleotide
Dopamine,C18H10N3O0,365.31,10.98,306.861,Hormone
Caffeine,C14H10N4O8,506.11,8.83,888.558,Nucleotide
Dopamine,C5H9N4O7,873.42,2.7,454.552,Organic Compound
Urea,C13H19N4O5,450.48,2.04,14.759,Neurotransmitter
Adenosine triphosphate,C6H30N2O7,168.69,3.08,685.15,Nucleotide
Glucose,C6H26N2O3,736.95,N/A,132.768,Amide
Cholesterol,C4H31N0O8,878.7,13.76,912.443,Amide
Glucose,C8H35N5O8,572.72,9.36,276.07,Neurotransmitter
Adrenaline,C18H40N1O2,426.95,5.17,523.794,Alcohol
Urea,C6H3N0O6,746.01,9.73,837.911,Carbohydrate
Serotonin,C11H16N4O5,643.69,1.6,871.81,Neurotransmitter
Dopamine,C10H3N1O7,985.09,N/A,158.613,Lipid
Dopamine,C16H2N4O5,745.93,13.94,171.23,Lipid
Glucose,C4H26N0O9,359.0,N/A,106.042,Neurotransmitter
Dopamine,C18H2N5O3,179.18,1.77,598.3,Amide
Serotonin,C7H5N5O1,863.71,7.26,75.155,Lipid
Cholesterol,C4H5N2O7,418.86,11.92,482.557,Alkaloid
Urea,C13H15N0O2,720.53,N/A,879.396,Hormone
Adenosine triphosphate,C2H20N1O8,201.41,10.81,116.202,Neurotransmitter
Dopamine,C12H37N5O7,605.73,3.69,375.644,Amide
Urea,C16H28N1O5,706.64,N/A,517.717,Amide
Ethanol,C4H28N4O3,305.49,N/A,945.592,Lipid
Caffeine,C1H13N4O3,290.51,3.77,310.901,Lipid
Caffeine,C2H35N4O5,460.72,3.86,255.87,Lipid
Ethanol,C16H32N5O8,903.53,8.0,224.427,Nucleotide
Glucose,C14H37N5O7,196.71,9.0,242.012,Alkaloid
Glucose,C12H16N5O10,857.16,5.83,680.459,Carbohydrate
Ethanol,C19H39N2O4,105.53,9.16,336.138,Lipid
Urea,C2H40N3O7,376.19,11.54,103.32,Nucleotide
Caffeine,C4H2N4O0,317.2,7.55,462.105,Alcohol
Aspirin,C20H23N2O0,144.02,11.37,751.418,Lipid
Glucose,C13H6N3O6,636.88,N/A,11.8,Amide
Glucose,C10H9N5O1,58.16,7.8,617.705,Amide
Urea,C8H8N0O0,813.31,8.43,178.864,Organic Compound
Adenosine triphosphate,C14H31N4O6,484.03,2.87,676.274,Neurotransmitter
Serotonin,C6H19N1O6,571.34,4.61,915.885,Lipid
Glucose,C12H11N5O3,946.09,7.35,249.974,Amide
Ethanol,C14H13N2O2,523.31,3.69,280.609,Alcohol
Cholesterol,C19H24N0O5,421.95,8.23,108.686,Carbohydrate
Aspirin,C6H14N5O2,798.71,6.81,489.952,Neurotransmitter
Adrenaline,C9H32N5O5,459.74,N/A,744.998,Alkaloid
Caffeine,C3H39N3O6,462.44,10.53,841.436,Lipid
Dopamine,C3H12N5O5,417.4,12.95,130.313,Hormone
Caffeine,C20H32N1O3,250.05,1.94,319.963,Nucleotide
Glucose,C17H27N2O9,67.15,11.91,858.331,Organic Compound
Ethanol,C11H5N4O6,335.92,11.11,316.943,Carbohydrate
Dopamine,C17H15N4O5,152.49,3.19,166.919,Alkaloid
Urea,C5H25N1O2,129.67,1.01,378.399,Organic Compound
Aspirin,C5H38N1O7,144.95,N/A,593.075,Alcohol
Dopamine,C15H23N3O5,673.49,N/A,165.073,Hormone
Aspirin,C13H35N1O3,845.59,10.35,845.379,Amide
Urea,C20H31N4O4,723.23,10.31,598.993,Organic Compound
Adenosine triphosphate,C16H13N1O9,794.58,N/A,228.926,Hormone
Serotonin,C9H9N1O6,149.72,13.0,367.059,Alkaloid
Ethanol,C1H23N5O4,177.15,13.12,552.602,Organic Compound
Glucose,C1H24N1O0,885.8,2.78,395.937,Alcohol
Glucose,C9H40N5O4,569.31,5.11,78.758,Alkaloid
Serotonin,C14H6N3O7,743.41,6.97,28.752,Carbohydrate
Adenosine triphosphate,C7H34N3O10,698.34,N/A,212.228,Alcohol
Urea,C7H5N0O8,909.06,8.72,415.544,Lipid
Dopamine,C3H2N3O7,840.26,N/A,504.118,Alcohol
Ethanol,C16H28N2O0,794.88,12.98,551.644,Lipid
Adenosine triphosphate,C18H16N4O7,132.05,2.72,678.312,Nucleotide
Urea,C9H9N2O4,256.61,N/A,164.316,Nucleotide
Glucose,C11H15N0O2,952.43,4.61,936.501,Alcohol
Urea,C8H17N3O2,595.78,4.23,989.091,Hormone
Urea,C19H2N2O7,829.7,5.21,590.025,Hormone
Aspirin,C15H20N2O5,135.06,N/A,242.62,Hormone
Adrenaline,C13H39N1O3,465.52,4.06,138.536,Alkaloid
Urea,C12H14N0O7,703.17,13.95,432.336,Hormone
Caffeine,C20H14N2O8,583.07,5.02,449.487,Alkaloid
Dopamine,C13H32N5O10,518.65,1.42,484.369,Lipid
Cholesterol,C19H4N0O9,451.3,6.5,515.142,Alkaloid
Adrenaline,C2H31N2O3,521.62,13.36,208.23,Organic Compound
Aspirin,C1H35N5O1,201.58,5.26,476.605,Amide
Urea,C17H12N0O0,770.62,2.24,837.273,Hormone
Aspirin,C13H31N3O6,363.38,10.25,94.426,Alkaloid
Ethanol,C15H32N5O4,708.52,11.34,504.747,Organic Compound
Ethanol,C1H1N4O1,642.35,13.28,603.606,Amide
Serotonin,C10H36N0O0,599.95,7.04,685.134,Hormone
Cholesterol,C2H27N2O7,968.91,1.43,879.979,Hormone
Dopamine,C11H26N2O2,231.51,7.68,301.52,Nucleotide
Aspirin,C5H6N0O0,699.46,13.62,355.123,Nucleotide
Adenosine triphosphate,C1H33N0O6,874.36,N/A,736.479,Alkaloid
Dopamine,C14H33N2O4,821.85,12.33,107.927,Nucleotide
Aspirin,C6H9N1O7,798.83,8.96,155.067,Nucleotide
Cholesterol,C13H12N2O6,569.34,8.83,257.744,Nucleotide
Aspirin,C3H10N3O0,651.15,2.86,118.037,Nucleotide
Dopamine,C17H33N1O10,342.28,6.75,120.922,Carbohydrate
Cholesterol,C3H31N4O8,929.83,1.09,86.896,Neurotransmitter
Dopamine,C1H40N5O8,798.34,7.33,322.051,Organic Compound
Glucose,C9H22N5O2,952.43,11.65,901.392,Neurotransmitter
Adrenaline,C11H21N4O1,739.67,9.68,469.371,Amide
Urea,C2H33N5O10,738.62,8.96,75.357,Alcohol
Dopamine,C19H11N3O1,157.56,8.71,496.909,Carbohydrate
Aspirin,C9H6N4O10,364.29,2.52,773.574,Carbohydrate
Caffeine,C19H39N5O5,867.74,N/A,769.577,Organic Compound
Ethanol,C11H1N4O0,657.37,10.26,958.972,Neurotransmitter
Caffeine,C16H5N5O9,542.94,12.17,797.863,Neurotransmitter
Urea,C3H36N0O6,356.21,4.03,851.582,Organic Compound
Glucose,C19H27N4O8,623.08,N/A,241.741,Carbohydrate
Dopamine,C14H9N5O9,699.98,2.42,44.47,Hormone
Adrenaline,C3H17N1O6,736.6,9.39,120.084,Neurotransmitter
Caffeine,C1H28N5O6,963.42,6.97,419.838,Organic Compound
Adenosine triphosphate,C6H31N0O10,591.15,5.39,671.718,Alkaloid
Glucose,C11H32N4O3,900.19,9.3,579.359,Nucleotide
Adenosine triphosphate,C20H16N1O0,654.38,12.07,330.483,Neurotransmitter
Glucose,C1H9N5O6,691.38,7.6,968.63,Neurotransmitter
Aspirin,C20H26N5O4,718.36,7.24,66.37,Organic Compound
Dopamine,C3H6N2O10,903.2,3.21,470.515,Nucleotide
Ethanol,C20H5N5O8,736.03,N/A,276.064,Organic Compound
Glucose,C15H22N1O6,804.0,10.14,436.51,Alcohol
Adenosine triphosphate,C1H22N2O0,874.89,N/A,661.623,Alcohol
Glucose,C12H37N5O9,652.53,13.8,509.864,Neurotransmitter
Urea,C16H6N0O5,884.71,10.49,825.929,Hormone
Adrenaline,C7H22N4O10,150.06,2.39,243.678,Carbohydrate
Glucose,C16H4N4O1,249.34,N/A,160.432,Lipid
Adenosine triphosphate,C6H17N5O7,684.87,7.12,999.119,Neurotransmitter
Adrenaline,C12H27N5O4,62.27,12.67,437.279,Alkaloid
Caffeine,C20H14N4O7,586.61,N/A,287.664,Alkaloid
Caffeine,C16H30N0O8,896.09,11.52,388.486,Carbohydrate
Ethanol,C13H38N3O10,618.7,3.93,397.643,Organic Compound
Caffeine,C3H3N2O9,781.89,5.42,738.113,Nucleotide
Adrenaline,C11H9N5O2,901.9,5.37,649.771,Hormone
Glucose,C11H16N2O5,650.85,5.97,444.956,Lipid
Glucose,C7H31N3O9,951.66,12.63,10.861,Neurotransmitter
Adrenaline,C5H32N2O1,132.06,8.49,383.738,Organic Compound
Adenosine triphosphate,C13H27N0O7,785.22,4.93,47.241,Nucleotide
Aspirin,C5H37N5O1,673.32,3.9,853.425,Alkaloid
Caffeine,C15H15N4O4,367.88,9.87,655.594,Alkaloid
Adrenaline,C3H37N4O9,932.33,N/A,58.889,Alcohol
Adrenaline,C13H28N2O1,860.94,N/A,167.642,Amide
Glucose,C15H15N4O8,246.82,1.39,194.424,Nucleotide
Adrenaline,C5H23N3O5,763.27,N/A,412.77,Amide
Caffeine,C14H21N4O0,697.18,11.77,109.933,Alcohol
Cholesterol,C13H13N4O9,806.9,8.47,696.133,Carbohydrate
Caffeine,C5H34N2O6,642.05,9.87,746.716,Amide
Caffeine,C19H17N2O5,66.41,5.42,291.681,Alcohol
Cholesterol,C4H21N1O6,578.87,N/A,477.356,Lipid
Cholesterol,C3H5N1O6,658.23,1.21,720.288,Neurotransmitter
Urea,C19H17N2O1,329.97,11.17,716.988,Alkaloid
Adenosine triphosphate,C13H18N3O3,458.31,9.9,683.096,Alcohol
Adenosine triphosphate,C17H17N5O8,641.29,9.26,334.336,Nucleotide
Dopamine,C11H25N3O1,598.71,N/A,252.561,Alkaloid
Caffeine,C17H11N0O2,334.0,12.53,244.925,Neurotransmitter
Adrenaline,C1H14N4O9,787.44,12.24,657.524,Alcohol
Cholesterol,C2H19N0O9,195.45,3.57,647.608,Alkaloid
Serotonin,C8H17N3O1,105.63,5.49,947.478,Organic Compound
Ethanol,C5H34N2O8,353.76,5.24,895.125,Nucleotide
Cholesterol,C4H16N4O6,920.64,9.14,859.517,Alcohol
Urea,C10H39N5O0,129.75,N/A,549.898,Organic Compound
Aspirin,C4H15N5O0,363.26,13.17,177.263,Amide
Adrenaline,C14H27N2O8,122.28,N/A,959.516,Alcohol
Cholesterol,C9H39N1O0,133.69,13.15,759.992,Nucleotide
Adenosine triphosphate,C17H1N4O1,648.45,7.26,694.308,Alkaloid
Urea,C14H18N0O10,644.79,3.21,737.976,Organic Compound
Dopamine,C8H38N4O8,623.95,13.1,590.121,Alkaloid
Cholesterol,C10H25N0O1,745.74,11.08,634.559,Nucleotide
Glucose,C3H29N0O8,198.24,3.62,926.007,Hormone
Urea,C1H10N0O5,521.83,N/A,580.914,Carbohydrate
Caffeine,C4H12N5O0,463.75,12.32,899.358,Alcohol
Urea,C10H36N4O4,527.14,2.22,283.832,Hormone
Aspirin,C16H10N1O4,999.48,10.77,819.965,Lipid
Glucose,C19H25N1O5,629.95,5.12,285.364,Lipid
Caffeine,C12H15N2O8,889.84,N/A,887.4,Carbohydrate
Urea,C13H30N1O5,478.19,4.14,800.961,Carbohydrate
Adrenaline,C5H17N0O9,201.72,N/A,198.806,Hormone
Aspirin,C6H1N5O2,728.17,11.08,668.239,Lipid
Ethanol,C2H7N2O6,563.37,N/A,996.6,Alkaloid
Adrenaline,C13H31N2O9,82.48,N/A,247.624,Hormone
Dopamine,C15H7N1O5,689.71,N/A,877.869,Organic Compound
Glucose,C15H39N3O1,739.1,N/A,512.269,Amide
Adenosine triphosphate,C4H18N4O10,337.67,N/A,772.069,Nucleotide
Adrenaline,C2H21N0O10,744.56,N/A,609.225,Lipid
Glucose,C18H23N2O8,920.05,2.37,449.448,Alkaloid
Aspirin,C2H28N1O10,237.92,8.49,115.831,Organic Compound
Adrenaline,C1H2N3O5,497.04,9.35,591.93,Hormone
Adenosine triphosphate,C9H2N2O7,370.32,3.68,774.806,Alkaloid
Ethanol,C12H39N3O3,188.83,10.18,589.752,Amide
Caffeine,C10H22N5O6,641.82,N/A,324.468,Amide
Cholesterol,C8H16N0O9,582.42,2.72,245.185,Neurotransmitter
Urea,C7H26N0O6,322.15,6.2,800.671,Nucleotide
Adenosine triphosphate,C6H5N3O4,487.88,6.39,309.287,Alcohol
Serotonin,C18H8N3O10,666.83,11.28,903.908,Lipid
Glucose,C9H29N0O1,891.03,12.58,610.392,Lipid
Dopamine,C12H24N1O3,554.02,11.97,788.563,Neurotransmitter
Urea,C8H18N3O10,228.75,N/A,127.891,Alkaloid
Serotonin,C1H30N0O4,375.94,12.91,124.938,Alkaloid
Cholesterol,C17H11N0O1,560.57,12.11,974.704,Alkaloid
Aspirin,C15H19N4O6,717.26,7.42,406.524,Organic Compound
Urea,C10H38N1O2,338.01,2.37,775.695,Alkaloid
Adrenaline,C8H26N1O0,602.58,11.95,832.485,Nucleotide
Cholesterol,C13H34N3O0,877.7,N/A,237.544,Alcohol
Caffeine,C20H25N1O8,483.93,11.85,394.581,Alkaloid
Ethanol,C20H27N2O3,257.66,N/A,198.679,Hormone
Urea,C17H10N5O1,953.23,10.61,155.779,Alkaloid
Urea,C17H23N1O2,170.86,9.69,213.76,Alkaloid
Dopamine,C4H16N4O8,236.91,3.66,618.786,Hormone
Ethanol,C4H7N0O2,676.61,N/A,207.04,Alcohol
Caffeine,C4H26N3O8,273.05,7.35,760.556,Neurotransmitter
Glucose,C6H7N5O0,255.32,1.38,201.513,Organic Compound
Adrenaline,C13H4N2O4,277.68,2.51,550.944,Organic Compound
Serotonin,C12H13N3O6,69.78,9.09,913.219,Lipid
Adrenaline,C12H20N2O6,999.32,3.34,50.181,Neurotransmitter
Caffeine,C5H28N0O4,398.53,N/A,286.719,Carbohydrate
Glucose,C16H34N2O5,438.46,N/A,499.071,Lipid
Dopamine,C3H33N5O10,620.08,4.51,484.052,Carbohydrate
Dopamine,C12H4N0O6,558.1,N/A,651.375,Nucleotide
Aspirin,C7H18N5O4,642.48,N/A,205.014,Carbohydrate
Cholesterol,C6H8N2O1,462.86,N/A,12.796,Amide
Serotonin,C9H26N4O2,334.73,1.87,172.942,Hormone
Urea,C4H1N5O5,471.36,13.96,946.157,Organic Compound
Caffeine,C15H15N2O7,67.73,12.57,520.436,Alkaloid
Glucose,C15H11N5O10,301.57,3.93,965.058,Alcohol
Ethanol,C19H24N0O2,553.21,7.98,730.825,Lipid
Caffeine,C7H11N4O1,262.42,9.84,885.026,Lipid
Urea,C7H40N3O6,183.87,8.69,999.241,Alkaloid
Glucose,C11H18N1O6,612.11,3.9,270.953,Hormone
Cholesterol,C2H9N4O4,979.28,N/A,655.809,Organic Compound
Caffeine,C16H35N3O8,824.8,5.59,246.999,Carbohydrate
Glucose,C12H37N1O8,715.61,4.39,891.994,Alcohol
Adenosine triphosphate,C17H5N4O3,247.61,1.4,928.38,Amide
Caffeine,C3H23N5O8,426.06,5.98,29.722,Organic Compound
Urea,C10H34N5O10,310.42,11.74,613.61,Neurotransmitter
Caffeine,C11H18N3O9,423.2,13.42,857.57,Lipid
Adrenaline,C14H23N1O0,516.55,10.58,330.402,Neurotransmitter
Caffeine,C9H9N2O9,847.84,7.83,760.015,Neurotransmitter
Adrenaline,C14H3N3O8,195.74,N/A,68.852,Carbohydrate
Cholesterol,C9H19N1O7,93.21,4.01,591.487,Neurotransmitter
Adrenaline,C2H20N4O7,507.39,4.43,610.776,Carbohydrate
Aspirin,C7H6N0O3,861.38,7.59,121.104,Alkaloid
Adenosine triphosphate,C9H23N3O0,997.66,12.84,538.656,Neurotransmitter
Adrenaline,C14H24N2O8,744.97,3.86,925.499,Neurotransmitter
Caffeine,C18H3N2O8,443.27,9.08,352.436,Neurotransmitter
Glucose,C1H12N3O9,938.47,13.6,45.975,Amide
Urea,C10H29N0O0,66.23,9.83,238.871,Alcohol
Serotonin,C8H35N3O7,134.59,N/A,961.901,Organic Compound
Glucose,C10H32N5O8,867.55,N/A,653.771,Organic Compound
Dopamine,C17H7N5O3,127.03,4.84,527.148,Carbohydrate
Glucose,C13H27N1O3,377.23,N/A,530.517,Carbohydrate
Ethanol,C2H9N3O5,549.17,N/A,2.324,Organic Compound
Urea,C14H19N3O6,286.53,5.74,612.786,Alcohol
Urea,C9H37N5O7,379.14,7.94,993.664,Lipid
Serotonin,C18H19N1O9,924.84,10.14,465.597,Amide
Cholesterol,C2H39N0O7,317.39,10.06,883.381,Amide
Serotonin,C19H20N1O3,239.72,3.21,393.203,Alcohol
Serotonin,C7H7N0O5,306.2,10.15,988.591,Neurotransmitter
Serotonin,C16H40N3O1,124.28,4.34,120.702,Neurotransmitter
Glucose,C19H11N3O3,402.95,2.45,229.726,Carbohydrate
Adrenaline,C3H1N2O9,166.81,10.77,345.468,Nucleotide
Adrenaline,C18H29N4O5,396.85,10.36,101.095,Hormone
Aspirin,C17H33N5O4,857.02,10.65,897.668,Carbohydrate
Dopamine,C6H6N5O6,402.51,7.53,728.513,Amide
Dopamine,C9H8N2O10,821.98,8.13,973.982,Lipid
Cholesterol,C11H28N5O4,236.7,13.63,750.629,Neurotransmitter
Ethanol,C7H39N5O8,826.15,N/A,422.045,Neurotransmitter
Ethanol,C13H4N5O1,545.94,N/A,370.188,Carbohydrate
Urea,C17H29N5O0,515.79,N/A,996.741,Hormone
Serotonin,C15H11N3O1,950.44,6.27,638.786,Amide
Adenosine triphosphate,C8H10N0O1,150.54,9.36,340.403,Alcohol
Glucose,C1H27N4O10,506.15,4.68,962.776,Lipid
Dopamine,C3H21N3O6,331.27,9.23,910.625,Neurotransmitter
Glucose,C3H5N3O3,813.74,12.34,227.073,Hormone
Caffeine,C4H6N1O4,342.46,12.08,288.792,Alkaloid
Urea,C2H5N1O7,623.55,7.18,880.579,Neurotransmitter
Ethanol,C9H20N2O0,472.12,N/A,75.738,Lipid
Adenosine triphosphate,C17H9N1O9,888.54,8.07,63.25,Hormone
Serotonin,C16H30N5O9,387.73,8.95,297.507,Alkaloid
Urea,C18H6N1O2,100.1,12.91,986.101,Carbohydrate
Ethanol,C10H34N4O7,768.13,9.13,17.358,Carbohydrate
Urea,C16H1N4O9,974.65,6.12,704.794,Hormone
Glucose,C6H31N4O8,63.02,N/A,421.06,Hormone
Cholesterol,C9H4N0O1,395.97,N/A,901.297,Alkaloid
Cholesterol,C11H23N3O0,605.35,6.64,349.669,Hormone
Urea,C1H32N1O4,759.93,N/A,722.738,Organic Compound
Urea,C9H32N4O1,347.41,10.15,273.403,Lipid
Adrenaline,C16H30N0O5,218.08,5.75,183.188,Nucleotide
Adenosine triphosphate,C18H22N2O2,329.58,1.54,655.031,Lipid
Caffeine,C8H8N3O6,576.72,N/A,262.814,Carbohydrate
Serotonin,C8H9N2O0,273.73,8.57,493.66,Alkaloid
Ethanol,C17H10N4O5,116.31,8.13,131.65,Alkaloid
Adenosine triphosphate,C10H33N3O6,792.66,4.92,226.801,Lipid
Urea,C12H24N1O3,160.8,5.87,197.868,Alcohol
Adenosine triphosphate,C19H21N5O2,745.35,11.43,0.837,Organic Compound
Serotonin,C16H16N1O8,605.45,N/A,282.392,Alkaloid
Ethanol,C2H4N4O4,960.32,N/A,252.867,Alkaloid
Caffeine,C1H15N3O9,178.64,8.31,452.408,Organic Compound
Dopamine,C19H23N4O8,738.78,N/A,123.135,Nucleotide
Urea,C14H10N1O5,68.31,N/A,325.229,Neurotransmitter
Urea,C12H4N4O0,442.82,4.93,800.663,Hormone
Adrenaline,C5H34N0O7,866.18,5.01,484.555,Lipid
Adenosine triphosphate,C12H33N1O9,449.97,7.79,645.765,Lipid
Cholesterol,C6H31N2O9,154.5,11.66,976.056,Nucleotide
Aspirin,C20H14N4O5,647.29,12.47,648.333,Alcohol
Adrenaline,C11H26N1O10,985.06,N/A,342.633,Lipid
Serotonin,C1H10N3O1,141.66,8.09,852.63,Neurotransmitter
Caffeine,C5H25N2O0,894.83,11.49,591.213,Alkaloid
Urea,C6H32N2O1,822.46,10.12,26.284,Neurotransmitter
Urea,C10H23N0O5,736.15,12.13,235.112,Organic Compound
Glucose,C3H10N4O1,611.01,7.09,78.401,Alcohol
Serotonin,C20H32N4O6,298.4,N/A,718.671,Neurotransmitter
Adenosine triphosphate,C5H28N3O2,804.85,10.77,919.55,Alkaloid
Aspirin,C10H36N5O8,851.31,4.3,485.065,Carbohydrate
Caffeine,C3H36N3O2,930.63,10.04,199.424,Hormone
Glucose,C13H19N1O2,365.57,N/A,782.514,Alkaloid
Caffeine,C7H30N1O5,876.0,N/A,770.195,Nucleotide
Adrenaline,C2H14N4O4,771.49,12.33,50.723,Hormone
Aspirin,C6H6N0O5,657.44,N/A,768.625,Lipid
Urea,C19H8N0O2,902.86,N/A,176.152,Hormone
Serotonin,C19H31N1O3,329.35,8.61,137.983,Organic Compound
Ethanol,C17H17N4O2,629.31,11.13,875.902,Hormone
Ethanol,C1H30N2O7,286.73,N/A,928.674,Nucleotide
Cholesterol,C15H21N4O5,902.85,12.57,324.717,Carbohydrate
Glucose,C10H10N5O4,729.06,N/A,281.836,Organic Compound
Adrenaline,C8H24N3O4,123.29,4.67,809.156,Lipid
Glucose,C6H17N0O5,64.28,13.84,333.937,Organic Compound
Dopamine,C20H37N4O3,293.96,6.72,398.253,Neurotransmitter
Serotonin,C9H32N1O3,541.84,N/A,498.187,Hormone
Urea,C5H29N4O2,558.19,11.92,133.547,Amide
Adenosine triphosphate,C18H12N2O10,724.06,4.74,825.199,Carbohydrate
Dopamine,C3H26N1O1,291.72,3.5,105.432,Amide
Glucose,C7H29N3O4,154.88,12.37,532.018,Neurotransmitter
Serotonin,C12H22N5O6,170.49,2.79,584.685,Organic Compound
Glucose,C2H28N5O7,216.43,4.29,67.165,Alkaloid
Adenosine triphosphate,C1H16N2O9,820.61,N/A,590.594,Organic Compound
Adenosine triphosphate,C20H16N5O6,734.68,11.79,846.346,Organic Compound
Dopamine,C5H37N5O2,765.26,3.24,853.327,Alcohol
Adenosine triphosphate,C19H12N1O1,493.73,1.84,372.59,Alcohol
Urea,C16H35N4O3,893.05,13.94,357.285,Carbohydrate
Serotonin,C9H7N4O4,383.54,1.93,671.205,Hormone
Aspirin,C15H18N0O4,580.43,10.99,205.739,Hormone
Aspirin,C16H3N4O8,718.75,6.62,446.966,Neurotransmitter
Adenosine triphosphate,C15H15N0O0,800.38,3.91,161.731,Lipid
Dopamine,C8H38N2O6,985.33,9.9,962.86,Nucleotide
Cholesterol,C13H39N1O10,893.43,3.86,959.881,Lipid
Aspirin,C14H19N2O1,262.52,7.82,831.853,Alkaloid
Aspirin,C13H29N1O5,92.16,N/A,744.884,Nucleotide
Glucose,C3H4N0O2,330.4,12.53,970.738,Lipid
Caffeine,C10H3N4O3,495.99,9.73,807.415,Alkaloid
Cholesterol,C5H7N5O3,946.03,N/A,560.858,Nucleotide
Adrenaline,C8H31N0O0,178.56,N/A,105.461,Hormone
Adenosine triphosphate,C10H14N5O0,956.6,9.29,387.346,Neurotransmitter
Aspirin,C17H25N3O5,343.78,3.04,88.656,Neurotransmitter
Dopamine,C13H4N1O3,120.38,14.0,412.597,Hormone
Adenosine triphosphate,C15H6N4O10,585.71,9.71,779.18,Organic Compound
Serotonin,C19H14N2O4,920.77,N/A,28.65,Hormone
Urea,C4H38N3O8,631.55,N/A,140.421,Organic Compound
Adenosine triphosphate,C8H15N4O8,361.32,10.69,776.717,Carbohydrate
Glucose,C7H19N5O10,489.25,12.05,177.247,Carbohydrate
Adenosine triphosphate,C8H6N0O8,960.05,9.89,784.165,Neurotransmitter
Caffeine,C18H34N4O1,675.44,N/A,604.638,Amide
Caffeine,C7H23N1O3,478.35,10.08,761.819,Nucleotide
Dopamine,C11H26N0O9,58.7,10.8,737.5,Organic Compound
Aspirin,C8H19N3O0,143.24,N/A,676.529,Organic Compound
Aspirin,C9H31N4O9,248.72,10.66,461.728,Nucleotide
Glucose,C16H20N0O9,608.84,N/A,753.986,Alkaloid
Serotonin,C8H30N1O8,551.36,8.96,242.379,Carbohydrate
Dopamine,C4H15N4O5,902.89,13.88,848.397,Carbohydrate
Ethanol,C19H39N0O2,200.79,3.15,521.277,Organic Compound
Glucose,C1H17N2O6,347.49,3.07,445.55,Hormone
Dopamine,C17H12N2O4,134.16,4.8,241.169,Alcohol
Dopamine,C16H17N3O0,572.18,3.8,603.566,Nucleotide
Ethanol,C17H37N5O8,657.11,10.24,697.203,Alkaloid
Urea,C15H16N0O8,620.78,13.93,582.453,Organic Compound
Caffeine,C7H22N3O4,585.45,N/A,310.548,Neurotransmitter
Urea,C18H16N0O3,603.32,3.83,874.284,Nucleotide
Adenosine triphosphate,C16H26N0O0,234.88,5.88,930.593,Neurotransmitter
Serotonin,C15H28N3O6,354.06,10.62,602.33,Alcohol
Glucose,C12H28N3O3,327.71,13.56,761.749,Neurotransmitter
Ethanol,C14H10N3O7,853.15,N/A,184.878,Lipid
Adenosine triphosphate,C4H23N4O10,948.02,13.7,384.049,Organic Compound
Serotonin,C6H1N0O7,176.07,N/A,325.033,Nucleotide
Serotonin,C17H35N2O2,465.14,N/A,824.027,Hormone
Adrenaline,C7H6N1O4,566.72,5.06,958.857,Alcohol
Cholesterol,C9H25N2O1,279.57,11.15,227.705,Alkaloid
Aspirin,C2H22N0O0,874.53,2.02,295.679,Amide
Serotonin,C6H27N4O1,178.42,N/A,320.124,Nucleotide
Serotonin,C16H19N4O3,759.08,12.81,642.687,Nucleotide
Dopamine,C15H11N5O6,370.02,N/A,611.804,Hormone
Cholesterol,C8H30N3O6,348.82,7.53,312.569,Neurotransmitter
Caffeine,C12H5N3O7,72.18,8.46,830.706,Neurotransmitter
Serotonin,C4H20N0O1,823.72,6.2,785.302,Alkaloid
Glucose,C13H40N0O0,638.37,12.13,611.122,Hormone
Caffeine,C5H12N1O5,696.72,N/A,34.026,Amide
Cholesterol,C10H9N4O7,330.84,13.44,801.598,Nucleotide
Glucose,C6H17N4O3,487.61,11.74,562.849,Lipid
Adrenaline,C15H31N0O5,155.48,10.0,872.878,Nucleotide
Adrenaline,C17H28N3O2,579.34,13.49,717.851,Alkaloid
Dopamine,C13H31N1O10,82.96,N/A,335.686,Alkaloid
Serotonin,C12H19N1O10,978.12,8.76,134.194,Lipid
Cholesterol,C14H31N0O6,283.66,8.38,662.761,Lipid
Dopamine,C20H19N0O10,58.52,9.95,153.919,Hormone
Ethanol,C10H22N2O0,565.36,3.56,707.8,Amide
Adrenaline,C12H6N3O4,314.55,6.47,193.83,Alcohol
Caffeine,C12H24N0O10,401.56,13.34,210.465,Neurotransmitter
Adenosine triphosphate,C20H1N1O0,687.87,12.36,747.369,Carbohydrate
Glucose,C5H14N1O7,485.76,N/A,85.773,Lipid
Dopamine,C1H20N3O4,741.15,8.2,4.187,Hormone
Cholesterol,C10H37N5O2,993.51,1.85,105.674,Nucleotide
Cholesterol,C13H18N3O10,734.26,11.64,333.556,Hormone
Ethanol,C9H12N4O10,284.01,8.67,596.224,Carbohydrate
Glucose,C4H9N4O1,852.33,1.28,884.741,Nucleotide
Adrenaline,C1H26N1O8,396.43,3.83,300.368,Amide
Ethanol,C8H40N3O6,306.21,12.45,84.867,Neurotransmitter
Adrenaline,C5H8N5O2,754.57,N/A,185.54,Hormone
Dopamine,C17H36N4O7,320.27,6.73,465.071,Alcohol
Dopamine,C16H20N1O2,225.45,5.45,591.454,Lipid
Cholesterol,C19H39N4O9,467.42,13.84,654.415,Carbohydrate
Caffeine,C19H31N5O2,271.85,1.15,43.363,Amide
Glucose,C3H34N4O0,460.41,11.61,545.295,Neurotransmitter
Glucose,C18H33N3O1,347.38,13.37,892.946,Alcohol
Adrenaline,C3H6N0O10,819.97,2.31,973.347,Alcohol
Serotonin,C10H4N4O4,127.28,9.11,842.373,Neurotransmitter
Caffeine,C2H22N1O6,748.98,N/A,83.116,Carbohydrate
Serotonin,C3H20N1O5,876.43,4.73,497.717,Hormone
Dopamine,C13H31N3O4,928.38,N/A,958.766,Neurotransmitter
Urea,C1H31N2O7,233.28,13.61,389.368,Nucleotide
Glucose,C18H22N1O4,293.19,11.23,676.021,Neurotransmitter
Caffeine,C8H40N1O0,658.49,N/A,374.342,Alkaloid
Caffeine,C17H33N4O6,937.44,N/A,865.4,Organic Compound
Urea,C19H10N0O9,74.67,9.73,725.279,Carbohydrate
Urea,C7H22N2O10,720.27,10.62,984.243,Amide
Ethanol,C4H5N4O0,659.94,12.71,684.827,Lipid
Cholesterol,C15H35N0O9,275.83,N/A,905.209,Alkaloid
Glucose,C20H36N5O4,299.71,11.94,433.556,Alkaloid
Adrenaline,C15H4N0O10,219.79,5.73,634.333,Lipid
Serotonin,C6H28N0O1,363.42,7.98,403.544,Alcohol
Cholesterol,C14H26N4O8,645.7,12.22,40.954,Nucleotide
Ethanol,C6H35N1O4,613.56,11.08,416.884,Hormone
Adenosine triphosphate,C1H35N5O10,70.29,1.28,95.223,Carbohydrate
Urea,C5H22N4O10,608.01,3.58,80.279,Amide
Serotonin,C1H27N3O0,871.74,10.29,975.878,Neurotransmitter
Glucose,C18H28N3O7,134.75,12.75,547.102,Organic Compound
Serotonin,C9H9N2O10,573.26,9.55,445.201,Carbohydrate
Aspirin,C4H31N2O4,264.3,12.34,391.083,Carbohydrate
Glucose,C20H32N2O9,861.93,9.9,753.299,Hormone
Cholesterol,C19H26N0O6,683.56,N/A,207.877,Carbohydrate
Adrenaline,C17H6N0O10,323.81,6.38,844.504,Organic Compound
Serotonin,C18H12N2O9,375.65,8.44,49.729,Amide
Cholesterol,C17H9N1O8,813.79,3.32,494.866,Carbohydrate
Adrenaline,C3H38N0O7,658.93,3.77,893.17,Hormone
Urea,C19H28N0O7,844.87,N/A,142.532,Neurotransmitter
Urea,C16H12N4O5,885.99,N/A,722.024,Carbohydrate
Dopamine,C18H10N0O2,254.9,N/A,711.883,Nucleotide
Adrenaline,C11H37N2O8,405.32,N/A,273.905,Amide
Cholesterol,C11H1N5O1,351.71,10.33,400.448,Amide
Aspirin,C5H3N2O5,420.12,5.34,566.31,Alcohol
Ethanol,C3H19N3O7,545.53,13.63,514.363,Organic Compound
Urea,C8H34N2O6,659.31,N/A,687.163,Carbohydrate
Cholesterol,C18H10N0O4,688.2,3.79,391.456,Alkaloid
Dopamine,C2H11N1O6,130.56,5.76,547.143,Alkaloid
Aspirin,C2H30N5O5,482.79,6.96,716.386,Amide
Serotonin,C14H22N3O4,328.01,13.57,147.549,Lipid
Dopamine,C12H38N1O10,387.36,N/A,40.898,Neurotransmitter
Cholesterol,C12H34N5O0,519.0,11.7,496.023,Alkaloid
Aspirin,C11H2N2O9,242.9,4.86,154.966,Amide
Dopamine,C16H30N0O6,641.83,8.26,352.325,Amide
Serotonin,C7H9N4O1,395.38,N/A,828.591,Organic Compound
Glucose,C4H12N0O1,358.62,N/A,23.662,Lipid
Dopamine,C9H26N1O5,135.69,8.52,573.958,Carbohydrate
Glucose,C1H32N3O2,160.64,N/A,823.515,Alcohol
Caffeine,C10H33N1O3,934.77,N/A,5.875,Nucleotide
Ethanol,C13H28N5O0,581.98,N/A,599.868,Carbohydrate
Urea,C12H37N0O9,125.75,7.16,448.683,Amide
Urea,C9H22N1O1,515.8,11.76,600.235,Hormone
Ethanol,C20H11N3O7,894.43,11.97,180.759,Lipid
Glucose,C7H37N5O4,840.56,11.05,527.353,Alkaloid
Serotonin,C7H17N0O3,686.75,10.21,246.904,Hormone
Adrenaline,C5H8N5O6,311.96,9.18,865.25,Alkaloid
Adrenaline,C13H18N5O10,351.54,N/A,560.282,Nucleotide
Caffeine,C8H14N1O0,988.13,4.31,586.934,Carbohydrate
Cholesterol,C16H39N2O10,369.87,10.25,112.474,Carbohydrate
Adenosine triphosphate,C2H9N2O5,326.46,6.97,13.009,Neurotransmitter
Aspirin,C15H2N5O8,417.84,12.14,660.259,Alcohol
Adrenaline,C15H8N3O10,818.15,N/A,885.846,Lipid
Adrenaline,C20H14N1O4,630.21,6.15,790.358,Alcohol
Dopamine,C9H27N5O5,640.03,9.94,381.13,Alcohol
Cholesterol,C17H16N2O2,850.11,1.84,232.951,Carbohydrate
Aspirin,C14H22N5O7,882.05,N/A,973.327,Alkaloid
Dopamine,C14H25N4O10,755.51,8.6,142.182,Hormone
Ethanol,C9H32N5O8,104.94,N/A,498.016,Carbohydrate
Adrenaline,C3H27N4O3,323.98,4.93,666.093,Nucleotide
Caffeine,C8H15N0O0,484.01,10.59,94.65,Carbohydrate
Cholesterol,C10H18N4O7,904.77,8.02,313.298,Amide
Aspirin,C18H23N3O10,560.8,11.83,243.176,Nucleotide
Caffeine,C9H13N3O4,346.52,13.79,576.921,Alcohol
Ethanol,C16H31N2O5,968.47,7.75,714.163,Alkaloid
Dopamine,C7H23N5O3,303.29,6.55,967.608,Alkaloid
Urea,C14H38N3O4,952.51,N/A,138.404,Nucleotide
Ethanol,C6H35N5O3,822.68,5.15,868.096,Lipid
Urea,C7H11N4O9,649.86,6.32,197.366,Nucleotide
Cholesterol,C10H35N3O5,850.16,N/A,51.185,Organic Compound
Aspirin,C17H34N1O3,441.75,N/A,139.134,Nucleotide
Caffeine,C7H2N3O8,550.09,2.08,218.528,Alcohol
Aspirin,C6H17N3O6,353.09,11.53,396.146,Neurotransmitter
Adrenaline,C4H28N3O1,988.92,1.79,632.846,Alkaloid
Glucose,C12H2N1O9,445.19,N/A,417.285,Alkaloid
Caffeine,C3H30N1O4,261.3,N/A,98.335,Organic Compound
Dopamine,C2H17N1O3,328.85,7.26,883.636,Hormone
Adrenaline,C16H21N3O1,719.58,13.07,473.316,Organic Compound
Dopamine,C3H6N1O7,211.74,2.0,254.306,Organic Compound
Ethanol,C20H27N3O10,678.96,N/A,470.702,Nucleotide
Dopamine,C10H28N0O8,934.7,1.02,618.914,Nucleotide
Dopamine,C12H16N5O7,669.08,6.53,285.316,Nucleotide
Adrenaline,C11H14N5O5,710.18,N/A,307.175,Amide
Glucose,C6H30N1O0,822.2,N/A,30.526,Carbohydrate
Glucose,C2H29N1O7,758.87,1.18,6.868,Alkaloid
Ethanol,C15H25N5O5,647.75,13.72,423.207,Carbohydrate
Adenosine triphosphate,C16H18N0O9,559.25,6.1,989.952,Organic Compound
Adenosine triphosphate,C5H8N2O8,723.2,N/A,628.837,Lipid
Glucose,C2H10N3O4,824.87,5.71,38.042,Alcohol
Adrenaline,C15H12N3O7,968.9,3.25,370.605,Alcohol
Adenosine triphosphate,C13H9N2O6,446.11,5.94,607.129,Neurotransmitter
Cholesterol,C19H29N2O7,191.44,4.13,168.109,Neurotransmitter
Ethanol,C3H38N3O2,709.84,N/A,592.286,Alcohol
Dopamine,C16H15N1O1,945.74,1.07,932.488,Nucleotide
Adrenaline,C6H6N5O1,802.22,12.2,475.108,Alcohol
Adrenaline,C14H34N1O1,66.93,5.32,688.714,Hormone
Aspirin,C2H3N4O3,717.15,12.82,661.384,Hormone
Glucose,C13H19N4O8,923.95,9.63,740.182,Alkaloid
Cholesterol,C1H3N1O2,56.54,13.69,428.774,Alcohol
Adrenaline,C11H1N3O5,415.17,2.01,889.783,Neurotransmitter
Ethanol,C20H14N2O10,537.28,6.91,53.735,Carbohydrate
Glucose,C9H35N4O3,118.88,9.89,3.427,Neurotransmitter
Cholesterol,C15H35N4O10,613.89,9.48,526.075,Hormone
Adenosine triphosphate,C18H39N0O6,438.61,10.3,517.065,Carbohydrate
Aspirin,C20H23N2O7,362.78,11.3,466.895,Organic Compound
Caffeine,C6H19N4O7,614.33,10.55,972.05,Carbohydrate
Dopamine,C18H24N5O3,384.96,3.33,96.468,Carbohydrate
Ethanol,C10H32N3O7,702.11,9.32,454.533,Lipid
Aspirin,C3H2N2O2,663.9,9.85,88.188,Alcohol
Glucose,C2H31N5O0,593.81,1.92,182.552,Alcohol
Adenosine triphosphate,C17H18N3O1,626.62,N/A,447.8,Amide
Cholesterol,C9H38N4O8,739.32,9.6,916.144,Alcohol
Serotonin,C13H30N1O2,983.48,9.29,93.169,Amide
Urea,C17H5N5O6,568.04,N/A,220.995,Carbohydrate
Serotonin,C20H11N0O6,894.97,N/A,507.867,Alkaloid
Serotonin,C8H29N0O5,836.59,10.4,7.629,Alkaloid
Dopamine,C16H19N3O7,325.02,6.0,730.786,Nucleotide
Dopamine,C16H27N1O0,695.94,6.15,719.059,Alkaloid
Urea,C16H27N0O9,876.73,N/A,161.584,Alkaloid
Cholesterol,C4H21N1O10,682.41,13.7,704.25,Organic Compound
Caffeine,C8H35N2O10,810.05,11.41,365.513,Amide
Dopamine,C10H22N3O2,142.37,11.62,449.646,Amide
Ethanol,C12H35N3O1,442.55,N/A,199.819,Carbohydrate
Serotonin,C9H35N5O4,935.87,N/A,633.473,Carbohydrate
Serotonin,C11H38N4O6,936.58,N/A,841.659,Lipid
Adrenaline,C18H21N2O9,562.58,4.86,107.956,Carbohydrate
Cholesterol,C20H36N5O8,540.97,1.3,871.626,Lipid
Cholesterol,C10H34N0O8,933.75,10.79,319.16,Hormone
Dopamine,C3H17N2O9,460.5,N/A,113.576,Neurotransmitter
Cholesterol,C10H2N4O1,270.9,11.7,868.697,Lipid
Cholesterol,C19H27N1O7,429.29,9.43,203.65,Amide
Adenosine triphosphate,C6H15N2O9,538.15,11.64,873.427,Lipid
Adenosine triphosphate,C18H27N3O0,228.92,5.0,2.206,Lipid
Ethanol,C8H3N5O7,743.56,11.01,482.006,Nucleotide
Aspirin,C18H29N1O5,151.74,4.04,609.926,Hormone
Caffeine,C7H17N1O2,974.87,N/A,583.127,Lipid
Dopamine,C3H12N0O10,436.73,N/A,170.217,Lipid
Caffeine,C10H27N3O4,505.3,4.06,477.485,Alkaloid
Aspirin,C14H22N2O6,792.07,11.95,168.271,Organic Compound
Cholesterol,C16H24N5O10,774.59,N/A,395.644,Organic Compound
Dopamine,C19H7N4O2,276.19,3.57,872.712,Hormone
Ethanol,C16H32N0O7,246.99,5.46,921.678,Carbohydrate
Ethanol,C20H11N5O0,526.6,5.89,688.979,Alkaloid
Adrenaline,C4H10N0O0,104.67,2.69,342.129,Alcohol
Aspirin,C10H31N4O2,831.81,2.81,330.467,Alcohol
Ethanol,C7H27N2O6,664.87,12.27,571.828,Alkaloid
Ethanol,C10H26N2O10,660.63,8.23,425.346,Hormone
Aspirin,C20H10N5O2,535.19,N/A,544.162,Alcohol
Glucose,C16H1N4O6,841.5,N/A,41.3,Carbohydrate
Serotonin,C15H22N0O10,868.34,9.69,340.931,Alkaloid
Cholesterol,C11H38N2O10,454.37,7.83,657.322,Alcohol
Caffeine,C20H23N1O7,898.05,10.98,160.403,Carbohydrate
Aspirin,C6H31N5O8,393.15,8.76,981.322,Amide
Glucose,C18H40N4O5,716.54,6.57,554.053,Neurotransmitter
Adenosine triphosphate,C5H29N0O1,910.84,11.42,957.802,Organic Compound
Glucose,C5H40N4O7,505.08,12.2,806.281,Carbohydrate
Adrenaline,C9H31N4O6,693.41,11.13,401.445,Nucleotide
Dopamine,C8H26N3O0,323.06,13.26,804.865,Nucleotide
Ethanol,C4H18N3O9,748.42,10.83,904.504,Hormone
Dopamine,C10H7N4O6,299.91,6.7,754.521,Lipid
Ethanol,C3H7N2O4,568.45,3.67,387.726,Neurotransmitter
Serotonin,C11H25N2O7,975.33,8.73,407.116,Lipid
Adrenaline,C17H5N4O8,52.02,9.81,15.986,Alkaloid
Cholesterol,C19H24N0O5,830.81,5.39,621.36,Amide
Aspirin,C16H24N0O2,110.8,N/A,517.569,Organic Compound
Urea,C13H14N4O3,210.83,13.9,748.067,Organic Compound
Aspirin,C12H29N2O0,665.61,2.18,93.75,Alkaloid
Adenosine triphosphate,C19H28N2O7,591.58,6.71,443.464,Carbohydrate
Ethanol,C16H38N3O3,792.05,2.19,676.006,Organic Compound
Adrenaline,C14H20N2O8,706.94,9.56,603.2,Hormone
Cholesterol,C18H33N1O6,385.75,9.58,392.904,Alkaloid
Ethanol,C18H31N0O4,138.78,N/A,766.536,Hormone
Ethanol,C19H34N1O2,683.15,3.46,699.201,Alkaloid
Aspirin,C6H13N3O3,416.28,10.68,314.483,Organic Compound
Caffeine,C7H11N5O6,850.73,9.81,994.593,Alkaloid
Glucose,C5H13N5O1,660.81,N/A,40.661,Amide
Caffeine,C16H9N0O0,705.96,13.67,400.553,Carbohydrate
Aspirin,C8H17N3O3,82.16,13.93,646.292,Amide
Caffeine,C2H15N3O2,129.05,5.28,275.399,Neurotransmitter
Cholesterol,C14H33N3O0,217.55,5.02,946.62,Organic Compound
Cholesterol,C12H23N2O6,910.02,7.73,649.758,Carbohydrate
Glucose,C17H5N1O4,256.27,3.89,815.165,Neurotransmitter
Adrenaline,C1H19N3O7,128.13,2.35,290.457,Amide
Serotonin,C10H8N3O10,65.05,10.21,603.094,Organic Compound
Aspirin,C1H5N0O7,938.04,9.4,77.925,Lipid
Adrenaline,C12H27N3O5,107.0,N/A,349.626,Alcohol
Adenosine triphosphate,C2H2N0O0,409.3,N/A,110.537,Organic Compound
Caffeine,C17H24N3O3,116.68,6.37,790.116,Lipid
Aspirin,C1H1N3O5,82.71,2.33,417.956,Lipid
Serotonin,C3H38N4O3,600.69,10.99,125.959,Amide
Serotonin,C9H38N3O1,400.33,2.67,369.313,Neurotransmitter
Dopamine,C5H4N0O2,150.87,11.31,573.908,Lipid
Ethanol,C8H22N5O0,391.61,6.03,804.413,Amide
Urea,C5H33N0O7,105.55,5.45,967.605,Alcohol
Ethanol,C4H21N5O7,567.69,N/A,341.071,Nucleotide
Adenosine triphosphate,C6H26N3O8,743.25,3.05,555.529,Hormone
Adenosine triphosphate,C12H7N3O5,55.28,1.42,682.23,Organic Compound
Aspirin,C18H5N4O5,337.89,6.6,375.135,Amide
Serotonin,C18H39N4O9,850.14,2.7,728.956,Lipid
Ethanol,C8H37N5O4,613.38,11.0,529.543,Alkaloid
Cholesterol,C1H14N5O9,208.38,N/A,876.774,Alkaloid
Aspirin,C14H23N1O4,947.7,6.72,579.18,Hormone
Serotonin,C16H20N1O0,759.81,8.45,382.561,Alcohol
Cholesterol,C7H38N4O8,965.34,4.1,582.103,Hormone
Dopamine,C14H33N5O9,288.27,13.44,578.284,Carbohydrate
Adrenaline,C8H8N4O5,332.12,2.6,625.158,Amide
Serotonin,C1H3N5O6,753.38,8.84,16.675,Hormone
Caffeine,C7H18N5O8,907.78,N/A,908.281,Neurotransmitter
Dopamine,C13H4N4O1,501.38,5.09,562.224,Amide
Caffeine,C15H29N1O4,673.68,2.62,688.054,Alkaloid
Caffeine,C7H24N1O9,836.3,N/A,301.336,Lipid
Ethanol,C2H21N1O6,531.87,2.82,566.951,Hormone
Serotonin,C11H38N0O2,507.23,4.6,935.901,Organic Compound
Adrenaline,C15H38N0O6,816.94,5.53,477.111,Alcohol
Aspirin,C15H2N1O1,760.12,11.93,357.267,Lipid
Cholesterol,C16H20N3O6,591.66,1.13,743.611,Carbohydrate
Adrenaline,C20H22N1O6,710.96,13.97,511.873,Carbohydrate
Adrenaline,C3H19N2O10,569.94,11.22,843.551,Neurotransmitter
Caffeine,C8H35N3O8,970.94,12.72,973.804,Amide
Dopamine,C9H28N5O1,693.11,10.51,94.808,Alcohol
Aspirin,C19H34N4O5,609.49,N/A,91.157,Hormone
Glucose,C17H3N2O8,962.96,12.59,889.586,Neurotransmitter
Ethanol,C1H14N2O3,422.82,6.61,26.504,Alkaloid
Ethanol,C10H2N5O5,340.27,9.76,177.857,Amide
Cholesterol,C18H26N1O4,456.69,9.58,319.155,Lipid
Cholesterol,C17H33N3O8,101.85,7.2,610.505,Lipid
Adrenaline,C10H5N4O10,512.27,N/A,827.502,Hormone
Serotonin,C18H33N2O1,912.57,12.74,306.953,Neurotransmitter
Urea,C7H24N4O7,319.82,1.33,305.213,Carbohydrate
Glucose,C20H15N2O2,526.12,6.89,928.8,Nucleotide
Dopamine,C9H6N1O7,487.93,1.48,579.884,Neurotransmitter
Dopamine,C1H17N0O8,321.26,3.24,683.021,Hormone
Cholesterol,C3H19N4O5,491.34,13.6,344.161,Neurotransmitter
Caffeine,C13H16N0O0,403.7,7.44,41.76,Neurotransmitter
Aspirin,C12H2N4O3,891.5,2.07,180.744,Organic Compound
Urea,C15H40N4O10,846.68,12.25,506.376,Carbohydrate
Adrenaline,C11H15N2O7,998.55,5.32,906.632,Amide
Caffeine,C17H28N0O4,170.37,N/A,365.999,Nucleotide
Cholesterol,C14H16N3O4,600.72,2.67,705.972,Alkaloid
Serotonin,C15H3N2O6,244.93,7.36,721.821,Carbohydrate
Glucose,C6H37N5O8,374.72,6.27,27.117,Hormone
Adrenaline,C14H24N2O9,395.27,N/A,71.211,Amide
Caffeine,C20H18N5O5,894.85,8.48,826.125,Carbohydrate
Ethanol,C10H7N2O6,340.87,10.69,498.561,Lipid
Dopamine,C13H19N5O2,675.81,7.77,814.754,Organic Compound
Aspirin,C14H21N2O10,383.58,2.83,723.833,Alkaloid
Aspirin,C2H37N0O2,387.16,4.68,324.142,Alcohol
Adenosine triphosphate,C11H24N2O7,611.52,10.35,549.584,Carbohydrate
Aspirin,C3H9N2O1,934.39,4.86,478.359,Nucleotide
Adrenaline,C3H15N1O2,523.59,7.03,973.858,Carbohydrate
Dopamine,C18H3N2O0,127.81,9.38,617.911,Lipid
Ethanol,C14H4N3O7,967.1,7.73,625.074,Nucleotide
Glucose,C6H9N1O0,950.45,12.2,92.001,Neurotransmitter
Serotonin,C20H21N0O7,108.64,7.39,115.676,Nucleotide
Adenosine triphosphate,C17H14N1O10,582.51,N/A,22.213,Carbohydrate
Serotonin,C5H33N1O6,861.15,6.69,85.52,Nucleotide
Adenosine triphosphate,C18H31N5O4,51.9,N/A,240.193,Amide
Caffeine,C15H19N4O8,879.64,N/A,193.656,Nucleotide
Adrenaline,C2H31N0O6,354.56,5.48,441.524,Amide
Serotonin,C18H12N0O10,986.01,10.3,730.435,Alkaloid
Dopamine,C18H15N4O4,299.39,12.02,945.946,Alcohol
Urea,C16H2N0O3,674.18,N/A,568.98,Alcohol
Adenosine triphosphate,C7H11N0O5,981.52,3.63,150.418,Carbohydrate
Dopamine,C15H19N3O4,844.56,12.06,670.671,Nucleotide
Glucose,C14H15N2O2,333.74,5.24,759.439,Hormone
Urea,C6H23N3O8,255.78,5.92,660.717,Carbohydrate
Adenosine triphosphate,C13H39N3O8,102.28,9.51,155.134,Lipid
Aspirin,C3H18N5O0,605.9,1.78,128.392,Lipid
Caffeine,C4H26N2O5,467.85,N/A,594.815,Carbohydrate
Adrenaline,C17H9N2O6,860.0,N/A,584.543,Carbohydrate
Serotonin,C17H29N0O6,626.88,13.36,325.864,Alkaloid
Dopamine,C10H24N0O2,961.09,1.4,55.82,Neurotransmitter
Ethanol,C17H3N3O0,310.09,N/A,603.968,Nucleotide
Aspirin,C2H11N4O6,931.61,5.96,986.701,Alkaloid
Ethanol,C3H7N3O0,604.36,5.85,138.149,Organic Compound
Caffeine,C16H11N0O10,904.21,1.36,499.385,Alcohol
Caffeine,C2H6N0O7,528.83,N/A,724.71,Organic Compound
Serotonin,C10H33N5O5,141.32,13.34,805.204,Organic Compound
Adenosine triphosphate,C16H16N2O10,163.75,7.59,183.443,Lipid
Aspirin,C3H5N0O10,993.83,2.47,392.646,Lipid
Cholesterol,C4H19N3O1,154.86,1.59,383.542,Hormone
Adrenaline,C17H25N5O7,763.59,6.45,949.742,Amide
Adrenaline,C1H19N3O5,860.18,10.62,836.795,Hormone
Urea,C9H36N5O0,249.67,5.27,371.914,Organic Compound
Aspirin,C16H15N2O2,508.73,N/A,372.432,Hormone
Cholesterol,C19H22N1O9,443.87,6.72,551.745,Lipid
Urea,C8H19N3O6,871.12,6.85,710.287,Alkaloid
Adenosine triphosphate,C14H13N3O7,536.58,N/A,740.052,Neurotransmitter
Serotonin,C14H27N0O4,182.4,6.84,448.484,Lipid
Glucose,C4H39N5O7,285.72,4.06,290.893,Hormone
Cholesterol,C15H18N4O9,890.61,2.03,712.581,Amide
Glucose,C17H31N2O10,935.02,3.93,963.032,Carbohydrate
Urea,C18H39N1O0,659.38,11.52,719.625,Lipid
Glucose,C20H3N2O4,305.14,4.87,908.479,Alkaloid
Aspirin,C2H23N1O3,669.93,3.54,83.706,Lipid
Serotonin,C6H35N3O6,280.69,11.22,684.267,Amide
Dopamine,C17H24N3O4,895.93,13.57,955.172,Organic Compound
Adenosine triphosphate,C6H11N5O5,421.62,3.97,794.329,Nucleotide
Dopamine,C6H33N3O9,993.98,6.11,602.985,Hormone
Adrenaline,C17H28N5O4,868.48,N/A,704.36,Neurotransmitter
Serotonin,C18H35N3O1,738.01,6.39,432.078,Organic Compound
Caffeine,C4H21N4O5,513.62,6.99,793.071,Amide
Urea,C13H36N5O3,690.39,4.37,371.801,Nucleotide
Ethanol,C11H22N2O10,338.12,10.26,815.436,Amide
Dopamine,C7H11N2O8,976.33,N/A,87.724,Hormone
Serotonin,C5H14N2O10,603.09,3.75,670.17,Alcohol
Ethanol,C11H24N5O3,124.92,9.93,888.188,Neurotransmitter
Cholesterol,C10H23N4O7,517.86,N/A,655.879,Organic Compound
Aspirin,C8H27N1O5,364.15,10.8,443.654,Neurotransmitter
Serotonin,C20H34N0O7,300.41,10.46,773.171,Nucleotide
Cholesterol,C7H23N5O2,397.61,6.74,755.257,Amide
Cholesterol,C2H39N0O4,864.69,12.12,80.935,Amide
Adenosine triphosphate,C20H1N0O8,207.12,10.65,543.888,Alcohol
Glucose,C14H22N5O10,328.33,2.57,956.287,Alcohol
Dopamine,C19H17N3O10,473.05,8.41,764.493,Alcohol
Aspirin,C16H21N1O7,317.37,N/A,46.932,Amide
Ethanol,C19H7N5O2,732.61,13.94,987.354,Amide
Ethanol,C7H7N2O9,64.79,7.04,532.604,Carbohydrate
Aspirin,C14H19N1O6,645.56,5.03,882.289,Alcohol
Cholesterol,C12H13N1O0,95.54,N/A,728.721,Nucleotide
Caffeine,C6H33N2O4,516.48,4.34,248.116,Alkaloid
Glucose,C17H23N5O8,904.02,11.06,474.754,Neurotransmitter
Adenosine triphosphate,C6H34N0O0,388.67,11.75,527.274,Alkaloid
Adenosine triphosphate,C20H38N0O3,958.14,3.8,630.132,Neurotransmitter
Dopamine,C17H9N1O1,165.14,3.08,236.509,Alcohol
Glucose,C7H31N2O1,881.75,5.37,36.698,Amide
Dopamine,C3H5N0O6,942.47,12.18,503.583,Neurotransmitter
Serotonin,C1H17N2O7,190.18,6.36,169.333,Carbohydrate
Dopamine,C4H25N3O4,824.73,N/A,591.729,Alkaloid
Ethanol,C14H21N2O10,984.24,2.72,597.465,Nucleotide
Aspirin,C16H11N5O7,590.93,12.18,406.507,Lipid
Dopamine,C15H20N0O3,819.0,4.49,530.948,Neurotransmitter
Urea,C19H21N2O9,681.89,2.47,162.857,Alkaloid
Serotonin,C3H23N5O8,493.72,4.63,157.06,Alkaloid
Aspirin,C13H31N3O6,719.78,3.84,270.455,Organic Compound
Serotonin,C13H32N1O8,502.85,N/A,262.432,Carbohydrate
Dopamine,C4H4N5O1,884.77,1.62,472.234,Alkaloid
Ethanol,C5H14N4O4,412.49,8.65,779.506,Amide
Dopamine,C9H14N0O10,666.18,N/A,183.977,Organic Compound
Dopamine,C19H34N1O5,388.9,4.89,440.538,Lipid
Ethanol,C9H16N4O0,953.06,3.0,132.691,Nucleotide
Glucose,C15H18N0O8,789.93,7.57,91.338,Carbohydrate
Cholesterol,C14H28N4O3,743.4,5.91,918.492,Lipid
Glucose,C9H30N0O8,544.19,11.84,545.1,Amide
Urea,C19H9N1O6,181.08,2.16,203.617,Organic Compound
Adrenaline,C1H1N1O4,138.78,N/A,253.159,Alkaloid
Urea,C7H35N4O4,550.79,3.95,917.363,Neurotransmitter
Glucose,C20H25N5O6,953.08,2.77,674.19,Nucleotide
Glucose,C11H25N4O5,800.38,3.42,559.544,Nucleotide
Ethanol,C10H22N2O9,439.9,8.6,95.315,Alkaloid
Ethanol,C7H17N4O10,671.18,4.46,861.405,Organic Compound
Ethanol,C20H8N2O8,462.05,9.68,437.198,Alcohol
Urea,C16H34N1O9,128.54,10.55,582.643,Nucleotide
Adenosine triphosphate,C3H12N2O7,118.18,8.41,977.212,Neurotransmitter
Adrenaline,C15H16N1O3,728.29,N/A,236.841,Carbohydrate
Cholesterol,C2H39N5O10,481.02,N/A,741.624,Neurotransmitter
Glucose,C10H33N2O2,678.19,1.48,170.104,Alcohol
Cholesterol,C10H32N0O6,540.45,4.84,989.637,Nucleotide
Adenosine triphosphate,C10H21N3O0,462.59,12.22,369.336,Hormone
Cholesterol,C20H6N3O1,136.04,N/A,487.316,Nucleotide
Adrenaline,C9H36N5O4,949.94,2.6,784.917,Nucleotide
Dopamine,C8H36N1O4,169.59,12.57,160.382,Lipid
Dopamine,C20H38N3O10,676.54,13.39,266.171,Alcohol
Adenosine triphosphate,C15H16N2O9,477.2,7.29,557.144,Alcohol
Ethanol,C11H29N3O1,837.4,N/A,716.513,Lipid
Adrenaline,C11H36N3O5,877.93,4.2,684.029,Alkaloid
Dopamine,C1H33N1O2,663.94,6.51,0.853,Organic Compound
Adrenaline,C12H14N0O7,772.61,4.23,379.783,Amide
Dopamine,C5H40N2O9,482.4,8.08,870.971,Alcohol
Cholesterol,C6H33N1O1,897.88,8.05,472.227,Organic Compound
Serotonin,C18H5N2O8,258.46,5.79,525.155,Amide
Ethanol,C14H29N4O8,820.67,13.07,822.424,Organic Compound
Glucose,C3H27N0O1,927.89,7.05,467.411,Hormone
Serotonin,C12H17N1O1,378.74,4.83,293.869,Hormone
Caffeine,C1H33N4O3,329.42,3.9,473.838,Amide
Adenosine triphosphate,C1H39N0O2,637.83,N/A,754.774,Alkaloid
Adenosine triphosphate,C9H40N0O2,67.22,N/A,325.2,Nucleotide
Cholesterol,C3H29N4O10,935.63,13.16,813.319,Nucleotide
Adrenaline,C5H28N5O7,651.37,8.35,720.435,Lipid
Serotonin,C12H17N4O7,987.31,9.76,245.79,Lipid
Aspirin,C3H8N1O9,584.43,10.18,40.546,Nucleotide
Caffeine,C12H20N0O4,334.9,10.73,627.432,Alcohol
Aspirin,C11H38N2O1,907.76,6.69,638.713,Alkaloid
Caffeine,C10H8N1O6,113.7,1.22,133.275,Lipid
Adenosine triphosphate,C17H4N2O9,210.37,11.61,139.88,Nucleotide
Aspirin,C5H33N3O10,63.91,13.08,155.642,Alkaloid
Dopamine,C11H11N4O10,199.81,5.06,89.697,Organic Compound
Dopamine,C16H2N3O10,298.36,2.28,643.562,Carbohydrate
Caffeine,C2H13N3O5,210.17,11.98,282.063,Hormone
Serotonin,C17H10N1O0,202.31,6.39,978.179,Nucleotide
Serotonin,C17H25N3O1,221.16,N/A,63.619,Alcohol
Cholesterol,C20H23N3O5,523.58,N/A,268.935,Neurotransmitter
Serotonin,C3H28N0O3,494.0,11.68,803.875,Lipid
Aspirin,C4H27N2O3,790.64,3.3,656.987,Hormone
Aspirin,C17H4N1O1,381.01,6.21,973.326,Organic Compound
Serotonin,C8H7N3O2,675.76,4.76,377.964,Carbohydrate
Urea,C4H27N0O5,733.72,12.01,38.155,Neurotransmitter
Glucose,C17H10N4O4,480.7,N/A,379.053,Organic Compound
Urea,C4H26N4O1,811.08,1.43,404.454,Carbohydrate
Adrenaline,C2H19N0O2,711.27,N/A,786.296,Amide
Cholesterol,C16H37N3O5,590.09,13.46,362.635,Organic Compound
Ethanol,C5H11N1O10,555.29,3.95,731.798,Amide
Dopamine,C1H37N1O2,248.99,13.2,589.78,Hormone
Aspirin,C13H30N1O0,426.95,9.94,101.333,Hormone
Glucose,C9H32N2O10,999.54,4.04,359.308,Alcohol
Cholesterol,C11H10N3O5,883.68,1.49,964.085,Nucleotide
Serotonin,C5H20N1O6,479.19,10.63,293.319,Amide
Adenosine triphosphate,C11H30N0O2,709.96,10.74,270.352,Carbohydrate
Adenosine triphosphate,C3H11N3O10,515.14,9.22,666.762,Amide
Glucose,C6H10N3O10,575.45,5.49,558.472,Alkaloid
Caffeine,C17H15N2O4,602.84,7.28,276.843,Neurotransmitter
Dopamine,C18H19N1O0,56.38,2.98,593.379,Amide
Caffeine,C3H2N5O4,523.7,10.46,10.409,Nucleotide
Adrenaline,C11H36N4O0,728.06,N/A,545.878,Carbohydrate
Adrenaline,C20H30N4O3,797.36,13.03,615.772,Neurotransmitter
Adrenaline,C13H10N1O4,998.11,N/A,869.363,Amide
Caffeine,C13H30N4O4,609.98,12.69,332.41,Nucleotide
Adrenaline,C17H32N1O1,772.75,5.0,759.805,Organic Compound
Caffeine,C14H37N4O0,570.0,N/A,866.46,Carbohydrate
Dopamine,C7H16N1O8,485.74,5.21,436.765,Nucleotide
Adrenaline,C8H33N0O1,977.63,N/A,741.693,Organic Compound
Adenosine triphosphate,C20H9N0O0,391.76,3.64,292.377,Carbohydrate
Dopamine,C17H18N0O10,598.99,1.11,430.962,Nucleotide
Adenosine triphosphate,C5H31N4O2,959.17,12.05,689.509,Hormone
Dopamine,C7H27N4O3,794.76,N/A,422.065,Organic Compound
Glucose,C15H5N2O3,128.77,N/A,223.231,Amide
Ethanol,C6H4N4O6,871.45,N/A,889.706,Neurotransmitter
Ethanol,C2H1N3O8,520.87,N/A,739.482,Nucleotide
Aspirin,C14H34N5O5,713.39,7.44,782.541,Alkaloid
Serotonin,C1H20N0O1,327.89,N/A,566.566,Lipid
Aspirin,C8H17N3O10,319.25,6.99,941.413,Amide
Urea,C19H36N2O5,832.83,3.28,189.232,Neurotransmitter
Adrenaline,C20H8N2O0,723.74,N/A,342.784,Hormone
Serotonin,C20H37N3O2,477.15,9.23,48.239,Neurotransmitter
Caffeine,C17H31N3O2,318.02,7.9,559.904,Organic Compound
Urea,C12H21N3O4,639.96,N/A,308.022,Alkaloid
Adenosine triphosphate,C13H22N0O1,174.31,2.59,996.651,Alkaloid
Dopamine,C2H5N2O2,393.7,5.77,565.427,Carbohydrate
Aspirin,C15H38N2O2,108.04,3.55,474.704,Amide
Dopamine,C14H10N3O0,327.17,12.49,36.916,Alkaloid
Ethanol,C2H26N1O9,493.2,3.18,409.565,Organic Compound
Adrenaline,C20H24N1O2,151.14,9.6,331.556,Organic Compound
Cholesterol,C10H10N0O2,879.84,8.34,695.225,Lipid
Glucose,C8H6N3O7,405.34,11.44,572.358,Alcohol
Cholesterol,C15H13N5O2,512.66,7.78,860.654,Alkaloid
Dopamine,C20H35N3O2,822.91,N/A,993.962,Nucleotide
Serotonin,C12H12N4O9,671.46,1.58,137.557,Amide
Caffeine,C11H39N2O4,924.02,10.86,514.954,Neurotransmitter
Aspirin,C20H23N4O0,908.37,9.99,280.729,Alcohol
Adrenaline,C9H7N4O3,152.42,13.29,974.042,Hormone
Aspirin,C19H39N2O7,330.01,8.95,895.322,Neurotransmitter
Ethanol,C9H31N4O10,830.53,6.63,896.0,Lipid
Ethanol,C9H2N0O1,837.3,N/A,531.706,Nucleotide
Glucose,C13H35N3O3,774.11,N/A,690.794,Organic Compound
Adrenaline,C14H26N2O1,879.86,4.34,692.438,Alcohol
Adrenaline,C8H23N0O9,196.43,13.91,399.842,Lipid
Aspirin,C13H31N2O9,659.82,2.37,734.383,Nucleotide
Glucose,C3H15N4O4,300.96,7.66,492.801,Lipid
Adenosine triphosphate,C13H7N4O0,728.38,10.61,59.716,Carbohydrate
Dopamine,C7H8N5O2,497.78,13.12,912.68,Carbohydrate
Adenosine triphosphate,C20H40N5O4,111.9,3.85,671.994,Amide
Ethanol,C9H31N3O10,826.0,12.86,742.05,Alcohol
Ethanol,C3H15N1O9,390.87,13.21,764.084,Carbohydrate
Adrenaline,C8H22N2O4,691.71,11.31,236.128,Organic Compound
Glucose,C19H10N2O10,469.1,3.36,155.359,Nucleotide
Caffeine,C11H23N1O5,939.33,N/A,79.507,Carbohydrate
Glucose,C2H11N5O9,575.87,11.71,834.366,Alcohol
Serotonin,C15H21N3O5,698.69,8.14,73.806,Alkaloid
Cholesterol,C12H18N4O3,792.94,N/A,208.748,Neurotransmitter
Serotonin,C19H34N4O9,473.25,3.22,25.23,Nucleotide
Dopamine,C14H2N2O2,384.24,5.3,952.75,Nucleotide
Dopamine,C4H8N1O10,621.92,10.25,170.864,Alkaloid
Aspirin,C20H25N0O3,690.25,13.34,896.264,Amide
Urea,C14H8N0O7,210.11,10.25,721.403,Lipid
Glucose,C18H35N1O0,615.66,4.9,305.959,Hormone
Adrenaline,C17H37N2O8,614.16,12.42,390.77,Amide
Urea,C8H15N4O4,222.8,13.96,351.074,Amide
Cholesterol,C15H19N5O7,670.33,11.2,788.212,Alkaloid
Aspirin,C11H1N3O0,307.91,2.97,731.459,Alcohol
Caffeine,C6H4N3O2,747.1,3.68,347.226,Nucleotide
Aspirin,C13H20N3O1,373.86,N/A,430.319,Hormone
Serotonin,C20H23N1O8,576.66,8.84,849.545,Hormone
Serotonin,C13H31N3O7,370.0,6.85,109.217,Carbohydrate
Adrenaline,C15H10N5O8,495.03,9.69,399.826,Hormone
Adenosine triphosphate,C16H8N0O0,111.77,N/A,198.145,Alcohol
Adenosine triphosphate,C4H6N0O2,922.98,11.75,828.219,Hormone
Caffeine,C2H14N5O7,899.43,N/A,702.48,Lipid
Serotonin,C1H23N4O5,749.69,N/A,744.827,Amide
Urea,C15H7N1O4,189.04,9.69,134.499,Carbohydrate
Adenosine triphosphate,C10H17N3O6,161.64,8.31,160.813,Lipid
Adrenaline,C20H32N1O0,675.64,4.12,442.14,Carbohydrate
Glucose,C8H24N4O1,840.75,N/A,283.134,Alcohol
Dopamine,C4H2N3O2,255.85,N/A,192.88,Neurotransmitter
Dopamine,C6H16N1O9,668.49,13.13,911.591,Alkaloid
Adrenaline,C17H16N1O4,761.22,4.48,748.259,Organic Compound
Ethanol,C2H2N3O10,327.83,8.09,44.294,Hormone
Caffeine,C8H19N5O6,318.3,3.9,784.499,Organic Compound
Serotonin,C3H19N5O10,390.65,9.52,623.556,Hormone
Dopamine,C12H15N0O5,654.05,13.04,389.355,Lipid
Cholesterol,C5H38N3O5,104.5,6.18,618.999,Nucleotide
Urea,C4H15N4O10,97.33,6.03,121.519,Alkaloid
Cholesterol,C10H33N4O10,505.85,N/A,805.083,Hormone
Adenosine triphosphate,C6H24N2O5,787.31,6.39,981.554,Amide
Urea,C5H16N2O9,243.87,1.39,385.969,Organic Compound
Adenosine triphosphate,C14H23N5O7,627.57,6.22,254.84,Alkaloid
Aspirin,C14H12N0O6,567.92,N/A,307.941,Alkaloid
Glucose,C17H8N3O10,932.08,9.65,198.952,Alcohol
Adenosine triphosphate,C14H22N2O10,443.27,N/A,32.88,Lipid
Adrenaline,C17H5N0O0,815.35,2.29,418.473,Nucleotide
Aspirin,C6H30N1O1,885.6,13.75,392.59,Organic Compound
Cholesterol,C7H34N5O7,400.37,N/A,276.23,Amide
Caffeine,C10H13N3O8,322.4,5.08,618.45,Lipid
Aspirin,C15H23N4O4,734.8,5.43,88.005,Hormone
Urea,C8H20N3O10,854.82,6.33,351.458,Lipid
Dopamine,C3H12N0O1,106.34,13.71,270.297,Alcohol
Aspirin,C2H11N5O2,314.07,N/A,454.723,Lipid
Dopamine,C15H5N1O7,884.17,3.83,914.231,Nucleotide
Caffeine,C10H21N2O1,877.58,N/A,687.131,Lipid
Dopamine,C7H14N1O8,905.4,6.66,349.696,Neurotransmitter
Adrenaline,C5H23N1O3,797.5,11.59,124.775,Neurotransmitter
Serotonin,C2H33N4O0,795.69,13.59,866.495,Organic Compound
Ethanol,C5H7N4O6,293.07,5.28,571.706,Lipid
Serotonin,C9H25N1O6,941.1,9.27,575.411,Lipid
Caffeine,C14H17N2O10,226.1,12.82,723.653,Neurotransmitter
Aspirin,C1H23N0O8,448.36,13.74,373.792,Organic Compound
Dopamine,C1H37N1O5,96.67,11.28,717.797,Neurotransmitter
Urea,C2H38N0O6,342.55,1.23,54.329,Neurotransmitter
Adrenaline,C10H5N0O5,654.17,N/A,57.382,Amide
Cholesterol,C20H33N0O4,101.16,N/A,141.244,Lipid
Glucose,C15H21N3O8,215.69,9.58,932.048,Carbohydrate
Caffeine,C13H11N0O6,501.8,2.58,221.118,Alcohol
Cholesterol,C18H28N0O1,326.02,10.96,192.56,Hormone
Serotonin,C11H40N4O4,749.49,3.12,679.805,Alcohol
Caffeine,C15H40N0O1,828.85,2.69,65.064,Alkaloid
Urea,C6H39N3O9,769.96,N/A,346.156,Neurotransmitter
Cholesterol,C17H19N2O5,956.27,4.2,643.82,Amide
Cholesterol,C11H40N4O6,831.95,9.55,665.428,Hormone
Aspirin,C18H15N4O9,283.17,N/A,773.434,Alcohol
Glucose,C20H34N4O5,809.67,8.42,253.879,Organic Compound
Aspirin,C20H27N5O0,153.93,9.75,994.456,Hormone
Urea,C13H40N2O2,911.93,N/A,752.639,Alkaloid
Dopamine,C1H34N0O6,337.09,3.82,608.58,Carbohydrate
Caffeine,C6H19N1O7,773.48,5.76,316.202,Neurotransmitter
Cholesterol,C1H20N0O10,379.56,12.45,487.653,Hormone
Ethanol,C7H7N3O5,759.56,N/A,486.736,Nucleotide
Cholesterol,C9H29N4O6,901.88,13.59,472.712,Nucleotide
Ethanol,C18H32N1O0,422.06,11.69,651.906,Lipid
Urea,C10H7N4O8,419.75,1.45,95.459,Nucleotide
Aspirin,C17H9N1O3,996.78,13.86,89.194,Neurotransmitter
Ethanol,C14H25N1O10,543.8,4.37,755.185,Carbohydrate
Ethanol,C17H11N5O0,553.6,N/A,779.706,Carbohydrate
Adenosine triphosphate,C13H29N0O1,823.22,10.81,354.411,Amide
Ethanol,C13H3N5O1,812.86,6.97,851.899,Carbohydrate
Cholesterol,C4H19N5O3,897.92,13.28,418.779,Carbohydrate
Adenosine triphosphate,C13H24N4O1,598.61,12.73,924.259,Organic Compound
Ethanol,C5H40N5O5,238.82,6.83,59.27,Amide
Glucose,C12H25N5O5,994.29,8.97,317.752,Organic Compound
Aspirin,C15H1N3O8,77.92,13.59,9.071,Carbohydrate
Glucose,C12H21N1O4,732.81,7.81,774.987,Amide
Adrenaline,C8H21N0O7,622.59,2.97,155.327,Carbohydrate
Ethanol,C17H40N0O4,331.91,12.01,298.224,Carbohydrate
Glucose,C14H4N3O5,625.62,6.55,264.521,Alcohol
Glucose,C3H40N5O2,275.23,9.93,255.635,Alkaloid
Glucose,C19H35N2O10,714.89,12.45,493.746,Lipid
Dopamine,C20H30N0O9,303.92,N/A,431.135,Carbohydrate
Caffeine,C20H25N4O10,437.29,7.43,199.961,Lipid
Aspirin,C3H28N2O7,132.91,12.08,288.426,Nucleotide
Cholesterol,C19H31N3O6,342.23,N/A,196.104,Hormone
Adrenaline,C15H35N5O6,866.02,11.44,942.78,Neurotransmitter
Aspirin,C15H33N1O6,857.85,5.25,16.707,Lipid
Adenosine triphosphate,C1H29N3O2,904.52,1.32,741.727,Amide
Serotonin,C2H28N3O9,473.52,4.64,143.373,Organic Compound
Aspirin,C16H7N1O3,950.29,12.62,556.875,Hormone
Caffeine,C16H5N3O1,484.38,10.72,205.27,Organic Compound
Ethanol,C13H30N3O5,672.23,N/A,159.531,Nucleotide
Caffeine,C18H15N4O1,640.08,N/A,177.052,Amide
Adenosine triphosphate,C11H35N0O9,584.37,11.18,647.649,Lipid
Caffeine,C6H24N0O10,528.65,10.56,387.273,Neurotransmitter
Serotonin,C6H28N3O7,658.54,N/A,780.298,Neurotransmitter
Adenosine triphosphate,C11H10N5O9,965.36,4.45,153.538,Hormone
Ethanol,C3H26N4O6,218.86,6.7,49.86,Nucleotide
Cholesterol,C2H38N3O8,268.88,N/A,161.391,Nucleotide
Adrenaline,C16H35N1O3,682.63,13.71,605.914,Alkaloid
Urea,C10H24N5O0,931.68,1.48,246.577,Alcohol
Caffeine,C6H19N3O5,312.06,7.64,710.465,Alcohol
Adenosine triphosphate,C8H6N1O1,327.91,2.9,253.534,Hormone
Adenosine triphosphate,C9H27N2O5,85.74,2.8,283.38,Neurotransmitter
Dopamine,C15H25N1O4,976.52,8.75,610.562,Organic Compound
Glucose,C6H21N1O5,980.31,N/A,427.974,Amide
Adenosine triphosphate,C17H17N1O9,576.67,6.43,297.087,Carbohydrate
Dopamine,C17H17N5O0,55.7,N/A,576.331,Organic Compound
Aspirin,C7H12N2O5,502.16,6.61,320.144,Lipid
Urea,C7H3N3O5,418.53,13.78,54.654,Organic Compound
Caffeine,C6H22N5O8,993.76,3.63,702.894,Organic Compound
Cholesterol,C18H8N0O0,791.58,9.35,963.826,Organic Compound
Adenosine triphosphate,C17H2N0O3,184.88,7.59,136.594,Amide
Urea,C18H32N4O3,506.18,3.92,452.671,Alkaloid
Serotonin,C15H5N0O0,84.99,5.49,890.433,Nucleotide
Glucose,C19H23N5O1,726.97,1.3,322.275,Hormone
Glucose,C20H2N2O5,271.34,N/A,527.048,Amide
Urea,C4H39N3O6,318.44,5.08,720.928,Organic Compound
Ethanol,C15H21N1O2,137.23,3.44,236.549,Organic Compound
Aspirin,C5H31N4O7,256.98,N/A,550.379,Lipid
Adenosine triphosphate,C6H23N2O6,128.7,10.13,100.863,Lipid
Aspirin,C1H21N1O8,543.46,9.45,744.573,Carbohydrate
Dopamine,C9H12N4O9,234.12,9.73,595.44,Organic Compound
Glucose,C15H31N1O10,483.81,N/A,567.128,Lipid
Serotonin,C18H8N5O7,636.62,N/A,556.347,Lipid
Caffeine,C9H25N3O4,298.71,8.9,708.174,Neurotransmitter
Adrenaline,C14H32N3O9,956.72,1.36,38.469,Neurotransmitter
Caffeine,C13H4N0O3,96.83,13.9,423.307,Alcohol
Adenosine triphosphate,C2H29N1O9,973.86,9.11,289.88,Alcohol
Ethanol,C10H38N3O7,243.38,4.17,635.236,Amide
Caffeine,C20H15N3O10,417.14,6.2,976.722,Carbohydrate
Ethanol,C9H38N4O10,364.03,2.84,527.365,Amide
Urea,C17H10N3O9,751.7,7.37,329.875,Organic Compound
Aspirin,C1H15N5O1,541.4,1.09,914.085,Alcohol
Urea,C6H35N3O2,174.71,N/A,548.703,Amide
Aspirin,C11H28N2O2,405.34,3.1,803.021,Lipid
Glucose,C4H2N5O9,596.92,10.23,878.108,Amide
Caffeine,C5H18N3O2,960.78,11.68,538.479,Carbohydrate
Glucose,C3H10N2O2,388.86,3.21,38.743,Hormone
Adenosine triphosphate,C11H34N3O5,309.23,4.57,786.698,Carbohydrate
Cholesterol,C5H17N0O7,903.93,2.45,280.875,Alkaloid
Aspirin,C4H33N5O0,248.3,9.64,329.867,Neurotransmitter
Glucose,C4H10N4O2,597.13,N/A,832.777,Amide
Caffeine,C7H33N3O3,487.71,13.63,122.879,Neurotransmitter
Serotonin,C3H22N1O6,861.94,N/A,160.861,Carbohydrate
Cholesterol,C11H30N5O9,431.75,5.97,158.271,Hormone
Adenosine triphosphate,C16H36N4O0,196.06,9.41,316.203,Carbohydrate
Urea,C10H11N3O7,312.07,N/A,154.356,Neurotransmitter
Dopamine,C11H1N4O1,380.24,13.78,176.107,Alkaloid
Adenosine triphosphate,C9H2N2O9,857.22,4.28,416.058,Organic Compound
Dopamine,C19H37N0O8,51.55,5.76,437.028,Amide
Adenosine triphosphate,C18H3N2O10,973.8,N/A,626.062,Alcohol
Glucose,C2H10N3O5,721.32,N/A,481.474,Hormone
Adrenaline,C5H12N1O4,853.54,2.55,326.963,Neurotransmitter
Glucose,C8H13N2O7,138.83,8.12,910.182,Neurotransmitter
Adrenaline,C3H31N1O7,879.07,3.88,143.991,Organic Compound
Urea,C18H16N3O5,549.28,12.22,540.392,Neurotransmitter
Urea,C11H21N1O1,502.12,4.04,806.229,Carbohydrate
Adrenaline,C15H17N4O10,150.99,4.29,698.849,Organic Compound
Dopamine,C20H31N4O10,698.63,5.64,889.899,Lipid
Adrenaline,C16H9N4O5,837.92,N/A,954.337,Organic Compound
Serotonin,C8H25N3O4,388.82,7.29,636.493,Alcohol
Ethanol,C14H31N5O0,705.77,N/A,75.662,Nucleotide
Aspirin,C6H3N0O1,125.12,6.9,584.596,Carbohydrate
Adenosine triphosphate,C10H12N0O0,289.71,N/A,129.531,Neurotransmitter
Adenosine triphosphate,C15H35N2O2,558.96,N/A,774.501,Alkaloid
Ethanol,C10H19N4O9,448.91,3.83,821.205,Neurotransmitter
Cholesterol,C15H18N1O5,528.52,N/A,352.883,Carbohydrate
Aspirin,C5H16N4O3,627.55,7.8,120.878,Hormone
Adenosine triphosphate,C12H18N2O3,900.9,2.08,80.36,Alcohol
Aspirin,C9H35N0O10,244.23,4.72,676.542,Organic Compound
Ethanol,C16H23N1O10,516.4,7.81,179.349,Neurotransmitter
Caffeine,C9H16N1O0,529.62,3.73,479.449,Organic Compound
Glucose,C18H23N1O9,143.6,13.42,153.046,Organic Compound
Adenosine triphosphate,C1H36N0O8,323.31,N/A,211.446,Organic Compound
Aspirin,C4H20N0O3,120.6,4.89,225.176,Amide
Serotonin,C17H16N2O3,159.97,N/A,83.153,Alkaloid
Urea,C6H24N0O9,557.87,1.57,787.454,Amide
Aspirin,C9H23N2O9,119.15,N/A,672.306,Lipid
Dopamine,C11H39N0O3,370.5,10.72,39.028,Lipid
Dopamine,C11H32N3O8,426.65,N/A,578.213,Alkaloid
Urea,C18H13N3O1,908.81,N/A,904.406,Hormone
Glucose,C12H31N5O9,802.85,13.3,850.256,Alkaloid
Adrenaline,C3H31N0O10,190.17,N/A,911.982,Alcohol
Glucose,C13H10N1O2,929.95,5.47,649.592,Carbohydrate
Dopamine,C16H11N1O5,799.42,N/A,39.933,Amide
Aspirin,C14H24N0O10,323.18,9.03,426.95,Carbohydrate
Adrenaline,C2H12N3O9,110.54,12.67,888.437,Nucleotide
Cholesterol,C9H38N4O3,553.5,N/A,233.868,Alcohol
Urea,C13H24N0O9,640.48,N/A,953.743,Carbohydrate
Dopamine,C19H8N2O2,286.59,9.78,59.404,Alcohol
Cholesterol,C4H19N0O4,839.64,N/A,59.348,Organic Compound
Urea,C10H20N2O1,772.76,N/A,95.527,Alcohol
Cholesterol,C4H39N1O3,851.04,8.83,517.604,Hormone
Cholesterol,C20H10N1O2,636.91,13.47,270.029,Nucleotide
Serotonin,C15H40N0O0,528.52,N/A,178.09,Hormone
Ethanol,C15H36N3O1,906.68,8.98,733.615,Amide
Caffeine,C2H40N1O5,543.05,7.86,440.269,Neurotransmitter
Glucose,C6H32N1O9,435.63,1.5,52.093,Alkaloid
Glucose,C2H6N0O9,999.13,10.13,590.813,Neurotransmitter
Adenosine triphosphate,C9H13N3O9,757.8,5.58,778.191,Nucleotide
Glucose,C1H6N1O1,768.27,N/A,83.924,Amide
Serotonin,C18H38N0O8,771.37,3.43,11.127,Carbohydrate
Caffeine,C6H26N2O2,690.69,4.98,961.4,Lipid
Glucose,C19H19N0O4,505.15,N/A,840.007,Lipid
Glucose,C1H2N1O8,163.25,1.21,317.21,Alcohol
Urea,C17H31N2O7,313.98,1.31,965.182,Organic Compound
Caffeine,C19H22N3O8,151.51,12.54,702.184,Organic Compound
Cholesterol,C7H25N5O7,782.66,2.51,937.897,Carbohydrate
Glucose,C5H17N4O9,88.93,7.3,53.862,Neurotransmitter
Glucose,C4H36N0O2,460.0,12.57,709.536,Carbohydrate
Dopamine,C12H13N1O3,824.79,9.19,443.972,Amide
Adrenaline,C2H15N3O1,300.8,6.99,447.415,Nucleotide
Adrenaline,C14H4N1O7,528.55,6.99,754.501,Nucleotide
Urea,C7H30N4O9,770.08,N/A,282.411,Hormone
Ethanol,C1H29N1O3,299.0,8.2,912.064,Carbohydrate
Caffeine,C10H11N2O1,590.12,2.95,825.162,Lipid
Serotonin,C2H29N4O6,590.36,N/A,506.513,Alkaloid
Adrenaline,C6H15N0O7,487.1,11.52,316.679,Lipid
Cholesterol,C10H7N4O6,297.37,10.95,211.956,Amide
Aspirin,C7H33N0O5,550.84,4.73,414.457,Lipid
Dopamine,C7H7N3O3,582.14,2.78,731.467,Alcohol
Caffeine,C18H25N2O8,576.26,13.95,385.369,Hormone
Urea,C19H21N4O0,946.17,12.56,651.45,Lipid
Caffeine,C18H30N4O5,946.4,9.66,52.111,Lipid
Caffeine,C4H18N5O10,979.79,1.05,401.404,Neurotransmitter
Caffeine,C11H27N3O2,692.47,5.13,600.206,Alkaloid
Aspirin,C6H12N1O5,694.88,5.43,512.457,Nucleotide
Urea,C5H28N0O7,997.71,N/A,431.505,Neurotransmitter
Ethanol,C10H40N1O6,365.1,12.04,449.159,Lipid
Caffeine,C1H8N0O3,551.36,8.68,853.048,Hormone
Caffeine,C16H21N4O6,604.34,10.98,818.488,Lipid
Cholesterol,C17H10N1O0,78.73,N/A,681.35,Nucleotide
Dopamine,C19H31N1O6,605.08,7.79,772.45,Organic Compound
Ethanol,C8H9N2O9,596.77,N/A,198.287,Alkaloid
Serotonin,C9H29N1O10,483.18,3.32,542.855,Lipid
Ethanol,C6H11N2O7,973.6,12.88,660.864,Alcohol
Urea,C1H4N4O1,397.08,9.07,0.497,Neurotransmitter
Dopamine,C7H37N2O8,63.6,N/A,307.26,Carbohydrate
Dopamine,C2H29N4O9,174.66,8.45,661.146,Lipid
Cholesterol,C15H9N1O9,255.0,N/A,305.688,Nucleotide
Dopamine,C18H1N2O9,362.83,N/A,953.695,Hormone
Dopamine,C20H16N0O6,258.14,9.45,903.089,Neurotransmitter
Adenosine triphosphate,C2H27N3O1,422.28,N/A,803.056,Nucleotide
Aspirin,C14H18N4O3,588.43,5.95,731.036,Alkaloid
Caffeine,C13H12N4O2,269.62,11.22,499.76,Organic Compound
Adenosine triphosphate,C17H38N3O0,165.22,N/A,952.65,Neurotransmitter
Serotonin,C9H25N5O1,59.67,6.36,870.286,Hormone
Cholesterol,C1H21N2O1,155.18,N/A,648.642,Lipid
Cholesterol,C12H29N0O8,658.97,4.04,689.606,Amide
Aspirin,C7H8N3O1,281.04,10.23,61.865,Nucleotide
Urea,C15H10N2O2,927.9,9.07,532.925,Organic Compound
Dopamine,C8H29N1O5,371.66,1.05,633.051,Lipid
Glucose,C1H29N4O5,78.21,10.76,917.86,Lipid
Glucose,C8H27N4O10,738.76,12.35,48.377,Neurotransmitter
Adenosine triphosphate,C1H8N3O8,293.06,1.56,932.345,Neurotransmitter
Caffeine,C13H15N2O1,650.47,10.85,437.645,Alcohol
Glucose,C3H2N5O5,123.82,N/A,80.487,Carbohydrate
Serotonin,C4H18N1O3,653.46,9.3,595.977,Organic Compound
Cholesterol,C5H32N0O8,794.27,2.05,652.99,Hormone
Adenosine triphosphate,C7H6N5O2,439.62,N/A,991.562,Alkaloid
Dopamine,C8H39N3O8,838.37,8.22,104.135,Alkaloid
Urea,C16H3N3O0,195.62,5.85,307.164,Carbohydrate
Dopamine,C4H13N5O8,887.2,N/A,720.088,Alkaloid
Adenosine triphosphate,C3H36N1O6,146.15,4.59,534.618,Organic Compound
Cholesterol,C18H19N1O7,224.91,N/A,901.076,Lipid
Aspirin,C6H33N1O9,490.61,1.66,424.366,Alcohol
Urea,C5H10N1O4,787.85,2.78,56.331,Neurotransmitter
Aspirin,C16H18N3O5,61.1,10.09,807.182,Nucleotide
Serotonin,C7H14N2O7,794.24,2.27,552.128,Nucleotide
Dopamine,C5H10N2O10,200.46,11.06,979.495,Lipid
Caffeine,C4H30N1O7,113.28,9.22,357.672,Alcohol
Cholesterol,C9H27N0O8,65.59,4.78,491.44,Organic Compound
Adenosine triphosphate,C15H16N2O4,199.43,11.74,716.063,Alcohol
Ethanol,C20H14N5O9,332.92,12.0,3.331,Alcohol
Aspirin,C8H1N3O5,765.52,7.0,228.94,Nucleotide
Aspirin,C11H26N0O6,226.05,2.46,582.294,Carbohydrate
Caffeine,C6H32N3O1,731.77,10.86,196.112,Neurotransmitter
Urea,C5H1N3O4,879.95,8.95,983.995,Neurotransmitter
Dopamine,C9H12N0O5,693.89,2.53,349.478,Lipid
Aspirin,C12H37N4O8,945.27,6.63,600.356,Neurotransmitter
Dopamine,C17H4N3O2,938.51,4.19,241.847,Organic Compound
Serotonin,C9H37N2O6,792.0,9.58,430.182,Organic Compound
Serotonin,C7H32N2O1,348.12,10.32,574.482,Amide
Dopamine,C19H6N2O10,570.74,5.07,153.633,Nucleotide
Dopamine,C15H5N5O10,851.03,12.47,48.648,Organic Compound
Caffeine,C13H10N0O7,502.04,13.93,376.369,Neurotransmitter
Adenosine triphosphate,C1H15N1O2,503.51,9.26,195.348,Carbohydrate
Caffeine,C9H37N5O8,638.32,4.47,129.178,Alcohol
Adrenaline,C12H17N5O10,92.88,2.25,804.6,Neurotransmitter
Ethanol,C15H40N5O5,529.74,4.1,328.84,Alkaloid
Serotonin,C10H10N5O9,603.24,1.3,830.705,Organic Compound
Urea,C5H7N3O3,520.35,8.8,295.263,Nucleotide
Serotonin,C8H21N4O3,494.12,9.49,556.254,Hormone
Cholesterol,C8H9N1O7,236.49,2.72,783.796,Alcohol
Glucose,C16H34N0O7,208.97,9.69,413.558,Carbohydrate
Aspirin,C12H33N2O8,826.47,8.27,443.423,Organic Compound
Caffeine,C5H19N1O1,284.22,5.32,356.912,Carbohydrate
Cholesterol,C7H11N5O3,229.31,6.05,906.567,Neurotransmitter
Aspirin,C5H2N3O6,579.67,11.61,554.467,Hormone
Glucose,C13H15N4O0,265.41,2.19,323.379,Alcohol
Caffeine,C20H2N3O8,339.4,11.5,85.244,Organic Compound
Caffeine,C11H2N4O0,488.39,8.34,891.17,Alcohol
Adenosine triphosphate,C15H7N0O6,377.41,10.97,813.742,Alcohol
Aspirin,C2H2N0O6,461.32,12.43,314.821,Carbohydrate
Ethanol,C7H19N3O3,482.34,N/A,142.325,Lipid
Adenosine triphosphate,C6H14N1O10,306.75,3.61,687.047,Carbohydrate
Adrenaline,C14H39N2O0,485.66,10.31,487.833,Amide
Urea,C15H15N5O8,642.13,9.97,340.354,Nucleotide
Urea,C19H39N3O1,54.75,8.48,681.257,Carbohydrate
Glucose,C12H14N2O7,766.93,9.49,981.198,Alcohol
Cholesterol,C14H14N3O10,722.54,5.54,839.013,Organic Compound
Aspirin,C18H1N5O1,329.27,N/A,761.931,Amide
Urea,C15H14N5O0,155.61,N/A,704.718,Lipid
Caffeine,C17H40N2O1,191.27,11.76,225.036,Neurotransmitter
Adrenaline,C14H13N5O3,873.69,2.46,969.003,Alkaloid
Glucose,C7H26N4O1,442.32,10.28,637.552,Nucleotide
Serotonin,C6H23N1O4,427.02,N/A,518.346,Alcohol
Adenosine triphosphate,C15H36N3O5,954.06,3.71,884.563,Alkaloid
Urea,C3H4N4O2,898.81,13.23,192.563,Amide
Adrenaline,C1H32N2O3,363.21,2.28,367.818,Alcohol
Adrenaline,C20H38N2O5,292.26,4.6,450.066,Carbohydrate
Adrenaline,C16H27N0O4,464.8,N/A,178.879,Nucleotide
Cholesterol,C13H21N1O1,670.48,13.19,155.03,Nucleotide
Serotonin,C8H3N1O10,458.1,9.03,251.571,Neurotransmitter
Caffeine,C7H19N5O9,197.81,10.05,60.147,Nucleotide
Adrenaline,C5H9N3O10,919.34,1.16,933.195,Nucleotide
Dopamine,C1H14N3O8,520.46,N/A,847.84,Alcohol
Adenosine triphosphate,C9H12N5O8,721.71,10.96,904.177,Organic Compound
Dopamine,C19H20N1O0,164.01,11.06,166.047,Organic Compound
Serotonin,C1H27N1O2,689.03,8.05,556.78,Carbohydrate
Adrenaline,C13H26N5O4,681.51,6.98,694.11,Amide
Dopamine,C10H1N2O5,801.05,4.72,101.075,Amide
Urea,C2H21N3O2,718.6,3.87,999.874,Neurotransmitter
Serotonin,C20H6N1O6,806.44,6.24,820.453,Carbohydrate
Urea,C6H35N4O0,500.7,3.21,351.933,Lipid
Aspirin,C16H34N2O2,293.96,6.62,668.315,Amide
Adenosine triphosphate,C4H31N0O9,285.65,N/A,999.964,Amide
Aspirin,C19H32N5O5,83.1,11.71,191.604,Neurotransmitter
Adrenaline,C17H25N0O10,100.2,1.93,675.493,Neurotransmitter
Cholesterol,C20H25N3O0,113.36,11.56,884.487,Neurotransmitter
Serotonin,C16H21N5O1,860.63,3.38,950.67,Nucleotide
Ethanol,C11H1N5O10,249.62,11.32,246.658,Alkaloid
Caffeine,C18H6N3O9,617.34,5.08,168.578,Carbohydrate
Ethanol,C2H18N1O0,189.65,8.64,876.088,Alkaloid
Ethanol,C15H24N1O5,481.3,10.53,569.766,Carbohydrate
Adrenaline,C7H37N5O2,796.0,9.17,800.181,Carbohydrate
Aspirin,C8H28N0O6,386.77,10.16,271.929,Hormone
Cholesterol,C13H31N4O4,588.22,2.43,81.665,Organic Compound
Adenosine triphosphate,C17H20N4O10,281.3,12.99,621.616,Nucleotide
Cholesterol,C6H39N3O6,75.77,5.33,457.264,Hormone
Cholesterol,C13H8N4O8,954.43,11.76,663.99,Alkaloid
Cholesterol,C12H14N1O1,918.94,N/A,867.478,Carbohydrate
Caffeine,C17H8N5O2,350.56,9.37,582.209,Alcohol
Glucose,C13H24N5O3,767.66,N/A,559.902,Alcohol
Ethanol,C1H9N5O0,536.93,8.9,572.909,Alkaloid
Ethanol,C16H28N5O5,653.67,9.56,444.026,Organic Compound
Glucose,C4H16N3O6,144.52,1.81,270.133,Amide
Serotonin,C1H24N4O2,762.41,N/A,431.508,Lipid
Glucose,C7H3N0O1,498.41,N/A,473.047,Lipid
Caffeine,C10H23N3O8,840.06,3.59,86.966,Alkaloid
Dopamine,C7H1N5O5,201.87,6.83,750.798,Lipid
Ethanol,C15H3N5O5,938.2,4.12,827.337,Nucleotide
Adenosine triphosphate,C9H33N0O4,918.97,5.63,278.072,Amide
Ethanol,C15H27N5O4,993.6,9.34,351.473,Nucleotide
Adrenaline,C18H3N2O4,59.49,4.86,741.831,Lipid
Serotonin,C18H11N4O2,423.62,9.06,698.632,Carbohydrate
Urea,C19H39N3O0,585.47,1.19,902.887,Neurotransmitter
Caffeine,C18H19N3O7,847.85,10.06,764.829,Neurotransmitter
Aspirin,C17H10N5O8,455.8,N/A,291.134,Carbohydrate
Dopamine,C7H8N2O7,224.6,4.37,479.543,Organic Compound
Ethanol,C18H14N2O4,366.01,11.12,735.183,Organic Compound
Cholesterol,C6H14N2O5,792.01,N/A,643.655,Lipid
Caffeine,C15H5N1O8,434.08,N/A,471.294,Organic Compound
Cholesterol,C3H8N0O1,177.9,6.26,752.468,Carbohydrate
Aspirin,C6H23N5O7,600.87,10.73,16.07,Alkaloid
Dopamine,C2H30N1O8,857.7,1.08,72.578,Carbohydrate
Adenosine triphosphate,C4H20N1O3,973.1,11.03,321.612,Lipid
Ethanol,C2H21N2O7,241.54,2.83,346.073,Alkaloid
Cholesterol,C12H18N1O3,960.13,5.41,719.623,Hormone
Adrenaline,C16H5N2O10,262.35,6.45,146.975,Hormone
Adenosine triphosphate,C2H1N3O5,496.56,N/A,447.184,Carbohydrate
Serotonin,C17H24N3O7,787.25,N/A,617.095,Organic Compound
Serotonin,C20H5N5O3,745.42,1.93,968.923,Hormone
Dopamine,C12H30N0O2,250.23,3.07,804.676,Alkaloid
Adrenaline,C5H1N3O7,371.55,12.53,827.329,Neurotransmitter
Aspirin,C11H22N1O1,134.81,11.07,829.847,Carbohydrate
Urea,C3H6N4O0,734.86,N/A,234.319,Hormone
Glucose,C17H17N1O7,234.45,10.43,585.627,Nucleotide
Caffeine,C4H38N3O6,427.85,N/A,180.339,Nucleotide
Serotonin,C6H33N4O6,130.02,6.7,775.017,Nucleotide
Adenosine triphosphate,C1H22N5O1,396.54,3.02,578.522,Nucleotide
Cholesterol,C3H27N3O0,728.36,6.65,423.05,Nucleotide
Serotonin,C8H12N5O10,324.19,6.69,881.89,Alcohol
Cholesterol,C6H35N4O3,138.04,8.18,588.98,Lipid
Aspirin,C6H37N3O10,143.04,9.41,593.863,Nucleotide
Serotonin,C14H12N4O7,328.28,6.7,609.331,Neurotransmitter
Caffeine,C16H21N2O10,646.61,7.91,430.675,Carbohydrate
Adrenaline,C13H18N2O7,500.25,12.28,540.632,Neurotransmitter
Aspirin,C19H9N1O7,413.26,N/A,666.161,Alkaloid
Adrenaline,C16H40N4O1,648.2,N/A,984.992,Hormone
Cholesterol,C5H15N1O9,684.81,8.52,686.814,Alcohol
Adenosine triphosphate,C9H24N5O7,471.22,11.91,775.164,Lipid
Serotonin,C5H14N4O0,826.62,4.75,145.165,Lipid
Adenosine triphosphate,C17H17N1O9,635.29,10.62,290.147,Alkaloid
Aspirin,C16H18N1O6,614.75,N/A,105.424,Nucleotide
Caffeine,C14H16N1O5,545.15,6.82,971.828,Neurotransmitter
Ethanol,C16H25N5O5,541.96,7.16,811.445,Hormone
Adrenaline,C6H15N5O9,484.81,5.85,579.94,Carbohydrate
Aspirin,C10H6N2O10,311.99,N/A,700.654,Organic Compound
Serotonin,C14H21N4O6,377.63,7.61,303.666,Alcohol
Glucose,C1H8N0O9,816.76,11.44,39.572,Nucleotide
Serotonin,C5H9N3O5,567.68,10.73,582.677,Amide
Glucose,C14H24N2O0,377.45,11.29,641.494,Nucleotide
Adrenaline,C17H17N1O1,675.49,5.17,241.021,Alkaloid
Caffeine,C14H20N1O4,869.06,12.87,562.719,Neurotransmitter
Serotonin,C10H29N4O8,500.63,10.95,161.477,Organic Compound
Adrenaline,C12H5N3O2,118.67,3.4,404.5,Organic Compound
Urea,C12H30N5O1,288.45,11.68,989.956,Hormone
Dopamine,C5H20N4O3,138.64,2.09,406.451,Nucleotide
Adrenaline,C1H37N3O1,307.32,8.53,33.116,Hormone
Cholesterol,C14H36N4O0,635.38,12.72,140.575,Lipid
Serotonin,C7H34N1O9,209.97,9.03,13.288,Hormone
Adenosine triphosphate,C6H40N1O1,264.96,8.67,387.54,Alkaloid
Ethanol,C12H3N4O7,688.06,13.66,548.125,Neurotransmitter
Glucose,C8H7N3O0,589.18,10.84,455.758,Alcohol
Aspirin,C16H15N3O4,717.3,2.65,580.906,Amide
Urea,C16H13N0O7,594.22,N/A,438.673,Organic Compound
Dopamine,C15H31N0O8,912.26,3.71,705.236,Alkaloid
Cholesterol,C6H18N0O1,243.77,5.17,728.792,Carbohydrate
Glucose,C2H37N5O1,873.78,N/A,990.2,Alcohol
Cholesterol,C8H1N5O4,743.49,5.36,215.744,Lipid
Caffeine,C18H28N0O7,639.06,N/A,241.986,Alcohol
Aspirin,C1H19N2O5,589.5,3.82,36.517,Alcohol
Aspirin,C10H4N2O9,347.47,2.05,918.338,Nucleotide
Dopamine,C2H29N0O0,320.18,11.38,818.065,Neurotransmitter
Adenosine triphosphate,C6H3N2O2,954.99,N/A,114.476,Lipid
Dopamine,C15H8N4O7,308.19,N/A,88.377,Amide
Cholesterol,C2H4N2O3,438.98,5.07,384.596,Hormone
Urea,C13H18N0O2,885.47,N/A,444.541,Organic Compound
Adrenaline,C12H11N0O3,270.63,13.42,448.535,Carbohydrate
Aspirin,C8H14N1O7,803.98,N/A,627.944,Lipid
Glucose,C8H28N5O10,798.4,10.77,49.794,Nucleotide
Ethanol,C15H32N1O9,886.42,10.27,151.199,Carbohydrate
Ethanol,C11H38N0O9,572.25,9.81,12.081,Carbohydrate
Ethanol,C15H19N0O5,436.18,N/A,775.41,Nucleotide
Caffeine,C11H13N5O10,972.43,10.33,69.134,Carbohydrate
Glucose,C11H2N2O2,596.33,4.43,920.835,Alcohol
Caffeine,C6H38N4O3,954.46,2.75,32.382,Neurotransmitter
Urea,C6H25N1O1,516.82,5.88,575.29,Lipid
Adrenaline,C1H11N2O0,57.2,9.47,950.778,Neurotransmitter
Urea,C18H33N3O6,299.51,3.44,519.688,Neurotransmitter
Caffeine,C9H14N0O3,488.56,3.31,23.236,Hormone
Urea,C8H39N4O9,449.86,1.5,630.663,Neurotransmitter
Urea,C15H3N2O4,298.55,8.79,395.866,Nucleotide
Dopamine,C1H2N4O4,820.37,13.64,142.341,Organic Compound
Adenosine triphosphate,C11H11N4O3,402.77,12.87,495.072,Lipid
Glucose,C1H10N0O9,122.14,2.94,876.67,Hormone
Ethanol,C2H6N5O2,86.43,10.36,113.784,Organic Compound
Urea,C9H21N5O10,234.37,10.86,780.517,Amide
Serotonin,C17H21N3O6,877.24,N/A,956.484,Hormone
Urea,C20H23N5O3,598.93,N/A,567.633,Amide
Serotonin,C1H27N1O8,787.22,1.83,693.372,Hormone
Urea,C17H36N3O4,300.51,4.29,582.27,Neurotransmitter
Aspirin,C7H7N4O8,111.91,1.23,710.815,Lipid
Caffeine,C5H5N2O10,933.27,6.82,844.453,Lipid
Aspirin,C12H31N5O2,513.0,5.86,589.995,Amide
Serotonin,C4H40N3O1,808.35,N/A,54.123,Amide
Caffeine,C2H2N4O0,790.56,13.03,909.421,Alkaloid
Serotonin,C2H21N4O0,565.61,12.8,308.934,Lipid
Serotonin,C17H18N2O9,791.79,2.33,784.055,Nucleotide
Adrenaline,C8H35N2O1,70.96,N/A,833.981,Alkaloid
Urea,C9H37N3O5,451.88,2.23,110.621,Organic Compound
Aspirin,C11H7N0O1,867.88,10.87,255.376,Alkaloid
Serotonin,C4H35N3O8,707.42,12.88,756.515,Organic Compound
Ethanol,C9H9N3O6,383.88,11.76,592.977,Organic Compound
Urea,C2H25N5O9,189.21,N/A,195.663,Neurotransmitter
Caffeine,C2H4N5O5,518.93,N/A,675.015,Lipid
Aspirin,C8H18N4O3,685.52,8.84,49.365,Organic Compound
Adenosine triphosphate,C11H24N0O3,947.34,2.26,636.144,Organic Compound
Urea,C9H30N1O0,386.17,1.76,425.734,Alcohol
Caffeine,C2H29N2O7,388.42,6.01,141.16,Hormone
Cholesterol,C4H4N5O3,218.64,N/A,515.438,Hormone
Urea,C4H3N2O8,896.26,7.5,845.138,Amide
Serotonin,C9H25N4O7,541.46,6.98,67.244,Alcohol
Aspirin,C12H30N2O5,148.73,8.45,119.321,Amide
Adenosine triphosphate,C9H26N4O10,676.94,9.56,538.68,Organic Compound
Caffeine,C9H21N4O0,205.09,1.23,310.746,Alcohol
Caffeine,C11H16N2O4,455.8,4.6,849.058,Nucleotide
Serotonin,C15H22N2O8,542.43,4.89,125.027,Neurotransmitter
Adrenaline,C4H20N5O3,231.09,13.84,162.023,Alkaloid
Ethanol,C11H6N2O10,467.41,2.48,165.304,Neurotransmitter
Caffeine,C8H16N0O4,560.99,5.0,16.565,Hormone
Urea,C20H33N2O7,567.54,2.88,431.803,Lipid
Adrenaline,C4H34N2O9,574.2,12.0,229.918,Alcohol
Ethanol,C4H2N0O2,219.62,9.79,781.722,Hormone
Serotonin,C12H28N3O10,264.2,8.13,230.623,Carbohydrate
Caffeine,C8H38N3O3,802.37,N/A,685.728,Amide
Adrenaline,C13H33N5O6,843.81,13.3,57.631,Lipid
Adrenaline,C18H6N5O6,764.41,5.85,900.015,Carbohydrate
Adrenaline,C15H6N2O6,179.61,N/A,535.046,Carbohydrate
Caffeine,C6H37N4O2,308.9,2.63,513.119,Alcohol
Ethanol,C19H25N5O3,831.67,10.5,327.152,Alcohol
Cholesterol,C1H1N4O4,696.38,9.88,839.29,Nucleotide
Urea,C13H10N1O6,749.35,N/A,58.587,Neurotransmitter
Urea,C14H9N2O7,521.21,9.16,860.801,Neurotransmitter
Serotonin,C9H4N3O8,367.63,3.47,144.414,Organic Compound
Cholesterol,C1H27N0O10,580.63,6.36,453.334,Alcohol
Aspirin,C8H32N4O6,751.05,N/A,916.872,Alkaloid
Urea,C6H6N5O3,450.46,3.99,226.372,Lipid
Serotonin,C8H32N1O7,457.99,8.26,509.651,Amide
Aspirin,C1H37N0O7,518.92,12.84,310.165,Organic Compound
Adenosine triphosphate,C8H1N0O10,715.2,9.75,511.961,Alkaloid
Glucose,C13H7N0O9,273.13,2.99,592.541,Lipid
Glucose,C17H10N2O10,837.45,9.43,593.509,Nucleotide
Cholesterol,C1H29N2O10,875.46,4.4,26.904,Neurotransmitter
Adenosine triphosphate,C3H31N2O0,841.5,6.69,324.548,Alcohol
Glucose,C16H5N4O9,697.29,6.81,314.799,Neurotransmitter
Aspirin,C12H4N0O0,95.23,N/A,389.398,Amide
Ethanol,C16H37N3O9,87.87,9.32,119.459,Lipid
Glucose,C15H1N5O9,368.68,11.97,321.745,Lipid
Glucose,C6H33N0O3,864.18,2.47,78.632,Hormone
Serotonin,C14H12N4O5,222.31,12.13,479.857,Organic Compound
Caffeine,C2H24N3O6,340.4,2.97,873.4,Organic Compound
Cholesterol,C20H22N4O10,507.68,11.32,314.551,Nucleotide
Urea,C15H22N1O9,428.76,5.47,551.883,Hormone
Adenosine triphosphate,C17H37N5O6,842.95,13.63,144.966,Alcohol
Caffeine,C11H29N0O3,72.2,N/A,769.161,Organic Compound
Urea,C14H16N1O4,267.55,N/A,815.329,Alcohol
Serotonin,C13H34N1O6,214.05,9.76,901.404,Carbohydrate
Urea,C19H32N5O8,537.04,N/A,290.255,Lipid
Aspirin,C17H34N2O7,115.9,7.19,688.807,Alcohol
Adenosine triphosphate,C1H4N0O2,411.6,6.29,982.644,Organic Compound
Adrenaline,C3H17N5O8,377.52,5.04,136.058,Hormone
Caffeine,C9H37N3O6,212.97,8.21,78.044,Carbohydrate
Urea,C9H18N0O2,528.87,N/A,93.541,Carbohydrate
Aspirin,C4H33N5O3,414.73,11.23,760.707,Carbohydrate
Dopamine,C18H8N5O9,701.59,N/A,262.202,Alcohol
Adenosine triphosphate,C15H8N2O5,161.12,2.35,620.328,Amide
Cholesterol,C3H18N5O0,670.09,N/A,578.2,Nucleotide
Ethanol,C15H36N3O10,100.02,4.14,769.663,Alcohol
Serotonin,C5H26N0O3,353.23,4.16,113.575,Carbohydrate
Caffeine,C4H6N1O7,467.69,12.53,266.282,Carbohydrate
Cholesterol,C10H11N4O7,606.61,N/A,83.942,Neurotransmitter
Ethanol,C10H38N1O10,970.8,13.54,512.308,Neurotransmitter
Adrenaline,C20H33N2O2,919.85,11.03,706.453,Neurotransmitter
Glucose,C14H6N0O2,299.67,11.27,783.704,Alkaloid
Glucose,C15H2N0O1,913.53,4.35,726.377,Carbohydrate
Ethanol,C17H8N0O2,334.21,1.22,962.058,Organic Compound
Urea,C15H30N4O6,261.46,11.55,998.995,Neurotransmitter
Serotonin,C7H2N0O8,838.24,2.04,360.193,Lipid
Dopamine,C14H17N1O3,321.95,6.73,445.025,Hormone
Glucose,C4H20N1O4,240.02,7.1,273.432,Carbohydrate
Urea,C18H29N2O3,741.1,5.86,248.762,Alkaloid
Urea,C10H39N0O8,799.25,8.57,413.6,Organic Compound
Aspirin,C17H35N2O10,534.78,N/A,670.72,Lipid
Dopamine,C13H18N0O5,349.45,13.57,651.778,Lipid
Cholesterol,C13H2N0O3,303.21,5.57,924.19,Hormone
Caffeine,C6H5N3O1,479.89,4.38,874.673,Amide
Urea,C3H8N3O9,207.38,11.92,326.422,Organic Compound
Caffeine,C17H12N4O7,63.12,4.73,544.744,Lipid
Serotonin,C10H35N1O7,186.49,N/A,726.899,Alkaloid
Serotonin,C19H31N3O8,509.65,5.8,862.646,Organic Compound
Caffeine,C19H31N0O0,610.32,10.72,653.671,Alcohol
Adrenaline,C8H15N5O2,524.99,8.65,997.034,Neurotransmitter
Caffeine,C3H26N3O8,446.79,1.91,387.731,Nucleotide
Caffeine,C9H8N2O6,447.15,8.09,28.026,Alkaloid
Aspirin,C11H12N3O7,133.1,10.26,480.522,Alcohol
Dopamine,C10H27N1O8,543.77,7.36,260.872,Nucleotide
Urea,C9H26N0O0,985.06,3.55,708.078,Hormone
Urea,C11H21N4O9,403.5,10.02,530.147,Organic Compound
Adenosine triphosphate,C17H21N3O0,496.41,N/A,982.005,Organic Compound
Serotonin,C10H37N0O8,459.49,6.68,710.594,Hormone
Ethanol,C16H14N1O3,363.98,N/A,493.42,Lipid
Adenosine triphosphate,C12H40N0O2,582.08,2.95,973.019,Carbohydrate
Glucose,C17H8N0O4,557.54,2.33,147.828,Amide
Dopamine,C16H29N4O10,993.66,2.26,410.201,Alkaloid
Glucose,C12H15N3O4,179.91,10.22,702.443,Amide
Cholesterol,C18H15N2O4,506.01,N/A,269.492,Lipid
Caffeine,C1H40N5O9,122.85,5.5,472.731,Hormone
Adrenaline,C10H27N3O5,261.1,3.56,651.589,Hormone
Dopamine,C10H35N1O10,497.62,N/A,148.855,Alcohol
Urea,C12H6N5O3,443.83,11.35,165.847,Hormone
Caffeine,C11H19N0O7,145.74,13.03,696.798,Lipid
Serotonin,C10H6N1O8,405.37,13.99,272.458,Carbohydrate
Aspirin,C17H4N5O2,412.26,10.61,8.419,Neurotransmitter
Ethanol,C6H17N3O9,284.81,2.24,997.192,Hormone
Dopamine,C16H15N5O0,473.73,5.09,724.669,Neurotransmitter
Ethanol,C7H37N5O10,362.24,5.16,516.628,Carbohydrate
Ethanol,C12H7N5O3,409.19,1.42,128.105,Neurotransmitter
Urea,C6H3N1O7,82.83,6.54,3.212,Alcohol
Urea,C11H32N5O6,291.84,4.15,385.425,Organic Compound
Adenosine triphosphate,C20H35N0O7,371.92,2.08,193.752,Amide
Adenosine triphosphate,C13H20N3O1,69.44,13.06,60.769,Carbohydrate
Caffeine,C6H4N2O10,946.94,5.55,708.796,Neurotransmitter
Cholesterol,C11H10N0O7,843.15,1.22,269.113,Carbohydrate
Adenosine triphosphate,C13H12N4O8,490.73,N/A,849.879,Amide
Adenosine triphosphate,C1H3N5O8,316.41,1.78,615.672,Nucleotide
Caffeine,C6H21N2O9,399.11,4.57,426.857,Nucleotide
Dopamine,C5H14N0O8,723.21,6.32,601.913,Amide
Caffeine,C2H32N1O8,583.16,11.26,29.797,Neurotransmitter
Adenosine triphosphate,C8H6N2O2,474.06,5.62,510.513,Alkaloid
Dopamine,C15H38N1O7,537.34,6.07,598.527,Amide
Serotonin,C1H12N1O0,188.4,6.5,97.74,Alcohol
Dopamine,C12H24N5O6,99.38,N/A,226.299,Hormone
Ethanol,C16H27N3O7,673.34,N/A,707.928,Amide
Aspirin,C9H23N5O3,426.8,7.97,31.379,Hormone
Caffeine,C4H4N3O2,722.54,5.49,193.709,Nucleotide
Ethanol,C14H32N3O4,799.55,1.37,990.42,Organic Compound
Ethanol,C12H39N3O4,793.52,5.14,28.708,Amide
Glucose,C12H6N1O4,351.64,3.27,610.82,Hormone
Glucose,C5H9N1O6,947.56,N/A,143.278,Alcohol
Glucose,C10H30N2O3,307.16,9.92,911.748,Nucleotide
Glucose,C9H21N1O9,638.25,13.02,760.199,Organic Compound
Urea,C1H10N2O5,427.3,3.03,118.845,Lipid
Adrenaline,C2H37N4O7,787.43,2.99,282.516,Nucleotide
Aspirin,C4H17N0O1,689.61,2.19,154.413,Amide
Urea,C6H17N2O3,668.24,12.56,293.261,Neurotransmitter
Urea,C11H7N2O2,192.92,5.59,880.594,Lipid
Caffeine,C17H36N0O0,394.02,N/A,546.468,Carbohydrate
Caffeine,C15H10N3O3,858.57,7.83,699.505,Nucleotide
Ethanol,C18H3N5O7,471.68,11.37,776.758,Neurotransmitter
Dopamine,C5H37N1O6,399.48,4.11,593.985,Nucleotide
Ethanol,C5H11N0O9,939.58,7.38,327.791,Organic Compound
Ethanol,C7H11N0O6,395.94,11.56,248.283,Carbohydrate
Ethanol,C7H1N3O9,158.58,7.03,532.645,Alcohol
Adenosine triphosphate,C12H21N0O8,771.24,N/A,163.885,Alkaloid
Cholesterol,C9H8N4O9,612.71,7.73,477.332,Carbohydrate
Serotonin,C16H8N2O0,311.14,2.11,460.085,Nucleotide
Ethanol,C13H37N4O7,395.55,11.13,417.14,Nucleotide
Ethanol,C6H20N1O2,944.26,4.35,880.227,Alkaloid
Dopamine,C9H36N3O10,59.31,10.95,203.903,Lipid
Glucose,C6H36N4O1,641.76,8.32,917.762,Alkaloid
Cholesterol,C14H17N1O9,223.46,7.33,530.04,Amide
Adenosine triphosphate,C20H7N4O10,516.79,11.36,27.304,Neurotransmitter
Adenosine triphosphate,C9H38N5O8,853.16,N/A,578.753,Nucleotide
Serotonin,C17H15N0O9,152.45,10.48,258.782,Hormone
Serotonin,C9H18N0O6,570.32,7.79,415.781,Nucleotide
Cholesterol,C7H23N0O4,677.65,8.09,753.149,Alcohol
Adrenaline,C12H16N5O6,97.39,N/A,813.221,Organic Compound
Caffeine,C15H7N5O0,419.48,N/A,275.68,Alcohol
Dopamine,C16H2N2O10,375.15,9.04,954.323,Alkaloid
Adrenaline,C6H2N4O6,818.45,12.24,226.654,Hormone
Caffeine,C2H37N0O1,271.88,N/A,529.642,Lipid
Caffeine,C2H37N5O1,300.35,10.34,655.82,Neurotransmitter
Cholesterol,C9H18N5O6,139.02,10.67,48.909,Organic Compound
Glucose,C7H40N0O4,813.53,5.73,257.201,Alkaloid
Ethanol,C6H33N2O6,74.19,N/A,541.467,Neurotransmitter
Serotonin,C1H40N3O0,417.65,2.55,920.679,Neurotransmitter
Adrenaline,C13H14N4O0,934.38,4.25,403.675,Nucleotide
Urea,C18H5N3O4,239.37,1.81,913.473,Neurotransmitter
Adenosine triphosphate,C17H6N2O8,198.47,12.33,792.517,Carbohydrate
Caffeine,C14H28N1O8,467.28,N/A,206.739,Hormone
Aspirin,C1H17N4O10,349.98,5.85,24.268,Carbohydrate
Cholesterol,C18H24N2O5,474.08,10.3,186.508,Lipid
Glucose,C10H32N0O10,948.15,1.97,99.918,Neurotransmitter
Cholesterol,C8H10N1O3,325.72,10.68,833.736,Hormone
Dopamine,C12H8N5O9,558.97,5.6,834.994,Lipid
Cholesterol,C5H28N4O0,202.98,N/A,377.103,Nucleotide
Dopamine,C11H22N4O8,514.99,2.08,35.263,Alcohol
Aspirin,C2H21N0O6,448.33,N/A,917.0,Alcohol
Aspirin,C12H16N4O2,389.86,4.87,629.78,Hormone
Dopamine,C14H14N1O10,122.16,12.67,708.364,Amide
Dopamine,C1H33N4O0,877.0,N/A,161.875,Neurotransmitter
Caffeine,C4H40N0O7,215.91,2.63,733.426,Amide
Adrenaline,C18H20N2O0,467.95,4.96,243.762,Amide
Cholesterol,C12H29N0O0,519.23,4.79,601.23,Hormone
Urea,C7H13N5O0,680.58,N/A,617.397,Hormone
Dopamine,C8H6N3O6,902.91,N/A,247.072,Carbohydrate
Serotonin,C14H11N4O5,879.86,9.8,172.686,Lipid
Adenosine triphosphate,C6H36N3O8,166.37,5.5,476.415,Alcohol
Ethanol,C19H4N0O0,657.67,1.48,221.953,Carbohydrate
Aspirin,C3H13N1O3,738.3,3.44,510.95,Neurotransmitter
Caffeine,C3H14N0O6,333.15,N/A,326.936,Amide
Dopamine,C10H30N2O7,756.84,1.79,711.925,Alkaloid
Ethanol,C18H36N2O0,788.73,13.83,777.379,Nucleotide
Urea,C9H1N5O7,598.44,13.46,922.307,Nucleotide
Adrenaline,C7H32N5O9,390.28,1.19,670.544,Nucleotide
Caffeine,C19H32N5O5,631.07,9.03,474.673,Alkaloid
Aspirin,C4H19N4O8,65.55,N/A,188.915,Alcohol
Ethanol,C11H3N1O3,520.72,6.25,737.872,Nucleotide
Cholesterol,C8H12N0O4,298.01,N/A,216.917,Amide
Glucose,C16H31N5O10,792.4,5.14,225.173,Hormone
Adenosine triphosphate,C10H35N4O3,954.42,4.03,130.525,Alcohol
Cholesterol,C15H35N0O7,529.35,7.09,174.25,Neurotransmitter
Aspirin,C8H2N4O0,819.73,N/A,720.043,Carbohydrate
Cholesterol,C9H22N0O3,68.37,1.21,122.045,Organic Compound
Cholesterol,C15H9N2O0,649.8,N/A,570.625,Carbohydrate
Serotonin,C17H13N3O3,217.2,11.34,954.339,Neurotransmitter
Adenosine triphosphate,C18H5N0O9,342.26,6.75,968.553,Organic Compound
Adrenaline,C18H17N5O7,634.97,N/A,649.186,Hormone
Urea,C12H25N1O0,464.16,13.02,700.541,Carbohydrate
Aspirin,C13H24N5O2,605.92,4.77,946.553,Carbohydrate
Cholesterol,C8H14N0O9,210.19,8.97,514.219,Neurotransmitter
Dopamine,C9H7N5O8,519.84,10.38,875.3,Nucleotide
Ethanol,C13H39N4O2,187.48,12.41,398.476,Hormone
Aspirin,C9H30N1O10,764.73,10.25,991.813,Lipid
Cholesterol,C5H2N3O3,189.62,1.02,334.191,Nucleotide
Adrenaline,C11H6N3O4,940.4,8.76,633.636,Nucleotide
Urea,C19H31N3O8,659.39,N/A,313.761,Nucleotide
Glucose,C9H11N3O9,249.04,N/A,117.652,Lipid
Glucose,C8H4N5O1,695.82,9.21,645.402,Amide
Ethanol,C18H33N1O1,369.43,1.93,845.139,Lipid
Aspirin,C18H18N1O6,350.28,11.11,587.038,Nucleotide
Glucose,C11H38N5O0,922.92,7.52,343.423,Alkaloid
Glucose,C5H23N5O10,350.53,N/A,813.559,Lipid
Ethanol,C7H32N1O8,865.08,11.14,594.193,Hormone
Ethanol,C4H16N5O2,154.11,N/A,916.883,Lipid
Urea,C15H4N1O0,240.87,11.64,898.405,Alkaloid
Caffeine,C15H31N2O5,645.04,4.92,718.936,Neurotransmitter
Ethanol,C17H9N2O5,301.05,1.61,384.017,Amide
Urea,C4H29N4O4,959.38,6.97,956.171,Nucleotide
Caffeine,C11H19N3O7,429.94,N/A,690.707,Organic Compound
Caffeine,C12H34N3O7,882.67,10.12,759.662,Carbohydrate
Serotonin,C6H24N0O9,424.92,11.53,175.254,Carbohydrate
Serotonin,C20H9N3O0,509.13,11.18,882.272,Nucleotide
Urea,C7H22N5O5,975.96,13.5,288.378,Organic Compound
Aspirin,C10H40N1O6,972.71,9.16,144.869,Carbohydrate
Adenosine triphosphate,C11H36N1O2,189.21,N/A,59.291,Carbohydrate
Adenosine triphosphate,C20H28N0O2,847.97,11.75,993.373,Lipid
Serotonin,C20H9N2O6,574.21,10.96,766.987,Carbohydrate
Adrenaline,C16H21N2O0,95.7,10.65,239.752,Hormone
Dopamine,C6H32N2O1,819.4,6.96,115.8,Hormone
Glucose,C11H15N1O0,969.77,N/A,510.942,Neurotransmitter
Caffeine,C19H39N1O4,466.04,3.23,201.484,Alcohol
Urea,C7H3N0O2,617.1,N/A,346.147,Alcohol
Glucose,C19H7N5O0,274.01,1.76,118.392,Lipid
Caffeine,C8H40N0O9,234.9,6.9,950.886,Lipid
Adrenaline,C12H7N1O3,526.04,12.2,579.935,Alkaloid
Urea,C10H36N2O3,321.54,1.69,703.323,Amide
Adenosine triphosphate,C5H22N1O2,574.72,13.94,725.373,Organic Compound
Caffeine,C7H13N2O1,718.48,N/A,438.346,Alcohol
Adenosine triphosphate,C20H3N5O6,545.02,N/A,147.814,Alcohol
Serotonin,C9H14N4O0,305.03,6.69,390.749,Carbohydrate
Cholesterol,C14H8N5O5,724.44,11.63,62.08,Organic Compound
Adrenaline,C2H9N0O7,755.75,N/A,915.608,Amide
Urea,C14H34N2O5,173.8,9.08,573.64,Lipid
Ethanol,C5H40N3O0,478.14,4.17,854.79,Hormone
Ethanol,C16H10N1O2,339.79,9.38,855.391,Lipid
Caffeine,C11H15N5O2,490.72,7.15,682.065,Amide
Serotonin,C18H15N3O2,474.31,N/A,290.601,Alcohol
Caffeine,C9H6N2O10,490.79,6.07,850.273,Organic Compound
Urea,C15H19N3O0,122.96,N/A,677.424,Lipid
Adenosine triphosphate,C11H37N0O4,326.26,1.19,909.104,Carbohydrate
Caffeine,C12H13N4O5,557.59,8.69,757.713,Hormone
Urea,C19H31N2O3,144.75,1.87,131.83,Lipid
Caffeine,C6H38N3O9,102.51,7.0,293.476,Carbohydrate
Glucose,C11H10N3O6,889.32,3.76,671.02,Organic Compound
Dopamine,C12H31N0O1,848.87,3.38,316.438,Hormone
Caffeine,C11H8N5O3,234.45,1.72,407.543,Alkaloid
Glucose,C9H24N4O9,520.44,5.16,131.707,Hormone
Urea,C16H25N4O4,469.96,N/A,732.597,Hormone
Ethanol,C4H13N0O2,552.77,13.51,307.796,Neurotransmitter
Adenosine triphosphate,C13H15N0O7,683.44,13.13,279.093,Nucleotide
Caffeine,C6H25N0O6,553.23,10.04,905.666,Alkaloid
Adrenaline,C17H36N4O3,694.39,4.28,171.482,Alcohol
Ethanol,C9H6N1O10,243.83,4.4,834.44,Carbohydrate
Ethanol,C8H8N1O3,149.25,3.09,426.788,Hormone
Caffeine,C19H35N4O7,657.32,5.46,902.249,Alkaloid
Urea,C9H10N2O8,752.06,11.62,14.227,Nucleotide
Serotonin,C7H14N4O5,245.83,N/A,763.09,Carbohydrate
Cholesterol,C13H18N2O5,428.25,N/A,303.815,Nucleotide
Adenosine triphosphate,C10H29N4O9,80.56,N/A,637.747,Nucleotide
Adenosine triphosphate,C2H7N2O8,740.04,5.66,173.089,Nucleotide
Dopamine,C8H10N3O5,427.03,10.82,80.453,Carbohydrate
Urea,C9H2N2O0,453.97,12.18,461.339,Hormone
Glucose,C18H40N0O7,233.71,N/A,514.159,Alkaloid
Ethanol,C5H23N2O1,100.2,7.84,642.782,Organic Compound
Glucose,C2H12N0O9,930.97,2.97,140.555,Nucleotide
Aspirin,C11H17N5O7,509.95,2.42,117.077,Organic Compound
Urea,C5H36N4O8,176.87,13.22,277.321,Nucleotide
Adrenaline,C3H20N1O5,132.69,N/A,871.778,Nucleotide
Ethanol,C11H15N1O0,884.83,4.18,131.479,Lipid
Cholesterol,C18H10N4O1,667.95,9.7,687.51,Amide
Ethanol,C18H35N3O8,469.61,3.29,608.314,Alkaloid
Ethanol,C18H26N1O8,422.79,9.13,463.559,Amide
Dopamine,C11H30N5O1,184.83,3.25,949.89,Carbohydrate
Cholesterol,C18H30N0O4,274.28,10.19,917.286,Alcohol
Adenosine triphosphate,C13H26N0O0,826.04,2.33,904.361,Nucleotide
Adenosine triphosphate,C7H10N1O3,859.01,11.99,945.415,Alkaloid
Caffeine,C2H19N4O7,561.69,N/A,583.757,Alcohol
Serotonin,C14H38N4O1,509.69,7.88,743.251,Lipid
Glucose,C7H39N4O4,471.63,N/A,929.192,Organic Compound
Cholesterol,C2H10N1O5,529.94,5.31,342.411,Neurotransmitter
Dopamine,C10H33N2O1,229.26,12.75,493.608,Lipid
Aspirin,C5H39N4O3,936.82,4.88,334.036,Nucleotide
Adenosine triphosphate,C18H33N1O2,970.45,N/A,593.027,Amide
Cholesterol,C19H18N1O4,539.23,2.24,125.307,Amide
Dopamine,C8H28N2O9,533.81,N/A,978.18,Nucleotide
Urea,C5H29N5O7,568.81,7.38,156.865,Amide
Adrenaline,C1H6N2O3,61.18,13.66,465.459,Carbohydrate
Caffeine,C14H10N4O6,600.84,8.12,830.588,Alcohol
Glucose,C17H40N1O1,724.7,9.05,139.737,Organic Compound
Caffeine,C18H26N2O9,837.51,9.86,399.594,Amide
Aspirin,C12H40N5O9,655.27,7.58,676.135,Nucleotide
Urea,C1H24N0O2,304.23,10.74,361.497,Nucleotide
Dopamine,C12H28N3O9,907.22,2.58,537.222,Alcohol
Cholesterol,C7H5N4O10,107.92,5.38,741.304,Carbohydrate
Cholesterol,C11H16N2O7,891.17,8.03,469.028,Nucleotide
Ethanol,C17H7N4O10,960.47,1.83,68.117,Carbohydrate
Cholesterol,C9H5N3O6,783.72,N/A,543.198,Amide
Adrenaline,C5H28N2O5,493.24,11.5,621.534,Carbohydrate
Urea,C1H36N5O10,124.06,8.21,871.446,Alkaloid
Caffeine,C8H18N1O0,272.56,10.75,705.877,Organic Compound
Cholesterol,C15H32N2O1,142.9,3.03,691.392,Carbohydrate
Cholesterol,C11H33N1O10,889.3,13.39,521.879,Carbohydrate
Adrenaline,C18H2N1O9,772.8,6.51,814.162,Organic Compound
Adenosine triphosphate,C3H35N2O8,685.64,6.02,594.885,Lipid
Dopamine,C6H35N3O4,209.19,N/A,920.455,Alcohol
Dopamine,C7H14N1O4,380.72,N/A,389.046,Amide
Serotonin,C14H15N5O9,805.31,6.37,231.305,Alcohol
Aspirin,C4H29N3O6,803.48,2.37,330.553,Alcohol
Dopamine,C11H16N3O10,485.11,3.47,511.082,Nucleotide
Serotonin,C14H4N0O3,980.22,7.85,476.867,Organic Compound
Dopamine,C8H27N4O4,97.04,3.82,897.927,Neurotransmitter
Adenosine triphosphate,C1H6N5O9,843.6,1.75,530.054,Hormone
Ethanol,C14H32N3O5,906.58,3.32,376.247,Alkaloid
Serotonin,C3H19N0O1,726.06,2.77,359.519,Organic Compound
Adenosine triphosphate,C20H30N4O7,712.83,N/A,578.965,Neurotransmitter
Aspirin,C19H19N2O1,453.64,4.93,40.236,Nucleotide
Caffeine,C6H27N2O0,495.73,12.08,942.539,Amide
Caffeine,C18H17N4O2,936.63,9.76,877.634,Alcohol
Cholesterol,C12H24N0O6,908.51,6.26,485.689,Neurotransmitter
Adrenaline,C17H13N3O7,621.14,N/A,47.296,Hormone
Dopamine,C13H30N3O10,372.72,10.1,805.188,Hormone
Cholesterol,C20H3N5O0,77.61,2.92,119.206,Amide
Dopamine,C6H18N1O9,417.56,2.59,782.075,Organic Compound
Ethanol,C12H1N5O8,143.97,1.65,111.896,Neurotransmitter
Cholesterol,C1H3N4O0,86.19,6.94,146.853,Carbohydrate
Adrenaline,C14H6N1O8,652.59,11.99,682.753,Lipid
Adrenaline,C19H38N0O3,731.49,1.11,479.911,Organic Compound
Serotonin,C19H29N1O7,804.11,4.24,408.604,Lipid
Serotonin,C11H13N4O10,952.97,N/A,205.855,Carbohydrate
Aspirin,C20H29N4O6,329.53,N/A,882.404,Nucleotide
Dopamine,C14H4N0O0,631.76,10.25,57.057,Lipid
Adenosine triphosphate,C8H28N0O8,744.4,7.52,972.888,Neurotransmitter
Glucose,C20H13N3O6,606.12,4.98,929.347,Amide
Adrenaline,C20H7N1O1,866.98,11.44,959.326,Organic Compound
Dopamine,C12H1N0O6,396.33,4.27,326.161,Hormone
Dopamine,C11H12N1O4,876.34,N/A,661.14,Carbohydrate
Glucose,C4H26N0O1,183.35,1.73,373.702,Organic Compound
Glucose,C11H21N2O6,569.1,N/A,36.826,Nucleotide
Caffeine,C18H39N0O8,865.94,N/A,137.136,Amide
Adrenaline,C5H4N1O10,336.44,12.94,864.163,Alkaloid
Dopamine,C6H19N0O3,729.93,9.88,592.145,Organic Compound
Adrenaline,C15H39N1O6,951.82,4.65,849.528,Carbohydrate
Glucose,C15H9N5O9,116.07,N/A,593.029,Organic Compound
Dopamine,C14H8N2O10,344.35,10.32,803.119,Hormone
Dopamine,C19H7N5O8,961.45,7.48,773.247,Organic Compound
Glucose,C20H35N4O4,357.43,1.92,864.367,Neurotransmitter
Urea,C8H30N5O2,870.76,5.75,615.01,Carbohydrate
Adenosine triphosphate,C20H13N3O2,913.61,13.36,171.0,Organic Compound
Urea,C18H15N3O5,597.31,11.65,947.845,Carbohydrate
Caffeine,C9H4N5O5,366.59,3.02,667.841,Alcohol
Ethanol,C14H37N3O1,740.43,1.75,885.146,Alkaloid
Glucose,C8H31N5O1,460.42,N/A,721.208,Alcohol
Cholesterol,C6H11N4O5,88.83,9.98,682.789,Neurotransmitter
Serotonin,C16H26N2O9,186.03,3.45,745.029,Nucleotide
Dopamine,C3H39N2O0,768.38,7.79,347.803,Alcohol
Serotonin,C12H38N4O1,468.69,5.13,425.431,Lipid
Adenosine triphosphate,C16H10N5O7,138.55,5.94,690.997,Alcohol
Caffeine,C10H25N4O4,160.61,2.82,493.381,Lipid
Cholesterol,C1H10N3O7,836.44,N/A,574.196,Organic Compound
Caffeine,C14H30N3O8,656.68,N/A,651.557,Carbohydrate
Cholesterol,C14H15N0O9,958.21,8.17,372.833,Hormone
Caffeine,C5H3N4O2,582.19,6.07,583.109,Alkaloid
Adrenaline,C13H33N3O10,78.31,13.71,942.366,Amide
Adrenaline,C17H10N0O7,262.67,N/A,862.386,Alcohol
Aspirin,C14H37N1O4,275.14,12.03,620.795,Organic Compound
Caffeine,C1H27N3O2,552.73,10.93,349.727,Lipid
Dopamine,C11H4N1O8,98.23,N/A,415.563,Hormone
Urea,C11H22N1O7,739.13,2.66,454.494,Organic Compound
Urea,C12H20N4O1,738.4,7.63,317.396,Hormone
Adenosine triphosphate,C16H21N0O1,666.93,3.37,856.355,Lipid
Cholesterol,C14H27N0O8,656.46,7.82,632.233,Neurotransmitter
Dopamine,C6H21N0O0,244.37,1.99,250.759,Nucleotide
Cholesterol,C4H32N4O9,152.85,13.4,508.712,Neurotransmitter
Adrenaline,C17H39N5O3,307.96,N/A,424.128,Hormone
Urea,C1H7N5O10,316.03,1.33,527.184,Nucleotide
Dopamine,C13H16N4O10,505.85,12.07,554.245,Alcohol
Glucose,C8H16N3O3,481.0,2.32,156.804,Organic Compound
Serotonin,C6H28N5O5,718.71,N/A,717.064,Carbohydrate
Dopamine,C11H4N0O9,949.5,8.89,705.433,Lipid
Urea,C9H9N2O5,429.63,9.04,728.179,Alcohol
Caffeine,C13H35N5O9,332.82,12.98,328.712,Amide
Ethanol,C1H33N1O9,275.76,4.4,271.199,Amide
Serotonin,C7H23N1O6,351.31,12.65,778.504,Lipid
Aspirin,C7H38N4O7,283.72,11.85,101.25,Nucleotide
Urea,C5H30N5O6,116.56,6.64,349.521,Alkaloid
Urea,C18H36N5O3,342.22,N/A,695.688,Alcohol
Ethanol,C11H40N4O6,69.81,9.83,990.298,Hormone
Aspirin,C15H26N5O7,426.86,7.62,876.429,Alkaloid
Glucose,C15H27N1O0,113.96,N/A,564.382,Hormone
Aspirin,C10H33N2O1,823.54,5.57,142.883,Hormone
Caffeine,C7H21N2O6,710.42,7.22,41.964,Lipid
Ethanol,C20H38N1O3,635.81,3.27,760.411,Organic Compound
Aspirin,C13H16N4O1,852.9,9.04,475.504,Lipid
Adenosine triphosphate,C9H21N0O10,318.98,1.55,794.778,Neurotransmitter
Adrenaline,C15H35N1O6,629.69,4.32,942.583,Nucleotide
Serotonin,C12H39N5O10,475.28,N/A,166.41,Organic Compound
Glucose,C5H10N2O4,488.3,12.68,689.06,Neurotransmitter
Caffeine,C11H11N0O1,893.07,12.3,411.74,Alcohol
Adenosine triphosphate,C13H40N0O5,272.24,3.49,964.543,Carbohydrate
Dopamine,C8H2N1O3,54.52,N/A,671.767,Alkaloid
Glucose,C6H7N2O9,786.02,10.82,858.636,Nucleotide
Cholesterol,C8H25N0O2,873.53,N/A,778.995,Lipid
Cholesterol,C6H3N2O2,736.79,5.59,658.444,Lipid
Serotonin,C9H33N1O9,285.16,N/A,650.916,Lipid
Cholesterol,C8H37N0O0,883.17,2.09,974.753,Nucleotide
Glucose,C20H25N4O4,764.49,11.26,124.65,Hormone
Urea,C17H2N4O10,133.36,N/A,134.741,Alcohol
Caffeine,C12H33N0O6,984.5,6.35,182.368,Nucleotide
Glucose,C10H27N1O9,591.6,10.11,708.778,Hormone
Ethanol,C13H17N4O4,243.71,12.21,546.556,Lipid
Dopamine,C13H20N3O7,949.66,4.64,856.169,Neurotransmitter
Ethanol,C2H1N3O4,756.6,2.11,381.79,Nucleotide
Adenosine triphosphate,C7H35N0O8,524.62,10.47,265.983,Neurotransmitter
Ethanol,C8H40N2O10,475.9,9.16,263.032,Carbohydrate
Cholesterol,C3H30N3O5,991.7,N/A,506.445,Alcohol
Cholesterol,C11H26N5O6,754.4,13.97,318.623,Organic Compound
Ethanol,C18H9N5O5,218.39,1.28,551.238,Hormone
Aspirin,C10H8N1O8,760.87,12.57,839.202,Organic Compound
Aspirin,C6H26N0O7,259.9,11.36,177.629,Organic Compound
Adrenaline,C7H28N3O3,621.61,8.42,472.476,Alcohol
Glucose,C6H18N5O10,920.93,12.72,654.417,Carbohydrate
Aspirin,C19H15N2O6,662.46,13.92,72.402,Hormone
Adrenaline,C2H19N5O10,628.26,5.54,743.174,Amide
Aspirin,C12H29N1O5,382.94,N/A,408.592,Neurotransmitter
Ethanol,C7H17N0O5,595.34,7.15,853.401,Neurotransmitter
Caffeine,C6H27N3O2,656.4,4.46,655.647,Alkaloid
Aspirin,C18H27N4O2,121.46,1.48,145.418,Amide
Adenosine triphosphate,C5H15N3O7,704.16,7.09,921.081,Alcohol
Ethanol,C16H10N2O4,652.1,7.8,998.911,Neurotransmitter
Cholesterol,C8H2N4O3,985.8,11.45,100.837,Hormone
Urea,C3H3N1O6,881.19,N/A,377.317,Amide
Glucose,C13H31N2O10,915.79,N/A,680.139,Organic Compound
Adrenaline,C4H36N5O2,967.54,6.46,727.228,Neurotransmitter
Urea,C20H35N2O5,883.9,4.9,309.786,Hormone
Serotonin,C2H32N1O3,360.2,7.61,856.203,Nucleotide
Cholesterol,C20H16N5O6,308.46,N/A,369.37,Alkaloid
Dopamine,C15H39N3O9,397.42,6.5,191.226,Hormone
Dopamine,C15H5N0O4,422.69,8.82,431.111,Amide
Urea,C14H15N2O1,658.74,8.37,277.064,Amide
Ethanol,C15H16N3O8,707.75,13.63,694.001,Hormone
Aspirin,C9H39N0O1,295.54,10.99,356.692,Alkaloid
Glucose,C6H21N2O10,864.93,8.52,453.55,Organic Compound
Adrenaline,C10H21N2O7,944.95,9.87,671.885,Nucleotide
Glucose,C10H4N5O7,359.51,1.45,843.294,Nucleotide
Cholesterol,C12H26N1O9,979.67,2.82,2.274,Alkaloid
Adenosine triphosphate,C20H15N5O0,168.13,8.93,284.026,Carbohydrate
Urea,C19H31N0O7,846.2,10.38,475.888,Neurotransmitter
Caffeine,C8H38N3O0,90.07,11.12,735.144,Amide
Adenosine triphosphate,C15H29N4O6,839.86,8.92,771.472,Alcohol
Cholesterol,C11H14N3O8,770.19,N/A,862.248,Hormone
Aspirin,C6H19N4O10,133.17,13.31,839.54,Hormone
Glucose,C17H5N2O1,968.99,N/A,460.561,Neurotransmitter
Ethanol,C3H24N4O1,872.81,8.02,831.983,Amide
Glucose,C8H12N5O3,968.34,N/A,622.329,Neurotransmitter
Adrenaline,C15H30N2O8,746.15,N/A,984.129,Amide
Adenosine triphosphate,C14H8N2O7,392.33,9.65,16.466,Hormone
Cholesterol,C6H37N3O3,160.77,N/A,200.905,Carbohydrate
Ethanol,C20H7N2O6,259.53,12.61,138.232,Nucleotide
Dopamine,C20H34N1O4,885.05,7.75,95.605,Amide
Serotonin,C18H19N0O10,438.84,10.54,635.381,Hormone
Adrenaline,C19H30N4O6,292.41,3.62,126.666,Lipid
Glucose,C2H3N0O6,283.23,1.08,395.923,Lipid
Cholesterol,C18H21N5O9,774.03,1.27,390.801,Neurotransmitter
Caffeine,C19H19N2O6,662.17,11.75,713.116,Alkaloid
Cholesterol,C10H25N4O5,140.77,3.48,881.295,Organic Compound
Adenosine triphosphate,C3H6N0O3,245.94,1.62,509.643,Neurotransmitter
Urea,C5H34N4O7,70.12,7.5,329.073,Neurotransmitter
Glucose,C14H31N5O5,265.29,12.57,66.053,Hormone
Serotonin,C20H9N2O4,215.05,10.5,730.966,Amide
Urea,C15H40N2O2,511.01,N/A,696.015,Organic Compound
Adenosine triphosphate,C5H25N3O10,513.15,2.54,959.388,Organic Compound
Glucose,C18H38N1O2,859.29,10.64,204.609,Hormone
Dopamine,C1H37N0O9,576.82,13.1,468.126,Amide
Urea,C1H35N3O10,534.55,3.26,701.309,Alcohol
Aspirin,C4H3N3O5,582.89,N/A,938.135,Lipid
Aspirin,C10H8N3O10,810.03,11.33,958.67,Nucleotide
Adenosine triphosphate,C3H9N5O2,496.34,N/A,320.154,Alcohol
Urea,C8H23N4O2,558.49,9.61,205.308,Organic Compound
Adrenaline,C9H5N1O8,109.97,N/A,545.743,Alkaloid
Urea,C13H30N2O1,639.34,4.24,522.006,Amide
Serotonin,C6H3N2O5,954.82,13.15,580.58,Alkaloid
Cholesterol,C3H16N3O5,81.7,N/A,305.416,Neurotransmitter
Caffeine,C5H39N4O4,234.05,10.79,560.922,Alcohol
Urea,C14H1N4O1,303.11,11.64,874.673,Lipid
Ethanol,C1H39N5O1,348.8,8.66,714.741,Amide
Aspirin,C18H18N5O7,454.1,7.9,999.076,Alcohol
Caffeine,C13H32N1O0,947.13,N/A,631.847,Amide
Glucose,C10H6N3O8,813.79,3.82,586.875,Neurotransmitter
Caffeine,C14H5N3O8,793.06,N/A,830.152,Amide
Dopamine,C19H17N4O3,438.88,N/A,123.962,Organic Compound
Adenosine triphosphate,C8H10N3O8,388.37,3.67,807.177,Alcohol
Cholesterol,C19H27N5O8,232.21,6.99,75.364,Amide
Cholesterol,C4H19N1O6,602.72,10.45,795.148,Nucleotide
Dopamine,C15H30N2O2,880.25,10.88,401.612,Neurotransmitter
Adrenaline,C13H18N0O0,400.11,2.51,456.932,Alkaloid
Glucose,C10H31N0O1,257.31,8.35,371.502,Lipid
Serotonin,C11H27N2O3,98.44,11.04,994.214,Alkaloid
Adrenaline,C9H3N5O2,341.06,N/A,167.56,Alkaloid
Dopamine,C9H28N5O0,752.38,6.26,4.838,Hormone
Dopamine,C12H2N5O1,461.91,11.89,762.848,Alcohol
Dopamine,C18H4N3O5,120.11,12.79,738.094,Amide
Serotonin,C20H33N1O5,92.62,9.86,234.186,Lipid
Glucose,C1H4N4O3,971.86,10.84,181.012,Hormone
Serotonin,C13H6N1O6,532.7,2.11,509.88,Carbohydrate
Glucose,C20H10N1O10,783.89,10.14,915.144,Nucleotide
Ethanol,C18H9N4O10,71.07,1.75,367.745,Carbohydrate
Ethanol,C3H21N3O10,380.14,N/A,346.481,Carbohydrate
Ethanol,C3H11N2O10,932.79,N/A,122.599,Hormone
Caffeine,C6H28N2O9,588.76,5.03,299.389,Neurotransmitter
Glucose,C1H14N1O9,672.15,9.08,36.868,Nucleotide
Adenosine triphosphate,C6H20N5O3,829.04,N/A,140.261,Amide
Urea,C11H27N5O1,108.29,10.07,1.973,Alcohol
Serotonin,C14H5N0O3,345.71,3.07,585.05,Alkaloid
Adenosine triphosphate,C6H18N1O10,895.54,9.82,225.533,Lipid
Adrenaline,C17H29N3O9,883.11,2.14,630.081,Alcohol
Urea,C3H11N4O9,50.24,8.53,986.7,Hormone
Cholesterol,C9H1N5O4,304.17,5.33,321.182,Alcohol
Glucose,C12H19N3O1,397.03,10.31,692.929,Lipid
Urea,C2H9N0O9,407.12,9.53,225.797,Organic Compound
Cholesterol,C17H10N1O5,530.6,N/A,181.518,Carbohydrate
Glucose,C5H33N4O10,595.1,6.53,359.799,Nucleotide
Adrenaline,C5H6N0O9,900.4,11.65,556.394,Amide
Dopamine,C17H17N1O5,213.98,7.66,910.164,Alkaloid
Serotonin,C12H20N0O8,981.21,1.61,686.89,Organic Compound
Adrenaline,C15H37N3O7,606.92,3.02,527.902,Alcohol
Aspirin,C11H17N2O4,84.44,8.5,941.024,Neurotransmitter
Adenosine triphosphate,C14H20N4O0,888.89,3.81,53.948,Carbohydrate
Glucose,C7H4N3O7,177.44,5.71,297.247,Nucleotide
Adenosine triphosphate,C4H15N4O3,885.45,N/A,663.595,Neurotransmitter
Adrenaline,C20H4N0O2,556.37,9.7,901.43,Alkaloid
Ethanol,C2H30N4O4,668.11,13.07,326.002,Amide
Cholesterol,C20H19N1O1,654.71,1.89,533.608,Carbohydrate
Adenosine triphosphate,C17H37N4O2,179.55,N/A,519.724,Organic Compound
Adrenaline,C13H10N0O4,899.92,5.1,331.311,Amide
Ethanol,C5H32N5O7,138.82,N/A,832.698,Nucleotide
Caffeine,C17H21N0O10,789.57,12.38,863.457,Organic Compound
Urea,C7H40N5O5,518.31,10.97,313.842,Neurotransmitter
Cholesterol,C12H23N4O2,389.46,N/A,228.315,Hormone
Glucose,C8H16N4O4,356.84,9.82,967.385,Neurotransmitter
Adenosine triphosphate,C13H34N2O8,964.7,3.17,246.673,Carbohydrate
Ethanol,C18H18N5O5,551.37,2.66,825.392,Alcohol
Cholesterol,C9H33N2O10,837.88,10.53,908.567,Alkaloid
Adenosine triphosphate,C19H40N3O1,721.31,9.8,577.597,Alkaloid
Serotonin,C11H14N4O10,953.98,8.21,705.496,Carbohydrate
Adenosine triphosphate,C17H12N1O3,467.77,9.66,409.258,Carbohydrate
Aspirin,C14H37N1O3,802.85,8.7,826.288,Neurotransmitter
Glucose,C4H13N0O7,703.17,9.94,516.333,Amide
Caffeine,C2H11N4O1,342.59,6.4,839.713,Nucleotide
Glucose,C15H15N3O1,321.14,2.69,128.427,Amide
Ethanol,C11H39N1O1,448.48,6.45,839.572,Alcohol
Aspirin,C16H28N5O3,633.52,7.02,440.057,Amide
Adenosine triphosphate,C9H34N1O7,721.97,1.64,307.143,Amide
Adrenaline,C17H2N4O10,176.32,3.84,560.928,Neurotransmitter
Adrenaline,C14H17N3O9,936.08,1.21,289.119,Carbohydrate
Caffeine,C7H25N2O1,607.72,5.06,342.693,Neurotransmitter
Glucose,C18H25N3O0,746.48,9.27,836.331,Nucleotide
Urea,C17H32N2O3,139.51,11.6,876.03,Organic Compound
Adrenaline,C19H40N5O3,824.78,7.47,705.739,Neurotransmitter
Serotonin,C1H36N2O10,396.17,5.87,573.876,Lipid
Glucose,C16H27N0O7,669.98,N/A,768.668,Amide
Urea,C20H9N5O6,589.88,7.95,281.053,Hormone
Aspirin,C1H22N3O1,244.21,12.9,239.733,Hormone
Adenosine triphosphate,C18H24N5O1,197.2,7.39,881.384,Nucleotide
Serotonin,C15H9N5O1,535.4,N/A,994.557,Alkaloid
Cholesterol,C10H18N2O6,802.76,6.24,784.666,Organic Compound
Adrenaline,C4H10N2O3,626.47,N/A,356.111,Carbohydrate
Cholesterol,C16H40N0O0,684.87,10.77,487.508,Carbohydrate
Serotonin,C20H22N4O6,673.84,3.68,183.916,Alkaloid
Urea,C12H9N3O10,801.29,13.08,747.497,Nucleotide
Aspirin,C10H7N3O1,157.53,N/A,850.366,Alcohol
Aspirin,C12H25N3O10,506.37,13.83,882.995,Neurotransmitter
Dopamine,C5H39N0O2,449.46,12.27,214.12,Hormone
Aspirin,C13H33N0O6,703.0,2.23,329.92,Amide
Serotonin,C4H7N2O10,791.14,3.82,406.167,Hormone
Urea,C17H19N1O2,707.28,5.53,437.13,Amide
Urea,C1H11N5O4,717.8,N/A,404.178,Carbohydrate
Caffeine,C9H24N4O2,128.78,12.55,457.998,Alcohol
Dopamine,C19H29N4O10,126.28,3.52,990.187,Organic Compound
Urea,C20H29N2O4,962.96,9.4,941.807,Alkaloid
Ethanol,C18H19N2O2,402.08,11.58,752.883,Hormone
Cholesterol,C9H21N5O4,775.01,1.75,797.134,Nucleotide
Adenosine triphosphate,C15H27N3O2,729.64,3.66,372.058,Carbohydrate
Glucose,C1H13N5O10,182.76,N/A,621.415,Organic Compound
Adenosine triphosphate,C14H24N5O5,549.73,2.28,850.4,Carbohydrate
Cholesterol,C16H36N2O9,254.94,6.88,14.814,Carbohydrate
Caffeine,C18H19N3O2,697.92,13.49,632.204,Hormone
Ethanol,C19H6N2O1,528.48,6.75,218.634,Nucleotide
Adrenaline,C9H12N1O0,346.94,N/A,425.002,Neurotransmitter
Serotonin,C7H37N3O8,167.67,10.87,73.721,Organic Compound
Ethanol,C8H28N5O2,448.27,N/A,27.155,Nucleotide
Glucose,C8H40N0O5,347.11,N/A,63.799,Carbohydrate
Urea,C17H18N3O7,871.27,5.46,661.266,Lipid
Glucose,C3H24N3O10,550.29,10.62,134.127,Alkaloid
Dopamine,C16H15N3O8,670.78,2.12,308.717,Lipid
Caffeine,C15H1N3O9,331.08,2.35,731.27,Organic Compound
Urea,C17H35N3O1,847.79,N/A,973.106,Nucleotide
Serotonin,C1H2N4O9,292.2,8.4,618.77,Carbohydrate
Caffeine,C7H33N1O8,233.69,1.21,981.45,Carbohydrate
Caffeine,C19H1N1O10,693.95,3.32,264.12,Hormone
Adrenaline,C15H18N1O9,411.41,3.7,741.434,Organic Compound
Glucose,C1H26N1O5,433.93,5.72,57.537,Amide
Dopamine,C12H34N2O8,689.44,6.58,36.724,Carbohydrate
Glucose,C19H1N3O6,638.73,2.96,847.802,Hormone
Urea,C8H25N0O1,448.84,11.17,303.367,Alcohol
Dopamine,C2H37N0O0,139.3,11.85,405.26,Alcohol
Dopamine,C18H37N0O2,695.16,N/A,304.385,Neurotransmitter
Adrenaline,C10H37N5O4,792.42,7.08,38.579,Neurotransmitter
Serotonin,C14H36N1O6,838.67,13.93,327.038,Hormone
Aspirin,C1H11N0O10,94.62,13.8,338.283,Amide
Aspirin,C17H22N3O8,277.87,1.2,90.757,Amide
Adrenaline,C14H33N4O8,153.21,N/A,94.854,Neurotransmitter
Cholesterol,C16H18N4O6,338.92,6.25,953.432,Hormone
Adrenaline,C13H16N4O7,580.64,8.41,80.756,Hormone
Adenosine triphosphate,C6H2N5O4,259.23,N/A,621.229,Amide
Aspirin,C10H31N2O3,597.13,3.67,120.756,Organic Compound
Urea,C12H16N5O8,289.33,4.63,70.827,Neurotransmitter
Aspirin,C3H25N0O1,980.11,11.68,646.241,Lipid
Dopamine,C5H1N1O2,798.71,10.56,506.87,Neurotransmitter
Serotonin,C9H20N2O8,871.32,12.75,159.512,Nucleotide
Glucose,C12H14N1O3,651.59,1.79,605.248,Amide
Dopamine,C8H1N0O10,902.04,N/A,276.921,Hormone
Cholesterol,C4H24N1O9,185.79,N/A,249.452,Carbohydrate
Urea,C14H30N0O4,302.25,2.32,262.147,Organic Compound
Dopamine,C11H35N3O2,675.95,5.68,22.046,Amide
Adenosine triphosphate,C11H14N3O2,502.16,N/A,102.396,Hormone
Urea,C19H40N4O0,835.82,12.63,907.378,Alkaloid
Cholesterol,C14H2N2O10,877.77,10.17,7.2,Hormone
Urea,C19H6N5O8,973.2,13.05,541.344,Amide
Ethanol,C17H1N4O6,677.63,N/A,874.483,Organic Compound
Dopamine,C10H26N2O3,489.76,11.83,717.154,Hormone
Adenosine triphosphate,C20H38N4O1,364.22,9.26,826.786,Organic Compound
Serotonin,C9H22N0O2,764.47,4.01,510.076,Carbohydrate
Glucose,C13H39N0O6,514.3,7.56,308.296,Nucleotide
Glucose,C2H13N2O5,509.3,4.91,201.305,Hormone
Adrenaline,C9H1N3O1,748.62,7.81,476.765,Alkaloid
Ethanol,C6H1N0O2,561.38,10.44,39.763,Carbohydrate
Glucose,C12H8N3O1,308.17,4.31,388.321,Nucleotide
Adrenaline,C4H36N5O3,401.2,4.72,676.171,Alkaloid
Serotonin,C5H7N3O1,532.62,11.6,546.42,Amide
Adenosine triphosphate,C20H2N5O3,640.2,6.06,368.818,Alkaloid
Aspirin,C5H39N1O0,118.72,1.99,210.686,Organic Compound
Ethanol,C16H23N1O7,557.29,13.5,871.712,Alcohol
Urea,C19H24N5O2,586.41,1.11,826.91,Hormone
Glucose,C9H11N5O9,448.96,9.85,841.388,Organic Compound
Dopamine,C5H21N1O1,638.76,10.11,804.751,Hormone
Dopamine,C19H8N1O0,524.31,3.7,38.875,Hormone
Caffeine,C11H3N2O6,766.26,10.5,957.813,Nucleotide
Adrenaline,C14H7N2O5,776.07,10.77,865.642,Organic Compound
Cholesterol,C9H19N5O3,215.65,9.36,246.099,Lipid
Urea,C5H28N0O6,373.83,2.83,703.37,Alcohol
Serotonin,C13H18N4O8,50.33,2.23,916.771,Alcohol
Aspirin,C3H5N1O6,716.97,4.8,488.291,Carbohydrate
Urea,C13H22N2O6,767.14,N/A,457.02,Carbohydrate
Serotonin,C19H3N2O1,415.86,1.87,702.666,Alcohol
Serotonin,C20H2N3O1,386.11,1.38,940.211,Alkaloid
Cholesterol,C8H10N1O8,826.83,13.93,866.86,Alcohol
Cholesterol,C10H23N5O9,486.31,7.07,28.731,Alcohol
Urea,C1H9N0O2,387.67,1.04,12.141,Neurotransmitter
Ethanol,C20H22N2O5,64.88,4.92,327.932,Neurotransmitter
Ethanol,C19H14N4O6,426.12,4.63,607.354,Lipid
Caffeine,C16H28N1O1,531.69,8.79,553.82,Organic Compound
Caffeine,C16H15N0O0,398.1,13.41,125.704,Organic Compound
Caffeine,C8H5N1O4,533.35,N/A,10.171,Carbohydrate
Adrenaline,C19H33N3O7,384.66,3.53,871.389,Organic Compound
Ethanol,C8H28N3O8,347.68,6.45,501.253,Hormone
Dopamine,C2H19N1O2,575.74,12.52,817.242,Lipid
Serotonin,C18H28N5O3,577.62,3.34,47.919,Alkaloid
Ethanol,C15H11N2O6,649.74,10.26,137.474,Lipid
Adrenaline,C3H1N4O0,711.4,N/A,989.584,Alcohol
Adrenaline,C1H4N4O2,300.32,12.88,304.26,Amide
Ethanol,C9H31N0O9,586.87,13.17,962.175,Organic Compound
Serotonin,C3H13N1O0,51.53,N/A,712.122,Organic Compound
Glucose,C14H1N4O6,495.0,6.43,259.99,Neurotransmitter
Serotonin,C11H8N0O0,931.46,9.73,761.995,Alkaloid
Urea,C8H24N5O2,292.8,3.95,561.254,Lipid
Adenosine triphosphate,C11H13N4O4,702.99,7.08,865.469,Alcohol
Aspirin,C1H11N4O5,760.68,N/A,923.763,Alcohol
Urea,C12H29N1O0,716.03,3.1,918.112,Amide
Adenosine triphosphate,C12H20N2O10,90.09,10.09,806.151,Alcohol
Adenosine triphosphate,C6H23N4O6,69.95,2.24,143.688,Amide
Cholesterol,C1H33N1O4,858.04,13.12,268.641,Neurotransmitter
Glucose,C6H35N5O9,425.41,11.88,744.227,Hormone
Cholesterol,C17H17N1O3,531.91,5.03,378.485,Hormone
Adenosine triphosphate,C7H13N5O1,74.09,6.88,349.583,Hormone
Caffeine,C10H8N1O8,862.41,13.22,49.232,Alkaloid
Aspirin,C17H23N0O7,586.9,2.5,190.722,Alkaloid
Urea,C15H10N4O5,439.09,4.02,941.623,Amide
Glucose,C17H7N1O9,712.96,N/A,685.677,Amide
Caffeine,C3H27N0O9,783.9,9.64,799.056,Organic Compound
Adenosine triphosphate,C12H35N1O4,196.46,10.07,813.088,Amide
Ethanol,C9H29N1O3,252.29,13.24,300.972,Alkaloid
Ethanol,C8H25N1O1,452.83,8.34,953.983,Organic Compound
Urea,C18H29N0O2,668.54,N/A,237.538,Organic Compound
Glucose,C19H30N3O6,395.14,4.36,995.973,Lipid
Adrenaline,C11H34N0O6,758.57,3.9,199.266,Nucleotide
Dopamine,C8H39N4O2,948.21,3.94,380.432,Hormone
Urea,C7H6N2O10,701.38,N/A,738.502,Carbohydrate
Serotonin,C17H14N4O1,387.32,10.91,949.528,Lipid
Serotonin,C13H29N2O0,568.53,8.2,757.851,Nucleotide
Glucose,C13H11N2O8,530.87,8.08,114.914,Nucleotide
Glucose,C14H7N5O7,840.49,N/A,72.606,Organic Compound
Serotonin,C8H35N1O8,70.54,3.55,988.601,Carbohydrate
Aspirin,C2H6N5O9,336.82,N/A,172.833,Neurotransmitter
Aspirin,C1H34N1O3,966.99,10.65,547.099,Nucleotide
Caffeine,C15H28N1O0,769.52,5.89,254.017,Lipid
Caffeine,C20H1N4O8,878.89,9.24,785.899,Neurotransmitter
Caffeine,C8H35N3O4,592.06,N/A,301.231,Amide
Serotonin,C18H13N2O4,494.72,N/A,624.293,Organic Compound
Serotonin,C17H6N2O5,971.79,N/A,337.127,Neurotransmitter
Ethanol,C13H39N5O8,780.01,1.74,818.617,Hormone
Cholesterol,C15H29N1O6,838.26,11.85,380.524,Alkaloid
Cholesterol,C6H3N3O2,221.86,7.83,949.694,Alcohol
Adenosine triphosphate,C2H9N3O5,966.03,3.3,577.343,Organic Compound
Urea,C4H15N5O8,878.78,12.65,7.05,Lipid
Ethanol,C11H21N1O4,463.4,11.17,715.232,Neurotransmitter
Urea,C20H21N4O0,539.33,N/A,854.588,Organic Compound
Serotonin,C6H7N5O10,52.76,5.24,73.89,Organic Compound
Adenosine triphosphate,C13H30N5O1,796.72,5.11,651.12,Alcohol
Serotonin,C12H32N5O5,840.03,3.61,620.098,Organic Compound
Aspirin,C19H17N5O5,781.04,11.46,730.198,Organic Compound
Adrenaline,C10H8N3O8,56.51,1.19,280.503,Carbohydrate
Serotonin,C18H4N5O5,734.38,6.87,695.749,Alcohol
Dopamine,C16H14N2O7,360.73,4.04,0.557,Organic Compound
Cholesterol,C5H19N0O0,422.17,13.07,309.695,Alkaloid
Adrenaline,C2H25N1O5,462.4,6.5,433.975,Hormone
Glucose,C13H27N0O7,162.31,6.81,61.596,Hormone
Dopamine,C10H26N2O10,953.98,11.21,28.842,Lipid
Adenosine triphosphate,C1H4N0O8,443.55,4.58,715.419,Lipid
Aspirin,C2H20N3O5,987.32,5.03,85.954,Alcohol
Adrenaline,C3H18N3O1,701.6,7.89,374.559,Lipid
Serotonin,C20H25N4O9,140.91,10.8,319.737,Organic Compound
Adenosine triphosphate,C7H24N4O4,508.2,3.24,631.589,Lipid
Dopamine,C12H37N3O2,420.88,13.98,32.395,Hormone
Adrenaline,C4H27N1O8,610.77,10.19,647.35,Alcohol
Aspirin,C2H25N0O6,513.86,2.06,642.382,Lipid
Aspirin,C2H26N4O5,867.73,12.26,613.673,Alcohol
Serotonin,C7H8N4O8,616.36,3.93,464.819,Nucleotide
Serotonin,C1H3N2O6,138.47,11.56,25.046,Amide
Caffeine,C4H29N4O1,183.72,3.35,371.573,Neurotransmitter
Serotonin,C11H31N1O6,383.5,1.16,615.882,Amide
Dopamine,C15H30N3O8,286.13,5.13,78.035,Carbohydrate
Serotonin,C11H13N5O10,506.5,12.81,978.028,Carbohydrate
Adenosine triphosphate,C8H3N0O5,474.72,10.15,613.636,Amide
Dopamine,C15H24N4O10,975.94,2.26,274.649,Nucleotide
Glucose,C18H27N4O4,378.63,N/A,610.438,Amide
Adrenaline,C20H35N2O9,509.44,6.02,624.291,Alkaloid
Adrenaline,C14H16N0O7,63.13,7.55,483.389,Nucleotide
Dopamine,C7H26N2O5,512.77,12.27,450.593,Hormone
Caffeine,C14H37N3O2,136.24,2.02,598.198,Alkaloid
Urea,C3H32N2O2,927.93,1.61,197.856,Carbohydrate
Glucose,C6H11N5O6,913.6,13.45,415.033,Alkaloid
Serotonin,C7H11N2O5,351.46,7.73,308.791,Amide
Adenosine triphosphate,C14H35N3O6,701.83,12.06,399.709,Alkaloid
Aspirin,C10H25N5O5,234.66,12.21,180.172,Carbohydrate
Ethanol,C8H19N0O4,121.33,3.16,619.858,Lipid
Ethanol,C11H13N4O10,132.91,5.48,372.004,Carbohydrate
Aspirin,C11H29N0O5,965.47,N/A,28.368,Lipid
Aspirin,C8H34N3O2,502.32,10.92,182.793,Carbohydrate
Adenosine triphosphate,C14H23N2O7,141.59,9.49,120.153,Alkaloid
Serotonin,C20H21N0O5,64.03,12.5,787.635,Lipid
Cholesterol,C8H8N4O3,378.97,11.49,159.56,Organic Compound
Adrenaline,C10H3N5O8,685.67,6.01,512.508,Organic Compound
Adrenaline,C1H35N3O8,419.73,7.85,937.652,Alcohol
Urea,C11H25N2O9,285.6,N/A,298.816,Amide
Caffeine,C6H10N2O2,456.72,N/A,976.594,Alcohol
Caffeine,C19H20N2O9,271.88,N/A,831.474,Alkaloid
Urea,C19H39N5O1,274.31,1.47,640.388,Lipid
Urea,C12H10N3O9,153.31,10.74,199.576,Alkaloid
Adenosine triphosphate,C8H2N3O8,115.49,12.76,305.029,Nucleotide
Dopamine,C9H31N4O3,411.28,5.77,567.031,Alcohol
Dopamine,C19H28N3O9,626.01,N/A,68.498,Neurotransmitter
Aspirin,C16H18N3O2,287.54,8.39,341.097,Organic Compound
Glucose,C7H2N4O1,973.24,10.22,115.833,Alcohol
Ethanol,C14H2N1O8,535.18,3.32,15.132,Hormone
Urea,C13H24N4O8,296.09,5.71,278.974,Nucleotide
Adenosine triphosphate,C13H8N5O9,910.84,12.12,991.073,Carbohydrate
Adrenaline,C13H36N2O4,58.68,1.17,423.195,Alkaloid
Urea,C17H39N3O10,776.53,2.36,307.08,Neurotransmitter
Adenosine triphosphate,C1H16N0O4,60.69,12.02,572.555,Organic Compound
Caffeine,C19H39N3O4,377.24,N/A,819.927,Hormone
Ethanol,C12H9N1O5,440.94,11.92,583.903,Organic Compound
Aspirin,C18H31N4O3,868.49,N/A,447.96,Neurotransmitter
Serotonin,C16H6N4O1,422.56,8.36,80.612,Amide
Adenosine triphosphate,C7H27N3O0,927.79,3.0,65.004,Amide
Ethanol,C18H34N1O3,980.11,9.53,799.091,Lipid
Ethanol,C3H18N3O4,529.48,13.66,764.562,Hormone
Caffeine,C4H4N5O6,644.41,N/A,657.553,Nucleotide
Cholesterol,C17H11N4O2,683.98,N/A,701.645,Organic Compound
Aspirin,C9H6N3O5,908.59,2.97,219.293,Hormone
Caffeine,C10H34N5O0,409.82,2.33,206.946,Lipid
Caffeine,C17H13N5O2,193.06,10.03,363.678,Carbohydrate
Aspirin,C17H1N3O0,457.34,N/A,954.679,Alkaloid
Ethanol,C11H17N3O5,539.94,3.04,518.58,Organic Compound
Caffeine,C6H15N2O6,66.42,5.83,575.244,Hormone
Ethanol,C19H23N2O0,774.99,2.84,218.452,Carbohydrate
Aspirin,C8H20N3O6,866.76,5.25,134.318,Neurotransmitter
Dopamine,C16H39N3O1,691.37,2.53,986.252,Amide
Dopamine,C6H30N4O0,247.95,5.19,140.898,Carbohydrate
Cholesterol,C4H31N4O3,932.79,7.17,649.54,Nucleotide
Glucose,C3H21N5O3,165.02,N/A,698.568,Nucleotide
Serotonin,C12H40N2O8,139.43,3.3,644.693,Hormone
Dopamine,C13H23N5O10,135.04,7.82,585.497,Carbohydrate
Adrenaline,C16H30N1O1,227.17,2.04,874.431,Neurotransmitter
Urea,C16H12N1O7,729.7,6.96,425.031,Nucleotide
Cholesterol,C3H27N0O9,989.74,11.59,208.709,Organic Compound
Cholesterol,C6H13N4O7,336.94,3.98,198.223,Hormone
Dopamine,C4H21N5O2,923.58,N/A,473.376,Hormone
Glucose,C6H31N5O9,381.9,12.96,345.344,Organic Compound
Ethanol,C1H18N1O8,260.4,N/A,937.851,Amide
Aspirin,C8H36N1O8,248.08,11.61,160.999,Organic Compound
Aspirin,C16H19N5O4,723.82,N/A,824.103,Carbohydrate
Adenosine triphosphate,C10H13N4O8,614.22,5.72,90.939,Lipid
Urea,C1H19N5O7,262.48,1.18,893.899,Alkaloid
Caffeine,C15H33N4O3,582.12,11.37,267.546,Lipid
Aspirin,C13H39N2O6,184.24,1.7,325.208,Hormone
Urea,C1H4N0O2,302.65,9.93,336.389,Hormone
Caffeine,C18H6N4O1,698.38,12.39,355.852,Alcohol
Dopamine,C13H27N2O3,540.73,10.87,691.673,Carbohydrate
Serotonin,C16H29N5O1,233.72,1.53,633.157,Amide
Serotonin,C19H5N1O7,396.79,1.84,750.087,Lipid
Urea,C10H24N5O2,622.86,9.44,157.001,Lipid
Aspirin,C15H13N2O10,423.25,10.5,776.66,Carbohydrate
Caffeine,C13H17N0O3,798.55,10.29,958.624,Alkaloid
Adrenaline,C7H35N1O2,91.36,10.78,186.585,Nucleotide
Adenosine triphosphate,C6H40N1O4,698.29,7.08,785.735,Amide
Adenosine triphosphate,C6H30N3O4,127.36,2.35,614.399,Hormone
Adrenaline,C11H1N5O10,116.89,1.97,16.158,Nucleotide
Adenosine triphosphate,C11H7N2O5,684.01,2.43,164.177,Carbohydrate
Urea,C2H25N3O2,228.58,8.63,771.333,Alcohol
Aspirin,C7H38N3O5,564.64,12.32,704.428,Amide
Aspirin,C6H3N2O10,358.65,5.87,75.708,Hormone
Aspirin,C19H8N4O10,550.37,6.32,877.639,Organic Compound
Urea,C10H29N0O9,598.97,7.42,695.119,Alkaloid
Caffeine,C7H5N5O1,840.68,12.58,580.931,Hormone
Dopamine,C2H20N2O6,61.99,9.65,773.875,Carbohydrate
Adrenaline,C4H13N3O7,910.4,5.92,996.76,Organic Compound
Adenosine triphosphate,C10H11N3O1,645.04,N/A,27.132,Lipid
Adrenaline,C17H39N4O4,173.16,N/A,108.672,Amide
Adenosine triphosphate,C18H29N5O2,296.28,4.89,466.554,Lipid
Adenosine triphosphate,C16H33N1O6,651.89,8.9,802.966,Organic Compound
Adrenaline,C19H14N3O6,267.03,11.54,441.134,Alkaloid
Serotonin,C13H32N0O8,596.38,12.34,468.709,Hormone
Caffeine,C17H15N3O2,943.36,1.24,576.469,Carbohydrate
Dopamine,C17H39N1O3,634.34,1.5,992.026,Lipid
Glucose,C13H33N1O2,708.96,N/A,73.207,Neurotransmitter
Cholesterol,C7H40N4O1,658.64,8.02,728.727,Lipid
Cholesterol,C9H28N1O10,202.23,13.59,497.004,Alcohol
Cholesterol,C15H40N4O7,836.41,10.25,844.378,Neurotransmitter
Urea,C9H28N0O3,393.2,8.43,506.662,Carbohydrate
Glucose,C2H5N5O4,426.89,13.97,823.584,Hormone
Caffeine,C8H2N0O5,752.6,5.35,856.683,Alkaloid
Serotonin,C10H4N0O4,847.74,11.56,413.068,Amide
Adenosine triphosphate,C1H1N5O9,599.85,12.72,55.727,Organic Compound
Cholesterol,C11H29N1O0,279.61,5.14,612.97,Lipid
Cholesterol,C8H19N2O3,590.09,12.33,160.403,Neurotransmitter
Adrenaline,C3H35N1O5,853.93,12.92,130.209,Alkaloid
Serotonin,C17H8N2O4,56.45,4.01,73.044,Nucleotide
Glucose,C14H18N5O1,413.53,7.31,287.749,Alkaloid
Ethanol,C11H8N4O8,549.97,N/A,764.661,Alcohol
Dopamine,C12H26N2O1,172.69,2.99,516.121,Lipid
Adenosine triphosphate,C7H33N0O2,144.57,13.0,44.727,Amide
Ethanol,C19H12N0O3,345.89,7.56,720.066,Alcohol
Dopamine,C16H19N1O8,606.5,1.85,50.946,Alkaloid
Caffeine,C9H25N3O3,115.4,N/A,885.453,Organic Compound
Adrenaline,C17H29N4O6,143.56,2.38,774.503,Amide
Adrenaline,C1H9N0O10,619.47,N/A,553.7,Carbohydrate
Glucose,C6H22N2O10,98.71,5.44,113.708,Carbohydrate
Ethanol,C12H22N3O7,62.54,N/A,368.385,Nucleotide
Aspirin,C10H17N5O1,322.03,7.98,908.434,Carbohydrate
Adrenaline,C10H11N1O9,671.72,N/A,242.598,Carbohydrate
Glucose,C20H27N4O1,809.16,4.13,432.3,Hormone
Urea,C16H15N3O9,402.1,6.78,892.3,Organic Compound
Adenosine triphosphate,C6H17N5O0,760.78,9.86,505.227,Alkaloid
Dopamine,C4H14N2O6,447.62,12.64,909.751,Lipid
Adenosine triphosphate,C2H38N1O8,378.17,1.54,189.0,Neurotransmitter
Serotonin,C10H7N0O3,755.05,N/A,337.813,Amide
Caffeine,C5H28N2O7,258.22,8.63,851.782,Amide
Ethanol,C13H17N2O3,669.16,1.43,111.247,Amide
Adrenaline,C15H6N2O10,776.47,6.94,267.589,Carbohydrate
Dopamine,C15H21N4O9,451.4,4.05,818.951,Alcohol
Ethanol,C7H33N1O0,167.77,N/A,593.294,Amide
Urea,C19H33N2O8,321.37,N/A,127.821,Carbohydrate
Dopamine,C16H1N2O4,628.7,N/A,500.61,Alkaloid
Adrenaline,C9H37N0O3,802.04,13.23,581.633,Alcohol
Urea,C3H31N3O1,467.14,10.92,795.632,Lipid
Ethanol,C15H27N3O4,263.53,9.69,280.375,Alcohol
Adenosine triphosphate,C6H15N2O8,460.29,3.35,902.978,Hormone
Ethanol,C7H35N1O6,223.59,N/A,344.949,Hormone
Ethanol,C19H11N2O8,286.02,12.03,885.927,Nucleotide
Aspirin,C13H20N5O8,476.1,N/A,381.243,Amide
Adrenaline,C20H7N2O10,874.94,3.71,884.987,Carbohydrate
Serotonin,C6H39N5O3,454.58,4.07,814.734,Amide
Ethanol,C6H9N5O5,853.67,3.44,80.219,Hormone
Adenosine triphosphate,C10H9N1O9,609.63,4.98,621.567,Alkaloid
Glucose,C13H37N3O8,172.22,N/A,419.29,Lipid
Dopamine,C2H22N2O7,858.2,6.38,516.228,Alcohol
Glucose,C9H25N3O0,917.91,N/A,184.272,Neurotransmitter
Aspirin,C17H33N3O3,559.52,4.39,393.538,Neurotransmitter
Urea,C11H19N2O8,308.16,6.71,627.943,Carbohydrate
Caffeine,C11H14N3O2,577.45,12.19,713.319,Organic Compound
Cholesterol,C4H10N3O4,890.34,6.81,950.891,Alkaloid
Ethanol,C10H7N1O1,125.26,9.95,160.534,Neurotransmitter
Aspirin,C6H37N0O6,934.82,13.45,325.778,Hormone
Adrenaline,C13H27N5O1,524.02,13.25,130.072,Organic Compound
Adrenaline,C2H28N3O0,807.89,N/A,826.771,Amide
Cholesterol,C4H27N5O8,302.84,10.42,60.717,Amide
Aspirin,C17H40N4O8,611.78,12.15,892.568,Organic Compound
Urea,C19H23N5O2,890.51,N/A,139.391,Lipid
Adenosine triphosphate,C10H38N1O4,297.31,N/A,422.231,Lipid
Ethanol,C11H1N4O1,144.97,N/A,197.462,Organic Compound
Aspirin,C9H3N5O5,972.46,11.13,530.511,Alcohol
Aspirin,C13H39N1O2,318.64,9.73,253.82,Neurotransmitter
Caffeine,C16H12N1O6,876.1,10.79,861.365,Organic Compound
Aspirin,C7H30N5O2,975.12,3.89,941.242,Organic Compound
Serotonin,C6H26N5O0,977.88,13.96,408.871,Organic Compound
Dopamine,C9H4N0O7,510.58,4.11,965.733,Neurotransmitter
Caffeine,C10H34N2O1,119.34,2.03,135.874,Alcohol
Glucose,C19H35N4O6,489.59,2.19,140.363,Alkaloid
Adenosine triphosphate,C6H21N1O9,436.05,N/A,484.428,Amide
Serotonin,C8H6N3O5,192.46,8.38,714.353,Organic Compound
Serotonin,C18H26N4O3,875.51,N/A,931.502,Alcohol
Aspirin,C2H40N5O9,790.14,9.8,660.206,Amide
Caffeine,C19H32N2O9,512.55,3.76,294.018,Organic Compound
Adenosine triphosphate,C18H29N2O1,210.83,2.54,844.707,Amide
Glucose,C5H11N5O10,662.5,8.92,804.551,Organic Compound
Dopamine,C20H4N2O4,338.11,11.72,579.273,Amide
Aspirin,C4H38N2O1,494.42,9.68,287.892,Nucleotide
Adrenaline,C10H12N0O2,898.09,N/A,97.571,Lipid
Caffeine,C5H39N2O8,998.3,N/A,559.122,Neurotransmitter
Serotonin,C12H2N4O8,310.16,5.32,183.68,Nucleotide
Adenosine triphosphate,C8H1N3O2,729.59,7.99,556.569,Carbohydrate
Adrenaline,C4H3N5O2,480.67,3.87,49.998,Organic Compound
Urea,C1H7N5O1,989.16,6.44,298.124,Alkaloid
Glucose,C7H19N2O0,442.95,9.9,416.507,Hormone
Adenosine triphosphate,C8H6N1O6,186.78,2.0,507.02,Neurotransmitter
Adenosine triphosphate,C14H3N1O5,656.92,5.16,507.251,Hormone
Caffeine,C7H16N5O10,727.37,7.8,520.14,Nucleotide
Cholesterol,C11H19N2O4,548.33,3.17,727.512,Carbohydrate
Aspirin,C5H13N5O7,83.02,13.03,431.237,Alkaloid
Serotonin,C1H34N0O8,174.54,11.77,800.08,Hormone
Adenosine triphosphate,C20H1N5O2,564.74,N/A,353.6,Lipid
Adenosine triphosphate,C3H33N3O6,772.59,3.04,609.624,Nucleotide
Glucose,C6H30N2O5,503.32,1.99,14.884,Alcohol
Glucose,C19H4N2O6,761.09,3.88,364.173,Organic Compound
Ethanol,C12H32N3O10,625.17,7.12,26.75,Nucleotide
Ethanol,C1H9N3O10,535.68,N/A,107.267,Neurotransmitter
Dopamine,C3H40N0O8,987.53,9.25,364.509,Carbohydrate
Urea,C4H9N5O6,181.95,6.33,699.102,Neurotransmitter
Urea,C12H33N0O9,643.24,11.37,417.832,Alcohol
Adrenaline,C8H17N4O10,600.64,6.24,215.52,Neurotransmitter
Serotonin,C15H18N1O1,446.65,N/A,181.92,Organic Compound
Adrenaline,C5H7N5O2,862.07,12.18,422.72,Alcohol
Cholesterol,C6H1N5O10,869.51,11.69,84.524,Carbohydrate
Dopamine,C18H16N3O10,744.89,N/A,684.307,Nucleotide
Caffeine,C16H20N5O9,529.32,6.72,622.776,Amide
Urea,C11H30N2O5,477.14,9.2,245.532,Neurotransmitter
Dopamine,C17H27N3O3,145.51,11.92,133.359,Nucleotide
Aspirin,C20H1N4O1,496.05,13.81,75.145,Alcohol
Adenosine triphosphate,C9H26N5O9,580.01,6.32,879.412,Carbohydrate
Adenosine triphosphate,C18H17N3O8,929.76,13.56,98.297,Alcohol
Ethanol,C5H13N2O7,383.66,12.02,924.682,Nucleotide
Adenosine triphosphate,C13H3N3O10,872.87,N/A,266.638,Alkaloid
Aspirin,C10H32N4O2,500.06,11.41,186.277,Lipid
Dopamine,C7H12N3O5,631.19,9.63,245.874,Lipid
Urea,C7H22N3O7,906.32,1.21,273.103,Organic Compound
Adenosine triphosphate,C5H1N2O5,902.98,8.57,619.097,Lipid
Glucose,C5H39N5O5,299.23,9.73,39.78,Alkaloid
Serotonin,C7H5N4O2,677.6,N/A,437.55,Hormone
Aspirin,C8H22N5O3,101.7,12.03,1.669,Alcohol
Urea,C9H18N2O4,982.95,12.92,617.658,Alkaloid
Aspirin,C9H16N0O3,724.96,1.27,724.757,Alcohol
Adrenaline,C1H36N5O10,299.76,10.9,920.266,Organic Compound
Urea,C7H29N4O10,533.71,13.67,624.772,Neurotransmitter
Ethanol,C20H18N4O3,438.58,7.8,86.643,Organic Compound
Glucose,C12H12N1O6,862.68,N/A,925.252,Carbohydrate
Aspirin,C18H11N1O3,182.77,13.9,478.747,Hormone
Adrenaline,C17H11N0O1,749.47,11.15,961.703,Neurotransmitter
Dopamine,C1H12N4O5,642.93,10.53,658.122,Lipid
Caffeine,C3H25N2O8,803.84,10.89,542.844,Alcohol
Adenosine triphosphate,C11H4N0O8,192.64,1.63,816.961,Carbohydrate
Ethanol,C1H39N1O5,931.4,7.22,813.081,Lipid
Dopamine,C8H13N2O1,594.83,1.23,141.853,Organic Compound
Aspirin,C7H2N0O0,646.77,11.59,592.816,Neurotransmitter
Cholesterol,C14H13N3O6,564.45,N/A,43.299,Neurotransmitter
Adrenaline,C14H38N1O9,173.34,11.21,868.803,Neurotransmitter
Urea,C4H38N3O2,619.77,7.11,809.047,Alcohol
Glucose,C5H20N3O9,280.91,2.0,757.419,Alcohol
Aspirin,C15H17N0O2,967.96,3.85,969.706,Lipid
Adrenaline,C18H6N5O9,616.8,12.83,417.172,Carbohydrate
Ethanol,C4H25N3O8,120.37,1.58,952.054,Lipid
Glucose,C1H21N1O10,482.69,N/A,543.393,Neurotransmitter
Adenosine triphosphate,C15H13N0O3,761.21,2.78,6.231,Alkaloid
Aspirin,C12H34N3O4,130.25,2.35,371.7,Hormone
Dopamine,C10H15N2O5,856.47,3.82,664.429,Amide
Serotonin,C19H19N4O10,743.17,3.13,902.059,Alcohol
Dopamine,C13H12N5O8,138.54,12.91,994.264,Hormone
Glucose,C4H31N3O2,350.94,2.5,755.123,Hormone
Aspirin,C9H6N5O1,921.18,1.3,602.951,Carbohydrate
Adenosine triphosphate,C8H37N1O6,407.81,2.31,209.533,Amide
Caffeine,C8H25N5O1,599.27,13.79,283.416,Amide
Adrenaline,C2H6N3O1,150.16,4.21,867.79,Amide
Cholesterol,C16H7N1O1,593.92,6.24,592.445,Hormone
Adenosine triphosphate,C15H5N4O1,147.99,4.19,759.287,Carbohydrate
Glucose,C6H31N5O8,152.7,4.18,715.91,Carbohydrate
Caffeine,C6H28N5O10,418.83,11.23,475.901,Amide
Glucose,C4H15N1O3,128.7,6.07,528.584,Carbohydrate
Urea,C10H8N0O9,792.84,12.09,481.556,Carbohydrate
Caffeine,C6H15N1O2,253.55,11.87,479.655,Organic Compound
Adenosine triphosphate,C4H19N0O5,914.93,6.73,867.495,Alcohol
Glucose,C19H15N4O10,283.72,12.47,691.415,Organic Compound
Cholesterol,C15H37N2O8,225.95,3.92,211.001,Amide
Serotonin,C7H11N4O8,153.45,7.63,123.021,Hormone
Dopamine,C7H22N3O6,547.58,7.54,610.685,Hormone
Adenosine triphosphate,C19H18N0O9,702.81,8.79,938.222,Organic Compound
Urea,C6H14N0O5,724.17,5.41,566.668,Alcohol
Cholesterol,C7H8N2O3,482.97,9.44,873.226,Nucleotide
Aspirin,C13H16N0O6,309.89,3.71,994.406,Alkaloid
Cholesterol,C3H37N4O0,379.88,N/A,915.941,Alkaloid
Aspirin,C7H31N0O5,946.23,N/A,998.891,Hormone
Dopamine,C17H33N1O1,557.07,2.03,796.899,Alkaloid
Serotonin,C19H40N5O5,899.62,1.32,98.369,Organic Compound
Adenosine triphosphate,C15H33N3O2,698.61,1.96,63.586,Amide
Adrenaline,C17H28N4O0,917.8,9.15,799.59,Amide
Adenosine triphosphate,C8H6N3O2,914.09,N/A,212.513,Alkaloid
Serotonin,C9H25N1O10,763.41,13.47,801.445,Organic Compound
Urea,C8H12N5O3,993.71,7.48,59.944,Amide
Aspirin,C2H16N4O1,746.44,7.81,195.967,Nucleotide
Dopamine,C12H6N0O3,733.21,6.62,191.062,Carbohydrate
Aspirin,C13H15N2O8,732.35,6.4,232.212,Alcohol
Urea,C13H24N4O1,667.29,N/A,744.318,Nucleotide
Glucose,C20H31N3O6,140.28,6.52,320.621,Carbohydrate
Aspirin,C18H19N4O6,461.7,N/A,945.849,Alkaloid
Cholesterol,C18H24N1O4,156.06,N/A,577.019,Alcohol
Ethanol,C17H37N0O0,708.08,N/A,478.081,Alcohol
Caffeine,C3H20N1O8,437.42,9.78,319.742,Organic Compound
Adenosine triphosphate,C2H10N3O10,713.31,5.36,541.934,Alcohol
Urea,C13H19N2O5,61.7,9.97,221.518,Neurotransmitter
Cholesterol,C14H37N5O7,796.74,11.06,952.037,Amide
Caffeine,C20H22N1O8,249.68,2.98,289.226,Alkaloid
Glucose,C1H25N4O2,252.02,7.19,674.496,Lipid
Adrenaline,C11H17N3O0,683.26,N/A,306.222,Hormone
Glucose,C18H3N1O9,657.62,N/A,558.689,Carbohydrate
Adrenaline,C10H28N1O10,75.59,7.64,181.969,Nucleotide
Cholesterol,C17H38N5O10,153.1,3.1,856.245,Hormone
Caffeine,C12H13N4O4,762.51,12.87,151.062,Alcohol
Adenosine triphosphate,C12H23N5O1,392.46,10.4,501.18,Neurotransmitter
Serotonin,C19H1N0O10,578.26,N/A,76.889,Carbohydrate
Caffeine,C19H10N3O5,683.0,6.04,756.952,Lipid
Aspirin,C5H14N0O8,318.67,5.38,534.98,Organic Compound
Caffeine,C13H15N0O0,360.51,9.37,367.53,Hormone
Urea,C15H27N4O3,567.09,10.93,340.36,Alcohol
Urea,C10H24N0O8,701.75,12.63,806.937,Carbohydrate
Glucose,C8H7N1O2,211.69,1.24,29.304,Neurotransmitter
Dopamine,C12H7N0O1,328.59,4.23,377.917,Nucleotide
Glucose,C10H11N0O7,202.79,1.84,183.527,Nucleotide
Serotonin,C14H13N1O0,939.12,4.0,632.798,Amide
Ethanol,C18H34N2O4,148.27,2.8,964.532,Amide
Aspirin,C20H37N1O7,767.07,12.18,617.54,Nucleotide
Dopamine,C6H23N3O1,999.08,13.22,695.195,Amide
Caffeine,C14H27N2O6,332.49,13.15,543.01,Alcohol
Adenosine triphosphate,C12H38N0O10,989.82,2.09,483.894,Neurotransmitter
Adrenaline,C16H2N0O9,223.69,11.14,744.047,Nucleotide
Serotonin,C10H10N1O5,991.8,N/A,276.28,Nucleotide
Dopamine,C17H17N5O6,340.55,6.08,754.183,Lipid
Aspirin,C19H20N2O6,299.08,4.97,724.657,Hormone
Aspirin,C11H36N4O4,670.14,9.61,270.598,Carbohydrate
Glucose,C12H24N2O4,960.55,4.08,519.052,Neurotransmitter
Ethanol,C6H16N4O9,787.81,1.55,928.569,Neurotransmitter
Adenosine triphosphate,C9H33N3O9,962.77,3.95,627.472,Carbohydrate
Cholesterol,C10H34N3O8,111.24,N/A,856.506,Lipid
Adenosine triphosphate,C7H6N1O1,160.55,8.51,370.338,Carbohydrate
Ethanol,C19H21N0O7,993.15,4.03,444.678,Carbohydrate
Urea,C4H36N1O4,356.46,9.0,336.994,Nucleotide
Urea,C10H38N4O0,510.42,1.59,932.261,Organic Compound
Ethanol,C20H15N3O1,592.51,4.01,773.617,Hormone
Caffeine,C14H17N2O7,69.1,7.22,408.369,Carbohydrate
Ethanol,C1H26N4O2,444.96,7.94,815.957,Neurotransmitter
Adrenaline,C5H11N5O6,859.11,7.76,490.332,Organic Compound
Caffeine,C6H5N5O9,746.93,N/A,681.415,Hormone
Caffeine,C20H26N2O5,433.17,N/A,9.895,Alcohol
Glucose,C7H30N1O10,789.6,1.14,60.545,Carbohydrate
Urea,C4H20N4O9,224.92,5.73,766.984,Nucleotide
Aspirin,C13H16N2O0,546.12,4.33,354.849,Lipid
Ethanol,C15H20N2O2,503.68,5.75,2.876,Nucleotide
Glucose,C15H21N3O5,470.71,2.41,110.934,Nucleotide
Adrenaline,C5H39N5O6,901.75,10.01,786.085,Lipid
Aspirin,C11H32N1O9,156.07,8.98,695.561,Alkaloid
Caffeine,C6H25N5O3,766.54,11.61,455.474,Amide
Aspirin,C4H40N4O6,886.35,12.57,614.454,Carbohydrate
Urea,C7H22N2O5,460.74,1.82,190.411,Nucleotide
Caffeine,C20H35N1O7,719.54,N/A,516.878,Alkaloid
Glucose,C3H9N0O0,605.68,4.92,388.436,Alcohol
Cholesterol,C9H15N3O8,493.21,4.8,465.333,Alkaloid
Ethanol,C14H13N5O9,765.05,9.11,611.146,Carbohydrate
Glucose,C2H24N4O7,382.9,12.16,845.36,Nucleotide
Dopamine,C9H10N5O0,823.71,6.37,350.502,Lipid
Glucose,C16H6N2O0,184.2,12.77,46.387,Neurotransmitter
Adenosine triphosphate,C20H32N3O2,863.86,4.05,583.67,Nucleotide
Dopamine,C11H35N0O6,110.78,9.34,899.452,Carbohydrate
Caffeine,C4H35N4O10,994.95,12.09,675.011,Neurotransmitter
Serotonin,C5H36N4O7,369.49,12.24,378.762,Alcohol
Cholesterol,C3H37N4O5,518.54,4.33,967.262,Organic Compound
Adrenaline,C14H8N4O4,640.25,11.71,292.757,Alcohol
Glucose,C11H20N1O8,541.53,12.36,440.544,Alcohol
Dopamine,C16H10N4O8,65.7,7.23,842.364,Lipid
Dopamine,C18H12N2O3,545.99,10.74,529.951,Neurotransmitter
Serotonin,C6H7N0O1,900.17,7.68,832.355,Carbohydrate
Urea,C11H7N4O8,327.45,12.81,462.736,Organic Compound
Adenosine triphosphate,C5H5N5O6,307.75,5.14,703.695,Nucleotide
Aspirin,C20H24N5O7,579.44,6.06,796.676,Lipid
Caffeine,C5H16N5O8,918.87,11.54,908.416,Carbohydrate
Ethanol,C6H26N4O1,796.2,2.34,968.341,Nucleotide
Cholesterol,C3H30N1O5,812.48,N/A,356.174,Alkaloid
Aspirin,C1H29N3O6,952.7,1.41,360.469,Amide
Glucose,C6H23N4O3,82.94,13.79,448.741,Alcohol
Dopamine,C18H36N0O2,864.06,N/A,47.491,Nucleotide
Glucose,C4H26N5O1,984.1,12.77,497.526,Nucleotide
Cholesterol,C10H25N3O7,531.58,4.15,796.424,Alkaloid
Adrenaline,C1H36N0O6,959.63,13.15,730.954,Carbohydrate
Adenosine triphosphate,C3H35N0O6,905.48,12.26,571.424,Alkaloid
Serotonin,C15H30N5O9,734.05,12.19,219.258,Alcohol
Caffeine,C5H23N5O10,931.55,13.77,239.498,Amide
Glucose,C5H38N4O0,807.35,4.71,8.753,Amide
Caffeine,C14H9N1O0,953.81,N/A,44.981,Hormone
Serotonin,C7H3N5O6,490.36,9.28,299.852,Nucleotide
Urea,C11H27N5O6,624.07,6.45,976.32,Hormone
Ethanol,C10H22N5O4,986.98,11.29,669.67,Neurotransmitter
Ethanol,C20H12N1O8,85.57,N/A,787.854,Organic Compound
Dopamine,C8H11N2O3,964.38,4.06,747.961,Lipid
Dopamine,C13H4N3O6,567.28,8.54,20.011,Alcohol
Adrenaline,C16H15N3O1,512.67,12.06,940.769,Nucleotide
Ethanol,C3H13N4O10,392.54,1.71,648.335,Amide
Aspirin,C19H36N4O0,620.08,13.77,211.577,Amide
Serotonin,C17H32N5O3,201.22,N/A,490.863,Neurotransmitter
Adrenaline,C13H5N5O0,69.61,9.1,275.929,Neurotransmitter
Adrenaline,C10H9N4O10,846.33,3.45,431.415,Nucleotide
Adrenaline,C5H38N1O4,920.15,5.87,411.167,Neurotransmitter
Adenosine triphosphate,C16H11N0O9,740.6,6.87,757.932,Alkaloid
Caffeine,C19H5N2O4,929.28,2.83,738.752,Carbohydrate
Caffeine,C16H10N0O5,449.51,6.42,275.528,Alkaloid
Cholesterol,C13H16N0O3,386.4,8.83,35.401,Amide
Caffeine,C14H19N1O10,919.78,8.95,861.468,Hormone
Glucose,C8H7N2O10,541.08,N/A,73.111,Amide
Glucose,C20H26N5O2,82.69,N/A,916.169,Alcohol
Aspirin,C13H35N1O5,333.31,3.22,437.926,Carbohydrate
Urea,C9H2N5O4,301.69,N/A,52.631,Neurotransmitter
Serotonin,C3H4N1O9,686.6,N/A,76.94,Alkaloid
Adrenaline,C13H31N3O8,978.61,3.4,697.453,Amide
Dopamine,C15H39N0O9,108.68,3.42,942.848,Lipid
Glucose,C5H40N2O10,697.69,N/A,514.501,Nucleotide
Aspirin,C12H4N3O0,899.28,6.3,552.626,Carbohydrate
Ethanol,C19H5N3O0,319.13,3.94,510.734,Neurotransmitter
Aspirin,C5H12N3O4,679.01,N/A,419.33,Amide
Ethanol,C10H36N1O0,343.48,N/A,544.181,Carbohydrate
Dopamine,C3H2N1O2,96.54,1.06,400.348,Organic Compound
Urea,C5H36N3O9,613.69,12.76,372.405,Lipid
Urea,C14H29N5O8,490.11,N/A,163.933,Amide
Glucose,C17H20N0O3,61.97,3.16,790.192,Amide
Ethanol,C12H21N5O7,814.89,N/A,316.434,Organic Compound
Serotonin,C10H24N4O7,661.64,6.31,470.111,Nucleotide
Adenosine triphosphate,C14H35N4O5,63.09,2.19,52.37,Nucleotide
Cholesterol,C5H8N4O9,684.81,5.05,428.914,Amide
Caffeine,C8H13N4O1,808.84,N/A,307.089,Hormone
Urea,C20H9N3O0,235.67,2.2,669.508,Neurotransmitter
Glucose,C15H28N0O4,836.11,7.43,688.504,Alkaloid
Dopamine,C4H10N5O0,740.83,2.27,922.437,Neurotransmitter
Cholesterol,C8H12N3O0,881.15,9.85,488.749,Organic Compound
Glucose,C20H27N0O0,159.74,3.28,816.439,Amide
Urea,C18H21N0O10,626.94,6.1,84.065,Alcohol
Dopamine,C15H30N4O9,440.36,1.4,930.625,Nucleotide
Dopamine,C14H14N1O1,995.94,1.06,496.417,Lipid
Cholesterol,C5H1N0O1,95.51,1.22,272.196,Alcohol
Caffeine,C10H39N1O1,141.16,13.5,284.269,Hormone
Glucose,C17H12N1O4,448.75,3.52,303.103,Hormone
Ethanol,C4H2N3O7,972.54,3.96,115.096,Lipid
Glucose,C4H33N1O10,662.25,2.81,239.692,Lipid
Aspirin,C14H23N2O0,675.99,2.13,348.297,Carbohydrate
Urea,C4H17N2O8,528.64,7.14,939.877,Organic Compound
Aspirin,C7H6N1O6,553.42,11.85,128.571,Carbohydrate
Adrenaline,C5H39N2O2,737.66,6.71,824.088,Alkaloid
Adrenaline,C6H37N4O3,627.76,7.94,342.218,Organic Compound
Adenosine triphosphate,C7H9N0O4,695.24,N/A,190.992,Organic Compound
Aspirin,C4H22N3O0,267.43,11.19,62.31,Amide
Cholesterol,C17H28N1O8,137.32,2.72,977.473,Neurotransmitter
Caffeine,C19H9N4O9,778.24,5.72,216.245,Carbohydrate
Caffeine,C11H12N1O6,314.02,8.86,692.142,Amide
Dopamine,C3H20N4O0,241.75,7.58,498.44,Alcohol
Caffeine,C4H6N5O9,219.73,13.52,34.94,Organic Compound
Caffeine,C3H33N2O0,584.34,10.25,991.199,Neurotransmitter
Adenosine triphosphate,C2H7N3O5,804.3,7.68,384.653,Alkaloid
Serotonin,C15H3N5O8,753.44,1.37,564.41,Lipid
Ethanol,C10H14N2O3,500.88,N/A,119.506,Organic Compound
Urea,C19H8N3O6,942.68,10.83,994.249,Organic Compound
Urea,C17H22N0O9,543.73,7.58,197.457,Lipid
Ethanol,C4H38N0O3,760.99,N/A,836.236,Neurotransmitter
Aspirin,C13H38N1O3,686.58,4.11,456.966,Alcohol
Ethanol,C20H8N3O7,906.38,N/A,2.55,Neurotransmitter
Aspirin,C16H26N2O7,988.44,1.45,139.164,Alcohol
Adenosine triphosphate,C15H40N5O2,498.62,7.76,870.019,Organic Compound
Glucose,C18H12N5O5,304.34,7.13,848.381,Lipid
Aspirin,C15H34N1O8,799.16,6.61,638.365,Amide
Dopamine,C6H32N4O1,198.91,5.34,534.249,Alcohol
Aspirin,C1H37N2O4,976.32,N/A,721.544,Amide
Dopamine,C7H24N5O4,726.09,7.67,190.471,Hormone
Adrenaline,C10H16N3O0,218.45,N/A,828.367,Amide
Cholesterol,C1H11N2O2,236.32,12.4,318.583,Amide
Ethanol,C1H20N4O10,665.86,10.82,574.625,Neurotransmitter
Adrenaline,C9H27N0O8,477.9,N/A,296.875,Carbohydrate
Aspirin,C1H22N1O7,318.53,1.7,833.932,Amide
Serotonin,C11H40N1O10,361.24,2.97,712.993,Organic Compound
Aspirin,C4H18N4O7,568.3,4.49,223.399,Lipid
Adrenaline,C19H35N0O8,359.57,3.91,690.892,Alkaloid
Serotonin,C3H29N3O6,344.29,7.4,909.978,Hormone
Cholesterol,C2H30N2O8,966.69,2.51,319.617,Carbohydrate
Adenosine triphosphate,C8H5N5O5,764.53,3.27,887.889,Amide
Ethanol,C3H35N1O0,422.49,N/A,172.916,Lipid
Caffeine,C19H37N3O10,537.64,3.41,199.288,Lipid
Adenosine triphosphate,C2H40N5O8,255.53,13.2,667.726,Alkaloid
Adrenaline,C6H14N0O4,514.24,13.65,286.705,Neurotransmitter
Serotonin,C10H7N4O1,592.25,9.0,136.375,Alkaloid
Ethanol,C2H32N0O5,942.31,13.18,817.058,Lipid
Ethanol,C20H1N0O0,146.88,9.12,86.402,Hormone
Dopamine,C3H13N0O7,232.39,9.14,653.682,Amide
Dopamine,C14H10N4O7,201.2,6.82,754.642,Organic Compound
Serotonin,C7H1N2O9,666.6,N/A,837.575,Amide
Serotonin,C16H39N0O5,394.87,13.76,610.548,Lipid
Urea,C4H38N1O8,803.94,11.66,239.38,Amide
Adrenaline,C19H8N3O8,610.71,4.66,94.974,Alkaloid
Glucose,C1H21N3O3,725.69,8.11,23.653,Amide
Cholesterol,C7H26N5O4,860.21,1.94,186.445,Neurotransmitter
Adrenaline,C14H1N3O2,520.59,N/A,852.554,Alcohol
Dopamine,C15H32N1O2,271.16,10.6,704.149,Organic Compound
Glucose,C8H23N3O1,390.03,7.4,13.28,Lipid
Caffeine,C8H27N1O10,960.75,6.86,68.009,Neurotransmitter
Aspirin,C11H35N1O5,578.36,9.12,102.398,Nucleotide
Adenosine triphosphate,C10H25N1O7,705.78,N/A,730.878,Alkaloid
Caffeine,C9H5N4O2,688.72,9.97,172.096,Nucleotide
Ethanol,C20H10N0O6,995.09,13.51,930.919,Alcohol
Cholesterol,C7H5N4O10,133.1,6.52,112.666,Neurotransmitter
Dopamine,C8H20N1O1,380.84,N/A,756.57,Carbohydrate
Ethanol,C13H30N4O0,185.56,N/A,193.236,Lipid
Glucose,C10H16N3O2,676.17,8.59,755.631,Lipid
Glucose,C5H19N4O7,895.49,13.08,82.328,Lipid
Dopamine,C11H19N4O1,883.11,N/A,81.6,Organic Compound
Caffeine,C8H15N3O2,453.92,5.14,570.436,Alcohol
Ethanol,C14H22N2O10,531.35,N/A,271.715,Hormone
Dopamine,C12H5N3O3,775.39,N/A,487.371,Alcohol
Glucose,C11H39N4O1,105.11,10.17,374.941,Organic Compound
Dopamine,C15H5N1O9,95.61,2.11,751.728,Alkaloid
Cholesterol,C10H5N0O9,831.97,2.07,15.11,Organic Compound
Ethanol,C14H38N4O6,64.68,N/A,811.663,Hormone
Glucose,C6H24N4O7,381.42,3.88,924.534,Nucleotide
Cholesterol,C11H18N5O9,417.12,3.06,600.971,Nucleotide
Urea,C4H18N5O10,58.92,13.37,537.806,Alkaloid
Adrenaline,C7H31N5O9,862.55,3.19,578.873,Alkaloid
Ethanol,C6H25N3O2,651.51,7.87,835.131,Lipid
Glucose,C15H22N4O1,977.76,N/A,851.255,Carbohydrate
Glucose,C16H3N2O8,208.92,9.03,891.66,Amide
Glucose,C15H11N4O4,805.64,12.87,891.627,Organic Compound
Serotonin,C16H17N4O0,678.66,N/A,569.449,Amide
Aspirin,C1H6N0O8,412.72,N/A,59.769,Amide
Ethanol,C9H28N3O10,643.89,7.73,818.805,Carbohydrate
Caffeine,C6H21N1O6,931.26,13.99,528.194,Alkaloid
Cholesterol,C16H27N1O2,291.81,8.69,258.27,Alkaloid
Glucose,C5H4N4O10,663.98,1.46,705.682,Nucleotide
Glucose,C18H14N0O3,903.36,7.52,890.917,Hormone
Ethanol,C14H10N1O1,110.67,10.25,279.939,Lipid
Dopamine,C15H37N5O5,404.11,7.38,897.06,Neurotransmitter
Glucose,C20H33N4O7,838.52,8.84,610.167,Carbohydrate
Dopamine,C10H14N4O2,532.98,8.4,259.298,Hormone
Serotonin,C17H20N1O0,825.97,6.57,947.702,Alcohol
Cholesterol,C13H11N0O0,310.45,1.87,37.472,Alcohol
Urea,C8H36N1O10,703.41,2.0,628.74,Lipid
Urea,C9H13N0O6,281.22,N/A,38.118,Alkaloid
Serotonin,C16H36N2O8,175.45,5.45,60.063,Neurotransmitter
Cholesterol,C9H23N1O3,846.62,N/A,161.875,Alcohol
Caffeine,C1H2N3O3,398.43,3.5,220.423,Neurotransmitter
Dopamine,C16H25N0O0,189.43,N/A,628.774,Amide
Aspirin,C20H2N2O0,569.4,N/A,755.277,Amide
Cholesterol,C7H39N0O10,437.72,N/A,126.851,Lipid
Ethanol,C9H8N4O2,454.56,11.65,671.542,Carbohydrate
Aspirin,C2H20N0O4,621.63,1.66,85.079,Lipid
Cholesterol,C7H4N4O8,158.89,1.5,712.861,Nucleotide
Dopamine,C8H7N4O3,916.73,2.8,27.396,Alcohol
Glucose,C8H24N3O6,185.19,N/A,168.888,Amide
Dopamine,C11H30N5O5,988.9,9.56,793.372,Hormone
Cholesterol,C15H3N4O8,102.13,3.46,887.803,Neurotransmitter
Urea,C12H11N5O7,739.41,N/A,92.629,Hormone
Dopamine,C4H4N1O10,462.66,12.89,325.689,Organic Compound
Adrenaline,C12H15N0O2,406.01,2.42,30.612,Carbohydrate
Cholesterol,C5H2N3O7,972.11,5.48,574.76,Carbohydrate
Dopamine,C8H17N2O4,851.49,11.87,642.936,Nucleotide
Ethanol,C8H14N0O7,614.41,10.2,386.454,Carbohydrate
Cholesterol,C8H5N2O9,293.98,6.88,44.634,Nucleotide
Aspirin,C6H36N2O2,60.57,1.42,871.431,Amide
Cholesterol,C16H15N4O6,434.79,11.03,119.5,Alkaloid
Dopamine,C8H25N5O6,386.71,1.98,613.2,Organic Compound
Caffeine,C20H5N4O8,110.93,8.99,77.526,Hormone
Glucose,C7H7N5O4,856.24,6.26,75.372,Nucleotide
Ethanol,C16H13N3O9,598.25,10.29,993.654,Lipid
Dopamine,C6H33N0O7,106.67,4.11,196.866,Alkaloid
Serotonin,C20H34N1O1,765.88,9.82,350.757,Lipid
Aspirin,C13H1N3O3,920.59,10.79,824.933,Neurotransmitter
Glucose,C15H31N1O0,759.25,13.49,834.415,Organic Compound
Adrenaline,C1H31N3O10,442.0,5.47,616.503,Nucleotide
Glucose,C11H37N0O6,171.06,8.86,124.763,Alkaloid
Aspirin,C10H16N5O2,490.84,1.17,476.693,Carbohydrate
Adrenaline,C9H18N3O2,253.42,13.43,856.76,Nucleotide
Aspirin,C2H18N5O10,793.52,9.53,189.119,Alcohol
Urea,C9H32N2O9,282.21,N/A,97.712,Organic Compound
Cholesterol,C6H16N2O1,316.62,N/A,436.212,Amide
Cholesterol,C12H4N0O3,563.65,N/A,329.953,Lipid
Serotonin,C6H35N2O8,394.47,N/A,643.937,Nucleotide
Serotonin,C8H37N4O7,703.81,3.44,633.573,Carbohydrate
Adenosine triphosphate,C12H28N5O4,858.41,11.42,787.543,Amide
Adenosine triphosphate,C20H21N3O0,706.32,5.52,36.444,Carbohydrate
Cholesterol,C5H26N5O7,450.99,13.39,890.115,Neurotransmitter
Adenosine triphosphate,C3H11N0O5,619.33,11.17,202.967,Neurotransmitter
Glucose,C9H7N1O0,501.25,N/A,596.008,Alcohol
Caffeine,C17H30N0O7,601.23,3.96,124.711,Alkaloid
Caffeine,C15H37N0O8,214.82,N/A,464.816,Hormone
Cholesterol,C7H4N5O7,424.97,10.89,378.171,Alkaloid
Urea,C18H35N4O9,357.12,10.53,828.913,Nucleotide
Ethanol,C5H3N5O1,281.83,13.92,968.951,Alcohol
Serotonin,C20H34N3O1,253.62,5.56,575.239,Nucleotide
Ethanol,C20H9N2O7,131.91,2.46,71.204,Lipid
Caffeine,C17H14N4O8,87.99,4.62,203.616,Amide
Ethanol,C4H14N4O1,621.83,12.77,848.128,Lipid
Ethanol,C17H27N2O9,611.99,10.76,265.056,Neurotransmitter
Glucose,C15H27N2O0,130.51,4.16,862.824,Neurotransmitter
Caffeine,C16H16N4O0,434.43,10.65,751.197,Lipid
Caffeine,C5H16N4O6,823.91,12.98,486.206,Hormone
Caffeine,C6H4N0O10,996.73,7.9,417.257,Nucleotide
Cholesterol,C13H21N3O10,639.39,12.81,837.915,Carbohydrate
Ethanol,C6H17N4O6,283.59,6.44,602.209,Lipid
Aspirin,C10H36N2O4,77.69,2.81,440.153,Organic Compound
Ethanol,C11H14N1O5,139.69,11.61,199.327,Hormone
Caffeine,C19H24N4O6,106.52,5.06,762.596,Nucleotide
Caffeine,C18H22N4O8,112.25,13.35,623.122,Hormone
Glucose,C4H12N5O9,974.18,2.86,326.833,Amide
Adenosine triphosphate,C19H38N4O3,902.96,N/A,769.661,Hormone
Aspirin,C4H30N4O1,575.83,9.95,53.671,Alkaloid
Urea,C7H18N0O5,533.48,8.68,224.68,Alcohol
Aspirin,C4H34N1O9,241.34,13.66,213.976,Organic Compound
Dopamine,C19H7N4O4,553.06,N/A,62.908,Carbohydrate
Urea,C2H33N4O8,341.25,6.07,723.822,Carbohydrate
Caffeine,C19H25N3O4,647.41,10.36,334.233,Lipid
Dopamine,C10H30N2O2,683.7,1.38,118.963,Nucleotide
Adrenaline,C6H34N5O0,221.1,4.91,842.437,Alcohol
Dopamine,C16H2N0O8,190.85,1.35,825.014,Carbohydrate
Cholesterol,C11H39N5O1,136.79,N/A,502.336,Nucleotide
Aspirin,C1H8N5O3,919.83,10.59,49.753,Nucleotide
Aspirin,C13H14N4O4,437.2,13.85,867.093,Carbohydrate
Dopamine,C2H29N3O1,717.94,3.07,948.444,Neurotransmitter
Adenosine triphosphate,C4H40N5O0,560.82,N/A,223.727,Alcohol
Urea,C10H27N0O3,159.27,12.07,803.911,Alkaloid
Ethanol,C12H6N5O1,930.16,12.59,153.853,Alcohol
Caffeine,C12H10N3O10,638.33,N/A,625.833,Lipid
Ethanol,C1H17N2O7,971.41,N/A,236.908,Neurotransmitter
Serotonin,C3H8N2O6,743.88,N/A,755.565,Amide
Adrenaline,C15H34N0O10,614.53,3.9,504.833,Lipid
Adrenaline,C18H7N1O3,670.24,11.02,431.391,Hormone
Caffeine,C6H5N0O9,700.97,4.6,250.52,Nucleotide
Dopamine,C1H26N1O10,844.2,5.29,928.965,Alkaloid
Cholesterol,C13H2N4O1,493.69,12.81,659.417,Amide
Cholesterol,C4H29N3O2,638.04,8.15,898.254,Alkaloid
Adrenaline,C14H19N2O7,977.98,5.86,791.366,Lipid
Serotonin,C14H10N3O8,195.19,7.18,332.33,Carbohydrate
Adenosine triphosphate,C1H14N4O4,924.01,1.09,590.61,Alcohol
Adrenaline,C19H20N3O0,149.27,12.74,577.49,Hormone
Serotonin,C6H14N1O10,555.68,N/A,794.086,Amide
Glucose,C5H38N0O4,772.09,5.74,687.322,Organic Compound
Caffeine,C4H8N4O8,200.7,9.93,870.455,Organic Compound
Serotonin,C3H13N5O9,69.75,9.05,874.783,Organic Compound
Aspirin,C14H28N2O8,496.57,2.11,225.881,Amide
Adenosine triphosphate,C16H31N3O8,313.35,9.11,627.748,Neurotransmitter
Aspirin,C15H17N4O6,502.07,9.66,936.437,Organic Compound
Adrenaline,C1H26N3O4,57.01,3.63,90.492,Alcohol
Glucose,C7H22N1O7,587.55,13.03,264.291,Alkaloid
Caffeine,C14H19N5O2,226.96,N/A,115.977,Organic Compound
Glucose,C18H11N5O3,978.92,N/A,519.349,Hormone
Glucose,C8H19N5O0,744.6,7.41,491.802,Nucleotide
Ethanol,C10H33N3O4,643.91,5.69,788.874,Amide
Ethanol,C14H19N2O8,335.83,1.06,68.353,Lipid
Glucose,C5H2N1O9,71.88,3.25,613.28,Nucleotide
Dopamine,C7H2N0O8,472.41,10.78,950.002,Alcohol
Serotonin,C8H32N5O4,508.01,1.85,371.174,Organic Compound
Caffeine,C8H31N2O10,542.94,10.9,975.713,Alcohol
Glucose,C8H2N2O4,812.94,2.58,639.832,Neurotransmitter
Adenosine triphosphate,C6H33N2O2,156.53,12.9,224.086,Alkaloid
Adenosine triphosphate,C11H22N2O4,333.78,11.12,309.203,Carbohydrate
Adrenaline,C19H16N3O2,336.31,N/A,136.835,Lipid
Glucose,C5H28N0O8,642.06,4.54,117.303,Neurotransmitter
Caffeine,C4H37N1O2,340.26,12.41,500.368,Lipid
Urea,C9H4N0O3,377.47,N/A,927.065,Carbohydrate
Adenosine triphosphate,C20H2N0O8,60.46,8.47,366.293,Alcohol
Aspirin,C10H18N5O1,463.01,8.47,998.651,Amide
Urea,C15H15N2O9,200.3,6.8,732.525,Alcohol
Ethanol,C8H40N1O8,486.64,N/A,462.732,Organic Compound
Cholesterol,C4H39N4O2,441.11,10.12,112.802,Hormone
Dopamine,C5H20N2O7,181.4,3.28,920.367,Lipid
Aspirin,C16H40N0O7,178.96,N/A,946.336,Neurotransmitter
Caffeine,C13H27N3O7,276.45,6.51,105.673,Organic Compound
Serotonin,C14H31N1O5,257.53,8.72,925.735,Carbohydrate
Urea,C17H24N3O4,463.02,2.82,504.344,Organic Compound
Caffeine,C18H22N4O2,620.53,13.05,625.931,Nucleotide
Caffeine,C8H38N4O7,605.93,6.2,612.377,Nucleotide
Caffeine,C13H13N2O3,95.8,12.07,86.473,Carbohydrate
Aspirin,C20H21N1O3,173.76,8.56,889.902,Neurotransmitter
Adenosine triphosphate,C7H8N0O8,699.12,13.63,309.555,Carbohydrate
Urea,C14H37N5O3,595.32,4.16,765.861,Alcohol
Glucose,C19H21N4O8,327.74,11.81,189.352,Alkaloid
Caffeine,C2H40N1O3,134.19,N/A,653.792,Neurotransmitter
Glucose,C19H12N2O10,282.01,N/A,236.524,Alkaloid
Adrenaline,C14H11N2O6,812.87,N/A,286.705,Alkaloid
Adenosine triphosphate,C13H38N2O2,314.64,6.88,120.514,Organic Compound
Adrenaline,C10H5N4O6,516.82,9.77,809.843,Carbohydrate
Urea,C18H21N1O4,558.35,11.56,770.86,Nucleotide
Serotonin,C15H10N0O9,945.03,1.56,501.089,Neurotransmitter
Glucose,C17H31N4O6,965.83,11.32,609.752,Lipid
Cholesterol,C7H18N1O6,797.45,10.63,216.735,Nucleotide
Dopamine,C19H13N4O4,437.04,N/A,482.901,Organic Compound
Adrenaline,C15H17N0O9,598.56,8.83,863.283,Alkaloid
Aspirin,C6H6N0O5,916.86,N/A,130.465,Amide
Glucose,C10H37N0O3,550.92,12.69,197.576,Neurotransmitter
Aspirin,C5H27N0O0,682.06,12.34,437.162,Amide
Caffeine,C2H27N2O0,481.84,2.77,221.51,Alcohol
Cholesterol,C12H13N5O10,949.52,N/A,601.258,Neurotransmitter
Serotonin,C12H19N0O3,651.87,N/A,162.176,Alkaloid
Adenosine triphosphate,C14H28N4O8,803.04,7.33,808.123,Lipid
Cholesterol,C11H12N0O3,835.49,8.07,656.538,Organic Compound
Glucose,C15H38N2O0,585.94,7.43,446.042,Carbohydrate
Caffeine,C9H38N1O9,98.01,N/A,241.287,Amide
Ethanol,C4H17N0O0,887.87,7.89,550.123,Neurotransmitter
Glucose,C10H7N4O7,853.26,12.85,133.281,Neurotransmitter
Caffeine,C10H38N4O5,574.77,3.73,384.466,Nucleotide
Adrenaline,C6H1N0O9,169.2,3.32,274.914,Amide
Dopamine,C16H32N3O7,105.22,1.72,4.245,Alcohol
Dopamine,C1H9N3O9,953.32,N/A,327.574,Alcohol
Urea,C13H3N0O3,448.79,N/A,754.529,Organic Compound
Dopamine,C1H13N1O2,357.46,4.49,452.545,Amide
Dopamine,C20H12N4O6,101.77,N/A,830.778,Nucleotide
Cholesterol,C11H28N5O4,486.48,3.8,573.418,Carbohydrate
Cholesterol,C9H21N5O2,193.67,4.09,926.962,Carbohydrate
Aspirin,C2H39N2O1,570.33,12.37,143.115,Organic Compound
Aspirin,C5H22N5O1,629.82,12.88,19.98,Organic Compound
Ethanol,C6H21N0O3,516.89,1.58,710.702,Alkaloid
Caffeine,C12H33N1O8,614.58,N/A,695.679,Neurotransmitter
Adrenaline,C7H31N0O2,243.11,13.4,171.896,Lipid
Serotonin,C5H32N0O5,570.06,N/A,952.835,Alcohol
Aspirin,C9H14N0O8,378.44,2.47,736.889,Nucleotide
Caffeine,C19H12N2O7,933.75,9.31,279.748,Lipid
Adenosine triphosphate,C4H37N1O2,311.27,10.26,253.173,Alcohol
Serotonin,C16H19N0O1,705.98,N/A,86.608,Nucleotide
Dopamine,C16H10N2O7,355.64,12.14,708.302,Alkaloid
Dopamine,C2H4N0O1,872.42,N/A,504.201,Hormone
Cholesterol,C10H29N3O2,467.49,3.16,678.454,Nucleotide
Adrenaline,C6H3N3O0,761.21,4.03,522.555,Nucleotide
Ethanol,C3H28N0O0,368.78,9.84,216.141,Organic Compound
Glucose,C13H1N0O9,441.59,10.63,184.449,Organic Compound
Urea,C20H24N1O6,192.55,N/A,147.642,Amide
Adenosine triphosphate,C11H22N2O0,225.73,9.12,626.676,Alcohol
Adenosine triphosphate,C9H40N3O4,216.4,6.35,88.073,Alcohol
Glucose,C6H31N5O7,670.45,N/A,447.917,Organic Compound
Caffeine,C1H10N3O6,904.43,6.76,103.798,Alkaloid
Urea,C8H14N1O0,281.53,6.59,489.178,Alcohol
Urea,C7H33N5O9,385.52,N/A,522.344,Nucleotide
Dopamine,C7H15N4O8,532.36,8.55,938.227,Organic Compound
Adenosine triphosphate,C9H24N5O1,109.4,N/A,195.206,Carbohydrate
Serotonin,C14H6N4O8,745.44,1.37,511.067,Alkaloid
Adrenaline,C20H23N1O9,259.27,10.78,244.754,Alcohol
Adenosine triphosphate,C17H24N1O10,320.78,3.99,982.704,Nucleotide
Cholesterol,C18H14N1O6,454.82,5.13,607.033,Lipid
Adenosine triphosphate,C20H29N1O2,673.37,2.19,979.023,Nucleotide
Ethanol,C16H13N2O9,380.6,8.02,125.127,Organic Compound
Urea,C2H30N2O2,341.66,4.18,966.681,Alkaloid
Adenosine triphosphate,C18H27N4O4,302.59,N/A,938.834,Alkaloid
Caffeine,C6H8N0O10,343.05,6.17,754.335,Alcohol
Ethanol,C3H13N4O6,188.74,N/A,946.519,Amide
Cholesterol,C8H23N0O3,635.66,13.79,833.534,Carbohydrate
Ethanol,C13H35N5O5,408.15,13.25,773.622,Alkaloid
Dopamine,C9H25N4O4,576.58,1.81,631.488,Lipid
Adrenaline,C15H5N0O6,624.03,8.87,198.824,Alcohol
Ethanol,C9H22N1O0,923.6,8.99,370.954,Alcohol
Adenosine triphosphate,C10H20N1O4,688.62,2.91,596.241,Neurotransmitter
Caffeine,C15H14N4O9,57.08,8.29,68.001,Alkaloid
Adenosine triphosphate,C1H8N5O6,158.57,6.01,215.116,Alcohol
Glucose,C16H5N0O3,540.75,N/A,117.358,Amide
Ethanol,C3H34N1O2,545.44,12.18,551.901,Alkaloid
Aspirin,C4H4N4O0,309.2,N/A,550.241,Organic Compound
Serotonin,C5H6N4O6,292.68,8.34,977.622,Hormone
Urea,C14H28N5O10,625.7,7.55,757.382,Amide
Aspirin,C11H10N4O5,783.9,8.12,139.22,Organic Compound
Aspirin,C1H26N3O10,372.43,N/A,621.421,Carbohydrate
Dopamine,C2H37N5O7,429.58,2.71,973.218,Neurotransmitter
Adrenaline,C12H1N0O10,350.55,12.24,649.956,Organic Compound
Aspirin,C2H15N0O4,567.77,N/A,771.284,Organic Compound
Urea,C17H18N5O8,190.9,2.57,286.16,Nucleotide
Serotonin,C12H39N5O2,51.36,8.83,380.521,Nucleotide
Dopamine,C16H1N0O4,720.74,N/A,278.404,Nucleotide
Adrenaline,C6H13N0O9,100.93,7.12,314.726,Organic Compound
Serotonin,C20H21N2O1,579.65,7.81,169.094,Lipid
Adrenaline,C11H35N0O10,312.95,12.83,15.656,Neurotransmitter
Cholesterol,C8H19N4O9,909.55,4.45,123.873,Hormone
Caffeine,C19H10N2O1,235.9,8.23,982.955,Nucleotide
Aspirin,C12H12N0O6,116.48,N/A,767.106,Alcohol
Glucose,C17H22N1O3,842.54,7.49,789.831,Amide
Cholesterol,C7H29N0O5,304.53,12.98,209.529,Nucleotide
Glucose,C14H21N5O4,869.49,7.02,288.61,Alcohol
Dopamine,C16H23N5O2,909.18,5.21,389.854,Neurotransmitter
Caffeine,C19H16N1O10,491.4,7.59,739.007,Lipid
Glucose,C15H31N2O7,463.78,2.72,391.884,Organic Compound
Serotonin,C4H1N3O2,300.44,N/A,917.531,Carbohydrate
Caffeine,C11H20N3O0,294.39,8.43,9.079,Nucleotide
Ethanol,C8H13N1O9,606.17,7.23,926.394,Amide
Ethanol,C5H11N4O5,626.42,5.2,311.866,Nucleotide
Serotonin,C12H10N3O5,432.89,6.56,516.045,Neurotransmitter
Serotonin,C12H18N1O1,305.21,5.53,884.542,Neurotransmitter
Caffeine,C15H35N5O4,623.74,8.12,327.143,Nucleotide
Adenosine triphosphate,C14H31N3O9,753.62,2.64,582.556,Nucleotide
Dopamine,C16H18N1O7,829.89,6.02,387.161,Lipid
Caffeine,C2H24N1O1,613.26,1.89,270.597,Nucleotide
Urea,C12H37N1O2,510.99,7.27,775.641,Hormone
Serotonin,C17H15N3O1,801.69,8.47,896.592,Alcohol
Glucose,C8H15N5O3,464.02,9.01,772.572,Lipid
Urea,C19H13N3O5,702.48,4.39,223.925,Organic Compound
Ethanol,C5H24N2O9,372.32,10.2,523.891,Carbohydrate
Serotonin,C17H36N1O0,848.27,5.68,201.434,Nucleotide
Ethanol,C7H18N4O1,252.41,3.94,300.804,Nucleotide
Urea,C17H36N4O9,555.65,N/A,209.404,Neurotransmitter
Dopamine,C8H7N2O6,857.57,12.61,700.208,Alkaloid
Urea,C20H23N5O4,321.13,N/A,950.672,Lipid
Glucose,C14H37N0O0,815.14,1.52,190.044,Lipid
Caffeine,C7H25N0O0,302.87,10.79,50.734,Carbohydrate
Adenosine triphosphate,C10H24N0O7,745.39,11.9,527.746,Lipid
Glucose,C20H28N2O0,553.14,N/A,430.934,Neurotransmitter
Aspirin,C13H13N2O7,185.08,6.35,593.802,Alcohol
Ethanol,C20H32N5O10,695.68,1.35,411.254,Lipid
Adenosine triphosphate,C19H14N4O2,677.23,12.21,720.748,Alcohol
Glucose,C1H32N3O4,687.24,2.34,588.678,Neurotransmitter
Cholesterol,C3H21N3O6,322.98,N/A,391.434,Alcohol
Serotonin,C10H4N5O0,950.85,5.28,312.321,Alcohol
Dopamine,C13H14N0O9,167.84,7.2,802.994,Carbohydrate
Aspirin,C14H33N1O2,809.04,N/A,306.939,Neurotransmitter
Dopamine,C14H20N5O0,992.43,4.98,532.96,Alkaloid
Urea,C19H22N5O3,764.28,N/A,705.368,Amide
Adrenaline,C3H29N3O5,310.26,13.86,649.683,Nucleotide
Ethanol,C10H34N5O10,913.57,4.95,56.782,Carbohydrate
Dopamine,C1H19N2O0,69.58,5.63,365.126,Hormone
Adrenaline,C9H1N2O6,59.58,12.11,922.386,Carbohydrate
Serotonin,C19H15N5O8,383.39,8.44,198.146,Hormone
Aspirin,C12H2N3O1,428.71,10.72,499.794,Neurotransmitter
Aspirin,C15H21N2O1,74.39,11.99,541.747,Lipid
Aspirin,C2H16N5O4,375.58,N/A,109.686,Amide
Adrenaline,C14H7N3O5,273.52,8.06,626.286,Lipid
Adenosine triphosphate,C14H39N4O6,128.36,1.02,417.387,Nucleotide
Glucose,C15H23N5O9,824.97,6.03,332.393,Hormone
Cholesterol,C2H18N0O10,254.59,5.48,733.17,Alcohol
Urea,C6H29N3O6,313.44,8.19,33.524,Alcohol
Glucose,C7H6N3O4,489.64,1.68,94.083,Carbohydrate
Cholesterol,C18H8N2O5,689.95,9.31,127.199,Nucleotide
Aspirin,C20H9N2O1,187.49,12.48,591.506,Nucleotide
Adenosine triphosphate,C7H10N4O0,982.46,3.21,849.125,Lipid
Adrenaline,C16H36N3O0,483.29,10.68,266.686,Alkaloid
Aspirin,C12H23N0O7,183.64,N/A,767.875,Neurotransmitter
Serotonin,C6H30N2O5,915.14,5.21,79.928,Alcohol
Adenosine triphosphate,C11H3N4O6,502.02,12.95,808.339,Neurotransmitter
Urea,C15H12N2O6,790.91,N/A,482.384,Amide
Adenosine triphosphate,C6H2N5O0,816.09,10.2,173.402,Neurotransmitter
Cholesterol,C7H1N5O7,939.45,4.05,328.466,Neurotransmitter
Glucose,C16H13N1O6,63.69,8.26,541.308,Organic Compound
Adenosine triphosphate,C7H34N1O1,247.21,6.09,518.427,Nucleotide
Aspirin,C5H5N2O9,718.47,N/A,299.237,Alkaloid
Caffeine,C12H12N3O9,840.74,7.1,262.412,Hormone
Ethanol,C8H17N3O5,380.84,3.91,588.541,Amide
Cholesterol,C3H27N2O10,661.08,9.48,464.131,Carbohydrate
Cholesterol,C13H30N3O6,392.78,N/A,518.378,Amide
Adrenaline,C7H13N4O3,122.35,9.34,363.254,Alkaloid
Serotonin,C20H6N3O3,489.83,13.4,679.058,Amide
Caffeine,C9H32N0O8,799.8,4.92,690.908,Lipid
Glucose,C10H19N5O2,608.86,8.3,172.032,Alcohol
Adrenaline,C8H34N3O10,135.17,11.56,768.72,Alkaloid
Cholesterol,C13H7N4O7,403.91,1.19,688.65,Hormone
Caffeine,C12H40N2O4,849.53,10.86,416.422,Hormone
Urea,C4H7N2O10,506.86,6.7,390.161,Organic Compound
Cholesterol,C4H21N2O8,911.25,9.01,212.692,Carbohydrate
Aspirin,C12H38N5O1,760.08,8.97,837.526,Carbohydrate
Serotonin,C10H31N3O8,714.13,10.36,512.249,Lipid
Adenosine triphosphate,C8H38N4O2,855.16,1.93,665.036,Hormone
Ethanol,C18H5N5O3,610.15,4.41,586.256,Alcohol
Urea,C10H24N1O10,479.99,7.45,715.962,Alkaloid
Dopamine,C3H26N4O1,413.89,4.62,10.328,Nucleotide
Caffeine,C20H39N3O1,990.93,N/A,561.042,Hormone
Cholesterol,C9H36N5O10,260.89,2.0,270.243,Organic Compound
Caffeine,C6H38N5O2,921.3,N/A,310.683,Lipid
Serotonin,C10H36N3O9,430.33,N/A,106.429,Nucleotide
Caffeine,C11H16N4O3,626.28,4.2,409.046,Nucleotide
Urea,C6H36N3O4,442.23,11.21,72.707,Amide
Glucose,C3H18N5O3,479.93,6.47,339.87,Hormone
Serotonin,C8H15N5O4,932.6,10.82,355.884,Neurotransmitter
Cholesterol,C20H2N3O10,613.71,N/A,488.331,Alkaloid
Ethanol,C18H35N3O0,951.03,N/A,176.306,Carbohydrate
Aspirin,C14H26N5O2,65.32,N/A,228.102,Carbohydrate
Serotonin,C9H7N4O4,247.79,13.42,645.397,Alcohol
Glucose,C9H4N2O0,652.98,11.9,867.259,Organic Compound
Caffeine,C14H9N5O8,482.36,3.26,371.848,Neurotransmitter
Adenosine triphosphate,C17H22N0O3,367.31,6.57,126.773,Alkaloid
Ethanol,C19H33N4O1,78.61,2.14,680.654,Neurotransmitter
Dopamine,C6H12N4O8,862.2,12.04,154.989,Carbohydrate
Caffeine,C10H5N0O5,51.94,N/A,978.245,Organic Compound
Ethanol,C20H30N3O6,707.07,5.87,255.792,Nucleotide
Serotonin,C12H14N0O9,238.84,N/A,74.219,Amide
Caffeine,C1H30N0O1,620.87,8.21,269.834,Hormone
Serotonin,C19H35N3O7,198.11,5.85,656.648,Nucleotide
Urea,C8H38N5O3,542.35,2.73,974.155,Amide
Glucose,C20H23N1O9,214.12,N/A,311.644,Lipid
Caffeine,C18H28N0O1,385.71,12.66,641.137,Alkaloid
Glucose,C6H39N1O3,977.6,13.69,35.957,Nucleotide
Adrenaline,C1H34N1O7,111.14,11.33,778.072,Carbohydrate
Adrenaline,C18H4N0O5,878.7,8.62,868.097,Carbohydrate
Adenosine triphosphate,C6H30N5O8,452.09,3.36,327.393,Alcohol
Adenosine triphosphate,C15H9N1O6,768.77,9.45,828.321,Alcohol
Adenosine triphosphate,C17H29N4O6,967.64,N/A,223.28,Lipid
Aspirin,C9H28N5O5,689.73,6.44,279.182,Alcohol
Ethanol,C12H4N2O7,59.6,N/A,761.364,Neurotransmitter
Glucose,C7H34N2O1,533.17,8.4,937.558,Lipid
Serotonin,C1H38N5O10,764.58,4.16,728.541,Nucleotide
Serotonin,C18H21N5O6,826.56,10.1,10.022,Nucleotide
Aspirin,C10H36N5O6,266.14,12.38,87.904,Neurotransmitter
Cholesterol,C1H9N1O7,847.46,1.09,522.626,Carbohydrate
Dopamine,C5H37N2O1,376.12,3.45,312.793,Alcohol
Urea,C13H2N4O4,358.12,6.04,316.759,Neurotransmitter
Adenosine triphosphate,C8H37N4O9,632.59,9.95,664.143,Hormone
Aspirin,C9H11N0O6,78.4,N/A,367.708,Organic Compound
Dopamine,C4H10N0O7,155.27,9.71,808.863,Amide
Ethanol,C12H23N0O10,927.74,3.09,44.771,Organic Compound
Glucose,C14H28N1O8,918.03,N/A,705.879,Neurotransmitter
Adenosine triphosphate,C10H12N4O2,136.13,6.41,289.988,Lipid
Adenosine triphosphate,C19H35N4O9,994.79,9.37,554.609,Nucleotide
Adrenaline,C9H28N2O4,711.31,N/A,25.306,Alkaloid
Cholesterol,C12H19N0O1,257.35,2.96,676.586,Alcohol
Caffeine,C2H1N1O1,134.94,N/A,779.892,Nucleotide
Serotonin,C4H8N4O4,662.44,12.66,777.819,Lipid
Serotonin,C17H27N0O5,590.7,2.89,655.876,Organic Compound
Caffeine,C3H3N4O1,622.27,5.29,63.529,Hormone
Caffeine,C17H15N4O7,558.42,1.96,480.77,Lipid
Glucose,C9H10N3O10,641.62,13.22,746.722,Hormone
Aspirin,C6H1N0O1,63.21,6.47,57.362,Alkaloid
Cholesterol,C3H36N5O2,488.87,3.31,846.433,Amide
Caffeine,C6H23N1O7,577.82,N/A,114.308,Hormone
Serotonin,C6H31N2O7,911.87,5.13,738.241,Nucleotide
Urea,C19H25N4O7,876.32,1.22,720.599,Organic Compound
Cholesterol,C7H16N2O3,961.66,5.78,627.781,Alcohol
Adenosine triphosphate,C4H10N2O1,833.41,2.28,831.539,Neurotransmitter
Adenosine triphosphate,C12H9N0O10,337.94,11.04,71.422,Neurotransmitter
Dopamine,C11H31N5O6,411.12,N/A,156.975,Alkaloid
Ethanol,C2H19N4O1,305.35,8.59,579.836,Amide
Ethanol,C14H6N5O2,301.74,12.8,548.562,Organic Compound
Caffeine,C11H14N3O6,928.16,N/A,85.718,Carbohydrate
Caffeine,C7H24N3O6,522.17,12.68,288.149,Alkaloid
Urea,C11H31N2O1,482.98,7.94,33.459,Nucleotide
Serotonin,C19H13N1O1,72.1,10.03,984.299,Nucleotide
Glucose,C5H35N0O9,356.85,6.21,518.193,Alkaloid
Cholesterol,C1H23N4O4,543.0,13.15,195.785,Alcohol
Caffeine,C9H7N3O10,617.05,N/A,553.596,Hormone
Ethanol,C8H13N1O1,93.71,11.7,80.277,Organic Compound
Serotonin,C2H31N2O3,700.34,13.11,817.607,Carbohydrate
Cholesterol,C16H16N4O9,322.51,11.14,568.629,Organic Compound
Caffeine,C13H19N3O2,374.27,11.29,305.159,Amide
Dopamine,C6H21N2O1,810.22,13.55,467.036,Nucleotide
Glucose,C18H30N0O0,142.82,6.79,132.567,Hormone
Serotonin,C12H33N5O2,235.48,3.38,680.609,Lipid
Adrenaline,C12H5N2O2,186.71,3.77,189.731,Nucleotide
Caffeine,C12H40N5O3,722.49,11.75,680.759,Alkaloid
Dopamine,C13H18N0O5,731.53,8.03,346.73,Organic Compound
Adenosine triphosphate,C9H23N1O3,208.88,5.35,952.255,Organic Compound
Ethanol,C6H24N1O10,833.72,12.83,62.366,Carbohydrate
Serotonin,C12H29N0O0,89.29,5.58,350.752,Organic Compound
Ethanol,C18H35N0O8,329.67,5.01,611.58,Amide
Ethanol,C20H21N3O6,710.88,4.28,874.602,Lipid
Cholesterol,C2H17N5O10,160.64,7.56,179.488,Organic Compound
Glucose,C2H11N1O7,571.56,12.51,424.707,Alcohol
Urea,C4H35N4O4,979.43,5.11,679.383,Neurotransmitter
Dopamine,C16H18N2O1,314.13,11.75,938.175,Nucleotide
Adrenaline,C9H35N1O0,688.52,5.73,813.047,Amide
Aspirin,C3H13N4O5,892.32,6.67,285.206,Carbohydrate
Ethanol,C3H16N0O10,172.64,2.14,344.347,Organic Compound
Adenosine triphosphate,C2H4N1O1,481.02,N/A,133.659,Organic Compound
Adrenaline,C17H29N5O1,820.09,7.47,460.068,Lipid
Caffeine,C20H22N3O7,939.42,2.06,502.666,Hormone
Ethanol,C17H24N3O3,600.7,3.88,75.854,Neurotransmitter
Cholesterol,C11H15N0O8,903.16,1.18,576.716,Alcohol
Aspirin,C15H22N2O1,389.04,7.17,810.859,Carbohydrate
Cholesterol,C10H2N2O7,748.56,2.97,393.318,Hormone
Adenosine triphosphate,C11H24N3O4,713.05,N/A,912.52,Neurotransmitter
Urea,C14H26N3O5,794.83,6.08,540.534,Organic Compound
Dopamine,C8H37N5O10,279.12,N/A,956.511,Neurotransmitter
Adenosine triphosphate,C18H4N5O4,961.12,9.88,281.437,Organic Compound
Adrenaline,C2H8N2O2,587.25,N/A,199.225,Lipid
Urea,C15H4N5O6,996.92,7.19,810.518,Neurotransmitter
Cholesterol,C18H33N4O4,469.21,10.0,297.301,Nucleotide
Caffeine,C7H31N5O8,332.17,N/A,909.684,Hormone
Glucose,C3H9N4O0,488.56,3.85,716.671,Nucleotide
Cholesterol,C4H18N2O5,674.43,10.58,225.494,Nucleotide
Ethanol,C9H18N1O10,77.03,7.83,472.269,Hormone
Glucose,C12H19N4O0,690.49,8.45,168.087,Alcohol
Glucose,C18H29N2O2,809.61,N/A,230.185,Hormone
Serotonin,C11H34N1O7,533.57,12.54,941.358,Carbohydrate
Cholesterol,C8H32N2O9,996.12,N/A,29.064,Alcohol
Dopamine,C7H22N4O6,286.19,6.12,790.597,Nucleotide
Adenosine triphosphate,C17H4N1O2,789.06,3.11,361.642,Lipid
Dopamine,C13H14N0O9,224.54,13.68,506.365,Hormone
Aspirin,C8H8N5O3,618.74,N/A,539.675,Hormone
Urea,C14H2N0O3,599.23,1.99,627.584,Amide
Aspirin,C14H39N1O5,453.01,10.43,680.719,Neurotransmitter
Urea,C3H8N5O3,407.7,12.22,702.762,Lipid
Glucose,C6H31N1O8,410.3,8.54,816.594,Carbohydrate
Serotonin,C8H39N4O7,722.01,N/A,428.712,Hormone
Glucose,C16H19N2O4,801.73,4.03,213.686,Alcohol
Adenosine triphosphate,C8H24N5O6,632.46,6.2,560.313,Alkaloid
Serotonin,C14H4N1O0,612.55,8.64,490.178,Neurotransmitter
Adenosine triphosphate,C18H38N1O5,828.42,1.73,903.933,Amide
Adrenaline,C5H15N4O7,327.46,8.53,679.043,Neurotransmitter
Adenosine triphosphate,C15H17N2O7,220.62,1.97,475.541,Carbohydrate
Dopamine,C20H38N0O4,943.94,6.37,399.446,Organic Compound
Serotonin,C15H14N4O10,836.91,1.48,655.157,Organic Compound
Dopamine,C4H11N3O1,252.88,N/A,651.364,Alkaloid
Aspirin,C7H22N2O7,866.29,N/A,429.911,Neurotransmitter
Adrenaline,C7H9N3O9,235.47,12.84,307.978,Carbohydrate
Serotonin,C3H17N1O8,547.04,3.06,752.531,Alcohol
Serotonin,C7H14N2O6,539.52,12.44,205.343,Lipid
Adrenaline,C6H37N2O10,960.44,11.47,679.277,Nucleotide
Ethanol,C12H30N1O10,395.54,9.15,241.629,Amide
Dopamine,C3H22N3O10,743.56,1.79,510.724,Organic Compound
Serotonin,C2H27N5O1,913.64,13.33,573.625,Alcohol
Ethanol,C1H29N0O0,77.42,N/A,800.118,Nucleotide
Aspirin,C20H9N1O5,888.1,N/A,696.152,Amide
Dopamine,C12H14N5O10,338.53,9.09,658.751,Alkaloid
Aspirin,C12H26N3O0,163.25,N/A,993.229,Neurotransmitter
Aspirin,C13H35N5O6,138.57,3.56,455.18,Lipid
Cholesterol,C20H40N3O7,354.2,12.57,850.338,Organic Compound
Adrenaline,C4H30N1O4,321.61,N/A,61.582,Nucleotide
Adrenaline,C3H25N0O4,361.14,5.67,435.707,Carbohydrate
Caffeine,C17H31N5O9,891.81,3.91,814.945,Amide
Serotonin,C8H9N0O9,453.79,13.45,708.551,Neurotransmitter
Caffeine,C8H34N0O3,659.56,9.06,936.414,Nucleotide
Serotonin,C18H27N1O10,723.78,13.88,390.446,Hormone
Aspirin,C1H8N0O3,441.83,6.53,514.078,Organic Compound
Cholesterol,C17H5N5O9,685.62,12.28,665.932,Lipid
Urea,C7H10N1O0,235.96,12.67,437.303,Organic Compound
Cholesterol,C18H22N5O0,901.23,N/A,331.808,Hormone
Caffeine,C4H37N1O8,405.14,6.39,346.049,Carbohydrate
Aspirin,C5H24N0O0,762.19,10.35,731.743,Hormone
