compound,formula,mw,pka,solubility_mg_ml,class
Adrenaline,C18H25N5O9,945.55,13.74,96.688,Amide
Urea,C7H17N5O5,370.32,9.17,547.074,Nucleotide
Adenosine triphosphate,C9H20N5O4,486.26,8.76,131.044,Hormone
Caffeine,C6H34N0O5,971.77,9.74,609.151,Alkaloid
Ethanol,C4H4N0O3,518.54,3.91,392.875,Nucleotide
Cholesterol,C19H16N0O7,523.1,8.15,179.125,Amide
Serotonin,C19H33N0O1,668.7,13.07,662.797,Amide
Caffeine,C7H25N1O1,59.98,N/A,936.574,Nucleotide
Adenosine triphosphate,C12H3N5O4,318.29,8.96,696.354,Carbohydrate
Aspirin,C19H21N5O9,893.79,6.95,749.748,Nucleotide
Adenosine triphosphate,C20H27N1O6,143.46,7.28,997.69,Nucleotide
Ethanol,C20H36N5O9,212.26,3.05,469.222,Alcohol
Cholesterol,C20H27N1O2,103.3,10.9,179.283,Nucleotide
Aspirin,C18H13N2O0,194.5,6.55,473.162,Nucleotide
Serotonin,C3H4N3O1,568.71,N/A,962.166,Nucleotide
Glucose,C19H13N5O0,971.4,7.98,157.172,Amide
Urea,C11H25N1O3,166.65,N/A,159.366,Organic Compound
Urea,C7H7N3O1,859.49,9.04,494.73,Carbohydrate
Caffeine,C13H3N3O7,714.11,10.19,442.884,Nucleotide
Cholesterol,C4H26N0O0,736.84,4.54,124.952,Nucleotide
Cholesterol,C16H3N2O8,159.0,13.37,20.453,Hormone
Ethanol,C9H29N3O6,381.44,10.46,495.159,Organic Compound
Aspirin,C1H13N1O3,527.24,7.27,470.688,Alcohol
Urea,C9H33N3O7,355.55,N/A,476.97,Lipid
Urea,C16H24N5O0,250.27,11.06,979.771,Organic Compound
Cholesterol,C4H30N1O1,498.63,9.22,114.497,Amide
Adrenaline,C8H30N0O10,762.24,3.53,91.407,Alcohol
Adenosine triphosphate,C14H40N4O1,693.77,2.24,419.339,Organic Compound
Aspirin,C14H21N2O8,985.5,9.41,321.541,Neurotransmitter
Ethanol,C13H39N3O8,370.35,3.85,201.859,Alkaloid
Ethanol,C17H28N3O6,424.96,N/A,131.078,Lipid
Ethanol,C12H21N4O10,915.8,N/A,760.487,Hormone
Adrenaline,C16H36N4O8,427.67,N/A,863.264,Carbohydrate
Adrenaline,C9H3N1O7,350.73,8.73,568.241,Carbohydrate
Adenosine triphosphate,C16H28N4O5,804.83,5.69,839.703,Alkaloid
Cholesterol,C8H6N0O4,519.64,12.08,521.432,Lipid
Cholesterol,C5H37N3O7,627.92,4.59,238.795,Neurotransmitter
Cholesterol,C15H39N4O0,963.7,8.79,703.648,Nucleotide
Cholesterol,C11H9N3O8,773.25,6.15,715.068,Lipid
Ethanol,C10H25N0O7,983.92,1.53,619.637,Organic Compound
Cholesterol,C17H33N2O4,284.69,11.74,447.408,Organic Compound
Serotonin,C13H38N2O4,476.74,4.45,620.972,Carbohydrate
Cholesterol,C2H28N4O2,78.38,11.41,976.973,Amide
Glucose,C11H26N4O4,468.75,1.67,461.234,Carbohydrate
Adrenaline,C3H31N2O9,750.55,5.73,597.104,Organic Compound
Adrenaline,C7H16N5O10,288.82,8.66,176.257,Neurotransmitter
Ethanol,C11H33N5O6,333.12,3.51,98.888,Carbohydrate
Dopamine,C11H6N3O10,365.88,4.13,345.35,Neurotransmitter
Glucose,C10H2N1O5,654.09,5.9,228.992,Carbohydrate
Cholesterol,C15H31N5O8,347.79,11.25,635.874,Nucleotide
Serotonin,C18H23N2O8,909.61,N/A,953.048,Hormone
Dopamine,C4H20N1O10,551.22,5.17,437.905,Lipid
Caffeine,C7H5N2O1,877.89,1.18,514.133,Nucleotide
Adrenaline,C6H18N0O9,217.73,8.7,922.273,Organic Compound
Ethanol,C4H25N2O6,240.84,N/A,266.132,Carbohydrate
Caffeine,C10H28N0O1,118.83,4.53,256.795,Lipid
Dopamine,C4H40N0O7,429.98,10.43,26.904,Carbohydrate
Ethanol,C8H4N4O9,162.13,7.27,915.666,Neurotransmitter
Ethanol,C17H11N3O8,156.0,3.93,498.738,Amide
Ethanol,C5H33N2O4,999.15,N/A,689.441,Organic Compound
Adenosine triphosphate,C20H13N1O10,183.2,8.0,272.791,Neurotransmitter
Adrenaline,C19H7N2O7,159.14,12.38,463.356,Lipid
Adenosine triphosphate,C13H18N2O4,665.34,N/A,391.689,Lipid
Glucose,C6H1N4O0,479.26,4.3,62.264,Amide
Dopamine,C7H39N0O3,527.95,N/A,86.686,Amide
Cholesterol,C8H5N1O4,782.46,11.99,162.871,Alcohol
Aspirin,C6H17N0O2,825.07,8.16,293.843,Nucleotide
Serotonin,C14H26N0O8,794.89,2.92,209.523,Alcohol
Ethanol,C2H1N0O2,424.47,12.22,948.308,Neurotransmitter
Caffeine,C15H9N5O8,344.08,3.9,744.76,Alcohol
Dopamine,C11H27N1O8,625.64,10.08,369.081,Lipid
Urea,C7H5N0O1,675.52,8.04,683.188,Hormone
Serotonin,C12H24N3O4,811.65,N/A,356.539,Amide
Cholesterol,C15H1N4O5,416.58,3.72,40.322,Alkaloid
Urea,C6H16N0O1,196.92,12.72,633.803,Alcohol
Cholesterol,C4H36N4O3,496.03,N/A,730.489,Lipid
Serotonin,C6H36N0O10,506.22,8.73,742.432,Neurotransmitter
Aspirin,C18H40N5O8,657.72,11.87,236.303,Alcohol
Ethanol,C19H20N0O0,199.94,11.96,136.304,Carbohydrate
Aspirin,C11H27N1O2,129.43,11.72,951.366,Alkaloid
Serotonin,C16H9N4O0,942.27,N/A,406.418,Nucleotide
Dopamine,C7H23N5O8,693.68,2.49,849.655,Amide
Urea,C1H2N5O3,873.19,10.92,871.038,Lipid
Adrenaline,C12H2N3O8,504.18,6.46,674.172,Neurotransmitter
Cholesterol,C10H37N4O3,352.35,7.51,342.067,Alkaloid
Serotonin,C13H2N0O10,237.95,6.86,569.793,Neurotransmitter
Dopamine,C15H15N2O6,458.02,9.19,899.558,Lipid
Dopamine,C8H14N0O2,249.06,2.42,723.357,Amide
Caffeine,C13H32N5O3,834.76,1.41,312.616,Hormone
Ethanol,C10H27N5O6,525.19,4.12,818.722,Amide
Serotonin,C10H28N4O1,87.85,N/A,317.706,Carbohydrate
Adenosine triphosphate,C9H11N1O5,416.64,5.46,460.051,Neurotransmitter
Ethanol,C16H21N0O0,535.52,12.62,791.031,Neurotransmitter
Urea,C14H23N5O6,357.19,N/A,33.363,Nucleotide
Ethanol,C11H33N4O7,565.77,11.63,812.906,Alkaloid
Serotonin,C20H24N4O9,491.17,11.64,57.419,Organic Compound
Glucose,C13H19N3O9,91.38,7.07,521.163,Neurotransmitter
Urea,C12H23N0O3,800.42,2.84,203.24,Neurotransmitter
Dopamine,C13H12N1O10,265.68,8.94,614.076,Lipid
Glucose,C2H1N2O3,972.55,8.49,410.845,Nucleotide
Aspirin,C6H40N2O2,852.15,11.46,419.398,Nucleotide
Adrenaline,C9H18N5O5,791.79,4.73,620.914,Nucleotide
Glucose,C13H33N2O10,598.18,N/A,217.909,Hormone
Dopamine,C20H35N0O4,460.46,5.75,481.341,Neurotransmitter
Urea,C5H3N2O1,255.9,1.91,184.98,Neurotransmitter
Caffeine,C8H33N4O3,471.26,8.07,480.742,Amide
Urea,C10H36N1O0,386.34,8.43,950.488,Alkaloid
Serotonin,C18H9N5O6,109.1,2.86,425.883,Neurotransmitter
Dopamine,C4H4N5O0,776.1,7.58,632.963,Neurotransmitter
Adenosine triphosphate,C9H6N3O8,571.27,12.33,246.777,Carbohydrate
Urea,C11H20N4O10,597.67,N/A,864.904,Lipid
Aspirin,C19H20N3O4,74.18,11.86,645.559,Lipid
Adenosine triphosphate,C18H24N4O10,199.06,4.19,55.515,Nucleotide
Urea,C9H37N0O5,425.84,7.66,831.832,Neurotransmitter
Adenosine triphosphate,C11H35N1O1,585.38,6.07,860.862,Alkaloid
Serotonin,C13H19N0O0,73.1,3.01,344.148,Lipid
Dopamine,C9H19N5O4,384.9,N/A,713.317,Amide
Aspirin,C9H10N5O3,508.64,N/A,526.475,Nucleotide
Glucose,C15H30N1O5,446.13,N/A,135.53,Neurotransmitter
Dopamine,C2H33N5O8,671.79,3.06,842.591,Alcohol
Adenosine triphosphate,C6H9N4O1,988.75,8.04,357.439,Amide
Urea,C3H33N4O3,708.15,8.74,194.723,Hormone
Dopamine,C19H37N2O9,932.64,13.76,395.812,Hormone
Dopamine,C16H5N4O8,633.46,4.07,805.141,Nucleotide
Adenosine triphosphate,C1H17N2O9,771.76,N/A,616.66,Alcohol
Dopamine,C19H6N0O6,617.14,13.04,950.699,Hormone
Adenosine triphosphate,C18H11N4O4,333.78,2.66,230.413,Neurotransmitter
Adenosine triphosphate,C17H24N3O10,333.75,11.99,772.512,Amide
Aspirin,C18H24N3O10,837.33,N/A,682.748,Nucleotide
Glucose,C2H25N1O1,594.12,11.86,163.682,Amide
Adrenaline,C3H10N3O10,650.22,5.49,818.595,Hormone
Urea,C16H5N3O7,780.43,11.9,542.574,Carbohydrate
Glucose,C14H12N0O3,148.98,N/A,441.046,Organic Compound
Dopamine,C5H10N0O0,609.44,1.21,388.245,Neurotransmitter
Glucose,C10H11N3O2,587.91,N/A,731.548,Amide
Caffeine,C18H5N4O6,125.5,10.12,926.857,Neurotransmitter
Aspirin,C8H18N0O4,751.04,4.73,989.749,Neurotransmitter
Cholesterol,C6H16N3O8,827.46,7.13,283.324,Nucleotide
Aspirin,C20H11N3O5,221.48,2.27,993.214,Carbohydrate
Adenosine triphosphate,C20H26N2O2,224.36,6.16,334.756,Carbohydrate
Caffeine,C7H18N4O5,693.35,11.97,678.597,Neurotransmitter
Serotonin,C1H2N3O1,302.05,3.99,956.972,Amide
Serotonin,C13H24N3O1,213.18,5.27,854.004,Hormone
Cholesterol,C15H28N2O10,350.89,3.69,253.577,Lipid
Caffeine,C19H10N3O0,928.62,N/A,27.672,Amide
Serotonin,C1H17N1O1,514.76,1.48,951.098,Carbohydrate
Dopamine,C9H32N5O7,784.71,5.44,482.587,Hormone
Glucose,C8H4N1O8,875.1,6.66,796.072,Organic Compound
Glucose,C19H2N1O3,316.4,5.43,42.961,Organic Compound
Adenosine triphosphate,C6H11N1O9,53.56,4.89,1.706,Alkaloid
Dopamine,C3H37N1O1,333.76,12.93,452.953,Nucleotide
Serotonin,C16H11N3O5,982.82,1.68,775.443,Alkaloid
Adenosine triphosphate,C15H26N3O9,377.17,13.85,151.134,Alcohol
Dopamine,C7H19N0O4,921.92,4.59,212.553,Lipid
Dopamine,C15H1N4O3,718.11,10.3,862.286,Neurotransmitter
Adenosine triphosphate,C16H22N1O6,388.0,9.62,481.207,Carbohydrate
Adrenaline,C18H13N3O3,882.21,11.9,871.796,Neurotransmitter
Adrenaline,C12H14N0O5,957.77,3.03,136.333,Neurotransmitter
Caffeine,C8H4N5O6,783.96,8.66,370.455,Carbohydrate
Adenosine triphosphate,C19H19N1O5,104.77,1.15,882.49,Amide
Urea,C3H14N5O6,955.18,13.68,264.548,Alkaloid
Adenosine triphosphate,C14H28N5O7,95.7,5.2,601.361,Neurotransmitter
Dopamine,C10H37N5O6,222.8,5.95,978.786,Alcohol
Adenosine triphosphate,C18H22N5O9,906.42,7.47,975.086,Amide
Aspirin,C9H6N2O10,272.74,4.84,94.418,Amide
Aspirin,C2H13N5O9,651.92,3.67,551.27,Organic Compound
Serotonin,C7H37N3O10,945.93,9.69,507.842,Carbohydrate
Aspirin,C16H26N3O8,976.49,5.34,540.485,Lipid
Caffeine,C10H11N3O8,717.86,4.28,760.061,Alcohol
Aspirin,C13H33N1O2,447.0,12.72,361.854,Organic Compound
Dopamine,C15H3N2O5,708.24,5.0,142.826,Carbohydrate
Cholesterol,C16H5N0O6,499.05,N/A,500.498,Neurotransmitter
Aspirin,C15H22N4O10,334.09,N/A,32.546,Amide
Urea,C4H19N0O10,705.35,12.6,534.501,Neurotransmitter
Dopamine,C1H5N2O6,641.02,N/A,226.805,Carbohydrate
Adenosine triphosphate,C15H18N2O3,487.0,3.98,149.514,Amide
Aspirin,C12H27N5O5,392.4,7.56,727.101,Hormone
Serotonin,C7H10N4O2,391.41,N/A,38.784,Alcohol
Glucose,C14H6N3O7,430.19,N/A,491.771,Alcohol
Glucose,C15H17N0O1,256.61,8.48,255.817,Alcohol
Glucose,C20H19N3O7,962.15,11.45,778.98,Hormone
Adrenaline,C11H22N2O1,95.68,11.71,491.478,Nucleotide
Serotonin,C5H28N0O10,894.87,11.14,655.761,Alcohol
Adenosine triphosphate,C1H4N0O1,888.57,N/A,483.508,Alcohol
Caffeine,C2H18N3O6,549.35,N/A,344.088,Carbohydrate
Cholesterol,C20H19N0O4,488.52,6.15,516.801,Hormone
Cholesterol,C17H12N2O1,385.47,11.06,146.364,Lipid
Urea,C5H3N1O7,356.36,8.58,867.106,Alkaloid
Adenosine triphosphate,C14H9N4O2,660.77,9.86,282.167,Neurotransmitter
Adrenaline,C12H7N5O5,579.88,8.98,374.479,Nucleotide
Adenosine triphosphate,C12H3N5O6,498.82,N/A,497.229,Amide
Dopamine,C3H34N0O1,241.97,10.07,787.497,Alcohol
Cholesterol,C19H34N1O3,503.61,3.89,193.104,Organic Compound
Urea,C11H9N2O7,807.67,N/A,18.253,Amide
Caffeine,C11H22N3O3,499.29,11.46,433.694,Alcohol
Urea,C4H39N1O1,426.43,N/A,678.985,Neurotransmitter
Adrenaline,C3H2N3O3,726.31,N/A,599.596,Hormone
Dopamine,C9H11N3O6,846.7,4.43,556.635,Carbohydrate
Glucose,C20H8N2O7,241.44,3.75,778.052,Carbohydrate
Caffeine,C20H35N5O5,123.79,2.19,113.751,Amide
Adrenaline,C8H21N0O10,967.68,10.06,103.122,Alcohol
Ethanol,C13H2N5O3,678.28,10.68,547.234,Nucleotide
Aspirin,C17H34N1O7,285.38,3.68,919.538,Hormone
Ethanol,C2H28N4O6,192.16,5.05,792.703,Alkaloid
Glucose,C2H10N1O7,948.39,1.7,416.394,Organic Compound
Adrenaline,C4H8N1O4,339.81,N/A,732.203,Hormone
Caffeine,C18H1N5O4,803.52,N/A,265.636,Organic Compound
Glucose,C5H13N3O2,395.25,N/A,398.632,Amide
Cholesterol,C20H19N3O1,734.07,N/A,73.163,Amide
Caffeine,C4H21N1O6,213.87,8.39,244.197,Alkaloid
Cholesterol,C5H34N1O4,177.21,13.93,386.818,Lipid
Serotonin,C4H26N1O10,815.99,10.86,269.18,Organic Compound
Serotonin,C10H26N2O9,362.45,10.72,965.309,Alcohol
Serotonin,C5H2N4O8,950.83,6.34,919.113,Hormone
Adrenaline,C3H20N1O3,476.44,11.73,725.587,Alcohol
Urea,C10H11N5O10,500.51,7.66,606.293,Carbohydrate
Cholesterol,C2H5N3O5,191.05,2.62,301.403,Organic Compound
Dopamine,C6H40N2O0,481.17,2.09,678.681,Amide
Serotonin,C9H14N4O6,97.65,6.6,852.222,Amide
Adrenaline,C16H17N0O9,977.44,5.23,250.743,Neurotransmitter
Dopamine,C11H22N2O7,733.53,N/A,231.324,Lipid
Glucose,C13H32N5O6,396.09,2.0,896.876,Carbohydrate
Aspirin,C1H23N3O3,369.28,2.83,578.34,Nucleotide
Dopamine,C18H39N5O10,868.27,3.7,450.443,Carbohydrate
Cholesterol,C9H1N4O5,282.0,2.08,814.038,Organic Compound
Dopamine,C16H17N4O4,541.68,N/A,12.564,Alcohol
Adrenaline,C11H10N2O8,450.36,6.67,250.358,Neurotransmitter
Caffeine,C11H23N0O4,992.8,7.68,94.184,Amide
Dopamine,C3H5N1O6,696.03,N/A,604.68,Alkaloid
Caffeine,C10H36N1O8,695.5,13.02,262.157,Neurotransmitter
Ethanol,C13H5N1O2,53.73,9.81,342.085,Lipid
Aspirin,C15H17N1O8,98.4,10.76,132.922,Lipid
Ethanol,C5H8N5O4,615.95,2.41,730.853,Lipid
Adenosine triphosphate,C11H29N5O5,745.74,13.71,932.617,Alcohol
Aspirin,C3H30N4O10,615.97,7.39,619.008,Lipid
Aspirin,C8H27N0O1,192.77,13.1,42.741,Neurotransmitter
Caffeine,C11H37N1O0,963.62,9.85,485.61,Alkaloid
Aspirin,C11H8N1O9,440.18,N/A,844.219,Neurotransmitter
Ethanol,C18H13N1O9,538.97,3.16,367.228,Organic Compound
Cholesterol,C8H27N4O6,247.99,7.6,117.66,Organic Compound
Urea,C18H19N1O7,191.52,6.27,933.033,Alcohol
Adrenaline,C5H11N1O9,432.87,4.14,182.702,Lipid
Serotonin,C13H40N3O9,521.75,1.18,836.247,Neurotransmitter
Ethanol,C10H17N5O8,923.13,12.56,664.857,Amide
Caffeine,C5H6N1O0,217.47,10.38,639.138,Lipid
Adrenaline,C17H18N3O1,542.47,13.46,259.09,Alcohol
Ethanol,C8H1N4O8,360.81,10.46,649.182,Organic Compound
Urea,C3H9N5O3,558.09,6.31,905.388,Carbohydrate
Cholesterol,C20H19N2O2,749.85,12.81,914.994,Lipid
Glucose,C19H23N0O2,813.58,2.95,302.868,Lipid
Glucose,C16H24N5O10,476.63,7.17,987.022,Neurotransmitter
Adrenaline,C7H25N2O1,760.15,2.18,373.035,Hormone
Dopamine,C10H1N2O7,694.46,9.72,582.62,Neurotransmitter
Aspirin,C1H17N3O0,642.78,N/A,269.362,Neurotransmitter
Serotonin,C9H35N5O7,155.92,13.63,697.092,Lipid
Ethanol,C14H12N4O6,326.29,5.23,367.364,Alkaloid
Adenosine triphosphate,C19H23N4O7,232.58,5.93,664.399,Neurotransmitter
Glucose,C20H26N1O5,108.18,3.94,306.64,Lipid
Adenosine triphosphate,C13H28N0O7,475.69,5.17,82.564,Alcohol
Aspirin,C3H23N2O3,58.06,N/A,288.787,Alkaloid
Ethanol,C19H18N5O10,264.54,12.9,840.031,Nucleotide
Urea,C16H2N2O3,670.16,10.35,123.801,Neurotransmitter
Adrenaline,C11H23N3O10,768.11,N/A,391.181,Amide
Aspirin,C14H2N3O10,799.75,10.58,542.402,Carbohydrate
Glucose,C4H27N1O2,146.55,11.57,455.336,Carbohydrate
Adenosine triphosphate,C2H39N0O2,564.59,5.98,450.479,Organic Compound
Adrenaline,C13H16N4O4,556.29,5.24,704.397,Lipid
Serotonin,C8H10N5O4,733.12,9.11,529.862,Carbohydrate
Adrenaline,C19H9N4O5,710.89,5.19,267.162,Carbohydrate
Ethanol,C15H35N3O3,446.79,1.57,690.854,Nucleotide
Dopamine,C9H4N2O9,627.14,N/A,215.118,Alkaloid
Cholesterol,C2H34N3O10,447.58,6.75,494.884,Amide
Glucose,C13H39N1O3,303.72,6.42,620.784,Neurotransmitter
Serotonin,C11H26N5O10,266.79,11.13,47.235,Alkaloid
Glucose,C3H6N1O3,517.4,10.55,515.564,Hormone
Aspirin,C14H7N5O8,134.91,7.69,823.582,Alcohol
Caffeine,C9H27N0O9,502.37,11.81,409.151,Organic Compound
Dopamine,C7H40N3O7,201.05,N/A,215.248,Lipid
Glucose,C19H20N2O10,533.57,5.55,609.439,Alcohol
Ethanol,C5H19N4O9,55.3,9.91,566.185,Lipid
Urea,C6H34N5O9,58.59,7.38,629.239,Amide
Caffeine,C20H4N5O9,677.24,13.09,24.746,Organic Compound
Adrenaline,C6H24N2O3,628.95,12.82,227.132,Neurotransmitter
Serotonin,C2H18N4O5,439.1,N/A,193.142,Alcohol
Caffeine,C10H33N4O5,939.47,8.6,617.101,Hormone
Caffeine,C5H14N1O8,607.3,10.06,410.871,Neurotransmitter
Urea,C3H28N5O5,337.59,5.36,468.036,Alkaloid
Dopamine,C17H22N1O4,414.22,N/A,503.196,Amide
Adenosine triphosphate,C8H16N5O7,92.97,4.99,599.585,Lipid
Urea,C4H17N4O1,208.31,12.76,119.688,Neurotransmitter
Adenosine triphosphate,C8H25N0O6,551.89,6.08,471.455,Neurotransmitter
Caffeine,C5H31N0O9,961.93,12.63,817.513,Amide
Ethanol,C15H39N0O8,58.12,N/A,734.636,Organic Compound
Adrenaline,C13H26N3O5,783.18,N/A,547.166,Amide
Aspirin,C18H29N4O8,472.89,N/A,96.549,Carbohydrate
Cholesterol,C19H4N5O4,437.11,1.48,503.221,Nucleotide
Adenosine triphosphate,C3H26N0O10,663.28,N/A,434.159,Hormone
Ethanol,C6H11N1O4,925.37,6.67,968.693,Lipid
Adrenaline,C1H17N5O3,775.47,6.34,13.677,Hormone
Adrenaline,C20H2N3O10,624.67,9.07,501.931,Neurotransmitter
Cholesterol,C17H1N5O8,577.58,8.82,878.279,Lipid
Adenosine triphosphate,C7H4N1O8,630.01,7.93,139.212,Organic Compound
Adenosine triphosphate,C9H3N0O2,415.5,5.32,575.538,Amide
Serotonin,C10H29N2O2,548.18,2.73,629.026,Alcohol
Urea,C18H8N5O9,223.93,12.42,705.412,Amide
Cholesterol,C4H16N4O4,594.78,N/A,445.668,Nucleotide
Adenosine triphosphate,C8H35N2O1,683.73,N/A,75.554,Alcohol
Adrenaline,C13H23N0O7,705.57,3.83,267.076,Neurotransmitter
Cholesterol,C6H16N1O2,599.9,4.52,435.127,Carbohydrate
Serotonin,C10H2N2O1,743.29,12.71,759.935,Carbohydrate
Caffeine,C3H39N4O4,606.82,7.4,551.685,Nucleotide
Adenosine triphosphate,C10H29N1O8,379.9,5.8,772.046,Carbohydrate
Serotonin,C10H34N1O0,567.97,N/A,130.087,Alkaloid
Glucose,C6H30N4O2,945.4,12.38,965.832,Amide
Caffeine,C17H4N2O9,638.05,8.67,179.006,Alcohol
Aspirin,C13H33N4O7,840.95,1.25,484.853,Hormone
Urea,C11H15N2O4,813.74,8.15,936.945,Nucleotide
Glucose,C5H5N3O5,277.64,9.15,678.467,Alcohol
Dopamine,C11H22N0O7,505.49,3.13,587.298,Alcohol
Dopamine,C14H31N0O3,744.83,N/A,616.806,Carbohydrate
Serotonin,C8H24N5O9,916.62,8.71,448.942,Alcohol
Urea,C12H39N1O7,626.06,11.4,345.19,Amide
Adenosine triphosphate,C19H4N5O3,346.04,13.77,356.059,Nucleotide
Dopamine,C15H33N2O4,67.23,12.14,458.713,Carbohydrate
Glucose,C16H7N0O1,218.87,N/A,156.976,Lipid
Urea,C7H1N4O8,519.96,4.32,214.978,Hormone
Ethanol,C16H24N5O4,435.62,6.95,229.845,Nucleotide
Glucose,C5H28N4O7,183.6,2.31,31.853,Neurotransmitter
Aspirin,C11H27N0O10,767.99,13.81,905.394,Neurotransmitter
Cholesterol,C13H16N4O4,331.62,8.78,485.458,Lipid
Adenosine triphosphate,C11H7N3O4,90.98,7.02,222.088,Organic Compound
Caffeine,C8H38N2O7,277.1,1.21,169.974,Lipid
Urea,C16H29N5O10,466.03,8.94,154.194,Lipid
Glucose,C5H16N0O0,708.38,N/A,297.275,Hormone
Urea,C7H21N0O0,347.56,2.37,368.481,Organic Compound
Cholesterol,C9H23N0O0,412.2,4.39,673.28,Hormone
Serotonin,C17H36N1O3,296.55,5.48,18.852,Carbohydrate
Adrenaline,C14H16N1O0,856.93,10.62,792.132,Lipid
Ethanol,C5H35N3O10,142.08,6.1,138.563,Lipid
Dopamine,C11H2N2O4,362.46,4.46,1.701,Alkaloid
Glucose,C15H4N2O7,427.93,N/A,329.654,Nucleotide
Adenosine triphosphate,C10H33N0O0,456.54,3.85,969.369,Amide
Dopamine,C16H3N4O9,561.75,N/A,855.07,Lipid
Glucose,C6H28N0O7,551.28,3.85,2.331,Carbohydrate
Cholesterol,C17H40N0O10,613.91,N/A,976.123,Lipid
Cholesterol,C5H23N1O10,997.55,9.86,847.306,Lipid
Urea,C4H11N0O0,898.47,4.68,884.28,Carbohydrate
Cholesterol,C14H30N1O2,167.43,3.6,210.851,Alkaloid
Cholesterol,C3H32N2O6,314.23,10.73,537.159,Alkaloid
Adrenaline,C18H30N0O2,193.85,5.6,540.047,Organic Compound
Aspirin,C17H8N2O7,981.39,11.99,631.776,Alkaloid
Cholesterol,C19H21N0O9,297.22,13.37,109.016,Hormone
Aspirin,C15H30N1O5,395.93,13.98,707.845,Alcohol
Cholesterol,C11H9N2O5,258.02,3.72,770.925,Organic Compound
Ethanol,C10H4N4O0,313.27,13.47,284.465,Alcohol
Ethanol,C20H13N0O0,85.53,6.06,715.221,Alcohol
Cholesterol,C4H16N2O1,204.64,6.78,174.759,Alcohol
Caffeine,C15H2N1O4,221.37,6.14,883.644,Alcohol
Cholesterol,C3H20N4O10,451.12,10.34,505.027,Organic Compound
Adenosine triphosphate,C1H15N5O1,164.73,6.99,625.964,Neurotransmitter
Dopamine,C5H34N4O9,161.12,N/A,183.728,Amide
Caffeine,C19H14N5O10,830.22,2.9,323.267,Organic Compound
Aspirin,C4H39N5O3,612.46,4.54,49.898,Carbohydrate
Glucose,C11H30N0O0,751.83,13.61,707.518,Nucleotide
Glucose,C6H9N3O10,838.0,N/A,222.232,Alkaloid
Cholesterol,C7H22N2O4,897.03,N/A,793.429,Neurotransmitter
Aspirin,C18H3N4O6,710.17,9.41,761.194,Organic Compound
Dopamine,C3H12N3O1,950.45,11.19,207.753,Alcohol
Caffeine,C17H7N0O9,660.92,5.49,128.415,Organic Compound
Aspirin,C8H25N3O7,402.45,11.92,912.659,Hormone
Cholesterol,C8H19N2O3,511.82,2.17,884.423,Alcohol
Aspirin,C19H7N2O8,947.72,1.74,580.442,Alkaloid
Serotonin,C11H10N4O9,754.96,7.17,777.873,Neurotransmitter
Caffeine,C9H24N4O2,723.55,7.9,564.86,Nucleotide
Urea,C8H1N0O9,135.29,13.54,133.363,Nucleotide
Cholesterol,C16H6N1O3,774.45,N/A,271.646,Hormone
Adrenaline,C9H5N3O9,963.91,1.07,418.435,Lipid
Ethanol,C13H39N4O8,437.42,13.5,776.679,Neurotransmitter
Ethanol,C10H28N5O9,270.14,12.11,426.821,Carbohydrate
Aspirin,C12H1N3O6,271.17,3.18,13.663,Hormone
Caffeine,C12H25N3O10,643.16,6.18,778.123,Carbohydrate
Aspirin,C7H7N4O4,944.39,12.95,954.539,Neurotransmitter
Glucose,C17H7N3O7,332.35,7.96,800.239,Carbohydrate
Ethanol,C1H35N4O4,585.33,2.21,267.347,Amide
Cholesterol,C10H37N1O4,201.25,N/A,510.374,Nucleotide
Adrenaline,C7H27N5O3,852.47,6.1,851.086,Carbohydrate
Cholesterol,C16H4N3O1,478.2,7.21,691.471,Nucleotide
Glucose,C1H36N4O8,804.46,10.41,775.797,Amide
Cholesterol,C2H4N0O10,597.91,4.65,442.938,Alcohol
Cholesterol,C16H27N1O7,382.32,9.55,421.066,Alkaloid
Aspirin,C19H7N1O5,327.14,9.45,365.534,Hormone
Serotonin,C10H9N0O1,227.02,10.37,804.775,Nucleotide
Serotonin,C19H33N2O0,953.98,N/A,916.936,Lipid
Dopamine,C4H3N5O8,112.06,8.59,610.416,Amide
Ethanol,C11H21N3O9,700.0,13.48,277.657,Hormone
Glucose,C20H14N2O5,392.3,13.49,244.426,Neurotransmitter
Dopamine,C3H37N1O8,279.16,1.46,888.053,Neurotransmitter
Cholesterol,C9H20N3O0,90.73,10.59,480.444,Nucleotide
Glucose,C15H13N0O8,954.08,8.51,230.284,Organic Compound
Urea,C12H35N3O8,154.35,N/A,81.399,Hormone
Caffeine,C7H12N0O1,180.31,N/A,759.215,Lipid
Dopamine,C9H6N2O4,895.24,1.72,632.65,Carbohydrate
Dopamine,C6H8N3O5,722.13,3.17,162.874,Nucleotide
Aspirin,C2H35N0O2,444.46,8.48,880.885,Lipid
Ethanol,C10H38N5O4,863.05,6.69,233.852,Amide
Glucose,C7H14N1O0,951.85,5.71,3.878,Lipid
Cholesterol,C16H31N4O8,526.69,8.34,798.104,Hormone
Caffeine,C13H6N5O3,839.67,13.84,482.225,Lipid
Adenosine triphosphate,C9H15N3O10,907.21,12.8,836.304,Lipid
Glucose,C12H33N5O8,477.39,11.59,218.074,Alcohol
Adrenaline,C9H6N2O2,271.16,10.65,632.417,Neurotransmitter
Caffeine,C2H11N1O0,887.52,4.87,427.275,Alkaloid
Urea,C17H23N4O1,278.85,N/A,683.115,Neurotransmitter
Caffeine,C18H23N5O8,591.64,13.56,97.056,Neurotransmitter
Adrenaline,C8H4N2O5,136.6,N/A,440.363,Alcohol
Urea,C1H40N4O2,871.13,N/A,59.736,Nucleotide
Glucose,C11H26N4O3,328.34,9.36,254.116,Organic Compound
Glucose,C2H40N4O6,628.48,7.24,932.213,Nucleotide
Aspirin,C15H31N5O1,316.3,12.5,662.633,Hormone
Serotonin,C9H40N3O8,702.74,N/A,161.601,Nucleotide
Urea,C5H8N0O4,775.24,10.85,55.539,Organic Compound
Caffeine,C12H5N3O7,483.96,11.05,176.605,Hormone
Adrenaline,C9H32N1O9,412.76,11.42,985.536,Alkaloid
Ethanol,C3H40N1O10,789.87,7.23,572.75,Alcohol
Aspirin,C15H9N4O5,278.62,6.48,366.061,Lipid
Glucose,C6H40N3O10,338.05,3.74,54.576,Hormone
Glucose,C15H8N5O4,709.85,7.04,197.489,Alcohol
Cholesterol,C9H21N0O5,382.83,10.04,822.133,Neurotransmitter
Serotonin,C9H9N2O7,721.21,N/A,868.466,Hormone
Caffeine,C3H23N1O10,289.78,N/A,629.122,Carbohydrate
Caffeine,C13H27N1O3,200.57,11.67,497.588,Hormone
Aspirin,C20H22N2O0,486.4,2.42,523.255,Lipid
Aspirin,C12H38N2O3,901.11,12.42,0.733,Lipid
Caffeine,C12H15N4O5,452.74,N/A,739.839,Organic Compound
Dopamine,C8H26N1O1,373.51,4.34,653.734,Alkaloid
Aspirin,C1H15N2O10,182.36,5.11,568.483,Nucleotide
Ethanol,C3H6N5O5,565.28,9.93,820.64,Carbohydrate
Adenosine triphosphate,C4H3N1O6,729.37,3.94,850.809,Alcohol
Aspirin,C11H29N5O0,945.62,9.49,222.462,Amide
Ethanol,C17H4N0O8,682.76,10.93,892.254,Alkaloid
Serotonin,C8H29N0O3,296.25,6.15,909.824,Alkaloid
Cholesterol,C3H16N0O8,766.14,4.86,413.616,Lipid
Urea,C5H17N0O3,762.86,N/A,636.204,Carbohydrate
Ethanol,C19H29N2O2,414.09,N/A,987.878,Hormone
Adenosine triphosphate,C17H15N0O5,418.38,5.18,868.069,Hormone
Caffeine,C9H24N3O10,165.2,N/A,564.181,Lipid
Serotonin,C18H28N3O5,432.6,2.76,649.63,Carbohydrate
Dopamine,C7H12N5O3,153.92,12.83,118.357,Hormone
Ethanol,C9H35N2O4,120.54,N/A,425.073,Alkaloid
Cholesterol,C7H28N5O5,925.6,2.24,775.228,Organic Compound
Aspirin,C5H30N2O9,454.7,7.02,177.833,Carbohydrate
Adenosine triphosphate,C7H28N4O6,230.11,7.42,173.858,Lipid
Adenosine triphosphate,C1H39N0O8,198.36,6.01,218.231,Neurotransmitter
Dopamine,C4H15N1O7,150.71,N/A,427.43,Organic Compound
Cholesterol,C15H10N0O5,283.97,N/A,257.449,Nucleotide
Glucose,C9H26N3O10,73.3,12.7,821.978,Neurotransmitter
Adenosine triphosphate,C13H13N0O2,879.18,13.97,509.638,Neurotransmitter
Ethanol,C6H38N0O9,862.55,2.33,965.01,Carbohydrate
Adenosine triphosphate,C17H4N5O6,874.89,4.66,288.503,Nucleotide
Aspirin,C2H40N5O4,272.71,1.26,470.14,Lipid
Glucose,C10H18N3O6,529.18,8.61,387.036,Carbohydrate
Urea,C8H38N0O0,292.42,N/A,501.577,Alcohol
Urea,C13H4N3O10,948.71,8.88,269.493,Neurotransmitter
Ethanol,C6H10N2O3,783.78,N/A,8.647,Alkaloid
Aspirin,C20H19N2O8,171.68,N/A,194.034,Neurotransmitter
Caffeine,C1H38N2O4,199.91,1.68,547.801,Organic Compound
Adrenaline,C18H11N4O5,148.01,2.03,494.317,Neurotransmitter
Caffeine,C15H38N4O8,445.44,6.73,368.382,Hormone
Urea,C12H29N2O4,747.33,5.06,123.369,Carbohydrate
Adrenaline,C7H2N0O9,333.16,8.78,325.305,Lipid
Dopamine,C16H29N1O1,437.23,4.19,261.303,Nucleotide
Serotonin,C18H18N5O10,669.01,5.03,733.38,Alkaloid
Adrenaline,C4H35N0O6,640.61,N/A,887.353,Organic Compound
Caffeine,C3H31N0O3,826.58,7.16,507.867,Alcohol
Adenosine triphosphate,C15H15N1O2,964.45,N/A,525.617,Carbohydrate
Serotonin,C19H33N3O4,974.16,6.7,12.673,Alkaloid
Aspirin,C3H7N1O1,345.8,5.5,564.417,Carbohydrate
Caffeine,C9H22N4O4,801.06,4.11,984.288,Carbohydrate
Caffeine,C9H15N1O10,139.07,1.22,935.165,Lipid
Ethanol,C10H39N0O1,122.95,2.15,107.979,Organic Compound
Caffeine,C5H14N3O5,664.32,N/A,778.93,Hormone
Aspirin,C11H7N4O10,993.49,6.79,236.148,Nucleotide
Aspirin,C16H6N0O0,843.73,1.5,287.418,Amide
Aspirin,C11H9N2O4,78.72,9.17,447.672,Lipid
Dopamine,C12H5N1O3,191.7,3.44,931.387,Alkaloid
Ethanol,C16H19N5O2,799.0,11.84,208.053,Neurotransmitter
Cholesterol,C3H24N0O6,834.86,2.52,367.623,Alkaloid
Urea,C10H36N4O3,622.33,3.54,663.274,Amide
Ethanol,C12H13N5O1,980.56,1.86,615.809,Amide
Cholesterol,C10H30N3O9,164.47,N/A,272.317,Neurotransmitter
Adenosine triphosphate,C15H23N2O7,778.28,N/A,266.17,Alcohol
Dopamine,C5H13N2O0,380.73,6.58,386.49,Lipid
Caffeine,C7H25N5O0,603.45,5.32,886.736,Alkaloid
Aspirin,C4H8N3O9,410.13,N/A,307.638,Alkaloid
Glucose,C18H23N5O3,996.66,8.66,167.913,Nucleotide
Cholesterol,C19H7N4O6,797.21,13.6,411.111,Amide
Urea,C18H33N2O10,433.88,5.98,649.956,Alcohol
Cholesterol,C11H8N0O1,118.01,7.1,144.19,Carbohydrate
Adenosine triphosphate,C17H17N4O5,845.02,13.73,346.999,Organic Compound
Adrenaline,C17H15N5O1,387.19,2.25,768.657,Alcohol
Glucose,C14H16N1O1,299.86,7.0,421.556,Lipid
Dopamine,C14H1N1O1,595.4,11.5,31.506,Alcohol
Caffeine,C10H18N4O2,920.69,8.29,777.987,Neurotransmitter
Adenosine triphosphate,C7H4N4O3,537.86,1.75,97.393,Neurotransmitter
Adenosine triphosphate,C20H6N3O6,112.39,4.08,570.093,Carbohydrate
Serotonin,C14H35N2O4,846.48,N/A,878.152,Alcohol
Ethanol,C13H27N1O4,568.51,N/A,720.609,Amide
Adenosine triphosphate,C20H38N0O5,837.36,N/A,361.793,Hormone
Caffeine,C7H7N0O3,741.18,11.24,89.04,Organic Compound
Urea,C16H24N2O0,393.9,1.99,866.696,Neurotransmitter
Urea,C9H26N3O9,512.6,10.32,645.236,Lipid
Adenosine triphosphate,C16H38N1O0,539.79,13.99,874.668,Neurotransmitter
Caffeine,C18H21N4O10,502.1,13.37,31.479,Organic Compound
Aspirin,C17H32N0O6,255.19,2.04,550.126,Neurotransmitter
Cholesterol,C3H30N2O8,733.73,6.49,841.405,Alkaloid
Glucose,C1H32N2O3,350.88,3.02,579.151,Lipid
Dopamine,C9H18N4O2,247.33,10.21,713.067,Hormone
Urea,C3H13N5O0,337.0,4.94,365.298,Hormone
Ethanol,C15H15N5O9,617.77,3.29,231.286,Lipid
Caffeine,C7H30N4O8,73.25,N/A,423.818,Nucleotide
Serotonin,C2H40N3O3,380.45,3.08,673.872,Organic Compound
Serotonin,C20H23N1O0,936.01,N/A,545.884,Alcohol
Serotonin,C16H5N2O3,606.23,11.86,118.778,Organic Compound
Ethanol,C3H40N4O6,854.66,12.4,248.521,Organic Compound
Aspirin,C17H13N1O4,707.43,N/A,751.875,Carbohydrate
Dopamine,C5H24N3O10,633.18,N/A,273.738,Lipid
Cholesterol,C18H6N0O2,518.18,13.21,580.714,Alcohol
Aspirin,C10H27N1O5,601.52,13.16,658.931,Organic Compound
Ethanol,C8H30N5O0,775.81,N/A,238.068,Organic Compound
Urea,C13H33N4O6,744.84,9.93,420.51,Carbohydrate
Urea,C12H39N3O2,490.51,9.61,352.04,Alcohol
Caffeine,C1H9N5O8,799.3,12.38,763.928,Neurotransmitter
Serotonin,C11H28N5O8,216.42,1.23,329.088,Lipid
Cholesterol,C3H26N0O9,519.68,8.5,648.826,Amide
Adrenaline,C1H2N1O5,585.39,9.07,381.198,Amide
Adenosine triphosphate,C2H23N5O6,274.55,12.4,606.762,Lipid
Cholesterol,C6H18N0O9,826.58,12.98,647.049,Nucleotide
Serotonin,C12H15N3O7,118.98,11.25,244.321,Neurotransmitter
Cholesterol,C9H7N5O6,454.35,9.92,661.525,Neurotransmitter
Ethanol,C16H34N1O1,644.63,2.07,864.067,Nucleotide
Ethanol,C8H26N3O6,81.35,11.79,108.179,Carbohydrate
Ethanol,C5H22N1O5,987.52,3.58,211.487,Amide
Adrenaline,C18H38N5O5,547.84,N/A,270.076,Nucleotide
Urea,C17H4N3O0,780.4,6.43,147.116,Organic Compound
Urea,C19H15N1O5,839.14,4.04,76.274,Alcohol
Serotonin,C20H7N4O1,329.67,7.77,563.694,Organic Compound
Caffeine,C4H21N4O5,658.71,5.83,7.869,Alkaloid
Adenosine triphosphate,C7H36N4O9,449.44,3.06,561.417,Lipid
Adenosine triphosphate,C16H18N3O1,581.78,10.47,775.486,Alcohol
Dopamine,C20H25N5O5,521.6,5.22,93.587,Amide
Adrenaline,C7H14N3O10,53.17,3.68,317.57,Neurotransmitter
Adenosine triphosphate,C3H24N0O4,941.11,3.21,179.64,Alkaloid
Caffeine,C12H40N1O9,598.85,13.03,907.161,Hormone
Ethanol,C10H23N3O10,879.46,1.53,888.774,Nucleotide
Urea,C16H11N0O0,141.64,6.98,861.925,Hormone
Adenosine triphosphate,C16H18N4O6,972.83,5.92,765.788,Carbohydrate
Urea,C13H24N3O10,66.31,3.34,939.853,Hormone
Caffeine,C7H28N4O3,98.97,2.34,852.708,Nucleotide
Urea,C18H17N0O8,115.02,8.54,632.434,Hormone
Serotonin,C14H27N2O10,920.63,12.9,607.719,Neurotransmitter
Ethanol,C13H31N1O9,711.69,9.72,775.373,Alcohol
Serotonin,C1H4N3O5,395.36,N/A,696.906,Lipid
Dopamine,C6H24N0O2,333.33,N/A,574.962,Alcohol
Ethanol,C17H1N2O4,220.37,9.77,678.871,Nucleotide
Aspirin,C1H30N4O9,542.57,12.82,905.648,Alkaloid
Urea,C6H31N5O4,735.63,12.61,743.646,Neurotransmitter
Cholesterol,C11H34N1O0,122.94,10.29,788.461,Organic Compound
Adenosine triphosphate,C8H20N3O6,679.01,1.34,171.49,Lipid
Adrenaline,C16H22N1O1,152.96,14.0,286.773,Lipid
Adrenaline,C14H19N5O5,642.39,6.66,352.835,Alkaloid
Caffeine,C2H1N1O10,377.1,4.65,916.938,Alcohol
Urea,C20H12N1O5,805.55,13.14,919.469,Amide
Glucose,C9H38N2O6,578.46,3.63,838.647,Amide
Ethanol,C20H10N2O9,620.66,13.23,707.303,Alcohol
Ethanol,C11H29N1O6,983.18,12.76,6.379,Alcohol
Adrenaline,C8H19N2O2,676.83,N/A,505.736,Carbohydrate
Urea,C12H30N0O10,240.37,11.34,767.566,Carbohydrate
Urea,C4H22N5O8,785.53,12.72,323.463,Alcohol
Glucose,C14H26N1O10,632.81,5.68,436.07,Nucleotide
Adrenaline,C5H3N1O3,986.84,3.82,838.887,Alkaloid
Adrenaline,C2H26N2O4,575.25,7.54,503.772,Alkaloid
Dopamine,C5H3N5O8,795.44,12.04,690.354,Carbohydrate
Aspirin,C12H17N0O1,670.56,5.83,828.459,Neurotransmitter
Caffeine,C14H29N1O5,273.48,1.59,53.202,Nucleotide
Aspirin,C19H11N5O8,284.15,N/A,284.199,Lipid
Urea,C7H29N3O4,70.21,N/A,325.691,Amide
Dopamine,C3H20N2O8,245.73,12.66,406.412,Hormone
Serotonin,C12H36N5O2,297.5,7.51,740.24,Neurotransmitter
Ethanol,C6H15N5O8,424.45,N/A,188.107,Alcohol
Caffeine,C3H36N5O9,143.62,N/A,906.613,Alkaloid
Adenosine triphosphate,C15H22N1O4,211.22,8.48,655.143,Alcohol
Glucose,C14H6N3O4,884.75,7.54,925.815,Hormone
Adrenaline,C14H32N3O7,357.51,5.94,46.983,Hormone
Dopamine,C4H28N2O6,384.36,6.41,524.803,Amide
Aspirin,C8H10N5O4,828.4,12.11,981.754,Nucleotide
Serotonin,C10H13N2O9,858.02,4.92,80.478,Amide
Caffeine,C12H17N4O4,503.1,12.54,656.219,Amide
Aspirin,C17H9N4O3,898.0,12.97,462.44,Nucleotide
Ethanol,C1H34N4O6,781.77,5.07,65.623,Amide
Caffeine,C6H20N5O4,954.38,N/A,967.962,Organic Compound
Ethanol,C7H31N1O9,689.3,N/A,180.026,Alkaloid
Adrenaline,C1H6N4O10,564.88,N/A,141.359,Alkaloid
Aspirin,C11H14N3O10,279.14,13.43,776.851,Carbohydrate
Adenosine triphosphate,C20H37N0O8,151.74,2.75,846.934,Organic Compound
Adrenaline,C3H16N0O6,338.1,3.66,432.847,Neurotransmitter
Ethanol,C1H23N4O0,692.53,4.58,498.141,Alkaloid
Serotonin,C18H8N0O4,644.33,N/A,886.888,Amide
Cholesterol,C20H3N2O2,122.24,4.37,209.473,Hormone
Urea,C16H21N3O6,127.64,13.83,597.589,Amide
Caffeine,C12H30N3O4,189.66,6.16,115.292,Amide
Cholesterol,C16H6N4O8,314.81,1.84,658.898,Alkaloid
Adrenaline,C15H12N1O7,823.59,12.51,520.317,Alkaloid
Adrenaline,C15H37N5O0,612.33,1.49,485.233,Alcohol
Adrenaline,C5H10N5O7,420.57,13.01,222.5,Alkaloid
Dopamine,C14H21N3O6,252.99,9.26,872.848,Alcohol
Cholesterol,C17H32N4O2,605.46,13.34,771.947,Lipid
Dopamine,C12H19N0O0,865.44,3.33,973.796,Amide
Caffeine,C9H7N2O7,211.77,9.15,45.84,Amide
Aspirin,C7H25N3O6,837.72,6.77,560.459,Carbohydrate
Adrenaline,C7H38N5O3,923.58,5.82,413.007,Carbohydrate
Adenosine triphosphate,C8H22N3O2,886.81,9.12,792.891,Alkaloid
Aspirin,C6H9N5O10,142.26,12.53,734.43,Carbohydrate
Urea,C20H7N3O6,624.92,8.03,77.47,Hormone
Ethanol,C4H34N4O1,620.91,7.0,809.175,Amide
Adenosine triphosphate,C3H24N2O0,212.47,13.13,732.531,Lipid
Cholesterol,C9H12N1O2,441.94,9.32,437.915,Lipid
Adenosine triphosphate,C5H6N0O5,409.27,4.23,685.396,Lipid
Glucose,C2H38N3O6,934.87,1.57,17.29,Carbohydrate
Dopamine,C14H13N4O8,808.75,N/A,677.812,Lipid
Glucose,C9H16N0O4,653.5,8.87,40.499,Neurotransmitter
Caffeine,C6H8N3O6,739.56,11.22,127.133,Organic Compound
Adenosine triphosphate,C16H30N2O0,85.33,10.49,871.115,Alcohol
Caffeine,C9H35N1O7,61.22,N/A,96.771,Carbohydrate
Dopamine,C13H22N1O1,975.09,8.59,529.875,Carbohydrate
Serotonin,C11H40N3O3,212.07,2.41,538.304,Neurotransmitter
Ethanol,C18H4N0O5,385.04,7.01,7.389,Alkaloid
Adenosine triphosphate,C10H1N0O2,125.02,N/A,811.367,Alkaloid
Urea,C14H3N2O7,639.25,6.97,547.584,Alcohol
Caffeine,C20H8N3O9,548.08,10.36,701.353,Hormone
Cholesterol,C11H18N3O0,954.48,N/A,768.266,Neurotransmitter
Dopamine,C9H15N2O4,156.26,7.54,976.072,Alkaloid
Urea,C19H19N0O8,266.09,13.88,254.038,Alcohol
Adrenaline,C16H17N5O4,724.87,11.96,14.841,Amide
Ethanol,C1H20N2O6,171.9,N/A,300.505,Neurotransmitter
Urea,C18H22N1O0,647.88,1.05,298.207,Hormone
Ethanol,C12H5N2O2,230.28,4.49,381.517,Hormone
Adenosine triphosphate,C12H10N4O2,171.74,4.35,968.139,Organic Compound
Adenosine triphosphate,C3H22N4O1,381.07,13.69,262.782,Alcohol
Caffeine,C15H37N4O7,617.73,4.21,523.99,Nucleotide
Serotonin,C15H11N1O2,680.6,N/A,608.907,Carbohydrate
Cholesterol,C7H22N2O10,748.74,9.53,389.098,Hormone
Adrenaline,C12H14N4O0,956.28,2.91,107.85,Nucleotide
Aspirin,C4H15N4O7,731.3,N/A,477.737,Carbohydrate
Ethanol,C1H37N4O1,307.57,11.37,289.682,Hormone
Adenosine triphosphate,C13H34N2O8,279.54,N/A,786.477,Carbohydrate
Ethanol,C18H28N4O3,558.81,4.14,276.507,Amide
Cholesterol,C19H10N1O6,940.22,N/A,365.743,Neurotransmitter
Adrenaline,C20H25N4O4,272.49,11.36,45.763,Nucleotide
Serotonin,C5H30N1O2,968.55,11.92,792.171,Carbohydrate
Caffeine,C4H4N3O1,264.15,11.81,680.72,Amide
Glucose,C6H22N1O2,572.73,N/A,521.498,Alkaloid
Aspirin,C16H27N4O6,519.95,1.14,760.662,Nucleotide
Aspirin,C2H29N4O4,159.18,6.79,280.933,Carbohydrate
Cholesterol,C13H7N4O0,89.78,9.56,441.035,Lipid
Adrenaline,C3H13N4O3,182.3,4.06,507.588,Alkaloid
Cholesterol,C14H5N2O4,754.1,12.81,512.535,Amide
Adrenaline,C11H19N1O3,971.8,8.27,370.202,Hormone
Cholesterol,C18H19N5O4,119.7,6.2,964.092,Amide
Aspirin,C17H16N1O7,940.79,1.85,592.619,Carbohydrate
Glucose,C16H36N0O7,355.45,N/A,940.181,Organic Compound
Caffeine,C2H22N1O8,62.98,9.45,118.918,Hormone
Cholesterol,C9H18N4O2,679.48,11.26,403.282,Alcohol
Glucose,C6H7N5O6,709.62,9.61,678.117,Organic Compound
Adenosine triphosphate,C8H35N3O3,497.23,4.76,411.43,Alkaloid
Glucose,C11H12N0O0,135.56,13.07,723.97,Carbohydrate
Caffeine,C7H29N3O4,664.43,5.21,588.387,Organic Compound
Serotonin,C12H30N1O4,384.09,9.04,886.493,Lipid
Aspirin,C7H3N4O9,707.04,4.09,292.989,Amide
Adenosine triphosphate,C5H34N0O6,127.9,2.03,825.848,Nucleotide
Ethanol,C17H19N0O8,346.15,N/A,34.399,Organic Compound
Adrenaline,C18H33N5O7,425.86,12.95,510.774,Carbohydrate
Caffeine,C5H16N5O1,561.07,N/A,963.608,Carbohydrate
Adenosine triphosphate,C12H35N1O0,465.36,9.92,616.701,Lipid
Dopamine,C11H31N3O1,762.25,11.09,382.149,Carbohydrate
Caffeine,C14H12N4O10,907.97,N/A,28.427,Hormone
Ethanol,C8H40N0O5,535.29,N/A,28.677,Carbohydrate
Serotonin,C5H33N5O6,607.4,5.54,448.117,Organic Compound
Caffeine,C15H33N3O9,450.36,4.81,745.821,Neurotransmitter
Adrenaline,C15H22N1O4,661.24,4.27,448.824,Hormone
Adenosine triphosphate,C14H19N0O8,450.07,11.44,111.523,Nucleotide
Serotonin,C2H23N3O1,197.58,N/A,627.549,Carbohydrate
Ethanol,C9H14N0O10,614.48,13.37,290.245,Amide
Caffeine,C12H4N4O7,406.24,5.37,342.539,Alkaloid
Urea,C2H11N5O3,732.74,8.61,952.07,Nucleotide
Serotonin,C10H39N3O2,139.63,4.05,161.086,Amide
Serotonin,C15H19N0O0,984.85,11.27,910.417,Organic Compound
Adrenaline,C18H26N3O0,300.32,2.01,844.341,Carbohydrate
Aspirin,C7H8N5O2,654.58,13.19,985.479,Lipid
Ethanol,C15H25N1O0,102.53,7.24,719.469,Alcohol
Urea,C4H1N2O10,843.14,8.34,69.208,Alkaloid
Adenosine triphosphate,C1H33N1O10,797.07,13.01,825.408,Neurotransmitter
Dopamine,C10H24N1O10,114.1,7.21,97.485,Nucleotide
Adenosine triphosphate,C6H17N3O1,163.27,N/A,814.049,Hormone
Aspirin,C18H7N2O6,977.77,5.09,39.48,Organic Compound
Caffeine,C12H8N3O4,538.35,12.11,172.515,Nucleotide
Caffeine,C11H7N2O3,694.46,12.17,43.572,Nucleotide
Adenosine triphosphate,C3H12N3O3,841.16,13.18,939.384,Alkaloid
Serotonin,C11H13N1O8,312.47,7.32,525.401,Nucleotide
Caffeine,C15H36N4O5,250.54,5.37,324.748,Nucleotide
Serotonin,C8H19N0O8,960.7,N/A,449.994,Hormone
Urea,C9H9N3O2,299.92,N/A,657.847,Organic Compound
Serotonin,C18H18N1O4,396.54,3.64,176.883,Organic Compound
Serotonin,C12H24N4O1,887.8,10.38,968.24,Amide
Glucose,C13H6N2O5,331.24,10.29,535.395,Alkaloid
Ethanol,C4H12N2O1,710.26,6.56,213.223,Lipid
Urea,C19H1N5O2,525.08,10.49,723.957,Carbohydrate
Aspirin,C20H26N5O2,549.85,11.66,92.23,Lipid
Glucose,C12H24N0O8,631.83,6.76,755.705,Alcohol
Serotonin,C18H2N1O7,110.37,N/A,4.715,Carbohydrate
Cholesterol,C1H26N3O6,433.45,N/A,465.748,Alcohol
Cholesterol,C16H26N1O7,483.1,10.73,913.038,Carbohydrate
Urea,C8H25N3O6,748.22,2.11,747.818,Hormone
Glucose,C13H28N5O10,837.42,8.14,387.648,Organic Compound
Serotonin,C10H26N4O10,312.26,1.71,715.885,Alcohol
Glucose,C9H12N4O1,417.92,13.09,211.37,Organic Compound
Caffeine,C4H7N4O5,207.81,8.97,823.803,Organic Compound
Urea,C5H21N2O6,633.27,12.49,460.142,Carbohydrate
Serotonin,C17H5N1O1,67.84,10.23,344.832,Carbohydrate
Glucose,C16H22N0O9,828.12,N/A,661.633,Alcohol
Cholesterol,C16H13N0O5,804.38,13.61,414.926,Carbohydrate
Adrenaline,C1H28N2O5,559.84,4.15,281.434,Carbohydrate
Caffeine,C6H18N0O2,866.62,N/A,877.652,Alkaloid
Adenosine triphosphate,C15H39N5O10,399.29,3.61,827.343,Amide
Caffeine,C6H26N2O1,136.79,1.14,264.668,Hormone
Ethanol,C3H21N1O8,725.58,10.35,16.915,Carbohydrate
Aspirin,C10H24N1O8,978.24,12.66,764.983,Alcohol
Dopamine,C12H23N0O4,179.91,12.31,233.359,Hormone
Ethanol,C9H2N5O3,621.33,9.18,886.731,Alkaloid
Dopamine,C5H9N4O9,943.54,N/A,655.778,Organic Compound
Serotonin,C18H15N3O6,472.93,4.22,748.562,Neurotransmitter
Dopamine,C15H18N3O10,519.22,3.56,848.878,Neurotransmitter
Cholesterol,C14H6N1O0,981.4,8.3,676.828,Hormone
Serotonin,C11H7N1O3,179.18,12.55,275.748,Carbohydrate
Dopamine,C11H30N3O1,897.25,4.86,536.782,Alcohol
Dopamine,C13H23N3O8,179.51,10.37,711.647,Neurotransmitter
Serotonin,C4H7N4O10,618.49,11.7,483.182,Amide
Aspirin,C12H36N5O8,629.65,1.95,818.381,Carbohydrate
Aspirin,C9H7N1O6,124.94,11.51,933.191,Lipid
Ethanol,C17H8N2O7,387.47,1.41,265.928,Carbohydrate
Caffeine,C4H37N1O2,770.85,2.1,936.674,Lipid
Caffeine,C8H37N5O7,511.78,1.46,3.928,Alkaloid
Glucose,C13H8N3O8,503.18,13.65,463.784,Amide
Caffeine,C4H34N2O3,479.77,6.3,684.26,Lipid
Dopamine,C10H17N4O7,374.99,2.96,226.318,Neurotransmitter
Aspirin,C20H34N3O8,904.43,8.13,414.821,Hormone
Glucose,C8H14N3O5,217.83,1.81,311.845,Nucleotide
Aspirin,C3H14N4O10,912.51,3.85,764.435,Alcohol
Cholesterol,C18H31N1O5,604.01,3.34,193.037,Lipid
Cholesterol,C6H28N4O3,89.3,8.79,800.695,Amide
Cholesterol,C15H8N0O7,845.81,10.74,196.967,Carbohydrate
Glucose,C8H7N4O3,251.91,10.06,283.05,Neurotransmitter
Adrenaline,C4H23N2O1,594.64,N/A,619.269,Lipid
Adrenaline,C7H16N1O10,362.18,5.64,439.521,Amide
Serotonin,C18H38N3O0,243.7,11.77,779.257,Alcohol
Cholesterol,C14H39N1O5,593.34,7.25,454.344,Nucleotide
Caffeine,C17H18N4O7,431.24,13.68,498.237,Carbohydrate
Adenosine triphosphate,C1H3N0O1,512.58,9.31,412.096,Neurotransmitter
Aspirin,C12H10N0O9,326.11,N/A,506.842,Neurotransmitter
Caffeine,C5H35N0O3,687.76,7.42,814.472,Neurotransmitter
Adenosine triphosphate,C14H38N2O0,548.56,N/A,880.415,Nucleotide
Adenosine triphosphate,C8H16N3O10,472.73,11.12,873.735,Nucleotide
Adrenaline,C3H27N1O5,266.18,5.52,734.777,Alkaloid
Ethanol,C14H39N3O10,514.45,6.88,669.18,Alcohol
Glucose,C13H35N3O1,772.98,6.43,774.381,Nucleotide
Glucose,C19H34N0O9,826.39,12.89,63.547,Hormone
Aspirin,C17H32N5O10,399.55,N/A,890.015,Carbohydrate
Ethanol,C7H17N4O2,272.43,N/A,954.74,Organic Compound
Caffeine,C1H24N1O1,680.77,7.89,173.508,Lipid
Dopamine,C16H33N2O5,783.66,1.34,842.857,Amide
Adrenaline,C3H25N4O1,680.8,9.46,524.114,Amide
Ethanol,C10H3N4O0,267.05,6.92,136.932,Amide
Adrenaline,C12H23N4O2,257.52,N/A,803.427,Nucleotide
Adenosine triphosphate,C7H24N4O9,632.42,8.1,762.671,Hormone
Serotonin,C14H22N5O8,163.48,3.6,898.807,Alkaloid
Adenosine triphosphate,C14H23N5O8,960.21,2.52,594.617,Alcohol
Glucose,C16H26N2O1,551.37,1.9,397.625,Alkaloid
Serotonin,C20H27N2O0,55.8,9.2,907.654,Alcohol
Ethanol,C3H10N0O4,444.07,N/A,848.36,Lipid
Caffeine,C16H35N5O7,867.84,9.25,219.461,Neurotransmitter
Adenosine triphosphate,C16H5N1O1,246.06,3.21,60.869,Amide
Aspirin,C4H26N1O8,350.24,2.14,723.869,Neurotransmitter
Urea,C3H11N1O0,147.38,5.8,2.862,Organic Compound
Adrenaline,C8H31N3O6,714.29,8.74,519.371,Carbohydrate
Ethanol,C10H11N5O8,280.96,N/A,848.344,Hormone
Caffeine,C8H12N0O1,698.93,1.92,839.746,Carbohydrate
Glucose,C16H20N3O5,757.75,3.54,335.486,Amide
Caffeine,C10H39N5O2,915.54,2.31,361.969,Hormone
Cholesterol,C7H35N1O1,251.15,9.71,506.821,Alkaloid
Adrenaline,C12H38N0O0,305.1,6.45,867.687,Carbohydrate
Serotonin,C13H38N5O5,627.7,5.0,714.586,Hormone
Ethanol,C11H32N3O5,912.88,10.89,596.894,Carbohydrate
Caffeine,C18H31N5O8,553.71,N/A,504.077,Alcohol
Glucose,C7H3N1O1,127.5,6.63,354.318,Nucleotide
Dopamine,C18H12N2O8,910.37,9.12,544.783,Alcohol
Adenosine triphosphate,C19H12N2O0,558.69,4.5,739.11,Alkaloid
Adrenaline,C17H11N1O5,407.09,N/A,209.426,Neurotransmitter
Cholesterol,C13H17N3O6,716.26,N/A,12.737,Amide
Adenosine triphosphate,C1H4N2O8,769.74,13.41,205.895,Alcohol
Serotonin,C10H31N5O9,532.17,10.16,520.474,Amide
Cholesterol,C3H22N0O0,904.79,12.94,227.981,Amide
Urea,C4H34N4O2,784.59,13.37,708.945,Neurotransmitter
Serotonin,C7H19N2O5,757.78,9.33,853.947,Alcohol
Cholesterol,C13H20N1O1,764.36,11.02,136.603,Amide
Adrenaline,C13H38N2O0,508.96,3.94,204.787,Alkaloid
Serotonin,C19H18N0O0,469.12,4.04,679.922,Carbohydrate
Dopamine,C14H6N5O4,535.6,9.07,27.672,Lipid
Glucose,C8H25N0O10,127.5,7.28,187.559,Organic Compound
Cholesterol,C18H37N5O6,299.18,1.46,450.027,Alcohol
Caffeine,C10H7N3O5,196.61,7.58,37.676,Alcohol
Caffeine,C3H8N4O4,77.94,4.73,301.938,Neurotransmitter
Adenosine triphosphate,C16H22N0O1,464.66,11.87,412.962,Carbohydrate
Dopamine,C8H13N1O0,852.26,1.41,975.382,Nucleotide
Aspirin,C18H32N0O8,367.16,11.47,929.221,Lipid
Serotonin,C3H32N2O2,838.83,N/A,334.671,Alkaloid
Urea,C11H20N0O1,371.15,10.72,175.53,Nucleotide
Glucose,C10H31N3O5,524.61,2.52,392.89,Neurotransmitter
Adenosine triphosphate,C10H1N3O2,504.63,1.14,371.162,Carbohydrate
Serotonin,C1H14N3O0,740.41,2.98,625.494,Alkaloid
Urea,C12H5N3O8,524.98,13.04,250.564,Lipid
Cholesterol,C15H17N2O8,851.81,N/A,781.091,Nucleotide
Ethanol,C16H10N4O3,73.16,9.2,763.236,Hormone
Dopamine,C1H30N4O10,177.18,N/A,237.806,Hormone
Dopamine,C18H29N4O2,633.83,13.46,605.666,Organic Compound
Dopamine,C5H27N4O1,592.28,13.05,604.565,Lipid
Adenosine triphosphate,C18H16N3O2,436.23,6.19,463.657,Alcohol
Serotonin,C6H17N4O4,994.28,4.86,782.959,Organic Compound
Aspirin,C15H39N3O2,373.41,7.22,492.327,Alcohol
Ethanol,C2H38N3O7,92.75,8.57,471.08,Alkaloid
Urea,C18H32N0O6,607.12,N/A,410.76,Alcohol
Dopamine,C20H1N1O8,625.83,11.29,633.529,Alkaloid
Ethanol,C19H31N3O10,53.85,N/A,237.777,Neurotransmitter
Adenosine triphosphate,C7H12N4O6,717.89,4.35,350.624,Lipid
Glucose,C1H35N3O8,809.51,8.62,875.344,Nucleotide
Cholesterol,C15H40N0O6,529.94,12.08,669.162,Alkaloid
Glucose,C8H39N1O1,989.41,5.01,700.737,Organic Compound
Ethanol,C13H13N2O7,827.15,1.14,121.569,Lipid
Caffeine,C11H32N0O1,719.03,7.64,437.885,Carbohydrate
Aspirin,C14H35N1O1,686.36,1.5,469.124,Hormone
Cholesterol,C6H16N3O2,620.93,N/A,1.29,Carbohydrate
Serotonin,C15H13N1O10,846.4,3.47,390.673,Lipid
Serotonin,C14H20N0O4,379.56,11.24,414.253,Alcohol
Serotonin,C19H11N3O1,649.8,6.9,559.533,Carbohydrate
Adrenaline,C19H19N5O4,82.6,11.45,729.237,Neurotransmitter
Ethanol,C10H20N5O1,818.54,13.01,502.737,Neurotransmitter
Urea,C10H24N3O10,591.99,9.84,22.603,Neurotransmitter
Aspirin,C14H27N4O1,88.14,6.07,532.65,Alkaloid
Aspirin,C1H27N0O0,686.04,7.27,797.964,Lipid
Cholesterol,C3H38N0O5,796.98,8.68,997.219,Alcohol
Adenosine triphosphate,C17H14N0O0,858.5,4.46,596.415,Organic Compound
Adrenaline,C14H13N4O1,925.83,7.66,44.044,Alkaloid
Adenosine triphosphate,C16H13N5O2,888.47,11.15,458.493,Hormone
Glucose,C14H2N3O2,676.97,7.23,222.934,Organic Compound
Serotonin,C2H8N5O10,712.88,3.22,428.913,Carbohydrate
Dopamine,C2H11N2O10,857.18,7.25,644.325,Alcohol
Adenosine triphosphate,C17H2N2O4,235.13,7.82,373.278,Alkaloid
Aspirin,C19H3N2O8,902.18,11.67,771.531,Alkaloid
Cholesterol,C3H34N4O3,648.55,9.5,379.056,Alkaloid
Glucose,C12H39N3O9,949.68,2.08,300.088,Amide
Glucose,C11H7N1O2,681.59,3.99,659.055,Carbohydrate
Adenosine triphosphate,C6H7N4O2,655.55,4.99,532.371,Hormone
Caffeine,C14H25N4O7,515.13,7.86,845.376,Nucleotide
Urea,C3H16N5O2,944.92,N/A,680.143,Nucleotide
Cholesterol,C1H1N3O9,384.57,3.07,627.158,Organic Compound
Dopamine,C7H12N3O9,688.42,9.52,314.731,Amide
Glucose,C15H9N3O10,830.54,8.63,507.654,Nucleotide
Ethanol,C18H2N5O9,648.46,2.26,530.564,Neurotransmitter
Dopamine,C11H32N5O9,867.92,2.75,810.973,Organic Compound
Adrenaline,C12H25N4O1,268.49,1.32,606.232,Organic Compound
Adenosine triphosphate,C2H22N5O3,414.76,N/A,309.928,Organic Compound
Urea,C14H31N5O2,679.68,9.91,340.954,Alcohol
Dopamine,C19H23N4O9,916.43,9.62,874.545,Alcohol
Ethanol,C18H39N0O10,881.53,13.82,648.791,Amide
Ethanol,C11H13N3O2,118.73,5.1,467.862,Nucleotide
Cholesterol,C8H13N2O0,586.01,9.64,961.447,Carbohydrate
Urea,C9H16N2O1,856.0,7.55,483.022,Carbohydrate
Urea,C5H16N0O7,728.3,6.09,419.3,Amide
Caffeine,C4H10N4O5,804.76,4.75,80.93,Neurotransmitter
Glucose,C8H22N3O5,225.95,N/A,952.394,Amide
Caffeine,C1H20N1O6,307.33,6.07,348.434,Alcohol
Serotonin,C5H1N0O0,93.73,9.58,929.011,Nucleotide
Serotonin,C7H6N3O7,751.66,N/A,150.492,Nucleotide
Glucose,C14H6N1O7,220.82,N/A,107.987,Carbohydrate
Caffeine,C18H31N4O1,1000.0,8.69,189.998,Organic Compound
Caffeine,C4H22N4O2,165.42,8.99,659.023,Alcohol
Adenosine triphosphate,C18H32N4O9,996.94,10.29,175.249,Nucleotide
Caffeine,C14H8N5O6,332.11,6.88,983.14,Alkaloid
Adenosine triphosphate,C4H12N1O9,691.41,2.01,421.626,Hormone
Adenosine triphosphate,C11H30N3O2,237.37,7.26,114.28,Alcohol
Aspirin,C16H22N3O4,102.31,10.41,610.835,Alcohol
Serotonin,C12H34N5O9,654.71,12.15,38.265,Lipid
Caffeine,C13H35N3O2,423.48,9.94,212.099,Carbohydrate
Dopamine,C11H20N0O2,95.54,4.06,245.861,Alkaloid
Cholesterol,C12H31N1O10,686.43,13.17,440.034,Nucleotide
Aspirin,C1H29N1O0,205.07,N/A,457.162,Neurotransmitter
Ethanol,C10H11N3O7,320.33,11.44,258.018,Alcohol
Adrenaline,C19H14N1O1,267.83,7.6,49.082,Lipid
Serotonin,C20H40N1O10,437.75,8.74,832.979,Nucleotide
Ethanol,C20H37N3O5,298.57,11.33,491.789,Organic Compound
Caffeine,C20H6N1O4,620.3,4.05,739.336,Alkaloid
Aspirin,C14H33N5O10,141.51,4.61,350.962,Lipid
Caffeine,C8H4N0O9,710.94,9.57,471.534,Organic Compound
Aspirin,C14H2N2O9,699.99,6.2,939.194,Carbohydrate
Cholesterol,C19H6N3O9,988.82,10.3,103.457,Hormone
Glucose,C8H8N5O2,717.92,3.23,570.595,Alcohol
Aspirin,C12H4N1O1,65.84,10.93,136.657,Alcohol
Serotonin,C5H34N2O0,794.59,3.96,868.017,Carbohydrate
Glucose,C4H28N2O3,726.21,10.94,902.608,Carbohydrate
Adrenaline,C7H13N2O8,761.7,5.24,122.439,Hormone
Aspirin,C9H14N3O3,176.66,3.27,687.689,Hormone
Urea,C12H9N3O0,235.28,12.19,30.944,Alcohol
Urea,C16H34N4O2,131.34,8.15,60.15,Amide
Cholesterol,C11H37N4O1,259.49,11.98,519.252,Hormone
Ethanol,C15H13N2O0,582.3,6.36,138.365,Lipid
Caffeine,C12H17N2O4,289.96,9.97,299.092,Carbohydrate
Aspirin,C10H25N5O5,443.56,N/A,916.676,Hormone
Caffeine,C5H10N1O9,181.03,7.0,368.839,Neurotransmitter
Adenosine triphosphate,C13H36N5O4,764.59,12.88,977.547,Organic Compound
Cholesterol,C6H31N1O3,347.79,7.83,897.027,Hormone
Dopamine,C15H34N3O0,533.1,9.53,242.172,Nucleotide
Caffeine,C6H2N5O9,963.48,13.85,81.794,Carbohydrate
Dopamine,C10H2N3O4,314.7,6.5,874.961,Hormone
Ethanol,C14H34N5O3,888.41,1.08,624.574,Alkaloid
Adrenaline,C14H2N4O3,546.53,1.86,895.436,Lipid
Glucose,C2H16N0O10,568.66,5.85,981.363,Neurotransmitter
Adenosine triphosphate,C17H26N3O3,257.0,7.6,438.649,Carbohydrate
Serotonin,C20H30N3O4,951.74,5.47,812.651,Alkaloid
Adrenaline,C7H22N4O1,156.23,9.99,655.943,Lipid
Caffeine,C4H22N5O6,177.43,1.05,910.384,Lipid
Cholesterol,C18H4N1O10,857.83,7.82,58.078,Organic Compound
Urea,C2H8N0O6,433.9,8.22,364.873,Amide
Serotonin,C2H21N1O7,553.17,12.58,754.541,Carbohydrate
Cholesterol,C1H14N0O0,128.85,2.53,987.511,Alcohol
Dopamine,C12H22N4O4,864.48,9.44,10.393,Lipid
Urea,C9H6N4O7,761.67,N/A,840.021,Amide
Adrenaline,C2H2N2O8,674.96,9.16,434.81,Organic Compound
Dopamine,C2H8N3O1,277.64,N/A,963.382,Nucleotide
Ethanol,C5H22N4O6,627.4,N/A,158.734,Neurotransmitter
Urea,C11H13N4O2,677.35,8.82,613.071,Alcohol
Urea,C17H39N3O10,835.26,1.42,836.748,Lipid
Dopamine,C20H29N5O6,528.61,N/A,476.32,Alcohol
Caffeine,C5H8N0O0,550.58,13.88,758.078,Alcohol
Adrenaline,C18H1N5O8,892.48,12.56,592.237,Carbohydrate
Adenosine triphosphate,C15H36N1O4,72.04,N/A,47.582,Alcohol
Caffeine,C14H17N0O6,598.79,N/A,946.322,Nucleotide
Dopamine,C3H39N1O10,736.86,9.85,883.088,Lipid
Adrenaline,C20H19N1O8,959.87,N/A,307.671,Carbohydrate
Aspirin,C20H40N1O10,551.76,7.27,458.808,Neurotransmitter
Aspirin,C6H21N4O0,987.9,13.33,573.552,Neurotransmitter
Glucose,C16H24N2O2,119.42,10.9,487.958,Amide
Adrenaline,C16H14N4O5,256.18,9.46,534.955,Neurotransmitter
Glucose,C1H38N1O4,749.78,12.81,10.159,Organic Compound
Urea,C12H10N2O3,401.9,8.73,713.975,Organic Compound
Aspirin,C15H35N1O8,261.06,6.68,176.942,Hormone
Urea,C4H25N0O5,569.16,8.87,804.613,Neurotransmitter
Dopamine,C19H30N2O6,236.28,13.39,145.734,Neurotransmitter
Ethanol,C7H14N5O6,249.31,N/A,955.72,Alcohol
Dopamine,C20H6N2O8,380.39,1.72,196.911,Alcohol
Caffeine,C3H11N3O2,61.0,12.92,311.222,Hormone
Adrenaline,C9H10N0O0,129.53,N/A,52.156,Carbohydrate
Caffeine,C5H11N4O7,741.56,9.24,958.029,Hormone
Serotonin,C1H36N0O2,814.95,12.5,106.24,Organic Compound
Cholesterol,C1H34N4O1,766.13,1.97,289.285,Carbohydrate
Serotonin,C3H23N4O9,606.07,N/A,733.091,Nucleotide
Adenosine triphosphate,C2H24N2O2,705.48,N/A,879.598,Hormone
Glucose,C18H18N2O8,913.23,N/A,949.596,Nucleotide
Glucose,C4H13N3O5,825.15,6.62,718.209,Nucleotide
Cholesterol,C6H17N5O8,682.53,6.35,716.617,Amide
Adrenaline,C15H33N2O10,214.15,3.38,335.324,Neurotransmitter
Dopamine,C17H40N0O7,55.93,5.4,913.473,Organic Compound
Ethanol,C7H24N3O0,184.93,11.79,444.941,Nucleotide
Dopamine,C17H27N0O5,648.25,4.29,697.473,Alkaloid
Adenosine triphosphate,C8H34N2O0,711.59,5.11,716.203,Nucleotide
Glucose,C20H16N0O4,180.95,N/A,401.858,Nucleotide
Serotonin,C18H29N4O8,156.51,13.12,17.548,Neurotransmitter
Urea,C16H5N3O8,958.59,11.45,400.316,Nucleotide
Cholesterol,C7H20N1O0,255.98,N/A,821.867,Neurotransmitter
Ethanol,C5H35N2O5,870.94,1.75,110.99,Alkaloid
Aspirin,C7H13N3O1,323.21,12.78,116.738,Hormone
Cholesterol,C13H3N1O0,647.58,13.71,121.71,Carbohydrate
Adrenaline,C14H20N2O4,507.59,12.22,932.661,Alkaloid
Adenosine triphosphate,C2H2N4O5,475.91,12.6,276.403,Lipid
Urea,C17H22N1O1,747.78,5.46,191.843,Carbohydrate
Cholesterol,C16H38N2O10,673.67,8.95,267.986,Carbohydrate
Serotonin,C16H18N4O2,741.39,2.43,546.725,Neurotransmitter
Cholesterol,C9H11N0O5,320.26,2.86,155.027,Hormone
Dopamine,C12H5N5O5,695.52,10.36,58.3,Amide
Urea,C13H23N3O10,613.8,1.42,334.73,Alcohol
Cholesterol,C14H34N3O2,884.26,N/A,287.055,Neurotransmitter
Adenosine triphosphate,C16H35N2O4,168.7,13.34,417.035,Alcohol
Cholesterol,C7H4N1O7,227.95,1.95,686.071,Neurotransmitter
Caffeine,C10H32N4O6,947.28,2.65,532.629,Hormone
Urea,C2H38N3O0,604.01,13.18,992.146,Hormone
Dopamine,C20H40N5O1,171.25,9.53,241.198,Alcohol
Caffeine,C18H19N3O6,577.42,11.19,56.089,Neurotransmitter
Serotonin,C5H12N4O5,292.14,12.29,489.688,Neurotransmitter
Aspirin,C9H3N5O5,63.32,11.26,144.11,Nucleotide
Ethanol,C9H17N5O2,861.25,N/A,709.409,Carbohydrate
Serotonin,C17H24N1O8,328.84,5.64,780.012,Lipid
Urea,C1H7N1O9,857.87,12.84,642.989,Nucleotide
Adrenaline,C2H33N5O6,222.27,10.33,607.757,Neurotransmitter
Glucose,C9H28N0O10,404.28,8.64,888.1,Alkaloid
Caffeine,C5H24N3O2,817.43,6.37,174.596,Lipid
Caffeine,C5H33N5O4,104.93,2.71,521.633,Alcohol
Adrenaline,C2H1N0O5,479.74,6.75,291.111,Nucleotide
Dopamine,C19H39N2O5,59.25,7.19,844.825,Lipid
Dopamine,C18H34N4O6,480.94,10.64,630.557,Alkaloid
Caffeine,C19H36N5O8,467.99,11.49,655.376,Carbohydrate
Urea,C9H11N3O7,581.08,N/A,55.441,Neurotransmitter
Serotonin,C10H13N4O3,364.86,2.45,913.752,Alkaloid
Serotonin,C6H17N5O6,759.61,1.86,294.601,Nucleotide
Caffeine,C5H21N2O6,776.69,3.26,245.372,Nucleotide
Dopamine,C8H5N4O6,791.85,3.33,334.228,Alkaloid
Urea,C11H2N0O5,908.55,6.99,102.586,Alkaloid
Aspirin,C18H37N3O2,577.67,13.92,589.996,Lipid
Urea,C15H8N5O7,784.98,11.67,337.46,Alkaloid
Serotonin,C17H31N3O1,62.1,N/A,745.607,Alcohol
Adrenaline,C11H14N4O6,403.17,10.96,212.01,Nucleotide
Dopamine,C18H37N4O10,491.8,N/A,2.231,Amide
Aspirin,C17H5N5O2,335.82,6.32,211.927,Alcohol
Dopamine,C2H28N5O1,459.61,N/A,643.193,Nucleotide
Ethanol,C10H38N1O0,942.82,N/A,83.105,Neurotransmitter
Glucose,C16H13N0O10,147.11,12.38,290.127,Neurotransmitter
Adrenaline,C3H40N0O6,509.57,N/A,596.301,Carbohydrate
Serotonin,C6H24N0O9,547.29,7.67,19.747,Organic Compound
Urea,C4H24N1O5,544.59,11.41,587.149,Lipid
Urea,C4H10N1O5,326.15,10.86,815.223,Alkaloid
Aspirin,C5H18N5O10,982.11,4.03,344.081,Alcohol
Glucose,C11H38N1O9,393.3,10.07,26.81,Carbohydrate
Adenosine triphosphate,C12H27N4O6,247.92,2.47,494.786,Amide
Glucose,C15H19N1O1,951.47,10.08,501.485,Alkaloid
Aspirin,C17H9N0O9,829.78,2.93,448.748,Alcohol
Urea,C16H28N3O1,289.47,2.72,234.613,Hormone
Glucose,C2H21N3O9,494.31,1.62,608.352,Amide
Adrenaline,C8H3N5O6,234.21,6.23,495.31,Neurotransmitter
Adenosine triphosphate,C11H9N0O6,795.2,1.56,242.771,Amide
Adrenaline,C10H30N3O4,917.5,3.94,353.911,Amide
Caffeine,C12H6N0O7,54.4,N/A,582.05,Alkaloid
Ethanol,C13H24N4O9,433.88,N/A,885.065,Neurotransmitter
Adrenaline,C16H29N3O5,794.93,N/A,22.37,Alkaloid
Urea,C13H28N3O9,169.78,6.33,201.705,Lipid
Adrenaline,C19H3N2O6,686.97,4.03,560.174,Neurotransmitter
Adrenaline,C7H38N3O4,739.01,8.85,175.156,Neurotransmitter
Aspirin,C8H14N3O9,83.69,3.96,460.619,Lipid
Serotonin,C17H28N3O2,444.13,9.75,652.586,Carbohydrate
Serotonin,C20H14N5O9,856.57,12.04,314.371,Alkaloid
Adenosine triphosphate,C1H7N2O1,649.32,N/A,305.145,Organic Compound
Urea,C8H12N1O4,806.11,10.65,15.352,Neurotransmitter
Urea,C7H23N3O0,721.23,7.62,419.87,Alkaloid
Aspirin,C15H15N4O0,869.72,3.71,935.831,Hormone
Ethanol,C7H4N5O9,772.0,7.99,260.05,Hormone
Dopamine,C5H34N4O10,882.86,8.01,334.492,Nucleotide
Ethanol,C9H29N1O3,447.5,13.59,745.704,Neurotransmitter
Caffeine,C20H24N4O8,770.85,5.39,666.679,Amide
Cholesterol,C14H19N1O0,316.74,12.48,75.909,Hormone
Dopamine,C10H2N3O8,825.93,N/A,257.767,Alkaloid
Aspirin,C5H15N5O3,416.82,6.54,875.816,Hormone
Dopamine,C2H38N4O1,77.2,8.57,958.953,Carbohydrate
Dopamine,C6H13N5O7,643.3,10.37,198.63,Neurotransmitter
Dopamine,C20H34N0O1,102.38,4.16,763.904,Nucleotide
Urea,C8H14N2O7,165.09,10.1,399.459,Amide
Caffeine,C20H14N2O5,648.62,3.88,309.495,Lipid
Aspirin,C18H33N5O6,556.5,3.35,999.559,Carbohydrate
Urea,C19H29N0O9,445.19,N/A,386.706,Amide
Urea,C14H40N1O9,151.75,1.02,847.846,Amide
Adrenaline,C5H1N5O8,194.58,2.5,209.07,Hormone
Urea,C10H18N1O7,811.0,7.79,265.203,Alkaloid
Aspirin,C10H1N5O7,697.78,N/A,339.663,Hormone
Adenosine triphosphate,C20H25N1O4,54.31,4.13,240.012,Neurotransmitter
Cholesterol,C7H20N3O7,651.94,4.23,610.316,Neurotransmitter
Adrenaline,C9H5N2O0,99.13,N/A,450.942,Alkaloid
Adrenaline,C9H32N0O2,901.34,N/A,729.414,Alcohol
Cholesterol,C16H21N3O3,902.54,11.46,29.437,Lipid
Urea,C15H20N4O3,886.42,8.92,503.271,Organic Compound
Serotonin,C5H22N3O1,935.86,1.68,359.367,Alcohol
Dopamine,C20H2N1O0,247.06,4.51,889.662,Alkaloid
Dopamine,C19H24N2O8,105.01,3.39,42.163,Alkaloid
Aspirin,C15H38N2O6,146.74,N/A,568.121,Nucleotide
Adenosine triphosphate,C3H11N4O2,942.11,N/A,572.7,Alcohol
Glucose,C20H27N1O2,521.99,5.66,561.617,Carbohydrate
Adrenaline,C20H38N0O6,704.59,11.43,825.164,Alkaloid
Urea,C9H5N4O7,805.36,2.19,378.716,Alcohol
Urea,C14H19N0O3,218.36,12.35,986.807,Amide
Adrenaline,C4H4N0O0,778.3,5.37,250.885,Nucleotide
Cholesterol,C18H35N5O4,481.46,N/A,794.058,Neurotransmitter
Adrenaline,C12H32N1O10,261.24,10.55,801.461,Alkaloid
Cholesterol,C15H36N5O0,164.43,N/A,908.706,Neurotransmitter
Aspirin,C16H21N0O10,760.83,9.03,34.594,Hormone
Cholesterol,C3H12N2O4,200.0,N/A,351.665,Hormone
Cholesterol,C2H29N3O1,999.58,3.26,48.168,Amide
Glucose,C5H30N5O10,418.93,3.12,903.01,Amide
Adenosine triphosphate,C3H40N0O1,178.59,8.79,604.956,Carbohydrate
Adenosine triphosphate,C17H25N2O2,255.74,5.7,991.448,Lipid
Serotonin,C14H18N1O0,288.0,12.38,934.69,Amide
Dopamine,C12H20N2O9,628.02,9.26,57.697,Amide
Serotonin,C20H5N4O9,925.79,13.89,453.725,Alkaloid
Adrenaline,C14H23N0O1,429.73,13.47,270.4,Carbohydrate
Urea,C5H29N0O5,815.48,12.27,347.976,Carbohydrate
Glucose,C19H35N3O3,478.95,6.38,480.75,Lipid
Cholesterol,C4H36N4O6,207.3,13.3,806.908,Hormone
Glucose,C3H34N0O9,68.44,4.3,639.158,Alcohol
Dopamine,C4H15N1O3,504.72,N/A,534.216,Alkaloid
Adenosine triphosphate,C7H13N3O6,367.62,5.4,906.355,Hormone
Glucose,C18H9N5O0,173.55,5.31,548.974,Carbohydrate
Cholesterol,C13H30N3O9,870.78,12.2,343.426,Alcohol
Dopamine,C18H15N0O10,408.94,5.48,785.7,Carbohydrate
Serotonin,C20H5N0O9,355.09,2.17,945.881,Neurotransmitter
Serotonin,C20H35N1O8,437.03,11.73,369.432,Hormone
Ethanol,C11H38N3O9,780.31,11.28,168.557,Alcohol
Aspirin,C6H3N5O10,422.86,N/A,182.091,Nucleotide
Adrenaline,C7H18N1O2,461.22,5.43,801.899,Alcohol
Adrenaline,C2H29N3O9,935.15,N/A,940.981,Nucleotide
Caffeine,C13H6N0O2,417.06,1.34,956.652,Hormone
Adenosine triphosphate,C18H17N4O7,437.47,N/A,54.438,Alkaloid
Adrenaline,C19H36N2O2,560.82,8.01,833.251,Lipid
Aspirin,C2H1N0O10,666.6,N/A,363.827,Organic Compound
Ethanol,C15H27N3O3,432.41,4.47,471.014,Alcohol
Adenosine triphosphate,C3H38N3O2,97.53,5.39,755.179,Organic Compound
Adrenaline,C8H12N3O5,360.51,5.86,527.857,Neurotransmitter
Dopamine,C15H6N1O4,977.53,N/A,812.795,Alcohol
Dopamine,C16H20N1O9,803.48,5.34,519.316,Alcohol
Aspirin,C12H3N4O5,431.45,7.02,869.546,Organic Compound
Cholesterol,C20H25N3O1,486.96,N/A,325.027,Alkaloid
Dopamine,C18H22N5O1,415.53,6.42,730.268,Neurotransmitter
Glucose,C16H11N3O3,365.12,9.77,567.298,Organic Compound
Adrenaline,C20H27N0O6,176.74,8.03,183.499,Neurotransmitter
Serotonin,C10H19N3O3,364.63,5.91,507.052,Hormone
Cholesterol,C2H18N3O8,704.73,13.16,748.27,Alcohol
Ethanol,C8H36N1O4,197.22,1.52,624.473,Carbohydrate
Aspirin,C8H12N0O1,847.98,10.52,175.929,Organic Compound
Adenosine triphosphate,C7H29N3O1,709.11,4.71,869.779,Lipid
Cholesterol,C9H10N1O4,311.67,13.53,508.084,Lipid
Urea,C9H29N0O2,732.93,11.26,323.575,Amide
Urea,C3H23N0O9,719.06,N/A,939.943,Amide
Serotonin,C10H36N2O5,803.67,1.16,631.362,Carbohydrate
Ethanol,C4H5N3O5,173.39,7.59,362.844,Alkaloid
Adenosine triphosphate,C7H35N5O4,914.5,N/A,164.036,Hormone
Aspirin,C6H26N5O0,132.95,11.97,625.52,Alcohol
Adenosine triphosphate,C14H36N2O1,470.65,13.61,385.504,Alkaloid
Aspirin,C16H17N3O0,816.72,4.34,478.941,Amide
Dopamine,C7H36N4O3,344.82,3.8,374.601,Organic Compound
Adenosine triphosphate,C16H12N5O0,816.13,N/A,386.687,Nucleotide
Adrenaline,C8H28N1O7,952.58,N/A,307.895,Organic Compound
