compound,formula,mw,pka,solubility_mg_ml,class
Dopamine,C3H14N2O4,171.04,1.1,103.966,Carbohydrate
Glucose,C3H25N4O7,601.58,N/A,902.807,Lipid
Aspirin,C14H32N4O4,120.9,N/A,666.639,Alkaloid
Aspirin,C18H16N1O8,930.12,13.9,694.579,Neurotransmitter
Adenosine triphosphate,C9H28N4O5,950.82,N/A,631.898,Amide
Aspirin,C1H32N5O9,614.3,4.86,543.426,Alcohol
Urea,C19H21N2O9,391.82,5.05,728.5,Alcohol
Serotonin,C2H28N5O8,115.22,N/A,525.979,Alcohol
Serotonin,C6H17N2O4,65.06,7.44,968.296,Hormone
Aspirin,C5H22N5O6,539.8,N/A,93.494,Amide
Adrenaline,C13H27N4O0,841.39,1.03,293.965,Carbohydrate
Aspirin,C8H37N1O8,485.87,12.08,297.531,Amide
Caffeine,C13H12N5O5,753.48,3.47,29.888,Carbohydrate
Glucose,C13H12N0O8,319.3,N/A,948.327,Alcohol
Adrenaline,C9H26N4O7,109.04,11.95,141.415,Organic Compound
Glucose,C10H36N5O8,698.96,13.39,610.403,Amide
Cholesterol,C14H15N2O6,361.31,N/A,818.229,Alkaloid
Aspirin,C20H16N3O5,429.23,N/A,956.493,Neurotransmitter
Caffeine,C19H10N0O7,651.34,9.33,730.551,Carbohydrate
Cholesterol,C10H25N5O3,682.95,10.36,328.65,Carbohydrate
Dopamine,C1H5N0O0,517.65,N/A,345.166,Organic Compound
Cholesterol,C2H13N1O6,533.16,N/A,976.696,Alcohol
Glucose,C14H33N1O9,842.67,10.7,57.755,Neurotransmitter
Aspirin,C1H16N3O9,715.3,N/A,252.948,Lipid
Caffeine,C4H35N2O4,386.29,9.09,664.72,Nucleotide
Serotonin,C15H1N5O1,249.58,8.45,533.865,Lipid
Glucose,C19H22N2O5,363.68,3.48,90.374,Lipid
Aspirin,C7H22N3O6,439.28,8.47,222.804,Neurotransmitter
Urea,C6H5N4O0,489.73,10.17,373.783,Alcohol
Dopamine,C1H39N3O2,121.97,5.34,933.628,Carbohydrate
Serotonin,C6H20N1O3,863.83,N/A,320.613,Lipid
Urea,C4H29N4O4,518.86,2.59,287.127,Neurotransmitter
Urea,C18H6N4O1,850.13,9.15,98.905,Alkaloid
Adrenaline,C1H35N0O9,948.13,12.68,980.99,Amide
Ethanol,C20H34N2O6,383.96,N/A,526.933,Carbohydrate
Caffeine,C15H11N1O8,754.26,8.32,862.822,Amide
Caffeine,C10H36N4O7,546.8,11.58,922.841,Lipid
Serotonin,C9H16N2O0,648.46,3.55,714.604,Lipid
Adrenaline,C7H31N4O5,927.76,6.96,103.709,Nucleotide
Adenosine triphosphate,C9H36N1O7,648.56,9.08,221.882,Lipid
Adrenaline,C1H12N0O9,452.07,12.07,357.48,Organic Compound
Cholesterol,C5H4N4O3,621.74,5.78,290.557,Alcohol
Aspirin,C6H1N4O7,353.07,3.42,169.781,Lipid
Cholesterol,C20H39N3O5,204.07,10.12,251.055,Neurotransmitter
Ethanol,C11H7N3O5,688.65,9.42,3.433,Hormone
Ethanol,C3H23N5O0,989.55,2.61,382.865,Alcohol
Ethanol,C18H39N0O7,883.74,4.83,302.275,Alcohol
Glucose,C15H18N0O5,302.76,N/A,919.757,Alcohol
Glucose,C4H5N0O6,798.4,3.12,751.416,Carbohydrate
Cholesterol,C14H30N0O4,400.22,9.52,0.74,Alkaloid
Dopamine,C12H19N4O4,473.52,4.41,109.856,Amide
Adrenaline,C1H38N2O0,188.46,9.32,67.917,Organic Compound
Cholesterol,C3H27N4O7,622.14,13.67,817.422,Neurotransmitter
Adrenaline,C7H30N0O5,225.0,N/A,36.908,Organic Compound
Serotonin,C4H37N5O10,544.01,11.29,240.846,Organic Compound
Aspirin,C1H34N3O0,536.85,12.48,642.849,Organic Compound
Dopamine,C10H15N3O6,735.67,12.61,686.856,Amide
Aspirin,C13H13N4O9,861.68,12.81,816.177,Neurotransmitter
Cholesterol,C12H31N4O3,349.79,6.6,662.136,Nucleotide
Adrenaline,C3H31N5O7,709.02,5.06,554.396,Hormone
Glucose,C19H20N3O10,456.91,11.35,494.63,Alkaloid
Ethanol,C13H30N3O3,345.67,7.41,491.521,Alkaloid
Serotonin,C15H22N0O8,107.29,3.31,931.473,Organic Compound
Serotonin,C18H16N0O3,816.3,N/A,98.457,Alcohol
Glucose,C8H14N1O0,216.41,4.08,729.339,Organic Compound
Serotonin,C11H18N4O4,398.35,4.89,50.294,Lipid
Urea,C13H40N3O5,88.17,6.53,57.697,Alcohol
Dopamine,C2H36N1O7,94.96,11.42,644.213,Organic Compound
Dopamine,C20H32N3O7,591.99,7.25,436.159,Hormone
Aspirin,C18H7N1O7,705.8,9.01,74.694,Alcohol
Glucose,C17H12N0O10,702.14,N/A,351.356,Lipid
Urea,C19H21N0O9,564.73,7.55,81.464,Carbohydrate
Adenosine triphosphate,C9H2N1O7,448.06,10.39,710.237,Hormone
Urea,C9H23N4O6,721.49,11.94,587.733,Hormone
Cholesterol,C12H24N2O1,884.75,9.77,982.231,Alkaloid
Aspirin,C9H36N1O6,300.34,9.81,288.95,Carbohydrate
Cholesterol,C9H30N5O6,702.4,8.01,344.153,Alcohol
Serotonin,C5H1N2O0,841.78,N/A,261.638,Neurotransmitter
Caffeine,C8H18N0O5,436.96,3.93,398.625,Amide
Glucose,C6H12N4O5,619.24,13.88,648.51,Carbohydrate
Dopamine,C13H34N4O10,638.7,2.78,537.478,Hormone
Dopamine,C11H19N5O0,270.94,3.76,982.758,Carbohydrate
Glucose,C8H38N3O10,357.25,2.82,480.312,Hormone
Caffeine,C8H25N5O0,871.63,6.95,935.944,Nucleotide
Urea,C17H26N3O5,477.64,9.61,274.068,Alkaloid
Cholesterol,C1H40N3O0,954.81,7.9,342.04,Carbohydrate
Adenosine triphosphate,C5H36N4O0,393.75,9.45,147.379,Alkaloid
Adrenaline,C12H15N2O10,189.45,N/A,420.001,Nucleotide
Serotonin,C16H17N5O5,73.83,4.97,989.398,Lipid
Glucose,C15H40N3O8,419.97,9.75,454.208,Neurotransmitter
Caffeine,C9H9N2O4,394.69,8.49,953.91,Carbohydrate
Dopamine,C18H35N2O0,137.09,5.17,21.666,Lipid
Aspirin,C11H8N2O9,843.5,2.72,885.094,Neurotransmitter
Adenosine triphosphate,C17H7N5O5,902.15,9.53,388.543,Lipid
Adrenaline,C8H15N3O9,586.51,11.06,197.224,Hormone
Aspirin,C6H18N1O2,421.13,N/A,400.882,Lipid
Glucose,C12H28N1O4,244.14,5.75,255.466,Nucleotide
Adenosine triphosphate,C4H20N4O5,275.27,N/A,203.013,Organic Compound
Adenosine triphosphate,C20H35N4O5,992.73,12.78,388.462,Alcohol
Caffeine,C2H22N3O6,799.85,7.53,138.587,Alcohol
Adenosine triphosphate,C17H2N1O0,233.76,N/A,48.345,Carbohydrate
Dopamine,C12H15N5O2,244.25,3.4,859.278,Alcohol
Adrenaline,C9H2N3O6,768.91,7.04,939.59,Alkaloid
Glucose,C14H26N0O10,844.51,5.66,332.779,Organic Compound
Ethanol,C16H12N0O0,882.95,4.5,914.718,Organic Compound
Urea,C5H9N1O0,658.59,10.9,705.564,Organic Compound
Serotonin,C18H23N5O0,214.72,5.86,362.128,Carbohydrate
Cholesterol,C9H22N5O9,860.12,8.34,675.328,Amide
Caffeine,C11H15N2O10,467.93,4.89,68.762,Alkaloid
Caffeine,C18H30N3O2,951.49,10.21,252.569,Carbohydrate
Glucose,C13H7N3O5,226.7,5.31,389.944,Alcohol
Urea,C18H13N1O7,236.73,1.93,995.943,Amide
Ethanol,C17H34N4O1,616.53,7.9,557.79,Neurotransmitter
Caffeine,C17H4N1O0,710.01,12.98,991.892,Carbohydrate
Ethanol,C3H12N5O9,989.39,3.89,622.319,Carbohydrate
Cholesterol,C18H26N3O3,120.25,N/A,280.656,Hormone
Urea,C14H8N1O3,234.13,N/A,88.683,Organic Compound
Aspirin,C17H37N2O10,709.3,1.5,421.985,Nucleotide
Cholesterol,C6H10N3O10,900.18,12.83,200.014,Carbohydrate
Serotonin,C11H6N3O2,483.5,2.1,710.081,Neurotransmitter
Glucose,C15H11N5O7,121.29,3.02,976.865,Alkaloid
Aspirin,C6H14N3O1,624.73,7.37,33.385,Neurotransmitter
Cholesterol,C19H17N0O3,337.68,1.02,878.913,Organic Compound
Glucose,C17H8N1O3,963.15,13.13,881.233,Lipid
Cholesterol,C8H35N1O8,751.04,N/A,742.954,Amide
Serotonin,C12H18N3O1,203.48,5.01,356.26,Nucleotide
Adrenaline,C6H33N2O7,391.75,10.52,678.98,Neurotransmitter
Cholesterol,C14H5N4O3,84.68,3.33,84.759,Alkaloid
Urea,C9H8N5O2,139.56,1.93,589.814,Alkaloid
Serotonin,C10H3N2O10,684.93,13.57,547.252,Alkaloid
Ethanol,C11H6N4O0,783.17,8.72,247.744,Alkaloid
Caffeine,C19H8N5O6,167.83,N/A,275.534,Nucleotide
Adrenaline,C16H9N0O5,994.04,N/A,854.414,Carbohydrate
Ethanol,C6H26N4O6,339.49,10.56,515.183,Alcohol
Dopamine,C12H5N3O2,53.16,13.75,56.695,Amide
Caffeine,C7H18N1O3,233.11,N/A,988.4,Hormone
Caffeine,C4H25N4O9,973.93,8.48,768.933,Alcohol
Ethanol,C15H20N2O5,836.34,10.79,865.523,Alcohol
Aspirin,C19H40N1O8,668.59,12.3,68.451,Carbohydrate
Ethanol,C8H39N4O4,285.11,N/A,179.967,Neurotransmitter
Caffeine,C2H5N1O10,308.9,N/A,493.259,Hormone
Adrenaline,C2H6N5O7,985.65,N/A,224.789,Amide
Serotonin,C6H14N0O6,283.8,8.32,329.678,Organic Compound
Ethanol,C13H24N0O1,601.88,1.93,876.799,Hormone
Urea,C19H7N1O3,195.92,10.44,726.34,Alcohol
Urea,C7H27N2O4,479.09,1.05,651.261,Neurotransmitter
Serotonin,C10H33N3O5,650.21,1.92,213.959,Neurotransmitter
Ethanol,C3H36N0O7,59.01,10.21,404.89,Carbohydrate
Glucose,C11H32N3O8,333.63,N/A,150.563,Nucleotide
Adrenaline,C19H25N5O5,606.48,11.59,476.689,Amide
Urea,C20H26N5O8,563.62,13.16,561.079,Neurotransmitter
Cholesterol,C19H14N1O10,743.02,N/A,750.808,Organic Compound
Adenosine triphosphate,C18H13N2O9,509.65,1.55,606.047,Neurotransmitter
Caffeine,C2H38N4O8,740.94,4.72,867.964,Amide
Cholesterol,C1H17N0O5,711.75,6.41,678.017,Carbohydrate
Dopamine,C7H22N0O0,235.27,5.21,747.756,Lipid
Serotonin,C5H8N0O10,365.37,11.62,42.446,Organic Compound
Ethanol,C7H18N0O10,245.84,11.25,517.957,Alcohol
Serotonin,C13H33N5O6,859.3,1.12,783.387,Amide
Dopamine,C6H22N3O5,333.2,3.95,848.643,Carbohydrate
Glucose,C8H30N0O8,685.26,11.57,475.047,Alcohol
Glucose,C8H14N1O10,165.87,1.5,758.735,Hormone
Cholesterol,C6H28N3O7,331.49,3.28,350.207,Amide
Caffeine,C11H11N0O6,289.16,8.48,773.456,Carbohydrate
Caffeine,C20H3N2O0,885.1,11.0,778.08,Hormone
Adrenaline,C18H27N1O6,199.92,11.41,103.962,Alkaloid
Ethanol,C1H37N4O1,443.17,9.62,891.584,Alcohol
Dopamine,C2H35N2O2,92.18,9.43,371.344,Alkaloid
Glucose,C17H19N0O8,600.59,N/A,740.057,Organic Compound
Adenosine triphosphate,C18H6N0O5,487.97,N/A,665.507,Neurotransmitter
Aspirin,C4H18N1O7,732.34,4.38,104.934,Hormone
Urea,C14H26N4O4,955.37,N/A,290.66,Carbohydrate
Glucose,C5H34N0O0,907.48,6.95,25.072,Neurotransmitter
Glucose,C7H3N4O9,638.15,12.09,753.596,Alcohol
Urea,C14H22N1O1,734.55,1.58,606.537,Lipid
Urea,C12H7N2O9,80.51,9.35,25.798,Alkaloid
Adrenaline,C3H2N3O2,105.38,10.0,745.495,Neurotransmitter
Ethanol,C7H28N2O1,229.39,5.64,969.444,Nucleotide
Urea,C2H35N0O3,880.99,N/A,537.489,Lipid
Aspirin,C19H10N0O4,218.91,N/A,697.612,Amide
Serotonin,C17H3N2O8,437.38,12.47,197.413,Amide
Caffeine,C6H4N5O4,594.6,9.89,204.997,Neurotransmitter
Aspirin,C20H14N1O10,741.16,10.79,268.233,Neurotransmitter
Urea,C16H20N2O2,506.89,13.08,991.799,Carbohydrate
Urea,C16H39N0O5,907.17,7.42,698.081,Amide
Aspirin,C15H12N0O1,365.39,10.25,436.256,Nucleotide
Aspirin,C14H31N1O4,505.87,7.68,708.701,Amide
Dopamine,C15H16N4O3,208.94,4.0,134.793,Carbohydrate
Cholesterol,C8H19N2O7,74.68,7.74,683.359,Alkaloid
Cholesterol,C4H21N3O9,562.02,13.08,223.612,Carbohydrate
Aspirin,C8H25N0O5,389.82,5.82,859.704,Hormone
Adrenaline,C11H1N4O8,680.06,N/A,188.243,Nucleotide
Serotonin,C1H6N5O9,289.36,N/A,991.326,Neurotransmitter
Serotonin,C4H15N1O6,978.02,13.49,561.599,Carbohydrate
Glucose,C18H13N4O2,822.49,7.35,418.711,Nucleotide
Dopamine,C4H18N5O10,350.87,13.27,143.679,Lipid
Adrenaline,C7H17N4O4,550.99,8.28,380.823,Organic Compound
Urea,C2H11N1O3,50.84,2.39,918.329,Neurotransmitter
Cholesterol,C14H23N4O3,610.5,9.08,259.626,Amide
Cholesterol,C16H1N3O6,519.39,3.63,952.383,Hormone
Urea,C2H12N2O8,432.65,11.76,233.947,Neurotransmitter
Serotonin,C2H36N0O6,976.34,N/A,634.802,Organic Compound
Cholesterol,C10H28N3O0,931.41,8.98,952.028,Carbohydrate
Caffeine,C13H17N0O3,239.93,4.48,22.805,Carbohydrate
Serotonin,C5H26N4O0,156.25,1.19,129.762,Alcohol
Serotonin,C14H40N2O8,470.55,7.77,429.261,Carbohydrate
Aspirin,C17H34N0O4,859.44,11.75,312.783,Amide
Caffeine,C11H31N3O9,535.47,2.05,601.468,Alcohol
Ethanol,C19H13N2O7,628.13,8.45,545.699,Lipid
Adenosine triphosphate,C14H10N2O9,105.96,7.94,335.197,Organic Compound
Ethanol,C15H5N1O0,435.2,N/A,384.05,Lipid
Caffeine,C20H26N1O9,290.26,1.95,686.39,Neurotransmitter
Glucose,C16H29N0O6,235.28,8.45,745.9,Carbohydrate
Caffeine,C11H4N4O5,335.29,N/A,809.731,Alcohol
Serotonin,C15H8N3O6,581.28,5.46,712.482,Hormone
Serotonin,C5H35N2O3,174.63,6.36,353.614,Hormone
Dopamine,C14H34N5O9,94.23,10.75,342.066,Nucleotide
Glucose,C9H8N0O6,363.58,13.01,813.053,Carbohydrate
Cholesterol,C14H40N0O6,700.27,7.28,691.804,Alkaloid
Caffeine,C18H8N1O8,183.36,1.82,613.437,Carbohydrate
Caffeine,C6H32N2O0,870.97,4.36,628.862,Alcohol
Adrenaline,C12H3N3O2,627.83,N/A,532.248,Alkaloid
Glucose,C4H8N3O8,124.57,13.31,457.573,Organic Compound
Serotonin,C19H2N1O7,143.91,7.81,956.026,Neurotransmitter
Aspirin,C18H4N5O8,582.84,9.41,332.954,Lipid
Cholesterol,C9H37N2O8,979.82,3.08,625.373,Organic Compound
Cholesterol,C13H5N0O10,985.15,6.21,996.425,Amide
Dopamine,C11H3N0O1,382.74,N/A,280.348,Organic Compound
Aspirin,C2H11N3O3,858.56,3.28,68.47,Nucleotide
Cholesterol,C7H23N0O0,361.36,N/A,933.909,Alkaloid
Ethanol,C5H27N1O9,572.12,11.67,232.562,Alcohol
Ethanol,C10H29N1O2,521.71,N/A,310.063,Amide
Urea,C2H40N5O2,675.68,N/A,725.077,Amide
Serotonin,C2H5N0O5,582.07,7.3,53.975,Alcohol
Caffeine,C7H27N4O3,956.46,2.93,544.089,Nucleotide
Adenosine triphosphate,C1H23N2O4,60.05,7.03,917.376,Alcohol
Urea,C3H11N2O6,721.19,2.35,523.128,Nucleotide
Caffeine,C10H17N5O9,262.72,11.18,422.187,Neurotransmitter
Serotonin,C11H24N5O1,744.68,12.58,474.44,Alkaloid
Adrenaline,C10H12N3O0,888.94,4.93,735.997,Lipid
Dopamine,C15H36N4O0,530.97,4.83,208.881,Neurotransmitter
Urea,C17H6N2O6,161.34,2.15,408.516,Organic Compound
Cholesterol,C17H20N2O6,586.4,11.07,87.105,Carbohydrate
Serotonin,C10H3N3O7,943.98,4.87,25.352,Alcohol
Adrenaline,C2H30N2O1,70.51,8.11,75.293,Amide
Caffeine,C18H26N4O0,509.69,11.67,607.119,Alkaloid
Caffeine,C6H16N0O5,182.5,7.25,4.058,Amide
Ethanol,C12H7N2O3,220.62,11.36,6.183,Amide
Glucose,C2H15N1O8,902.9,1.52,499.919,Carbohydrate
Caffeine,C17H32N2O3,662.68,13.8,447.095,Alkaloid
Dopamine,C10H31N1O7,111.98,N/A,984.791,Alcohol
Adrenaline,C8H15N1O10,979.18,9.48,680.086,Organic Compound
Urea,C8H36N0O0,991.49,11.0,716.046,Organic Compound
Cholesterol,C10H10N5O10,559.24,N/A,878.0,Alcohol
Ethanol,C18H36N3O0,315.16,9.99,499.486,Hormone
Adrenaline,C17H17N1O9,588.09,N/A,419.34,Hormone
Serotonin,C16H40N4O1,713.01,N/A,513.879,Alcohol
Urea,C18H37N3O6,603.42,8.89,866.471,Organic Compound
Aspirin,C12H40N4O10,865.33,6.48,820.162,Hormone
Ethanol,C6H11N5O2,841.26,2.74,217.477,Alcohol
Cholesterol,C10H27N2O1,853.4,11.25,873.66,Neurotransmitter
Urea,C1H34N4O5,444.16,N/A,635.788,Carbohydrate
Urea,C19H1N3O10,517.29,9.13,80.632,Alkaloid
Serotonin,C15H34N1O5,574.4,4.45,535.296,Amide
Adrenaline,C12H23N0O2,388.65,4.14,22.312,Neurotransmitter
Ethanol,C13H26N3O9,505.12,3.62,888.329,Organic Compound
Serotonin,C18H1N0O6,146.2,5.62,409.417,Amide
Dopamine,C5H23N3O10,766.16,7.34,275.719,Hormone
Adrenaline,C5H29N3O9,436.85,5.64,716.81,Amide
Adrenaline,C8H16N1O1,528.1,5.16,274.944,Carbohydrate
Serotonin,C12H29N2O6,254.4,13.19,961.599,Carbohydrate
Glucose,C14H4N0O0,326.56,N/A,183.686,Carbohydrate
Adrenaline,C11H39N1O6,596.75,N/A,279.857,Hormone
Ethanol,C13H20N5O9,399.17,5.02,382.963,Alcohol
Serotonin,C6H24N4O3,308.26,9.25,778.938,Alkaloid
Serotonin,C10H27N1O8,952.7,6.83,184.098,Hormone
Urea,C14H2N0O0,712.39,N/A,762.48,Neurotransmitter
Urea,C5H1N2O1,315.92,13.26,572.466,Lipid
Glucose,C16H36N0O5,769.79,5.75,742.193,Alkaloid
Aspirin,C2H4N1O7,363.15,6.62,49.465,Nucleotide
Serotonin,C4H37N1O4,252.62,12.76,906.41,Carbohydrate
Caffeine,C6H24N2O9,667.03,4.08,454.118,Hormone
Aspirin,C3H5N3O4,177.13,8.7,968.334,Nucleotide
Serotonin,C13H39N0O4,257.04,7.85,164.791,Nucleotide
Caffeine,C7H26N5O3,325.79,N/A,910.513,Amide
Cholesterol,C1H31N4O2,499.01,7.27,366.42,Alcohol
Adrenaline,C1H6N1O4,187.77,N/A,339.682,Hormone
Urea,C4H32N5O3,478.85,13.49,256.977,Neurotransmitter
Serotonin,C2H3N3O4,136.35,8.88,136.944,Alcohol
Aspirin,C9H23N4O5,974.9,12.93,190.461,Hormone
Serotonin,C9H33N2O1,934.04,11.45,887.278,Nucleotide
Cholesterol,C9H13N3O7,343.09,1.01,580.03,Lipid
Aspirin,C12H29N0O4,326.39,N/A,365.424,Nucleotide
Cholesterol,C14H35N3O1,554.46,N/A,815.069,Alcohol
Ethanol,C16H38N4O8,124.46,9.62,227.133,Alcohol
Aspirin,C14H36N2O1,358.09,9.82,771.446,Hormone
Caffeine,C13H38N4O10,821.38,12.61,883.246,Alkaloid
Ethanol,C4H5N5O10,377.52,9.26,966.6,Carbohydrate
Dopamine,C16H36N1O9,373.65,7.49,546.879,Amide
Adrenaline,C10H12N1O2,258.21,1.51,819.394,Alcohol
Glucose,C16H26N5O6,262.82,N/A,228.043,Lipid
Dopamine,C7H4N4O6,755.63,3.31,106.691,Neurotransmitter
Glucose,C18H22N1O5,285.15,6.38,253.439,Hormone
Adrenaline,C20H2N2O4,93.78,10.25,786.807,Nucleotide
Dopamine,C16H4N4O9,611.21,5.04,886.326,Alcohol
Dopamine,C9H36N2O0,101.85,4.84,608.6,Neurotransmitter
Serotonin,C6H1N3O10,416.61,5.17,784.02,Amide
Glucose,C1H7N1O1,744.29,9.91,479.198,Carbohydrate
Glucose,C19H15N3O0,255.98,4.63,52.131,Neurotransmitter
Dopamine,C17H23N3O8,697.36,6.77,161.287,Neurotransmitter
Dopamine,C5H16N0O6,618.97,11.4,730.701,Carbohydrate
Glucose,C16H31N1O0,665.27,2.05,351.383,Alkaloid
Aspirin,C15H15N3O10,383.79,N/A,826.277,Alkaloid
Dopamine,C15H10N0O8,165.46,6.38,393.203,Nucleotide
Cholesterol,C14H29N2O7,740.45,2.15,770.44,Hormone
Aspirin,C17H30N5O1,998.11,13.33,620.679,Lipid
Ethanol,C9H8N1O7,896.31,13.38,868.164,Amide
Ethanol,C5H38N0O2,629.4,1.92,355.392,Alkaloid
Caffeine,C18H9N1O7,142.39,10.93,308.765,Neurotransmitter
Aspirin,C2H26N1O5,843.18,12.82,43.345,Hormone
Dopamine,C8H27N1O4,794.62,11.1,324.521,Nucleotide
Aspirin,C5H19N3O7,742.85,6.87,250.351,Lipid
Adenosine triphosphate,C15H16N2O1,885.24,N/A,657.013,Nucleotide
Adenosine triphosphate,C15H11N0O2,874.9,6.68,175.095,Amide
Serotonin,C5H14N1O9,61.81,11.03,12.96,Neurotransmitter
Aspirin,C1H29N3O0,67.05,5.1,282.461,Alkaloid
Ethanol,C6H36N5O6,749.73,N/A,135.88,Lipid
Glucose,C15H11N1O8,192.4,7.49,549.283,Organic Compound
Adenosine triphosphate,C3H39N4O2,65.21,N/A,739.955,Nucleotide
Urea,C10H20N1O9,190.44,7.98,419.25,Alcohol
Cholesterol,C13H29N0O5,920.81,6.18,567.526,Organic Compound
Cholesterol,C18H29N0O9,453.7,6.95,708.207,Lipid
Serotonin,C15H27N5O5,486.67,8.47,651.389,Alkaloid
Adrenaline,C6H14N3O5,473.69,11.24,707.164,Carbohydrate
Serotonin,C1H29N1O3,388.71,4.87,220.827,Neurotransmitter
Serotonin,C17H29N2O2,725.71,5.61,630.039,Hormone
Ethanol,C6H10N3O2,565.61,N/A,770.5,Organic Compound
Glucose,C2H31N0O3,587.41,5.98,173.437,Alcohol
Serotonin,C10H28N5O9,109.66,8.9,676.257,Nucleotide
Serotonin,C8H28N4O0,751.25,12.83,746.507,Amide
Caffeine,C5H29N2O0,564.09,N/A,621.534,Alcohol
Cholesterol,C18H12N5O4,354.94,3.24,980.615,Organic Compound
Adenosine triphosphate,C4H9N4O7,444.18,10.43,480.034,Hormone
Ethanol,C15H36N0O10,939.41,13.18,744.725,Alcohol
Dopamine,C7H36N3O2,803.52,11.63,374.439,Amide
Ethanol,C5H16N0O5,608.89,12.1,526.679,Neurotransmitter
Caffeine,C12H34N0O10,961.72,9.35,736.164,Neurotransmitter
Ethanol,C7H3N3O9,360.13,5.31,504.983,Nucleotide
Ethanol,C5H20N1O3,943.11,8.72,848.623,Hormone
Dopamine,C9H38N0O3,909.82,5.08,623.941,Amide
Aspirin,C5H34N5O0,881.44,11.2,775.978,Carbohydrate
Cholesterol,C20H24N5O6,626.81,N/A,135.61,Hormone
Glucose,C8H31N3O7,232.26,N/A,43.829,Organic Compound
Ethanol,C20H37N0O7,857.46,11.78,367.273,Carbohydrate
Caffeine,C14H9N0O8,90.74,7.71,169.344,Alkaloid
Urea,C7H33N1O3,786.35,6.68,101.689,Hormone
Ethanol,C3H1N0O7,262.03,N/A,312.135,Alcohol
Adrenaline,C2H35N0O6,352.64,N/A,559.846,Neurotransmitter
Adenosine triphosphate,C13H8N1O2,681.1,10.67,898.634,Amide
Dopamine,C15H8N0O7,698.48,3.08,420.501,Alcohol
Urea,C14H38N2O10,425.06,8.75,101.902,Neurotransmitter
Glucose,C3H10N1O6,340.65,N/A,980.509,Alkaloid
Cholesterol,C7H36N5O2,117.8,7.93,230.792,Neurotransmitter
Dopamine,C6H6N2O8,240.73,4.31,199.887,Hormone
Serotonin,C3H19N3O1,624.28,3.83,271.286,Organic Compound
Aspirin,C20H13N1O4,863.81,N/A,842.551,Alkaloid
Dopamine,C12H2N3O4,689.18,7.12,386.589,Neurotransmitter
Dopamine,C18H31N0O3,567.99,N/A,344.218,Carbohydrate
Caffeine,C7H18N5O3,131.32,N/A,426.164,Organic Compound
Caffeine,C17H40N5O5,719.21,10.68,897.036,Carbohydrate
Glucose,C17H6N5O5,179.49,8.67,661.412,Lipid
Ethanol,C5H1N3O8,75.72,3.21,198.705,Organic Compound
Ethanol,C20H1N3O4,90.35,N/A,792.811,Nucleotide
Ethanol,C18H11N2O6,147.61,N/A,258.287,Lipid
Urea,C15H17N0O9,625.8,9.95,956.569,Alcohol
Dopamine,C2H37N1O6,865.32,1.92,440.075,Organic Compound
Aspirin,C19H25N4O10,373.31,11.91,402.757,Lipid
Caffeine,C12H28N1O0,610.54,4.45,272.098,Alcohol
Serotonin,C15H31N1O10,701.48,10.04,590.472,Lipid
Urea,C1H2N2O3,601.5,8.08,634.853,Alcohol
Serotonin,C1H8N4O2,462.55,9.02,764.745,Organic Compound
Adenosine triphosphate,C19H35N5O1,895.83,1.58,919.976,Neurotransmitter
Dopamine,C2H6N1O9,269.69,6.53,559.337,Neurotransmitter
Aspirin,C20H30N5O0,551.1,4.44,992.94,Hormone
Glucose,C18H30N4O8,144.33,5.26,883.929,Carbohydrate
Cholesterol,C14H11N5O7,864.93,8.58,711.964,Amide
Glucose,C2H16N5O7,897.56,4.12,404.507,Alcohol
Ethanol,C9H35N5O8,427.42,12.2,104.497,Alcohol
Caffeine,C7H30N5O8,144.32,6.75,976.39,Hormone
Serotonin,C18H40N2O6,922.03,7.03,311.072,Carbohydrate
Aspirin,C7H7N5O4,837.16,7.79,420.217,Lipid
Ethanol,C14H7N2O8,385.37,1.95,587.025,Alcohol
Cholesterol,C3H18N3O1,708.14,7.01,812.674,Carbohydrate
Cholesterol,C3H17N0O3,860.32,4.57,801.562,Alkaloid
Cholesterol,C14H4N5O0,873.15,11.25,836.01,Lipid
Ethanol,C9H3N5O10,895.84,10.7,935.529,Hormone
Caffeine,C18H10N4O9,984.58,9.08,753.13,Lipid
Cholesterol,C16H31N4O1,762.0,10.53,636.539,Carbohydrate
Serotonin,C9H17N2O1,683.07,N/A,363.512,Carbohydrate
Adrenaline,C1H31N4O8,356.47,N/A,842.814,Organic Compound
Serotonin,C3H21N0O6,489.5,11.9,527.526,Nucleotide
Urea,C12H13N1O6,440.56,11.18,429.297,Carbohydrate
Ethanol,C12H8N4O4,502.07,11.01,129.108,Nucleotide
Aspirin,C8H14N2O2,654.08,10.08,818.543,Organic Compound
Adrenaline,C2H31N0O4,205.24,13.99,947.889,Lipid
Caffeine,C18H28N5O9,354.01,3.37,739.262,Alkaloid
Aspirin,C12H38N4O2,354.19,13.25,802.145,Organic Compound
Glucose,C7H33N2O9,243.7,12.0,672.833,Hormone
Ethanol,C3H35N1O4,814.4,3.38,966.317,Amide
Dopamine,C11H35N1O5,81.85,N/A,710.055,Neurotransmitter
Urea,C7H34N2O2,965.37,N/A,199.482,Alcohol
Glucose,C11H7N5O5,796.42,6.08,775.833,Hormone
Aspirin,C9H33N0O1,840.84,N/A,682.196,Organic Compound
Serotonin,C9H5N0O3,371.79,N/A,894.293,Amide
Cholesterol,C9H34N1O7,654.61,8.45,865.49,Nucleotide
Aspirin,C9H32N0O10,676.26,13.91,341.259,Hormone
Caffeine,C6H37N1O3,877.17,3.13,641.259,Hormone
Glucose,C5H36N4O9,677.02,5.28,28.908,Amide
Cholesterol,C11H30N0O0,145.12,12.03,266.383,Organic Compound
Adrenaline,C3H34N5O1,735.42,2.67,406.021,Hormone
Adrenaline,C17H6N2O5,244.86,11.67,779.528,Carbohydrate
Aspirin,C19H36N3O8,914.61,1.38,773.177,Nucleotide
Urea,C16H27N5O6,133.77,2.05,484.126,Hormone
Aspirin,C7H7N0O1,740.07,10.26,564.386,Neurotransmitter
Ethanol,C19H29N3O7,249.99,5.0,427.678,Alcohol
Urea,C6H13N2O7,553.11,N/A,548.259,Carbohydrate
Dopamine,C19H20N0O4,843.98,2.26,910.511,Organic Compound
Urea,C3H2N4O10,408.02,13.72,467.322,Alkaloid
Ethanol,C8H4N4O3,655.58,5.93,970.454,Organic Compound
Ethanol,C5H2N1O1,892.48,5.78,855.085,Organic Compound
Aspirin,C3H12N0O4,769.2,N/A,745.197,Alkaloid
Aspirin,C2H27N5O9,609.85,3.99,259.27,Organic Compound
Aspirin,C20H16N5O0,439.68,10.32,541.349,Neurotransmitter
Urea,C12H40N3O1,225.38,N/A,58.548,Hormone
Aspirin,C17H20N4O6,57.19,6.2,203.433,Alcohol
Glucose,C16H25N2O4,891.94,10.07,112.174,Alkaloid
Dopamine,C15H19N5O4,624.14,12.99,547.796,Neurotransmitter
Ethanol,C3H21N2O7,414.15,10.63,129.034,Carbohydrate
Adenosine triphosphate,C6H29N5O7,598.21,5.54,689.227,Nucleotide
Cholesterol,C4H36N4O3,105.65,10.61,730.459,Carbohydrate
Aspirin,C14H30N3O4,227.01,N/A,171.449,Amide
Aspirin,C1H22N2O1,519.47,12.28,792.137,Hormone
Adenosine triphosphate,C19H10N3O4,380.91,13.45,539.681,Nucleotide
Ethanol,C12H26N2O9,152.92,10.65,981.908,Alkaloid
Dopamine,C18H37N0O2,746.87,8.47,784.584,Neurotransmitter
Dopamine,C13H6N3O10,656.12,8.74,957.455,Amide
Ethanol,C13H27N2O2,315.93,12.74,333.619,Carbohydrate
Adenosine triphosphate,C20H5N4O9,104.36,1.22,551.934,Nucleotide
Ethanol,C8H32N5O4,742.35,5.59,696.783,Organic Compound
Urea,C18H12N4O0,750.7,3.97,129.039,Carbohydrate
Adenosine triphosphate,C12H31N5O2,348.57,N/A,313.52,Alcohol
Caffeine,C9H25N1O0,905.51,8.08,445.634,Hormone
Cholesterol,C14H40N0O6,187.04,6.86,988.978,Amide
Dopamine,C6H3N2O2,209.67,3.87,442.104,Alkaloid
Dopamine,C5H14N2O5,323.6,N/A,899.627,Amide
Dopamine,C17H35N3O5,944.97,4.56,29.675,Nucleotide
Cholesterol,C9H36N0O2,435.2,N/A,726.923,Amide
Cholesterol,C13H32N1O7,549.59,10.02,538.229,Organic Compound
Caffeine,C5H36N5O10,563.2,9.78,249.77,Nucleotide
Glucose,C7H28N2O4,543.66,7.42,308.312,Organic Compound
Urea,C4H26N5O2,800.27,5.71,50.571,Neurotransmitter
Aspirin,C2H36N0O7,698.66,3.09,548.247,Neurotransmitter
Adrenaline,C13H7N3O2,406.27,3.61,450.531,Neurotransmitter
Cholesterol,C14H33N4O9,994.57,3.4,670.052,Carbohydrate
Aspirin,C3H26N1O3,818.13,N/A,262.734,Amide
Serotonin,C17H18N3O9,496.31,4.36,302.87,Carbohydrate
Adenosine triphosphate,C20H19N3O0,99.94,12.75,897.591,Alcohol
Urea,C12H5N3O6,543.94,12.13,41.874,Amide
Urea,C9H5N5O4,933.84,N/A,459.847,Nucleotide
Ethanol,C3H27N1O0,362.47,N/A,979.564,Organic Compound
Adrenaline,C7H2N2O6,247.78,4.63,132.661,Alkaloid
Adrenaline,C19H9N3O10,474.21,3.29,519.442,Nucleotide
Serotonin,C6H36N3O3,52.65,4.3,196.606,Lipid
Cholesterol,C14H17N1O4,697.35,2.96,325.292,Neurotransmitter
Dopamine,C18H19N2O4,860.43,2.63,549.742,Alcohol
Urea,C4H20N3O7,921.79,2.78,387.271,Lipid
Adrenaline,C17H4N2O5,306.53,6.69,11.115,Nucleotide
Caffeine,C14H7N0O5,923.2,13.05,827.718,Neurotransmitter
Aspirin,C5H33N1O7,359.22,8.82,287.958,Organic Compound
Glucose,C17H39N3O7,53.44,5.25,851.005,Lipid
Dopamine,C9H18N4O6,873.1,11.77,759.984,Alcohol
Adrenaline,C7H3N0O2,293.72,N/A,746.288,Nucleotide
Glucose,C16H2N3O6,503.62,11.18,267.984,Hormone
Aspirin,C13H26N0O10,988.31,7.54,347.265,Organic Compound
Aspirin,C11H30N1O4,671.52,13.34,762.661,Lipid
Adenosine triphosphate,C4H18N5O10,802.08,3.51,912.152,Alkaloid
Cholesterol,C18H23N4O2,310.58,3.17,421.845,Alkaloid
Cholesterol,C20H33N5O4,196.02,13.09,240.435,Hormone
Caffeine,C19H17N4O0,783.85,N/A,732.196,Amide
Glucose,C13H30N5O3,243.7,N/A,227.919,Organic Compound
Caffeine,C15H39N2O1,804.71,11.38,891.695,Lipid
Cholesterol,C9H8N2O0,887.33,7.9,460.467,Amide
Adrenaline,C14H31N5O6,993.38,N/A,213.451,Nucleotide
Adrenaline,C2H7N4O2,787.43,N/A,869.407,Hormone
Adrenaline,C18H38N2O0,497.46,6.42,378.681,Hormone
Serotonin,C5H28N5O7,374.18,3.48,204.05,Nucleotide
Serotonin,C7H24N3O7,342.37,3.51,269.517,Lipid
Dopamine,C4H2N0O5,459.68,5.88,958.139,Alkaloid
Dopamine,C18H36N3O10,256.02,6.17,3.603,Amide
Adrenaline,C18H7N4O8,899.79,N/A,842.664,Hormone
Adrenaline,C8H12N2O9,776.7,N/A,700.096,Organic Compound
Ethanol,C15H12N4O8,616.85,5.88,588.967,Alkaloid
Cholesterol,C7H8N3O4,78.11,N/A,420.407,Amide
Serotonin,C16H19N1O3,332.74,4.64,929.97,Lipid
Caffeine,C7H40N1O4,991.25,11.03,839.612,Organic Compound
Adenosine triphosphate,C15H27N1O5,843.92,10.36,937.431,Carbohydrate
Urea,C19H13N1O4,92.29,5.26,178.378,Hormone
Adrenaline,C6H11N2O10,192.97,4.29,47.709,Alkaloid
Caffeine,C13H29N1O7,562.24,1.97,692.664,Lipid
Urea,C13H37N3O6,504.61,N/A,891.475,Nucleotide
Adrenaline,C5H15N5O5,596.3,7.97,607.483,Neurotransmitter
Cholesterol,C5H36N3O4,238.61,8.11,662.389,Hormone
Caffeine,C16H10N4O10,218.99,2.11,718.901,Neurotransmitter
Glucose,C12H29N0O0,234.98,4.72,603.741,Carbohydrate
Dopamine,C10H31N5O4,404.44,N/A,482.73,Hormone
Cholesterol,C7H8N1O0,130.44,4.82,600.405,Neurotransmitter
Serotonin,C6H26N3O10,243.93,9.75,50.447,Carbohydrate
Dopamine,C5H32N1O7,625.3,N/A,832.43,Carbohydrate
Serotonin,C3H32N3O4,53.6,8.25,852.38,Amide
Cholesterol,C15H37N1O2,178.8,2.76,566.687,Carbohydrate
Cholesterol,C8H16N2O2,519.84,1.95,782.643,Hormone
Serotonin,C3H38N2O1,284.43,12.91,495.634,Alcohol
Dopamine,C13H26N0O3,708.86,8.04,28.976,Hormone
Dopamine,C12H2N5O0,729.33,3.79,746.341,Hormone
Adenosine triphosphate,C2H19N3O7,763.17,3.62,588.197,Nucleotide
Serotonin,C17H32N5O0,600.2,1.15,833.48,Amide
Ethanol,C1H28N2O6,585.21,13.27,154.878,Amide
Glucose,C5H13N5O4,230.72,3.15,150.445,Neurotransmitter
Serotonin,C15H25N0O9,69.11,11.05,357.037,Organic Compound
Cholesterol,C15H38N3O5,379.59,3.1,353.38,Organic Compound
Adenosine triphosphate,C4H31N3O9,51.73,N/A,323.563,Lipid
Urea,C9H20N2O10,630.54,8.95,564.487,Carbohydrate
Dopamine,C4H39N0O0,968.7,10.46,136.723,Neurotransmitter
Aspirin,C9H26N2O7,869.81,N/A,906.865,Lipid
Ethanol,C3H24N0O7,411.65,N/A,375.622,Alcohol
Serotonin,C12H2N4O9,399.28,3.16,273.627,Alcohol
Urea,C16H25N4O6,432.06,12.32,26.541,Nucleotide
Caffeine,C18H24N1O2,667.05,4.07,801.096,Alkaloid
Dopamine,C9H3N3O8,57.24,N/A,441.117,Nucleotide
Urea,C10H2N2O4,406.72,N/A,501.832,Organic Compound
Aspirin,C8H26N0O6,284.8,11.93,12.438,Carbohydrate
Serotonin,C2H36N3O1,559.32,N/A,662.718,Alcohol
Caffeine,C20H31N4O2,410.64,7.14,796.746,Neurotransmitter
Aspirin,C5H6N5O2,184.1,8.97,281.213,Lipid
Aspirin,C18H4N3O10,590.52,3.42,614.814,Neurotransmitter
Glucose,C15H20N2O6,816.19,5.15,703.117,Hormone
Dopamine,C14H35N5O10,321.53,N/A,764.245,Carbohydrate
Urea,C17H1N2O9,147.44,9.67,456.091,Lipid
Aspirin,C17H6N0O1,250.81,N/A,780.086,Alkaloid
Adrenaline,C5H32N5O9,94.75,10.52,978.431,Carbohydrate
Caffeine,C7H18N3O5,841.54,7.09,859.438,Nucleotide
Adrenaline,C2H26N1O10,906.04,9.39,163.913,Nucleotide
Serotonin,C2H38N0O3,524.38,4.44,830.256,Lipid
Adrenaline,C14H21N4O9,740.65,3.69,927.289,Amide
Adrenaline,C15H37N2O6,965.0,13.24,429.174,Amide
Cholesterol,C15H14N1O4,641.47,5.93,265.403,Alkaloid
Caffeine,C12H13N2O4,534.71,N/A,723.583,Neurotransmitter
Urea,C2H37N4O3,495.76,1.87,110.951,Alkaloid
Adenosine triphosphate,C9H21N1O1,399.91,7.63,181.457,Carbohydrate
Caffeine,C15H24N5O5,749.88,12.23,550.771,Nucleotide
Glucose,C20H32N3O3,611.37,8.84,359.704,Hormone
Serotonin,C9H16N2O6,422.43,N/A,626.552,Nucleotide
Aspirin,C14H16N2O0,947.45,9.91,493.603,Hormone
Ethanol,C15H13N3O6,971.55,9.64,988.925,Organic Compound
Ethanol,C17H7N2O0,809.62,8.44,561.917,Neurotransmitter
Cholesterol,C1H1N4O4,179.47,12.56,967.173,Organic Compound
Cholesterol,C6H4N5O9,432.72,8.65,156.278,Neurotransmitter
Aspirin,C6H9N4O5,735.65,3.52,567.861,Carbohydrate
Urea,C3H1N2O0,859.68,4.55,705.77,Neurotransmitter
Caffeine,C14H10N3O7,422.07,11.21,227.261,Hormone
Serotonin,C19H27N4O6,895.03,10.6,772.954,Neurotransmitter
Adenosine triphosphate,C14H4N2O4,807.66,9.53,915.909,Neurotransmitter
Adrenaline,C8H10N2O2,776.06,7.51,744.113,Neurotransmitter
Adenosine triphosphate,C15H1N4O2,761.77,5.24,594.103,Neurotransmitter
Adenosine triphosphate,C12H17N3O10,917.76,N/A,496.61,Carbohydrate
Ethanol,C13H28N1O0,420.22,1.52,176.031,Carbohydrate
Caffeine,C20H14N5O1,391.63,2.54,522.673,Amide
Glucose,C10H16N5O10,711.76,10.11,176.0,Alkaloid
Ethanol,C14H27N0O0,60.47,N/A,348.413,Alcohol
Serotonin,C2H36N1O7,777.09,6.76,914.569,Hormone
Dopamine,C8H21N5O5,307.15,1.97,222.778,Hormone
Cholesterol,C5H14N2O0,487.53,7.41,756.561,Organic Compound
Caffeine,C4H2N1O1,443.35,8.32,174.921,Amide
Cholesterol,C16H23N1O4,984.87,N/A,984.169,Alcohol
Caffeine,C16H33N2O2,892.19,N/A,730.752,Nucleotide
Serotonin,C13H39N1O2,874.24,3.58,274.261,Organic Compound
Ethanol,C8H13N4O7,628.92,N/A,856.079,Lipid
Dopamine,C6H1N0O8,558.61,1.89,779.552,Lipid
Adrenaline,C6H27N2O9,382.67,10.63,594.755,Hormone
Serotonin,C2H36N2O7,662.02,N/A,630.289,Amide
Urea,C17H35N5O8,516.02,5.23,991.915,Organic Compound
Serotonin,C7H19N2O2,691.94,11.95,752.032,Nucleotide
Dopamine,C11H6N4O7,182.77,N/A,603.182,Lipid
Caffeine,C16H29N2O7,328.34,13.13,432.197,Hormone
Adenosine triphosphate,C7H20N5O10,791.96,5.71,126.477,Carbohydrate
Serotonin,C10H8N1O5,424.61,8.92,42.659,Organic Compound
Adenosine triphosphate,C18H19N0O9,562.99,2.08,767.831,Alcohol
Cholesterol,C9H12N0O2,238.6,N/A,743.202,Amide
Ethanol,C2H6N2O5,390.45,3.12,425.17,Carbohydrate
Adrenaline,C17H2N1O6,253.29,8.23,346.351,Neurotransmitter
Adenosine triphosphate,C8H12N4O7,92.12,12.72,541.71,Neurotransmitter
Aspirin,C19H23N3O1,309.97,9.73,367.531,Hormone
Dopamine,C20H39N1O5,259.62,4.29,705.865,Alcohol
Adrenaline,C4H24N1O0,195.8,10.8,11.257,Organic Compound
Caffeine,C4H34N3O5,924.98,1.63,749.128,Nucleotide
Adrenaline,C7H25N2O1,835.44,12.99,392.918,Nucleotide
Adrenaline,C2H8N3O4,380.32,9.17,77.312,Amide
Dopamine,C14H38N1O8,207.11,1.01,462.012,Carbohydrate
Dopamine,C17H20N3O7,104.23,2.38,278.81,Neurotransmitter
Adrenaline,C17H6N2O5,105.32,2.53,340.681,Nucleotide
Urea,C18H19N1O9,808.67,5.77,897.039,Neurotransmitter
Ethanol,C15H36N4O1,517.69,8.65,580.309,Lipid
Dopamine,C11H3N3O2,98.73,13.22,609.231,Carbohydrate
Caffeine,C5H18N5O8,407.0,4.84,671.332,Alkaloid
Serotonin,C11H15N4O2,173.03,N/A,2.59,Alcohol
Aspirin,C1H11N5O0,669.31,13.2,501.119,Alcohol
Adrenaline,C9H11N4O9,190.76,5.03,67.16,Alkaloid
Caffeine,C2H13N1O0,691.1,2.49,271.916,Organic Compound
Dopamine,C2H39N5O2,723.09,N/A,659.334,Hormone
Adrenaline,C1H7N4O5,847.79,N/A,659.426,Lipid
Adrenaline,C7H39N1O1,197.54,13.63,282.243,Amide
Caffeine,C14H39N0O2,390.58,1.85,995.006,Amide
Cholesterol,C10H21N2O10,617.06,N/A,379.765,Alcohol
Ethanol,C18H4N5O9,271.09,12.03,18.056,Lipid
Dopamine,C3H29N5O0,253.31,13.17,336.071,Lipid
Caffeine,C7H17N0O10,613.82,1.18,763.449,Hormone
Dopamine,C1H28N2O8,915.7,5.29,253.265,Alkaloid
Glucose,C4H36N0O10,630.77,N/A,176.47,Hormone
Serotonin,C12H14N4O10,83.69,13.31,683.524,Amide
Adenosine triphosphate,C5H9N2O4,263.21,10.66,8.938,Neurotransmitter
Caffeine,C9H39N3O7,944.45,4.74,904.889,Alcohol
Aspirin,C7H29N4O4,729.94,4.76,665.466,Alcohol
Aspirin,C19H29N2O8,136.96,9.52,562.049,Hormone
Adenosine triphosphate,C5H36N2O3,818.85,N/A,462.377,Nucleotide
Adenosine triphosphate,C3H28N3O8,476.17,N/A,397.052,Alkaloid
Ethanol,C2H29N2O4,101.78,6.28,510.354,Organic Compound
Dopamine,C2H32N3O6,279.98,N/A,963.274,Carbohydrate
Adrenaline,C16H11N5O10,773.12,10.13,443.382,Alcohol
Aspirin,C12H23N5O8,427.77,5.57,857.821,Carbohydrate
Glucose,C17H8N1O5,187.68,10.54,943.175,Lipid
Urea,C1H26N5O5,183.85,5.69,495.931,Alkaloid
Aspirin,C5H39N4O2,72.4,3.86,918.174,Carbohydrate
Aspirin,C1H35N4O8,89.97,4.63,645.337,Nucleotide
Ethanol,C4H10N2O1,918.5,9.37,468.48,Alcohol
Aspirin,C10H11N5O9,179.12,N/A,68.296,Alcohol
Glucose,C11H18N1O4,473.38,9.92,899.198,Alcohol
Adrenaline,C2H19N2O9,497.82,9.77,976.882,Lipid
Aspirin,C18H7N4O5,799.57,10.87,728.452,Alkaloid
Adrenaline,C4H23N3O7,593.35,N/A,172.883,Nucleotide
Ethanol,C11H30N3O9,963.6,7.99,595.844,Alcohol
Adrenaline,C1H19N1O0,381.83,5.71,642.42,Lipid
Serotonin,C6H1N4O10,122.13,5.36,426.385,Alkaloid
Dopamine,C3H22N5O3,374.68,N/A,192.146,Alkaloid
Ethanol,C17H1N0O0,119.23,5.32,343.776,Lipid
Cholesterol,C18H5N2O4,956.82,9.44,333.534,Organic Compound
Dopamine,C7H37N0O0,381.72,11.09,808.994,Hormone
Serotonin,C15H4N0O6,784.57,4.36,794.606,Nucleotide
Ethanol,C8H29N2O10,670.12,11.49,954.357,Alkaloid
Urea,C1H4N2O2,785.12,N/A,603.425,Alcohol
Aspirin,C15H40N3O7,913.77,7.32,779.557,Carbohydrate
Cholesterol,C14H20N4O8,894.76,13.84,438.606,Amide
Dopamine,C13H36N0O2,837.5,8.93,789.193,Amide
Urea,C16H24N1O8,870.24,8.18,231.421,Amide
Glucose,C18H7N4O10,358.22,9.44,269.439,Neurotransmitter
Glucose,C1H36N4O6,813.41,13.16,569.416,Hormone
Cholesterol,C8H4N1O6,914.43,11.68,21.333,Lipid
Adenosine triphosphate,C9H33N5O7,414.6,12.24,360.892,Nucleotide
Aspirin,C10H27N1O10,425.25,5.8,535.414,Organic Compound
Adenosine triphosphate,C5H14N0O9,670.56,10.87,838.102,Nucleotide
Ethanol,C10H1N2O10,463.69,6.44,885.479,Nucleotide
Serotonin,C11H2N3O5,109.07,1.33,411.696,Alkaloid
Caffeine,C4H39N3O0,598.34,13.3,619.453,Amide
Glucose,C16H2N1O1,952.86,1.65,342.677,Neurotransmitter
Caffeine,C20H37N5O8,82.76,12.54,594.155,Organic Compound
Ethanol,C16H8N3O7,805.77,2.27,864.323,Alcohol
Caffeine,C4H23N2O6,610.79,5.84,471.925,Carbohydrate
Urea,C15H39N4O5,837.87,2.64,306.372,Lipid
Urea,C3H36N3O3,109.63,N/A,720.981,Lipid
Dopamine,C20H35N1O9,643.71,12.11,942.081,Nucleotide
Urea,C18H22N4O3,88.64,7.41,555.911,Nucleotide
Aspirin,C11H14N1O5,147.67,11.96,380.908,Alkaloid
Cholesterol,C20H32N4O0,511.08,11.2,86.41,Amide
Dopamine,C6H24N1O5,434.41,1.84,248.348,Alcohol
Caffeine,C2H24N1O8,664.81,6.09,809.74,Lipid
Adenosine triphosphate,C17H35N4O3,300.96,4.87,641.712,Alcohol
Urea,C12H15N3O8,464.67,1.82,111.12,Nucleotide
Caffeine,C20H25N3O1,327.47,5.8,646.454,Alkaloid
Cholesterol,C2H7N2O1,725.89,9.54,219.879,Organic Compound
Urea,C12H1N4O4,813.03,9.34,178.543,Carbohydrate
Adenosine triphosphate,C12H19N2O7,258.14,4.88,435.47,Neurotransmitter
Caffeine,C18H13N3O6,521.33,3.05,170.313,Nucleotide
Dopamine,C2H39N1O8,568.25,N/A,805.47,Alcohol
Adenosine triphosphate,C19H15N5O2,824.18,4.06,760.124,Hormone
Urea,C6H31N3O10,437.02,N/A,225.751,Lipid
Serotonin,C14H11N2O8,616.28,3.25,646.856,Amide
Ethanol,C9H35N5O3,625.19,N/A,908.296,Alcohol
Ethanol,C3H22N5O5,309.69,2.5,254.876,Amide
Adenosine triphosphate,C15H12N4O6,55.53,1.34,303.775,Alcohol
Aspirin,C18H35N2O3,605.86,N/A,167.825,Hormone
Caffeine,C3H33N0O10,726.05,N/A,812.573,Organic Compound
Urea,C7H17N4O1,786.13,10.0,252.603,Amide
Adrenaline,C19H12N1O9,78.32,N/A,833.42,Neurotransmitter
Adrenaline,C10H25N2O10,77.81,11.92,656.803,Alkaloid
Urea,C7H39N5O8,823.95,4.71,659.697,Nucleotide
Caffeine,C10H5N5O5,134.66,8.58,640.901,Neurotransmitter
Ethanol,C20H33N4O2,707.93,N/A,764.927,Alkaloid
Urea,C4H32N2O10,919.82,4.15,691.671,Hormone
Caffeine,C12H9N1O1,555.91,12.18,188.415,Organic Compound
Aspirin,C17H7N2O6,161.34,5.37,811.995,Nucleotide
Aspirin,C10H1N1O3,235.96,10.51,572.017,Alkaloid
Urea,C4H35N0O8,679.71,N/A,238.256,Nucleotide
Urea,C3H28N2O5,746.88,3.7,434.942,Organic Compound
Adenosine triphosphate,C3H30N4O8,706.28,11.54,452.784,Lipid
Dopamine,C3H35N1O4,120.82,1.02,451.956,Amide
Urea,C12H26N5O0,261.63,9.42,529.246,Nucleotide
Cholesterol,C4H9N4O9,610.39,N/A,533.649,Neurotransmitter
Adenosine triphosphate,C4H32N2O1,53.68,4.88,497.997,Alcohol
Urea,C11H6N5O2,300.05,N/A,665.982,Organic Compound
Urea,C12H22N5O6,256.63,1.44,678.46,Organic Compound
Caffeine,C3H8N0O0,380.42,5.35,32.671,Organic Compound
Dopamine,C1H12N3O9,471.15,5.01,344.157,Lipid
Adrenaline,C1H30N4O3,481.06,5.33,333.963,Hormone
Adrenaline,C6H21N4O5,113.85,3.79,757.054,Carbohydrate
Adrenaline,C7H14N1O3,151.54,10.44,362.636,Carbohydrate
Adenosine triphosphate,C4H19N4O2,359.86,N/A,432.624,Hormone
Adenosine triphosphate,C14H24N3O8,927.78,N/A,971.141,Lipid
Adenosine triphosphate,C1H31N3O0,377.85,N/A,284.587,Amide
Glucose,C14H14N5O2,546.56,10.59,387.021,Neurotransmitter
Adenosine triphosphate,C15H36N0O10,624.52,11.51,156.345,Amide
Serotonin,C13H33N3O4,381.96,2.84,895.652,Alkaloid
Cholesterol,C12H12N5O4,516.71,8.75,209.759,Carbohydrate
Serotonin,C7H29N2O7,589.64,10.08,168.138,Nucleotide
Dopamine,C3H39N5O7,420.98,4.91,869.693,Hormone
Aspirin,C16H15N0O7,693.51,2.88,539.545,Alcohol
Adrenaline,C19H25N2O3,958.64,8.56,77.008,Neurotransmitter
Dopamine,C9H26N2O3,856.2,13.48,634.629,Carbohydrate
Urea,C20H11N3O8,709.12,N/A,586.727,Neurotransmitter
Serotonin,C15H23N1O1,870.89,6.96,76.563,Carbohydrate
Serotonin,C4H4N4O3,590.45,10.82,390.282,Alkaloid
Caffeine,C15H35N1O5,957.9,11.4,179.788,Amide
Cholesterol,C18H15N3O1,183.46,6.34,197.516,Alcohol
Glucose,C12H34N3O5,128.94,8.43,803.424,Hormone
Urea,C17H9N1O3,861.71,11.93,485.072,Lipid
Aspirin,C16H30N4O10,591.44,N/A,923.166,Organic Compound
Cholesterol,C8H16N5O3,783.14,N/A,79.187,Neurotransmitter
Aspirin,C16H28N1O4,827.84,N/A,800.565,Alkaloid
Serotonin,C16H7N5O2,715.34,N/A,29.803,Amide
Glucose,C7H5N1O4,977.94,5.81,760.216,Carbohydrate
Adenosine triphosphate,C9H27N5O7,996.35,7.68,226.924,Hormone
Aspirin,C16H12N5O1,524.06,13.66,369.651,Alcohol
Adrenaline,C10H8N4O10,669.52,9.83,503.808,Nucleotide
Cholesterol,C1H21N1O4,997.56,2.18,857.066,Neurotransmitter
Adenosine triphosphate,C11H10N2O9,890.66,13.36,513.116,Alcohol
Caffeine,C20H32N0O7,733.25,3.38,389.473,Nucleotide
Urea,C14H5N2O7,336.03,4.91,651.771,Carbohydrate
Serotonin,C6H19N2O3,843.7,6.55,305.167,Lipid
Caffeine,C9H21N0O2,373.17,7.94,471.026,Neurotransmitter
Dopamine,C13H38N2O4,838.31,10.57,864.68,Amide
Serotonin,C1H19N0O6,946.26,1.41,134.144,Amide
Serotonin,C16H12N5O8,643.97,5.63,505.97,Hormone
Adrenaline,C19H19N1O5,999.33,N/A,580.188,Carbohydrate
Serotonin,C16H13N0O6,280.34,3.47,346.151,Carbohydrate
Glucose,C5H15N2O7,620.1,N/A,144.392,Organic Compound
Urea,C1H40N1O8,302.12,N/A,386.566,Neurotransmitter
Dopamine,C13H13N2O7,651.37,5.19,320.433,Alkaloid
Adrenaline,C19H15N1O4,943.6,12.75,313.206,Hormone
Urea,C14H21N3O10,639.43,13.96,391.86,Amide
Glucose,C16H28N2O3,152.54,11.82,262.462,Neurotransmitter
Urea,C7H8N1O10,998.9,7.29,820.528,Alcohol
Aspirin,C18H5N5O5,275.47,3.19,157.758,Alkaloid
Serotonin,C2H34N1O8,629.34,12.05,819.82,Hormone
Adenosine triphosphate,C14H26N5O10,359.71,2.56,94.492,Nucleotide
Aspirin,C9H40N0O9,494.0,10.0,267.295,Lipid
Glucose,C8H12N4O3,903.3,N/A,477.886,Nucleotide
Dopamine,C10H38N4O0,410.32,5.33,655.77,Lipid
Aspirin,C5H38N0O6,345.59,9.36,817.424,Lipid
Dopamine,C11H6N4O0,577.71,N/A,547.481,Hormone
Ethanol,C3H4N2O8,284.44,2.56,155.642,Neurotransmitter
Caffeine,C7H6N1O5,954.31,5.64,709.864,Carbohydrate
Serotonin,C7H15N0O3,968.91,4.83,623.015,Nucleotide
Dopamine,C15H25N2O0,571.16,N/A,270.657,Alkaloid
Glucose,C18H19N5O1,955.31,6.78,536.078,Amide
Caffeine,C20H35N1O3,798.6,1.01,143.143,Carbohydrate
Adenosine triphosphate,C13H32N2O5,577.46,7.75,404.985,Lipid
Adenosine triphosphate,C3H17N0O8,368.28,N/A,814.164,Organic Compound
Dopamine,C5H16N4O3,660.58,5.95,479.122,Hormone
Caffeine,C8H10N5O0,781.4,8.74,575.082,Nucleotide
Dopamine,C13H5N2O3,935.41,3.19,679.05,Hormone
Glucose,C18H9N3O2,971.97,2.89,464.596,Neurotransmitter
Cholesterol,C8H12N4O8,675.91,1.26,340.212,Amide
Serotonin,C20H34N3O9,475.75,9.19,303.077,Carbohydrate
Aspirin,C6H12N3O8,630.93,6.17,630.344,Amide
Adenosine triphosphate,C13H15N5O7,766.46,N/A,157.561,Carbohydrate
Urea,C19H3N4O5,555.45,12.82,732.917,Amide
Ethanol,C17H40N3O5,440.22,9.63,729.3,Hormone
Ethanol,C5H14N3O2,386.92,6.06,539.518,Lipid
Dopamine,C18H19N5O3,660.13,12.28,580.061,Amide
Adenosine triphosphate,C20H31N3O9,873.94,1.08,656.747,Nucleotide
Caffeine,C10H16N5O0,728.31,1.04,691.396,Lipid
Aspirin,C6H33N0O3,132.68,9.71,451.405,Organic Compound
Adrenaline,C14H40N0O6,97.8,N/A,397.822,Alcohol
Caffeine,C14H36N2O6,568.78,4.21,656.764,Alcohol
Cholesterol,C13H34N1O0,634.04,N/A,296.082,Nucleotide
Ethanol,C7H29N4O2,609.07,12.25,793.396,Alkaloid
Urea,C13H1N0O3,784.04,3.35,56.917,Alcohol
Adrenaline,C1H4N1O7,991.32,6.98,863.195,Alkaloid
Adrenaline,C2H34N2O5,119.67,7.18,411.273,Alcohol
Adenosine triphosphate,C2H22N1O2,713.05,8.1,90.464,Alcohol
Aspirin,C13H13N1O2,370.95,3.5,873.168,Alkaloid
Adenosine triphosphate,C8H37N2O10,123.28,9.04,193.024,Carbohydrate
Aspirin,C20H22N5O6,462.52,7.64,786.634,Lipid
Adenosine triphosphate,C8H15N2O2,767.57,N/A,117.647,Neurotransmitter
Caffeine,C11H36N1O1,275.9,13.09,387.541,Carbohydrate
Aspirin,C18H34N3O2,326.32,13.29,6.508,Organic Compound
Dopamine,C8H16N1O1,854.14,N/A,472.686,Amide
Urea,C18H37N5O3,156.96,5.21,289.311,Lipid
Aspirin,C10H11N5O6,66.11,9.29,200.306,Lipid
Caffeine,C12H4N3O9,446.28,2.56,697.459,Nucleotide
Glucose,C15H40N1O3,842.65,N/A,509.399,Alcohol
Serotonin,C4H36N1O4,346.36,N/A,548.42,Alkaloid
Cholesterol,C5H29N1O10,652.79,3.37,502.371,Lipid
Adenosine triphosphate,C12H30N0O8,362.65,13.3,392.845,Alkaloid
Glucose,C6H15N4O3,116.59,9.33,3.338,Alcohol
Ethanol,C2H40N1O2,670.35,7.86,114.068,Carbohydrate
Adrenaline,C18H1N2O1,107.9,N/A,42.209,Organic Compound
Cholesterol,C17H17N4O2,404.28,11.09,821.65,Neurotransmitter
Dopamine,C14H16N3O2,812.59,N/A,465.933,Carbohydrate
Aspirin,C1H23N5O8,405.55,8.38,959.389,Lipid
Urea,C15H2N1O4,799.85,8.4,918.661,Hormone
Glucose,C5H11N4O5,418.92,13.49,560.114,Neurotransmitter
Glucose,C8H26N3O10,215.15,7.52,877.667,Nucleotide
Adrenaline,C11H36N3O6,853.58,7.14,311.023,Organic Compound
Ethanol,C16H14N5O1,502.73,4.9,445.603,Organic Compound
Adenosine triphosphate,C16H34N0O7,630.1,N/A,218.124,Nucleotide
Urea,C15H29N0O5,857.78,3.09,604.224,Nucleotide
Glucose,C3H30N1O1,409.83,12.92,83.372,Carbohydrate
Ethanol,C4H32N5O5,652.13,N/A,498.611,Organic Compound
Caffeine,C20H5N1O7,454.06,8.07,191.133,Neurotransmitter
Serotonin,C9H8N5O6,265.8,9.43,744.551,Neurotransmitter
Serotonin,C20H39N1O8,411.05,6.58,72.29,Neurotransmitter
Ethanol,C2H17N4O5,112.47,8.18,380.859,Hormone
Adrenaline,C18H14N4O1,768.88,N/A,677.751,Hormone
Urea,C16H20N3O6,129.32,10.1,47.408,Organic Compound
Urea,C10H30N5O9,497.74,11.65,231.904,Hormone
Glucose,C19H8N1O5,98.3,8.89,32.192,Alkaloid
Serotonin,C12H18N0O4,104.23,11.49,516.22,Lipid
Ethanol,C20H39N1O10,919.85,2.47,433.723,Organic Compound
Dopamine,C15H40N3O9,605.22,4.13,271.25,Amide
Adenosine triphosphate,C2H34N3O10,462.27,6.65,783.065,Neurotransmitter
Cholesterol,C16H27N5O5,578.73,9.17,41.566,Lipid
Cholesterol,C9H4N3O5,835.55,3.25,586.159,Amide
Ethanol,C15H35N0O6,992.36,N/A,418.046,Nucleotide
Ethanol,C4H10N5O5,619.98,13.02,403.997,Neurotransmitter
Glucose,C19H6N5O0,128.09,4.24,963.418,Neurotransmitter
Dopamine,C18H10N5O6,566.29,5.37,999.926,Hormone
Serotonin,C8H12N0O1,485.91,1.08,44.005,Nucleotide
Cholesterol,C2H14N2O9,599.72,5.81,362.664,Lipid
Cholesterol,C9H5N0O5,69.84,10.84,405.103,Carbohydrate
Caffeine,C13H28N0O10,778.59,9.74,333.91,Organic Compound
Adenosine triphosphate,C2H38N2O8,639.26,4.73,200.178,Hormone
Aspirin,C11H5N2O1,164.91,7.45,82.782,Organic Compound
Glucose,C11H23N0O10,866.11,N/A,756.242,Alkaloid
Dopamine,C8H14N5O3,153.97,N/A,471.947,Carbohydrate
Ethanol,C2H23N4O0,902.33,9.25,379.988,Alkaloid
Serotonin,C15H27N3O10,436.88,N/A,416.462,Hormone
Dopamine,C7H32N0O0,985.14,11.63,856.178,Hormone
Urea,C18H14N2O7,774.75,1.33,57.332,Organic Compound
Glucose,C5H26N3O4,162.67,8.9,953.46,Organic Compound
Caffeine,C17H9N4O8,907.67,N/A,956.687,Amide
Dopamine,C20H24N4O0,737.04,1.11,168.808,Amide
Glucose,C20H40N2O4,738.15,5.48,405.436,Alkaloid
Ethanol,C14H29N2O2,368.67,10.52,595.006,Hormone
Urea,C7H18N2O3,881.05,13.61,720.319,Carbohydrate
Serotonin,C20H2N4O8,142.15,11.37,105.383,Amide
Dopamine,C5H23N2O8,476.43,N/A,28.867,Organic Compound
Adenosine triphosphate,C17H6N2O4,491.52,7.96,842.372,Carbohydrate
Dopamine,C7H22N1O5,472.87,6.44,576.576,Alkaloid
Caffeine,C14H5N2O9,699.45,6.85,971.579,Amide
Adrenaline,C15H27N2O8,988.68,5.94,697.949,Lipid
Ethanol,C3H32N3O1,972.48,12.32,970.619,Alkaloid
Cholesterol,C11H5N4O2,89.12,4.7,40.584,Neurotransmitter
Adenosine triphosphate,C7H5N5O4,497.46,6.53,897.904,Nucleotide
Dopamine,C10H15N3O1,279.13,4.52,125.818,Alkaloid
Ethanol,C3H40N2O0,867.16,1.25,194.601,Amide
Adenosine triphosphate,C5H2N3O5,114.15,1.41,860.737,Carbohydrate
Adenosine triphosphate,C5H6N2O0,653.64,13.19,838.985,Carbohydrate
Ethanol,C20H27N5O3,183.49,12.46,223.136,Hormone
Glucose,C16H12N2O5,983.71,N/A,224.475,Nucleotide
Urea,C16H39N0O8,663.44,9.54,406.185,Alcohol
Aspirin,C12H33N4O2,933.29,2.99,755.271,Amide
Caffeine,C3H15N1O5,593.2,8.2,171.989,Neurotransmitter
Adrenaline,C17H21N4O3,673.28,5.92,384.503,Carbohydrate
Caffeine,C18H18N1O6,921.9,1.39,96.082,Amide
Cholesterol,C14H9N4O6,996.29,3.88,835.718,Neurotransmitter
Aspirin,C19H12N1O3,168.78,N/A,213.417,Lipid
Adenosine triphosphate,C14H2N3O8,865.52,3.05,827.306,Lipid
Caffeine,C15H36N4O7,55.92,7.05,291.353,Hormone
Aspirin,C17H6N4O3,731.73,2.73,946.526,Nucleotide
Aspirin,C2H37N0O9,949.07,9.69,718.261,Neurotransmitter
Caffeine,C16H7N1O3,832.47,10.42,696.72,Alcohol
Serotonin,C15H2N2O1,655.25,10.55,562.029,Hormone
Adenosine triphosphate,C14H2N2O6,853.24,6.11,521.472,Neurotransmitter
Adrenaline,C12H37N2O2,304.77,11.52,415.96,Alcohol
Dopamine,C8H35N3O0,797.05,1.87,917.626,Lipid
Dopamine,C17H35N4O1,159.47,13.49,433.041,Hormone
Cholesterol,C9H33N2O9,60.44,8.32,318.571,Carbohydrate
Caffeine,C20H22N4O4,565.36,12.51,826.61,Amide
Cholesterol,C11H11N0O2,161.39,13.31,635.961,Neurotransmitter
Glucose,C15H13N5O4,454.4,3.07,825.385,Lipid
Adrenaline,C5H38N1O0,546.23,12.0,203.45,Neurotransmitter
Caffeine,C13H23N4O4,486.68,1.74,386.841,Hormone
Cholesterol,C4H5N2O9,990.53,N/A,279.374,Carbohydrate
Serotonin,C5H24N1O6,642.32,7.29,163.521,Nucleotide
Cholesterol,C6H2N0O10,546.01,4.51,119.459,Nucleotide
Urea,C7H34N1O1,979.08,2.96,465.355,Hormone
Urea,C3H9N5O7,514.98,N/A,686.068,Carbohydrate
Cholesterol,C4H20N5O0,288.06,4.58,837.284,Organic Compound
Adrenaline,C4H21N5O6,386.29,4.89,573.084,Carbohydrate
Adrenaline,C15H39N3O6,772.06,8.51,243.597,Neurotransmitter
Cholesterol,C9H22N5O2,432.21,9.91,975.297,Lipid
Ethanol,C10H17N3O2,450.92,N/A,404.756,Lipid
Urea,C2H7N3O7,634.07,10.79,266.506,Lipid
Serotonin,C5H16N5O7,164.85,12.08,292.457,Amide
Adrenaline,C8H3N3O8,228.8,5.76,958.647,Carbohydrate
Adrenaline,C2H2N2O1,334.85,3.32,689.39,Carbohydrate
Cholesterol,C18H31N0O2,573.91,10.95,814.126,Carbohydrate
Urea,C19H4N1O1,334.34,12.34,768.678,Organic Compound
Serotonin,C14H14N5O8,408.19,13.99,555.42,Neurotransmitter
Ethanol,C2H12N5O8,730.86,N/A,310.246,Lipid
Cholesterol,C16H9N2O6,846.77,11.31,190.927,Alkaloid
Dopamine,C7H24N4O0,578.22,7.48,738.308,Organic Compound
Adrenaline,C18H34N0O6,764.35,10.86,154.641,Carbohydrate
Caffeine,C19H35N3O6,325.35,N/A,724.646,Alcohol
Adrenaline,C14H4N1O2,791.12,9.69,816.742,Organic Compound
Ethanol,C1H3N0O6,497.11,2.31,665.206,Lipid
Glucose,C4H26N1O1,430.78,N/A,498.785,Alcohol
Ethanol,C11H11N4O7,313.6,4.16,47.469,Neurotransmitter
Cholesterol,C5H36N1O2,834.82,12.94,730.616,Alcohol
Urea,C19H39N4O6,754.8,7.19,614.674,Lipid
Dopamine,C3H26N4O2,279.91,8.61,909.025,Alcohol
Caffeine,C6H25N1O5,754.99,12.55,909.514,Amide
Cholesterol,C9H29N1O4,261.91,N/A,355.273,Carbohydrate
Serotonin,C3H5N1O8,353.22,7.27,327.429,Nucleotide
Serotonin,C12H30N5O7,383.55,5.41,804.481,Lipid
Dopamine,C15H8N1O7,167.7,N/A,771.762,Lipid
Dopamine,C20H8N5O5,410.38,3.2,209.288,Nucleotide
Aspirin,C8H15N2O0,482.13,N/A,447.783,Lipid
Glucose,C15H8N0O0,216.61,4.07,69.169,Hormone
Adrenaline,C1H13N1O6,162.38,1.14,879.431,Lipid
Caffeine,C1H23N2O9,521.64,4.93,398.655,Alkaloid
Adrenaline,C14H3N5O7,752.58,13.29,914.631,Nucleotide
Dopamine,C17H30N5O4,77.66,9.35,301.324,Nucleotide
Serotonin,C5H37N3O6,268.73,5.72,608.177,Organic Compound
Serotonin,C13H28N1O9,824.84,11.72,626.858,Amide
Aspirin,C3H28N1O0,795.43,N/A,710.321,Hormone
Caffeine,C4H3N3O0,73.58,12.07,839.876,Alkaloid
Urea,C14H39N1O8,843.83,13.62,28.801,Carbohydrate
Dopamine,C9H18N0O4,858.52,2.24,628.7,Carbohydrate
Serotonin,C3H7N2O4,192.94,13.32,359.638,Alcohol
Adrenaline,C4H13N5O7,907.06,N/A,664.328,Nucleotide
Glucose,C4H34N4O5,596.52,N/A,669.796,Organic Compound
Dopamine,C17H30N1O4,568.02,1.79,448.644,Lipid
Serotonin,C12H15N4O6,395.77,N/A,735.416,Alkaloid
Ethanol,C7H34N0O1,919.9,N/A,447.407,Alcohol
Urea,C6H37N2O9,222.09,3.37,158.076,Organic Compound
Serotonin,C4H7N0O9,135.21,5.3,440.125,Alkaloid
Cholesterol,C11H27N2O5,752.95,5.31,38.319,Alkaloid
Glucose,C16H14N0O1,233.19,12.46,190.539,Alcohol
Caffeine,C2H11N2O5,194.6,N/A,975.044,Neurotransmitter
Urea,C3H19N3O10,339.98,N/A,789.976,Carbohydrate
Adenosine triphosphate,C11H3N4O5,972.96,7.9,777.743,Alkaloid
Urea,C3H8N1O5,50.28,8.79,665.346,Organic Compound
Glucose,C13H3N4O3,761.03,9.76,584.244,Amide
Ethanol,C18H5N4O6,959.25,3.43,23.494,Hormone
Aspirin,C18H23N2O4,228.27,8.89,18.831,Nucleotide
Urea,C14H2N5O5,615.69,3.88,558.196,Neurotransmitter
Adenosine triphosphate,C6H32N4O6,536.92,12.78,278.744,Amide
Adenosine triphosphate,C1H4N3O10,916.12,11.74,985.107,Organic Compound
Glucose,C7H40N1O2,514.36,1.2,982.416,Hormone
Aspirin,C12H8N2O9,849.82,N/A,406.058,Alcohol
Serotonin,C16H4N3O10,283.71,N/A,4.35,Neurotransmitter
Glucose,C20H7N5O1,708.95,13.93,433.089,Amide
Adenosine triphosphate,C5H1N3O5,963.42,7.88,295.245,Amide
Glucose,C10H28N1O2,216.51,10.76,878.066,Amide
Serotonin,C16H29N3O10,142.68,N/A,356.85,Alkaloid
Urea,C18H13N0O4,973.3,13.17,314.073,Hormone
Urea,C11H33N2O4,268.62,5.04,697.879,Hormone
Cholesterol,C7H23N1O9,642.84,10.56,397.164,Carbohydrate
Caffeine,C11H8N1O6,470.49,1.01,96.95,Alkaloid
Adenosine triphosphate,C16H34N4O10,620.29,3.54,549.764,Hormone
Urea,C1H9N3O3,441.01,10.11,102.08,Lipid
Serotonin,C8H40N2O0,449.05,7.3,465.053,Alcohol
Adrenaline,C10H19N3O3,99.85,12.5,158.263,Alkaloid
Glucose,C4H28N1O1,269.22,3.22,545.075,Organic Compound
Adenosine triphosphate,C3H10N4O4,737.24,10.26,976.654,Organic Compound
Glucose,C14H17N2O10,584.81,12.59,877.981,Neurotransmitter
Dopamine,C14H2N2O5,709.46,3.87,514.116,Hormone
Urea,C12H32N0O4,995.94,N/A,751.35,Lipid
Urea,C3H18N5O8,117.66,3.14,302.484,Neurotransmitter
Ethanol,C7H22N0O8,889.79,9.38,602.507,Alcohol
Urea,C15H26N5O10,282.04,13.44,284.465,Hormone
Urea,C10H8N4O10,625.99,7.32,168.67,Alcohol
Adrenaline,C4H24N4O6,115.63,7.74,439.074,Carbohydrate
Urea,C10H27N0O0,561.2,12.28,884.793,Neurotransmitter
Ethanol,C7H22N2O6,320.26,9.9,498.154,Lipid
Serotonin,C7H30N2O2,908.16,9.17,846.633,Nucleotide
Glucose,C10H40N0O5,961.17,2.22,560.046,Carbohydrate
Ethanol,C19H8N4O7,439.49,N/A,53.572,Hormone
Urea,C16H6N2O2,776.55,6.63,340.447,Hormone
Serotonin,C1H35N4O3,394.5,2.13,455.449,Organic Compound
Dopamine,C15H35N5O8,804.57,9.48,848.903,Amide
Glucose,C14H31N3O10,124.74,5.5,586.653,Alcohol
Aspirin,C17H13N2O4,324.94,N/A,170.026,Alcohol
Ethanol,C15H22N4O6,669.34,2.01,490.151,Neurotransmitter
Caffeine,C16H27N3O10,586.53,13.48,406.738,Nucleotide
Serotonin,C18H35N0O10,753.5,13.55,285.879,Lipid
Adenosine triphosphate,C20H16N5O8,638.63,4.53,699.903,Alcohol
Adrenaline,C10H32N3O5,224.64,6.65,134.002,Lipid
Dopamine,C16H1N3O4,633.05,7.08,366.057,Lipid
Cholesterol,C9H31N0O6,434.15,10.41,41.835,Alcohol
Serotonin,C10H20N0O10,484.84,N/A,587.986,Carbohydrate
Glucose,C4H11N0O10,320.83,7.21,512.908,Nucleotide
Ethanol,C19H37N0O10,385.89,3.45,417.328,Carbohydrate
Ethanol,C17H28N0O3,864.16,6.37,531.646,Neurotransmitter
Urea,C7H6N3O1,90.09,8.12,883.661,Alcohol
Adenosine triphosphate,C7H36N4O3,200.74,11.39,349.412,Organic Compound
Adrenaline,C1H38N0O10,383.66,1.75,266.022,Amide
Glucose,C6H2N5O2,235.5,9.55,229.852,Lipid
Urea,C7H5N4O0,642.55,7.36,514.585,Lipid
Adenosine triphosphate,C13H7N2O10,422.01,6.45,471.789,Carbohydrate
Adenosine triphosphate,C6H13N2O5,961.42,N/A,800.33,Lipid
Ethanol,C17H28N3O4,108.51,6.65,804.746,Lipid
Dopamine,C19H24N0O3,473.55,7.45,82.043,Lipid
Serotonin,C19H19N3O1,877.31,6.3,814.987,Organic Compound
Glucose,C18H32N1O9,938.58,6.76,415.461,Organic Compound
Glucose,C19H1N2O3,504.16,13.62,102.227,Hormone
Serotonin,C20H38N2O3,817.47,11.31,593.221,Amide
Cholesterol,C6H27N5O2,203.07,N/A,240.282,Hormone
Aspirin,C1H20N2O2,801.55,N/A,203.455,Carbohydrate
Dopamine,C3H5N2O6,821.27,8.41,602.86,Amide
Cholesterol,C14H4N4O3,650.19,N/A,805.224,Carbohydrate
Dopamine,C14H3N1O0,80.76,N/A,117.691,Hormone
Cholesterol,C4H32N0O6,358.18,6.27,31.642,Alcohol
Dopamine,C6H18N3O5,134.78,N/A,862.374,Organic Compound
Aspirin,C14H23N0O10,572.08,9.26,659.345,Alcohol
Aspirin,C12H37N3O3,384.17,9.94,574.438,Neurotransmitter
Caffeine,C17H30N3O6,901.96,2.01,946.552,Alkaloid
Dopamine,C16H39N5O7,968.88,6.44,247.399,Lipid
Caffeine,C17H4N4O7,410.16,6.51,362.602,Lipid
Aspirin,C12H8N3O4,375.31,N/A,432.994,Alkaloid
Cholesterol,C11H32N3O6,238.3,6.88,297.418,Neurotransmitter
Glucose,C11H16N2O7,249.33,7.49,689.159,Lipid
Caffeine,C3H1N4O1,374.69,6.37,395.465,Hormone
Serotonin,C18H14N4O0,459.52,9.31,19.278,Alcohol
Adenosine triphosphate,C5H3N1O1,928.88,5.69,590.164,Lipid
Serotonin,C9H26N3O4,269.49,2.76,364.193,Lipid
Aspirin,C19H14N2O9,376.01,N/A,248.722,Nucleotide
Urea,C12H19N1O5,103.61,8.57,651.331,Organic Compound
Cholesterol,C3H17N5O4,229.83,10.45,930.84,Lipid
Glucose,C14H31N2O3,489.11,13.12,221.266,Lipid
Adenosine triphosphate,C16H25N3O2,972.04,11.44,876.086,Nucleotide
Adrenaline,C7H9N4O0,625.94,8.6,755.058,Hormone
Dopamine,C7H35N2O9,113.83,N/A,99.388,Organic Compound
Caffeine,C9H5N5O10,817.73,N/A,704.449,Organic Compound
Cholesterol,C18H14N0O6,855.77,6.39,823.315,Hormone
Ethanol,C5H12N5O8,417.96,6.91,85.64,Hormone
Adenosine triphosphate,C10H14N3O4,607.15,4.39,220.492,Amide
Caffeine,C20H39N2O0,511.7,N/A,416.141,Alcohol
Ethanol,C20H34N5O3,750.1,N/A,969.786,Nucleotide
Adrenaline,C18H38N5O1,405.9,11.44,501.209,Nucleotide
Ethanol,C2H7N3O6,217.93,12.46,242.381,Amide
Adenosine triphosphate,C14H31N5O6,489.49,13.91,132.277,Hormone
Ethanol,C20H19N2O8,51.15,7.02,509.148,Lipid
Serotonin,C16H6N3O1,250.76,6.67,715.12,Carbohydrate
Serotonin,C3H14N5O3,963.58,9.31,266.37,Amide
Adenosine triphosphate,C18H20N2O1,463.23,5.65,275.373,Neurotransmitter
Aspirin,C11H19N2O5,398.94,6.05,830.925,Alcohol
Adrenaline,C2H13N2O9,678.3,8.77,485.307,Alcohol
Dopamine,C17H15N4O4,488.2,13.08,962.92,Amide
Cholesterol,C17H37N1O1,80.52,5.54,80.389,Carbohydrate
Cholesterol,C13H27N1O0,628.18,N/A,143.572,Alkaloid
Urea,C20H2N1O2,272.24,9.96,216.664,Nucleotide
Dopamine,C10H40N1O0,205.69,7.6,440.038,Neurotransmitter
Serotonin,C20H17N0O7,841.68,N/A,302.731,Nucleotide
Adenosine triphosphate,C6H18N3O1,745.79,4.92,658.926,Nucleotide
Serotonin,C14H36N5O6,123.38,1.06,298.438,Neurotransmitter
Aspirin,C10H17N2O2,416.37,5.59,767.561,Neurotransmitter
Adrenaline,C11H34N4O1,135.89,3.57,817.103,Carbohydrate
Aspirin,C20H11N0O7,886.54,12.04,413.554,Amide
Ethanol,C11H33N3O7,657.61,N/A,19.307,Organic Compound
Aspirin,C8H2N3O1,156.56,4.57,245.023,Hormone
Cholesterol,C6H25N4O1,741.51,N/A,632.764,Carbohydrate
Aspirin,C1H26N2O10,804.21,6.93,856.405,Lipid
Ethanol,C10H40N1O3,426.47,N/A,603.704,Alkaloid
Serotonin,C17H26N3O4,959.45,7.08,988.704,Alcohol
Adrenaline,C15H18N5O10,445.93,11.83,871.408,Lipid
Dopamine,C8H39N3O8,913.62,9.29,244.584,Neurotransmitter
Dopamine,C5H6N2O2,751.69,7.63,818.757,Alkaloid
Caffeine,C16H34N4O8,770.99,12.1,454.432,Alcohol
Caffeine,C12H12N4O2,99.89,10.42,512.777,Organic Compound
Adrenaline,C3H26N4O4,835.15,7.44,888.007,Organic Compound
Urea,C8H10N1O1,305.04,2.86,535.25,Alcohol
Caffeine,C17H35N1O8,623.63,8.26,990.852,Carbohydrate
Ethanol,C11H40N4O0,149.63,4.73,303.767,Alkaloid
Dopamine,C12H19N4O7,504.83,2.81,631.816,Lipid
Dopamine,C2H28N3O5,347.43,8.51,821.475,Alkaloid
Glucose,C6H1N2O7,268.72,11.4,436.631,Hormone
Adenosine triphosphate,C6H4N1O3,732.97,N/A,117.013,Organic Compound
Adenosine triphosphate,C15H19N4O3,296.18,13.23,875.087,Lipid
Dopamine,C19H38N2O10,854.61,10.49,771.178,Alkaloid
Caffeine,C7H4N2O7,222.05,7.56,753.195,Alcohol
Dopamine,C3H37N2O3,768.83,5.28,694.416,Hormone
Aspirin,C14H9N0O6,827.54,7.67,88.258,Lipid
Cholesterol,C16H10N4O9,769.2,N/A,316.036,Nucleotide
Urea,C11H2N2O2,742.17,N/A,51.824,Nucleotide
Ethanol,C5H20N5O4,766.7,10.77,569.426,Alkaloid
Adrenaline,C14H29N5O9,881.58,N/A,874.247,Carbohydrate
Serotonin,C2H24N1O10,683.31,11.4,934.237,Lipid
Cholesterol,C2H18N0O7,155.51,8.93,206.179,Lipid
Glucose,C18H7N0O9,543.3,5.55,417.637,Alkaloid
Caffeine,C17H14N0O4,779.92,10.43,182.256,Carbohydrate
Ethanol,C15H19N1O2,476.44,12.94,838.438,Alkaloid
Caffeine,C20H27N5O5,682.24,11.68,977.905,Carbohydrate
Cholesterol,C8H33N0O3,163.61,7.58,310.341,Amide
Dopamine,C10H33N5O7,962.84,3.13,29.772,Amide
Ethanol,C5H1N2O4,240.86,12.57,839.654,Nucleotide
Glucose,C10H22N3O1,408.72,1.94,456.893,Carbohydrate
Adenosine triphosphate,C18H6N0O9,421.76,8.32,458.903,Lipid
Adrenaline,C3H10N5O7,255.76,11.17,892.345,Amide
Caffeine,C15H13N1O7,677.85,12.41,177.067,Hormone
Caffeine,C10H37N3O9,476.84,7.22,986.17,Nucleotide
Adrenaline,C19H15N1O4,737.23,5.73,653.806,Alcohol
Adrenaline,C1H25N3O3,506.35,10.15,737.712,Hormone
Adrenaline,C5H24N3O5,367.01,3.97,828.375,Nucleotide
Ethanol,C8H26N3O8,659.58,5.3,847.394,Amide
Cholesterol,C8H40N4O9,807.65,13.45,476.521,Hormone
Aspirin,C7H6N3O1,428.0,2.61,621.311,Carbohydrate
Dopamine,C19H25N1O5,975.61,5.67,484.607,Organic Compound
Adenosine triphosphate,C4H33N5O6,616.91,9.76,592.145,Lipid
Serotonin,C5H2N2O8,311.82,5.48,933.697,Alcohol
Cholesterol,C5H15N0O5,91.01,1.32,299.659,Neurotransmitter
Ethanol,C20H18N4O5,456.7,4.21,323.722,Neurotransmitter
Adenosine triphosphate,C16H39N3O2,582.36,3.07,699.698,Alcohol
Cholesterol,C5H2N0O5,664.24,N/A,274.319,Organic Compound
Ethanol,C4H16N0O3,904.54,4.51,417.055,Nucleotide
Adenosine triphosphate,C13H20N0O6,744.47,4.02,340.553,Carbohydrate
Caffeine,C10H25N0O8,101.68,1.25,48.938,Organic Compound
Cholesterol,C1H19N5O3,679.04,12.1,620.442,Alcohol
Adenosine triphosphate,C16H40N1O7,381.19,4.43,253.881,Alkaloid
Urea,C12H28N1O4,715.0,9.53,534.775,Nucleotide
Serotonin,C15H3N0O6,567.21,8.13,432.944,Carbohydrate
Dopamine,C2H11N2O5,592.66,N/A,802.024,Amide
Serotonin,C13H37N1O2,197.55,5.81,692.303,Alcohol
Glucose,C3H32N2O9,435.47,2.85,994.801,Amide
Adrenaline,C11H6N0O1,457.94,N/A,581.023,Organic Compound
Caffeine,C8H40N5O4,406.48,N/A,505.712,Organic Compound
Adrenaline,C10H25N0O4,725.31,9.33,77.166,Organic Compound
Aspirin,C9H38N5O5,144.98,13.28,578.41,Alcohol
Serotonin,C20H7N4O9,525.4,11.52,252.625,Neurotransmitter
Aspirin,C11H35N3O7,415.26,12.68,388.294,Carbohydrate
Glucose,C16H23N4O5,376.07,10.28,582.596,Alcohol
Cholesterol,C18H39N5O3,660.44,7.92,944.929,Carbohydrate
Cholesterol,C11H5N1O10,181.33,N/A,793.179,Lipid
Caffeine,C16H32N1O9,793.85,12.41,719.494,Organic Compound
Ethanol,C11H27N3O7,742.04,12.04,663.469,Alcohol
Serotonin,C1H8N3O6,617.21,N/A,660.307,Neurotransmitter
Ethanol,C18H35N4O5,427.5,N/A,827.158,Alkaloid
Glucose,C6H39N0O8,148.46,N/A,229.072,Nucleotide
Dopamine,C6H2N3O2,578.97,N/A,130.308,Neurotransmitter
Glucose,C6H37N5O5,357.07,3.73,815.782,Hormone
Adrenaline,C11H6N4O10,213.64,4.06,684.918,Lipid
Urea,C16H19N1O0,135.8,12.82,512.466,Nucleotide
Aspirin,C8H26N0O9,67.89,N/A,168.796,Lipid
Aspirin,C13H19N5O10,337.07,10.24,861.937,Carbohydrate
Adrenaline,C2H20N3O5,211.9,N/A,389.633,Alcohol
Cholesterol,C9H32N0O10,749.07,8.39,327.566,Carbohydrate
Cholesterol,C14H15N0O0,972.21,5.25,62.381,Neurotransmitter
Glucose,C9H7N4O2,351.11,10.42,644.309,Lipid
Aspirin,C11H38N2O6,810.79,4.52,586.093,Alcohol
Dopamine,C12H25N5O3,632.09,12.94,633.01,Amide
Ethanol,C16H5N0O1,152.0,N/A,427.358,Nucleotide
Serotonin,C19H25N0O9,988.17,10.48,844.344,Organic Compound
Glucose,C2H5N4O7,269.96,4.74,178.158,Alkaloid
Adrenaline,C7H3N4O8,402.54,N/A,681.167,Lipid
Urea,C14H3N3O8,74.31,5.75,816.721,Neurotransmitter
Ethanol,C10H11N1O0,280.29,4.64,548.655,Carbohydrate
Glucose,C8H16N4O7,482.14,1.86,214.258,Alkaloid
Serotonin,C12H26N0O2,466.3,8.17,31.468,Organic Compound
Adrenaline,C20H32N2O0,594.78,N/A,940.188,Lipid
Cholesterol,C9H17N0O9,956.37,N/A,377.513,Nucleotide
Aspirin,C20H18N0O10,424.23,10.01,293.298,Amide
Urea,C15H14N5O8,753.8,11.41,446.546,Nucleotide
Serotonin,C8H29N4O8,554.74,N/A,545.724,Carbohydrate
Serotonin,C3H15N4O7,633.46,1.68,305.502,Carbohydrate
Cholesterol,C11H21N1O0,901.81,5.24,220.108,Alcohol
Adenosine triphosphate,C7H10N2O8,192.73,12.4,750.265,Alkaloid
Dopamine,C6H40N1O3,962.19,N/A,6.7,Alcohol
Ethanol,C5H21N0O0,920.32,7.17,141.995,Amide
Adrenaline,C9H31N2O1,999.44,8.43,230.965,Nucleotide
Cholesterol,C14H39N4O1,479.09,9.07,758.67,Lipid
Aspirin,C17H13N3O10,683.11,11.76,849.73,Alkaloid
Ethanol,C11H35N1O7,665.61,N/A,730.464,Lipid
Adrenaline,C6H27N4O5,512.94,3.56,81.014,Amide
Glucose,C4H26N3O3,449.93,11.39,977.484,Carbohydrate
Urea,C11H14N3O3,229.61,9.09,568.773,Carbohydrate
Serotonin,C12H24N1O4,242.24,N/A,271.133,Alcohol
Serotonin,C20H7N2O5,542.69,12.91,145.878,Organic Compound
Aspirin,C12H7N3O7,879.27,8.43,341.187,Organic Compound
Dopamine,C5H11N3O5,765.3,3.64,533.117,Lipid
Serotonin,C4H25N3O7,138.03,3.66,877.532,Alkaloid
Adenosine triphosphate,C1H32N4O4,890.0,N/A,866.655,Alkaloid
Urea,C18H16N0O3,763.62,N/A,990.573,Neurotransmitter
Dopamine,C19H23N1O4,344.23,8.07,791.232,Nucleotide
Cholesterol,C16H14N2O1,534.5,7.24,173.34,Alkaloid
Cholesterol,C15H20N2O8,148.51,N/A,315.301,Alcohol
Urea,C4H40N0O7,714.95,7.67,306.507,Alkaloid
Aspirin,C18H12N2O7,214.31,3.27,343.26,Amide
Glucose,C14H7N4O8,632.96,N/A,226.282,Organic Compound
Ethanol,C10H38N5O2,786.83,8.4,602.489,Alkaloid
Urea,C17H23N0O9,236.31,N/A,145.74,Amide
Aspirin,C6H9N2O1,697.33,5.06,135.367,Alkaloid
Aspirin,C2H11N2O3,400.78,3.43,533.609,Nucleotide
Adenosine triphosphate,C12H23N1O10,274.83,3.99,616.303,Neurotransmitter
Adrenaline,C6H10N2O8,470.2,N/A,75.886,Alcohol
Cholesterol,C9H1N1O8,607.27,10.49,683.37,Alkaloid
Dopamine,C15H2N2O3,975.9,2.35,282.623,Nucleotide
Glucose,C15H19N2O8,536.03,N/A,997.984,Alkaloid
Cholesterol,C14H19N2O7,784.93,5.07,912.367,Nucleotide
Serotonin,C4H12N3O5,155.16,9.84,464.187,Neurotransmitter
Serotonin,C10H12N3O10,575.3,1.08,572.87,Alcohol
Cholesterol,C1H8N4O0,936.68,13.33,892.809,Lipid
Cholesterol,C4H3N4O0,110.18,11.37,374.526,Hormone
Cholesterol,C12H35N4O7,638.35,2.95,893.209,Amide
Urea,C5H16N4O0,127.83,13.31,739.152,Organic Compound
Urea,C7H39N1O5,63.26,3.29,868.757,Hormone
Caffeine,C19H36N2O6,904.65,6.9,328.578,Nucleotide
Adrenaline,C3H9N2O2,194.83,8.44,822.85,Lipid
Ethanol,C7H22N0O10,173.7,N/A,648.178,Amide
Glucose,C7H31N2O3,204.05,6.44,363.714,Organic Compound
Adrenaline,C14H32N4O5,388.22,3.75,559.383,Carbohydrate
Dopamine,C11H34N2O1,569.39,N/A,50.689,Amide
Urea,C17H27N2O4,874.31,6.0,926.389,Organic Compound
Urea,C10H32N4O4,799.47,N/A,597.871,Hormone
Cholesterol,C19H16N5O3,186.43,1.94,284.239,Neurotransmitter
Glucose,C17H2N2O10,243.78,12.56,56.139,Hormone
Ethanol,C5H38N5O0,675.28,8.08,983.547,Amide
Adrenaline,C14H31N0O2,830.72,3.73,410.668,Lipid
Ethanol,C16H25N5O3,534.32,6.91,303.251,Alkaloid
Glucose,C19H28N1O0,185.37,12.46,133.819,Amide
Ethanol,C16H30N2O3,824.2,3.24,804.954,Organic Compound
Ethanol,C7H3N3O10,288.37,8.04,422.23,Organic Compound
Dopamine,C9H40N4O9,992.09,N/A,94.777,Amide
Cholesterol,C5H26N4O1,582.56,N/A,660.092,Amide
Caffeine,C1H33N1O2,992.38,11.8,269.528,Neurotransmitter
Ethanol,C4H28N4O10,872.57,11.24,238.24,Alkaloid
Cholesterol,C6H11N0O5,770.75,8.63,402.153,Amide
Dopamine,C15H19N3O0,148.69,6.13,626.518,Lipid
Caffeine,C10H25N5O10,343.62,1.31,469.425,Amide
Aspirin,C18H1N4O7,838.35,4.7,289.761,Alcohol
Aspirin,C2H10N0O6,227.1,11.56,140.314,Nucleotide
Caffeine,C18H6N5O3,317.53,3.67,377.995,Hormone
Ethanol,C4H16N1O5,682.72,4.06,271.219,Organic Compound
Adrenaline,C14H7N2O10,358.88,5.74,606.624,Alcohol
Aspirin,C11H18N1O2,930.92,N/A,833.123,Neurotransmitter
Serotonin,C19H17N0O8,660.72,5.22,390.953,Lipid
Glucose,C19H30N1O8,579.92,12.76,498.698,Amide
Caffeine,C19H13N2O3,448.38,3.98,510.427,Hormone
Adenosine triphosphate,C20H39N0O6,126.01,6.97,419.262,Neurotransmitter
Caffeine,C10H12N2O6,174.9,2.7,258.39,Lipid
Caffeine,C7H17N3O3,279.68,12.0,791.724,Hormone
Dopamine,C8H21N2O1,980.03,N/A,351.929,Alkaloid
Caffeine,C8H9N5O8,508.02,8.54,645.251,Hormone
Caffeine,C15H4N1O1,959.95,3.94,222.138,Nucleotide
Caffeine,C7H35N4O7,494.22,11.3,824.6,Hormone
Dopamine,C3H3N2O2,275.56,10.05,195.371,Neurotransmitter
Urea,C2H20N4O8,688.92,12.48,533.326,Nucleotide
Ethanol,C15H12N2O4,512.44,10.91,418.212,Carbohydrate
Ethanol,C8H37N1O6,248.89,10.35,684.182,Alkaloid
Dopamine,C16H25N1O0,801.1,2.0,17.372,Neurotransmitter
Cholesterol,C16H8N0O0,886.7,N/A,451.722,Amide
Adenosine triphosphate,C3H1N2O3,99.11,2.63,242.411,Amide
Cholesterol,C6H22N5O2,94.23,2.15,320.451,Amide
Caffeine,C12H14N2O6,147.63,N/A,747.411,Lipid
Adrenaline,C9H1N4O9,593.91,4.55,574.203,Neurotransmitter
Adrenaline,C14H6N2O0,928.06,6.42,467.004,Amide
Adrenaline,C6H20N5O1,564.91,8.15,263.166,Nucleotide
Urea,C2H39N1O2,936.47,13.57,367.511,Nucleotide
Glucose,C13H13N5O1,166.5,12.05,820.032,Hormone
Adrenaline,C8H3N2O6,574.8,9.36,802.828,Carbohydrate
Aspirin,C7H19N5O4,740.18,1.2,73.073,Alkaloid
Aspirin,C14H37N0O1,127.19,N/A,5.967,Nucleotide
Adenosine triphosphate,C15H8N2O7,221.63,5.43,442.571,Neurotransmitter
Dopamine,C1H33N2O5,838.89,N/A,668.697,Nucleotide
Dopamine,C6H4N5O8,448.48,5.67,880.079,Hormone
Adenosine triphosphate,C13H8N4O4,726.99,N/A,276.175,Nucleotide
Serotonin,C3H37N3O7,124.78,2.72,994.674,Amide
Urea,C1H3N1O7,297.13,10.22,660.283,Hormone
Serotonin,C12H35N5O8,557.32,1.69,330.327,Lipid
Dopamine,C10H1N1O0,586.07,12.29,709.548,Lipid
Adenosine triphosphate,C7H31N3O6,675.23,11.57,860.057,Nucleotide
Cholesterol,C19H33N2O4,534.56,7.37,859.735,Carbohydrate
Cholesterol,C16H1N1O9,160.81,3.29,318.024,Alcohol
Caffeine,C13H36N5O2,748.54,10.49,794.471,Alkaloid
Urea,C6H30N4O8,313.76,7.98,757.554,Amide
Serotonin,C20H3N3O3,725.8,N/A,224.557,Carbohydrate
Glucose,C18H2N4O7,750.89,9.01,832.346,Alcohol
Ethanol,C9H24N0O4,456.61,13.07,38.77,Neurotransmitter
Adrenaline,C8H35N0O7,277.72,N/A,152.509,Alkaloid
Adrenaline,C4H28N5O6,71.66,10.94,406.603,Organic Compound
Glucose,C9H19N3O0,687.64,11.44,286.849,Carbohydrate
Caffeine,C15H1N0O3,694.16,5.55,316.415,Nucleotide
Adenosine triphosphate,C5H23N5O2,608.63,N/A,320.383,Nucleotide
Ethanol,C17H16N0O1,147.85,6.03,917.944,Lipid
Dopamine,C6H24N2O3,701.67,4.13,912.508,Hormone
Adrenaline,C10H2N2O6,857.94,3.93,287.13,Neurotransmitter
Adenosine triphosphate,C12H1N0O6,907.14,N/A,665.855,Amide
Aspirin,C11H11N2O7,345.57,2.25,937.425,Amide
Serotonin,C2H38N3O4,873.93,4.55,904.461,Alcohol
Ethanol,C16H25N5O7,269.96,9.54,269.249,Lipid
Adenosine triphosphate,C14H23N0O6,196.91,13.97,910.373,Alcohol
Urea,C9H15N5O4,999.28,5.46,551.046,Amide
Serotonin,C3H2N0O1,446.37,7.23,865.547,Lipid
Ethanol,C12H38N2O2,117.66,4.06,207.515,Alcohol
Serotonin,C6H35N0O0,267.18,9.02,900.386,Hormone
Dopamine,C1H19N5O1,728.84,10.63,105.218,Alkaloid
Ethanol,C8H15N0O1,791.65,11.37,94.457,Carbohydrate
Adenosine triphosphate,C19H1N1O4,814.74,8.96,289.746,Lipid
Cholesterol,C16H16N1O7,656.4,4.26,441.223,Alcohol
Caffeine,C4H20N0O2,224.55,2.1,39.346,Nucleotide
Caffeine,C15H6N3O7,223.51,5.78,618.496,Alcohol
Adenosine triphosphate,C14H28N2O10,223.69,N/A,890.568,Alcohol
Adenosine triphosphate,C8H38N5O9,417.08,1.84,524.124,Alkaloid
Aspirin,C2H4N2O3,509.21,8.12,572.756,Nucleotide
Glucose,C9H24N1O5,114.45,11.77,559.717,Neurotransmitter
Aspirin,C8H19N5O5,817.47,4.2,948.141,Hormone
Cholesterol,C15H13N1O9,74.49,13.91,147.636,Hormone
Glucose,C7H17N5O2,84.32,3.97,825.644,Alcohol
Cholesterol,C17H40N0O9,584.5,9.31,606.422,Carbohydrate
Adenosine triphosphate,C18H15N5O3,821.42,11.38,507.786,Neurotransmitter
Aspirin,C1H10N0O6,662.87,9.13,103.327,Alcohol
Aspirin,C14H8N1O5,71.55,6.14,730.42,Hormone
Caffeine,C4H2N0O4,857.6,N/A,364.724,Alkaloid
Urea,C18H36N1O1,60.68,2.19,642.328,Alcohol
Caffeine,C2H2N5O6,587.44,5.15,106.956,Alcohol
Ethanol,C11H18N5O10,561.61,4.07,994.31,Hormone
Ethanol,C19H8N3O3,600.98,11.37,862.26,Lipid
Serotonin,C11H31N3O4,261.72,N/A,605.41,Amide
Dopamine,C14H20N5O7,947.03,N/A,81.347,Nucleotide
Caffeine,C20H21N0O2,385.04,5.34,445.143,Nucleotide
Aspirin,C1H19N5O7,479.48,5.91,812.354,Hormone
Adenosine triphosphate,C1H11N2O9,851.65,4.18,754.821,Organic Compound
Serotonin,C8H33N1O0,471.93,3.79,822.895,Amide
Aspirin,C6H39N1O5,556.39,2.46,149.86,Alkaloid
Adrenaline,C17H1N1O9,243.53,3.41,660.745,Amide
Serotonin,C12H25N5O6,574.97,9.88,334.802,Alkaloid
Adrenaline,C14H1N5O6,367.86,2.99,288.095,Lipid
Adenosine triphosphate,C10H36N2O3,549.91,7.57,911.072,Alkaloid
Caffeine,C4H5N1O0,606.83,8.81,890.941,Amide
Urea,C14H37N0O6,547.08,N/A,657.764,Carbohydrate
Ethanol,C20H27N2O9,370.53,6.65,732.23,Nucleotide
Cholesterol,C4H16N5O1,518.1,4.05,952.402,Neurotransmitter
Serotonin,C20H8N4O10,105.13,N/A,509.2,Carbohydrate
Glucose,C19H6N5O5,239.09,13.72,837.622,Nucleotide
Dopamine,C11H32N0O6,411.48,N/A,906.238,Alcohol
Serotonin,C8H36N3O2,514.75,8.97,999.49,Lipid
Glucose,C18H15N3O0,565.8,8.44,122.791,Alcohol
Urea,C13H27N5O6,712.21,1.72,295.743,Amide
Adrenaline,C15H18N4O10,825.79,2.57,206.616,Organic Compound
Glucose,C15H34N0O8,455.9,8.05,449.349,Lipid
Caffeine,C11H31N0O8,982.86,10.23,178.425,Hormone
Adrenaline,C6H3N3O8,614.44,1.66,968.166,Alkaloid
Cholesterol,C2H32N0O7,338.66,13.01,514.23,Lipid
Ethanol,C3H38N4O0,579.54,1.82,684.659,Carbohydrate
Caffeine,C10H9N0O1,885.76,12.99,319.118,Hormone
Urea,C6H11N2O0,74.92,N/A,278.057,Alkaloid
Serotonin,C2H21N4O3,382.84,10.62,234.59,Hormone
Glucose,C16H22N3O4,62.19,7.64,883.826,Nucleotide
Adrenaline,C6H23N3O9,318.22,N/A,320.217,Lipid
Glucose,C20H14N0O6,734.61,13.19,162.215,Lipid
Cholesterol,C4H27N0O8,582.01,1.55,758.159,Organic Compound
Glucose,C18H4N4O3,901.44,10.11,987.619,Nucleotide
Caffeine,C4H19N3O9,266.59,5.24,691.55,Nucleotide
Ethanol,C12H21N0O4,443.69,N/A,723.858,Nucleotide
Adrenaline,C4H35N2O4,152.77,2.95,385.941,Lipid
Ethanol,C12H22N4O4,921.77,3.86,569.067,Nucleotide
Caffeine,C1H37N4O2,658.4,7.1,474.101,Nucleotide
Glucose,C8H35N5O5,94.09,8.82,705.784,Neurotransmitter
Adrenaline,C7H8N4O1,303.98,11.84,882.766,Hormone
Aspirin,C14H20N2O8,807.46,3.61,150.506,Lipid
Cholesterol,C7H38N2O5,624.09,12.11,984.996,Organic Compound
Aspirin,C13H40N3O5,247.97,N/A,231.533,Amide
Cholesterol,C6H28N4O4,609.55,7.73,534.799,Organic Compound
Caffeine,C14H29N0O9,706.92,2.5,932.977,Organic Compound
Adenosine triphosphate,C8H3N4O8,302.82,N/A,774.122,Alcohol
Ethanol,C10H26N1O6,345.99,5.7,760.729,Nucleotide
Adrenaline,C11H18N3O10,803.66,5.42,19.648,Neurotransmitter
Cholesterol,C5H7N4O9,83.31,13.23,177.085,Alcohol
Serotonin,C14H14N3O4,533.98,11.72,689.114,Carbohydrate
Dopamine,C13H16N4O7,688.55,5.74,319.071,Carbohydrate
Glucose,C11H30N0O10,259.5,9.27,707.08,Lipid
Cholesterol,C16H17N5O9,684.03,6.26,961.628,Lipid
Caffeine,C14H14N2O10,286.02,5.34,874.578,Alkaloid
Aspirin,C1H2N3O6,919.95,3.69,832.708,Nucleotide
Adenosine triphosphate,C15H32N1O0,161.27,8.01,505.53,Hormone
Aspirin,C1H25N1O10,606.08,6.26,327.067,Hormone
Urea,C12H30N3O5,654.22,8.47,24.241,Carbohydrate
Caffeine,C5H27N0O10,492.95,N/A,981.364,Nucleotide
Cholesterol,C3H24N1O1,753.28,5.58,592.458,Neurotransmitter
Dopamine,C13H11N4O4,335.75,10.11,838.328,Nucleotide
Ethanol,C20H37N3O3,574.84,6.33,494.575,Carbohydrate
Adenosine triphosphate,C17H15N5O5,810.39,11.41,370.693,Amide
Serotonin,C6H22N2O9,204.35,5.98,524.305,Hormone
Adrenaline,C19H39N3O2,371.15,12.91,181.664,Alkaloid
Adenosine triphosphate,C15H29N1O2,300.82,4.47,970.176,Neurotransmitter
Serotonin,C17H20N0O5,733.46,N/A,600.714,Nucleotide
Serotonin,C17H9N3O3,555.61,4.52,382.878,Lipid
Serotonin,C1H25N0O0,682.62,7.12,466.474,Lipid
Caffeine,C4H34N1O7,856.21,2.88,98.329,Neurotransmitter
Cholesterol,C17H39N5O5,427.27,N/A,590.022,Nucleotide
Dopamine,C9H28N2O7,757.13,4.84,772.387,Lipid
Urea,C8H29N5O5,588.81,12.09,54.541,Nucleotide
Caffeine,C19H20N3O3,992.64,12.84,229.537,Hormone
Glucose,C14H38N4O10,366.47,8.36,505.233,Carbohydrate
Adrenaline,C3H26N1O7,434.64,N/A,321.721,Alkaloid
Caffeine,C20H35N0O8,919.12,N/A,25.271,Alkaloid
Dopamine,C4H38N1O0,261.05,N/A,617.338,Alkaloid
Adenosine triphosphate,C10H14N4O10,71.77,9.14,820.168,Hormone
Serotonin,C11H9N4O0,566.16,10.74,324.127,Alcohol
Adrenaline,C17H29N2O10,866.06,N/A,660.521,Lipid
Glucose,C15H1N0O9,220.39,4.6,589.038,Hormone
Urea,C15H23N4O4,495.19,4.23,58.753,Neurotransmitter
Serotonin,C10H31N1O6,85.32,7.93,237.581,Lipid
Aspirin,C8H31N1O6,78.33,1.44,280.84,Organic Compound
Ethanol,C6H18N3O10,114.86,7.82,84.678,Nucleotide
Glucose,C9H5N4O7,115.16,4.58,758.033,Organic Compound
Dopamine,C16H13N2O0,351.97,7.36,330.973,Alcohol
Adrenaline,C19H34N3O4,841.45,8.19,761.445,Alkaloid
Glucose,C4H3N5O2,485.08,9.91,165.953,Organic Compound
Urea,C2H26N4O4,681.81,4.99,650.478,Lipid
Urea,C19H12N4O10,256.74,12.58,864.658,Alkaloid
Caffeine,C7H8N3O4,489.35,9.52,460.037,Neurotransmitter
Adenosine triphosphate,C18H39N0O7,698.75,8.51,208.97,Alcohol
Urea,C20H26N2O6,690.01,8.38,265.204,Hormone
Urea,C18H17N2O8,893.79,13.02,248.084,Nucleotide
Glucose,C10H40N4O9,888.1,N/A,728.617,Alcohol
Adrenaline,C14H29N3O6,173.87,N/A,383.686,Alkaloid
Aspirin,C15H3N4O9,173.08,4.73,737.738,Hormone
Urea,C8H33N3O10,593.51,9.43,366.255,Organic Compound
Ethanol,C8H10N2O9,505.08,10.41,806.149,Alcohol
Ethanol,C15H4N4O3,155.58,8.94,764.638,Hormone
Aspirin,C15H31N4O9,787.49,10.37,581.25,Amide
Aspirin,C14H17N1O9,405.09,N/A,381.298,Amide
Aspirin,C16H18N2O2,566.04,6.63,939.541,Carbohydrate
Ethanol,C5H7N0O2,721.73,4.94,311.266,Amide
Cholesterol,C3H9N4O1,712.98,N/A,3.327,Nucleotide
Cholesterol,C15H28N2O8,200.41,11.38,777.106,Alcohol
Caffeine,C19H40N4O2,513.25,12.05,736.11,Nucleotide
Glucose,C17H39N4O4,980.21,7.71,461.098,Organic Compound
Adenosine triphosphate,C17H12N1O5,638.51,N/A,546.238,Organic Compound
Adrenaline,C13H34N3O5,409.02,7.36,382.155,Alkaloid
Serotonin,C9H32N3O1,571.81,10.68,872.304,Hormone
Dopamine,C9H13N4O9,485.0,5.71,614.558,Organic Compound
Caffeine,C9H31N5O9,100.73,12.74,266.517,Nucleotide
Adrenaline,C7H30N5O5,994.63,N/A,657.519,Carbohydrate
Ethanol,C15H1N3O1,376.04,11.96,203.928,Alkaloid
Ethanol,C4H26N1O8,716.99,5.79,197.019,Nucleotide
Adenosine triphosphate,C18H30N5O4,104.01,4.3,806.084,Hormone
Caffeine,C20H23N1O8,376.42,6.08,533.121,Hormone
Urea,C15H35N2O5,874.42,13.98,703.199,Amide
Adrenaline,C4H10N2O6,167.27,8.17,277.104,Amide
Adrenaline,C15H2N1O10,266.32,4.67,282.981,Carbohydrate
Cholesterol,C7H38N0O7,822.9,10.21,333.681,Neurotransmitter
Adrenaline,C7H1N4O1,964.81,4.43,704.414,Lipid
Dopamine,C14H34N1O0,293.79,6.88,24.642,Alkaloid
Dopamine,C18H10N0O1,140.93,N/A,914.471,Alkaloid
Caffeine,C6H40N5O7,982.21,3.42,580.882,Organic Compound
Cholesterol,C7H34N2O7,703.22,5.28,94.45,Neurotransmitter
Serotonin,C4H28N0O7,900.0,6.61,566.333,Nucleotide
Aspirin,C1H3N5O1,710.84,8.79,129.186,Carbohydrate
Adrenaline,C18H13N5O5,846.28,13.33,778.206,Alkaloid
Dopamine,C14H39N4O1,105.25,2.96,179.095,Hormone
Adenosine triphosphate,C19H1N4O1,978.65,N/A,378.314,Alkaloid
Cholesterol,C16H40N0O2,524.66,9.75,784.257,Alkaloid
Serotonin,C9H9N3O4,283.75,7.23,491.933,Carbohydrate
Glucose,C6H16N5O1,357.44,11.98,819.682,Nucleotide
Adrenaline,C13H26N3O4,351.44,9.66,645.999,Amide
Caffeine,C19H25N0O1,356.59,11.77,954.214,Alcohol
Adrenaline,C5H4N3O3,907.17,13.26,962.221,Lipid
Serotonin,C11H32N1O6,919.73,4.16,297.129,Organic Compound
Dopamine,C13H23N4O2,181.38,6.66,41.804,Hormone
Dopamine,C13H14N2O10,757.31,3.61,759.952,Carbohydrate
Caffeine,C1H8N2O2,206.58,10.47,271.952,Lipid
Glucose,C18H34N1O2,109.85,N/A,319.876,Alkaloid
Glucose,C13H37N2O8,977.68,11.05,472.825,Lipid
Aspirin,C3H29N1O0,914.56,8.89,697.866,Alcohol
Glucose,C17H23N3O2,92.99,N/A,399.517,Organic Compound
Glucose,C6H12N4O5,799.81,N/A,410.544,Hormone
Serotonin,C18H29N2O1,307.83,3.46,288.001,Hormone
Dopamine,C5H13N3O8,842.31,12.71,573.43,Carbohydrate
Aspirin,C5H3N5O9,247.32,5.8,981.63,Organic Compound
Adenosine triphosphate,C8H27N1O0,621.81,7.89,347.328,Lipid
Serotonin,C20H3N0O2,416.09,N/A,877.503,Alkaloid
Caffeine,C12H15N2O1,948.01,4.38,669.275,Nucleotide
Urea,C13H3N4O10,707.67,9.58,895.904,Carbohydrate
Dopamine,C4H28N4O0,292.49,N/A,618.383,Nucleotide
Glucose,C9H7N3O6,926.45,N/A,802.644,Nucleotide
Dopamine,C9H5N0O2,135.63,N/A,15.573,Alcohol
Ethanol,C15H17N1O9,118.33,6.04,118.269,Hormone
Ethanol,C17H36N4O5,897.93,N/A,667.297,Hormone
Urea,C5H22N4O2,500.42,12.35,788.107,Neurotransmitter
Cholesterol,C20H34N4O0,128.23,1.53,998.939,Neurotransmitter
Aspirin,C19H11N3O10,432.62,N/A,631.227,Carbohydrate
Ethanol,C7H4N1O10,347.88,N/A,717.753,Neurotransmitter
Serotonin,C19H19N4O1,282.1,5.63,68.058,Nucleotide
Caffeine,C12H22N3O0,741.84,1.92,749.853,Nucleotide
Aspirin,C16H26N4O7,549.55,8.17,832.949,Nucleotide
Aspirin,C3H9N5O1,886.83,3.56,419.916,Lipid
Caffeine,C19H11N2O8,258.7,8.44,712.482,Organic Compound
Serotonin,C10H17N2O5,937.36,5.08,853.684,Amide
Ethanol,C4H30N1O10,796.94,5.36,916.617,Alcohol
Glucose,C7H23N3O7,745.93,5.87,963.382,Alcohol
Dopamine,C6H23N2O8,150.33,1.24,864.879,Alcohol
Dopamine,C4H18N3O7,672.5,1.95,442.684,Hormone
Ethanol,C16H27N4O3,392.34,N/A,308.359,Alcohol
Caffeine,C3H35N5O9,992.36,3.58,10.254,Carbohydrate
Glucose,C16H20N1O8,242.04,3.17,723.462,Alkaloid
Caffeine,C16H32N4O2,656.19,5.68,745.947,Nucleotide
Urea,C9H33N2O10,266.63,3.16,866.772,Nucleotide
Glucose,C8H6N2O3,214.23,13.12,842.11,Lipid
Aspirin,C19H3N1O1,91.14,7.6,390.805,Lipid
Adrenaline,C18H3N5O0,324.59,11.08,68.586,Amide
Adrenaline,C20H7N0O6,438.44,10.37,984.845,Alkaloid
Dopamine,C5H8N1O4,547.64,N/A,396.015,Hormone
Glucose,C5H38N2O0,654.72,N/A,877.002,Alkaloid
Adenosine triphosphate,C13H21N5O9,805.88,13.18,519.707,Alcohol
Glucose,C17H15N5O1,90.8,9.39,618.915,Carbohydrate
Aspirin,C15H36N0O10,928.85,10.36,439.4,Carbohydrate
Urea,C12H33N3O10,903.09,12.46,319.657,Organic Compound
Adenosine triphosphate,C13H23N3O10,159.95,9.44,949.04,Nucleotide
Urea,C11H31N0O5,413.28,10.26,743.582,Alkaloid
Aspirin,C10H40N5O1,982.58,N/A,31.932,Organic Compound
Adenosine triphosphate,C6H25N4O10,488.64,8.93,975.453,Organic Compound
Serotonin,C13H4N0O4,909.2,7.21,235.927,Lipid
Serotonin,C16H21N1O0,282.38,13.48,466.63,Organic Compound
Glucose,C1H2N1O7,267.39,10.56,243.489,Alcohol
Adenosine triphosphate,C4H5N1O9,980.31,12.29,888.599,Nucleotide
Adenosine triphosphate,C13H32N2O3,941.96,5.07,722.649,Alcohol
Aspirin,C16H36N4O0,550.55,8.34,452.369,Amide
Urea,C1H6N4O7,779.27,2.27,848.435,Lipid
Glucose,C11H14N5O6,598.93,2.54,924.604,Alkaloid
Urea,C12H16N5O7,124.2,2.0,676.972,Lipid
Adrenaline,C13H36N1O4,592.38,4.4,249.414,Nucleotide
Urea,C20H22N2O4,663.18,N/A,0.221,Lipid
Serotonin,C19H34N1O1,910.45,N/A,12.528,Hormone
Glucose,C12H31N3O0,189.3,3.6,241.7,Neurotransmitter
Ethanol,C13H19N0O0,495.66,9.91,626.461,Organic Compound
Glucose,C15H11N3O0,946.82,6.6,289.723,Alkaloid
Caffeine,C11H17N4O4,369.88,3.56,487.743,Hormone
Cholesterol,C6H23N0O8,195.93,8.78,751.105,Neurotransmitter
Cholesterol,C16H30N4O5,971.02,5.57,914.618,Organic Compound
Cholesterol,C5H23N0O6,666.33,N/A,217.366,Organic Compound
Ethanol,C14H7N0O0,350.7,4.36,68.197,Carbohydrate
Adrenaline,C16H27N5O6,533.0,8.77,807.953,Alkaloid
Caffeine,C4H3N3O7,904.92,3.52,657.711,Alkaloid
Caffeine,C8H33N2O2,284.04,7.78,894.614,Neurotransmitter
Dopamine,C12H13N4O5,405.44,10.35,454.423,Amide
Dopamine,C14H18N3O8,376.21,6.13,420.293,Lipid
Glucose,C19H4N1O8,212.02,10.55,696.178,Alkaloid
Dopamine,C14H7N0O9,810.47,N/A,298.42,Lipid
Dopamine,C8H30N0O5,629.6,N/A,997.6,Alkaloid
Adenosine triphosphate,C8H33N4O9,939.52,9.0,941.242,Nucleotide
Urea,C16H9N1O6,194.32,12.2,99.407,Organic Compound
Glucose,C11H21N2O3,917.33,8.33,877.456,Alcohol
Aspirin,C9H27N2O1,790.69,9.4,42.029,Carbohydrate
Aspirin,C7H37N4O7,988.88,7.33,838.215,Neurotransmitter
Caffeine,C15H21N1O2,515.97,4.59,392.045,Carbohydrate
Adenosine triphosphate,C4H38N3O8,191.58,10.49,107.75,Amide
Aspirin,C20H33N4O10,685.65,6.06,265.861,Organic Compound
Glucose,C17H25N2O2,474.89,10.45,513.225,Hormone
Serotonin,C19H19N1O6,73.48,N/A,741.523,Carbohydrate
Ethanol,C17H38N0O3,197.29,7.8,185.585,Amide
Serotonin,C20H12N1O2,450.81,6.14,917.952,Organic Compound
Adrenaline,C20H11N1O2,855.52,12.44,113.131,Nucleotide
Cholesterol,C1H14N4O0,284.39,4.91,309.64,Amide
Adrenaline,C18H24N1O0,152.08,N/A,813.403,Amide
Caffeine,C7H13N5O10,226.63,13.46,992.318,Amide
Adenosine triphosphate,C6H16N2O7,526.88,7.32,623.864,Neurotransmitter
Urea,C7H5N0O3,586.63,5.77,317.443,Alkaloid
Adrenaline,C6H30N3O10,620.26,1.17,329.832,Alcohol
Glucose,C5H8N4O3,550.25,N/A,71.129,Nucleotide
Adrenaline,C9H2N2O4,202.17,N/A,227.347,Alcohol
Glucose,C5H15N1O7,655.83,12.36,205.055,Alkaloid
Glucose,C20H35N2O6,330.46,N/A,326.008,Nucleotide
Ethanol,C13H30N5O10,547.19,13.64,460.231,Alcohol
Adenosine triphosphate,C8H12N2O1,445.15,5.36,639.716,Lipid
Caffeine,C6H19N1O2,685.92,3.24,997.327,Neurotransmitter
Dopamine,C5H22N3O10,842.36,10.03,78.869,Hormone
Glucose,C19H39N3O7,567.97,N/A,592.424,Neurotransmitter
Aspirin,C4H7N5O6,168.69,N/A,384.391,Alkaloid
Ethanol,C14H15N5O7,246.55,N/A,12.738,Organic Compound
Adrenaline,C6H34N4O8,614.57,3.25,470.541,Hormone
Dopamine,C11H20N1O5,362.88,2.64,143.385,Nucleotide
Glucose,C16H15N4O2,279.49,1.94,102.135,Amide
Cholesterol,C8H7N0O0,749.57,3.77,46.471,Carbohydrate
Dopamine,C3H12N3O4,989.59,10.55,194.613,Alkaloid
Cholesterol,C5H22N4O3,793.86,6.13,319.967,Organic Compound
Aspirin,C7H22N2O5,508.79,3.17,893.027,Hormone
Glucose,C13H15N0O0,197.43,1.06,495.401,Organic Compound
Caffeine,C18H7N2O10,633.61,7.11,44.46,Lipid
Serotonin,C20H1N1O8,190.92,2.42,828.658,Alkaloid
Adenosine triphosphate,C5H39N2O8,709.67,1.75,57.005,Alcohol
Caffeine,C10H13N4O5,459.87,2.01,405.77,Amide
Adrenaline,C4H22N4O10,267.51,12.14,229.975,Alkaloid
Cholesterol,C16H30N1O1,729.23,2.0,162.849,Neurotransmitter
Adrenaline,C14H32N3O9,297.53,5.04,763.875,Carbohydrate
Adenosine triphosphate,C12H35N3O6,500.43,8.75,434.646,Alkaloid
Aspirin,C16H26N5O8,901.22,N/A,50.77,Hormone
Glucose,C11H17N2O3,197.91,10.23,639.069,Hormone
Adenosine triphosphate,C8H26N5O3,456.58,13.6,493.962,Alkaloid
Urea,C9H6N1O5,248.31,4.18,365.969,Amide
Serotonin,C4H20N2O1,756.0,2.52,95.299,Hormone
Cholesterol,C8H23N2O7,253.41,11.62,404.92,Alkaloid
Aspirin,C11H10N1O2,585.8,11.66,346.09,Hormone
Caffeine,C12H16N2O5,756.69,5.77,193.992,Hormone
Adrenaline,C18H18N5O5,176.79,2.35,719.974,Alkaloid
Urea,C14H10N5O9,335.2,13.86,852.374,Organic Compound
Cholesterol,C14H20N0O0,826.11,6.25,494.093,Alcohol
Serotonin,C1H17N3O9,655.63,13.35,849.232,Organic Compound
Dopamine,C19H12N1O7,904.63,7.68,581.91,Carbohydrate
Cholesterol,C19H18N0O10,394.04,1.47,253.698,Amide
Serotonin,C13H37N1O5,806.71,N/A,17.319,Lipid
Serotonin,C12H27N5O5,143.45,N/A,892.607,Amide
Ethanol,C15H5N1O4,911.75,13.37,672.012,Carbohydrate
Caffeine,C6H39N3O0,166.01,4.78,783.168,Carbohydrate
Cholesterol,C16H39N4O10,213.09,N/A,999.527,Amide
Ethanol,C2H12N5O1,843.49,6.92,92.184,Alcohol
Dopamine,C18H25N0O4,668.3,3.73,465.128,Amide
Dopamine,C5H15N5O2,214.45,12.23,42.13,Hormone
Adrenaline,C15H16N1O1,673.57,10.85,915.715,Amide
Cholesterol,C3H38N1O9,120.78,N/A,430.424,Lipid
Cholesterol,C8H14N4O10,232.98,12.58,374.485,Hormone
Adenosine triphosphate,C9H23N1O1,781.2,7.0,74.108,Alcohol
Aspirin,C2H29N3O3,804.04,12.21,603.312,Carbohydrate
Urea,C3H5N2O5,868.12,5.05,514.333,Hormone
Glucose,C18H15N3O3,281.23,9.11,634.228,Lipid
Cholesterol,C20H6N4O8,164.28,2.49,942.052,Amide
Glucose,C7H27N1O8,434.85,1.38,432.406,Hormone
Caffeine,C10H24N4O6,960.91,7.95,810.279,Lipid
Glucose,C14H22N0O7,556.2,12.96,616.591,Lipid
Ethanol,C11H10N1O0,999.52,N/A,900.724,Alkaloid
Dopamine,C11H6N5O5,444.75,N/A,919.224,Lipid
Urea,C11H17N1O9,306.44,N/A,87.541,Alkaloid
Adrenaline,C15H2N4O6,225.46,5.81,474.754,Hormone
Aspirin,C5H15N5O0,237.21,4.91,182.183,Organic Compound
Serotonin,C15H17N0O1,620.7,11.21,415.302,Lipid
Ethanol,C11H21N5O7,584.76,5.36,313.879,Carbohydrate
Adenosine triphosphate,C4H38N5O3,771.58,11.23,922.108,Carbohydrate
Ethanol,C19H19N4O10,618.64,3.68,772.535,Alcohol
Caffeine,C14H19N5O2,494.98,1.36,49.139,Alkaloid
Ethanol,C16H30N4O9,866.06,12.74,995.735,Organic Compound
Glucose,C13H9N5O8,516.31,12.92,171.369,Neurotransmitter
Cholesterol,C5H26N4O9,516.09,11.6,188.181,Lipid
Cholesterol,C14H31N5O9,273.44,N/A,699.923,Organic Compound
Adenosine triphosphate,C6H33N3O4,836.57,4.98,934.562,Amide
Ethanol,C6H27N3O5,926.12,2.92,345.661,Alcohol
Caffeine,C18H21N4O5,70.73,2.91,50.141,Hormone
Glucose,C17H18N4O2,843.21,11.68,771.721,Nucleotide
Cholesterol,C17H28N3O5,723.74,6.52,546.46,Alkaloid
Caffeine,C20H22N0O5,951.93,N/A,33.052,Organic Compound
Adenosine triphosphate,C9H3N4O9,720.85,13.85,621.959,Nucleotide
Urea,C20H25N4O8,489.55,6.67,90.866,Hormone
Glucose,C5H26N2O5,867.52,7.67,115.871,Neurotransmitter
Dopamine,C11H33N3O2,793.87,10.38,707.701,Lipid
Caffeine,C14H18N2O0,540.84,3.65,554.745,Alkaloid
Ethanol,C13H6N1O6,754.21,2.31,898.856,Alcohol
Adrenaline,C11H14N5O4,510.19,N/A,65.881,Carbohydrate
Urea,C4H17N0O1,142.4,5.82,234.296,Hormone
Adrenaline,C3H3N3O6,570.19,N/A,600.615,Amide
Serotonin,C17H35N1O3,55.08,6.22,303.124,Hormone
Caffeine,C9H37N0O6,417.63,9.45,503.572,Nucleotide
Glucose,C18H1N1O4,185.87,10.64,271.931,Alkaloid
Adrenaline,C10H16N3O4,303.91,8.68,376.29,Hormone
Ethanol,C11H15N5O1,948.71,1.89,941.966,Nucleotide
Urea,C1H22N5O1,233.08,6.23,735.51,Nucleotide
Glucose,C1H34N4O0,223.29,N/A,913.994,Organic Compound
Serotonin,C15H35N5O8,608.99,N/A,732.338,Carbohydrate
Adenosine triphosphate,C1H33N2O7,433.03,5.3,235.694,Alkaloid
Caffeine,C11H1N5O6,976.56,5.48,477.591,Amide
Serotonin,C15H9N1O5,335.82,5.0,147.097,Organic Compound
Glucose,C11H23N0O10,277.43,8.47,353.101,Organic Compound
Adenosine triphosphate,C12H24N3O3,779.91,11.07,656.094,Organic Compound
Glucose,C20H7N1O6,740.92,1.42,865.524,Alcohol
Glucose,C16H11N0O9,200.31,8.49,466.751,Organic Compound
Glucose,C17H2N5O0,824.63,6.56,347.137,Nucleotide
Adrenaline,C9H29N5O2,515.19,8.98,318.947,Amide
Adrenaline,C8H25N4O4,618.62,12.28,652.565,Amide
Adenosine triphosphate,C13H38N4O0,407.84,8.31,74.157,Neurotransmitter
Serotonin,C4H35N5O10,731.42,6.95,180.784,Alcohol
Adenosine triphosphate,C19H2N2O2,799.93,11.81,25.665,Organic Compound
Ethanol,C1H14N4O2,148.47,1.41,909.037,Carbohydrate
Glucose,C17H3N1O1,93.08,5.8,174.226,Carbohydrate
Glucose,C19H18N1O7,838.45,10.06,738.618,Lipid
Dopamine,C14H14N0O7,351.79,N/A,626.101,Hormone
Urea,C8H11N0O1,687.89,5.19,678.246,Nucleotide
Serotonin,C3H11N4O5,757.17,11.06,127.319,Amide
Glucose,C16H40N0O2,323.85,N/A,530.271,Alkaloid
Ethanol,C14H19N5O2,875.03,8.38,465.025,Organic Compound
Adenosine triphosphate,C3H32N4O10,91.65,5.23,239.708,Carbohydrate
Cholesterol,C15H22N2O8,727.39,10.67,542.319,Carbohydrate
Aspirin,C15H27N3O0,470.28,12.54,795.142,Alcohol
Adrenaline,C9H31N1O10,904.91,7.65,455.047,Neurotransmitter
Caffeine,C1H21N4O5,182.35,11.2,820.661,Amide
Glucose,C11H33N0O10,896.9,3.19,588.093,Nucleotide
Urea,C19H7N5O8,680.04,12.32,942.984,Carbohydrate
Adenosine triphosphate,C2H39N3O9,830.54,13.11,930.611,Carbohydrate
Caffeine,C13H8N1O10,982.71,N/A,25.032,Lipid
Urea,C14H40N5O7,394.62,11.59,408.934,Organic Compound
Dopamine,C15H26N2O1,71.35,5.77,44.31,Carbohydrate
Caffeine,C6H18N0O7,445.79,7.5,255.472,Alcohol
Urea,C17H18N3O7,181.48,4.43,622.639,Organic Compound
Aspirin,C16H7N0O0,799.78,5.23,367.805,Nucleotide
Glucose,C17H11N1O10,455.55,11.83,866.319,Alcohol
Ethanol,C17H21N4O3,949.16,9.37,494.975,Alcohol
Cholesterol,C11H33N4O5,79.38,13.82,159.788,Nucleotide
Ethanol,C15H31N2O0,533.54,11.45,67.646,Alkaloid
Adrenaline,C16H40N4O0,696.13,3.75,194.915,Amide
Adenosine triphosphate,C18H34N0O5,809.68,10.0,406.749,Neurotransmitter
Adenosine triphosphate,C9H37N0O10,365.66,13.77,837.417,Neurotransmitter
Urea,C4H26N5O1,331.1,8.0,601.259,Nucleotide
Aspirin,C6H26N2O8,245.07,9.33,822.223,Alcohol
Adenosine triphosphate,C20H18N2O9,958.29,1.87,227.133,Nucleotide
Serotonin,C15H14N4O2,955.39,N/A,333.344,Hormone
Aspirin,C18H6N2O7,688.44,1.04,783.991,Nucleotide
Serotonin,C20H12N5O5,266.21,N/A,766.849,Organic Compound
Glucose,C9H35N4O2,429.47,12.36,118.248,Nucleotide
Dopamine,C7H35N5O5,296.53,5.49,491.113,Alcohol
Dopamine,C16H33N1O8,218.2,7.43,63.895,Carbohydrate
Urea,C20H29N2O10,114.53,10.75,543.596,Neurotransmitter
Serotonin,C8H34N0O1,422.98,13.15,655.685,Organic Compound
Dopamine,C6H16N0O4,910.51,3.44,854.673,Hormone
Adrenaline,C10H20N4O10,725.73,4.95,648.097,Organic Compound
Cholesterol,C14H32N1O8,532.15,10.14,306.332,Hormone
Adrenaline,C19H29N4O7,395.75,6.47,607.087,Alcohol
Caffeine,C6H37N1O9,464.38,N/A,380.199,Nucleotide
Adrenaline,C5H27N0O6,823.43,N/A,409.849,Carbohydrate
Cholesterol,C16H12N4O7,708.94,12.82,306.924,Nucleotide
Ethanol,C16H24N0O10,429.69,N/A,349.322,Amide
Dopamine,C12H7N3O5,123.96,8.97,259.473,Lipid
Adenosine triphosphate,C2H28N0O3,797.83,1.9,273.97,Alcohol
Serotonin,C1H1N2O7,480.29,3.95,751.796,Alcohol
Dopamine,C14H37N3O4,503.8,10.89,832.177,Carbohydrate
Urea,C8H22N4O6,78.32,10.08,893.618,Amide
Caffeine,C7H5N5O10,231.7,5.41,425.37,Lipid
Urea,C5H24N2O2,616.12,3.54,666.544,Organic Compound
Adrenaline,C10H1N3O7,803.03,12.42,980.034,Lipid
Ethanol,C17H19N1O2,483.16,4.22,609.155,Hormone
Adrenaline,C10H19N3O0,561.83,6.9,765.26,Alcohol
Aspirin,C17H23N2O6,860.64,2.6,151.379,Organic Compound
Dopamine,C3H19N0O8,725.88,11.26,570.779,Organic Compound
Urea,C20H15N0O1,276.64,5.85,33.55,Alkaloid
Ethanol,C3H27N1O5,261.78,N/A,700.085,Alcohol
Dopamine,C3H15N2O8,493.5,7.58,200.125,Alkaloid
Glucose,C19H16N4O1,332.98,3.67,206.317,Alkaloid
Glucose,C4H6N3O2,798.83,7.41,83.183,Neurotransmitter
Serotonin,C11H36N1O1,614.92,N/A,782.75,Nucleotide
Ethanol,C16H14N2O0,648.64,4.12,301.83,Neurotransmitter
Caffeine,C2H2N0O4,838.19,7.32,491.85,Carbohydrate
Cholesterol,C19H25N2O1,779.71,3.01,242.529,Neurotransmitter
Glucose,C17H7N0O5,61.54,9.8,390.979,Lipid
Serotonin,C2H32N3O6,112.23,2.79,821.215,Neurotransmitter
Cholesterol,C11H1N3O8,489.15,5.6,606.537,Organic Compound
Aspirin,C11H8N2O5,80.88,8.26,883.21,Nucleotide
Aspirin,C12H3N3O3,222.93,10.78,499.151,Alkaloid
Glucose,C16H9N3O9,793.42,13.72,731.639,Carbohydrate
Cholesterol,C10H33N5O0,670.25,3.02,434.904,Lipid
Cholesterol,C10H6N2O6,167.64,8.0,714.16,Amide
Adrenaline,C3H11N2O2,97.6,N/A,622.407,Hormone
Cholesterol,C19H31N0O1,703.49,4.79,681.667,Hormone
Glucose,C7H11N0O1,934.41,10.96,161.043,Lipid
Glucose,C18H33N3O7,163.25,12.62,694.419,Lipid
Urea,C4H29N5O6,191.49,1.97,531.083,Alkaloid
Aspirin,C16H13N3O9,797.34,11.69,393.002,Organic Compound
Adrenaline,C3H18N0O7,730.94,N/A,191.134,Alcohol
Urea,C6H32N3O3,894.74,5.86,934.395,Carbohydrate
Adenosine triphosphate,C16H24N4O0,160.05,12.48,480.888,Neurotransmitter
Serotonin,C2H2N2O1,423.96,6.39,699.362,Lipid
Aspirin,C3H7N2O7,956.69,12.81,880.764,Neurotransmitter
Adrenaline,C13H12N4O3,334.11,5.21,504.028,Neurotransmitter
Glucose,C14H31N2O1,375.31,8.96,869.23,Hormone
Urea,C6H31N4O0,94.89,5.62,596.265,Organic Compound
Adrenaline,C11H25N4O3,895.24,N/A,851.906,Amide
Urea,C20H23N0O8,755.25,13.19,916.435,Amide
Glucose,C8H6N5O5,647.02,1.01,60.671,Amide
Ethanol,C1H32N3O5,556.93,5.98,330.636,Alcohol
Cholesterol,C10H7N0O7,691.17,12.92,430.099,Organic Compound
Glucose,C4H7N5O1,145.19,6.65,407.014,Alkaloid
Dopamine,C10H22N5O10,106.81,N/A,885.951,Neurotransmitter
Cholesterol,C13H3N3O8,905.91,5.09,570.331,Neurotransmitter
Cholesterol,C11H5N0O10,452.59,1.06,77.305,Carbohydrate
Glucose,C11H32N2O4,318.88,2.82,374.098,Carbohydrate
Urea,C13H11N4O0,739.49,3.84,646.115,Amide
Ethanol,C18H15N3O3,155.81,3.99,787.07,Carbohydrate
Caffeine,C8H21N4O3,679.41,N/A,86.128,Alcohol
Adenosine triphosphate,C16H4N3O8,492.96,9.57,277.487,Carbohydrate
Dopamine,C20H2N5O9,816.22,N/A,238.292,Neurotransmitter
Urea,C18H37N0O1,229.94,1.46,655.223,Lipid
Adenosine triphosphate,C3H32N4O8,556.48,N/A,5.408,Organic Compound
Ethanol,C10H26N5O3,361.26,8.6,893.693,Hormone
Ethanol,C9H12N1O9,956.95,12.69,110.026,Hormone
Aspirin,C4H34N3O9,726.01,6.53,50.8,Hormone
Serotonin,C13H39N5O4,440.13,N/A,932.471,Nucleotide
Caffeine,C5H30N1O0,278.34,13.91,172.805,Nucleotide
Serotonin,C15H8N4O1,808.64,8.87,420.363,Hormone
Urea,C11H37N4O10,279.25,N/A,900.509,Neurotransmitter
Dopamine,C6H23N3O7,719.63,N/A,294.635,Organic Compound
Urea,C15H22N3O1,521.97,11.7,669.649,Nucleotide
Cholesterol,C18H32N5O3,291.7,1.11,714.468,Hormone
Glucose,C5H34N3O8,978.88,8.11,22.42,Alcohol
Aspirin,C4H11N3O2,764.54,9.86,630.977,Amide
Aspirin,C6H30N1O9,349.43,3.52,731.091,Alcohol
Adenosine triphosphate,C15H2N1O4,917.76,13.56,583.064,Alkaloid
Glucose,C17H2N0O0,478.02,11.16,948.045,Neurotransmitter
Aspirin,C6H33N5O1,81.0,4.71,668.389,Carbohydrate
Cholesterol,C16H2N0O9,64.24,6.9,701.708,Organic Compound
Glucose,C12H38N5O9,402.48,9.13,654.025,Hormone
Glucose,C17H15N0O10,962.8,5.14,79.165,Alcohol
Cholesterol,C8H24N2O2,621.2,1.3,223.313,Amide
Aspirin,C12H12N2O8,54.31,1.19,800.332,Alcohol
Caffeine,C6H7N1O9,703.15,11.98,341.479,Alcohol
Cholesterol,C20H14N2O9,183.09,9.19,123.187,Hormone
Aspirin,C14H22N3O2,117.57,2.41,240.6,Carbohydrate
Caffeine,C6H19N1O0,928.45,1.05,155.253,Lipid
Cholesterol,C13H8N1O2,757.39,5.08,163.801,Lipid
Serotonin,C14H39N2O1,658.14,7.11,733.832,Lipid
Cholesterol,C18H19N1O3,384.83,7.97,60.385,Neurotransmitter
Aspirin,C12H23N3O9,71.84,N/A,707.582,Hormone
Ethanol,C2H11N1O5,889.13,3.65,449.369,Alkaloid
Glucose,C13H37N5O9,164.61,N/A,73.069,Hormone
Urea,C11H28N5O4,881.22,4.49,151.661,Nucleotide
Adenosine triphosphate,C19H34N4O10,217.45,5.84,470.471,Alkaloid
Adrenaline,C11H6N2O8,415.17,12.15,713.672,Neurotransmitter
Aspirin,C3H4N1O7,748.62,2.18,790.306,Nucleotide
Cholesterol,C20H5N2O2,85.88,2.33,45.925,Nucleotide
Cholesterol,C6H28N3O8,337.97,4.64,534.156,Hormone
Glucose,C3H23N0O4,664.53,6.29,182.065,Carbohydrate
Urea,C16H36N3O9,988.51,7.36,475.047,Alcohol
Adrenaline,C8H14N3O8,652.29,11.03,797.6,Lipid
Adenosine triphosphate,C1H8N2O3,508.33,1.18,549.723,Alkaloid
Aspirin,C8H1N2O0,333.4,11.2,911.28,Neurotransmitter
Urea,C2H8N3O5,225.95,N/A,896.913,Organic Compound
Cholesterol,C1H37N4O6,207.3,4.52,480.611,Hormone
Aspirin,C19H9N4O1,402.0,13.49,302.751,Alcohol
Urea,C13H32N2O9,767.05,4.03,99.833,Lipid
Cholesterol,C3H9N5O9,643.24,N/A,484.858,Alcohol
Dopamine,C4H10N3O1,65.98,4.35,786.833,Carbohydrate
Serotonin,C8H7N0O3,697.56,1.39,731.793,Alkaloid
Serotonin,C5H17N4O1,991.24,12.19,196.681,Alcohol
Cholesterol,C20H18N1O7,940.79,7.32,291.994,Hormone
Cholesterol,C2H11N5O10,316.26,10.43,974.941,Nucleotide
Adrenaline,C1H22N5O7,76.09,N/A,910.9,Hormone
Serotonin,C15H12N1O5,616.63,10.66,346.379,Lipid
Adrenaline,C19H10N4O3,657.24,N/A,305.845,Neurotransmitter
Ethanol,C6H19N2O0,204.29,2.22,819.22,Organic Compound
Urea,C19H10N5O7,674.9,5.6,419.944,Alcohol
Urea,C2H8N0O10,549.31,8.91,544.46,Neurotransmitter
Dopamine,C11H35N1O4,54.02,4.95,110.641,Lipid
Dopamine,C11H39N3O6,203.76,6.12,728.812,Amide
Serotonin,C19H31N4O10,844.83,3.66,202.161,Nucleotide
Glucose,C8H7N3O1,192.9,N/A,746.993,Lipid
Ethanol,C20H32N2O5,375.74,12.21,397.752,Alkaloid
Aspirin,C7H22N3O5,258.94,5.97,965.719,Hormone
Adrenaline,C13H28N2O7,536.84,3.22,981.411,Nucleotide
Urea,C18H39N0O8,315.26,N/A,709.208,Carbohydrate
Serotonin,C10H22N3O10,406.74,N/A,894.979,Neurotransmitter
Glucose,C16H36N5O3,476.23,4.64,985.573,Amide
Glucose,C7H5N3O3,973.44,9.3,582.943,Organic Compound
Aspirin,C6H9N5O7,533.42,6.12,0.483,Amide
Serotonin,C6H13N0O0,226.31,13.81,948.227,Hormone
Serotonin,C6H21N1O3,327.44,5.34,247.32,Alcohol
Urea,C4H30N5O2,410.03,13.84,876.649,Alcohol
Cholesterol,C9H26N2O8,986.09,6.91,262.911,Alcohol
Adrenaline,C7H18N1O1,880.87,5.61,781.11,Carbohydrate
Cholesterol,C9H9N3O4,808.76,11.93,645.0,Alkaloid
Glucose,C8H18N1O7,315.13,10.3,489.171,Amide
Urea,C5H34N0O7,124.06,13.58,376.655,Lipid
Adrenaline,C7H29N5O9,409.99,1.83,292.356,Nucleotide
Urea,C16H11N4O5,81.56,10.58,40.299,Carbohydrate
Aspirin,C3H23N1O7,459.16,6.35,833.801,Lipid
Aspirin,C5H40N5O0,567.02,5.88,266.807,Hormone
Adenosine triphosphate,C5H1N1O9,548.51,11.97,85.942,Alkaloid
Cholesterol,C13H15N1O6,802.36,N/A,475.708,Alkaloid
Adrenaline,C4H3N2O5,706.82,N/A,767.593,Alkaloid
Adrenaline,C6H12N1O6,651.64,13.65,332.085,Lipid
Cholesterol,C16H31N4O0,595.38,8.52,319.11,Amide
Serotonin,C19H36N3O5,198.09,5.66,807.322,Amide
Aspirin,C13H36N1O2,544.91,N/A,815.507,Lipid
Cholesterol,C4H18N4O10,407.95,N/A,499.388,Alcohol
Urea,C3H13N4O8,987.09,12.93,448.396,Carbohydrate
Dopamine,C18H23N0O1,772.99,9.14,84.327,Carbohydrate
Aspirin,C2H25N0O7,724.44,N/A,897.055,Alcohol
Adenosine triphosphate,C18H19N1O7,317.24,N/A,427.657,Hormone
Adrenaline,C5H34N0O10,591.44,3.76,116.334,Carbohydrate
Dopamine,C5H5N2O8,234.52,10.25,300.643,Lipid
Adrenaline,C3H30N4O6,104.05,N/A,288.361,Organic Compound
Aspirin,C8H40N2O9,666.25,8.69,417.846,Hormone
Glucose,C1H14N1O6,783.6,9.36,663.703,Lipid
Dopamine,C14H30N3O2,213.78,N/A,107.172,Organic Compound
Dopamine,C6H30N0O2,692.58,12.42,199.184,Neurotransmitter
Caffeine,C17H19N3O9,801.72,1.46,884.36,Alkaloid
Dopamine,C4H26N4O5,603.57,9.6,981.581,Amide
Ethanol,C19H40N1O3,577.66,10.67,603.659,Alcohol
Adenosine triphosphate,C1H4N2O1,969.08,9.06,625.978,Amide
Dopamine,C8H5N5O2,650.4,3.77,685.213,Alcohol
Dopamine,C17H5N3O10,458.7,12.67,893.746,Carbohydrate
Urea,C14H9N3O5,112.66,1.22,957.178,Nucleotide
Urea,C13H29N5O0,246.46,12.94,990.755,Alkaloid
Aspirin,C7H26N0O8,736.52,8.82,203.012,Alcohol
Urea,C20H1N0O9,371.51,8.98,947.665,Lipid
Aspirin,C5H36N4O10,418.57,8.91,945.202,Organic Compound
Glucose,C6H24N5O6,957.78,3.47,399.455,Lipid
Cholesterol,C20H33N1O3,904.43,11.16,57.256,Alcohol
Serotonin,C2H40N4O1,491.78,11.03,489.064,Carbohydrate
Adenosine triphosphate,C5H23N2O8,367.82,9.25,503.585,Hormone
Dopamine,C4H33N0O5,226.06,13.27,419.982,Organic Compound
Glucose,C11H19N3O9,420.33,11.27,399.689,Lipid
Glucose,C6H1N4O10,920.75,7.63,54.305,Nucleotide
Urea,C10H32N2O10,193.43,N/A,704.731,Nucleotide
Serotonin,C18H14N4O4,694.81,3.07,937.453,Alcohol
Adrenaline,C20H25N3O7,678.6,1.57,521.716,Carbohydrate
Glucose,C14H2N2O5,879.56,4.04,277.908,Neurotransmitter
Adenosine triphosphate,C15H13N2O6,972.01,2.42,46.075,Amide
Dopamine,C16H28N4O8,830.32,6.61,80.16,Hormone
Serotonin,C6H31N5O8,631.02,9.76,987.791,Amide
Urea,C8H23N3O0,665.12,9.16,779.446,Amide
Ethanol,C1H35N5O10,914.05,10.86,481.119,Neurotransmitter
Caffeine,C4H25N1O3,652.56,13.7,399.186,Lipid
Cholesterol,C4H21N4O4,657.82,13.05,526.619,Nucleotide
Dopamine,C20H36N4O0,372.73,2.76,470.982,Amide
Serotonin,C3H15N4O6,911.54,6.89,500.961,Organic Compound
Adenosine triphosphate,C12H1N0O6,995.15,4.75,46.965,Nucleotide
Serotonin,C4H5N2O5,162.15,12.32,215.138,Organic Compound
Adrenaline,C5H30N2O5,87.25,8.58,425.054,Alkaloid
Cholesterol,C18H1N5O8,114.12,5.84,478.557,Alkaloid
Adenosine triphosphate,C11H7N5O3,846.17,N/A,747.374,Amide
Glucose,C13H13N0O0,652.7,2.95,181.158,Carbohydrate
Dopamine,C20H7N1O6,208.23,5.15,311.307,Neurotransmitter
Adenosine triphosphate,C12H32N5O2,77.94,N/A,383.99,Organic Compound
Aspirin,C9H38N0O1,961.29,3.34,321.953,Hormone
Caffeine,C14H30N4O3,291.28,5.18,229.906,Carbohydrate
Adrenaline,C10H34N2O5,926.32,2.96,104.927,Neurotransmitter
Urea,C12H1N1O6,927.65,2.21,229.33,Organic Compound
Glucose,C14H32N0O6,312.81,N/A,555.194,Hormone
Adrenaline,C6H39N1O10,714.98,5.48,354.657,Alcohol
Adrenaline,C5H3N5O10,520.61,10.57,967.044,Neurotransmitter
Serotonin,C18H11N1O4,254.29,N/A,722.536,Amide
Dopamine,C5H38N3O1,346.6,5.19,554.523,Hormone
Serotonin,C6H19N2O4,802.11,13.98,536.743,Amide
Adenosine triphosphate,C1H5N4O2,745.74,1.92,391.065,Alcohol
Dopamine,C10H23N0O6,757.9,8.5,494.282,Nucleotide
Ethanol,C16H11N0O4,214.48,10.8,1.083,Alcohol
Dopamine,C16H33N1O8,572.02,N/A,66.285,Neurotransmitter
Glucose,C6H21N1O5,807.95,1.07,866.984,Lipid
Glucose,C11H12N2O2,442.28,4.19,876.756,Hormone
Serotonin,C15H31N0O0,813.54,6.75,279.767,Lipid
Cholesterol,C19H36N0O4,756.09,12.15,704.618,Nucleotide
Urea,C5H40N0O3,677.73,11.55,477.052,Lipid
Serotonin,C7H24N0O10,986.13,7.48,236.673,Hormone
Caffeine,C13H28N5O7,287.11,12.1,720.191,Hormone
Urea,C7H8N1O6,263.86,13.2,743.294,Lipid
Urea,C7H17N4O0,125.85,13.98,400.345,Amide
Caffeine,C2H2N1O10,74.39,N/A,410.73,Hormone
Ethanol,C17H31N5O0,950.77,4.08,681.845,Alkaloid
Caffeine,C6H11N0O1,864.55,12.64,715.519,Organic Compound
Caffeine,C16H23N4O2,192.47,3.22,301.385,Lipid
Dopamine,C4H28N1O7,614.53,N/A,12.568,Alkaloid
Dopamine,C9H13N1O9,828.66,7.51,827.782,Hormone
Aspirin,C2H39N5O8,781.13,6.47,180.79,Hormone
Adrenaline,C7H30N1O3,799.49,7.4,130.077,Alkaloid
Aspirin,C8H10N4O7,312.67,1.25,810.087,Alcohol
Caffeine,C19H5N3O0,671.71,N/A,707.016,Nucleotide
Adrenaline,C12H14N1O9,615.77,5.59,575.96,Carbohydrate
Ethanol,C6H8N4O8,318.94,5.25,62.751,Carbohydrate
Cholesterol,C9H5N1O5,365.05,N/A,238.456,Nucleotide
Dopamine,C2H38N3O10,649.11,5.76,249.069,Neurotransmitter
Dopamine,C18H19N1O8,272.74,8.61,959.969,Neurotransmitter
Adenosine triphosphate,C10H2N2O5,977.31,4.79,848.851,Hormone
Adenosine triphosphate,C12H18N3O0,982.4,N/A,700.6,Nucleotide
Adenosine triphosphate,C2H24N0O2,284.34,7.01,860.526,Nucleotide
Dopamine,C1H18N0O2,294.9,N/A,189.521,Neurotransmitter
Aspirin,C17H32N4O6,588.01,N/A,150.313,Alkaloid
Serotonin,C2H8N2O2,736.07,9.03,263.705,Carbohydrate
Cholesterol,C9H9N2O1,331.09,11.29,693.453,Nucleotide
Urea,C1H27N3O1,618.29,N/A,997.804,Alcohol
Adenosine triphosphate,C15H35N2O7,964.7,4.97,4.029,Lipid
Adenosine triphosphate,C6H10N2O6,279.2,8.91,742.071,Nucleotide
Ethanol,C15H2N3O2,825.5,10.92,370.533,Amide
Cholesterol,C8H20N3O5,334.21,2.07,405.988,Carbohydrate
Ethanol,C1H26N2O3,758.34,12.54,460.24,Nucleotide
Glucose,C17H32N5O6,246.06,N/A,885.586,Amide
Cholesterol,C4H8N4O2,396.01,8.24,275.966,Hormone
Cholesterol,C12H11N5O0,257.25,10.83,556.843,Alcohol
Adrenaline,C18H32N4O7,612.38,11.38,893.448,Carbohydrate
Glucose,C18H38N3O6,352.5,6.59,542.683,Carbohydrate
Adenosine triphosphate,C10H32N1O2,843.6,11.48,508.475,Amide
Serotonin,C11H31N5O4,53.86,N/A,744.823,Hormone
Caffeine,C9H30N3O3,676.84,10.88,722.112,Lipid
Serotonin,C5H16N1O0,492.78,11.04,653.803,Lipid
Glucose,C10H17N4O1,989.09,6.31,318.664,Lipid
Aspirin,C17H15N2O5,900.77,12.85,751.874,Nucleotide
Cholesterol,C10H9N3O2,982.9,N/A,172.179,Alkaloid
Urea,C4H40N1O5,881.27,6.82,700.77,Lipid
Dopamine,C5H6N1O8,509.63,11.75,578.234,Organic Compound
Ethanol,C19H29N2O7,710.06,3.55,124.982,Organic Compound
Glucose,C9H40N1O4,963.29,5.87,564.985,Alcohol
Serotonin,C3H35N3O9,260.14,13.88,854.486,Alkaloid
Glucose,C7H14N4O3,324.74,12.26,747.579,Neurotransmitter
Urea,C7H24N0O3,279.3,4.58,943.932,Alkaloid
Urea,C6H40N0O0,994.43,10.64,797.359,Hormone
Caffeine,C11H19N4O7,258.59,6.79,401.23,Alkaloid
Ethanol,C12H35N3O9,847.79,N/A,5.573,Organic Compound
Glucose,C9H27N0O2,930.15,6.77,358.135,Alkaloid
Dopamine,C7H1N0O9,415.28,12.06,516.884,Organic Compound
Adrenaline,C5H13N3O10,239.14,9.28,48.302,Organic Compound
Adrenaline,C3H35N0O6,623.59,7.71,647.202,Carbohydrate
Urea,C19H8N2O1,830.36,N/A,834.807,Neurotransmitter
Glucose,C1H17N3O3,253.08,1.73,109.138,Alkaloid
Ethanol,C10H35N3O7,725.02,2.33,128.852,Carbohydrate
Dopamine,C2H27N2O4,244.91,12.78,709.038,Nucleotide
Serotonin,C17H28N4O1,385.51,2.24,7.517,Neurotransmitter
Serotonin,C3H39N5O2,618.0,4.89,415.208,Carbohydrate
Ethanol,C16H35N5O5,568.85,1.31,403.475,Amide
Aspirin,C4H13N5O4,858.94,3.02,566.035,Nucleotide
Serotonin,C13H25N4O0,539.47,N/A,468.135,Carbohydrate
Adenosine triphosphate,C1H14N5O8,394.86,6.28,803.852,Organic Compound
Urea,C19H38N0O8,135.96,5.62,496.87,Alcohol
Aspirin,C20H40N4O4,699.91,3.58,553.46,Organic Compound
Serotonin,C17H2N1O3,130.8,1.63,549.182,Alcohol
Adrenaline,C13H7N4O0,750.48,10.71,781.373,Organic Compound
Adrenaline,C15H24N2O0,297.29,5.01,644.565,Neurotransmitter
Aspirin,C15H13N0O7,672.94,3.53,941.612,Organic Compound
Dopamine,C20H24N5O7,944.36,8.08,495.642,Organic Compound
Urea,C6H28N4O3,583.83,2.89,315.345,Carbohydrate
Caffeine,C2H33N5O8,475.77,N/A,282.142,Organic Compound
Dopamine,C4H35N4O9,348.84,6.23,694.72,Hormone
Serotonin,C20H28N3O10,586.98,2.41,478.563,Lipid
Caffeine,C17H7N4O10,583.21,N/A,120.21,Amide
Serotonin,C20H34N5O0,589.78,9.82,70.039,Amide
Aspirin,C3H22N3O2,627.82,8.75,513.834,Organic Compound
Urea,C20H23N5O1,64.06,1.58,3.505,Carbohydrate
Glucose,C17H4N3O2,252.03,N/A,896.917,Organic Compound
Serotonin,C13H39N0O1,621.36,5.18,71.672,Carbohydrate
Urea,C9H10N4O10,704.7,3.63,868.575,Alkaloid
Ethanol,C9H28N5O6,81.97,9.44,884.932,Hormone
Caffeine,C12H12N5O5,241.73,3.64,961.581,Amide
Ethanol,C20H14N3O3,805.21,1.38,322.85,Neurotransmitter
Ethanol,C20H32N3O1,141.1,N/A,609.372,Alcohol
Cholesterol,C18H28N0O6,543.12,N/A,435.154,Alkaloid
Adrenaline,C10H36N3O7,114.95,N/A,744.605,Amide
Adrenaline,C18H29N0O8,547.14,10.01,782.845,Alcohol
Cholesterol,C4H13N0O8,814.24,12.08,45.14,Alkaloid
Cholesterol,C14H4N4O9,280.0,N/A,51.954,Neurotransmitter
Dopamine,C14H22N4O4,412.3,11.78,790.64,Carbohydrate
Adenosine triphosphate,C17H4N3O0,366.0,13.16,328.006,Neurotransmitter
Urea,C5H5N0O9,277.79,N/A,519.077,Carbohydrate
Serotonin,C8H6N1O7,288.06,3.95,91.662,Alkaloid
Adrenaline,C12H12N4O8,957.32,6.22,458.955,Alcohol
Serotonin,C3H40N0O4,698.93,3.16,859.355,Nucleotide
Serotonin,C3H18N2O3,569.37,7.55,834.63,Neurotransmitter
Dopamine,C16H36N0O2,204.39,N/A,354.18,Organic Compound
Serotonin,C11H33N3O6,553.94,N/A,624.394,Carbohydrate
Caffeine,C4H32N0O10,316.38,5.58,246.249,Alkaloid
Adrenaline,C8H9N3O0,444.24,1.85,767.233,Organic Compound
Aspirin,C17H23N4O3,71.18,10.18,380.168,Hormone
Caffeine,C18H4N5O7,110.33,N/A,234.499,Organic Compound
Cholesterol,C3H18N5O2,747.37,N/A,485.858,Organic Compound
Caffeine,C20H21N5O8,376.98,8.9,265.703,Nucleotide
Adenosine triphosphate,C6H4N1O5,662.68,N/A,962.685,Organic Compound
Caffeine,C6H27N4O5,302.87,5.05,395.162,Nucleotide
Dopamine,C3H15N1O7,518.67,3.17,93.057,Alkaloid
Urea,C3H18N5O6,978.76,11.36,175.162,Lipid
Aspirin,C5H28N5O8,537.8,5.11,933.753,Hormone
Caffeine,C1H10N5O6,305.21,1.23,374.91,Organic Compound
Ethanol,C9H10N1O7,575.38,2.05,82.558,Nucleotide
Adenosine triphosphate,C15H26N4O0,408.44,N/A,407.951,Hormone
Dopamine,C1H11N4O3,696.56,10.61,717.889,Alkaloid
Adrenaline,C12H38N4O3,358.24,8.91,445.811,Neurotransmitter
Glucose,C6H19N4O10,437.25,3.54,604.91,Carbohydrate
Dopamine,C15H37N4O10,534.23,11.45,670.583,Amide
Adrenaline,C18H19N5O6,876.0,13.1,511.935,Carbohydrate
Adrenaline,C17H8N3O5,409.84,6.83,315.621,Hormone
Glucose,C20H15N3O6,600.94,7.18,896.7,Organic Compound
Glucose,C10H14N4O2,838.64,7.76,968.665,Lipid
Adrenaline,C10H14N2O8,759.76,9.54,177.163,Lipid
Glucose,C18H31N4O6,440.41,7.15,245.329,Hormone
Adrenaline,C4H13N3O2,210.27,11.72,606.95,Amide
Aspirin,C8H40N0O3,256.25,9.14,665.77,Neurotransmitter
Dopamine,C18H21N2O10,603.94,13.71,853.51,Alkaloid
Caffeine,C5H4N4O1,796.41,6.82,797.309,Neurotransmitter
Adenosine triphosphate,C17H39N0O8,388.45,1.7,653.238,Neurotransmitter
Ethanol,C5H36N1O7,602.51,11.56,730.878,Organic Compound
Glucose,C20H32N0O10,703.52,3.13,19.627,Lipid
Serotonin,C2H10N3O10,88.5,12.77,205.196,Amide
Caffeine,C18H38N5O6,168.32,6.84,49.853,Lipid
Glucose,C19H1N1O4,631.19,N/A,812.867,Organic Compound
Dopamine,C20H21N4O4,419.48,7.83,803.492,Amide
Urea,C17H13N2O6,278.13,4.13,799.431,Carbohydrate
Caffeine,C16H20N1O3,333.5,8.4,514.98,Hormone
Adrenaline,C14H10N3O9,444.92,6.82,974.362,Organic Compound
Serotonin,C5H36N5O8,345.91,11.7,902.056,Carbohydrate
Ethanol,C2H22N4O1,779.56,2.74,795.425,Hormone
Caffeine,C12H23N4O7,951.56,4.73,453.259,Hormone
Aspirin,C9H8N2O10,171.68,8.44,164.115,Hormone
Aspirin,C20H19N3O5,142.39,12.27,392.184,Organic Compound
Cholesterol,C7H7N3O10,314.78,N/A,129.109,Organic Compound
Cholesterol,C14H9N0O1,639.04,N/A,977.597,Nucleotide
Ethanol,C3H34N2O6,308.49,9.56,223.548,Hormone
Adenosine triphosphate,C8H19N1O8,732.44,9.51,244.111,Carbohydrate
Adenosine triphosphate,C20H10N5O4,781.06,8.11,399.252,Organic Compound
Adrenaline,C4H11N3O8,378.69,9.53,3.454,Lipid
Serotonin,C10H27N2O0,610.16,N/A,785.241,Lipid
Serotonin,C7H26N2O5,569.92,5.11,681.085,Organic Compound
Urea,C6H28N5O1,216.97,6.56,244.807,Alcohol
Ethanol,C20H19N2O8,973.45,N/A,463.423,Carbohydrate
Aspirin,C20H30N4O2,640.24,3.98,12.861,Alkaloid
Dopamine,C10H16N4O1,830.03,4.78,657.628,Organic Compound
Adenosine triphosphate,C15H23N2O9,633.11,5.75,558.704,Alkaloid
Cholesterol,C6H39N2O10,718.79,N/A,748.176,Organic Compound
Urea,C20H4N4O3,345.23,N/A,991.745,Carbohydrate
Urea,C9H7N1O10,724.86,7.53,24.351,Alkaloid
Aspirin,C4H15N2O3,353.06,12.57,765.594,Lipid
Dopamine,C20H2N5O1,760.98,7.81,513.036,Hormone
Caffeine,C8H20N5O0,653.1,2.63,393.235,Alcohol
Glucose,C13H30N3O8,942.96,12.01,939.713,Carbohydrate
Caffeine,C6H3N5O5,185.38,12.44,439.718,Alkaloid
Ethanol,C18H17N4O0,698.59,8.56,43.264,Nucleotide
Glucose,C15H28N5O7,883.75,13.9,737.513,Neurotransmitter
Aspirin,C3H35N0O5,892.39,10.76,212.753,Neurotransmitter
Aspirin,C3H21N2O1,203.25,7.24,523.525,Neurotransmitter
Dopamine,C19H25N1O5,396.47,9.99,860.909,Alcohol
Serotonin,C18H8N4O3,988.08,12.7,716.954,Organic Compound
Aspirin,C10H34N2O4,927.61,12.77,765.606,Alkaloid
Adenosine triphosphate,C3H31N2O3,790.01,12.82,368.409,Lipid
Cholesterol,C8H25N3O7,842.97,N/A,101.478,Lipid
Ethanol,C12H32N5O9,244.57,4.05,415.62,Hormone
Adenosine triphosphate,C1H4N3O5,758.52,12.14,353.692,Neurotransmitter
Adrenaline,C5H14N4O3,177.99,N/A,606.915,Organic Compound
Glucose,C1H30N2O3,450.36,8.68,583.623,Alcohol
Ethanol,C11H18N1O8,677.95,5.59,108.519,Amide
Serotonin,C17H26N0O3,237.93,1.7,733.869,Alcohol
Caffeine,C19H24N1O10,854.86,13.42,938.741,Neurotransmitter
Adenosine triphosphate,C12H17N0O1,876.41,5.82,918.191,Neurotransmitter
Cholesterol,C1H37N3O4,275.49,11.58,54.473,Nucleotide
Caffeine,C8H23N3O4,559.1,12.52,562.161,Alkaloid
Dopamine,C4H12N2O4,868.09,N/A,272.891,Amide
Aspirin,C7H38N3O8,442.43,4.35,100.824,Alcohol
Glucose,C13H31N4O9,131.89,11.84,474.618,Amide
Aspirin,C8H13N0O7,895.96,10.58,217.292,Neurotransmitter
Serotonin,C18H16N2O6,923.94,7.09,324.545,Hormone
Serotonin,C9H15N3O6,582.51,9.23,464.626,Nucleotide
Ethanol,C3H34N2O6,687.76,12.84,942.416,Lipid
Caffeine,C6H23N1O3,786.87,6.31,891.291,Neurotransmitter
Caffeine,C10H9N1O7,895.53,11.29,129.734,Alkaloid
Cholesterol,C16H39N4O4,553.41,2.07,608.548,Organic Compound
Cholesterol,C17H13N2O2,653.73,10.64,298.292,Alkaloid
Cholesterol,C7H32N1O7,801.79,4.43,362.035,Nucleotide
Cholesterol,C7H15N5O2,641.86,3.35,588.69,Hormone
Adenosine triphosphate,C10H34N3O3,814.61,11.86,406.119,Nucleotide
Caffeine,C12H5N3O5,723.86,5.37,303.33,Organic Compound
Glucose,C16H2N5O5,191.91,3.38,61.651,Lipid
Ethanol,C18H27N0O4,355.91,6.93,116.485,Organic Compound
Cholesterol,C3H19N0O4,695.36,10.6,88.693,Alcohol
Serotonin,C4H5N2O3,679.62,10.04,104.486,Alkaloid
Adenosine triphosphate,C6H28N3O5,933.3,5.8,35.58,Carbohydrate
Cholesterol,C7H13N3O8,117.9,11.28,549.774,Lipid
Adrenaline,C11H23N2O8,516.4,N/A,478.287,Alkaloid
Glucose,C1H22N1O0,540.39,N/A,574.1,Nucleotide
Cholesterol,C3H13N1O5,335.2,N/A,558.062,Neurotransmitter
Serotonin,C20H37N1O7,281.91,9.96,645.812,Alkaloid
Cholesterol,C1H19N4O2,355.48,11.42,870.861,Hormone
Glucose,C14H33N4O9,53.36,1.21,352.95,Hormone
Glucose,C8H17N5O8,820.05,5.55,89.8,Hormone
Glucose,C7H10N3O10,581.06,2.9,771.141,Alcohol
Aspirin,C14H15N0O1,604.39,3.95,699.586,Amide
Aspirin,C15H28N2O0,787.03,N/A,650.079,Alkaloid
Aspirin,C14H11N5O3,937.4,N/A,857.544,Organic Compound
Dopamine,C20H10N4O4,484.03,13.76,669.842,Lipid
Adrenaline,C9H37N0O7,860.58,5.4,675.187,Alkaloid
Glucose,C6H34N5O7,123.77,9.3,858.897,Neurotransmitter
Adrenaline,C17H17N3O8,374.26,11.73,103.483,Organic Compound
Aspirin,C15H26N3O5,819.35,N/A,139.397,Hormone
Aspirin,C1H34N1O6,673.64,11.13,239.085,Nucleotide
Aspirin,C10H10N3O1,972.56,7.89,87.317,Organic Compound
Dopamine,C13H24N1O1,247.37,12.68,465.159,Hormone
Caffeine,C2H35N1O2,155.74,N/A,785.598,Nucleotide
Caffeine,C15H19N5O1,868.91,6.77,117.727,Alkaloid
Caffeine,C4H2N1O1,963.92,4.71,460.918,Alkaloid
Adenosine triphosphate,C12H32N4O1,58.62,9.56,227.926,Neurotransmitter
Caffeine,C19H18N4O2,571.17,1.93,409.707,Amide
Aspirin,C8H13N0O8,394.68,9.94,320.093,Organic Compound
Adenosine triphosphate,C5H37N1O0,607.9,11.36,757.605,Amide
Glucose,C16H5N2O4,937.72,N/A,332.52,Alkaloid
Adrenaline,C15H36N0O6,389.56,N/A,158.698,Lipid
Urea,C13H5N2O4,372.28,N/A,253.564,Alkaloid
Ethanol,C15H32N3O4,722.82,12.07,33.902,Nucleotide
Adenosine triphosphate,C18H22N4O6,705.0,N/A,91.519,Amide
Ethanol,C10H29N5O8,447.79,12.09,479.13,Neurotransmitter
Adrenaline,C13H36N1O5,461.91,8.74,65.956,Neurotransmitter
Caffeine,C16H11N2O5,125.78,N/A,308.2,Nucleotide
Glucose,C10H7N4O0,404.85,8.06,966.22,Neurotransmitter
Dopamine,C3H24N4O2,278.58,8.17,114.011,Nucleotide
Glucose,C15H14N3O3,969.95,N/A,326.603,Nucleotide
Adenosine triphosphate,C7H8N2O4,686.22,3.23,450.994,Alcohol
Dopamine,C16H13N2O8,875.88,6.59,927.234,Neurotransmitter
Ethanol,C11H3N3O1,263.08,12.81,563.739,Neurotransmitter
Glucose,C4H31N5O9,532.83,N/A,799.784,Nucleotide
Urea,C8H23N5O9,325.69,N/A,342.813,Neurotransmitter
Aspirin,C7H15N2O2,274.2,4.85,811.227,Neurotransmitter
Glucose,C11H37N4O7,305.87,N/A,733.777,Neurotransmitter
Urea,C12H16N5O2,330.66,13.08,25.956,Amide
Adenosine triphosphate,C9H27N5O8,109.95,1.55,92.003,Amide
Adrenaline,C9H4N5O5,638.1,5.5,397.903,Neurotransmitter
Dopamine,C12H29N0O4,105.74,11.13,156.478,Lipid
Urea,C6H26N1O3,297.27,N/A,506.141,Lipid
Glucose,C18H39N4O5,243.28,10.68,948.415,Alcohol
Ethanol,C15H20N0O0,62.59,N/A,299.714,Lipid
Dopamine,C2H29N0O4,932.62,9.69,38.055,Nucleotide
Urea,C17H1N4O3,753.8,7.1,433.302,Amide
Adenosine triphosphate,C10H26N3O0,51.43,4.54,984.723,Alcohol
Cholesterol,C3H2N2O5,58.38,11.49,18.978,Hormone
Dopamine,C13H23N1O7,175.17,13.03,953.563,Carbohydrate
Aspirin,C9H40N4O6,955.14,3.43,404.663,Alcohol
Cholesterol,C3H37N5O1,692.14,9.75,913.959,Carbohydrate
Aspirin,C17H20N2O2,949.52,10.35,592.531,Lipid
Serotonin,C5H20N5O6,347.06,N/A,470.377,Carbohydrate
Cholesterol,C3H26N4O10,912.98,9.79,835.25,Alcohol
Dopamine,C9H11N2O7,119.16,7.13,681.724,Alkaloid
Adenosine triphosphate,C10H20N4O8,482.68,N/A,586.668,Lipid
Ethanol,C10H36N2O0,79.08,2.57,370.554,Lipid
Aspirin,C4H3N0O7,90.31,6.24,835.028,Alcohol
Caffeine,C20H12N1O9,528.37,4.13,104.952,Lipid
Serotonin,C14H30N2O8,81.74,9.49,451.022,Organic Compound
Caffeine,C10H22N2O4,137.55,8.46,799.677,Neurotransmitter
Urea,C8H31N3O10,469.78,4.29,313.305,Alkaloid
Adrenaline,C1H38N4O9,108.4,N/A,39.953,Amide
Glucose,C5H13N5O6,163.47,N/A,967.319,Nucleotide
Glucose,C6H17N0O3,283.16,1.78,397.566,Alcohol
Serotonin,C12H11N2O6,72.21,5.35,256.292,Amide
Serotonin,C9H2N1O0,748.31,3.88,161.574,Amide
Serotonin,C9H17N5O3,480.97,4.19,853.855,Organic Compound
Adrenaline,C15H33N5O10,835.04,2.42,827.571,Nucleotide
Adenosine triphosphate,C17H3N4O0,454.59,3.74,494.148,Lipid
Ethanol,C18H18N0O7,120.73,N/A,860.826,Carbohydrate
Aspirin,C15H18N3O6,920.34,3.03,392.954,Lipid
Urea,C13H11N4O1,485.77,10.78,255.608,Hormone
Aspirin,C2H10N4O2,693.22,3.5,562.162,Neurotransmitter
Adrenaline,C20H22N3O7,489.08,8.71,323.993,Carbohydrate
Dopamine,C6H11N2O10,474.07,N/A,129.054,Amide
Aspirin,C1H39N3O8,813.63,4.87,201.864,Alkaloid
Ethanol,C20H21N2O10,237.78,4.32,452.307,Neurotransmitter
Cholesterol,C13H18N2O1,774.81,5.0,275.074,Alcohol
Serotonin,C9H36N0O5,405.99,3.21,266.283,Hormone
Caffeine,C2H13N3O1,484.84,9.5,370.496,Organic Compound
Urea,C13H9N0O10,983.45,13.09,408.138,Lipid
Aspirin,C3H31N3O5,133.2,2.64,646.406,Lipid
Cholesterol,C12H37N4O4,605.42,4.46,503.646,Nucleotide
Adenosine triphosphate,C4H29N0O6,936.44,7.25,191.665,Lipid
Glucose,C14H16N4O7,575.13,N/A,716.752,Carbohydrate
Serotonin,C17H32N0O3,335.08,11.96,381.538,Lipid
Adenosine triphosphate,C18H5N1O2,649.14,9.49,94.481,Lipid
Aspirin,C18H20N0O2,527.53,10.48,20.766,Alcohol
Dopamine,C20H34N4O2,151.29,9.35,391.326,Neurotransmitter
Aspirin,C6H24N2O6,135.89,9.23,108.735,Organic Compound
Ethanol,C14H13N1O3,792.7,N/A,56.814,Alkaloid
Adrenaline,C18H35N0O1,698.34,N/A,630.433,Alcohol
Caffeine,C2H27N1O9,107.82,13.33,785.756,Amide
Glucose,C9H5N1O9,734.2,9.26,805.043,Lipid
Caffeine,C6H34N5O3,493.28,13.21,900.043,Carbohydrate
Serotonin,C15H5N1O5,182.96,8.76,443.303,Organic Compound
Adrenaline,C17H12N1O5,494.02,N/A,132.888,Hormone
Adrenaline,C19H1N4O5,850.32,13.56,737.026,Carbohydrate
Cholesterol,C1H13N1O3,417.82,N/A,672.961,Nucleotide
Aspirin,C7H39N1O1,801.07,2.68,790.588,Nucleotide
Adenosine triphosphate,C19H37N5O5,450.43,N/A,28.552,Organic Compound
Adenosine triphosphate,C19H18N5O3,402.37,13.52,396.974,Hormone
Aspirin,C11H18N3O7,116.61,1.54,428.713,Alkaloid
Cholesterol,C12H24N2O0,441.87,N/A,637.582,Nucleotide
Cholesterol,C10H19N5O8,454.8,1.89,422.206,Organic Compound
Aspirin,C3H37N5O9,379.41,11.95,877.101,Hormone
Dopamine,C20H31N4O5,213.84,3.17,203.578,Lipid
Urea,C10H19N0O0,231.98,5.34,376.82,Lipid
Caffeine,C13H38N4O5,895.79,10.73,868.566,Lipid
Urea,C12H16N0O0,488.25,6.96,438.001,Neurotransmitter
Dopamine,C7H28N0O10,520.13,4.24,472.711,Alcohol
Ethanol,C7H30N5O6,565.09,N/A,749.67,Nucleotide
Caffeine,C4H4N1O7,721.96,6.84,194.822,Hormone
Cholesterol,C16H19N2O2,303.93,13.2,823.108,Organic Compound
Caffeine,C16H36N2O1,421.06,12.13,56.223,Hormone
Urea,C17H23N3O3,818.49,3.66,18.502,Lipid
Glucose,C11H36N3O9,267.97,13.57,294.606,Amide
Dopamine,C8H4N5O2,533.88,6.45,907.708,Hormone
Dopamine,C2H10N3O4,706.69,4.38,359.991,Hormone
Caffeine,C17H21N1O7,964.34,5.22,176.949,Hormone
Aspirin,C4H27N3O4,405.78,13.67,626.578,Organic Compound
Adrenaline,C9H35N0O5,641.7,N/A,385.65,Organic Compound
Urea,C18H28N4O3,103.94,6.83,461.988,Hormone
Glucose,C13H36N4O2,628.95,4.34,829.663,Carbohydrate
Urea,C10H6N4O4,979.03,6.61,567.903,Neurotransmitter
Adrenaline,C4H40N3O2,389.44,N/A,231.204,Hormone
Adenosine triphosphate,C8H29N4O0,313.77,N/A,557.815,Alkaloid
Ethanol,C14H32N3O4,737.7,2.47,210.752,Carbohydrate
Cholesterol,C13H1N1O10,611.69,10.75,760.459,Alcohol
Glucose,C10H2N5O8,150.99,N/A,771.873,Alkaloid
Serotonin,C9H30N5O10,200.84,8.3,781.041,Nucleotide
Adenosine triphosphate,C20H39N5O7,797.63,9.14,694.153,Organic Compound
Aspirin,C11H33N0O4,915.08,2.81,719.756,Alkaloid
Dopamine,C4H23N2O10,959.57,7.48,667.311,Alcohol
Urea,C14H25N0O1,210.71,12.44,986.087,Amide
Adenosine triphosphate,C20H21N5O9,855.17,9.74,591.683,Alkaloid
Adrenaline,C11H15N4O5,341.0,8.8,401.61,Hormone
Cholesterol,C16H30N1O6,263.62,8.98,46.164,Hormone
Glucose,C16H33N2O7,409.16,10.3,648.974,Carbohydrate
Aspirin,C1H29N1O9,97.87,3.77,459.347,Hormone
Caffeine,C8H7N2O10,294.43,3.48,560.201,Nucleotide
Ethanol,C12H35N2O8,221.81,6.0,371.636,Organic Compound
Adenosine triphosphate,C1H25N1O6,529.84,2.64,270.819,Lipid
Aspirin,C1H17N0O3,168.77,4.92,252.565,Hormone
Adrenaline,C18H39N3O1,593.98,11.88,291.67,Carbohydrate
Ethanol,C18H19N5O8,639.78,8.6,889.152,Alcohol
Cholesterol,C5H39N1O8,878.84,5.31,946.372,Lipid
Cholesterol,C9H22N3O9,595.47,7.36,26.984,Amide
Ethanol,C12H9N2O6,553.52,N/A,634.795,Carbohydrate
Ethanol,C6H3N2O9,739.54,N/A,59.343,Nucleotide
Urea,C9H27N2O3,833.39,10.26,319.086,Carbohydrate
Cholesterol,C18H12N5O4,246.91,4.12,772.813,Alcohol
Adenosine triphosphate,C7H35N4O4,865.25,6.89,906.506,Alkaloid
Ethanol,C16H15N1O0,957.84,N/A,646.836,Carbohydrate
Adrenaline,C14H2N5O9,991.88,11.16,880.674,Nucleotide
Serotonin,C5H12N3O3,780.98,10.13,863.139,Nucleotide
Adenosine triphosphate,C8H19N1O2,558.25,7.02,459.611,Carbohydrate
Urea,C2H5N4O6,670.8,N/A,797.202,Lipid
Glucose,C4H20N3O10,155.17,N/A,402.086,Alkaloid
Ethanol,C14H17N3O10,935.41,N/A,134.398,Lipid
Aspirin,C18H8N1O0,325.71,12.01,265.643,Alcohol
Caffeine,C9H2N4O6,248.21,1.26,804.156,Alcohol
Glucose,C6H1N1O3,146.21,3.23,339.307,Organic Compound
Caffeine,C20H14N2O6,560.22,N/A,55.357,Amide
Glucose,C3H1N0O10,847.98,11.76,220.315,Hormone
Aspirin,C18H25N4O4,242.46,13.71,284.722,Neurotransmitter
Adrenaline,C1H28N1O0,967.33,7.09,555.577,Alkaloid
Dopamine,C4H26N4O5,74.39,8.07,558.878,Hormone
Ethanol,C16H27N2O2,218.69,8.13,968.967,Amide
Cholesterol,C16H10N5O9,528.71,7.33,433.212,Alkaloid
Urea,C4H10N4O0,505.38,8.82,188.842,Lipid
Adrenaline,C6H37N3O8,686.94,12.09,444.147,Hormone
Aspirin,C4H21N1O9,795.85,N/A,830.688,Nucleotide
Cholesterol,C14H14N1O6,856.67,N/A,309.454,Alkaloid
Cholesterol,C4H26N1O8,557.74,13.16,924.173,Amide
Urea,C18H10N5O3,940.37,1.02,471.352,Nucleotide
Serotonin,C14H40N0O8,668.82,12.72,700.332,Nucleotide
Caffeine,C2H20N3O1,563.32,5.57,726.397,Organic Compound
Ethanol,C11H10N1O5,363.98,10.42,410.915,Neurotransmitter
Dopamine,C1H20N1O4,358.74,6.44,181.063,Organic Compound
Cholesterol,C20H10N3O1,567.48,7.66,987.936,Carbohydrate
Caffeine,C14H7N1O8,450.31,5.05,950.662,Organic Compound
Ethanol,C16H13N5O6,165.21,2.89,837.812,Alcohol
Adrenaline,C16H3N5O5,394.66,12.59,604.467,Neurotransmitter
Serotonin,C10H37N0O9,749.83,N/A,780.334,Lipid
Glucose,C14H18N4O10,642.78,9.49,628.293,Alkaloid
Ethanol,C18H36N1O0,307.32,12.62,971.088,Neurotransmitter
Caffeine,C10H30N2O10,993.13,4.27,919.491,Alkaloid
Urea,C6H11N2O3,366.96,8.92,709.639,Alcohol
Glucose,C3H12N3O0,779.91,N/A,183.484,Hormone
Caffeine,C3H17N5O7,474.31,7.21,803.481,Alkaloid
Adrenaline,C1H31N0O2,645.54,7.3,10.021,Neurotransmitter
Adenosine triphosphate,C12H28N4O10,870.88,N/A,811.563,Hormone
Aspirin,C16H7N3O10,628.94,4.83,178.65,Nucleotide
Cholesterol,C15H7N2O6,481.12,7.84,259.694,Carbohydrate
Ethanol,C19H18N5O9,175.98,N/A,430.845,Carbohydrate
Adrenaline,C5H33N0O2,606.35,N/A,533.206,Alcohol
Adrenaline,C5H8N3O6,176.0,10.91,774.308,Hormone
Cholesterol,C5H7N3O8,611.86,7.48,52.786,Hormone
Adenosine triphosphate,C5H30N1O3,745.12,12.59,423.939,Alkaloid
Serotonin,C6H38N4O7,202.15,N/A,567.056,Carbohydrate
Glucose,C3H4N4O4,359.82,9.14,400.041,Carbohydrate
Aspirin,C1H11N4O3,513.7,5.85,109.167,Amide
Ethanol,C2H19N1O4,205.32,1.3,229.764,Alcohol
Serotonin,C15H25N0O5,387.78,12.26,554.751,Neurotransmitter
Adenosine triphosphate,C2H17N4O1,791.88,4.91,519.262,Lipid
Ethanol,C6H18N5O5,417.72,13.33,338.741,Nucleotide
Urea,C16H31N2O2,281.36,6.52,715.941,Lipid
Serotonin,C16H14N2O7,706.59,1.11,511.584,Nucleotide
Adenosine triphosphate,C3H35N2O10,657.83,7.31,679.504,Amide
Urea,C13H39N5O4,393.07,2.97,429.319,Lipid
Glucose,C10H20N5O8,167.02,2.63,643.592,Hormone
Serotonin,C14H12N5O5,955.56,N/A,753.302,Alcohol
Urea,C15H30N4O10,690.0,3.65,725.171,Neurotransmitter
Urea,C7H9N1O4,507.04,4.71,175.886,Carbohydrate
Serotonin,C13H40N1O6,68.28,8.42,427.338,Organic Compound
Dopamine,C15H21N2O1,751.25,N/A,202.699,Neurotransmitter
Adrenaline,C12H40N4O6,828.62,N/A,438.675,Amide
Adenosine triphosphate,C19H38N1O3,442.96,3.74,346.106,Alkaloid
Serotonin,C10H12N2O0,828.06,3.32,20.007,Organic Compound
Cholesterol,C5H21N3O2,447.83,3.07,619.363,Carbohydrate
Ethanol,C8H26N0O7,993.55,9.76,379.757,Nucleotide
Aspirin,C2H18N1O3,513.52,7.06,103.102,Alkaloid
Urea,C1H19N2O2,982.57,N/A,7.887,Nucleotide
Adrenaline,C20H29N5O6,998.81,N/A,576.625,Carbohydrate
Serotonin,C2H21N4O1,710.78,5.28,838.149,Organic Compound
Urea,C18H20N2O8,697.6,8.48,387.366,Hormone
Aspirin,C8H1N3O2,142.66,N/A,852.967,Amide
Ethanol,C6H14N3O4,311.25,9.24,555.569,Nucleotide
Adrenaline,C20H11N0O2,889.16,N/A,157.615,Neurotransmitter
Adenosine triphosphate,C6H36N4O0,761.73,N/A,875.167,Amide
Adrenaline,C17H5N5O3,534.86,12.59,664.447,Alcohol
Adenosine triphosphate,C3H22N2O8,611.53,13.11,146.466,Organic Compound
Cholesterol,C8H23N5O1,702.0,5.12,312.955,Neurotransmitter
Cholesterol,C10H39N3O10,173.01,10.43,841.506,Alkaloid
Adrenaline,C10H16N3O10,455.83,N/A,912.823,Nucleotide
Adenosine triphosphate,C3H24N2O4,747.96,4.35,855.133,Amide
Urea,C18H10N0O10,585.71,1.84,904.382,Lipid
Cholesterol,C19H30N3O0,79.76,N/A,405.124,Organic Compound
Serotonin,C9H34N2O9,156.36,1.53,818.845,Lipid
Cholesterol,C11H13N3O1,380.26,5.68,629.338,Nucleotide
Caffeine,C4H34N4O1,774.05,11.16,358.059,Nucleotide
Adenosine triphosphate,C16H9N0O0,334.2,N/A,682.006,Organic Compound
Aspirin,C15H30N0O6,775.05,N/A,389.137,Hormone
Aspirin,C5H29N3O7,811.14,11.0,69.79,Lipid
Serotonin,C9H4N3O3,574.38,4.29,253.493,Neurotransmitter
Caffeine,C10H10N1O6,51.15,12.98,989.579,Nucleotide
Cholesterol,C3H10N4O1,856.2,11.17,913.206,Alkaloid
Serotonin,C4H20N3O5,538.9,6.87,485.068,Neurotransmitter
Cholesterol,C8H10N1O9,214.82,N/A,320.547,Neurotransmitter
Glucose,C8H16N2O10,715.5,13.11,771.436,Amide
Cholesterol,C11H23N4O2,548.17,1.21,109.805,Alcohol
Glucose,C20H31N3O3,822.57,3.08,309.152,Hormone
Cholesterol,C6H36N5O7,914.47,1.47,430.81,Lipid
Adenosine triphosphate,C6H2N0O5,427.07,13.45,6.256,Carbohydrate
Dopamine,C8H14N3O10,410.34,12.77,817.108,Hormone
Aspirin,C16H34N1O4,289.58,11.34,520.017,Alcohol
Glucose,C13H37N2O4,734.58,2.68,887.986,Amide
Aspirin,C11H19N0O2,268.94,13.25,373.451,Carbohydrate
Adrenaline,C20H25N1O5,968.28,N/A,732.769,Alkaloid
Urea,C1H37N4O1,961.64,8.2,55.916,Amide
Adenosine triphosphate,C9H10N5O3,453.73,8.75,664.255,Nucleotide
Dopamine,C12H13N5O10,507.3,6.59,922.5,Alcohol
Caffeine,C18H11N4O8,837.42,10.69,864.759,Organic Compound
Glucose,C15H22N2O1,655.48,4.87,961.068,Hormone
Adenosine triphosphate,C14H15N1O6,714.38,9.23,569.912,Alkaloid
Adrenaline,C3H24N2O2,550.81,10.1,182.382,Lipid
Adrenaline,C7H37N2O9,564.72,3.95,302.162,Carbohydrate
Urea,C20H29N5O10,107.27,N/A,314.338,Alkaloid
Adenosine triphosphate,C4H26N0O4,464.93,9.11,947.63,Carbohydrate
Cholesterol,C14H37N5O10,981.87,6.91,251.567,Lipid
Serotonin,C10H31N5O6,801.21,2.23,826.123,Alkaloid
Adenosine triphosphate,C9H8N5O4,99.15,7.77,385.559,Organic Compound
Glucose,C4H22N2O9,796.16,2.63,207.766,Alcohol
Adenosine triphosphate,C20H16N1O8,655.86,10.91,611.818,Alkaloid
Caffeine,C12H23N2O2,790.21,N/A,717.765,Alcohol
Caffeine,C4H9N0O1,660.35,3.73,756.639,Nucleotide
Urea,C19H1N2O6,626.71,5.67,544.839,Amide
Cholesterol,C11H17N1O3,223.3,4.62,791.515,Nucleotide
Adenosine triphosphate,C10H11N0O1,377.56,6.92,256.036,Neurotransmitter
Dopamine,C17H35N4O5,840.26,N/A,26.338,Nucleotide
Ethanol,C12H14N3O6,696.58,10.9,122.704,Alcohol
Urea,C14H8N4O3,152.34,N/A,601.491,Carbohydrate
Glucose,C3H25N4O2,596.29,N/A,919.795,Hormone
Ethanol,C12H13N4O10,357.2,N/A,628.708,Amide
Aspirin,C2H29N2O6,661.56,N/A,203.93,Organic Compound
Urea,C14H11N5O2,329.9,11.6,826.356,Alcohol
Glucose,C18H7N3O8,258.45,8.01,183.814,Organic Compound
Glucose,C16H5N4O5,525.2,6.31,433.016,Lipid
Cholesterol,C12H5N5O2,785.99,5.71,379.01,Alcohol
Dopamine,C9H35N2O4,603.86,9.39,287.462,Lipid
Cholesterol,C9H31N4O5,224.74,N/A,778.272,Lipid
Adrenaline,C17H14N5O4,932.51,2.54,121.453,Carbohydrate
Adenosine triphosphate,C19H18N2O2,959.65,1.64,142.499,Nucleotide
Caffeine,C6H38N0O9,917.75,10.33,762.724,Hormone
Dopamine,C10H18N3O10,587.72,7.14,549.975,Hormone
Caffeine,C3H17N1O1,353.32,N/A,627.144,Lipid
Adenosine triphosphate,C4H30N3O0,982.1,N/A,225.556,Neurotransmitter
Adenosine triphosphate,C10H4N0O2,811.98,2.77,828.513,Lipid
Adenosine triphosphate,C13H12N4O4,949.1,9.69,840.978,Nucleotide
Urea,C13H3N1O4,854.55,3.25,604.687,Nucleotide
Glucose,C20H8N1O7,660.98,5.72,201.203,Organic Compound
Cholesterol,C3H32N3O2,433.7,10.35,461.379,Nucleotide
Adrenaline,C15H5N2O10,327.17,N/A,49.847,Organic Compound
Aspirin,C11H14N4O1,174.07,5.34,290.684,Alcohol
Dopamine,C19H31N2O6,899.86,11.96,817.578,Neurotransmitter
Ethanol,C11H32N5O2,701.26,11.83,651.111,Amide
Adrenaline,C9H11N5O3,757.8,5.74,66.393,Hormone
Aspirin,C18H9N0O7,287.91,12.5,237.079,Neurotransmitter
Urea,C19H36N2O0,501.77,N/A,124.204,Alkaloid
Adrenaline,C20H38N1O2,938.96,6.08,180.368,Organic Compound
Adenosine triphosphate,C10H37N3O5,382.19,3.9,20.385,Alkaloid
Aspirin,C11H32N5O1,866.67,5.92,947.264,Amide
Aspirin,C4H7N1O6,633.39,6.67,909.951,Carbohydrate
Caffeine,C10H20N0O9,559.47,N/A,623.093,Amide
Adenosine triphosphate,C15H15N2O0,494.98,10.37,27.954,Alkaloid
Adenosine triphosphate,C7H7N3O7,138.22,1.94,664.25,Carbohydrate
Serotonin,C15H6N4O6,684.32,3.33,895.922,Alkaloid
Adenosine triphosphate,C19H3N4O0,681.78,3.04,73.732,Alkaloid
Caffeine,C18H8N1O6,136.4,2.84,395.482,Neurotransmitter
Ethanol,C5H1N1O9,201.24,10.45,941.502,Carbohydrate
Cholesterol,C16H35N0O8,117.28,N/A,830.168,Amide
Caffeine,C8H18N3O9,617.32,4.11,447.2,Lipid
Adrenaline,C20H23N2O3,566.01,N/A,696.572,Nucleotide
Dopamine,C1H14N5O0,754.24,2.48,468.434,Organic Compound
Adrenaline,C19H11N0O1,592.38,1.31,872.925,Alkaloid
Dopamine,C14H2N2O6,139.14,10.63,265.968,Amide
Adrenaline,C6H2N2O4,890.65,3.37,567.877,Alkaloid
Glucose,C17H4N3O9,423.75,8.86,164.412,Alcohol
Adenosine triphosphate,C8H10N5O1,904.27,5.48,689.365,Alkaloid
Glucose,C6H4N0O1,503.29,12.37,430.962,Lipid
Adrenaline,C6H3N4O8,950.77,2.97,874.854,Lipid
Serotonin,C3H24N0O10,162.14,2.07,408.453,Lipid
Urea,C7H30N2O0,643.24,6.06,494.573,Alkaloid
Caffeine,C11H8N2O9,667.13,11.54,330.731,Organic Compound
Adenosine triphosphate,C18H39N2O2,812.8,4.16,152.28,Carbohydrate
Aspirin,C16H28N5O2,823.32,N/A,862.318,Nucleotide
Ethanol,C2H9N1O10,423.74,5.26,793.453,Nucleotide
Caffeine,C3H1N2O4,843.31,N/A,841.763,Neurotransmitter
Cholesterol,C2H3N1O7,584.68,8.44,804.565,Lipid
Urea,C6H16N2O7,441.07,1.96,214.278,Amide
Caffeine,C13H36N1O2,537.52,N/A,55.1,Alcohol
Urea,C6H34N5O5,527.28,12.72,805.41,Nucleotide
Dopamine,C9H25N2O0,561.3,N/A,863.176,Neurotransmitter
Glucose,C11H21N5O4,903.27,N/A,979.56,Lipid
Dopamine,C16H36N3O3,157.38,3.92,388.524,Nucleotide
Glucose,C5H30N4O10,407.94,6.16,414.261,Alkaloid
Serotonin,C18H32N1O4,78.07,10.52,124.129,Nucleotide
Urea,C14H22N3O8,164.22,N/A,697.35,Carbohydrate
Serotonin,C11H26N2O2,221.06,2.04,5.82,Amide
Dopamine,C8H4N5O1,381.16,N/A,605.628,Lipid
Caffeine,C5H16N4O4,476.21,2.78,755.262,Nucleotide
Dopamine,C2H19N0O3,385.74,9.51,852.486,Lipid
Aspirin,C8H25N1O3,911.86,11.71,533.841,Carbohydrate
Caffeine,C11H5N5O4,90.89,N/A,585.632,Lipid
Adenosine triphosphate,C19H37N1O9,884.78,5.62,255.125,Alcohol
Urea,C6H21N2O6,407.15,5.8,77.688,Lipid
Aspirin,C5H1N0O3,111.2,5.08,541.184,Alkaloid
Cholesterol,C15H15N4O3,588.18,10.98,698.143,Neurotransmitter
Dopamine,C13H12N3O1,679.28,10.94,373.795,Alkaloid
Adenosine triphosphate,C12H17N1O4,201.97,5.72,302.813,Neurotransmitter
Urea,C14H16N3O9,595.32,13.68,769.571,Amide
Cholesterol,C18H7N4O10,580.74,1.74,607.003,Alcohol
Caffeine,C4H32N0O2,833.6,6.08,647.904,Lipid
Adenosine triphosphate,C2H30N0O0,137.1,7.57,918.799,Organic Compound
Ethanol,C19H27N5O5,264.72,11.29,897.663,Lipid
Ethanol,C13H13N3O9,788.84,7.86,526.068,Neurotransmitter
Aspirin,C8H1N0O10,746.14,6.49,198.406,Alkaloid
Cholesterol,C7H5N1O9,85.58,2.45,269.481,Alcohol
Glucose,C12H35N4O8,384.69,N/A,768.318,Neurotransmitter
Dopamine,C17H6N0O9,708.37,12.2,749.878,Hormone
Urea,C11H29N5O7,87.2,7.74,509.464,Neurotransmitter
Adrenaline,C18H1N1O8,834.48,1.75,0.154,Alkaloid
Cholesterol,C15H40N1O9,277.37,8.28,247.189,Neurotransmitter
Urea,C7H38N1O6,371.73,12.25,640.013,Organic Compound
Aspirin,C14H18N3O7,698.97,11.27,141.853,Alkaloid
Caffeine,C3H13N2O8,144.82,13.33,926.895,Organic Compound
Adrenaline,C19H5N3O9,982.81,10.95,757.55,Amide
Adenosine triphosphate,C19H37N3O4,270.0,9.96,350.87,Organic Compound
Urea,C3H28N5O6,774.1,12.61,724.151,Alkaloid
Caffeine,C6H7N4O3,991.69,4.56,499.343,Carbohydrate
Dopamine,C15H6N2O8,549.3,8.04,176.213,Amide
Glucose,C15H21N2O0,972.88,N/A,763.364,Carbohydrate
Adrenaline,C2H30N0O0,519.04,10.48,28.725,Carbohydrate
Aspirin,C8H27N3O8,504.94,2.08,302.658,Alcohol
Caffeine,C17H25N3O6,144.38,11.13,168.396,Alcohol
Cholesterol,C19H8N1O8,537.99,10.54,620.175,Lipid
Glucose,C5H35N4O7,174.68,N/A,90.116,Alkaloid
Aspirin,C13H29N5O4,191.77,8.9,719.902,Nucleotide
Adrenaline,C20H36N5O5,459.61,9.79,895.283,Organic Compound
Urea,C14H11N1O4,909.01,1.92,122.914,Organic Compound
Dopamine,C9H25N0O2,576.61,3.77,610.435,Organic Compound
Urea,C1H9N0O3,396.96,10.0,491.612,Alcohol
Ethanol,C7H8N5O5,274.61,8.83,324.36,Organic Compound
Adenosine triphosphate,C7H27N5O8,259.43,4.01,75.849,Amide
Caffeine,C15H12N4O2,342.25,13.39,16.793,Amide
Ethanol,C4H17N4O10,298.2,12.25,704.031,Lipid
Aspirin,C2H14N5O9,463.57,2.01,860.626,Neurotransmitter
Urea,C5H22N5O7,484.87,13.06,617.103,Hormone
Serotonin,C10H33N4O8,383.38,3.62,580.69,Hormone
Serotonin,C19H33N1O2,416.42,8.78,651.725,Amide
Serotonin,C7H26N2O8,380.47,8.63,503.833,Carbohydrate
Ethanol,C8H20N1O10,698.39,3.15,890.031,Neurotransmitter
Serotonin,C7H12N0O4,206.19,11.37,246.168,Alkaloid
Serotonin,C2H11N2O4,579.05,11.82,952.998,Nucleotide
Dopamine,C9H19N1O8,559.92,9.59,971.27,Alkaloid
Adenosine triphosphate,C13H35N0O3,357.48,3.57,162.969,Alkaloid
Ethanol,C6H15N5O2,723.26,N/A,303.223,Hormone
Adenosine triphosphate,C1H36N2O4,166.34,N/A,614.346,Amide
Serotonin,C17H15N1O3,281.94,1.18,13.698,Organic Compound
Aspirin,C9H34N0O7,926.78,N/A,865.249,Organic Compound
Serotonin,C9H3N4O5,987.42,3.62,136.093,Alcohol
Adenosine triphosphate,C14H19N0O4,445.19,N/A,619.854,Organic Compound
Urea,C5H38N1O1,93.21,N/A,175.924,Carbohydrate
Adrenaline,C5H16N5O8,162.34,10.94,407.452,Carbohydrate
Cholesterol,C8H12N3O2,399.09,12.03,118.243,Lipid
Serotonin,C15H19N5O0,267.75,10.82,726.822,Carbohydrate
Adrenaline,C2H12N5O5,288.45,9.35,682.954,Amide
Aspirin,C12H6N3O4,278.19,N/A,970.925,Carbohydrate
Ethanol,C2H30N4O4,792.26,N/A,606.941,Nucleotide
Cholesterol,C11H5N3O1,671.35,N/A,1.088,Alkaloid
Serotonin,C16H3N4O1,861.5,13.22,53.634,Nucleotide
Dopamine,C14H21N2O6,380.13,4.85,154.02,Hormone
Glucose,C10H22N0O6,467.72,N/A,931.799,Organic Compound
Caffeine,C11H22N0O7,560.69,9.44,351.2,Nucleotide
Dopamine,C10H10N4O2,842.81,N/A,11.105,Lipid
Dopamine,C13H6N3O7,83.37,N/A,383.44,Nucleotide
Serotonin,C1H13N2O10,198.42,8.87,412.587,Alkaloid
Cholesterol,C8H24N0O5,811.42,12.37,346.598,Organic Compound
Aspirin,C13H17N1O2,86.64,5.65,341.637,Amide
Cholesterol,C11H22N1O7,252.55,10.66,453.053,Alcohol
Urea,C7H21N3O3,278.56,7.56,735.964,Lipid
Caffeine,C16H21N2O7,826.69,9.71,428.367,Lipid
Glucose,C11H25N5O2,616.03,10.03,521.682,Carbohydrate
Glucose,C19H21N5O1,403.58,N/A,565.689,Amide
Dopamine,C17H38N2O6,977.25,12.55,926.238,Carbohydrate
Cholesterol,C10H29N2O0,468.58,N/A,967.007,Amide
Caffeine,C16H13N3O6,116.75,10.3,267.342,Amide
Aspirin,C16H40N5O2,897.79,8.52,817.307,Nucleotide
Urea,C4H31N3O3,728.85,10.09,953.476,Alcohol
Urea,C10H7N3O3,942.04,7.78,819.757,Lipid
Cholesterol,C12H40N5O10,315.97,5.01,473.6,Carbohydrate
Glucose,C4H36N5O4,236.53,3.59,958.975,Alcohol
Urea,C7H25N0O3,714.7,3.25,119.475,Carbohydrate
Dopamine,C13H33N5O4,508.92,11.91,615.596,Neurotransmitter
Dopamine,C20H38N0O9,296.28,1.72,379.15,Alkaloid
Adenosine triphosphate,C7H6N1O9,893.97,5.16,892.23,Lipid
Caffeine,C9H24N1O5,985.58,N/A,894.61,Hormone
Adenosine triphosphate,C6H14N0O4,673.44,12.16,868.066,Lipid
Ethanol,C20H23N1O9,399.71,12.49,889.665,Neurotransmitter
Glucose,C16H40N1O0,814.51,7.36,427.031,Nucleotide
Glucose,C7H37N4O4,983.28,10.92,571.431,Alcohol
Caffeine,C20H29N5O4,927.33,13.77,479.31,Alkaloid
Dopamine,C9H17N5O10,437.38,N/A,314.727,Organic Compound
Aspirin,C7H16N3O5,158.97,7.44,580.314,Amide
Aspirin,C6H32N1O8,840.09,N/A,701.831,Hormone
Dopamine,C19H35N5O1,961.27,1.52,198.333,Carbohydrate
Urea,C6H20N4O7,710.04,5.23,625.706,Organic Compound
Glucose,C12H18N2O3,158.43,6.1,48.135,Nucleotide
Ethanol,C14H6N3O2,434.78,6.3,676.608,Alkaloid
Serotonin,C14H6N1O3,933.08,10.46,19.226,Nucleotide
Adrenaline,C7H29N4O2,465.25,6.81,854.252,Alkaloid
Serotonin,C16H5N1O6,537.3,13.15,776.069,Organic Compound
Caffeine,C8H1N0O2,950.59,9.66,47.165,Hormone
Ethanol,C19H2N5O6,518.88,N/A,819.4,Neurotransmitter
Serotonin,C10H30N1O6,386.24,13.11,351.936,Carbohydrate
Ethanol,C6H12N0O10,188.3,7.77,675.462,Alcohol
Adenosine triphosphate,C10H38N4O4,265.16,5.56,773.759,Carbohydrate
Adenosine triphosphate,C14H16N0O3,731.47,N/A,344.425,Lipid
Ethanol,C16H24N4O6,54.71,N/A,186.405,Neurotransmitter
Aspirin,C2H32N3O9,139.2,7.02,90.007,Organic Compound
Caffeine,C15H23N3O7,509.27,N/A,488.266,Hormone
Aspirin,C6H34N0O8,758.17,9.71,470.208,Organic Compound
Serotonin,C12H39N2O6,237.93,3.16,957.203,Lipid
Aspirin,C2H31N3O2,567.98,8.11,859.329,Alcohol
Dopamine,C9H11N0O10,989.04,1.7,535.907,Carbohydrate
Caffeine,C6H3N1O0,899.34,N/A,685.036,Neurotransmitter
Urea,C3H11N2O7,438.79,3.51,574.837,Organic Compound
Glucose,C15H38N4O8,781.27,7.17,399.658,Alkaloid
Caffeine,C4H9N0O5,232.77,11.67,390.308,Nucleotide
Glucose,C15H2N0O2,924.21,1.66,656.62,Hormone
Adenosine triphosphate,C4H40N5O3,505.51,N/A,953.359,Organic Compound
Glucose,C20H37N5O7,422.54,13.35,322.622,Alkaloid
Serotonin,C2H31N0O6,796.57,2.91,412.128,Amide
Aspirin,C12H4N2O3,696.16,N/A,919.9,Hormone
Caffeine,C14H9N2O10,496.05,6.69,60.413,Alkaloid
Aspirin,C11H27N0O6,246.11,N/A,953.221,Hormone
Adrenaline,C17H1N2O1,64.08,2.25,196.554,Organic Compound
Glucose,C4H34N4O8,705.66,1.95,552.618,Carbohydrate
Serotonin,C7H4N5O0,466.17,13.49,518.673,Nucleotide
Adrenaline,C19H3N5O6,50.24,N/A,436.046,Alkaloid
Glucose,C6H25N0O2,562.83,2.04,276.346,Hormone
Cholesterol,C7H40N0O8,767.03,13.72,156.086,Carbohydrate
Ethanol,C11H37N0O7,865.7,11.04,8.85,Nucleotide
Adenosine triphosphate,C7H36N0O6,914.26,1.66,261.671,Amide
Adenosine triphosphate,C8H22N4O8,338.3,6.38,675.962,Carbohydrate
Dopamine,C11H21N0O9,143.62,4.13,458.316,Organic Compound
Dopamine,C16H26N1O5,470.59,11.64,963.182,Alkaloid
Cholesterol,C19H23N5O1,986.39,N/A,344.073,Organic Compound
Dopamine,C18H12N5O5,687.63,8.91,41.072,Amide
Aspirin,C18H27N4O0,345.34,4.52,490.373,Lipid
Aspirin,C10H39N1O9,301.6,N/A,722.315,Hormone
Dopamine,C13H15N5O1,531.99,7.72,314.597,Amide
Ethanol,C2H14N2O2,888.96,5.43,84.842,Neurotransmitter
Caffeine,C18H38N3O7,62.47,7.04,513.9,Hormone
Adrenaline,C15H34N2O1,220.13,10.47,244.163,Alcohol
Urea,C9H9N5O9,931.35,3.93,47.295,Alcohol
Urea,C20H40N0O8,569.84,9.66,321.76,Lipid
Cholesterol,C14H11N3O4,700.56,N/A,785.341,Neurotransmitter
Cholesterol,C8H3N2O10,696.77,1.77,21.505,Nucleotide
Caffeine,C17H6N1O6,802.52,8.47,760.109,Hormone
Glucose,C2H30N5O1,563.51,N/A,136.671,Organic Compound
Ethanol,C12H37N3O8,228.71,7.3,765.784,Amide
Glucose,C15H28N0O2,203.95,N/A,657.188,Neurotransmitter
Adrenaline,C15H17N2O1,704.64,4.73,652.17,Lipid
Urea,C20H37N5O3,196.43,N/A,278.633,Carbohydrate
Adrenaline,C1H29N3O10,539.33,9.34,485.837,Lipid
Adenosine triphosphate,C1H7N3O0,978.68,N/A,564.06,Neurotransmitter
Adrenaline,C6H7N5O8,999.51,11.13,558.651,Hormone
Adrenaline,C5H1N5O3,552.59,11.43,33.338,Lipid
Adrenaline,C4H31N3O2,76.37,3.87,926.242,Amide
Dopamine,C15H39N2O3,840.23,4.76,387.294,Nucleotide
Ethanol,C6H37N4O1,728.17,7.42,435.149,Neurotransmitter
Serotonin,C7H4N5O10,61.65,N/A,290.394,Nucleotide
Ethanol,C16H4N0O1,296.08,12.31,575.065,Lipid
Adrenaline,C2H16N0O5,365.78,9.52,76.449,Alkaloid
Aspirin,C15H22N4O6,153.29,2.34,647.796,Alcohol
Ethanol,C1H40N5O4,932.18,N/A,609.4,Neurotransmitter
Serotonin,C18H19N1O2,241.88,8.13,748.954,Alcohol
Ethanol,C3H26N2O7,999.57,11.28,861.66,Alkaloid
Caffeine,C4H7N1O9,283.42,10.08,217.463,Alkaloid
Aspirin,C5H20N1O2,634.87,6.29,266.575,Neurotransmitter
Urea,C20H19N1O2,136.39,N/A,479.633,Lipid
Aspirin,C14H38N5O0,486.74,1.26,348.605,Alcohol
Glucose,C1H11N3O2,936.22,7.63,15.964,Lipid
Adenosine triphosphate,C7H19N0O8,309.04,4.88,752.775,Amide
Aspirin,C3H4N2O7,764.76,6.7,0.251,Nucleotide
Glucose,C3H18N2O4,730.85,3.88,9.499,Nucleotide
Adrenaline,C19H39N1O6,673.63,7.03,163.715,Organic Compound
Adenosine triphosphate,C8H30N5O3,885.58,5.67,12.984,Amide
Glucose,C8H26N3O7,400.71,9.33,774.974,Lipid
Dopamine,C17H5N4O0,409.0,13.37,882.629,Alcohol
Adrenaline,C18H28N4O6,208.83,5.61,254.74,Alkaloid
Caffeine,C8H4N2O0,51.29,N/A,550.414,Alkaloid
Glucose,C2H27N5O4,648.08,13.08,277.691,Hormone
Serotonin,C4H24N1O4,705.49,3.76,418.08,Organic Compound
Ethanol,C20H23N3O9,820.66,5.07,815.93,Alcohol
Caffeine,C17H37N5O6,878.47,7.55,818.171,Neurotransmitter
Caffeine,C5H38N5O6,232.41,12.43,997.61,Neurotransmitter
Adrenaline,C20H34N5O7,881.75,11.77,269.24,Hormone
Ethanol,C5H36N0O0,228.67,6.76,394.085,Alcohol
Ethanol,C9H10N2O0,130.71,6.58,708.297,Organic Compound
Serotonin,C6H3N2O5,705.88,2.61,267.898,Alkaloid
Urea,C20H5N3O3,901.74,9.28,995.986,Alkaloid
Dopamine,C2H13N2O4,273.33,13.95,144.628,Carbohydrate
Glucose,C16H39N4O8,683.28,11.09,739.391,Amide
Adenosine triphosphate,C6H36N4O2,783.6,8.36,356.817,Amide
Glucose,C12H35N1O1,853.73,9.07,585.609,Lipid
Dopamine,C6H4N3O5,131.95,10.43,440.552,Lipid
Adenosine triphosphate,C16H14N3O9,344.92,10.5,869.958,Hormone
Dopamine,C8H40N0O8,838.77,N/A,944.757,Hormone
Caffeine,C4H4N0O6,349.5,3.74,951.171,Lipid
Aspirin,C10H36N4O7,124.17,4.49,694.915,Hormone
Adrenaline,C5H14N5O1,235.55,4.67,599.273,Alcohol
Ethanol,C19H10N3O9,291.24,8.56,79.327,Hormone
Cholesterol,C19H30N2O8,176.26,6.43,354.418,Alcohol
Dopamine,C15H3N4O9,900.37,8.76,763.944,Organic Compound
Aspirin,C18H17N0O4,814.93,5.75,698.655,Alcohol
Dopamine,C2H33N0O0,218.81,2.83,599.553,Lipid
Dopamine,C11H18N2O4,584.21,8.95,600.392,Amide
Glucose,C3H19N0O4,430.99,13.94,304.658,Neurotransmitter
Urea,C13H8N1O3,75.77,8.52,839.689,Alkaloid
Ethanol,C13H11N0O8,174.29,5.76,881.827,Carbohydrate
Glucose,C14H31N2O0,854.28,4.78,717.684,Lipid
Adenosine triphosphate,C8H39N1O8,600.56,1.88,106.702,Neurotransmitter
Glucose,C12H10N0O9,51.43,N/A,417.095,Carbohydrate
Serotonin,C5H2N0O9,669.3,13.51,720.729,Organic Compound
Caffeine,C8H12N5O1,63.65,N/A,79.14,Amide
Caffeine,C2H19N4O4,572.49,4.8,547.056,Alcohol
Aspirin,C8H7N3O5,379.54,N/A,404.815,Lipid
Serotonin,C14H14N5O1,594.79,4.64,642.7,Amide
Serotonin,C18H37N4O7,879.23,3.99,53.079,Hormone
Adrenaline,C4H29N1O10,429.31,N/A,78.323,Hormone
Adenosine triphosphate,C10H29N0O8,912.53,6.42,230.35,Alkaloid
Aspirin,C16H8N2O7,81.02,4.23,281.473,Lipid
Cholesterol,C10H40N3O6,406.49,N/A,899.573,Neurotransmitter
Cholesterol,C8H28N1O6,634.9,6.55,27.02,Organic Compound
Dopamine,C14H21N4O9,439.46,6.2,749.729,Lipid
Aspirin,C11H31N1O4,774.97,10.59,627.299,Alkaloid
Caffeine,C7H1N0O5,295.26,12.31,870.829,Nucleotide
Ethanol,C9H40N2O9,959.49,3.5,378.755,Alkaloid
Dopamine,C19H16N1O6,393.2,12.19,245.795,Neurotransmitter
Adrenaline,C7H37N5O1,916.8,1.72,911.335,Alkaloid
Adenosine triphosphate,C14H31N0O9,269.39,8.91,538.802,Lipid
Cholesterol,C16H36N3O0,663.09,2.24,615.187,Carbohydrate
Ethanol,C20H16N1O0,897.72,5.34,5.468,Organic Compound
Adenosine triphosphate,C1H6N3O2,974.47,3.55,700.158,Alcohol
Ethanol,C8H14N2O2,68.19,7.64,685.133,Hormone
Serotonin,C13H22N1O2,211.24,11.02,465.64,Carbohydrate
Adrenaline,C19H17N4O7,403.88,5.69,630.739,Alcohol
Caffeine,C12H3N1O10,184.56,2.46,21.089,Alcohol
Dopamine,C10H13N3O7,842.38,3.32,919.95,Lipid
Dopamine,C15H20N5O1,813.13,4.04,186.745,Hormone
Glucose,C9H15N5O10,502.31,3.53,644.361,Amide
Dopamine,C9H2N1O2,569.03,5.83,149.637,Amide
Glucose,C13H16N3O4,630.29,1.62,607.653,Nucleotide
Caffeine,C4H28N3O8,927.17,8.63,395.927,Lipid
Dopamine,C7H22N4O5,86.53,13.14,528.357,Hormone
Glucose,C9H32N2O9,426.64,11.68,887.475,Organic Compound
Ethanol,C12H14N5O6,732.43,10.47,444.085,Alkaloid
Ethanol,C7H24N2O2,881.4,9.52,398.976,Lipid
Adrenaline,C8H4N0O6,82.97,3.38,694.828,Nucleotide
Caffeine,C20H7N0O5,235.29,N/A,663.968,Alkaloid
Dopamine,C6H15N2O4,652.2,3.49,454.686,Alkaloid
Serotonin,C11H4N5O7,823.55,3.56,180.116,Lipid
Glucose,C3H10N3O6,933.22,6.23,687.182,Hormone
Ethanol,C20H24N5O3,703.62,N/A,121.944,Neurotransmitter
Aspirin,C4H33N0O1,133.02,N/A,382.33,Nucleotide
Dopamine,C17H24N1O6,895.61,5.66,597.87,Organic Compound
Adrenaline,C5H25N5O4,81.64,N/A,220.712,Alkaloid
Urea,C19H8N3O10,708.99,N/A,591.646,Neurotransmitter
Urea,C10H22N5O3,184.88,6.02,135.384,Alkaloid
Cholesterol,C20H4N2O7,917.86,N/A,289.066,Neurotransmitter
Glucose,C2H8N5O2,173.68,5.75,256.375,Lipid
Serotonin,C16H19N2O9,611.84,3.75,760.332,Hormone
Urea,C10H6N5O8,412.65,N/A,842.563,Nucleotide
Dopamine,C20H39N3O10,102.65,5.48,852.989,Alkaloid
Dopamine,C4H22N5O0,143.26,10.69,713.177,Lipid
Glucose,C19H26N3O5,744.24,13.2,110.433,Amide
Adenosine triphosphate,C6H9N0O2,114.53,N/A,493.723,Nucleotide
Glucose,C3H16N2O9,437.9,2.06,60.439,Amide
Serotonin,C16H29N4O4,701.32,2.66,386.742,Hormone
Glucose,C6H35N4O3,840.39,10.07,455.835,Organic Compound
Glucose,C14H29N0O7,97.99,N/A,589.769,Nucleotide
Dopamine,C8H3N4O5,644.29,N/A,558.93,Hormone
Cholesterol,C20H18N4O5,763.34,9.49,229.505,Carbohydrate
Glucose,C18H23N1O7,347.23,11.21,584.929,Organic Compound
Caffeine,C1H35N2O7,781.5,1.78,876.507,Alkaloid
Adrenaline,C10H27N3O5,221.26,12.81,282.476,Carbohydrate
Adrenaline,C1H13N0O7,784.22,8.69,90.453,Hormone
Caffeine,C19H35N0O5,319.04,8.32,180.43,Lipid
Dopamine,C5H40N0O0,718.81,N/A,762.355,Lipid
Adenosine triphosphate,C8H6N1O4,258.96,12.37,135.204,Carbohydrate
Serotonin,C11H38N2O4,288.56,N/A,811.342,Organic Compound
Urea,C2H19N4O2,662.27,12.97,812.502,Neurotransmitter
Urea,C19H6N5O3,825.24,9.3,606.674,Lipid
Caffeine,C20H28N0O7,352.21,1.86,75.205,Organic Compound
Aspirin,C9H19N4O6,493.9,6.98,421.285,Amide
Dopamine,C18H15N3O2,899.27,9.58,338.295,Lipid
Cholesterol,C12H32N0O10,939.89,N/A,373.146,Nucleotide
Caffeine,C15H6N3O1,904.47,6.15,847.47,Hormone
Glucose,C4H20N5O4,253.98,6.26,681.376,Alcohol
Serotonin,C20H6N4O10,346.5,12.45,457.348,Alcohol
Ethanol,C3H36N2O8,622.12,6.96,458.011,Amide
Adrenaline,C1H35N2O3,520.19,7.69,386.745,Carbohydrate
Cholesterol,C8H8N5O5,83.08,12.22,941.665,Alcohol
Urea,C11H12N0O3,533.89,12.74,105.646,Hormone
Glucose,C12H18N3O1,61.81,N/A,147.806,Neurotransmitter
Dopamine,C4H13N4O0,842.8,10.66,553.808,Carbohydrate
Glucose,C8H5N0O5,671.56,8.84,837.232,Alcohol
Dopamine,C7H24N2O3,991.91,N/A,291.639,Hormone
Adenosine triphosphate,C18H39N5O6,709.76,11.09,678.61,Hormone
Adenosine triphosphate,C11H32N3O1,249.26,7.33,518.223,Alkaloid
Adenosine triphosphate,C17H25N0O10,694.29,N/A,33.394,Neurotransmitter
Dopamine,C14H6N5O3,818.68,N/A,56.093,Alkaloid
Caffeine,C9H17N3O0,481.93,N/A,51.147,Organic Compound
Urea,C6H21N0O3,84.99,13.43,654.216,Alcohol
Ethanol,C10H30N5O1,825.5,10.51,574.376,Carbohydrate
Glucose,C16H17N5O2,288.12,10.37,173.792,Alkaloid
Cholesterol,C3H11N1O8,977.23,1.43,53.098,Nucleotide
Aspirin,C15H6N1O2,242.19,N/A,30.899,Lipid
Glucose,C20H18N0O8,386.44,4.93,39.082,Hormone
Adenosine triphosphate,C12H21N4O2,431.71,N/A,53.116,Lipid
Ethanol,C1H24N4O6,453.2,6.29,920.18,Carbohydrate
Adenosine triphosphate,C13H10N0O2,803.62,12.28,298.436,Alkaloid
Aspirin,C1H17N2O10,919.38,10.58,453.661,Organic Compound
Aspirin,C14H19N1O4,581.86,1.97,862.825,Amide
Aspirin,C5H17N2O6,242.7,1.54,309.83,Alcohol
Ethanol,C17H13N5O4,323.49,2.45,723.87,Lipid
Caffeine,C3H25N4O9,370.42,10.09,23.812,Neurotransmitter
Dopamine,C17H5N2O5,280.11,2.46,9.353,Lipid
Caffeine,C10H33N4O7,383.65,3.35,918.004,Alcohol
Ethanol,C5H34N1O9,347.57,3.35,744.228,Alcohol
Cholesterol,C1H18N0O3,228.01,11.17,537.554,Alcohol
Urea,C10H4N0O9,803.45,4.75,364.31,Lipid
Glucose,C12H4N1O2,419.66,6.51,604.625,Lipid
Serotonin,C17H39N3O7,108.09,5.17,567.317,Amide
Caffeine,C5H37N4O7,961.44,13.7,553.719,Organic Compound
Serotonin,C2H28N5O8,325.76,10.9,99.848,Lipid
Dopamine,C11H31N1O1,264.57,12.9,384.943,Lipid
Caffeine,C8H29N0O3,393.1,N/A,408.108,Neurotransmitter
Ethanol,C16H5N1O8,625.13,N/A,974.195,Lipid
Caffeine,C4H27N4O7,149.16,12.97,752.912,Neurotransmitter
Urea,C17H15N4O0,503.44,11.51,822.934,Hormone
Urea,C3H13N3O8,58.85,7.79,371.545,Neurotransmitter
Adrenaline,C3H33N1O4,823.61,1.31,753.805,Carbohydrate
Cholesterol,C20H25N1O4,559.13,11.72,172.436,Nucleotide
Serotonin,C19H1N1O10,206.2,9.25,182.864,Nucleotide
Glucose,C5H35N5O7,224.45,1.55,140.335,Alkaloid
Serotonin,C19H25N1O0,719.78,N/A,611.466,Hormone
Ethanol,C16H4N2O9,199.41,1.99,58.926,Hormone
Ethanol,C11H34N4O2,522.15,11.65,417.484,Neurotransmitter
Ethanol,C18H3N4O1,673.67,11.72,168.991,Amide
Adenosine triphosphate,C4H30N5O2,819.11,6.21,496.958,Alkaloid
Dopamine,C7H6N1O4,711.56,10.78,971.264,Carbohydrate
Cholesterol,C19H18N2O9,965.94,N/A,849.259,Neurotransmitter
Serotonin,C13H9N5O8,387.77,4.63,729.438,Hormone
Aspirin,C12H10N4O10,188.96,N/A,595.674,Neurotransmitter
Ethanol,C18H1N4O10,325.79,3.08,184.957,Carbohydrate
Serotonin,C3H26N0O4,126.48,1.84,730.95,Neurotransmitter
Ethanol,C7H19N3O5,878.99,6.79,231.223,Amide
Ethanol,C19H6N2O4,92.56,4.27,127.754,Amide
Caffeine,C8H33N3O7,938.17,5.46,263.89,Amide
Adenosine triphosphate,C18H17N2O7,205.71,10.65,936.636,Alcohol
Adenosine triphosphate,C17H21N5O1,257.65,2.09,928.655,Neurotransmitter
Glucose,C20H34N2O4,914.0,8.15,167.494,Lipid
Adrenaline,C2H31N4O9,206.34,N/A,841.83,Lipid
Serotonin,C7H13N0O1,121.6,10.56,393.652,Alcohol
Aspirin,C17H16N2O10,144.13,5.69,681.621,Lipid
Adrenaline,C15H21N3O0,630.5,12.53,131.668,Organic Compound
Dopamine,C1H18N3O5,681.18,6.87,619.758,Hormone
Adenosine triphosphate,C6H24N2O3,126.86,N/A,596.363,Alcohol
Serotonin,C16H33N5O8,392.29,1.23,228.636,Nucleotide
Aspirin,C14H10N1O8,315.0,8.82,101.921,Organic Compound
Dopamine,C6H20N5O5,456.92,11.4,602.212,Alkaloid
Adrenaline,C11H31N3O2,522.34,2.02,979.353,Organic Compound
Ethanol,C18H16N1O8,456.79,N/A,876.004,Neurotransmitter
Ethanol,C4H16N2O3,423.64,13.87,362.284,Neurotransmitter
Caffeine,C1H33N0O10,883.82,N/A,723.093,Alkaloid
Cholesterol,C8H14N5O6,929.84,4.51,239.408,Lipid
Adrenaline,C13H23N1O10,474.74,12.8,653.118,Amide
Glucose,C4H28N1O2,899.68,N/A,514.192,Alkaloid
Aspirin,C18H5N1O8,138.74,12.59,285.863,Amide
Adrenaline,C11H35N3O4,263.36,N/A,988.67,Hormone
Urea,C6H35N5O8,772.03,N/A,191.761,Hormone
Urea,C2H26N0O7,137.47,1.61,652.964,Carbohydrate
Urea,C20H33N1O6,263.87,7.89,984.807,Alcohol
Cholesterol,C15H15N0O3,753.43,8.57,428.44,Nucleotide
Urea,C7H14N0O10,266.21,N/A,892.208,Alkaloid
Urea,C18H18N5O10,609.47,N/A,786.783,Neurotransmitter
Ethanol,C3H22N1O1,920.95,1.32,893.754,Nucleotide
Adenosine triphosphate,C20H5N3O5,912.13,1.28,783.737,Amide
Ethanol,C14H13N0O4,950.37,N/A,936.134,Alkaloid
Dopamine,C7H20N3O7,415.22,N/A,431.535,Alcohol
Aspirin,C7H20N3O3,603.68,2.72,910.15,Neurotransmitter
Glucose,C18H22N0O6,110.19,13.75,210.602,Neurotransmitter
Adrenaline,C19H20N2O10,740.33,2.87,505.927,Organic Compound
Dopamine,C12H32N1O3,737.43,1.48,840.218,Nucleotide
Urea,C18H7N1O8,62.18,2.44,134.737,Alcohol
Glucose,C10H12N5O5,522.25,10.69,609.577,Hormone
Ethanol,C11H13N0O2,566.94,4.45,796.475,Lipid
Aspirin,C12H33N0O8,675.55,N/A,460.653,Amide
Dopamine,C15H11N0O6,538.86,11.95,541.374,Neurotransmitter
Adenosine triphosphate,C10H28N4O4,270.79,2.97,410.834,Carbohydrate
Adenosine triphosphate,C16H36N0O9,312.57,6.85,996.018,Alcohol
Adrenaline,C6H31N1O0,556.81,6.93,770.858,Carbohydrate
Serotonin,C5H19N5O7,564.92,8.95,14.714,Lipid
Adenosine triphosphate,C8H39N3O6,560.98,6.49,106.528,Neurotransmitter
Dopamine,C5H31N0O6,612.63,3.0,907.377,Organic Compound
Serotonin,C9H11N1O4,747.12,6.42,577.673,Alcohol
Glucose,C18H11N1O4,326.47,6.37,128.074,Hormone
Cholesterol,C18H16N2O9,929.3,N/A,864.594,Alkaloid
Adenosine triphosphate,C17H17N0O10,695.33,3.1,542.099,Alkaloid
Urea,C11H5N3O3,858.36,13.5,842.408,Amide
Serotonin,C3H17N4O1,221.6,2.62,308.866,Lipid
Urea,C11H19N4O1,363.76,5.42,837.554,Neurotransmitter
Glucose,C8H10N5O3,503.51,12.08,721.005,Organic Compound
Adenosine triphosphate,C7H9N0O3,774.15,8.02,767.323,Neurotransmitter
Serotonin,C19H17N5O7,852.37,8.62,989.886,Lipid
Aspirin,C16H37N5O9,959.29,N/A,633.2,Amide
Ethanol,C5H18N1O9,307.83,4.31,561.745,Alcohol
Caffeine,C15H28N5O2,549.38,8.12,899.037,Alcohol
Ethanol,C5H6N3O3,202.64,N/A,604.351,Nucleotide
Adenosine triphosphate,C19H26N0O0,275.37,11.23,124.901,Lipid
Glucose,C8H34N5O2,464.68,1.87,322.132,Organic Compound
Aspirin,C16H21N4O1,370.72,N/A,219.986,Lipid
Aspirin,C19H10N3O5,197.36,13.94,760.404,Lipid
Aspirin,C9H5N5O0,217.09,4.7,93.128,Neurotransmitter
Cholesterol,C4H12N0O4,890.3,7.01,752.956,Amide
Glucose,C11H33N5O0,753.28,N/A,406.047,Lipid
Aspirin,C20H30N3O9,666.48,10.33,720.342,Carbohydrate
Ethanol,C16H14N4O9,384.12,4.45,982.516,Hormone
Cholesterol,C7H33N0O6,858.41,13.29,103.139,Alcohol
Urea,C12H31N2O4,624.3,13.62,583.496,Amide
Caffeine,C15H40N4O3,358.2,6.77,420.419,Carbohydrate
Dopamine,C15H29N3O6,509.51,8.21,454.791,Amide
Serotonin,C10H5N5O1,708.45,N/A,54.684,Alcohol
Caffeine,C9H11N3O0,930.79,5.36,237.57,Nucleotide
Caffeine,C11H20N2O8,397.75,5.83,467.029,Alcohol
Adrenaline,C9H35N1O1,260.42,10.64,687.125,Nucleotide
Serotonin,C19H22N0O3,643.81,2.14,774.272,Hormone
Serotonin,C17H13N5O4,166.85,N/A,436.301,Nucleotide
Serotonin,C6H35N2O1,613.06,2.24,991.883,Alcohol
Glucose,C15H28N0O9,994.68,4.05,398.676,Nucleotide
Cholesterol,C2H16N1O3,585.75,3.42,776.612,Neurotransmitter
Aspirin,C4H33N4O8,258.37,N/A,5.256,Alkaloid
Ethanol,C20H34N3O8,535.45,11.37,880.883,Amide
Aspirin,C16H17N4O2,727.84,10.01,853.486,Neurotransmitter
Ethanol,C18H39N5O7,227.08,N/A,152.165,Nucleotide
Dopamine,C6H31N0O1,568.02,11.02,599.581,Alkaloid
Caffeine,C5H5N4O7,831.51,3.57,389.714,Nucleotide
Caffeine,C13H12N4O3,691.83,12.81,299.693,Organic Compound
Dopamine,C19H27N0O10,402.14,2.12,932.339,Hormone
Adrenaline,C11H33N4O6,793.06,7.42,751.26,Organic Compound
Serotonin,C11H15N1O6,620.03,13.79,913.609,Nucleotide
Adenosine triphosphate,C5H20N4O10,704.33,N/A,806.707,Organic Compound
Dopamine,C14H38N0O1,520.99,N/A,479.136,Alcohol
Aspirin,C12H18N2O1,517.9,N/A,786.31,Hormone
Adrenaline,C18H39N3O8,139.81,3.1,12.82,Alcohol
Dopamine,C12H5N4O3,612.8,N/A,733.546,Nucleotide
Aspirin,C9H11N0O2,172.39,11.0,334.0,Lipid
Serotonin,C12H7N0O6,914.05,4.44,236.739,Nucleotide
Adrenaline,C6H1N5O0,647.15,3.01,533.552,Lipid
Aspirin,C15H4N1O4,781.13,12.77,293.331,Amide
Ethanol,C17H12N2O8,955.95,N/A,652.253,Organic Compound
Adrenaline,C3H8N2O1,882.88,9.29,499.436,Organic Compound
Dopamine,C19H37N0O1,147.87,6.2,148.378,Alkaloid
Adrenaline,C10H6N1O10,803.62,9.85,914.369,Alcohol
Glucose,C1H16N4O7,379.82,N/A,187.541,Organic Compound
Adrenaline,C17H30N2O6,152.76,9.61,515.349,Alkaloid
Adrenaline,C13H27N0O0,672.93,2.63,858.587,Hormone
Adenosine triphosphate,C10H8N5O1,901.81,3.05,24.439,Alkaloid
Adrenaline,C13H23N3O8,879.42,13.11,647.686,Lipid
Adrenaline,C13H38N5O7,886.14,8.23,121.925,Organic Compound
Adrenaline,C11H12N0O5,274.58,10.06,640.347,Carbohydrate
Cholesterol,C6H19N5O8,452.95,8.11,543.836,Amide
Dopamine,C5H4N5O6,218.4,N/A,621.853,Carbohydrate
Caffeine,C11H5N1O4,281.72,9.75,599.908,Lipid
Adrenaline,C8H7N0O7,342.37,7.31,646.332,Lipid
Adrenaline,C11H8N0O1,933.59,N/A,730.049,Amide
Urea,C14H26N1O0,698.4,12.22,796.01,Organic Compound
Serotonin,C6H7N2O5,759.93,6.45,281.857,Organic Compound
Caffeine,C13H11N2O5,99.35,13.32,414.208,Alkaloid
Serotonin,C5H18N3O2,196.07,N/A,348.515,Alkaloid
Cholesterol,C6H33N1O3,613.94,11.6,271.005,Carbohydrate
Adrenaline,C17H2N4O1,960.8,1.43,233.436,Hormone
Dopamine,C12H20N3O3,915.4,3.61,324.291,Alcohol
Cholesterol,C10H4N1O0,624.67,N/A,101.26,Carbohydrate
Glucose,C20H10N5O3,792.91,10.87,850.436,Alkaloid
Ethanol,C14H32N4O8,578.09,N/A,246.454,Alkaloid
Adrenaline,C16H35N1O0,122.34,8.79,421.862,Amide
Caffeine,C6H7N2O7,667.08,N/A,342.006,Lipid
Dopamine,C16H1N4O3,506.36,7.58,208.862,Nucleotide
Cholesterol,C5H4N5O1,616.43,9.75,71.775,Neurotransmitter
Caffeine,C2H16N0O2,461.89,N/A,979.164,Hormone
Ethanol,C12H8N5O2,724.58,N/A,775.579,Lipid
Aspirin,C13H34N2O2,440.82,12.87,139.289,Nucleotide
Cholesterol,C5H30N3O10,212.36,6.68,503.75,Amide
Dopamine,C14H39N1O6,951.79,4.5,698.956,Alkaloid
Ethanol,C8H7N4O3,286.92,7.86,875.36,Hormone
Ethanol,C18H12N5O4,905.09,2.17,742.601,Lipid
Adenosine triphosphate,C8H3N5O2,722.38,N/A,598.586,Nucleotide
Urea,C6H29N2O2,469.0,6.43,210.179,Carbohydrate
Aspirin,C16H36N4O0,710.04,11.85,321.617,Organic Compound
Glucose,C8H13N5O5,993.61,6.34,176.022,Carbohydrate
Dopamine,C17H3N0O5,476.08,2.18,787.728,Organic Compound
Ethanol,C19H37N2O8,885.55,7.72,901.843,Carbohydrate
Aspirin,C8H4N3O10,352.53,N/A,396.958,Nucleotide
Aspirin,C16H27N0O6,931.74,7.0,417.696,Hormone
Ethanol,C19H26N1O5,314.6,2.15,87.303,Lipid
Serotonin,C9H22N5O0,804.25,7.07,560.273,Carbohydrate
Aspirin,C14H32N1O6,468.1,7.45,693.487,Lipid
Cholesterol,C4H16N3O1,949.03,2.45,629.708,Neurotransmitter
Aspirin,C19H13N1O1,61.77,1.04,657.854,Amide
Adrenaline,C15H24N2O7,286.3,3.66,656.373,Organic Compound
Cholesterol,C7H12N2O7,398.72,9.03,386.134,Carbohydrate
Adenosine triphosphate,C6H24N4O8,378.22,8.96,442.419,Amide
Adenosine triphosphate,C6H20N3O9,495.32,12.7,4.619,Hormone
Cholesterol,C20H20N0O5,351.82,N/A,446.022,Alkaloid
Serotonin,C18H2N0O10,467.61,10.42,105.884,Hormone
Glucose,C13H40N5O5,515.94,10.26,344.101,Lipid
Ethanol,C11H25N0O9,507.84,7.77,622.76,Hormone
Adrenaline,C7H27N0O1,403.78,3.29,118.831,Alkaloid
Ethanol,C15H11N1O8,792.11,N/A,354.719,Carbohydrate
Caffeine,C7H1N4O7,744.91,N/A,24.377,Hormone
Aspirin,C12H30N0O6,509.58,10.13,737.446,Carbohydrate
Glucose,C13H28N5O9,338.36,N/A,164.636,Nucleotide
Cholesterol,C16H7N3O3,286.7,4.54,985.195,Hormone
Aspirin,C11H25N1O9,172.67,7.58,203.459,Hormone
Adrenaline,C16H30N5O0,415.48,12.72,26.07,Carbohydrate
Serotonin,C10H40N0O3,489.8,8.6,748.699,Carbohydrate
Caffeine,C3H38N2O4,833.65,N/A,494.473,Carbohydrate
Urea,C5H15N0O6,343.99,12.84,876.252,Neurotransmitter
Cholesterol,C3H3N5O10,332.37,3.02,304.13,Organic Compound
Ethanol,C3H17N5O6,824.8,7.34,10.458,Lipid
Adrenaline,C5H7N0O1,519.85,8.73,831.306,Neurotransmitter
Urea,C11H39N1O5,306.07,N/A,562.954,Hormone
Dopamine,C20H28N5O1,734.66,6.44,263.404,Amide
Caffeine,C9H5N3O10,58.39,1.08,803.761,Organic Compound
Dopamine,C7H3N0O10,619.29,11.47,674.715,Neurotransmitter
Adrenaline,C19H20N3O4,997.68,14.0,544.122,Neurotransmitter
Adrenaline,C5H5N0O6,802.13,12.28,380.334,Alcohol
Serotonin,C15H32N4O10,604.35,11.88,815.819,Amide
Urea,C4H13N0O3,536.79,2.5,259.386,Nucleotide
Serotonin,C15H2N3O2,889.53,2.04,932.557,Alkaloid
Urea,C8H37N1O10,345.86,11.38,823.581,Nucleotide
Ethanol,C19H13N2O2,701.59,N/A,660.317,Carbohydrate
Ethanol,C6H34N5O7,515.42,9.38,792.125,Alkaloid
Serotonin,C17H38N3O0,592.55,2.0,438.329,Nucleotide
Urea,C12H30N4O5,310.26,N/A,316.806,Alkaloid
Adrenaline,C12H12N3O1,691.21,4.44,997.279,Lipid
Serotonin,C6H26N1O3,652.96,12.02,2.274,Neurotransmitter
Cholesterol,C9H31N0O2,717.99,7.13,470.932,Hormone
Adrenaline,C11H31N3O6,729.17,N/A,462.449,Amide
Adrenaline,C2H2N4O10,618.63,6.76,860.096,Alcohol
Aspirin,C13H7N0O0,479.96,4.56,957.517,Carbohydrate
Glucose,C9H19N3O10,225.05,N/A,312.066,Alkaloid
Dopamine,C8H6N5O6,425.02,N/A,937.612,Alcohol
Cholesterol,C3H25N2O8,965.95,N/A,400.44,Amide
Adenosine triphosphate,C11H31N5O6,763.98,6.46,280.509,Organic Compound
Ethanol,C2H17N1O0,506.46,N/A,807.114,Nucleotide
Aspirin,C14H22N2O4,322.02,3.17,558.712,Neurotransmitter
Adenosine triphosphate,C18H36N1O9,817.19,N/A,304.718,Alcohol
Cholesterol,C2H22N2O0,306.93,N/A,488.81,Alkaloid
Aspirin,C10H13N3O0,506.05,6.23,156.595,Nucleotide
Cholesterol,C12H1N4O2,239.19,N/A,369.987,Carbohydrate
Glucose,C1H33N1O2,255.15,4.76,723.115,Hormone
Adenosine triphosphate,C17H33N2O5,430.47,12.64,755.917,Nucleotide
Cholesterol,C18H6N4O3,519.48,N/A,512.104,Alcohol
Glucose,C18H36N0O4,994.54,7.89,795.718,Lipid
Adrenaline,C9H18N4O9,164.26,N/A,675.092,Lipid
Aspirin,C14H3N4O3,191.03,N/A,767.172,Lipid
Adenosine triphosphate,C20H18N2O7,263.04,8.65,759.159,Hormone
Dopamine,C8H8N5O6,969.58,12.96,872.43,Amide
Adrenaline,C11H31N4O4,647.88,3.34,955.99,Alcohol
Glucose,C12H1N3O4,879.0,10.26,831.334,Neurotransmitter
Adrenaline,C1H39N1O1,753.73,8.27,243.191,Organic Compound
Caffeine,C12H9N1O4,419.38,6.36,635.944,Alcohol
Ethanol,C19H28N1O0,193.56,9.02,659.557,Lipid
Adrenaline,C16H33N3O3,563.15,9.21,47.524,Alkaloid
Dopamine,C2H17N1O9,826.46,N/A,132.701,Lipid
Adrenaline,C2H28N5O10,283.58,8.43,880.859,Lipid
Adrenaline,C18H37N5O3,810.78,3.4,877.236,Nucleotide
Adenosine triphosphate,C10H9N1O10,907.88,N/A,782.422,Carbohydrate
Cholesterol,C11H14N2O6,326.57,10.24,784.774,Neurotransmitter
Dopamine,C16H7N3O6,933.92,13.28,294.033,Lipid
Urea,C13H29N3O6,957.96,6.65,954.464,Alcohol
Urea,C18H21N4O9,144.51,1.28,109.585,Organic Compound
Ethanol,C12H36N4O6,512.09,5.46,808.472,Nucleotide
Adrenaline,C19H13N5O10,178.2,4.12,497.788,Alcohol
Urea,C16H27N0O1,555.03,3.64,460.628,Neurotransmitter
Urea,C1H2N4O10,55.14,8.35,447.493,Carbohydrate
Glucose,C13H35N0O5,380.24,5.58,722.871,Alkaloid
Caffeine,C7H5N4O7,982.14,7.27,977.17,Hormone
Caffeine,C9H19N1O6,385.2,8.72,328.639,Organic Compound
Adenosine triphosphate,C6H15N1O8,179.12,8.87,441.989,Lipid
Glucose,C6H32N3O10,530.38,9.44,302.444,Alkaloid
Adrenaline,C2H37N3O6,576.85,11.98,941.294,Carbohydrate
Caffeine,C11H29N4O5,164.33,4.01,755.334,Hormone
Urea,C15H37N1O8,855.13,N/A,418.223,Alcohol
Adenosine triphosphate,C18H31N3O8,626.24,11.59,170.196,Lipid
Ethanol,C2H5N3O8,339.6,3.41,253.002,Alkaloid
Dopamine,C19H10N5O10,996.19,2.93,191.737,Carbohydrate
Dopamine,C17H6N4O10,921.21,1.47,963.758,Amide
Glucose,C20H28N4O0,518.8,8.63,272.153,Amide
Cholesterol,C1H33N4O7,172.45,3.48,479.472,Hormone
Adenosine triphosphate,C13H10N4O0,320.0,10.4,185.773,Hormone
Dopamine,C5H34N2O2,389.36,6.16,212.892,Amide
Serotonin,C4H24N1O7,671.18,N/A,960.952,Hormone
Adenosine triphosphate,C2H9N3O2,261.07,5.02,322.335,Hormone
Glucose,C11H21N3O0,137.98,2.76,710.048,Amide
Urea,C14H4N4O10,726.62,7.4,999.105,Carbohydrate
Serotonin,C9H5N2O3,895.96,4.81,250.862,Lipid
Glucose,C14H27N0O6,325.5,N/A,9.553,Alcohol
Adenosine triphosphate,C8H30N2O5,575.0,N/A,444.665,Carbohydrate
Adenosine triphosphate,C2H25N0O8,331.95,9.59,556.35,Amide
Adrenaline,C9H2N0O0,247.13,8.32,979.918,Amide
Ethanol,C19H6N2O10,365.83,1.37,617.811,Organic Compound
Urea,C12H34N2O0,519.3,N/A,240.944,Carbohydrate
Dopamine,C13H32N0O3,683.38,2.43,819.508,Lipid
Serotonin,C5H5N2O7,872.88,6.28,755.511,Amide
Dopamine,C9H21N0O5,508.68,3.25,854.546,Carbohydrate
Adenosine triphosphate,C2H17N1O9,577.92,13.97,999.026,Hormone
Urea,C20H29N2O9,677.5,8.83,855.017,Carbohydrate
Adenosine triphosphate,C2H8N0O4,432.86,6.52,70.891,Alkaloid
Urea,C9H38N0O2,619.57,6.79,853.512,Neurotransmitter
Ethanol,C1H23N3O10,706.69,N/A,504.216,Organic Compound
Serotonin,C14H11N2O4,246.81,13.25,995.204,Carbohydrate
Adrenaline,C19H21N0O5,441.05,7.37,278.487,Hormone
Dopamine,C17H12N5O9,119.1,6.27,968.585,Organic Compound
Urea,C5H39N0O5,341.89,N/A,224.015,Organic Compound
Aspirin,C8H35N4O10,450.04,1.43,876.257,Lipid
Caffeine,C1H19N5O10,672.55,2.62,316.654,Alkaloid
Glucose,C18H17N0O10,845.36,7.85,119.862,Hormone
Adrenaline,C17H11N0O5,526.13,4.45,756.972,Lipid
Urea,C20H4N4O9,409.13,N/A,774.537,Amide
Aspirin,C3H33N3O9,229.89,N/A,816.036,Amide
Aspirin,C6H16N1O5,393.23,6.56,982.259,Alkaloid
Aspirin,C5H10N5O7,247.9,5.48,85.737,Organic Compound
Cholesterol,C6H24N0O7,869.68,N/A,978.12,Neurotransmitter
Serotonin,C10H20N2O7,659.77,10.87,845.46,Nucleotide
Urea,C2H1N0O5,797.52,8.95,551.668,Lipid
Aspirin,C4H22N3O3,649.17,N/A,113.012,Lipid
Dopamine,C15H1N5O3,491.97,3.3,490.984,Hormone
Ethanol,C9H19N1O7,925.95,N/A,490.495,Organic Compound
Adrenaline,C7H40N4O9,140.38,2.99,838.268,Lipid
Adenosine triphosphate,C8H22N2O0,221.68,6.98,753.477,Alkaloid
Adenosine triphosphate,C18H17N0O9,325.87,4.13,117.607,Carbohydrate
Adrenaline,C16H39N1O0,197.59,8.33,278.886,Neurotransmitter
Caffeine,C4H38N3O7,929.46,12.39,838.913,Hormone
Serotonin,C10H28N3O10,101.31,8.02,150.865,Nucleotide
Aspirin,C19H17N2O0,991.54,N/A,718.829,Neurotransmitter
Adenosine triphosphate,C15H9N1O1,506.5,5.18,676.025,Organic Compound
Ethanol,C11H7N2O4,572.84,N/A,175.123,Amide
Dopamine,C3H4N3O4,831.11,2.66,43.047,Amide
Serotonin,C15H3N4O1,130.9,12.88,61.91,Nucleotide
Serotonin,C8H18N4O2,139.03,11.12,934.649,Carbohydrate
Adenosine triphosphate,C18H22N0O1,138.63,3.05,473.417,Carbohydrate
Ethanol,C11H1N0O7,557.35,11.05,56.095,Organic Compound
Adrenaline,C20H12N3O0,875.15,4.07,243.791,Neurotransmitter
Ethanol,C6H33N3O8,906.79,N/A,489.427,Neurotransmitter
Glucose,C4H29N1O4,959.37,4.7,865.434,Alkaloid
Adrenaline,C9H10N2O3,783.91,10.22,896.064,Hormone
Serotonin,C16H3N2O5,341.07,6.77,118.754,Amide
Ethanol,C8H36N2O1,465.81,3.91,984.713,Amide
Glucose,C16H11N0O2,586.5,5.38,483.39,Lipid
Urea,C4H10N1O8,487.55,9.91,683.153,Hormone
Urea,C4H26N1O0,204.69,4.68,92.664,Carbohydrate
Adenosine triphosphate,C9H37N3O4,618.94,10.13,365.22,Organic Compound
Adenosine triphosphate,C12H4N4O1,757.9,13.8,906.481,Nucleotide
Aspirin,C18H16N5O2,207.56,5.05,483.297,Amide
Adenosine triphosphate,C6H15N0O4,100.98,4.27,116.516,Carbohydrate
Serotonin,C4H21N2O2,90.36,7.68,875.145,Alcohol
Glucose,C9H1N2O2,743.37,11.28,232.783,Alkaloid
Adrenaline,C17H10N5O5,195.51,N/A,913.488,Lipid
Aspirin,C15H31N4O8,737.52,3.96,21.814,Alcohol
Urea,C17H18N3O0,989.28,1.99,377.724,Amide
Adenosine triphosphate,C19H19N5O9,644.13,10.48,112.782,Carbohydrate
Urea,C2H12N0O3,894.54,7.14,716.877,Alkaloid
Adenosine triphosphate,C14H26N5O5,595.27,2.05,261.265,Organic Compound
Caffeine,C1H32N2O2,617.65,N/A,488.642,Amide
Adrenaline,C17H5N4O8,893.45,1.23,249.645,Alkaloid
Adenosine triphosphate,C6H36N0O6,668.26,11.93,209.49,Carbohydrate
Aspirin,C18H29N5O1,430.25,3.89,694.601,Nucleotide
Aspirin,C8H4N2O6,674.65,3.93,725.762,Neurotransmitter
Caffeine,C11H40N1O8,973.7,5.74,336.592,Carbohydrate
Adenosine triphosphate,C15H33N1O4,752.95,13.3,193.835,Organic Compound
Caffeine,C19H26N4O3,864.14,3.0,670.063,Hormone
Serotonin,C4H40N0O9,147.14,7.53,560.315,Amide
Adrenaline,C11H36N2O5,537.98,12.98,228.959,Lipid
Aspirin,C15H16N2O4,576.5,10.75,121.243,Alcohol
Caffeine,C4H21N2O7,818.14,7.17,564.588,Hormone
Dopamine,C2H34N4O5,738.97,N/A,671.292,Neurotransmitter
Ethanol,C16H23N0O3,703.77,9.48,606.115,Carbohydrate
Adrenaline,C12H32N4O8,438.47,2.11,527.032,Lipid
Adenosine triphosphate,C3H32N3O8,242.76,6.24,265.268,Amide
Caffeine,C5H39N1O7,853.56,10.23,79.822,Amide
Adenosine triphosphate,C15H31N1O9,307.8,2.05,308.904,Alcohol
Serotonin,C5H26N0O5,517.57,9.5,96.542,Alkaloid
Serotonin,C5H14N1O10,151.14,2.55,612.917,Carbohydrate
Dopamine,C4H28N5O2,98.57,5.84,80.05,Hormone
Cholesterol,C7H1N0O8,830.92,3.34,169.293,Nucleotide
Adenosine triphosphate,C11H15N3O0,358.83,N/A,338.277,Lipid
Caffeine,C2H4N3O7,169.18,N/A,107.971,Lipid
Urea,C20H2N5O5,530.58,8.24,828.845,Carbohydrate
Caffeine,C2H36N3O8,828.7,13.85,56.065,Lipid
Adenosine triphosphate,C9H14N4O7,254.23,9.25,298.797,Neurotransmitter
Cholesterol,C16H12N3O7,704.32,8.34,77.457,Nucleotide
Aspirin,C9H29N2O6,71.81,3.7,536.78,Carbohydrate
Adenosine triphosphate,C12H7N0O3,189.23,11.14,721.03,Carbohydrate
Adenosine triphosphate,C13H7N2O7,186.51,N/A,498.913,Alcohol
Ethanol,C14H6N4O4,877.45,4.08,772.993,Lipid
Urea,C2H33N0O5,214.1,7.99,881.836,Organic Compound
Cholesterol,C14H38N0O7,240.94,10.04,978.715,Organic Compound
Caffeine,C20H11N1O7,552.89,6.12,56.563,Alkaloid
Ethanol,C2H35N0O6,501.65,9.3,476.996,Neurotransmitter
Adrenaline,C16H30N1O9,814.95,8.73,372.692,Organic Compound
Aspirin,C7H40N5O5,975.81,4.87,814.651,Alcohol
Urea,C19H23N4O6,236.99,N/A,967.065,Hormone
Glucose,C7H17N4O0,472.11,11.18,641.437,Hormone
Caffeine,C19H7N1O8,718.54,5.81,696.457,Amide
Aspirin,C9H29N4O0,815.31,10.77,46.39,Alkaloid
Dopamine,C14H27N0O10,567.5,N/A,207.798,Alcohol
Ethanol,C7H24N2O9,625.47,7.27,342.254,Nucleotide
Glucose,C8H9N1O10,83.25,13.1,537.716,Lipid
Cholesterol,C2H25N5O1,125.2,12.01,667.065,Alkaloid
Glucose,C3H21N3O0,386.56,8.78,212.931,Organic Compound
Aspirin,C9H7N3O9,968.33,4.69,389.81,Neurotransmitter
Glucose,C18H4N4O0,950.52,3.17,729.398,Alcohol
Aspirin,C8H37N3O8,824.02,N/A,52.705,Neurotransmitter
Cholesterol,C18H34N2O10,278.55,12.37,259.167,Lipid
Aspirin,C1H23N4O6,55.08,1.82,409.329,Neurotransmitter
Glucose,C8H31N4O6,525.42,8.68,891.948,Carbohydrate
Adrenaline,C3H15N2O0,801.28,4.78,602.749,Amide
Dopamine,C5H21N1O2,654.19,4.46,76.773,Neurotransmitter
Glucose,C13H38N4O1,53.7,12.84,848.793,Hormone
Aspirin,C1H9N1O10,478.43,9.73,690.129,Lipid
Adenosine triphosphate,C20H29N5O2,337.86,2.55,833.042,Nucleotide
Aspirin,C15H27N2O9,271.32,9.07,938.857,Nucleotide
Aspirin,C7H2N0O1,343.28,4.79,746.949,Organic Compound
Ethanol,C12H33N2O10,758.16,4.5,430.502,Alkaloid
Urea,C17H10N1O0,111.67,9.81,578.586,Amide
Glucose,C11H37N5O2,914.17,13.07,114.407,Hormone
Aspirin,C14H21N3O1,328.05,11.82,829.571,Organic Compound
Aspirin,C2H2N5O8,913.24,9.81,480.475,Nucleotide
Aspirin,C11H8N5O10,703.98,3.37,646.844,Lipid
Ethanol,C6H29N1O6,147.61,9.05,601.079,Amide
Aspirin,C16H11N5O9,492.32,11.96,567.118,Organic Compound
Ethanol,C10H34N0O0,248.93,8.67,23.926,Organic Compound
Caffeine,C3H34N0O0,423.94,10.01,314.606,Amide
Ethanol,C1H14N2O3,918.54,N/A,642.834,Amide
Aspirin,C20H27N2O4,815.06,6.75,169.063,Neurotransmitter
Caffeine,C12H8N2O3,162.6,2.69,312.764,Nucleotide
Adenosine triphosphate,C6H3N0O10,254.94,13.05,4.318,Neurotransmitter
Cholesterol,C4H15N2O9,592.48,1.96,217.879,Hormone
Ethanol,C14H28N4O7,251.0,12.07,750.029,Hormone
Glucose,C13H37N2O4,336.12,N/A,423.964,Carbohydrate
Urea,C15H17N1O6,731.09,3.32,850.582,Carbohydrate
Cholesterol,C20H21N5O1,345.69,1.58,685.107,Hormone
Cholesterol,C16H2N1O2,868.51,12.17,339.272,Neurotransmitter
Ethanol,C4H15N5O4,445.58,12.29,375.368,Alcohol
Glucose,C15H10N4O1,627.8,12.01,882.435,Alkaloid
Urea,C19H33N3O6,815.78,N/A,597.09,Nucleotide
Aspirin,C17H34N5O4,505.98,4.01,175.074,Nucleotide
Adrenaline,C7H16N2O0,367.41,5.29,844.846,Nucleotide
Dopamine,C17H12N4O7,299.73,10.96,709.569,Carbohydrate
Urea,C4H22N1O6,578.06,1.1,700.689,Carbohydrate
Urea,C4H25N0O0,471.78,5.77,291.168,Hormone
Caffeine,C11H19N0O1,846.79,8.2,473.112,Amide
Serotonin,C18H29N3O0,799.3,9.4,384.297,Hormone
Urea,C11H15N1O2,564.37,12.69,686.211,Alkaloid
Dopamine,C1H40N5O1,630.89,5.27,2.214,Neurotransmitter
Serotonin,C17H24N0O8,95.34,6.04,448.823,Alcohol
Glucose,C20H20N1O0,88.68,8.87,824.407,Amide
Glucose,C17H23N3O6,580.8,6.55,596.486,Hormone
Caffeine,C16H24N0O0,281.61,5.35,273.544,Hormone
Dopamine,C16H29N5O0,452.32,N/A,541.587,Nucleotide
Serotonin,C4H14N3O1,179.5,12.75,876.716,Hormone
Adenosine triphosphate,C4H13N3O0,368.51,N/A,526.771,Amide
Cholesterol,C10H25N0O0,978.85,4.51,923.21,Organic Compound
Glucose,C11H29N0O7,431.86,4.38,300.351,Organic Compound
Serotonin,C8H29N5O5,538.36,9.81,744.823,Amide
Caffeine,C3H30N0O3,256.03,13.44,503.468,Neurotransmitter
Glucose,C6H9N0O9,988.63,12.4,123.412,Neurotransmitter
Adrenaline,C9H29N2O0,161.83,7.5,135.728,Nucleotide
Caffeine,C10H24N4O6,499.69,1.53,485.383,Hormone
Ethanol,C11H27N0O2,215.71,7.15,733.569,Alkaloid
Caffeine,C14H25N5O0,417.96,9.99,748.897,Amide
Adenosine triphosphate,C7H30N1O5,246.97,3.71,595.129,Carbohydrate
Caffeine,C14H40N5O0,154.21,11.13,370.829,Hormone
Aspirin,C5H38N1O0,701.31,2.1,403.18,Hormone
Cholesterol,C6H23N5O1,898.09,2.77,905.424,Alkaloid
Ethanol,C19H38N3O0,300.74,5.88,288.362,Alkaloid
Serotonin,C11H8N2O6,375.94,N/A,126.98,Hormone
Glucose,C18H38N2O10,148.03,4.28,938.65,Amide
Cholesterol,C8H25N3O5,890.53,N/A,729.044,Alcohol
Dopamine,C15H33N3O4,757.64,N/A,224.515,Neurotransmitter
Serotonin,C16H23N4O1,701.04,4.74,709.283,Hormone
Glucose,C8H22N5O3,908.01,5.53,399.785,Hormone
Cholesterol,C11H27N1O10,490.72,9.7,990.599,Alkaloid
Dopamine,C3H6N4O4,837.79,6.2,150.877,Alcohol
Ethanol,C15H37N4O6,650.66,1.94,318.0,Hormone
Glucose,C1H33N3O4,674.89,11.8,190.639,Alcohol
Adenosine triphosphate,C8H33N2O4,703.58,10.37,930.213,Carbohydrate
Aspirin,C8H24N3O7,846.84,2.12,851.531,Organic Compound
Urea,C1H23N4O2,453.46,N/A,801.754,Lipid
Adrenaline,C17H20N0O1,673.45,6.4,828.492,Alkaloid
Ethanol,C5H21N4O10,309.54,3.55,247.738,Hormone
Adenosine triphosphate,C9H1N4O2,818.02,9.75,548.191,Neurotransmitter
Adrenaline,C3H4N2O0,761.86,N/A,490.852,Organic Compound
Aspirin,C20H13N4O3,120.92,6.59,355.442,Alcohol
Serotonin,C11H7N0O4,490.65,12.05,276.217,Organic Compound
Caffeine,C9H39N4O4,757.08,8.1,367.02,Neurotransmitter
Adrenaline,C4H11N1O5,563.14,5.35,227.366,Lipid
Caffeine,C18H17N4O2,333.5,12.93,172.545,Carbohydrate
Serotonin,C18H16N4O0,725.17,1.54,54.273,Alkaloid
Adenosine triphosphate,C11H9N0O10,685.76,4.97,771.383,Carbohydrate
Serotonin,C2H3N3O0,641.33,6.55,587.157,Lipid
Cholesterol,C8H7N1O8,779.67,N/A,788.436,Alkaloid
Cholesterol,C6H29N4O1,296.85,11.73,172.891,Organic Compound
Urea,C10H16N1O0,114.01,13.07,771.384,Lipid
Ethanol,C13H32N5O10,170.12,2.73,718.685,Nucleotide
Adenosine triphosphate,C17H32N2O5,780.86,4.19,719.57,Alkaloid
Adenosine triphosphate,C20H15N5O8,823.47,8.16,284.984,Hormone
Caffeine,C16H3N4O10,758.88,N/A,758.318,Lipid
Serotonin,C15H14N4O10,636.87,5.73,198.591,Nucleotide
Adrenaline,C4H22N5O7,531.52,1.32,208.975,Hormone
Urea,C19H38N3O9,404.71,4.77,972.856,Lipid
Dopamine,C9H8N2O1,622.42,10.81,694.075,Amide
Dopamine,C8H1N4O9,234.51,8.29,954.8,Neurotransmitter
Adrenaline,C15H24N2O7,312.0,N/A,947.681,Hormone
Cholesterol,C2H34N1O5,174.06,6.26,302.132,Carbohydrate
Aspirin,C12H24N2O10,109.89,12.66,694.196,Neurotransmitter
Cholesterol,C10H17N5O2,236.66,10.18,36.224,Alkaloid
Glucose,C2H15N3O1,429.28,N/A,570.083,Carbohydrate
Adrenaline,C12H26N5O10,551.94,7.2,766.192,Amide
Urea,C14H16N2O3,998.31,13.72,665.996,Lipid
Urea,C3H40N0O8,337.97,7.3,876.459,Alkaloid
Ethanol,C1H36N4O8,971.47,5.73,189.93,Organic Compound
Adenosine triphosphate,C2H33N4O9,627.25,12.34,821.258,Organic Compound
Adrenaline,C11H14N0O0,230.8,3.54,674.385,Organic Compound
Adenosine triphosphate,C17H30N5O3,435.41,7.35,620.204,Carbohydrate
Adenosine triphosphate,C17H27N2O8,862.66,N/A,68.431,Hormone
Urea,C20H38N2O3,969.69,5.83,522.994,Organic Compound
Urea,C5H9N3O3,463.15,9.08,336.528,Alcohol
Dopamine,C9H33N4O4,556.49,6.59,90.507,Amide
Cholesterol,C14H34N5O1,247.48,12.43,418.146,Alcohol
Adenosine triphosphate,C10H6N5O7,161.35,10.66,380.254,Carbohydrate
Cholesterol,C19H16N1O0,909.92,9.19,100.53,Neurotransmitter
Urea,C9H17N3O9,897.42,8.73,507.963,Hormone
Aspirin,C11H39N1O9,282.15,6.5,948.377,Nucleotide
Ethanol,C5H33N2O9,258.74,5.28,465.727,Amide
Serotonin,C3H38N5O4,986.27,7.73,396.407,Nucleotide
Dopamine,C10H28N1O2,197.6,N/A,759.797,Amide
Glucose,C17H36N3O10,159.81,6.8,749.599,Carbohydrate
Adenosine triphosphate,C13H16N0O7,857.51,5.78,710.315,Hormone
Dopamine,C3H35N3O10,956.19,3.52,123.378,Carbohydrate
Urea,C17H7N4O9,563.37,9.6,17.471,Nucleotide
Dopamine,C9H24N5O9,367.3,N/A,804.334,Amide
Caffeine,C11H37N3O2,147.66,10.33,380.387,Carbohydrate
Caffeine,C2H5N2O2,275.19,12.1,616.21,Neurotransmitter
Ethanol,C14H16N2O2,408.48,9.64,44.551,Organic Compound
Adrenaline,C13H35N1O2,910.44,1.38,329.555,Neurotransmitter
Urea,C14H5N1O8,490.74,N/A,67.6,Carbohydrate
Ethanol,C11H21N5O8,812.03,N/A,774.165,Alcohol
Aspirin,C8H15N0O2,882.49,4.52,45.606,Alkaloid
Ethanol,C9H25N2O6,664.14,N/A,731.841,Alkaloid
Cholesterol,C14H22N4O7,497.94,11.27,449.287,Hormone
Caffeine,C17H14N1O1,776.01,8.52,996.608,Alkaloid
Caffeine,C2H29N3O4,581.21,8.79,733.227,Nucleotide
Adenosine triphosphate,C14H20N3O4,121.58,9.87,162.321,Neurotransmitter
Adenosine triphosphate,C8H13N2O10,479.92,12.03,706.668,Lipid
Urea,C10H10N5O7,457.6,1.93,305.595,Nucleotide
Caffeine,C16H2N4O10,918.95,7.35,410.968,Alcohol
Glucose,C14H14N1O7,748.31,N/A,180.068,Organic Compound
Serotonin,C19H4N2O1,849.65,7.26,561.602,Amide
Aspirin,C18H8N0O9,348.28,7.36,404.32,Alkaloid
Adrenaline,C2H32N0O9,859.31,5.62,192.624,Organic Compound
Caffeine,C5H9N2O4,724.05,5.94,885.966,Alcohol
Serotonin,C20H20N1O7,393.58,5.45,234.014,Lipid
Serotonin,C5H10N4O0,500.55,N/A,288.109,Nucleotide
Glucose,C10H36N2O8,919.25,1.25,850.431,Hormone
Cholesterol,C8H32N5O3,483.41,1.32,414.217,Nucleotide
Aspirin,C12H35N1O2,89.15,13.53,694.514,Nucleotide
Caffeine,C16H11N0O9,319.81,N/A,877.189,Hormone
Aspirin,C13H27N0O6,937.68,6.39,716.387,Nucleotide
Adrenaline,C10H27N3O10,211.54,N/A,385.094,Neurotransmitter
Aspirin,C19H40N4O10,169.77,12.25,524.211,Alkaloid
Serotonin,C3H34N0O10,470.88,8.45,724.651,Alkaloid
Cholesterol,C5H31N2O2,956.46,3.18,176.014,Neurotransmitter
Dopamine,C19H6N1O4,890.62,2.95,501.99,Neurotransmitter
Glucose,C3H1N0O5,917.89,9.01,383.478,Organic Compound
Ethanol,C5H7N2O1,97.34,9.84,534.689,Carbohydrate
Glucose,C19H10N5O6,848.23,6.77,342.17,Nucleotide
Dopamine,C6H32N3O3,429.15,7.43,183.909,Neurotransmitter
Caffeine,C5H16N5O4,360.75,13.05,980.683,Organic Compound
Adenosine triphosphate,C8H22N5O8,798.03,2.9,44.479,Organic Compound
Adrenaline,C18H39N5O4,933.3,N/A,158.15,Organic Compound
Ethanol,C6H5N1O10,849.95,3.22,302.926,Alcohol
Urea,C14H20N4O7,317.12,10.87,646.799,Hormone
Adrenaline,C4H26N4O8,713.89,4.18,343.427,Carbohydrate
Glucose,C3H15N4O0,746.02,2.29,276.217,Lipid
Dopamine,C8H28N4O8,804.4,3.08,275.675,Alkaloid
Adenosine triphosphate,C7H13N3O0,609.6,N/A,91.455,Carbohydrate
Urea,C7H28N3O5,581.83,2.01,392.806,Amide
Dopamine,C15H4N1O7,950.66,7.28,372.732,Hormone
Dopamine,C12H20N1O9,386.65,3.4,786.071,Nucleotide
Adenosine triphosphate,C10H3N3O5,550.44,13.44,749.508,Lipid
Cholesterol,C3H29N2O7,747.45,N/A,6.241,Amide
Adenosine triphosphate,C7H31N5O8,223.44,9.37,865.082,Organic Compound
Adenosine triphosphate,C3H28N2O10,845.53,3.16,903.08,Neurotransmitter
Dopamine,C5H5N5O2,525.15,7.98,777.589,Carbohydrate
Cholesterol,C11H21N3O3,186.23,1.42,102.828,Alkaloid
Cholesterol,C11H16N3O6,567.8,10.45,992.231,Alkaloid
Glucose,C8H16N3O7,717.54,3.81,551.202,Neurotransmitter
Cholesterol,C1H14N2O10,87.18,4.11,818.065,Neurotransmitter
Adrenaline,C12H35N0O10,587.34,N/A,502.895,Alcohol
Adrenaline,C5H20N3O5,906.09,11.76,648.484,Carbohydrate
Cholesterol,C12H19N4O1,625.57,12.53,454.914,Alcohol
Aspirin,C19H24N2O7,367.96,2.25,886.153,Hormone
Glucose,C10H29N5O10,887.64,13.49,713.842,Neurotransmitter
Urea,C12H9N2O0,278.89,5.18,922.322,Alcohol
Dopamine,C8H27N4O6,781.33,12.17,895.999,Hormone
Dopamine,C11H20N0O5,804.69,N/A,601.481,Carbohydrate
Serotonin,C17H13N4O4,630.35,4.79,826.544,Neurotransmitter
Cholesterol,C19H24N5O5,441.01,2.54,185.912,Carbohydrate
Caffeine,C7H33N3O8,457.11,11.61,128.27,Nucleotide
Caffeine,C10H27N0O0,590.12,11.17,237.524,Nucleotide
Caffeine,C9H10N1O3,801.11,6.68,499.462,Carbohydrate
Ethanol,C14H5N0O2,365.14,10.65,214.835,Nucleotide
Adrenaline,C8H17N4O0,716.32,N/A,680.606,Hormone
Aspirin,C15H10N0O10,177.82,N/A,436.874,Lipid
Aspirin,C3H38N3O2,911.74,5.14,53.245,Lipid
Aspirin,C16H14N3O7,90.11,N/A,607.363,Amide
Adenosine triphosphate,C16H9N5O2,359.37,2.09,86.199,Alkaloid
Glucose,C11H6N3O2,211.34,8.09,613.031,Alcohol
Glucose,C14H21N0O7,922.54,13.07,288.592,Nucleotide
Cholesterol,C12H27N4O9,758.8,2.77,47.572,Neurotransmitter
Aspirin,C11H29N1O6,646.46,N/A,69.04,Carbohydrate
Adrenaline,C12H14N2O3,972.01,6.76,719.382,Hormone
Ethanol,C9H1N0O1,444.12,1.16,215.15,Alcohol
Glucose,C12H1N3O3,691.78,N/A,950.085,Nucleotide
Adrenaline,C7H26N5O9,903.24,N/A,999.317,Organic Compound
Caffeine,C20H14N4O5,520.01,4.05,740.493,Nucleotide
Urea,C12H30N1O0,672.64,N/A,937.555,Hormone
Adrenaline,C4H21N4O9,635.18,4.19,324.488,Lipid
Aspirin,C4H19N3O8,619.39,10.0,848.565,Amide
Urea,C1H11N0O0,210.27,13.01,743.475,Neurotransmitter
Dopamine,C8H1N5O9,808.14,2.87,815.994,Nucleotide
Adrenaline,C7H38N2O2,515.13,7.56,686.976,Lipid
Adenosine triphosphate,C16H21N1O4,786.45,1.93,617.851,Nucleotide
Glucose,C11H15N0O4,580.54,12.01,592.051,Alkaloid
Cholesterol,C1H33N0O9,275.72,N/A,442.737,Carbohydrate
Cholesterol,C20H23N2O10,65.6,4.61,478.659,Alkaloid
Caffeine,C16H2N0O0,411.56,1.16,119.406,Alkaloid
Adenosine triphosphate,C7H8N2O2,501.66,N/A,681.257,Organic Compound
Aspirin,C11H17N0O2,82.16,1.8,268.052,Alkaloid
Glucose,C12H3N2O10,110.59,N/A,600.74,Carbohydrate
Adenosine triphosphate,C8H39N4O0,466.56,6.24,394.912,Nucleotide
Ethanol,C3H17N5O0,110.01,2.65,383.795,Alkaloid
Urea,C17H30N4O1,310.41,N/A,542.119,Neurotransmitter
Cholesterol,C16H15N0O3,127.54,6.81,108.521,Hormone
Serotonin,C13H13N0O7,926.42,3.35,686.562,Neurotransmitter
Adrenaline,C18H31N3O4,558.13,5.24,68.396,Organic Compound
Urea,C12H4N5O1,594.29,3.2,419.233,Hormone
Cholesterol,C8H26N1O3,910.18,N/A,975.127,Nucleotide
Adrenaline,C4H25N4O5,668.85,7.14,939.882,Organic Compound
Dopamine,C20H7N3O5,413.74,11.58,601.639,Nucleotide
Glucose,C8H39N2O8,175.45,5.19,128.002,Neurotransmitter
Dopamine,C15H15N0O7,54.62,N/A,64.769,Neurotransmitter
Glucose,C17H15N0O8,994.1,10.68,243.678,Lipid
Ethanol,C2H34N3O0,617.65,5.49,96.57,Nucleotide
Cholesterol,C6H37N1O3,419.77,11.18,726.549,Organic Compound
Glucose,C13H8N1O4,562.64,2.13,355.15,Lipid
Aspirin,C11H23N5O0,168.51,5.56,911.334,Organic Compound
Ethanol,C9H7N5O7,314.7,12.55,595.604,Alkaloid
Aspirin,C2H34N5O0,508.32,9.44,431.0,Lipid
Ethanol,C11H21N5O8,154.23,1.6,58.497,Lipid
Ethanol,C8H25N2O0,118.42,1.59,459.3,Alcohol
Glucose,C20H32N1O6,283.12,13.92,308.83,Alkaloid
Urea,C18H14N0O8,908.51,6.68,753.39,Carbohydrate
Glucose,C6H27N4O2,461.79,4.94,16.895,Carbohydrate
Adrenaline,C20H35N2O7,982.97,10.71,58.151,Nucleotide
Caffeine,C11H9N4O5,808.65,N/A,349.171,Organic Compound
Cholesterol,C6H9N2O3,735.69,N/A,706.342,Lipid
Ethanol,C3H25N1O0,295.67,1.94,838.425,Lipid
Serotonin,C19H26N0O5,630.72,2.87,517.227,Neurotransmitter
Glucose,C15H35N0O2,736.63,2.67,321.841,Neurotransmitter
Aspirin,C19H14N0O8,110.09,13.74,532.529,Lipid
Serotonin,C1H39N3O8,275.98,2.33,494.044,Alcohol
Adrenaline,C17H26N5O2,57.58,4.2,726.746,Nucleotide
Dopamine,C1H14N1O9,486.41,12.52,764.322,Lipid
Dopamine,C1H25N3O7,519.46,10.72,656.693,Neurotransmitter
Glucose,C15H26N1O2,324.58,N/A,982.812,Amide
Aspirin,C12H23N5O6,625.39,N/A,243.826,Nucleotide
Serotonin,C11H22N1O4,540.72,7.71,582.065,Hormone
Dopamine,C12H18N1O2,267.31,N/A,419.264,Alcohol
Ethanol,C14H27N4O0,299.7,10.69,708.127,Neurotransmitter
Aspirin,C20H23N1O7,615.16,5.34,867.953,Neurotransmitter
Dopamine,C15H20N2O8,635.91,8.97,121.652,Nucleotide
Urea,C7H12N4O8,639.14,7.0,681.692,Alcohol
Ethanol,C14H37N3O7,680.22,6.89,197.511,Neurotransmitter
Urea,C10H19N3O10,429.86,N/A,404.293,Amide
Urea,C14H28N3O3,579.87,6.36,203.692,Alkaloid
Cholesterol,C8H27N4O0,270.95,13.12,913.498,Neurotransmitter
Urea,C11H18N5O0,127.07,5.02,747.361,Alkaloid
Cholesterol,C3H30N1O4,368.78,13.6,355.171,Lipid
Caffeine,C6H36N4O1,892.19,N/A,663.042,Carbohydrate
Dopamine,C17H38N5O9,782.89,13.77,976.736,Hormone
Dopamine,C11H36N1O3,59.39,12.04,710.42,Neurotransmitter
Serotonin,C8H39N5O0,902.0,10.16,59.848,Alkaloid
Ethanol,C2H40N1O3,120.53,13.79,243.512,Organic Compound
Urea,C13H12N2O10,841.36,N/A,938.457,Nucleotide
Aspirin,C14H3N2O3,673.34,8.03,537.296,Neurotransmitter
Glucose,C4H31N0O2,963.45,1.27,172.664,Nucleotide
Cholesterol,C3H9N0O2,759.44,N/A,822.119,Nucleotide
Dopamine,C10H4N2O4,782.95,6.42,743.265,Neurotransmitter
Urea,C8H3N0O6,183.94,13.94,776.87,Organic Compound
Cholesterol,C12H4N1O6,616.33,8.66,904.77,Hormone
Ethanol,C5H5N1O6,598.71,8.23,668.787,Lipid
Serotonin,C17H14N5O3,418.58,N/A,389.47,Neurotransmitter
Serotonin,C19H6N2O1,920.41,5.52,637.198,Amide
Caffeine,C1H8N0O9,618.04,8.3,992.734,Organic Compound
Ethanol,C3H18N5O2,239.14,8.74,806.232,Alcohol
Serotonin,C20H5N5O7,283.76,6.39,178.088,Organic Compound
Cholesterol,C15H3N2O6,991.84,3.97,120.896,Alcohol
Dopamine,C9H40N0O0,787.19,N/A,330.539,Alkaloid
Urea,C9H2N3O4,844.74,4.67,987.032,Amide
Ethanol,C19H7N3O3,489.08,N/A,306.413,Organic Compound
Dopamine,C19H35N1O0,633.83,N/A,310.699,Lipid
Adenosine triphosphate,C7H24N5O1,857.18,1.96,746.978,Lipid
Aspirin,C15H34N3O3,190.81,11.4,157.015,Lipid
Dopamine,C17H27N3O1,377.07,3.65,292.398,Organic Compound
Glucose,C13H38N3O2,426.63,1.36,659.144,Alcohol
Cholesterol,C3H24N5O6,571.13,N/A,6.853,Nucleotide
Cholesterol,C16H24N2O7,175.56,N/A,431.872,Nucleotide
Urea,C6H38N3O7,301.72,1.27,714.969,Nucleotide
Glucose,C20H7N1O1,310.03,13.28,85.511,Amide
Urea,C15H23N4O1,381.4,7.07,978.196,Neurotransmitter
Aspirin,C1H35N4O6,493.71,12.89,953.962,Nucleotide
Glucose,C13H26N3O9,170.9,5.46,366.602,Carbohydrate
Glucose,C9H40N3O7,536.16,12.96,335.744,Nucleotide
Caffeine,C3H12N5O3,149.82,N/A,151.891,Neurotransmitter
Caffeine,C12H29N2O8,507.23,12.15,129.025,Nucleotide
Serotonin,C8H28N5O1,839.28,12.9,706.067,Alkaloid
Dopamine,C6H31N2O10,662.34,8.61,527.719,Alcohol
Glucose,C6H12N3O4,269.28,5.05,233.238,Neurotransmitter
Adrenaline,C18H9N2O9,893.98,5.42,135.288,Nucleotide
Adenosine triphosphate,C4H38N3O5,936.54,12.34,661.667,Hormone
Dopamine,C17H40N3O3,807.42,11.05,413.569,Organic Compound
Ethanol,C2H11N2O3,113.01,3.41,225.341,Lipid
Cholesterol,C9H5N2O5,528.86,3.36,764.869,Alkaloid
Adrenaline,C11H20N4O10,231.07,6.04,769.041,Organic Compound
Caffeine,C13H23N4O4,861.91,10.44,312.67,Lipid
Adrenaline,C13H39N3O3,435.02,2.28,341.581,Organic Compound
Dopamine,C19H6N2O6,658.01,8.48,74.946,Neurotransmitter
Urea,C19H37N1O8,610.68,11.61,314.205,Organic Compound
Cholesterol,C14H3N4O2,908.83,1.02,729.364,Amide
Serotonin,C2H29N2O3,301.39,9.09,489.958,Alkaloid
Serotonin,C18H38N0O0,825.92,4.13,620.294,Alkaloid
Adrenaline,C14H18N0O10,404.01,12.26,186.745,Neurotransmitter
Adenosine triphosphate,C5H34N2O5,246.76,4.91,167.542,Organic Compound
Adenosine triphosphate,C12H36N5O1,974.46,5.38,840.396,Amide
Adenosine triphosphate,C7H29N0O4,785.44,12.33,702.762,Carbohydrate
Adrenaline,C16H30N5O8,120.41,N/A,968.089,Hormone
Cholesterol,C12H20N2O0,798.25,3.46,86.504,Lipid
Caffeine,C1H8N4O7,576.37,2.87,201.584,Lipid
Cholesterol,C1H6N5O1,797.43,1.24,558.505,Alkaloid
Caffeine,C15H35N4O3,414.34,8.96,700.267,Alkaloid
Serotonin,C17H2N0O5,919.67,N/A,663.168,Alcohol
Dopamine,C13H3N1O9,243.22,11.22,901.25,Nucleotide
Caffeine,C18H21N0O0,293.02,4.58,551.325,Carbohydrate
Cholesterol,C8H6N5O10,896.49,10.93,351.799,Hormone
Serotonin,C13H36N0O5,95.03,3.37,3.355,Alcohol
Caffeine,C15H3N1O2,406.21,5.18,899.117,Alcohol
Aspirin,C20H27N0O3,393.52,1.58,848.655,Organic Compound
Urea,C14H2N0O5,605.84,2.86,181.365,Carbohydrate
Ethanol,C18H27N0O3,211.98,1.82,205.245,Carbohydrate
Aspirin,C18H28N1O3,810.59,12.12,835.189,Carbohydrate
Caffeine,C20H11N3O0,441.12,4.6,693.905,Organic Compound
Serotonin,C8H38N2O1,505.25,1.02,624.369,Organic Compound
Adrenaline,C12H25N0O7,538.23,13.72,733.83,Alkaloid
Cholesterol,C2H37N2O8,411.64,5.72,357.99,Carbohydrate
Dopamine,C3H27N3O10,624.8,12.82,97.646,Lipid
Adenosine triphosphate,C17H4N3O3,555.81,11.1,618.71,Carbohydrate
Dopamine,C15H37N4O4,897.36,1.35,815.468,Alkaloid
Caffeine,C14H22N3O6,213.15,9.25,56.432,Nucleotide
Ethanol,C14H9N4O2,659.44,3.2,42.119,Lipid
Cholesterol,C18H31N3O3,614.68,3.94,493.805,Neurotransmitter
Dopamine,C8H24N1O5,402.79,3.68,277.876,Amide
Adenosine triphosphate,C14H6N5O3,845.15,7.72,789.675,Lipid
Urea,C16H14N5O8,459.46,7.26,856.035,Organic Compound
Cholesterol,C15H16N5O1,601.9,12.76,583.699,Alkaloid
Glucose,C14H32N3O10,710.19,3.43,425.056,Nucleotide
Cholesterol,C5H15N0O2,855.87,1.52,893.717,Alkaloid
Serotonin,C9H26N3O8,227.14,9.99,424.195,Amide
Glucose,C4H5N3O10,233.81,8.08,402.317,Neurotransmitter
Caffeine,C5H7N0O9,571.87,N/A,960.427,Nucleotide
Ethanol,C15H23N5O9,294.73,N/A,508.144,Nucleotide
Ethanol,C3H25N3O6,458.9,N/A,847.886,Hormone
Urea,C17H36N3O5,257.62,N/A,608.33,Organic Compound
Caffeine,C19H9N5O10,72.53,10.74,377.557,Organic Compound
Adenosine triphosphate,C5H34N4O0,556.96,3.47,610.23,Amide
Urea,C8H32N0O8,121.49,N/A,251.005,Hormone
Ethanol,C7H32N2O9,68.73,5.1,836.024,Organic Compound
Urea,C2H4N1O3,168.2,5.48,47.859,Organic Compound
Adrenaline,C11H28N4O3,747.14,2.8,72.229,Neurotransmitter
Adrenaline,C19H39N2O1,242.65,1.22,973.654,Organic Compound
Glucose,C13H31N3O5,179.77,12.1,119.173,Hormone
Adrenaline,C12H19N2O6,744.71,N/A,118.96,Alcohol
Serotonin,C18H14N2O7,476.55,N/A,355.416,Carbohydrate
Caffeine,C9H14N0O9,686.04,12.08,640.882,Neurotransmitter
Ethanol,C8H40N4O9,232.35,4.81,635.485,Organic Compound
Caffeine,C19H34N2O3,479.41,N/A,739.296,Organic Compound
Caffeine,C6H32N4O7,611.67,5.74,767.727,Organic Compound
Adrenaline,C9H34N1O2,373.85,N/A,595.138,Alcohol
Dopamine,C14H2N5O4,170.08,13.33,217.905,Organic Compound
Serotonin,C17H20N3O9,91.02,2.85,885.403,Amide
Caffeine,C17H34N2O7,486.06,9.2,132.308,Amide
Urea,C15H13N0O7,997.99,9.8,972.655,Organic Compound
Caffeine,C15H21N3O3,727.21,12.95,272.152,Nucleotide
Urea,C20H17N4O0,351.23,12.94,517.546,Neurotransmitter
Adenosine triphosphate,C11H18N5O0,715.06,N/A,236.253,Lipid
Glucose,C17H39N1O3,607.89,N/A,777.704,Alkaloid
Caffeine,C8H27N5O0,787.02,3.4,453.052,Nucleotide
Caffeine,C2H5N2O7,173.86,2.22,271.663,Hormone
Adrenaline,C16H26N3O6,563.35,N/A,903.719,Lipid
Serotonin,C15H19N2O8,272.11,10.12,811.678,Neurotransmitter
Serotonin,C11H22N5O1,215.33,4.29,817.331,Nucleotide
Glucose,C16H12N4O7,854.41,4.88,225.233,Lipid
Adenosine triphosphate,C14H27N3O4,269.96,1.15,356.736,Hormone
Dopamine,C20H21N0O7,361.87,8.56,415.224,Lipid
Cholesterol,C3H34N3O1,338.78,8.4,398.455,Organic Compound
Serotonin,C15H19N4O9,56.78,11.57,47.065,Lipid
Adenosine triphosphate,C5H20N4O0,623.43,11.84,243.847,Alcohol
Adrenaline,C3H33N1O0,657.64,9.06,475.99,Alcohol
Caffeine,C16H21N3O8,864.67,N/A,812.023,Carbohydrate
Adenosine triphosphate,C15H16N1O6,834.18,N/A,62.642,Alcohol
Adenosine triphosphate,C14H17N3O5,194.23,8.46,315.932,Organic Compound
Adrenaline,C13H29N5O9,655.85,13.14,615.338,Neurotransmitter
Caffeine,C4H24N4O5,803.9,5.79,779.731,Organic Compound
Adenosine triphosphate,C8H14N5O0,445.25,5.23,119.692,Neurotransmitter
Cholesterol,C10H15N0O6,504.91,4.71,189.674,Alcohol
Caffeine,C2H2N4O1,858.42,4.05,73.083,Amide
Dopamine,C10H8N2O5,855.08,7.96,479.859,Neurotransmitter
Caffeine,C14H10N3O4,692.05,10.95,936.368,Alcohol
Adenosine triphosphate,C10H32N4O0,275.28,N/A,545.644,Organic Compound
Serotonin,C7H14N1O2,512.77,12.59,4.461,Organic Compound
Aspirin,C15H28N5O2,907.98,2.64,710.152,Alcohol
Serotonin,C18H4N1O8,757.63,8.5,113.504,Nucleotide
Glucose,C11H5N2O8,730.12,3.92,767.786,Alcohol
Glucose,C9H34N4O8,940.35,8.92,724.372,Nucleotide
Adrenaline,C5H31N3O2,549.34,6.8,162.924,Organic Compound
Aspirin,C10H11N0O8,226.85,5.04,710.703,Nucleotide
Glucose,C14H3N4O3,758.22,10.63,555.44,Amide
Dopamine,C15H13N1O0,600.44,5.46,363.209,Amide
Caffeine,C17H35N1O2,421.21,N/A,793.686,Neurotransmitter
Cholesterol,C5H2N5O3,534.55,N/A,210.454,Neurotransmitter
Adrenaline,C9H38N5O6,743.16,7.93,22.571,Organic Compound
Adenosine triphosphate,C5H22N1O0,86.9,2.73,359.774,Nucleotide
Aspirin,C13H25N0O10,209.55,3.19,232.39,Hormone
Adrenaline,C14H18N0O5,986.14,8.89,400.605,Nucleotide
Caffeine,C19H21N5O0,154.64,11.48,626.49,Carbohydrate
Glucose,C18H5N1O8,352.18,8.2,571.812,Amide
Ethanol,C1H10N2O8,836.13,4.4,852.776,Carbohydrate
Urea,C17H22N2O2,564.29,3.68,811.781,Lipid
Adrenaline,C1H16N4O3,778.24,5.05,512.489,Hormone
Adenosine triphosphate,C6H6N3O6,305.63,13.3,631.633,Amide
Glucose,C8H18N1O1,470.34,4.85,219.844,Organic Compound
Dopamine,C8H25N2O7,705.26,11.01,289.948,Alkaloid
Caffeine,C13H7N3O8,322.75,N/A,828.204,Carbohydrate
Ethanol,C6H8N3O1,492.69,N/A,776.264,Neurotransmitter
Caffeine,C5H27N2O4,249.34,9.08,939.804,Neurotransmitter
Dopamine,C13H27N2O2,250.23,7.02,539.359,Nucleotide
Cholesterol,C14H8N4O6,651.39,11.41,997.814,Hormone
Adrenaline,C7H21N2O1,84.28,11.17,727.938,Nucleotide
Glucose,C16H13N5O7,830.65,8.29,419.276,Neurotransmitter
Adenosine triphosphate,C14H29N3O7,754.01,N/A,736.417,Neurotransmitter
Serotonin,C20H28N1O6,568.6,N/A,819.811,Nucleotide
Cholesterol,C20H20N1O0,484.08,2.84,551.943,Neurotransmitter
Dopamine,C2H25N1O1,363.44,11.21,895.16,Organic Compound
Caffeine,C20H14N5O2,397.71,N/A,407.68,Carbohydrate
Caffeine,C8H16N4O4,537.44,5.54,421.922,Carbohydrate
Dopamine,C5H24N3O2,540.2,1.32,0.646,Amide
Cholesterol,C7H34N4O0,535.45,11.13,792.746,Organic Compound
Adenosine triphosphate,C19H35N4O6,571.86,2.42,226.334,Alkaloid
Urea,C19H19N0O7,497.95,10.37,79.838,Alkaloid
Adenosine triphosphate,C17H30N1O4,846.14,4.09,89.088,Carbohydrate
Glucose,C13H7N2O3,743.17,4.19,752.667,Neurotransmitter
Urea,C4H10N0O5,652.47,N/A,945.597,Organic Compound
Serotonin,C11H39N3O0,911.71,11.35,576.69,Organic Compound
Aspirin,C16H39N2O7,322.39,N/A,329.679,Alkaloid
Adenosine triphosphate,C6H18N1O0,115.53,7.38,722.882,Alcohol
Adenosine triphosphate,C4H39N1O9,604.85,6.79,492.906,Nucleotide
Dopamine,C6H26N5O10,643.65,10.8,358.349,Carbohydrate
Glucose,C11H13N5O4,221.41,12.92,728.604,Organic Compound
Caffeine,C15H20N3O1,859.59,12.2,646.528,Neurotransmitter
Ethanol,C1H33N5O2,424.74,N/A,671.635,Alcohol
Aspirin,C3H39N5O5,989.99,4.72,9.245,Alkaloid
Aspirin,C19H27N0O2,562.83,7.73,453.593,Nucleotide
Ethanol,C13H13N4O6,651.0,13.44,913.153,Alkaloid
Aspirin,C19H21N4O3,796.62,N/A,817.793,Organic Compound
Aspirin,C19H8N1O4,761.49,N/A,578.223,Neurotransmitter
Caffeine,C15H8N1O5,729.33,6.87,389.235,Neurotransmitter
Adenosine triphosphate,C2H14N0O8,823.23,3.14,16.647,Amide
Glucose,C14H19N3O8,416.65,2.29,507.231,Organic Compound
Urea,C14H24N0O0,477.67,2.31,260.996,Carbohydrate
Cholesterol,C13H12N2O2,110.56,2.07,439.283,Lipid
Adenosine triphosphate,C9H24N5O0,517.92,N/A,379.448,Amide
Caffeine,C9H13N2O5,866.73,12.65,390.242,Nucleotide
Glucose,C3H31N2O1,841.87,11.6,409.477,Neurotransmitter
Glucose,C19H32N5O9,84.39,11.23,783.871,Amide
Glucose,C20H2N0O9,367.37,N/A,10.616,Alkaloid
Ethanol,C12H21N1O6,608.41,N/A,73.995,Nucleotide
Dopamine,C4H39N4O0,585.05,4.5,835.311,Alkaloid
Caffeine,C14H16N2O4,343.8,7.62,847.705,Lipid
Adrenaline,C1H3N0O10,720.9,7.46,957.378,Hormone
Cholesterol,C1H5N4O2,974.4,N/A,662.313,Lipid
Adrenaline,C15H11N3O10,502.54,N/A,384.864,Nucleotide
Caffeine,C5H35N2O10,78.75,9.89,288.174,Carbohydrate
Ethanol,C17H17N3O10,655.49,N/A,210.098,Hormone
Dopamine,C16H11N5O4,664.8,8.93,609.553,Neurotransmitter
Cholesterol,C7H11N5O9,198.75,12.6,159.732,Neurotransmitter
Ethanol,C7H11N4O4,659.59,N/A,63.106,Nucleotide
Adenosine triphosphate,C1H15N0O8,386.29,N/A,159.95,Neurotransmitter
Cholesterol,C18H2N1O6,920.21,3.36,405.076,Organic Compound
Urea,C6H11N0O7,62.56,7.38,655.68,Lipid
Urea,C4H21N4O1,401.01,N/A,398.831,Carbohydrate
Glucose,C20H6N4O2,83.08,6.13,950.674,Nucleotide
Glucose,C20H39N0O0,61.71,8.06,207.993,Carbohydrate
Glucose,C19H4N2O2,560.31,1.24,496.469,Carbohydrate
Aspirin,C20H3N1O3,939.26,11.46,720.99,Alkaloid
Adenosine triphosphate,C4H27N2O3,386.17,3.53,517.117,Alcohol
Urea,C3H12N3O5,326.87,13.49,257.209,Nucleotide
Adenosine triphosphate,C12H7N2O10,914.49,8.84,963.106,Hormone
Serotonin,C15H24N3O0,347.16,8.25,46.109,Alcohol
Caffeine,C12H37N1O2,721.12,N/A,565.456,Alcohol
Adenosine triphosphate,C9H17N1O2,957.09,12.84,952.445,Hormone
Aspirin,C6H29N2O7,909.54,N/A,269.219,Amide
Urea,C16H33N4O2,515.19,5.48,819.455,Carbohydrate
Dopamine,C1H7N0O2,710.96,13.49,114.612,Alkaloid
Dopamine,C4H26N0O9,239.43,11.46,436.763,Neurotransmitter
Dopamine,C3H1N4O10,335.99,2.16,154.578,Neurotransmitter
Adrenaline,C19H5N3O9,899.19,5.21,582.926,Neurotransmitter
Serotonin,C3H16N1O3,789.98,12.43,322.827,Alkaloid
Adrenaline,C10H39N2O1,176.75,2.61,212.02,Organic Compound
Adrenaline,C7H19N4O1,831.64,9.15,505.92,Hormone
Ethanol,C16H9N1O0,627.82,9.8,954.209,Neurotransmitter
Dopamine,C20H15N4O7,862.66,11.01,378.264,Neurotransmitter
Urea,C14H21N0O2,780.71,13.96,988.708,Alcohol
Serotonin,C5H38N1O0,699.28,7.29,300.146,Neurotransmitter
Dopamine,C9H32N3O3,615.21,4.7,681.734,Amide
Ethanol,C18H37N5O7,483.39,8.72,567.926,Alcohol
Cholesterol,C20H23N3O1,531.66,N/A,647.911,Lipid
Adenosine triphosphate,C6H31N0O6,859.78,12.19,404.84,Amide
Urea,C7H14N2O2,973.46,7.35,591.119,Lipid
Adenosine triphosphate,C3H28N5O2,528.75,5.18,988.539,Alkaloid
Aspirin,C12H28N4O10,208.14,12.48,75.164,Lipid
Urea,C11H1N1O1,176.05,N/A,497.924,Amide
Dopamine,C5H26N2O3,873.02,2.95,251.234,Hormone
Urea,C7H33N3O4,673.04,N/A,182.075,Carbohydrate
Adenosine triphosphate,C8H29N3O1,88.87,11.54,322.004,Amide
Adenosine triphosphate,C9H37N3O2,175.13,11.25,890.42,Organic Compound
Serotonin,C6H39N5O4,972.82,13.52,306.048,Neurotransmitter
Adenosine triphosphate,C14H11N0O5,611.94,6.28,798.904,Neurotransmitter
Glucose,C16H19N5O7,662.89,2.76,902.813,Neurotransmitter
Dopamine,C9H2N4O0,786.76,7.98,801.018,Organic Compound
Urea,C18H26N0O3,282.2,7.52,99.9,Hormone
Serotonin,C18H25N0O4,830.38,5.7,555.234,Alkaloid
Adrenaline,C15H29N5O2,828.51,6.57,609.628,Neurotransmitter
Adrenaline,C3H26N1O4,875.16,11.94,828.07,Alcohol
Adrenaline,C5H8N4O1,868.38,4.07,440.105,Alcohol
Ethanol,C18H8N5O3,718.02,7.87,440.873,Alcohol
Caffeine,C9H32N0O1,293.18,N/A,837.113,Neurotransmitter
Urea,C18H3N5O7,306.69,5.86,563.473,Hormone
Serotonin,C5H40N1O5,749.05,5.5,965.685,Carbohydrate
Aspirin,C14H17N5O0,669.27,N/A,266.791,Hormone
Glucose,C6H30N0O0,171.81,12.01,492.699,Neurotransmitter
Dopamine,C20H33N1O8,864.24,N/A,148.419,Neurotransmitter
Cholesterol,C19H6N4O5,625.7,5.92,642.148,Lipid
Adenosine triphosphate,C13H1N3O9,208.45,N/A,54.558,Organic Compound
Urea,C14H38N2O5,809.79,N/A,688.272,Carbohydrate
Serotonin,C2H12N4O7,524.4,3.37,530.274,Alkaloid
Adrenaline,C14H40N0O8,90.6,11.32,525.366,Alcohol
Adenosine triphosphate,C4H26N2O8,335.55,12.53,436.621,Hormone
Dopamine,C16H5N4O4,344.45,3.9,495.158,Neurotransmitter
Ethanol,C4H39N3O10,223.74,11.66,266.776,Lipid
Glucose,C17H40N0O6,805.18,N/A,48.39,Hormone
Serotonin,C5H27N2O1,797.86,N/A,769.043,Lipid
Cholesterol,C17H29N1O3,596.99,6.55,669.663,Amide
Adrenaline,C18H39N4O0,110.55,3.0,714.534,Hormone
Aspirin,C19H38N5O8,352.14,5.98,34.533,Alkaloid
Urea,C11H9N0O3,812.02,8.49,289.682,Alkaloid
Caffeine,C5H8N2O3,182.23,4.9,0.314,Lipid
Ethanol,C17H34N2O9,175.34,11.01,982.799,Carbohydrate
Serotonin,C6H39N3O6,377.13,6.7,334.175,Alcohol
Ethanol,C9H17N1O2,879.61,12.2,399.635,Alcohol
Dopamine,C17H31N1O6,593.12,3.09,874.405,Alkaloid
Adrenaline,C17H27N3O6,350.87,13.93,176.978,Neurotransmitter
Caffeine,C9H31N0O8,567.88,4.17,727.868,Alkaloid
Adenosine triphosphate,C10H34N4O9,317.85,13.1,502.435,Carbohydrate
Caffeine,C4H15N3O1,858.15,N/A,946.861,Nucleotide
Adenosine triphosphate,C13H15N5O0,434.85,2.96,80.943,Alkaloid
Cholesterol,C7H36N0O10,909.17,12.99,583.881,Hormone
Urea,C11H26N2O10,411.01,8.65,930.9,Lipid
Adenosine triphosphate,C19H35N3O9,83.19,11.35,163.577,Hormone
Cholesterol,C9H2N5O3,725.75,1.46,484.108,Amide
Dopamine,C14H40N4O3,830.77,1.52,204.274,Carbohydrate
Dopamine,C16H21N3O10,848.05,9.2,408.388,Alcohol
Serotonin,C7H27N1O7,108.76,6.48,354.623,Amide
Adrenaline,C6H17N1O8,422.5,1.14,643.714,Lipid
Ethanol,C10H28N1O3,686.14,4.94,217.195,Alkaloid
Cholesterol,C5H2N4O7,192.33,5.32,318.454,Lipid
Adenosine triphosphate,C10H34N1O3,748.97,9.23,138.322,Carbohydrate
Dopamine,C10H26N3O4,366.21,3.34,703.435,Lipid
Adrenaline,C6H36N3O7,313.99,3.94,858.77,Organic Compound
Caffeine,C9H14N3O4,103.72,8.14,317.812,Alcohol
Caffeine,C15H26N2O10,322.88,N/A,804.609,Amide
Caffeine,C13H22N1O7,839.23,12.05,268.684,Neurotransmitter
Urea,C12H2N5O7,169.19,7.68,922.386,Hormone
Urea,C2H19N2O9,751.05,5.96,192.394,Hormone
Caffeine,C4H22N0O2,470.37,5.69,199.338,Organic Compound
Aspirin,C9H15N5O5,510.34,2.86,538.66,Nucleotide
Ethanol,C20H27N3O10,855.57,N/A,561.29,Lipid
Cholesterol,C13H5N3O4,672.84,4.91,54.099,Alcohol
Serotonin,C13H4N1O9,784.74,5.91,907.842,Alkaloid
Serotonin,C8H20N4O1,826.64,2.42,997.883,Lipid
Glucose,C14H5N2O2,568.27,6.2,673.828,Alkaloid
Ethanol,C18H39N5O7,297.63,10.66,713.002,Alcohol
Glucose,C6H1N3O1,824.7,12.11,52.723,Carbohydrate
Urea,C18H6N1O3,323.01,13.8,574.237,Alkaloid
Cholesterol,C15H9N3O8,161.31,8.46,716.709,Neurotransmitter
Caffeine,C18H35N0O5,963.58,1.49,75.231,Amide
Caffeine,C2H12N2O10,878.51,12.3,433.736,Carbohydrate
Caffeine,C2H28N0O2,642.37,12.8,657.456,Hormone
Serotonin,C19H6N5O2,338.39,6.91,604.287,Carbohydrate
Dopamine,C16H33N5O3,359.99,2.89,621.091,Hormone
Adrenaline,C10H35N1O1,552.61,5.6,37.443,Hormone
Dopamine,C2H9N4O9,317.48,1.11,220.519,Nucleotide
Serotonin,C16H31N2O4,857.71,11.94,401.043,Lipid
Serotonin,C14H17N3O8,707.61,N/A,688.688,Alkaloid
Ethanol,C13H18N1O5,234.66,N/A,621.335,Amide
Cholesterol,C14H21N1O4,890.2,9.89,255.727,Neurotransmitter
Caffeine,C5H23N5O0,832.31,11.65,759.339,Lipid
Dopamine,C13H11N2O5,866.18,5.3,441.582,Alkaloid
Adenosine triphosphate,C17H30N3O1,133.88,5.66,911.474,Alkaloid
Dopamine,C1H31N3O10,349.36,9.39,325.609,Neurotransmitter
Serotonin,C10H9N4O8,872.15,13.41,249.085,Alcohol
Adrenaline,C3H4N3O9,182.75,N/A,233.463,Alcohol
Ethanol,C20H5N4O4,713.27,10.07,824.373,Nucleotide
Serotonin,C2H37N3O2,302.83,6.23,678.48,Amide
Serotonin,C18H17N5O7,167.87,12.55,415.293,Organic Compound
Serotonin,C8H11N0O3,434.06,13.5,645.463,Alcohol
Urea,C7H26N4O4,116.78,6.96,116.128,Carbohydrate
Aspirin,C10H31N0O2,958.91,9.27,112.942,Amide
Dopamine,C6H25N3O4,439.13,4.6,944.55,Hormone
Cholesterol,C16H18N2O1,965.61,12.03,384.15,Organic Compound
Adenosine triphosphate,C10H24N5O1,81.78,8.27,66.346,Lipid
Urea,C6H19N4O2,225.1,12.01,735.565,Organic Compound
Cholesterol,C13H21N3O0,639.36,13.76,645.408,Nucleotide
Serotonin,C5H23N0O7,605.15,8.51,106.019,Alcohol
Ethanol,C7H30N1O1,232.11,N/A,354.411,Lipid
Dopamine,C18H27N3O2,212.48,8.39,960.504,Carbohydrate
Aspirin,C14H26N1O8,62.11,13.64,282.083,Neurotransmitter
Glucose,C14H11N1O6,589.54,2.42,806.935,Carbohydrate
Adrenaline,C6H4N3O1,802.94,12.98,969.243,Hormone
Adenosine triphosphate,C15H19N5O8,304.69,4.96,269.708,Carbohydrate
Ethanol,C9H23N3O5,405.82,5.51,662.344,Amide
Cholesterol,C16H29N2O8,50.27,12.61,329.504,Lipid
Glucose,C11H25N3O8,782.88,8.73,549.592,Nucleotide
Urea,C3H20N1O5,823.2,12.42,374.704,Nucleotide
Dopamine,C19H24N1O0,523.25,2.48,674.683,Hormone
Glucose,C14H32N0O2,553.08,4.76,58.094,Nucleotide
Dopamine,C9H14N4O2,529.38,4.87,132.484,Hormone
Adenosine triphosphate,C1H40N1O2,312.91,3.28,116.328,Hormone
Caffeine,C6H38N3O8,467.89,8.59,726.937,Organic Compound
Ethanol,C17H17N3O4,444.13,5.19,345.112,Amide
Serotonin,C4H11N5O1,125.36,11.23,704.594,Carbohydrate
Adenosine triphosphate,C18H38N2O3,984.8,N/A,598.127,Alkaloid
Ethanol,C5H24N2O8,885.47,7.91,377.04,Organic Compound
Adenosine triphosphate,C14H21N5O9,211.11,8.13,131.324,Alcohol
Dopamine,C6H13N5O5,485.33,1.54,901.815,Lipid
Adrenaline,C12H34N0O9,494.54,12.66,905.518,Alkaloid
Dopamine,C9H34N0O1,506.2,12.47,757.05,Amide
Ethanol,C5H29N5O3,819.59,12.28,484.491,Alkaloid
Aspirin,C16H7N2O4,125.21,4.48,582.753,Hormone
Adenosine triphosphate,C3H10N1O7,236.25,11.9,464.652,Hormone
Dopamine,C1H4N5O9,255.82,1.5,273.308,Neurotransmitter
Dopamine,C10H30N1O8,146.39,11.78,622.038,Nucleotide
Glucose,C9H40N5O10,117.14,2.39,99.323,Neurotransmitter
Aspirin,C2H23N4O3,922.23,10.15,671.413,Lipid
Dopamine,C18H17N0O1,225.93,N/A,175.325,Carbohydrate
Aspirin,C14H13N4O6,613.51,5.51,475.569,Alcohol
Adrenaline,C10H19N0O7,776.21,7.33,214.848,Alcohol
Ethanol,C12H34N4O6,557.79,2.95,689.972,Alcohol
Caffeine,C13H29N1O9,700.42,N/A,685.947,Hormone
Adrenaline,C7H36N0O7,910.67,N/A,719.902,Carbohydrate
Glucose,C9H35N2O0,681.53,7.45,693.344,Organic Compound
Cholesterol,C10H17N1O0,199.35,5.73,835.33,Amide
Caffeine,C9H25N5O10,437.38,6.68,106.978,Neurotransmitter
Adrenaline,C12H26N2O4,834.1,12.38,475.839,Nucleotide
Cholesterol,C17H38N2O3,521.27,11.79,990.006,Alkaloid
Glucose,C7H33N1O10,350.43,3.58,886.651,Lipid
Adenosine triphosphate,C8H9N3O3,455.09,11.08,357.775,Nucleotide
Aspirin,C3H40N0O0,321.61,13.95,233.281,Organic Compound
Cholesterol,C5H38N2O3,990.21,6.08,592.67,Organic Compound
Urea,C17H3N2O4,62.14,9.42,190.027,Nucleotide
Ethanol,C20H38N2O1,503.27,N/A,749.92,Alkaloid
Adenosine triphosphate,C12H32N3O3,832.17,N/A,871.283,Organic Compound
Dopamine,C18H10N5O5,109.23,N/A,890.229,Neurotransmitter
Cholesterol,C6H2N3O3,824.83,N/A,149.736,Hormone
Ethanol,C2H16N4O1,777.4,11.97,607.091,Lipid
Ethanol,C20H5N1O10,526.17,8.19,312.05,Carbohydrate
Urea,C8H23N5O6,208.12,5.28,941.276,Nucleotide
Caffeine,C19H1N3O5,402.19,9.44,890.803,Hormone
Cholesterol,C14H28N3O2,594.56,N/A,640.356,Hormone
Serotonin,C13H18N3O2,811.87,10.64,936.091,Alkaloid
Glucose,C7H2N5O8,272.7,1.83,645.034,Alkaloid
Caffeine,C8H37N5O4,521.61,12.48,322.568,Alcohol
Ethanol,C19H12N2O10,536.29,N/A,287.576,Amide
Dopamine,C4H2N0O3,249.26,3.81,489.281,Alkaloid
Adenosine triphosphate,C1H25N5O7,895.72,N/A,128.486,Alcohol
Dopamine,C7H35N3O8,451.71,5.36,530.161,Organic Compound
Glucose,C19H30N2O7,528.46,10.81,720.991,Neurotransmitter
Glucose,C9H2N0O9,251.53,11.52,899.482,Hormone
Aspirin,C15H35N1O9,580.85,11.41,516.674,Neurotransmitter
Adrenaline,C3H29N4O7,615.14,11.86,510.546,Organic Compound
Caffeine,C9H32N1O4,451.67,8.69,697.017,Alkaloid
Adrenaline,C8H4N2O8,547.68,11.43,492.417,Neurotransmitter
Aspirin,C5H10N5O7,360.39,7.62,701.454,Amide
Ethanol,C7H24N1O2,724.29,10.06,622.554,Amide
Adenosine triphosphate,C8H20N4O6,677.28,4.03,859.573,Amide
Cholesterol,C15H29N4O7,327.24,9.95,653.83,Organic Compound
Urea,C5H15N5O0,988.51,2.97,566.964,Carbohydrate
Aspirin,C9H11N4O5,946.89,11.86,220.476,Carbohydrate
Dopamine,C4H14N0O5,237.62,9.87,217.172,Lipid
Dopamine,C6H34N4O5,203.53,N/A,329.463,Nucleotide
Caffeine,C4H33N0O6,955.82,5.21,796.053,Organic Compound
Adenosine triphosphate,C4H12N4O2,784.42,3.59,372.763,Alkaloid
Ethanol,C14H26N3O3,872.72,6.9,497.668,Organic Compound
Dopamine,C1H36N3O0,444.27,11.37,386.031,Lipid
Cholesterol,C10H33N3O1,660.7,13.16,38.405,Organic Compound
Cholesterol,C10H34N0O4,831.36,7.15,961.291,Organic Compound
Adrenaline,C18H3N5O8,536.36,5.24,819.308,Amide
Glucose,C18H32N4O2,772.54,1.84,781.557,Organic Compound
Urea,C1H9N3O6,431.11,6.09,476.418,Alkaloid
Serotonin,C10H4N4O6,324.24,3.3,776.676,Hormone
Cholesterol,C17H6N3O8,753.28,N/A,865.918,Hormone
Urea,C19H11N5O9,599.38,12.61,882.279,Hormone
Cholesterol,C1H22N2O0,250.38,N/A,649.642,Alkaloid
Adenosine triphosphate,C2H6N5O3,335.29,6.09,836.7,Amide
Urea,C20H33N4O8,53.13,N/A,510.733,Lipid
Serotonin,C2H21N0O7,495.36,N/A,610.151,Alkaloid
Cholesterol,C10H27N0O8,396.25,13.28,796.873,Alkaloid
Glucose,C2H15N2O0,475.04,N/A,239.124,Hormone
Cholesterol,C17H22N4O8,281.43,1.85,561.857,Amide
Dopamine,C7H40N0O4,564.39,13.44,972.012,Carbohydrate
Glucose,C3H12N5O2,151.03,11.48,581.608,Alcohol
Adenosine triphosphate,C19H17N2O4,108.14,6.68,534.74,Neurotransmitter
Ethanol,C20H37N0O10,714.0,5.59,840.954,Alkaloid
Adrenaline,C2H19N1O0,156.25,9.34,245.884,Carbohydrate
Adenosine triphosphate,C5H23N0O8,959.26,11.67,122.66,Lipid
Caffeine,C13H17N0O10,542.03,6.58,784.78,Neurotransmitter
Adenosine triphosphate,C10H3N2O1,159.55,3.67,436.121,Carbohydrate
Dopamine,C18H20N0O6,281.75,6.77,815.596,Amide
Serotonin,C15H17N3O6,268.85,7.79,263.896,Alcohol
Glucose,C19H30N0O6,367.4,N/A,320.005,Hormone
Serotonin,C7H39N0O5,803.27,N/A,806.388,Neurotransmitter
Aspirin,C14H33N3O3,150.96,N/A,66.28,Lipid
Urea,C17H8N5O6,703.84,N/A,857.226,Organic Compound
Ethanol,C16H33N5O3,586.03,9.02,443.946,Alkaloid
Adenosine triphosphate,C3H27N2O2,967.39,6.65,293.681,Alkaloid
Urea,C19H35N4O0,194.36,4.71,726.079,Hormone
Adrenaline,C9H15N4O1,972.8,3.98,81.347,Alcohol
Adrenaline,C19H39N0O0,549.34,N/A,925.425,Organic Compound
Aspirin,C15H28N3O2,821.26,4.47,818.772,Carbohydrate
Adenosine triphosphate,C18H37N2O6,91.03,9.51,401.014,Hormone
Cholesterol,C13H36N1O7,931.53,8.95,673.77,Lipid
Adrenaline,C9H26N4O2,763.67,7.92,216.483,Hormone
Glucose,C18H29N1O9,953.1,8.49,296.226,Nucleotide
Caffeine,C6H26N0O0,742.76,11.9,288.637,Organic Compound
Glucose,C4H6N1O7,688.17,6.63,881.452,Alkaloid
Urea,C9H32N4O2,757.71,N/A,762.101,Nucleotide
Ethanol,C5H37N0O10,850.79,1.06,461.209,Alkaloid
Cholesterol,C5H21N5O5,725.78,11.72,469.89,Alcohol
Cholesterol,C8H29N2O1,344.07,7.62,382.944,Organic Compound
Urea,C13H28N0O2,323.17,13.12,407.501,Amide
Urea,C8H6N4O7,887.72,N/A,95.824,Hormone
Serotonin,C1H11N4O10,440.65,N/A,403.119,Hormone
Adrenaline,C13H6N4O3,120.05,2.83,894.789,Amide
Caffeine,C6H39N0O10,917.53,5.14,171.773,Lipid
Ethanol,C4H3N2O10,761.24,1.89,671.075,Neurotransmitter
Aspirin,C5H13N2O4,238.46,3.02,260.575,Amide
Urea,C5H23N3O9,940.83,8.91,269.724,Alcohol
Glucose,C19H5N1O5,96.43,11.68,957.462,Organic Compound
Ethanol,C18H11N0O1,632.7,13.1,339.246,Nucleotide
Adenosine triphosphate,C13H31N2O6,971.3,N/A,426.774,Alkaloid
Cholesterol,C2H36N5O1,161.25,N/A,919.914,Nucleotide
Caffeine,C10H29N3O8,87.01,N/A,20.195,Alkaloid
Glucose,C8H14N5O6,846.09,13.28,176.667,Nucleotide
Serotonin,C12H11N5O9,252.8,9.72,192.104,Alcohol
Adenosine triphosphate,C7H17N5O8,855.5,5.33,365.181,Carbohydrate
Adrenaline,C8H32N2O6,682.6,9.9,52.323,Organic Compound
Adrenaline,C1H11N3O1,674.73,10.29,590.006,Alkaloid
Adrenaline,C19H4N1O9,634.36,N/A,734.902,Alcohol
Ethanol,C8H16N5O1,150.36,2.65,862.495,Nucleotide
Aspirin,C11H39N2O7,323.38,4.68,187.511,Alcohol
Cholesterol,C7H23N1O5,722.96,3.79,682.777,Nucleotide
Glucose,C17H32N0O2,557.56,6.93,358.684,Lipid
Caffeine,C7H21N0O0,198.67,7.07,514.95,Nucleotide
Aspirin,C12H4N1O4,804.77,N/A,676.974,Organic Compound
Adenosine triphosphate,C4H26N0O1,421.32,11.9,310.518,Carbohydrate
Caffeine,C10H27N5O2,580.05,6.29,559.02,Nucleotide
Adenosine triphosphate,C1H19N4O8,955.98,7.73,642.945,Alkaloid
Serotonin,C9H2N2O4,712.39,2.41,808.278,Lipid
Aspirin,C17H8N3O1,770.85,12.22,111.698,Alcohol
Adrenaline,C14H6N5O8,229.34,1.05,812.776,Nucleotide
Aspirin,C5H8N0O9,405.09,3.57,75.755,Lipid
Dopamine,C14H3N0O7,755.74,1.95,977.239,Alkaloid
Aspirin,C3H11N1O3,860.48,11.11,676.587,Amide
Dopamine,C14H25N1O10,682.68,N/A,355.995,Neurotransmitter
Glucose,C8H1N4O8,946.14,10.75,777.973,Organic Compound
Serotonin,C9H18N5O2,660.15,8.78,672.905,Carbohydrate
Ethanol,C3H24N0O7,388.11,N/A,821.981,Alcohol
Cholesterol,C19H16N1O2,652.15,N/A,886.614,Neurotransmitter
Serotonin,C8H22N2O10,215.46,8.14,660.366,Carbohydrate
Caffeine,C13H18N5O4,846.36,3.63,550.322,Alkaloid
Dopamine,C5H4N2O3,670.27,5.16,475.972,Neurotransmitter
Dopamine,C1H14N3O4,709.98,4.28,26.918,Neurotransmitter
Caffeine,C12H30N4O1,366.79,9.07,768.919,Lipid
Dopamine,C9H19N5O1,728.08,3.39,524.332,Neurotransmitter
Aspirin,C6H1N3O1,744.92,3.74,274.955,Amide
Caffeine,C16H33N3O1,592.26,N/A,80.78,Alcohol
Adrenaline,C3H34N0O2,746.71,3.76,933.474,Lipid
Serotonin,C5H22N0O1,273.76,8.69,304.774,Alkaloid
Adrenaline,C17H38N5O9,769.57,7.45,88.894,Nucleotide
Caffeine,C13H15N3O7,222.65,13.41,545.153,Carbohydrate
Ethanol,C17H39N2O2,920.83,6.97,56.833,Nucleotide
Caffeine,C10H30N5O7,422.64,N/A,751.675,Amide
Aspirin,C17H16N1O10,907.8,13.72,579.995,Alkaloid
Urea,C14H23N3O1,384.44,1.29,65.151,Alkaloid
Serotonin,C14H37N4O10,249.25,N/A,973.212,Carbohydrate
Glucose,C6H1N5O2,251.0,2.31,382.155,Organic Compound
Glucose,C3H36N0O10,861.95,N/A,78.986,Alcohol
Urea,C6H40N3O3,658.03,11.91,226.032,Alcohol
Adrenaline,C20H30N4O4,489.52,1.85,726.989,Neurotransmitter
Adenosine triphosphate,C5H17N5O2,835.33,N/A,778.643,Hormone
Adenosine triphosphate,C20H21N4O2,318.1,11.51,681.613,Hormone
Dopamine,C12H4N3O3,542.58,N/A,454.91,Hormone
Aspirin,C1H37N0O5,630.37,4.36,219.977,Lipid
Cholesterol,C12H30N3O1,374.69,13.88,711.602,Hormone
Aspirin,C15H5N5O9,835.66,12.91,316.523,Amide
Adenosine triphosphate,C1H5N1O5,622.9,7.14,897.768,Organic Compound
Serotonin,C7H30N0O5,735.47,7.92,937.213,Alkaloid
Serotonin,C6H37N4O6,547.38,11.46,780.821,Nucleotide
Serotonin,C2H11N2O9,771.81,6.23,864.024,Lipid
Dopamine,C8H8N0O6,364.92,4.26,63.692,Organic Compound
Glucose,C18H29N1O8,360.81,N/A,565.689,Neurotransmitter
Aspirin,C2H19N2O2,429.99,13.69,292.73,Amide
Adenosine triphosphate,C20H13N2O3,723.62,3.82,828.635,Alkaloid
Adrenaline,C13H35N1O10,689.48,2.48,301.959,Carbohydrate
Adenosine triphosphate,C6H27N0O8,419.0,12.87,552.36,Neurotransmitter
Glucose,C3H7N5O10,397.8,4.11,756.529,Alkaloid
Dopamine,C17H33N5O1,232.85,4.82,695.791,Neurotransmitter
Urea,C3H3N1O2,983.7,N/A,45.216,Organic Compound
Adenosine triphosphate,C2H27N5O5,499.86,N/A,526.663,Carbohydrate
Urea,C6H30N3O10,401.02,3.39,95.877,Alkaloid
Adenosine triphosphate,C3H25N4O10,438.89,N/A,419.99,Lipid
Ethanol,C4H26N5O9,238.54,13.48,241.315,Amide
Glucose,C4H21N1O7,120.45,11.35,969.502,Organic Compound
Adenosine triphosphate,C14H18N1O5,196.24,N/A,693.823,Amide
Adenosine triphosphate,C3H31N5O7,369.3,1.1,26.281,Amide
Urea,C17H21N3O1,229.92,9.87,786.683,Nucleotide
Dopamine,C9H24N2O7,580.52,N/A,718.049,Alcohol
Glucose,C18H5N1O6,991.07,12.2,784.378,Carbohydrate
Cholesterol,C12H31N2O7,404.92,4.62,155.553,Organic Compound
Glucose,C9H17N4O7,177.38,N/A,268.269,Nucleotide
Adrenaline,C17H5N0O6,743.23,N/A,970.469,Organic Compound
Cholesterol,C14H34N2O6,210.09,4.72,107.014,Alcohol
Aspirin,C7H21N0O6,643.46,13.63,976.788,Hormone
Aspirin,C6H40N4O6,273.64,10.74,30.226,Hormone
Urea,C14H39N2O6,126.23,11.28,761.353,Hormone
Adenosine triphosphate,C20H40N2O5,139.48,N/A,664.537,Amide
Caffeine,C16H10N3O5,225.59,8.46,265.353,Organic Compound
Urea,C10H28N3O4,711.56,12.78,824.545,Carbohydrate
Dopamine,C20H10N5O7,512.7,N/A,692.685,Alcohol
Caffeine,C1H15N1O1,310.01,5.0,775.128,Alcohol
Adrenaline,C12H10N1O10,410.65,N/A,275.168,Organic Compound
Adenosine triphosphate,C18H3N1O1,417.54,5.33,714.973,Neurotransmitter
Ethanol,C18H29N4O7,628.38,12.79,244.393,Amide
Glucose,C7H37N4O1,202.42,1.06,843.248,Nucleotide
Dopamine,C13H1N5O0,723.63,6.67,801.953,Carbohydrate
Glucose,C10H31N4O8,723.37,12.85,319.434,Nucleotide
Caffeine,C8H17N0O2,475.96,10.27,609.963,Hormone
Glucose,C15H32N4O7,619.22,4.07,324.059,Carbohydrate
Ethanol,C5H13N0O2,701.42,1.43,243.304,Alkaloid
Aspirin,C16H25N2O6,766.92,4.48,864.98,Lipid
Caffeine,C4H39N0O9,352.57,N/A,74.741,Organic Compound
Aspirin,C16H1N2O5,418.0,7.38,877.537,Alcohol
Adenosine triphosphate,C14H16N1O5,74.8,1.54,967.486,Nucleotide
Dopamine,C19H25N2O0,751.58,N/A,86.901,Lipid
Dopamine,C15H30N0O8,177.98,12.7,609.627,Neurotransmitter
Ethanol,C18H38N4O7,270.5,7.87,178.915,Carbohydrate
Ethanol,C8H25N3O1,88.67,7.4,112.775,Neurotransmitter
Adenosine triphosphate,C18H30N4O2,515.58,7.24,249.862,Hormone
Adenosine triphosphate,C4H19N4O1,924.32,9.7,133.05,Organic Compound
Caffeine,C14H20N2O3,630.81,N/A,685.401,Alkaloid
Aspirin,C10H24N0O2,877.75,1.66,643.998,Organic Compound
Dopamine,C17H40N4O1,336.54,2.13,17.288,Alcohol
Ethanol,C2H33N2O7,978.41,6.12,897.767,Alcohol
Aspirin,C19H12N3O7,717.21,6.81,633.363,Alcohol
Cholesterol,C10H26N1O10,898.19,5.05,264.13,Alcohol
Serotonin,C5H3N4O2,735.43,6.33,982.563,Hormone
Dopamine,C7H37N3O10,802.73,9.37,431.301,Carbohydrate
Adenosine triphosphate,C2H9N1O5,719.56,4.78,79.333,Nucleotide
Dopamine,C14H18N2O3,839.14,10.12,460.15,Nucleotide
Caffeine,C18H6N5O4,58.02,1.12,575.054,Carbohydrate
Adrenaline,C2H6N4O3,480.61,5.52,753.077,Neurotransmitter
Adenosine triphosphate,C19H10N2O5,433.52,10.79,460.707,Alcohol
Adrenaline,C18H24N4O8,768.93,N/A,498.341,Neurotransmitter
Cholesterol,C7H3N0O4,845.1,N/A,438.874,Amide
Serotonin,C7H11N5O6,684.93,5.51,954.373,Alkaloid
Adrenaline,C18H17N4O1,229.64,N/A,887.595,Neurotransmitter
Ethanol,C8H37N4O2,485.65,11.26,883.455,Alcohol
Cholesterol,C17H22N5O0,285.22,2.12,227.588,Neurotransmitter
Adenosine triphosphate,C1H21N1O10,139.02,1.24,133.24,Organic Compound
Glucose,C13H38N5O1,516.02,N/A,481.968,Carbohydrate
Ethanol,C15H31N4O9,821.84,1.3,531.659,Carbohydrate
Cholesterol,C14H4N3O4,251.96,4.49,548.119,Alkaloid
Adenosine triphosphate,C20H23N3O3,342.84,N/A,87.88,Alcohol
Glucose,C6H18N1O0,946.89,4.84,510.626,Alcohol
Caffeine,C19H3N2O9,515.15,12.46,270.261,Carbohydrate
Glucose,C9H20N5O4,104.02,N/A,558.658,Alkaloid
Aspirin,C18H10N4O4,90.14,N/A,325.426,Neurotransmitter
Glucose,C1H24N4O1,291.42,13.79,170.559,Organic Compound
Urea,C13H28N2O6,79.09,13.57,950.283,Carbohydrate
Serotonin,C4H10N0O1,390.93,11.38,69.033,Hormone
Serotonin,C16H7N4O9,197.88,N/A,532.624,Nucleotide
Glucose,C11H36N3O7,264.37,12.55,600.057,Hormone
Serotonin,C7H6N2O5,246.09,8.88,312.525,Neurotransmitter
Adenosine triphosphate,C19H28N5O1,432.28,N/A,343.108,Alkaloid
Glucose,C9H15N0O0,288.49,2.63,819.315,Lipid
Glucose,C7H11N0O2,285.23,3.84,311.491,Neurotransmitter
Adrenaline,C12H12N5O4,332.95,11.57,258.013,Alcohol
Ethanol,C7H16N0O3,504.14,7.78,596.068,Neurotransmitter
Ethanol,C3H40N4O7,244.61,N/A,65.808,Nucleotide
Dopamine,C7H4N5O10,220.18,5.88,927.993,Alkaloid
Caffeine,C14H19N2O10,647.88,2.21,153.728,Lipid
Glucose,C16H23N4O7,337.84,11.48,64.217,Neurotransmitter
Caffeine,C17H22N5O6,158.08,6.32,808.091,Neurotransmitter
Aspirin,C14H37N1O7,221.4,4.88,84.767,Hormone
Aspirin,C9H40N3O4,557.33,7.62,437.824,Amide
Serotonin,C9H32N5O6,530.33,12.86,663.276,Hormone
Serotonin,C16H37N3O2,660.57,3.09,998.924,Organic Compound
Ethanol,C9H36N1O1,209.77,12.18,797.695,Amide
Adenosine triphosphate,C18H40N3O5,934.51,4.2,173.689,Lipid
Urea,C19H37N5O6,657.33,10.68,498.632,Organic Compound
Dopamine,C10H31N0O8,533.93,13.98,348.855,Alcohol
Dopamine,C10H25N0O3,353.41,N/A,811.187,Hormone
Adrenaline,C20H20N0O6,265.9,N/A,28.64,Alkaloid
Urea,C12H24N2O8,670.72,10.16,790.5,Nucleotide
Urea,C20H25N3O0,358.54,10.05,804.963,Organic Compound
Cholesterol,C15H14N4O8,882.94,N/A,457.596,Alcohol
Cholesterol,C18H34N5O8,288.71,N/A,607.955,Neurotransmitter
Urea,C9H38N3O4,139.26,6.6,643.922,Hormone
Adrenaline,C10H1N0O9,967.01,N/A,975.905,Amide
Ethanol,C11H22N2O8,940.72,6.85,847.299,Alcohol
Aspirin,C5H12N4O2,522.64,12.48,272.983,Lipid
Adenosine triphosphate,C6H2N3O2,271.77,N/A,810.893,Amide
Serotonin,C4H24N3O6,886.82,12.97,93.22,Alkaloid
Dopamine,C20H2N3O6,860.54,10.22,35.009,Lipid
Caffeine,C7H7N4O9,249.58,6.48,232.18,Alkaloid
Glucose,C10H19N0O10,839.01,5.63,355.758,Neurotransmitter
Urea,C14H27N5O10,286.82,9.62,75.832,Alcohol
Aspirin,C14H9N4O6,416.96,5.63,713.558,Alcohol
Adrenaline,C15H9N5O1,427.19,9.89,796.793,Alcohol
Ethanol,C12H4N0O7,867.98,11.46,560.908,Lipid
Adenosine triphosphate,C19H29N4O5,83.81,10.13,923.713,Alkaloid
Caffeine,C11H20N2O10,420.87,3.56,500.639,Nucleotide
Ethanol,C20H26N0O2,952.23,4.04,868.406,Organic Compound
Cholesterol,C15H11N0O9,224.6,4.7,573.18,Lipid
Urea,C11H28N1O3,928.22,13.22,546.396,Amide
Dopamine,C7H13N0O8,264.99,7.96,968.678,Alkaloid
Cholesterol,C6H5N2O1,393.04,4.71,50.807,Nucleotide
Cholesterol,C4H38N1O9,680.74,11.26,773.112,Amide
Glucose,C17H21N3O8,627.87,1.93,530.981,Alcohol
Dopamine,C17H8N5O9,782.6,11.16,387.416,Hormone
Aspirin,C3H36N0O5,848.4,5.98,553.19,Amide
Adenosine triphosphate,C12H4N2O4,252.85,12.53,781.733,Organic Compound
Dopamine,C2H40N0O4,241.2,N/A,265.552,Neurotransmitter
Cholesterol,C15H1N0O3,416.85,N/A,326.146,Alkaloid
Caffeine,C8H28N1O2,265.73,N/A,583.694,Amide
Serotonin,C3H22N2O10,373.84,N/A,541.469,Carbohydrate
Cholesterol,C10H5N4O4,955.46,N/A,277.137,Lipid
Aspirin,C15H25N5O9,176.75,N/A,257.203,Nucleotide
Cholesterol,C3H16N4O4,455.48,9.78,239.895,Alkaloid
Dopamine,C2H25N1O10,581.03,7.2,843.367,Nucleotide
Aspirin,C16H12N5O4,395.83,9.78,50.779,Amide
Adrenaline,C10H4N0O6,348.8,7.61,44.213,Lipid
Adrenaline,C13H36N4O8,214.75,13.8,94.759,Hormone
Adrenaline,C8H29N3O0,907.58,4.46,548.916,Amide
Aspirin,C10H15N3O3,380.01,4.02,747.741,Carbohydrate
Caffeine,C4H35N1O6,159.93,1.37,383.179,Lipid
Ethanol,C15H14N2O9,137.38,5.66,580.387,Carbohydrate
Adenosine triphosphate,C13H35N1O4,64.49,10.6,100.213,Amide
Aspirin,C5H9N3O5,385.44,8.72,945.522,Alcohol
Caffeine,C14H2N0O6,258.42,N/A,48.008,Neurotransmitter
Ethanol,C11H38N0O8,869.4,10.04,692.546,Alkaloid
Adenosine triphosphate,C12H38N3O1,601.45,10.86,571.837,Neurotransmitter
Adenosine triphosphate,C6H23N4O4,481.62,5.6,630.865,Amide
Urea,C9H27N5O0,143.69,3.71,616.422,Nucleotide
Adenosine triphosphate,C9H3N3O8,407.41,N/A,90.625,Amide
Aspirin,C9H20N0O6,296.5,9.66,891.773,Carbohydrate
Adrenaline,C6H38N4O0,747.55,9.13,729.704,Organic Compound
Serotonin,C17H7N1O4,750.14,N/A,148.687,Amide
Adenosine triphosphate,C10H12N2O0,73.9,N/A,457.77,Amide
Adenosine triphosphate,C15H28N0O3,868.76,N/A,692.125,Neurotransmitter
Glucose,C4H3N1O5,226.72,2.4,298.332,Organic Compound
Urea,C8H31N1O10,709.52,12.82,761.321,Carbohydrate
Aspirin,C10H22N0O4,381.17,N/A,454.729,Hormone
Adenosine triphosphate,C20H21N3O1,837.02,2.29,566.557,Lipid
Dopamine,C13H34N1O7,523.32,N/A,654.173,Lipid
Aspirin,C4H11N3O3,667.9,3.37,127.759,Amide
Dopamine,C6H27N0O10,662.5,2.12,713.323,Carbohydrate
Serotonin,C7H11N3O10,428.16,N/A,613.802,Alcohol
Cholesterol,C15H29N0O8,498.87,13.56,739.636,Carbohydrate
Cholesterol,C12H26N1O6,636.63,3.51,142.125,Lipid
Serotonin,C1H34N4O6,161.24,2.33,702.23,Lipid
Dopamine,C20H8N2O10,611.3,6.51,594.685,Alcohol
Aspirin,C9H26N1O1,506.93,6.24,945.997,Nucleotide
Cholesterol,C14H40N5O1,332.44,N/A,866.52,Hormone
Adenosine triphosphate,C13H4N4O4,812.7,9.88,181.127,Nucleotide
Urea,C15H20N5O7,101.6,8.18,955.43,Alcohol
Cholesterol,C20H27N4O1,950.09,7.76,266.249,Nucleotide
Adenosine triphosphate,C13H33N4O0,717.52,6.69,732.06,Amide
Caffeine,C4H18N3O9,87.15,5.94,819.806,Alkaloid
Serotonin,C3H18N3O7,247.31,2.83,544.69,Nucleotide
Caffeine,C6H6N5O7,795.0,12.65,786.63,Alkaloid
Urea,C11H7N3O4,178.52,9.13,381.551,Organic Compound
Dopamine,C1H9N2O4,883.99,4.5,975.106,Alcohol
Caffeine,C11H11N4O7,336.14,N/A,960.087,Neurotransmitter
Caffeine,C16H32N2O0,440.99,1.72,743.493,Neurotransmitter
Urea,C6H38N0O0,967.41,N/A,514.104,Alkaloid
Ethanol,C6H15N3O3,600.19,5.44,708.708,Neurotransmitter
Aspirin,C18H31N3O8,139.49,9.62,184.118,Lipid
Dopamine,C16H34N2O8,263.39,5.28,122.722,Nucleotide
Cholesterol,C2H23N4O9,468.19,3.03,215.028,Carbohydrate
Aspirin,C20H8N0O1,958.95,10.32,363.89,Lipid
Urea,C10H13N3O9,107.36,5.3,754.891,Lipid
Cholesterol,C18H3N4O5,155.78,5.69,630.5,Organic Compound
Adenosine triphosphate,C6H1N2O2,207.87,5.2,395.966,Hormone
Adrenaline,C7H10N1O1,53.27,3.64,565.288,Nucleotide
Adrenaline,C11H40N2O10,587.67,N/A,532.009,Alcohol
Aspirin,C3H27N5O4,885.46,8.63,915.13,Amide
Glucose,C15H39N0O2,410.87,12.63,884.957,Carbohydrate
Dopamine,C12H25N2O6,282.17,6.74,510.207,Neurotransmitter
Dopamine,C12H37N4O6,728.79,11.71,168.143,Carbohydrate
Adenosine triphosphate,C3H7N4O4,235.55,9.38,276.444,Organic Compound
Aspirin,C9H35N3O0,904.94,1.72,7.194,Alkaloid
Aspirin,C6H21N0O5,587.23,11.58,363.88,Alcohol
Caffeine,C13H35N0O6,682.77,3.1,501.31,Carbohydrate
Adrenaline,C9H4N5O7,875.26,7.26,377.838,Alkaloid
Ethanol,C12H27N2O3,413.66,3.18,809.102,Nucleotide
Adrenaline,C14H30N0O4,865.56,13.39,665.755,Amide
Glucose,C14H12N3O10,961.54,3.89,212.638,Amide
Ethanol,C5H12N3O2,380.68,9.84,516.892,Carbohydrate
Caffeine,C13H14N3O9,494.14,5.18,250.277,Alcohol
Dopamine,C11H4N3O6,50.02,N/A,441.177,Organic Compound
Dopamine,C12H9N0O10,483.05,3.17,648.672,Organic Compound
Serotonin,C8H12N2O4,203.17,9.01,648.962,Amide
Dopamine,C2H31N5O10,659.31,6.79,341.712,Nucleotide
Glucose,C13H20N1O3,983.75,10.23,557.576,Carbohydrate
Adrenaline,C14H26N4O0,166.74,N/A,610.671,Organic Compound
Adenosine triphosphate,C14H26N3O9,105.79,5.21,227.74,Hormone
Adrenaline,C13H31N5O6,403.38,N/A,603.9,Organic Compound
Dopamine,C9H11N2O10,206.7,1.4,26.535,Amide
Urea,C8H29N3O8,849.93,10.88,438.978,Amide
Glucose,C10H36N1O0,400.82,13.92,137.909,Hormone
Serotonin,C14H11N4O2,895.62,7.89,223.27,Lipid
Cholesterol,C6H20N2O7,281.66,8.52,521.744,Organic Compound
Glucose,C4H30N5O1,165.03,2.09,16.346,Amide
Serotonin,C6H11N5O2,793.35,12.33,945.038,Alkaloid
Cholesterol,C8H21N5O6,736.08,3.6,85.488,Alcohol
Cholesterol,C16H1N0O8,599.88,4.24,193.218,Alkaloid
Aspirin,C12H21N1O5,779.95,1.37,378.261,Hormone
Urea,C16H5N3O7,236.81,11.06,279.899,Alkaloid
Adrenaline,C3H4N1O9,844.82,7.9,730.549,Carbohydrate
Caffeine,C7H35N1O3,171.94,7.75,544.071,Amide
Cholesterol,C6H30N4O10,69.75,5.45,671.602,Organic Compound
Cholesterol,C3H5N5O1,545.66,11.25,861.213,Lipid
Glucose,C20H4N4O8,475.59,13.93,436.795,Organic Compound
Aspirin,C12H4N3O1,484.85,8.91,969.871,Alcohol
Adrenaline,C9H25N2O3,895.7,N/A,624.615,Lipid
Dopamine,C2H20N0O4,245.27,2.18,164.763,Neurotransmitter
Cholesterol,C14H30N0O4,167.05,N/A,598.712,Neurotransmitter
Caffeine,C17H15N2O8,782.07,9.63,890.173,Alcohol
Dopamine,C10H9N0O9,131.39,N/A,952.295,Carbohydrate
Dopamine,C19H29N0O2,248.02,5.74,19.413,Hormone
Serotonin,C13H16N4O7,153.94,2.0,871.362,Carbohydrate
Urea,C8H29N4O9,264.57,N/A,491.805,Amide
Serotonin,C15H29N4O7,83.22,9.67,370.882,Amide
Urea,C7H10N5O3,57.76,11.19,497.263,Amide
Ethanol,C8H11N1O2,136.21,N/A,556.45,Neurotransmitter
Glucose,C11H20N2O3,779.64,N/A,994.973,Hormone
Cholesterol,C13H12N5O6,288.7,1.21,101.783,Neurotransmitter
Glucose,C12H10N2O8,565.96,8.54,877.235,Lipid
Cholesterol,C13H34N5O6,222.12,N/A,338.549,Organic Compound
Glucose,C16H11N0O8,260.15,4.31,58.818,Organic Compound
Dopamine,C5H13N3O7,256.36,N/A,597.707,Lipid
Dopamine,C1H23N1O0,350.06,N/A,116.578,Organic Compound
Ethanol,C2H23N5O5,437.35,13.85,579.738,Organic Compound
Glucose,C9H29N0O10,585.8,11.87,660.296,Carbohydrate
Cholesterol,C19H39N1O2,914.54,11.15,349.921,Alcohol
Cholesterol,C20H10N1O5,853.2,1.28,314.924,Nucleotide
Caffeine,C9H1N5O6,791.69,9.32,694.163,Alcohol
Adrenaline,C11H14N4O7,370.8,12.83,169.901,Hormone
Adrenaline,C4H40N2O8,233.27,N/A,654.927,Nucleotide
Glucose,C15H26N2O6,758.66,1.09,84.153,Lipid
Urea,C16H26N1O3,455.94,10.25,884.381,Nucleotide
Urea,C8H14N3O3,477.19,10.71,75.534,Alcohol
Aspirin,C14H4N3O7,106.8,6.33,292.69,Lipid
Cholesterol,C8H16N4O5,66.04,N/A,81.107,Amide
Aspirin,C2H31N4O4,378.95,2.57,70.626,Alkaloid
Adrenaline,C8H5N4O3,973.67,3.4,840.875,Lipid
Caffeine,C5H35N2O0,103.04,N/A,439.419,Amide
Adenosine triphosphate,C9H3N2O9,782.17,5.41,149.254,Alkaloid
Dopamine,C1H22N3O6,205.18,2.4,34.404,Alcohol
Adenosine triphosphate,C8H36N2O2,96.88,2.11,747.513,Amide
Aspirin,C5H8N1O4,738.06,12.16,65.779,Nucleotide
Urea,C16H8N2O1,732.22,4.56,327.64,Hormone
Caffeine,C15H9N4O10,976.02,9.06,387.927,Amide
Caffeine,C13H23N1O0,353.94,4.18,426.427,Alkaloid
Glucose,C1H8N5O2,614.81,10.58,315.694,Amide
Adrenaline,C12H5N0O6,689.24,9.49,371.197,Lipid
Aspirin,C8H34N0O6,931.19,N/A,952.975,Lipid
Cholesterol,C10H27N2O9,832.08,9.09,638.456,Alcohol
Adenosine triphosphate,C18H3N5O6,795.56,2.57,70.642,Lipid
Caffeine,C4H3N1O2,368.81,5.34,428.028,Neurotransmitter
Aspirin,C1H14N0O8,686.95,2.0,696.4,Alkaloid
Serotonin,C19H37N4O6,629.29,N/A,502.462,Hormone
Dopamine,C3H36N0O8,375.36,N/A,227.879,Alcohol
Aspirin,C11H28N2O3,98.0,13.53,992.866,Alcohol
Dopamine,C4H26N3O5,424.19,9.06,263.267,Alcohol
Ethanol,C4H36N5O10,715.78,11.18,520.818,Neurotransmitter
Serotonin,C8H26N2O9,522.2,N/A,186.049,Carbohydrate
Caffeine,C1H31N0O0,823.17,3.74,542.307,Alcohol
Adrenaline,C10H35N0O3,497.41,7.16,564.352,Lipid
Cholesterol,C6H37N1O7,931.24,13.92,808.795,Lipid
Aspirin,C13H21N5O3,475.94,4.66,906.808,Alcohol
Adrenaline,C2H31N3O9,737.15,N/A,174.902,Hormone
Glucose,C12H18N0O8,199.38,N/A,914.848,Organic Compound
Adrenaline,C8H20N1O9,587.73,4.38,572.851,Amide
Cholesterol,C6H2N3O8,774.18,8.64,877.507,Organic Compound
Cholesterol,C18H19N2O5,517.28,N/A,965.81,Amide
Glucose,C3H37N2O4,871.88,N/A,332.072,Alcohol
Caffeine,C4H16N2O2,246.86,13.3,654.863,Carbohydrate
Adrenaline,C11H39N3O1,802.96,10.98,664.967,Lipid
Adrenaline,C20H38N1O10,875.42,N/A,385.264,Hormone
Aspirin,C19H23N5O0,390.49,N/A,549.553,Lipid
Cholesterol,C11H38N5O10,117.29,5.78,892.023,Hormone
Serotonin,C17H30N1O10,241.7,5.04,997.356,Nucleotide
Adenosine triphosphate,C3H12N1O6,772.71,1.2,511.702,Nucleotide
Urea,C6H23N1O9,133.66,5.05,831.315,Alkaloid
Serotonin,C5H29N2O7,757.14,N/A,320.293,Lipid
Urea,C1H12N0O5,309.5,7.7,987.007,Lipid
Cholesterol,C20H6N0O3,615.14,N/A,791.981,Nucleotide
Cholesterol,C10H32N5O6,58.59,3.69,261.394,Neurotransmitter
Aspirin,C16H3N3O5,640.94,11.39,603.793,Alcohol
Ethanol,C10H23N4O3,787.92,8.52,59.963,Carbohydrate
Urea,C10H40N4O7,796.6,3.1,872.948,Organic Compound
Urea,C19H18N3O2,769.46,8.3,125.916,Organic Compound
Adenosine triphosphate,C18H38N0O3,138.52,11.11,173.23,Organic Compound
Adenosine triphosphate,C2H5N5O6,440.79,N/A,115.968,Lipid
Adrenaline,C6H34N2O10,860.5,N/A,841.996,Amide
Dopamine,C16H20N4O9,414.74,13.75,436.671,Amide
Adrenaline,C11H14N1O10,698.96,10.27,676.644,Lipid
Aspirin,C8H40N1O1,873.63,7.08,237.621,Organic Compound
Cholesterol,C17H16N4O4,255.48,1.74,797.761,Lipid
Dopamine,C18H3N4O8,612.2,2.84,978.639,Amide
Serotonin,C12H15N0O5,858.2,N/A,294.04,Alkaloid
Glucose,C13H5N5O4,645.8,2.19,371.012,Amide
Cholesterol,C17H38N0O7,622.08,6.37,337.849,Alkaloid
Adenosine triphosphate,C13H37N0O6,241.28,6.12,548.195,Amide
Dopamine,C7H33N1O6,183.51,9.72,578.417,Organic Compound
Caffeine,C6H26N1O0,738.15,10.93,404.755,Alkaloid
Cholesterol,C12H24N3O2,121.04,N/A,44.216,Carbohydrate
Glucose,C15H25N3O4,697.62,1.42,577.374,Amide
Serotonin,C18H5N1O8,60.53,N/A,931.938,Lipid
Serotonin,C3H24N4O6,545.22,1.88,548.497,Neurotransmitter
Urea,C1H25N5O3,763.25,N/A,3.213,Lipid
Glucose,C2H13N2O2,245.68,3.7,157.289,Carbohydrate
Glucose,C15H1N4O6,641.73,3.96,901.653,Alkaloid
Caffeine,C20H2N5O3,849.86,N/A,231.419,Amide
Dopamine,C12H18N0O7,756.31,12.46,762.05,Neurotransmitter
Ethanol,C16H6N4O6,263.03,4.79,234.561,Nucleotide
Adrenaline,C15H19N3O8,192.71,10.51,474.675,Hormone
Ethanol,C11H17N4O10,167.42,10.26,674.414,Carbohydrate
Glucose,C17H2N4O0,601.68,8.9,604.013,Amide
Aspirin,C5H7N5O4,412.82,9.77,50.752,Carbohydrate
Caffeine,C6H34N0O3,784.16,4.87,110.928,Hormone
Caffeine,C19H12N3O8,235.25,9.46,267.316,Nucleotide
Adenosine triphosphate,C2H38N5O0,945.85,12.47,489.4,Lipid
Adrenaline,C17H30N5O0,345.38,7.19,541.338,Neurotransmitter
Glucose,C1H9N1O1,555.66,N/A,611.756,Lipid
Ethanol,C3H25N2O6,187.8,10.15,710.664,Amide
Cholesterol,C14H5N1O4,476.83,N/A,14.483,Alcohol
Cholesterol,C10H27N1O5,690.81,3.96,712.28,Lipid
Ethanol,C10H11N0O2,106.69,11.04,929.075,Carbohydrate
Glucose,C8H40N1O4,422.33,8.46,533.719,Nucleotide
Adenosine triphosphate,C9H10N4O9,725.07,N/A,910.291,Carbohydrate
Adrenaline,C14H6N2O10,792.18,1.89,270.818,Alcohol
Serotonin,C5H5N5O3,434.21,6.49,738.461,Amide
Glucose,C10H28N0O1,192.9,2.71,653.267,Neurotransmitter
Caffeine,C5H34N0O0,638.27,9.46,466.672,Amide
Glucose,C3H17N2O1,286.27,12.28,366.17,Neurotransmitter
Aspirin,C8H25N0O7,634.66,2.02,559.782,Alcohol
Aspirin,C10H6N0O6,610.51,12.89,476.069,Neurotransmitter
Ethanol,C9H29N3O9,874.81,N/A,132.893,Neurotransmitter
Urea,C11H24N0O4,913.57,10.17,356.254,Carbohydrate
Caffeine,C13H14N0O7,859.15,3.91,146.512,Alcohol
Adrenaline,C20H30N5O6,566.72,N/A,985.728,Amide
Glucose,C4H21N2O3,148.29,7.67,535.359,Organic Compound
Aspirin,C4H39N3O3,373.31,5.61,769.858,Organic Compound
Adenosine triphosphate,C14H31N5O4,963.19,7.42,498.954,Carbohydrate
Glucose,C13H36N0O2,585.49,4.38,347.661,Organic Compound
Ethanol,C3H21N1O8,886.6,11.59,349.963,Lipid
Urea,C18H15N3O5,242.53,N/A,651.67,Carbohydrate
Adrenaline,C8H18N2O10,585.48,N/A,110.849,Hormone
Ethanol,C19H20N4O2,793.92,10.41,164.036,Amide
Aspirin,C14H20N4O3,126.07,3.11,918.509,Nucleotide
Glucose,C15H31N5O4,310.45,N/A,962.688,Neurotransmitter
Dopamine,C17H15N3O2,714.37,N/A,355.684,Carbohydrate
Adrenaline,C1H11N1O1,545.75,11.9,430.573,Amide
Caffeine,C10H18N3O1,931.32,N/A,537.224,Hormone
Dopamine,C12H9N1O1,769.34,11.86,390.88,Alkaloid
Glucose,C16H16N2O2,954.64,10.84,771.522,Alkaloid
Serotonin,C6H5N3O8,150.72,N/A,314.46,Lipid
Cholesterol,C20H17N1O4,697.76,12.44,260.04,Alkaloid
Cholesterol,C10H12N1O6,641.95,7.37,139.653,Alkaloid
Ethanol,C6H36N5O5,627.1,7.75,651.704,Nucleotide
Dopamine,C3H9N3O4,919.51,11.84,12.923,Neurotransmitter
Cholesterol,C14H22N4O3,832.42,7.66,565.62,Lipid
Adrenaline,C2H9N5O7,801.2,2.85,778.562,Hormone
Adrenaline,C1H14N3O6,557.78,2.43,690.157,Amide
Glucose,C9H35N4O5,664.85,9.23,436.211,Alkaloid
Urea,C15H39N3O3,941.92,3.95,259.306,Amide
Cholesterol,C3H14N4O0,651.84,2.48,167.777,Carbohydrate
Urea,C14H38N1O0,701.37,12.31,467.114,Nucleotide
Serotonin,C10H18N2O10,957.89,N/A,784.295,Neurotransmitter
Adenosine triphosphate,C1H22N4O3,472.7,N/A,810.439,Amide
Ethanol,C13H16N5O7,278.74,N/A,975.72,Alkaloid
Glucose,C10H7N5O1,357.62,9.45,970.804,Nucleotide
Caffeine,C9H9N1O10,800.14,12.79,55.285,Lipid
Caffeine,C7H13N4O9,750.8,8.0,72.143,Carbohydrate
Serotonin,C17H21N0O5,205.91,2.7,209.139,Hormone
Adrenaline,C18H15N1O0,173.62,9.37,721.483,Amide
Adrenaline,C1H27N3O2,622.98,11.01,690.972,Neurotransmitter
Aspirin,C4H19N2O5,769.22,2.08,367.248,Amide
Serotonin,C8H4N1O3,479.61,12.03,869.149,Lipid
Adenosine triphosphate,C1H26N5O8,181.19,6.51,31.054,Neurotransmitter
Aspirin,C4H29N2O2,811.64,N/A,950.832,Alcohol
Adrenaline,C14H15N3O1,297.76,2.36,982.445,Neurotransmitter
Serotonin,C18H8N0O8,319.76,N/A,750.773,Carbohydrate
Adrenaline,C8H36N3O2,155.43,2.86,161.647,Lipid
Adenosine triphosphate,C10H18N2O9,983.19,N/A,716.22,Hormone
Aspirin,C18H26N3O8,378.52,7.68,577.205,Lipid
Adenosine triphosphate,C6H22N0O5,977.92,9.91,738.154,Alcohol
Caffeine,C10H2N3O4,220.33,N/A,103.853,Alkaloid
Serotonin,C6H40N1O7,58.72,10.9,89.845,Organic Compound
Caffeine,C6H27N1O5,479.73,7.1,191.003,Amide
Caffeine,C4H12N2O2,700.27,7.95,640.113,Lipid
Cholesterol,C19H1N3O4,935.85,13.4,761.684,Organic Compound
Ethanol,C7H24N0O0,896.24,13.89,838.319,Neurotransmitter
Adrenaline,C5H39N2O2,92.88,13.46,657.076,Neurotransmitter
Cholesterol,C19H36N5O5,180.69,2.43,145.486,Lipid
Cholesterol,C20H1N3O3,645.47,N/A,760.088,Neurotransmitter
Urea,C8H39N1O6,443.96,10.69,696.74,Lipid
Caffeine,C19H34N1O9,835.75,3.44,107.861,Hormone
Serotonin,C9H40N0O6,919.34,6.14,949.866,Carbohydrate
Dopamine,C1H12N3O6,265.64,N/A,501.495,Amide
Glucose,C1H6N4O8,475.88,1.31,372.288,Alcohol
Ethanol,C6H34N1O5,339.85,11.53,285.077,Lipid
Glucose,C3H33N3O4,294.35,7.59,622.974,Nucleotide
Serotonin,C16H39N0O9,514.41,6.09,281.676,Amide
Adenosine triphosphate,C3H2N5O4,591.4,8.2,273.186,Alcohol
Serotonin,C18H20N1O1,98.64,1.77,468.009,Carbohydrate
Dopamine,C18H29N2O1,944.97,8.26,49.941,Lipid
Adrenaline,C12H20N3O10,357.43,2.17,63.896,Lipid
Glucose,C1H21N3O8,589.0,7.32,910.9,Organic Compound
Caffeine,C3H3N0O3,170.39,4.9,716.057,Organic Compound
Aspirin,C7H14N1O6,222.18,5.28,777.648,Alkaloid
Caffeine,C15H8N1O4,535.27,9.47,426.0,Nucleotide
Aspirin,C19H10N2O9,575.48,N/A,601.95,Alkaloid
Dopamine,C1H14N1O7,160.36,N/A,369.5,Organic Compound
Adrenaline,C3H25N4O8,627.56,8.12,385.153,Organic Compound
Caffeine,C14H12N3O1,430.99,2.87,900.675,Organic Compound
Aspirin,C1H32N2O9,212.66,N/A,229.464,Alkaloid
Cholesterol,C11H9N3O5,229.08,7.88,595.495,Alkaloid
Urea,C15H1N2O5,819.56,N/A,601.935,Neurotransmitter
Dopamine,C17H11N3O8,133.13,7.71,148.411,Neurotransmitter
Ethanol,C9H6N2O0,769.6,9.56,552.807,Lipid
Aspirin,C12H24N2O3,792.57,12.77,64.513,Alkaloid
Aspirin,C8H34N4O1,231.59,1.55,685.788,Alcohol
Adrenaline,C8H15N3O2,764.09,7.27,851.874,Carbohydrate
Dopamine,C18H26N2O0,248.28,11.98,149.148,Amide
Adenosine triphosphate,C18H14N4O9,949.22,N/A,396.674,Carbohydrate
Cholesterol,C3H27N0O7,210.06,3.27,830.645,Hormone
Adrenaline,C11H14N2O4,283.63,3.05,568.313,Amide
Dopamine,C11H33N2O2,222.35,10.35,955.755,Amide
Glucose,C16H18N1O7,147.71,9.71,240.934,Neurotransmitter
Aspirin,C14H38N5O0,918.99,12.78,899.066,Amide
Urea,C14H32N2O6,988.39,5.4,768.544,Nucleotide
Ethanol,C17H7N0O1,916.16,13.37,66.912,Neurotransmitter
Ethanol,C18H39N3O7,776.71,6.34,486.9,Carbohydrate
Aspirin,C3H2N5O5,303.98,3.75,468.922,Organic Compound
Cholesterol,C12H8N3O6,149.83,4.47,229.592,Lipid
Urea,C18H31N0O9,483.14,10.04,179.109,Amide
Ethanol,C7H16N0O7,219.35,N/A,52.897,Alkaloid
Adenosine triphosphate,C20H5N4O5,76.42,10.49,798.346,Alkaloid
Ethanol,C1H26N2O5,371.99,7.76,246.377,Alkaloid
Cholesterol,C10H31N5O3,532.65,3.58,708.189,Carbohydrate
Serotonin,C7H3N3O6,259.95,N/A,662.128,Lipid
Caffeine,C14H25N4O8,417.85,10.51,589.615,Carbohydrate
Cholesterol,C11H24N1O9,602.48,7.05,789.146,Lipid
Dopamine,C5H40N2O9,938.23,N/A,234.412,Neurotransmitter
Dopamine,C13H13N2O6,899.53,N/A,970.057,Carbohydrate
