compound,formula,mw,pka,solubility_mg_ml,class
Dopamine,C18H24N2O10,354.21,13.17,324.204,Organic Compound
Dopamine,C17H2N3O2,467.66,N/A,324.462,Organic Compound
Cholesterol,C10H13N4O4,997.17,8.15,578.83,Carbohydrate
Caffeine,C16H30N3O9,788.28,12.69,420.462,Lipid
Adenosine triphosphate,C8H25N4O9,347.15,11.68,437.332,Nucleotide
Glucose,C14H32N5O3,939.37,N/A,57.008,Alcohol
Serotonin,C20H17N4O2,343.0,1.7,307.329,Alcohol
Aspirin,C14H12N1O1,363.63,6.28,877.768,Organic Compound
Adrenaline,C13H26N4O9,527.81,7.15,382.513,Lipid
Serotonin,C6H25N3O9,913.95,1.77,594.718,Lipid
Caffeine,C2H36N4O9,61.73,N/A,231.304,Lipid
Ethanol,C18H35N3O8,66.06,N/A,464.343,Amide
Cholesterol,C5H5N2O9,288.03,12.34,625.582,Lipid
Urea,C5H28N2O5,814.78,5.91,957.806,Alkaloid
Glucose,C1H25N5O0,88.99,4.19,992.047,Hormone
Adrenaline,C7H24N2O7,343.76,10.65,5.255,Carbohydrate
Cholesterol,C3H38N0O1,79.35,5.7,851.817,Lipid
Glucose,C1H1N0O4,909.18,N/A,670.007,Alkaloid
Urea,C2H30N4O5,462.12,7.91,665.016,Alcohol
Dopamine,C5H30N3O8,813.23,4.23,551.408,Alkaloid
Cholesterol,C4H11N2O1,245.41,10.83,346.673,Hormone
Aspirin,C12H6N4O6,145.66,N/A,863.113,Lipid
Urea,C3H2N3O1,383.92,3.36,610.809,Carbohydrate
Serotonin,C17H21N4O10,335.47,9.96,144.346,Nucleotide
Serotonin,C11H6N5O9,704.78,10.58,211.266,Nucleotide
Adenosine triphosphate,C4H40N2O1,277.45,10.55,800.359,Carbohydrate
Ethanol,C17H26N3O1,709.35,12.69,968.869,Organic Compound
Adenosine triphosphate,C13H12N3O0,102.08,8.36,318.511,Hormone
Urea,C20H24N2O9,914.93,8.65,709.679,Hormone
Adrenaline,C1H6N2O7,930.03,12.65,957.374,Organic Compound
Dopamine,C6H17N1O4,472.23,2.59,334.972,Alkaloid
Adrenaline,C18H22N5O0,504.09,5.48,704.467,Hormone
Adenosine triphosphate,C9H13N4O5,95.62,3.18,761.584,Organic Compound
Dopamine,C1H40N3O1,914.58,7.29,43.904,Organic Compound
Aspirin,C5H38N1O3,940.6,13.89,862.274,Alkaloid
Cholesterol,C19H4N0O7,243.06,6.84,606.437,Hormone
Glucose,C8H29N4O8,637.91,11.27,722.106,Alcohol
Urea,C12H12N1O0,119.39,9.42,973.268,Alcohol
Adrenaline,C20H9N1O8,841.35,2.86,437.726,Neurotransmitter
Urea,C11H36N1O6,221.61,9.03,7.717,Nucleotide
Ethanol,C1H5N0O8,723.5,12.4,358.395,Neurotransmitter
Glucose,C14H3N5O2,937.44,13.36,113.069,Neurotransmitter
Aspirin,C13H2N5O2,971.76,10.69,161.083,Alkaloid
Cholesterol,C8H30N5O5,457.48,4.73,761.853,Organic Compound
Adenosine triphosphate,C11H9N4O5,564.63,N/A,51.706,Amide
Cholesterol,C6H38N2O1,135.69,6.19,586.411,Carbohydrate
Adrenaline,C11H18N4O4,833.29,6.65,716.59,Amide
Adrenaline,C1H33N5O10,337.93,13.34,109.49,Lipid
Glucose,C14H13N0O8,229.69,3.45,605.986,Alcohol
Adenosine triphosphate,C7H22N0O10,499.91,10.5,5.375,Hormone
Caffeine,C8H22N3O5,792.6,11.27,130.108,Nucleotide
Glucose,C7H22N0O2,183.24,1.35,494.465,Neurotransmitter
Cholesterol,C3H2N4O1,276.01,10.87,184.419,Alcohol
Adrenaline,C10H17N0O7,858.22,1.58,8.816,Nucleotide
Ethanol,C4H35N2O9,845.9,N/A,948.221,Carbohydrate
Adenosine triphosphate,C2H5N2O7,722.34,N/A,985.022,Neurotransmitter
Ethanol,C14H32N2O0,854.68,6.31,89.865,Organic Compound
Glucose,C9H5N0O10,791.92,11.95,733.058,Lipid
Dopamine,C12H11N5O4,771.58,6.19,251.609,Neurotransmitter
Dopamine,C10H35N3O0,244.41,6.03,858.999,Neurotransmitter
Adenosine triphosphate,C2H32N2O8,207.53,1.55,245.85,Alkaloid
Dopamine,C17H10N2O9,646.58,7.34,203.052,Carbohydrate
Dopamine,C7H38N5O3,303.45,8.77,458.811,Organic Compound
Dopamine,C11H22N1O3,637.1,3.65,872.173,Carbohydrate
Adrenaline,C12H24N2O1,816.34,3.63,749.475,Hormone
Cholesterol,C5H11N3O9,871.5,6.67,38.937,Nucleotide
Serotonin,C9H30N1O4,383.33,12.15,481.92,Lipid
Urea,C3H39N4O8,378.39,1.23,664.434,Alkaloid
Urea,C20H35N5O7,944.5,7.62,389.957,Alcohol
Dopamine,C2H20N0O0,688.08,N/A,68.262,Neurotransmitter
Adenosine triphosphate,C6H24N5O5,604.48,N/A,691.566,Amide
Adrenaline,C11H32N1O2,766.73,N/A,989.815,Neurotransmitter
Adenosine triphosphate,C15H2N0O6,758.7,2.1,838.906,Alkaloid
Serotonin,C13H31N5O9,420.2,1.47,443.477,Lipid
Dopamine,C13H21N4O4,795.61,12.97,917.326,Organic Compound
Cholesterol,C19H40N1O4,103.15,2.63,45.417,Organic Compound
Aspirin,C6H11N2O1,786.0,5.08,59.856,Alcohol
Aspirin,C11H30N1O7,765.58,13.74,67.286,Alcohol
Glucose,C3H31N0O6,666.81,10.55,277.024,Alkaloid
Ethanol,C5H40N0O5,956.95,N/A,877.37,Organic Compound
Ethanol,C12H12N4O0,73.47,1.45,169.942,Organic Compound
Aspirin,C1H2N0O9,367.23,10.59,340.726,Amide
Adrenaline,C13H4N3O10,594.48,4.99,544.536,Neurotransmitter
Urea,C4H27N4O5,648.44,5.83,595.967,Neurotransmitter
Caffeine,C15H34N0O8,771.15,5.83,16.443,Alcohol
Adrenaline,C6H34N5O2,790.64,4.05,285.665,Lipid
Adrenaline,C19H29N5O0,840.59,9.96,17.729,Amide
Ethanol,C12H11N4O1,937.17,13.79,44.085,Alkaloid
Adenosine triphosphate,C5H23N0O2,581.7,5.7,384.257,Neurotransmitter
Glucose,C5H25N1O4,839.54,12.05,518.678,Hormone
Dopamine,C4H7N3O4,263.34,10.03,339.291,Carbohydrate
Dopamine,C2H4N3O0,62.55,3.05,468.425,Organic Compound
Cholesterol,C9H10N1O6,475.51,11.87,913.463,Alcohol
Ethanol,C2H8N3O10,170.22,6.64,579.737,Organic Compound
Adenosine triphosphate,C1H25N3O0,68.8,N/A,760.869,Alkaloid
Adrenaline,C13H18N3O3,956.39,10.63,532.194,Carbohydrate
Adrenaline,C4H29N4O10,570.92,11.81,962.252,Neurotransmitter
Urea,C2H2N0O1,946.1,N/A,111.676,Carbohydrate
Caffeine,C17H22N4O5,645.39,N/A,583.093,Alkaloid
Aspirin,C10H7N3O5,821.24,N/A,188.552,Carbohydrate
Adenosine triphosphate,C8H13N3O5,893.53,3.11,288.746,Alkaloid
Adenosine triphosphate,C9H19N4O3,576.25,5.67,334.547,Carbohydrate
Adrenaline,C20H8N5O9,228.34,7.88,225.201,Organic Compound
Caffeine,C3H20N0O3,442.28,10.66,294.194,Alkaloid
Serotonin,C3H2N2O9,769.77,5.42,790.05,Neurotransmitter
Aspirin,C8H24N3O9,419.53,12.26,761.457,Alkaloid
Glucose,C4H2N3O10,828.92,7.31,696.825,Lipid
Adrenaline,C14H38N1O1,393.4,10.23,808.426,Alcohol
Dopamine,C3H22N0O6,733.71,N/A,234.176,Alkaloid
Serotonin,C1H13N3O7,440.0,2.86,580.974,Amide
Adenosine triphosphate,C5H9N0O3,289.99,10.1,279.614,Nucleotide
Caffeine,C17H22N0O6,271.62,10.7,419.43,Organic Compound
Caffeine,C18H6N1O3,791.59,13.08,283.224,Organic Compound
Adrenaline,C6H30N1O9,176.89,9.92,289.183,Amide
Adrenaline,C4H24N2O7,179.19,4.68,786.449,Alcohol
Caffeine,C4H40N1O3,423.25,8.15,588.551,Alkaloid
Ethanol,C12H38N4O7,753.98,N/A,467.337,Alcohol
Ethanol,C20H34N5O7,336.22,4.18,513.284,Alkaloid
Adenosine triphosphate,C18H23N5O0,117.52,4.09,132.586,Hormone
Adrenaline,C13H18N2O0,380.09,8.36,146.141,Alcohol
Aspirin,C12H15N1O5,683.58,5.15,235.235,Organic Compound
Serotonin,C11H11N3O10,801.51,N/A,506.817,Nucleotide
Aspirin,C5H34N1O2,184.57,10.47,483.074,Hormone
Caffeine,C19H26N1O1,874.09,7.13,894.222,Organic Compound
Serotonin,C4H11N0O6,669.48,2.85,849.027,Lipid
Caffeine,C2H14N3O5,923.82,2.4,568.457,Alcohol
Glucose,C9H3N5O10,993.89,12.93,784.595,Alcohol
Caffeine,C4H9N1O10,462.35,9.48,511.435,Carbohydrate
Urea,C10H6N2O0,601.3,3.74,7.944,Hormone
Glucose,C8H23N4O0,737.67,3.58,529.558,Hormone
Adenosine triphosphate,C2H4N5O8,300.55,N/A,1.319,Amide
Serotonin,C13H17N3O4,801.72,N/A,381.511,Alcohol
Caffeine,C8H31N3O0,868.63,N/A,836.658,Nucleotide
Ethanol,C15H2N3O6,745.42,6.04,678.934,Amide
Caffeine,C13H29N3O6,71.26,11.99,949.251,Neurotransmitter
Ethanol,C20H11N5O4,411.47,5.51,205.1,Lipid
Adenosine triphosphate,C16H26N3O8,442.8,N/A,524.598,Hormone
Adenosine triphosphate,C6H20N5O9,687.88,6.94,276.157,Hormone
Glucose,C4H8N0O7,450.2,N/A,977.277,Alkaloid
Serotonin,C2H30N1O0,70.06,N/A,777.822,Organic Compound
Cholesterol,C5H3N5O1,61.28,7.76,180.139,Organic Compound
Ethanol,C15H30N2O4,963.81,N/A,858.14,Hormone
Ethanol,C12H25N5O10,692.61,10.39,347.302,Alcohol
Urea,C2H3N3O2,122.97,10.57,199.934,Amide
Serotonin,C4H17N5O7,651.43,9.77,545.751,Amide
Cholesterol,C3H27N4O8,301.78,6.93,10.333,Alkaloid
Caffeine,C7H26N0O4,443.91,10.06,982.181,Neurotransmitter
Dopamine,C10H17N1O8,100.95,11.35,630.788,Nucleotide
Adrenaline,C12H28N1O0,962.25,5.83,122.147,Alcohol
Glucose,C6H13N5O1,829.86,10.06,376.12,Carbohydrate
Dopamine,C3H37N3O4,796.37,4.75,27.786,Nucleotide
Serotonin,C8H2N0O9,815.31,N/A,307.823,Carbohydrate
Serotonin,C8H16N4O0,822.85,12.87,522.285,Lipid
Urea,C6H22N4O6,83.97,N/A,344.619,Amide
Adrenaline,C8H27N5O7,318.88,6.79,835.203,Amide
Caffeine,C18H6N2O6,195.88,7.86,976.27,Lipid
Adenosine triphosphate,C5H39N3O7,380.13,N/A,271.825,Amide
Adrenaline,C4H12N5O6,514.5,4.5,812.619,Alkaloid
Aspirin,C19H16N1O2,123.47,9.27,607.474,Alcohol
Urea,C16H7N5O8,431.3,9.36,315.552,Organic Compound
Glucose,C18H6N0O7,763.12,13.54,229.609,Organic Compound
Cholesterol,C20H9N1O3,916.42,8.86,603.969,Nucleotide
Urea,C18H29N1O1,302.4,10.36,796.798,Carbohydrate
Aspirin,C14H11N3O7,530.6,N/A,237.126,Alcohol
Adenosine triphosphate,C12H25N4O2,320.79,4.16,374.068,Carbohydrate
Ethanol,C2H40N4O4,335.92,3.97,304.177,Organic Compound
Dopamine,C7H3N1O8,669.41,N/A,42.636,Lipid
Cholesterol,C15H28N4O6,579.79,N/A,940.235,Lipid
Caffeine,C9H20N2O3,848.77,1.06,108.752,Alcohol
Adrenaline,C14H32N1O5,813.48,13.79,357.25,Alcohol
Glucose,C1H39N1O3,99.73,4.69,494.67,Neurotransmitter
Caffeine,C7H20N1O10,798.52,3.9,260.316,Organic Compound
Ethanol,C11H37N1O10,703.96,N/A,827.507,Carbohydrate
Serotonin,C12H12N1O0,922.97,13.43,306.818,Amide
Dopamine,C18H32N0O6,814.57,4.91,164.91,Amide
Aspirin,C20H15N3O7,984.54,N/A,260.902,Carbohydrate
Adrenaline,C5H29N2O10,647.77,7.19,209.257,Hormone
Serotonin,C6H40N3O5,204.72,1.02,781.77,Amide
Adenosine triphosphate,C13H36N1O0,257.34,11.05,989.062,Organic Compound
Ethanol,C6H37N3O7,928.02,11.03,712.342,Hormone
Cholesterol,C19H23N5O10,947.19,11.57,113.333,Alcohol
Adenosine triphosphate,C16H38N1O10,700.53,N/A,446.436,Hormone
Serotonin,C13H8N4O8,710.31,10.69,592.568,Alkaloid
Caffeine,C13H25N4O2,465.38,9.76,135.435,Nucleotide
Cholesterol,C7H27N3O8,298.43,4.23,716.106,Neurotransmitter
Urea,C2H22N0O0,113.93,N/A,299.405,Hormone
Adrenaline,C15H26N2O10,327.95,N/A,532.628,Hormone
Serotonin,C14H27N2O3,391.07,5.79,677.634,Hormone
Adrenaline,C14H32N2O1,973.25,11.29,892.558,Organic Compound
Adrenaline,C6H14N3O1,874.53,3.2,218.89,Alkaloid
Adrenaline,C4H5N2O9,493.79,13.73,958.875,Amide
Ethanol,C5H37N0O4,364.08,1.05,800.872,Amide
Glucose,C4H26N2O4,329.76,4.75,830.906,Nucleotide
Cholesterol,C3H16N2O7,657.53,12.1,704.057,Alcohol
Adenosine triphosphate,C4H4N3O7,327.28,8.85,851.254,Nucleotide
Ethanol,C10H19N1O0,212.22,7.34,18.515,Lipid
Ethanol,C20H28N1O9,401.52,N/A,239.194,Hormone
Caffeine,C20H24N0O8,330.94,4.85,412.514,Hormone
Adrenaline,C7H30N4O10,359.04,9.27,979.886,Neurotransmitter
Glucose,C5H31N3O3,289.07,9.98,297.906,Neurotransmitter
Cholesterol,C19H1N1O0,904.51,13.13,990.58,Lipid
Dopamine,C20H14N4O7,902.11,9.4,977.868,Amide
Adrenaline,C15H37N3O8,694.65,6.71,564.436,Hormone
Ethanol,C4H13N2O10,222.9,7.05,652.99,Alkaloid
Urea,C1H33N2O0,476.05,10.12,59.917,Alcohol
Urea,C13H27N2O3,317.73,5.73,475.128,Nucleotide
Aspirin,C16H28N1O2,684.48,11.74,158.179,Lipid
Adenosine triphosphate,C15H6N0O8,82.9,9.11,800.729,Amide
Glucose,C14H12N4O8,920.93,8.74,767.709,Alcohol
Adenosine triphosphate,C16H3N2O6,721.98,2.99,197.408,Amide
Urea,C7H22N1O1,62.05,3.3,919.601,Neurotransmitter
Cholesterol,C4H8N4O7,709.8,6.21,860.286,Carbohydrate
Aspirin,C16H17N2O1,475.87,N/A,456.379,Organic Compound
Serotonin,C5H17N2O8,517.25,N/A,27.588,Amide
Glucose,C2H38N2O3,314.45,12.14,920.197,Nucleotide
Adenosine triphosphate,C5H34N4O9,996.75,4.95,839.165,Alcohol
Glucose,C19H12N1O7,211.64,7.47,551.509,Amide
Serotonin,C18H11N2O0,597.97,6.95,866.702,Alcohol
Adrenaline,C2H3N1O0,756.68,6.93,269.763,Lipid
Adrenaline,C3H16N3O10,814.17,3.47,209.348,Alcohol
Adrenaline,C5H13N5O2,673.38,7.54,400.002,Alcohol
Adrenaline,C3H15N5O6,239.63,9.48,223.813,Carbohydrate
Dopamine,C10H28N0O8,774.15,10.1,156.593,Hormone
Adenosine triphosphate,C13H18N5O6,296.36,9.25,594.525,Alcohol
Aspirin,C15H11N4O4,325.79,9.82,583.366,Alkaloid
Ethanol,C17H35N1O6,944.44,5.06,532.946,Nucleotide
Serotonin,C3H21N4O7,638.51,9.39,969.116,Hormone
Urea,C13H28N0O2,429.92,10.29,175.944,Carbohydrate
Adrenaline,C5H15N1O3,745.67,N/A,99.095,Organic Compound
Caffeine,C15H28N4O10,58.51,N/A,782.795,Alcohol
Adrenaline,C1H5N2O3,740.62,N/A,124.594,Organic Compound
Adenosine triphosphate,C1H3N3O8,892.31,5.88,945.548,Amide
Caffeine,C8H18N2O3,867.33,8.66,796.505,Nucleotide
Aspirin,C7H24N0O9,545.09,6.87,280.016,Amide
Ethanol,C1H32N0O3,656.48,1.81,971.341,Organic Compound
Adenosine triphosphate,C6H21N0O6,735.11,4.72,307.349,Alcohol
Glucose,C6H15N3O8,673.99,N/A,658.46,Carbohydrate
Adrenaline,C12H22N1O5,406.93,3.31,179.279,Hormone
Urea,C1H38N4O0,131.62,2.75,106.267,Neurotransmitter
Serotonin,C6H34N1O8,618.72,2.44,119.107,Amide
Adrenaline,C19H2N3O9,671.7,N/A,535.904,Alcohol
Dopamine,C10H36N0O5,648.87,11.75,582.265,Neurotransmitter
Serotonin,C12H18N1O0,937.03,5.65,170.321,Organic Compound
Adrenaline,C10H21N0O5,171.62,10.73,812.255,Carbohydrate
Adrenaline,C10H27N4O2,741.35,N/A,383.828,Nucleotide
Dopamine,C14H37N1O6,882.09,8.24,363.96,Alkaloid
Cholesterol,C11H4N5O0,580.49,N/A,880.794,Lipid
Urea,C8H8N2O5,765.07,N/A,574.158,Alkaloid
Ethanol,C6H4N0O7,256.59,N/A,914.262,Neurotransmitter
Serotonin,C14H36N5O8,844.78,1.21,606.086,Alcohol
Aspirin,C6H24N1O9,565.44,3.85,51.914,Hormone
Adenosine triphosphate,C7H40N2O7,469.67,12.92,356.911,Amide
Urea,C8H25N0O4,585.26,8.59,710.554,Carbohydrate
Caffeine,C11H39N0O7,593.93,4.56,679.726,Amide
Dopamine,C20H30N0O9,491.83,2.69,65.765,Amide
Adenosine triphosphate,C3H15N3O5,847.25,N/A,655.518,Alkaloid
Aspirin,C4H33N5O0,660.28,6.56,404.748,Carbohydrate
Serotonin,C20H26N2O10,758.19,1.01,711.085,Amide
Glucose,C6H10N0O10,739.43,7.16,0.569,Alcohol
Adenosine triphosphate,C8H34N3O2,232.45,7.65,971.509,Amide
Dopamine,C9H26N1O0,260.87,6.41,752.518,Hormone
Serotonin,C14H19N3O8,325.09,N/A,78.463,Lipid
Dopamine,C13H9N4O8,364.07,8.21,125.311,Amide
Aspirin,C14H37N0O9,909.55,11.85,867.467,Alkaloid
Adrenaline,C18H39N2O6,738.56,6.4,587.804,Hormone
Adrenaline,C16H25N1O5,559.26,10.9,696.139,Alkaloid
Serotonin,C6H21N1O2,622.64,11.95,548.92,Neurotransmitter
Urea,C17H24N5O9,823.62,12.13,428.917,Alcohol
Dopamine,C19H19N5O7,190.61,9.61,216.377,Hormone
Cholesterol,C17H8N4O9,117.16,N/A,601.608,Alcohol
Urea,C18H22N1O2,368.45,N/A,818.937,Organic Compound
Caffeine,C16H17N1O4,578.27,4.43,901.731,Carbohydrate
Urea,C20H15N3O7,213.47,13.08,966.285,Organic Compound
Adenosine triphosphate,C8H21N2O2,101.72,N/A,321.886,Nucleotide
Adrenaline,C20H17N1O3,176.46,N/A,904.355,Alcohol
Adenosine triphosphate,C11H14N2O0,288.34,N/A,152.43,Lipid
Caffeine,C7H15N5O1,330.51,11.8,661.607,Alkaloid
Aspirin,C9H22N3O10,188.43,7.02,759.817,Alkaloid
Urea,C3H12N3O10,639.39,7.14,269.091,Carbohydrate
Urea,C20H3N5O8,548.65,N/A,541.768,Nucleotide
Cholesterol,C4H11N1O8,285.2,4.37,470.804,Amide
Caffeine,C7H27N3O6,787.93,4.24,513.96,Lipid
Adrenaline,C19H21N5O6,839.34,11.76,415.578,Carbohydrate
Cholesterol,C1H22N5O1,894.38,3.91,736.338,Alcohol
Adenosine triphosphate,C14H22N5O10,403.66,1.22,319.942,Lipid
Adrenaline,C12H18N1O6,727.95,2.85,271.829,Amide
Adrenaline,C11H1N2O4,658.76,8.8,638.224,Nucleotide
Cholesterol,C3H5N1O8,623.12,6.1,803.344,Amide
Serotonin,C4H26N5O7,295.71,7.28,633.894,Nucleotide
Glucose,C1H40N1O6,409.89,10.21,467.147,Lipid
Aspirin,C15H29N5O4,977.57,N/A,490.333,Amide
Adenosine triphosphate,C17H9N2O0,274.35,3.66,60.336,Carbohydrate
Dopamine,C14H36N2O8,335.47,6.13,800.677,Alkaloid
Adenosine triphosphate,C5H17N1O2,141.7,8.88,568.181,Neurotransmitter
Ethanol,C11H6N4O5,562.81,9.77,925.575,Amide
Caffeine,C10H37N2O9,733.53,10.02,998.994,Alkaloid
Adrenaline,C5H33N4O6,856.5,N/A,914.434,Amide
Adenosine triphosphate,C1H6N4O8,528.93,1.65,652.866,Alkaloid
Serotonin,C17H34N3O0,205.31,N/A,60.228,Alkaloid
Dopamine,C4H5N0O4,419.69,7.42,477.825,Alkaloid
Urea,C7H13N3O1,445.76,8.53,0.744,Carbohydrate
Glucose,C10H18N0O6,83.97,2.7,817.958,Lipid
Cholesterol,C5H1N1O4,285.91,8.11,776.627,Hormone
Adrenaline,C10H32N4O3,708.46,5.84,833.492,Hormone
Aspirin,C13H31N5O9,245.16,N/A,767.736,Nucleotide
Aspirin,C8H24N5O10,546.76,11.94,796.558,Alkaloid
Cholesterol,C4H37N4O0,755.19,4.18,733.596,Organic Compound
Glucose,C16H6N3O7,106.54,N/A,627.419,Organic Compound
Adenosine triphosphate,C4H21N2O3,486.42,4.66,94.114,Alkaloid
Urea,C10H5N1O6,503.71,7.78,474.383,Neurotransmitter
Serotonin,C10H24N0O7,720.97,12.61,458.981,Neurotransmitter
Serotonin,C19H17N3O4,273.28,4.08,279.344,Hormone
Adenosine triphosphate,C9H12N5O8,726.37,6.03,632.069,Organic Compound
Ethanol,C15H34N0O6,337.89,8.25,5.288,Carbohydrate
Adenosine triphosphate,C17H20N1O4,241.83,5.07,478.051,Hormone
Caffeine,C16H9N4O3,202.09,12.64,777.575,Lipid
Adenosine triphosphate,C17H30N5O0,485.37,4.21,479.154,Alcohol
Dopamine,C13H3N3O10,730.05,N/A,353.062,Hormone
Caffeine,C9H11N1O2,322.25,2.89,392.498,Lipid
Serotonin,C18H35N3O6,872.75,3.1,954.467,Neurotransmitter
Caffeine,C17H32N5O0,116.38,N/A,267.833,Alcohol
Aspirin,C6H32N5O9,416.9,4.34,343.607,Alkaloid
Glucose,C3H19N4O7,968.86,4.89,879.535,Neurotransmitter
Caffeine,C19H13N3O7,239.87,8.48,607.63,Neurotransmitter
Urea,C12H32N1O1,548.09,N/A,509.428,Carbohydrate
Glucose,C20H1N5O1,785.89,N/A,578.158,Lipid
Cholesterol,C1H12N5O10,305.09,N/A,8.666,Neurotransmitter
Aspirin,C17H13N5O9,621.39,2.3,766.115,Alcohol
Serotonin,C16H14N5O4,326.9,N/A,783.122,Alcohol
Aspirin,C7H35N5O7,538.91,N/A,328.652,Nucleotide
Adrenaline,C20H2N0O6,220.22,N/A,344.976,Alcohol
Cholesterol,C15H36N4O5,246.06,2.11,299.154,Nucleotide
Dopamine,C20H7N4O9,617.77,6.33,490.068,Hormone
Aspirin,C4H30N5O0,650.82,5.33,699.593,Alkaloid
Caffeine,C3H23N3O9,263.64,11.31,91.753,Organic Compound
Aspirin,C2H6N2O5,323.27,5.64,695.628,Neurotransmitter
Serotonin,C8H19N5O1,323.69,13.18,490.443,Nucleotide
Ethanol,C15H15N3O3,168.33,N/A,294.655,Lipid
Adenosine triphosphate,C10H11N3O5,764.25,3.34,911.925,Amide
Dopamine,C10H25N2O10,918.7,2.55,545.049,Neurotransmitter
Serotonin,C9H18N4O5,526.49,13.44,213.116,Alkaloid
Dopamine,C6H26N4O4,218.23,12.2,216.263,Hormone
Ethanol,C10H6N4O10,227.38,N/A,463.607,Alcohol
Urea,C12H5N4O5,586.93,12.45,410.379,Hormone
Urea,C17H25N0O2,699.09,N/A,695.086,Alkaloid
Caffeine,C11H15N2O1,446.51,3.08,532.462,Organic Compound
Adenosine triphosphate,C15H16N4O4,65.17,1.61,227.515,Nucleotide
Dopamine,C15H6N3O9,305.53,8.71,320.189,Lipid
Cholesterol,C15H3N0O4,278.25,N/A,112.727,Organic Compound
Ethanol,C8H1N1O6,341.87,11.81,549.113,Lipid
Adrenaline,C18H12N5O5,823.94,N/A,380.323,Lipid
Ethanol,C20H18N0O1,579.21,10.28,854.094,Alkaloid
Adrenaline,C9H39N2O4,808.63,5.15,589.955,Nucleotide
Urea,C13H27N4O7,204.44,9.23,927.388,Nucleotide
Glucose,C4H27N5O7,663.21,7.7,119.799,Alcohol
Serotonin,C17H7N5O8,61.77,N/A,19.369,Nucleotide
Ethanol,C3H27N3O3,110.95,6.28,83.966,Alkaloid
Dopamine,C17H18N0O2,297.09,8.55,775.909,Amide
Urea,C20H9N1O9,105.24,10.03,488.82,Lipid
Serotonin,C10H12N5O5,166.73,7.14,879.997,Amide
Ethanol,C18H5N1O1,587.17,4.2,986.275,Lipid
Urea,C3H27N1O3,132.57,9.53,83.178,Lipid
Ethanol,C11H29N1O5,882.35,5.29,827.72,Amide
Caffeine,C20H35N4O4,311.68,4.43,597.327,Nucleotide
Cholesterol,C19H14N0O2,116.42,11.19,301.828,Carbohydrate
Ethanol,C20H14N0O5,247.77,8.24,874.203,Amide
Serotonin,C7H8N1O8,203.89,8.11,911.803,Nucleotide
Serotonin,C1H29N2O6,348.31,4.62,803.82,Hormone
Caffeine,C18H1N1O6,51.42,7.07,725.087,Alkaloid
Dopamine,C10H12N3O1,542.32,11.33,894.798,Carbohydrate
Serotonin,C10H24N1O6,355.04,8.44,187.535,Nucleotide
Glucose,C19H29N5O8,610.42,1.55,269.28,Hormone
Urea,C15H13N4O0,803.38,13.39,101.364,Alcohol
Urea,C13H23N1O10,648.5,13.61,930.167,Nucleotide
Caffeine,C5H24N5O2,318.41,13.12,258.933,Neurotransmitter
Glucose,C12H7N3O8,386.34,13.86,430.939,Alcohol
Caffeine,C14H19N4O10,331.76,12.0,299.854,Lipid
Ethanol,C16H30N4O10,408.02,N/A,635.453,Alcohol
Caffeine,C9H26N2O10,923.14,5.27,591.597,Lipid
Caffeine,C7H23N4O3,733.83,1.45,874.918,Neurotransmitter
Aspirin,C13H13N5O10,674.29,4.43,452.76,Carbohydrate
Glucose,C11H26N4O9,765.68,13.66,560.757,Hormone
Serotonin,C10H27N0O1,722.0,N/A,792.722,Neurotransmitter
Dopamine,C20H12N5O8,240.58,7.49,391.907,Alcohol
Glucose,C17H12N1O3,847.51,5.52,734.566,Neurotransmitter
Adenosine triphosphate,C16H33N3O6,903.71,3.92,934.898,Neurotransmitter
Adenosine triphosphate,C19H29N2O8,595.57,3.16,489.172,Alcohol
Adrenaline,C4H37N5O2,336.41,1.2,199.891,Alcohol
Adenosine triphosphate,C15H40N0O3,509.26,7.13,217.264,Organic Compound
Glucose,C2H39N2O9,128.33,6.17,785.322,Alkaloid
Adrenaline,C1H15N1O8,63.88,6.95,502.947,Nucleotide
Caffeine,C17H1N2O8,826.98,13.24,744.459,Lipid
Cholesterol,C19H27N3O3,574.99,5.04,379.898,Alcohol
Dopamine,C10H26N3O5,450.93,5.25,810.205,Alcohol
Ethanol,C19H5N0O2,619.49,11.3,809.216,Amide
Dopamine,C3H9N4O6,943.08,1.5,425.231,Hormone
Dopamine,C5H33N1O3,896.19,N/A,362.197,Alkaloid
Caffeine,C6H21N1O10,912.96,4.54,915.444,Alcohol
Urea,C9H17N4O5,80.69,N/A,286.654,Carbohydrate
Glucose,C14H16N0O0,208.32,N/A,596.275,Nucleotide
Adrenaline,C13H34N2O9,547.03,4.28,664.813,Alcohol
Ethanol,C1H10N1O4,388.07,4.66,527.287,Neurotransmitter
Adrenaline,C18H13N2O3,222.14,2.62,23.239,Amide
Aspirin,C10H16N1O0,601.8,3.83,598.519,Alkaloid
Urea,C14H38N3O8,674.85,1.42,618.515,Organic Compound
Caffeine,C18H5N0O0,281.07,4.87,344.705,Lipid
Dopamine,C11H15N1O9,465.44,9.72,345.027,Nucleotide
Urea,C5H35N1O6,781.3,N/A,908.737,Nucleotide
Adenosine triphosphate,C15H4N3O1,277.35,12.2,128.139,Alkaloid
Serotonin,C4H26N5O6,65.84,6.43,491.946,Hormone
Adrenaline,C2H34N5O6,169.13,1.69,403.205,Alkaloid
Serotonin,C20H18N3O10,822.55,2.13,453.22,Alcohol
Serotonin,C18H13N2O10,628.79,3.84,994.484,Alcohol
Serotonin,C20H29N1O6,517.38,N/A,136.494,Neurotransmitter
Serotonin,C15H26N5O2,149.32,13.52,258.484,Nucleotide
Cholesterol,C11H16N0O5,468.74,7.05,495.871,Nucleotide
Serotonin,C14H14N3O7,900.75,9.4,581.66,Organic Compound
Urea,C10H19N4O3,115.52,6.62,50.649,Alcohol
Glucose,C14H13N0O7,236.44,11.45,136.696,Lipid
Serotonin,C16H31N3O6,158.38,6.02,179.846,Lipid
Serotonin,C20H7N2O3,243.42,1.6,906.086,Lipid
Serotonin,C11H22N1O0,637.41,3.33,125.507,Neurotransmitter
Dopamine,C16H38N0O1,664.95,9.71,291.245,Alkaloid
Glucose,C1H17N2O2,830.28,5.45,518.41,Organic Compound
Urea,C12H18N3O1,267.0,9.53,90.775,Alkaloid
Adrenaline,C5H4N3O3,974.31,9.44,88.209,Amide
Cholesterol,C15H18N4O2,265.18,8.96,363.645,Nucleotide
Urea,C5H23N2O10,455.49,6.04,424.943,Neurotransmitter
Glucose,C17H38N5O2,353.82,13.89,864.292,Nucleotide
Cholesterol,C17H26N4O7,75.35,9.06,166.095,Neurotransmitter
Adrenaline,C1H23N1O5,888.76,N/A,401.087,Organic Compound
Caffeine,C11H40N1O8,986.46,1.39,915.279,Organic Compound
Ethanol,C20H4N5O9,931.17,12.52,832.22,Nucleotide
Dopamine,C19H23N2O10,118.16,9.8,772.786,Alcohol
Ethanol,C16H8N0O6,245.12,5.87,380.007,Carbohydrate
Caffeine,C14H30N0O5,741.96,4.76,151.849,Nucleotide
Dopamine,C11H23N1O0,737.01,N/A,591.61,Amide
Adenosine triphosphate,C12H19N5O8,897.03,12.54,957.647,Nucleotide
Adrenaline,C13H2N3O4,851.44,N/A,462.724,Organic Compound
Ethanol,C7H18N3O2,908.64,12.47,550.641,Amide
Ethanol,C1H11N0O2,884.12,8.13,264.901,Alkaloid
Urea,C18H9N2O9,891.95,N/A,317.193,Hormone
Glucose,C20H5N4O3,433.34,3.29,957.94,Hormone
Adenosine triphosphate,C2H8N3O8,292.52,8.3,823.464,Alcohol
Urea,C10H5N5O6,271.09,6.61,89.766,Organic Compound
Caffeine,C10H20N2O4,716.55,9.88,385.404,Neurotransmitter
Cholesterol,C18H13N1O9,557.49,11.61,401.424,Carbohydrate
Serotonin,C6H28N1O7,65.88,1.39,746.188,Organic Compound
Ethanol,C17H7N3O3,504.5,1.82,14.852,Carbohydrate
Cholesterol,C14H21N1O1,733.6,10.54,749.589,Alcohol
Cholesterol,C9H7N3O2,735.17,10.07,165.731,Neurotransmitter
Adrenaline,C16H37N0O8,645.86,7.44,963.912,Alcohol
Adenosine triphosphate,C2H14N5O4,576.82,12.71,914.733,Neurotransmitter
Adrenaline,C1H39N5O5,570.1,5.15,694.505,Neurotransmitter
Caffeine,C13H26N3O2,741.24,11.43,444.45,Carbohydrate
Adrenaline,C9H40N2O8,518.97,N/A,499.541,Nucleotide
Adenosine triphosphate,C17H32N0O4,50.82,6.95,29.376,Neurotransmitter
Adrenaline,C4H10N0O2,344.87,6.34,393.673,Carbohydrate
Serotonin,C12H12N5O6,81.89,3.08,605.855,Neurotransmitter
Glucose,C4H19N0O0,513.06,6.36,173.875,Lipid
Cholesterol,C5H1N3O2,198.27,2.51,151.292,Hormone
Dopamine,C20H34N2O8,835.34,13.59,972.663,Carbohydrate
Glucose,C9H35N4O8,555.0,3.6,903.039,Amide
Aspirin,C5H36N5O8,577.31,11.15,959.65,Nucleotide
Aspirin,C6H17N4O10,104.9,12.91,566.455,Nucleotide
Cholesterol,C11H17N2O8,998.5,4.45,324.935,Amide
Caffeine,C18H10N4O0,885.57,2.73,854.641,Neurotransmitter
Cholesterol,C20H24N3O9,843.31,6.46,322.788,Amide
Cholesterol,C12H38N0O9,367.11,12.91,771.887,Hormone
Dopamine,C8H39N1O9,211.14,9.14,260.117,Alcohol
Cholesterol,C16H16N3O4,536.73,10.35,702.549,Amide
Serotonin,C16H21N1O10,819.66,N/A,503.44,Lipid
Adrenaline,C16H3N1O3,387.4,5.31,55.602,Organic Compound
Adrenaline,C17H20N2O8,146.31,11.61,860.791,Organic Compound
Ethanol,C2H4N5O9,842.33,4.83,875.024,Alcohol
Glucose,C2H39N5O8,924.33,11.04,23.644,Carbohydrate
Dopamine,C19H31N1O1,197.31,13.43,456.453,Hormone
Serotonin,C14H18N2O1,712.92,8.79,925.595,Neurotransmitter
Ethanol,C9H31N2O8,246.71,2.35,587.048,Organic Compound
Dopamine,C10H28N4O8,706.79,4.73,814.06,Hormone
Adrenaline,C3H15N0O6,635.4,12.83,167.283,Carbohydrate
Dopamine,C2H36N5O8,623.96,4.06,72.207,Nucleotide
Serotonin,C15H3N0O7,678.96,N/A,22.093,Neurotransmitter
Cholesterol,C1H20N2O7,613.23,N/A,269.297,Carbohydrate
Dopamine,C7H39N4O1,68.53,12.31,274.305,Amide
Serotonin,C1H12N5O4,428.73,N/A,669.102,Hormone
Urea,C7H2N0O7,260.29,12.39,556.554,Carbohydrate
Adrenaline,C15H36N0O10,300.51,N/A,36.871,Carbohydrate
Glucose,C2H7N3O5,655.68,N/A,869.858,Lipid
Adenosine triphosphate,C2H33N1O10,355.27,6.2,767.84,Neurotransmitter
Adenosine triphosphate,C18H18N0O9,355.03,2.07,685.647,Carbohydrate
Adrenaline,C8H14N3O4,658.0,3.13,505.563,Alcohol
Aspirin,C12H4N5O7,792.28,12.33,966.576,Lipid
Aspirin,C8H11N1O6,152.17,12.35,932.655,Amide
Cholesterol,C7H18N3O9,50.66,12.31,789.191,Alcohol
Aspirin,C18H36N0O6,318.52,12.7,680.397,Nucleotide
Serotonin,C7H15N2O0,702.75,11.15,372.221,Alcohol
Cholesterol,C17H1N1O10,201.85,1.62,635.678,Carbohydrate
Cholesterol,C15H34N0O2,810.7,1.76,567.116,Nucleotide
Urea,C8H1N4O5,178.67,5.0,74.185,Alkaloid
Cholesterol,C9H37N4O8,714.15,5.69,644.185,Alkaloid
Caffeine,C19H20N3O1,813.8,10.28,297.741,Nucleotide
Ethanol,C7H31N5O1,104.67,3.77,10.961,Hormone
Adrenaline,C17H34N2O4,686.37,5.94,303.946,Neurotransmitter
Ethanol,C18H15N2O10,327.32,10.11,976.2,Carbohydrate
Urea,C2H6N1O8,429.94,4.29,30.754,Alkaloid
Glucose,C19H30N1O4,793.73,10.28,660.664,Nucleotide
Adenosine triphosphate,C1H22N5O4,209.21,9.77,282.705,Neurotransmitter
Adrenaline,C7H10N2O4,240.46,N/A,592.612,Alkaloid
Caffeine,C6H36N1O2,129.18,1.85,412.034,Hormone
Dopamine,C13H33N4O3,389.4,12.12,399.828,Organic Compound
Adenosine triphosphate,C6H31N5O2,758.43,12.51,173.148,Amide
Ethanol,C18H24N2O8,604.57,11.14,198.054,Neurotransmitter
Urea,C14H1N2O9,181.53,N/A,781.245,Alcohol
Glucose,C13H7N5O0,539.95,5.76,539.51,Hormone
Ethanol,C2H25N2O1,415.88,N/A,544.268,Neurotransmitter
Urea,C4H5N0O10,228.63,2.0,868.888,Nucleotide
Aspirin,C3H23N4O8,653.56,6.86,982.166,Nucleotide
Serotonin,C10H4N4O8,435.39,12.33,518.296,Lipid
Cholesterol,C3H13N3O8,372.7,9.63,453.098,Neurotransmitter
Serotonin,C15H16N3O1,151.42,2.91,488.334,Alkaloid
Cholesterol,C20H36N0O3,854.68,2.26,546.326,Organic Compound
Ethanol,C11H11N0O6,981.2,5.81,501.047,Carbohydrate
Serotonin,C3H1N3O3,651.09,2.47,400.747,Carbohydrate
Serotonin,C18H27N3O5,761.71,N/A,804.172,Carbohydrate
Cholesterol,C16H40N1O4,445.97,8.33,223.712,Alkaloid
Ethanol,C3H8N1O4,60.04,3.94,947.331,Lipid
Urea,C5H12N1O2,770.26,11.25,389.262,Lipid
Serotonin,C7H24N3O3,481.04,N/A,304.006,Nucleotide
Cholesterol,C12H30N0O10,533.07,12.87,976.1,Alkaloid
Adenosine triphosphate,C15H32N4O5,383.81,1.86,807.787,Amide
Glucose,C6H12N1O0,344.94,9.1,394.132,Hormone
Glucose,C1H19N1O6,633.21,5.15,795.936,Nucleotide
Caffeine,C12H33N0O3,515.11,1.25,514.738,Hormone
Dopamine,C17H22N0O4,765.95,4.47,913.932,Neurotransmitter
Glucose,C5H27N4O6,798.62,9.76,139.833,Neurotransmitter
Adrenaline,C6H31N2O4,487.65,11.47,424.071,Alkaloid
Serotonin,C18H2N1O1,950.45,10.54,740.913,Alkaloid
Dopamine,C2H3N5O8,316.65,2.54,960.819,Carbohydrate
Adrenaline,C1H40N5O0,901.88,3.13,218.221,Nucleotide
Adenosine triphosphate,C6H19N5O4,643.25,N/A,346.036,Nucleotide
Caffeine,C14H25N0O8,841.52,4.45,939.834,Organic Compound
Adenosine triphosphate,C5H10N1O9,573.68,4.81,379.794,Organic Compound
Serotonin,C3H16N4O0,361.03,13.32,934.495,Carbohydrate
Urea,C4H11N5O5,261.49,12.39,419.018,Alkaloid
Dopamine,C16H26N5O4,420.42,7.95,277.301,Lipid
Urea,C13H35N5O6,946.75,10.88,137.675,Neurotransmitter
Serotonin,C7H29N2O5,756.5,8.43,31.62,Neurotransmitter
Caffeine,C11H17N1O10,554.59,9.93,698.265,Nucleotide
Adenosine triphosphate,C3H33N0O3,598.15,12.46,292.026,Amide
Adenosine triphosphate,C8H1N3O2,646.08,2.24,56.662,Carbohydrate
Aspirin,C8H27N2O1,645.02,4.02,843.689,Organic Compound
Ethanol,C6H26N5O9,867.28,6.74,170.853,Amide
Adenosine triphosphate,C2H18N3O2,113.77,2.91,703.266,Lipid
Caffeine,C20H13N5O0,937.6,8.05,690.368,Amide
Urea,C4H38N2O7,595.19,N/A,451.901,Nucleotide
Serotonin,C6H38N1O10,947.15,6.7,793.521,Carbohydrate
Ethanol,C17H16N4O5,604.71,4.97,210.61,Carbohydrate
Adrenaline,C18H12N0O9,173.05,7.03,785.109,Amide
Glucose,C13H12N4O9,63.24,9.75,444.671,Lipid
Caffeine,C14H5N4O9,895.95,1.19,968.736,Hormone
Ethanol,C7H38N2O7,284.16,9.55,92.297,Neurotransmitter
Dopamine,C16H9N5O5,963.91,12.29,128.845,Carbohydrate
Urea,C12H26N4O9,939.75,5.73,185.839,Organic Compound
Cholesterol,C20H31N3O7,196.31,11.13,972.135,Neurotransmitter
Serotonin,C7H26N5O9,419.73,4.07,273.132,Alcohol
Urea,C10H4N1O3,153.92,13.54,322.538,Lipid
Glucose,C9H6N0O6,292.32,13.5,637.73,Nucleotide
Cholesterol,C7H33N1O1,506.61,N/A,2.293,Carbohydrate
Urea,C8H34N3O1,632.92,6.44,173.579,Neurotransmitter
Dopamine,C16H13N4O9,868.3,N/A,616.247,Nucleotide
Dopamine,C12H1N3O2,777.31,6.36,48.438,Lipid
Ethanol,C11H21N0O5,496.69,13.65,642.816,Hormone
Ethanol,C13H1N2O3,737.26,8.2,648.028,Amide
Caffeine,C9H34N5O3,222.17,11.95,171.586,Carbohydrate
Dopamine,C2H7N3O2,146.8,11.13,203.341,Amide
Glucose,C8H31N2O7,389.07,1.09,235.438,Alcohol
Urea,C11H23N3O5,561.9,8.15,769.004,Amide
Aspirin,C14H40N5O7,307.63,11.49,759.307,Lipid
Glucose,C15H32N2O2,969.41,2.88,268.508,Carbohydrate
Serotonin,C15H6N5O3,838.66,3.84,591.813,Organic Compound
Dopamine,C8H21N3O7,717.48,10.81,613.198,Organic Compound
Serotonin,C12H28N4O2,597.31,5.77,266.917,Organic Compound
Cholesterol,C14H16N0O7,275.31,4.69,26.359,Alcohol
Dopamine,C10H6N5O7,913.31,N/A,268.066,Amide
Adrenaline,C5H12N1O6,170.18,2.75,833.865,Nucleotide
Dopamine,C15H1N1O0,240.71,13.34,250.553,Alkaloid
Adenosine triphosphate,C6H35N3O6,881.78,6.02,33.324,Carbohydrate
Adenosine triphosphate,C1H17N2O6,73.49,7.79,944.43,Nucleotide
Serotonin,C12H2N3O5,300.16,1.68,384.1,Nucleotide
Glucose,C18H19N1O9,834.34,7.05,33.503,Carbohydrate
Dopamine,C7H27N2O3,485.91,13.09,342.808,Hormone
Caffeine,C1H24N5O3,731.66,10.02,289.423,Carbohydrate
Adenosine triphosphate,C4H36N1O3,817.86,10.37,915.886,Neurotransmitter
Aspirin,C12H1N1O3,94.28,12.68,347.518,Neurotransmitter
Urea,C19H22N0O10,323.06,13.63,237.967,Carbohydrate
Caffeine,C17H20N4O6,247.29,3.5,358.693,Hormone
Adenosine triphosphate,C3H14N0O0,876.03,N/A,406.591,Neurotransmitter
Caffeine,C16H29N3O4,864.37,N/A,924.109,Carbohydrate
Aspirin,C15H7N5O2,955.45,8.08,381.992,Amide
Cholesterol,C5H1N0O0,654.55,10.18,643.903,Organic Compound
Dopamine,C15H15N2O3,205.15,6.48,600.828,Carbohydrate
Urea,C7H9N0O7,992.29,N/A,204.259,Carbohydrate
Caffeine,C6H40N5O9,976.33,N/A,980.214,Neurotransmitter
Caffeine,C2H15N3O10,953.8,8.33,639.726,Neurotransmitter
Glucose,C10H14N1O9,410.74,11.71,497.724,Amide
Caffeine,C17H2N4O1,585.78,13.42,455.308,Nucleotide
Adenosine triphosphate,C7H33N5O1,98.02,3.48,842.08,Alkaloid
Cholesterol,C6H1N4O7,296.12,12.84,340.334,Organic Compound
Dopamine,C2H5N3O2,136.22,13.73,985.389,Lipid
Glucose,C10H23N1O2,779.68,3.32,509.884,Lipid
Cholesterol,C12H14N2O0,580.72,9.51,134.47,Nucleotide
Ethanol,C9H9N5O8,169.89,11.7,599.421,Amide
Cholesterol,C3H16N1O6,321.53,2.36,796.554,Alkaloid
Urea,C17H23N2O4,276.53,12.78,685.017,Alcohol
Dopamine,C20H39N5O8,59.54,1.72,931.88,Alcohol
Glucose,C5H33N0O0,478.43,7.55,827.552,Alcohol
Aspirin,C7H3N0O7,622.86,11.57,945.087,Amide
Adenosine triphosphate,C13H21N1O8,236.14,N/A,729.905,Hormone
Dopamine,C18H13N1O7,671.76,9.47,684.173,Lipid
Adrenaline,C19H7N0O5,215.79,N/A,670.616,Amide
Caffeine,C17H12N2O1,927.27,7.17,793.314,Carbohydrate
Cholesterol,C10H1N5O5,503.31,N/A,662.169,Amide
Serotonin,C7H30N3O8,983.0,N/A,824.784,Alkaloid
Urea,C10H21N5O10,630.41,9.4,568.975,Carbohydrate
Cholesterol,C12H12N4O0,870.81,2.22,751.038,Alkaloid
Ethanol,C8H13N0O3,594.61,12.56,264.907,Hormone
Urea,C12H14N3O10,365.31,3.23,183.806,Amide
Dopamine,C10H26N4O7,89.25,10.19,765.428,Alcohol
Ethanol,C2H15N1O6,394.63,N/A,534.764,Alcohol
Serotonin,C3H20N4O8,825.07,N/A,982.306,Alcohol
Adrenaline,C13H28N1O1,527.95,8.56,793.206,Alkaloid
Serotonin,C13H13N3O9,705.24,6.71,503.51,Amide
Ethanol,C6H28N3O1,560.88,N/A,633.431,Carbohydrate
Cholesterol,C7H13N5O0,791.97,5.08,472.135,Alkaloid
Urea,C5H30N3O2,528.98,8.49,657.401,Nucleotide
Urea,C3H34N5O7,241.53,7.7,675.852,Organic Compound
Caffeine,C18H24N5O0,156.24,9.08,64.091,Alkaloid
Caffeine,C16H29N5O7,563.78,N/A,886.472,Carbohydrate
Caffeine,C4H3N0O9,150.9,12.54,8.557,Organic Compound
Aspirin,C7H6N5O1,865.02,7.51,73.529,Amide
Glucose,C2H9N5O1,538.34,N/A,507.452,Alcohol
Adenosine triphosphate,C8H19N4O5,296.04,1.52,148.447,Nucleotide
Glucose,C19H11N3O5,898.12,N/A,913.814,Hormone
Urea,C4H33N4O6,369.66,10.47,746.757,Alkaloid
Caffeine,C18H38N1O4,189.23,4.78,917.245,Alcohol
Adenosine triphosphate,C6H36N2O5,294.72,3.24,453.973,Organic Compound
Serotonin,C9H17N4O8,549.04,N/A,156.948,Hormone
Cholesterol,C2H34N0O4,122.04,6.54,573.761,Neurotransmitter
Urea,C4H15N1O10,299.87,3.94,862.215,Neurotransmitter
Aspirin,C2H15N3O5,83.34,N/A,269.631,Amide
Ethanol,C17H39N2O10,290.98,N/A,393.248,Amide
Aspirin,C8H40N4O10,149.88,9.43,508.399,Amide
Adenosine triphosphate,C6H22N4O5,666.22,2.0,733.322,Amide
Adrenaline,C10H18N0O7,428.98,2.78,471.801,Lipid
Adenosine triphosphate,C7H29N4O3,118.43,8.11,979.615,Nucleotide
Serotonin,C1H15N1O2,624.63,13.98,59.496,Alkaloid
Adrenaline,C6H27N1O9,668.56,12.29,947.599,Amide
Serotonin,C16H38N1O7,571.6,9.7,723.151,Alkaloid
Cholesterol,C4H13N5O0,434.38,10.03,980.003,Lipid
Caffeine,C5H13N3O2,943.45,5.6,771.296,Neurotransmitter
Urea,C11H37N5O0,965.49,2.22,194.359,Lipid
Urea,C12H3N5O3,816.19,7.2,515.771,Carbohydrate
Cholesterol,C5H6N0O5,841.67,N/A,31.389,Amide
Dopamine,C13H31N2O2,626.94,13.12,549.879,Carbohydrate
Adenosine triphosphate,C17H8N1O6,725.13,1.42,501.717,Amide
Cholesterol,C18H11N3O4,841.57,12.99,714.322,Carbohydrate
Ethanol,C10H34N3O0,89.24,11.88,632.185,Alkaloid
Cholesterol,C13H4N0O6,88.26,5.0,35.579,Hormone
Adrenaline,C14H33N0O8,876.62,13.64,963.052,Organic Compound
Caffeine,C10H26N2O9,526.41,6.62,344.463,Lipid
Serotonin,C10H19N1O4,98.33,N/A,565.108,Lipid
Serotonin,C15H28N0O8,199.55,11.86,366.361,Nucleotide
Ethanol,C2H7N2O3,284.47,N/A,926.723,Carbohydrate
Glucose,C16H17N1O9,98.22,12.44,352.384,Neurotransmitter
Urea,C5H17N1O2,746.45,9.22,679.352,Organic Compound
Adenosine triphosphate,C13H3N0O3,196.78,6.32,325.043,Lipid
Caffeine,C9H17N4O7,816.65,12.55,959.118,Amide
Caffeine,C20H2N0O8,938.18,1.49,793.304,Alkaloid
Dopamine,C1H2N4O8,604.55,5.26,760.534,Hormone
Dopamine,C17H29N0O8,119.43,2.08,321.219,Alkaloid
Urea,C8H18N5O7,725.48,2.14,53.486,Amide
Aspirin,C11H34N1O10,203.03,13.4,778.538,Carbohydrate
Caffeine,C17H8N4O3,664.67,12.8,248.133,Organic Compound
Aspirin,C3H6N3O7,915.39,12.63,743.4,Hormone
Caffeine,C13H1N4O2,134.34,13.77,952.104,Amide
Ethanol,C5H5N4O2,410.28,6.55,952.121,Neurotransmitter
Adenosine triphosphate,C4H2N0O2,368.61,13.0,47.244,Nucleotide
Glucose,C14H8N5O6,511.51,1.89,102.802,Alcohol
Urea,C12H14N5O8,679.62,8.15,361.971,Lipid
Urea,C15H12N3O9,98.66,N/A,942.744,Organic Compound
Urea,C15H10N4O10,336.21,13.91,826.852,Alcohol
Urea,C19H4N1O2,832.89,1.04,162.015,Nucleotide
Adenosine triphosphate,C10H2N0O7,425.95,4.53,16.672,Amide
Cholesterol,C17H20N1O5,407.8,4.33,461.662,Neurotransmitter
Urea,C7H23N1O1,615.34,2.82,5.274,Carbohydrate
Adrenaline,C2H8N1O9,161.09,8.45,542.992,Carbohydrate
Dopamine,C19H11N0O6,706.73,6.16,705.149,Alkaloid
Urea,C14H19N4O3,89.72,9.12,580.56,Alcohol
Dopamine,C11H9N5O9,244.36,12.02,501.813,Alkaloid
Cholesterol,C10H26N3O8,688.82,13.34,335.218,Amide
Cholesterol,C20H24N0O6,895.23,1.94,844.3,Nucleotide
Glucose,C11H8N1O8,946.82,4.96,800.994,Nucleotide
Cholesterol,C2H35N5O10,817.2,7.73,172.793,Nucleotide
Dopamine,C4H4N2O3,237.94,9.88,775.233,Amide
Aspirin,C13H23N2O0,910.92,9.04,435.271,Amide
Adrenaline,C10H5N5O5,335.11,11.77,922.682,Alkaloid
Adrenaline,C11H20N2O4,260.58,3.48,435.297,Organic Compound
Caffeine,C15H27N5O2,705.85,10.43,645.268,Hormone
Serotonin,C14H26N5O9,722.15,4.82,778.107,Lipid
Cholesterol,C9H37N5O2,666.22,12.98,209.243,Amide
Cholesterol,C4H32N5O5,226.44,11.66,429.466,Hormone
Glucose,C4H19N3O10,521.5,8.59,625.912,Neurotransmitter
Dopamine,C7H29N3O8,892.31,N/A,659.2,Carbohydrate
Adenosine triphosphate,C5H18N5O2,416.82,8.6,94.644,Neurotransmitter
Dopamine,C16H5N5O8,347.52,8.21,209.494,Alcohol
Aspirin,C12H11N4O8,995.42,4.67,3.304,Nucleotide
Adrenaline,C11H15N4O6,338.4,11.3,617.158,Lipid
Adrenaline,C8H37N2O8,104.49,12.18,691.748,Lipid
Aspirin,C20H23N1O7,272.61,4.57,76.921,Amide
Ethanol,C16H39N0O7,212.15,12.15,319.434,Amide
Glucose,C17H19N5O8,262.86,8.96,414.58,Nucleotide
Adrenaline,C13H24N0O7,339.13,9.05,272.169,Alkaloid
Glucose,C9H11N2O5,424.07,1.71,106.235,Organic Compound
Adrenaline,C7H35N1O6,694.16,1.59,675.81,Carbohydrate
Serotonin,C9H37N2O5,987.9,11.63,427.069,Carbohydrate
Cholesterol,C10H30N2O10,481.76,6.5,464.943,Lipid
Cholesterol,C4H6N0O7,169.84,1.75,648.885,Amide
Glucose,C16H27N4O8,158.53,3.7,650.354,Hormone
Glucose,C11H5N2O1,127.56,10.98,863.415,Hormone
Dopamine,C2H9N2O7,942.89,3.04,19.119,Amide
Adenosine triphosphate,C4H14N1O9,493.6,3.04,786.188,Lipid
Adrenaline,C8H2N2O5,448.36,8.24,478.947,Amide
Dopamine,C7H18N3O6,987.08,5.65,386.555,Alcohol
Dopamine,C20H33N5O5,550.88,11.85,556.294,Alcohol
Ethanol,C15H21N5O4,734.5,2.84,334.97,Nucleotide
Cholesterol,C3H9N3O2,691.19,11.02,720.867,Organic Compound
Aspirin,C10H17N0O0,618.79,3.68,311.221,Organic Compound
Aspirin,C15H40N5O9,733.32,N/A,333.543,Hormone
Dopamine,C20H4N1O1,127.31,1.33,805.67,Hormone
Urea,C10H16N5O2,85.68,8.13,490.876,Nucleotide
Cholesterol,C19H32N5O10,896.82,N/A,360.887,Carbohydrate
Glucose,C18H1N5O8,687.96,N/A,546.308,Alcohol
Cholesterol,C8H5N0O10,83.58,N/A,61.422,Hormone
Aspirin,C17H35N4O6,474.43,4.87,258.435,Organic Compound
Adrenaline,C9H40N2O5,117.97,8.09,381.074,Nucleotide
Adenosine triphosphate,C6H25N0O9,738.85,2.79,681.404,Alcohol
Urea,C10H19N5O5,500.81,11.96,665.345,Alcohol
Aspirin,C10H38N5O3,116.23,6.57,425.496,Organic Compound
Dopamine,C13H36N1O7,223.35,N/A,735.714,Nucleotide
Aspirin,C11H14N4O2,893.7,N/A,21.894,Carbohydrate
Adrenaline,C12H24N5O3,274.26,7.93,147.954,Neurotransmitter
Dopamine,C18H40N5O10,77.89,6.7,803.858,Amide
Serotonin,C9H4N4O6,186.1,9.85,406.313,Alcohol
Dopamine,C13H24N3O9,799.39,7.35,210.253,Carbohydrate
Adrenaline,C6H27N0O10,748.45,3.48,929.706,Lipid
Urea,C20H25N0O2,872.72,8.31,966.189,Carbohydrate
Serotonin,C5H29N1O3,298.74,5.65,890.603,Lipid
Aspirin,C3H35N4O6,372.87,11.58,244.887,Organic Compound
Cholesterol,C4H17N2O4,864.74,N/A,405.166,Neurotransmitter
Adenosine triphosphate,C4H14N2O5,670.08,7.57,759.287,Nucleotide
Adrenaline,C7H7N4O6,294.75,7.83,731.73,Hormone
Glucose,C5H4N2O1,311.38,5.69,894.289,Lipid
Adenosine triphosphate,C19H6N3O9,366.98,2.39,127.278,Nucleotide
Cholesterol,C13H31N4O2,394.84,N/A,281.302,Lipid
Adenosine triphosphate,C8H19N1O9,953.36,3.16,912.887,Neurotransmitter
Serotonin,C19H39N5O0,322.66,5.35,541.423,Hormone
Ethanol,C1H25N1O1,870.98,7.48,755.264,Alcohol
Cholesterol,C20H25N0O4,984.36,5.41,522.113,Nucleotide
Caffeine,C11H7N5O1,161.01,7.3,279.478,Alcohol
Adrenaline,C11H15N5O8,457.88,4.31,983.08,Alkaloid
Ethanol,C4H16N1O0,916.06,8.09,179.811,Amide
Urea,C14H38N3O3,505.67,N/A,218.922,Nucleotide
Cholesterol,C6H17N0O7,408.5,8.17,446.583,Amide
Cholesterol,C13H10N4O10,930.38,5.03,208.092,Carbohydrate
Adenosine triphosphate,C5H15N4O7,142.16,13.68,48.281,Hormone
Dopamine,C1H35N2O4,59.03,7.08,619.521,Alcohol
Cholesterol,C6H3N4O2,527.1,5.6,10.313,Neurotransmitter
Aspirin,C10H31N3O1,236.94,5.89,295.37,Alkaloid
Adrenaline,C3H28N2O2,220.54,1.8,439.702,Lipid
Urea,C17H11N5O9,835.05,4.02,646.493,Organic Compound
Cholesterol,C12H38N4O2,893.58,12.53,733.576,Organic Compound
Adrenaline,C6H37N2O4,88.74,1.57,461.981,Neurotransmitter
Aspirin,C2H33N0O3,379.16,5.72,200.29,Hormone
Adenosine triphosphate,C2H25N1O0,189.33,N/A,962.141,Nucleotide
Serotonin,C7H20N1O2,617.69,3.27,732.363,Amide
Adenosine triphosphate,C13H40N0O0,889.55,9.26,512.947,Nucleotide
Serotonin,C5H1N4O6,774.91,13.06,599.638,Nucleotide
Caffeine,C13H19N3O4,308.86,1.2,827.163,Alcohol
Urea,C3H13N3O7,683.07,N/A,304.296,Alcohol
Cholesterol,C3H15N3O3,204.8,11.17,987.41,Hormone
Adrenaline,C7H9N1O10,142.58,N/A,174.92,Alkaloid
Caffeine,C7H12N0O5,359.66,N/A,245.676,Organic Compound
Caffeine,C2H26N1O5,522.63,8.07,290.193,Carbohydrate
Serotonin,C16H23N3O3,797.6,12.61,515.709,Alkaloid
Dopamine,C17H7N4O7,721.52,N/A,948.851,Lipid
Caffeine,C6H22N4O3,497.36,N/A,617.285,Carbohydrate
Ethanol,C20H10N0O8,354.39,7.59,442.207,Carbohydrate
Aspirin,C15H6N2O3,393.75,N/A,348.783,Alcohol
Aspirin,C12H11N3O2,56.08,9.54,916.485,Amide
Serotonin,C5H27N1O5,130.77,4.67,207.245,Nucleotide
Dopamine,C18H30N0O6,115.87,7.03,470.767,Alcohol
Caffeine,C20H38N1O7,819.79,N/A,495.785,Neurotransmitter
Serotonin,C18H10N1O8,227.56,13.77,647.994,Hormone
Glucose,C3H28N5O8,770.71,N/A,373.962,Carbohydrate
Ethanol,C11H7N2O5,88.03,8.13,819.422,Neurotransmitter
Serotonin,C9H30N2O1,212.12,6.65,117.487,Lipid
Ethanol,C14H18N4O6,682.46,13.56,367.572,Hormone
Caffeine,C20H34N0O2,477.66,N/A,217.081,Organic Compound
Adrenaline,C20H9N1O1,142.66,N/A,450.019,Carbohydrate
Cholesterol,C16H12N3O1,829.1,10.07,86.335,Hormone
Aspirin,C15H39N1O9,927.71,11.09,370.82,Lipid
Urea,C8H30N1O5,236.05,1.24,141.22,Alkaloid
Adrenaline,C7H17N4O2,330.03,7.28,886.992,Amide
Urea,C3H4N4O8,117.54,N/A,392.953,Nucleotide
Serotonin,C2H29N5O2,758.51,3.83,252.388,Lipid
Aspirin,C7H4N1O3,341.58,13.11,360.906,Amide
Caffeine,C14H36N3O7,431.58,N/A,775.221,Alkaloid
Cholesterol,C10H11N1O10,459.57,10.54,549.159,Nucleotide
Aspirin,C10H17N4O10,736.52,9.23,366.792,Organic Compound
Cholesterol,C19H5N4O2,860.18,11.36,943.336,Amide
Aspirin,C6H15N2O4,50.47,4.47,98.822,Nucleotide
Dopamine,C6H16N2O8,868.98,5.76,114.188,Hormone
Aspirin,C5H34N4O5,495.37,N/A,44.218,Neurotransmitter
Adrenaline,C1H31N0O5,983.83,N/A,109.499,Organic Compound
Ethanol,C8H24N0O10,253.78,8.21,958.656,Organic Compound
Cholesterol,C15H39N0O10,597.73,6.32,861.946,Neurotransmitter
Dopamine,C7H39N2O2,908.62,N/A,124.688,Carbohydrate
Serotonin,C9H1N2O8,158.77,1.52,569.102,Amide
Urea,C4H14N1O9,415.07,13.14,179.145,Alcohol
Dopamine,C16H5N1O4,272.63,8.39,300.955,Carbohydrate
Urea,C4H21N0O9,256.04,11.75,12.378,Hormone
Cholesterol,C16H2N2O6,928.59,4.62,788.723,Lipid
Cholesterol,C11H27N5O10,758.4,3.38,163.73,Organic Compound
Cholesterol,C6H40N1O2,766.81,1.98,97.22,Hormone
Adrenaline,C20H20N5O7,897.09,7.2,542.917,Nucleotide
Serotonin,C16H13N2O5,460.54,N/A,171.693,Hormone
Caffeine,C9H8N2O1,418.8,12.33,477.722,Carbohydrate
Dopamine,C19H22N0O0,781.86,13.13,339.439,Neurotransmitter
Aspirin,C19H39N0O10,146.31,8.89,670.222,Neurotransmitter
Dopamine,C20H1N1O5,102.58,N/A,192.036,Carbohydrate
Urea,C7H33N3O7,754.01,12.15,678.823,Amide
Serotonin,C16H20N3O6,451.54,8.64,203.853,Hormone
Glucose,C13H22N5O0,997.71,3.79,50.211,Hormone
Adenosine triphosphate,C17H9N4O5,431.47,8.31,491.563,Amide
Caffeine,C1H2N1O2,457.5,3.17,40.876,Nucleotide
Adenosine triphosphate,C14H40N2O2,706.17,12.31,139.779,Alkaloid
Urea,C5H17N0O3,249.62,9.44,989.758,Lipid
Adenosine triphosphate,C15H9N3O6,351.74,1.61,280.754,Nucleotide
Glucose,C3H12N2O9,409.36,2.0,291.388,Alcohol
Urea,C18H24N3O9,694.52,N/A,284.741,Neurotransmitter
Glucose,C11H5N4O1,913.93,N/A,104.769,Alkaloid
Caffeine,C3H14N2O6,68.12,10.33,545.776,Organic Compound
Caffeine,C19H17N3O9,57.99,6.84,660.5,Alcohol
Glucose,C11H16N3O0,670.89,10.42,63.13,Alkaloid
Adenosine triphosphate,C14H35N4O3,910.38,1.98,880.174,Nucleotide
Serotonin,C5H3N1O4,87.88,7.87,310.776,Alkaloid
Caffeine,C5H23N5O4,508.11,N/A,170.249,Amide
Serotonin,C17H34N2O5,976.22,8.4,850.569,Amide
Dopamine,C3H21N1O5,905.27,N/A,31.139,Carbohydrate
Glucose,C10H6N5O7,390.9,10.16,419.958,Nucleotide
Caffeine,C16H29N5O1,930.64,13.53,459.2,Hormone
Aspirin,C12H10N4O10,394.56,5.08,676.31,Organic Compound
Urea,C2H22N5O1,306.66,N/A,800.972,Amide
Urea,C9H14N4O5,925.12,N/A,729.026,Alcohol
Urea,C17H32N0O6,252.76,11.3,455.218,Alkaloid
Dopamine,C6H1N1O1,520.79,11.39,530.178,Carbohydrate
Serotonin,C6H15N4O3,793.89,2.94,33.802,Neurotransmitter
Adrenaline,C18H5N3O7,741.07,13.94,980.195,Alcohol
Adenosine triphosphate,C17H35N5O4,400.28,9.0,654.207,Alkaloid
Glucose,C18H17N4O6,520.72,5.17,444.271,Alkaloid
Caffeine,C14H10N2O10,774.82,N/A,768.329,Neurotransmitter
Serotonin,C15H25N1O3,972.76,12.64,41.851,Neurotransmitter
Cholesterol,C14H30N5O9,978.5,N/A,538.501,Neurotransmitter
Serotonin,C10H20N2O0,137.62,10.51,911.695,Carbohydrate
Serotonin,C12H13N1O1,978.27,8.35,34.378,Alcohol
Caffeine,C20H11N3O2,751.65,2.24,491.548,Lipid
Dopamine,C12H36N4O2,369.63,N/A,723.597,Alcohol
Ethanol,C1H12N1O8,610.83,7.17,594.294,Alkaloid
Adenosine triphosphate,C16H4N2O8,481.01,6.3,679.357,Nucleotide
Dopamine,C12H34N3O5,254.27,9.44,349.864,Alkaloid
Serotonin,C3H8N0O2,955.55,5.89,392.835,Alkaloid
Ethanol,C20H29N0O6,260.68,N/A,444.616,Neurotransmitter
Cholesterol,C7H12N5O2,848.21,6.86,122.981,Lipid
Urea,C12H16N5O2,279.38,10.8,344.373,Amide
Serotonin,C8H26N4O8,126.69,12.27,55.071,Nucleotide
Urea,C17H23N0O2,664.87,11.68,520.951,Alcohol
Urea,C18H24N1O4,944.02,11.84,869.889,Carbohydrate
Dopamine,C19H22N3O8,107.66,2.68,765.198,Hormone
Adrenaline,C13H40N3O7,673.28,10.75,800.552,Hormone
Adrenaline,C3H13N4O0,316.06,9.72,633.368,Lipid
Adrenaline,C11H27N3O7,156.75,5.69,118.168,Organic Compound
Ethanol,C4H21N1O2,486.54,4.66,905.84,Alcohol
Cholesterol,C3H9N4O9,741.45,1.32,479.617,Alcohol
Aspirin,C17H13N2O6,128.5,11.87,603.421,Amide
Caffeine,C4H30N4O8,704.79,N/A,128.913,Alkaloid
Serotonin,C2H22N4O5,110.89,3.11,516.12,Amide
Adenosine triphosphate,C14H18N3O8,730.76,N/A,476.281,Alkaloid
Ethanol,C11H14N4O1,761.59,5.93,524.116,Nucleotide
Dopamine,C20H19N4O6,764.11,N/A,445.468,Carbohydrate
Adenosine triphosphate,C1H6N5O9,349.11,8.97,530.051,Nucleotide
Dopamine,C7H8N0O1,808.44,N/A,541.528,Neurotransmitter
Dopamine,C2H28N0O3,292.91,3.18,753.379,Carbohydrate
Adrenaline,C7H20N4O1,111.66,10.89,627.772,Amide
Cholesterol,C11H11N2O2,376.67,12.11,685.689,Hormone
Ethanol,C3H18N0O3,558.54,9.99,4.429,Alkaloid
Adrenaline,C16H12N1O5,542.73,N/A,0.884,Alkaloid
Cholesterol,C8H1N3O2,580.6,N/A,485.323,Neurotransmitter
Aspirin,C3H14N4O1,351.54,5.1,244.917,Neurotransmitter
Glucose,C19H21N4O7,796.47,3.09,493.843,Carbohydrate
Caffeine,C10H8N2O10,410.35,N/A,131.26,Amide
Caffeine,C13H18N1O4,312.34,4.45,656.067,Organic Compound
Serotonin,C10H29N5O4,389.9,3.04,518.852,Neurotransmitter
Ethanol,C16H28N2O6,147.01,4.13,440.035,Alcohol
Adrenaline,C1H26N1O7,634.5,2.27,893.412,Carbohydrate
Adrenaline,C7H8N0O6,353.0,6.92,60.621,Neurotransmitter
Caffeine,C4H31N0O2,70.52,2.58,554.133,Lipid
Adenosine triphosphate,C19H6N1O7,651.72,4.28,609.572,Alcohol
Adrenaline,C14H28N3O10,749.52,13.29,715.533,Amide
Urea,C6H14N2O3,616.39,5.69,982.443,Organic Compound
Adenosine triphosphate,C19H8N1O5,307.3,12.98,594.527,Neurotransmitter
Glucose,C3H35N3O2,422.92,5.0,358.744,Hormone
Cholesterol,C7H5N4O8,856.01,6.87,809.581,Organic Compound
Urea,C9H3N0O5,667.18,1.7,469.801,Neurotransmitter
Aspirin,C8H4N4O1,768.15,13.26,917.641,Nucleotide
Serotonin,C8H20N0O0,363.86,2.23,458.173,Neurotransmitter
Aspirin,C8H12N2O7,840.22,N/A,419.329,Alcohol
Serotonin,C20H40N5O0,852.48,4.24,519.261,Carbohydrate
Urea,C6H36N4O9,406.52,3.73,236.706,Hormone
Glucose,C13H6N4O0,579.52,10.5,739.748,Nucleotide
Glucose,C15H15N1O1,322.06,N/A,966.308,Hormone
Adrenaline,C5H21N2O9,564.07,9.12,297.801,Carbohydrate
Serotonin,C9H7N3O8,843.61,N/A,184.742,Alcohol
Cholesterol,C20H24N3O8,245.36,N/A,582.097,Amide
Cholesterol,C5H35N3O8,187.11,8.76,600.9,Hormone
Aspirin,C11H3N0O9,264.08,N/A,103.746,Alcohol
Caffeine,C15H4N0O9,417.54,8.26,109.256,Carbohydrate
Dopamine,C15H30N3O6,943.44,3.48,797.705,Alkaloid
Dopamine,C15H27N1O7,700.94,13.54,96.634,Neurotransmitter
Serotonin,C11H29N4O9,315.98,N/A,371.456,Alcohol
Urea,C15H6N0O6,144.39,7.94,709.694,Alcohol
Glucose,C14H2N1O4,829.21,6.49,175.143,Alcohol
Serotonin,C12H38N4O4,105.95,12.84,147.872,Neurotransmitter
Aspirin,C14H22N0O6,540.62,9.66,792.109,Amide
Aspirin,C15H40N3O7,98.87,1.01,286.782,Lipid
Dopamine,C16H4N4O9,468.89,N/A,370.543,Hormone
Serotonin,C14H35N2O1,388.53,2.05,495.94,Carbohydrate
Serotonin,C12H2N1O5,333.98,N/A,511.705,Lipid
Serotonin,C18H13N5O7,653.86,10.93,437.555,Hormone
Serotonin,C8H7N2O9,918.96,N/A,233.786,Carbohydrate
Adenosine triphosphate,C19H27N0O10,285.64,N/A,605.165,Hormone
Dopamine,C17H34N2O3,174.73,3.57,993.645,Alkaloid
Dopamine,C20H27N3O1,988.23,9.27,139.317,Alcohol
Ethanol,C7H20N1O5,261.41,6.79,252.34,Hormone
Caffeine,C20H34N2O2,545.33,7.66,841.786,Lipid
Caffeine,C1H31N4O0,228.41,3.13,850.308,Alcohol
Glucose,C20H22N1O2,321.34,5.2,190.487,Carbohydrate
Cholesterol,C20H7N0O5,88.96,10.82,602.671,Carbohydrate
Caffeine,C12H8N2O0,978.32,13.03,552.035,Nucleotide
Adrenaline,C3H23N4O1,804.49,N/A,818.302,Nucleotide
Serotonin,C8H3N2O5,586.3,12.79,564.804,Carbohydrate
Dopamine,C13H15N3O10,862.86,1.72,422.578,Amide
Glucose,C12H40N0O1,231.65,6.69,94.558,Alkaloid
Aspirin,C3H14N3O5,55.37,4.28,554.451,Organic Compound
Caffeine,C6H18N5O5,726.06,2.82,795.284,Amide
Urea,C4H16N0O2,357.99,8.1,526.878,Organic Compound
Aspirin,C4H16N2O2,458.89,1.92,412.226,Alkaloid
Urea,C14H8N2O4,613.5,7.33,335.694,Alkaloid
Adenosine triphosphate,C11H3N2O2,124.23,N/A,750.447,Nucleotide
Dopamine,C12H16N0O4,535.02,4.16,655.294,Alkaloid
Ethanol,C7H12N5O6,182.69,4.04,556.788,Hormone
Adrenaline,C19H32N5O7,723.62,10.99,134.982,Organic Compound
Aspirin,C10H8N1O5,627.87,4.22,307.419,Alkaloid
Serotonin,C15H38N5O7,320.41,N/A,645.066,Lipid
Serotonin,C3H5N4O9,558.74,4.37,93.481,Neurotransmitter
Adrenaline,C5H1N0O3,478.36,N/A,523.579,Neurotransmitter
Cholesterol,C16H33N0O6,327.46,5.88,309.535,Alkaloid
Adenosine triphosphate,C1H9N5O8,565.79,7.18,656.852,Amide
Glucose,C12H5N5O9,492.76,12.08,603.234,Nucleotide
Urea,C12H26N0O7,273.31,12.37,458.62,Hormone
Aspirin,C11H36N0O7,624.77,6.41,238.356,Lipid
Serotonin,C6H39N1O1,496.47,7.31,926.132,Hormone
Serotonin,C15H3N4O9,481.02,N/A,468.73,Lipid
Glucose,C6H39N4O0,320.36,3.6,720.378,Neurotransmitter
Dopamine,C20H2N0O5,791.77,4.49,318.21,Hormone
Dopamine,C11H38N2O8,904.02,3.71,292.304,Lipid
Glucose,C18H32N3O4,537.08,8.9,788.874,Alcohol
Urea,C12H38N4O8,522.21,4.08,165.337,Organic Compound
Glucose,C1H4N1O2,912.84,N/A,954.797,Organic Compound
Dopamine,C4H29N2O3,51.01,N/A,627.742,Carbohydrate
Dopamine,C16H38N1O10,936.12,10.35,132.025,Alkaloid
Glucose,C2H4N2O10,750.9,3.56,796.014,Carbohydrate
Urea,C9H8N0O3,642.32,4.74,71.605,Alkaloid
Urea,C11H1N4O7,163.79,4.89,136.452,Organic Compound
Glucose,C3H5N5O1,440.8,3.25,989.365,Organic Compound
Cholesterol,C13H13N4O9,451.36,8.23,697.144,Alkaloid
Glucose,C2H24N2O7,274.62,3.37,937.451,Neurotransmitter
Aspirin,C3H27N5O5,455.1,9.18,631.973,Alkaloid
Serotonin,C10H17N1O0,844.35,N/A,383.621,Lipid
Adenosine triphosphate,C3H40N0O0,754.39,11.07,420.715,Carbohydrate
Dopamine,C19H4N3O10,533.54,N/A,238.95,Alkaloid
Dopamine,C17H38N0O4,196.62,13.28,174.226,Organic Compound
Ethanol,C8H15N3O1,552.06,11.38,68.18,Carbohydrate
Cholesterol,C7H37N5O7,193.61,8.15,300.298,Organic Compound
Adrenaline,C2H35N2O2,183.44,1.28,707.538,Lipid
Adenosine triphosphate,C18H30N3O4,547.08,8.4,457.545,Amide
Urea,C16H33N3O9,826.45,7.48,536.389,Alkaloid
Adenosine triphosphate,C1H25N3O9,898.68,13.24,442.206,Organic Compound
Serotonin,C2H33N0O2,964.99,9.08,475.161,Neurotransmitter
Dopamine,C10H36N5O9,467.13,5.05,784.894,Lipid
Adenosine triphosphate,C8H27N3O1,848.88,8.54,669.798,Neurotransmitter
Aspirin,C12H36N4O7,793.11,7.48,795.155,Hormone
Dopamine,C10H9N0O0,700.42,12.63,466.241,Amide
Caffeine,C20H5N1O5,355.17,5.09,484.956,Lipid
Dopamine,C4H20N2O10,185.47,2.02,908.826,Organic Compound
Dopamine,C5H12N1O1,792.17,1.03,648.068,Nucleotide
Serotonin,C10H14N3O0,991.45,2.48,495.978,Amide
Ethanol,C7H5N4O8,309.61,N/A,961.153,Hormone
Aspirin,C9H16N1O7,922.06,8.7,209.104,Carbohydrate
Adenosine triphosphate,C19H1N4O10,408.65,3.69,144.923,Neurotransmitter
Caffeine,C8H40N1O2,562.68,6.45,406.64,Lipid
Adenosine triphosphate,C5H38N4O3,223.96,6.95,573.34,Hormone
Adrenaline,C6H22N4O1,246.51,3.23,544.993,Neurotransmitter
Aspirin,C2H28N2O3,652.23,8.29,783.297,Organic Compound
Glucose,C19H19N5O1,622.7,3.61,198.191,Alkaloid
Caffeine,C1H18N5O8,304.37,7.61,843.022,Alkaloid
Ethanol,C18H12N1O9,274.23,N/A,175.351,Neurotransmitter
Dopamine,C10H34N5O0,376.75,N/A,106.667,Lipid
Ethanol,C13H2N4O8,818.83,N/A,24.596,Organic Compound
Adrenaline,C16H34N0O2,612.29,N/A,500.537,Neurotransmitter
Cholesterol,C9H21N1O4,286.08,9.43,409.76,Nucleotide
Ethanol,C17H37N5O6,76.8,1.34,457.64,Carbohydrate
Ethanol,C4H28N1O8,929.51,2.48,753.936,Nucleotide
Caffeine,C20H24N5O1,513.59,N/A,291.488,Nucleotide
Ethanol,C4H40N1O9,57.28,N/A,356.677,Organic Compound
Aspirin,C7H9N5O3,625.01,N/A,733.137,Hormone
Adenosine triphosphate,C1H2N2O4,364.33,5.07,786.87,Alcohol
Glucose,C12H40N1O5,410.55,1.13,109.653,Amide
Dopamine,C16H6N2O2,512.22,8.45,469.492,Alcohol
Ethanol,C12H2N5O5,210.06,4.32,48.236,Alcohol
Dopamine,C8H21N3O8,184.37,9.85,913.966,Organic Compound
Dopamine,C13H1N3O7,690.44,12.15,641.089,Alkaloid
Adrenaline,C3H7N0O0,641.43,13.28,995.231,Carbohydrate
Ethanol,C3H2N2O1,140.11,N/A,487.837,Neurotransmitter
Urea,C16H7N3O9,227.19,3.63,277.734,Hormone
Adenosine triphosphate,C16H27N3O3,766.84,4.08,29.511,Nucleotide
Cholesterol,C6H24N3O5,823.36,1.4,373.269,Neurotransmitter
Adenosine triphosphate,C20H30N2O10,790.54,N/A,518.354,Alkaloid
Adrenaline,C8H25N0O4,301.42,N/A,460.649,Amide
Serotonin,C10H13N5O1,689.57,7.23,360.956,Neurotransmitter
Ethanol,C18H5N3O5,462.77,6.25,89.095,Carbohydrate
Adenosine triphosphate,C6H18N2O8,494.78,N/A,973.456,Alcohol
Cholesterol,C2H7N4O7,531.2,1.08,600.589,Neurotransmitter
Dopamine,C2H29N3O9,88.42,N/A,663.269,Neurotransmitter
Cholesterol,C8H15N2O8,549.65,12.11,138.364,Amide
Ethanol,C13H7N0O1,726.85,12.42,34.721,Amide
Ethanol,C2H5N3O9,975.18,8.65,80.421,Amide
Glucose,C17H10N1O4,113.34,6.87,812.434,Alkaloid
Adrenaline,C19H37N3O1,210.1,10.25,142.077,Hormone
Ethanol,C11H3N0O8,561.8,9.55,18.651,Neurotransmitter
Ethanol,C4H20N5O2,353.74,2.18,723.379,Alcohol
Urea,C3H16N0O3,133.57,11.41,27.509,Neurotransmitter
Glucose,C11H25N2O1,621.71,2.18,395.042,Organic Compound
Dopamine,C13H6N5O7,172.49,3.78,287.585,Alkaloid
Dopamine,C3H23N0O9,747.03,N/A,957.973,Hormone
Aspirin,C13H5N4O3,869.19,2.61,447.573,Organic Compound
Caffeine,C18H11N1O7,996.77,8.77,424.616,Organic Compound
Serotonin,C17H22N5O0,154.34,2.34,659.856,Neurotransmitter
Dopamine,C16H8N1O7,476.23,11.08,198.138,Alkaloid
Cholesterol,C14H39N0O1,281.08,2.78,830.499,Alcohol
Urea,C11H17N4O10,435.69,3.44,774.536,Organic Compound
Dopamine,C3H22N4O9,509.5,2.18,139.681,Organic Compound
Aspirin,C16H29N1O10,719.12,N/A,603.142,Amide
Ethanol,C20H36N2O9,696.0,12.2,259.917,Carbohydrate
Adenosine triphosphate,C14H11N3O3,131.55,12.8,188.97,Hormone
Cholesterol,C4H7N0O10,199.82,2.99,41.603,Organic Compound
Cholesterol,C2H15N0O8,100.98,10.79,766.51,Carbohydrate
Serotonin,C10H40N3O2,334.71,3.02,140.23,Nucleotide
Adrenaline,C4H4N3O3,821.49,5.76,39.679,Alcohol
Adrenaline,C7H10N4O7,726.41,N/A,995.716,Neurotransmitter
Ethanol,C16H13N1O2,546.66,7.14,81.431,Nucleotide
Urea,C17H37N1O9,753.77,7.02,73.577,Neurotransmitter
Glucose,C12H13N3O10,540.53,3.22,881.501,Lipid
Cholesterol,C13H28N5O6,687.9,10.27,494.139,Alcohol
Adrenaline,C8H4N5O8,896.67,4.55,94.752,Organic Compound
Dopamine,C8H12N5O1,778.25,N/A,597.187,Lipid
Glucose,C8H34N1O3,378.35,10.15,722.072,Amide
Urea,C17H39N3O1,341.72,6.82,976.67,Amide
Cholesterol,C2H38N5O4,589.95,7.92,91.18,Alcohol
Aspirin,C3H40N5O8,194.52,N/A,491.54,Alkaloid
Caffeine,C7H26N1O3,988.84,N/A,270.531,Alcohol
Adenosine triphosphate,C19H26N1O1,882.4,5.27,481.269,Hormone
Adenosine triphosphate,C19H25N5O1,986.96,1.78,316.074,Nucleotide
Aspirin,C19H32N1O4,63.69,N/A,91.168,Alkaloid
Cholesterol,C17H31N4O0,861.55,2.82,567.265,Organic Compound
Urea,C19H36N0O2,652.33,1.26,46.497,Alcohol
Dopamine,C15H37N3O9,130.91,3.27,145.163,Alcohol
Serotonin,C20H30N1O4,658.3,1.49,969.448,Organic Compound
Dopamine,C6H40N2O10,595.89,1.04,424.716,Amide
Glucose,C20H35N3O7,396.06,2.98,255.007,Neurotransmitter
Adenosine triphosphate,C6H3N1O2,123.84,2.27,142.358,Carbohydrate
Cholesterol,C3H19N2O2,217.78,12.39,44.726,Carbohydrate
Adenosine triphosphate,C11H34N4O9,622.73,4.59,866.893,Neurotransmitter
Dopamine,C16H10N2O2,448.18,12.27,491.829,Nucleotide
Dopamine,C9H21N5O4,520.27,3.46,983.052,Neurotransmitter
Urea,C8H23N3O0,484.57,5.25,599.34,Carbohydrate
Aspirin,C8H38N3O5,586.82,8.25,65.052,Amide
Caffeine,C16H22N1O5,624.07,1.4,234.175,Alcohol
Dopamine,C12H7N4O3,318.22,2.61,134.331,Amide
Adrenaline,C7H11N0O7,238.55,6.66,99.368,Alkaloid
Dopamine,C16H13N1O0,983.7,12.66,76.636,Organic Compound
Aspirin,C2H34N4O2,595.18,4.85,306.09,Neurotransmitter
Aspirin,C14H18N4O7,191.17,3.57,408.683,Alkaloid
Urea,C8H35N5O2,175.46,N/A,839.676,Alcohol
Urea,C7H14N5O4,804.3,3.71,444.967,Organic Compound
Ethanol,C11H27N3O1,210.62,4.11,869.67,Lipid
Glucose,C4H38N0O1,62.11,11.93,137.817,Amide
Serotonin,C14H35N2O9,291.36,5.65,335.1,Neurotransmitter
Adenosine triphosphate,C1H13N1O6,295.22,13.79,575.612,Organic Compound
Serotonin,C8H8N0O8,783.61,9.5,632.571,Carbohydrate
Caffeine,C5H27N4O0,857.59,12.8,687.14,Amide
Serotonin,C7H39N4O7,160.3,4.09,545.698,Hormone
Adrenaline,C8H20N0O9,704.11,8.62,639.62,Organic Compound
Caffeine,C16H35N1O10,588.44,3.52,4.712,Alkaloid
Ethanol,C19H30N4O5,494.96,10.16,500.504,Amide
Adenosine triphosphate,C9H34N1O1,133.6,4.4,353.237,Carbohydrate
Adrenaline,C12H29N2O0,202.37,2.53,790.564,Lipid
Urea,C7H26N0O5,385.67,2.56,550.618,Alcohol
Ethanol,C16H31N1O0,322.09,5.67,516.143,Amide
Serotonin,C6H22N3O1,248.52,10.87,79.604,Alcohol
Adenosine triphosphate,C6H1N5O9,569.18,N/A,282.344,Organic Compound
Serotonin,C15H15N4O4,233.56,1.67,826.169,Alkaloid
Glucose,C7H26N3O3,649.32,8.95,378.746,Lipid
Urea,C12H19N2O3,810.86,N/A,153.407,Organic Compound
Serotonin,C18H22N4O7,879.82,2.4,378.758,Hormone
Adrenaline,C11H19N4O0,200.62,1.96,605.435,Hormone
Adenosine triphosphate,C11H35N4O10,859.39,8.08,666.63,Carbohydrate
Aspirin,C8H36N1O10,881.89,4.73,266.691,Neurotransmitter
Urea,C7H23N3O1,823.83,N/A,33.99,Alcohol
Serotonin,C4H33N2O10,985.38,6.44,399.569,Carbohydrate
Dopamine,C8H37N4O9,982.75,10.1,702.668,Nucleotide
Ethanol,C8H33N4O4,91.48,12.27,243.765,Hormone
Urea,C9H12N1O9,663.2,N/A,306.727,Nucleotide
Aspirin,C18H39N4O9,877.32,3.58,899.853,Alcohol
Ethanol,C7H28N2O9,298.0,2.78,603.115,Hormone
Cholesterol,C4H33N3O5,648.38,7.37,734.066,Hormone
Caffeine,C3H4N5O8,314.52,10.81,61.702,Organic Compound
Glucose,C6H20N4O6,715.82,2.99,458.188,Amide
Caffeine,C7H12N3O4,564.38,13.93,220.61,Alkaloid
Adrenaline,C2H21N0O9,719.15,11.84,297.052,Hormone
Serotonin,C17H4N4O3,226.9,6.12,258.148,Hormone
Cholesterol,C3H39N1O0,870.89,4.59,458.976,Lipid
Aspirin,C15H12N2O3,201.01,13.93,394.929,Amide
Urea,C19H11N0O10,820.47,N/A,36.015,Lipid
Adrenaline,C1H3N3O8,180.61,6.67,304.051,Lipid
Serotonin,C4H17N3O9,619.66,9.34,209.683,Carbohydrate
Dopamine,C8H33N5O9,613.79,2.89,200.422,Alcohol
Dopamine,C3H4N4O2,551.41,N/A,986.316,Alkaloid
Cholesterol,C19H39N2O1,606.19,N/A,772.743,Lipid
Ethanol,C1H5N1O2,595.82,N/A,376.222,Neurotransmitter
Adenosine triphosphate,C15H4N3O4,626.95,9.6,357.804,Amide
Dopamine,C10H24N3O4,293.76,N/A,444.644,Amide
Ethanol,C12H13N3O2,155.42,10.12,537.178,Lipid
Urea,C17H14N0O0,663.66,N/A,591.539,Neurotransmitter
Dopamine,C13H13N4O7,496.47,9.59,916.067,Lipid
Adenosine triphosphate,C1H40N1O4,294.45,10.25,401.355,Neurotransmitter
Aspirin,C11H28N2O2,741.22,4.9,658.237,Alkaloid
Adrenaline,C14H15N0O9,424.27,4.32,364.548,Lipid
Dopamine,C19H8N0O3,969.39,1.34,642.992,Neurotransmitter
Ethanol,C11H6N2O9,790.13,N/A,187.153,Amide
Adrenaline,C17H4N1O3,847.5,9.88,203.142,Alcohol
Serotonin,C8H20N5O3,695.77,N/A,471.743,Alkaloid
Glucose,C2H37N3O8,449.58,N/A,527.882,Alcohol
Aspirin,C10H1N4O2,416.43,13.14,68.342,Hormone
Glucose,C14H1N0O7,273.9,4.23,306.998,Alkaloid
Urea,C14H38N1O3,882.68,10.23,983.402,Organic Compound
Adrenaline,C5H32N3O4,148.89,5.36,793.728,Hormone
Ethanol,C16H2N4O0,919.1,11.37,257.734,Amide
Adrenaline,C15H25N4O9,750.03,13.8,7.582,Alcohol
Aspirin,C19H33N2O10,588.45,1.93,89.464,Organic Compound
Adrenaline,C18H5N0O8,365.08,N/A,691.808,Hormone
Cholesterol,C14H9N5O2,483.8,2.06,794.272,Nucleotide
Glucose,C8H17N0O10,257.8,9.59,197.869,Alcohol
Adenosine triphosphate,C10H33N4O8,272.05,10.67,624.602,Alcohol
Dopamine,C12H11N3O3,431.55,9.75,170.746,Neurotransmitter
Ethanol,C12H27N3O0,505.42,13.4,379.128,Carbohydrate
Serotonin,C6H31N0O2,228.46,11.13,366.872,Alkaloid
Caffeine,C8H33N4O0,829.18,13.27,573.971,Carbohydrate
Adenosine triphosphate,C6H4N1O5,847.78,1.52,870.479,Hormone
Cholesterol,C13H3N3O7,965.82,N/A,976.428,Nucleotide
Dopamine,C20H2N5O7,98.95,10.75,607.058,Lipid
Glucose,C8H39N3O9,789.28,1.22,865.36,Hormone
Cholesterol,C15H18N5O7,382.44,1.98,273.06,Hormone
Glucose,C6H1N0O4,366.53,4.21,542.747,Carbohydrate
Aspirin,C7H23N3O8,461.07,12.22,812.702,Organic Compound
Ethanol,C2H6N4O3,898.71,9.42,884.624,Amide
Serotonin,C1H18N1O3,931.09,5.14,936.601,Neurotransmitter
Ethanol,C9H24N4O3,392.62,12.36,412.033,Alcohol
Serotonin,C13H27N1O7,980.26,2.86,56.837,Hormone
Glucose,C18H20N5O7,457.12,10.88,246.81,Carbohydrate
Serotonin,C10H5N1O4,798.51,N/A,543.344,Neurotransmitter
Cholesterol,C18H10N5O3,428.7,2.59,301.938,Alcohol
Adenosine triphosphate,C5H22N2O1,401.8,N/A,887.66,Alcohol
Ethanol,C11H4N3O3,92.6,10.38,837.658,Alcohol
Aspirin,C3H11N1O7,114.52,N/A,675.592,Nucleotide
Adenosine triphosphate,C6H7N0O10,979.28,2.28,858.406,Alkaloid
Adrenaline,C13H1N4O9,696.23,5.78,225.256,Organic Compound
Glucose,C1H8N4O5,460.84,N/A,331.844,Amide
Adenosine triphosphate,C1H11N3O0,260.91,11.75,948.774,Alkaloid
Aspirin,C6H25N0O4,263.73,N/A,406.77,Neurotransmitter
Dopamine,C10H18N0O8,111.26,3.05,894.117,Neurotransmitter
Cholesterol,C13H3N0O2,731.82,N/A,718.276,Alkaloid
Cholesterol,C7H12N4O10,473.53,6.98,619.857,Nucleotide
Glucose,C6H36N2O4,956.16,2.34,440.868,Alkaloid
Glucose,C10H22N4O9,825.88,5.13,892.074,Hormone
Adenosine triphosphate,C13H31N0O0,139.04,13.44,850.038,Alkaloid
Serotonin,C15H15N4O3,170.66,N/A,380.272,Hormone
Adrenaline,C2H4N1O9,165.61,8.69,785.849,Hormone
Adrenaline,C6H30N3O2,653.67,N/A,943.151,Alcohol
Dopamine,C17H38N5O4,92.36,11.12,982.215,Nucleotide
Aspirin,C13H22N5O8,258.8,11.53,524.093,Alkaloid
Urea,C3H31N0O5,565.55,2.78,874.023,Organic Compound
Glucose,C10H17N0O0,555.13,1.14,751.291,Lipid
Adrenaline,C9H39N4O5,929.24,2.3,620.563,Amide
Ethanol,C19H1N0O8,778.76,12.65,461.25,Alcohol
Glucose,C16H7N5O6,668.1,3.86,71.385,Lipid
Caffeine,C14H2N3O6,853.27,N/A,384.619,Organic Compound
Adrenaline,C14H12N2O9,848.68,N/A,25.251,Alkaloid
Aspirin,C16H29N1O9,696.71,9.13,168.205,Hormone
Urea,C5H28N0O3,680.24,N/A,553.253,Hormone
Glucose,C1H22N5O0,319.27,5.01,25.464,Nucleotide
Caffeine,C3H22N1O8,248.68,13.91,150.031,Alcohol
Caffeine,C15H7N0O1,402.83,10.52,933.784,Amide
Glucose,C3H36N1O2,427.37,10.19,991.137,Hormone
Glucose,C6H27N5O4,905.31,12.21,199.957,Lipid
Caffeine,C4H28N4O1,573.22,12.85,831.75,Amide
Adrenaline,C18H4N4O0,566.0,7.4,365.227,Carbohydrate
Urea,C5H5N4O9,74.43,8.51,442.683,Hormone
Glucose,C2H4N0O0,323.97,10.85,637.573,Alkaloid
Aspirin,C12H4N5O0,943.98,2.62,301.52,Neurotransmitter
Urea,C2H36N5O0,158.15,5.98,643.784,Amide
Serotonin,C10H3N1O1,850.5,10.62,963.538,Hormone
Adrenaline,C2H29N1O1,372.02,N/A,615.96,Alcohol
Dopamine,C2H21N0O8,963.39,N/A,446.063,Hormone
Serotonin,C3H18N0O3,478.21,3.66,934.694,Alcohol
Cholesterol,C5H18N2O7,980.96,9.89,240.654,Neurotransmitter
Glucose,C13H23N2O6,723.0,6.96,459.306,Carbohydrate
Caffeine,C16H33N0O9,597.49,13.16,40.972,Amide
Ethanol,C10H6N1O6,171.15,5.28,98.803,Carbohydrate
Dopamine,C11H40N3O7,554.92,5.8,333.739,Alcohol
Serotonin,C18H35N0O8,693.02,N/A,31.625,Carbohydrate
Dopamine,C9H20N0O8,96.59,3.22,279.751,Lipid
Serotonin,C13H34N5O6,878.24,6.66,225.575,Neurotransmitter
Dopamine,C8H27N3O0,460.84,6.9,73.055,Nucleotide
Urea,C2H40N5O6,163.2,4.37,875.756,Amide
Urea,C9H40N4O6,829.31,7.91,532.249,Neurotransmitter
Dopamine,C1H7N4O10,360.39,N/A,882.691,Alkaloid
Ethanol,C7H27N1O7,666.65,13.18,769.595,Alcohol
Dopamine,C17H29N0O8,833.25,3.38,792.088,Hormone
Adenosine triphosphate,C14H18N3O0,747.84,8.34,277.365,Neurotransmitter
Caffeine,C10H22N0O8,803.16,8.57,17.506,Nucleotide
Adenosine triphosphate,C5H32N4O0,864.24,10.6,217.446,Carbohydrate
Caffeine,C2H26N3O1,172.01,13.81,170.412,Neurotransmitter
Aspirin,C2H28N4O5,303.75,N/A,513.069,Organic Compound
Adrenaline,C3H4N4O9,258.58,3.28,824.939,Carbohydrate
Adrenaline,C9H20N3O6,136.56,1.9,361.583,Carbohydrate
Adenosine triphosphate,C7H23N0O2,364.0,3.48,222.612,Alcohol
Ethanol,C10H37N1O6,630.61,13.35,188.534,Carbohydrate
Serotonin,C10H12N1O7,916.13,N/A,660.338,Lipid
Caffeine,C19H4N2O4,700.71,N/A,19.098,Organic Compound
Aspirin,C10H5N3O2,874.98,2.12,341.122,Hormone
Dopamine,C10H30N4O5,59.73,2.37,354.384,Neurotransmitter
Caffeine,C6H4N0O5,78.8,11.5,168.102,Alkaloid
Ethanol,C20H21N3O3,543.25,9.35,684.906,Hormone
Serotonin,C20H6N0O6,994.49,9.49,264.234,Organic Compound
Caffeine,C13H33N4O0,148.5,1.01,159.277,Amide
Cholesterol,C12H22N2O10,396.58,2.81,924.706,Amide
Adenosine triphosphate,C15H34N4O5,917.82,12.7,25.884,Carbohydrate
Aspirin,C14H9N4O4,92.36,N/A,211.162,Nucleotide
Adrenaline,C2H15N4O6,143.18,8.46,389.648,Organic Compound
Ethanol,C17H25N4O10,909.49,5.5,230.572,Lipid
Glucose,C15H6N2O5,709.08,12.68,442.02,Organic Compound
Adenosine triphosphate,C18H29N0O0,276.53,9.92,861.022,Amide
Cholesterol,C13H39N4O3,388.76,1.25,12.994,Nucleotide
Dopamine,C1H15N5O10,96.01,2.42,719.188,Organic Compound
Dopamine,C13H32N1O8,759.31,9.36,979.772,Alcohol
Glucose,C20H22N0O10,988.51,6.32,250.154,Alkaloid
Adenosine triphosphate,C15H40N5O7,87.77,4.94,52.576,Neurotransmitter
Serotonin,C11H20N0O2,963.44,13.37,601.942,Alkaloid
Urea,C6H28N0O2,687.48,7.08,933.243,Nucleotide
Urea,C2H21N4O3,80.94,N/A,579.596,Neurotransmitter
Dopamine,C4H33N0O0,230.95,12.88,112.954,Nucleotide
Cholesterol,C5H40N4O9,665.43,5.86,674.905,Neurotransmitter
Caffeine,C5H11N3O9,379.45,5.97,404.03,Carbohydrate
Serotonin,C15H38N3O4,256.82,N/A,543.376,Nucleotide
Adrenaline,C17H6N0O6,543.75,12.45,763.651,Lipid
Caffeine,C2H37N2O0,763.77,2.91,401.384,Lipid
Glucose,C17H22N2O4,460.2,7.17,65.417,Hormone
Serotonin,C2H21N5O5,259.0,2.57,365.647,Alcohol
Serotonin,C20H6N2O1,741.5,13.63,686.871,Nucleotide
Glucose,C2H9N4O3,106.46,10.88,519.963,Organic Compound
Ethanol,C5H19N3O1,906.78,11.96,424.554,Neurotransmitter
Dopamine,C14H27N4O8,491.53,5.62,116.289,Neurotransmitter
Serotonin,C15H9N4O8,504.28,5.06,562.467,Neurotransmitter
Urea,C18H3N5O9,961.06,12.79,12.182,Lipid
Cholesterol,C13H10N3O8,812.85,N/A,234.995,Neurotransmitter
Cholesterol,C3H40N0O5,174.8,5.33,763.27,Neurotransmitter
Serotonin,C2H9N1O6,88.12,N/A,559.208,Alcohol
Adrenaline,C19H15N0O6,309.57,11.17,326.365,Alcohol
Adenosine triphosphate,C5H6N5O6,421.23,5.23,790.023,Lipid
Urea,C9H39N2O3,548.55,6.65,55.314,Lipid
Dopamine,C2H40N3O2,749.53,7.41,35.439,Nucleotide
Ethanol,C10H8N1O5,579.87,4.11,249.127,Alkaloid
Aspirin,C5H39N1O8,727.11,2.08,88.292,Lipid
Dopamine,C10H39N2O5,676.14,11.78,691.113,Alkaloid
Aspirin,C14H30N4O9,229.34,4.09,263.317,Alcohol
Caffeine,C7H15N4O0,890.74,4.34,705.436,Alcohol
Glucose,C3H6N3O8,367.41,13.99,469.54,Amide
Glucose,C20H17N1O1,377.13,N/A,112.084,Organic Compound
Cholesterol,C12H32N0O5,359.19,8.68,926.148,Hormone
Glucose,C10H2N3O0,286.72,1.06,663.334,Hormone
Ethanol,C18H21N2O0,988.0,N/A,463.226,Hormone
Dopamine,C18H16N4O7,259.14,N/A,779.155,Alkaloid
Serotonin,C14H13N0O5,330.51,1.72,239.13,Alkaloid
Glucose,C18H39N4O10,827.03,7.94,883.949,Nucleotide
Urea,C20H21N3O1,179.59,9.39,808.95,Alkaloid
Ethanol,C20H31N2O5,781.94,10.16,638.005,Neurotransmitter
Dopamine,C13H10N5O8,888.13,8.1,204.51,Nucleotide
Glucose,C10H38N4O5,457.62,12.32,66.865,Alcohol
Dopamine,C8H35N5O2,515.47,9.85,326.663,Alkaloid
Aspirin,C16H17N4O7,554.42,N/A,984.837,Amide
Ethanol,C13H3N1O3,123.09,N/A,892.912,Hormone
Aspirin,C2H18N3O3,80.93,6.48,777.68,Alcohol
Adrenaline,C18H37N5O1,564.81,N/A,804.591,Amide
Caffeine,C17H36N0O2,674.3,7.35,184.426,Amide
Glucose,C7H12N5O6,697.47,11.89,178.117,Amide
Adenosine triphosphate,C2H17N2O2,186.83,8.05,480.934,Organic Compound
Aspirin,C8H18N3O0,95.91,N/A,623.036,Amide
Caffeine,C18H6N3O4,687.45,9.05,549.96,Lipid
Caffeine,C17H3N3O6,107.41,N/A,955.905,Neurotransmitter
Serotonin,C2H21N0O1,309.92,13.44,637.792,Nucleotide
Adenosine triphosphate,C11H26N1O2,204.41,5.7,800.911,Nucleotide
Ethanol,C13H12N1O1,920.94,N/A,398.293,Lipid
Glucose,C17H23N0O9,295.58,5.14,123.791,Carbohydrate
Adrenaline,C10H13N5O2,495.35,N/A,867.587,Nucleotide
Ethanol,C19H13N1O9,610.45,N/A,806.703,Alkaloid
Ethanol,C2H18N2O8,597.84,4.53,688.251,Neurotransmitter
Adrenaline,C7H30N2O0,653.69,10.58,834.518,Amide
Aspirin,C8H37N0O5,358.33,13.72,960.413,Carbohydrate
Urea,C14H1N4O7,531.73,10.53,614.981,Neurotransmitter
Adrenaline,C17H13N2O4,419.98,N/A,489.966,Nucleotide
Caffeine,C12H13N0O6,895.53,2.58,508.472,Alkaloid
Cholesterol,C9H15N2O3,917.74,11.0,337.226,Organic Compound
Adrenaline,C8H33N4O10,236.76,9.34,838.118,Lipid
Adenosine triphosphate,C8H6N5O9,955.61,4.67,455.132,Alkaloid
Adrenaline,C19H40N1O2,168.52,4.4,603.584,Amide
Ethanol,C13H28N5O6,450.53,10.7,957.33,Lipid
Serotonin,C4H19N3O5,783.38,7.27,625.875,Alcohol
Ethanol,C19H16N2O6,852.67,2.58,571.541,Carbohydrate
Aspirin,C2H40N2O8,661.87,2.23,640.804,Lipid
Glucose,C2H40N4O7,946.01,10.62,635.319,Lipid
Caffeine,C5H13N2O8,192.9,1.48,440.957,Hormone
Glucose,C4H38N5O10,250.49,7.54,149.177,Neurotransmitter
Cholesterol,C4H21N5O8,687.18,6.09,580.171,Alcohol
Caffeine,C1H7N5O5,605.38,N/A,234.627,Amide
Aspirin,C18H35N3O9,513.48,7.17,116.925,Lipid
Adenosine triphosphate,C13H3N0O8,982.02,N/A,34.588,Organic Compound
Caffeine,C4H38N1O9,312.56,1.29,509.662,Nucleotide
Adenosine triphosphate,C4H17N5O0,117.04,2.56,431.642,Carbohydrate
Cholesterol,C5H6N3O3,241.46,9.61,80.755,Nucleotide
Ethanol,C3H33N0O3,363.09,N/A,973.416,Hormone
Glucose,C1H35N2O2,219.64,N/A,556.141,Organic Compound
Caffeine,C20H20N4O2,351.14,2.74,770.079,Neurotransmitter
Glucose,C9H12N2O5,679.43,6.82,964.56,Nucleotide
Serotonin,C9H39N4O5,809.43,N/A,615.868,Nucleotide
Adenosine triphosphate,C8H17N1O5,434.28,2.28,54.928,Neurotransmitter
Cholesterol,C4H20N5O5,561.4,N/A,159.944,Alkaloid
Aspirin,C5H8N0O6,285.85,8.83,779.691,Organic Compound
Dopamine,C11H32N5O6,749.79,5.04,581.218,Alcohol
Ethanol,C20H17N4O6,889.34,N/A,700.589,Alkaloid
Serotonin,C16H39N4O10,999.69,8.76,674.297,Nucleotide
Glucose,C11H40N2O4,911.11,N/A,87.73,Alkaloid
Serotonin,C20H9N4O9,692.5,13.93,821.775,Amide
Caffeine,C7H4N2O6,681.48,8.18,335.431,Amide
Glucose,C1H40N5O7,353.81,4.91,456.646,Neurotransmitter
Adenosine triphosphate,C6H36N4O3,66.59,8.89,384.717,Neurotransmitter
Adrenaline,C17H7N0O8,540.79,N/A,495.348,Carbohydrate
Cholesterol,C7H3N1O2,188.12,10.04,785.305,Organic Compound
Cholesterol,C1H3N3O4,271.03,N/A,848.54,Alkaloid
Dopamine,C8H37N2O4,843.9,3.08,84.823,Organic Compound
Cholesterol,C10H38N2O1,787.59,N/A,341.755,Alcohol
Caffeine,C20H21N5O8,863.67,7.4,936.002,Nucleotide
Cholesterol,C13H2N2O1,449.47,6.07,174.116,Alcohol
Adenosine triphosphate,C19H23N2O7,430.92,2.84,699.479,Alcohol
Aspirin,C14H2N1O5,430.35,8.11,84.225,Alkaloid
Aspirin,C10H2N5O4,353.16,1.73,959.023,Organic Compound
Urea,C9H31N2O3,819.72,6.77,779.926,Alkaloid
Adrenaline,C8H2N3O6,612.3,3.29,75.142,Hormone
Dopamine,C8H7N0O4,220.83,9.87,406.961,Alkaloid
Dopamine,C13H40N2O3,507.6,N/A,128.487,Carbohydrate
Adrenaline,C3H17N0O4,462.39,N/A,209.243,Organic Compound
Adenosine triphosphate,C5H30N1O5,185.14,N/A,167.971,Nucleotide
Dopamine,C16H5N0O0,858.6,N/A,685.223,Alkaloid
Dopamine,C6H30N3O3,890.62,11.73,879.451,Lipid
Ethanol,C2H7N4O3,769.96,N/A,603.898,Neurotransmitter
Adenosine triphosphate,C9H21N4O8,848.77,5.25,185.929,Alcohol
Ethanol,C2H40N0O6,760.66,10.98,584.612,Carbohydrate
Ethanol,C13H7N0O7,260.45,10.36,500.793,Amide
Ethanol,C15H11N4O10,471.18,9.52,946.168,Carbohydrate
Glucose,C12H25N1O6,306.96,9.06,715.49,Organic Compound
Aspirin,C9H19N3O9,742.68,7.52,383.771,Carbohydrate
Cholesterol,C11H23N4O0,577.67,5.98,646.039,Nucleotide
Aspirin,C20H38N4O7,404.5,2.24,750.474,Carbohydrate
Serotonin,C5H4N5O5,236.71,N/A,550.749,Organic Compound
Dopamine,C6H30N3O9,243.91,8.71,966.475,Hormone
Urea,C17H22N3O7,941.88,10.44,512.63,Carbohydrate
Adenosine triphosphate,C17H7N5O7,504.7,11.92,258.01,Organic Compound
Adenosine triphosphate,C15H29N5O10,459.41,1.61,275.091,Neurotransmitter
Adenosine triphosphate,C14H14N1O3,834.24,5.47,686.334,Carbohydrate
Adrenaline,C10H24N5O4,463.01,4.53,495.489,Nucleotide
Caffeine,C12H23N2O6,98.32,1.54,342.011,Hormone
Cholesterol,C10H17N1O4,359.02,2.68,886.018,Neurotransmitter
Adrenaline,C7H6N5O5,810.23,4.56,643.744,Amide
Serotonin,C19H6N2O1,638.74,6.44,368.485,Nucleotide
Urea,C14H15N2O8,340.01,9.84,342.363,Organic Compound
Serotonin,C14H20N4O10,54.78,4.58,850.073,Organic Compound
Adenosine triphosphate,C19H32N3O5,156.7,3.15,570.921,Carbohydrate
Adenosine triphosphate,C7H8N3O0,798.5,12.83,231.378,Neurotransmitter
Urea,C8H17N4O3,314.63,10.71,675.849,Hormone
Ethanol,C17H32N4O1,267.49,1.9,458.678,Lipid
Serotonin,C1H8N2O9,744.81,7.27,214.583,Lipid
Caffeine,C7H20N1O8,524.05,9.03,426.982,Amide
Aspirin,C16H37N2O8,388.29,4.32,307.159,Nucleotide
Glucose,C16H36N4O1,760.55,2.36,119.671,Amide
Adrenaline,C6H3N0O2,623.74,2.55,145.469,Hormone
Caffeine,C17H21N0O1,968.35,1.79,725.762,Carbohydrate
Adrenaline,C2H15N4O5,722.5,5.0,327.493,Neurotransmitter
Cholesterol,C6H14N1O4,929.44,N/A,1.313,Hormone
Urea,C7H27N0O9,902.41,2.5,425.529,Amide
Glucose,C5H4N4O3,630.12,11.17,604.018,Neurotransmitter
Dopamine,C8H16N4O10,597.93,1.44,473.432,Hormone
Adenosine triphosphate,C6H25N2O0,383.56,N/A,527.972,Organic Compound
Dopamine,C3H28N3O6,301.01,13.07,909.329,Alkaloid
Urea,C4H25N3O3,289.97,2.8,594.016,Hormone
Caffeine,C4H32N3O8,501.56,2.29,886.594,Organic Compound
Dopamine,C14H9N2O5,771.73,6.56,963.456,Amide
Serotonin,C20H34N4O4,593.26,9.72,686.415,Lipid
Glucose,C14H23N2O5,136.43,11.38,315.467,Neurotransmitter
Caffeine,C20H30N1O8,501.43,12.91,238.539,Organic Compound
Cholesterol,C13H10N4O0,321.62,12.24,697.089,Alcohol
Urea,C12H8N4O10,630.52,7.77,270.77,Nucleotide
Adenosine triphosphate,C4H14N1O6,216.1,3.66,114.327,Lipid
Dopamine,C2H1N3O1,84.75,4.93,13.558,Hormone
Serotonin,C19H36N1O4,694.28,5.56,81.332,Hormone
Caffeine,C14H28N0O2,637.6,6.74,419.005,Organic Compound
Caffeine,C2H15N2O7,677.59,10.63,996.953,Nucleotide
Adenosine triphosphate,C12H34N2O7,377.14,10.73,19.589,Carbohydrate
Adrenaline,C2H33N2O5,220.67,13.61,971.896,Alcohol
Aspirin,C3H37N4O9,646.3,1.39,652.223,Hormone
Aspirin,C5H40N4O5,802.51,10.49,856.199,Amide
Glucose,C13H3N5O2,304.05,N/A,263.511,Carbohydrate
Adrenaline,C4H12N2O9,920.63,4.52,841.805,Neurotransmitter
Adrenaline,C2H32N3O2,992.32,3.68,879.984,Organic Compound
Adrenaline,C16H17N3O1,914.37,11.81,103.018,Neurotransmitter
Glucose,C11H29N5O10,579.36,12.85,963.737,Organic Compound
Caffeine,C17H12N2O6,948.41,10.27,596.449,Neurotransmitter
Serotonin,C5H11N0O10,292.04,6.22,903.616,Nucleotide
Glucose,C5H3N4O0,644.19,6.04,639.484,Lipid
Adenosine triphosphate,C6H7N2O3,854.32,3.81,949.125,Alcohol
Dopamine,C19H27N3O10,259.65,3.15,89.93,Neurotransmitter
Adenosine triphosphate,C15H5N4O8,369.17,7.52,58.934,Alcohol
Dopamine,C12H29N0O5,614.5,10.89,183.358,Nucleotide
Urea,C10H22N2O2,889.51,N/A,873.565,Hormone
Adrenaline,C10H38N0O7,624.25,3.01,879.316,Organic Compound
Cholesterol,C7H19N4O9,964.74,N/A,716.933,Alcohol
Glucose,C11H25N0O4,958.92,9.23,45.898,Carbohydrate
Cholesterol,C12H23N2O10,266.0,12.93,254.61,Hormone
Adrenaline,C5H17N1O6,159.76,1.05,644.956,Organic Compound
Serotonin,C13H22N1O7,525.33,6.02,332.344,Neurotransmitter
Urea,C12H36N0O0,798.61,N/A,805.949,Lipid
Glucose,C9H15N3O1,737.18,N/A,88.355,Alcohol
Ethanol,C19H7N2O7,494.74,1.55,355.118,Carbohydrate
Urea,C10H37N2O6,96.94,11.72,455.247,Alkaloid
Ethanol,C20H27N3O9,307.42,N/A,578.834,Lipid
Ethanol,C3H10N1O8,92.59,3.98,0.719,Amide
Glucose,C10H32N1O9,821.4,8.24,463.736,Alkaloid
Aspirin,C13H39N3O6,817.77,10.55,332.519,Amide
Ethanol,C4H35N2O10,779.89,13.26,941.332,Alkaloid
Caffeine,C1H3N3O7,241.23,13.36,383.021,Alcohol
Adrenaline,C11H20N1O10,436.74,7.2,967.438,Neurotransmitter
Aspirin,C1H32N5O7,74.05,8.14,886.599,Lipid
Adenosine triphosphate,C20H31N1O10,415.47,13.28,970.405,Alcohol
Caffeine,C16H29N4O10,505.1,N/A,346.679,Hormone
Adrenaline,C1H31N5O10,356.31,2.92,303.973,Hormone
Caffeine,C11H24N1O0,296.47,3.43,417.61,Hormone
Glucose,C17H17N1O8,426.42,10.86,354.27,Amide
Adrenaline,C4H19N0O1,228.04,6.53,758.577,Hormone
Dopamine,C6H8N0O10,228.91,9.08,780.295,Organic Compound
Dopamine,C1H13N0O0,587.22,3.2,861.376,Carbohydrate
Dopamine,C5H15N3O5,582.03,N/A,63.425,Amide
Cholesterol,C19H2N4O3,319.43,10.51,915.408,Alcohol
Caffeine,C6H6N4O7,278.2,N/A,290.566,Hormone
Serotonin,C15H35N4O1,522.99,11.05,938.377,Organic Compound
Adrenaline,C6H5N2O1,716.07,N/A,350.489,Hormone
Dopamine,C19H40N4O4,505.39,5.57,951.904,Organic Compound
Serotonin,C1H19N3O9,293.35,7.64,708.74,Alcohol
Aspirin,C19H1N0O10,722.02,13.17,713.413,Nucleotide
Adrenaline,C20H17N0O10,203.22,10.71,796.393,Amide
Glucose,C6H3N2O8,104.04,8.77,16.452,Amide
Dopamine,C20H18N1O8,767.99,6.02,627.486,Carbohydrate
Aspirin,C3H29N4O5,98.81,5.48,19.564,Carbohydrate
Adrenaline,C17H16N4O7,624.35,12.71,195.841,Lipid
Ethanol,C20H28N1O7,611.82,N/A,696.288,Alkaloid
Glucose,C5H40N4O3,223.34,5.77,620.44,Alcohol
Ethanol,C7H2N2O9,355.04,3.49,568.173,Nucleotide
Adrenaline,C10H24N2O9,498.96,12.86,738.162,Hormone
Adenosine triphosphate,C6H11N1O7,638.81,3.2,910.472,Nucleotide
Adenosine triphosphate,C3H17N4O9,194.77,13.89,537.199,Amide
Ethanol,C6H10N1O4,675.79,N/A,277.509,Carbohydrate
Dopamine,C2H29N2O2,581.81,9.71,511.369,Hormone
Caffeine,C19H20N4O6,199.88,4.43,631.732,Lipid
Cholesterol,C2H12N0O10,876.94,N/A,936.342,Neurotransmitter
Ethanol,C19H40N0O9,745.0,13.85,355.742,Nucleotide
Cholesterol,C10H33N5O5,389.3,4.86,421.213,Nucleotide
Adenosine triphosphate,C14H29N0O7,706.01,4.98,636.455,Alkaloid
Dopamine,C13H16N2O5,869.62,3.48,730.935,Nucleotide
Caffeine,C11H1N3O5,410.89,13.44,781.208,Alkaloid
Caffeine,C6H5N0O3,157.26,13.87,78.436,Nucleotide
Dopamine,C15H15N3O10,454.68,1.77,819.605,Organic Compound
Urea,C14H8N2O2,427.07,7.3,144.898,Carbohydrate
Cholesterol,C4H29N5O8,833.37,N/A,580.515,Amide
Caffeine,C20H37N0O7,992.72,6.07,820.48,Carbohydrate
Glucose,C13H3N4O7,685.45,1.15,995.502,Alkaloid
Adenosine triphosphate,C4H7N1O3,62.57,2.11,956.625,Neurotransmitter
Serotonin,C15H32N3O6,572.35,N/A,438.677,Organic Compound
Caffeine,C11H6N5O1,948.26,11.52,327.496,Lipid
Glucose,C15H18N5O0,317.2,4.11,650.256,Amide
Aspirin,C10H18N2O5,690.08,1.68,916.865,Hormone
Adenosine triphosphate,C19H20N3O7,714.56,N/A,668.593,Amide
Caffeine,C8H21N0O2,143.22,1.54,829.636,Alkaloid
Adenosine triphosphate,C18H23N1O1,878.98,12.38,816.856,Lipid
Glucose,C3H1N1O7,623.95,4.52,999.108,Nucleotide
Adrenaline,C12H15N0O8,974.42,12.42,5.321,Amide
Dopamine,C3H33N3O5,105.53,6.6,55.993,Alcohol
Aspirin,C12H35N5O6,673.84,N/A,255.918,Neurotransmitter
Serotonin,C14H35N0O10,285.51,3.82,585.174,Alkaloid
Adrenaline,C7H6N5O5,450.33,N/A,967.128,Alcohol
Urea,C5H16N5O6,990.23,8.69,815.622,Nucleotide
Caffeine,C16H24N3O7,772.9,N/A,143.939,Organic Compound
Urea,C5H13N2O3,253.89,2.03,773.767,Lipid
Urea,C2H9N5O3,481.22,1.22,461.357,Hormone
Dopamine,C20H33N1O8,413.75,N/A,242.701,Lipid
Adenosine triphosphate,C4H2N4O4,201.45,11.01,995.744,Lipid
Glucose,C3H38N0O5,442.84,N/A,643.075,Nucleotide
Urea,C3H38N5O1,946.23,N/A,938.057,Neurotransmitter
Dopamine,C16H15N0O10,120.63,9.24,890.879,Carbohydrate
Glucose,C5H35N2O4,262.57,N/A,775.161,Alcohol
Cholesterol,C18H2N4O4,358.51,12.88,849.199,Organic Compound
Dopamine,C4H26N1O0,126.26,4.06,170.189,Nucleotide
Caffeine,C20H2N5O2,669.07,9.69,587.879,Alkaloid
Cholesterol,C10H14N1O1,694.25,N/A,739.381,Carbohydrate
Cholesterol,C6H19N1O1,788.95,12.97,82.012,Alcohol
Ethanol,C9H10N2O1,90.1,7.98,924.776,Alkaloid
Ethanol,C12H5N4O6,364.31,6.31,434.622,Lipid
Adrenaline,C1H34N0O0,258.85,3.45,725.733,Nucleotide
Urea,C12H27N4O10,177.27,13.38,888.869,Organic Compound
Urea,C1H22N1O6,725.13,6.34,350.178,Amide
Adenosine triphosphate,C10H27N5O3,148.14,11.06,900.988,Amide
Dopamine,C19H4N4O1,492.81,2.67,522.115,Lipid
Aspirin,C5H20N4O4,187.71,13.35,669.114,Organic Compound
Adenosine triphosphate,C14H19N4O10,640.21,7.06,610.691,Alkaloid
Caffeine,C19H18N4O2,608.06,N/A,858.521,Carbohydrate
Serotonin,C9H32N1O6,768.04,7.33,11.043,Hormone
Adrenaline,C15H7N1O9,365.72,N/A,603.542,Lipid
Glucose,C10H27N4O1,711.14,11.73,30.184,Amide
Adenosine triphosphate,C8H37N0O1,913.77,4.4,980.722,Lipid
Aspirin,C5H11N1O8,860.7,1.85,182.223,Hormone
Ethanol,C4H21N1O10,141.06,3.54,242.22,Alkaloid
Caffeine,C19H19N5O2,750.5,1.79,844.228,Organic Compound
Ethanol,C14H2N5O3,906.69,10.65,202.184,Carbohydrate
Adenosine triphosphate,C1H40N1O7,426.19,11.75,548.407,Hormone
Serotonin,C12H18N0O8,121.46,13.08,826.56,Alkaloid
Ethanol,C1H5N0O0,475.27,2.5,175.547,Neurotransmitter
Aspirin,C8H24N3O8,535.02,8.28,34.118,Nucleotide
Cholesterol,C10H16N3O3,429.76,12.25,588.848,Organic Compound
Ethanol,C4H18N2O2,134.04,13.77,784.27,Alcohol
Urea,C6H28N5O8,970.42,6.64,865.399,Hormone
Urea,C15H18N1O6,839.79,8.56,335.128,Neurotransmitter
Aspirin,C18H19N3O2,927.05,3.63,376.293,Amide
Cholesterol,C5H3N4O8,868.7,1.34,610.911,Lipid
Adenosine triphosphate,C13H25N4O4,947.23,13.85,20.08,Neurotransmitter
Aspirin,C12H35N1O5,337.95,N/A,265.502,Lipid
Cholesterol,C4H26N1O3,935.53,10.16,420.222,Organic Compound
Aspirin,C20H1N4O4,276.97,2.16,282.487,Lipid
Urea,C13H32N0O6,742.97,10.15,793.463,Amide
Ethanol,C15H18N3O4,392.62,9.3,616.212,Carbohydrate
Caffeine,C16H36N4O3,758.15,8.09,389.588,Hormone
Adrenaline,C16H15N5O8,212.43,9.06,142.694,Nucleotide
Glucose,C10H3N4O5,147.9,12.13,77.515,Carbohydrate
Urea,C6H26N3O1,220.33,10.29,672.782,Nucleotide
Serotonin,C11H10N0O0,187.68,8.47,774.557,Lipid
Cholesterol,C5H26N5O5,213.28,3.95,407.097,Hormone
Dopamine,C16H39N3O1,75.89,8.3,91.38,Amide
Glucose,C1H1N5O0,961.17,4.81,32.668,Organic Compound
Serotonin,C5H16N5O0,466.08,6.2,892.927,Carbohydrate
Glucose,C8H34N2O10,423.51,10.99,146.287,Nucleotide
Adenosine triphosphate,C11H11N5O8,768.46,11.51,570.592,Alkaloid
Aspirin,C13H38N1O2,537.63,9.13,614.43,Organic Compound
Ethanol,C18H29N2O4,134.46,10.78,864.971,Nucleotide
Dopamine,C9H1N4O9,251.32,7.65,131.331,Hormone
Aspirin,C20H33N1O10,200.09,N/A,432.352,Hormone
Caffeine,C3H13N5O4,605.35,2.41,344.03,Hormone
Adrenaline,C2H30N2O7,274.07,7.39,301.057,Amide
Adrenaline,C19H29N1O9,583.61,10.17,141.506,Alkaloid
Adrenaline,C6H36N4O7,396.59,N/A,644.004,Hormone
Aspirin,C6H21N2O0,707.97,4.75,770.816,Hormone
Urea,C7H27N3O3,533.71,N/A,35.331,Amide
Adrenaline,C15H26N5O7,712.55,3.37,121.735,Lipid
Dopamine,C18H20N1O2,627.5,7.5,348.976,Carbohydrate
Glucose,C18H31N3O4,830.73,6.81,609.89,Amide
Glucose,C5H8N2O0,926.52,N/A,914.581,Neurotransmitter
Cholesterol,C8H30N5O2,528.69,13.34,423.03,Amide
Glucose,C20H17N3O0,715.04,5.18,53.71,Lipid
Dopamine,C14H23N5O1,448.9,11.42,456.577,Neurotransmitter
Glucose,C13H4N0O10,886.65,3.98,726.556,Amide
Cholesterol,C14H39N4O2,988.42,12.2,426.807,Nucleotide
Dopamine,C2H19N3O7,105.24,11.13,689.401,Carbohydrate
Dopamine,C14H38N0O9,740.31,12.33,731.28,Alcohol
Urea,C16H30N2O3,639.79,7.85,499.233,Nucleotide
Glucose,C13H6N1O5,283.73,N/A,361.039,Alkaloid
Adenosine triphosphate,C11H27N2O8,280.24,6.58,66.347,Nucleotide
Serotonin,C15H31N4O10,747.54,6.15,312.962,Lipid
Serotonin,C15H14N2O1,137.68,12.08,185.845,Amide
Dopamine,C9H9N5O2,638.74,4.93,164.799,Neurotransmitter
Glucose,C3H17N3O2,64.46,7.11,807.954,Organic Compound
Serotonin,C1H22N1O0,649.82,6.35,446.087,Hormone
Dopamine,C11H38N2O3,53.68,4.48,259.228,Nucleotide
Glucose,C20H37N5O7,166.77,2.25,522.185,Lipid
Adrenaline,C18H13N4O8,660.15,8.86,598.935,Carbohydrate
Dopamine,C10H26N2O0,594.75,4.02,102.181,Neurotransmitter
Aspirin,C7H34N5O1,856.52,11.08,557.721,Neurotransmitter
Ethanol,C1H2N5O1,137.66,12.06,303.771,Lipid
Glucose,C9H18N4O8,575.48,N/A,50.069,Neurotransmitter
Adenosine triphosphate,C16H14N0O1,984.75,10.81,649.442,Hormone
Dopamine,C4H25N3O3,59.77,N/A,0.737,Lipid
Adrenaline,C19H27N2O4,700.84,8.58,455.899,Alcohol
Ethanol,C4H22N4O4,677.02,11.19,396.775,Alcohol
Adrenaline,C5H35N1O3,244.54,10.92,625.73,Alkaloid
Glucose,C14H30N2O9,744.05,11.26,393.13,Hormone
Ethanol,C20H40N2O10,796.87,N/A,349.423,Lipid
Glucose,C3H33N4O4,415.31,13.65,177.263,Alcohol
Aspirin,C8H12N4O1,734.3,1.02,664.5,Carbohydrate
Adrenaline,C10H14N0O2,514.42,13.89,598.154,Nucleotide
Serotonin,C2H21N1O7,256.36,7.86,324.167,Amide
Cholesterol,C2H21N5O0,509.74,10.91,591.672,Lipid
Glucose,C20H13N5O8,174.31,2.93,628.231,Amide
Caffeine,C15H3N3O10,997.85,9.38,638.325,Alcohol
Dopamine,C19H19N2O6,706.45,10.21,68.537,Nucleotide
Dopamine,C19H37N1O10,760.49,N/A,261.171,Amide
Cholesterol,C9H1N1O5,725.69,7.3,17.66,Alkaloid
Aspirin,C3H1N5O1,658.87,12.55,949.601,Hormone
Dopamine,C15H29N0O8,230.16,2.55,610.628,Hormone
Dopamine,C7H31N0O5,828.08,8.03,277.481,Amide
Cholesterol,C1H5N5O5,887.24,2.54,350.815,Alkaloid
Urea,C20H27N4O2,823.74,7.5,423.72,Alcohol
Dopamine,C18H38N5O7,872.19,13.65,549.415,Amide
Adenosine triphosphate,C3H33N3O10,925.98,3.21,544.338,Hormone
Cholesterol,C7H29N4O5,716.41,11.74,186.038,Amide
Urea,C6H2N1O1,141.62,3.31,875.598,Lipid
Adenosine triphosphate,C19H9N2O1,912.45,9.18,840.793,Amide
Urea,C1H16N3O7,280.66,6.37,462.047,Alcohol
Serotonin,C13H25N4O10,306.21,8.05,710.594,Organic Compound
Serotonin,C11H7N4O2,651.22,11.87,623.741,Hormone
Adenosine triphosphate,C13H11N0O4,87.41,3.04,219.899,Hormone
Adenosine triphosphate,C15H31N2O0,947.83,2.52,13.992,Organic Compound
Adrenaline,C4H18N2O10,133.48,12.54,987.477,Carbohydrate
Urea,C9H14N2O5,321.44,12.21,965.066,Amide
Adrenaline,C12H5N2O10,237.87,4.64,801.314,Carbohydrate
Adenosine triphosphate,C1H16N5O7,797.03,6.62,523.606,Hormone
Aspirin,C11H26N2O9,569.34,13.86,750.435,Alcohol
Dopamine,C3H2N5O0,87.69,3.36,259.618,Carbohydrate
Ethanol,C19H20N4O5,448.43,7.02,452.988,Alcohol
Ethanol,C5H27N3O5,303.28,8.99,8.915,Amide
Cholesterol,C10H16N3O7,954.67,12.24,22.163,Neurotransmitter
Adrenaline,C2H19N1O9,399.86,N/A,78.072,Neurotransmitter
Ethanol,C14H16N3O6,817.64,7.17,803.829,Amide
Ethanol,C19H13N1O1,308.9,9.45,305.924,Organic Compound
Aspirin,C11H16N3O3,473.04,5.31,6.059,Neurotransmitter
Ethanol,C12H33N3O4,795.97,5.38,696.782,Nucleotide
Urea,C20H30N3O10,249.92,N/A,106.748,Alcohol
Cholesterol,C14H12N0O7,582.73,13.42,495.221,Alcohol
Ethanol,C19H40N3O7,730.58,6.23,499.494,Nucleotide
Adrenaline,C11H25N5O3,244.33,10.75,459.861,Organic Compound
Ethanol,C8H21N4O10,819.73,1.25,372.508,Organic Compound
Caffeine,C10H3N3O7,572.37,2.34,737.027,Lipid
Dopamine,C20H2N3O7,529.47,N/A,761.856,Lipid
Cholesterol,C13H35N3O3,648.79,13.17,581.813,Organic Compound
Ethanol,C11H11N0O3,345.24,1.08,203.047,Alcohol
Adenosine triphosphate,C11H40N4O3,810.16,6.6,643.368,Neurotransmitter
Glucose,C7H23N1O6,770.18,9.46,930.789,Carbohydrate
Caffeine,C1H33N1O5,727.95,N/A,833.02,Hormone
Caffeine,C17H11N3O7,365.64,2.92,574.15,Lipid
Serotonin,C14H13N5O7,99.37,12.99,342.672,Nucleotide
Glucose,C12H26N4O0,201.15,N/A,993.302,Hormone
Cholesterol,C12H1N0O8,460.56,3.32,556.354,Amide
Adenosine triphosphate,C5H16N1O3,737.95,13.83,690.444,Alcohol
Glucose,C4H33N3O7,259.56,13.19,343.07,Hormone
Adenosine triphosphate,C7H33N4O6,152.95,13.82,594.459,Neurotransmitter
Cholesterol,C20H30N3O4,552.71,11.19,899.295,Organic Compound
Dopamine,C10H12N2O3,964.67,8.14,724.35,Lipid
Glucose,C8H3N2O5,350.79,9.89,355.073,Nucleotide
Caffeine,C17H11N5O6,452.46,9.49,462.1,Alcohol
Ethanol,C12H36N1O2,506.3,5.36,176.713,Amide
Dopamine,C19H28N1O6,975.56,12.01,115.893,Lipid
Cholesterol,C2H14N0O4,794.89,N/A,50.287,Lipid
Aspirin,C14H28N3O5,540.16,9.06,467.372,Carbohydrate
Aspirin,C18H34N4O4,970.91,N/A,609.005,Hormone
Caffeine,C8H25N5O0,966.57,8.97,614.334,Nucleotide
Adrenaline,C13H5N3O7,64.87,4.27,520.797,Alcohol
Ethanol,C1H9N0O7,543.18,N/A,889.583,Neurotransmitter
Ethanol,C8H34N4O1,61.42,1.03,580.159,Alcohol
Adenosine triphosphate,C8H21N5O7,596.48,N/A,33.237,Alcohol
Caffeine,C8H36N2O9,533.44,6.61,80.127,Organic Compound
Dopamine,C10H35N0O6,258.64,12.43,268.057,Amide
Adenosine triphosphate,C15H40N0O9,246.74,4.7,927.855,Neurotransmitter
Urea,C9H26N1O7,383.77,11.3,243.38,Amide
Serotonin,C15H37N5O5,383.63,6.17,605.941,Lipid
Adenosine triphosphate,C10H9N3O0,748.44,8.74,813.51,Hormone
Dopamine,C12H27N5O2,931.96,N/A,639.587,Lipid
Aspirin,C4H39N5O1,96.3,8.7,61.985,Amide
Urea,C12H10N4O4,481.72,7.49,689.774,Amide
Adrenaline,C2H25N3O4,385.17,6.08,134.927,Lipid
Adrenaline,C19H20N0O8,969.75,N/A,164.069,Organic Compound
Adrenaline,C8H15N5O5,98.86,8.16,511.99,Alkaloid
Urea,C8H14N5O9,834.68,N/A,192.584,Organic Compound
Aspirin,C18H22N5O6,244.95,6.71,978.896,Alkaloid
Cholesterol,C8H33N0O8,354.6,12.42,938.821,Neurotransmitter
Urea,C10H15N0O0,323.92,6.4,555.242,Amide
Adenosine triphosphate,C4H14N4O5,905.54,4.69,497.236,Alkaloid
Aspirin,C2H13N4O2,793.2,10.41,794.835,Amide
Adenosine triphosphate,C7H25N3O2,478.4,13.39,783.737,Alcohol
Dopamine,C17H23N5O4,534.24,3.85,310.049,Carbohydrate
Adrenaline,C2H22N5O8,294.07,9.84,371.386,Amide
Ethanol,C13H8N1O6,805.77,8.09,608.276,Lipid
Aspirin,C3H22N5O9,58.62,1.98,820.09,Amide
Cholesterol,C6H18N1O4,423.32,N/A,824.569,Neurotransmitter
Adrenaline,C5H22N3O0,78.52,2.2,895.467,Amide
Adenosine triphosphate,C14H39N5O10,225.55,1.11,549.472,Hormone
Ethanol,C2H10N0O8,118.19,12.92,858.865,Neurotransmitter
Glucose,C16H25N0O0,914.87,11.99,155.609,Organic Compound
Cholesterol,C15H5N5O9,683.13,10.57,641.618,Alkaloid
Glucose,C5H38N3O2,594.28,N/A,971.624,Amide
Caffeine,C7H3N1O2,321.12,5.41,637.843,Carbohydrate
Glucose,C11H8N0O5,513.95,10.06,791.031,Carbohydrate
Caffeine,C18H2N5O4,577.61,5.67,392.75,Nucleotide
Adrenaline,C10H37N0O4,430.34,7.82,667.068,Nucleotide
Adrenaline,C5H12N0O8,597.63,10.43,387.959,Alkaloid
Urea,C17H37N0O10,179.47,3.32,329.899,Hormone
Adrenaline,C6H38N2O2,849.36,N/A,293.106,Hormone
Urea,C17H3N1O9,283.22,13.3,390.525,Lipid
Cholesterol,C7H2N3O3,193.3,3.97,997.226,Hormone
Urea,C18H25N5O7,965.27,12.03,77.024,Neurotransmitter
Adenosine triphosphate,C1H23N5O10,613.64,8.05,758.725,Alcohol
Serotonin,C12H23N3O5,344.51,11.14,409.071,Carbohydrate
Caffeine,C7H36N1O6,264.15,6.22,179.675,Hormone
Cholesterol,C14H11N2O8,902.51,4.43,814.152,Nucleotide
Ethanol,C11H26N3O7,583.32,1.44,339.709,Lipid
Serotonin,C3H28N1O6,636.19,12.8,708.328,Neurotransmitter
Serotonin,C13H7N3O9,421.74,13.41,697.641,Organic Compound
Adrenaline,C11H5N1O7,137.75,N/A,765.49,Organic Compound
Aspirin,C8H25N2O10,424.02,11.82,957.058,Hormone
Serotonin,C12H1N0O2,101.07,12.13,413.023,Alcohol
Aspirin,C17H5N1O2,230.83,12.27,741.254,Neurotransmitter
Urea,C18H23N4O1,810.9,9.03,163.088,Alcohol
Caffeine,C19H10N1O7,715.73,13.11,725.178,Alkaloid
Glucose,C17H1N0O7,225.41,12.34,643.433,Alkaloid
Adrenaline,C1H6N5O9,445.88,N/A,607.44,Hormone
Ethanol,C14H11N4O5,125.98,N/A,733.967,Neurotransmitter
Aspirin,C3H6N3O7,452.45,1.65,29.79,Hormone
Caffeine,C4H36N0O3,668.57,10.2,450.095,Organic Compound
Cholesterol,C1H10N0O0,106.03,13.06,734.134,Carbohydrate
Adrenaline,C20H27N2O5,976.52,10.36,665.937,Alkaloid
Aspirin,C15H20N4O8,954.01,10.49,753.619,Alkaloid
Urea,C4H35N3O1,478.74,12.11,268.647,Neurotransmitter
Cholesterol,C20H26N0O2,568.85,4.93,638.555,Hormone
Urea,C18H11N4O8,225.45,10.55,768.167,Neurotransmitter
Adenosine triphosphate,C3H3N2O1,459.94,10.32,292.955,Alkaloid
Caffeine,C14H38N0O6,879.29,N/A,355.609,Hormone
Serotonin,C20H31N3O6,658.53,6.46,205.003,Neurotransmitter
Urea,C10H3N1O10,713.67,N/A,179.188,Alkaloid
Caffeine,C1H38N1O9,332.17,12.21,899.702,Nucleotide
Cholesterol,C19H1N3O4,529.69,N/A,21.992,Nucleotide
Adenosine triphosphate,C3H7N0O4,609.6,8.7,253.104,Carbohydrate
Caffeine,C9H4N4O7,164.34,N/A,310.509,Neurotransmitter
