strain_id,genus,species,gram_stain,oxygen_req,colony_diameter_mm
STR_675,Bacillus,now,Negative,Facultative Anaerobe,9.83
STR_852,Streptococcus,she,Positive,Microaerophilic,7.91
STR_769,Staphylococcus,political,Positive,Facultative Anaerobe,7.3
STR_398,Lactobacillus,production,Negative,Microaerophilic,6.36
STR_818,Staphylococcus,film,Negative,Anaerobic,7.48
STR_242,Staphylococcus,this,Negative,Microaerophilic,3.81
STR_366,Streptococcus,spring,Positive,Microaerophilic,3.71
STR_617,Staphylococcus,discussion,Positive,Anaerobic,6.24
STR_864,Clostridium,entire,Positive,Anaerobic,9.75
STR_183,Bacillus,actually,Negative,Microaerophilic,5.81
STR_323,Bacillus,fight,Negative,Facultative Anaerobe,1.35
STR_639,Streptococcus,put,Positive,Facultative Anaerobe,1.56
STR_867,Bacillus,statement,Positive,Aerobic,9.76
STR_302,Lactobacillus,fill,Negative,Anaerobic,9.37
STR_829,Streptococcus,home,Positive,Microaerophilic,4.97
STR_546,Streptococcus,according,Negative,Facultative Anaerobe,2.18
STR_743,Staphylococcus,use,Negative,Aerobic,1.78
STR_377,Pseudomonas,down,Negative,Facultative Anaerobe,5.65
STR_892,Clostridium,window,Positive,Facultative Anaerobe,1.69
STR_777,Clostridium,image,Positive,Aerobic,7.0
STR_835,Lactobacillus,feel,Positive,Microaerophilic,6.49
STR_807,Streptococcus,quickly,Negative,Microaerophilic,7.69
STR_440,Streptococcus,everything,Negative,Anaerobic,0.98
STR_740,Streptococcus,her,Positive,Microaerophilic,2.79
STR_723,Pseudomonas,magazine,Positive,Microaerophilic,8.41
STR_922,Lactobacillus,face,Positive,Aerobic,9.76
STR_959,Lactobacillus,discover,Positive,Aerobic,0.66
STR_331,Staphylococcus,black,Negative,Aerobic,8.7
STR_549,Lactobacillus,over,Positive,Facultative Anaerobe,3.99
STR_450,Staphylococcus,station,Positive,Anaerobic,9.26
STR_498,Pseudomonas,argue,Negative,Microaerophilic,6.41
STR_648,Clostridium,commercial,Positive,Facultative Anaerobe,3.27
STR_427,Staphylococcus,difference,Positive,Microaerophilic,0.55
STR_549,Streptococcus,trouble,Negative,Facultative Anaerobe,7.16
STR_219,Bacillus,start,Positive,Microaerophilic,1.68
STR_703,Staphylococcus,way,Positive,Anaerobic,2.6
STR_589,Staphylococcus,into,Positive,Microaerophilic,8.01
STR_561,Bacillus,enter,Positive,Facultative Anaerobe,7.24
STR_540,Lactobacillus,view,Positive,Aerobic,8.52
STR_242,Streptococcus,instead,Negative,Microaerophilic,6.27
STR_778,Pseudomonas,paper,Negative,Microaerophilic,5.1
STR_946,Staphylococcus,with,Positive,Facultative Anaerobe,4.55
STR_130,Bacillus,TV,Negative,Microaerophilic,5.43
STR_593,Streptococcus,prove,Negative,Microaerophilic,5.36
STR_552,Bacillus,issue,Positive,Facultative Anaerobe,2.55
STR_383,Lactobacillus,base,Positive,Aerobic,8.31
STR_147,Clostridium,participant,Negative,Aerobic,8.28
STR_386,Pseudomonas,program,Negative,Aerobic,9.13
STR_861,Clostridium,here,Negative,Microaerophilic,1.81
STR_517,Pseudomonas,wait,Negative,Microaerophilic,1.9
STR_455,Bacillus,main,Negative,Facultative Anaerobe,8.25
STR_717,Pseudomonas,author,Negative,Microaerophilic,4.03
STR_861,Lactobacillus,compare,Positive,Facultative Anaerobe,6.67
STR_848,Staphylococcus,order,Positive,Microaerophilic,9.39
STR_409,Staphylococcus,wrong,Negative,Microaerophilic,1.42
STR_138,Staphylococcus,treat,Negative,Aerobic,3.67
STR_118,Bacillus,foot,Positive,Microaerophilic,9.43
STR_159,Pseudomonas,real,Positive,Facultative Anaerobe,3.32
STR_596,Clostridium,talk,Positive,Anaerobic,4.51
STR_849,Staphylococcus,conference,Negative,Anaerobic,3.03
STR_489,Bacillus,have,Negative,Facultative Anaerobe,5.55
STR_398,Lactobacillus,hit,Negative,Aerobic,7.35
STR_529,Streptococcus,according,Positive,Microaerophilic,8.35
STR_315,Pseudomonas,turn,Negative,Microaerophilic,8.66
STR_155,Bacillus,professor,Positive,Microaerophilic,3.33
STR_805,Bacillus,figure,Negative,Aerobic,1.49
STR_610,Clostridium,reveal,Negative,Aerobic,5.3
STR_322,Streptococcus,lawyer,Positive,Aerobic,9.1
STR_536,Streptococcus,reduce,Positive,Microaerophilic,1.46
STR_649,Pseudomonas,good,Positive,Microaerophilic,1.04
STR_527,Streptococcus,personal,Positive,Facultative Anaerobe,5.69
STR_597,Lactobacillus,total,Negative,Aerobic,1.13
STR_475,Bacillus,score,Negative,Anaerobic,4.42
STR_552,Pseudomonas,west,Positive,Aerobic,6.16
STR_943,Staphylococcus,less,Positive,Microaerophilic,8.92
STR_990,Clostridium,child,Positive,Facultative Anaerobe,1.96
STR_813,Streptococcus,audience,Positive,Facultative Anaerobe,4.04
STR_300,Streptococcus,dark,Negative,Microaerophilic,5.1
STR_295,Clostridium,husband,Positive,Microaerophilic,4.85
STR_575,Bacillus,purpose,Negative,Facultative Anaerobe,9.78
STR_335,Lactobacillus,sound,Negative,Aerobic,5.66
STR_472,Streptococcus,cause,Negative,Facultative Anaerobe,4.57
STR_557,Clostridium,TV,Positive,Aerobic,9.58
STR_623,Bacillus,heart,Positive,Anaerobic,4.89
STR_664,Streptococcus,style,Negative,Facultative Anaerobe,5.25
STR_667,Lactobacillus,represent,Positive,Facultative Anaerobe,9.35
STR_404,Bacillus,interview,Positive,Aerobic,6.09
STR_136,Pseudomonas,floor,Negative,Facultative Anaerobe,9.79
STR_170,Pseudomonas,fast,Positive,Facultative Anaerobe,9.71
STR_879,Bacillus,identify,Negative,Facultative Anaerobe,3.08
STR_664,Staphylococcus,bring,Positive,Microaerophilic,7.53
STR_235,Streptococcus,onto,Positive,Anaerobic,0.65
STR_410,Lactobacillus,imagine,Positive,Facultative Anaerobe,8.55
STR_511,Pseudomonas,party,Positive,Microaerophilic,7.72
STR_870,Bacillus,may,Positive,Anaerobic,3.95
STR_786,Clostridium,recognize,Positive,Anaerobic,5.06
STR_913,Clostridium,between,Negative,Microaerophilic,5.85
STR_588,Staphylococcus,large,Positive,Microaerophilic,6.29
STR_653,Pseudomonas,fact,Negative,Aerobic,5.1
STR_222,Lactobacillus,still,Negative,Facultative Anaerobe,2.21
STR_518,Lactobacillus,protect,Negative,Aerobic,5.54
STR_766,Staphylococcus,about,Positive,Facultative Anaerobe,0.63
STR_955,Lactobacillus,television,Positive,Anaerobic,8.44
STR_290,Pseudomonas,hour,Negative,Anaerobic,2.72
STR_182,Pseudomonas,strategy,Negative,Anaerobic,4.14
STR_307,Lactobacillus,think,Positive,Aerobic,9.62
STR_203,Bacillus,either,Negative,Anaerobic,4.32
STR_727,Clostridium,either,Negative,Microaerophilic,5.16
STR_655,Bacillus,most,Positive,Anaerobic,8.76
STR_643,Staphylococcus,pattern,Negative,Facultative Anaerobe,7.03
STR_171,Staphylococcus,bad,Positive,Aerobic,2.03
STR_499,Bacillus,share,Negative,Aerobic,4.07
STR_949,Pseudomonas,open,Negative,Aerobic,4.79
STR_983,Streptococcus,focus,Negative,Aerobic,9.7
STR_575,Lactobacillus,generation,Positive,Microaerophilic,6.68
STR_954,Streptococcus,father,Negative,Facultative Anaerobe,1.41
STR_398,Clostridium,down,Positive,Microaerophilic,8.45
STR_770,Streptococcus,test,Positive,Anaerobic,1.56
STR_109,Streptococcus,as,Negative,Facultative Anaerobe,1.37
STR_821,Pseudomonas,among,Negative,Facultative Anaerobe,7.67
STR_776,Staphylococcus,remember,Positive,Facultative Anaerobe,3.29
STR_182,Lactobacillus,process,Negative,Anaerobic,8.23
STR_300,Staphylococcus,receive,Negative,Anaerobic,3.39
STR_959,Bacillus,listen,Negative,Facultative Anaerobe,3.64
STR_960,Lactobacillus,how,Positive,Aerobic,1.75
STR_610,Clostridium,table,Negative,Aerobic,8.71
STR_719,Pseudomonas,management,Negative,Microaerophilic,3.8
STR_940,Clostridium,machine,Positive,Facultative Anaerobe,8.94
STR_679,Streptococcus,culture,Positive,Microaerophilic,6.75
STR_453,Pseudomonas,history,Negative,Microaerophilic,6.6
STR_360,Lactobacillus,painting,Negative,Anaerobic,6.76
STR_993,Pseudomonas,wait,Negative,Aerobic,2.18
STR_878,Pseudomonas,happen,Negative,Anaerobic,8.28
STR_734,Staphylococcus,up,Positive,Anaerobic,4.98
STR_713,Streptococcus,oil,Negative,Microaerophilic,4.31
STR_275,Streptococcus,perhaps,Negative,Anaerobic,5.29
STR_896,Staphylococcus,gas,Negative,Anaerobic,7.52
STR_742,Staphylococcus,bar,Positive,Microaerophilic,7.02
STR_694,Streptococcus,boy,Positive,Anaerobic,6.32
STR_948,Streptococcus,employee,Positive,Facultative Anaerobe,3.02
STR_660,Pseudomonas,myself,Positive,Anaerobic,7.18
STR_664,Staphylococcus,buy,Positive,Facultative Anaerobe,4.76
STR_338,Bacillus,physical,Negative,Aerobic,5.37
STR_929,Lactobacillus,contain,Negative,Facultative Anaerobe,3.05
STR_836,Pseudomonas,pull,Negative,Facultative Anaerobe,3.97
STR_773,Streptococcus,day,Positive,Anaerobic,6.9
STR_394,Streptococcus,cost,Negative,Facultative Anaerobe,3.65
STR_530,Pseudomonas,eight,Negative,Anaerobic,3.88
STR_948,Clostridium,certain,Negative,Microaerophilic,5.44
STR_467,Lactobacillus,small,Positive,Anaerobic,2.08
STR_975,Staphylococcus,street,Negative,Microaerophilic,1.83
STR_812,Lactobacillus,article,Negative,Facultative Anaerobe,2.85
STR_929,Streptococcus,two,Positive,Facultative Anaerobe,8.62
STR_698,Bacillus,join,Positive,Facultative Anaerobe,5.62
STR_486,Clostridium,manage,Negative,Microaerophilic,8.05
STR_203,Pseudomonas,dark,Negative,Aerobic,6.58
STR_647,Lactobacillus,subject,Negative,Microaerophilic,3.28
STR_104,Staphylococcus,idea,Positive,Facultative Anaerobe,2.96
STR_618,Staphylococcus,change,Positive,Microaerophilic,9.83
STR_711,Bacillus,break,Negative,Facultative Anaerobe,3.07
STR_711,Pseudomonas,activity,Negative,Microaerophilic,9.95
STR_172,Staphylococcus,air,Negative,Microaerophilic,8.34
STR_162,Bacillus,within,Negative,Aerobic,8.89
STR_348,Pseudomonas,identify,Positive,Aerobic,2.67
STR_812,Clostridium,result,Positive,Facultative Anaerobe,6.08
STR_272,Bacillus,design,Positive,Microaerophilic,6.29
STR_506,Streptococcus,bar,Negative,Microaerophilic,1.28
STR_329,Pseudomonas,need,Negative,Anaerobic,1.51
STR_255,Lactobacillus,nation,Negative,Aerobic,2.43
STR_742,Clostridium,part,Negative,Aerobic,1.14
STR_232,Lactobacillus,oil,Positive,Facultative Anaerobe,9.41
STR_353,Bacillus,cut,Negative,Facultative Anaerobe,6.82
STR_513,Bacillus,anything,Negative,Aerobic,8.51
STR_771,Lactobacillus,near,Negative,Facultative Anaerobe,1.21
STR_460,Pseudomonas,social,Positive,Anaerobic,4.55
STR_760,Pseudomonas,cost,Positive,Facultative Anaerobe,8.74
STR_546,Staphylococcus,main,Negative,Facultative Anaerobe,7.26
STR_954,Pseudomonas,performance,Positive,Aerobic,4.8
STR_489,Pseudomonas,girl,Positive,Aerobic,3.95
STR_733,Streptococcus,necessary,Positive,Anaerobic,6.88
STR_481,Lactobacillus,score,Negative,Microaerophilic,5.48
STR_911,Lactobacillus,history,Negative,Microaerophilic,1.95
STR_998,Bacillus,car,Positive,Facultative Anaerobe,4.08
STR_373,Bacillus,kind,Negative,Microaerophilic,1.53
STR_162,Bacillus,recent,Negative,Anaerobic,7.67
STR_673,Clostridium,scientist,Positive,Facultative Anaerobe,9.04
STR_319,Bacillus,industry,Negative,Aerobic,3.49
STR_948,Bacillus,want,Positive,Anaerobic,7.51
STR_895,Clostridium,company,Positive,Microaerophilic,3.14
STR_991,Streptococcus,statement,Positive,Aerobic,6.3
STR_305,Streptococcus,best,Negative,Anaerobic,9.0
STR_529,Streptococcus,behind,Positive,Aerobic,1.77
STR_962,Pseudomonas,program,Positive,Aerobic,4.75
STR_671,Staphylococcus,food,Negative,Anaerobic,4.77
STR_874,Lactobacillus,move,Positive,Anaerobic,7.38
STR_203,Lactobacillus,specific,Positive,Anaerobic,7.81
STR_381,Bacillus,collection,Negative,Microaerophilic,6.92
STR_515,Staphylococcus,trouble,Positive,Facultative Anaerobe,9.49
STR_612,Clostridium,member,Negative,Microaerophilic,8.82
STR_598,Bacillus,boy,Negative,Anaerobic,8.96
STR_372,Clostridium,blood,Positive,Aerobic,9.99
STR_898,Staphylococcus,many,Positive,Facultative Anaerobe,1.27
STR_346,Pseudomonas,argue,Negative,Aerobic,5.6
STR_466,Clostridium,reason,Positive,Microaerophilic,3.32
STR_332,Staphylococcus,appear,Positive,Microaerophilic,6.77
STR_192,Streptococcus,else,Positive,Facultative Anaerobe,6.92
STR_777,Streptococcus,political,Positive,Facultative Anaerobe,7.65
STR_142,Staphylococcus,traditional,Positive,Microaerophilic,6.52
STR_378,Streptococcus,specific,Positive,Aerobic,6.46
STR_440,Pseudomonas,office,Negative,Aerobic,7.86
STR_214,Lactobacillus,factor,Positive,Facultative Anaerobe,1.47
STR_457,Staphylococcus,remember,Positive,Anaerobic,9.16
STR_806,Clostridium,maybe,Positive,Anaerobic,8.65
STR_946,Lactobacillus,personal,Negative,Microaerophilic,7.63
STR_458,Bacillus,spend,Positive,Aerobic,7.78
STR_212,Bacillus,situation,Positive,Aerobic,7.49
STR_904,Streptococcus,wear,Negative,Facultative Anaerobe,3.64
STR_291,Pseudomonas,age,Positive,Facultative Anaerobe,1.54
STR_784,Bacillus,above,Negative,Microaerophilic,1.26
STR_749,Pseudomonas,into,Negative,Facultative Anaerobe,3.92
STR_270,Bacillus,line,Positive,Facultative Anaerobe,9.03
STR_972,Bacillus,customer,Positive,Microaerophilic,9.33
STR_501,Bacillus,food,Negative,Microaerophilic,2.16
STR_308,Bacillus,it,Negative,Anaerobic,8.87
STR_942,Staphylococcus,occur,Positive,Aerobic,1.32
STR_469,Streptococcus,star,Positive,Facultative Anaerobe,6.77
STR_343,Lactobacillus,town,Positive,Microaerophilic,6.79
STR_875,Clostridium,about,Positive,Facultative Anaerobe,9.73
STR_341,Bacillus,believe,Negative,Anaerobic,4.15
STR_579,Pseudomonas,be,Negative,Microaerophilic,7.51
STR_529,Pseudomonas,start,Positive,Anaerobic,9.55
STR_941,Clostridium,subject,Negative,Anaerobic,9.28
STR_923,Clostridium,body,Positive,Microaerophilic,9.73
STR_108,Pseudomonas,treat,Negative,Microaerophilic,5.92
STR_723,Pseudomonas,view,Positive,Facultative Anaerobe,5.34
STR_293,Streptococcus,need,Positive,Microaerophilic,4.29
STR_411,Streptococcus,kind,Positive,Facultative Anaerobe,5.07
STR_604,Staphylococcus,learn,Positive,Facultative Anaerobe,7.35
STR_298,Bacillus,similar,Positive,Microaerophilic,3.88
STR_667,Clostridium,carry,Negative,Anaerobic,4.62
STR_269,Clostridium,specific,Negative,Aerobic,1.57
STR_515,Streptococcus,yes,Positive,Facultative Anaerobe,8.83
STR_882,Clostridium,green,Negative,Anaerobic,9.32
STR_542,Streptococcus,only,Negative,Anaerobic,3.59
STR_574,Clostridium,commercial,Negative,Facultative Anaerobe,6.17
STR_576,Staphylococcus,while,Positive,Aerobic,6.01
STR_818,Clostridium,provide,Negative,Microaerophilic,8.05
STR_875,Pseudomonas,hand,Negative,Microaerophilic,7.23
STR_819,Bacillus,share,Positive,Facultative Anaerobe,1.9
STR_332,Clostridium,remain,Positive,Aerobic,8.67
STR_777,Bacillus,reason,Negative,Facultative Anaerobe,5.03
STR_220,Staphylococcus,school,Negative,Anaerobic,0.99
STR_592,Lactobacillus,role,Negative,Anaerobic,6.28
STR_580,Pseudomonas,medical,Positive,Microaerophilic,6.67
STR_105,Clostridium,trade,Negative,Anaerobic,1.88
STR_238,Lactobacillus,wall,Positive,Facultative Anaerobe,8.62
STR_380,Clostridium,enter,Positive,Microaerophilic,7.2
STR_496,Bacillus,individual,Positive,Aerobic,8.44
STR_619,Pseudomonas,suddenly,Negative,Microaerophilic,0.88
STR_672,Lactobacillus,various,Positive,Aerobic,4.58
STR_586,Bacillus,religious,Negative,Anaerobic,8.07
STR_650,Staphylococcus,provide,Positive,Facultative Anaerobe,1.58
STR_726,Clostridium,general,Positive,Microaerophilic,7.71
STR_628,Staphylococcus,ready,Positive,Anaerobic,7.48
STR_609,Staphylococcus,old,Positive,Facultative Anaerobe,2.71
STR_906,Streptococcus,central,Negative,Anaerobic,7.27
STR_100,Staphylococcus,score,Negative,Aerobic,9.85
STR_660,Streptococcus,second,Positive,Facultative Anaerobe,5.28
STR_177,Pseudomonas,western,Negative,Anaerobic,7.47
STR_664,Pseudomonas,least,Positive,Facultative Anaerobe,4.54
STR_907,Streptococcus,point,Negative,Anaerobic,4.39
STR_718,Bacillus,world,Negative,Aerobic,5.44
STR_454,Streptococcus,admit,Positive,Aerobic,8.01
STR_871,Bacillus,including,Positive,Facultative Anaerobe,3.17
STR_730,Staphylococcus,poor,Negative,Facultative Anaerobe,9.06
STR_783,Bacillus,ever,Negative,Anaerobic,4.94
STR_539,Pseudomonas,identify,Positive,Facultative Anaerobe,4.0
STR_614,Bacillus,suggest,Positive,Aerobic,2.02
STR_771,Clostridium,election,Negative,Facultative Anaerobe,4.58
STR_389,Clostridium,around,Positive,Facultative Anaerobe,5.87
STR_530,Bacillus,knowledge,Positive,Facultative Anaerobe,6.85
STR_784,Clostridium,together,Positive,Microaerophilic,5.98
STR_626,Staphylococcus,believe,Negative,Facultative Anaerobe,3.76
STR_545,Bacillus,three,Positive,Microaerophilic,1.5
STR_611,Bacillus,standard,Positive,Facultative Anaerobe,6.61
STR_837,Streptococcus,before,Negative,Facultative Anaerobe,6.99
STR_773,Staphylococcus,body,Negative,Facultative Anaerobe,2.83
STR_266,Bacillus,cut,Positive,Microaerophilic,8.38
STR_964,Staphylococcus,enter,Positive,Anaerobic,3.87
STR_844,Streptococcus,eight,Negative,Aerobic,9.51
STR_244,Staphylococcus,possible,Positive,Facultative Anaerobe,8.43
STR_268,Staphylococcus,begin,Negative,Anaerobic,8.86
STR_716,Clostridium,idea,Positive,Microaerophilic,2.69
STR_943,Staphylococcus,agency,Negative,Facultative Anaerobe,1.5
STR_821,Lactobacillus,range,Positive,Facultative Anaerobe,5.49
STR_666,Pseudomonas,election,Negative,Aerobic,5.51
STR_703,Bacillus,continue,Positive,Facultative Anaerobe,9.38
STR_510,Pseudomonas,few,Negative,Aerobic,8.89
STR_774,Bacillus,more,Positive,Aerobic,2.0
STR_748,Clostridium,human,Negative,Anaerobic,5.16
STR_406,Lactobacillus,without,Negative,Facultative Anaerobe,3.61
STR_342,Lactobacillus,quite,Positive,Anaerobic,9.39
STR_493,Streptococcus,against,Negative,Microaerophilic,1.73
STR_749,Bacillus,role,Positive,Aerobic,0.62
STR_105,Staphylococcus,significant,Positive,Anaerobic,6.37
STR_232,Streptococcus,whole,Positive,Facultative Anaerobe,4.21
STR_294,Lactobacillus,recent,Negative,Microaerophilic,1.19
STR_799,Staphylococcus,water,Positive,Facultative Anaerobe,4.02
STR_533,Pseudomonas,debate,Positive,Microaerophilic,2.27
STR_716,Streptococcus,strategy,Negative,Anaerobic,7.51
STR_775,Clostridium,painting,Negative,Facultative Anaerobe,9.49
STR_520,Lactobacillus,rich,Positive,Anaerobic,8.26
STR_713,Staphylococcus,between,Positive,Microaerophilic,0.95
STR_674,Pseudomonas,entire,Negative,Facultative Anaerobe,0.56
STR_764,Staphylococcus,high,Negative,Facultative Anaerobe,6.19
STR_364,Clostridium,animal,Positive,Aerobic,2.34
STR_640,Lactobacillus,mean,Positive,Aerobic,1.78
STR_523,Bacillus,blue,Negative,Facultative Anaerobe,7.0
STR_547,Staphylococcus,crime,Positive,Aerobic,4.11
STR_284,Staphylococcus,mention,Negative,Aerobic,4.07
STR_494,Pseudomonas,local,Positive,Microaerophilic,2.34
STR_662,Lactobacillus,say,Negative,Anaerobic,5.39
STR_136,Pseudomonas,new,Negative,Anaerobic,6.34
STR_640,Pseudomonas,myself,Negative,Aerobic,4.82
STR_356,Streptococcus,clearly,Negative,Aerobic,7.15
STR_856,Bacillus,different,Negative,Facultative Anaerobe,8.81
STR_465,Clostridium,baby,Positive,Facultative Anaerobe,3.27
STR_595,Streptococcus,chance,Negative,Aerobic,6.98
STR_275,Pseudomonas,reflect,Negative,Microaerophilic,3.13
STR_141,Bacillus,civil,Positive,Microaerophilic,4.27
STR_359,Pseudomonas,option,Positive,Aerobic,2.11
STR_559,Streptococcus,half,Negative,Aerobic,3.82
STR_781,Clostridium,guy,Negative,Microaerophilic,5.37
STR_720,Pseudomonas,every,Negative,Anaerobic,8.51
STR_103,Bacillus,consider,Negative,Facultative Anaerobe,6.87
STR_952,Lactobacillus,foreign,Negative,Facultative Anaerobe,5.07
STR_229,Streptococcus,might,Positive,Facultative Anaerobe,7.84
STR_535,Pseudomonas,man,Negative,Facultative Anaerobe,7.97
STR_924,Clostridium,piece,Negative,Aerobic,9.27
STR_186,Staphylococcus,anyone,Negative,Facultative Anaerobe,4.3
STR_148,Bacillus,pass,Positive,Anaerobic,6.7
STR_660,Lactobacillus,concern,Positive,Aerobic,5.22
STR_418,Pseudomonas,everyone,Negative,Anaerobic,9.43
STR_864,Staphylococcus,trial,Positive,Facultative Anaerobe,7.89
STR_289,Bacillus,development,Positive,Aerobic,0.58
STR_394,Clostridium,talk,Positive,Aerobic,1.02
STR_763,Staphylococcus,subject,Positive,Facultative Anaerobe,5.44
STR_758,Staphylococcus,eat,Positive,Microaerophilic,7.16
STR_955,Streptococcus,black,Negative,Aerobic,3.23
STR_637,Lactobacillus,democratic,Positive,Facultative Anaerobe,6.59
STR_742,Streptococcus,our,Negative,Anaerobic,6.92
STR_780,Bacillus,computer,Positive,Anaerobic,3.08
STR_658,Streptococcus,occur,Negative,Anaerobic,4.83
STR_966,Pseudomonas,quality,Positive,Microaerophilic,6.63
STR_850,Pseudomonas,possible,Positive,Anaerobic,5.82
STR_127,Clostridium,start,Negative,Anaerobic,5.76
STR_763,Staphylococcus,build,Positive,Aerobic,8.06
STR_634,Staphylococcus,study,Positive,Microaerophilic,8.83
STR_735,Lactobacillus,water,Negative,Aerobic,5.8
STR_245,Lactobacillus,little,Negative,Anaerobic,4.49
STR_423,Lactobacillus,others,Positive,Aerobic,7.59
STR_282,Staphylococcus,agent,Positive,Microaerophilic,9.11
STR_494,Bacillus,director,Positive,Microaerophilic,9.87
STR_420,Clostridium,forward,Positive,Microaerophilic,0.75
STR_681,Pseudomonas,natural,Negative,Aerobic,1.0
STR_715,Pseudomonas,opportunity,Positive,Microaerophilic,3.06
STR_524,Pseudomonas,lawyer,Negative,Microaerophilic,8.3
STR_549,Clostridium,same,Negative,Anaerobic,1.89
STR_539,Streptococcus,kid,Positive,Microaerophilic,3.99
STR_301,Streptococcus,travel,Positive,Microaerophilic,8.11
STR_392,Staphylococcus,carry,Negative,Aerobic,1.35
STR_938,Streptococcus,big,Negative,Microaerophilic,3.05
STR_240,Pseudomonas,change,Positive,Aerobic,6.09
STR_471,Pseudomonas,company,Negative,Aerobic,7.03
STR_782,Pseudomonas,special,Positive,Aerobic,5.27
STR_316,Streptococcus,discover,Positive,Facultative Anaerobe,2.12
STR_507,Staphylococcus,call,Positive,Anaerobic,2.73
STR_114,Streptococcus,time,Negative,Microaerophilic,2.38
STR_405,Lactobacillus,candidate,Positive,Facultative Anaerobe,5.14
STR_994,Pseudomonas,itself,Positive,Anaerobic,3.88
STR_598,Streptococcus,movie,Positive,Facultative Anaerobe,7.28
STR_374,Lactobacillus,provide,Negative,Anaerobic,7.87
STR_423,Pseudomonas,control,Negative,Microaerophilic,9.17
STR_239,Staphylococcus,professional,Negative,Microaerophilic,9.65
STR_309,Streptococcus,not,Positive,Facultative Anaerobe,7.74
STR_881,Staphylococcus,collection,Positive,Facultative Anaerobe,9.57
STR_324,Staphylococcus,professor,Positive,Anaerobic,2.25
STR_777,Pseudomonas,tell,Negative,Facultative Anaerobe,6.97
STR_121,Clostridium,positive,Positive,Aerobic,7.91
STR_736,Pseudomonas,fall,Negative,Anaerobic,7.53
STR_560,Bacillus,television,Positive,Facultative Anaerobe,2.67
STR_191,Staphylococcus,interest,Negative,Anaerobic,6.34
STR_868,Lactobacillus,race,Negative,Microaerophilic,8.11
STR_215,Bacillus,official,Positive,Anaerobic,0.69
STR_262,Clostridium,particularly,Positive,Aerobic,1.26
STR_726,Staphylococcus,majority,Negative,Facultative Anaerobe,9.73
STR_996,Bacillus,amount,Positive,Facultative Anaerobe,3.76
STR_794,Pseudomonas,represent,Negative,Aerobic,4.35
STR_873,Lactobacillus,kitchen,Positive,Facultative Anaerobe,0.72
STR_771,Pseudomonas,federal,Positive,Microaerophilic,6.28
STR_977,Lactobacillus,check,Negative,Facultative Anaerobe,7.66
STR_844,Lactobacillus,different,Negative,Microaerophilic,9.44
STR_339,Streptococcus,toward,Positive,Microaerophilic,4.62
STR_117,Staphylococcus,skill,Positive,Aerobic,0.66
STR_925,Staphylococcus,like,Negative,Aerobic,2.99
STR_643,Bacillus,include,Negative,Microaerophilic,1.42
STR_214,Bacillus,alone,Negative,Facultative Anaerobe,0.54
STR_507,Staphylococcus,boy,Negative,Anaerobic,8.07
STR_252,Streptococcus,history,Negative,Aerobic,0.92
STR_614,Streptococcus,kind,Positive,Aerobic,9.46
STR_525,Clostridium,send,Positive,Facultative Anaerobe,2.27
STR_195,Pseudomonas,everyone,Negative,Aerobic,4.67
STR_635,Staphylococcus,beautiful,Negative,Anaerobic,0.96
STR_804,Bacillus,almost,Negative,Facultative Anaerobe,1.07
STR_948,Lactobacillus,spring,Negative,Anaerobic,1.64
STR_655,Clostridium,spring,Positive,Microaerophilic,4.62
STR_767,Staphylococcus,table,Negative,Anaerobic,5.79
STR_658,Bacillus,lot,Negative,Aerobic,1.51
STR_897,Staphylococcus,say,Positive,Anaerobic,8.32
STR_469,Lactobacillus,rule,Positive,Aerobic,3.83
STR_170,Bacillus,from,Positive,Facultative Anaerobe,8.1
STR_311,Pseudomonas,few,Negative,Aerobic,5.31
STR_435,Bacillus,street,Negative,Facultative Anaerobe,9.78
STR_298,Lactobacillus,thus,Negative,Microaerophilic,8.35
STR_798,Bacillus,some,Negative,Microaerophilic,7.63
STR_680,Staphylococcus,protect,Negative,Facultative Anaerobe,1.92
STR_162,Staphylococcus,age,Negative,Aerobic,9.81
STR_958,Streptococcus,house,Positive,Anaerobic,3.53
STR_685,Lactobacillus,team,Positive,Facultative Anaerobe,0.8
STR_481,Bacillus,wrong,Positive,Microaerophilic,7.73
STR_719,Bacillus,room,Negative,Aerobic,8.33
STR_467,Streptococcus,visit,Positive,Microaerophilic,8.86
STR_587,Lactobacillus,event,Negative,Microaerophilic,0.52
STR_398,Streptococcus,discuss,Positive,Anaerobic,5.97
STR_358,Staphylococcus,heart,Positive,Aerobic,7.71
STR_977,Clostridium,leader,Positive,Anaerobic,4.49
STR_536,Streptococcus,story,Positive,Anaerobic,1.72
STR_176,Clostridium,build,Positive,Facultative Anaerobe,7.47
STR_938,Bacillus,us,Negative,Microaerophilic,1.13
STR_449,Bacillus,executive,Positive,Microaerophilic,3.68
STR_778,Bacillus,dark,Positive,Aerobic,5.55
STR_501,Bacillus,will,Negative,Aerobic,2.55
STR_120,Lactobacillus,blue,Negative,Aerobic,4.24
STR_281,Lactobacillus,research,Positive,Microaerophilic,9.92
STR_957,Pseudomonas,sort,Positive,Microaerophilic,2.17
STR_370,Lactobacillus,doctor,Negative,Microaerophilic,6.08
STR_732,Clostridium,quickly,Negative,Facultative Anaerobe,2.68
STR_461,Clostridium,study,Positive,Facultative Anaerobe,9.11
STR_946,Pseudomonas,rather,Positive,Anaerobic,7.57
STR_320,Bacillus,attack,Positive,Facultative Anaerobe,3.55
STR_380,Pseudomonas,deep,Positive,Facultative Anaerobe,2.57
STR_682,Streptococcus,plan,Negative,Facultative Anaerobe,6.03
STR_190,Lactobacillus,day,Positive,Facultative Anaerobe,8.77
STR_803,Pseudomonas,understand,Positive,Aerobic,4.9
STR_950,Pseudomonas,west,Negative,Microaerophilic,6.92
STR_657,Staphylococcus,require,Positive,Anaerobic,3.08
STR_105,Staphylococcus,western,Positive,Facultative Anaerobe,9.36
STR_553,Bacillus,see,Positive,Microaerophilic,7.69
STR_340,Lactobacillus,deep,Negative,Facultative Anaerobe,2.47
STR_293,Lactobacillus,yeah,Positive,Facultative Anaerobe,8.56
STR_733,Staphylococcus,bank,Positive,Aerobic,9.68
STR_700,Clostridium,director,Negative,Anaerobic,2.65
STR_727,Lactobacillus,discussion,Negative,Facultative Anaerobe,3.86
STR_102,Staphylococcus,American,Positive,Anaerobic,9.94
STR_871,Lactobacillus,marriage,Negative,Anaerobic,3.05
STR_401,Clostridium,if,Positive,Facultative Anaerobe,3.02
STR_935,Bacillus,detail,Negative,Anaerobic,2.85
STR_858,Bacillus,look,Positive,Aerobic,7.27
STR_337,Staphylococcus,feel,Positive,Microaerophilic,1.81
STR_828,Streptococcus,task,Positive,Microaerophilic,4.09
STR_328,Pseudomonas,church,Positive,Facultative Anaerobe,9.23
STR_702,Bacillus,old,Positive,Aerobic,8.81
STR_836,Streptococcus,yeah,Negative,Aerobic,9.33
STR_307,Lactobacillus,example,Positive,Anaerobic,4.76
STR_500,Clostridium,require,Positive,Facultative Anaerobe,4.42
STR_759,Pseudomonas,benefit,Negative,Anaerobic,8.38
STR_427,Staphylococcus,subject,Positive,Facultative Anaerobe,2.43
STR_815,Streptococcus,church,Positive,Microaerophilic,2.89
STR_368,Clostridium,successful,Negative,Microaerophilic,8.91
STR_924,Pseudomonas,collection,Positive,Aerobic,3.7
STR_239,Streptococcus,pay,Negative,Microaerophilic,9.37
STR_266,Clostridium,only,Negative,Microaerophilic,9.31
STR_221,Pseudomonas,size,Negative,Aerobic,9.99
STR_775,Pseudomonas,factor,Positive,Microaerophilic,6.04
STR_476,Bacillus,such,Positive,Facultative Anaerobe,6.67
STR_121,Clostridium,old,Positive,Microaerophilic,7.44
STR_982,Streptococcus,necessary,Positive,Facultative Anaerobe,4.71
STR_357,Streptococcus,laugh,Negative,Facultative Anaerobe,9.17
STR_390,Pseudomonas,result,Positive,Microaerophilic,1.84
STR_909,Bacillus,daughter,Positive,Aerobic,1.14
STR_169,Clostridium,recent,Negative,Anaerobic,1.13
STR_178,Staphylococcus,husband,Positive,Anaerobic,7.07
STR_461,Bacillus,thousand,Negative,Microaerophilic,9.67
STR_267,Streptococcus,approach,Positive,Facultative Anaerobe,3.99
STR_568,Staphylococcus,reveal,Negative,Microaerophilic,9.76
STR_989,Lactobacillus,different,Positive,Microaerophilic,1.4
STR_275,Pseudomonas,box,Negative,Aerobic,5.43
STR_417,Bacillus,from,Negative,Microaerophilic,1.39
STR_399,Pseudomonas,lawyer,Negative,Microaerophilic,2.47
STR_429,Streptococcus,share,Negative,Facultative Anaerobe,5.86
STR_223,Staphylococcus,too,Negative,Aerobic,2.77
STR_500,Lactobacillus,mission,Negative,Anaerobic,8.4
STR_517,Staphylococcus,mother,Positive,Microaerophilic,7.73
STR_848,Bacillus,property,Negative,Anaerobic,2.42
STR_935,Bacillus,bit,Positive,Microaerophilic,2.67
STR_987,Streptococcus,month,Positive,Anaerobic,8.1
STR_463,Pseudomonas,age,Positive,Facultative Anaerobe,5.67
STR_635,Streptococcus,art,Negative,Aerobic,0.52
STR_287,Streptococcus,ahead,Negative,Anaerobic,9.69
STR_828,Lactobacillus,teacher,Negative,Facultative Anaerobe,6.26
STR_288,Streptococcus,them,Negative,Anaerobic,6.37
STR_377,Clostridium,suddenly,Positive,Anaerobic,5.89
STR_708,Bacillus,least,Positive,Microaerophilic,6.1
STR_518,Bacillus,discussion,Negative,Aerobic,7.98
STR_490,Lactobacillus,when,Positive,Aerobic,3.71
STR_133,Clostridium,environmental,Positive,Microaerophilic,8.07
STR_329,Bacillus,actually,Negative,Aerobic,7.3
STR_733,Pseudomonas,sea,Negative,Anaerobic,5.97
STR_783,Streptococcus,tax,Negative,Aerobic,9.69
STR_616,Pseudomonas,seven,Positive,Facultative Anaerobe,4.87
STR_364,Clostridium,evidence,Negative,Anaerobic,2.58
STR_677,Lactobacillus,activity,Positive,Aerobic,7.36
STR_348,Lactobacillus,up,Negative,Anaerobic,4.03
STR_581,Staphylococcus,clearly,Negative,Facultative Anaerobe,9.69
STR_486,Lactobacillus,travel,Positive,Facultative Anaerobe,5.52
STR_950,Clostridium,four,Negative,Anaerobic,5.45
STR_802,Pseudomonas,check,Negative,Anaerobic,7.89
STR_691,Streptococcus,difference,Negative,Aerobic,3.94
STR_903,Clostridium,will,Negative,Anaerobic,8.37
STR_975,Staphylococcus,collection,Negative,Microaerophilic,1.76
STR_840,Staphylococcus,morning,Negative,Anaerobic,0.88
STR_268,Streptococcus,social,Positive,Microaerophilic,1.43
STR_455,Staphylococcus,far,Negative,Anaerobic,2.01
STR_528,Staphylococcus,American,Positive,Microaerophilic,3.85
STR_437,Lactobacillus,choose,Negative,Microaerophilic,3.63
STR_979,Streptococcus,former,Negative,Aerobic,8.92
STR_389,Clostridium,model,Positive,Microaerophilic,4.45
STR_824,Pseudomonas,Mr,Negative,Aerobic,2.41
STR_154,Pseudomonas,relationship,Positive,Anaerobic,7.45
STR_550,Pseudomonas,senior,Positive,Anaerobic,1.96
STR_640,Pseudomonas,environment,Negative,Facultative Anaerobe,8.22
STR_799,Lactobacillus,admit,Positive,Facultative Anaerobe,9.95
STR_964,Pseudomonas,certain,Negative,Aerobic,7.21
STR_550,Staphylococcus,improve,Negative,Aerobic,8.85
STR_655,Clostridium,view,Positive,Facultative Anaerobe,6.14
STR_795,Clostridium,agreement,Negative,Anaerobic,7.44
STR_545,Bacillus,own,Positive,Facultative Anaerobe,8.8
STR_159,Streptococcus,nice,Positive,Microaerophilic,4.64
STR_890,Lactobacillus,let,Negative,Aerobic,3.37
STR_487,Staphylococcus,foot,Negative,Microaerophilic,0.85
STR_603,Staphylococcus,before,Positive,Microaerophilic,2.48
STR_457,Clostridium,may,Negative,Microaerophilic,9.53
STR_131,Bacillus,popular,Positive,Aerobic,5.68
STR_154,Clostridium,wide,Negative,Facultative Anaerobe,6.93
STR_265,Lactobacillus,available,Positive,Anaerobic,8.5
STR_347,Pseudomonas,right,Negative,Aerobic,6.32
STR_391,Pseudomonas,keep,Positive,Anaerobic,8.79
STR_939,Streptococcus,democratic,Positive,Microaerophilic,9.83
STR_952,Streptococcus,half,Negative,Microaerophilic,3.55
STR_740,Lactobacillus,military,Positive,Microaerophilic,3.29
STR_519,Lactobacillus,appear,Positive,Aerobic,2.52
STR_325,Lactobacillus,Democrat,Negative,Microaerophilic,1.84
STR_507,Staphylococcus,senior,Negative,Aerobic,5.38
STR_725,Bacillus,first,Negative,Anaerobic,6.76
STR_195,Bacillus,wall,Negative,Microaerophilic,5.97
STR_125,Staphylococcus,section,Positive,Microaerophilic,3.01
STR_807,Bacillus,body,Positive,Aerobic,0.58
STR_592,Lactobacillus,film,Negative,Aerobic,4.45
STR_496,Bacillus,region,Negative,Aerobic,1.54
STR_401,Streptococcus,son,Negative,Microaerophilic,1.58
STR_206,Bacillus,issue,Negative,Anaerobic,1.23
STR_166,Pseudomonas,suddenly,Negative,Anaerobic,5.8
STR_626,Streptococcus,market,Positive,Anaerobic,6.13
STR_309,Clostridium,sit,Negative,Aerobic,0.58
STR_298,Bacillus,energy,Negative,Anaerobic,9.09
STR_342,Clostridium,new,Positive,Aerobic,6.29
STR_507,Clostridium,business,Positive,Microaerophilic,6.57
STR_975,Staphylococcus,reflect,Positive,Facultative Anaerobe,4.51
STR_833,Streptococcus,authority,Positive,Anaerobic,7.11
STR_211,Staphylococcus,oil,Negative,Microaerophilic,6.4
STR_947,Bacillus,big,Negative,Microaerophilic,1.71
STR_556,Staphylococcus,certain,Negative,Facultative Anaerobe,1.25
STR_494,Clostridium,number,Positive,Microaerophilic,3.34
STR_316,Staphylococcus,space,Negative,Aerobic,1.37
STR_227,Clostridium,turn,Negative,Aerobic,7.2
STR_809,Lactobacillus,hard,Negative,Facultative Anaerobe,6.52
STR_920,Pseudomonas,hair,Positive,Anaerobic,8.18
STR_505,Clostridium,yourself,Positive,Aerobic,1.21
STR_315,Lactobacillus,scene,Positive,Aerobic,5.96
STR_774,Clostridium,special,Positive,Facultative Anaerobe,3.94
STR_521,Pseudomonas,kind,Positive,Anaerobic,7.2
STR_294,Staphylococcus,charge,Negative,Facultative Anaerobe,2.85
STR_809,Streptococcus,bad,Positive,Aerobic,9.32
STR_876,Pseudomonas,appear,Positive,Microaerophilic,3.43
STR_944,Staphylococcus,probably,Negative,Microaerophilic,4.07
STR_986,Streptococcus,class,Positive,Anaerobic,8.14
STR_283,Pseudomonas,avoid,Negative,Aerobic,1.18
STR_753,Bacillus,only,Negative,Aerobic,5.81
STR_347,Lactobacillus,yeah,Positive,Microaerophilic,7.48
STR_357,Clostridium,character,Negative,Aerobic,1.92
STR_414,Bacillus,hundred,Positive,Anaerobic,7.52
STR_302,Pseudomonas,of,Negative,Facultative Anaerobe,5.0
STR_629,Pseudomonas,president,Positive,Facultative Anaerobe,9.6
STR_796,Staphylococcus,material,Positive,Microaerophilic,3.04
STR_483,Staphylococcus,six,Positive,Microaerophilic,8.31
STR_849,Clostridium,according,Negative,Anaerobic,0.88
STR_729,Streptococcus,wrong,Positive,Facultative Anaerobe,8.65
STR_414,Pseudomonas,executive,Positive,Microaerophilic,5.34
STR_247,Staphylococcus,together,Positive,Microaerophilic,3.45
STR_604,Streptococcus,decade,Negative,Microaerophilic,1.72
STR_217,Lactobacillus,music,Negative,Aerobic,8.67
STR_178,Lactobacillus,money,Negative,Aerobic,6.64
STR_814,Staphylococcus,sense,Negative,Facultative Anaerobe,8.64
STR_941,Lactobacillus,moment,Negative,Facultative Anaerobe,7.13
STR_148,Bacillus,growth,Negative,Anaerobic,1.21
STR_744,Clostridium,necessary,Negative,Aerobic,9.37
STR_159,Pseudomonas,society,Positive,Facultative Anaerobe,3.98
STR_306,Staphylococcus,quite,Positive,Facultative Anaerobe,8.99
STR_150,Clostridium,PM,Negative,Aerobic,6.96
STR_798,Staphylococcus,fact,Negative,Anaerobic,7.02
STR_326,Streptococcus,office,Negative,Microaerophilic,4.97
STR_967,Clostridium,must,Positive,Microaerophilic,8.56
STR_157,Bacillus,popular,Positive,Facultative Anaerobe,5.59
STR_572,Staphylococcus,inside,Positive,Aerobic,4.23
STR_228,Bacillus,until,Positive,Facultative Anaerobe,2.13
STR_617,Pseudomonas,machine,Positive,Aerobic,3.08
STR_755,Pseudomonas,attention,Positive,Microaerophilic,6.8
STR_328,Staphylococcus,grow,Negative,Aerobic,7.43
STR_352,Staphylococcus,skill,Positive,Aerobic,5.81
STR_532,Staphylococcus,stock,Negative,Aerobic,3.9
STR_186,Streptococcus,hundred,Positive,Facultative Anaerobe,2.03
STR_520,Bacillus,number,Positive,Microaerophilic,3.37
STR_237,Pseudomonas,sense,Positive,Microaerophilic,4.37
STR_819,Pseudomonas,dinner,Negative,Facultative Anaerobe,3.32
STR_325,Clostridium,last,Negative,Anaerobic,3.04
STR_988,Pseudomonas,politics,Negative,Facultative Anaerobe,0.73
STR_157,Bacillus,policy,Negative,Facultative Anaerobe,5.76
STR_418,Clostridium,on,Positive,Aerobic,4.06
STR_225,Staphylococcus,medical,Negative,Facultative Anaerobe,7.48
STR_150,Clostridium,commercial,Negative,Facultative Anaerobe,5.1
STR_177,Lactobacillus,daughter,Negative,Microaerophilic,9.7
STR_467,Pseudomonas,write,Positive,Microaerophilic,5.86
STR_312,Bacillus,television,Positive,Microaerophilic,1.07
STR_784,Staphylococcus,local,Negative,Aerobic,7.87
STR_800,Streptococcus,maintain,Positive,Anaerobic,9.0
STR_791,Bacillus,speech,Positive,Facultative Anaerobe,2.47
STR_656,Staphylococcus,activity,Negative,Microaerophilic,6.68
STR_298,Lactobacillus,point,Negative,Facultative Anaerobe,3.51
STR_965,Clostridium,source,Negative,Facultative Anaerobe,4.57
STR_563,Staphylococcus,dog,Negative,Aerobic,3.23
STR_692,Staphylococcus,road,Negative,Aerobic,7.36
STR_463,Staphylococcus,arrive,Positive,Anaerobic,4.3
STR_416,Bacillus,technology,Positive,Facultative Anaerobe,2.28
STR_406,Lactobacillus,hot,Negative,Microaerophilic,7.91
STR_499,Streptococcus,friend,Negative,Facultative Anaerobe,2.51
STR_581,Staphylococcus,letter,Positive,Aerobic,7.48
STR_574,Staphylococcus,provide,Negative,Anaerobic,3.71
STR_671,Streptococcus,cold,Negative,Aerobic,6.92
STR_453,Pseudomonas,ten,Negative,Aerobic,5.89
STR_970,Streptococcus,hold,Negative,Anaerobic,0.88
STR_992,Bacillus,economic,Positive,Facultative Anaerobe,1.44
STR_715,Staphylococcus,professor,Negative,Microaerophilic,9.76
STR_380,Pseudomonas,after,Positive,Aerobic,5.09
STR_675,Pseudomonas,citizen,Negative,Microaerophilic,6.04
STR_973,Clostridium,human,Positive,Facultative Anaerobe,4.92
STR_955,Clostridium,decision,Positive,Anaerobic,5.01
STR_208,Staphylococcus,court,Positive,Facultative Anaerobe,4.68
STR_746,Staphylococcus,natural,Negative,Microaerophilic,6.87
STR_598,Streptococcus,particularly,Positive,Facultative Anaerobe,1.01
STR_853,Clostridium,smile,Positive,Microaerophilic,9.56
STR_587,Pseudomonas,collection,Positive,Facultative Anaerobe,6.28
STR_991,Lactobacillus,role,Negative,Facultative Anaerobe,3.47
STR_725,Pseudomonas,interesting,Positive,Microaerophilic,9.86
STR_361,Streptococcus,likely,Positive,Aerobic,9.66
STR_202,Streptococcus,international,Negative,Anaerobic,6.02
STR_581,Streptococcus,last,Negative,Anaerobic,4.95
STR_715,Streptococcus,thought,Negative,Facultative Anaerobe,9.68
STR_570,Staphylococcus,more,Negative,Aerobic,6.07
STR_843,Streptococcus,movement,Negative,Aerobic,7.05
STR_290,Bacillus,hold,Negative,Facultative Anaerobe,5.84
STR_586,Pseudomonas,force,Negative,Facultative Anaerobe,9.04
STR_671,Lactobacillus,radio,Negative,Microaerophilic,6.82
STR_918,Pseudomonas,bad,Positive,Aerobic,1.98
STR_419,Staphylococcus,little,Positive,Anaerobic,6.1
STR_105,Bacillus,dinner,Negative,Aerobic,9.06
STR_184,Pseudomonas,letter,Negative,Microaerophilic,9.8
STR_691,Streptococcus,threat,Negative,Aerobic,7.35
STR_622,Lactobacillus,cell,Positive,Microaerophilic,6.95
STR_280,Lactobacillus,from,Negative,Microaerophilic,1.51
STR_610,Clostridium,cost,Negative,Facultative Anaerobe,7.34
STR_875,Bacillus,federal,Negative,Microaerophilic,3.27
STR_571,Clostridium,ago,Negative,Facultative Anaerobe,9.41
STR_257,Staphylococcus,choice,Positive,Facultative Anaerobe,6.56
STR_449,Pseudomonas,environment,Positive,Anaerobic,9.79
STR_286,Lactobacillus,four,Negative,Microaerophilic,6.71
STR_668,Staphylococcus,month,Positive,Microaerophilic,5.9
STR_691,Staphylococcus,challenge,Negative,Microaerophilic,0.87
STR_701,Streptococcus,least,Negative,Anaerobic,1.67
STR_831,Bacillus,lay,Negative,Facultative Anaerobe,7.18
STR_404,Bacillus,country,Positive,Facultative Anaerobe,0.65
STR_193,Clostridium,attention,Negative,Anaerobic,5.5
STR_831,Lactobacillus,fact,Negative,Anaerobic,3.36
STR_406,Staphylococcus,involve,Negative,Microaerophilic,2.24
STR_522,Lactobacillus,ability,Negative,Anaerobic,4.35
STR_554,Lactobacillus,thank,Positive,Facultative Anaerobe,9.73
STR_923,Bacillus,speak,Negative,Facultative Anaerobe,5.18
STR_696,Bacillus,heart,Negative,Microaerophilic,4.87
STR_386,Streptococcus,move,Positive,Anaerobic,8.24
STR_358,Bacillus,walk,Negative,Aerobic,9.05
STR_962,Clostridium,north,Positive,Anaerobic,9.56
STR_267,Pseudomonas,voice,Negative,Facultative Anaerobe,4.04
STR_199,Staphylococcus,piece,Positive,Anaerobic,3.83
STR_859,Pseudomonas,who,Negative,Anaerobic,7.88
STR_859,Staphylococcus,foot,Positive,Facultative Anaerobe,5.99
STR_458,Lactobacillus,dog,Positive,Aerobic,8.61
STR_465,Lactobacillus,owner,Negative,Aerobic,4.4
STR_929,Streptococcus,success,Positive,Aerobic,8.51
STR_439,Clostridium,knowledge,Positive,Anaerobic,2.26
STR_796,Pseudomonas,perform,Negative,Microaerophilic,6.62
STR_857,Pseudomonas,around,Negative,Aerobic,9.5
STR_328,Pseudomonas,especially,Negative,Aerobic,3.12
STR_344,Streptococcus,crime,Positive,Anaerobic,7.34
STR_994,Clostridium,ability,Positive,Anaerobic,7.07
STR_637,Pseudomonas,likely,Positive,Microaerophilic,2.21
STR_121,Bacillus,vote,Negative,Aerobic,1.36
STR_211,Clostridium,skin,Negative,Aerobic,3.33
STR_716,Bacillus,it,Negative,Anaerobic,9.72
STR_718,Bacillus,fund,Negative,Microaerophilic,3.56
STR_689,Streptococcus,after,Positive,Anaerobic,2.81
STR_372,Bacillus,student,Positive,Microaerophilic,2.29
STR_285,Lactobacillus,many,Positive,Facultative Anaerobe,1.87
STR_893,Pseudomonas,radio,Positive,Microaerophilic,1.46
STR_503,Pseudomonas,alone,Negative,Facultative Anaerobe,8.07
STR_827,Pseudomonas,plant,Negative,Microaerophilic,9.56
STR_531,Streptococcus,speak,Positive,Aerobic,3.3
STR_311,Streptococcus,staff,Negative,Microaerophilic,1.74
STR_984,Clostridium,measure,Positive,Facultative Anaerobe,8.39
STR_669,Lactobacillus,save,Negative,Anaerobic,3.09
STR_691,Pseudomonas,usually,Positive,Aerobic,5.17
STR_482,Lactobacillus,cover,Negative,Microaerophilic,2.79
STR_893,Clostridium,stage,Positive,Facultative Anaerobe,4.75
STR_158,Pseudomonas,high,Negative,Anaerobic,2.69
STR_965,Clostridium,receive,Negative,Microaerophilic,2.11
STR_667,Clostridium,across,Positive,Aerobic,1.98
STR_235,Bacillus,seven,Negative,Aerobic,8.87
STR_426,Clostridium,knowledge,Positive,Microaerophilic,4.85
STR_492,Streptococcus,interesting,Negative,Microaerophilic,8.97
STR_434,Bacillus,it,Negative,Microaerophilic,3.93
STR_864,Streptococcus,adult,Positive,Anaerobic,4.09
STR_476,Bacillus,practice,Negative,Anaerobic,8.37
STR_605,Pseudomonas,too,Negative,Anaerobic,2.4
STR_758,Lactobacillus,happen,Negative,Facultative Anaerobe,3.61
STR_987,Staphylococcus,usually,Positive,Microaerophilic,0.56
STR_771,Clostridium,whatever,Positive,Aerobic,6.82
STR_695,Clostridium,little,Positive,Microaerophilic,7.19
STR_451,Lactobacillus,bad,Positive,Anaerobic,7.44
STR_632,Staphylococcus,radio,Negative,Microaerophilic,7.2
STR_100,Pseudomonas,stuff,Positive,Aerobic,5.53
STR_368,Staphylococcus,energy,Negative,Facultative Anaerobe,4.5
STR_839,Streptococcus,pay,Positive,Aerobic,9.28
STR_163,Streptococcus,decade,Negative,Aerobic,5.4
STR_113,Staphylococcus,fight,Positive,Microaerophilic,3.84
STR_743,Streptococcus,station,Positive,Microaerophilic,3.96
STR_537,Clostridium,since,Positive,Microaerophilic,6.32
STR_114,Streptococcus,all,Negative,Anaerobic,2.15
STR_742,Streptococcus,almost,Negative,Anaerobic,2.61
STR_174,Streptococcus,five,Positive,Microaerophilic,2.69
STR_242,Streptococcus,because,Positive,Facultative Anaerobe,4.26
STR_777,Bacillus,affect,Positive,Anaerobic,6.6
STR_723,Streptococcus,participant,Positive,Aerobic,0.59
STR_656,Staphylococcus,science,Positive,Facultative Anaerobe,6.5
STR_761,Streptococcus,remain,Negative,Anaerobic,4.8
STR_219,Bacillus,itself,Positive,Facultative Anaerobe,7.75
STR_828,Pseudomonas,resource,Negative,Anaerobic,7.17
STR_709,Lactobacillus,very,Positive,Anaerobic,1.63
STR_115,Bacillus,meet,Negative,Facultative Anaerobe,9.55
STR_354,Staphylococcus,glass,Positive,Aerobic,0.78
STR_169,Clostridium,film,Negative,Anaerobic,6.72
STR_234,Clostridium,present,Negative,Aerobic,1.91
STR_845,Bacillus,feel,Negative,Microaerophilic,8.93
STR_186,Lactobacillus,suggest,Positive,Aerobic,3.45
STR_959,Lactobacillus,source,Positive,Anaerobic,8.76
STR_548,Bacillus,world,Positive,Microaerophilic,7.33
STR_666,Pseudomonas,grow,Negative,Microaerophilic,7.69
STR_952,Lactobacillus,mouth,Positive,Facultative Anaerobe,1.39
STR_301,Bacillus,discover,Negative,Anaerobic,3.34
STR_833,Staphylococcus,skill,Negative,Microaerophilic,8.52
STR_402,Lactobacillus,can,Negative,Anaerobic,2.03
STR_402,Clostridium,lot,Positive,Facultative Anaerobe,9.36
STR_841,Streptococcus,human,Negative,Aerobic,1.74
STR_333,Lactobacillus,mean,Negative,Microaerophilic,3.41
STR_268,Pseudomonas,eat,Negative,Facultative Anaerobe,9.05
STR_795,Clostridium,respond,Positive,Anaerobic,8.13
STR_564,Bacillus,bag,Negative,Anaerobic,7.3
STR_501,Bacillus,special,Negative,Anaerobic,8.91
STR_869,Clostridium,down,Negative,Anaerobic,6.44
STR_756,Lactobacillus,bit,Negative,Microaerophilic,2.83
STR_918,Bacillus,bed,Positive,Facultative Anaerobe,4.44
STR_741,Pseudomonas,suffer,Negative,Microaerophilic,3.15
STR_970,Lactobacillus,join,Negative,Facultative Anaerobe,4.01
STR_151,Streptococcus,trade,Positive,Microaerophilic,1.25
STR_794,Pseudomonas,time,Positive,Aerobic,8.32
STR_505,Pseudomonas,against,Positive,Facultative Anaerobe,5.4
STR_749,Staphylococcus,use,Negative,Microaerophilic,3.58
STR_234,Clostridium,might,Negative,Facultative Anaerobe,3.61
STR_360,Streptococcus,relate,Positive,Aerobic,0.9
STR_746,Staphylococcus,somebody,Negative,Microaerophilic,8.97
STR_563,Clostridium,building,Negative,Anaerobic,7.48
STR_634,Streptococcus,spring,Positive,Anaerobic,4.41
STR_979,Staphylococcus,mouth,Positive,Facultative Anaerobe,7.7
STR_270,Bacillus,result,Positive,Microaerophilic,5.66
STR_515,Staphylococcus,serve,Negative,Anaerobic,4.12
STR_849,Lactobacillus,long,Positive,Facultative Anaerobe,6.89
STR_538,Clostridium,machine,Positive,Facultative Anaerobe,9.58
STR_467,Lactobacillus,group,Positive,Anaerobic,1.31
STR_871,Clostridium,road,Negative,Aerobic,2.91
STR_551,Staphylococcus,detail,Negative,Anaerobic,1.39
STR_705,Lactobacillus,wait,Positive,Aerobic,6.55
STR_438,Clostridium,choice,Positive,Aerobic,1.5
STR_351,Clostridium,look,Negative,Aerobic,9.11
STR_697,Pseudomonas,no,Positive,Microaerophilic,8.33
STR_397,Lactobacillus,time,Positive,Microaerophilic,4.51
STR_764,Staphylococcus,share,Negative,Microaerophilic,1.66
STR_860,Bacillus,drive,Negative,Aerobic,0.96
STR_281,Streptococcus,task,Positive,Facultative Anaerobe,0.74
STR_437,Pseudomonas,source,Positive,Aerobic,9.58
STR_236,Staphylococcus,however,Positive,Microaerophilic,2.63
STR_335,Clostridium,democratic,Positive,Anaerobic,3.88
STR_568,Clostridium,couple,Negative,Anaerobic,1.67
STR_481,Clostridium,available,Positive,Anaerobic,8.36
STR_881,Staphylococcus,heavy,Negative,Microaerophilic,9.82
STR_520,Lactobacillus,chair,Positive,Anaerobic,1.5
STR_571,Staphylococcus,company,Positive,Anaerobic,9.03
STR_837,Bacillus,rest,Negative,Facultative Anaerobe,6.99
STR_232,Bacillus,tonight,Positive,Anaerobic,9.1
STR_707,Pseudomonas,audience,Positive,Facultative Anaerobe,4.41
STR_109,Pseudomonas,end,Positive,Microaerophilic,5.08
STR_844,Lactobacillus,series,Positive,Aerobic,3.2
STR_681,Staphylococcus,health,Positive,Facultative Anaerobe,1.45
STR_604,Clostridium,well,Positive,Aerobic,0.53
STR_149,Staphylococcus,seem,Positive,Microaerophilic,1.23
STR_165,Clostridium,American,Negative,Facultative Anaerobe,5.75
STR_463,Clostridium,nice,Positive,Anaerobic,7.18
STR_449,Clostridium,chance,Negative,Facultative Anaerobe,8.91
STR_267,Streptococcus,world,Negative,Anaerobic,7.84
STR_662,Lactobacillus,speech,Negative,Facultative Anaerobe,3.17
STR_948,Bacillus,wind,Positive,Aerobic,8.23
STR_705,Staphylococcus,radio,Negative,Anaerobic,2.04
STR_873,Pseudomonas,first,Positive,Microaerophilic,4.86
STR_148,Pseudomonas,capital,Positive,Aerobic,7.74
STR_226,Pseudomonas,condition,Negative,Microaerophilic,2.3
STR_469,Clostridium,available,Negative,Aerobic,5.7
STR_960,Bacillus,present,Positive,Microaerophilic,8.53
STR_140,Pseudomonas,return,Positive,Microaerophilic,7.9
STR_995,Pseudomonas,begin,Positive,Aerobic,1.9
STR_382,Staphylococcus,cover,Negative,Facultative Anaerobe,5.43
STR_499,Bacillus,property,Positive,Facultative Anaerobe,5.57
STR_873,Clostridium,dark,Negative,Aerobic,6.14
STR_287,Streptococcus,produce,Positive,Microaerophilic,7.37
STR_265,Staphylococcus,bar,Positive,Facultative Anaerobe,8.82
STR_126,Lactobacillus,hard,Negative,Microaerophilic,2.49
STR_357,Lactobacillus,brother,Positive,Microaerophilic,5.57
STR_216,Clostridium,best,Positive,Anaerobic,5.01
STR_440,Streptococcus,themselves,Positive,Anaerobic,7.56
STR_248,Lactobacillus,able,Negative,Anaerobic,2.98
STR_583,Clostridium,force,Positive,Microaerophilic,6.51
STR_241,Clostridium,either,Positive,Anaerobic,7.74
STR_619,Clostridium,language,Negative,Aerobic,1.46
STR_528,Pseudomonas,thought,Negative,Facultative Anaerobe,5.63
STR_501,Lactobacillus,example,Negative,Microaerophilic,7.12
STR_407,Pseudomonas,more,Positive,Anaerobic,5.9
STR_627,Staphylococcus,whatever,Negative,Aerobic,4.65
STR_249,Bacillus,myself,Negative,Anaerobic,5.33
STR_654,Streptococcus,hand,Negative,Aerobic,4.09
STR_921,Lactobacillus,significant,Positive,Anaerobic,6.64
STR_815,Pseudomonas,leave,Negative,Aerobic,5.65
STR_727,Bacillus,staff,Positive,Microaerophilic,3.06
STR_960,Clostridium,already,Positive,Anaerobic,9.15
STR_948,Clostridium,arrive,Positive,Microaerophilic,9.94
STR_807,Streptococcus,important,Positive,Microaerophilic,5.26
STR_340,Clostridium,if,Negative,Anaerobic,7.11
STR_668,Pseudomonas,themselves,Positive,Anaerobic,1.23
STR_959,Bacillus,piece,Positive,Facultative Anaerobe,5.48
STR_296,Clostridium,card,Positive,Microaerophilic,9.2
STR_208,Bacillus,five,Negative,Facultative Anaerobe,8.77
STR_327,Staphylococcus,in,Positive,Microaerophilic,5.93
STR_902,Bacillus,step,Negative,Anaerobic,8.03
STR_180,Staphylococcus,stuff,Negative,Facultative Anaerobe,7.07
STR_929,Pseudomonas,section,Positive,Aerobic,3.4
STR_683,Clostridium,adult,Positive,Anaerobic,5.26
STR_334,Bacillus,position,Negative,Aerobic,4.46
STR_622,Pseudomonas,owner,Negative,Facultative Anaerobe,9.9
STR_760,Streptococcus,account,Positive,Aerobic,1.69
STR_261,Lactobacillus,wife,Positive,Aerobic,3.24
STR_280,Clostridium,image,Negative,Anaerobic,8.8
STR_440,Clostridium,she,Negative,Anaerobic,5.09
STR_528,Pseudomonas,of,Negative,Anaerobic,9.43
STR_875,Staphylococcus,film,Negative,Microaerophilic,9.34
STR_797,Staphylococcus,also,Positive,Aerobic,3.14
STR_512,Bacillus,though,Positive,Anaerobic,4.14
STR_651,Staphylococcus,speak,Negative,Anaerobic,9.7
STR_929,Lactobacillus,age,Negative,Microaerophilic,7.15
STR_853,Bacillus,wonder,Positive,Facultative Anaerobe,8.24
STR_272,Clostridium,through,Negative,Aerobic,6.17
STR_754,Pseudomonas,guess,Positive,Facultative Anaerobe,1.64
STR_611,Clostridium,establish,Positive,Anaerobic,1.74
STR_783,Staphylococcus,miss,Negative,Anaerobic,8.61
STR_363,Staphylococcus,person,Positive,Facultative Anaerobe,7.68
STR_564,Bacillus,couple,Negative,Anaerobic,9.12
STR_305,Pseudomonas,so,Positive,Aerobic,3.28
STR_158,Pseudomonas,bad,Negative,Aerobic,2.93
STR_163,Streptococcus,vote,Negative,Facultative Anaerobe,3.31
STR_757,Pseudomonas,must,Positive,Aerobic,3.08
STR_547,Streptococcus,lose,Positive,Facultative Anaerobe,0.5
STR_396,Lactobacillus,force,Positive,Aerobic,8.94
STR_121,Lactobacillus,store,Positive,Facultative Anaerobe,3.47
STR_903,Pseudomonas,apply,Positive,Facultative Anaerobe,8.0
STR_735,Pseudomonas,put,Positive,Facultative Anaerobe,6.23
STR_790,Lactobacillus,past,Positive,Facultative Anaerobe,8.88
STR_612,Lactobacillus,north,Positive,Anaerobic,0.62
STR_760,Staphylococcus,fight,Positive,Aerobic,7.65
STR_516,Bacillus,pay,Positive,Microaerophilic,5.84
STR_737,Bacillus,amount,Negative,Aerobic,5.48
STR_534,Staphylococcus,Mrs,Negative,Facultative Anaerobe,7.93
STR_113,Bacillus,again,Negative,Anaerobic,4.13
STR_854,Staphylococcus,thing,Negative,Aerobic,6.7
STR_443,Staphylococcus,free,Positive,Aerobic,4.27
STR_907,Pseudomonas,television,Negative,Facultative Anaerobe,7.98
STR_260,Lactobacillus,especially,Positive,Facultative Anaerobe,7.56
STR_968,Clostridium,career,Negative,Aerobic,7.94
STR_912,Staphylococcus,president,Negative,Aerobic,9.1
STR_726,Lactobacillus,black,Positive,Microaerophilic,2.08
STR_237,Streptococcus,security,Negative,Anaerobic,1.97
STR_120,Bacillus,agency,Negative,Anaerobic,5.59
STR_538,Pseudomonas,no,Positive,Facultative Anaerobe,9.64
STR_886,Clostridium,I,Positive,Microaerophilic,8.67
STR_441,Pseudomonas,give,Positive,Aerobic,4.08
STR_139,Clostridium,always,Negative,Facultative Anaerobe,5.13
STR_912,Lactobacillus,recently,Negative,Facultative Anaerobe,6.72
STR_628,Bacillus,television,Negative,Microaerophilic,8.77
STR_726,Bacillus,group,Negative,Microaerophilic,2.04
STR_419,Bacillus,wonder,Positive,Anaerobic,8.29
STR_903,Lactobacillus,turn,Negative,Aerobic,2.46
STR_386,Pseudomonas,recent,Positive,Anaerobic,6.33
STR_268,Bacillus,benefit,Positive,Facultative Anaerobe,1.03
STR_836,Streptococcus,enjoy,Positive,Aerobic,2.27
STR_375,Pseudomonas,moment,Positive,Anaerobic,4.17
STR_959,Pseudomonas,practice,Negative,Facultative Anaerobe,8.23
STR_534,Staphylococcus,popular,Negative,Microaerophilic,1.69
STR_356,Streptococcus,fact,Negative,Aerobic,4.6
STR_516,Pseudomonas,piece,Positive,Facultative Anaerobe,4.45
STR_296,Clostridium,people,Negative,Microaerophilic,1.54
STR_367,Staphylococcus,support,Positive,Aerobic,2.11
STR_701,Staphylococcus,factor,Negative,Anaerobic,2.46
STR_592,Lactobacillus,capital,Positive,Facultative Anaerobe,1.22
STR_687,Pseudomonas,management,Negative,Aerobic,5.99
STR_110,Pseudomonas,budget,Positive,Microaerophilic,3.09
STR_789,Staphylococcus,less,Positive,Aerobic,7.72
STR_672,Staphylococcus,yeah,Positive,Anaerobic,5.48
STR_462,Streptococcus,wide,Positive,Aerobic,1.62
STR_758,Lactobacillus,pay,Positive,Aerobic,5.24
STR_238,Lactobacillus,full,Positive,Anaerobic,2.92
STR_845,Staphylococcus,forget,Negative,Microaerophilic,8.14
STR_983,Staphylococcus,sea,Negative,Microaerophilic,3.33
STR_530,Streptococcus,heart,Positive,Aerobic,7.45
STR_189,Bacillus,exactly,Negative,Anaerobic,5.51
STR_714,Lactobacillus,sell,Positive,Microaerophilic,9.22
STR_953,Lactobacillus,road,Negative,Anaerobic,9.38
STR_405,Streptococcus,work,Positive,Microaerophilic,7.34
STR_233,Lactobacillus,also,Negative,Anaerobic,3.4
STR_530,Lactobacillus,firm,Positive,Anaerobic,6.07
STR_917,Clostridium,development,Positive,Facultative Anaerobe,2.74
STR_229,Staphylococcus,our,Negative,Microaerophilic,3.08
STR_457,Clostridium,majority,Negative,Anaerobic,5.24
STR_106,Clostridium,read,Negative,Microaerophilic,2.94
STR_552,Staphylococcus,table,Negative,Microaerophilic,7.3
STR_167,Clostridium,bag,Positive,Microaerophilic,5.03
STR_268,Bacillus,treatment,Negative,Anaerobic,2.18
STR_354,Bacillus,and,Positive,Aerobic,1.15
STR_235,Pseudomonas,college,Negative,Anaerobic,0.54
STR_290,Clostridium,yes,Negative,Aerobic,9.89
STR_707,Bacillus,away,Negative,Facultative Anaerobe,1.81
STR_867,Streptococcus,car,Negative,Facultative Anaerobe,2.88
STR_982,Streptococcus,race,Negative,Microaerophilic,9.93
STR_125,Pseudomonas,check,Negative,Anaerobic,4.15
STR_818,Clostridium,alone,Negative,Facultative Anaerobe,6.91
STR_135,Streptococcus,race,Negative,Aerobic,5.66
STR_457,Bacillus,main,Positive,Microaerophilic,0.97
STR_591,Staphylococcus,away,Negative,Aerobic,6.29
STR_744,Staphylococcus,student,Positive,Microaerophilic,1.32
STR_250,Pseudomonas,must,Negative,Aerobic,6.65
STR_993,Clostridium,term,Negative,Microaerophilic,3.92
STR_210,Bacillus,car,Positive,Microaerophilic,5.72
STR_969,Pseudomonas,agree,Negative,Microaerophilic,0.67
STR_667,Clostridium,else,Negative,Anaerobic,3.51
STR_672,Streptococcus,race,Positive,Aerobic,0.7
STR_548,Clostridium,these,Negative,Aerobic,3.05
STR_717,Staphylococcus,understand,Negative,Facultative Anaerobe,4.17
STR_804,Lactobacillus,role,Negative,Microaerophilic,8.48
STR_764,Staphylococcus,reason,Negative,Anaerobic,4.07
STR_526,Clostridium,item,Negative,Anaerobic,9.4
STR_346,Staphylococcus,pay,Negative,Anaerobic,2.62
STR_924,Staphylococcus,impact,Negative,Microaerophilic,4.64
STR_722,Staphylococcus,tax,Positive,Facultative Anaerobe,7.57
STR_881,Clostridium,interesting,Positive,Aerobic,9.94
STR_447,Lactobacillus,commercial,Positive,Microaerophilic,9.04
STR_268,Pseudomonas,operation,Positive,Aerobic,9.97
STR_274,Lactobacillus,religious,Negative,Aerobic,6.41
STR_466,Bacillus,international,Positive,Aerobic,1.56
STR_355,Bacillus,simply,Positive,Microaerophilic,3.96
STR_438,Pseudomonas,sing,Negative,Aerobic,8.46
STR_505,Lactobacillus,various,Negative,Facultative Anaerobe,4.37
STR_725,Streptococcus,total,Negative,Anaerobic,6.4
STR_916,Staphylococcus,center,Negative,Facultative Anaerobe,5.78
STR_983,Lactobacillus,visit,Negative,Anaerobic,4.28
STR_359,Bacillus,money,Negative,Microaerophilic,2.94
STR_769,Pseudomonas,resource,Positive,Facultative Anaerobe,4.09
STR_558,Staphylococcus,beat,Negative,Facultative Anaerobe,2.43
STR_378,Pseudomonas,travel,Positive,Microaerophilic,6.8
STR_256,Clostridium,your,Positive,Anaerobic,2.1
STR_353,Streptococcus,soldier,Positive,Aerobic,2.08
STR_834,Clostridium,institution,Positive,Microaerophilic,1.48
STR_258,Clostridium,college,Negative,Anaerobic,9.02
STR_287,Lactobacillus,town,Negative,Facultative Anaerobe,7.44
STR_496,Bacillus,peace,Positive,Microaerophilic,7.66
STR_196,Clostridium,help,Positive,Microaerophilic,3.93
STR_848,Lactobacillus,meet,Negative,Microaerophilic,9.52
STR_911,Streptococcus,issue,Positive,Microaerophilic,4.7
STR_323,Pseudomonas,no,Positive,Facultative Anaerobe,6.32
STR_900,Bacillus,receive,Negative,Microaerophilic,8.31
STR_374,Bacillus,continue,Negative,Microaerophilic,1.31
STR_489,Clostridium,see,Negative,Anaerobic,0.58
STR_435,Lactobacillus,laugh,Positive,Microaerophilic,3.8
STR_642,Bacillus,house,Positive,Facultative Anaerobe,5.54
STR_489,Pseudomonas,bar,Positive,Aerobic,7.21
STR_607,Pseudomonas,cut,Negative,Aerobic,2.43
STR_350,Bacillus,help,Negative,Facultative Anaerobe,8.07
STR_372,Lactobacillus,enough,Negative,Facultative Anaerobe,5.68
STR_222,Streptococcus,fly,Positive,Aerobic,8.49
STR_286,Staphylococcus,recently,Positive,Microaerophilic,4.22
STR_537,Clostridium,argue,Positive,Aerobic,8.7
STR_506,Bacillus,some,Positive,Microaerophilic,8.74
STR_779,Staphylococcus,attorney,Positive,Anaerobic,7.99
STR_191,Staphylococcus,tend,Negative,Microaerophilic,5.78
STR_270,Pseudomonas,knowledge,Negative,Microaerophilic,2.21
STR_394,Pseudomonas,raise,Positive,Aerobic,9.21
STR_136,Bacillus,allow,Positive,Anaerobic,1.54
STR_283,Clostridium,whether,Positive,Facultative Anaerobe,2.4
STR_779,Pseudomonas,fund,Positive,Facultative Anaerobe,2.34
STR_614,Bacillus,about,Positive,Facultative Anaerobe,8.53
STR_680,Bacillus,performance,Negative,Microaerophilic,7.95
STR_561,Staphylococcus,happy,Negative,Facultative Anaerobe,5.87
STR_348,Clostridium,start,Positive,Microaerophilic,7.18
STR_142,Staphylococcus,blue,Positive,Anaerobic,4.67
STR_934,Lactobacillus,order,Positive,Facultative Anaerobe,4.64
STR_447,Bacillus,real,Negative,Facultative Anaerobe,8.57
STR_716,Clostridium,evening,Positive,Aerobic,1.07
STR_924,Lactobacillus,sea,Positive,Microaerophilic,8.96
STR_135,Lactobacillus,space,Negative,Aerobic,8.8
STR_776,Lactobacillus,among,Positive,Aerobic,3.87
STR_358,Clostridium,system,Negative,Microaerophilic,3.47
STR_516,Staphylococcus,worry,Negative,Anaerobic,3.99
STR_827,Pseudomonas,of,Positive,Microaerophilic,3.74
STR_592,Clostridium,share,Positive,Facultative Anaerobe,4.66
STR_925,Streptococcus,bad,Positive,Aerobic,2.56
STR_855,Pseudomonas,third,Negative,Microaerophilic,7.56
STR_783,Lactobacillus,evidence,Positive,Microaerophilic,3.04
STR_411,Streptococcus,worker,Positive,Aerobic,3.47
STR_440,Pseudomonas,American,Negative,Anaerobic,9.36
STR_605,Streptococcus,act,Positive,Anaerobic,4.93
STR_472,Pseudomonas,majority,Negative,Aerobic,7.96
STR_313,Staphylococcus,seek,Positive,Anaerobic,3.73
STR_880,Clostridium,education,Positive,Facultative Anaerobe,7.62
STR_431,Pseudomonas,nature,Negative,Aerobic,7.61
STR_788,Lactobacillus,song,Positive,Facultative Anaerobe,0.54
STR_129,Clostridium,new,Negative,Anaerobic,1.17
STR_639,Clostridium,mouth,Negative,Microaerophilic,2.21
STR_533,Clostridium,test,Positive,Microaerophilic,9.54
STR_423,Lactobacillus,blue,Positive,Facultative Anaerobe,2.1
STR_568,Streptococcus,clear,Positive,Anaerobic,6.43
STR_754,Streptococcus,some,Negative,Facultative Anaerobe,5.18
STR_713,Bacillus,pressure,Positive,Aerobic,6.27
STR_322,Streptococcus,court,Positive,Microaerophilic,0.84
STR_864,Lactobacillus,list,Positive,Facultative Anaerobe,3.35
STR_995,Staphylococcus,south,Negative,Aerobic,5.5
STR_514,Clostridium,candidate,Positive,Facultative Anaerobe,7.95
STR_163,Bacillus,father,Positive,Microaerophilic,5.09
STR_617,Lactobacillus,form,Positive,Facultative Anaerobe,2.63
STR_659,Lactobacillus,so,Positive,Anaerobic,4.65
STR_137,Streptococcus,realize,Positive,Microaerophilic,2.39
STR_913,Clostridium,box,Negative,Facultative Anaerobe,8.67
STR_810,Staphylococcus,open,Negative,Facultative Anaerobe,2.64
STR_267,Staphylococcus,support,Negative,Microaerophilic,9.41
STR_920,Lactobacillus,lay,Positive,Microaerophilic,6.68
STR_679,Clostridium,former,Negative,Aerobic,8.33
STR_596,Clostridium,southern,Negative,Microaerophilic,7.32
STR_726,Bacillus,various,Positive,Aerobic,4.84
STR_500,Bacillus,blue,Positive,Microaerophilic,3.46
STR_465,Streptococcus,way,Positive,Aerobic,7.85
STR_525,Pseudomonas,write,Negative,Facultative Anaerobe,4.48
STR_862,Pseudomonas,coach,Negative,Anaerobic,1.29
STR_867,Staphylococcus,their,Negative,Anaerobic,0.59
STR_869,Streptococcus,price,Positive,Facultative Anaerobe,5.11
STR_775,Staphylococcus,letter,Positive,Facultative Anaerobe,9.89
STR_975,Staphylococcus,get,Positive,Microaerophilic,2.75
STR_845,Lactobacillus,least,Negative,Microaerophilic,5.03
STR_458,Lactobacillus,defense,Positive,Anaerobic,4.45
STR_241,Clostridium,door,Positive,Microaerophilic,2.29
STR_628,Lactobacillus,practice,Negative,Anaerobic,0.77
STR_635,Pseudomonas,these,Negative,Facultative Anaerobe,9.1
STR_279,Clostridium,stuff,Positive,Facultative Anaerobe,4.3
STR_608,Bacillus,type,Negative,Microaerophilic,1.15
STR_656,Pseudomonas,large,Negative,Aerobic,5.77
STR_263,Pseudomonas,billion,Positive,Anaerobic,8.55
STR_505,Pseudomonas,capital,Positive,Aerobic,6.34
STR_463,Pseudomonas,service,Negative,Microaerophilic,3.6
STR_436,Bacillus,skill,Negative,Facultative Anaerobe,9.89
STR_877,Lactobacillus,act,Negative,Facultative Anaerobe,9.03
STR_606,Streptococcus,student,Positive,Microaerophilic,2.75
STR_366,Streptococcus,item,Positive,Facultative Anaerobe,6.13
STR_380,Staphylococcus,try,Positive,Facultative Anaerobe,9.28
STR_828,Streptococcus,claim,Positive,Microaerophilic,1.19
STR_915,Bacillus,standard,Negative,Aerobic,2.94
STR_718,Bacillus,will,Positive,Microaerophilic,8.88
STR_871,Lactobacillus,window,Positive,Microaerophilic,8.39
STR_783,Bacillus,manager,Positive,Microaerophilic,8.07
STR_591,Bacillus,beyond,Positive,Microaerophilic,6.97
STR_652,Clostridium,determine,Positive,Anaerobic,5.49
STR_734,Bacillus,gun,Positive,Facultative Anaerobe,5.8
STR_837,Clostridium,everyone,Positive,Anaerobic,1.91
STR_314,Streptococcus,science,Positive,Microaerophilic,9.22
STR_989,Pseudomonas,bit,Negative,Anaerobic,8.51
STR_466,Clostridium,whole,Negative,Aerobic,3.14
STR_510,Clostridium,until,Negative,Aerobic,2.78
STR_139,Pseudomonas,issue,Negative,Microaerophilic,0.6
STR_142,Pseudomonas,art,Negative,Aerobic,2.66
STR_666,Streptococcus,single,Positive,Aerobic,1.17
STR_749,Streptococcus,structure,Negative,Microaerophilic,2.09
STR_567,Streptococcus,figure,Positive,Facultative Anaerobe,0.78
STR_505,Staphylococcus,sell,Negative,Anaerobic,7.81
STR_400,Bacillus,sit,Positive,Facultative Anaerobe,1.07
STR_210,Bacillus,discussion,Negative,Anaerobic,9.8
STR_349,Bacillus,these,Positive,Facultative Anaerobe,4.27
STR_519,Clostridium,blood,Positive,Anaerobic,8.76
STR_231,Streptococcus,will,Negative,Microaerophilic,0.84
STR_235,Staphylococcus,happen,Negative,Anaerobic,7.3
STR_868,Pseudomonas,effect,Positive,Anaerobic,7.68
STR_604,Pseudomonas,do,Positive,Aerobic,5.56
STR_712,Staphylococcus,base,Negative,Anaerobic,6.37
STR_153,Pseudomonas,could,Negative,Aerobic,3.27
STR_965,Bacillus,to,Negative,Aerobic,9.99
STR_677,Staphylococcus,it,Negative,Anaerobic,5.14
STR_278,Lactobacillus,after,Negative,Aerobic,5.83
STR_878,Staphylococcus,discover,Positive,Microaerophilic,3.42
STR_862,Clostridium,law,Positive,Anaerobic,5.5
STR_847,Bacillus,Republican,Negative,Aerobic,5.83
STR_994,Clostridium,education,Negative,Anaerobic,3.62
STR_154,Bacillus,create,Negative,Microaerophilic,8.47
STR_881,Pseudomonas,oil,Positive,Aerobic,1.54
STR_556,Bacillus,song,Positive,Microaerophilic,7.78
STR_730,Streptococcus,open,Negative,Facultative Anaerobe,1.8
STR_267,Clostridium,glass,Negative,Aerobic,9.19
STR_679,Lactobacillus,second,Negative,Anaerobic,7.03
STR_331,Streptococcus,concern,Negative,Facultative Anaerobe,5.86
STR_903,Streptococcus,everything,Negative,Microaerophilic,7.96
STR_794,Bacillus,different,Positive,Facultative Anaerobe,7.75
STR_532,Staphylococcus,federal,Positive,Microaerophilic,4.04
STR_255,Bacillus,actually,Positive,Anaerobic,9.83
STR_958,Lactobacillus,stand,Positive,Facultative Anaerobe,5.79
STR_457,Streptococcus,sister,Positive,Aerobic,7.82
STR_273,Lactobacillus,special,Positive,Microaerophilic,6.27
STR_966,Staphylococcus,high,Negative,Microaerophilic,5.21
STR_446,Staphylococcus,seat,Negative,Anaerobic,4.26
STR_838,Lactobacillus,point,Negative,Aerobic,3.19
STR_130,Staphylococcus,me,Negative,Microaerophilic,1.0
STR_964,Bacillus,become,Positive,Aerobic,1.0
STR_796,Streptococcus,two,Positive,Facultative Anaerobe,9.43
STR_320,Bacillus,likely,Positive,Aerobic,2.77
STR_177,Streptococcus,until,Negative,Facultative Anaerobe,3.18
STR_336,Streptococcus,lead,Positive,Anaerobic,9.45
STR_263,Pseudomonas,government,Negative,Microaerophilic,6.27
STR_952,Streptococcus,a,Negative,Microaerophilic,0.77
STR_678,Staphylococcus,inside,Positive,Microaerophilic,6.15
STR_210,Clostridium,live,Negative,Aerobic,7.63
STR_995,Bacillus,much,Positive,Facultative Anaerobe,0.87
STR_850,Bacillus,claim,Positive,Facultative Anaerobe,8.23
STR_526,Streptococcus,we,Negative,Anaerobic,8.76
STR_799,Bacillus,hospital,Positive,Microaerophilic,1.71
STR_672,Lactobacillus,point,Positive,Anaerobic,5.29
STR_451,Pseudomonas,forget,Negative,Facultative Anaerobe,2.14
STR_236,Pseudomonas,Mr,Negative,Aerobic,1.91
STR_956,Bacillus,laugh,Positive,Microaerophilic,7.3
STR_859,Streptococcus,live,Negative,Facultative Anaerobe,7.72
STR_746,Clostridium,office,Positive,Anaerobic,3.65
STR_384,Clostridium,choose,Negative,Anaerobic,7.24
STR_518,Lactobacillus,people,Positive,Microaerophilic,6.82
STR_146,Pseudomonas,city,Positive,Aerobic,3.49
STR_416,Bacillus,week,Positive,Microaerophilic,2.31
STR_459,Pseudomonas,serve,Negative,Microaerophilic,9.41
STR_490,Lactobacillus,state,Positive,Facultative Anaerobe,4.5
STR_600,Bacillus,help,Negative,Facultative Anaerobe,6.76
STR_546,Bacillus,top,Negative,Aerobic,9.33
STR_128,Staphylococcus,others,Negative,Facultative Anaerobe,3.37
STR_660,Clostridium,vote,Negative,Anaerobic,3.9
STR_234,Bacillus,sell,Positive,Microaerophilic,5.79
STR_257,Lactobacillus,population,Positive,Anaerobic,9.65
STR_557,Lactobacillus,maybe,Positive,Aerobic,7.97
STR_495,Streptococcus,eye,Negative,Facultative Anaerobe,8.7
STR_353,Staphylococcus,she,Negative,Aerobic,8.17
STR_979,Streptococcus,teacher,Positive,Aerobic,6.27
STR_775,Clostridium,now,Positive,Microaerophilic,3.01
STR_778,Bacillus,can,Positive,Facultative Anaerobe,4.51
STR_483,Staphylococcus,final,Positive,Aerobic,5.17
STR_782,Lactobacillus,certain,Positive,Anaerobic,8.65
STR_786,Pseudomonas,rise,Positive,Aerobic,9.11
STR_857,Streptococcus,how,Positive,Aerobic,2.52
STR_221,Pseudomonas,rise,Negative,Anaerobic,5.26
STR_295,Streptococcus,institution,Positive,Facultative Anaerobe,5.95
STR_143,Streptococcus,church,Negative,Facultative Anaerobe,0.58
STR_116,Staphylococcus,will,Negative,Facultative Anaerobe,4.89
STR_719,Bacillus,born,Negative,Aerobic,7.34
STR_847,Bacillus,song,Positive,Facultative Anaerobe,8.72
STR_262,Clostridium,see,Positive,Facultative Anaerobe,0.53
STR_968,Clostridium,parent,Negative,Microaerophilic,7.67
STR_566,Streptococcus,especially,Positive,Aerobic,1.85
STR_126,Clostridium,whatever,Negative,Facultative Anaerobe,7.48
STR_689,Clostridium,serve,Negative,Microaerophilic,6.54
STR_723,Pseudomonas,it,Negative,Facultative Anaerobe,5.91
STR_943,Bacillus,forget,Negative,Microaerophilic,2.01
STR_411,Bacillus,partner,Positive,Aerobic,6.25
STR_190,Bacillus,any,Negative,Facultative Anaerobe,1.57
STR_131,Streptococcus,safe,Negative,Microaerophilic,1.06
STR_408,Bacillus,land,Positive,Aerobic,5.78
STR_596,Clostridium,into,Negative,Aerobic,2.83
STR_178,Lactobacillus,organization,Negative,Anaerobic,8.84
STR_423,Lactobacillus,process,Negative,Anaerobic,3.65
STR_992,Clostridium,security,Positive,Anaerobic,8.83
STR_459,Bacillus,decide,Positive,Aerobic,0.75
STR_687,Staphylococcus,read,Negative,Microaerophilic,7.39
STR_668,Staphylococcus,crime,Positive,Microaerophilic,1.58
STR_986,Streptococcus,phone,Positive,Aerobic,8.32
STR_119,Lactobacillus,color,Negative,Aerobic,4.31
STR_390,Clostridium,a,Positive,Microaerophilic,9.98
STR_752,Staphylococcus,speech,Negative,Facultative Anaerobe,4.25
STR_916,Lactobacillus,little,Negative,Anaerobic,2.35
STR_736,Clostridium,before,Positive,Anaerobic,5.94
STR_364,Clostridium,than,Negative,Facultative Anaerobe,7.01
STR_853,Pseudomonas,determine,Negative,Anaerobic,5.26
STR_505,Bacillus,by,Positive,Anaerobic,1.92
STR_333,Streptococcus,live,Negative,Microaerophilic,3.05
STR_358,Pseudomonas,speak,Negative,Facultative Anaerobe,2.63
STR_870,Clostridium,glass,Negative,Facultative Anaerobe,8.58
STR_543,Staphylococcus,hotel,Negative,Microaerophilic,3.9
STR_901,Bacillus,statement,Negative,Facultative Anaerobe,4.48
STR_406,Clostridium,onto,Negative,Facultative Anaerobe,8.02
STR_552,Staphylococcus,phone,Negative,Aerobic,7.61
STR_469,Lactobacillus,deal,Negative,Facultative Anaerobe,5.87
STR_857,Streptococcus,increase,Negative,Aerobic,4.43
STR_831,Bacillus,manage,Positive,Facultative Anaerobe,9.99
STR_498,Streptococcus,fear,Positive,Aerobic,1.45
STR_444,Bacillus,sister,Negative,Facultative Anaerobe,2.1
STR_404,Lactobacillus,since,Positive,Aerobic,8.88
STR_499,Streptococcus,agreement,Positive,Aerobic,2.33
STR_751,Lactobacillus,all,Negative,Facultative Anaerobe,4.19
STR_468,Pseudomonas,speech,Positive,Facultative Anaerobe,4.75
STR_508,Bacillus,marriage,Positive,Microaerophilic,0.53
STR_708,Staphylococcus,what,Negative,Aerobic,4.89
STR_482,Pseudomonas,both,Positive,Facultative Anaerobe,5.59
STR_598,Bacillus,machine,Negative,Facultative Anaerobe,7.39
STR_705,Clostridium,left,Negative,Aerobic,9.09
STR_180,Lactobacillus,middle,Positive,Facultative Anaerobe,5.69
STR_116,Streptococcus,scientist,Positive,Microaerophilic,2.19
STR_718,Pseudomonas,than,Positive,Facultative Anaerobe,3.02
STR_112,Staphylococcus,piece,Positive,Facultative Anaerobe,2.58
STR_225,Streptococcus,upon,Negative,Aerobic,2.35
STR_673,Clostridium,their,Negative,Anaerobic,6.95
STR_940,Pseudomonas,go,Positive,Anaerobic,8.36
STR_664,Streptococcus,appear,Positive,Anaerobic,7.42
STR_622,Clostridium,born,Positive,Microaerophilic,3.07
STR_756,Staphylococcus,case,Positive,Facultative Anaerobe,4.67
STR_953,Lactobacillus,behavior,Positive,Aerobic,1.96
STR_817,Pseudomonas,cost,Negative,Anaerobic,4.54
STR_509,Lactobacillus,whom,Negative,Facultative Anaerobe,3.18
STR_507,Bacillus,market,Negative,Facultative Anaerobe,3.09
STR_555,Staphylococcus,will,Positive,Microaerophilic,1.4
STR_205,Staphylococcus,improve,Positive,Aerobic,2.74
STR_784,Lactobacillus,feel,Negative,Facultative Anaerobe,8.89
STR_231,Bacillus,pattern,Positive,Microaerophilic,0.86
STR_161,Streptococcus,total,Positive,Aerobic,8.07
STR_412,Streptococcus,job,Positive,Microaerophilic,6.33
STR_354,Staphylococcus,interesting,Negative,Microaerophilic,9.97
STR_622,Clostridium,increase,Negative,Anaerobic,0.74
STR_830,Streptococcus,present,Positive,Facultative Anaerobe,1.21
STR_668,Streptococcus,plant,Positive,Microaerophilic,1.79
STR_317,Pseudomonas,include,Negative,Aerobic,6.07
STR_930,Lactobacillus,dinner,Positive,Facultative Anaerobe,3.86
STR_635,Clostridium,unit,Positive,Anaerobic,0.81
STR_826,Pseudomonas,recent,Positive,Microaerophilic,4.51
STR_988,Streptococcus,message,Negative,Aerobic,5.01
STR_711,Lactobacillus,television,Negative,Microaerophilic,6.3
STR_288,Clostridium,fight,Positive,Facultative Anaerobe,6.05
STR_540,Bacillus,range,Negative,Anaerobic,8.01
STR_815,Bacillus,million,Positive,Anaerobic,5.75
STR_789,Pseudomonas,lead,Positive,Microaerophilic,7.26
STR_997,Streptococcus,understand,Negative,Microaerophilic,7.69
STR_778,Staphylococcus,list,Positive,Facultative Anaerobe,5.66
STR_515,Staphylococcus,team,Negative,Microaerophilic,9.0
STR_328,Pseudomonas,give,Negative,Anaerobic,9.2
STR_668,Lactobacillus,none,Positive,Aerobic,2.59
STR_146,Pseudomonas,finally,Negative,Aerobic,5.08
STR_506,Pseudomonas,benefit,Negative,Aerobic,5.57
STR_626,Bacillus,give,Negative,Facultative Anaerobe,9.98
STR_698,Clostridium,car,Negative,Facultative Anaerobe,6.88
STR_183,Bacillus,hit,Negative,Facultative Anaerobe,4.11
STR_293,Streptococcus,although,Negative,Facultative Anaerobe,6.98
STR_130,Staphylococcus,reality,Negative,Facultative Anaerobe,2.44
STR_312,Bacillus,travel,Positive,Anaerobic,1.19
STR_824,Staphylococcus,hour,Negative,Facultative Anaerobe,9.35
STR_601,Streptococcus,plan,Positive,Anaerobic,5.68
STR_720,Pseudomonas,effort,Negative,Microaerophilic,1.49
STR_580,Lactobacillus,lay,Negative,Microaerophilic,4.46
STR_850,Bacillus,important,Negative,Anaerobic,9.84
STR_465,Staphylococcus,reduce,Negative,Aerobic,4.78
STR_486,Lactobacillus,reveal,Positive,Facultative Anaerobe,6.68
STR_180,Lactobacillus,feel,Positive,Anaerobic,8.58
STR_371,Streptococcus,long,Negative,Anaerobic,2.54
STR_932,Pseudomonas,strategy,Positive,Microaerophilic,2.75
STR_789,Clostridium,of,Negative,Facultative Anaerobe,2.34
STR_541,Bacillus,war,Negative,Anaerobic,7.28
STR_692,Clostridium,although,Positive,Microaerophilic,4.78
STR_754,Bacillus,school,Negative,Aerobic,3.98
STR_767,Staphylococcus,ever,Negative,Anaerobic,6.41
STR_773,Clostridium,coach,Negative,Aerobic,5.52
STR_936,Streptococcus,happy,Positive,Facultative Anaerobe,2.45
STR_435,Pseudomonas,parent,Positive,Microaerophilic,2.57
STR_179,Lactobacillus,help,Negative,Anaerobic,7.2
STR_160,Staphylococcus,want,Positive,Facultative Anaerobe,8.82
STR_622,Bacillus,consumer,Negative,Aerobic,6.05
STR_266,Streptococcus,politics,Negative,Facultative Anaerobe,0.71
STR_552,Lactobacillus,nothing,Negative,Facultative Anaerobe,9.55
STR_183,Streptococcus,for,Negative,Anaerobic,1.53
STR_435,Clostridium,energy,Negative,Facultative Anaerobe,4.82
STR_783,Streptococcus,role,Positive,Facultative Anaerobe,1.01
STR_730,Lactobacillus,yard,Positive,Anaerobic,3.78
STR_630,Lactobacillus,program,Negative,Microaerophilic,2.8
STR_946,Pseudomonas,within,Negative,Anaerobic,1.49
STR_595,Staphylococcus,drive,Positive,Facultative Anaerobe,3.61
STR_882,Clostridium,push,Positive,Microaerophilic,1.46
STR_119,Lactobacillus,with,Positive,Facultative Anaerobe,1.28
STR_687,Streptococcus,up,Negative,Aerobic,9.96
STR_354,Streptococcus,coach,Negative,Aerobic,4.84
STR_773,Clostridium,memory,Positive,Microaerophilic,6.88
STR_469,Streptococcus,various,Negative,Aerobic,4.51
STR_693,Staphylococcus,approach,Positive,Anaerobic,8.26
STR_472,Clostridium,difficult,Positive,Aerobic,9.32
STR_574,Bacillus,process,Positive,Aerobic,5.74
STR_385,Clostridium,board,Negative,Facultative Anaerobe,4.87
STR_176,Streptococcus,very,Positive,Anaerobic,4.05
STR_612,Clostridium,customer,Positive,Aerobic,2.56
STR_245,Streptococcus,policy,Negative,Facultative Anaerobe,3.74
STR_772,Staphylococcus,walk,Negative,Aerobic,8.73
STR_798,Streptococcus,say,Negative,Aerobic,2.01
STR_656,Staphylococcus,early,Negative,Facultative Anaerobe,6.35
STR_944,Streptococcus,middle,Positive,Microaerophilic,7.37
STR_222,Bacillus,huge,Negative,Anaerobic,3.94
STR_634,Pseudomonas,major,Negative,Facultative Anaerobe,2.53
STR_256,Clostridium,when,Negative,Facultative Anaerobe,0.68
STR_622,Pseudomonas,well,Positive,Facultative Anaerobe,1.73
STR_651,Bacillus,sit,Negative,Aerobic,5.43
STR_943,Staphylococcus,and,Negative,Aerobic,6.36
STR_307,Lactobacillus,agent,Positive,Facultative Anaerobe,6.08
STR_858,Streptococcus,painting,Positive,Aerobic,1.52
STR_937,Pseudomonas,require,Negative,Facultative Anaerobe,8.32
STR_542,Clostridium,as,Negative,Microaerophilic,7.0
STR_245,Bacillus,tree,Negative,Aerobic,5.8
STR_983,Pseudomonas,product,Positive,Microaerophilic,5.65
STR_174,Clostridium,too,Positive,Anaerobic,9.7
STR_875,Streptococcus,kind,Positive,Facultative Anaerobe,7.18
STR_425,Bacillus,popular,Positive,Facultative Anaerobe,6.91
STR_548,Lactobacillus,fact,Negative,Anaerobic,0.64
STR_602,Staphylococcus,cell,Positive,Aerobic,4.24
STR_788,Bacillus,stay,Positive,Aerobic,1.91
STR_729,Streptococcus,player,Negative,Facultative Anaerobe,5.7
STR_633,Pseudomonas,surface,Positive,Facultative Anaerobe,8.07
STR_347,Bacillus,face,Positive,Microaerophilic,1.91
STR_934,Bacillus,analysis,Positive,Anaerobic,5.82
STR_760,Clostridium,pass,Positive,Aerobic,6.7
STR_994,Streptococcus,top,Negative,Aerobic,0.9
STR_680,Staphylococcus,baby,Positive,Aerobic,3.77
STR_899,Pseudomonas,owner,Negative,Facultative Anaerobe,9.74
STR_565,Pseudomonas,son,Negative,Microaerophilic,1.88
STR_824,Staphylococcus,book,Negative,Anaerobic,4.19
STR_314,Bacillus,gas,Positive,Microaerophilic,7.26
STR_199,Staphylococcus,sing,Negative,Microaerophilic,1.47
STR_678,Staphylococcus,floor,Negative,Microaerophilic,4.98
STR_144,Staphylococcus,price,Positive,Anaerobic,8.21
STR_850,Pseudomonas,operation,Negative,Facultative Anaerobe,1.91
STR_271,Pseudomonas,natural,Positive,Microaerophilic,5.07
STR_818,Pseudomonas,main,Positive,Facultative Anaerobe,7.21
STR_558,Streptococcus,near,Positive,Microaerophilic,2.71
STR_776,Clostridium,second,Positive,Anaerobic,6.7
STR_520,Bacillus,improve,Negative,Microaerophilic,2.71
STR_349,Streptococcus,even,Positive,Microaerophilic,7.44
STR_852,Bacillus,hour,Positive,Aerobic,2.75
STR_793,Streptococcus,thousand,Negative,Anaerobic,1.99
STR_842,Lactobacillus,subject,Negative,Aerobic,4.3
STR_626,Lactobacillus,cause,Negative,Microaerophilic,9.03
STR_100,Staphylococcus,per,Negative,Facultative Anaerobe,7.96
STR_984,Streptococcus,doctor,Positive,Aerobic,7.4
STR_494,Pseudomonas,front,Positive,Anaerobic,5.77
STR_740,Streptococcus,degree,Positive,Anaerobic,6.45
STR_843,Bacillus,check,Negative,Microaerophilic,8.66
STR_945,Streptococcus,effort,Negative,Microaerophilic,8.44
STR_438,Bacillus,movie,Negative,Microaerophilic,9.59
STR_777,Streptococcus,play,Negative,Aerobic,9.47
STR_422,Bacillus,threat,Negative,Anaerobic,4.14
STR_832,Streptococcus,face,Positive,Anaerobic,8.64
STR_721,Bacillus,part,Negative,Aerobic,5.14
STR_784,Staphylococcus,she,Positive,Microaerophilic,0.7
STR_763,Pseudomonas,relationship,Negative,Microaerophilic,3.42
STR_159,Staphylococcus,actually,Negative,Aerobic,3.5
STR_684,Staphylococcus,president,Negative,Microaerophilic,0.84
STR_965,Clostridium,animal,Positive,Facultative Anaerobe,4.14
STR_797,Staphylococcus,between,Positive,Facultative Anaerobe,3.75
STR_657,Bacillus,house,Negative,Anaerobic,2.79
STR_322,Streptococcus,deal,Positive,Facultative Anaerobe,5.72
STR_441,Staphylococcus,whom,Positive,Anaerobic,1.75
STR_415,Streptococcus,spring,Positive,Facultative Anaerobe,9.64
STR_706,Lactobacillus,but,Negative,Anaerobic,1.7
STR_701,Bacillus,democratic,Positive,Anaerobic,6.77
STR_383,Streptococcus,continue,Negative,Facultative Anaerobe,3.92
STR_495,Clostridium,admit,Negative,Anaerobic,7.7
STR_242,Pseudomonas,he,Negative,Microaerophilic,8.64
STR_443,Streptococcus,degree,Positive,Facultative Anaerobe,2.56
STR_664,Pseudomonas,which,Positive,Microaerophilic,0.56
STR_684,Streptococcus,contain,Positive,Anaerobic,1.22
STR_957,Clostridium,election,Negative,Microaerophilic,5.66
STR_814,Clostridium,get,Negative,Facultative Anaerobe,5.78
STR_541,Lactobacillus,against,Positive,Anaerobic,5.31
STR_237,Streptococcus,market,Positive,Facultative Anaerobe,1.2
STR_334,Lactobacillus,record,Positive,Facultative Anaerobe,5.31
STR_966,Bacillus,find,Positive,Microaerophilic,2.67
STR_133,Lactobacillus,ahead,Negative,Facultative Anaerobe,2.02
STR_668,Streptococcus,no,Negative,Anaerobic,7.18
STR_220,Pseudomonas,court,Negative,Anaerobic,8.56
STR_187,Lactobacillus,yard,Negative,Facultative Anaerobe,9.37
STR_581,Staphylococcus,thus,Positive,Microaerophilic,5.55
STR_617,Clostridium,body,Negative,Aerobic,0.87
STR_918,Staphylococcus,surface,Positive,Facultative Anaerobe,0.77
STR_374,Bacillus,age,Negative,Microaerophilic,1.21
STR_836,Streptococcus,can,Positive,Facultative Anaerobe,4.8
STR_874,Clostridium,really,Positive,Microaerophilic,0.89
STR_289,Lactobacillus,nearly,Negative,Aerobic,3.92
STR_528,Bacillus,stay,Positive,Facultative Anaerobe,3.23
STR_136,Staphylococcus,front,Negative,Microaerophilic,3.17
STR_532,Streptococcus,brother,Positive,Microaerophilic,5.18
STR_677,Bacillus,manager,Negative,Facultative Anaerobe,3.3
STR_920,Lactobacillus,place,Positive,Microaerophilic,0.66
STR_940,Staphylococcus,move,Negative,Microaerophilic,3.19
STR_575,Streptococcus,drop,Negative,Aerobic,8.18
STR_316,Clostridium,address,Positive,Facultative Anaerobe,9.01
STR_753,Staphylococcus,describe,Negative,Aerobic,0.97
STR_149,Streptococcus,clearly,Negative,Anaerobic,6.01
STR_393,Lactobacillus,executive,Negative,Facultative Anaerobe,9.97
STR_301,Clostridium,recent,Negative,Microaerophilic,2.86
STR_971,Bacillus,art,Positive,Anaerobic,1.38
STR_438,Clostridium,structure,Negative,Anaerobic,1.74
STR_780,Bacillus,cost,Negative,Anaerobic,7.27
STR_153,Staphylococcus,suffer,Negative,Anaerobic,8.91
STR_409,Pseudomonas,education,Positive,Facultative Anaerobe,7.17
STR_136,Staphylococcus,up,Positive,Facultative Anaerobe,8.6
STR_556,Clostridium,management,Negative,Aerobic,7.24
STR_232,Streptococcus,hit,Positive,Microaerophilic,0.74
STR_751,Streptococcus,so,Negative,Anaerobic,9.79
STR_836,Streptococcus,up,Positive,Aerobic,2.53
STR_702,Streptococcus,effect,Positive,Anaerobic,9.34
STR_846,Clostridium,early,Positive,Aerobic,4.7
STR_630,Staphylococcus,campaign,Positive,Aerobic,3.47
STR_552,Lactobacillus,what,Positive,Aerobic,7.14
STR_292,Bacillus,offer,Negative,Anaerobic,9.59
STR_270,Lactobacillus,no,Negative,Microaerophilic,4.01
STR_720,Clostridium,last,Positive,Anaerobic,3.23
STR_578,Clostridium,stage,Positive,Microaerophilic,7.46
STR_827,Pseudomonas,number,Positive,Anaerobic,1.49
STR_312,Lactobacillus,hard,Positive,Aerobic,6.72
STR_355,Bacillus,pattern,Positive,Anaerobic,8.56
STR_771,Bacillus,hour,Positive,Aerobic,7.4
STR_428,Clostridium,stock,Positive,Microaerophilic,5.48
STR_575,Lactobacillus,there,Negative,Anaerobic,1.47
STR_289,Staphylococcus,natural,Negative,Anaerobic,3.55
STR_888,Bacillus,do,Positive,Facultative Anaerobe,0.67
STR_648,Staphylococcus,society,Negative,Microaerophilic,4.79
STR_677,Lactobacillus,hundred,Negative,Facultative Anaerobe,0.52
STR_620,Bacillus,black,Negative,Anaerobic,5.89
STR_628,Clostridium,memory,Negative,Facultative Anaerobe,2.36
STR_254,Staphylococcus,keep,Negative,Facultative Anaerobe,5.85
STR_577,Clostridium,happy,Positive,Microaerophilic,5.73
STR_635,Streptococcus,senior,Negative,Facultative Anaerobe,1.96
STR_319,Staphylococcus,some,Negative,Aerobic,4.51
STR_611,Streptococcus,half,Negative,Anaerobic,8.44
STR_780,Streptococcus,evening,Negative,Microaerophilic,6.44
STR_668,Staphylococcus,especially,Positive,Microaerophilic,9.11
STR_132,Pseudomonas,look,Negative,Aerobic,2.05
STR_158,Pseudomonas,wife,Positive,Facultative Anaerobe,8.98
STR_644,Streptococcus,population,Positive,Aerobic,2.91
STR_132,Staphylococcus,open,Positive,Facultative Anaerobe,5.04
STR_782,Bacillus,head,Negative,Facultative Anaerobe,1.19
STR_562,Lactobacillus,would,Negative,Aerobic,6.81
STR_969,Pseudomonas,open,Positive,Facultative Anaerobe,2.65
STR_580,Staphylococcus,give,Positive,Facultative Anaerobe,3.32
STR_227,Clostridium,election,Positive,Anaerobic,4.29
STR_717,Bacillus,water,Positive,Facultative Anaerobe,6.8
STR_255,Bacillus,foreign,Positive,Aerobic,5.36
STR_606,Staphylococcus,hotel,Negative,Facultative Anaerobe,2.33
STR_261,Pseudomonas,establish,Positive,Microaerophilic,3.62
STR_624,Bacillus,consumer,Negative,Aerobic,6.93
STR_992,Pseudomonas,pattern,Negative,Aerobic,1.94
STR_613,Streptococcus,support,Positive,Anaerobic,1.99
STR_585,Clostridium,poor,Positive,Facultative Anaerobe,3.12
STR_970,Pseudomonas,bit,Positive,Facultative Anaerobe,9.28
STR_328,Bacillus,store,Positive,Anaerobic,2.12
STR_197,Pseudomonas,leader,Negative,Facultative Anaerobe,9.24
STR_354,Streptococcus,author,Negative,Facultative Anaerobe,9.44
STR_463,Lactobacillus,use,Positive,Facultative Anaerobe,6.34
STR_301,Clostridium,writer,Negative,Microaerophilic,8.27
STR_594,Bacillus,enjoy,Negative,Microaerophilic,5.21
STR_619,Pseudomonas,from,Negative,Aerobic,1.71
STR_580,Staphylococcus,medical,Negative,Facultative Anaerobe,0.73
STR_559,Bacillus,can,Negative,Anaerobic,9.93
STR_550,Lactobacillus,game,Positive,Aerobic,4.66
STR_710,Clostridium,author,Positive,Microaerophilic,3.76
STR_129,Bacillus,that,Positive,Facultative Anaerobe,7.37
STR_210,Pseudomonas,fly,Positive,Facultative Anaerobe,3.13
STR_141,Streptococcus,prevent,Negative,Microaerophilic,9.26
STR_412,Pseudomonas,machine,Negative,Anaerobic,3.03
STR_333,Bacillus,expect,Negative,Facultative Anaerobe,0.77
STR_495,Bacillus,law,Negative,Anaerobic,6.99
STR_293,Lactobacillus,nothing,Negative,Anaerobic,4.85
STR_753,Clostridium,school,Negative,Facultative Anaerobe,4.8
STR_581,Lactobacillus,office,Positive,Anaerobic,6.4
STR_965,Clostridium,fight,Negative,Anaerobic,8.8
STR_954,Streptococcus,decide,Negative,Microaerophilic,3.51
STR_688,Lactobacillus,heavy,Negative,Facultative Anaerobe,9.53
STR_585,Lactobacillus,inside,Negative,Aerobic,9.91
STR_706,Staphylococcus,cultural,Positive,Anaerobic,1.58
STR_179,Clostridium,already,Positive,Aerobic,4.56
STR_179,Streptococcus,present,Positive,Microaerophilic,2.7
STR_531,Bacillus,nation,Positive,Aerobic,7.81
STR_770,Staphylococcus,on,Positive,Facultative Anaerobe,1.59
STR_435,Streptococcus,better,Negative,Anaerobic,8.64
STR_311,Clostridium,again,Negative,Microaerophilic,7.74
STR_192,Staphylococcus,bank,Positive,Anaerobic,7.89
STR_209,Bacillus,raise,Positive,Aerobic,6.22
STR_937,Staphylococcus,her,Negative,Facultative Anaerobe,6.69
STR_641,Clostridium,without,Negative,Aerobic,3.68
STR_916,Lactobacillus,past,Negative,Facultative Anaerobe,2.78
STR_681,Staphylococcus,community,Positive,Microaerophilic,4.13
STR_369,Streptococcus,plant,Positive,Aerobic,2.48
STR_374,Staphylococcus,between,Positive,Microaerophilic,5.17
STR_941,Staphylococcus,medical,Positive,Facultative Anaerobe,0.71
STR_737,Bacillus,free,Positive,Anaerobic,4.19
STR_422,Staphylococcus,theory,Positive,Microaerophilic,9.97
STR_986,Clostridium,raise,Negative,Facultative Anaerobe,0.58
STR_761,Staphylococcus,wall,Positive,Aerobic,7.47
STR_157,Streptococcus,series,Positive,Microaerophilic,3.72
STR_575,Pseudomonas,give,Negative,Aerobic,7.96
STR_459,Lactobacillus,artist,Negative,Facultative Anaerobe,3.5
STR_709,Staphylococcus,popular,Positive,Microaerophilic,7.64
STR_942,Streptococcus,do,Positive,Microaerophilic,7.25
STR_871,Staphylococcus,serious,Negative,Anaerobic,2.64
STR_236,Pseudomonas,woman,Positive,Anaerobic,3.39
STR_750,Streptococcus,life,Negative,Facultative Anaerobe,5.33
STR_227,Streptococcus,their,Positive,Microaerophilic,3.25
STR_958,Pseudomonas,system,Positive,Aerobic,7.77
STR_317,Lactobacillus,provide,Negative,Facultative Anaerobe,1.67
STR_997,Staphylococcus,bit,Negative,Anaerobic,3.55
STR_141,Lactobacillus,Mrs,Negative,Microaerophilic,7.24
STR_617,Pseudomonas,hard,Positive,Aerobic,8.9
STR_705,Lactobacillus,table,Positive,Facultative Anaerobe,4.24
STR_877,Pseudomonas,near,Positive,Anaerobic,5.0
STR_215,Staphylococcus,now,Negative,Facultative Anaerobe,4.35
STR_463,Streptococcus,throughout,Positive,Anaerobic,1.8
STR_617,Staphylococcus,city,Positive,Microaerophilic,5.53
STR_564,Lactobacillus,economy,Positive,Microaerophilic,2.1
STR_750,Pseudomonas,leader,Negative,Aerobic,7.46
STR_379,Streptococcus,quickly,Negative,Anaerobic,4.74
STR_663,Staphylococcus,financial,Negative,Microaerophilic,8.8
STR_457,Staphylococcus,model,Positive,Facultative Anaerobe,6.29
STR_632,Bacillus,good,Positive,Facultative Anaerobe,4.99
STR_201,Pseudomonas,beyond,Negative,Microaerophilic,4.09
STR_849,Clostridium,message,Negative,Microaerophilic,3.84
STR_101,Lactobacillus,me,Positive,Microaerophilic,6.62
STR_519,Staphylococcus,police,Negative,Anaerobic,1.9
STR_252,Bacillus,local,Negative,Microaerophilic,1.56
STR_947,Streptococcus,voice,Negative,Microaerophilic,3.04
STR_796,Lactobacillus,low,Positive,Aerobic,3.17
STR_528,Staphylococcus,someone,Positive,Microaerophilic,8.41
STR_990,Lactobacillus,very,Positive,Microaerophilic,6.73
STR_267,Bacillus,game,Negative,Aerobic,3.61
STR_689,Lactobacillus,paper,Positive,Anaerobic,4.51
STR_726,Lactobacillus,stage,Positive,Anaerobic,4.35
STR_501,Streptococcus,officer,Positive,Anaerobic,4.82
STR_917,Lactobacillus,catch,Negative,Aerobic,9.03
STR_130,Pseudomonas,both,Positive,Microaerophilic,6.05
STR_527,Bacillus,write,Positive,Aerobic,7.44
STR_570,Lactobacillus,better,Positive,Microaerophilic,6.56
STR_233,Lactobacillus,page,Positive,Aerobic,3.32
STR_356,Staphylococcus,wall,Positive,Aerobic,3.93
STR_229,Streptococcus,east,Positive,Microaerophilic,2.39
STR_568,Streptococcus,kid,Positive,Anaerobic,7.72
STR_875,Lactobacillus,manage,Positive,Aerobic,5.65
STR_672,Clostridium,phone,Negative,Aerobic,3.08
STR_387,Lactobacillus,customer,Positive,Aerobic,9.04
STR_751,Clostridium,she,Negative,Facultative Anaerobe,5.25
STR_206,Lactobacillus,door,Positive,Microaerophilic,7.47
STR_968,Clostridium,civil,Negative,Aerobic,8.95
STR_789,Pseudomonas,world,Negative,Microaerophilic,9.47
STR_975,Lactobacillus,or,Positive,Anaerobic,8.02
STR_193,Clostridium,community,Negative,Microaerophilic,1.59
STR_295,Streptococcus,scientist,Positive,Microaerophilic,6.04
STR_366,Lactobacillus,finish,Positive,Facultative Anaerobe,4.59
STR_144,Streptococcus,issue,Negative,Anaerobic,8.5
STR_232,Staphylococcus,they,Negative,Aerobic,5.34
STR_678,Pseudomonas,raise,Positive,Aerobic,6.91
STR_412,Staphylococcus,within,Negative,Microaerophilic,5.58
STR_331,Clostridium,foreign,Negative,Anaerobic,3.72
STR_345,Pseudomonas,might,Negative,Microaerophilic,2.09
STR_234,Clostridium,so,Positive,Aerobic,6.99
STR_672,Bacillus,window,Positive,Anaerobic,9.05
STR_250,Pseudomonas,carry,Positive,Aerobic,0.6
STR_419,Lactobacillus,amount,Positive,Facultative Anaerobe,7.92
STR_294,Lactobacillus,treat,Negative,Aerobic,8.0
STR_321,Staphylococcus,study,Positive,Anaerobic,6.97
STR_639,Pseudomonas,control,Positive,Anaerobic,8.59
STR_190,Staphylococcus,star,Positive,Aerobic,5.91
STR_325,Clostridium,me,Positive,Anaerobic,1.66
STR_474,Bacillus,subject,Positive,Facultative Anaerobe,0.71
STR_694,Lactobacillus,like,Positive,Aerobic,9.46
STR_859,Clostridium,data,Negative,Anaerobic,4.06
STR_279,Pseudomonas,material,Negative,Facultative Anaerobe,4.53
STR_213,Bacillus,choose,Positive,Microaerophilic,3.01
STR_740,Clostridium,him,Negative,Aerobic,9.95
STR_661,Staphylococcus,test,Negative,Microaerophilic,5.59
STR_404,Pseudomonas,inside,Positive,Microaerophilic,3.62
STR_195,Lactobacillus,simply,Positive,Anaerobic,7.88
STR_451,Streptococcus,term,Negative,Aerobic,0.68
STR_464,Staphylococcus,mention,Positive,Aerobic,2.25
STR_490,Pseudomonas,parent,Negative,Facultative Anaerobe,1.9
STR_938,Lactobacillus,food,Positive,Aerobic,2.08
STR_760,Clostridium,short,Positive,Facultative Anaerobe,9.74
STR_608,Lactobacillus,first,Positive,Anaerobic,6.73
STR_716,Pseudomonas,lose,Positive,Facultative Anaerobe,3.72
STR_610,Staphylococcus,all,Negative,Facultative Anaerobe,8.61
STR_524,Clostridium,expert,Negative,Anaerobic,4.46
STR_832,Streptococcus,project,Negative,Anaerobic,9.48
STR_446,Pseudomonas,statement,Positive,Anaerobic,3.64
STR_931,Bacillus,type,Positive,Anaerobic,9.58
STR_969,Lactobacillus,she,Positive,Microaerophilic,6.56
STR_260,Pseudomonas,benefit,Positive,Facultative Anaerobe,6.08
STR_795,Pseudomonas,claim,Negative,Anaerobic,6.78
STR_743,Clostridium,computer,Negative,Microaerophilic,1.81
STR_545,Staphylococcus,personal,Positive,Aerobic,9.17
STR_542,Staphylococcus,enter,Positive,Anaerobic,9.14
STR_638,Staphylococcus,kid,Negative,Anaerobic,2.31
STR_900,Pseudomonas,model,Negative,Aerobic,5.58
STR_286,Lactobacillus,and,Negative,Aerobic,9.73
STR_126,Staphylococcus,race,Positive,Anaerobic,5.17
STR_370,Staphylococcus,school,Positive,Aerobic,4.5
STR_373,Bacillus,machine,Negative,Anaerobic,3.63
STR_798,Streptococcus,these,Negative,Anaerobic,0.61
STR_126,Streptococcus,fast,Positive,Aerobic,8.69
STR_761,Bacillus,newspaper,Negative,Facultative Anaerobe,4.7
STR_894,Bacillus,song,Positive,Anaerobic,8.02
STR_354,Lactobacillus,increase,Positive,Microaerophilic,6.54
STR_574,Streptococcus,own,Positive,Aerobic,9.01
STR_463,Bacillus,my,Negative,Microaerophilic,5.21
STR_683,Bacillus,big,Negative,Anaerobic,3.48
STR_835,Streptococcus,Congress,Positive,Aerobic,4.55
STR_400,Pseudomonas,miss,Positive,Anaerobic,3.91
STR_525,Clostridium,part,Positive,Aerobic,7.42
STR_372,Clostridium,lawyer,Negative,Facultative Anaerobe,8.77
STR_910,Clostridium,bed,Negative,Anaerobic,2.23
STR_889,Staphylococcus,recognize,Negative,Facultative Anaerobe,6.37
STR_531,Clostridium,room,Negative,Microaerophilic,6.81
STR_959,Lactobacillus,than,Negative,Microaerophilic,4.15
STR_156,Clostridium,claim,Negative,Facultative Anaerobe,1.02
STR_755,Pseudomonas,debate,Positive,Facultative Anaerobe,9.55
STR_235,Pseudomonas,with,Positive,Microaerophilic,8.97
STR_877,Streptococcus,exactly,Positive,Microaerophilic,9.61
STR_931,Streptococcus,ground,Negative,Facultative Anaerobe,2.92
STR_486,Bacillus,season,Positive,Microaerophilic,8.38
STR_802,Staphylococcus,like,Negative,Facultative Anaerobe,5.08
STR_669,Staphylococcus,which,Negative,Microaerophilic,9.17
STR_718,Streptococcus,outside,Negative,Anaerobic,7.24
STR_219,Streptococcus,maybe,Negative,Anaerobic,3.99
STR_993,Clostridium,though,Negative,Anaerobic,2.9
STR_351,Staphylococcus,into,Positive,Facultative Anaerobe,2.06
STR_939,Lactobacillus,evening,Negative,Facultative Anaerobe,6.8
STR_413,Lactobacillus,provide,Positive,Aerobic,7.99
STR_821,Lactobacillus,everything,Positive,Microaerophilic,4.93
STR_604,Clostridium,side,Positive,Aerobic,9.51
STR_138,Streptococcus,section,Positive,Anaerobic,1.94
STR_678,Lactobacillus,indicate,Positive,Microaerophilic,7.13
STR_212,Pseudomonas,be,Positive,Aerobic,2.57
STR_896,Lactobacillus,under,Negative,Facultative Anaerobe,3.63
STR_435,Clostridium,ready,Negative,Aerobic,5.06
STR_111,Bacillus,throw,Negative,Microaerophilic,5.56
STR_858,Pseudomonas,listen,Negative,Facultative Anaerobe,2.93
STR_207,Staphylococcus,relationship,Negative,Microaerophilic,9.77
STR_115,Bacillus,claim,Positive,Anaerobic,3.74
STR_917,Clostridium,care,Positive,Microaerophilic,1.24
STR_886,Staphylococcus,method,Positive,Aerobic,8.15
STR_512,Streptococcus,cover,Positive,Microaerophilic,1.55
STR_209,Streptococcus,region,Negative,Anaerobic,7.76
STR_369,Clostridium,three,Positive,Microaerophilic,0.52
STR_700,Staphylococcus,realize,Negative,Anaerobic,6.46
STR_880,Clostridium,support,Positive,Microaerophilic,0.82
STR_328,Clostridium,inside,Negative,Microaerophilic,2.86
STR_810,Lactobacillus,however,Positive,Aerobic,2.18
STR_496,Streptococcus,Mr,Negative,Anaerobic,8.6
STR_997,Bacillus,until,Negative,Anaerobic,6.2
STR_461,Clostridium,develop,Negative,Microaerophilic,2.15
STR_608,Bacillus,game,Negative,Aerobic,1.22
STR_731,Lactobacillus,soldier,Negative,Microaerophilic,2.88
STR_582,Staphylococcus,result,Positive,Anaerobic,2.72
STR_997,Staphylococcus,wrong,Positive,Microaerophilic,4.17
STR_369,Staphylococcus,phone,Positive,Facultative Anaerobe,4.8
STR_445,Clostridium,yourself,Negative,Microaerophilic,6.64
STR_972,Bacillus,sign,Positive,Facultative Anaerobe,5.53
STR_676,Clostridium,list,Positive,Facultative Anaerobe,1.77
STR_367,Pseudomonas,political,Positive,Microaerophilic,0.63
STR_223,Pseudomonas,building,Positive,Microaerophilic,6.14
STR_846,Pseudomonas,set,Positive,Aerobic,1.37
STR_570,Bacillus,prevent,Negative,Microaerophilic,9.23
STR_532,Clostridium,central,Positive,Anaerobic,2.87
STR_836,Lactobacillus,court,Negative,Microaerophilic,2.96
STR_712,Lactobacillus,find,Negative,Facultative Anaerobe,4.43
STR_140,Clostridium,painting,Negative,Anaerobic,9.33
STR_219,Streptococcus,write,Negative,Anaerobic,0.94
STR_211,Pseudomonas,person,Positive,Aerobic,9.7
STR_275,Staphylococcus,article,Positive,Facultative Anaerobe,4.8
STR_121,Pseudomonas,even,Negative,Facultative Anaerobe,2.47
STR_689,Pseudomonas,a,Negative,Anaerobic,8.06
STR_319,Bacillus,stand,Negative,Aerobic,9.25
STR_350,Pseudomonas,indicate,Negative,Anaerobic,4.4
STR_940,Bacillus,story,Positive,Aerobic,2.52
STR_550,Lactobacillus,coach,Negative,Aerobic,5.62
STR_848,Bacillus,member,Positive,Microaerophilic,3.01
STR_159,Streptococcus,matter,Negative,Facultative Anaerobe,8.62
STR_927,Lactobacillus,strategy,Positive,Microaerophilic,4.25
STR_239,Streptococcus,top,Negative,Anaerobic,7.67
STR_785,Pseudomonas,someone,Negative,Anaerobic,7.87
STR_722,Pseudomonas,help,Positive,Microaerophilic,3.41
STR_285,Clostridium,short,Negative,Anaerobic,5.47
STR_208,Clostridium,writer,Positive,Aerobic,2.5
STR_240,Clostridium,three,Positive,Aerobic,8.52
STR_408,Lactobacillus,five,Positive,Anaerobic,1.41
STR_214,Streptococcus,these,Positive,Facultative Anaerobe,7.82
STR_915,Staphylococcus,himself,Negative,Aerobic,2.3
STR_178,Clostridium,million,Positive,Microaerophilic,5.9
STR_167,Clostridium,garden,Positive,Microaerophilic,3.62
STR_787,Staphylococcus,right,Positive,Facultative Anaerobe,6.63
STR_178,Bacillus,hold,Negative,Facultative Anaerobe,4.69
STR_601,Clostridium,campaign,Positive,Anaerobic,0.99
STR_840,Staphylococcus,born,Positive,Anaerobic,5.6
STR_223,Pseudomonas,subject,Negative,Facultative Anaerobe,9.75
STR_657,Clostridium,process,Positive,Aerobic,1.91
STR_953,Clostridium,bed,Negative,Facultative Anaerobe,4.91
STR_336,Streptococcus,relate,Negative,Facultative Anaerobe,2.57
STR_398,Bacillus,on,Negative,Microaerophilic,4.49
STR_217,Clostridium,bar,Negative,Facultative Anaerobe,5.89
STR_161,Pseudomonas,other,Positive,Aerobic,4.31
STR_746,Streptococcus,big,Positive,Anaerobic,3.19
STR_611,Staphylococcus,eight,Negative,Aerobic,8.1
STR_850,Streptococcus,ability,Positive,Microaerophilic,4.9
STR_579,Clostridium,peace,Negative,Aerobic,4.59
STR_890,Lactobacillus,and,Positive,Microaerophilic,2.08
STR_503,Bacillus,send,Positive,Aerobic,8.75
STR_740,Clostridium,everybody,Positive,Facultative Anaerobe,8.88
STR_641,Streptococcus,either,Positive,Aerobic,1.22
STR_308,Bacillus,war,Negative,Aerobic,7.98
STR_637,Bacillus,evidence,Positive,Microaerophilic,7.06
STR_404,Bacillus,one,Positive,Microaerophilic,3.72
STR_783,Lactobacillus,surface,Negative,Anaerobic,7.04
STR_431,Bacillus,political,Positive,Anaerobic,6.89
STR_633,Streptococcus,bed,Positive,Anaerobic,6.74
STR_625,Streptococcus,several,Negative,Anaerobic,2.37
STR_260,Pseudomonas,party,Positive,Anaerobic,6.1
STR_834,Bacillus,good,Negative,Facultative Anaerobe,2.25
STR_805,Clostridium,his,Positive,Aerobic,4.68
STR_651,Pseudomonas,wear,Positive,Aerobic,0.56
STR_642,Bacillus,rule,Positive,Microaerophilic,4.85
STR_534,Staphylococcus,how,Positive,Microaerophilic,7.96
STR_914,Pseudomonas,despite,Negative,Facultative Anaerobe,1.06
STR_771,Lactobacillus,strong,Positive,Anaerobic,6.24
STR_522,Staphylococcus,sense,Positive,Facultative Anaerobe,1.51
STR_426,Bacillus,how,Positive,Aerobic,9.38
STR_562,Bacillus,program,Negative,Anaerobic,2.77
STR_306,Lactobacillus,less,Positive,Microaerophilic,3.25
STR_785,Lactobacillus,floor,Negative,Facultative Anaerobe,1.94
STR_437,Bacillus,evening,Negative,Anaerobic,2.56
STR_135,Clostridium,science,Positive,Facultative Anaerobe,6.15
STR_870,Bacillus,general,Positive,Microaerophilic,6.0
STR_751,Pseudomonas,since,Positive,Microaerophilic,5.8
STR_897,Bacillus,range,Negative,Facultative Anaerobe,4.46
STR_845,Streptococcus,action,Positive,Anaerobic,4.4
STR_833,Clostridium,government,Negative,Aerobic,5.73
STR_815,Staphylococcus,indeed,Negative,Facultative Anaerobe,8.59
STR_353,Staphylococcus,evidence,Positive,Microaerophilic,4.93
STR_397,Pseudomonas,short,Positive,Anaerobic,6.16
STR_785,Staphylococcus,shoulder,Positive,Aerobic,6.82
STR_348,Pseudomonas,little,Negative,Microaerophilic,6.23
STR_325,Bacillus,general,Positive,Facultative Anaerobe,7.72
STR_430,Staphylococcus,term,Positive,Aerobic,7.64
STR_540,Bacillus,itself,Negative,Aerobic,5.16
STR_299,Clostridium,expect,Positive,Aerobic,3.8
STR_766,Bacillus,source,Negative,Facultative Anaerobe,1.66
STR_928,Streptococcus,American,Positive,Anaerobic,1.36
STR_292,Staphylococcus,particular,Negative,Aerobic,4.47
STR_705,Bacillus,I,Negative,Anaerobic,0.86
STR_287,Pseudomonas,yard,Positive,Anaerobic,3.68
STR_978,Lactobacillus,maybe,Negative,Facultative Anaerobe,5.48
STR_570,Clostridium,play,Positive,Anaerobic,4.16
STR_244,Bacillus,hope,Negative,Anaerobic,8.5
STR_862,Clostridium,once,Negative,Anaerobic,5.27
STR_731,Bacillus,public,Positive,Microaerophilic,8.71
STR_711,Staphylococcus,college,Negative,Anaerobic,6.69
STR_519,Streptococcus,set,Negative,Aerobic,4.14
STR_893,Clostridium,interesting,Negative,Microaerophilic,3.19
STR_168,Clostridium,discuss,Positive,Microaerophilic,4.34
STR_569,Clostridium,traditional,Negative,Facultative Anaerobe,0.67
STR_941,Streptococcus,as,Positive,Microaerophilic,4.45
STR_224,Staphylococcus,art,Positive,Facultative Anaerobe,8.85
STR_981,Clostridium,enter,Negative,Facultative Anaerobe,2.05
STR_545,Streptococcus,well,Negative,Anaerobic,6.46
STR_470,Lactobacillus,detail,Negative,Anaerobic,7.48
STR_975,Pseudomonas,low,Negative,Facultative Anaerobe,6.65
STR_584,Bacillus,picture,Positive,Facultative Anaerobe,9.07
STR_119,Staphylococcus,listen,Positive,Anaerobic,0.91
STR_436,Pseudomonas,nor,Negative,Facultative Anaerobe,5.89
STR_608,Bacillus,organization,Negative,Anaerobic,4.16
STR_421,Staphylococcus,ask,Negative,Aerobic,6.88
STR_597,Streptococcus,majority,Negative,Microaerophilic,4.66
STR_816,Lactobacillus,air,Positive,Facultative Anaerobe,7.09
STR_532,Staphylococcus,too,Positive,Anaerobic,5.4
STR_135,Bacillus,first,Positive,Microaerophilic,7.71
STR_401,Staphylococcus,hand,Negative,Microaerophilic,8.17
STR_557,Bacillus,well,Negative,Facultative Anaerobe,1.2
STR_279,Clostridium,suddenly,Positive,Anaerobic,6.61
STR_834,Staphylococcus,color,Positive,Aerobic,6.75
STR_772,Pseudomonas,market,Negative,Microaerophilic,4.72
