species,latitude,longitude,population,date,habitat
Camera Congress,-22.936881,43.650594,43431,2021-07-16,Marine
Week not,-89.85904,107.231355,3023,2023-03-25,Desert
Money either,-44.089238,-117.198052,66534,2017-11-28,Urban
Weight organization,-5.404755,139.79757,34189,2017-09-25,Freshwater
Reveal tend,-80.531251,-139.551747,22685,2020-08-03,Grassland
Week teacher,69.668883,65.222796,53245,2018-10-13,Freshwater
Focus local,21.794204,-108.638813,22743,2023-05-12,Urban
Few night,-7.734041,56.153733,6837,2023-01-23,Tundra
Recognize art,55.59938,142.616103,76987,2016-08-27,Marine
Friend poor,-76.605652,-87.944636,58589,2022-02-25,Forest
Dream loss,-34.053628,103.493839,75064,2021-08-29,Wetland
Teach body,69.133681,-86.628932,38775,2025-01-16,Desert
Leave charge,-72.71652,-71.982578,22445,2025-07-21,Marine
Religious sign,31.441418,-125.149252,7633,2025-06-20,Wetland
Sit star,-50.542195,41.949324,6569,2016-12-04,Urban
Ok office,65.580688,-130.879505,48267,2017-10-29,Urban
Project crime,-40.523358,81.377148,88948,2022-02-23,Tundra
Phone set,-18.760113,-118.401962,30365,2022-02-17,Wetland
Tonight short,89.370209,-97.032903,59291,2026-01-01,Tundra
Stuff trip,70.509117,132.221434,92264,2021-11-03,Desert
Time person,-44.027135,-146.889298,73133,2021-11-15,Tundra
Ok herself,1.579335,90.672574,1158,2017-07-14,Desert
Say raise,43.980345,-50.054534,39221,2025-07-25,Wetland
Sea will,-7.74613,129.556253,12652,2020-08-06,Marine
Those capital,-65.486445,30.627211,6907,2024-12-20,Tundra
Prevent ground,-89.346123,33.957587,58791,2017-07-13,Forest
Someone budget,-26.711223,-46.274072,86086,2025-10-14,Tundra
Building movie,67.05865,-143.161468,37855,2021-01-26,Urban
Be fact,-21.205489,165.013124,22746,2022-08-07,Marine
Family standard,25.857788,178.557466,36406,2025-08-14,Forest
Green tonight,44.095796,-147.671644,54533,2020-12-12,Grassland
Cell important,68.147371,-0.493334,92373,2023-04-28,Forest
Ground near,-78.761758,-58.932638,34168,2020-12-14,Tundra
Six garden,-87.852097,-162.803892,62383,2024-12-10,Tundra
Common process,-86.667188,107.538256,6459,2023-01-16,Wetland
Eye benefit,10.316944,63.579432,22947,2018-01-13,Forest
Way half,-44.223595,32.021415,65113,2023-11-15,Desert
Check ground,70.914171,-53.924855,23195,2021-01-13,Forest
Public explain,7.710987,-50.028135,17769,2022-04-11,Forest
Teach community,-89.714319,111.249718,25813,2022-07-22,Urban
Development serve,16.367015,-162.197004,50076,2024-10-07,Marine
Word class,65.539539,64.472055,87562,2022-09-21,Urban
Company hold,-7.228661,109.373666,47352,2017-03-14,Forest
Else fast,10.790772,-139.764006,83880,2016-12-10,Tundra
Little current,-48.405356,131.166161,27162,2023-05-14,Freshwater
Lay say,77.067103,123.664782,90157,2025-11-15,Wetland
Plan travel,-42.590849,-96.060554,55308,2022-09-03,Urban
Against seek,6.133576,-122.909286,79258,2020-02-23,Marine
Star leader,-38.37206,-102.928019,91964,2018-12-31,Marine
Nearly red,68.322793,-126.261453,2988,2021-12-18,Marine
Mr plant,76.173371,-60.188796,78280,2018-03-28,Desert
Executive board,22.158795,53.395317,72490,2018-12-15,Tundra
Growth sea,50.059746,-86.957345,38602,2018-07-20,Grassland
Head cause,-36.930352,141.264953,40027,2025-03-09,Wetland
Series care,-48.370859,57.009619,54491,2023-01-26,Wetland
Main daughter,-76.849462,96.132186,89828,2022-08-25,Wetland
Skill spring,58.33766,5.127997,73465,2021-10-21,Forest
Or door,52.57109,-9.47228,15193,2024-06-24,Desert
Represent wish,-68.7809,91.88791,85807,2018-08-13,Wetland
Again according,-21.299301,37.585329,96598,2019-12-02,Grassland
Both look,18.505264,-29.826537,62145,2020-09-25,Forest
Whole party,-14.396706,82.309426,46976,2022-12-10,Grassland
Store feel,14.248927,93.029256,64315,2025-10-04,Marine
Authority have,73.163135,-114.708073,7742,2018-09-26,Freshwater
Occur peace,-20.863764,80.017185,88288,2020-08-22,Forest
Hour as,-32.957133,26.039777,52951,2018-06-14,Marine
Happy management,-62.923819,45.207052,94176,2020-04-21,Urban
Herself factor,-36.724714,-162.152046,66836,2021-03-16,Forest
Career do,-68.711788,-151.859123,15043,2023-02-14,Wetland
Knowledge act,-31.008288,7.82283,74773,2022-05-05,Forest
Yet yeah,-15.386903,-94.18035,85938,2019-08-02,Grassland
Somebody economic,-38.838859,-117.030389,84057,2026-07-07,Grassland
Dog resource,-19.605785,-12.81674,79401,2019-04-27,Urban
Why century,44.740748,118.56735,16336,2024-05-17,Grassland
School newspaper,89.850192,-122.01645,38586,2022-12-06,Wetland
Blood understand,-79.000167,110.340544,92312,2019-06-27,Wetland
Ask lead,-60.289789,-138.370877,47482,2019-05-10,Tundra
Pull fish,-14.768034,-51.929949,65116,2017-11-29,Forest
Cell evidence,69.345931,-116.000681,61296,2024-03-21,Wetland
Lot vote,-69.534768,-11.605616,84704,2018-03-21,Grassland
Month one,51.575111,-40.779504,77101,2024-03-25,Grassland
History she,-6.877149,73.889006,70505,2021-01-01,Tundra
Big bad,-8.850581,97.462013,50349,2025-03-05,Tundra
Much else,47.177643,-32.302292,46190,2019-05-04,Grassland
Box lay,-77.73566,142.722735,26203,2019-02-08,Urban
Happen ground,16.42889,7.514065,68371,2017-06-14,Marine
Particularly billion,-35.254156,144.409015,43834,2019-01-07,Grassland
Range teach,-32.293802,1.432247,52639,2021-11-05,Wetland
Himself third,86.022238,-128.696653,66422,2021-07-24,Tundra
Three never,-60.422847,134.076445,51383,2022-01-13,Wetland
Guy improve,-48.839426,-164.690477,41573,2022-10-21,Wetland
Important away,10.410832,-25.459857,78822,2021-11-07,Tundra
Boy successful,79.543654,46.508622,24994,2021-08-21,Urban
Dark consumer,83.850393,-20.77595,71797,2022-12-02,Urban
And information,42.705122,85.725794,52439,2016-11-22,Freshwater
Back possible,-26.858408,49.380334,99332,2019-08-02,Desert
Line item,-71.617605,1.694907,10666,2026-03-07,Marine
Win many,3.487699,47.284105,99641,2023-02-20,Tundra
Decide spend,20.01479,-144.148679,26867,2023-04-20,Grassland
Strong science,18.897653,82.513274,17767,2020-06-29,Tundra
Bring skin,88.59775,-29.195424,34855,2021-04-29,Urban
Brother ok,-13.382473,40.951691,47192,2022-04-13,Forest
Usually start,40.880755,-126.356313,34735,2019-07-14,Urban
Kid after,-77.208174,-40.042861,27363,2025-04-15,Desert
Truth debate,62.384936,-165.963593,58489,2022-07-19,Desert
Investment yourself,1.366634,-135.471398,21397,2018-08-07,Urban
Control sign,-89.415092,53.193548,21432,2024-05-18,Urban
Hotel if,79.371357,-143.839813,60442,2019-06-21,Desert
Stand play,30.461254,44.867856,10093,2021-05-05,Marine
Environmental themselves,51.938945,44.43075,71993,2025-11-30,Tundra
Rock describe,3.514333,-84.223107,95287,2017-12-05,Forest
Then campaign,79.76225,10.297358,86289,2026-07-15,Marine
Section human,45.363202,138.311378,43525,2017-03-23,Freshwater
Study where,37.39437,-146.668196,89886,2023-12-16,Wetland
Defense through,6.396181,77.179712,33542,2024-11-13,Grassland
Level usually,78.014734,71.340356,96224,2023-12-13,Desert
Son police,0.801367,-178.658987,30536,2016-11-20,Forest
Ever include,-25.791265,-161.530805,83748,2026-02-02,Wetland
Morning more,-36.355892,-13.871154,82003,2024-07-12,Freshwater
Sit myself,-82.943134,-126.373005,90615,2017-12-12,Desert
Phone expect,-33.004513,-36.119211,73140,2018-09-13,Grassland
Education according,-33.182157,25.120365,23193,2021-10-28,Tundra
Institution artist,-73.813008,162.087228,53728,2020-11-29,Marine
Learn south,-43.087382,114.751678,27676,2020-10-20,Grassland
Argue dream,6.100157,-15.873974,52760,2023-11-10,Freshwater
Minute prepare,89.606202,0.230173,43467,2026-04-28,Tundra
On sometimes,72.047004,-99.664032,89832,2021-09-13,Urban
Difficult maintain,46.109406,6.959857,12119,2022-09-05,Freshwater
Less general,-59.122875,-73.540504,9979,2018-01-31,Desert
Once instead,-30.978092,91.085799,21898,2021-07-09,Urban
Positive something,-43.779288,43.325796,34416,2022-10-19,Desert
Them over,21.012026,-117.793926,59693,2018-02-04,Grassland
Back us,-13.02715,-33.147683,12725,2018-11-17,Freshwater
Understand condition,38.090647,-56.38719,53200,2024-07-15,Wetland
Medical model,41.940569,0.367088,39775,2018-11-02,Urban
Top compare,13.983556,-10.49378,48176,2018-03-22,Urban
Next collection,-65.095193,-114.727541,62432,2018-10-13,Freshwater
Establish produce,-10.749837,111.229357,69275,2019-11-07,Marine
Personal often,65.34389,-115.137281,11811,2020-11-17,Urban
Stage away,0.568589,-62.171775,84991,2019-10-12,Urban
Produce stay,-33.683604,104.124121,49472,2022-10-17,Urban
Although difference,14.020226,-130.6269,1471,2018-07-27,Grassland
Provide exist,-29.652815,28.196212,8506,2017-04-09,Freshwater
Summer despite,-83.702635,128.307015,13121,2025-04-12,Grassland
Cold first,-86.45116,85.193309,36188,2024-12-03,Wetland
Question decision,70.988683,-26.64682,48261,2019-11-26,Desert
Mouth upon,-55.068198,-105.617682,34328,2022-09-27,Wetland
Another notice,0.524196,24.317044,94152,2024-11-24,Tundra
Decision determine,2.157579,46.544875,61079,2016-09-15,Freshwater
The do,34.106466,22.588695,68102,2020-08-11,Grassland
Follow us,-43.589903,-14.118012,11292,2019-10-28,Desert
Tend number,31.819249,18.54934,63055,2018-04-24,Desert
As dinner,31.914197,116.168186,37438,2024-09-10,Freshwater
Executive understand,13.961798,-14.180663,53502,2024-04-24,Marine
Wife senior,15.74588,-115.145549,6416,2023-11-10,Desert
Nature argue,-81.847377,18.914834,57107,2024-06-20,Tundra
Age change,48.643485,-96.093697,60340,2019-06-23,Tundra
Reality until,-17.495072,-107.992988,67042,2023-07-01,Freshwater
Enough personal,35.377134,13.452792,65353,2017-03-08,Marine
Meeting learn,27.193195,79.33261,57565,2023-12-10,Urban
Sell country,20.858241,156.921148,5003,2018-03-02,Wetland
Protect agency,5.278761,-35.685605,83930,2023-09-15,Grassland
Throw apply,48.752918,178.614622,17898,2016-12-13,Grassland
Style wrong,-74.47934,-173.443698,56116,2017-10-03,Forest
Although well,10.052265,-149.227784,27003,2020-02-13,Desert
South both,9.273087,150.194386,15951,2025-05-14,Forest
Concern laugh,-68.200979,-40.151459,85925,2023-05-26,Grassland
Standard measure,63.435977,143.877216,65055,2025-06-29,Marine
Remember medical,9.821897,163.983975,40566,2024-05-22,Marine
Increase maintain,68.497219,44.348866,80605,2020-06-01,Desert
Deep else,-74.717104,152.065638,13975,2016-12-11,Desert
Like offer,-87.148201,82.013916,76235,2024-12-01,Grassland
Believe citizen,66.840294,-53.118227,70091,2022-11-18,Forest
Specific though,-75.097481,-81.353735,2792,2017-05-27,Tundra
Street stay,23.451814,120.545984,70741,2017-07-16,Freshwater
Region seek,14.112617,151.251921,22994,2018-11-24,Forest
Hold factor,-59.650391,158.740018,15701,2018-10-19,Forest
Commercial among,9.875505,92.864037,21367,2019-02-24,Wetland
Take about,-74.731119,-42.038014,8426,2021-10-01,Forest
Community southern,80.502249,172.898945,28940,2023-06-11,Forest
Work Mrs,23.250421,-103.77541,57793,2021-02-02,Urban
Impact three,14.973483,-115.212782,44957,2018-07-03,Desert
Ground data,-32.154515,113.888492,77902,2017-05-05,Forest
Very thought,47.183021,-106.034492,94716,2022-02-18,Wetland
Store open,87.735737,-41.98501,20514,2024-10-26,Urban
Specific national,-2.488863,76.229333,77242,2021-07-10,Tundra
Certain door,-78.850846,-115.745298,91654,2025-08-13,Wetland
Short miss,61.310886,-85.58337,29120,2019-12-12,Tundra
Worry just,-60.039382,-151.752797,43548,2024-03-14,Urban
Everything explain,70.168597,-13.043189,34373,2017-06-17,Desert
Technology meet,-84.310509,88.097969,21304,2024-07-15,Grassland
Who trouble,-47.640829,33.389317,54645,2024-04-07,Desert
Meeting evening,65.680719,-81.494878,53852,2020-06-10,Tundra
Rule produce,18.819052,-128.890107,33214,2020-06-26,Desert
Practice author,-70.298416,-145.77461,38889,2022-11-08,Tundra
Building nearly,-29.635588,24.812967,67121,2020-12-11,Forest
Degree detail,-13.239352,-112.984711,36260,2023-12-27,Forest
Cause last,-42.070274,-102.747931,54694,2026-07-11,Grassland
World city,-44.17263,-98.361577,64989,2023-09-11,Forest
Today financial,-67.510235,41.265783,80619,2020-04-05,Freshwater
Easy size,-43.263122,-135.604187,8434,2022-12-07,Forest
Especially action,70.289497,134.84514,11925,2025-01-04,Marine
Indeed particular,25.633276,178.87572,29426,2025-12-19,Marine
Discuss nation,29.454167,-125.441425,30027,2026-02-27,Urban
Better find,5.133057,57.77881,42533,2020-06-25,Tundra
Nature send,77.536505,-74.554118,60221,2023-07-04,Urban
Car right,2.304728,-148.232391,71943,2022-01-03,Urban
Affect citizen,-63.354651,-147.068681,61276,2023-05-11,Urban
Heart perhaps,64.524782,-125.516584,49110,2023-03-01,Freshwater
Line open,68.531528,-85.500458,41407,2023-07-30,Desert
Main apply,31.269839,-58.190476,82495,2016-10-03,Desert
Despite reduce,-18.162535,-52.545029,53850,2018-06-26,Tundra
Good daughter,-85.061932,-92.405365,7778,2019-05-24,Wetland
Ok personal,-89.4781,-138.915836,97103,2026-01-22,Tundra
Amount live,16.432249,-150.336038,3430,2020-01-14,Urban
Simple account,-50.560203,153.002691,98519,2020-07-26,Freshwater
Staff president,37.434443,-149.708579,79907,2018-09-12,Wetland
Serious should,-65.312525,-145.657092,90621,2020-04-19,Tundra
Daughter hand,65.295671,-132.86693,27850,2026-03-23,Grassland
Share its,67.127862,-34.754019,89309,2020-01-27,Forest
Deep number,10.138214,-94.314563,41577,2025-08-20,Desert
Writer stage,31.994598,62.099559,49538,2023-06-17,Wetland
Thank structure,-48.365305,-9.195044,76122,2021-11-18,Freshwater
Billion with,15.308727,165.278085,56057,2021-06-23,Forest
Their ten,-76.560618,-58.67003,62847,2022-09-01,Marine
Beyond project,-88.213308,14.717077,66182,2023-01-12,Forest
Tv above,84.140419,99.302122,67312,2018-04-11,Forest
Where your,-58.141538,110.936829,74322,2024-06-28,Tundra
Memory into,11.156804,-23.326653,27383,2022-01-23,Marine
Occur hope,-75.392291,-5.669839,49535,2021-01-18,Wetland
Particular than,-77.83562,-18.076716,7871,2025-10-20,Forest
Later budget,-48.051443,-34.705017,61590,2017-09-26,Marine
Sign buy,-2.174725,79.561073,10560,2019-06-22,Marine
But foot,-50.87732,95.864671,54423,2018-10-27,Tundra
Store view,-53.075677,-95.670648,49746,2021-02-11,Wetland
Next class,13.679232,-119.526944,35893,2021-12-08,Grassland
Pull tax,39.271179,-76.68736,85621,2023-07-12,Forest
Among current,44.739387,-49.851724,55045,2021-12-21,Wetland
Gas small,-34.890128,-133.417048,21201,2016-11-21,Tundra
Newspaper tax,70.023695,169.754726,97137,2018-10-21,Forest
Bag heavy,-27.123827,-65.309569,98541,2022-12-24,Grassland
Something like,-86.797881,56.506144,13518,2020-02-19,Grassland
Sell compare,79.888183,26.011904,8785,2017-06-28,Marine
Enough six,-63.028464,129.636959,2918,2018-11-25,Desert
Learn entire,-44.312733,-175.683457,96893,2021-02-04,Grassland
Rise assume,82.716449,64.447127,57887,2018-01-04,Freshwater
Course act,-44.660615,121.281231,9046,2019-06-25,Urban
Quickly new,-52.973394,168.759439,51677,2019-11-17,Grassland
Artist generation,15.908298,-81.754788,59057,2019-08-04,Desert
Remember against,-78.602392,32.491743,37005,2021-08-21,Tundra
Training point,-34.32952,6.982952,52915,2018-08-16,Tundra
Agree prevent,4.124651,-131.857035,68751,2024-11-20,Freshwater
Position deep,-14.077788,37.761819,27470,2021-10-15,Forest
Worker per,-76.702032,78.812015,84557,2023-12-11,Grassland
Everything about,-9.695344,-119.25699,88620,2019-12-26,Tundra
Lay how,68.065764,108.781633,52634,2026-07-14,Desert
Which result,68.377398,-31.744075,28783,2019-07-03,Freshwater
Generation among,-55.277302,1.140155,8850,2023-01-15,Urban
Fact single,5.217753,14.411551,73823,2022-06-20,Desert
End bad,60.229981,-45.56495,89691,2022-12-15,Marine
Region side,22.861756,-166.044623,88571,2024-05-04,Freshwater
Continue support,11.027398,69.808862,8528,2025-02-17,Forest
Treat country,-69.201924,-82.396709,14450,2024-11-08,Grassland
See example,-1.517242,99.381106,42562,2026-01-04,Desert
Student speak,-86.521993,131.575241,56457,2019-11-17,Wetland
Everyone nature,-11.656863,-168.968105,40605,2024-12-09,Wetland
Laugh and,-2.65897,-153.875034,81680,2023-08-09,Marine
Low notice,39.977499,-96.542019,23788,2018-11-04,Marine
Issue wall,83.475482,10.732678,55616,2019-12-12,Freshwater
Song relate,-52.66305,10.168512,81678,2022-06-27,Freshwater
Cut reduce,19.807399,-33.435377,48238,2023-12-07,Wetland
Them career,-54.638451,-58.740749,29437,2023-03-16,Urban
Style run,-47.520378,97.500516,17469,2024-07-21,Tundra
Seven time,58.058458,22.383798,76488,2026-01-07,Grassland
Wrong month,-80.415003,-2.557136,61311,2025-02-23,Desert
Professor production,-88.388246,74.14909,5888,2019-03-19,Forest
Phone let,56.474266,77.326423,42894,2023-06-23,Tundra
Ago pattern,17.029007,156.217805,40398,2025-04-25,Wetland
Check step,-30.627039,14.781059,958,2017-03-21,Marine
Story three,-21.280724,94.344017,11383,2026-01-28,Urban
Ahead pull,-17.114411,99.347241,50270,2016-08-23,Grassland
General many,-26.408911,-21.608575,99578,2023-02-22,Marine
Face car,23.158234,-70.497508,8227,2025-08-22,Marine
Federal notice,73.337603,174.9709,76905,2019-10-01,Wetland
Trade few,76.857786,-42.085245,7096,2022-10-31,Wetland
During four,65.673143,151.957122,66017,2021-05-07,Urban
Education issue,-10.824003,94.612621,57354,2018-05-19,Tundra
Almost do,-39.990144,159.701525,56745,2020-04-02,Tundra
Admit too,-87.69288,-119.150112,57518,2019-12-20,Wetland
Sure explain,-85.996391,147.531662,79695,2019-11-16,Tundra
Again wait,-9.945407,-142.935216,10176,2017-03-06,Desert
Quickly key,-70.555969,-103.358308,80661,2021-03-11,Freshwater
Focus yes,73.651237,0.485555,61151,2025-12-06,Desert
White ground,0.308322,-142.428358,47559,2023-03-02,Grassland
Nor put,-7.277207,-17.815899,7049,2025-07-21,Forest
Night world,-53.461435,-25.834645,14270,2023-06-29,Grassland
Clearly outside,88.848739,-24.269125,12115,2020-09-26,Freshwater
Not however,-21.159287,-129.110145,86048,2022-05-13,Freshwater
Word though,-72.179014,30.722467,98888,2020-05-09,Tundra
From morning,50.714796,-55.838748,31110,2021-06-16,Freshwater
Account another,84.098076,102.932782,66633,2017-10-04,Wetland
Need but,70.238572,-88.107751,87956,2023-03-17,Desert
Dream oil,81.53814,146.93928,67329,2026-04-16,Forest
Would approach,49.123753,33.83198,16285,2024-07-20,Grassland
Food clearly,26.403804,85.942235,73010,2016-10-22,Grassland
Medical event,-9.603096,-8.406569,37897,2025-01-13,Tundra
House lay,-56.972482,77.177647,93774,2025-04-19,Marine
Phone candidate,7.767088,25.492721,26070,2022-12-19,Forest
Among here,67.261339,16.440982,81703,2025-03-05,Wetland
Push act,-86.520082,-124.14775,44287,2018-04-30,Grassland
Recognize so,30.60217,-150.956704,14228,2022-07-03,Tundra
Manage system,-66.643538,19.857873,64734,2026-06-26,Forest
Bag many,-68.15067,25.14951,57320,2020-10-24,Tundra
Address region,-41.424422,163.606771,75797,2016-12-30,Urban
Win population,-48.904142,-91.934959,6342,2026-01-04,Wetland
Coach close,11.746654,68.364403,92954,2025-08-08,Forest
Third part,-66.973926,120.58802,40800,2017-04-24,Forest
South guy,-2.739559,55.493576,72561,2018-11-20,Grassland
Believe wish,50.901647,154.815574,15421,2019-07-20,Urban
Almost trip,-75.921338,115.713007,8514,2016-09-17,Grassland
Where above,-63.736283,84.692248,61587,2020-01-17,Tundra
Left shake,1.868207,90.627112,70448,2025-05-02,Tundra
Many company,-61.114015,117.012325,2977,2023-08-06,Freshwater
Order along,-35.71236,17.704734,40942,2025-05-24,Urban
Certainly way,70.229367,37.336799,60624,2016-12-24,Grassland
Citizen on,-79.181053,147.737862,91617,2021-02-26,Grassland
Main human,-53.91443,27.841068,55116,2024-05-19,Desert
Black night,18.178695,-77.285295,31313,2023-12-01,Freshwater
Require could,-74.026342,-44.125653,19891,2021-04-12,Forest
Cut seven,-38.441324,139.119122,17156,2023-07-21,Freshwater
Store keep,1.524616,164.284446,4163,2022-03-07,Wetland
Southern action,31.186807,70.755831,33844,2021-07-17,Marine
Office single,43.759597,-94.658571,57574,2020-04-29,Marine
Involve clear,14.428062,157.384787,78570,2020-10-12,Urban
Strong else,-4.082461,3.926703,86725,2022-04-05,Wetland
Seem concern,49.219687,-46.426048,61212,2020-03-25,Grassland
Center offer,-75.349085,144.112956,94570,2026-07-03,Grassland
Live customer,1.727616,-16.404459,21442,2018-01-15,Tundra
Particular activity,-27.922686,-39.82953,76878,2026-01-16,Marine
Particular picture,55.166696,-96.840425,12834,2019-08-22,Marine
Fund resource,-35.372238,-3.709868,11805,2026-07-07,Urban
Performance adult,18.568015,56.182956,64399,2021-05-27,Urban
None defense,-18.587152,117.560379,2694,2019-08-03,Marine
Coach environment,18.96313,-5.501248,87621,2019-07-12,Forest
Fly bill,76.584984,-165.272291,26071,2025-10-07,Marine
These huge,5.344811,98.537528,63466,2025-08-15,Desert
Protect city,-29.91744,127.584482,93591,2018-12-24,Tundra
Everybody eye,3.867714,179.272738,77112,2026-01-27,Forest
Nation article,87.057172,46.268284,29180,2023-11-19,Desert
Behind during,54.428976,-29.707487,16937,2026-01-13,Desert
Little let,-61.998855,171.910066,77208,2022-01-18,Marine
Job as,-82.595335,149.389839,26373,2021-08-22,Urban
Road feeling,-30.309768,-59.705278,30301,2022-09-20,Tundra
Conference tonight,55.871052,-54.68735,76006,2016-08-07,Urban
New six,-66.967228,132.807295,3099,2021-12-28,Urban
Player two,-66.683378,-67.060883,16665,2021-07-22,Freshwater
Herself but,-12.605057,141.163768,1873,2019-12-07,Tundra
Method cell,-7.08509,6.684116,51897,2018-05-28,Marine
Suffer development,20.083375,-149.965175,16610,2018-09-24,Urban
Student coach,1.114581,-41.554667,70443,2019-10-23,Marine
Head eight,46.872098,56.200668,61697,2020-07-12,Grassland
Tax reason,73.94916,88.384108,50800,2022-09-08,Grassland
Notice staff,-89.784002,-125.080708,21907,2019-07-12,Freshwater
Face down,-45.059649,-52.264601,13776,2022-08-27,Grassland
Citizen hard,46.42977,64.758171,38578,2022-11-29,Marine
Today economic,55.712653,-39.225823,83641,2019-05-08,Tundra
Girl then,8.649749,-44.253385,50940,2018-03-04,Urban
Party wide,-19.69238,19.360487,16183,2023-07-25,Marine
Let like,85.519803,19.181041,47003,2020-01-05,Wetland
Food rest,-84.447306,141.904547,36249,2019-02-23,Tundra
Once add,-60.951608,97.919959,4670,2024-09-25,Urban
Live law,-40.192716,114.807427,80189,2020-03-29,Freshwater
Green young,-20.023547,178.29715,56875,2023-10-01,Tundra
Young drop,43.654386,-70.503227,20586,2019-06-04,Wetland
Down stop,-20.839935,119.444978,42122,2017-11-22,Marine
Most how,76.812083,126.366672,72364,2023-10-20,Urban
Light score,6.840643,26.330257,58608,2018-11-26,Desert
Response whom,-8.59793,-145.389903,11079,2025-12-08,Wetland
Decade American,18.252176,-112.72176,79381,2021-05-01,Forest
Know recently,54.950962,171.702797,76116,2017-10-02,Forest
Growth cold,-43.683284,34.549088,15963,2026-01-04,Urban
What safe,-68.017459,127.868911,81549,2025-05-04,Marine
Leg activity,89.089752,149.127532,1770,2020-05-18,Desert
Information again,76.631315,-173.817622,15909,2024-11-11,Grassland
Central board,-80.1145,-178.641875,1713,2019-07-01,Freshwater
Television lead,-45.533971,-92.68284,43607,2024-09-09,Forest
Second let,-85.666549,98.214469,82981,2020-11-09,Wetland
Find long,-27.650136,-39.537947,33235,2019-08-04,Grassland
Budget seat,-17.628146,-41.320705,80692,2017-04-12,Forest
Hot perhaps,68.562798,116.908025,71356,2022-11-19,Freshwater
Idea Democrat,-10.089643,-89.778409,3361,2024-10-19,Forest
Seem soldier,-17.447187,45.754601,30846,2021-03-05,Freshwater
Show court,34.749354,134.632316,67410,2024-08-09,Desert
Doctor guess,37.668431,-135.548961,73213,2018-04-20,Tundra
Campaign always,31.707047,6.723541,22284,2019-11-18,Urban
Last coach,45.805627,-13.192921,42643,2020-07-05,Marine
Throughout whose,-51.118134,-106.904985,3725,2024-01-25,Marine
Ahead point,-4.511152,-111.984685,51606,2022-12-02,Tundra
Simply minute,72.565086,32.20988,71397,2018-08-12,Freshwater
Camera nearly,13.129909,22.007072,11941,2022-05-17,Tundra
Happy could,-38.928803,-102.014704,70137,2016-10-30,Grassland
Across provide,64.489589,105.270499,59288,2025-04-04,Grassland
Skin high,-11.655855,159.355008,14188,2016-10-09,Grassland
Discussion camera,-64.956314,-162.840525,3173,2024-02-26,Desert
Ahead particularly,-89.987371,-121.718379,68043,2022-04-02,Wetland
Beautiful chair,-87.629634,-138.592849,69687,2020-09-21,Grassland
Morning on,16.776252,164.12259,4407,2017-11-01,Marine
Government in,-18.218142,-72.327059,72224,2026-01-22,Urban
Interview onto,37.988828,103.337549,33117,2018-01-21,Forest
Present mission,-57.149049,-164.852631,34801,2016-10-19,Grassland
That this,-84.989647,-96.101273,37606,2019-02-18,Desert
Wide treat,-69.033985,-168.425682,96781,2025-02-15,Tundra
Mission window,15.904938,60.494824,6793,2021-02-24,Grassland
Technology discussion,30.795469,-122.231146,80992,2025-01-15,Desert
Challenge prove,48.061945,116.056057,21206,2025-06-13,Forest
Free notice,52.74705,114.983839,67555,2020-03-06,Forest
Open food,81.218552,-137.622354,44966,2026-05-30,Desert
Service bag,-47.682188,-12.25472,19962,2025-01-02,Urban
Film investment,-4.501483,111.21858,93158,2021-02-13,Marine
Hour hit,-73.968702,0.591859,21540,2026-06-13,Grassland
Man man,-26.282471,-95.678475,292,2022-12-03,Desert
Eat everyone,-50.001186,-99.269211,21292,2021-04-12,Freshwater
Administration lay,30.802309,-110.981244,13535,2022-04-17,Wetland
Along player,-85.931438,111.975553,80300,2023-07-09,Desert
Success feeling,79.110323,-141.401847,36694,2025-07-14,Desert
Left share,22.179193,121.201475,24349,2017-06-17,Urban
Party open,-88.662981,-129.861372,56323,2023-12-26,Marine
Above follow,83.997967,-140.574648,59184,2026-02-17,Forest
At right,47.597782,-171.382058,88599,2020-02-17,Grassland
Election keep,33.205097,-145.324246,17816,2017-06-08,Freshwater
History little,-73.557463,138.554882,20063,2018-02-23,Forest
Teach yet,-41.15179,130.927444,88133,2019-05-25,Wetland
Who focus,-75.942181,-92.57309,69632,2021-11-10,Wetland
Lot message,70.847986,-73.92964,92885,2019-03-10,Urban
Sell news,42.146437,-46.364131,32152,2025-07-25,Desert
Experience nature,-35.739988,-38.242333,2152,2021-08-30,Grassland
Culture international,-10.818619,18.134254,27043,2026-01-30,Marine
Least believe,-45.017793,96.258797,26795,2020-02-18,Grassland
Range economy,31.833717,-164.940839,14509,2017-05-31,Marine
Stuff process,87.363685,-88.221521,7160,2018-03-31,Freshwater
Interview ago,-42.541272,-109.051316,89978,2021-10-22,Desert
Or Democrat,86.267944,167.233767,49617,2021-11-17,Wetland
Rich agreement,-8.844801,-49.192741,10920,2018-10-21,Grassland
Nearly grow,-83.894421,20.616059,33829,2022-04-19,Urban
Prevent hotel,22.779251,29.23841,61790,2024-07-31,Marine
Opportunity clearly,-12.911807,138.647617,52064,2025-12-23,Desert
Give prevent,-27.230188,177.955589,2349,2017-02-15,Marine
Wife where,-70.361499,-178.110189,46251,2026-05-16,Desert
Painting dark,40.318963,90.192752,62200,2024-04-27,Forest
Address development,-20.350268,-83.999162,68391,2024-08-22,Urban
Form ready,-17.097275,120.099767,86053,2016-08-30,Wetland
Impact paper,55.229726,-22.883432,79799,2017-02-18,Desert
Experience than,-41.673221,132.174857,71722,2019-01-04,Urban
Age station,-23.599016,72.934858,49480,2024-05-15,Wetland
Person available,55.967132,169.040712,42173,2023-07-16,Marine
Society campaign,85.065259,122.284508,53253,2021-06-09,Wetland
Increase get,6.352537,135.581635,10087,2025-10-31,Grassland
Current service,43.960773,-138.403198,57306,2016-12-03,Freshwater
Dinner community,-25.058877,-176.463065,25968,2017-06-14,Forest
Rock final,-25.72968,82.315898,82354,2025-05-01,Tundra
Owner nation,-53.447712,-77.208243,22547,2021-09-21,Desert
Either weight,-59.326492,-172.183552,4730,2024-05-02,Tundra
Price opportunity,37.6914,110.597199,84954,2023-10-13,Marine
Bill training,-34.356376,-45.010038,28365,2023-04-29,Forest
Alone painting,-65.341004,17.904782,27982,2017-11-22,Freshwater
Store example,50.477808,-140.98737,12683,2017-06-07,Wetland
Statement break,41.791011,38.980824,39365,2019-05-09,Marine
Education discussion,36.064014,141.063914,17311,2026-01-13,Forest
Apply move,39.490235,-101.897911,7106,2022-12-07,Forest
White participant,5.157121,-29.763347,74083,2023-09-10,Wetland
Near either,-66.917532,-62.206637,78324,2026-05-11,Marine
President bank,-14.748156,-100.012174,30002,2019-06-17,Desert
Call seem,60.937237,176.744146,607,2019-08-02,Forest
Student job,-33.48216,-108.15945,44912,2025-01-25,Freshwater
Traditional meet,-12.883756,124.999972,72004,2017-04-23,Wetland
Morning police,12.819436,173.454774,23321,2019-11-18,Grassland
Moment give,15.209375,-18.517598,49411,2023-08-03,Wetland
Research approach,46.138766,-53.522495,19413,2023-01-17,Urban
Treatment test,62.778807,158.723211,63636,2022-03-25,Wetland
Without describe,-58.379377,-128.851594,2365,2026-06-08,Tundra
Run fill,-34.615551,-18.650148,65984,2026-04-02,Marine
Future story,1.051284,120.823208,59085,2019-03-09,Grassland
Ahead friend,-28.006533,-100.255807,53750,2024-03-12,Urban
Report mean,68.160444,-107.428772,66047,2025-07-27,Tundra
School sport,-24.924472,76.161034,21943,2018-12-06,Wetland
Last live,43.090534,3.833511,41306,2017-12-03,Wetland
Daughter move,61.990795,131.686233,93844,2020-07-03,Freshwater
His sing,-76.49006,-26.345681,54471,2018-10-15,Grassland
Wife management,18.470776,23.755527,83640,2026-07-08,Desert
Happy thank,-71.848659,-136.998723,66262,2025-10-14,Grassland
Space baby,43.691629,43.6536,91461,2022-07-17,Desert
Smile finally,22.620671,-54.851813,36469,2020-08-06,Marine
Son style,-13.891189,98.686998,64894,2026-03-04,Desert
Enjoy coach,-47.432818,27.776692,11819,2020-09-27,Grassland
Policy debate,23.203496,-32.334155,40965,2022-09-06,Wetland
Because coach,-5.497766,161.249829,89951,2019-12-21,Forest
Old grow,-87.036004,103.883713,4037,2020-03-01,Tundra
This recently,-73.637276,52.637926,5043,2024-10-21,Tundra
Indeed us,-5.517636,67.117874,60086,2022-03-15,Freshwater
Benefit billion,79.725605,-111.28047,19294,2019-06-25,Desert
Story minute,-30.979287,9.462231,71405,2018-02-07,Marine
Front suggest,81.159618,35.016802,29219,2023-09-03,Wetland
American cup,-10.396949,-175.837884,23686,2026-01-22,Wetland
Forget cultural,-41.764508,38.58745,69941,2016-10-16,Grassland
Deep rate,85.190175,144.979072,74529,2021-01-28,Wetland
Hope community,-71.2736,-18.79719,39269,2017-04-12,Marine
Crime mission,-50.727604,-82.797676,74256,2019-06-21,Freshwater
Her strong,51.210179,22.482671,90663,2025-11-03,Wetland
Star source,-75.717773,-119.289381,32940,2026-05-10,Freshwater
Always large,87.590171,176.608397,46266,2026-01-08,Grassland
Difference able,60.849726,-117.611105,71275,2023-11-24,Grassland
Often board,49.396274,-91.853188,51482,2026-01-18,Tundra
Notice because,83.907074,133.529541,94748,2022-05-21,Tundra
Appear career,-87.231443,10.696981,87559,2021-03-01,Grassland
Feel without,-31.398699,-117.097072,53930,2018-10-26,Grassland
Hundred shoulder,-48.764394,114.555244,83597,2020-11-23,Marine
Compare evening,61.476057,-54.925445,35585,2016-11-22,Urban
Tend doctor,-78.049435,58.277234,24366,2017-12-19,Forest
Society list,-17.690712,-21.503977,38113,2020-05-27,Tundra
Make light,74.211479,63.454746,92415,2017-10-04,Desert
Interest have,-39.3692,5.901576,4384,2026-07-05,Tundra
Ability phone,-27.611485,168.208343,25530,2021-08-03,Desert
Network defense,74.513999,-61.232006,88371,2025-12-30,Tundra
Number long,-38.271577,172.031272,44655,2021-09-19,Urban
Oil drug,26.283796,-6.643533,44043,2023-08-12,Tundra
Drive forget,-9.308949,-107.584364,38317,2021-10-05,Marine
Follow government,-70.924964,142.223536,30765,2018-10-30,Urban
Sound work,-79.635063,63.794758,56380,2021-02-28,Desert
Reason free,-48.97084,-149.629389,93538,2026-05-06,Grassland
A away,19.963607,-75.816385,65804,2022-08-18,Wetland
Western involve,88.930807,-164.984649,156,2020-11-18,Urban
Civil well,81.785905,101.083557,74181,2020-03-08,Urban
Blue expect,-20.236439,-62.55061,49831,2025-06-30,Forest
Better wife,86.074567,-135.957396,94648,2025-11-29,Urban
Mouth wish,-0.742168,-8.9436,34750,2021-04-17,Forest
Character table,-0.820799,-25.696401,74945,2025-05-18,Marine
Million really,-22.891465,154.888732,56275,2025-09-18,Freshwater
Want sense,-28.725392,-29.30634,72369,2020-10-06,Forest
Direction toward,-0.741007,136.427034,75284,2023-01-10,Grassland
Class wide,28.66151,45.276087,81479,2016-09-27,Tundra
Number deal,-54.935911,15.471802,77677,2021-04-19,Desert
Despite discuss,87.873669,143.099403,86237,2020-06-10,Freshwater
Miss international,-79.500403,-113.762899,82596,2016-11-20,Freshwater
Down really,-47.206736,74.617614,49274,2023-03-20,Wetland
Sort attack,-57.800052,107.494918,53230,2017-01-06,Wetland
Become big,-60.157911,-179.35192,64441,2020-09-29,Freshwater
Ask term,54.88998,59.243919,79199,2025-04-10,Marine
Year soldier,34.330643,111.496442,85083,2026-02-13,Forest
Resource dinner,50.568196,-170.450818,59136,2020-01-29,Forest
Attack mission,76.555651,-65.173906,73888,2022-04-28,Urban
Senior thought,-19.405902,-33.853547,33838,2019-11-06,Grassland
Provide matter,-15.259975,-157.814364,42862,2020-03-14,Freshwater
Become remain,-34.135423,171.810312,3100,2022-06-26,Wetland
Our summer,51.636846,137.914164,78805,2026-02-16,Desert
Pressure write,-35.286402,138.339094,70948,2024-07-31,Wetland
True when,-0.63665,174.040357,60170,2021-12-13,Freshwater
Couple center,-13.835134,-51.954911,29097,2019-10-06,Forest
Section herself,-11.808544,-149.150317,11531,2025-01-14,Wetland
Case agency,65.108615,-104.53319,34312,2017-04-25,Grassland
Community everybody,16.881601,148.181428,60927,2022-04-26,Tundra
Standard month,-71.47475,51.680723,96247,2024-07-29,Forest
Study appear,6.172737,157.40379,46485,2022-09-06,Desert
Little you,7.872245,-176.185602,20000,2025-06-01,Forest
Usually stuff,70.961464,-120.089511,67758,2024-11-24,Desert
Be fast,-46.338958,30.840656,25860,2019-10-26,Tundra
Shoulder now,4.287102,38.046892,16600,2024-04-28,Urban
Eye do,77.116522,125.993645,47992,2021-02-20,Grassland
Thousand sea,81.066393,1.941116,89398,2019-09-01,Desert
Century where,-79.680977,-144.93443,49609,2019-02-10,Wetland
Change compare,43.686361,-143.530985,30627,2025-01-28,Wetland
Same now,-40.083001,-42.809963,35549,2025-06-12,Marine
Including stage,-48.814988,-144.824658,25486,2016-12-14,Desert
Fish compare,-73.998795,-1.362554,11903,2023-11-06,Marine
Defense play,11.169981,97.345198,34226,2024-10-22,Wetland
Shoulder about,-41.246625,-57.76279,49972,2019-12-02,Urban
Yet show,10.77585,160.848983,33423,2019-05-20,Marine
Serve material,-75.771635,-17.471755,32914,2019-06-08,Tundra
Strong feel,-18.823714,-1.447353,51081,2022-06-28,Urban
To defense,86.217899,-57.635732,56555,2021-11-08,Freshwater
Because rule,38.634545,170.314756,42133,2021-01-23,Tundra
Cover son,23.633946,156.885931,34402,2024-04-06,Grassland
Once food,59.39995,35.203647,61078,2021-01-01,Wetland
Capital book,36.240835,34.338318,45323,2024-04-23,Tundra
Interview on,-55.717457,57.868403,38393,2022-05-18,Wetland
Whose girl,25.169486,63.85047,924,2025-12-07,Tundra
Well my,-57.127773,-121.442618,52244,2025-06-29,Tundra
Game cover,-66.565944,-113.350044,17233,2017-12-05,Forest
Plant effort,-83.129019,100.864528,73348,2024-03-18,Desert
Development early,-80.213402,-119.862169,52138,2022-01-10,Wetland
Will trip,80.064438,160.577546,16998,2025-09-02,Wetland
Science throughout,-42.437066,-51.574415,75472,2019-02-20,Grassland
Event far,44.74388,22.983995,65645,2021-02-27,Desert
Late energy,-83.010394,30.509749,72575,2019-01-24,Freshwater
Should energy,-79.067171,-104.776516,3237,2021-03-31,Freshwater
Who series,-71.573179,125.358329,22004,2022-01-23,Desert
Floor music,-82.474244,-107.062374,4003,2022-03-22,Forest
Require hospital,-84.462552,-45.587221,48535,2025-07-29,Desert
Return throughout,-76.359449,-114.88981,39853,2023-01-31,Marine
Newspaper drop,-59.151622,157.423801,82158,2023-02-27,Forest
Deal future,60.67416,114.123145,44123,2021-01-23,Forest
Action science,64.67206,3.235898,19121,2023-07-20,Forest
Follow movement,7.13038,-79.737849,64688,2018-10-14,Wetland
Religious low,44.287539,33.777246,94502,2024-07-21,Wetland
Husband serious,30.738359,-110.33765,38101,2026-06-20,Tundra
Green page,28.117633,4.864791,73742,2023-01-10,Marine
Start wish,83.661298,-157.442475,58765,2021-08-23,Urban
Wrong first,-37.554299,133.251989,29667,2021-09-19,Desert
Good work,-85.415813,143.653457,82838,2018-10-29,Marine
Believe whom,73.207275,-70.784678,59196,2018-10-22,Tundra
Way occur,-22.741431,-99.270255,19146,2020-01-22,Tundra
Dog at,47.200894,72.440784,43440,2026-06-20,Marine
Instead case,32.759289,-125.012289,25273,2021-03-27,Tundra
Actually tough,83.880486,86.310439,49333,2023-07-14,Tundra
Hand item,5.043897,-11.10686,10466,2021-08-21,Freshwater
Front than,86.719811,175.199185,84740,2021-04-07,Marine
Story include,76.472751,-126.256208,12558,2020-12-27,Urban
Campaign crime,-59.998089,89.666559,10402,2017-12-25,Wetland
Degree model,61.875754,132.806819,43296,2025-09-01,Tundra
Garden door,-57.94536,6.249102,6209,2023-11-29,Grassland
Mrs under,52.491064,-158.136109,68941,2017-02-07,Urban
Nor wall,17.473494,171.572578,23671,2025-02-10,Tundra
Produce care,-25.922128,127.096227,52249,2017-03-07,Desert
Feeling standard,24.921688,-97.962558,36062,2019-02-19,Urban
Citizen whose,52.286789,-96.119621,11119,2021-11-20,Urban
Network sort,-88.904553,72.597029,8515,2020-12-05,Urban
Break effort,-88.871638,13.731649,29575,2025-06-15,Grassland
Shake price,21.972856,-81.047752,6944,2020-02-01,Tundra
Test call,45.649212,-81.872864,51362,2020-03-05,Marine
Star create,-31.675138,-154.965812,91880,2025-12-31,Freshwater
Party game,11.242115,73.169735,90692,2025-06-06,Urban
Beat scene,-9.136324,46.127927,867,2024-06-22,Wetland
Difference tough,76.429119,112.499726,9916,2018-06-05,Grassland
Age coach,74.532036,-8.166099,95653,2016-09-01,Wetland
Administration avoid,-59.739066,-48.141535,14016,2025-03-13,Marine
Cover hair,-10.600335,130.538683,21768,2024-08-26,Marine
Turn hair,-16.041455,169.046243,42273,2021-01-02,Wetland
Girl food,-72.226916,-40.944852,66954,2021-03-01,Urban
Use education,-49.97962,76.474945,45259,2019-12-19,Marine
Woman fact,54.308872,47.919785,47656,2024-05-29,Marine
Particular fund,-33.673795,-127.292869,40643,2024-11-02,Marine
Possible control,-87.374006,-34.210694,53463,2019-06-07,Freshwater
Whose home,-54.439695,-122.381664,37223,2019-09-19,Grassland
Agreement marriage,-58.735046,-11.53659,72744,2019-03-11,Wetland
Score alone,34.602623,84.507611,24500,2019-06-24,Freshwater
Defense since,74.834099,126.34083,81267,2023-01-20,Marine
Seven detail,50.756088,82.393264,18734,2024-08-14,Forest
These someone,23.21688,-33.723485,56503,2017-03-02,Wetland
Analysis true,34.491988,-7.064054,17296,2020-06-27,Grassland
Education common,19.737178,-128.701352,49410,2024-08-27,Tundra
South gun,-75.223846,-104.159585,81247,2017-07-03,Marine
Data case,-26.864621,-161.567276,78612,2020-04-23,Freshwater
Could what,62.334068,-172.826326,55977,2020-11-12,Marine
A physical,74.144972,103.701142,42607,2025-02-07,Wetland
City message,24.205427,-57.549763,820,2026-03-11,Forest
Score give,-44.347067,110.948685,39853,2022-04-14,Desert
Partner wear,74.485585,-81.858945,32821,2025-11-17,Marine
Guy community,21.114488,-51.518157,21159,2023-11-28,Tundra
Fill land,78.787559,-141.619574,44203,2022-12-24,Grassland
Leg significant,69.107849,-0.650682,89392,2021-11-17,Urban
Article thought,31.675074,93.883958,17776,2021-05-19,Wetland
Risk hospital,-58.940047,-96.475173,58590,2026-06-29,Wetland
Raise protect,-77.474807,-4.82561,52115,2019-10-18,Marine
Respond scene,56.695418,-166.846653,8822,2023-09-12,Tundra
Religious study,73.223914,-140.417925,94631,2018-09-26,Freshwater
Loss surface,47.699821,158.186983,84772,2021-11-09,Urban
Her good,48.909183,149.795386,86933,2016-07-26,Wetland
Character region,30.286961,-163.032269,40852,2025-07-16,Grassland
Seat doctor,27.947195,-133.90416,8852,2019-03-19,Marine
Ability world,-58.251147,-105.174844,16600,2020-11-23,Forest
Season develop,-14.315778,-46.007645,98343,2024-08-08,Grassland
Lay bank,-24.62556,-159.919367,97736,2023-08-08,Freshwater
Seem must,-15.944556,14.634862,25055,2019-04-18,Freshwater
National after,14.119007,30.99868,18564,2022-06-29,Marine
Control girl,58.616179,72.893275,46894,2024-09-28,Urban
Check brother,9.82366,163.597782,55029,2018-07-15,Marine
Address involve,71.211594,138.054066,55768,2018-05-21,Wetland
Garden form,-58.849691,-33.319401,63230,2023-06-13,Wetland
Appear table,36.134175,-55.381788,68917,2019-12-10,Desert
Including candidate,25.903503,163.482651,46930,2019-11-11,Urban
Center near,-74.433075,150.733875,55840,2019-11-02,Tundra
Artist result,-77.295392,-45.186851,53598,2024-04-14,Marine
Television center,23.304399,-91.209475,14304,2018-12-15,Desert
As maintain,26.39239,103.986828,73911,2017-08-14,Desert
Instead there,-49.72872,-29.358241,10815,2017-09-05,Tundra
History week,33.181003,138.177208,49207,2017-02-14,Marine
Democrat according,-26.258939,-127.927582,30264,2021-10-23,Tundra
Better lot,62.704536,159.795416,42846,2018-12-22,Tundra
Go could,69.165135,76.405622,46416,2025-10-26,Tundra
Show clearly,70.079732,153.663767,12646,2017-11-08,Forest
Measure whom,61.207028,-85.925377,32767,2021-07-01,Desert
Risk feel,63.458172,123.441478,5503,2020-10-06,Forest
Task these,-72.431049,26.971915,12286,2016-12-26,Freshwater
Great organization,-71.189405,-127.510279,69211,2025-12-03,Forest
Baby wish,-54.197454,68.680914,67749,2025-10-02,Marine
Over building,-65.929059,138.930729,66886,2021-05-12,Grassland
My skill,53.858496,145.832324,7731,2023-09-19,Desert
Level person,67.196777,51.671113,9059,2019-11-23,Tundra
Voice western,63.800844,-158.153649,67659,2025-02-01,Desert
Mention hear,-34.796191,155.789114,29619,2020-02-17,Freshwater
Career for,-85.234314,-142.758148,73435,2021-01-16,Desert
Without top,-37.487601,106.660957,82778,2023-12-23,Marine
You go,-87.298662,-149.36209,68848,2016-09-03,Urban
Actually item,62.349846,-170.446459,41288,2017-12-12,Freshwater
Western feeling,29.459316,54.348206,40054,2023-05-08,Desert
Wait wonder,-40.991229,-132.655646,66118,2021-01-16,Tundra
Factor serious,-65.063613,-32.306197,86639,2020-03-29,Grassland
Travel movement,-84.417485,172.957737,93864,2021-12-14,Urban
Case central,78.35281,-158.609731,61474,2025-02-02,Forest
Father paper,57.633816,126.500171,18888,2022-11-29,Urban
Contain high,81.883233,31.667683,87424,2022-04-02,Freshwater
Serious can,20.557792,-24.591628,87150,2024-09-04,Wetland
Training service,34.405685,-50.456826,63561,2026-04-10,Desert
Plant positive,74.093123,-36.418699,23341,2022-01-02,Tundra
Break college,6.299454,-152.873729,57321,2025-08-24,Marine
One there,-75.109384,-140.906763,66908,2024-01-19,Grassland
Mean wait,-9.665168,167.843225,27066,2026-04-22,Tundra
Situation discussion,-52.617328,-61.988902,553,2022-02-18,Urban
Senior news,-43.489012,120.404866,82216,2020-06-12,Forest
Executive some,-68.126663,83.210437,88893,2024-06-25,Marine
Concern certainly,-24.13769,139.259551,73907,2024-03-17,Freshwater
Standard something,59.078006,-125.481121,12694,2023-05-09,Urban
Culture thing,-75.697481,-25.287772,18804,2017-03-14,Wetland
Part off,-55.308204,-0.583008,32215,2026-06-30,Desert
Age visit,-78.611669,77.720677,60473,2024-02-06,Forest
Think health,-78.989163,-112.616161,33998,2022-02-28,Desert
Should put,48.209164,59.017555,14364,2025-06-07,Urban
North prove,-64.03154,114.960146,49090,2025-01-15,Marine
Edge game,75.672573,85.629684,86586,2025-04-17,Tundra
Year three,22.425983,43.594443,49425,2026-06-24,Marine
High ten,77.837093,47.932979,87271,2021-02-26,Grassland
Yard decade,24.205357,129.912283,98335,2021-06-01,Marine
Never help,-44.676347,153.993556,38071,2019-10-17,Desert
Administration simple,-45.036003,92.487767,44720,2019-11-06,Wetland
Room guy,-6.008996,-9.405048,7698,2017-05-01,Tundra
Per others,-70.110523,111.983763,15475,2017-07-16,Desert
Direction short,48.359451,98.96156,21069,2025-07-24,Desert
Own exist,-53.675593,-132.856691,44652,2021-05-30,Forest
Former statement,-35.563832,124.234172,10612,2017-06-04,Grassland
Truth image,-1.103152,-94.61831,37661,2017-01-22,Marine
Network plant,-42.202251,-127.469644,82255,2022-11-29,Wetland
Popular if,-36.726952,-72.463551,53565,2022-12-07,Grassland
Baby determine,62.644758,63.489547,10446,2019-07-09,Freshwater
Class resource,23.061206,55.440195,19755,2019-10-01,Grassland
Education serve,-68.40826,103.493127,43798,2025-12-07,Freshwater
Cost station,61.91394,-63.136064,66469,2017-03-28,Freshwater
Around specific,56.288778,30.558234,69092,2024-12-21,Desert
Voice nation,-26.313331,33.316464,69002,2022-08-07,Tundra
Better data,-52.560092,-106.315403,26064,2021-05-10,Grassland
Coach data,29.505913,-76.541019,51580,2018-04-03,Wetland
Source bring,-34.541324,-160.874699,3573,2024-01-13,Grassland
Center almost,-56.395602,-55.064307,40329,2025-09-19,Grassland
Here few,37.479671,34.997877,78524,2022-01-05,Urban
Suddenly then,45.804723,10.425923,84952,2017-01-15,Forest
Choose old,52.422768,-121.701854,28360,2025-06-14,Freshwater
Tough there,34.842074,-27.782106,86993,2021-01-13,Grassland
You huge,34.546851,-69.903987,50572,2019-08-11,Wetland
Maybe man,-62.782926,87.037785,82413,2026-06-17,Urban
Audience feel,52.696096,26.760167,27878,2021-12-03,Freshwater
Their ago,-65.842757,168.088762,64340,2019-01-02,Wetland
Play mention,-63.036766,-105.310434,55398,2019-05-05,Forest
I expect,48.771379,-164.614551,63013,2023-08-01,Forest
Who property,24.224792,-172.967784,97259,2017-11-07,Marine
Without remain,50.611872,-115.854556,5279,2018-10-22,Tundra
Game likely,-6.300228,129.582912,50820,2022-11-22,Freshwater
Hair course,-37.920084,38.524332,49138,2024-02-08,Urban
Form bring,-27.517805,176.530822,21093,2024-01-19,Tundra
Daughter training,0.302263,74.852603,23104,2023-06-23,Desert
Morning he,-26.012863,175.265306,1378,2022-03-24,Tundra
Growth site,-29.784755,-174.763473,30609,2023-02-12,Freshwater
Collection lay,15.23883,29.566123,97948,2023-09-23,Urban
North act,-47.616062,153.361167,77325,2021-09-01,Urban
Matter away,83.486961,130.635119,66556,2017-08-24,Grassland
Full population,66.990018,-111.074786,17303,2026-05-11,Freshwater
Free world,76.553906,-31.904273,14888,2023-05-22,Tundra
Enjoy set,-49.68178,-150.725953,50276,2020-05-15,Marine
Wide easy,-74.457794,10.988279,7945,2021-01-18,Freshwater
Technology certainly,-36.374848,-10.982352,87476,2020-03-03,Tundra
Already through,72.553919,167.134432,2663,2024-04-11,Marine
Effort much,54.545381,142.11859,8150,2024-07-16,Tundra
Life recently,39.955211,68.39472,9603,2019-10-02,Freshwater
Fear middle,62.846048,-73.612596,72309,2016-10-27,Forest
Something born,76.022528,-49.554738,40935,2025-01-03,Desert
Some north,22.100739,14.580818,51819,2024-08-30,Freshwater
Agency rule,-48.64089,-86.293371,15195,2021-04-09,Desert
Garden better,-56.657275,-73.40185,27192,2020-03-07,Urban
Simple some,-86.298083,57.375587,19012,2021-02-23,Grassland
For though,70.666966,65.37056,19402,2025-10-23,Freshwater
Sister assume,-89.547054,-60.723122,81140,2023-08-12,Urban
Poor radio,34.275284,100.523562,95266,2022-11-14,Marine
Interest ever,18.157308,169.361093,73121,2022-03-20,Tundra
Look whatever,24.004392,-28.08811,72843,2026-02-20,Grassland
Focus identify,57.329386,131.895619,36400,2023-06-04,Tundra
Through seem,-13.97391,53.469441,68161,2022-06-27,Wetland
Much growth,0.347682,-54.989378,23093,2016-09-30,Urban
Hard college,77.138047,161.817607,78831,2025-12-17,Desert
Game money,85.847994,123.861168,52107,2018-09-26,Tundra
Technology responsibility,-2.687837,-26.761016,81134,2018-09-04,Freshwater
Trip each,44.775,114.808359,32098,2021-01-02,Freshwater
Summer some,77.549699,-169.511277,18161,2020-01-15,Grassland
Southern within,57.753711,-32.053874,14620,2020-01-03,Grassland
Fire make,32.239106,56.909635,20054,2025-10-06,Desert
Truth always,24.310189,10.992627,3817,2019-08-08,Forest
Difference tend,-38.045097,-74.698243,90037,2018-11-27,Tundra
Type international,-62.178761,-7.353553,99548,2023-03-13,Marine
Evening specific,72.183873,113.520128,37103,2020-03-15,Grassland
Herself day,3.625021,146.521699,8936,2017-10-16,Tundra
Even personal,35.188831,100.925087,76395,2022-07-20,Urban
Water option,48.47434,-173.643696,80046,2023-11-15,Urban
Figure whatever,49.649173,120.319131,79147,2022-07-31,Wetland
Call contain,-28.021269,102.345525,7812,2022-02-19,Tundra
Article its,-73.117117,-6.14773,12913,2017-10-03,Wetland
Available cover,46.070582,62.200942,81575,2024-04-22,Grassland
Turn movement,-55.474017,-74.943724,1688,2020-02-16,Tundra
Value entire,70.739175,-170.845134,41174,2018-03-31,Forest
Sign card,59.313306,-89.790257,63498,2016-12-20,Freshwater
Nothing travel,-24.740509,-36.297473,20500,2018-07-18,Forest
Ten peace,50.236833,115.664775,22168,2023-02-14,Freshwater
Season author,8.727656,-53.992448,15479,2018-11-25,Wetland
Practice throughout,65.235306,110.849504,78130,2018-07-04,Forest
Company great,-79.015602,-131.852923,91293,2025-03-31,Freshwater
Conference guy,-17.758685,-42.77192,14840,2021-01-04,Tundra
Check clearly,72.062935,-24.881676,83322,2021-10-07,Forest
Single avoid,48.101862,-168.466085,40160,2017-11-26,Wetland
Late always,85.727072,117.885185,18893,2025-05-01,Marine
Political miss,6.2605,-109.543805,82020,2016-08-07,Freshwater
Yeah firm,19.232655,-94.273086,57087,2022-06-28,Forest
She investment,-64.719028,-82.63214,77879,2020-04-21,Wetland
Occur cut,-40.08682,-21.66747,6036,2024-03-04,Freshwater
Middle court,-34.138623,103.242486,64977,2020-03-19,Wetland
Election threat,-81.757525,-146.912677,1830,2018-07-14,Urban
Instead computer,-41.161412,164.503451,89868,2024-12-26,Urban
Join future,31.864276,81.331358,4960,2021-05-28,Grassland
Necessary blue,52.26068,6.952206,5127,2022-04-16,Desert
Education clearly,-44.784577,44.480985,99465,2022-02-26,Marine
Cost family,-41.936906,41.369323,57453,2021-11-15,Marine
Recently food,66.510168,166.685205,3615,2022-05-27,Wetland
Decide his,-66.143759,-76.192403,34194,2024-12-12,Grassland
Back state,41.153747,13.500003,6360,2019-05-03,Marine
Second himself,46.369159,-172.528869,57629,2019-08-26,Forest
Wind follow,66.793535,21.379753,43675,2024-01-20,Desert
Door turn,55.802455,22.442608,4230,2022-03-16,Marine
Memory open,63.48166,19.678567,70539,2018-11-02,Tundra
Line describe,23.566344,46.14873,1498,2022-07-17,Desert
Live huge,86.5069,-40.718374,42888,2021-10-28,Forest
Point fact,59.928725,91.05558,11249,2026-03-18,Grassland
Investment nature,6.477297,142.2616,28532,2025-06-27,Grassland
Idea throughout,16.437674,173.551878,402,2022-01-30,Tundra
Kind kind,7.387176,151.507245,72103,2021-07-31,Grassland
Can meeting,77.372614,-96.371744,79864,2019-08-31,Grassland
Chance government,38.507025,161.217213,15690,2024-04-08,Desert
Say administration,-9.708341,-24.682063,26558,2024-02-23,Desert
Agreement door,5.698273,7.675462,16858,2024-02-06,Urban
Road home,-62.219873,33.435026,77901,2023-04-28,Tundra
Could none,42.616327,-23.027837,70898,2019-02-06,Urban
Scientist per,-87.780846,71.341316,62273,2018-07-31,Desert
Wrong else,28.209827,-32.020602,9510,2017-08-01,Forest
Partner above,-15.945568,-152.297659,40684,2024-08-19,Grassland
Employee heavy,48.109519,-166.912704,66686,2022-08-31,Forest
Machine option,-50.310847,110.032703,74950,2018-01-03,Wetland
Old rest,-61.483522,122.099569,3120,2024-04-03,Freshwater
A may,-18.674307,83.32962,38544,2017-07-17,Desert
Gun doctor,-35.876694,73.93195,99141,2024-04-21,Freshwater
Team large,-70.766707,-12.79518,46801,2020-09-01,Grassland
My explain,-22.122443,-64.629856,53315,2019-01-20,Marine
Without nature,57.288927,-170.424845,37248,2020-03-11,Wetland
Try spring,81.738674,-33.323666,76457,2026-01-15,Freshwater
So experience,-65.095104,-136.076378,34906,2023-12-05,Urban
Responsibility sense,67.125724,151.159814,51711,2020-07-07,Marine
Indeed prove,-23.522775,74.814724,5333,2016-09-18,Desert
Store answer,-59.088645,-100.46628,66107,2023-07-14,Marine
Interview organization,-46.019976,-26.389408,71414,2021-12-10,Tundra
Suggest movie,-16.907657,-118.563541,27631,2025-03-05,Grassland
Cup growth,43.68725,60.730172,30615,2025-04-08,Freshwater
Four campaign,2.38795,-4.269712,48715,2025-03-16,Grassland
Which subject,-84.573301,-24.549186,37150,2021-10-07,Freshwater
Vote police,-68.274371,-43.8024,10612,2021-03-24,Forest
Couple behind,68.507586,-61.067357,95464,2026-06-01,Marine
Party product,-17.702341,-143.381657,64008,2025-07-07,Urban
Follow others,43.152664,-11.895658,79815,2019-08-13,Desert
Pattern high,49.56471,137.587317,77298,2025-09-01,Wetland
High staff,-34.791534,67.184596,73890,2020-08-11,Urban
Various full,7.140406,-163.389318,17528,2025-09-09,Grassland
Reduce hotel,89.916075,2.125146,25321,2024-05-15,Grassland
Actually truth,-59.637091,63.14553,80563,2020-11-12,Desert
Major book,-72.495658,148.755401,61563,2023-08-15,Desert
Last enter,81.313412,137.317923,81807,2020-04-07,Grassland
Feel central,75.106687,13.17661,96281,2023-11-25,Wetland
Task watch,67.067694,-39.785139,30470,2018-06-27,Grassland
With notice,-54.796142,72.35886,73281,2016-07-29,Marine
