sample_id,chromosome,position,ref_allele,alt_allele,gene,quality
SMP_7371,chr10,8838027,A,T,BRCA2,21.5
SMP_3026,chr12,171651298,C,T,TNF,93.26
SMP_2299,chr2,155772259,G,A,EGFR,40.65
SMP_2128,chrX,234883609,C,T,MTHFR,93.69
SMP_9470,chr12,206470420,G,C,TP53,98.28
SMP_1775,chr8,28490040,A,T,IL6,48.46
SMP_9495,chr19,157227845,G,T,TNF,50.47
SMP_8323,chr14,174855403,C,G,MTHFR,56.66
SMP_1037,chr16,217083206,T,C,EGFR,62.91
SMP_8682,chr13,199134014,A,C,IL6,62.19
SMP_8383,chr18,87347913,T,A,VEGFA,66.48
SMP_8398,chr5,64326822,T,G,MYC,92.61
SMP_8829,chr13,49376968,A,G,MYC,65.14
SMP_6311,chrY,38858089,A,G,EGFR,59.85
SMP_6594,chr3,33880907,A,G,MYC,55.17
SMP_7551,chr8,194661866,C,G,EGFR,28.46
SMP_2627,chr19,240967367,C,T,MYC,44.38
SMP_4125,chrY,39445209,G,C,APOE,93.24
SMP_4523,chr22,188999469,A,G,TP53,75.04
SMP_4460,chr12,143412240,A,C,BRCA2,98.37
SMP_7905,chr22,159254607,C,G,TNF,67.92
SMP_7791,chr7,247170433,A,T,BRCA1,96.07
SMP_3521,chr20,4674969,A,G,MYC,86.64
SMP_3754,chr4,87586589,A,G,BRCA2,82.75
SMP_8730,chr6,77322471,A,T,MYC,47.67
SMP_9143,chr20,180369989,G,T,TP53,86.28
SMP_7315,chr10,148057756,G,T,BRCA1,43.19
SMP_3679,chr16,232228200,A,T,BRCA2,37.84
SMP_5460,chr9,149772267,C,G,APOE,90.88
SMP_4807,chr18,166094368,C,G,IL6,24.76
SMP_8597,chrY,232985415,A,T,EGFR,33.41
SMP_2472,chr11,57650203,G,T,VEGFA,47.86
SMP_2045,chr2,72299723,C,G,EGFR,62.89
SMP_3954,chr14,158834651,A,T,IL6,64.31
SMP_8947,chr4,156670884,C,G,EGFR,71.03
SMP_7508,chr9,241558695,A,C,MTHFR,62.35
SMP_9723,chr3,27901018,G,A,TP53,95.11
SMP_7075,chr17,70263842,G,A,APOE,68.07
SMP_3221,chr16,69909486,C,T,IL6,34.01
SMP_6816,chr2,68859964,G,T,VEGFA,86.69
SMP_3243,chr19,238525297,C,A,IL6,90.58
SMP_2842,chr15,94230140,T,C,BRCA1,91.9
SMP_3878,chr19,183979731,G,C,BRCA2,36.77
SMP_8591,chr19,95819226,C,G,EGFR,90.51
SMP_7913,chr5,207208079,T,C,MTHFR,56.55
SMP_1138,chr11,174714700,C,G,TNF,82.22
SMP_9357,chr22,107771613,C,G,MTHFR,28.97
SMP_2208,chr16,47453477,A,T,EGFR,49.43
SMP_1513,chr16,129435232,T,G,IL6,68.76
SMP_4987,chr5,174300967,G,A,MYC,76.69
SMP_5249,chr20,134625895,C,T,MTHFR,85.8
SMP_6547,chr1,175176238,C,A,IL6,52.68
SMP_6391,chr2,242653444,G,C,TP53,63.84
SMP_6265,chr10,28773446,C,G,APOE,66.0
SMP_5057,chr11,124920383,C,T,EGFR,58.06
SMP_2948,chr6,142603374,T,A,EGFR,98.96
SMP_7087,chr14,158048543,G,C,VEGFA,43.05
SMP_5612,chr10,49650455,G,A,BRCA2,87.65
SMP_6890,chr17,64825319,G,A,VEGFA,51.81
SMP_3772,chr6,246305517,G,A,EGFR,26.66
SMP_7608,chr1,161311507,C,T,TNF,21.21
SMP_8158,chr19,121336502,T,C,VEGFA,94.54
SMP_4319,chr6,246747174,G,T,EGFR,60.12
SMP_3149,chr12,30403286,G,C,MYC,56.47
SMP_8855,chr12,14272274,G,A,IL6,60.3
SMP_4125,chr22,103296481,C,T,BRCA1,93.87
SMP_1651,chr14,178149146,A,G,IL6,74.58
SMP_2777,chr10,205317381,A,T,BRCA2,76.43
SMP_4635,chr21,132576804,A,T,TNF,86.39
SMP_8461,chr18,195318171,G,T,MYC,64.64
SMP_6426,chr12,206504326,A,C,TP53,40.91
SMP_8868,chr4,152642032,G,A,APOE,38.91
SMP_3216,chr6,71185702,G,A,APOE,67.72
SMP_2189,chr10,128855597,G,T,IL6,93.27
SMP_7020,chr17,198980971,T,C,EGFR,37.38
SMP_8330,chr5,223321918,C,T,MTHFR,35.01
SMP_9361,chr1,64758679,G,A,VEGFA,86.15
SMP_7064,chr11,90048493,G,C,EGFR,36.81
SMP_5668,chr20,215827948,C,A,MYC,69.73
SMP_9256,chr19,26177498,C,A,VEGFA,38.67
SMP_1656,chr15,104474830,C,T,VEGFA,24.32
SMP_4374,chr10,45054638,C,G,MYC,53.02
SMP_5418,chr7,207962018,A,C,TNF,41.37
SMP_3364,chr12,240635161,C,A,MYC,72.6
SMP_9945,chr15,149423131,C,G,BRCA1,23.92
SMP_4195,chr9,148053963,G,T,APOE,44.28
SMP_1551,chr9,226020534,T,C,MTHFR,97.2
SMP_8321,chr9,59769399,G,C,IL6,64.8
SMP_9569,chr20,140781584,A,C,APOE,79.68
SMP_8811,chr22,5295837,G,A,BRCA1,87.19
SMP_7618,chr12,210517969,T,G,TNF,98.0
SMP_2041,chr4,226455931,A,G,BRCA2,78.51
SMP_3491,chr20,132814113,A,C,MTHFR,48.74
SMP_8784,chr16,215691610,C,T,EGFR,30.47
SMP_4936,chr14,4353742,G,T,MYC,59.02
SMP_1466,chr21,167485729,C,T,MYC,25.58
SMP_1537,chr9,210890610,T,C,APOE,41.83
SMP_4267,chr16,127754331,C,T,TNF,41.21
SMP_9177,chr13,71555793,A,T,EGFR,46.85
SMP_5096,chr14,108998765,G,A,BRCA1,53.93
SMP_8647,chr5,234368523,G,C,BRCA2,92.83
SMP_9159,chr17,169453253,A,C,EGFR,40.58
SMP_6118,chr22,201079464,G,A,VEGFA,34.47
SMP_3727,chr7,117603687,T,G,VEGFA,52.35
SMP_1915,chrY,2179099,G,A,EGFR,25.26
SMP_7693,chr1,103109789,T,G,VEGFA,62.98
SMP_6642,chr18,92821165,G,C,APOE,93.3
SMP_4680,chrY,78398773,G,A,EGFR,61.2
SMP_6658,chr16,50512462,G,T,TP53,49.26
SMP_4281,chr11,104332813,C,G,APOE,76.43
SMP_3405,chr10,181144757,G,T,APOE,64.98
SMP_1737,chr13,71397005,C,G,MYC,44.0
SMP_8941,chr9,193493561,G,A,BRCA2,69.61
SMP_3928,chr16,41471625,C,A,IL6,97.85
SMP_8745,chr9,120590131,T,G,TNF,88.89
SMP_1142,chr5,242944249,T,A,IL6,40.78
SMP_7259,chr4,54170194,C,G,VEGFA,28.98
SMP_5079,chr11,49709930,G,C,EGFR,38.57
SMP_8623,chr10,213502960,T,G,MTHFR,79.53
SMP_7963,chr19,232804638,A,T,APOE,61.44
SMP_6221,chr5,5836435,G,C,BRCA1,36.86
SMP_8371,chr12,170161724,T,G,EGFR,91.22
SMP_5703,chr8,246752054,T,G,MTHFR,50.86
SMP_4734,chr13,15814258,T,A,MYC,64.15
SMP_9733,chr2,234386226,A,C,EGFR,73.28
SMP_6487,chr21,135974849,G,T,TP53,78.93
SMP_5312,chr8,162793177,G,C,EGFR,92.53
SMP_8321,chr8,245813013,A,T,IL6,32.38
SMP_9547,chr22,238910935,C,G,BRCA2,62.96
SMP_1509,chr1,107316618,T,C,MYC,81.65
SMP_4409,chr12,646045,T,C,TNF,80.16
SMP_4639,chr22,48786736,T,A,BRCA1,76.96
SMP_9189,chr8,13329252,A,G,VEGFA,37.44
SMP_2169,chr21,101468600,T,C,APOE,66.59
SMP_6823,chr9,384632,A,T,APOE,63.16
SMP_8484,chr6,241831751,A,T,VEGFA,76.49
SMP_6023,chr20,95888006,G,A,TNF,63.07
SMP_2535,chr12,51365161,G,A,APOE,97.04
SMP_3531,chr8,88792316,T,A,TNF,61.69
SMP_5811,chr21,145477396,C,G,TNF,98.48
SMP_1430,chr6,82434195,T,A,TNF,69.38
SMP_6416,chr22,108415970,C,T,APOE,27.8
SMP_9461,chr7,116734874,T,C,IL6,54.77
SMP_7709,chr17,179574576,T,A,TNF,77.16
SMP_4192,chr7,109823482,G,C,BRCA1,58.23
SMP_5950,chr2,149964779,G,C,TNF,74.01
SMP_1882,chr3,187947405,G,T,BRCA1,72.46
SMP_3924,chr19,220261205,A,G,BRCA2,76.9
SMP_7246,chr9,150471509,G,T,VEGFA,92.86
SMP_8321,chr17,37022605,C,T,VEGFA,22.18
SMP_6456,chr19,87328400,C,G,MYC,72.68
SMP_2590,chr18,89617629,T,G,TP53,64.48
SMP_4961,chr19,9247302,T,G,TNF,90.03
SMP_2244,chr13,170156394,C,T,BRCA1,88.75
SMP_7473,chr3,55036296,G,C,TNF,31.8
SMP_4985,chr2,111644623,C,A,APOE,66.6
SMP_3974,chr1,72201863,T,G,IL6,93.9
SMP_9276,chr16,218524386,T,C,APOE,35.14
SMP_2384,chr1,101542740,G,C,APOE,54.37
SMP_7929,chr11,39360221,T,G,EGFR,62.98
SMP_2491,chr4,151458384,T,G,IL6,86.52
SMP_8833,chr3,108794134,A,C,TP53,26.84
SMP_4666,chr8,126259969,C,T,VEGFA,36.96
SMP_8682,chr17,228249118,A,T,TP53,65.23
SMP_5693,chr16,44289752,G,A,VEGFA,76.36
SMP_9341,chr17,104837737,G,A,VEGFA,32.93
SMP_8393,chr1,11444723,G,C,EGFR,23.16
SMP_1393,chr2,213412445,T,C,TP53,23.94
SMP_3114,chr7,154756429,C,G,APOE,61.09
SMP_4964,chr20,171805853,A,G,TNF,70.11
SMP_1557,chr10,203170982,G,A,APOE,66.11
SMP_5404,chr18,49866205,C,G,MTHFR,92.99
SMP_5363,chr5,100931649,T,C,TP53,34.07
SMP_2344,chr1,164811845,G,C,APOE,20.98
SMP_2521,chr21,8415439,A,T,MYC,94.58
SMP_6416,chr18,54752382,C,G,MTHFR,21.95
SMP_1980,chr12,206167716,C,T,EGFR,58.9
SMP_9278,chr16,186542703,G,T,VEGFA,90.62
SMP_1227,chr5,200167858,G,A,MYC,35.92
SMP_6856,chr17,110651517,A,G,BRCA2,39.87
SMP_4207,chr9,224559796,C,G,VEGFA,73.6
SMP_9106,chr15,7479077,T,G,MYC,67.71
SMP_2126,chr11,64672992,G,C,BRCA1,80.53
SMP_4773,chr3,91199847,T,G,APOE,86.56
SMP_6024,chrY,36392929,C,G,BRCA1,32.42
SMP_9708,chr11,212360025,T,C,TP53,21.4
SMP_9399,chr12,129808593,G,T,TP53,88.82
SMP_2888,chr13,116397662,T,C,TNF,26.43
SMP_5443,chr11,35839529,A,G,IL6,61.75
SMP_3856,chr15,69127667,G,T,BRCA2,35.63
SMP_2600,chr21,4792855,T,G,MYC,37.33
SMP_2418,chr12,229436878,A,C,MTHFR,27.5
SMP_3019,chr2,201115862,A,G,APOE,30.49
SMP_7089,chr11,119478474,C,T,IL6,29.25
SMP_5747,chr21,24025949,A,T,TP53,94.48
SMP_2574,chr9,163287404,G,T,TP53,44.03
SMP_7857,chr10,47915112,G,C,BRCA1,58.77
SMP_5312,chr4,237882682,T,C,TNF,53.2
SMP_4448,chr3,226302750,G,A,BRCA2,53.3
SMP_4835,chr20,238333565,T,A,IL6,88.39
SMP_7071,chr8,101830519,C,A,BRCA1,65.19
SMP_5183,chr5,137007511,T,C,BRCA1,86.65
SMP_9769,chr18,37624612,G,T,BRCA1,79.57
SMP_8776,chr18,105102413,C,T,BRCA2,96.16
SMP_7364,chr14,37877488,C,A,BRCA2,52.66
SMP_9502,chr9,105482698,C,T,BRCA1,48.37
SMP_3956,chr3,72330227,C,A,TNF,81.22
SMP_2556,chr13,216305463,A,G,TP53,69.09
SMP_9988,chr8,202302977,A,G,TNF,35.56
SMP_3049,chr2,126321969,A,T,IL6,80.33
SMP_5659,chr12,144173118,A,C,BRCA1,54.14
SMP_8941,chr9,225103323,G,C,BRCA2,84.25
SMP_7305,chr5,55346656,G,A,EGFR,24.98
SMP_9812,chr20,158014571,T,G,TNF,54.44
SMP_3391,chr11,4387209,G,A,IL6,38.73
SMP_8897,chr4,134931493,A,G,MYC,61.75
SMP_5337,chr16,10099532,C,G,TP53,79.77
SMP_9054,chr12,117438724,G,A,TP53,48.14
SMP_3789,chr3,53150596,G,C,MTHFR,38.66
SMP_5769,chr15,102689709,G,T,TNF,24.47
SMP_4806,chr3,165154305,C,G,VEGFA,69.11
SMP_2264,chr12,13107218,G,C,BRCA2,54.72
SMP_9114,chr11,57657711,G,A,TP53,88.4
SMP_6796,chr5,4196409,C,G,MYC,50.82
SMP_3703,chr10,122783248,T,A,VEGFA,92.75
SMP_7058,chr19,240147442,C,A,TNF,41.12
SMP_1680,chr9,153305737,C,T,MYC,50.24
SMP_3841,chr10,164604168,A,C,APOE,44.12
SMP_3785,chr14,32623817,T,A,TP53,35.42
SMP_2282,chr21,27126675,C,T,BRCA1,98.18
SMP_4621,chr17,174552229,G,C,MTHFR,98.75
SMP_1396,chr9,26890696,G,C,EGFR,42.48
SMP_8883,chr2,2457464,C,A,MTHFR,30.67
SMP_8405,chr2,95224411,G,T,IL6,31.52
SMP_3117,chr22,190943279,C,G,EGFR,36.94
SMP_7404,chr4,107075350,C,A,TNF,51.29
SMP_1435,chr11,188772486,T,A,APOE,23.4
SMP_3602,chr15,104456540,C,A,APOE,79.29
SMP_3764,chr8,24706124,A,T,MYC,60.33
SMP_3286,chr18,74273211,G,T,EGFR,50.53
SMP_9618,chr21,46865446,G,T,BRCA2,56.85
SMP_7284,chr11,191683890,T,G,MTHFR,86.28
SMP_9655,chr7,71805468,G,A,BRCA2,30.79
SMP_2846,chr10,77186975,C,T,EGFR,28.98
SMP_8435,chr6,121341136,G,A,EGFR,72.47
SMP_1803,chr8,143786738,A,C,TP53,45.61
SMP_9747,chr8,214226935,G,T,EGFR,98.74
SMP_5024,chr1,233961258,A,T,BRCA2,24.54
SMP_2212,chr22,115529287,G,C,TP53,50.92
SMP_4621,chr19,110719870,T,A,TNF,79.88
SMP_9321,chr14,230833801,A,C,TP53,74.66
SMP_7398,chr15,108289503,C,A,TP53,58.07
SMP_1088,chr20,172612191,A,G,BRCA1,53.61
SMP_2105,chr5,178812322,A,G,EGFR,64.02
SMP_9318,chr4,93743017,T,A,APOE,37.52
SMP_7318,chr7,77796400,C,T,MYC,27.71
SMP_1108,chr11,116936397,C,T,EGFR,52.8
SMP_4686,chr1,183174825,T,G,BRCA1,80.38
SMP_3976,chr22,220817650,A,T,TP53,53.95
SMP_3660,chr12,230606522,A,T,EGFR,31.61
SMP_9658,chr11,152387360,C,A,BRCA2,27.48
SMP_6262,chr13,93736441,A,C,BRCA2,93.65
SMP_7734,chr5,30272243,A,C,TNF,52.08
SMP_2681,chr18,28474478,G,T,VEGFA,30.13
SMP_7175,chr19,19466082,C,A,BRCA1,94.69
SMP_3440,chr6,137475200,C,A,MTHFR,99.34
SMP_5205,chr10,24890512,C,T,APOE,71.82
SMP_5808,chr7,105257002,T,A,APOE,36.56
SMP_6836,chr11,106222997,G,C,IL6,64.42
SMP_9654,chr6,193099218,T,C,VEGFA,48.38
SMP_8182,chr15,230030525,C,G,TP53,92.53
SMP_2641,chr17,22733896,A,C,TP53,59.72
SMP_7742,chr14,37021939,A,T,TNF,89.07
SMP_9878,chr5,178223155,T,C,EGFR,45.76
SMP_7923,chr22,212899744,G,A,VEGFA,55.48
SMP_5516,chr15,35997994,G,A,BRCA2,72.53
SMP_2215,chr13,78607604,C,T,MTHFR,66.99
SMP_5652,chr21,77646511,T,G,BRCA1,60.37
SMP_9170,chr2,96651949,C,G,APOE,48.56
SMP_8892,chr20,175926692,G,T,IL6,65.95
SMP_9299,chr19,95846300,G,T,BRCA1,64.44
SMP_5518,chr2,52565281,G,C,IL6,36.3
SMP_8083,chr3,37778950,G,T,BRCA1,33.83
SMP_1427,chr2,211460010,A,T,EGFR,41.47
SMP_7599,chr3,63110657,T,G,BRCA2,61.58
SMP_8778,chr14,139858301,T,C,BRCA1,65.85
SMP_5813,chr3,147375767,G,A,MYC,31.45
SMP_5138,chr8,148462558,G,A,TP53,67.33
SMP_6707,chr6,5815366,G,A,BRCA1,26.57
SMP_6839,chr18,47051785,T,A,TNF,80.83
SMP_5211,chr6,147744215,G,C,MYC,60.85
SMP_5325,chr1,60719449,A,T,BRCA1,68.12
SMP_2789,chr5,27772503,C,A,TNF,33.08
SMP_7007,chr15,177360304,C,T,TNF,54.44
SMP_5562,chr12,168086398,A,C,BRCA2,39.27
SMP_5086,chr11,27106646,G,T,IL6,65.56
SMP_4660,chr9,56941348,T,G,BRCA1,42.78
SMP_2050,chr19,32661564,C,T,APOE,71.38
SMP_2159,chr3,74528651,G,C,IL6,81.18
SMP_6873,chr22,156998073,C,A,VEGFA,90.48
SMP_4985,chr18,15727422,C,A,TP53,43.95
SMP_3574,chr5,157365935,C,T,EGFR,81.37
SMP_8262,chr5,238778367,G,A,VEGFA,66.59
SMP_6122,chr10,205171970,C,A,BRCA1,38.47
SMP_6284,chr8,169299273,G,A,TNF,60.73
SMP_8313,chr8,226823391,T,A,BRCA1,78.03
SMP_8993,chr10,169256705,G,C,BRCA2,81.69
SMP_2187,chr1,126103087,C,G,MYC,75.62
SMP_4672,chr18,193071558,A,C,VEGFA,85.99
SMP_5678,chr8,198179030,T,A,TP53,94.35
SMP_4355,chr14,135673756,C,T,TNF,60.93
SMP_7269,chr20,116647899,G,T,APOE,93.31
SMP_8875,chr18,148242875,T,G,MTHFR,31.4
SMP_8095,chr11,159450214,A,G,MYC,66.53
SMP_7685,chr1,228041429,G,A,TNF,57.35
SMP_9116,chr14,20877761,C,G,IL6,30.4
SMP_3973,chr11,224790915,C,A,MTHFR,48.7
SMP_6807,chrX,132236691,A,G,EGFR,64.31
SMP_8990,chr20,44043393,T,G,IL6,33.21
SMP_2758,chr13,140537718,C,T,MYC,78.3
SMP_8774,chr21,183434184,A,C,MYC,68.65
SMP_8370,chr16,84430700,G,T,TNF,26.49
SMP_9079,chrY,124231196,G,A,IL6,27.44
SMP_9308,chr10,59190229,T,C,TNF,99.17
SMP_9100,chr21,76356953,A,C,TP53,50.0
SMP_1328,chr11,78471792,C,A,BRCA1,51.78
SMP_2967,chr20,32500248,G,T,TNF,91.32
SMP_6266,chr7,163091342,G,A,EGFR,41.53
SMP_2057,chr22,207448016,G,C,MYC,86.91
SMP_8030,chr15,213382835,A,G,BRCA2,39.78
SMP_9022,chr6,30763124,C,A,MYC,21.11
SMP_2328,chr16,26987080,C,A,TP53,60.75
SMP_4119,chr10,57195321,A,G,TP53,59.02
SMP_3063,chrX,204804847,C,G,TP53,38.0
SMP_9349,chr2,232557396,G,T,EGFR,82.19
SMP_3268,chr19,49957766,G,C,IL6,98.68
SMP_3012,chr8,2460804,G,C,IL6,61.08
SMP_1101,chr1,65211305,T,G,MTHFR,92.46
SMP_8477,chr20,131445737,G,A,IL6,31.8
SMP_9605,chr3,49920589,A,G,MYC,93.33
SMP_9078,chr9,192816128,G,C,EGFR,90.24
SMP_1861,chr10,22679133,T,A,VEGFA,27.92
SMP_1509,chr4,244058351,T,A,VEGFA,77.86
SMP_7840,chr3,191939289,C,A,IL6,96.96
SMP_3315,chr16,71279513,G,T,BRCA1,96.22
SMP_2272,chr18,176746383,A,G,APOE,85.89
SMP_9294,chr12,237217299,G,C,BRCA1,69.33
SMP_1918,chrY,229890844,G,C,TP53,48.73
SMP_5749,chr6,27070692,G,T,EGFR,52.8
SMP_4491,chr12,54531531,T,G,MTHFR,60.41
SMP_2031,chr22,56474478,G,C,APOE,29.54
SMP_3731,chr13,71492382,G,A,MYC,22.93
SMP_4837,chr21,65684210,A,T,EGFR,99.33
SMP_2941,chr16,192883002,A,G,BRCA2,22.59
SMP_5888,chr16,11343282,C,G,IL6,92.07
SMP_7136,chr18,130827885,G,C,MTHFR,77.63
SMP_3274,chr9,152126800,A,G,VEGFA,54.71
SMP_9779,chrX,69846720,A,T,MTHFR,51.4
SMP_7141,chr17,43825419,C,A,EGFR,94.04
SMP_2403,chr18,134964531,A,G,TP53,80.1
SMP_9641,chr3,38953652,A,T,IL6,51.7
SMP_5014,chr8,155727358,C,G,MTHFR,55.97
SMP_8788,chr4,245115661,A,C,BRCA2,74.27
SMP_6297,chr5,42488644,G,T,IL6,78.18
SMP_4104,chr5,51079516,T,G,IL6,29.01
SMP_9958,chr9,157640393,C,T,IL6,20.71
SMP_8809,chr2,231510288,G,C,VEGFA,82.72
SMP_8303,chr10,61018661,G,A,BRCA2,40.1
SMP_4353,chr20,219181526,A,G,BRCA1,95.67
SMP_6172,chr14,25089601,G,A,MYC,27.67
SMP_5007,chr5,66789812,C,A,MTHFR,37.51
SMP_9699,chr18,132586225,A,G,BRCA2,75.65
SMP_2308,chr10,206906830,C,T,APOE,54.02
SMP_3130,chr13,218053495,C,G,TP53,36.6
SMP_8268,chr1,194521559,T,C,BRCA1,67.15
SMP_8302,chr12,167893537,C,G,TNF,91.56
SMP_5692,chr14,121073666,T,C,TP53,57.57
SMP_8129,chr5,94714295,A,T,IL6,46.48
SMP_8908,chr22,219524406,T,C,VEGFA,20.47
SMP_7090,chr9,65274824,C,G,IL6,36.21
SMP_8729,chr8,119225673,C,A,BRCA1,20.35
SMP_8728,chr18,189947872,C,G,VEGFA,84.03
SMP_9017,chr14,177219778,A,G,EGFR,41.92
SMP_8040,chr5,123170012,C,T,TP53,46.67
SMP_6562,chr11,99309265,C,G,BRCA2,76.3
SMP_8551,chr6,88463724,C,A,BRCA1,21.4
SMP_3521,chr1,142316703,T,C,BRCA2,32.52
SMP_9380,chr2,207903981,A,G,VEGFA,25.0
SMP_3015,chr11,112853644,G,T,BRCA1,74.34
SMP_6547,chr2,21221485,C,T,MYC,46.43
SMP_3505,chr4,241228075,G,C,BRCA1,36.33
SMP_2424,chr21,113378286,G,A,IL6,70.81
SMP_9901,chr16,139386180,A,G,APOE,81.0
SMP_5169,chr8,123349261,A,C,MTHFR,32.07
SMP_8672,chr5,62394359,T,A,VEGFA,72.08
SMP_8284,chr7,33952716,T,A,APOE,81.22
SMP_4686,chr11,111607996,C,A,VEGFA,63.58
SMP_2569,chr14,187404734,G,C,EGFR,35.83
SMP_5667,chr5,104681708,G,T,TP53,68.19
SMP_7502,chr17,5572835,G,T,TP53,86.02
SMP_7345,chr19,18299571,G,A,BRCA2,23.51
SMP_4120,chr9,221157980,C,T,TNF,94.43
SMP_4571,chr5,239815324,T,G,BRCA1,87.22
SMP_5926,chr3,74104567,C,T,TNF,32.42
SMP_6470,chr13,146674198,G,C,TNF,75.02
SMP_2214,chr22,97455982,C,A,TNF,34.15
SMP_7302,chrY,77861444,T,G,TP53,31.24
SMP_2308,chr12,54264130,T,G,TNF,65.09
SMP_1046,chr8,205303694,G,T,MTHFR,46.38
SMP_1240,chr18,162225518,T,C,TNF,68.61
SMP_8396,chr19,234390397,T,A,APOE,42.18
SMP_2179,chr13,1470084,G,C,MTHFR,40.74
SMP_5101,chr8,213457782,C,T,TP53,37.88
SMP_7802,chr22,36046686,T,C,TNF,96.04
SMP_6233,chr20,185753506,C,G,APOE,32.3
SMP_1647,chr10,56060805,G,C,BRCA1,27.12
SMP_3194,chr8,236254537,C,A,BRCA2,83.64
SMP_7477,chr6,97553868,T,G,TP53,84.56
SMP_1317,chr8,181701937,C,T,IL6,92.63
SMP_9160,chr2,7362428,C,G,MTHFR,66.72
SMP_1467,chr1,45374389,A,G,EGFR,29.25
SMP_8739,chr3,117490854,G,C,BRCA1,78.44
SMP_2220,chrX,195851238,A,T,MTHFR,40.66
SMP_1460,chr6,247602930,G,C,TNF,80.8
SMP_1292,chr8,240674832,A,G,MYC,46.2
SMP_8413,chr3,212777692,A,C,BRCA1,26.43
SMP_2949,chrY,173857834,C,G,IL6,62.95
SMP_9324,chr8,101575311,G,T,TP53,33.31
SMP_4422,chr5,135829233,T,A,APOE,33.18
SMP_4213,chr6,117241125,C,G,MTHFR,64.86
SMP_3912,chr18,120787009,A,C,TNF,34.79
SMP_8013,chr10,68856236,C,G,TNF,81.56
SMP_1026,chr22,217847214,C,A,BRCA1,94.98
SMP_7146,chr18,187568581,C,A,BRCA2,41.07
SMP_9311,chr9,215556656,T,A,IL6,74.12
SMP_5808,chr22,25772947,A,T,VEGFA,60.22
SMP_7327,chr10,100494649,A,C,BRCA2,32.33
SMP_1665,chr1,170173515,A,T,MYC,56.02
SMP_6327,chr8,238432318,C,T,BRCA2,81.53
SMP_5043,chr22,191982984,A,T,VEGFA,40.17
SMP_7402,chr16,197845277,T,G,BRCA2,61.65
SMP_5132,chr3,22130804,C,T,MTHFR,69.89
SMP_1939,chr19,5066483,T,A,MTHFR,79.0
SMP_8676,chr3,104462093,A,T,APOE,64.58
SMP_7382,chr7,53596661,G,T,IL6,35.03
SMP_1519,chr22,67247559,G,C,BRCA1,29.74
SMP_5533,chr13,95253132,A,T,VEGFA,97.72
SMP_9112,chr17,184475450,G,A,BRCA2,27.1
SMP_6612,chr2,92077676,T,G,VEGFA,37.62
SMP_4549,chr21,36528060,A,T,VEGFA,53.28
SMP_9196,chr7,101703966,G,C,BRCA1,83.48
SMP_2490,chr15,150191460,C,A,BRCA1,33.54
SMP_3741,chrX,199369347,A,G,EGFR,25.81
SMP_6238,chr12,169862822,G,T,VEGFA,63.78
SMP_8361,chr15,141293017,T,A,MYC,83.36
SMP_6337,chr22,72878072,T,A,APOE,76.32
SMP_4406,chr13,1058501,T,G,IL6,29.39
SMP_3986,chr18,169467225,A,C,TP53,72.25
SMP_1981,chr19,14311481,T,G,TP53,36.17
SMP_6392,chrY,12275310,T,G,EGFR,26.03
SMP_3574,chr4,156806820,A,C,IL6,26.25
SMP_3335,chr19,115998648,T,A,MYC,73.94
SMP_2168,chr19,100555671,T,G,BRCA1,66.71
SMP_1734,chr22,227313994,T,C,IL6,31.21
SMP_8165,chr16,183981073,A,C,MYC,34.56
SMP_2488,chr13,16295826,A,G,EGFR,68.65
SMP_1979,chr21,243025764,C,G,VEGFA,75.32
SMP_3315,chrY,205633715,A,G,BRCA1,20.81
SMP_7307,chr19,211359103,C,A,EGFR,80.07
SMP_1560,chr11,126879226,T,G,BRCA2,70.95
SMP_5197,chr10,80911161,G,A,TNF,45.52
SMP_9688,chr2,198338394,G,T,EGFR,48.87
SMP_3127,chr14,110795607,C,T,EGFR,85.44
SMP_7460,chr6,174550774,C,G,EGFR,63.63
SMP_3908,chr17,173887450,G,C,VEGFA,52.31
SMP_8564,chr15,177080910,A,G,TNF,95.8
SMP_5937,chr10,99999162,C,T,MYC,47.99
SMP_7198,chr5,125587692,C,G,IL6,92.23
SMP_5168,chrY,119081672,C,G,TP53,94.61
SMP_5190,chr10,159193438,G,T,APOE,38.15
SMP_3021,chr11,201683302,C,A,IL6,84.33
SMP_3272,chr17,11377529,C,T,MTHFR,31.21
SMP_3016,chr13,33247418,T,C,MTHFR,81.82
SMP_5900,chr8,165689367,C,G,TNF,27.48
SMP_4042,chr13,228039007,C,G,EGFR,76.68
SMP_3898,chr11,154301165,T,G,BRCA2,50.94
SMP_4688,chr10,87189053,T,C,MYC,79.27
SMP_2474,chr8,27317839,T,A,APOE,43.59
SMP_9301,chr16,119493234,A,T,BRCA2,50.56
SMP_8623,chr14,74409248,A,G,TP53,94.68
SMP_3994,chr7,62067349,A,T,MYC,20.82
SMP_4128,chr5,58539401,A,G,TP53,31.4
SMP_6788,chr5,30046946,T,A,IL6,55.19
SMP_8392,chr15,114287800,C,G,APOE,74.07
SMP_4034,chr14,88655384,G,C,MTHFR,45.35
SMP_6181,chr17,132152612,G,C,MTHFR,69.07
SMP_9947,chr9,158744539,T,G,EGFR,47.42
SMP_2409,chr7,10272252,G,C,MYC,25.89
SMP_6118,chr4,88518943,G,C,VEGFA,33.08
SMP_6908,chr22,173374232,C,A,MTHFR,72.56
SMP_8720,chr4,156515677,A,C,TNF,79.33
SMP_8252,chr17,92351105,T,G,VEGFA,38.45
SMP_7241,chrX,168772414,G,T,EGFR,37.2
SMP_2651,chr20,119846246,C,A,MTHFR,98.11
SMP_1225,chr17,113909089,A,T,TP53,24.9
SMP_2712,chr21,54899367,G,T,TP53,99.33
SMP_5228,chr6,245356656,T,C,VEGFA,99.61
SMP_8076,chr2,235107863,T,C,MYC,64.9
SMP_8083,chr20,126434801,A,G,MYC,30.7
SMP_8992,chr11,49632345,G,T,APOE,53.21
SMP_3180,chr2,183638406,A,T,TNF,30.2
SMP_4449,chr8,224496054,A,G,MYC,82.26
SMP_8171,chr19,106001871,T,C,MYC,75.22
SMP_5657,chr7,43027700,C,A,TNF,38.23
SMP_4298,chr16,189988347,C,A,TNF,39.04
SMP_5495,chr5,245177059,C,A,BRCA1,49.49
SMP_2475,chr18,133039868,T,G,MYC,62.35
SMP_3208,chr3,38552243,G,C,APOE,45.55
SMP_4084,chr3,29282551,T,G,MTHFR,27.48
SMP_9381,chrX,27361823,C,G,VEGFA,55.5
SMP_6538,chr5,167816088,G,T,APOE,36.58
SMP_1923,chr19,77449437,G,C,VEGFA,49.79
SMP_7302,chr3,85619403,C,G,BRCA1,86.84
SMP_4409,chr12,33787222,C,T,MYC,20.2
SMP_8450,chr15,25857892,A,T,BRCA1,38.95
SMP_6042,chr9,67029334,C,T,APOE,41.52
SMP_5422,chr10,93390934,A,C,TNF,63.27
SMP_1278,chr3,168507737,A,T,BRCA1,92.62
SMP_4433,chr18,67635011,T,G,BRCA2,34.84
SMP_6445,chr8,93485132,T,A,MTHFR,87.42
SMP_8292,chr2,152206655,C,G,BRCA1,98.69
SMP_5093,chr12,49550068,G,A,BRCA2,38.9
SMP_6745,chr6,242364901,G,C,APOE,26.55
SMP_3352,chr3,231467259,G,A,BRCA1,91.92
SMP_9625,chr13,63472460,C,G,BRCA1,70.89
SMP_6431,chr18,97432719,C,A,MTHFR,97.71
SMP_9837,chr16,142506150,A,G,BRCA2,44.27
SMP_5328,chr18,4441235,C,A,TP53,59.84
SMP_2130,chr7,43872088,T,A,TNF,40.1
SMP_1151,chr7,244701622,A,G,EGFR,46.57
SMP_7812,chr8,20180395,A,T,BRCA1,46.55
SMP_2161,chr10,110336875,C,T,MTHFR,92.6
SMP_1510,chr22,85672979,A,C,IL6,35.5
SMP_8957,chr1,42636937,C,A,BRCA2,71.87
SMP_8063,chr16,209898146,T,G,BRCA1,68.68
SMP_5045,chr15,133364117,C,A,APOE,37.19
SMP_3608,chr10,44769442,G,T,BRCA2,38.83
SMP_9644,chr16,198142850,C,G,VEGFA,96.22
SMP_7845,chr6,145096651,A,T,MTHFR,57.19
SMP_1886,chr1,239038793,C,A,EGFR,72.33
SMP_6338,chr3,201301041,G,T,APOE,72.78
SMP_8448,chr6,5511765,G,C,EGFR,79.52
SMP_2987,chr22,113085589,A,C,TNF,35.64
SMP_2526,chr14,68600963,G,A,MYC,25.66
SMP_7515,chr7,106203676,A,G,TP53,99.59
SMP_5767,chr11,75354424,G,C,MTHFR,55.06
SMP_2651,chr3,129856169,G,T,TP53,71.75
SMP_1626,chr8,134773445,G,C,IL6,86.03
SMP_5664,chr20,87514992,C,G,BRCA2,63.41
SMP_5341,chr6,137137434,C,A,MYC,61.0
SMP_7018,chr2,23130076,C,G,VEGFA,23.18
SMP_7533,chr17,130236083,A,T,IL6,49.87
SMP_8985,chr1,177407594,T,C,MYC,82.57
SMP_7692,chr3,83738715,C,G,MYC,52.16
SMP_9128,chr10,101763659,A,T,VEGFA,24.66
SMP_8913,chr20,67123226,C,A,EGFR,41.26
SMP_2100,chr7,26460725,A,C,APOE,69.34
SMP_8185,chr19,118214739,A,G,EGFR,38.71
SMP_7446,chr12,119616620,T,C,BRCA2,32.01
SMP_3894,chr14,148069742,G,A,IL6,21.42
SMP_2951,chr4,243004329,T,G,IL6,24.8
SMP_3586,chr12,111986928,G,C,TNF,74.2
SMP_2577,chr3,141109638,C,G,BRCA1,67.88
SMP_9640,chr12,6308521,T,C,IL6,27.24
SMP_2798,chr4,175176595,A,T,TP53,60.09
SMP_1063,chr2,200577911,A,C,EGFR,64.26
SMP_4209,chr17,11272818,C,A,EGFR,57.99
SMP_5633,chr10,200918611,G,T,TNF,39.4
SMP_3822,chrX,169556243,T,C,MTHFR,31.82
SMP_3570,chr11,22528951,T,A,BRCA1,43.18
SMP_4608,chr9,4771297,T,G,BRCA2,46.0
SMP_3509,chr4,214183704,T,C,BRCA1,87.31
SMP_2312,chr17,187845837,G,T,VEGFA,73.72
SMP_6965,chr15,139942789,T,A,TNF,82.95
SMP_5538,chr13,96911123,C,A,BRCA1,79.52
SMP_1148,chr4,96975872,T,G,TNF,74.51
SMP_8031,chr20,246277436,T,G,BRCA1,26.18
SMP_1233,chr9,84005903,A,G,IL6,91.98
SMP_3078,chr15,24173496,T,C,MYC,96.05
SMP_7821,chr22,1020018,C,A,TP53,46.13
SMP_8971,chr22,225734901,G,T,TNF,70.91
SMP_3605,chr2,167521295,C,G,IL6,99.51
SMP_5333,chr2,131470149,C,T,TP53,45.51
SMP_8511,chr22,100693734,C,A,MYC,88.44
SMP_5250,chr9,184513933,A,G,TP53,27.62
SMP_1605,chr7,90975768,G,C,MTHFR,62.48
SMP_3433,chr3,240304266,T,C,MTHFR,30.34
SMP_1534,chr21,136368874,A,C,TNF,35.88
SMP_3830,chr18,119968933,T,G,APOE,65.53
SMP_2769,chr5,162051386,A,G,MYC,47.83
SMP_7470,chr18,171157730,C,G,BRCA2,66.98
SMP_2257,chr20,30294615,A,C,IL6,90.78
SMP_8441,chr20,73107582,G,C,IL6,32.06
SMP_2286,chr22,153845992,A,G,BRCA1,57.62
SMP_8478,chr11,14014071,C,G,VEGFA,66.99
SMP_5893,chrX,231535620,T,A,TP53,51.2
SMP_5646,chr11,206013684,G,A,BRCA2,81.98
SMP_6422,chr7,50643955,C,G,VEGFA,81.11
SMP_1563,chr10,144984216,T,G,BRCA1,64.25
SMP_7468,chr7,218119526,A,C,IL6,84.96
SMP_6809,chr13,137111893,A,T,APOE,25.98
SMP_4227,chr17,106481114,G,T,IL6,53.01
SMP_2310,chr4,224636641,G,A,TNF,86.12
SMP_5748,chr16,42057761,C,G,BRCA2,55.53
SMP_3330,chr14,23006048,G,C,MTHFR,99.27
SMP_2333,chr8,191142373,A,C,MYC,58.64
SMP_1758,chr19,132612468,A,G,MTHFR,99.78
SMP_5532,chrX,56901077,T,C,VEGFA,49.59
SMP_3446,chr20,109573846,C,G,TNF,34.22
SMP_4185,chr14,248350204,C,A,MYC,73.3
SMP_3263,chr18,120468061,A,G,EGFR,81.53
SMP_2790,chr19,176008594,C,G,TP53,33.79
SMP_1783,chr12,114920543,A,C,TP53,96.59
SMP_5143,chr14,222046569,G,C,BRCA1,71.31
SMP_7661,chr22,239649906,T,C,APOE,54.71
SMP_7590,chr11,39012744,T,C,IL6,24.09
SMP_8464,chr22,249695342,G,C,IL6,55.24
SMP_3204,chr13,35355276,C,G,VEGFA,27.51
SMP_9685,chr1,49376046,G,T,VEGFA,65.57
SMP_8264,chr18,76277359,C,A,MYC,52.41
SMP_7930,chr4,11955286,C,A,IL6,22.69
SMP_3825,chr19,204075635,T,C,VEGFA,37.03
SMP_6601,chr2,209472461,C,T,IL6,25.58
SMP_5109,chr22,213876496,A,T,VEGFA,83.49
SMP_8516,chr21,34922261,G,C,BRCA1,61.95
SMP_6128,chr12,72387261,C,G,IL6,73.85
SMP_7600,chr5,136192041,C,A,TP53,91.98
SMP_7610,chr15,96932044,A,C,EGFR,38.26
SMP_3162,chr8,150554905,G,C,TNF,74.56
SMP_4338,chr5,42258186,A,G,BRCA2,60.47
SMP_4382,chr20,135202184,G,T,MYC,47.29
SMP_3245,chr22,60376573,T,C,BRCA1,51.72
SMP_2735,chr12,51227631,G,T,IL6,78.52
SMP_4053,chr6,679140,C,G,BRCA1,35.18
SMP_6591,chr9,180127596,T,A,IL6,25.38
SMP_3113,chr11,10019009,T,C,MTHFR,85.01
SMP_3252,chr1,17541590,A,C,EGFR,86.75
SMP_2517,chr3,19977148,A,T,TP53,69.66
SMP_6295,chr16,214425788,A,G,MTHFR,24.63
SMP_4078,chr19,146472584,A,G,MYC,95.9
SMP_7120,chr4,203975258,G,A,BRCA1,98.5
SMP_9791,chr15,36572300,A,C,MTHFR,40.09
SMP_5408,chr10,220655956,A,T,MTHFR,49.78
SMP_1794,chr9,96816076,C,T,EGFR,29.13
SMP_3359,chr11,107516906,A,G,APOE,29.01
SMP_3330,chr10,142610776,C,G,APOE,82.07
SMP_1475,chr8,139705438,G,T,TNF,60.23
SMP_8106,chr12,235891938,T,C,TP53,69.61
SMP_4667,chr8,206179012,G,T,TP53,29.87
SMP_2551,chr12,24250914,C,T,MTHFR,94.69
SMP_2281,chr9,238618079,C,T,VEGFA,45.23
SMP_5430,chr21,131889328,T,G,IL6,60.99
SMP_6700,chr1,97785603,A,T,VEGFA,21.39
SMP_6445,chr12,47621055,T,C,MTHFR,37.02
SMP_6281,chr3,128205407,T,G,BRCA1,88.08
SMP_8938,chr21,42048880,A,C,VEGFA,73.78
SMP_7279,chr8,52456672,G,T,IL6,53.52
SMP_7475,chr11,21368167,A,C,IL6,68.96
SMP_5870,chr17,69443975,A,G,TP53,39.15
SMP_3668,chr20,38870807,G,C,APOE,63.98
SMP_7685,chr12,20687550,T,C,TNF,42.15
SMP_3254,chr13,18581000,A,C,BRCA2,76.11
SMP_4093,chr14,157461198,C,A,IL6,58.39
SMP_2620,chr3,214806198,G,A,BRCA1,57.72
SMP_9154,chr8,34645122,C,G,MYC,88.05
SMP_9071,chr22,142609313,C,G,EGFR,81.39
SMP_4018,chr13,35471804,G,T,TP53,31.48
SMP_2671,chr3,84914722,A,T,APOE,94.6
SMP_5479,chr6,137403096,T,A,MYC,77.54
SMP_4520,chr21,67417640,A,C,IL6,86.95
SMP_6279,chr14,41505779,G,T,EGFR,68.9
SMP_3403,chr22,214234118,C,T,BRCA1,49.67
SMP_7793,chr15,114198627,G,A,EGFR,41.22
SMP_6436,chr12,234634955,C,G,APOE,25.56
SMP_8636,chr13,40765785,A,G,MTHFR,47.1
SMP_9791,chr8,245715434,C,A,IL6,54.39
SMP_4318,chr21,73655600,G,T,APOE,75.65
SMP_2118,chr9,74541786,G,T,APOE,22.74
SMP_3622,chr13,29990905,T,C,VEGFA,50.83
SMP_9404,chr18,47820016,G,A,TP53,23.33
SMP_5891,chr3,161988600,A,T,MYC,64.09
SMP_6579,chrX,183044610,A,C,BRCA1,68.96
SMP_3002,chr12,27189994,A,G,APOE,45.34
SMP_5463,chr2,135397762,A,G,APOE,80.79
SMP_1969,chr19,120394175,T,A,MYC,99.71
SMP_4012,chr14,65743819,C,G,BRCA2,60.78
SMP_8056,chr6,110628435,C,G,BRCA1,37.83
SMP_6607,chr4,125771631,T,A,MYC,51.92
SMP_5720,chr16,74677028,A,G,BRCA1,39.89
SMP_1718,chr12,155051631,T,C,TNF,98.51
SMP_6096,chr19,205006611,G,C,IL6,71.13
SMP_8378,chr21,159654281,G,C,TP53,31.18
SMP_5958,chr17,143928736,T,G,VEGFA,30.03
SMP_4827,chr18,211500995,C,G,TNF,96.99
SMP_7816,chr22,106435047,C,A,TP53,57.88
SMP_8580,chr15,99527490,C,T,TNF,95.07
SMP_4367,chr6,198986042,T,G,BRCA1,61.85
SMP_2619,chr17,92308220,A,G,VEGFA,34.83
SMP_7974,chr2,50731443,C,G,VEGFA,62.27
SMP_8879,chr2,109350411,G,T,EGFR,26.12
SMP_6297,chr3,71126601,T,C,EGFR,89.08
SMP_7917,chr16,5083099,T,G,BRCA1,69.24
SMP_4979,chr20,98991375,G,C,EGFR,38.81
SMP_3071,chr5,107620054,A,C,IL6,65.53
SMP_9498,chr5,243824992,A,C,MTHFR,48.89
SMP_5597,chr3,51938157,G,A,BRCA2,50.78
SMP_8184,chr15,109722541,C,A,TNF,68.86
SMP_6054,chr13,142522511,C,T,APOE,66.19
SMP_6422,chr11,50915998,A,G,TNF,47.1
SMP_6241,chr15,213207981,G,A,BRCA1,30.32
SMP_4914,chr22,84407901,C,G,MYC,54.9
SMP_8043,chr20,166181000,G,A,TP53,90.36
SMP_1221,chr1,234192065,T,G,TP53,71.96
SMP_7264,chr6,206960144,A,T,APOE,81.44
SMP_4333,chr12,177335329,A,C,MTHFR,97.34
SMP_6520,chr11,219142444,G,C,TP53,31.95
SMP_7756,chr1,134138973,C,G,VEGFA,33.53
SMP_4330,chr22,36479046,G,T,VEGFA,51.21
SMP_4592,chr21,156037355,G,T,BRCA1,92.86
SMP_8213,chr5,123993304,A,G,APOE,75.36
SMP_4106,chr15,205268420,T,C,EGFR,48.86
SMP_3117,chr22,133911491,T,A,TP53,23.16
SMP_2245,chr12,99677857,A,G,TNF,54.71
SMP_1699,chr5,173726621,G,A,BRCA2,63.43
SMP_5693,chr1,80864863,T,G,IL6,93.15
SMP_7526,chr12,173640935,T,A,TP53,34.19
SMP_1255,chr6,100091701,G,C,TP53,33.32
SMP_3832,chr4,163181740,A,C,VEGFA,55.76
SMP_5612,chr19,210763443,T,A,MTHFR,96.05
SMP_2448,chr15,173068488,C,T,IL6,59.07
SMP_5075,chr11,28334378,T,G,MYC,36.69
SMP_2185,chr16,200887425,T,C,MYC,86.24
SMP_4192,chr8,235844407,T,C,IL6,73.98
SMP_2886,chr11,216524613,G,T,EGFR,61.56
SMP_9162,chr9,193575690,T,C,APOE,69.7
SMP_2912,chr21,8859540,T,A,TP53,41.08
SMP_1457,chr22,98126467,C,T,TNF,33.21
SMP_9713,chr2,182589517,C,T,MTHFR,83.88
SMP_9105,chr21,33408080,G,T,TNF,99.7
SMP_9999,chr13,229537894,G,C,VEGFA,53.78
SMP_6718,chrY,143903656,T,A,EGFR,85.24
SMP_7896,chr4,70355707,A,T,BRCA2,54.49
SMP_1342,chr22,214473959,G,A,TNF,39.35
SMP_4527,chr19,85897844,T,A,MTHFR,50.38
SMP_5734,chr6,62943330,T,G,TP53,37.93
SMP_6979,chr14,25269973,A,C,IL6,78.82
SMP_3207,chrY,209278203,T,A,IL6,62.26
SMP_3220,chr17,205645039,A,C,TNF,32.24
SMP_3030,chr17,17718123,T,A,MTHFR,30.85
SMP_6019,chr4,25939443,T,C,VEGFA,69.76
SMP_9510,chr9,22535589,G,A,MTHFR,34.28
SMP_9257,chr22,58125843,T,C,APOE,74.93
SMP_3076,chr19,152764769,T,C,BRCA2,69.26
SMP_2986,chr13,191524983,A,T,VEGFA,76.17
SMP_5062,chr18,166875781,G,A,VEGFA,75.28
SMP_1418,chr4,125295569,A,C,MYC,59.71
SMP_2316,chrX,76302267,C,T,BRCA2,97.42
SMP_6229,chr19,241779933,C,G,BRCA2,38.62
SMP_3736,chr5,25321238,G,C,TNF,57.87
SMP_4725,chr13,66212408,G,A,MTHFR,98.28
SMP_3764,chr16,46840385,G,T,TNF,85.16
SMP_6191,chr4,5825510,A,T,VEGFA,77.25
SMP_1921,chr17,100950588,G,A,IL6,67.2
SMP_7638,chr20,89146715,A,T,BRCA2,42.44
SMP_5243,chr9,1001570,C,G,APOE,93.52
SMP_8305,chr5,30150351,A,T,VEGFA,91.29
SMP_8667,chr11,24651186,G,T,MTHFR,70.85
SMP_4303,chr21,230939656,T,C,MTHFR,85.44
SMP_4028,chr20,185739169,C,G,TNF,56.71
SMP_2735,chr15,180483036,T,C,EGFR,43.44
SMP_9159,chr16,16475760,A,C,MYC,98.26
SMP_5681,chr19,238946641,A,C,TP53,32.19
SMP_1668,chr14,158106389,C,T,TP53,60.52
SMP_6773,chr1,180155958,T,G,MYC,66.7
SMP_7702,chr9,79412432,T,G,TP53,42.08
SMP_4703,chr4,117527762,G,T,TP53,30.38
SMP_7290,chr12,8171315,C,G,MYC,30.13
SMP_5191,chr18,204751503,T,A,TP53,98.6
SMP_7424,chr9,46679719,C,A,MYC,34.63
SMP_5330,chr10,70577437,T,A,APOE,46.29
SMP_6369,chr4,71197016,G,T,EGFR,27.62
SMP_4259,chr7,194399184,T,C,MTHFR,26.94
SMP_4038,chr4,110495783,T,A,MTHFR,74.55
SMP_7592,chr14,186830503,T,A,TNF,91.9
SMP_8708,chr5,122143594,G,T,TNF,67.15
SMP_7103,chr16,69265388,A,C,BRCA1,20.49
SMP_1481,chr8,100762445,T,G,BRCA1,54.19
SMP_2204,chr21,173088620,A,G,APOE,74.57
SMP_4498,chr22,217196182,T,A,IL6,28.45
SMP_2347,chr20,139837228,T,G,MTHFR,78.42
SMP_2998,chr12,48174165,T,A,VEGFA,57.2
SMP_4772,chr1,87046433,G,C,VEGFA,45.7
SMP_2681,chr18,240170037,C,A,MTHFR,26.19
SMP_6514,chr9,33412529,T,C,MYC,60.87
SMP_9291,chr19,22029633,A,G,BRCA2,26.53
SMP_8109,chr1,191667466,A,G,IL6,25.62
SMP_2090,chr4,222348146,G,T,TNF,69.69
SMP_6748,chr20,172124962,C,A,TNF,68.71
SMP_6160,chr4,181689791,C,A,BRCA2,33.03
SMP_9484,chr22,21796652,G,C,MYC,86.95
SMP_3565,chrY,221710973,T,C,APOE,48.12
SMP_1893,chr16,14860955,C,T,BRCA1,72.77
SMP_8228,chr3,106961957,G,C,TP53,82.78
SMP_4796,chr2,219619682,C,A,MYC,55.53
SMP_7813,chr22,109541460,A,C,BRCA2,34.11
SMP_6266,chr13,104423081,G,C,VEGFA,28.94
SMP_2178,chr18,46608723,A,G,BRCA1,22.66
SMP_5970,chr4,232667862,G,A,MTHFR,66.71
SMP_4535,chr5,105297430,C,G,EGFR,63.0
SMP_3178,chr10,163830408,C,A,MYC,56.19
SMP_5524,chr16,238390585,G,A,TNF,20.69
SMP_6391,chr6,169147447,G,C,APOE,63.72
SMP_5144,chr9,51704611,T,A,MYC,78.53
SMP_6502,chr15,206973195,A,T,MYC,27.12
SMP_4694,chr8,191997734,T,C,TNF,98.52
SMP_6620,chr14,147133665,A,G,MTHFR,83.51
SMP_2257,chr6,157819955,C,A,MYC,23.4
SMP_4804,chr21,214519543,G,A,VEGFA,92.82
SMP_6180,chr9,27588376,T,A,TP53,79.7
SMP_3212,chr7,227631958,C,G,BRCA2,93.29
SMP_1882,chr21,106327651,C,G,MTHFR,85.66
SMP_6600,chr17,40854847,A,G,TP53,37.07
SMP_3043,chr19,117275600,G,T,BRCA2,52.85
SMP_5047,chr6,228230192,A,T,IL6,86.06
SMP_3208,chr10,6224554,C,T,EGFR,75.75
SMP_1968,chr7,193463100,T,G,BRCA2,77.0
SMP_6479,chr3,117249756,T,G,BRCA2,62.13
SMP_7613,chr20,49805030,C,G,EGFR,20.08
SMP_4875,chr10,229311419,C,A,MTHFR,91.78
SMP_3321,chr13,177723607,T,A,BRCA2,44.93
SMP_3950,chr18,77197794,C,T,BRCA2,21.21
SMP_5760,chr4,197146559,C,G,TNF,56.36
SMP_7426,chr2,5618202,C,A,APOE,51.75
SMP_3966,chr2,117682397,G,A,MTHFR,22.55
SMP_1897,chr19,154138342,T,G,BRCA1,50.65
SMP_5594,chr18,92632098,G,C,TP53,97.3
SMP_3800,chr3,122367399,A,T,TNF,98.87
SMP_4893,chr10,212063454,T,A,MYC,86.47
SMP_5692,chrX,196400215,G,T,MTHFR,72.03
SMP_7199,chr21,195953915,A,T,TP53,95.79
SMP_4123,chr6,11416388,A,T,TNF,91.66
SMP_3339,chr22,181687769,G,C,MTHFR,55.61
SMP_2270,chr19,135847364,A,G,BRCA1,29.59
SMP_2246,chr8,20417897,A,G,MYC,91.0
SMP_7966,chr17,245710841,T,G,MTHFR,58.02
SMP_7721,chr4,24231943,G,A,IL6,77.59
SMP_8452,chr20,58648595,T,G,TNF,35.43
SMP_7141,chr10,29367386,A,C,MTHFR,71.09
SMP_6384,chr7,153010723,G,T,IL6,97.47
SMP_4942,chr19,123936843,A,G,MYC,64.45
SMP_6014,chr12,47922937,A,C,TNF,33.94
SMP_8098,chr13,34195368,A,C,IL6,54.05
SMP_2141,chr12,34644122,G,A,VEGFA,91.92
SMP_7830,chrY,70860669,T,C,BRCA1,72.08
SMP_1742,chr11,180824138,T,C,TP53,47.45
SMP_6507,chr17,68645466,A,G,VEGFA,28.0
SMP_8819,chr16,36348986,A,G,MYC,72.73
SMP_5005,chr20,182658862,A,C,BRCA2,51.77
SMP_8118,chr4,70020449,T,A,EGFR,96.75
SMP_9303,chr9,7273890,A,G,APOE,89.89
SMP_8506,chr4,126481145,A,G,APOE,80.35
SMP_9296,chr13,209194839,T,A,MYC,44.89
SMP_7116,chr5,70162866,C,A,TNF,54.14
SMP_4225,chr9,173349858,G,C,BRCA2,74.21
SMP_2644,chr14,165574061,G,A,VEGFA,90.55
SMP_1268,chr15,211550477,C,A,IL6,43.78
SMP_8368,chr18,29526507,T,A,MTHFR,71.72
SMP_5876,chr19,21883988,G,A,VEGFA,79.21
SMP_6940,chr2,69577387,G,C,BRCA1,45.79
SMP_5487,chr20,86748515,A,G,MYC,81.64
SMP_8417,chr17,174006092,T,C,TP53,42.94
SMP_5835,chr3,231770668,A,G,VEGFA,54.02
SMP_7421,chr21,228369656,G,C,EGFR,81.46
SMP_9373,chr12,233463729,C,T,BRCA2,95.07
SMP_6726,chr14,204034945,A,G,BRCA2,24.37
SMP_3907,chr8,70423019,G,T,APOE,25.9
SMP_9441,chr6,99172271,T,G,EGFR,59.54
SMP_3172,chr16,34369832,A,C,MYC,88.97
SMP_2649,chr4,53821368,C,G,APOE,33.58
SMP_7644,chr19,75367371,C,T,APOE,90.54
SMP_6122,chr14,73490636,T,G,IL6,76.17
SMP_4960,chr1,147396241,A,G,IL6,61.54
SMP_5340,chr14,223203165,G,A,MYC,82.18
SMP_2876,chr2,166817820,T,G,VEGFA,73.87
SMP_3524,chr17,110866803,C,G,VEGFA,95.82
SMP_8625,chr3,143915464,C,A,BRCA1,27.13
SMP_7141,chr20,136852410,T,C,IL6,67.95
SMP_2453,chr17,77700302,A,T,IL6,47.09
SMP_7539,chr6,200220097,T,C,VEGFA,55.26
SMP_7662,chr2,98965073,T,G,TNF,99.21
SMP_6519,chr22,16502557,G,C,VEGFA,54.83
SMP_5211,chr6,78886269,A,T,MTHFR,26.44
SMP_7876,chr7,140845899,C,G,VEGFA,33.37
SMP_1620,chr3,131664814,A,C,BRCA2,20.2
SMP_3464,chr17,237058180,C,T,EGFR,21.8
SMP_3068,chr10,45641652,G,C,BRCA1,69.91
SMP_4555,chr10,149724436,A,C,BRCA1,93.61
SMP_2518,chr6,144237461,A,G,TNF,52.08
SMP_9911,chr8,57876858,G,C,MTHFR,71.08
SMP_6895,chr3,21348538,C,A,BRCA2,89.08
SMP_4575,chr20,132311106,G,C,TNF,84.91
SMP_2310,chr17,48401601,C,A,EGFR,77.45
SMP_6196,chr6,56998176,A,T,EGFR,70.37
SMP_1053,chr12,165710681,G,C,EGFR,44.56
SMP_9544,chr20,181801117,A,T,BRCA2,62.99
SMP_5928,chr7,106952771,C,G,BRCA2,82.0
SMP_2511,chr4,209587010,C,A,BRCA2,88.07
SMP_6094,chrX,179210343,T,G,BRCA1,42.99
SMP_3053,chr10,101660929,A,G,IL6,50.15
SMP_9346,chr4,56299670,C,T,TNF,79.11
SMP_1195,chr2,248081751,A,G,MYC,46.18
SMP_6049,chr5,97786080,G,T,IL6,57.38
SMP_9844,chr6,19377925,T,C,EGFR,37.27
SMP_4771,chr5,3122100,C,T,MYC,34.82
SMP_1217,chr21,117703503,G,T,EGFR,94.31
SMP_9808,chr2,107699860,T,C,EGFR,79.92
SMP_8900,chr3,110271809,T,G,TP53,92.79
SMP_1937,chr18,28415321,G,T,MTHFR,20.54
SMP_2183,chr11,199907691,A,C,IL6,92.16
SMP_3814,chr6,104125004,T,A,IL6,68.16
SMP_1304,chr5,101639305,A,G,BRCA1,97.94
SMP_3451,chr6,16656159,C,T,TP53,74.6
SMP_7914,chr5,187850369,G,C,VEGFA,95.49
SMP_9715,chr10,60208426,A,G,TP53,74.41
SMP_5566,chr19,95377496,C,A,TP53,63.82
SMP_3722,chr16,79677039,C,T,MYC,72.66
SMP_7899,chr15,141240622,C,A,VEGFA,23.19
SMP_7000,chr15,140640226,G,C,VEGFA,52.28
SMP_9365,chr2,62443107,G,T,MYC,96.28
SMP_8464,chr8,248111841,T,G,EGFR,32.15
SMP_6119,chr1,135984487,C,T,APOE,84.9
SMP_9988,chr19,102629432,G,T,MTHFR,35.4
SMP_1060,chr18,28387005,G,T,VEGFA,25.76
SMP_9353,chr6,98794491,T,C,MTHFR,87.18
SMP_9026,chr1,223042546,A,C,TNF,60.81
SMP_5201,chr15,185203947,G,C,TNF,48.91
SMP_5561,chr8,81256053,A,T,TP53,53.69
SMP_1371,chr13,142647855,A,T,APOE,27.97
SMP_1540,chr10,121566646,T,C,TP53,60.82
SMP_7014,chr15,145284529,A,G,TNF,32.47
SMP_4522,chr20,197919861,C,A,MYC,90.72
SMP_6301,chr7,83182343,A,C,APOE,25.29
SMP_3878,chr13,70834429,G,T,BRCA2,39.17
SMP_9973,chr13,31572318,G,A,BRCA1,70.18
SMP_3673,chr10,154792127,A,C,APOE,58.99
SMP_6309,chr4,64379593,T,A,VEGFA,73.7
SMP_3141,chr3,202442308,A,G,BRCA1,94.17
SMP_4460,chr19,481171,G,A,APOE,48.97
SMP_3199,chr6,5094738,A,T,VEGFA,32.99
SMP_7667,chr21,383786,C,T,MYC,39.67
SMP_7488,chr17,245391607,G,A,TNF,37.65
SMP_5741,chr19,31661812,C,G,EGFR,57.02
SMP_6499,chr16,149118689,C,T,IL6,38.45
SMP_5630,chr22,173146701,T,G,APOE,62.51
SMP_3045,chr15,239476632,T,C,MYC,49.67
SMP_7883,chr4,154264882,T,G,IL6,84.25
SMP_6325,chr19,190172061,G,A,EGFR,47.3
SMP_4468,chr4,136499398,G,A,MTHFR,76.99
SMP_9338,chr19,131178586,T,G,MYC,89.59
SMP_7586,chr15,231217688,A,C,VEGFA,77.57
SMP_4216,chr7,158348092,C,T,TP53,70.6
SMP_2762,chr7,162123168,G,T,MTHFR,81.9
SMP_4573,chr14,145594610,C,T,BRCA1,40.4
SMP_9216,chr18,228888868,T,C,BRCA1,47.84
SMP_6389,chr17,67691837,C,T,BRCA2,25.13
SMP_6663,chr1,162807464,C,A,TP53,30.88
SMP_9195,chr10,62635922,T,C,TNF,50.93
SMP_1060,chr16,58322930,G,C,BRCA2,28.7
SMP_8611,chr19,227934463,G,C,TNF,48.49
SMP_9134,chr1,130669564,A,T,TP53,94.15
SMP_4874,chr13,117393983,A,G,TP53,83.17
SMP_1522,chr4,55510872,G,C,BRCA2,76.78
SMP_4497,chr5,162420547,G,A,TP53,25.54
SMP_8342,chr5,120112031,A,C,MYC,95.8
SMP_7547,chr5,249347667,T,A,APOE,42.84
SMP_9390,chr15,65435600,G,A,TNF,66.08
SMP_7242,chr14,200033051,G,A,TNF,28.78
SMP_8489,chr8,72163326,G,C,IL6,36.42
SMP_9151,chr8,131421900,A,G,BRCA1,95.99
SMP_2494,chr10,246319782,C,A,TP53,21.5
SMP_5823,chr5,191879494,T,C,MYC,39.11
SMP_8379,chr22,2381914,C,T,MYC,38.92
SMP_5292,chr3,23550098,G,T,BRCA2,23.77
SMP_1471,chr15,117633729,C,A,MYC,90.99
SMP_5980,chr17,4881780,A,T,VEGFA,42.1
SMP_3093,chr5,246339111,C,G,MTHFR,63.98
SMP_4136,chr11,91782116,T,G,IL6,96.59
SMP_1984,chr14,229619498,A,C,MYC,85.42
SMP_6982,chrY,229795053,C,T,VEGFA,75.39
SMP_9391,chr4,195412221,C,T,MTHFR,63.62
SMP_1472,chrX,45318431,G,T,TNF,27.8
SMP_9401,chr3,79920205,A,G,APOE,49.9
SMP_4359,chr1,59713830,A,G,MYC,47.01
SMP_9792,chr12,163821743,A,T,MTHFR,55.71
SMP_2459,chr9,161707372,G,T,MYC,34.42
SMP_4034,chr3,149904268,G,T,BRCA1,80.01
SMP_8367,chr11,4254575,A,T,APOE,86.41
SMP_5864,chr13,76928364,G,T,TP53,44.31
SMP_1150,chr2,99183802,G,C,TNF,42.49
SMP_8947,chr5,200912510,A,T,VEGFA,59.12
SMP_3970,chr2,225427089,G,C,TP53,55.78
SMP_4882,chr17,75646928,C,T,IL6,26.12
SMP_8499,chr13,110638854,G,C,MYC,53.21
SMP_5361,chr15,78841151,G,A,TNF,65.75
SMP_2019,chr9,125499605,T,A,IL6,87.49
SMP_2423,chr8,89989748,G,C,MYC,41.16
SMP_3220,chr1,114820315,T,A,EGFR,59.69
SMP_6429,chr14,145406279,T,A,APOE,95.43
SMP_7326,chr8,43464218,T,G,BRCA2,22.29
SMP_5720,chr15,59330556,G,A,APOE,38.02
SMP_3563,chr5,154381985,C,T,BRCA2,65.31
SMP_4280,chr8,241009754,T,C,TP53,85.98
SMP_6140,chr13,173750530,A,T,VEGFA,33.41
SMP_7455,chr12,146597852,G,C,VEGFA,34.43
SMP_7385,chr9,145831600,C,T,VEGFA,50.93
SMP_8604,chr7,60051843,G,T,EGFR,85.03
SMP_9034,chr21,54371064,G,T,BRCA2,95.79
SMP_2277,chr10,198383279,A,T,EGFR,70.52
SMP_7415,chr16,93060417,T,C,BRCA1,61.98
SMP_7113,chr4,96827677,A,G,TNF,48.76
SMP_8667,chr17,67728531,G,C,TP53,40.27
SMP_5632,chr20,119028881,C,T,APOE,63.6
SMP_9966,chr21,25780701,C,T,BRCA2,47.73
SMP_1686,chr20,110582836,A,T,BRCA1,34.68
SMP_8167,chr8,240266699,T,G,BRCA2,47.06
SMP_8384,chr2,36836322,A,G,TNF,44.18
SMP_5114,chr2,246428548,T,C,APOE,57.92
SMP_3913,chr11,170135610,A,T,TNF,20.45
SMP_4336,chr10,208089694,G,A,EGFR,94.43
SMP_7771,chr12,200388569,G,A,APOE,59.71
SMP_9379,chr4,72401369,G,T,BRCA1,27.84
SMP_7423,chrX,61962622,C,T,MTHFR,51.4
SMP_9542,chr20,186873240,C,T,VEGFA,84.91
SMP_3333,chr9,80191035,C,T,MYC,28.3
SMP_3064,chr21,139621642,T,G,MTHFR,63.1
SMP_2459,chr1,72031966,G,A,IL6,46.42
SMP_8090,chr2,17443906,A,T,BRCA1,59.57
SMP_1972,chr7,210002585,A,C,APOE,80.41
SMP_6199,chr12,70672702,T,C,EGFR,64.28
SMP_3846,chr18,185427866,C,A,MYC,32.48
SMP_7803,chr18,158378626,T,G,VEGFA,80.82
SMP_5045,chr20,143801380,G,T,MYC,79.62
SMP_7584,chr4,164587402,C,A,EGFR,65.97
SMP_4618,chr15,210151768,A,G,TP53,73.34
SMP_4387,chr2,69476473,G,A,MTHFR,81.83
SMP_4199,chr4,143213508,A,G,MTHFR,38.98
SMP_9576,chr9,226483982,T,C,BRCA1,41.68
SMP_3853,chr14,244359007,G,T,IL6,79.32
SMP_1775,chr5,158817834,T,C,VEGFA,25.17
SMP_9882,chr12,48684161,A,T,MYC,61.3
SMP_6760,chr7,1909539,C,A,BRCA2,88.48
SMP_4189,chr20,70073550,G,C,TP53,98.89
SMP_8348,chr10,146737788,A,G,BRCA1,71.17
SMP_6060,chrX,56628194,C,T,EGFR,68.9
SMP_6176,chr2,86155224,C,G,TP53,56.92
SMP_9331,chr18,177896384,T,A,TNF,75.88
SMP_4619,chr21,159166532,T,A,MTHFR,90.68
SMP_1341,chr20,60089619,A,C,BRCA1,88.35
SMP_5339,chr18,24131701,T,G,BRCA2,20.34
SMP_8918,chr20,134080751,A,C,TNF,67.53
SMP_5715,chr21,20597481,T,G,IL6,60.62
SMP_4876,chr21,165097686,C,T,EGFR,85.65
SMP_3116,chr7,81358168,A,C,MYC,65.71
SMP_5301,chr2,69553421,T,G,APOE,82.73
SMP_3424,chr15,234188301,T,G,TP53,73.08
SMP_9476,chr11,237479371,G,C,VEGFA,43.55
SMP_9441,chr2,209392905,A,G,BRCA2,53.4
SMP_8603,chr20,170228677,A,T,IL6,56.55
SMP_3556,chr13,208342365,T,G,BRCA2,85.3
SMP_6983,chr8,169577373,C,T,MTHFR,28.58
SMP_1215,chr7,27820236,T,A,MTHFR,55.32
SMP_5645,chr22,111878262,G,C,APOE,49.67
SMP_5236,chr20,196632266,T,A,BRCA1,37.44
SMP_1419,chr3,192472722,G,A,BRCA1,73.98
SMP_5563,chr17,157561092,G,T,MYC,99.85
SMP_4031,chr2,153068495,G,T,EGFR,67.81
SMP_8577,chr4,231751660,G,C,MTHFR,88.47
SMP_6782,chr18,49474531,G,T,EGFR,95.45
SMP_3747,chr15,172411840,A,G,BRCA1,74.38
SMP_3764,chrY,94442605,G,A,EGFR,32.02
SMP_6018,chr16,169000357,G,C,TP53,23.83
SMP_1060,chr16,133253077,T,A,TP53,38.22
SMP_3538,chr20,179953070,T,G,TNF,48.75
SMP_6276,chr12,63894149,T,G,BRCA2,81.64
SMP_6837,chr18,71574688,T,A,MTHFR,65.48
SMP_3079,chr22,125635798,G,T,TP53,37.73
SMP_6532,chr14,75627110,A,C,EGFR,93.09
SMP_5126,chrX,154452366,G,A,TNF,95.05
SMP_8784,chr22,157866175,G,T,MYC,54.88
SMP_3838,chr1,191588636,A,C,APOE,67.38
SMP_9345,chr1,40204435,A,T,TNF,45.77
SMP_3500,chr4,173964247,T,C,EGFR,53.71
SMP_9771,chr5,67538034,T,G,TNF,48.61
SMP_4183,chr5,244984771,G,A,TP53,70.45
SMP_9137,chr13,96057789,A,T,IL6,85.71
SMP_9446,chr19,104003744,G,T,EGFR,51.75
SMP_5513,chr21,240377594,A,T,VEGFA,47.12
SMP_9418,chrY,18959562,A,T,APOE,50.61
SMP_6977,chr7,241682673,T,A,BRCA2,82.97
SMP_8996,chr3,175153440,C,T,VEGFA,22.12
SMP_8432,chrX,226899077,G,A,BRCA1,27.22
SMP_2131,chr1,205273583,T,G,VEGFA,34.0
SMP_9443,chr18,194372792,C,A,BRCA1,27.48
SMP_2004,chr20,118046989,C,T,BRCA1,30.86
SMP_9760,chr21,234468568,A,T,VEGFA,91.02
SMP_8606,chr19,225143500,T,A,VEGFA,61.91
SMP_6157,chr4,21577900,T,C,EGFR,81.5
SMP_8928,chr1,37122437,G,A,MYC,52.35
SMP_8120,chr6,8980973,G,T,IL6,44.57
SMP_6836,chr4,139443402,C,T,MTHFR,52.13
SMP_4845,chr7,195098262,A,G,IL6,65.57
SMP_3946,chr3,168124780,G,C,TNF,60.91
SMP_3574,chr21,165126498,T,G,BRCA2,96.68
SMP_8216,chr7,51607477,A,C,BRCA1,43.46
SMP_7323,chr5,36827553,T,G,VEGFA,50.39
SMP_9135,chr16,183147477,A,G,BRCA2,49.97
SMP_4050,chr8,34956109,C,T,TNF,28.33
SMP_4456,chr18,60566056,C,T,TNF,52.51
SMP_3350,chr11,30804088,T,A,TP53,35.9
SMP_3859,chr2,246249564,T,C,MYC,91.13
SMP_8617,chr14,222534457,A,T,EGFR,80.44
SMP_3118,chr6,117313929,A,T,IL6,39.02
SMP_7544,chr12,105495724,T,A,MTHFR,62.27
SMP_1437,chr20,179250578,G,C,BRCA2,35.83
SMP_3533,chr3,114842721,C,T,MTHFR,64.79
SMP_5704,chr1,43153899,T,C,MTHFR,32.9
SMP_6736,chr18,11874880,G,A,EGFR,68.45
SMP_9568,chr3,60083195,A,C,MYC,36.79
SMP_1128,chr15,83304649,C,T,APOE,73.96
SMP_4893,chr12,160924640,G,C,IL6,49.38
SMP_9170,chr3,133054916,G,T,TNF,64.99
SMP_6672,chr10,142291785,A,C,IL6,60.81
SMP_9192,chr21,72710302,G,T,EGFR,98.27
SMP_1137,chr10,50778463,A,T,MYC,57.69
SMP_6801,chr12,82919427,T,G,BRCA1,60.88
SMP_6467,chr7,25466059,C,T,IL6,85.36
SMP_4282,chr13,205557373,T,C,VEGFA,26.51
SMP_5733,chr6,92486208,A,C,BRCA1,90.2
SMP_4105,chr8,49709068,A,G,TNF,69.02
SMP_1140,chr14,108307344,G,A,TNF,54.37
SMP_9154,chr7,75965328,G,A,BRCA1,90.86
SMP_4983,chr7,234960248,T,C,BRCA2,94.03
SMP_1153,chr11,233095365,G,A,TNF,57.62
SMP_7074,chr18,84836034,T,G,MTHFR,95.67
SMP_3959,chr13,126151080,C,T,TP53,81.17
SMP_3322,chr19,88821617,C,T,IL6,85.69
SMP_7166,chr5,91362061,A,G,TP53,99.07
SMP_3465,chr13,99549387,T,G,BRCA2,84.26
SMP_5823,chr15,188378988,G,A,MYC,80.35
SMP_1721,chr12,217565167,C,G,EGFR,57.06
SMP_7363,chr1,75695448,C,T,IL6,86.14
SMP_2676,chr7,240274426,C,T,IL6,30.67
SMP_7075,chr3,153712184,C,T,MYC,65.98
SMP_5396,chr1,13885258,G,C,BRCA1,75.86
SMP_6720,chr3,96342529,A,T,IL6,94.26
SMP_7129,chr6,50648714,A,T,VEGFA,63.0
SMP_7073,chr4,139318464,A,T,MYC,50.43
SMP_5982,chr21,169571584,C,A,TNF,71.9
SMP_6468,chr7,134623520,T,C,EGFR,44.74
SMP_2358,chr19,196842996,T,C,APOE,31.75
SMP_5127,chr9,91057996,T,A,BRCA2,89.7
SMP_2520,chr22,78014166,C,A,TNF,91.01
SMP_4669,chr6,143110973,T,A,MTHFR,52.87
SMP_3693,chr16,15324178,T,C,MYC,38.0
SMP_2726,chr15,72078166,G,C,TP53,58.22
SMP_9058,chr17,202509597,A,G,BRCA1,89.53
SMP_6658,chr9,155339799,A,T,MYC,26.64
SMP_9968,chr8,112702951,G,C,MYC,79.34
SMP_6350,chr17,49183964,G,T,BRCA1,76.04
SMP_4311,chrX,47523157,T,G,IL6,32.49
SMP_7424,chr11,152061427,G,A,APOE,61.6
SMP_6343,chr6,86133936,G,T,BRCA1,39.49
SMP_1178,chr2,196906499,C,T,TP53,46.53
SMP_4011,chr8,248975316,C,T,IL6,83.26
SMP_3845,chrY,4019654,A,T,APOE,76.49
SMP_1759,chr16,126704936,G,T,EGFR,78.77
SMP_9613,chrY,102673976,C,G,IL6,38.72
SMP_2416,chr5,182479267,T,G,EGFR,60.57
SMP_8804,chr15,69357572,A,T,BRCA1,28.78
SMP_3935,chr13,195442172,C,T,MTHFR,37.25
SMP_9546,chr14,208242896,G,C,APOE,41.05
SMP_8865,chr9,171663021,C,G,VEGFA,71.98
SMP_9647,chr2,29959822,C,A,EGFR,75.35
SMP_7377,chr13,77079527,A,G,EGFR,74.88
SMP_7124,chr11,207954340,C,G,VEGFA,30.97
SMP_8157,chr20,7687639,A,T,BRCA2,33.78
SMP_6265,chr17,92564456,T,G,BRCA1,65.97
SMP_3873,chr5,86900998,A,C,MTHFR,21.84
SMP_7324,chr20,132336986,G,T,MYC,72.93
SMP_7598,chr9,193672722,C,T,BRCA1,76.89
SMP_6762,chr18,235698539,C,T,BRCA1,56.13
SMP_3194,chr13,199328838,T,G,APOE,93.03
SMP_4009,chr4,67227092,C,G,IL6,78.22
SMP_3704,chr1,108103081,A,C,TNF,54.38
SMP_4927,chr3,116033371,T,C,APOE,45.32
SMP_9372,chr9,140998348,G,T,VEGFA,61.6
SMP_8221,chr21,84100844,C,A,TP53,81.83
SMP_6291,chr20,238712409,A,C,IL6,38.58
SMP_8764,chr2,246975387,A,G,TP53,71.55
SMP_2607,chr10,175175622,T,G,APOE,34.98
SMP_1378,chr15,176677894,G,T,MTHFR,72.25
SMP_9849,chr15,5888401,C,T,EGFR,58.88
SMP_5956,chr16,120177370,T,A,BRCA1,84.6
SMP_8930,chr9,53218088,T,A,IL6,45.35
SMP_2785,chr7,212964295,G,C,BRCA1,43.28
SMP_2356,chr18,37469729,A,G,VEGFA,47.23
SMP_3059,chr14,230279625,A,G,TP53,92.83
SMP_4215,chr7,54879961,T,C,TP53,84.68
SMP_4973,chr22,193878639,G,T,BRCA1,96.58
SMP_2442,chr10,43631062,T,C,BRCA2,53.7
SMP_7878,chr8,242540242,G,C,BRCA1,57.2
SMP_7342,chr13,187005322,T,G,IL6,54.48
SMP_1082,chr19,93298846,C,G,TP53,62.05
SMP_9655,chrX,31431514,T,C,MTHFR,23.24
SMP_3637,chr20,117370060,T,C,VEGFA,39.13
SMP_1699,chr17,93679852,A,T,VEGFA,72.23
SMP_7612,chr18,80666014,G,C,TP53,83.03
SMP_2516,chr20,131009598,A,G,BRCA2,88.09
SMP_5844,chr15,117251257,A,C,BRCA2,50.91
SMP_3017,chr18,84585193,C,A,MTHFR,92.98
SMP_6931,chr2,57405558,C,A,APOE,77.82
SMP_4545,chr9,147969259,C,G,EGFR,85.86
SMP_3729,chr12,238680976,G,C,BRCA1,50.49
SMP_2802,chr2,24231877,G,C,TP53,22.2
SMP_8465,chr13,40064704,C,A,MYC,24.62
SMP_5532,chr6,78944568,A,T,MYC,49.19
SMP_9067,chr17,54628592,G,T,APOE,55.23
SMP_2316,chr6,72043068,T,G,BRCA2,70.05
SMP_1114,chr21,223161733,T,A,MYC,48.85
SMP_6162,chr14,169315490,A,C,TNF,69.66
SMP_5051,chr20,105252452,T,A,BRCA1,37.08
SMP_9713,chr9,56638317,T,A,VEGFA,55.35
SMP_3966,chr19,149948635,G,C,VEGFA,80.91
SMP_9626,chr18,57154783,A,G,MTHFR,36.65
SMP_5411,chr18,125612853,T,A,BRCA2,97.31
SMP_7846,chr9,238922146,G,C,VEGFA,44.09
SMP_6333,chr2,159646164,A,C,BRCA2,95.21
SMP_3218,chrX,88062084,G,A,MTHFR,82.62
SMP_9152,chr20,108371623,T,C,TNF,45.78
SMP_3621,chr17,27164869,C,T,IL6,85.94
SMP_7197,chr7,152133626,T,G,APOE,38.69
SMP_6906,chr22,21272229,C,G,TNF,24.98
SMP_8695,chr1,202214997,G,T,EGFR,25.91
SMP_2735,chr3,210504925,A,T,MYC,57.23
SMP_8872,chr6,110847998,A,G,VEGFA,72.82
SMP_9084,chr8,171605692,T,G,EGFR,69.32
SMP_3671,chr4,104449826,G,T,BRCA1,99.25
SMP_5786,chr12,106589137,T,G,TP53,27.48
SMP_5835,chr9,83188707,T,G,IL6,88.17
SMP_9123,chr18,51398170,G,T,TNF,73.25
SMP_7527,chrX,61926028,T,C,EGFR,66.24
SMP_8017,chr10,64126629,G,T,MYC,49.52
SMP_7804,chr20,53503589,G,T,BRCA1,41.6
SMP_9229,chr15,60129443,T,A,TNF,45.83
SMP_7852,chr3,8082660,G,C,MTHFR,72.98
SMP_7382,chr2,131547664,A,C,MYC,65.2
SMP_2201,chr12,67747151,A,G,TNF,21.92
SMP_9384,chr2,136238635,C,T,BRCA1,61.43
SMP_3762,chrX,46823481,T,C,TNF,24.75
SMP_4234,chr1,23228189,T,C,IL6,60.43
SMP_1348,chrY,228050007,T,A,MTHFR,98.67
SMP_4414,chr10,188188652,G,C,IL6,76.66
SMP_9792,chr12,29638065,C,G,TNF,28.23
SMP_2288,chr14,181457607,C,G,APOE,41.27
SMP_3571,chr20,219874787,A,G,MYC,51.94
SMP_5188,chr18,170031304,T,A,MTHFR,33.6
SMP_8987,chr8,87854005,T,C,IL6,64.44
SMP_4577,chr19,67043145,G,C,MYC,38.18
SMP_4375,chr16,56607987,T,G,EGFR,90.08
SMP_4394,chr13,180197484,C,T,BRCA2,77.82
SMP_6757,chr18,40029244,G,T,MYC,26.37
SMP_1142,chr2,197705479,G,T,VEGFA,22.31
SMP_2171,chr7,228061899,T,A,BRCA2,87.03
SMP_5428,chr21,202302488,A,C,MYC,50.51
SMP_1085,chr16,180190883,A,G,VEGFA,92.34
SMP_4103,chrX,42712232,C,T,BRCA1,27.02
SMP_3640,chr19,171476115,G,T,BRCA1,20.53
SMP_1989,chr14,210598928,T,G,APOE,94.1
SMP_3719,chr5,212965521,T,C,MYC,72.17
SMP_9396,chr12,17647036,T,C,MTHFR,27.28
SMP_2366,chr19,103612291,C,G,TNF,64.12
SMP_6160,chr11,197822858,T,G,TNF,46.33
SMP_4009,chr6,80596186,G,C,BRCA2,44.48
SMP_9503,chr20,50179880,G,A,IL6,42.18
SMP_6952,chr13,1205972,C,A,IL6,54.56
SMP_2582,chr2,97172764,G,A,IL6,80.97
SMP_3070,chr5,2573366,A,T,VEGFA,83.75
SMP_4476,chr12,178135112,G,T,MYC,80.98
SMP_5646,chr4,231215943,C,T,EGFR,65.67
SMP_7007,chr4,221837570,T,C,MYC,53.18
SMP_7753,chr14,97928309,G,T,MYC,34.58
SMP_2260,chrY,91019899,T,C,IL6,42.97
SMP_9174,chr2,25911072,C,T,EGFR,54.2
SMP_9440,chr5,134801552,G,C,EGFR,32.24
SMP_4533,chr17,234508929,G,A,TNF,66.34
SMP_9970,chr9,220268806,T,G,VEGFA,61.51
SMP_8365,chr8,110170711,T,A,APOE,64.02
SMP_6254,chr6,148937979,T,G,EGFR,29.19
SMP_2114,chr16,7420206,G,T,APOE,67.77
SMP_4191,chr7,224168756,G,T,APOE,31.61
SMP_7410,chrY,234683150,C,A,VEGFA,74.68
SMP_6518,chr22,138866044,A,G,TNF,91.3
SMP_1542,chr4,21082519,A,T,TP53,62.72
SMP_3717,chr18,153043651,T,G,EGFR,57.89
SMP_2551,chr5,162636671,G,A,MTHFR,87.41
SMP_4783,chr12,20722957,G,T,MTHFR,72.44
SMP_3889,chr3,68605473,A,G,BRCA2,58.27
SMP_4021,chr21,2685574,T,A,TNF,70.44
SMP_3501,chr5,243058254,C,A,IL6,54.58
SMP_5004,chr13,180824980,G,C,BRCA2,79.11
SMP_6889,chr18,224761754,C,T,APOE,34.27
SMP_1105,chr16,66831543,T,G,MTHFR,39.28
SMP_6662,chr20,107021134,A,C,TNF,70.36
SMP_2283,chrY,85727888,A,T,TNF,90.36
SMP_8119,chr12,148225126,G,A,EGFR,41.87
SMP_9554,chr20,181081408,A,C,TP53,65.78
SMP_1490,chr13,39301780,T,A,MYC,79.1
SMP_8212,chr15,186474664,A,G,TP53,27.83
SMP_5284,chr12,159254308,C,G,TP53,35.41
SMP_9901,chr13,211171960,A,T,VEGFA,43.89
SMP_8688,chr9,125015011,C,T,VEGFA,67.73
SMP_3773,chr7,141400713,T,A,BRCA1,70.59
SMP_6693,chr16,210858526,A,C,TNF,71.54
SMP_7606,chr18,118115087,G,A,BRCA2,33.54
SMP_6608,chr14,81762654,G,T,EGFR,38.06
SMP_6247,chr13,81319705,A,T,BRCA2,91.53
SMP_8118,chr20,150281161,T,C,APOE,91.64
SMP_9605,chr11,241500437,A,C,VEGFA,41.94
SMP_2974,chr10,130286068,A,T,TP53,44.66
SMP_3769,chr2,226288626,T,G,BRCA2,87.68
SMP_6280,chr6,56903508,T,C,BRCA2,92.99
SMP_9909,chr11,196704743,A,G,TP53,56.33
SMP_9019,chr10,106861769,C,T,BRCA1,68.24
SMP_8371,chr18,237475152,A,C,TP53,67.33
SMP_8218,chr14,226015732,G,A,EGFR,87.72
SMP_5694,chr13,185445567,A,G,IL6,86.67
SMP_3988,chr7,127778731,T,A,MYC,33.04
SMP_8616,chr1,107048807,C,A,TP53,48.6
SMP_6013,chr14,97517126,C,G,MTHFR,97.56
SMP_3318,chr4,29276680,C,A,APOE,34.9
SMP_4208,chr5,151795706,T,A,BRCA1,69.0
SMP_4623,chr11,193994586,T,G,EGFR,63.18
SMP_9282,chr6,6663104,A,C,MYC,30.42
SMP_3735,chr4,172171956,C,A,TNF,94.33
SMP_2057,chr20,195559549,C,T,BRCA2,48.63
SMP_1174,chr19,116664147,A,G,TP53,99.76
SMP_8433,chr14,209839208,A,C,MTHFR,70.42
SMP_5921,chr18,129734854,G,C,TP53,35.32
SMP_2439,chr1,140507415,A,C,IL6,24.51
SMP_7978,chr15,20773682,G,A,IL6,67.77
SMP_9866,chr3,87666472,C,G,BRCA1,47.59
SMP_9102,chr5,194836905,G,T,TP53,29.82
SMP_7349,chr5,225077507,A,G,MYC,37.28
SMP_7059,chr21,75446386,A,C,MTHFR,45.18
SMP_9620,chr3,33342834,A,T,VEGFA,32.48
SMP_9542,chr22,169558000,A,C,TNF,24.49
SMP_1333,chr10,10136262,T,C,TNF,28.6
SMP_1424,chr7,52696833,A,C,BRCA1,31.12
SMP_1011,chr12,69073395,A,C,TNF,22.89
SMP_4216,chr4,118721192,T,A,EGFR,35.34
SMP_1341,chrY,241386293,C,G,TNF,44.15
SMP_3270,chr3,236724511,T,A,APOE,56.05
SMP_1264,chr14,140490061,C,T,BRCA2,31.84
SMP_8090,chr15,76472836,T,C,APOE,39.04
SMP_3587,chr21,211324786,G,C,IL6,77.48
SMP_7156,chr6,85907424,T,A,EGFR,50.1
SMP_8773,chrX,144868684,C,A,TP53,53.72
SMP_2094,chr22,61037045,C,G,TP53,76.69
SMP_5001,chr16,216880680,G,C,APOE,85.96
SMP_4898,chr14,72232656,C,T,IL6,20.68
SMP_4503,chr5,63657890,G,C,MTHFR,30.13
SMP_3560,chr2,5283781,T,C,EGFR,98.41
SMP_8743,chr8,134452676,A,C,TP53,73.66
SMP_4955,chr7,15090400,T,C,VEGFA,34.31
SMP_8495,chr17,24230153,C,G,MTHFR,66.12
SMP_8901,chr22,64038874,C,T,BRCA1,49.22
SMP_4400,chr16,170194553,T,A,IL6,93.46
SMP_4017,chr4,123083360,A,C,VEGFA,20.29
SMP_9634,chr10,17717597,G,T,IL6,74.42
SMP_2861,chrX,140928595,A,C,BRCA2,94.61
SMP_8958,chr21,136038178,A,T,EGFR,78.3
SMP_5912,chr18,22819597,G,A,BRCA2,23.19
SMP_9216,chr1,19436544,C,A,IL6,44.92
SMP_7469,chr12,246641438,C,T,EGFR,32.58
SMP_2080,chr16,187132994,A,G,MTHFR,77.19
SMP_6468,chr13,106311003,A,G,TNF,74.3
SMP_8017,chr7,214080773,T,A,EGFR,28.18
SMP_3931,chr18,123893105,T,G,MTHFR,69.84
SMP_7981,chr16,128535118,C,G,EGFR,64.91
SMP_4311,chr10,51075177,G,A,TNF,81.88
SMP_4641,chr9,97063910,C,T,TNF,73.97
SMP_7428,chr11,239796943,C,A,BRCA1,34.28
SMP_6229,chr12,240845314,C,T,MTHFR,55.15
SMP_9910,chr11,85020420,T,A,TP53,94.05
SMP_7087,chr4,90033366,G,T,IL6,36.69
SMP_7494,chr12,44330707,A,G,EGFR,58.26
SMP_7635,chr14,110625050,G,T,BRCA2,39.66
SMP_8763,chrY,242842573,C,T,MYC,41.59
SMP_2940,chr4,158635234,C,A,VEGFA,60.13
SMP_9959,chr18,41343580,G,T,MYC,85.82
SMP_9175,chr2,244811058,T,A,EGFR,21.14
SMP_7219,chr21,57524558,A,T,BRCA1,87.9
SMP_7737,chr15,35643024,T,C,BRCA1,31.22
SMP_4671,chr3,92535740,T,C,BRCA1,81.15
SMP_8515,chr13,19736924,G,T,APOE,60.78
SMP_8740,chr5,148369706,G,T,BRCA2,37.71
SMP_5383,chr7,996803,C,A,TNF,39.77
SMP_1659,chr1,35052611,G,C,BRCA1,71.42
SMP_8490,chr5,207941699,A,C,TNF,87.62
SMP_3143,chr19,228164188,G,A,TP53,60.27
SMP_8022,chr12,216199467,A,T,BRCA2,88.18
SMP_9727,chr1,16023504,T,G,APOE,27.49
SMP_2411,chr15,114635437,G,T,MTHFR,51.22
SMP_1260,chr18,144249003,A,G,IL6,32.21
SMP_4162,chr20,57224737,G,A,IL6,69.03
SMP_8696,chr12,237890656,G,A,MTHFR,24.2
SMP_3431,chr18,42860591,C,T,BRCA2,76.06
SMP_4219,chr15,241673572,G,A,IL6,76.6
SMP_2459,chr17,200779987,T,A,IL6,57.71
SMP_5975,chr4,54232745,T,C,BRCA2,37.37
SMP_5714,chr3,70384002,G,T,IL6,36.78
SMP_2509,chr1,202804394,G,A,BRCA1,60.3
SMP_4932,chr14,79540318,C,A,BRCA2,20.9
SMP_4993,chr15,192935645,G,A,BRCA2,50.98
SMP_2154,chr6,33512269,G,C,APOE,90.3
SMP_6411,chr2,124806381,A,C,BRCA2,55.85
SMP_6864,chr12,33671173,T,A,MTHFR,98.32
SMP_8369,chr11,231166091,T,C,TP53,72.49
SMP_2889,chr7,163341021,T,C,BRCA2,39.76
SMP_2404,chr14,231164102,A,C,BRCA1,31.39
SMP_3400,chr15,91851336,G,T,VEGFA,30.86
SMP_9426,chrX,48161982,C,A,BRCA2,44.93
SMP_9334,chr9,69448985,T,A,TNF,54.66
SMP_1409,chr4,50144712,C,A,EGFR,21.94
SMP_3791,chr17,109057691,A,G,APOE,43.95
SMP_8163,chr16,140376088,G,C,BRCA1,55.34
SMP_3975,chr10,186352159,G,T,BRCA1,45.17
SMP_1924,chrY,14785218,A,C,TNF,64.0
SMP_4976,chr18,148150056,A,C,MYC,51.46
SMP_5398,chr1,1890703,G,C,VEGFA,90.95
SMP_9576,chr4,62239119,G,T,BRCA2,84.68
SMP_6155,chr22,18366019,G,T,APOE,65.28
SMP_3139,chr16,154116998,G,T,BRCA1,61.49
SMP_2654,chr7,32372206,C,A,BRCA2,84.45
SMP_6839,chr5,48040802,T,G,EGFR,21.84
SMP_7457,chr18,146862152,G,T,TP53,27.57
SMP_6930,chr3,117810693,C,A,IL6,93.92
SMP_2623,chr18,214439784,A,C,IL6,20.32
SMP_4125,chr8,26650063,C,T,EGFR,34.06
SMP_9783,chr14,111038932,G,C,APOE,80.37
SMP_5868,chr4,164303225,T,A,APOE,24.79
SMP_6363,chr21,129557903,G,T,MYC,55.01
SMP_3491,chr22,48884911,T,G,BRCA1,76.09
SMP_2865,chr1,172352107,A,C,MYC,52.03
SMP_3710,chr16,226551469,T,G,MYC,97.46
SMP_4040,chr12,196504788,G,A,VEGFA,43.01
SMP_2239,chr13,89532898,A,C,BRCA1,77.27
SMP_3997,chr1,168030304,A,T,VEGFA,66.2
SMP_5863,chr4,48500392,G,T,MTHFR,76.51
SMP_6117,chrY,153121317,G,C,EGFR,88.87
SMP_1124,chr13,248693271,T,A,VEGFA,89.25
SMP_8084,chr20,140978955,T,A,APOE,64.1
SMP_1907,chr2,168208934,A,G,VEGFA,75.37
SMP_8579,chr15,132842723,C,G,VEGFA,85.75
SMP_4182,chr22,22095257,T,G,MYC,52.29
SMP_2327,chr20,83219592,C,T,TP53,54.73
SMP_5625,chr5,150501724,C,T,VEGFA,66.36
SMP_9486,chr3,244577515,A,C,BRCA2,52.77
SMP_3719,chrX,52152191,T,A,TNF,99.39
SMP_7228,chr8,204041190,C,A,VEGFA,67.18
SMP_8084,chr10,188926972,A,G,VEGFA,62.5
SMP_4067,chr12,226423628,G,T,BRCA2,75.25
SMP_7768,chr4,224037599,A,T,VEGFA,36.25
SMP_9062,chr14,103479473,G,C,TP53,56.56
SMP_5777,chr21,116340771,C,A,BRCA1,46.25
SMP_5578,chr14,221661435,C,T,APOE,20.25
SMP_8279,chr19,133164034,A,G,TP53,86.14
SMP_9540,chr21,177323020,C,G,BRCA1,68.83
SMP_9431,chr7,76704656,T,C,EGFR,56.43
SMP_9575,chr21,25507049,G,C,VEGFA,91.18
SMP_6456,chr5,35566956,C,T,EGFR,83.58
SMP_5123,chr7,56703553,T,C,MTHFR,38.48
SMP_5978,chr17,151278004,A,C,APOE,20.48
SMP_1323,chr13,243266259,G,T,MTHFR,50.21
SMP_8483,chr2,39913906,T,C,VEGFA,77.36
SMP_8585,chr12,55596035,T,G,MTHFR,85.81
SMP_9192,chr19,216244059,C,G,BRCA2,28.02
SMP_9438,chr21,26406619,C,T,EGFR,53.01
SMP_6453,chr5,216824433,C,G,IL6,21.41
SMP_9370,chr21,202046866,T,A,VEGFA,55.57
SMP_2601,chr3,49417087,A,C,BRCA1,57.91
SMP_8794,chr21,237102485,G,A,EGFR,46.55
SMP_1708,chr1,123788445,T,A,VEGFA,93.85
SMP_1781,chr6,198754281,T,A,BRCA1,81.92
SMP_5076,chr5,180825090,C,A,BRCA1,32.52
SMP_8412,chr3,243107776,G,A,VEGFA,38.03
SMP_4977,chr18,107243177,C,T,MYC,82.06
SMP_6825,chr20,131214958,A,C,BRCA2,73.05
SMP_6426,chr14,165151656,T,C,MYC,38.58
SMP_7307,chr7,206652767,T,C,VEGFA,44.16
SMP_4046,chr8,160107699,C,A,MYC,34.36
SMP_5379,chr21,22088041,A,G,TP53,43.97
SMP_4937,chr6,13937798,C,A,MTHFR,57.96
SMP_9063,chr18,152466838,T,G,MTHFR,20.79
SMP_4592,chr5,142401487,C,G,TP53,27.92
SMP_8312,chr14,25058667,T,A,APOE,50.47
SMP_4564,chr20,218720284,C,A,EGFR,47.46
SMP_3632,chr21,40199042,C,A,IL6,75.79
SMP_7962,chr9,173425409,G,T,TNF,35.31
SMP_1166,chr12,51717634,G,A,MYC,32.19
SMP_6275,chr1,42158334,T,A,MYC,34.72
SMP_3146,chr21,57921710,T,A,IL6,37.28
SMP_4217,chr3,148516405,G,C,IL6,31.82
SMP_4141,chr14,223495798,G,T,TP53,31.02
SMP_8226,chr20,105008098,A,G,BRCA2,77.4
SMP_3444,chr15,80998428,C,G,TNF,97.78
SMP_1376,chr13,237333888,T,A,EGFR,62.95
SMP_6346,chr20,72865517,C,G,EGFR,67.4
SMP_3523,chr6,114744513,A,G,IL6,84.99
SMP_4523,chr9,218899625,G,C,EGFR,99.58
SMP_3895,chrX,96517027,C,T,IL6,93.26
SMP_9637,chr18,234557371,T,C,BRCA1,97.4
SMP_5994,chr17,31039163,A,C,APOE,86.9
SMP_3940,chr3,106185498,A,C,MYC,40.56
SMP_7441,chr5,13613058,T,A,BRCA1,96.86
SMP_1297,chr8,187548463,C,G,TNF,58.56
SMP_8684,chr4,143883532,G,A,MTHFR,74.62
SMP_7930,chr18,168059539,T,G,VEGFA,23.74
SMP_6598,chr4,69092339,C,G,IL6,25.87
SMP_3944,chr11,98243223,A,C,BRCA2,46.04
SMP_1438,chr16,86280402,G,T,BRCA1,56.85
SMP_3415,chr5,159552161,C,T,VEGFA,63.48
SMP_4871,chr5,190347886,C,A,TP53,48.83
SMP_8693,chr11,215017420,T,C,BRCA2,37.22
SMP_1015,chr8,227787222,C,T,TNF,31.67
SMP_2459,chr2,3834213,G,A,MTHFR,30.14
SMP_2087,chr21,142890281,A,T,MTHFR,25.12
SMP_8341,chr10,242351296,G,A,BRCA2,88.48
SMP_4446,chr20,17658524,C,A,TNF,28.96
SMP_9154,chr1,172570027,C,A,EGFR,83.99
SMP_3486,chr4,144591440,G,A,BRCA1,89.5
SMP_5424,chrY,201428778,A,G,BRCA2,54.35
SMP_1831,chr6,102027268,C,G,IL6,30.38
SMP_5266,chrX,233743959,A,G,BRCA2,94.14
SMP_2387,chr5,14093348,G,A,TNF,90.49
SMP_7775,chr2,32724597,T,C,IL6,25.49
SMP_3230,chr4,221143594,C,T,BRCA2,51.99
SMP_4473,chr6,225790383,A,T,MTHFR,25.77
SMP_6923,chr17,30990766,A,T,EGFR,27.63
SMP_7183,chr22,103801872,G,C,TP53,47.76
SMP_7043,chr13,118347546,G,A,BRCA1,94.87
SMP_9726,chrX,53593651,C,A,BRCA2,25.41
SMP_3421,chr5,238017093,T,C,MYC,22.5
SMP_6963,chr10,45427807,A,G,MYC,46.66
SMP_2608,chr9,6825062,C,T,EGFR,50.33
SMP_4181,chr18,146501088,C,T,APOE,36.63
SMP_8148,chr20,207784974,G,T,EGFR,64.8
SMP_5974,chr6,180669861,C,T,EGFR,21.59
SMP_5008,chr17,1167532,A,T,MTHFR,40.85
SMP_7294,chr3,99908431,G,A,BRCA2,24.31
SMP_8957,chr17,73578612,C,G,IL6,73.61
SMP_5374,chr13,201213703,A,C,MYC,55.02
SMP_4088,chr4,95579063,A,T,MTHFR,56.13
SMP_1919,chr14,208057075,C,T,MTHFR,88.83
SMP_8555,chr18,33488156,T,C,IL6,37.26
SMP_9813,chr15,72299825,C,T,TNF,81.09
SMP_2993,chr2,203822320,A,T,MTHFR,55.03
SMP_8368,chr4,95409386,G,T,BRCA1,52.67
SMP_3392,chr1,113722320,C,G,BRCA2,68.75
SMP_7097,chr21,97835820,G,C,BRCA2,99.4
SMP_3683,chr8,97952820,T,C,BRCA1,48.56
SMP_5220,chr11,29593560,G,C,EGFR,64.94
SMP_2507,chr5,129985784,C,G,IL6,33.02
SMP_9909,chr9,193664866,A,G,IL6,86.32
SMP_4198,chr17,230671733,A,T,MTHFR,29.3
SMP_4725,chr11,110083303,G,C,BRCA2,66.16
SMP_8499,chr17,91574718,C,G,EGFR,67.45
SMP_8271,chr16,130556423,G,T,BRCA1,43.93
SMP_9213,chr16,39174936,C,A,MTHFR,98.75
SMP_2068,chr5,224700521,C,T,APOE,57.26
SMP_3372,chr4,156075571,C,T,TNF,62.84
SMP_3096,chr14,93148015,T,A,TNF,23.16
SMP_8929,chr9,11435764,G,T,BRCA2,44.13
SMP_3256,chr21,177454882,A,T,TP53,78.78
SMP_3037,chr1,157588863,G,C,TP53,63.96
SMP_1887,chr7,169487589,T,G,APOE,93.33
SMP_2121,chr12,35503061,T,G,IL6,30.43
SMP_4873,chr13,183336948,G,A,VEGFA,36.11
SMP_8492,chr13,89253658,C,T,BRCA2,39.01
SMP_6330,chr1,121602005,G,T,MYC,62.74
SMP_4865,chr19,174963733,T,A,MYC,46.6
SMP_5879,chr7,129965013,A,T,IL6,83.97
SMP_4788,chr13,65131227,G,T,IL6,72.53
SMP_7674,chr21,114446718,G,T,BRCA1,35.14
SMP_2615,chr1,27582735,G,A,MYC,25.01
SMP_1764,chr10,1861649,A,T,IL6,72.73
SMP_3702,chr8,185987577,T,C,MYC,36.18
SMP_3478,chr3,119586357,A,C,APOE,79.11
SMP_6791,chr4,3312695,A,G,VEGFA,55.39
SMP_9232,chr13,98238268,T,A,MTHFR,59.99
SMP_5262,chr16,164320025,T,C,BRCA1,41.47
SMP_8975,chr14,82906341,A,T,BRCA1,49.26
SMP_7742,chr2,146355050,A,C,TNF,80.69
SMP_2799,chr7,159957814,A,T,IL6,64.3
SMP_2246,chr18,107650370,A,G,TNF,43.35
SMP_9341,chr17,31000477,G,A,MYC,89.43
SMP_1016,chr7,92721435,G,T,VEGFA,52.43
SMP_7506,chr22,136249124,T,A,BRCA2,85.46
SMP_8185,chr20,244957444,T,G,TP53,61.37
SMP_6801,chr4,163764353,G,A,MYC,63.16
SMP_2393,chr14,175260823,C,G,IL6,93.18
SMP_5374,chr18,115223089,C,T,MYC,74.63
SMP_7151,chr19,73742803,T,C,EGFR,32.64
SMP_3190,chr8,15961569,G,C,MTHFR,46.23
SMP_7838,chr2,100247432,A,T,VEGFA,32.64
SMP_6899,chr22,80005168,A,C,TNF,49.95
SMP_4901,chrX,187514503,T,G,TNF,90.46
SMP_9939,chr15,182006265,C,A,IL6,43.58
SMP_4163,chr1,208148017,G,C,MTHFR,21.66
SMP_9066,chr22,33877470,A,T,MYC,41.76
SMP_9942,chr16,118905056,A,G,TNF,42.69
SMP_9166,chr11,27824972,G,T,TNF,50.35
SMP_2860,chrX,51545814,G,C,BRCA1,30.4
SMP_9463,chr12,75558407,C,A,BRCA1,82.59
SMP_2987,chr10,146819288,G,A,IL6,32.25
SMP_8353,chr8,118512968,C,A,TNF,70.51
SMP_3574,chr19,240185687,G,T,BRCA1,95.24
SMP_8209,chr17,111069937,G,T,MYC,89.48
SMP_1200,chr14,165040036,C,T,TP53,83.65
SMP_3051,chr14,145436083,C,G,BRCA2,41.49
SMP_2293,chr21,214502751,C,G,TNF,59.0
SMP_9865,chr9,163381352,A,C,TNF,65.64
SMP_3085,chr3,239483075,A,C,TP53,82.0
SMP_4617,chrX,211180650,G,A,TP53,85.71
SMP_6967,chr2,113590554,T,G,MTHFR,74.3
SMP_1203,chr2,181425816,C,G,EGFR,49.82
SMP_5102,chr3,205958070,A,T,TNF,38.48
SMP_3661,chr1,237630862,T,G,BRCA2,81.83
SMP_5393,chr11,176732789,C,G,TNF,60.78
SMP_6702,chr8,153316080,A,C,MYC,60.86
SMP_5254,chr18,176699445,A,T,EGFR,30.32
SMP_6848,chr15,117978209,A,C,BRCA1,23.16
SMP_3585,chr1,228737135,C,G,EGFR,63.31
SMP_4720,chr7,79192681,A,T,BRCA2,26.06
SMP_7771,chr14,160414383,A,C,VEGFA,76.58
SMP_5203,chr20,183946481,A,G,TP53,80.69
SMP_5107,chrX,214222636,A,T,VEGFA,72.93
SMP_9761,chr18,124016223,C,T,VEGFA,90.66
SMP_6652,chr21,39031983,T,C,BRCA1,47.9
SMP_9091,chr6,239363373,C,A,TP53,29.21
SMP_9719,chr13,165657325,A,C,MYC,33.24
SMP_1721,chr4,199833193,T,A,VEGFA,71.81
SMP_5886,chr17,82096208,C,G,BRCA1,87.4
SMP_4276,chr2,113761997,C,A,MYC,77.36
SMP_4712,chr14,185235899,T,G,BRCA2,28.43
SMP_2964,chr14,138991019,A,C,MTHFR,83.61
SMP_8673,chr10,113768381,G,A,MYC,29.78
SMP_7753,chr17,39321223,T,C,TP53,41.85
SMP_1101,chr7,134531814,C,G,TP53,62.38
SMP_9890,chr18,90099546,A,T,IL6,91.42
SMP_4079,chr1,6297064,C,T,APOE,79.2
SMP_3553,chr5,32574811,C,T,TP53,32.71
SMP_7711,chr14,184868478,G,T,MYC,79.37
SMP_2465,chr20,143911330,A,G,BRCA2,64.74
SMP_3618,chr7,55876594,T,C,APOE,93.01
SMP_3574,chr5,170335782,C,T,MYC,76.75
SMP_9220,chr10,29572458,T,A,MYC,62.8
SMP_7297,chr21,95358951,G,T,BRCA1,98.02
SMP_6247,chr6,86419726,C,G,TNF,91.73
SMP_2891,chr1,79389801,C,T,MYC,29.41
SMP_4976,chr3,83876247,T,A,IL6,29.9
SMP_6993,chr5,11216130,C,A,BRCA1,52.17
SMP_4330,chr8,59741162,T,G,TNF,21.68
SMP_5043,chr19,28448134,A,T,BRCA1,21.37
SMP_2861,chr4,62627866,T,A,APOE,99.65
SMP_1706,chr6,135100681,C,T,MTHFR,23.64
SMP_7856,chr22,139978950,C,T,TP53,55.78
SMP_9535,chr2,206697742,C,A,BRCA2,75.58
SMP_9280,chrY,73207374,C,G,VEGFA,34.48
SMP_5327,chr7,107833679,C,G,MTHFR,78.57
SMP_9589,chr11,137080966,C,A,TP53,58.43
SMP_6506,chr4,232405878,T,A,TNF,79.98
SMP_5451,chr3,15101026,T,C,IL6,51.85
SMP_1303,chr11,131258405,T,G,BRCA2,85.48
SMP_6556,chr2,94022405,G,A,APOE,40.29
SMP_7555,chr2,212995587,A,C,TNF,70.28
SMP_8211,chr20,69387917,G,A,MYC,98.62
SMP_4919,chr20,149604907,A,T,TP53,98.92
SMP_8265,chr2,221838627,A,T,EGFR,93.68
SMP_2911,chr1,178627113,T,A,APOE,93.78
SMP_5570,chr8,101961794,C,G,TNF,48.73
SMP_9368,chr4,126397460,G,C,TP53,28.32
SMP_2450,chr16,206375762,C,A,MTHFR,42.42
SMP_6136,chr7,139278309,C,G,MYC,47.87
SMP_4285,chr7,231569090,T,C,TNF,25.6
SMP_9279,chr22,227973907,T,G,BRCA2,87.59
SMP_5953,chr2,83947338,A,C,MTHFR,85.07
SMP_9413,chr11,103183643,T,G,BRCA2,26.93
SMP_4407,chr13,38076422,A,G,VEGFA,73.36
SMP_7139,chr16,50115257,T,C,MTHFR,52.75
SMP_1974,chr12,129711484,C,A,MTHFR,35.01
SMP_1947,chr14,207448754,G,T,MYC,92.6
SMP_9428,chr13,186972879,G,T,BRCA2,67.23
SMP_3108,chr21,201389575,G,C,EGFR,37.8
SMP_5274,chr13,148326174,G,C,BRCA1,56.63
SMP_4819,chr3,147816603,G,T,IL6,64.74
SMP_5002,chr14,155308865,A,T,BRCA1,39.24
SMP_9204,chr12,71490036,A,T,EGFR,85.61
SMP_5210,chr4,131824235,C,T,APOE,30.78
SMP_5370,chr10,209715362,A,C,BRCA2,97.28
SMP_4854,chr13,165434266,T,C,MYC,88.74
SMP_2808,chr20,151534752,G,T,EGFR,34.56
SMP_8559,chr15,120870383,C,G,BRCA2,94.11
SMP_6416,chr10,33897573,G,A,MTHFR,55.93
SMP_4894,chr10,142771413,G,T,IL6,68.08
SMP_4016,chr10,170410234,T,A,MTHFR,23.39
SMP_2070,chr11,193810000,A,G,TNF,89.28
SMP_4286,chr11,18011616,T,C,TNF,85.32
SMP_3730,chr22,222895876,C,A,EGFR,67.65
SMP_8043,chr7,235609743,A,T,TP53,20.62
SMP_6036,chr20,233818245,C,G,VEGFA,87.44
SMP_6299,chr4,108068673,A,G,MYC,83.85
SMP_3554,chr22,92609247,C,A,MTHFR,39.47
SMP_6279,chr4,8664966,C,A,BRCA1,38.67
SMP_3550,chr11,9539164,T,A,IL6,25.13
SMP_6242,chr8,215439987,G,A,VEGFA,63.33
SMP_6600,chr6,51219974,A,G,MTHFR,43.58
SMP_6342,chr6,103711510,T,A,BRCA2,49.7
SMP_6948,chr12,15550593,T,G,BRCA1,27.13
SMP_6096,chr21,71274086,G,T,BRCA1,82.19
SMP_6607,chr18,142682110,G,A,TP53,43.55
SMP_7704,chrX,108539417,A,T,EGFR,76.94
SMP_6287,chr9,44690543,G,A,MTHFR,40.42
SMP_3259,chr6,15429532,G,C,BRCA1,53.25
SMP_6964,chr11,241298398,T,G,TNF,51.73
SMP_1341,chr18,104938529,G,C,EGFR,35.59
SMP_1086,chr11,80236879,G,T,APOE,74.16
SMP_2406,chr21,182533035,C,G,VEGFA,82.52
SMP_3045,chr15,122112914,A,G,MYC,45.4
SMP_1745,chr14,28361531,A,C,IL6,67.12
SMP_6512,chr5,10019754,A,C,MTHFR,58.05
SMP_1895,chr6,86064676,T,G,TNF,53.0
SMP_8424,chr4,219096213,A,C,IL6,72.08
SMP_1175,chr18,224251353,C,G,BRCA2,28.63
SMP_1734,chr12,162573114,C,A,APOE,95.66
SMP_8386,chr17,48246223,G,T,APOE,83.9
SMP_1900,chr7,44169644,T,C,MTHFR,43.4
SMP_3150,chrX,78907591,T,G,BRCA2,49.48
SMP_2651,chr2,8874169,G,A,IL6,64.71
SMP_9389,chr20,246523144,G,A,APOE,41.71
SMP_8862,chr10,40741407,T,G,VEGFA,96.65
SMP_1483,chr12,54033817,A,G,TNF,70.48
SMP_6366,chr3,167725300,T,G,TNF,46.07
SMP_9363,chr20,233204118,T,C,MYC,35.04
SMP_3417,chr18,161824101,G,T,BRCA2,79.42
SMP_6582,chrY,72389685,T,A,TNF,42.63
SMP_7035,chr7,64093827,T,C,IL6,41.84
SMP_9669,chr13,110092536,G,A,TP53,93.45
SMP_5558,chr5,140959438,A,T,EGFR,34.45
SMP_3457,chr14,139864004,T,G,MTHFR,93.01
SMP_3502,chr5,136916777,G,A,TNF,47.5
SMP_1636,chr2,20410121,A,G,TNF,71.13
SMP_1789,chr16,25560501,C,G,TNF,44.95
SMP_1980,chr20,225175289,T,A,TP53,69.19
SMP_2934,chr5,11814815,A,T,IL6,95.01
SMP_1471,chr2,197827708,T,G,APOE,80.41
SMP_3573,chr21,77019980,G,C,MTHFR,31.99
SMP_7077,chr8,73810818,A,G,MTHFR,75.22
SMP_4781,chr5,49345664,C,T,EGFR,29.2
SMP_1603,chr7,106445998,A,C,BRCA1,95.71
SMP_3326,chr9,172135539,C,A,BRCA1,88.75
SMP_2247,chr14,83374175,A,G,MTHFR,60.17
SMP_3463,chr18,3967902,G,T,BRCA1,87.18
SMP_7771,chr22,75960219,C,G,TP53,90.8
SMP_2376,chr20,18379061,C,G,BRCA2,74.54
SMP_6302,chr17,169344150,T,G,EGFR,34.39
SMP_1094,chr19,205749202,A,T,MYC,72.13
SMP_8156,chr6,57559417,A,G,MYC,25.71
SMP_4951,chr17,50830148,T,A,IL6,57.3
SMP_2453,chr4,164465128,A,T,BRCA2,60.99
SMP_9793,chr6,34813225,A,C,VEGFA,50.92
SMP_8929,chr9,84910001,C,T,IL6,84.87
SMP_5335,chr10,161511942,T,A,APOE,86.4
SMP_3650,chr10,91243740,G,T,TNF,41.05
SMP_4045,chr7,87654098,A,T,TNF,47.69
SMP_4417,chr11,108186744,G,C,BRCA1,44.13
SMP_3416,chr1,22257519,A,C,IL6,71.9
SMP_5977,chr6,32169081,T,C,APOE,57.34
SMP_3618,chr7,154653062,G,T,VEGFA,97.76
SMP_6472,chr1,94774495,C,G,TNF,89.07
SMP_7480,chr19,86074132,T,G,IL6,55.69
SMP_3003,chr7,93603770,G,C,EGFR,26.6
SMP_3378,chr8,193672851,C,G,BRCA2,92.23
SMP_8685,chr13,72128510,T,G,EGFR,52.86
SMP_4958,chr13,120462797,G,T,EGFR,21.47
SMP_7371,chr1,160431368,T,G,BRCA1,26.61
SMP_7426,chr1,237558881,A,G,TP53,21.02
SMP_4023,chr7,44096940,G,T,MYC,48.05
SMP_5374,chr14,186971562,C,A,VEGFA,69.03
SMP_2860,chr22,213458693,A,G,VEGFA,73.02
SMP_3722,chr9,126852093,C,T,TP53,36.5
SMP_5647,chr18,35208973,C,G,MYC,23.76
SMP_3968,chr4,69820143,T,G,BRCA2,85.88
SMP_8981,chr15,65652367,T,C,VEGFA,61.54
SMP_4112,chr20,242880376,G,T,EGFR,49.56
SMP_3730,chr11,139008683,C,A,EGFR,96.49
SMP_8550,chr22,173078182,A,C,MYC,72.5
SMP_7174,chr8,81172091,A,T,BRCA1,94.19
SMP_3398,chr3,242737959,T,C,MYC,94.78
SMP_6260,chrX,232943575,T,A,EGFR,73.47
SMP_5466,chr20,235707435,C,G,VEGFA,55.58
SMP_7848,chr7,144661431,G,C,TP53,58.4
SMP_4765,chr3,187247725,G,T,TP53,28.32
SMP_8922,chr8,237148632,C,G,BRCA2,74.45
SMP_9561,chr21,100796216,T,A,EGFR,79.44
SMP_2572,chr19,123018246,T,A,MTHFR,77.62
SMP_8325,chr20,116096364,T,A,EGFR,28.32
SMP_3896,chr13,12755654,A,G,APOE,27.27
SMP_7782,chr14,210019812,A,G,BRCA1,32.1
SMP_5462,chr3,7253980,T,A,IL6,30.88
SMP_9662,chrY,152072643,G,A,MYC,38.72
SMP_5471,chr15,114280952,C,G,EGFR,74.97
SMP_7063,chr6,71659544,C,G,TP53,70.47
SMP_2530,chr20,125117861,G,A,APOE,60.82
SMP_6731,chrY,195648913,C,G,TNF,34.19
SMP_6667,chr15,156154599,C,T,IL6,20.53
SMP_2835,chr6,248599125,C,G,VEGFA,53.6
SMP_6145,chr21,55741156,C,G,TP53,90.77
SMP_4196,chr18,119787752,C,T,BRCA2,35.05
SMP_5797,chr3,232134181,T,A,APOE,51.49
SMP_9886,chr5,18281856,C,T,MYC,77.36
SMP_7244,chr7,84344738,G,T,TP53,84.62
SMP_3704,chr9,135180797,A,C,IL6,22.53
SMP_4598,chr1,63029026,T,G,TP53,86.76
SMP_4613,chr6,202779101,T,G,MYC,32.1
SMP_5099,chr7,55725061,G,A,TNF,35.33
SMP_6197,chrX,10759922,C,A,BRCA2,40.46
SMP_6653,chr2,176245312,G,A,MTHFR,99.72
SMP_7483,chr19,88208162,G,A,VEGFA,54.7
SMP_8787,chr3,184880257,G,T,APOE,62.94
SMP_3131,chr11,114644091,C,G,TNF,85.43
SMP_7258,chr3,128692568,G,C,EGFR,44.27
SMP_4425,chrY,44977264,C,G,TNF,90.99
SMP_2662,chr4,212408694,G,T,BRCA2,81.52
SMP_5072,chr6,210625264,T,C,IL6,83.25
SMP_5230,chr8,108282164,A,G,IL6,63.37
SMP_3343,chr10,55104899,C,T,VEGFA,90.62
SMP_3700,chr10,25634564,T,C,APOE,79.19
SMP_4559,chrY,138664591,G,A,MYC,95.57
SMP_4066,chr10,1839568,G,T,TNF,89.29
SMP_4878,chr6,175058086,A,T,TNF,52.94
SMP_1595,chr22,190613623,A,C,APOE,81.75
SMP_2528,chr13,85243296,A,T,APOE,96.68
SMP_6998,chr8,220121806,A,T,TP53,30.53
SMP_8718,chrY,19221390,T,G,TP53,50.66
SMP_4079,chr4,30171400,T,A,TNF,58.49
SMP_1401,chr21,203281373,G,T,EGFR,49.64
SMP_6214,chr6,224549946,T,A,VEGFA,33.82
SMP_9936,chr16,144399123,A,C,TP53,74.33
SMP_7815,chr3,220871631,T,A,BRCA1,66.61
SMP_4847,chr18,109234341,T,C,EGFR,75.15
SMP_2979,chrY,133243078,T,A,IL6,83.7
SMP_5587,chr21,241905053,C,T,BRCA2,88.5
SMP_8582,chr22,238320947,C,T,IL6,79.1
SMP_4651,chr2,184779897,C,T,VEGFA,24.98
SMP_5420,chr17,97698683,A,T,BRCA1,65.11
SMP_6811,chr5,173675340,G,T,APOE,28.65
SMP_1912,chr2,124207751,A,T,MTHFR,57.61
SMP_4473,chr8,144832724,C,A,BRCA1,42.19
SMP_3239,chr14,36014874,A,G,BRCA2,67.5
SMP_1779,chr22,234651959,G,C,MYC,34.53
SMP_6645,chr16,235796453,C,T,TP53,77.53
SMP_6659,chr11,215234902,C,T,TNF,39.15
SMP_3007,chr18,166012544,A,G,IL6,23.04
SMP_5116,chr10,104582434,T,C,EGFR,61.89
SMP_5442,chr8,107020323,C,A,IL6,39.89
SMP_8600,chr9,151412148,A,C,EGFR,30.29
SMP_1407,chr7,100351923,A,G,EGFR,73.16
SMP_4236,chr6,162522534,C,T,TNF,23.0
SMP_2560,chr18,152623832,G,T,IL6,69.52
SMP_2914,chr6,235046543,G,C,BRCA2,92.8
SMP_6868,chr12,19634169,G,T,MTHFR,85.44
SMP_9178,chr2,186442606,G,C,APOE,99.71
SMP_8000,chr14,233925460,T,C,MYC,70.87
SMP_9878,chr22,149507430,A,T,EGFR,76.23
SMP_5292,chr1,204033841,G,T,IL6,66.01
SMP_3611,chr6,149567153,C,T,MYC,45.85
SMP_6685,chr20,54154142,T,A,VEGFA,76.94
SMP_5555,chr17,179435426,A,G,BRCA1,52.04
SMP_5703,chr8,116553864,A,T,TP53,94.74
SMP_7128,chr9,94361490,A,T,APOE,95.88
SMP_5374,chr16,139017910,C,A,BRCA1,32.6
SMP_1527,chr14,87074790,A,G,TP53,88.09
SMP_8349,chr9,155312251,T,C,MTHFR,47.03
SMP_9773,chr1,37805128,A,C,MYC,76.35
SMP_1672,chr13,115465835,A,C,MYC,78.94
SMP_7043,chr6,137410665,T,G,TNF,83.27
SMP_2728,chr10,244889777,T,G,EGFR,51.01
SMP_8118,chr10,37146051,C,G,TNF,51.88
SMP_9425,chr1,197560840,G,T,MTHFR,58.13
SMP_5898,chr11,77323870,C,A,TNF,61.69
SMP_6379,chr8,20287691,T,A,BRCA1,85.27
SMP_9610,chr12,119731643,A,G,IL6,90.41
SMP_7356,chr3,140236493,A,G,APOE,31.63
SMP_9432,chr14,65126960,T,G,IL6,90.27
SMP_2043,chr13,154495159,G,T,MYC,96.28
SMP_5690,chr19,94754512,G,C,BRCA1,66.31
SMP_3282,chr5,75555391,A,C,APOE,82.34
SMP_3786,chr9,45195709,A,C,EGFR,69.12
SMP_6735,chrY,170052974,A,T,VEGFA,32.72
SMP_8132,chr15,82102931,T,C,BRCA2,40.29
SMP_7486,chrX,60159068,G,C,BRCA2,91.32
SMP_4779,chr21,106668091,G,T,APOE,88.02
SMP_6943,chr15,119747307,C,T,TP53,92.66
SMP_4730,chr1,181282486,A,G,EGFR,29.66
SMP_8761,chr12,103749057,T,C,EGFR,81.9
SMP_7163,chr22,65271310,G,T,VEGFA,78.5
SMP_4869,chr9,68413075,G,A,BRCA2,86.76
SMP_8446,chr16,68368637,T,G,VEGFA,52.48
SMP_4370,chr11,241344402,A,G,TP53,48.14
SMP_8879,chr16,40579108,C,T,MYC,61.83
SMP_4296,chr2,181778957,C,G,MTHFR,71.71
SMP_2416,chr3,117811452,C,A,MTHFR,93.4
SMP_5688,chr14,219823420,A,T,IL6,85.54
SMP_1352,chr21,177106663,C,T,TNF,95.51
SMP_2774,chr11,193471956,C,T,MTHFR,27.12
SMP_5919,chr14,198262504,G,C,IL6,38.51
SMP_8670,chr17,163672946,C,T,MTHFR,77.45
SMP_8947,chr22,27572106,T,G,IL6,94.82
SMP_6003,chr3,15667137,T,A,APOE,54.08
SMP_3114,chr8,43793633,T,G,EGFR,51.19
SMP_9972,chrX,147308795,T,G,MYC,22.45
SMP_4010,chr10,231722366,G,T,VEGFA,32.49
SMP_5263,chr1,42140466,T,C,BRCA2,88.34
SMP_3276,chr10,148916403,T,A,TP53,76.26
SMP_8799,chr22,106291894,T,C,VEGFA,93.24
SMP_8283,chr8,62394764,A,C,IL6,66.78
SMP_7677,chr18,139945529,G,C,BRCA1,61.6
SMP_6654,chr12,178791295,A,T,EGFR,95.54
SMP_8154,chr9,213256040,G,T,MTHFR,87.81
SMP_7487,chr11,52638915,G,C,BRCA1,31.55
SMP_2527,chr1,204264554,C,A,MTHFR,57.15
SMP_2266,chr10,57277568,T,A,APOE,86.64
SMP_6651,chr1,199352595,T,A,IL6,93.92
SMP_2086,chr19,154678456,T,A,MYC,48.52
SMP_9431,chr7,18073101,G,T,MYC,27.79
SMP_7158,chr3,53250246,A,C,IL6,66.74
SMP_6342,chr21,100855422,G,T,BRCA2,98.74
SMP_8596,chr14,118157231,A,G,TP53,30.99
SMP_9023,chr5,142344486,C,G,BRCA2,34.13
SMP_7151,chr8,163488587,C,G,TNF,52.23
SMP_6425,chr9,229245267,A,G,BRCA2,64.65
SMP_4848,chr17,140116262,T,C,TNF,67.92
SMP_1043,chr20,216951562,A,C,EGFR,58.57
SMP_5107,chr5,211065344,A,T,MTHFR,39.6
SMP_1472,chr18,70959899,T,C,EGFR,76.82
SMP_6900,chr21,58322348,G,C,MTHFR,36.18
SMP_6905,chr16,177551863,G,C,APOE,73.83
SMP_4101,chr2,142165774,T,A,EGFR,63.82
SMP_7481,chr14,192757261,C,T,MTHFR,34.13
SMP_2385,chr14,234000427,C,T,VEGFA,55.56
SMP_9382,chr9,171505064,T,G,TNF,75.63
SMP_6593,chr18,209221391,T,A,APOE,33.62
SMP_9998,chr13,88744921,A,G,MTHFR,95.42
SMP_9714,chrX,219002240,T,A,VEGFA,67.86
SMP_9736,chr14,229621317,G,A,MYC,42.59
SMP_5911,chr17,24900157,G,T,EGFR,32.39
SMP_6637,chrX,50340771,C,G,BRCA2,92.34
SMP_5654,chr11,133405683,A,T,IL6,72.07
SMP_4714,chr16,72562398,T,C,TP53,63.6
SMP_7331,chr1,24432550,C,G,EGFR,23.28
SMP_5690,chr21,69924820,C,G,EGFR,94.99
SMP_5369,chr5,42591705,C,T,TNF,26.5
SMP_1915,chr13,242794146,T,G,TP53,60.8
SMP_4250,chr10,188962755,G,A,TP53,78.45
SMP_3113,chr15,147659960,A,C,MTHFR,77.07
SMP_6345,chr21,74352594,A,T,TP53,93.66
SMP_6396,chr20,44626897,T,C,APOE,47.75
SMP_9064,chr5,32152124,A,G,APOE,52.1
SMP_2651,chr13,204527086,C,A,TNF,28.22
SMP_3890,chrY,120826358,A,T,APOE,23.29
SMP_9093,chr18,181890684,A,G,VEGFA,28.16
SMP_4635,chr20,57414042,A,G,BRCA1,39.54
SMP_6998,chr9,64219721,G,T,VEGFA,66.97
SMP_4414,chr12,239994471,T,C,VEGFA,26.03
SMP_5772,chrY,120952699,G,T,BRCA1,20.7
SMP_3816,chr13,129139759,A,G,BRCA2,24.29
SMP_6823,chr9,225773989,G,C,BRCA2,56.39
SMP_7895,chr15,21586794,A,G,VEGFA,64.74
SMP_8537,chr2,153287504,A,C,VEGFA,57.92
SMP_4918,chr12,58445599,C,A,MYC,76.44
SMP_6849,chr16,104517001,G,T,VEGFA,20.36
SMP_4782,chr18,213258849,A,C,TP53,64.57
SMP_7236,chrX,175863998,A,T,VEGFA,98.75
SMP_9620,chr9,1594397,A,T,BRCA1,52.81
SMP_4432,chr19,145198881,A,T,TP53,29.46
SMP_5168,chr17,28316993,G,T,MYC,75.26
SMP_6836,chr21,73115991,T,G,BRCA2,26.81
SMP_3470,chr8,83317472,G,T,MTHFR,46.05
SMP_6055,chr20,169049541,T,C,MYC,71.95
SMP_5312,chr5,13623055,G,C,MTHFR,44.53
SMP_6495,chr16,41941030,G,T,TNF,70.6
SMP_3156,chr14,149617113,C,G,BRCA2,94.07
SMP_2177,chr18,217328512,A,T,BRCA1,46.1
SMP_5265,chr17,224696594,T,A,TNF,62.78
SMP_9526,chr19,121643114,A,G,MTHFR,42.78
SMP_7114,chr13,148888441,G,A,BRCA2,85.69
SMP_3513,chr14,150663521,G,T,VEGFA,68.85
SMP_6764,chr21,77732046,C,A,VEGFA,90.07
SMP_5818,chr21,208146793,C,G,MTHFR,66.06
SMP_7365,chr21,11445651,A,G,MTHFR,42.58
SMP_4251,chrX,173667693,C,A,MYC,76.34
SMP_9909,chr15,63217433,T,C,EGFR,36.95
SMP_8480,chr14,126564783,C,A,BRCA1,76.46
SMP_2028,chr17,100523803,C,T,BRCA1,85.8
SMP_2143,chr1,175482576,G,C,IL6,78.87
SMP_2775,chr21,104963837,T,C,TNF,25.05
SMP_9965,chr20,15959194,T,G,BRCA1,53.06
SMP_8163,chr18,147655700,C,A,EGFR,63.89
SMP_3275,chr6,212893028,T,C,TP53,32.31
SMP_8281,chr5,123565755,G,C,IL6,24.77
SMP_1125,chr6,24907400,G,T,TP53,99.8
SMP_2968,chrY,81397931,G,T,VEGFA,60.2
SMP_8648,chr15,95842483,A,G,BRCA2,61.12
SMP_2688,chr11,220675446,C,A,TNF,37.93
SMP_6369,chrY,120173419,A,C,APOE,76.64
SMP_9565,chr20,123705008,G,T,APOE,98.08
SMP_9603,chr13,235142294,T,A,BRCA2,34.99
SMP_3735,chr14,212181439,C,A,BRCA1,68.58
SMP_3837,chr16,146547211,G,T,APOE,82.93
SMP_7786,chr16,37382949,C,A,TP53,63.54
SMP_9859,chr18,185338063,C,T,TNF,82.5
SMP_9009,chr2,80627221,G,A,BRCA1,88.19
SMP_4912,chr2,142294400,T,A,MTHFR,35.87
SMP_3939,chr16,75058014,C,T,EGFR,27.98
SMP_8976,chr1,235882457,A,T,MYC,31.05
SMP_4057,chr3,241085577,C,T,IL6,53.83
SMP_7115,chr15,164373861,G,C,TP53,78.8
SMP_5695,chr15,218770677,G,T,MYC,37.22
SMP_3936,chr19,53549781,T,G,MTHFR,40.02
SMP_3024,chr9,222815993,C,T,TNF,95.82
SMP_9819,chr5,141822927,C,T,TNF,33.67
SMP_1540,chr13,247047320,G,T,IL6,50.76
SMP_2607,chr10,138411547,C,A,MTHFR,54.63
SMP_3154,chr2,188121605,T,G,APOE,32.52
SMP_4309,chr18,123143722,G,C,EGFR,28.41
SMP_8421,chr1,65390336,A,T,VEGFA,90.42
SMP_5903,chr19,124201728,T,C,TP53,57.13
SMP_5285,chr8,72251765,G,C,BRCA2,37.16
SMP_4569,chr19,21113398,A,G,MTHFR,32.41
SMP_5295,chr10,237761390,C,G,BRCA1,25.83
SMP_3382,chr11,70891796,A,T,IL6,81.83
SMP_6031,chrX,96945955,T,G,IL6,99.3
SMP_7431,chr10,101506055,A,T,MYC,22.43
SMP_5448,chr6,229137177,A,C,BRCA2,62.21
SMP_3554,chr13,189870608,G,C,APOE,45.08
SMP_2229,chr2,130712331,G,T,BRCA2,78.43
SMP_9192,chr17,99469752,A,G,TP53,96.21
SMP_1504,chr3,204250999,T,A,BRCA1,60.75
SMP_2327,chr8,8538268,C,A,MTHFR,94.1
SMP_3356,chr21,42291471,C,G,IL6,93.13
SMP_4354,chr12,239079131,G,A,APOE,49.51
SMP_1335,chr20,87924487,A,G,IL6,45.88
SMP_6137,chrX,55709812,T,G,TNF,48.67
SMP_5753,chr13,203000804,C,A,APOE,33.61
SMP_2338,chr13,162794447,A,G,BRCA2,62.95
SMP_2177,chr8,171379770,C,T,EGFR,74.49
SMP_5292,chr3,32423650,T,A,VEGFA,76.18
SMP_5764,chr12,7346866,T,C,MYC,62.0
SMP_8854,chr22,5899249,G,C,MTHFR,45.42
SMP_8589,chr8,83692043,A,C,APOE,87.85
SMP_2603,chr14,237665108,T,G,IL6,64.0
SMP_6897,chr12,165153539,C,G,EGFR,55.79
SMP_3987,chr1,208853067,G,A,TNF,77.72
SMP_2164,chr8,53728225,G,C,EGFR,96.55
SMP_2262,chr19,18855214,G,T,TP53,54.93
SMP_4238,chr1,201355952,G,A,BRCA1,31.38
SMP_7093,chr20,94981245,G,A,MTHFR,37.64
SMP_6190,chr13,47397618,T,G,BRCA1,37.53
SMP_4341,chr4,45110191,A,C,MTHFR,36.02
SMP_3927,chr9,104324846,A,T,MTHFR,54.05
SMP_7479,chr12,140872124,C,T,MTHFR,35.87
SMP_2727,chr8,145687500,C,T,MTHFR,97.3
SMP_6295,chr22,141267986,A,G,MTHFR,95.74
SMP_3141,chr14,152452762,C,T,EGFR,48.47
SMP_2037,chr7,114754601,G,A,EGFR,64.31
SMP_9953,chr21,195279283,A,G,BRCA2,31.11
SMP_3236,chr17,112547363,C,G,BRCA2,75.88
SMP_3179,chr5,128842933,T,G,MYC,78.31
SMP_4732,chrX,225600386,T,C,TP53,96.96
SMP_7155,chrY,115349389,G,T,MYC,23.09
SMP_8729,chr4,47507512,A,T,APOE,76.21
SMP_8430,chr20,238905853,G,C,EGFR,45.9
SMP_9213,chr11,74595176,A,G,APOE,80.58
SMP_9286,chrY,120087542,T,G,BRCA1,70.12
SMP_7914,chr9,13968311,C,G,VEGFA,25.0
SMP_3601,chr18,197262287,A,T,IL6,37.55
SMP_7470,chr10,133717269,T,A,MTHFR,22.81
SMP_5331,chrY,43050045,G,C,EGFR,72.74
SMP_5351,chr12,6654924,G,C,EGFR,52.2
SMP_7142,chr1,114098986,C,A,APOE,80.61
SMP_4622,chr15,213581326,T,C,BRCA1,86.88
SMP_1032,chr17,98112966,T,A,BRCA1,47.28
SMP_4525,chr15,81192786,G,A,VEGFA,61.69
SMP_7500,chr9,212576258,G,A,MTHFR,69.35
SMP_9885,chr7,55588294,C,T,APOE,31.86
SMP_6849,chr16,147673642,T,C,TNF,31.7
SMP_8147,chr22,189928190,C,G,IL6,22.72
SMP_2697,chr5,40691090,T,G,MYC,37.87
SMP_7118,chr10,6244483,G,A,TNF,98.85
SMP_4844,chr6,185373345,G,A,MTHFR,62.54
SMP_3430,chr13,176851280,A,T,TP53,69.26
SMP_3461,chr3,89480092,T,C,BRCA2,49.29
SMP_4876,chr7,89947834,A,G,TP53,69.22
SMP_8336,chr20,118227717,A,C,MYC,95.3
SMP_8732,chr21,154904091,G,A,MTHFR,71.21
SMP_7765,chr5,82087727,C,T,TP53,25.91
SMP_4023,chr12,179330712,G,T,APOE,67.49
SMP_9758,chr18,35190993,G,C,IL6,80.3
SMP_9897,chr3,21397360,G,T,BRCA2,94.85
SMP_9980,chr1,108257523,A,T,MTHFR,62.43
SMP_4486,chr18,188149410,T,A,EGFR,52.3
SMP_2808,chr12,222820699,C,G,BRCA1,76.09
SMP_3663,chr10,95660962,A,G,BRCA2,64.22
SMP_8555,chr15,149983082,T,G,IL6,70.97
SMP_3726,chr10,76960874,G,T,MYC,71.54
SMP_1268,chr3,181542149,A,C,APOE,20.78
SMP_7953,chr1,26164312,T,G,EGFR,90.34
SMP_3258,chr14,219643673,A,T,IL6,97.9
SMP_4972,chr19,104807631,T,A,BRCA2,35.79
SMP_4799,chr9,6791962,C,T,MTHFR,22.75
SMP_3252,chr3,134214511,G,A,IL6,54.37
SMP_5476,chr20,217480152,C,A,TP53,50.09
SMP_3651,chr7,86755499,T,C,VEGFA,49.34
SMP_5988,chr5,80984419,G,T,BRCA1,27.97
SMP_3451,chr17,138747572,A,G,MTHFR,51.26
SMP_2336,chr15,205967565,T,A,APOE,91.5
SMP_3884,chr14,142765066,G,C,EGFR,53.42
SMP_7041,chr20,227535092,T,G,APOE,80.05
SMP_1581,chr16,59600312,C,A,BRCA1,41.96
SMP_6067,chr19,104483275,G,C,IL6,54.95
SMP_5688,chr3,104309113,T,C,IL6,74.65
SMP_9833,chr17,210372897,G,T,TNF,76.05
SMP_6751,chrX,67331337,A,C,EGFR,22.86
SMP_6126,chrX,48378771,C,A,VEGFA,35.79
SMP_4664,chr8,202392972,C,G,TNF,28.45
SMP_8802,chr2,105008162,G,C,MYC,88.36
SMP_9310,chr10,14127028,A,C,MTHFR,53.05
SMP_2874,chr5,97871062,C,G,VEGFA,60.41
SMP_5137,chr4,8646775,C,T,VEGFA,50.93
SMP_6191,chr16,107372016,T,C,MTHFR,79.42
SMP_1924,chr18,141676089,T,G,IL6,22.14
SMP_1747,chr10,4272577,A,C,IL6,72.01
SMP_8805,chr14,126172458,A,G,BRCA1,44.94
SMP_5318,chr19,157630609,A,T,BRCA1,20.66
SMP_8871,chr15,43011321,A,G,BRCA2,82.7
SMP_4571,chr13,3617747,C,G,TNF,64.69
SMP_3578,chr11,182336818,C,G,BRCA2,64.38
SMP_4379,chr5,76359679,T,C,TNF,69.07
SMP_2431,chr14,112293051,C,G,IL6,98.61
SMP_8468,chr8,69655886,A,G,TNF,69.94
SMP_8141,chr19,56275042,G,T,BRCA2,29.57
SMP_4110,chr22,190599772,T,A,MTHFR,84.87
SMP_9498,chr12,134915775,A,T,IL6,25.1
SMP_1716,chr15,163639050,A,T,MTHFR,75.72
SMP_4661,chr18,148079313,T,C,BRCA1,77.81
SMP_8950,chr22,145182428,T,G,MTHFR,38.42
SMP_9413,chr22,173227379,T,C,MYC,52.65
SMP_6920,chr2,191993496,A,T,TNF,81.7
SMP_1850,chr17,134209739,T,C,EGFR,68.39
SMP_2529,chr13,57633264,A,T,TP53,91.93
SMP_2616,chr2,98802507,G,T,VEGFA,52.16
SMP_6286,chr12,96372139,T,C,TP53,72.81
SMP_4785,chr12,104075032,C,A,APOE,37.51
SMP_7817,chr22,60391776,T,C,IL6,84.96
SMP_9171,chr13,54792602,C,A,TNF,81.6
SMP_8277,chr15,36798842,G,A,TP53,72.62
SMP_8440,chr19,56408232,C,G,MYC,23.27
SMP_3819,chr4,181610482,C,T,VEGFA,41.31
SMP_8036,chr9,201725503,G,C,EGFR,54.51
SMP_5904,chr19,225133495,G,C,TP53,88.98
SMP_4294,chr3,23051037,G,A,APOE,38.96
SMP_2048,chr18,179565276,A,G,TP53,73.74
SMP_9757,chr15,122396764,C,A,BRCA2,27.03
SMP_3231,chr7,81901852,A,G,TNF,27.52
SMP_7106,chr9,195657206,T,A,BRCA1,71.89
SMP_6540,chr3,21501013,G,C,MTHFR,73.54
SMP_8726,chr8,20007069,A,G,EGFR,34.4
SMP_1208,chr9,226009098,G,A,TNF,49.18
SMP_3770,chr6,45242438,G,A,IL6,20.22
SMP_4153,chr20,69353842,G,C,APOE,77.32
SMP_4456,chr15,175631350,T,A,TP53,88.52
SMP_6308,chr12,153946152,A,C,BRCA1,98.87
SMP_7556,chr8,152646486,A,G,IL6,92.67
SMP_7458,chr11,14095480,T,A,MYC,32.7
SMP_4960,chrY,114781292,A,C,VEGFA,68.86
SMP_2393,chr21,107630674,A,G,BRCA2,89.58
SMP_2329,chr22,54976350,C,T,EGFR,60.13
SMP_7655,chr6,33303709,T,C,APOE,47.72
SMP_3975,chr2,219407893,T,C,BRCA2,40.26
SMP_1312,chr12,122911582,T,C,APOE,90.94
SMP_4646,chr17,208578589,G,T,IL6,60.49
SMP_4765,chr16,30649052,A,C,VEGFA,23.24
SMP_9100,chr1,151269461,G,C,BRCA2,75.5
SMP_7213,chr1,83524940,C,G,TNF,24.52
SMP_3498,chr6,92506423,A,G,EGFR,68.36
SMP_5371,chr21,188758727,G,A,IL6,92.86
SMP_7866,chr2,174133457,C,G,TP53,26.47
SMP_3657,chr6,44188565,G,T,BRCA2,43.76
SMP_2870,chr22,56348761,A,G,TNF,47.88
SMP_1242,chr20,162681146,A,T,BRCA1,70.01
SMP_2260,chr14,122353001,C,G,IL6,47.7
SMP_1051,chr8,132361485,T,C,APOE,62.84
SMP_2378,chr12,119950001,T,A,BRCA2,46.85
SMP_1378,chr8,55319030,A,T,MYC,62.35
SMP_7211,chr13,140152392,G,T,VEGFA,31.32
SMP_5972,chr6,196715175,C,G,BRCA1,56.11
SMP_1619,chr6,195446854,G,T,VEGFA,32.14
SMP_8055,chr4,68433782,G,T,TP53,26.21
SMP_6859,chr1,9809244,C,G,TP53,46.42
SMP_4296,chr17,175275704,A,C,BRCA2,67.76
SMP_5386,chr1,40620853,C,G,APOE,48.5
SMP_4348,chr10,115342773,T,C,BRCA1,98.9
SMP_8653,chr21,112245193,T,C,TNF,28.15
SMP_4474,chr16,145960085,C,A,BRCA2,67.51
SMP_4965,chr3,203512381,A,C,BRCA1,52.91
SMP_4361,chr1,32890606,T,C,MTHFR,80.58
SMP_1859,chr1,120671361,G,A,TNF,98.7
SMP_1670,chr13,158677265,T,G,MTHFR,84.84
SMP_3912,chr19,55066151,G,C,BRCA1,40.29
SMP_9343,chr3,55884920,A,G,APOE,51.91
SMP_4622,chr9,30940633,A,C,MTHFR,86.76
SMP_5501,chr19,194206226,T,A,EGFR,46.96
SMP_9524,chr7,236557455,C,A,BRCA1,76.08
SMP_7139,chr22,142079123,A,T,VEGFA,48.21
SMP_2901,chr1,31322016,G,A,EGFR,37.64
SMP_9630,chr18,213858088,C,T,BRCA2,84.23
SMP_7391,chr13,122744711,C,A,MYC,39.68
SMP_5323,chr21,152137398,C,G,MYC,57.23
SMP_5726,chr6,150516592,A,T,EGFR,68.52
SMP_4828,chr21,68510588,C,T,VEGFA,87.13
SMP_4793,chrY,25332492,G,T,APOE,66.27
SMP_1583,chr8,106060381,C,T,EGFR,46.61
SMP_2540,chr19,140206981,T,A,VEGFA,79.89
SMP_7596,chr13,9745426,A,T,MTHFR,29.77
SMP_6151,chr21,176286811,G,A,EGFR,74.43
SMP_7802,chr13,104728001,C,T,EGFR,85.7
SMP_5161,chr18,234444480,C,A,TNF,60.8
SMP_2224,chr6,157556913,T,A,MTHFR,64.22
SMP_5697,chr12,94048214,T,A,EGFR,42.69
SMP_8295,chr1,195519307,C,A,IL6,34.06
SMP_6457,chr5,143538851,C,G,IL6,56.69
SMP_1911,chr22,69150321,C,G,EGFR,89.52
SMP_6794,chr5,67431821,A,G,MYC,36.78
SMP_8518,chr9,202542966,C,G,MYC,62.97
SMP_4610,chr13,30264013,A,G,APOE,49.43
SMP_7043,chr15,93963965,C,A,IL6,74.97
SMP_4738,chr6,93323813,A,C,TP53,26.82
SMP_2441,chr12,95200341,T,C,APOE,68.06
SMP_8147,chr20,196997115,C,T,MYC,81.58
SMP_4930,chr11,83808662,C,A,EGFR,99.77
SMP_9205,chr3,17977746,A,C,EGFR,96.5
SMP_1869,chr15,51258969,C,G,APOE,83.01
SMP_5821,chr3,113146539,T,A,APOE,39.4
SMP_5371,chr4,72022181,C,G,TNF,61.45
SMP_5350,chr17,184898725,G,T,TP53,92.04
SMP_5848,chrY,39515952,C,A,TP53,90.47
SMP_3564,chr18,125108706,T,G,BRCA2,26.96
SMP_5310,chr16,166468893,T,G,BRCA2,30.23
SMP_6578,chr11,68150649,G,A,TP53,66.09
SMP_1541,chr10,19123025,T,C,MYC,88.44
SMP_4752,chr16,57144264,C,A,TNF,37.05
SMP_2405,chr13,108674843,A,T,BRCA2,56.03
SMP_1029,chr1,62078715,C,A,VEGFA,64.75
SMP_7136,chr9,239460524,T,G,VEGFA,57.8
SMP_5575,chr2,124643708,A,G,BRCA1,45.58
SMP_7140,chr13,68993872,A,G,BRCA2,39.03
SMP_6735,chr15,48654138,G,A,TNF,86.4
SMP_7740,chr11,211294979,C,G,APOE,25.91
SMP_3919,chr8,81275698,C,T,TP53,35.26
SMP_2075,chr18,178317475,G,A,BRCA2,98.07
SMP_4762,chr1,157610836,T,A,EGFR,99.65
SMP_5295,chrY,218543895,G,T,VEGFA,35.03
SMP_2456,chr18,69314265,G,C,TP53,95.99
SMP_3334,chr10,99082394,G,A,IL6,26.69
SMP_3783,chr9,94991909,C,G,MYC,61.89
SMP_2271,chr21,155712984,C,G,IL6,64.04
SMP_6171,chr17,195715847,C,A,APOE,56.92
SMP_5187,chr2,109418595,G,A,VEGFA,33.84
SMP_9167,chr14,29581833,T,A,TNF,82.85
SMP_8069,chr19,190022347,A,G,VEGFA,45.66
SMP_7984,chr6,13352693,A,G,TP53,25.62
SMP_9176,chr21,182515501,C,T,BRCA1,99.38
SMP_4647,chr22,127547023,C,T,VEGFA,89.52
SMP_8480,chr13,137475938,A,T,BRCA2,57.08
SMP_3301,chr8,179432069,A,T,BRCA1,76.07
SMP_8009,chr4,54582318,A,G,MYC,66.96
SMP_7457,chr5,243331013,C,A,TP53,88.0
SMP_8030,chr6,110789616,A,T,APOE,51.55
SMP_8238,chr18,155778846,T,A,BRCA1,79.17
SMP_1522,chr22,173386293,G,A,IL6,26.42
SMP_9005,chr10,122263701,A,G,BRCA1,23.76
SMP_2059,chr12,9356067,A,G,EGFR,71.68
SMP_2106,chr4,146604295,C,T,APOE,49.8
SMP_5969,chr20,75488461,T,C,IL6,94.87
SMP_7917,chr3,106988054,A,G,BRCA1,45.01
SMP_7082,chr16,117936631,G,A,BRCA2,34.94
SMP_4722,chr17,122912989,T,C,IL6,34.91
SMP_3199,chr16,248911426,G,A,VEGFA,67.82
SMP_1342,chr18,6422605,G,T,EGFR,87.09
SMP_7235,chr19,238330739,C,T,TP53,95.02
SMP_7006,chr3,233116021,A,C,IL6,70.84
SMP_6101,chr20,30836034,G,T,MYC,76.93
SMP_3631,chr12,101852041,G,T,EGFR,20.74
SMP_7902,chr7,124525530,A,T,APOE,59.28
SMP_7752,chr10,215889362,C,G,IL6,97.77
SMP_3091,chrX,179469192,C,T,MTHFR,99.63
SMP_3265,chr13,203281082,T,G,BRCA2,43.1
SMP_7484,chr4,221138347,G,C,MTHFR,24.07
SMP_6199,chr19,247665776,C,T,APOE,77.88
SMP_9716,chr16,226809548,T,A,BRCA1,44.0
SMP_5474,chr19,87806806,T,C,BRCA1,65.92
SMP_1365,chr2,3850284,A,T,IL6,31.98
SMP_1868,chr3,182130933,G,C,BRCA1,25.82
SMP_5063,chr5,238890351,C,G,MYC,49.01
SMP_8168,chr8,79090741,T,G,TP53,71.41
SMP_7263,chr14,88997007,A,G,BRCA1,42.56
SMP_2850,chr8,215334562,A,C,VEGFA,79.43
SMP_9522,chr12,122638202,A,T,BRCA1,78.37
SMP_4607,chr6,162857011,T,A,BRCA1,29.37
SMP_2364,chr16,119020501,T,A,IL6,69.38
SMP_1769,chr4,66503338,T,G,APOE,94.64
SMP_9521,chr3,205491126,G,C,EGFR,45.83
SMP_8692,chr13,226111915,C,G,MTHFR,23.57
SMP_3927,chr17,53229987,C,G,VEGFA,91.08
SMP_4778,chr9,144996710,T,A,MYC,42.19
SMP_6253,chr13,206750511,C,G,MYC,73.62
SMP_6693,chr20,211071909,A,C,VEGFA,94.88
SMP_1774,chr6,24118926,A,T,VEGFA,59.72
SMP_6587,chr16,219828760,T,A,BRCA1,76.41
SMP_2871,chr15,79515946,C,G,TNF,76.72
SMP_9307,chr7,239914531,C,G,VEGFA,34.44
SMP_2906,chr13,6542095,A,C,EGFR,91.23
SMP_7235,chr18,112929220,G,A,IL6,40.78
SMP_2795,chr3,81464461,T,C,IL6,95.43
SMP_9127,chr15,242347505,C,A,VEGFA,25.26
SMP_6608,chr13,203456460,G,T,BRCA1,71.49
SMP_7181,chrX,232287649,C,G,BRCA1,90.09
SMP_7521,chr11,232696994,A,T,MYC,44.84
SMP_1346,chr17,186975430,A,G,APOE,48.28
SMP_7166,chr18,186387925,C,T,BRCA1,34.31
SMP_1844,chr12,52586761,T,C,APOE,36.72
SMP_6942,chr3,74033979,C,A,BRCA2,97.35
SMP_1136,chr21,159893169,A,C,TP53,27.36
SMP_4253,chr4,192899411,A,G,IL6,44.65
SMP_7165,chr2,100443921,G,T,BRCA2,66.86
SMP_2638,chr6,237344978,A,T,BRCA1,99.22
SMP_6653,chr18,11224989,G,A,TP53,24.58
SMP_6089,chr7,178888741,C,T,IL6,83.77
SMP_5817,chrX,206901361,G,T,MTHFR,85.59
SMP_8558,chr18,88544957,G,A,APOE,76.89
SMP_3950,chr11,40250848,C,T,APOE,40.93
SMP_7508,chr20,188951621,A,C,BRCA2,32.38
SMP_4585,chrX,15582731,G,C,BRCA2,29.85
SMP_6564,chr8,134059441,C,G,BRCA1,86.08
SMP_9041,chr9,79813660,G,A,BRCA1,60.23
SMP_3561,chr1,44686856,A,T,MTHFR,72.27
SMP_2311,chr20,219562840,A,C,EGFR,98.7
SMP_1686,chr21,50696852,A,T,BRCA1,43.7
SMP_3058,chr7,73974882,G,T,MTHFR,79.78
SMP_4944,chr1,3851526,G,C,EGFR,32.48
SMP_1473,chrY,189878015,T,G,BRCA2,44.61
SMP_2353,chr9,214554552,C,G,TP53,21.35
SMP_7380,chr3,53553452,G,T,MYC,21.06
SMP_3584,chr13,52639445,G,T,TP53,31.38
SMP_1181,chr14,24426274,C,A,BRCA1,24.6
SMP_4129,chr19,229035295,A,G,BRCA2,31.54
SMP_6775,chr6,210912495,A,G,APOE,76.26
SMP_9822,chr7,88380346,A,T,IL6,97.47
SMP_4628,chr7,218361916,G,A,IL6,94.47
SMP_6784,chr13,67703051,C,A,TP53,57.0
SMP_5695,chr12,168345734,G,C,BRCA1,51.1
SMP_2103,chr8,137037765,C,G,EGFR,38.74
SMP_2134,chr21,232326476,C,A,IL6,42.77
SMP_5525,chr10,34024799,G,C,TP53,22.2
SMP_7395,chr20,74753036,T,G,TP53,42.32
SMP_1534,chr11,106168392,A,C,MTHFR,31.71
SMP_1703,chr20,94010635,A,T,BRCA2,57.72
SMP_3324,chr6,2333650,T,G,EGFR,89.8
SMP_6699,chr10,141479217,G,T,IL6,37.15
SMP_2093,chr4,94604674,A,T,IL6,30.44
SMP_5221,chr3,157006016,T,C,MTHFR,75.01
SMP_9903,chr7,130400175,T,A,APOE,91.07
SMP_3863,chr2,245908854,A,G,MYC,58.06
SMP_9865,chr9,225577482,G,A,TP53,54.09
SMP_5455,chr6,215624412,T,C,TP53,92.04
SMP_5918,chr9,137054722,A,G,TNF,41.24
SMP_2737,chr22,49337820,T,G,TP53,49.97
SMP_6387,chr21,84647892,A,T,MYC,40.92
SMP_6879,chr16,28057756,A,C,MTHFR,79.73
SMP_6442,chr1,207128140,T,C,IL6,30.91
SMP_9371,chr7,146135761,C,T,VEGFA,93.42
SMP_1491,chr2,157317147,G,A,IL6,41.15
SMP_8267,chr15,87158143,C,T,APOE,87.18
SMP_6660,chr19,179211357,T,G,BRCA2,70.34
SMP_5029,chr6,181941730,T,G,TP53,66.86
SMP_5986,chr14,115388639,C,G,TP53,47.87
SMP_1239,chr22,154838568,T,A,TNF,80.59
SMP_5257,chr8,182404785,A,T,BRCA2,80.96
SMP_6625,chr13,80951392,G,C,EGFR,56.01
SMP_4001,chr22,126255274,T,C,EGFR,52.16
SMP_7519,chr1,47233398,T,G,MYC,35.76
SMP_1786,chr4,56588459,T,A,BRCA1,70.53
SMP_4923,chr14,117976103,A,C,APOE,90.12
SMP_5680,chr1,67960841,T,G,APOE,38.06
SMP_1990,chr21,29494082,T,A,TNF,56.78
SMP_5010,chrY,246755251,G,A,IL6,66.12
SMP_3900,chr15,150465532,T,A,EGFR,49.58
SMP_1173,chr20,101050900,C,T,BRCA1,35.0
SMP_7630,chr21,119388216,T,A,EGFR,78.78
SMP_9419,chrX,69953217,T,G,TP53,88.75
SMP_6337,chr22,97024750,T,A,TP53,84.12
SMP_5890,chrX,129323624,T,G,EGFR,55.0
SMP_8993,chr2,118453745,A,G,VEGFA,66.72
SMP_8751,chr21,249627412,G,T,APOE,36.68
SMP_2757,chr16,61059672,G,C,BRCA1,42.7
SMP_9457,chrY,230221006,C,G,EGFR,78.55
SMP_2887,chr10,88363189,T,G,BRCA1,95.88
SMP_7208,chr17,160977977,G,A,BRCA1,53.04
SMP_8237,chr4,41315760,A,C,BRCA1,93.98
SMP_8566,chr11,78147863,G,C,TNF,82.21
SMP_1032,chr3,183057094,G,A,EGFR,98.19
SMP_6041,chr16,183680047,G,T,TP53,92.08
SMP_4384,chr6,151955133,G,A,TNF,80.84
SMP_7781,chr4,189128070,C,G,MYC,90.06
SMP_5758,chr22,83939908,T,G,EGFR,64.51
SMP_4554,chr11,110875573,G,T,MTHFR,95.83
SMP_2523,chr15,118450096,C,A,MYC,36.58
SMP_7515,chr10,94401755,C,T,TNF,92.55
SMP_1776,chr6,176266244,G,T,MYC,48.5
SMP_6976,chr13,150156568,C,G,IL6,29.39
SMP_7479,chr19,110800581,C,G,IL6,68.32
SMP_8643,chr10,33830677,A,T,TNF,82.41
SMP_3396,chr17,129342739,C,T,MYC,22.49
SMP_2474,chr4,76177446,G,T,TNF,60.34
SMP_6534,chr22,177503838,G,T,EGFR,59.34
SMP_3519,chr17,126289905,G,A,MYC,94.23
SMP_7962,chr5,48192660,A,C,MYC,70.39
SMP_1551,chr3,87882129,T,A,MYC,30.8
SMP_1816,chr15,135368692,A,T,EGFR,53.5
SMP_4537,chr1,166423346,T,A,APOE,88.02
SMP_3995,chr19,154523803,A,C,EGFR,38.17
SMP_8828,chrY,193139872,T,G,BRCA1,92.95
SMP_2587,chr17,109898816,C,G,APOE,76.85
SMP_3802,chr4,174055207,A,G,VEGFA,34.52
SMP_9122,chr4,42250080,G,C,TNF,99.65
SMP_8851,chr2,132716402,T,C,VEGFA,23.96
SMP_9290,chrY,25158210,C,G,TP53,36.13
SMP_1281,chr1,236881904,T,C,TNF,71.87
SMP_3643,chr6,225665473,T,A,TP53,85.06
SMP_9846,chr21,80250868,T,A,VEGFA,93.43
SMP_3300,chr14,89738742,T,C,IL6,86.87
SMP_7948,chrX,24435665,G,C,MYC,33.51
SMP_6116,chr3,213044761,G,A,BRCA2,59.54
SMP_5766,chr1,211227126,C,A,MYC,66.8
SMP_1784,chr3,103679890,G,C,APOE,34.34
SMP_5830,chr5,50440068,T,G,APOE,50.95
SMP_6853,chr11,16862716,C,A,BRCA2,97.71
SMP_2289,chr6,103617362,T,G,APOE,56.09
SMP_2899,chr8,235954662,G,C,APOE,52.05
SMP_6918,chr2,153941887,C,G,IL6,71.88
SMP_2482,chr2,88059963,G,C,TNF,78.4
SMP_4111,chr13,183269433,T,C,TP53,78.51
SMP_7379,chrY,39068466,T,G,BRCA2,48.68
SMP_4611,chr5,225305189,T,G,IL6,93.31
SMP_3904,chr2,134343068,G,C,TP53,74.45
SMP_3050,chr17,244513430,A,G,MTHFR,43.21
SMP_9559,chr19,18099909,C,G,BRCA1,28.94
SMP_4575,chr19,96863504,A,G,TP53,55.3
SMP_1999,chr15,201527543,A,T,APOE,82.53
SMP_9782,chr12,59777422,C,G,TP53,89.42
SMP_4875,chr11,95135171,A,T,APOE,61.2
SMP_9346,chrY,201288385,C,T,APOE,28.42
SMP_3284,chr5,205496154,T,G,IL6,82.76
SMP_8379,chr10,5752607,G,T,TNF,83.49
SMP_7625,chr20,149153595,A,C,IL6,59.08
SMP_2110,chr14,30178318,T,G,MTHFR,45.88
SMP_2748,chr6,162697665,T,G,TP53,99.21
SMP_2177,chr17,52752656,T,C,EGFR,70.97
SMP_3140,chr9,146955515,G,C,TP53,28.28
SMP_2402,chr1,246432253,C,T,TNF,89.84
SMP_6601,chr3,245521492,G,A,TNF,90.55
SMP_2869,chr1,225862203,G,T,VEGFA,50.41
SMP_4715,chr9,215318459,T,A,APOE,81.65
SMP_7195,chr14,60389695,A,T,BRCA2,81.63
SMP_7959,chr2,1860946,G,T,TNF,61.48
SMP_2321,chr9,131629604,C,A,EGFR,45.58
SMP_8602,chr12,123460881,A,G,TP53,52.04
SMP_1880,chr2,222294200,A,G,TNF,74.01
SMP_8511,chr1,35700686,T,A,APOE,50.04
SMP_2873,chr8,96409673,C,A,BRCA1,46.23
SMP_7097,chr11,94574231,A,T,MYC,89.53
SMP_7382,chr3,107105045,T,C,TP53,73.73
SMP_3305,chr22,197158663,C,A,MYC,71.05
SMP_7145,chr1,52403926,G,C,MTHFR,50.0
SMP_2649,chr5,54640578,T,A,MYC,30.87
SMP_3245,chr2,152943038,G,A,MYC,28.31
SMP_4072,chr2,189896800,G,T,IL6,67.39
SMP_7461,chr4,5103962,G,C,TP53,45.53
SMP_4042,chr14,1900630,G,C,VEGFA,72.21
SMP_9618,chr22,42166440,A,G,APOE,82.11
SMP_3613,chr16,122733319,G,A,VEGFA,47.13
SMP_6120,chr10,48905356,G,A,TNF,46.41
SMP_3139,chr4,225818534,T,A,VEGFA,25.67
SMP_7711,chr21,176907853,A,C,BRCA1,60.39
SMP_1177,chr16,60598172,C,T,TNF,93.19
SMP_9196,chr3,53478572,A,T,BRCA1,79.51
SMP_3461,chr17,52038027,C,G,MYC,36.48
SMP_7149,chr20,64610954,T,C,APOE,57.41
SMP_1420,chr18,168956257,T,A,TP53,71.08
SMP_2607,chr9,36872847,T,C,TP53,42.34
SMP_6262,chr19,152959980,C,G,EGFR,96.45
SMP_9521,chr22,137466594,T,G,TP53,25.16
SMP_2224,chr19,134091405,C,T,EGFR,40.6
SMP_4880,chr4,42355082,C,G,EGFR,73.97
SMP_1775,chr1,24512323,A,T,BRCA1,63.59
SMP_8579,chr13,178813019,T,C,APOE,46.67
SMP_9499,chr13,218326504,A,T,BRCA1,59.22
SMP_6452,chr13,165908887,A,T,MTHFR,79.46
SMP_5138,chrY,17370002,G,C,BRCA2,49.24
SMP_4078,chr15,242919757,G,T,EGFR,84.95
SMP_3728,chr21,246137031,C,T,MTHFR,42.26
SMP_3411,chr11,26984285,T,A,TNF,89.16
SMP_8974,chr20,243373994,T,C,BRCA2,78.29
SMP_6326,chr15,89495244,G,T,BRCA1,95.34
SMP_4114,chr20,169630038,T,A,TNF,33.91
SMP_8256,chr8,178859541,T,A,BRCA1,75.44
SMP_4147,chr17,224685325,A,T,IL6,74.63
SMP_7500,chr17,151987484,T,C,EGFR,37.57
SMP_6784,chr11,160732132,A,G,EGFR,50.34
SMP_9229,chr14,74594064,C,T,BRCA2,63.1
SMP_4688,chr2,149405266,T,C,IL6,50.85
SMP_8891,chr18,80328608,C,A,TNF,20.78
SMP_7581,chr6,69971428,C,G,EGFR,56.45
SMP_9289,chr8,227241716,C,A,TNF,43.89
SMP_9960,chr18,56746946,G,C,TP53,84.16
SMP_2972,chr8,64892869,C,T,BRCA1,83.97
SMP_4563,chr21,61846139,C,T,VEGFA,98.62
SMP_8285,chr9,511751,A,T,APOE,52.29
SMP_4742,chr4,2294655,A,C,MTHFR,30.37
SMP_6758,chrX,221274858,C,A,BRCA1,51.51
SMP_2051,chr11,8221253,A,C,BRCA1,77.27
SMP_1993,chr19,177810760,C,G,MYC,24.94
SMP_4161,chr21,243423739,T,G,APOE,81.9
SMP_8306,chr5,230899260,T,A,BRCA1,75.77
SMP_9898,chr5,115606218,G,A,EGFR,94.68
SMP_7003,chr16,83312063,G,C,BRCA1,36.86
SMP_1094,chr10,45817971,A,T,MTHFR,71.57
SMP_3218,chr2,38568470,C,G,BRCA1,80.26
SMP_9356,chr16,211558335,C,A,MTHFR,79.96
SMP_1041,chr21,9716449,A,T,APOE,20.43
SMP_4533,chr4,226346807,T,G,MTHFR,21.79
SMP_5464,chr8,198734016,T,G,VEGFA,69.98
SMP_2967,chr19,100947934,T,C,IL6,97.25
SMP_5174,chr14,191514684,C,G,TNF,30.34
SMP_1478,chr4,175481678,G,A,APOE,33.44
SMP_1019,chr2,208357559,G,C,MTHFR,67.26
SMP_2537,chr12,32323306,A,C,BRCA2,60.42
SMP_7283,chr10,116226592,G,A,VEGFA,21.36
SMP_2629,chr15,62110412,G,C,TP53,45.74
SMP_2413,chr13,14868711,A,G,BRCA2,25.9
SMP_9134,chr6,137084489,T,C,MYC,84.82
SMP_2708,chr21,235459246,G,C,VEGFA,72.18
SMP_1503,chr4,216617269,G,A,MYC,45.01
SMP_9107,chr8,223260451,T,A,TNF,30.0
SMP_4358,chr14,31094065,A,C,BRCA1,33.67
SMP_5258,chr10,33754283,A,T,MTHFR,86.24
SMP_7110,chr22,35022287,T,G,BRCA1,56.13
SMP_2192,chr22,205981015,A,C,EGFR,94.69
SMP_9702,chr6,201014326,A,G,TP53,52.33
SMP_7706,chr7,195726608,A,G,TP53,43.45
SMP_3541,chr15,45700009,C,A,TNF,46.31
SMP_6503,chr7,94210258,C,G,APOE,89.73
SMP_1818,chr9,230614970,C,G,VEGFA,34.22
SMP_8841,chr8,199515881,C,A,APOE,41.68
SMP_8580,chr3,8492720,T,C,APOE,36.22
SMP_3069,chr2,122508584,T,A,MTHFR,21.6
SMP_5732,chr13,76547066,A,G,TNF,56.23
SMP_9562,chr14,201697067,A,T,VEGFA,21.44
SMP_8512,chr8,71210223,G,C,MTHFR,80.9
SMP_7084,chr20,45455703,C,G,APOE,42.29
SMP_5512,chr22,185539171,C,T,MTHFR,59.14
SMP_6198,chr5,23026779,A,G,EGFR,64.35
SMP_7615,chr22,80633243,G,C,TP53,61.86
SMP_8695,chr6,143829119,T,C,BRCA1,86.8
SMP_7890,chr8,136257878,A,C,TNF,55.42
SMP_2813,chr14,91711027,C,G,MTHFR,82.6
SMP_7469,chr2,152398795,T,A,BRCA1,85.66
SMP_2475,chrY,165847371,A,G,APOE,25.89
SMP_7668,chr14,5737814,C,A,TNF,64.61
SMP_7983,chr3,117068657,T,A,VEGFA,73.02
SMP_4374,chr17,246826646,G,T,EGFR,39.33
SMP_4953,chr7,224728515,A,C,EGFR,22.92
SMP_8163,chr19,109542557,G,T,BRCA1,36.23
SMP_6607,chr3,187653325,A,C,TP53,23.63
SMP_4082,chr11,139864009,G,A,MTHFR,21.94
SMP_2553,chr6,229628048,C,G,APOE,85.25
SMP_7758,chr7,68575274,T,A,BRCA2,79.0
SMP_1022,chr17,5957899,A,G,MYC,21.07
SMP_9991,chr18,204102039,T,A,BRCA1,89.59
SMP_7432,chr17,149188712,C,T,BRCA2,62.59
SMP_6755,chr6,225965052,G,A,TNF,65.63
SMP_3883,chr4,31489561,T,G,VEGFA,32.64
SMP_2619,chr20,200232658,A,G,BRCA1,24.67
SMP_7285,chr5,100266280,A,G,TNF,68.16
SMP_1465,chr9,91581915,G,A,APOE,43.8
SMP_8909,chr9,53998649,A,C,TNF,24.67
SMP_9215,chr4,226347396,A,C,VEGFA,32.52
SMP_6925,chr11,130403796,G,A,MYC,90.68
SMP_9587,chr2,210799176,T,A,IL6,58.51
SMP_8571,chr19,162891255,A,C,BRCA1,46.62
SMP_3960,chr15,65773401,A,C,VEGFA,86.39
SMP_6011,chr18,48513685,A,G,APOE,33.96
SMP_7705,chr15,186062620,C,T,MYC,42.04
SMP_3553,chr17,143557126,T,G,TNF,90.44
SMP_6639,chr19,36620825,T,G,MTHFR,79.34
SMP_2684,chr19,142090410,A,T,EGFR,50.46
SMP_9207,chr17,228039719,A,G,EGFR,53.63
SMP_1247,chr16,66352193,C,A,BRCA2,63.38
SMP_4793,chr19,47469991,T,A,BRCA2,20.76
SMP_2212,chr9,78251360,G,T,TNF,43.84
SMP_9638,chr5,218137031,T,G,TNF,86.55
SMP_9998,chr16,32922853,T,C,IL6,91.23
SMP_7124,chr4,240584426,T,G,APOE,50.66
SMP_9460,chr20,173580248,G,C,BRCA2,67.51
SMP_1867,chr18,55415974,A,T,TNF,43.89
SMP_2218,chr18,95404324,C,A,TNF,79.35
SMP_3710,chr6,148525364,T,G,MTHFR,40.12
SMP_6575,chr20,134555576,G,T,MYC,44.81
SMP_3003,chr18,238217887,C,G,BRCA2,73.47
SMP_8291,chr15,115566742,G,C,BRCA1,95.89
SMP_5669,chr2,147947922,A,C,VEGFA,76.12
SMP_1082,chr13,14810144,G,A,APOE,85.27
SMP_3136,chr21,188111007,T,A,VEGFA,38.83
SMP_3172,chr14,94233069,C,T,TNF,63.39
SMP_3576,chr16,112964199,G,A,VEGFA,24.27
SMP_7759,chr21,16920688,A,C,IL6,86.85
SMP_5098,chr19,125462603,G,A,BRCA2,51.44
SMP_3084,chr21,200864610,C,T,BRCA1,21.79
SMP_6048,chr12,175858859,C,T,MYC,68.59
SMP_9060,chr9,3533696,C,G,TNF,85.44
SMP_9045,chr16,114783394,G,T,TP53,87.63
SMP_6814,chr10,101286576,G,A,APOE,54.12
SMP_1305,chr21,187096862,A,T,MTHFR,77.11
SMP_5040,chr9,150060115,T,A,BRCA2,92.25
SMP_1809,chr19,9283686,G,T,APOE,39.41
SMP_9127,chr20,89997730,T,C,BRCA2,90.9
SMP_5415,chr14,142940462,G,A,MYC,36.65
SMP_3684,chr19,164777377,C,G,VEGFA,68.72
SMP_2014,chr11,174822394,C,A,BRCA1,75.95
SMP_4192,chr8,77339062,C,A,BRCA2,67.12
SMP_7885,chr21,76721984,A,T,APOE,24.03
SMP_4670,chr4,76461724,A,G,EGFR,77.34
SMP_9948,chr9,172250845,T,A,IL6,70.9
SMP_9203,chr9,68679155,G,T,APOE,35.9
SMP_8439,chr20,82181443,G,C,TNF,95.22
SMP_4066,chr9,77823629,C,G,TNF,35.76
SMP_9296,chr6,66421994,A,G,MTHFR,24.54
SMP_3600,chr13,29636409,A,G,VEGFA,76.14
SMP_7592,chr14,104813238,G,C,BRCA2,68.4
SMP_4797,chr13,26035396,A,C,EGFR,86.22
SMP_2266,chr21,139570421,A,T,MYC,29.97
SMP_4419,chr4,13007522,G,C,TNF,39.44
SMP_4431,chr1,74454641,C,A,TNF,71.12
SMP_9799,chr16,88642672,G,T,BRCA1,41.86
SMP_9823,chr7,215607564,C,T,TNF,57.04
SMP_8713,chr16,172721952,C,G,MYC,90.19
SMP_4277,chr5,5958127,C,A,MTHFR,41.77
SMP_7626,chr8,40342022,G,T,BRCA2,77.35
SMP_1150,chr6,22433449,T,G,MYC,76.05
SMP_8581,chrX,14010542,G,T,TNF,45.08
SMP_4758,chr5,86340485,C,T,TP53,32.74
SMP_6501,chr21,51977045,A,G,APOE,55.37
SMP_4515,chr5,148191026,A,C,TP53,88.74
SMP_6911,chr21,182994355,C,G,BRCA1,53.38
SMP_8106,chr14,110789556,T,C,TP53,58.52
SMP_4203,chr22,185689700,G,T,MYC,81.99
SMP_1422,chr13,243953499,T,C,MYC,90.43
SMP_6562,chr11,45887542,A,C,APOE,73.32
SMP_3639,chr4,101977401,G,C,EGFR,44.34
SMP_5545,chr2,164939293,T,G,BRCA2,21.48
SMP_7948,chr10,74650441,C,A,MYC,48.11
SMP_5629,chr8,160558909,G,T,VEGFA,91.17
SMP_8525,chr21,201268491,G,A,EGFR,44.57
SMP_4279,chr7,57572405,T,A,VEGFA,29.46
SMP_9145,chr12,25096163,T,C,VEGFA,42.04
SMP_2800,chr5,162976206,T,A,VEGFA,89.72
SMP_3117,chr18,61076952,T,C,IL6,68.34
SMP_5665,chrY,177983903,C,G,BRCA1,21.92
SMP_4541,chr18,31917485,C,G,MYC,51.64
SMP_2361,chr14,214860592,T,C,MYC,36.45
SMP_7978,chr4,218581343,G,C,VEGFA,37.94
SMP_9088,chr14,70813860,T,G,IL6,25.78
SMP_7578,chrY,146161625,G,C,APOE,94.93
SMP_1942,chr2,38315486,A,T,VEGFA,56.9
SMP_2675,chr15,197044058,G,A,TP53,57.01
SMP_2570,chr8,236664695,A,G,TP53,87.21
SMP_3628,chr11,231483256,C,T,APOE,52.2
SMP_8952,chr13,27274569,C,A,BRCA1,63.31
SMP_9259,chr12,231238446,A,T,EGFR,57.91
SMP_7324,chr21,105491041,T,A,BRCA1,26.07
SMP_8532,chr14,152541909,T,G,VEGFA,65.51
SMP_1367,chr3,22168476,C,G,APOE,25.75
SMP_8969,chr22,80860680,T,A,BRCA1,68.51
SMP_7219,chr17,18071852,A,G,TP53,23.3
SMP_2435,chr20,235559955,C,T,TP53,42.07
SMP_7185,chr2,51939172,T,G,TNF,72.11
SMP_9643,chr3,206725560,G,T,IL6,78.29
SMP_5477,chr9,27907813,C,T,EGFR,84.28
SMP_2091,chrX,109518158,A,G,IL6,88.11
SMP_7155,chr10,99757427,G,C,MYC,96.58
SMP_9813,chr15,221119496,G,C,IL6,59.06
SMP_7916,chr14,209471335,G,T,TNF,44.21
SMP_5716,chr19,239505622,T,G,TNF,42.98
SMP_4015,chr19,125143069,A,C,EGFR,27.1
SMP_5291,chr10,148616444,T,A,BRCA1,31.46
SMP_2501,chr4,184229330,T,C,VEGFA,58.74
SMP_3327,chrX,56388355,G,T,APOE,71.78
SMP_3945,chr17,194883543,C,G,IL6,68.91
SMP_8544,chr1,1177244,G,C,BRCA1,43.1
SMP_3170,chr18,137972406,G,A,EGFR,96.72
SMP_9713,chr17,144371496,A,T,TP53,23.55
SMP_1365,chr15,94527741,G,A,TP53,30.89
SMP_1822,chr21,20028891,T,G,BRCA1,66.24
SMP_7479,chr20,145530844,A,C,MYC,99.85
SMP_4011,chr12,239119911,T,A,BRCA2,49.36
SMP_8257,chr11,12421301,T,G,BRCA1,68.58
SMP_6351,chr17,149496266,C,A,MYC,24.49
SMP_3115,chr22,193228367,T,C,MYC,93.9
SMP_8817,chrX,224672654,C,A,BRCA2,83.93
SMP_4962,chr21,154401483,C,A,MTHFR,50.42
SMP_4228,chr4,9510479,T,G,TNF,80.15
SMP_3700,chr12,228400070,C,G,MTHFR,83.18
SMP_3046,chr21,164437899,T,A,TNF,94.65
SMP_1780,chr7,55362684,T,G,BRCA2,21.81
SMP_9174,chr7,16635254,C,T,MTHFR,92.21
SMP_4466,chr18,122604140,A,C,TNF,65.01
SMP_7104,chrX,161015915,G,C,BRCA1,74.16
SMP_5891,chr15,155462563,G,T,BRCA2,31.1
SMP_5046,chr18,249541812,G,A,MTHFR,39.49
SMP_5768,chr9,33955765,A,G,VEGFA,54.72
SMP_3437,chr2,101601311,T,A,APOE,57.17
SMP_3936,chr19,19480982,C,G,BRCA1,41.3
SMP_3881,chr3,40987773,T,A,EGFR,70.22
SMP_6454,chr6,9468633,T,C,MYC,90.9
SMP_2944,chr14,43378240,G,A,APOE,37.79
SMP_5034,chr16,248556087,C,A,EGFR,41.63
SMP_9352,chr18,209442742,T,C,IL6,69.37
SMP_8414,chr21,55901327,G,T,IL6,84.86
SMP_4849,chr12,167259641,G,C,TP53,45.06
SMP_9660,chr7,192605623,C,G,EGFR,60.65
SMP_2727,chr11,51996487,A,T,MYC,28.75
SMP_6996,chr17,105307306,A,C,MYC,62.98
SMP_9205,chr7,86274356,G,T,TNF,87.33
SMP_8537,chr5,33344026,T,A,TNF,44.13
SMP_5089,chr17,84794878,G,C,APOE,24.54
SMP_2283,chr2,56628276,C,T,EGFR,86.06
SMP_2810,chr19,175926931,C,T,EGFR,88.71
SMP_1586,chr18,55191628,A,G,BRCA2,73.71
SMP_5223,chr13,54250171,C,G,EGFR,47.64
SMP_1490,chr18,46403868,T,G,IL6,75.58
SMP_4783,chr8,211385447,A,C,EGFR,25.97
SMP_6620,chr21,96804467,A,G,IL6,78.48
SMP_8492,chr3,243573851,T,G,BRCA1,51.77
SMP_7120,chr22,21920235,G,A,TP53,95.71
SMP_8054,chr3,92622360,T,C,APOE,36.89
SMP_1670,chr1,67742846,C,G,BRCA1,88.22
SMP_3487,chr20,60061985,G,C,BRCA1,63.96
SMP_6735,chr21,34947963,G,C,BRCA1,89.96
SMP_9490,chr8,123757823,C,G,TP53,93.65
SMP_2182,chr6,35965877,T,C,TP53,48.82
SMP_7208,chr14,191445787,A,C,MYC,64.35
SMP_9598,chr15,92061227,C,A,MYC,29.24
SMP_4390,chr22,99444217,C,G,IL6,84.86
SMP_3753,chr18,32945787,A,G,TP53,84.03
SMP_1236,chr20,200269820,C,A,TNF,96.24
SMP_8265,chr11,83121526,T,C,VEGFA,21.57
SMP_3088,chr20,65745501,T,A,EGFR,87.85
SMP_5306,chr22,192621982,A,T,BRCA1,45.15
SMP_3523,chr16,235267413,A,T,BRCA2,66.75
SMP_4778,chrX,53168152,G,A,TNF,56.93
SMP_2676,chr13,50039069,A,C,BRCA2,27.62
SMP_8790,chr21,120116613,T,C,VEGFA,41.51
SMP_1566,chr12,52289033,T,G,TP53,20.53
SMP_8300,chr8,70971183,A,C,IL6,72.52
SMP_3663,chr21,30751836,T,C,VEGFA,81.92
SMP_9022,chr11,52857062,T,C,MYC,71.52
SMP_8019,chr5,59637709,C,T,BRCA2,94.21
SMP_5010,chr2,139338663,C,G,TNF,97.99
SMP_3981,chr22,232016780,T,A,BRCA2,43.38
SMP_3501,chr20,197078905,T,A,TP53,66.95
SMP_9049,chr11,143203880,A,T,TNF,52.56
SMP_8794,chr18,248951803,A,G,TP53,29.26
SMP_2690,chr9,16361798,G,A,BRCA1,27.53
SMP_8185,chr20,128824504,T,A,TP53,38.34
SMP_3084,chrX,79312026,C,G,BRCA1,34.77
SMP_5929,chr20,91745127,T,C,BRCA2,58.03
SMP_1338,chr2,77068511,C,G,APOE,62.45
SMP_3153,chr15,58426503,T,G,MYC,49.9
SMP_7515,chr1,73190605,C,A,IL6,23.44
SMP_1290,chr16,73012682,C,T,BRCA1,76.32
SMP_6952,chr1,26424088,G,T,BRCA2,73.4
SMP_9810,chr22,105681611,A,C,APOE,88.12
SMP_7134,chr7,30347972,A,T,VEGFA,53.21
SMP_8775,chr5,246000352,G,C,IL6,80.96
SMP_8668,chr12,69556233,A,G,TNF,58.85
SMP_5962,chr20,233064925,C,T,TP53,26.14
SMP_4067,chr14,243041636,A,T,EGFR,83.07
SMP_4298,chr17,219739093,C,T,MTHFR,26.59
SMP_2651,chr18,107297128,A,G,TNF,64.18
SMP_1973,chr14,183187825,C,G,MTHFR,35.54
SMP_6647,chr18,118537732,G,C,IL6,78.62
SMP_9019,chr6,70412745,T,G,IL6,86.93
SMP_3312,chr12,50249374,G,T,VEGFA,20.93
SMP_4349,chr8,199299264,A,C,TP53,51.27
SMP_5553,chr20,247533014,A,T,TP53,74.06
SMP_1775,chr10,224983618,G,C,BRCA1,52.21
SMP_1452,chr11,97080643,T,C,BRCA1,47.09
SMP_2143,chr6,239169578,C,A,MYC,36.25
SMP_3092,chr2,103777523,G,T,VEGFA,33.36
SMP_6823,chr17,231726686,A,T,IL6,46.98
SMP_3485,chr19,153797763,C,A,EGFR,60.69
SMP_5697,chr10,118282678,G,C,EGFR,23.28
SMP_7972,chr10,61717383,T,G,MTHFR,78.56
SMP_2529,chr4,50090216,A,T,VEGFA,54.68
SMP_2102,chr8,79917642,T,G,EGFR,29.96
SMP_6571,chr5,59003184,T,C,MYC,85.43
SMP_3569,chr11,198176899,A,G,TP53,58.66
SMP_7809,chr4,147962384,A,G,BRCA1,63.26
SMP_3892,chr16,48345020,A,G,TNF,85.93
SMP_2772,chr2,68377147,T,C,IL6,45.37
SMP_3900,chrY,92319581,T,G,IL6,29.58
SMP_5017,chr9,227444322,C,G,IL6,96.45
SMP_8175,chr16,187941346,A,G,TNF,93.04
SMP_1211,chr12,226220631,C,T,MTHFR,28.35
SMP_4202,chr10,199313821,T,G,MTHFR,55.22
SMP_1181,chr13,212254886,G,A,APOE,60.14
SMP_3296,chr2,205068111,A,T,TP53,63.36
SMP_3503,chr6,39917893,A,C,MTHFR,75.2
SMP_4177,chr5,101020375,A,G,BRCA1,88.86
SMP_2389,chr19,143774032,G,C,BRCA2,33.01
SMP_6997,chr8,85568999,G,C,VEGFA,32.35
SMP_4619,chr15,137824011,A,T,TNF,48.81
SMP_2732,chr10,11213997,T,C,VEGFA,72.28
SMP_1631,chr7,249875269,C,G,APOE,26.75
SMP_1518,chr5,213610138,A,G,TP53,44.15
SMP_1941,chr8,124100792,A,T,TP53,87.42
SMP_2136,chr8,215087377,T,C,BRCA2,53.66
SMP_4978,chr18,90891004,T,C,TNF,44.64
SMP_3731,chr2,82130512,T,C,BRCA2,96.38
SMP_2169,chr20,196604964,T,C,VEGFA,79.81
SMP_7665,chr22,72206968,T,A,IL6,66.21
SMP_2338,chr20,159802878,A,G,BRCA1,64.07
SMP_6554,chr1,12788655,A,G,TNF,44.77
SMP_6125,chr14,78277959,G,A,APOE,57.92
SMP_4947,chr9,26661864,G,C,TNF,97.07
SMP_8260,chr13,180374390,A,T,IL6,90.49
SMP_4982,chr5,135827464,T,A,TNF,58.69
SMP_8661,chr11,42848783,A,C,BRCA2,95.69
SMP_5466,chr15,83413486,A,C,IL6,96.79
SMP_7899,chr16,105676196,C,G,VEGFA,83.66
SMP_9092,chr7,200267641,A,G,BRCA1,22.51
SMP_7671,chr13,145591211,A,T,BRCA1,94.39
SMP_6497,chr9,146649861,A,T,TNF,35.04
SMP_2662,chr14,131839013,T,A,TP53,27.55
SMP_9772,chr4,141704196,G,A,MTHFR,93.52
SMP_4074,chr8,53943739,G,T,IL6,84.07
SMP_2099,chr16,230978767,A,C,TP53,43.29
SMP_7863,chr13,221815408,C,A,TNF,82.49
SMP_6016,chr14,17178806,T,G,MTHFR,20.04
SMP_3789,chr2,237022637,G,A,EGFR,95.02
SMP_4731,chr16,169007992,C,G,BRCA1,65.98
SMP_9276,chr1,94315377,T,C,MTHFR,29.28
SMP_4691,chrY,212167136,A,C,TP53,77.62
SMP_4112,chr13,95318161,G,T,BRCA1,51.66
SMP_3226,chr15,13769413,C,G,MYC,65.19
SMP_6167,chr9,78208079,A,T,APOE,35.57
SMP_9898,chr17,199868639,G,C,TP53,60.61
SMP_9084,chrY,20040329,A,C,VEGFA,78.04
SMP_8563,chr6,80308582,T,A,TNF,21.21
SMP_7104,chr9,155777146,G,A,IL6,73.35
SMP_6347,chr11,237142582,T,G,TNF,26.04
SMP_6136,chr14,163288701,C,T,TNF,61.99
SMP_4864,chr22,26567669,T,A,VEGFA,62.07
SMP_2804,chr12,90421532,G,A,MYC,47.09
SMP_1243,chr18,62090260,C,G,APOE,33.42
SMP_4281,chr13,98449342,A,C,BRCA2,70.52
SMP_4100,chr18,183301662,G,T,VEGFA,39.77
SMP_4064,chr3,108319161,A,T,TNF,73.67
SMP_1983,chr18,111255638,G,T,BRCA1,46.43
SMP_7149,chr6,213643364,C,T,APOE,66.41
SMP_9033,chr14,200520471,A,G,IL6,23.99
SMP_6699,chr16,220909069,T,A,VEGFA,33.99
SMP_4178,chr3,173014582,G,A,VEGFA,51.47
SMP_5865,chr21,53669869,C,G,APOE,20.87
SMP_9176,chr22,67170356,A,T,MYC,76.78
SMP_9278,chr8,142905021,G,T,IL6,31.89
SMP_2735,chr17,116285742,T,G,TNF,53.41
SMP_9634,chr17,26986249,C,A,TNF,77.45
SMP_5698,chr6,176379575,T,G,MTHFR,56.28
SMP_6419,chrX,136386539,A,G,IL6,74.69
SMP_2592,chr21,2676959,T,C,VEGFA,36.63
SMP_4002,chrX,1441637,G,A,TNF,80.43
SMP_4421,chr19,94802088,G,C,BRCA1,68.67
SMP_8898,chr12,215878016,C,T,BRCA2,64.32
SMP_3676,chr10,28339988,A,T,MYC,59.63
SMP_2088,chr21,53840259,G,C,APOE,98.02
SMP_4756,chr16,79579689,A,C,BRCA1,82.58
SMP_2534,chr7,17310610,A,G,VEGFA,22.57
SMP_9783,chr18,53426564,T,G,TP53,34.59
SMP_4837,chrX,230661247,C,T,EGFR,65.87
SMP_1048,chr4,170511178,C,A,TP53,64.4
SMP_1704,chr3,129027654,G,A,TNF,89.2
SMP_3288,chr16,62744282,G,C,EGFR,20.59
SMP_1661,chr19,216395803,T,C,MYC,36.02
SMP_5643,chr12,96118344,G,A,IL6,77.75
SMP_3382,chr4,10557025,T,C,IL6,26.03
SMP_7893,chr1,5348123,G,C,EGFR,50.12
SMP_2845,chr22,164582398,G,A,BRCA1,59.95
SMP_1406,chr9,9613981,A,G,MYC,23.26
SMP_1160,chr3,50113318,C,A,TNF,25.67
SMP_6411,chr15,219095865,A,T,MYC,20.97
SMP_1576,chr2,230971013,C,T,BRCA2,63.99
SMP_2506,chr10,168093937,C,G,MYC,42.13
SMP_7860,chr7,186516912,G,A,VEGFA,77.92
SMP_5213,chr10,124065903,T,C,MTHFR,53.18
SMP_7059,chr9,83609617,G,A,IL6,81.57
SMP_1792,chr19,233425700,A,G,TNF,62.2
SMP_9658,chr8,196990766,T,A,TNF,20.24
SMP_8108,chr20,82272294,A,C,VEGFA,55.27
SMP_7059,chr12,33741078,C,G,TNF,46.67
SMP_5357,chr15,242822706,A,C,IL6,66.9
SMP_1159,chr22,215972287,T,C,VEGFA,25.04
SMP_3034,chr17,145023548,T,G,TNF,59.49
SMP_5757,chr2,48165902,C,A,APOE,66.62
SMP_8397,chr2,38750740,T,A,MYC,27.02
SMP_1871,chr16,210480735,T,A,MTHFR,81.77
SMP_9408,chr6,130373771,T,C,BRCA2,43.01
SMP_1554,chr17,234571836,T,A,APOE,40.66
SMP_5064,chrX,142077170,A,G,VEGFA,38.45
SMP_1291,chr15,220783242,T,A,TNF,36.73
SMP_7167,chr15,63319627,C,G,BRCA1,77.0
SMP_7642,chr16,180080188,A,C,MYC,34.07
SMP_3753,chr22,128892811,A,C,APOE,21.23
SMP_4465,chrY,123102925,T,G,MYC,80.17
SMP_5797,chr18,1329806,A,T,MTHFR,73.28
SMP_2803,chr10,144119958,A,C,BRCA2,71.57
SMP_6329,chr22,10357567,C,A,VEGFA,36.72
SMP_3182,chr12,135004810,A,T,TNF,29.35
SMP_7461,chr4,162574771,A,T,TNF,69.13
SMP_8452,chr19,200609816,A,T,BRCA1,33.74
SMP_7476,chr10,150073119,G,T,MYC,58.48
SMP_2331,chr21,49274520,C,A,VEGFA,97.02
SMP_4357,chr4,109923413,A,G,MTHFR,54.82
SMP_2591,chr15,34231583,G,T,BRCA1,86.27
SMP_6021,chr2,235481568,T,G,VEGFA,90.85
SMP_1978,chr12,149809099,T,G,IL6,76.88
SMP_1102,chr4,248131219,A,G,TNF,25.82
SMP_6532,chr12,184200964,C,T,BRCA2,41.37
SMP_5498,chr13,28598872,A,T,BRCA2,44.34
SMP_7099,chr2,154466904,A,C,MYC,57.91
SMP_5572,chr15,48633212,G,C,BRCA1,26.52
SMP_2213,chr15,149735705,G,C,BRCA2,34.63
SMP_6384,chrX,108727486,A,G,TP53,96.27
SMP_8663,chr2,212903741,C,T,EGFR,78.84
SMP_5492,chr22,61201935,C,A,MTHFR,76.21
SMP_3064,chr2,193346435,T,C,VEGFA,44.13
SMP_9687,chr19,38467732,G,A,TP53,59.88
SMP_9901,chr17,142533131,A,G,EGFR,46.66
SMP_2321,chr8,74329703,G,C,BRCA1,46.25
SMP_8233,chr7,109106968,T,G,MYC,45.24
SMP_4405,chr8,30414235,T,C,EGFR,21.42
SMP_1161,chr4,98868899,G,A,TNF,97.15
SMP_3954,chr16,37549793,T,C,TNF,73.86
SMP_7192,chr16,24224908,T,C,MTHFR,75.32
SMP_5806,chr20,212781869,T,A,APOE,95.58
SMP_7547,chr4,227924805,C,G,BRCA1,48.78
SMP_8519,chr9,130721253,G,A,MYC,29.78
SMP_7796,chr7,78744081,T,G,BRCA2,96.54
SMP_8969,chr17,149282878,A,T,EGFR,82.95
SMP_7770,chr21,159125244,C,G,BRCA2,99.65
SMP_9265,chr13,41646480,C,A,VEGFA,27.31
SMP_5480,chr8,173016096,G,T,BRCA1,86.77
SMP_5986,chr7,15375869,T,C,VEGFA,89.02
SMP_8111,chr10,243232658,A,C,APOE,54.91
SMP_9482,chr6,55298055,C,T,TNF,23.7
SMP_9480,chr17,161107364,T,A,TNF,36.98
SMP_8755,chr19,43680089,A,T,MYC,52.0
SMP_1619,chr22,127105957,C,A,BRCA2,93.75
SMP_1499,chr15,55746231,G,C,MYC,20.53
SMP_1395,chr6,60384765,T,G,APOE,45.04
SMP_1826,chr19,11918497,G,A,VEGFA,54.02
SMP_2574,chr21,74541363,C,A,EGFR,88.74
SMP_4412,chr5,57753021,A,T,BRCA1,56.85
SMP_5447,chr15,11351607,G,C,IL6,71.45
SMP_5910,chr8,72462439,T,C,IL6,89.08
SMP_6935,chr10,122867384,C,G,APOE,47.31
SMP_6759,chr12,178139567,T,C,APOE,85.23
SMP_3197,chr5,92367984,C,T,TP53,58.21
SMP_4407,chr14,219164162,C,T,BRCA1,28.76
SMP_1635,chr13,164733885,T,G,MYC,49.88
SMP_3665,chr14,21322570,T,C,TNF,97.27
SMP_5193,chr7,61208301,T,G,EGFR,36.59
SMP_2294,chr14,82323698,C,G,MTHFR,54.77
SMP_1116,chr15,116270370,A,G,BRCA2,69.24
SMP_6358,chrY,30945205,A,C,BRCA2,36.77
SMP_9222,chr16,126968479,A,C,BRCA2,97.4
SMP_6160,chr4,128264795,A,C,MTHFR,80.04
SMP_2327,chr2,33837903,T,A,MTHFR,30.74
SMP_2352,chrX,34506449,A,G,VEGFA,26.42
SMP_8407,chr8,82272527,G,C,MYC,30.2
SMP_7353,chr19,217533179,A,C,BRCA1,49.24
SMP_7529,chr1,153733168,A,G,TNF,58.19
SMP_8847,chr12,188117938,T,A,APOE,98.43
SMP_8240,chr10,106736244,A,G,VEGFA,77.95
SMP_2524,chr5,170016308,A,T,BRCA1,42.44
SMP_5453,chr2,219864840,G,A,EGFR,71.27
SMP_6665,chr1,231377536,C,A,BRCA1,88.13
SMP_8070,chr16,28342241,G,C,EGFR,86.28
SMP_1500,chr15,156304992,T,A,TP53,22.4
SMP_1493,chr16,161992981,G,A,TP53,65.19
SMP_2840,chr13,229823490,C,T,APOE,20.51
SMP_3384,chr2,174283271,T,G,BRCA2,53.73
SMP_9128,chr13,190540269,C,T,APOE,25.16
SMP_8239,chr3,140997016,C,G,TNF,31.79
SMP_3983,chrX,5292394,T,A,BRCA2,69.54
SMP_7340,chr10,211402002,T,A,MYC,51.03
SMP_7232,chr22,166083783,G,T,APOE,63.32
SMP_8897,chr18,22008202,T,A,TNF,84.34
SMP_8603,chr1,46764141,C,G,IL6,28.93
SMP_5997,chr13,46585740,T,A,TNF,58.78
SMP_7014,chr13,1066689,G,C,IL6,91.91
SMP_3101,chr21,245908917,C,T,TNF,32.65
SMP_7922,chr4,30588914,C,G,MTHFR,60.01
SMP_6420,chr12,247721921,A,C,EGFR,94.67
SMP_8862,chr19,21007483,C,G,APOE,69.52
SMP_4300,chr16,68789727,T,A,TNF,36.93
SMP_1460,chr3,148188686,C,G,BRCA2,78.23
SMP_5126,chr14,159805963,A,G,MYC,85.17
SMP_5944,chr17,132485721,A,G,BRCA1,70.4
SMP_8709,chr3,137326266,T,A,MYC,79.76
SMP_3176,chr14,219205217,G,A,APOE,38.77
SMP_5910,chr3,188836068,A,G,TNF,86.36
SMP_1718,chr14,52858306,C,T,APOE,37.03
SMP_4548,chr16,34478720,A,C,TP53,75.72
SMP_8501,chr2,176331451,A,T,APOE,57.22
SMP_9506,chr6,206481447,T,C,VEGFA,20.91
SMP_5014,chr19,182554196,A,G,VEGFA,40.6
SMP_1457,chr4,159725591,T,G,APOE,63.25
SMP_7296,chr19,235292095,G,C,MYC,49.54
SMP_9919,chrX,160508967,T,G,BRCA1,69.63
SMP_6000,chr7,97050791,C,T,IL6,63.93
SMP_3439,chr11,214342871,T,G,MYC,91.97
SMP_9599,chr22,168764172,A,G,BRCA1,40.26
SMP_3250,chr20,35631043,G,A,EGFR,30.97
SMP_4018,chr9,164491015,G,T,EGFR,87.94
SMP_1713,chr19,14345801,T,C,MYC,40.49
SMP_8799,chr12,225261922,T,A,MYC,34.99
SMP_5443,chr13,202888642,T,G,TNF,50.39
SMP_5668,chr4,3589173,A,C,TNF,58.98
SMP_8092,chr6,147839623,G,T,MYC,81.13
SMP_3496,chr20,176212372,A,G,MYC,40.39
SMP_1268,chrX,121941612,A,G,MYC,54.09
SMP_5085,chr11,15105128,T,A,IL6,92.49
SMP_6066,chr19,202311629,A,T,BRCA2,85.44
SMP_1660,chr18,114405431,G,T,APOE,35.54
SMP_6512,chrX,25893958,A,T,TNF,79.48
SMP_4946,chr13,166752746,C,T,IL6,48.98
SMP_4624,chr16,207824695,T,A,BRCA2,60.89
SMP_7833,chr18,228683138,G,T,TP53,61.8
SMP_8299,chr8,49635169,C,G,APOE,83.38
SMP_8840,chr2,132304479,C,T,VEGFA,64.72
SMP_8313,chr5,29937713,T,G,VEGFA,55.79
SMP_9891,chrY,3604050,G,A,BRCA1,31.08
SMP_2137,chr16,96012421,A,C,MTHFR,91.06
SMP_9840,chr9,72588715,C,G,VEGFA,93.87
SMP_5256,chr15,189774054,T,G,APOE,92.65
SMP_7651,chrY,221760261,C,A,BRCA1,62.66
SMP_9853,chr13,81138357,A,T,MYC,37.04
SMP_4375,chr9,75949349,T,G,MTHFR,86.86
SMP_3167,chrX,163538882,G,C,EGFR,53.32
SMP_4502,chr15,81683841,C,T,IL6,82.28
SMP_6552,chr21,210756475,G,C,MTHFR,46.36
SMP_7837,chr7,22608119,T,C,TNF,69.48
SMP_8479,chr4,5327967,T,G,APOE,69.32
SMP_1425,chr12,172152594,G,T,TP53,77.4
SMP_1279,chr14,190226766,G,A,BRCA2,94.23
SMP_2115,chr11,249520053,T,G,APOE,30.34
SMP_9540,chr9,237831829,T,A,BRCA2,37.97
SMP_7555,chr18,24414844,T,C,TNF,43.77
SMP_8508,chr18,237888625,G,A,MTHFR,90.18
SMP_1936,chr18,124550411,C,T,BRCA1,75.4
SMP_2340,chr20,23939168,C,A,EGFR,33.3
SMP_6072,chr13,136491773,G,T,EGFR,52.01
SMP_4376,chr1,194373337,A,T,BRCA2,80.98
SMP_5387,chr4,50378644,C,G,EGFR,37.72
SMP_5247,chr12,131063582,A,C,EGFR,96.77
SMP_4026,chr5,230077589,C,A,TP53,26.57
SMP_2939,chr18,75512414,C,G,MYC,31.88
SMP_5625,chr17,193192721,T,A,BRCA1,55.73
SMP_5529,chr6,56607038,G,A,MYC,98.55
SMP_6375,chr6,62450846,A,T,TNF,75.59
SMP_2438,chr7,166477895,C,G,BRCA1,52.22
SMP_2911,chr4,234943450,T,C,EGFR,97.41
SMP_4285,chr12,230943279,C,A,BRCA1,89.73
SMP_1198,chr16,177529282,G,C,BRCA1,32.95
SMP_3048,chr10,41410675,G,T,TP53,20.64
SMP_3228,chr15,90615399,G,A,APOE,46.27
SMP_3863,chr12,214767899,A,G,TP53,57.91
SMP_6442,chr15,138238140,C,T,EGFR,49.39
SMP_7867,chr11,127671048,A,T,TNF,28.25
SMP_2899,chr20,16733873,C,T,APOE,23.76
SMP_4122,chr5,152867029,A,G,EGFR,54.75
SMP_9994,chr7,248663775,C,G,TP53,66.76
SMP_1089,chr15,95335043,A,G,MTHFR,92.94
SMP_3970,chr10,114044607,C,A,BRCA1,85.61
SMP_8838,chr12,227988120,A,T,TNF,67.13
SMP_6509,chr11,52397370,G,A,TP53,79.38
SMP_4190,chr21,67852561,T,A,VEGFA,58.26
SMP_1175,chrY,175486654,G,A,APOE,41.16
SMP_6073,chr17,110094043,T,C,BRCA1,36.99
SMP_9709,chr8,215506936,C,A,MYC,46.38
SMP_4087,chr10,219429229,G,C,IL6,98.36
SMP_4678,chr14,151892281,A,G,VEGFA,83.06
SMP_8454,chr18,170405525,T,G,VEGFA,81.69
SMP_5121,chr12,237001256,G,C,MYC,73.31
SMP_6346,chr9,30550550,A,G,BRCA2,31.22
SMP_3126,chr3,24710577,A,G,BRCA2,62.14
SMP_2997,chr13,130546021,C,T,MTHFR,96.78
SMP_7874,chr20,129142587,C,A,TNF,89.42
SMP_3209,chr12,237473042,A,C,TP53,28.37
SMP_2619,chr10,239806625,T,C,BRCA2,23.21
SMP_4503,chr20,51197624,T,C,MTHFR,21.19
SMP_9082,chr10,217004614,T,C,VEGFA,32.93
SMP_9658,chr19,169379944,G,T,MYC,39.54
SMP_2493,chr17,50798610,T,G,MYC,35.37
SMP_7482,chr18,120423733,T,A,MTHFR,38.28
SMP_2160,chr5,185304307,A,G,BRCA1,65.14
SMP_6234,chr15,220379325,T,A,TP53,56.83
SMP_8366,chr3,129638743,T,C,APOE,32.21
SMP_4030,chr12,235017196,T,G,TP53,51.88
SMP_1004,chr4,189848415,C,A,IL6,84.75
SMP_5875,chr9,108623870,A,C,TP53,92.05
SMP_9277,chr1,168526860,G,T,VEGFA,93.19
SMP_1995,chr2,53118849,T,G,TNF,86.79
SMP_7773,chr3,99446451,A,G,EGFR,40.75
SMP_4638,chr21,209997252,T,G,BRCA2,50.73
SMP_2597,chr16,184256664,T,G,TNF,77.6
SMP_3889,chr11,18068746,C,A,MTHFR,47.94
SMP_8508,chr13,17347641,T,A,BRCA1,89.22
SMP_3676,chr20,111175479,T,G,TP53,22.98
SMP_2254,chr2,96389629,T,G,MYC,68.99
SMP_2903,chr21,240715880,A,C,TNF,60.3
SMP_4320,chr18,117327868,C,T,MTHFR,35.61
SMP_6281,chr4,17246799,A,C,BRCA1,51.35
SMP_1063,chr22,180274518,C,G,APOE,85.46
SMP_3642,chrX,176972908,G,C,BRCA2,79.68
SMP_2943,chr9,12388911,T,A,TP53,28.12
SMP_6758,chr1,134289788,G,C,IL6,80.21
SMP_5676,chr19,192398357,C,A,MTHFR,76.25
SMP_9151,chr14,68140802,A,G,TP53,73.57
SMP_7934,chr6,249888949,T,C,MYC,89.13
SMP_9452,chr9,169144297,G,T,BRCA1,25.15
SMP_6525,chr5,3862901,G,T,IL6,72.37
SMP_5640,chr13,19538137,C,A,BRCA1,64.59
SMP_1007,chr20,46798819,A,T,MTHFR,69.84
SMP_1407,chr4,124807472,A,C,BRCA1,50.92
SMP_8987,chr11,126115286,A,T,MTHFR,52.23
SMP_8877,chr3,236469143,T,G,TNF,54.54
SMP_5469,chr10,66036171,T,A,EGFR,38.83
SMP_9211,chr12,174251345,G,C,BRCA2,69.52
SMP_8882,chr1,178962204,C,T,BRCA2,91.87
SMP_1987,chrY,124725341,A,T,BRCA1,82.13
SMP_4741,chr7,103492878,T,C,MTHFR,91.17
SMP_6382,chr18,162577441,G,T,TNF,34.11
SMP_2547,chr13,182051523,A,C,MTHFR,45.4
SMP_8290,chr5,175358438,G,C,TNF,84.19
SMP_3652,chr13,238923873,G,T,BRCA2,91.17
SMP_4887,chr19,106414277,T,A,TP53,98.96
SMP_2817,chr21,36028386,A,G,EGFR,87.19
SMP_4866,chr21,178626247,T,G,IL6,75.55
SMP_8221,chr5,142896392,C,A,EGFR,21.2
SMP_1061,chr15,45276712,G,C,VEGFA,71.43
SMP_1483,chr10,2207566,T,A,APOE,68.24
SMP_4486,chr7,6337334,A,G,EGFR,81.06
SMP_8488,chr3,145343530,T,C,IL6,29.82
SMP_7412,chr2,240627493,G,C,TP53,89.09
SMP_5776,chr9,212030937,C,T,EGFR,29.58
SMP_9411,chr16,235450595,G,T,BRCA1,49.74
SMP_2637,chr12,99162828,T,A,IL6,23.12
SMP_6416,chr16,214448635,A,C,VEGFA,34.27
SMP_8221,chr9,51613378,C,A,EGFR,23.83
SMP_1181,chr4,118635455,G,C,BRCA2,44.3
SMP_1570,chr18,116943386,G,T,VEGFA,88.49
SMP_4950,chr3,222290644,C,T,EGFR,37.49
SMP_9013,chr3,4078607,T,C,TP53,64.89
SMP_6194,chr11,93098620,A,C,BRCA2,24.82
SMP_8558,chr19,106455185,T,C,TNF,47.57
SMP_6952,chr7,145270197,T,C,MTHFR,75.56
SMP_6011,chr14,126021840,G,C,BRCA2,64.08
SMP_4576,chr21,98541005,G,T,MTHFR,37.63
SMP_2460,chr13,219967820,T,G,TNF,47.88
SMP_2163,chr19,43185390,C,G,BRCA1,37.71
SMP_4509,chr11,50053533,T,A,BRCA1,95.3
SMP_1460,chr5,158705500,T,G,TNF,34.19
SMP_1714,chr17,178540966,C,A,APOE,22.06
SMP_6131,chr12,35732126,C,T,IL6,46.47
SMP_2516,chr12,50076526,A,C,TNF,69.31
SMP_1343,chr13,75099481,C,T,MTHFR,50.33
SMP_7115,chr7,141589399,A,C,BRCA1,22.91
SMP_6216,chr14,169613887,C,A,APOE,33.41
SMP_9096,chr5,158906847,A,C,BRCA1,29.13
SMP_6370,chrY,65146956,T,C,MYC,36.42
SMP_5078,chr17,83057728,C,T,BRCA1,39.99
SMP_4876,chr10,135381108,A,C,TNF,28.26
SMP_4777,chr14,97141558,T,A,MYC,92.68
SMP_1855,chr15,66931089,G,T,BRCA1,62.44
SMP_1631,chr8,14622810,C,G,EGFR,79.19
SMP_1980,chr17,25277498,A,G,TP53,35.7
SMP_8680,chr4,188223217,C,A,TP53,70.91
SMP_7828,chrX,223717019,G,T,EGFR,46.51
SMP_3958,chrY,130768783,C,T,EGFR,89.87
SMP_8352,chr22,181785550,G,C,EGFR,21.25
SMP_5432,chr19,231217887,A,T,IL6,88.29
SMP_5034,chr7,10489692,G,T,BRCA1,24.23
SMP_7654,chr9,92690877,G,T,TNF,44.63
SMP_8172,chr22,224777405,C,A,TNF,68.97
SMP_9535,chr20,117636447,C,T,TNF,30.65
SMP_2359,chr1,15739015,A,C,APOE,32.57
SMP_6337,chr3,121758953,T,G,MTHFR,49.35
SMP_6164,chrX,117199271,A,T,EGFR,50.62
SMP_3098,chr15,135605792,C,A,BRCA1,97.82
SMP_6603,chr17,191914012,C,G,TP53,58.77
SMP_1946,chr12,112670,G,T,MTHFR,25.73
SMP_1664,chr2,112172636,A,C,MTHFR,69.38
SMP_3879,chrX,49540031,C,T,TNF,69.86
SMP_6772,chr4,174448145,A,T,BRCA2,98.67
SMP_5316,chr12,116846304,A,T,EGFR,71.05
SMP_4389,chr8,16164148,G,A,APOE,21.76
SMP_5816,chr4,59197652,G,C,EGFR,22.2
SMP_9341,chr2,205943125,T,G,EGFR,56.14
SMP_2348,chr16,168778293,C,G,TNF,31.3
SMP_1449,chr8,55320705,C,A,VEGFA,23.85
SMP_1102,chr12,80870193,T,A,MYC,74.5
SMP_8186,chr1,156390034,T,G,APOE,70.61
SMP_4423,chr11,201454802,T,C,BRCA2,34.66
SMP_4775,chr9,122865740,G,A,APOE,74.42
SMP_2652,chr18,168944921,T,G,APOE,63.63
SMP_3260,chr9,64285663,T,A,APOE,91.88
SMP_9096,chr20,193215110,T,A,EGFR,81.49
SMP_6214,chr9,125790926,C,G,BRCA1,47.78
SMP_9009,chr15,242942872,T,G,VEGFA,23.4
SMP_9228,chr2,157215604,T,A,VEGFA,75.66
SMP_4073,chr7,38792182,T,A,TNF,89.48
SMP_5690,chr5,4124029,A,G,MYC,68.53
SMP_9361,chr8,15183651,C,G,EGFR,64.49
SMP_7683,chr13,28796144,G,A,MYC,68.93
SMP_8423,chr20,233173099,G,T,APOE,47.44
SMP_9955,chr13,151957924,T,A,BRCA1,43.34
SMP_5268,chr18,147374094,C,T,BRCA2,32.31
SMP_3759,chr7,39781074,G,C,APOE,97.61
SMP_6798,chr14,198912561,T,C,IL6,82.29
SMP_4019,chr19,172438258,T,G,BRCA2,91.65
SMP_6464,chr20,174505918,A,C,VEGFA,22.05
SMP_3336,chr15,69384951,T,A,APOE,37.68
SMP_6575,chr10,230176769,T,G,BRCA2,71.42
SMP_9512,chr6,56068288,G,T,VEGFA,30.2
SMP_2773,chr6,26379265,T,A,VEGFA,80.45
SMP_2037,chr13,127642412,C,G,IL6,89.71
SMP_9488,chr2,169535393,T,A,MYC,66.17
SMP_7081,chr1,95865776,G,A,IL6,85.15
SMP_8285,chr17,152585983,T,G,BRCA2,53.94
SMP_1037,chrY,5455321,G,A,APOE,57.7
SMP_3323,chr1,57343098,C,G,MYC,52.81
SMP_9156,chr6,136734822,A,G,APOE,73.79
SMP_7849,chr10,224257147,G,C,TNF,70.47
SMP_1241,chr7,148198426,A,T,IL6,85.47
SMP_8806,chr16,187053944,T,C,TNF,89.6
SMP_2849,chr14,131179396,G,T,EGFR,77.63
SMP_5503,chr4,109978787,T,A,MTHFR,55.34
SMP_1349,chr17,213829901,T,C,BRCA1,36.25
SMP_1278,chr15,165383683,T,G,TP53,40.56
SMP_3532,chr5,168784481,C,G,IL6,22.86
SMP_1406,chr11,76928582,G,C,TNF,58.33
SMP_2581,chr16,196280197,T,C,IL6,35.56
SMP_4107,chr13,12099798,T,A,BRCA1,20.02
SMP_4229,chr22,103283254,G,A,TNF,64.85
SMP_5213,chr1,33802639,G,T,BRCA2,85.79
SMP_2610,chr22,92264704,G,A,MYC,81.89
SMP_4220,chr20,202010350,A,G,EGFR,61.13
SMP_8327,chr10,7783291,T,C,TNF,70.21
SMP_5374,chr2,169026878,G,C,IL6,31.91
SMP_4924,chr17,131105623,G,T,BRCA2,47.76
SMP_9615,chr2,207267676,T,G,BRCA1,85.47
SMP_1391,chr19,182925570,G,T,APOE,25.65
SMP_1788,chr20,98430559,A,T,VEGFA,42.02
SMP_8403,chr10,229301655,G,T,MTHFR,71.68
SMP_7375,chr9,207939973,T,G,APOE,23.46
SMP_7102,chr11,123415037,C,A,BRCA2,46.1
SMP_2509,chr5,103926843,T,G,EGFR,97.62
SMP_4559,chr22,185612160,C,T,MYC,56.68
SMP_2227,chr18,187672724,C,A,BRCA1,75.01
SMP_5682,chr22,109015118,C,G,MTHFR,28.31
SMP_5762,chrX,138045426,C,G,APOE,65.92
SMP_3605,chr16,6856163,G,C,VEGFA,21.78
SMP_1727,chr5,126472949,G,T,MTHFR,58.2
SMP_6087,chr18,131350602,C,G,APOE,38.87
SMP_3453,chr4,28181754,T,C,TP53,27.7
SMP_5047,chr4,34105432,C,A,EGFR,89.99
SMP_3576,chr2,94669797,G,A,APOE,37.1
SMP_8077,chr14,92009410,A,C,EGFR,94.88
SMP_5998,chr6,24027098,T,A,BRCA2,30.44
SMP_9258,chr5,86391943,A,G,MTHFR,32.24
SMP_6638,chr22,111633446,T,C,IL6,28.26
SMP_7590,chr6,190683617,C,T,MTHFR,42.18
SMP_4387,chr4,62435481,G,C,TNF,73.08
SMP_7929,chr8,72243948,C,A,APOE,26.76
SMP_8295,chr17,21043847,A,C,VEGFA,51.25
SMP_6224,chr21,9328287,A,T,TP53,36.39
SMP_3335,chrY,4832992,A,G,BRCA1,74.42
SMP_8272,chr16,169193954,C,A,TP53,51.32
SMP_7981,chr12,120355128,T,A,BRCA1,83.9
SMP_8295,chr10,39017934,A,T,MYC,68.3
SMP_6514,chr5,52073725,T,C,BRCA2,95.53
SMP_7720,chr19,101197483,C,G,VEGFA,75.89
SMP_9365,chr2,192769175,C,T,BRCA2,93.42
SMP_7932,chr19,134069657,A,C,TP53,84.65
SMP_6794,chr14,38909218,G,T,MTHFR,51.81
SMP_7133,chr8,193081480,T,C,MTHFR,65.18
SMP_3078,chr17,132996422,C,G,EGFR,90.86
SMP_3804,chr5,205614505,T,A,BRCA1,22.53
SMP_6760,chr15,5728164,C,T,BRCA1,72.66
SMP_3855,chr2,237021070,T,A,BRCA2,29.5
SMP_8923,chr18,186083702,C,A,BRCA2,88.6
SMP_1960,chr8,171371483,C,T,TNF,50.04
SMP_5637,chr4,233323780,C,T,BRCA2,29.2
SMP_2209,chr7,152877918,A,G,APOE,45.5
SMP_5213,chr15,164525580,A,C,IL6,50.33
SMP_4999,chr6,54640021,G,A,BRCA2,58.45
SMP_1773,chr16,189643149,A,C,EGFR,87.51
SMP_7899,chr11,73706216,G,C,TP53,51.2
SMP_1848,chr12,157254045,C,G,VEGFA,32.25
SMP_5941,chr2,54726100,T,G,MYC,74.41
SMP_3909,chr11,87966738,C,G,BRCA1,59.92
SMP_4569,chr16,65600576,G,T,MYC,29.08
SMP_8275,chr20,38089027,G,A,MYC,67.06
SMP_9755,chr21,210568173,A,C,MTHFR,54.87
SMP_8996,chr7,46803642,G,T,VEGFA,59.2
SMP_3524,chr19,78258659,A,T,IL6,24.87
SMP_4481,chr8,182418905,A,C,MTHFR,90.18
SMP_9607,chr9,137563361,G,T,APOE,77.76
SMP_4854,chr14,124383816,C,A,EGFR,27.67
SMP_1973,chr17,1971747,T,G,IL6,65.45
SMP_4052,chr7,108152734,A,T,BRCA2,71.96
SMP_6042,chr18,92247861,T,G,VEGFA,27.88
SMP_2534,chr8,116567288,G,T,IL6,46.26
SMP_9819,chr7,19708871,G,T,EGFR,84.16
SMP_9105,chr3,74813636,C,T,BRCA2,68.65
SMP_9031,chrX,33222007,C,A,APOE,35.25
SMP_2184,chr8,142210124,T,A,BRCA2,31.17
SMP_2189,chrY,244421691,G,A,IL6,88.53
SMP_2873,chr2,111898081,G,C,BRCA1,60.5
SMP_8620,chr13,72197933,G,A,IL6,28.85
SMP_8408,chr17,52949932,T,A,EGFR,82.2
SMP_5103,chr11,135444493,C,T,IL6,54.46
SMP_3114,chr17,176478031,G,A,BRCA1,24.78
SMP_1624,chr3,129978278,A,T,BRCA1,56.1
SMP_8989,chr9,156057384,G,C,BRCA2,53.38
SMP_2687,chr1,14996674,G,C,VEGFA,90.82
SMP_3900,chr5,13704550,A,T,BRCA2,35.76
SMP_3715,chr9,54934939,T,C,IL6,42.48
SMP_1824,chr17,210310817,A,C,BRCA2,57.26
SMP_2602,chr11,169834011,T,G,BRCA1,56.3
SMP_8922,chr6,244939704,A,T,MYC,98.12
SMP_2560,chr16,13632209,C,T,BRCA1,90.33
SMP_4826,chr20,192314547,G,T,MTHFR,99.03
SMP_6039,chr5,164824658,T,A,VEGFA,34.58
SMP_4433,chr11,134391648,G,T,IL6,43.99
SMP_9463,chr10,205662340,A,T,IL6,58.29
SMP_6966,chr17,189566232,A,G,IL6,61.34
SMP_2446,chr6,146195840,C,T,EGFR,81.05
SMP_5502,chr12,236354194,T,A,TNF,77.71
SMP_3329,chr21,22349257,G,T,BRCA1,59.46
SMP_8414,chr13,229885841,T,G,APOE,89.85
SMP_9034,chr8,1082554,T,G,VEGFA,91.67
SMP_1840,chr4,230745150,C,T,IL6,74.31
SMP_1182,chr5,136160884,G,A,IL6,27.25
SMP_5061,chr19,12944297,G,A,MTHFR,78.37
SMP_2025,chr11,40253624,A,C,MYC,22.43
SMP_6841,chr11,136223155,A,T,TP53,72.33
SMP_3976,chr16,201731245,T,G,TP53,77.83
SMP_3042,chr22,24121753,T,A,TNF,37.03
SMP_4215,chr4,162439667,G,A,VEGFA,48.97
SMP_7188,chr11,171689699,A,T,BRCA2,50.26
SMP_4780,chr21,59246628,G,T,BRCA1,78.73
SMP_7033,chr21,248134253,G,A,BRCA2,82.96
SMP_4262,chr15,120293313,C,G,MYC,38.66
SMP_5255,chr14,151839738,G,A,TP53,87.57
SMP_1147,chr19,138987224,T,A,IL6,21.53
SMP_5634,chr2,135222119,A,G,VEGFA,99.79
SMP_5835,chr19,98805247,A,C,VEGFA,84.27
SMP_1156,chr14,43706921,T,C,MTHFR,86.67
SMP_8681,chr13,100630167,T,C,APOE,80.65
SMP_6334,chr7,87158441,T,C,MYC,72.46
SMP_8200,chr11,121210629,A,T,MTHFR,43.62
SMP_5790,chr15,215017980,C,T,BRCA1,83.07
SMP_2622,chr22,47387522,C,A,IL6,58.31
SMP_9652,chr17,122256488,G,T,MTHFR,22.32
SMP_1803,chr21,81438661,C,T,BRCA1,24.49
SMP_5030,chr5,15597455,C,T,APOE,55.87
SMP_5892,chr5,39885381,G,T,MYC,82.66
SMP_3868,chr4,173786642,T,C,IL6,99.85
SMP_9349,chr18,56195596,G,T,BRCA2,55.27
SMP_6184,chr18,130001236,T,G,BRCA1,22.71
SMP_7611,chr18,210910737,C,G,IL6,90.88
SMP_6365,chr17,161112392,A,T,MTHFR,37.78
SMP_4019,chr10,40097696,A,C,APOE,66.79
SMP_9237,chrY,46742813,C,A,APOE,45.39
SMP_4536,chr22,8833473,A,C,TNF,35.04
SMP_1449,chr3,208398984,T,A,BRCA1,44.43
SMP_1111,chr6,207822883,T,C,BRCA1,48.74
SMP_9205,chr1,199372438,C,G,IL6,25.8
SMP_9312,chr21,229387327,A,C,VEGFA,75.3
SMP_5597,chr6,248697129,A,T,MTHFR,59.11
SMP_9357,chr10,181603803,T,C,IL6,30.79
SMP_3586,chr11,72208619,T,A,TP53,98.6
SMP_8725,chr22,37786714,G,T,EGFR,95.44
SMP_4550,chr8,29188416,A,T,MYC,62.06
SMP_5229,chr15,191658249,T,G,EGFR,35.8
SMP_2489,chr7,27342151,C,T,EGFR,47.08
SMP_3274,chr5,85279307,G,C,MYC,87.83
SMP_1944,chrX,133094648,A,C,TNF,25.72
SMP_6087,chr17,45202473,T,A,TNF,67.98
SMP_2956,chr11,198578674,C,T,TP53,67.6
SMP_1635,chr15,58576589,G,T,BRCA1,22.09
SMP_3868,chr3,234573367,T,G,BRCA2,98.98
SMP_7251,chr21,29657607,C,A,APOE,40.17
SMP_8853,chr6,36342845,G,C,IL6,36.98
SMP_1179,chr1,221340417,G,A,EGFR,73.39
SMP_2698,chr16,94931942,A,G,MTHFR,55.68
SMP_7055,chr17,117207136,T,A,IL6,33.92
SMP_7862,chr16,63606459,C,G,MTHFR,82.25
SMP_1547,chr5,31000060,A,T,TP53,32.05
SMP_6774,chr12,18993841,C,T,MYC,59.71
SMP_6161,chrY,160045227,C,G,BRCA2,90.7
SMP_6056,chr1,220438759,C,T,VEGFA,97.84
SMP_7511,chr5,237999991,G,T,MTHFR,69.52
SMP_3759,chr1,204943276,C,T,EGFR,99.75
SMP_9318,chr7,233278885,A,C,BRCA2,71.32
SMP_1760,chr11,199221898,G,C,APOE,45.42
SMP_8635,chr18,32518274,G,C,IL6,86.18
SMP_4115,chr14,60657558,C,A,BRCA2,68.53
SMP_3423,chr17,41424284,C,A,BRCA2,59.18
SMP_9112,chr13,228352091,A,T,MYC,88.28
SMP_5080,chr12,123687811,A,T,APOE,66.58
SMP_7728,chr5,187269024,T,G,APOE,34.23
SMP_1888,chr15,170368163,T,C,MYC,73.13
SMP_4563,chr12,176806285,A,T,MYC,50.32
SMP_4842,chr2,113392308,T,A,BRCA1,91.72
SMP_8257,chr11,129596908,G,A,MTHFR,52.09
SMP_9410,chr21,207077256,C,T,VEGFA,54.35
SMP_4273,chr20,225553290,C,T,MTHFR,82.67
SMP_2392,chr17,101517786,C,A,APOE,87.82
SMP_6584,chr14,244447280,T,A,MTHFR,55.08
SMP_7878,chr7,885293,A,C,IL6,52.64
SMP_3580,chr2,78047107,A,C,BRCA2,95.78
SMP_2175,chrX,220784722,T,A,TP53,85.36
SMP_7382,chr16,170822256,C,T,MYC,74.41
SMP_4248,chr22,83430706,A,C,MYC,55.44
SMP_1828,chr9,220209663,A,C,MTHFR,42.83
SMP_7635,chr7,69161085,A,T,TNF,39.3
SMP_4413,chr3,119532154,C,G,BRCA2,44.66
SMP_2098,chr6,24810078,A,T,TNF,46.38
SMP_2491,chr12,44397039,C,A,MTHFR,42.43
SMP_1617,chr12,8012779,A,C,MYC,36.78
SMP_3676,chr3,191757743,C,T,IL6,56.07
SMP_2743,chr2,78890855,C,T,IL6,23.9
SMP_1096,chr7,43349416,C,A,MYC,92.93
SMP_9315,chr9,142018757,T,C,TP53,42.24
SMP_9984,chr12,168427100,C,A,MTHFR,76.81
SMP_3391,chr10,177495400,A,G,IL6,62.77
SMP_2626,chr3,71527241,A,G,BRCA1,76.02
SMP_3801,chr10,209766197,G,T,EGFR,38.3
SMP_8707,chr14,239782729,A,G,MYC,97.23
SMP_7235,chr3,137886149,G,C,MTHFR,56.43
SMP_2061,chr21,6253422,C,T,VEGFA,73.21
SMP_8653,chr3,56715055,A,C,EGFR,93.26
SMP_1223,chr5,59371818,A,T,EGFR,26.76
SMP_6747,chr4,205650315,A,T,EGFR,40.72
SMP_7675,chr12,235407792,A,G,APOE,36.13
SMP_1301,chr3,113803494,C,T,MYC,71.31
SMP_2771,chr22,20060253,T,G,BRCA2,27.05
SMP_4275,chr19,145495523,A,C,IL6,45.81
SMP_2673,chrY,61372878,G,A,MYC,48.66
SMP_1936,chr18,46627343,A,G,BRCA1,41.91
SMP_5515,chr1,175844136,G,C,MYC,60.92
SMP_4657,chr8,167233499,C,G,BRCA1,60.77
SMP_5781,chr13,3309873,G,A,MYC,75.34
SMP_7555,chr5,135565718,T,A,VEGFA,22.65
SMP_4666,chr18,28561168,A,T,BRCA2,67.49
SMP_6220,chr12,92906865,G,A,EGFR,80.14
SMP_1315,chr21,229710728,C,A,BRCA2,55.47
SMP_5592,chr2,243114975,T,G,EGFR,93.27
SMP_6443,chr8,166861077,C,A,IL6,81.56
SMP_6505,chr20,230936432,A,C,APOE,54.01
SMP_2356,chr3,201641594,T,G,BRCA1,86.92
SMP_4988,chr20,208215225,T,C,TNF,57.1
SMP_1717,chr1,108606980,T,G,TNF,45.83
SMP_9005,chr22,53067305,T,C,MTHFR,36.58
SMP_8567,chr10,209087770,T,C,EGFR,98.14
SMP_2855,chr11,235436676,C,T,BRCA2,67.85
SMP_5937,chr12,48307257,T,A,TNF,68.24
SMP_4737,chr2,157542757,G,A,TP53,74.6
SMP_1465,chr15,196149558,C,T,MTHFR,86.1
SMP_4196,chr3,42523754,T,G,APOE,73.21
SMP_6630,chr12,212894056,T,C,EGFR,64.25
SMP_2354,chr19,94673119,C,G,MTHFR,38.39
SMP_3263,chr12,108973838,C,G,EGFR,30.51
SMP_9378,chr16,125555373,T,C,BRCA1,57.27
SMP_8662,chr16,117429610,A,T,BRCA2,50.75
SMP_7640,chr3,7714225,G,C,EGFR,45.38
SMP_2868,chr21,198200160,A,G,TNF,94.31
SMP_2559,chrX,95809131,T,A,MYC,77.08
SMP_3191,chr2,35016570,C,T,MTHFR,87.31
SMP_5967,chr22,188161905,A,C,BRCA1,25.29
SMP_9062,chr3,183757314,A,C,BRCA2,87.61
SMP_2242,chr1,6327374,G,C,BRCA1,83.67
SMP_4235,chr20,29161040,T,A,TNF,93.35
SMP_5751,chr8,25376512,A,T,APOE,40.35
SMP_9338,chr13,188574284,G,C,TNF,58.55
SMP_1735,chr5,244689466,A,C,VEGFA,70.99
SMP_3089,chr3,133583070,A,T,APOE,81.85
SMP_6957,chr12,243871637,G,A,VEGFA,64.96
SMP_8446,chr11,17481217,C,T,TNF,93.74
SMP_9355,chr11,231525688,G,C,MYC,55.04
SMP_8146,chr20,41336885,T,G,IL6,58.72
SMP_1902,chr9,136573295,A,C,EGFR,47.49
SMP_7001,chr14,106657036,T,A,MYC,26.96
SMP_5769,chr5,147317373,T,A,MYC,85.07
SMP_6188,chr1,32010732,C,G,IL6,59.13
SMP_1313,chr2,178208805,G,A,MYC,68.05
SMP_9936,chr8,176723010,C,G,MYC,76.32
SMP_3847,chr4,46725315,G,C,BRCA1,79.54
SMP_9202,chr2,31990418,A,C,MTHFR,77.15
SMP_6322,chr2,154281370,T,A,MYC,69.7
SMP_9874,chr8,181144191,A,G,BRCA2,48.06
SMP_5240,chr2,122384390,C,T,BRCA1,60.89
SMP_8274,chr12,379705,A,C,BRCA1,76.53
SMP_9019,chr6,67343077,G,C,EGFR,29.41
SMP_7950,chrY,130639665,T,G,APOE,22.06
SMP_6122,chr11,12135128,T,A,TP53,54.55
SMP_1269,chr11,141080902,A,G,MYC,31.52
SMP_5119,chr10,229470244,C,T,MTHFR,66.69
SMP_6974,chr19,171063188,A,G,BRCA1,43.48
SMP_8652,chr17,113380301,C,G,TNF,99.31
SMP_8640,chr16,235141881,A,C,IL6,73.93
SMP_9065,chr19,85364672,C,G,TNF,65.28
SMP_8385,chrX,160595721,G,C,EGFR,64.11
SMP_4794,chr4,116780548,G,A,VEGFA,38.01
SMP_5064,chr19,94154649,G,T,BRCA1,67.5
SMP_1692,chr11,189966454,A,T,BRCA2,78.98
SMP_1921,chr4,171196996,T,C,APOE,74.26
SMP_8557,chr1,56187756,G,A,TP53,44.17
SMP_2854,chr5,42599422,G,C,MTHFR,64.73
SMP_2750,chr11,18323824,T,G,TNF,68.84
SMP_7092,chr3,46505361,C,A,TNF,90.52
SMP_7906,chr3,162429218,G,A,BRCA1,78.45
SMP_5502,chr13,163452238,G,C,IL6,47.16
SMP_5314,chr8,155586285,T,G,MTHFR,77.5
SMP_8292,chr10,6199337,C,A,VEGFA,47.98
SMP_6900,chr4,199639894,G,T,TNF,26.65
SMP_8709,chr10,105328379,G,A,TP53,26.75
SMP_4984,chr11,53731839,T,G,TNF,86.54
SMP_2238,chr11,88717271,A,T,TP53,34.5
SMP_1527,chr18,108746059,G,A,MTHFR,68.3
SMP_3018,chr22,45628608,C,T,VEGFA,39.18
SMP_6741,chr2,185574314,T,G,BRCA2,23.24
SMP_2711,chr14,197766121,T,G,EGFR,78.57
SMP_8130,chr17,128359826,G,C,APOE,82.67
SMP_6437,chr12,242315197,C,A,BRCA2,80.38
SMP_2115,chr12,135557367,G,T,TP53,20.88
SMP_1117,chr11,114374590,T,A,MYC,81.42
SMP_8131,chr11,9087222,T,G,VEGFA,84.19
SMP_8144,chr18,89741751,G,A,MTHFR,73.72
SMP_9132,chr17,164176662,G,A,EGFR,81.81
SMP_8047,chr22,217705439,A,C,TP53,86.81
SMP_8203,chr17,150282463,G,A,IL6,62.04
SMP_7853,chr4,154546822,C,T,EGFR,31.55
SMP_3926,chr6,87412038,T,G,MYC,78.95
SMP_7446,chr16,245780728,C,A,TNF,95.67
SMP_7962,chr8,217057042,T,A,BRCA2,21.0
SMP_5436,chr13,218087800,T,G,BRCA1,59.44
SMP_3943,chr20,79486446,C,A,VEGFA,42.31
SMP_3852,chrX,233015665,A,C,TNF,41.44
SMP_7089,chr20,187134629,A,G,EGFR,94.75
SMP_8505,chrX,12521454,T,A,BRCA2,77.32
SMP_8961,chr4,231707438,G,A,MTHFR,28.84
SMP_3512,chr19,201627586,T,C,BRCA2,80.37
SMP_7138,chr14,54503610,T,G,BRCA1,21.29
SMP_3089,chr6,233559976,C,G,TP53,91.31
SMP_8699,chr11,117611579,T,G,MYC,71.68
SMP_6121,chr20,97918902,T,C,MYC,89.27
SMP_8157,chr9,119255201,G,T,TNF,28.33
SMP_8377,chr21,11016166,G,A,MYC,72.89
SMP_5262,chr12,57523223,C,T,BRCA1,92.81
SMP_6594,chr6,167502089,C,T,BRCA2,93.78
SMP_8376,chr1,219300319,T,C,APOE,43.95
SMP_2168,chr21,212872289,G,A,VEGFA,25.02
SMP_3275,chr12,171068393,C,G,MTHFR,72.47
SMP_1856,chr19,225314317,C,G,BRCA1,79.14
SMP_4612,chr22,812783,A,G,VEGFA,54.18
SMP_3376,chr19,192207055,G,T,TNF,83.36
SMP_5120,chr12,66035425,T,A,TNF,58.56
SMP_9293,chr3,24762847,A,G,VEGFA,97.56
SMP_4674,chr11,100293088,G,C,EGFR,51.34
SMP_4676,chr20,153110819,C,G,TP53,62.68
SMP_5562,chr16,47423477,T,A,MYC,42.56
SMP_1228,chr16,85927643,A,T,IL6,92.94
SMP_1136,chr9,51440761,T,A,APOE,42.79
SMP_4738,chr4,58844503,T,C,MTHFR,23.68
SMP_8543,chr8,3330795,G,T,EGFR,33.88
SMP_8264,chr5,163618086,G,T,MTHFR,93.46
SMP_2150,chr18,74603533,G,C,TP53,88.46
SMP_3867,chr11,239991425,G,T,MYC,82.76
SMP_5651,chr10,97800985,A,C,VEGFA,29.12
SMP_7963,chr14,204214739,A,C,VEGFA,68.24
SMP_7698,chr22,1116451,C,T,MTHFR,47.56
SMP_2749,chr2,133113970,G,A,MTHFR,44.01
SMP_3608,chr1,46553954,C,A,MYC,83.09
SMP_9277,chr20,112701601,C,A,APOE,95.5
SMP_6487,chr17,208085592,T,C,MYC,70.21
SMP_9748,chr4,60643220,T,G,MYC,48.88
SMP_2038,chr22,242581634,T,A,BRCA2,78.18
SMP_3354,chr20,13899656,A,T,MTHFR,77.43
SMP_2754,chr8,136107897,C,G,EGFR,69.68
SMP_3216,chr3,17746711,T,C,MTHFR,55.62
SMP_3011,chr16,183496616,C,G,BRCA2,31.52
SMP_7405,chr19,78415591,C,T,VEGFA,57.14
SMP_2464,chr12,25825055,A,G,IL6,54.09
SMP_4820,chr4,124146505,T,G,BRCA1,30.72
SMP_9919,chr3,233739139,C,G,BRCA2,48.05
SMP_9117,chr11,81680621,C,T,MTHFR,81.87
SMP_1521,chr14,127887402,C,T,MYC,64.91
SMP_9832,chr7,93737380,A,G,MYC,32.92
SMP_4308,chr15,124605734,T,A,VEGFA,36.09
SMP_6779,chr10,26380263,T,A,TP53,79.63
SMP_6763,chr22,167800037,T,C,IL6,91.45
SMP_3386,chr21,223572643,T,G,BRCA2,69.93
SMP_3309,chr5,41039592,A,C,MYC,97.84
SMP_1039,chr12,171927606,C,T,MTHFR,44.78
SMP_3211,chr18,199345937,C,T,BRCA2,76.05
SMP_7629,chr5,4516438,T,C,IL6,92.9
SMP_2384,chr6,48416583,A,G,BRCA1,21.16
SMP_4745,chr7,46852222,A,C,IL6,50.66
SMP_7239,chr16,7534268,G,A,APOE,28.16
SMP_1634,chr21,220205564,A,G,EGFR,80.18
SMP_1708,chr17,162929357,A,C,APOE,75.62
SMP_2006,chr18,123173582,T,G,MYC,54.95
SMP_4059,chr5,144933203,T,G,BRCA2,28.4
SMP_4519,chr19,80459648,A,G,BRCA1,83.18
SMP_7807,chr6,248799293,G,T,APOE,47.46
SMP_6112,chr12,37756540,C,A,TNF,51.04
SMP_6308,chr13,62607428,G,T,APOE,54.49
SMP_1215,chr12,155703065,T,G,TP53,95.48
SMP_9224,chrY,121603052,C,T,TNF,55.3
SMP_5486,chrY,189283225,T,A,TP53,90.48
SMP_5015,chr12,50126304,A,G,MYC,33.91
SMP_9150,chr2,45906638,A,G,TP53,84.26
SMP_3493,chr13,20272343,A,T,VEGFA,37.76
SMP_8958,chr22,103617085,C,G,TP53,44.54
SMP_8758,chr14,131733070,T,G,TP53,65.82
SMP_1820,chr9,212201788,C,G,TP53,58.59
SMP_6692,chr7,177669268,T,A,TNF,89.92
SMP_7315,chr19,240654411,T,C,MTHFR,71.84
SMP_3139,chr2,93572794,A,G,BRCA2,61.41
SMP_6577,chr5,18629616,T,C,VEGFA,97.2
SMP_7942,chr16,74727196,T,A,APOE,92.3
SMP_1547,chr5,174768035,C,A,BRCA2,71.37
SMP_6888,chr14,76405621,C,G,APOE,68.73
SMP_2369,chr18,96498984,G,A,TNF,74.12
SMP_4320,chr12,55382224,A,C,TNF,50.29
SMP_2140,chr12,159145051,T,A,MYC,85.54
SMP_9051,chr5,150534693,T,G,APOE,43.02
SMP_6165,chrY,40400741,A,C,BRCA1,46.43
SMP_9756,chr21,204556974,G,A,TP53,72.96
SMP_4695,chr20,201373218,T,A,APOE,50.36
SMP_2126,chr8,109723702,T,A,APOE,75.29
SMP_9789,chr17,49645734,T,C,VEGFA,89.05
SMP_5317,chr3,162844104,T,A,BRCA1,32.4
SMP_4655,chr2,156142543,T,A,MYC,42.39
SMP_7130,chr15,238703300,T,C,BRCA1,60.32
SMP_9217,chr21,24475964,T,C,IL6,71.05
SMP_4670,chr8,61420181,A,G,TNF,26.83
SMP_4872,chrY,132585114,C,G,BRCA2,64.14
SMP_3272,chrY,212743079,C,G,TP53,93.61
SMP_6151,chr14,224312632,G,A,MTHFR,40.78
SMP_3940,chr7,158946906,A,C,TNF,84.75
SMP_4833,chr4,188243621,T,C,TNF,70.24
SMP_6386,chr3,186786616,T,C,BRCA1,74.59
SMP_8143,chr14,203565479,A,C,IL6,90.3
SMP_4304,chr10,157570967,T,G,VEGFA,60.68
SMP_3720,chr2,210978683,C,G,APOE,43.54
SMP_2294,chr6,46853603,T,C,APOE,65.93
SMP_1606,chr19,4414967,T,G,APOE,68.32
SMP_8240,chr2,43128561,T,A,BRCA2,72.39
SMP_9043,chr11,144271892,C,G,TNF,49.88
SMP_2337,chrY,142769805,A,G,MTHFR,64.84
SMP_5393,chr11,194803572,C,G,APOE,83.69
SMP_3875,chr20,235550475,A,C,TP53,24.7
SMP_6469,chr13,35456454,G,T,MTHFR,72.98
SMP_8456,chr17,91739841,A,C,BRCA1,40.67
SMP_6994,chr4,187267964,G,C,TP53,45.13
SMP_6192,chr12,64403403,T,G,MYC,77.97
SMP_1908,chr4,116079851,A,C,BRCA1,62.64
SMP_7930,chr2,110137410,T,A,TNF,63.1
SMP_6599,chr21,194767851,G,T,BRCA2,93.03
SMP_6835,chr7,45549762,T,C,BRCA1,93.31
SMP_7299,chr10,31331704,G,A,EGFR,91.12
SMP_1205,chr4,161484915,C,A,TP53,64.62
SMP_4611,chr12,57966683,T,G,IL6,40.51
SMP_5345,chr4,231467980,A,T,MYC,35.64
SMP_4842,chr19,179049626,T,G,APOE,48.09
SMP_7633,chr4,204900361,G,A,EGFR,56.59
SMP_8528,chr2,166405303,C,T,BRCA1,47.76
SMP_8802,chr2,213937813,C,T,BRCA2,48.23
SMP_1886,chr20,10824892,A,C,TP53,24.48
SMP_6303,chr15,216166759,C,G,MTHFR,95.26
SMP_4600,chr2,80510163,G,T,TNF,31.54
SMP_2202,chr12,181601176,C,T,APOE,76.11
SMP_8395,chr16,168944942,C,A,TNF,54.94
SMP_5315,chr12,105503115,C,G,EGFR,49.85
SMP_5326,chr10,135149153,T,G,BRCA2,57.63
SMP_1673,chr18,207368228,C,G,TNF,55.68
SMP_5076,chr22,11948821,G,C,APOE,42.61
SMP_6403,chr22,9945333,C,G,EGFR,65.77
SMP_8274,chrX,85240173,A,G,APOE,67.85
SMP_3972,chr15,123026900,G,A,BRCA2,20.64
SMP_1724,chr15,237668207,T,G,MYC,57.23
SMP_2584,chr14,104408297,T,C,APOE,36.11
SMP_3189,chr19,145047994,C,T,TNF,67.79
SMP_8590,chr15,157867853,A,G,APOE,37.53
SMP_2148,chr14,54196065,T,G,TP53,22.97
SMP_6665,chr12,77962954,C,G,EGFR,65.99
SMP_4548,chrY,54008332,T,A,BRCA1,65.87
SMP_8003,chr18,236220029,C,A,EGFR,58.12
SMP_9769,chr3,216119711,T,A,TP53,91.85
SMP_5052,chr12,70992081,A,C,VEGFA,98.36
SMP_9783,chr19,74821451,C,T,BRCA2,68.06
SMP_8944,chr17,190207020,C,A,TNF,99.38
SMP_8121,chr3,93751247,A,T,EGFR,59.96
SMP_7760,chr16,110082543,T,A,VEGFA,49.07
SMP_9544,chr9,153437723,T,C,EGFR,33.61
SMP_7265,chrY,225034340,G,T,BRCA2,22.04
SMP_3712,chr6,193674608,C,T,TP53,97.02
SMP_9243,chr2,208804701,A,T,MYC,87.1
SMP_3417,chr3,245206057,T,G,IL6,59.13
SMP_6833,chr16,60900620,T,A,EGFR,39.31
SMP_9896,chr11,236723138,C,A,EGFR,50.2
SMP_8919,chr20,219789094,A,C,MTHFR,53.17
SMP_1125,chr22,146154611,A,C,BRCA1,76.69
SMP_8096,chr21,11185167,C,T,EGFR,64.38
SMP_2440,chr1,142764969,T,G,MYC,92.64
SMP_5310,chr1,43235138,G,A,MYC,47.43
SMP_3409,chr5,212502323,C,A,MTHFR,56.51
SMP_7977,chr6,247489969,G,A,MYC,85.82
SMP_3888,chr17,162500060,C,G,BRCA2,71.44
SMP_8438,chr10,51854228,T,G,VEGFA,66.4
SMP_9527,chr21,20351886,T,C,MYC,70.14
SMP_2045,chr21,39417168,T,G,MTHFR,98.11
SMP_2267,chr16,183010065,G,A,TNF,99.48
SMP_3558,chr20,157747760,T,G,TP53,53.49
SMP_2676,chr14,234478050,G,A,APOE,42.64
SMP_1055,chr20,82755443,C,G,TNF,20.92
SMP_2719,chr6,23773507,G,C,TNF,55.22
SMP_4043,chr19,196258112,T,C,BRCA1,31.53
SMP_5745,chr14,117268127,C,T,VEGFA,64.04
SMP_7270,chr4,165279841,C,G,MTHFR,52.77
SMP_4890,chr3,166301710,A,G,BRCA1,66.47
SMP_7110,chr7,203529175,A,C,BRCA1,78.71
SMP_4303,chr11,159844957,A,T,MTHFR,96.7
SMP_9184,chr11,133365973,A,G,TNF,40.43
SMP_8342,chr19,212781821,G,T,BRCA2,34.54
SMP_6079,chr8,125039552,A,T,MYC,62.98
SMP_9503,chr12,73048828,G,C,BRCA1,88.09
SMP_8376,chr13,213786520,T,G,MYC,80.53
SMP_9751,chr6,249463256,A,T,VEGFA,76.07
SMP_3931,chr5,208714442,C,A,VEGFA,97.24
SMP_4444,chr7,69758565,C,A,BRCA2,44.07
SMP_2116,chr17,32920244,A,C,BRCA1,53.84
SMP_6714,chr12,118097973,G,T,APOE,98.0
SMP_4012,chr4,158373860,A,C,APOE,42.36
SMP_4118,chr6,236359917,T,G,BRCA1,43.44
SMP_6052,chrX,81075698,A,C,BRCA1,36.32
SMP_8852,chr9,159549059,T,C,BRCA1,71.09
SMP_3679,chr21,60942849,C,A,BRCA2,63.44
SMP_2851,chr1,120435005,G,A,MYC,67.99
SMP_4034,chr3,89208876,G,T,IL6,54.96
SMP_5296,chr2,172547357,C,T,MTHFR,36.47
SMP_4210,chr9,23318597,C,A,APOE,47.23
SMP_8947,chr19,142244408,A,C,BRCA2,25.08
SMP_3021,chr12,241909275,A,G,TNF,36.53
SMP_5085,chr1,41047128,C,A,TNF,67.28
SMP_8826,chr22,175330703,C,A,EGFR,91.02
SMP_4596,chr14,178107049,C,G,EGFR,95.29
SMP_8980,chr8,123313474,C,T,TNF,75.42
SMP_6132,chr13,123647328,C,A,MYC,28.73
SMP_8076,chr7,4222306,A,T,MYC,92.22
SMP_5475,chr21,81762706,A,C,MYC,89.84
SMP_1400,chr16,191271852,T,C,BRCA1,61.48
SMP_2645,chr11,226633965,T,C,TNF,79.05
SMP_8891,chr10,18148633,C,T,APOE,43.04
SMP_7878,chr3,127495922,C,A,BRCA1,40.45
SMP_6149,chr5,180834593,C,G,VEGFA,88.18
SMP_1776,chr12,51891167,A,T,APOE,36.44
SMP_7275,chr9,49014576,A,T,VEGFA,67.74
SMP_9321,chr3,58750258,T,G,EGFR,92.56
SMP_4399,chr17,214531302,C,A,VEGFA,97.43
SMP_2358,chr17,44796790,C,A,BRCA2,48.8
SMP_9652,chr22,136464539,A,C,BRCA2,58.31
SMP_9711,chr1,193071757,C,G,IL6,82.76
SMP_3310,chr22,228367675,A,C,TP53,60.3
SMP_8665,chr2,240018339,A,T,VEGFA,87.28
SMP_4173,chr8,91586722,A,C,MYC,34.65
SMP_7436,chr19,113898723,A,G,MYC,57.12
SMP_3958,chr6,189936307,T,C,BRCA2,84.91
SMP_4073,chr12,245334339,C,T,APOE,44.23
SMP_9876,chr10,15824203,G,A,EGFR,61.64
SMP_2395,chr8,4249257,A,T,TP53,22.5
SMP_5914,chr1,175190397,T,G,VEGFA,49.19
SMP_3856,chr17,61811558,T,G,BRCA1,95.44
SMP_1693,chr13,87744503,C,T,TNF,95.2
SMP_7494,chr3,4850814,T,C,BRCA1,88.55
SMP_8240,chr3,216444529,C,A,BRCA2,66.79
SMP_2732,chr15,158144006,T,A,BRCA1,28.17
SMP_5606,chr3,200031493,A,C,EGFR,53.64
SMP_4828,chr18,135029088,A,C,MTHFR,77.4
SMP_1430,chr22,234371125,C,T,APOE,26.76
SMP_8307,chr12,68732653,A,G,TNF,45.95
SMP_9664,chr8,50644426,T,G,MTHFR,86.84
SMP_9568,chr12,165751496,T,A,BRCA1,77.73
SMP_4634,chr1,181101111,G,T,TP53,93.92
SMP_2619,chr18,107843330,T,C,MYC,98.82
SMP_4719,chr1,243895978,C,G,MTHFR,56.99
SMP_7684,chr10,126910115,A,T,TP53,77.84
SMP_5675,chr1,241277514,A,T,APOE,84.69
SMP_1598,chr10,10734271,A,T,APOE,81.74
SMP_3102,chr16,174591266,G,A,MTHFR,31.83
SMP_4696,chr7,228917057,C,A,MYC,51.32
SMP_7689,chr20,201124729,A,C,TNF,83.1
SMP_8383,chr3,54554896,A,C,EGFR,27.85
SMP_6389,chr7,76409529,A,G,TP53,55.38
SMP_2086,chr8,138542034,G,A,IL6,70.28
SMP_7234,chr12,198792899,A,G,APOE,83.25
SMP_9545,chr22,117289645,C,A,VEGFA,45.22
SMP_2178,chr19,167523793,G,A,EGFR,20.08
SMP_9362,chr7,192824802,G,T,TP53,75.06
SMP_3004,chr11,249558918,T,G,APOE,55.75
SMP_3792,chr8,54781609,A,T,MTHFR,58.22
SMP_7762,chrY,136583399,G,A,TNF,66.08
SMP_6704,chr10,54444254,C,G,BRCA1,80.33
SMP_6599,chr15,197024832,G,C,BRCA2,47.58
SMP_5224,chr15,171296229,A,C,IL6,30.8
SMP_2328,chr18,179773804,T,C,BRCA2,22.71
SMP_1487,chrX,22169189,A,T,MYC,35.78
SMP_1451,chr10,182752786,C,A,TP53,50.02
SMP_3239,chr9,117757825,A,C,BRCA1,28.26
SMP_1984,chr4,197417400,A,G,BRCA1,47.72
SMP_2128,chr11,140251565,T,A,IL6,27.0
SMP_6478,chr20,112299829,C,T,APOE,80.94
SMP_8619,chr7,73711106,G,C,BRCA1,57.28
SMP_6992,chr11,57084677,G,A,VEGFA,73.97
SMP_4350,chr5,178117939,A,G,VEGFA,78.02
SMP_5562,chr2,6668480,T,C,MTHFR,50.47
SMP_4299,chr19,64380370,T,A,EGFR,50.79
SMP_9354,chr9,46513172,C,T,BRCA1,73.29
SMP_8043,chr18,160673810,T,C,VEGFA,98.86
SMP_6216,chr19,101584931,C,A,EGFR,40.18
SMP_6758,chr8,137124040,A,G,BRCA2,75.14
SMP_8633,chr8,44912109,G,T,MYC,86.89
SMP_6833,chrY,3042797,A,T,TP53,23.17
SMP_8539,chr20,15592434,G,A,IL6,89.39
SMP_6431,chr19,124170689,G,C,MTHFR,98.92
SMP_3451,chr15,164298140,T,G,MTHFR,64.57
SMP_8693,chr9,248231158,C,T,IL6,97.24
SMP_7085,chr1,104123947,T,C,TP53,65.43
SMP_2608,chr15,122256216,C,T,BRCA1,80.6
SMP_7029,chr15,66908533,T,C,MYC,97.63
SMP_6066,chr11,66332008,A,C,BRCA1,28.68
SMP_9422,chr15,63240186,A,G,TNF,45.01
SMP_9743,chrX,143370366,T,C,MYC,41.22
SMP_6303,chr22,47813421,C,G,EGFR,66.63
SMP_5446,chr5,192226752,G,A,EGFR,76.9
SMP_6578,chr9,66663114,C,G,TNF,40.73
SMP_7979,chr1,51934834,A,T,MYC,87.62
SMP_5700,chr10,21278435,C,T,BRCA2,69.21
SMP_4162,chr19,95207448,C,G,MTHFR,61.22
SMP_7161,chr16,37380643,A,T,MTHFR,22.29
SMP_5432,chr20,186483874,G,A,BRCA1,50.66
SMP_9489,chr7,242360994,A,G,TP53,89.62
SMP_6684,chr17,95294431,A,T,MYC,66.68
SMP_8637,chr22,217305438,A,G,EGFR,94.69
SMP_2302,chr13,121763482,C,T,MYC,86.29
SMP_8496,chr1,190811310,G,C,IL6,25.48
SMP_2184,chr22,205581665,G,T,MYC,78.45
SMP_5857,chr8,200282031,A,C,IL6,77.01
SMP_9382,chr17,105736018,T,C,MYC,63.88
SMP_8534,chr8,38977690,T,A,MTHFR,80.52
SMP_1801,chr15,198248452,T,A,MYC,34.09
SMP_2943,chr21,244268893,T,C,APOE,81.18
SMP_5147,chr13,157976560,A,T,IL6,46.96
SMP_2222,chr21,31961807,A,T,MTHFR,70.83
SMP_4452,chr15,147248002,C,A,IL6,60.26
SMP_1254,chr2,103042511,A,C,BRCA1,74.38
SMP_8593,chr13,89418463,A,G,BRCA1,32.62
SMP_4847,chr19,106630797,T,A,MTHFR,21.04
SMP_8891,chr10,186752592,G,T,APOE,38.44
SMP_1869,chr1,90580645,T,C,BRCA1,60.32
SMP_4677,chr13,124339195,C,T,BRCA2,29.4
SMP_7163,chr16,72636892,G,C,BRCA2,93.66
SMP_7324,chr2,42125756,C,T,MTHFR,81.94
SMP_3707,chr19,139419804,G,T,TP53,56.78
SMP_2545,chr22,36891992,G,C,EGFR,30.17
SMP_7696,chr17,207050284,A,G,EGFR,43.44
SMP_8163,chr18,64351529,C,A,TP53,37.17
SMP_9820,chr17,112372503,T,A,APOE,89.44
SMP_8590,chr5,3825994,C,T,APOE,59.6
SMP_3985,chr3,139337977,T,A,APOE,82.54
SMP_4269,chr3,31516155,G,T,BRCA1,26.58
SMP_3079,chr9,169408016,A,T,TP53,72.73
SMP_1916,chr5,31487138,G,A,TNF,53.32
SMP_5665,chr2,237197826,A,C,BRCA2,83.44
SMP_7758,chr10,25932317,G,C,BRCA1,83.57
SMP_5436,chr11,218821498,A,C,BRCA2,39.41
SMP_1668,chr8,51618862,A,G,TP53,58.2
SMP_5636,chr22,128197423,C,T,EGFR,91.86
SMP_5649,chr13,56545141,A,T,TNF,93.52
SMP_3808,chr22,162870673,C,A,TNF,70.91
SMP_9826,chr19,63990940,G,A,BRCA1,26.71
SMP_9115,chr9,31188568,C,A,TP53,57.56
SMP_7945,chr1,248824122,G,A,TNF,32.51
SMP_6408,chr19,92481278,G,A,IL6,53.8
SMP_4693,chr11,90785341,G,A,EGFR,23.13
SMP_6369,chr1,101559604,A,C,IL6,80.41
SMP_7834,chr3,142546061,C,G,TP53,34.31
SMP_8245,chr16,185278004,G,A,APOE,92.6
SMP_5796,chr6,131337015,G,C,IL6,50.32
SMP_7176,chr20,6577839,G,T,BRCA1,95.16
SMP_7889,chr11,123217193,T,G,IL6,64.98
SMP_4857,chr15,87720876,T,C,TP53,65.44
SMP_8857,chr5,240110034,A,T,TNF,20.61
SMP_5824,chr2,205757426,C,T,MTHFR,75.07
SMP_4067,chr4,235649418,A,T,IL6,56.89
SMP_7585,chr8,235768645,C,G,BRCA1,61.45
SMP_7226,chr22,83164130,G,C,BRCA2,80.64
SMP_9473,chr9,44590877,A,G,TP53,32.89
SMP_3420,chr14,84666264,A,T,BRCA1,92.37
SMP_5670,chr14,56295575,T,A,TNF,62.58
SMP_5152,chr7,213888384,T,C,BRCA2,85.05
SMP_9419,chr15,217517923,G,A,IL6,33.46
SMP_9105,chr22,42011029,T,G,EGFR,71.93
SMP_4085,chr17,31538655,C,T,BRCA1,49.55
SMP_3441,chr8,242312996,C,A,BRCA1,71.22
SMP_2124,chr16,41687885,A,T,VEGFA,63.96
SMP_2139,chr14,159384811,T,C,EGFR,57.52
SMP_1894,chr3,212650611,C,T,BRCA1,75.96
SMP_5337,chr22,62353106,G,T,MTHFR,73.92
SMP_6527,chr10,218797174,A,C,IL6,53.76
SMP_1649,chrX,179859952,T,A,TNF,79.83
SMP_2384,chr8,69724075,C,T,MYC,79.03
SMP_1661,chrY,172467690,G,C,IL6,71.81
SMP_5050,chr9,197230304,T,A,TNF,95.18
SMP_2045,chr8,46687639,G,T,TNF,57.65
SMP_8670,chrY,152156662,G,A,TP53,66.28
SMP_1059,chr7,22498853,T,C,MTHFR,95.5
SMP_5997,chr4,174100651,T,A,BRCA1,62.44
SMP_7923,chr4,124132316,C,T,EGFR,82.1
SMP_5590,chr5,44388469,G,A,EGFR,20.09
SMP_3344,chr17,121059923,G,A,IL6,94.04
SMP_1141,chr9,30474755,G,C,VEGFA,83.61
SMP_1478,chr10,173369079,G,A,MTHFR,26.54
SMP_1772,chr4,67845748,A,C,BRCA2,34.25
SMP_4358,chr15,244904185,A,G,EGFR,37.64
SMP_3829,chr11,41638283,A,T,TP53,50.86
SMP_3079,chr7,23465496,C,A,BRCA1,22.39
SMP_4381,chr6,165846859,A,T,TP53,53.99
SMP_6317,chr20,211236552,C,T,TNF,93.39
SMP_7097,chr19,211138369,G,A,BRCA1,70.79
SMP_1135,chr9,63421130,G,A,EGFR,27.31
SMP_9136,chr17,34063500,C,G,APOE,80.69
SMP_7720,chr8,185442415,T,G,TP53,24.68
SMP_5610,chr3,103929752,G,T,VEGFA,29.17
SMP_5642,chr3,221217556,A,G,VEGFA,36.88
SMP_7582,chr15,62374167,G,T,IL6,63.66
SMP_7261,chr8,235621749,C,A,VEGFA,75.26
SMP_2985,chr8,142198819,A,C,TP53,59.13
SMP_5997,chr13,124307491,A,C,BRCA2,75.14
SMP_2894,chr7,71542802,T,A,MYC,48.84
SMP_5378,chr9,83702858,G,A,IL6,72.09
SMP_7003,chr17,174108874,T,A,TP53,40.57
SMP_8021,chr14,59063605,A,C,APOE,43.0
SMP_2401,chr5,2378401,G,T,TNF,42.45
SMP_3311,chr21,39022633,C,G,EGFR,59.98
SMP_9472,chr13,83327837,G,A,VEGFA,92.85
SMP_8468,chr18,169556375,G,T,TNF,98.8
SMP_5126,chr8,179815915,G,A,MTHFR,73.57
SMP_8042,chr5,31221684,T,C,TP53,41.04
SMP_4119,chr14,181621177,A,C,BRCA1,30.72
SMP_5506,chr14,232571453,C,A,MTHFR,75.23
SMP_7186,chr10,215577351,A,G,TNF,64.85
SMP_4563,chr5,233668257,C,A,MTHFR,95.79
SMP_8837,chr21,127174154,A,T,MYC,47.23
SMP_2473,chr20,98111525,A,C,MYC,52.78
SMP_1996,chrX,191999555,A,T,TP53,64.74
SMP_7992,chr3,72939111,C,T,IL6,92.82
SMP_3568,chr4,118453310,A,G,MTHFR,86.29
SMP_5216,chr20,126750744,G,A,TP53,67.6
SMP_6291,chr22,200704464,G,T,IL6,45.66
SMP_9312,chr10,231374096,A,G,VEGFA,34.58
SMP_3292,chr5,238920790,A,C,MYC,82.77
SMP_2898,chr1,170013336,A,C,TNF,73.71
SMP_2206,chr13,147739863,A,G,BRCA1,71.5
SMP_2627,chr8,119466084,C,A,IL6,32.26
SMP_2836,chr5,238674915,T,A,TP53,74.79
SMP_6153,chr12,79819048,A,G,BRCA1,80.74
SMP_6320,chr18,215362334,G,T,TNF,36.4
SMP_7970,chr10,117149832,C,T,IL6,90.36
SMP_1456,chr8,80989767,G,C,BRCA1,31.72
SMP_3810,chr18,182962441,C,T,EGFR,66.24
SMP_3297,chr4,7546361,A,C,IL6,99.5
SMP_5892,chr12,75813759,G,C,MYC,56.93
SMP_5143,chr5,15719991,C,A,MTHFR,80.85
SMP_4132,chr7,168216984,G,A,BRCA1,35.51
SMP_8964,chr20,164139483,A,G,IL6,55.6
SMP_9460,chr7,162854904,T,A,TP53,71.6
SMP_8368,chr7,160260779,C,A,EGFR,99.23
SMP_8965,chr11,35264727,C,G,TNF,48.79
SMP_3758,chr17,66008955,G,A,TP53,22.11
SMP_6868,chr16,228976049,T,C,TNF,20.76
SMP_6255,chr7,155639072,A,C,MYC,62.17
SMP_4237,chr10,150247602,G,C,VEGFA,48.86
SMP_9268,chr2,165627577,A,G,APOE,34.17
SMP_8094,chr22,135021536,T,A,TNF,50.49
SMP_8295,chr19,59186108,T,A,BRCA2,23.11
SMP_7574,chr10,143510514,T,G,EGFR,40.62
SMP_9064,chr18,191079197,A,T,TP53,22.9
SMP_1805,chr10,195679496,G,C,MYC,86.7
SMP_3594,chr22,123480210,T,C,APOE,90.07
SMP_5051,chr17,91438282,C,T,VEGFA,56.84
SMP_3595,chr6,31482281,G,T,MTHFR,28.96
SMP_5766,chr12,8283612,C,A,IL6,28.34
SMP_6644,chr10,189771537,T,C,BRCA1,76.42
SMP_8722,chrX,114932951,G,T,APOE,40.18
SMP_2698,chr3,38196940,A,T,MTHFR,72.53
SMP_2141,chr9,75200733,T,G,BRCA2,80.88
SMP_3698,chr13,66311504,C,T,BRCA2,60.72
SMP_7876,chr5,121775826,T,G,EGFR,23.83
SMP_2040,chr21,125474837,A,C,IL6,90.88
SMP_4595,chr16,12612259,G,C,TNF,84.92
SMP_4107,chr1,216919296,C,A,TP53,79.73
SMP_1258,chr13,71996283,T,A,APOE,25.24
SMP_1411,chr10,15698685,G,A,IL6,97.24
SMP_2458,chr15,136705604,A,C,TP53,79.13
SMP_1519,chr1,180065108,A,C,IL6,50.22
SMP_6228,chr5,167551529,G,A,VEGFA,31.96
SMP_8918,chrY,52808861,C,G,APOE,84.62
SMP_2244,chr15,64790245,C,T,APOE,68.29
SMP_9745,chr7,238092171,C,A,MYC,45.81
SMP_9684,chr8,35672007,C,A,IL6,87.2
SMP_7029,chr4,246397002,A,T,TP53,21.48
SMP_2739,chr12,181115569,C,A,BRCA2,76.14
SMP_9840,chr6,44884066,T,C,TP53,45.2
SMP_1901,chr19,52295669,T,G,BRCA1,71.69
SMP_4588,chr7,206920101,A,C,EGFR,82.91
SMP_9887,chr5,112043496,T,G,MTHFR,81.11
SMP_9076,chr10,205914289,T,C,VEGFA,39.48
SMP_6769,chr13,34400938,C,G,BRCA2,77.15
SMP_9730,chr17,83852864,A,G,BRCA2,23.66
SMP_4962,chr7,138429788,G,A,IL6,74.79
SMP_4535,chr13,223441867,C,G,BRCA2,59.71
SMP_4493,chr13,23420795,T,C,MYC,35.08
SMP_4026,chr9,104843720,C,T,APOE,50.17
SMP_8341,chr14,14917077,G,C,BRCA1,83.8
SMP_3383,chr14,237562097,T,A,TP53,93.0
SMP_1164,chr7,240713602,G,A,VEGFA,26.26
SMP_5084,chr19,241276025,G,A,VEGFA,94.23
SMP_4583,chr6,49688706,C,A,BRCA1,23.67
SMP_2560,chr5,228643874,A,T,VEGFA,70.94
SMP_6903,chr20,88081844,T,A,VEGFA,78.28
SMP_9673,chr17,164440873,C,A,VEGFA,86.17
SMP_6576,chr12,184082866,C,A,TNF,81.22
SMP_3748,chr8,239455207,G,C,EGFR,94.37
SMP_5735,chr8,238712919,G,T,IL6,97.71
SMP_6872,chr18,150835279,A,T,BRCA1,63.81
SMP_9805,chr16,121382123,G,T,MYC,85.7
SMP_8474,chr19,31516454,T,A,TP53,27.46
SMP_4219,chr22,166446405,C,T,IL6,40.33
SMP_7926,chr13,7633042,T,A,VEGFA,90.69
SMP_5134,chr16,69217945,T,C,MTHFR,68.75
SMP_1784,chr10,198055893,T,G,EGFR,46.8
SMP_6818,chr6,154023740,G,A,BRCA2,49.15
SMP_8441,chr20,73997488,T,C,VEGFA,52.26
SMP_4351,chr17,56962193,G,C,APOE,28.56
SMP_2171,chr22,106774570,G,C,BRCA1,39.43
SMP_1575,chr19,168067439,C,T,TNF,89.27
SMP_7695,chr1,96289662,G,A,BRCA1,62.84
SMP_5857,chr9,229736176,T,A,BRCA2,20.27
SMP_3034,chr5,243189467,C,G,EGFR,38.6
SMP_9034,chr22,165037024,G,A,APOE,33.11
SMP_4424,chr15,247031148,T,A,BRCA1,56.94
SMP_8599,chr4,149209612,C,A,BRCA2,21.86
SMP_8756,chr15,215559278,C,T,APOE,76.34
SMP_7565,chr18,162251347,G,A,MTHFR,23.42
SMP_1768,chr11,76758203,C,T,EGFR,56.3
SMP_7398,chr18,72756441,T,C,BRCA2,66.33
SMP_8074,chr2,91884390,T,C,MYC,92.55
SMP_6825,chr18,225234587,C,G,MYC,93.35
SMP_5135,chr16,190687144,C,A,EGFR,37.1
SMP_5158,chr22,38073299,T,G,VEGFA,55.18
SMP_1445,chr10,183590049,G,A,BRCA1,51.61
SMP_6748,chr3,62976154,C,T,TNF,68.2
SMP_9994,chr4,234586853,T,C,BRCA2,78.06
SMP_6648,chr4,236815775,T,G,VEGFA,82.98
SMP_7965,chr14,33335793,A,T,BRCA1,61.78
SMP_6803,chr22,174665301,A,T,VEGFA,26.53
SMP_6434,chr17,172819500,T,A,TP53,72.92
SMP_4572,chr3,246486770,C,T,TNF,62.64
SMP_9700,chr20,158499393,G,A,VEGFA,96.88
SMP_9128,chr9,94412918,C,T,APOE,76.53
SMP_1920,chr11,140656472,G,T,BRCA1,27.74
SMP_6747,chr7,170083126,C,G,MYC,85.76
SMP_2892,chr21,60481543,T,A,TNF,38.01
SMP_9430,chr22,9275653,C,A,EGFR,89.81
SMP_1423,chr2,137918877,T,A,EGFR,54.24
SMP_2612,chr19,135888019,G,T,TP53,22.63
SMP_9691,chr17,38240110,T,G,IL6,22.2
SMP_3845,chr13,31643889,A,C,VEGFA,71.55
SMP_4361,chr15,242268131,C,G,APOE,72.82
SMP_9262,chr18,135100208,A,G,VEGFA,85.07
SMP_7665,chr8,146574970,C,A,MTHFR,35.66
SMP_4937,chrY,92483381,A,G,EGFR,38.8
SMP_7747,chr9,24557726,C,G,BRCA1,47.22
SMP_9934,chr20,234392187,G,A,MYC,96.6
SMP_8682,chr21,189301155,C,T,VEGFA,42.31
SMP_7835,chr10,26348830,A,T,EGFR,85.21
SMP_5477,chr17,18973160,C,T,EGFR,24.15
SMP_9791,chr13,192767006,A,G,EGFR,93.71
SMP_2989,chr2,110173906,A,G,TNF,77.18
SMP_6576,chr11,70699833,C,G,VEGFA,20.27
SMP_5188,chr3,32412059,A,G,BRCA1,73.97
SMP_9532,chr6,9567972,C,G,TNF,23.93
SMP_3580,chr1,132096664,A,T,BRCA1,58.62
SMP_1163,chr12,97357549,C,A,MYC,22.75
SMP_9880,chr16,37366084,C,T,IL6,63.86
SMP_9610,chr4,51268102,T,G,EGFR,47.94
SMP_3926,chr10,224773799,T,A,VEGFA,40.07
SMP_3792,chr16,181601674,C,G,IL6,61.6
SMP_6905,chr6,60305925,A,T,MTHFR,42.7
SMP_8731,chr10,66426844,A,G,APOE,93.91
SMP_5281,chr22,142286454,C,A,BRCA2,60.75
SMP_7093,chr10,160288384,C,T,TP53,36.86
SMP_8970,chrX,240194886,G,A,MYC,70.59
SMP_7028,chr3,222383564,G,T,TP53,24.66
SMP_1362,chr16,139584827,T,G,VEGFA,28.26
SMP_6934,chr3,22240757,C,T,BRCA1,38.93
SMP_6772,chrX,237608589,C,A,MTHFR,79.65
SMP_3836,chr15,60001423,G,C,MTHFR,42.91
SMP_9920,chr22,122801642,T,C,TNF,42.36
SMP_5000,chr7,53852345,C,G,TP53,84.24
SMP_1119,chr4,38621232,T,C,VEGFA,97.49
SMP_2378,chr8,57527278,T,C,BRCA2,96.13
SMP_7874,chr22,57913943,C,T,VEGFA,47.75
SMP_8987,chr4,126803422,C,A,BRCA1,29.07
SMP_3330,chr17,22091345,T,G,IL6,90.2
SMP_6279,chr7,220960675,T,C,APOE,96.95
SMP_7800,chr8,739355,G,A,IL6,63.37
SMP_8795,chr19,221658668,C,A,TP53,78.74
SMP_4068,chr14,120615969,C,A,TP53,91.73
SMP_1827,chr13,199100236,A,C,APOE,48.91
SMP_8274,chr7,90033445,C,A,VEGFA,36.99
SMP_7061,chr4,122840926,C,A,IL6,36.99
SMP_8229,chr5,182936565,A,C,TP53,48.03
SMP_5334,chr14,15111630,A,G,MYC,99.73
SMP_9945,chr18,67164561,T,G,APOE,53.21
SMP_5758,chr11,179837199,A,G,VEGFA,41.31
SMP_6061,chr4,116386930,T,G,MTHFR,30.15
SMP_3343,chr21,241470418,A,T,BRCA2,87.33
SMP_5051,chr15,105415516,G,A,MTHFR,85.12
SMP_7738,chr4,174351612,G,C,VEGFA,30.84
SMP_8604,chr13,30485619,A,C,TNF,89.02
SMP_5101,chr22,126656652,C,T,TNF,41.36
SMP_6774,chr15,165578188,G,A,VEGFA,26.63
SMP_1247,chr5,28582901,C,A,IL6,44.39
SMP_8222,chr2,2666553,T,A,BRCA1,49.15
SMP_8214,chr12,158577415,C,T,BRCA2,37.18
SMP_9628,chr10,77487697,A,T,VEGFA,88.2
SMP_3863,chr12,4869975,G,T,TP53,92.59
SMP_2532,chrX,75579088,T,A,MYC,28.68
SMP_4942,chr10,127059983,C,T,MYC,77.38
SMP_7821,chr13,66903589,T,C,MTHFR,68.22
SMP_5991,chr14,16395199,C,A,MTHFR,55.5
SMP_9058,chr1,38260384,A,G,MYC,76.23
SMP_8117,chr16,237104817,A,C,VEGFA,61.0
SMP_1070,chr18,28816404,C,G,TNF,87.05
SMP_8131,chr9,154029718,G,A,VEGFA,31.4
SMP_7933,chr13,65489381,A,G,MTHFR,59.05
SMP_1879,chr17,3450321,C,G,IL6,98.36
SMP_6070,chr15,138096778,C,G,VEGFA,77.8
SMP_4283,chr4,67454081,A,C,BRCA1,81.0
SMP_8916,chr14,73258900,G,C,APOE,59.39
SMP_5982,chr10,66179370,G,C,VEGFA,94.92
SMP_2801,chr6,54342091,A,T,IL6,87.99
SMP_8648,chr17,8528325,G,C,TNF,74.21
SMP_2785,chr12,173871894,T,A,MTHFR,40.27
SMP_3926,chr15,200132429,G,C,MYC,59.84
SMP_3462,chr20,215989847,C,A,EGFR,85.16
SMP_6587,chr16,36064477,G,A,TNF,42.56
SMP_9827,chr2,139197074,C,A,TP53,35.01
SMP_6643,chr2,103305881,G,C,MYC,61.04
SMP_8947,chr14,100946517,C,T,TP53,66.54
SMP_7432,chr7,19482390,C,T,BRCA2,70.77
SMP_8374,chr13,66822936,A,C,MTHFR,29.04
SMP_7710,chr2,140398758,C,G,BRCA1,76.6
SMP_5652,chr12,155025148,T,A,IL6,43.67
SMP_7929,chrY,124857039,G,C,MTHFR,62.75
SMP_5900,chr11,2945757,C,G,MYC,97.89
SMP_5610,chr2,33200134,T,G,TNF,76.69
SMP_8415,chr1,202797575,C,T,TNF,53.94
SMP_8409,chr19,190883392,T,A,APOE,95.21
SMP_6618,chr9,137424582,G,C,BRCA1,26.95
SMP_3544,chr4,198703207,T,A,TNF,87.69
SMP_4774,chr18,6076275,T,G,APOE,30.45
SMP_1439,chr14,44574935,T,G,TNF,98.85
SMP_3502,chr17,124664334,T,G,APOE,87.77
SMP_3703,chr13,39272397,A,C,TNF,35.01
SMP_1254,chr1,247712047,A,G,MYC,91.02
SMP_9815,chr20,237362970,A,C,VEGFA,39.89
SMP_2937,chr9,185651848,T,C,MYC,49.51
SMP_3612,chr8,152504441,C,T,VEGFA,94.71
SMP_5723,chr1,74350890,T,C,APOE,35.82
SMP_3000,chr15,212927154,C,A,BRCA2,81.33
SMP_5973,chr9,5539423,G,C,IL6,63.77
SMP_5659,chr16,235468220,A,C,TNF,38.55
SMP_4599,chr15,176677438,T,G,BRCA2,37.5
SMP_1432,chr8,216399412,T,A,IL6,50.98
SMP_5239,chr10,66496270,C,T,TP53,74.56
SMP_1699,chr3,195884238,C,T,EGFR,61.45
SMP_6004,chr12,145379689,T,G,EGFR,61.08
SMP_9282,chr15,227157283,T,G,TP53,37.42
SMP_7331,chr5,122196169,C,G,BRCA1,95.96
SMP_4490,chr21,50598560,C,G,TNF,66.14
SMP_3341,chr11,218640830,T,A,BRCA2,44.52
SMP_7771,chr15,149666476,A,C,MYC,25.31
SMP_3080,chr9,180266585,C,T,VEGFA,77.0
SMP_6753,chr9,117078806,C,G,BRCA1,93.13
SMP_8195,chr13,38377841,G,C,BRCA2,35.26
SMP_9678,chr13,29998029,T,C,APOE,89.5
SMP_5963,chr13,3570840,C,G,BRCA2,54.05
SMP_4210,chr12,220553545,G,T,MTHFR,27.64
SMP_9700,chr3,159144434,C,A,EGFR,61.82
SMP_2681,chr4,157407896,T,A,BRCA1,74.77
SMP_4663,chr11,78674397,T,G,MYC,77.17
SMP_9984,chr22,57847076,T,G,TNF,34.0
SMP_5156,chr12,166057670,T,G,TP53,36.44
SMP_6925,chr9,81424884,T,C,BRCA1,35.34
SMP_6009,chr3,156941701,C,A,VEGFA,24.95
SMP_9725,chr20,127096070,T,C,TP53,80.31
SMP_4533,chr1,32230451,C,T,BRCA2,56.82
SMP_1889,chrX,164168454,A,C,VEGFA,89.36
SMP_5798,chr16,216616220,A,C,IL6,26.87
SMP_5568,chr10,114579140,G,T,EGFR,30.7
SMP_3427,chr10,180521625,A,G,BRCA2,87.0
SMP_9085,chr17,97159722,T,G,BRCA2,36.76
SMP_5656,chr1,148249344,C,T,TP53,48.13
SMP_5338,chr20,9866151,T,C,TNF,20.46
SMP_6183,chr20,84331065,A,G,BRCA1,28.75
SMP_3537,chrX,210158530,G,A,BRCA2,60.88
SMP_8748,chr4,55551504,A,T,BRCA1,75.62
SMP_7442,chr16,152864892,G,C,MYC,46.54
SMP_6876,chrX,156913699,C,G,TNF,50.37
SMP_1575,chr5,23364821,G,C,BRCA1,89.96
SMP_1202,chr10,224828484,G,C,TNF,55.12
SMP_1485,chr13,232171479,G,T,APOE,67.52
SMP_3835,chr20,174229733,C,T,TNF,97.99
SMP_2458,chr9,227001528,G,C,BRCA1,57.5
SMP_8893,chr11,184729710,T,G,BRCA1,88.7
SMP_6150,chr17,55082620,A,C,MYC,47.0
SMP_4068,chr3,118225428,T,C,EGFR,35.85
SMP_7715,chr18,126051928,C,T,EGFR,47.33
SMP_8722,chr7,212754634,A,G,MYC,72.34
SMP_2977,chr15,131278521,A,C,BRCA2,84.43
SMP_7678,chr10,65551243,T,G,TNF,68.92
SMP_9219,chr3,68576718,C,G,APOE,79.31
SMP_9724,chr3,157108196,G,A,BRCA1,68.19
SMP_8664,chr9,170897777,A,C,TNF,34.86
SMP_3014,chr3,104775923,C,T,APOE,34.61
SMP_2678,chr22,43255421,A,G,BRCA1,82.44
SMP_4481,chr12,61423208,T,G,TP53,81.34
SMP_8651,chr1,126564137,T,A,BRCA1,85.2
SMP_6088,chr16,184870756,G,T,VEGFA,68.7
SMP_4670,chr16,60243934,A,G,MTHFR,51.21
SMP_1236,chr14,132968421,C,A,EGFR,46.32
SMP_1693,chr9,89185163,A,G,APOE,84.94
SMP_8067,chr21,79085552,T,G,EGFR,26.9
SMP_1860,chr7,139750731,G,C,BRCA2,30.3
SMP_3785,chr8,33662953,G,T,TP53,79.73
SMP_2361,chr22,59312369,C,T,MTHFR,71.44
SMP_7275,chr6,61715593,G,A,MYC,34.15
SMP_4095,chrY,130070710,C,A,IL6,57.11
SMP_5661,chr4,237570238,A,C,BRCA1,57.39
SMP_4784,chr4,82939899,A,C,APOE,20.4
SMP_5127,chr12,47972990,G,A,MYC,72.96
SMP_7473,chr1,166112301,C,A,MTHFR,37.11
SMP_1650,chrY,94206618,T,C,BRCA1,54.35
SMP_5403,chr14,114198203,C,G,BRCA2,63.64
SMP_6657,chr16,145929214,G,A,MYC,62.97
SMP_5889,chr11,108460683,C,G,APOE,86.98
SMP_6343,chr1,203472028,G,T,BRCA2,30.89
SMP_5314,chrY,146777478,G,T,IL6,48.67
SMP_2458,chr12,237649236,T,A,TNF,90.36
SMP_7537,chr13,201660210,T,C,MYC,89.24
SMP_2672,chr18,218711508,T,G,BRCA2,85.14
SMP_1716,chr1,122274984,C,A,BRCA1,43.66
SMP_3668,chr5,111488311,T,G,EGFR,66.64
SMP_5898,chr18,50372612,G,C,APOE,23.34
SMP_3660,chr1,31979366,A,G,MYC,60.85
SMP_4955,chr7,228346774,A,C,MTHFR,50.13
SMP_8057,chr16,52933583,A,T,APOE,38.98
SMP_6491,chr14,145810539,T,A,IL6,27.23
SMP_6534,chrY,224094934,G,T,VEGFA,86.93
SMP_9859,chr5,148220980,C,T,VEGFA,78.25
SMP_3903,chr11,195580251,T,A,EGFR,40.66
SMP_4801,chr14,140274022,G,A,BRCA2,71.56
SMP_8628,chr8,97899240,T,G,TNF,72.15
SMP_1101,chr3,96836498,C,G,VEGFA,37.83
SMP_5567,chr15,55675586,A,C,VEGFA,62.71
SMP_2388,chr22,87513377,A,C,BRCA2,75.97
SMP_3468,chr5,217909872,A,G,BRCA1,39.27
SMP_3531,chr15,239705732,C,A,IL6,99.79
SMP_1640,chr4,1632076,G,C,VEGFA,34.93
SMP_4231,chr10,136946138,T,C,MTHFR,54.9
SMP_3151,chr8,172080235,T,G,TP53,49.98
SMP_4405,chr13,126633802,A,T,VEGFA,97.9
SMP_9448,chrX,224218292,A,G,BRCA1,24.0
SMP_3348,chr9,118192,A,T,APOE,30.94
SMP_7502,chr2,225671299,G,C,MTHFR,73.25
SMP_1413,chr7,135393499,G,T,APOE,60.44
SMP_5824,chr20,200699655,A,T,BRCA2,76.23
SMP_4586,chr2,113798627,C,T,VEGFA,32.17
SMP_9989,chrX,234503837,C,A,VEGFA,91.83
SMP_5129,chr8,243590456,T,C,MYC,21.2
SMP_4535,chr20,191389772,C,A,BRCA1,30.52
SMP_4953,chr20,239949631,A,T,EGFR,52.1
SMP_8172,chr6,163118664,T,A,TP53,57.62
SMP_9997,chr12,26894355,C,T,VEGFA,55.41
SMP_8448,chr20,214150065,G,C,VEGFA,79.97
SMP_3520,chr10,233545946,A,C,IL6,46.18
SMP_2249,chr18,19125168,G,C,MTHFR,93.27
SMP_5662,chr8,227941445,G,A,IL6,25.92
SMP_8536,chr21,39808664,T,C,EGFR,55.61
SMP_2005,chrY,49843855,C,G,TNF,30.99
SMP_7773,chr5,135792615,A,C,MYC,36.55
SMP_3963,chr7,213602178,C,A,MYC,70.69
SMP_7809,chr5,28148323,G,C,EGFR,30.26
SMP_5814,chr7,175348551,A,C,MTHFR,74.26
SMP_5082,chr9,234007693,A,C,TNF,37.94
SMP_1407,chr5,132489414,C,A,TNF,56.0
SMP_5693,chr18,216123854,A,G,MYC,47.77
SMP_4240,chr22,105209319,T,A,BRCA2,32.05
SMP_8121,chr1,157472386,A,C,BRCA2,25.82
SMP_1209,chr17,22215411,C,G,TP53,83.81
SMP_3876,chr16,4980265,C,T,BRCA2,97.43
SMP_8641,chr9,189647220,T,A,TNF,64.78
SMP_8002,chr22,87400289,A,T,MYC,49.88
SMP_7213,chr1,105918747,T,G,APOE,88.95
SMP_5662,chr2,118223146,A,C,TNF,70.77
SMP_9067,chr10,120083780,G,T,VEGFA,70.59
SMP_7493,chr21,192246828,G,A,TP53,62.33
SMP_3545,chr10,159303044,A,G,BRCA2,33.42
SMP_6707,chr16,203264794,C,A,BRCA1,62.55
SMP_6023,chr13,68434832,T,C,VEGFA,55.88
SMP_7870,chr3,121668793,G,T,APOE,61.21
SMP_9550,chr17,148647938,A,T,BRCA1,59.77
SMP_6557,chr5,99606325,A,C,BRCA1,57.53
SMP_3243,chr12,27734405,A,C,BRCA2,38.27
SMP_3642,chr5,2634932,T,C,VEGFA,46.37
SMP_6064,chr17,247464475,A,C,IL6,52.55
SMP_4798,chr15,42971399,A,G,MYC,93.94
SMP_6667,chr13,138747673,G,T,IL6,21.62
SMP_7674,chr21,202580923,A,C,BRCA2,57.14
SMP_9024,chr13,178769551,G,T,MTHFR,51.66
SMP_5416,chr18,169240439,A,G,APOE,43.65
SMP_1417,chr1,128051662,A,G,EGFR,34.7
SMP_3763,chr6,200326529,A,G,VEGFA,32.54
SMP_3563,chr5,172387985,A,T,TP53,45.51
SMP_7530,chr15,145827480,C,A,BRCA2,57.89
SMP_9993,chr18,229544320,T,G,MTHFR,27.71
SMP_2580,chr6,231096691,C,G,BRCA1,30.14
SMP_3133,chr15,174964137,A,T,IL6,55.7
SMP_5314,chr19,10045432,C,T,MYC,63.85
SMP_6845,chr15,118759475,A,C,IL6,37.68
SMP_4226,chr17,138658114,G,A,BRCA1,77.33
SMP_7979,chr2,174193076,C,G,MYC,67.79
SMP_1429,chr16,175378620,C,G,MYC,74.66
SMP_3511,chrY,160309028,T,A,BRCA1,44.19
SMP_6804,chrX,151855159,A,G,BRCA2,38.61
SMP_4332,chr14,76753994,C,T,IL6,54.93
SMP_4435,chr20,87508883,C,A,IL6,65.29
SMP_5934,chr14,33805778,T,C,APOE,20.32
SMP_5934,chr9,133192294,A,C,VEGFA,43.24
SMP_8516,chr8,27944625,T,G,BRCA2,56.4
SMP_5700,chr10,23115841,A,G,VEGFA,20.7
SMP_3009,chr21,178429169,A,C,EGFR,99.01
SMP_6034,chr9,223790179,G,A,BRCA2,73.46
SMP_6889,chr21,148839996,G,C,MTHFR,83.74
SMP_2443,chr3,120741399,T,C,VEGFA,28.21
SMP_1985,chr8,78525161,A,T,TP53,69.75
SMP_5976,chr2,181098627,A,T,TNF,74.53
SMP_1649,chr17,74641781,A,G,BRCA2,98.14
SMP_6732,chr6,74843807,G,T,TNF,72.67
SMP_7863,chr20,114780711,G,A,MYC,70.06
SMP_3812,chr7,103874998,G,T,EGFR,53.49
SMP_2615,chr18,171505581,T,A,IL6,61.02
SMP_7428,chr16,70477939,G,T,MTHFR,58.41
SMP_2434,chr8,14614815,C,T,TNF,63.19
SMP_3887,chr12,72996687,C,T,BRCA1,23.19
SMP_1498,chr10,198714027,A,T,MYC,46.22
SMP_6750,chr18,72940440,A,C,TP53,69.02
SMP_7351,chr17,127687154,G,C,MYC,94.82
SMP_1344,chr10,38105869,A,G,IL6,84.46
SMP_2608,chr2,148471069,C,T,MYC,56.67
SMP_9082,chr18,93006340,C,G,TP53,39.7
SMP_6459,chr8,119804239,G,A,BRCA2,61.58
SMP_3108,chr15,208184889,C,T,MTHFR,34.01
SMP_5802,chr14,145265308,A,C,BRCA2,47.51
SMP_4342,chr1,167223423,C,T,BRCA1,36.57
SMP_2878,chr22,223171568,A,C,BRCA2,23.92
SMP_5075,chr2,181364614,G,A,EGFR,66.93
SMP_2637,chr16,40926181,A,G,TP53,41.2
SMP_2662,chr15,158549343,A,T,BRCA1,96.05
SMP_9199,chr2,211433226,A,C,VEGFA,67.34
SMP_7998,chr22,151335726,A,T,BRCA1,99.37
SMP_9861,chr6,206005260,G,T,IL6,20.07
SMP_8549,chr18,182997826,G,A,VEGFA,28.28
SMP_9475,chr8,204135609,A,T,EGFR,91.23
SMP_8126,chr8,219353947,G,C,MTHFR,93.44
SMP_5722,chr9,243335030,C,A,TNF,50.29
SMP_5873,chr7,88165466,G,A,BRCA2,94.28
SMP_6995,chr6,160637012,A,G,BRCA1,48.12
SMP_2710,chr21,191048326,A,G,VEGFA,35.32
SMP_8725,chr19,239300473,G,A,TNF,32.08
SMP_6848,chr5,81376701,T,G,TNF,98.95
SMP_8702,chr15,187005276,A,T,TNF,40.51
SMP_4656,chr5,90649894,G,A,VEGFA,27.03
SMP_9783,chr21,194197234,T,C,TNF,49.82
SMP_4064,chr10,223021320,G,C,MYC,27.5
SMP_5396,chr4,178478036,C,T,BRCA1,42.09
SMP_1869,chr18,77736258,G,T,VEGFA,95.48
SMP_9658,chr2,14173942,A,G,BRCA2,44.54
SMP_5377,chr8,157450229,G,A,TNF,23.32
SMP_4581,chr5,77845122,A,T,MTHFR,20.61
SMP_2006,chrX,173699970,C,A,MTHFR,95.44
SMP_1071,chr18,15072327,C,G,MYC,85.76
SMP_3255,chr1,201186245,A,G,BRCA1,75.65
SMP_1056,chr7,78036624,G,C,MTHFR,47.51
SMP_6202,chr5,160331866,A,T,EGFR,52.97
SMP_5084,chr3,146960763,A,G,MYC,53.2
SMP_2309,chr18,201082357,T,A,VEGFA,88.68
SMP_9244,chr13,108044140,A,G,MTHFR,60.74
SMP_1088,chr6,56468673,T,C,TNF,50.39
SMP_2772,chr14,170525751,T,C,TP53,48.64
SMP_6896,chrX,226586751,C,A,EGFR,64.08
SMP_8955,chr15,16790910,A,T,TP53,57.13
SMP_6970,chr7,73503988,C,G,IL6,23.85
SMP_4415,chr22,232535626,C,T,APOE,64.9
SMP_2010,chr7,150990232,G,C,MYC,85.16
SMP_7230,chr6,180717338,C,G,BRCA1,44.23
SMP_6784,chr15,118943581,C,T,VEGFA,27.93
SMP_8863,chr8,216249211,G,C,VEGFA,53.65
SMP_7601,chr14,24319981,A,T,IL6,71.02
SMP_8860,chr4,2869019,T,C,BRCA2,58.41
SMP_6704,chr3,117550563,A,C,TNF,61.06
SMP_9365,chr15,58745186,T,C,APOE,96.77
SMP_4314,chr21,205487724,A,T,IL6,56.03
SMP_6039,chr22,47643218,T,A,TNF,42.71
SMP_5946,chr3,166161050,C,G,IL6,47.11
SMP_9881,chr15,71182072,C,G,BRCA1,40.63
SMP_4224,chr4,155613819,T,C,VEGFA,32.0
SMP_1036,chr19,207327053,C,T,IL6,70.53
SMP_8629,chr3,224220197,C,G,TNF,92.36
SMP_4725,chr22,131216229,A,C,MTHFR,26.67
SMP_6950,chr4,25805794,G,T,TNF,75.51
SMP_8009,chr14,111772540,A,T,EGFR,45.66
SMP_2981,chr7,47111186,C,A,BRCA1,35.68
SMP_7641,chr20,196853859,T,G,EGFR,23.29
SMP_9162,chr19,141271479,C,T,IL6,24.84
SMP_9017,chr7,261082,G,C,TNF,46.1
SMP_4034,chr9,119669389,A,G,TP53,93.82
SMP_7170,chr11,63386579,T,A,MTHFR,92.11
SMP_7757,chr2,117971695,T,A,MTHFR,72.32
SMP_2980,chr4,219636568,C,T,APOE,55.14
SMP_9255,chr13,239224858,A,C,TP53,47.55
SMP_5362,chr9,223430593,C,G,BRCA1,87.4
SMP_9011,chr12,96107540,C,G,MYC,81.41
SMP_6686,chr12,125520073,T,C,BRCA1,67.79
SMP_3020,chr8,143360460,C,G,IL6,49.5
SMP_1415,chr2,172448386,C,G,VEGFA,94.45
SMP_8684,chr7,212870405,G,T,TNF,71.43
SMP_1767,chr11,143683194,G,C,MYC,62.35
SMP_2174,chr20,58486534,A,G,TNF,27.63
SMP_5718,chrX,239799768,C,T,BRCA2,58.98
SMP_7320,chr13,156652315,C,G,BRCA1,36.94
SMP_7403,chr20,20376967,G,C,MTHFR,47.39
SMP_5997,chr5,229121452,T,C,BRCA2,50.46
SMP_8531,chr21,151292768,C,A,VEGFA,68.22
SMP_5344,chr21,88444233,C,A,APOE,28.65
SMP_8783,chr21,119156653,C,A,VEGFA,74.03
SMP_9313,chr7,183440945,G,A,TP53,21.51
SMP_5575,chr2,160769177,G,C,MTHFR,52.25
SMP_8172,chr21,215832297,A,G,BRCA1,59.72
SMP_6951,chr14,35243936,G,T,EGFR,87.23
SMP_3333,chr7,120496319,A,C,IL6,22.15
SMP_7943,chr19,170858028,T,G,BRCA2,22.05
SMP_3994,chr8,4323739,T,A,MTHFR,74.85
SMP_7648,chrX,132204048,G,C,TP53,81.21
SMP_7170,chr18,155141391,G,C,APOE,82.87
SMP_2664,chr11,86230426,T,A,APOE,34.23
SMP_5724,chr16,48832625,A,G,EGFR,51.03
SMP_7160,chr16,155187148,T,A,BRCA2,97.26
SMP_5413,chr21,24414496,C,A,VEGFA,91.93
SMP_4662,chr17,181758329,C,G,EGFR,53.44
SMP_9751,chr14,149812081,T,G,TP53,20.15
SMP_1729,chr21,58633016,C,A,TNF,85.62
SMP_8236,chr9,228364855,T,A,MYC,32.87
SMP_2070,chr6,51155647,C,T,MYC,37.46
SMP_5362,chr19,63196072,A,T,MYC,67.52
SMP_4622,chr9,35136953,G,A,APOE,75.75
SMP_2339,chr11,164766185,A,G,EGFR,98.25
SMP_5530,chr4,122167000,G,A,MTHFR,54.74
SMP_1836,chr17,201974433,T,A,MYC,49.9
SMP_5544,chr4,185660161,G,A,EGFR,43.45
SMP_8894,chr16,126194226,G,C,MYC,31.78
SMP_6303,chr5,205398322,C,T,VEGFA,73.06
SMP_3889,chr19,154467344,A,C,MYC,73.03
SMP_1269,chr9,164432185,T,A,EGFR,55.57
SMP_6394,chr15,194040348,C,A,APOE,88.23
SMP_2536,chr14,111756705,A,G,APOE,42.35
SMP_6585,chr3,146679143,T,A,BRCA1,97.67
SMP_5717,chr4,24883316,T,G,EGFR,79.99
SMP_9954,chr22,145102771,A,C,BRCA2,54.77
SMP_4335,chr16,196154302,A,G,APOE,35.55
SMP_8483,chr2,247187782,G,T,BRCA2,70.03
SMP_8881,chr17,903619,C,G,APOE,87.0
SMP_8408,chr2,100290346,G,A,MTHFR,82.31
SMP_6792,chr12,49492642,A,C,BRCA1,24.57
SMP_3457,chr18,234337054,T,A,BRCA2,67.62
SMP_2321,chr13,45638368,C,G,EGFR,33.8
SMP_5243,chr3,149818799,T,G,BRCA2,47.09
SMP_9954,chr4,239901106,G,C,IL6,55.67
SMP_4964,chr3,169804731,C,G,MYC,45.31
SMP_6079,chr11,204559574,C,T,MYC,39.8
SMP_5034,chr4,175945709,A,C,TP53,33.45
SMP_1914,chrY,77429246,G,C,APOE,58.76
SMP_2296,chr18,114108046,C,A,TNF,28.46
SMP_5696,chr20,86973959,G,C,TNF,92.62
SMP_7645,chr20,93077001,G,C,TP53,60.59
SMP_6762,chr7,28198968,C,A,BRCA2,46.8
SMP_8589,chr20,93627422,C,T,VEGFA,28.39
SMP_5591,chr20,169812034,T,G,EGFR,84.8
SMP_5978,chrY,38475133,G,T,APOE,55.5
SMP_5565,chr16,214460536,G,T,TNF,78.55
SMP_4216,chr15,79987013,A,G,EGFR,36.04
SMP_4081,chr15,112001453,T,G,MTHFR,83.87
SMP_8538,chr21,153636734,G,T,BRCA2,67.83
SMP_2999,chr10,157131125,T,C,VEGFA,98.85
SMP_4334,chr22,6768268,A,G,EGFR,69.93
SMP_5112,chr13,213267796,A,C,APOE,25.62
SMP_6359,chr14,7609689,G,A,EGFR,64.09
SMP_8238,chr5,44501155,T,G,TNF,55.18
SMP_1570,chr22,210421052,T,C,IL6,40.36
SMP_3723,chr21,9780365,T,A,VEGFA,94.99
SMP_9036,chr19,121142970,A,G,BRCA2,72.36
SMP_7970,chr2,101280685,A,C,BRCA2,95.6
SMP_4048,chrY,74667255,A,C,BRCA2,58.74
SMP_3988,chr12,215236039,G,C,MTHFR,97.25
SMP_9136,chr2,125688125,G,C,VEGFA,46.98
SMP_5096,chr4,22841786,G,C,IL6,95.97
SMP_2668,chr1,78258921,C,A,MYC,32.71
SMP_2447,chr11,133132453,G,C,MYC,21.61
SMP_6246,chr5,23284936,G,A,BRCA1,30.43
SMP_4702,chr1,22099070,G,C,TP53,95.67
SMP_4704,chr5,151924962,C,T,TNF,22.75
SMP_4451,chr21,118960860,T,A,MYC,36.61
SMP_7540,chr17,55755904,G,C,BRCA1,90.78
SMP_7576,chrY,187381497,C,G,BRCA2,60.02
SMP_4363,chr21,139913005,A,G,VEGFA,69.82
SMP_5420,chr7,130070511,A,T,BRCA1,78.67
SMP_3515,chr12,221794890,C,A,APOE,81.77
SMP_9165,chr7,118357114,C,G,EGFR,23.99
SMP_7814,chr16,223254513,G,A,VEGFA,58.38
SMP_7261,chr21,102711705,T,G,EGFR,79.26
SMP_6564,chr15,184123738,G,C,BRCA2,25.17
SMP_3948,chr9,124223505,T,A,EGFR,42.18
SMP_2845,chr17,31823383,T,A,EGFR,94.71
SMP_5747,chr21,167078256,C,T,TP53,70.5
SMP_1386,chr9,71890662,C,G,BRCA2,27.73
SMP_3633,chr1,239835480,T,C,TP53,20.52
SMP_2941,chr9,17716109,G,A,EGFR,93.06
SMP_3504,chr10,87335808,C,G,MTHFR,66.37
SMP_2011,chr11,246587276,A,G,VEGFA,87.6
SMP_9415,chr7,81641932,C,T,TNF,86.26
SMP_3344,chr16,142134879,C,G,EGFR,34.93
SMP_9095,chr16,181400202,A,G,APOE,83.58
SMP_9589,chr4,138742409,C,A,IL6,37.75
SMP_5033,chr16,126016299,A,T,BRCA1,87.86
SMP_9300,chr12,66598739,T,A,VEGFA,47.0
SMP_2495,chr19,177952497,C,G,TP53,21.55
SMP_1526,chr4,91260362,C,G,VEGFA,66.37
SMP_1805,chr19,29678543,T,A,TP53,70.87
SMP_3709,chrX,10538235,G,A,APOE,23.88
SMP_9349,chr21,76318057,G,C,VEGFA,29.7
SMP_1442,chr13,200158335,T,A,VEGFA,68.75
SMP_1533,chr10,42582617,C,G,APOE,97.82
SMP_5102,chr9,142183725,G,C,VEGFA,82.61
SMP_7504,chr17,51677030,G,A,VEGFA,64.42
SMP_7001,chr10,152961655,T,G,EGFR,96.3
SMP_5345,chr5,246706557,A,C,TNF,42.56
SMP_2302,chr22,190055469,A,C,MYC,57.72
SMP_9718,chr3,181238155,T,C,TNF,31.4
SMP_9128,chr12,147862115,C,A,BRCA2,67.05
SMP_2416,chr16,58640432,C,A,VEGFA,73.77
SMP_2994,chr17,207528730,G,C,BRCA2,31.73
SMP_2349,chr5,78116189,A,G,MTHFR,85.64
SMP_3560,chr7,66997676,G,C,MTHFR,50.08
SMP_1366,chrX,15468218,T,C,BRCA1,27.56
SMP_4499,chr21,231732675,C,A,EGFR,25.95
SMP_2687,chr10,156257395,T,G,MYC,30.78
SMP_8779,chr15,92634435,T,G,MYC,40.52
SMP_4924,chr19,18304540,A,G,BRCA2,26.41
SMP_5300,chr2,162004931,T,A,VEGFA,93.29
SMP_4602,chr14,69757932,A,C,VEGFA,45.12
SMP_2893,chr16,207067099,T,G,TP53,79.22
SMP_7573,chr19,53620753,G,T,APOE,52.42
SMP_3684,chr14,192072222,C,G,BRCA1,77.43
SMP_3995,chr12,55606757,G,T,IL6,87.57
SMP_6227,chr20,196703811,A,G,TNF,71.49
SMP_3959,chr15,38571152,T,A,BRCA1,98.56
SMP_6976,chr18,76118228,G,C,VEGFA,70.81
SMP_5652,chr18,79638136,A,T,TNF,36.15
SMP_9162,chr7,65557125,A,G,TNF,75.5
SMP_9862,chr1,213732059,G,A,IL6,90.64
SMP_6527,chr19,239690502,G,C,TP53,65.81
SMP_6253,chr13,186062495,T,C,APOE,22.38
SMP_5336,chr9,61646889,G,C,MYC,96.8
SMP_1865,chr15,198139914,G,A,EGFR,91.53
SMP_3528,chr2,16379388,G,C,MTHFR,87.7
SMP_4704,chr10,64676516,C,T,IL6,35.96
SMP_2932,chr11,5355786,T,C,TNF,57.63
SMP_6026,chr3,25454478,T,G,IL6,40.79
SMP_9157,chr16,153369273,G,C,MTHFR,43.05
SMP_9130,chr4,201509076,T,A,IL6,24.25
SMP_4579,chr1,142351678,A,T,VEGFA,56.56
SMP_4257,chr6,222715749,C,A,MTHFR,98.25
SMP_6110,chr21,139098660,C,G,APOE,74.68
SMP_3021,chr9,17082075,A,T,TP53,72.91
SMP_5485,chrY,5444996,A,T,MYC,50.22
SMP_3009,chr19,223354681,C,A,EGFR,78.34
SMP_2513,chr21,245608779,G,T,VEGFA,49.05
SMP_9037,chr14,152589126,G,T,MTHFR,74.3
SMP_4591,chr6,226688158,C,T,BRCA1,99.48
SMP_9375,chr1,117662169,A,T,APOE,25.0
SMP_3113,chr9,30966767,C,G,APOE,70.65
SMP_7162,chr4,228720085,C,A,IL6,90.24
SMP_3729,chr21,144886103,C,T,TP53,39.37
SMP_1380,chr9,145408924,C,G,TNF,63.24
SMP_1635,chr17,234006539,A,G,EGFR,98.85
SMP_4942,chr8,60578378,A,G,VEGFA,68.57
SMP_5381,chr21,21833769,A,C,VEGFA,90.21
SMP_6745,chr22,241313130,G,A,TNF,60.68
SMP_2372,chr5,32469821,A,G,EGFR,99.82
SMP_6574,chr16,224105826,G,C,EGFR,64.02
SMP_3416,chr5,99499718,G,T,IL6,64.46
SMP_1269,chr3,37845419,T,A,IL6,29.76
SMP_1299,chr12,169481609,C,A,TNF,94.6
SMP_9787,chrY,145279321,G,T,APOE,31.06
SMP_5694,chr2,93563926,A,C,TP53,45.77
SMP_3884,chr14,209536381,G,A,IL6,86.17
SMP_9749,chr10,86381189,T,G,BRCA1,60.83
SMP_7930,chr2,122196503,A,C,MTHFR,99.73
SMP_5494,chr5,16239643,G,T,MYC,24.63
SMP_1621,chr15,160739142,A,T,TP53,32.04
SMP_4141,chr13,198078594,G,A,MTHFR,35.78
SMP_3783,chr10,199360256,G,T,EGFR,50.37
SMP_7955,chr7,145738253,T,G,TP53,24.63
SMP_2674,chr13,53134435,A,G,IL6,24.0
SMP_6400,chr22,70027624,T,C,VEGFA,91.61
SMP_4542,chr9,98459120,C,T,BRCA2,63.58
SMP_2423,chr22,120944991,G,A,APOE,62.27
SMP_6064,chr19,105666052,G,T,TNF,60.01
SMP_5184,chr17,15784416,C,A,MYC,32.6
SMP_9462,chr5,17988317,T,C,EGFR,56.41
SMP_7229,chr13,168881298,A,T,MYC,25.68
SMP_5163,chr22,177289509,T,A,EGFR,59.05
SMP_2794,chr15,52415505,G,C,BRCA2,22.64
SMP_3805,chr16,87980130,C,T,APOE,72.12
SMP_4118,chr9,23375477,G,T,BRCA1,87.88
SMP_2177,chr3,73113245,G,A,BRCA1,46.38
SMP_9440,chr14,20403237,C,T,TP53,51.75
SMP_9219,chr15,35356788,A,G,TNF,65.06
SMP_5982,chr22,126024373,A,T,IL6,70.41
SMP_5188,chr11,237034482,T,A,IL6,49.46
SMP_1793,chr2,29113675,G,T,IL6,50.78
SMP_5376,chr16,205471521,A,G,EGFR,29.14
SMP_3649,chr1,23761737,T,A,BRCA2,94.32
SMP_3632,chr10,175405887,C,A,MYC,77.22
SMP_8780,chr13,29709527,A,C,IL6,75.26
SMP_4231,chr4,233456127,C,G,TP53,79.46
SMP_9228,chr9,58896099,A,T,TNF,23.35
SMP_4282,chr5,83612701,A,C,IL6,64.02
SMP_7091,chr16,81079110,G,A,APOE,21.36
SMP_4057,chr3,54241021,A,G,TNF,84.82
SMP_6405,chr12,240970078,T,C,EGFR,33.32
SMP_1159,chr13,245941967,G,T,TNF,74.72
SMP_1872,chr8,170627414,G,T,BRCA2,27.67
SMP_8134,chr14,112028185,T,G,MTHFR,40.49
SMP_2382,chr17,46538841,C,A,BRCA2,84.63
SMP_6380,chr5,69639610,A,G,MTHFR,60.53
SMP_3541,chr3,72296335,G,C,BRCA2,84.44
SMP_5644,chr15,141653768,G,A,APOE,89.88
SMP_6783,chr2,95993568,G,T,APOE,91.19
SMP_5756,chr14,211128005,A,T,IL6,76.26
SMP_6029,chr21,125830724,A,T,MYC,98.02
SMP_2763,chr15,246378963,T,C,IL6,92.07
SMP_7983,chr3,82498357,C,T,TNF,72.7
SMP_2173,chr13,135568522,A,G,IL6,24.39
SMP_8037,chr11,98541095,A,C,BRCA2,67.44
SMP_8851,chr7,11713214,A,T,EGFR,26.93
SMP_2101,chr6,190384517,A,C,APOE,76.08
SMP_7144,chr18,43656428,C,A,BRCA2,21.03
SMP_3718,chr14,221983991,A,G,MTHFR,21.92
SMP_1966,chr12,62464910,G,T,TNF,44.14
SMP_8905,chr1,66921923,C,T,MYC,99.62
SMP_1788,chr19,229917860,G,A,BRCA1,62.27
SMP_5884,chr2,231595172,G,T,TNF,81.41
SMP_8125,chr6,205995257,T,A,BRCA2,63.87
SMP_7554,chr5,89303352,A,T,MYC,64.16
SMP_9135,chr6,84872536,G,A,IL6,37.09
SMP_3221,chr20,44840810,T,C,BRCA2,42.45
SMP_3216,chr16,209552239,A,T,TP53,99.87
SMP_8663,chr20,63830472,A,G,TNF,45.97
SMP_9590,chr10,175691274,G,T,IL6,23.53
SMP_8419,chr9,106667118,G,T,MTHFR,82.7
SMP_4298,chr7,29467621,T,A,TP53,50.5
SMP_4451,chr16,217057133,T,A,EGFR,41.82
SMP_7961,chr18,220992140,C,T,MYC,46.83
SMP_2253,chr2,118026218,T,C,BRCA1,62.66
SMP_8928,chr6,207713043,A,G,BRCA2,51.29
SMP_2509,chr11,209623274,A,T,MYC,89.56
SMP_9065,chr18,133784266,C,G,TNF,72.34
SMP_4503,chr1,141568778,T,G,BRCA1,41.89
SMP_7552,chr18,4677393,G,A,MTHFR,46.2
SMP_4814,chr20,149362902,T,G,MTHFR,96.79
SMP_3985,chr13,165221525,G,T,MTHFR,86.03
SMP_6573,chr11,165996296,G,T,IL6,57.15
SMP_4465,chr5,117345609,C,T,VEGFA,21.67
SMP_1573,chr13,1219360,G,C,VEGFA,71.23
SMP_5326,chr11,26848838,A,G,TNF,31.86
SMP_2195,chr10,235538593,T,C,BRCA2,37.58
SMP_1467,chr10,162309876,T,A,EGFR,42.87
SMP_5105,chr16,95337058,T,C,BRCA2,99.45
SMP_4447,chr20,54312835,A,T,EGFR,59.01
SMP_5741,chr4,159100439,T,G,TP53,81.84
SMP_8911,chr6,212407352,T,A,BRCA1,69.11
SMP_2175,chr5,152814141,T,C,IL6,91.91
SMP_4725,chrY,87219811,T,G,VEGFA,69.65
SMP_2478,chr5,204200436,A,C,BRCA1,63.87
SMP_2559,chr6,76676903,T,A,MYC,53.15
SMP_4140,chr17,12691782,G,C,BRCA2,84.33
SMP_9956,chr12,95628578,A,T,TP53,82.64
SMP_5069,chr1,11667165,G,T,VEGFA,99.0
SMP_1576,chr10,126091383,G,T,MTHFR,54.47
SMP_5087,chr14,135492365,T,A,TP53,51.31
SMP_5421,chr20,170213488,A,C,BRCA2,49.61
SMP_8934,chr2,34881546,G,A,BRCA1,67.46
SMP_3913,chr6,225080055,A,G,EGFR,41.24
SMP_3326,chr6,58344436,G,A,TP53,36.15
SMP_3321,chrX,193210565,A,G,VEGFA,52.61
SMP_6917,chr22,204783388,T,C,EGFR,68.28
SMP_8886,chrX,120931901,A,T,BRCA1,84.92
SMP_2062,chr4,74441505,G,A,TNF,75.45
SMP_4260,chr19,23675452,T,G,TNF,66.02
SMP_7146,chr18,186713875,T,A,EGFR,34.1
SMP_8416,chr13,183308842,T,G,IL6,39.55
SMP_6160,chr11,242206203,C,A,EGFR,86.3
SMP_2832,chr21,133826158,T,A,BRCA2,72.5
SMP_4112,chr2,154198834,G,C,TNF,27.39
SMP_2283,chr6,156073435,C,G,TP53,69.33
SMP_7869,chr18,216521062,C,A,MYC,96.23
SMP_2912,chr19,186709571,G,T,BRCA2,56.46
SMP_1019,chr13,20266964,C,G,APOE,73.95
SMP_2633,chr9,67173287,C,A,VEGFA,54.81
SMP_3169,chrX,222313085,A,G,APOE,61.63
SMP_5933,chr8,228170753,G,C,BRCA2,41.27
SMP_6244,chr8,241405437,T,G,MYC,73.78
SMP_3721,chr16,174032535,G,A,APOE,28.13
SMP_5530,chr20,3513475,A,G,IL6,96.05
SMP_4939,chr13,77316640,A,T,IL6,38.21
SMP_2054,chr11,211320428,C,A,TNF,58.76
SMP_6614,chr19,217307354,C,T,APOE,25.1
SMP_2926,chr19,40493971,T,A,IL6,81.31
SMP_3369,chr7,97542412,G,A,MYC,61.4
SMP_9773,chr11,107668405,C,T,VEGFA,22.08
SMP_6337,chr9,215017833,G,T,TP53,30.18
SMP_5158,chr3,154969312,G,C,BRCA2,74.46
SMP_3931,chr18,114010526,T,C,EGFR,39.61
SMP_3304,chr8,174229188,C,A,EGFR,20.67
SMP_4461,chr1,124569979,C,G,TNF,83.51
SMP_5010,chrY,86052818,T,G,TP53,66.44
SMP_1577,chr7,242003285,C,A,BRCA2,76.03
SMP_5185,chr1,48063511,G,C,TNF,71.79
SMP_6110,chr9,99031325,C,G,APOE,21.64
SMP_4687,chr8,2843468,G,T,IL6,20.89
SMP_6345,chr13,222692650,C,T,VEGFA,89.86
SMP_3091,chr19,86055889,T,G,BRCA2,59.38
SMP_9765,chr7,132277850,T,A,IL6,66.45
SMP_2468,chr8,33698093,G,A,TP53,21.13
SMP_7225,chr16,193661377,G,A,TP53,85.14
SMP_8079,chr12,142000560,T,A,TP53,57.61
SMP_2228,chr22,244954872,A,G,MYC,86.45
SMP_9562,chr4,86899723,A,T,MTHFR,88.77
SMP_6637,chrY,195203138,T,A,TP53,34.13
SMP_4498,chr9,62562363,T,G,EGFR,42.08
SMP_8293,chr7,100518325,T,C,BRCA2,43.98
SMP_3773,chr5,213299351,G,T,TNF,28.02
SMP_6774,chr19,38728154,G,A,BRCA2,67.24
SMP_9053,chr16,65922492,A,G,IL6,60.74
SMP_8887,chr2,245470319,C,G,BRCA2,34.14
SMP_5276,chr14,186972929,A,G,MYC,40.22
SMP_4833,chr18,127723028,T,A,MYC,95.11
SMP_3232,chr5,119326886,A,T,TNF,84.73
SMP_9076,chr16,156508125,C,G,BRCA1,79.84
SMP_6816,chr1,71908060,A,C,VEGFA,85.17
SMP_5888,chr13,203682713,G,T,IL6,96.02
SMP_9066,chr19,213794669,C,A,MYC,30.05
SMP_1184,chr13,76146334,G,T,EGFR,59.26
SMP_2820,chr3,97152541,G,C,BRCA1,40.21
SMP_5837,chr10,110072770,G,C,IL6,55.35
SMP_6996,chr1,110634631,C,G,IL6,75.14
SMP_8185,chr13,123321411,A,T,BRCA2,63.67
SMP_4393,chr7,191021877,T,A,IL6,89.99
SMP_8690,chr14,159351788,T,C,MYC,66.93
SMP_1509,chr12,162667843,T,A,TNF,46.2
SMP_7965,chr6,233744683,T,G,APOE,37.12
SMP_4529,chr13,45901455,C,A,BRCA1,39.07
SMP_3089,chr19,54822202,G,T,BRCA2,57.48
SMP_7674,chr16,172717532,T,G,BRCA1,51.54
SMP_8462,chr17,189822564,C,G,BRCA2,91.42
SMP_1880,chr21,187486597,G,A,MYC,45.04
SMP_2080,chr4,77241610,G,A,TP53,33.91
SMP_7893,chr19,246672194,C,G,EGFR,32.14
SMP_2772,chr8,25557144,A,G,BRCA1,50.6
SMP_7577,chr6,46187982,G,C,IL6,71.41
SMP_9905,chr7,77203374,A,T,MTHFR,80.48
SMP_3623,chr9,42851490,T,A,VEGFA,37.58
SMP_5209,chr7,194673478,G,A,EGFR,90.94
SMP_9620,chr7,235177609,G,C,APOE,57.05
SMP_5286,chr14,40038604,T,G,EGFR,21.9
SMP_5072,chr7,62664893,T,A,BRCA1,61.55
SMP_8607,chr20,76753806,T,C,VEGFA,44.81
SMP_2177,chr5,88794935,G,C,TP53,44.18
SMP_8245,chr8,58470283,T,A,EGFR,27.15
SMP_3333,chr17,481449,A,G,VEGFA,41.04
SMP_5180,chr21,232331430,T,C,VEGFA,27.95
SMP_7856,chr8,112668101,A,G,EGFR,48.98
SMP_6194,chr7,284790,C,T,BRCA1,44.69
SMP_6020,chr15,54720543,G,C,TNF,74.67
SMP_8162,chr10,181432025,A,C,TP53,58.09
SMP_7267,chr19,174394565,G,C,VEGFA,37.66
SMP_8150,chr2,8736367,T,A,BRCA2,67.13
SMP_2045,chr13,132998439,T,C,TNF,45.91
SMP_6498,chr8,221123045,A,C,IL6,58.31
SMP_2197,chr8,229317584,C,T,MYC,98.87
SMP_4005,chr12,223876989,T,A,BRCA1,57.67
SMP_3289,chr5,58688233,G,T,BRCA2,47.79
SMP_7942,chr6,142363178,G,T,EGFR,37.58
SMP_4116,chrY,61167801,G,C,EGFR,71.71
SMP_4958,chr10,237488777,T,G,BRCA1,96.05
SMP_4404,chr3,166697785,T,C,BRCA2,92.26
SMP_3349,chr19,152125545,G,A,MTHFR,36.89
SMP_6070,chr13,98592601,T,A,MYC,67.0
SMP_8144,chr8,221289028,T,C,EGFR,25.14
SMP_5127,chr1,130273918,G,T,VEGFA,83.66
SMP_9776,chr16,245665510,A,C,TP53,45.43
SMP_3202,chr10,208260402,T,G,MYC,70.02
SMP_9560,chr7,16601757,A,G,BRCA1,44.89
SMP_8517,chr20,121147810,A,T,MYC,63.41
SMP_4867,chr11,33083483,A,G,TNF,24.81
SMP_7753,chr8,207984268,G,A,APOE,38.06
SMP_5321,chr13,165515440,C,A,VEGFA,28.28
SMP_1756,chr6,168271003,T,A,MYC,32.95
SMP_2533,chr22,94302145,A,C,MTHFR,25.01
SMP_9934,chr9,4046503,G,C,MTHFR,42.64
SMP_1133,chr15,228596462,G,C,EGFR,44.96
SMP_1936,chr10,215312456,T,C,TP53,80.39
SMP_4160,chr6,45259381,G,A,MTHFR,90.75
SMP_2117,chr20,152852057,T,A,EGFR,54.51
SMP_6909,chr8,237978850,A,G,TP53,35.75
SMP_4607,chr14,80582810,G,T,APOE,62.42
SMP_6093,chr20,219757700,C,T,VEGFA,44.02
SMP_1835,chr6,164661652,A,T,IL6,62.91
SMP_5299,chr22,246690425,A,C,IL6,83.9
SMP_7047,chr20,52731926,C,A,IL6,73.42
SMP_2051,chr12,218007695,G,C,IL6,70.63
SMP_1115,chr2,28467528,A,C,BRCA2,93.46
SMP_1908,chr8,160780699,T,C,EGFR,95.6
SMP_3729,chr21,80810646,A,T,VEGFA,44.83
SMP_1623,chr19,109932403,A,C,BRCA1,22.89
SMP_2236,chr2,244239991,T,A,EGFR,92.29
SMP_1828,chr6,154884360,C,A,VEGFA,24.47
SMP_6121,chr7,76116168,A,C,MTHFR,27.06
SMP_3500,chr17,26948122,A,G,APOE,59.64
SMP_3090,chr5,234956484,C,A,MYC,42.89
SMP_7129,chr4,136112701,A,T,MTHFR,32.55
SMP_7992,chr11,112368277,C,A,VEGFA,39.41
SMP_8282,chr2,124890063,G,C,IL6,83.21
SMP_9405,chr10,182345584,G,T,TNF,76.79
SMP_7384,chr17,68863682,A,T,APOE,72.79
SMP_5629,chr16,65557017,G,C,MTHFR,87.25
SMP_7203,chrX,194389408,A,T,IL6,35.39
SMP_6654,chr19,5531891,T,C,TNF,46.56
SMP_5973,chr4,2244478,G,T,BRCA1,26.11
SMP_1221,chr3,179098300,G,C,VEGFA,72.69
SMP_9661,chr22,200957036,A,G,VEGFA,60.13
SMP_4372,chrY,96040964,A,G,BRCA2,20.12
SMP_7688,chr17,57925168,T,G,MTHFR,35.01
SMP_6275,chr20,46701763,C,G,BRCA2,70.72
SMP_7493,chr2,159141380,G,T,IL6,76.54
SMP_1957,chr11,92272224,G,A,BRCA1,35.51
SMP_2951,chr13,110553537,A,G,BRCA1,52.96
SMP_9029,chr14,200318036,G,T,MTHFR,32.65
SMP_8859,chr10,246548920,T,G,MTHFR,21.53
SMP_5330,chr4,144091556,A,G,APOE,73.86
SMP_9359,chr10,39130779,T,A,MYC,97.75
SMP_1270,chr4,215005171,G,C,TP53,52.68
SMP_9077,chr12,210480369,C,G,IL6,48.47
SMP_3593,chr11,246304290,G,C,MYC,30.64
SMP_8005,chr1,240907161,C,A,EGFR,24.93
SMP_5464,chr8,38407142,C,T,EGFR,88.59
SMP_4833,chr14,133959094,A,G,BRCA2,42.19
