sample_id,chromosome,position,ref_allele,alt_allele,gene,quality
SMP_9468,chr4,23430268,G,T,MYC,86.77
SMP_6578,chr15,48292299,T,G,BRCA2,64.42
SMP_8023,chr16,175603106,T,C,TNF,83.02
SMP_7498,chr20,31869563,T,C,MYC,24.01
SMP_8477,chrY,196610177,G,C,MYC,96.77
SMP_1398,chr17,170101093,C,G,APOE,51.56
SMP_2435,chr18,127770877,C,G,MYC,40.84
SMP_6596,chrY,76339883,A,T,TNF,81.79
SMP_1607,chr9,72314492,C,T,TNF,42.44
SMP_1576,chr15,91202460,T,A,EGFR,43.28
SMP_3404,chr17,160575723,C,G,MYC,69.11
SMP_7752,chr12,60932038,G,C,TNF,67.22
SMP_5952,chr15,90511120,C,G,APOE,75.5
SMP_9724,chr11,174635445,G,C,BRCA1,99.5
SMP_1580,chr6,5468432,C,T,IL6,33.34
SMP_2539,chr16,97306110,G,A,TNF,84.55
SMP_6929,chr15,34192747,C,A,TP53,27.94
SMP_5826,chr16,31774291,T,C,BRCA2,49.06
SMP_8337,chr6,89852161,T,A,TNF,53.48
SMP_2812,chr19,79923050,C,A,IL6,71.75
SMP_1539,chr9,243827767,T,A,MTHFR,47.81
SMP_8316,chr10,131855337,G,T,MTHFR,29.74
SMP_5833,chr14,196755925,T,C,TNF,22.16
SMP_8600,chr20,226137181,C,A,TNF,83.3
SMP_8501,chr3,135197459,A,C,BRCA1,38.5
SMP_7156,chr14,243097556,G,T,VEGFA,64.91
SMP_1175,chr15,151656764,C,G,MTHFR,59.17
SMP_4968,chr14,132964949,G,T,TNF,32.7
SMP_3804,chr14,135246375,C,T,APOE,69.48
SMP_2095,chr7,103627590,A,C,TP53,98.59
SMP_9006,chr12,216224787,A,T,IL6,73.93
SMP_4495,chr11,63449941,G,A,BRCA1,26.3
SMP_8712,chr11,84510610,G,A,EGFR,82.12
SMP_3447,chr8,128792081,A,C,BRCA2,60.9
SMP_1465,chr5,131832455,T,A,MTHFR,22.56
SMP_4821,chr8,72117938,A,T,VEGFA,62.11
SMP_9982,chr10,228244024,A,C,TNF,69.56
SMP_5252,chr21,39230049,C,A,TP53,71.65
SMP_4645,chr15,155808110,A,T,IL6,71.04
SMP_5915,chr14,179302834,G,C,BRCA2,92.34
SMP_7343,chr16,50149696,G,C,MYC,95.53
SMP_5647,chr7,13991511,A,C,BRCA2,77.52
SMP_9440,chr17,141912435,T,C,IL6,27.06
SMP_5556,chr11,144425000,G,C,EGFR,79.11
SMP_6175,chr3,47882220,C,A,APOE,68.21
SMP_9315,chr16,17992854,C,G,TNF,23.04
SMP_3436,chr7,62198746,G,C,MTHFR,45.17
SMP_8360,chr9,51407938,G,T,APOE,92.05
SMP_2176,chr16,169100649,G,C,EGFR,50.6
SMP_3640,chr9,233497264,A,C,TP53,46.26
SMP_7591,chr14,239283559,T,C,VEGFA,31.23
SMP_9270,chr3,67992202,G,T,IL6,74.18
SMP_2172,chr7,208208037,G,T,TNF,50.9
SMP_5335,chr13,68586174,T,G,TP53,28.31
SMP_7561,chr2,228994403,G,T,TP53,51.67
SMP_4464,chr17,207690269,T,C,VEGFA,84.56
SMP_4569,chr7,24909360,G,C,BRCA2,66.31
SMP_4749,chr14,152910449,A,T,APOE,30.74
SMP_3302,chr6,32614719,G,A,EGFR,44.9
SMP_5328,chr10,84972083,T,C,IL6,97.94
SMP_9894,chr4,3716906,C,A,IL6,94.92
SMP_1781,chr14,51770341,A,T,TP53,31.6
SMP_9277,chr7,219827908,T,C,BRCA1,79.52
SMP_1414,chr2,54030970,C,G,EGFR,63.04
SMP_1982,chr5,131034004,C,T,TNF,30.59
SMP_3612,chr4,17958883,G,T,VEGFA,90.84
SMP_8064,chr14,226233008,G,C,MTHFR,47.95
SMP_5451,chr17,200916442,A,C,TNF,52.71
SMP_9395,chr4,80730525,A,G,VEGFA,95.98
SMP_2333,chr2,96789136,C,T,TP53,49.83
SMP_8679,chr6,37815224,C,T,MTHFR,86.35
SMP_3333,chrX,174668330,T,C,MYC,44.56
SMP_3851,chr5,153044083,C,G,TNF,93.88
SMP_4389,chr13,50644317,T,A,MYC,97.47
SMP_1408,chr18,27832908,C,A,VEGFA,49.64
SMP_3689,chrX,144243379,A,T,APOE,74.43
SMP_7304,chr1,122876141,A,G,APOE,53.49
SMP_2319,chr20,104098736,C,G,VEGFA,20.52
SMP_8646,chr9,149678135,G,C,BRCA1,41.04
SMP_2114,chr19,92388874,G,T,MYC,44.98
SMP_4527,chr2,165166474,G,C,TP53,95.82
SMP_9146,chr4,62637505,T,A,MTHFR,25.33
SMP_4170,chr4,162501691,T,G,TP53,81.37
SMP_5307,chr8,21976103,A,G,VEGFA,53.63
SMP_4341,chr22,90561082,A,G,TNF,97.02
SMP_7596,chr14,182754359,G,A,BRCA1,66.88
SMP_7435,chr6,170687847,C,A,APOE,61.56
SMP_7628,chr5,28140196,C,G,APOE,95.42
SMP_6958,chr11,180308261,A,G,MYC,65.86
SMP_6108,chr21,232516334,A,G,VEGFA,45.53
SMP_3073,chr7,102685562,T,G,TP53,53.78
SMP_4345,chr14,38146493,T,A,BRCA1,27.2
SMP_3410,chr13,241515554,A,G,IL6,45.3
SMP_7199,chr22,57820242,C,A,TP53,85.79
SMP_1144,chr4,238757026,T,G,VEGFA,93.34
SMP_7247,chr16,186698151,C,G,EGFR,79.87
SMP_6978,chr18,186990079,T,A,MYC,90.96
SMP_8922,chr13,242010946,A,T,TP53,25.86
SMP_7280,chr12,74827915,T,A,BRCA2,81.88
SMP_7169,chr9,157904962,A,G,IL6,90.11
SMP_8185,chr13,5262363,A,C,MYC,57.86
SMP_2045,chr19,9031310,C,A,TNF,94.36
SMP_4449,chr10,21008470,G,C,APOE,67.01
SMP_1612,chr20,193658797,A,G,TNF,21.12
SMP_3673,chr6,101561638,G,T,APOE,65.48
SMP_3082,chr6,24862482,C,T,VEGFA,98.87
SMP_6323,chr6,121998753,T,G,TP53,35.81
SMP_9456,chr10,145507623,C,T,TNF,94.99
SMP_3302,chr11,35212287,T,C,IL6,27.28
SMP_5068,chr8,36020315,G,T,TNF,87.68
SMP_3245,chrX,93602456,G,C,TNF,95.34
SMP_6706,chr18,127688016,C,A,TNF,76.8
SMP_1593,chr8,182887662,T,G,VEGFA,29.78
SMP_1312,chr9,238465426,C,A,TNF,64.79
SMP_7567,chr17,39440270,A,G,TNF,59.99
SMP_6882,chr13,123237176,A,G,IL6,78.9
SMP_3852,chr20,247939212,T,C,EGFR,77.04
SMP_8129,chr10,127157667,C,G,BRCA1,42.91
SMP_4091,chr13,163074850,C,T,IL6,85.19
SMP_6519,chr1,28944887,C,G,BRCA1,25.97
SMP_8482,chr22,182883198,A,G,TP53,67.51
SMP_3139,chr18,59325524,C,T,BRCA2,64.79
SMP_4893,chr17,51010659,C,A,TP53,43.46
SMP_4646,chr6,242817320,T,A,VEGFA,80.13
SMP_2220,chrX,168018970,G,T,MTHFR,94.72
SMP_4456,chr5,27869369,T,C,BRCA1,30.49
SMP_7879,chr16,214695609,A,G,TNF,84.23
SMP_6947,chr17,161177438,A,T,VEGFA,31.45
SMP_3829,chr21,206599500,A,T,APOE,87.51
SMP_3540,chr19,143355541,G,C,APOE,37.78
SMP_2071,chr15,213546285,T,G,TP53,89.12
SMP_3681,chr11,138656802,A,T,BRCA2,51.04
SMP_9953,chr19,28316332,T,A,APOE,35.43
SMP_1182,chr13,241763555,T,A,MYC,93.89
SMP_2762,chr16,50355018,T,C,TNF,82.47
SMP_4680,chr19,143960843,A,G,MYC,44.96
SMP_5189,chr22,170271820,G,T,IL6,78.69
SMP_1426,chr5,163307361,G,C,BRCA2,66.27
SMP_4241,chr15,31276563,T,A,BRCA2,88.7
SMP_1174,chr13,238600674,C,G,IL6,34.34
SMP_1193,chr20,157459913,A,C,MTHFR,48.42
SMP_7036,chr17,132911198,A,T,IL6,73.52
SMP_6737,chr5,134315899,G,T,EGFR,49.05
SMP_9239,chr9,119073385,G,T,IL6,29.6
SMP_9562,chr15,107521491,T,G,TP53,56.83
SMP_7016,chr22,64051667,T,A,TP53,99.72
SMP_5013,chr10,108800541,C,A,BRCA2,44.13
SMP_3076,chr21,99599623,C,A,IL6,76.49
SMP_2539,chr8,47184333,A,C,APOE,48.64
SMP_3775,chr8,209382252,C,G,MYC,36.69
SMP_4115,chr1,102904350,T,G,EGFR,46.35
SMP_9435,chr15,37921371,C,A,BRCA1,26.88
SMP_1094,chr14,52768607,G,A,TP53,56.26
SMP_8416,chr12,195934742,G,T,TNF,23.33
SMP_7656,chr2,69480904,G,A,IL6,61.31
SMP_1840,chr8,38904864,T,C,BRCA1,86.35
SMP_8469,chr1,147399335,G,T,VEGFA,95.86
SMP_4689,chr21,196565990,C,A,EGFR,68.97
SMP_2367,chr5,210101604,A,G,APOE,90.81
SMP_6524,chr15,199366013,G,T,BRCA1,57.33
SMP_8665,chr6,195294305,G,C,TP53,43.88
SMP_7239,chr1,113951552,A,C,TP53,93.29
SMP_8843,chr9,179768831,C,A,VEGFA,94.53
SMP_6644,chr18,229268816,T,C,APOE,56.9
SMP_8461,chrX,188645335,T,A,MYC,54.08
SMP_8451,chr15,187856272,T,G,MTHFR,29.42
SMP_4572,chr10,209989119,C,A,MYC,45.36
SMP_4830,chr11,1978069,C,G,BRCA2,27.55
SMP_6332,chr6,231605252,A,C,BRCA2,67.94
SMP_5730,chr14,232383947,T,G,TNF,31.42
SMP_3055,chr20,65009595,A,C,TP53,37.74
SMP_9725,chr15,81629622,C,T,EGFR,80.34
SMP_1415,chr10,192767883,T,C,APOE,42.36
SMP_2613,chr7,124909819,G,C,APOE,76.73
SMP_8206,chr19,54575026,C,T,VEGFA,34.31
SMP_4508,chrX,218692915,G,C,TNF,78.49
SMP_8040,chr11,186565110,C,T,IL6,67.23
SMP_4234,chr14,102029249,C,A,VEGFA,44.8
SMP_1939,chr8,130699912,T,A,VEGFA,71.53
SMP_5666,chr10,205716559,C,G,VEGFA,53.05
SMP_2666,chr16,221262502,A,C,VEGFA,99.41
SMP_8856,chr15,168835749,A,T,BRCA1,92.01
SMP_8230,chr1,201943345,C,G,BRCA2,25.06
SMP_7089,chr11,502303,T,G,TNF,68.6
SMP_8188,chr14,105553739,A,G,TP53,82.03
SMP_8483,chr5,218555006,G,C,MTHFR,30.36
SMP_2469,chr5,83049316,T,A,IL6,81.11
SMP_7454,chrX,97209503,G,A,TP53,97.14
SMP_8485,chr5,64992842,C,G,IL6,43.3
SMP_4496,chr22,154830076,C,G,APOE,86.85
SMP_6001,chr6,151793830,G,C,MTHFR,92.99
SMP_8392,chr18,154460815,T,C,TP53,26.91
SMP_1929,chr6,91516227,G,A,BRCA2,46.87
SMP_6209,chr19,43239820,C,A,TNF,65.82
SMP_9980,chr6,193638722,G,A,VEGFA,42.27
SMP_2330,chrY,104154585,T,C,MYC,52.46
SMP_1221,chr19,150172246,T,G,BRCA2,99.75
SMP_8378,chr14,8454908,T,A,IL6,90.11
SMP_9872,chr5,55252945,G,A,MTHFR,96.28
SMP_1920,chr12,65770801,T,C,TNF,34.66
SMP_1531,chr8,16976752,T,C,APOE,69.09
SMP_7153,chr13,179510525,C,G,BRCA2,24.07
SMP_3803,chr3,167028885,C,T,MTHFR,54.41
SMP_9853,chr7,117228835,A,G,VEGFA,90.58
SMP_7320,chr5,193656700,T,G,APOE,36.36
SMP_5455,chr5,31652061,A,C,IL6,81.86
SMP_3326,chr4,194583021,G,T,MYC,33.56
SMP_5406,chr15,114957080,T,C,MTHFR,95.93
SMP_2130,chr13,74285983,T,A,TNF,21.9
SMP_9974,chr7,204689478,T,A,EGFR,66.71
SMP_4728,chr5,206126007,C,T,IL6,41.2
SMP_3582,chr8,118930640,C,A,MYC,45.26
SMP_3311,chr7,127718862,A,G,BRCA2,56.47
SMP_2465,chr9,84813387,A,G,EGFR,63.07
SMP_8630,chr21,180054238,C,G,MTHFR,43.4
SMP_2811,chr3,32912643,G,C,TP53,93.52
SMP_2666,chr14,58033579,C,T,BRCA2,57.57
SMP_4117,chr16,135392211,G,T,TNF,81.32
SMP_8609,chrX,208307011,G,T,BRCA2,93.15
SMP_3381,chr17,191517172,G,T,MTHFR,75.93
SMP_6247,chr21,210053500,C,A,TP53,24.44
SMP_5191,chr3,171711599,G,T,TNF,30.04
SMP_3166,chr13,203440996,G,C,VEGFA,76.36
SMP_2325,chr21,150030182,A,T,BRCA1,87.11
SMP_2685,chr21,35462952,T,A,BRCA2,75.36
SMP_7618,chr13,61199164,C,A,TNF,75.42
SMP_7636,chr6,92788814,G,T,VEGFA,37.98
SMP_2817,chr14,1155162,A,G,BRCA1,88.03
SMP_2152,chr2,119266179,G,A,TNF,25.28
SMP_7613,chr19,143327908,C,A,MYC,98.81
SMP_5058,chr15,88966733,C,T,VEGFA,36.18
SMP_1203,chr13,91959604,T,G,MYC,88.58
SMP_4959,chr9,105758431,T,A,BRCA2,88.5
SMP_3238,chr18,152412028,T,C,MYC,54.55
SMP_8526,chr1,109605521,C,T,TP53,99.35
SMP_5824,chr7,11773860,T,G,TNF,40.07
SMP_5647,chr5,99517450,A,T,MYC,67.43
SMP_7033,chr16,112226836,T,G,IL6,51.89
SMP_6250,chr13,156639482,A,G,VEGFA,71.01
SMP_3231,chr19,66807059,G,T,BRCA2,66.69
SMP_8279,chr8,220835498,T,C,BRCA2,55.36
SMP_9131,chr4,199075098,A,G,TP53,95.63
SMP_5349,chr18,109321267,A,C,MTHFR,87.62
SMP_1702,chr3,132575217,T,G,IL6,57.71
SMP_3338,chr11,214377979,T,A,BRCA1,66.96
SMP_9380,chrY,50567387,C,T,BRCA1,82.08
SMP_6008,chr12,193471680,G,A,TP53,65.78
SMP_1503,chrY,236564119,T,C,BRCA1,86.73
SMP_2151,chr17,209910815,T,C,TP53,43.73
SMP_4810,chr2,83667876,G,C,TNF,22.68
SMP_7226,chr16,136474134,A,T,BRCA1,44.28
SMP_9208,chr1,201075411,A,T,IL6,79.97
SMP_4556,chrX,216785089,T,C,TNF,83.17
SMP_3525,chr9,143007435,T,A,MYC,85.84
SMP_6023,chr8,40937104,A,T,MTHFR,21.7
SMP_3374,chr11,223144475,G,T,EGFR,92.65
SMP_7806,chr4,141773831,C,A,APOE,60.27
SMP_1702,chr2,226224328,A,G,BRCA2,74.54
SMP_9477,chr11,96143199,G,T,BRCA1,65.17
SMP_7473,chr17,115483802,C,G,TP53,38.71
SMP_8210,chr5,224397493,G,A,BRCA1,32.05
SMP_9609,chrY,123632422,C,G,BRCA2,22.6
SMP_3899,chr4,223488159,G,T,IL6,78.18
SMP_2854,chr21,196912200,T,G,MYC,96.0
SMP_1991,chr13,150583725,T,A,MYC,44.57
SMP_2174,chr9,154042615,C,T,IL6,64.4
SMP_1411,chr15,98943175,T,C,MYC,21.1
SMP_4325,chr22,206680545,C,G,TNF,60.51
SMP_5440,chr7,225902106,C,A,MYC,50.2
SMP_2363,chr3,59080335,C,T,APOE,50.81
SMP_2691,chr6,122630647,A,G,VEGFA,92.49
SMP_2573,chr1,10176132,T,G,BRCA1,40.98
SMP_9963,chr3,20244602,G,A,MYC,48.37
SMP_6404,chr8,212586000,G,A,TP53,29.55
SMP_2000,chr8,17461853,C,T,MTHFR,40.92
SMP_6350,chr21,196695967,G,A,EGFR,40.85
SMP_4342,chr6,86510991,C,G,APOE,22.74
SMP_3610,chr17,79606018,A,G,APOE,20.42
SMP_5458,chr3,140222591,T,G,BRCA1,97.96
SMP_1257,chr7,177373574,A,C,TP53,70.11
SMP_2820,chr8,1379380,T,G,APOE,85.54
SMP_3280,chr4,100840516,C,T,EGFR,46.1
SMP_5224,chr9,187601547,C,T,IL6,25.32
SMP_7211,chr7,161985316,C,A,TP53,20.99
SMP_1606,chr20,101301367,G,T,BRCA2,92.67
SMP_4233,chr18,227727908,G,A,BRCA1,30.01
SMP_8633,chr1,127924467,A,G,BRCA1,44.01
SMP_8125,chr17,89774778,C,G,BRCA2,41.45
SMP_8123,chr13,227236714,C,T,BRCA1,98.02
SMP_5809,chr4,235115272,A,C,APOE,63.73
SMP_5114,chr6,40975113,G,T,MYC,22.83
SMP_8206,chr9,149232529,A,G,VEGFA,74.23
SMP_2510,chr12,218544808,G,C,BRCA2,29.71
SMP_9464,chr1,185714341,T,C,MYC,31.75
SMP_7264,chrX,208256446,G,A,VEGFA,55.55
SMP_4053,chr20,136050925,T,C,MTHFR,48.06
SMP_9606,chr19,153707943,A,G,IL6,92.29
SMP_4632,chr6,203246406,G,T,IL6,35.05
SMP_5345,chr12,153412362,T,A,APOE,80.07
SMP_4150,chr15,104419654,G,T,EGFR,88.15
SMP_6794,chr11,77254719,A,G,APOE,79.16
SMP_9330,chr18,161196921,G,C,EGFR,82.33
SMP_1339,chr5,242387656,G,T,BRCA1,78.39
SMP_8229,chr21,170528557,A,G,MYC,73.99
SMP_1861,chr7,146877382,A,C,MYC,30.81
SMP_7953,chr3,4410834,A,G,TP53,23.48
SMP_6521,chr8,121811750,C,G,IL6,80.86
SMP_6176,chr12,226285494,T,A,IL6,20.2
SMP_9017,chr18,238859552,A,T,EGFR,67.56
SMP_6220,chr20,168989304,A,G,MTHFR,45.76
SMP_7214,chr1,245377915,A,T,IL6,84.61
SMP_8159,chr18,45448389,G,A,EGFR,55.58
SMP_7713,chr4,102323380,A,G,MTHFR,73.13
SMP_7512,chr13,116139336,G,A,BRCA2,62.34
SMP_1543,chr18,141401953,A,C,MTHFR,36.14
SMP_9929,chr7,195102551,C,T,MYC,69.41
SMP_6345,chrY,85922453,C,A,TNF,29.0
SMP_6057,chr1,178337276,C,G,TNF,93.14
SMP_9173,chr19,110275468,A,C,VEGFA,85.45
SMP_6109,chr4,93893408,A,T,BRCA1,95.12
SMP_1220,chr9,97823036,A,G,MYC,99.51
SMP_1895,chr7,192449059,T,G,APOE,87.64
SMP_5926,chr4,42540785,T,G,TP53,33.27
SMP_7071,chr16,135123685,A,G,APOE,39.0
SMP_7685,chr17,162328567,C,T,BRCA1,36.76
SMP_2369,chr1,63684938,G,C,BRCA1,48.95
SMP_1313,chr11,151689724,C,T,BRCA2,47.36
SMP_3720,chr4,173430227,C,T,MTHFR,34.05
SMP_2404,chr13,214791016,T,A,APOE,47.35
SMP_8714,chrY,33664773,G,A,TNF,35.46
SMP_4029,chr16,196561751,C,T,TP53,72.7
SMP_5177,chr1,115383458,G,C,BRCA1,55.33
SMP_3974,chr11,2145433,A,G,IL6,93.49
SMP_6277,chr11,135814637,T,G,MTHFR,64.35
SMP_8229,chr18,93026089,T,C,BRCA2,22.68
SMP_7901,chr12,79356684,T,G,MYC,86.23
SMP_9362,chr18,180987742,A,G,BRCA1,42.42
SMP_1208,chr4,90467056,G,A,VEGFA,40.58
SMP_9962,chr20,137815439,G,T,BRCA1,33.93
SMP_5073,chr14,169190611,G,A,IL6,71.49
SMP_9888,chr4,97847001,A,G,MYC,98.79
SMP_1187,chr5,125257258,T,G,APOE,22.47
SMP_9764,chr11,67675140,C,A,APOE,32.79
SMP_1439,chr8,47416990,T,C,APOE,39.81
SMP_4457,chr9,232048800,T,C,TNF,54.26
SMP_4941,chr12,120750720,C,A,TP53,29.65
SMP_1221,chr14,174351885,G,T,MYC,91.16
SMP_5576,chr8,14200431,G,A,BRCA1,78.68
SMP_2809,chr4,187265896,G,C,BRCA2,35.69
SMP_1022,chr12,70784342,A,G,MTHFR,44.55
SMP_6008,chr7,56009035,G,C,TP53,58.93
SMP_3327,chr16,220326252,T,C,BRCA2,41.33
SMP_8302,chr16,166683063,G,T,APOE,59.21
SMP_4792,chr21,210038369,T,A,TNF,49.04
SMP_3639,chr8,128156211,C,G,TP53,53.65
SMP_3653,chr13,198081192,T,A,IL6,84.91
SMP_5120,chr6,85685720,G,C,APOE,54.7
SMP_1070,chr22,213970735,T,C,TNF,74.63
SMP_8035,chr2,111685018,G,A,MTHFR,97.45
SMP_5208,chrX,82530136,T,G,APOE,77.38
SMP_4284,chr13,82471550,C,T,VEGFA,77.8
SMP_1323,chr19,199598531,T,G,TNF,70.75
SMP_7870,chr11,183542108,T,C,EGFR,92.7
SMP_5819,chr4,243231217,T,C,BRCA1,45.39
SMP_9088,chr13,82459313,C,T,MTHFR,24.29
SMP_7866,chr22,73634925,G,T,TNF,61.49
SMP_6066,chr18,166376746,C,G,IL6,41.52
SMP_9693,chr9,57763498,A,T,TP53,39.09
SMP_6232,chr19,173807809,T,C,IL6,27.7
SMP_3268,chr5,146611595,A,G,VEGFA,56.49
SMP_1871,chr13,223946295,C,T,TNF,33.94
SMP_3488,chr21,18973881,C,G,MTHFR,99.44
SMP_4541,chr17,395169,A,C,BRCA2,52.64
SMP_1489,chr10,84978398,A,T,BRCA2,52.88
SMP_2618,chr12,64342253,C,T,MTHFR,24.22
SMP_8259,chr17,176973979,T,G,MYC,65.59
SMP_3099,chr8,211651191,T,G,BRCA2,73.15
SMP_9209,chr10,61218835,G,T,APOE,33.65
SMP_9386,chr19,96166031,C,T,MTHFR,33.37
SMP_8663,chr12,110725016,G,T,BRCA1,30.8
SMP_8798,chr5,7668423,G,A,TP53,39.18
SMP_4433,chr11,26287445,C,G,BRCA1,50.77
SMP_9832,chr17,238767657,C,T,EGFR,59.87
SMP_8608,chr10,96574480,T,A,TP53,63.89
SMP_7738,chr3,62326492,G,A,BRCA1,62.8
SMP_4404,chr6,199588841,C,T,BRCA2,42.94
SMP_5484,chr20,218307267,C,G,TP53,50.19
SMP_5330,chr11,100679999,A,C,TNF,65.64
SMP_1493,chr10,14282166,C,A,MTHFR,79.89
SMP_9958,chr3,144699887,G,C,TP53,76.2
SMP_9134,chr13,150315914,C,T,APOE,60.07
SMP_3597,chr8,44203202,G,T,EGFR,96.92
SMP_4163,chr6,25442030,G,A,TP53,41.47
SMP_8807,chr2,150399305,C,T,EGFR,47.48
SMP_3554,chr13,37132514,T,C,EGFR,56.4
SMP_7721,chr9,29058711,C,T,BRCA1,94.77
SMP_9302,chr22,43302137,A,T,TNF,54.99
SMP_1045,chr14,131811435,G,C,BRCA2,83.54
SMP_9773,chr5,158635261,C,A,IL6,67.7
SMP_6279,chr4,223551360,T,C,MTHFR,46.12
SMP_3140,chr20,172097632,A,C,BRCA2,42.75
SMP_8860,chr6,190938854,C,A,VEGFA,98.7
SMP_6277,chr21,240011181,C,G,EGFR,80.8
SMP_3647,chr7,43262666,C,A,TNF,70.66
SMP_2723,chr9,1955290,C,G,IL6,31.41
SMP_8483,chr3,211025781,G,A,TNF,43.13
SMP_6707,chr3,191032246,T,A,MTHFR,26.95
SMP_7480,chr9,2515096,T,C,MYC,39.72
SMP_9324,chr8,221829454,T,G,BRCA2,40.11
SMP_2436,chr2,143556058,T,A,TP53,83.18
SMP_4553,chr12,201638214,A,G,APOE,24.58
SMP_7042,chr17,35729170,G,A,VEGFA,75.18
SMP_5170,chr10,36955012,G,C,BRCA2,95.23
SMP_1203,chr11,124435721,C,A,BRCA2,55.98
SMP_9844,chr9,204996051,C,A,TP53,50.27
SMP_1504,chr5,81119582,A,C,IL6,92.21
SMP_9224,chr10,54189567,A,G,MYC,95.1
SMP_4475,chr18,164617203,G,C,APOE,65.34
SMP_9253,chr10,106354728,A,C,VEGFA,66.3
SMP_2182,chr15,24343040,C,T,IL6,53.01
SMP_8327,chr11,63414294,C,G,TNF,45.76
SMP_6169,chr3,118167485,G,A,APOE,28.13
SMP_1638,chr2,248070553,C,A,MTHFR,29.29
SMP_6044,chr12,26018321,T,A,MYC,67.99
SMP_3585,chr10,127193145,T,A,IL6,88.34
SMP_1542,chr1,109509434,A,C,TP53,73.07
SMP_2814,chr9,199124796,A,T,MTHFR,45.15
SMP_2640,chr14,123790009,G,A,MTHFR,50.68
SMP_5815,chr11,102584731,T,G,TP53,28.47
SMP_8310,chr11,184543270,T,G,APOE,23.76
SMP_5079,chr13,179785988,C,T,BRCA1,26.98
SMP_3641,chr22,57348920,C,T,BRCA1,53.81
SMP_2202,chr21,81018589,C,T,BRCA1,20.78
SMP_2626,chr11,96994962,T,G,VEGFA,88.44
SMP_9006,chr6,16738698,A,T,BRCA1,24.39
SMP_5883,chrX,77515812,G,A,IL6,81.07
SMP_9935,chr9,146561323,C,A,TP53,70.86
SMP_6615,chr6,184852819,T,A,TNF,78.25
SMP_3871,chr17,127939747,T,G,BRCA2,81.88
SMP_4427,chr17,248826314,C,A,BRCA1,97.52
SMP_4044,chrX,159430554,G,A,BRCA2,74.45
SMP_7461,chr14,113083903,T,G,EGFR,56.03
SMP_8720,chr8,184766707,A,C,VEGFA,56.72
SMP_5946,chr3,169134709,C,T,BRCA2,94.13
SMP_6458,chr2,150392215,C,G,IL6,97.24
SMP_2755,chr17,190750144,C,G,TNF,63.05
SMP_7305,chr12,205299967,C,G,APOE,90.4
SMP_8463,chr17,117818452,G,T,VEGFA,88.73
SMP_9117,chr6,78160845,T,G,MYC,20.73
SMP_4331,chr19,65012081,A,C,IL6,69.37
SMP_7301,chr16,63295821,C,A,EGFR,66.49
SMP_6020,chr3,133371549,A,G,BRCA1,95.93
SMP_4022,chr20,35348708,T,C,VEGFA,46.71
SMP_4921,chr11,140865299,A,C,MYC,82.74
SMP_4489,chr16,236764176,C,A,BRCA1,44.07
SMP_8378,chr17,25056694,C,G,TNF,37.4
SMP_5069,chr1,121698264,G,T,VEGFA,90.14
SMP_6730,chr8,180066990,C,A,MYC,80.51
SMP_7090,chr5,215872255,T,C,MYC,45.29
SMP_4807,chr13,168861274,C,G,BRCA1,65.36
SMP_9551,chr11,106560909,A,C,IL6,90.26
SMP_6474,chr18,246160295,T,C,BRCA1,61.81
SMP_5182,chr9,33540029,A,T,TNF,87.05
SMP_7662,chr8,46641939,C,T,MYC,52.93
SMP_4856,chr4,127626472,G,C,EGFR,67.53
SMP_4482,chr1,95996263,C,T,BRCA1,51.91
SMP_4662,chr4,86637662,T,C,EGFR,94.12
SMP_2191,chr13,219295745,C,G,IL6,43.87
SMP_3406,chr19,160752145,C,A,BRCA1,25.03
SMP_5208,chr12,10240619,A,T,TNF,72.03
SMP_5891,chr7,246736901,T,G,MTHFR,99.56
SMP_9525,chr12,175642928,T,A,IL6,64.34
SMP_9845,chr3,43810489,T,A,EGFR,97.61
SMP_1696,chr5,231877423,C,G,TNF,70.22
SMP_4709,chr12,189973187,A,T,BRCA1,80.37
SMP_8727,chr2,110201926,C,G,IL6,92.13
SMP_3278,chr4,189371420,T,C,TNF,25.66
SMP_6392,chr12,127329526,A,G,MTHFR,82.1
SMP_5526,chr3,230341055,A,G,IL6,32.64
SMP_3447,chr16,213331000,C,G,BRCA2,96.48
SMP_3908,chr10,211926918,G,A,TP53,86.09
SMP_5925,chr18,157030688,G,A,MYC,32.24
SMP_2816,chrY,39454923,C,G,APOE,78.75
SMP_9818,chr3,214960856,A,G,MYC,88.73
SMP_9832,chr1,174790267,A,T,MYC,75.9
SMP_9581,chr20,171524990,C,A,EGFR,86.72
SMP_9945,chr22,59346211,G,T,BRCA2,94.8
SMP_2537,chr20,229004365,G,A,MTHFR,88.88
SMP_7361,chr9,148794415,G,C,VEGFA,47.18
SMP_1228,chr17,150592205,C,T,MYC,83.61
SMP_3225,chr10,183111601,A,G,MYC,96.86
SMP_3239,chr19,53822953,T,C,BRCA2,94.4
SMP_4324,chr15,80304479,T,C,BRCA2,63.37
SMP_5364,chr17,169708905,A,G,EGFR,93.79
SMP_6679,chr1,64577636,G,A,EGFR,28.65
SMP_6954,chr9,174735677,G,C,VEGFA,40.63
SMP_6804,chr10,137758349,T,G,BRCA1,84.95
SMP_9137,chr16,118658920,T,G,IL6,82.77
SMP_8230,chr4,202756766,T,G,VEGFA,64.24
SMP_2415,chr3,33733215,C,T,EGFR,26.59
SMP_6787,chr18,68818673,G,T,VEGFA,65.15
SMP_3151,chr3,102440960,G,T,IL6,77.71
SMP_5414,chr11,40371226,A,T,BRCA2,68.11
SMP_9291,chr12,92295062,A,G,TP53,95.66
SMP_7914,chr3,103933339,A,T,IL6,21.25
SMP_9183,chr14,131675679,T,G,TNF,44.73
SMP_7961,chr11,50841036,T,G,VEGFA,43.38
SMP_6102,chr16,108961123,T,G,EGFR,33.87
SMP_5362,chr6,167256852,C,A,VEGFA,79.52
SMP_9570,chr20,107512668,C,G,BRCA1,90.21
SMP_8828,chr12,225739509,G,A,BRCA1,89.11
SMP_6002,chr6,17171412,A,C,MTHFR,67.23
SMP_2769,chr1,134125147,C,G,MYC,28.95
SMP_6144,chr10,41408384,C,T,BRCA1,28.01
SMP_4195,chr12,51968477,T,A,BRCA1,44.91
SMP_8230,chr7,153881554,A,T,BRCA2,61.01
SMP_3932,chr7,129400320,T,C,MTHFR,65.49
SMP_2779,chr21,203631990,G,C,TP53,97.15
SMP_8495,chr9,85060941,G,C,TNF,42.99
SMP_2289,chr15,28664664,T,G,VEGFA,67.22
SMP_5527,chr14,178351630,T,G,VEGFA,51.87
SMP_8036,chr4,137537107,C,T,BRCA2,90.21
SMP_9471,chr6,179339735,A,G,TNF,77.76
SMP_3120,chrY,44852754,C,G,VEGFA,75.58
SMP_3534,chr1,16979526,G,A,BRCA1,30.44
SMP_1756,chr9,99448335,A,G,BRCA1,33.0
SMP_5699,chr7,184372484,G,A,BRCA2,61.61
SMP_4612,chr11,235136176,G,A,IL6,35.09
SMP_2335,chr12,194973031,C,A,APOE,92.7
SMP_5826,chr20,237718479,T,C,MTHFR,33.31
SMP_8937,chr16,137930659,T,G,APOE,23.32
SMP_5731,chr7,35819266,A,G,MYC,84.24
SMP_6327,chr15,179117967,G,T,EGFR,79.5
SMP_1588,chr16,54252019,A,C,EGFR,81.08
SMP_4165,chr4,185186177,G,C,TP53,51.23
SMP_9109,chr14,130009923,C,A,BRCA2,45.0
SMP_5890,chr8,18409630,A,C,BRCA1,95.21
SMP_8297,chr19,201741828,A,G,APOE,57.07
SMP_6140,chrX,135553908,C,T,IL6,82.34
SMP_9323,chr16,242566300,A,C,IL6,75.15
SMP_4332,chr10,115103335,T,C,IL6,64.55
SMP_5485,chr22,155616434,A,C,VEGFA,68.79
SMP_9528,chr22,192059111,G,A,BRCA1,98.36
SMP_4742,chr5,72368891,G,C,IL6,79.36
SMP_3242,chr22,20040093,A,G,IL6,91.48
SMP_6922,chr22,231042507,G,T,VEGFA,69.42
SMP_3871,chr16,191860544,G,T,APOE,59.73
SMP_2935,chr21,98271922,C,A,EGFR,59.17
SMP_6781,chr12,100441026,A,T,MTHFR,50.4
SMP_2368,chr14,97259259,A,T,BRCA1,48.92
SMP_4951,chr20,238134311,T,G,BRCA2,68.51
SMP_3997,chrX,45123929,C,G,APOE,21.71
SMP_6213,chr14,31160578,A,T,BRCA2,79.48
SMP_4974,chr5,187894473,G,C,EGFR,82.08
SMP_9329,chr16,112781123,A,C,TP53,99.66
SMP_9778,chr11,90666516,T,G,IL6,84.49
SMP_6686,chr22,593032,T,A,MYC,72.31
SMP_3371,chr14,58167449,G,A,BRCA1,29.5
SMP_1929,chr21,197323729,G,C,EGFR,92.58
SMP_4444,chr8,58336221,C,G,BRCA2,50.14
SMP_5867,chr16,63600907,T,G,TP53,28.66
SMP_4759,chr22,194557441,T,G,BRCA2,89.67
SMP_2035,chr20,132645386,C,G,TNF,37.56
SMP_7129,chr22,228353947,C,G,TNF,70.58
SMP_6962,chr14,144215824,G,C,BRCA1,62.1
SMP_5239,chr3,134326067,A,G,BRCA1,27.85
SMP_9237,chr20,123500479,T,C,APOE,46.04
SMP_2257,chr6,41384929,G,T,IL6,72.8
SMP_2998,chr5,69494396,A,T,BRCA2,57.14
SMP_8629,chr16,104225743,A,T,MYC,77.8
SMP_6231,chr5,11585015,T,A,MTHFR,52.66
SMP_3216,chr2,132015996,A,C,TNF,87.07
SMP_2242,chr13,92894095,T,G,TNF,95.39
SMP_7320,chr8,187690923,A,G,TP53,38.43
SMP_6509,chr2,93885452,T,G,EGFR,33.29
SMP_3142,chr16,167606241,G,T,APOE,91.46
SMP_4276,chr13,238181552,C,A,TP53,82.42
SMP_7211,chr22,102046026,G,C,TNF,58.17
SMP_2193,chr13,179165407,C,A,MTHFR,75.63
SMP_1045,chr4,5104896,A,G,TNF,80.99
SMP_4394,chrX,34741550,C,T,MTHFR,29.2
SMP_3542,chr16,189411183,A,T,BRCA1,64.17
SMP_4401,chr20,29840441,G,A,TNF,44.28
SMP_9895,chr15,35047183,G,C,TNF,74.22
SMP_2949,chr22,81897088,C,A,TP53,69.93
SMP_2140,chr13,152983951,G,T,TNF,86.08
SMP_9170,chr17,17289848,A,C,VEGFA,73.0
SMP_6019,chr4,174650536,T,A,BRCA2,67.62
SMP_9199,chr12,123773251,A,T,APOE,35.5
SMP_6685,chr12,69011341,C,A,BRCA2,62.86
SMP_2177,chr16,112104033,C,T,BRCA2,63.57
SMP_1099,chrY,142065910,G,T,BRCA2,59.8
SMP_7724,chr6,216710404,T,C,MYC,89.26
SMP_1232,chr17,118402288,G,A,IL6,88.44
SMP_6621,chr14,247964461,T,G,BRCA1,46.44
SMP_1209,chr11,150402035,G,T,MYC,42.52
SMP_1294,chr1,6438776,C,G,TP53,20.1
SMP_5156,chr22,55664705,A,C,TP53,98.17
SMP_4185,chr16,34692435,G,A,IL6,74.74
SMP_9063,chr14,191813829,G,T,BRCA2,86.37
SMP_5386,chr12,22167337,A,G,MYC,56.11
SMP_8749,chr9,76659395,T,C,IL6,47.26
SMP_8696,chr9,44208991,A,T,TP53,89.79
SMP_9173,chr2,208399233,C,G,BRCA2,47.51
SMP_3642,chr14,146494800,C,A,TNF,52.3
SMP_9560,chr10,156550657,C,G,BRCA2,86.03
SMP_1663,chr1,172344452,C,T,TNF,73.68
SMP_9447,chr13,59962266,G,A,EGFR,83.44
SMP_5116,chr5,54535281,G,A,BRCA1,89.66
SMP_8527,chr12,210407928,G,A,APOE,50.37
SMP_4362,chr11,117257669,T,C,BRCA1,42.16
SMP_6107,chr22,174778850,C,A,TNF,81.63
SMP_4714,chr6,210408993,A,G,APOE,81.61
SMP_3456,chr10,140510953,A,G,APOE,88.39
SMP_3247,chr13,148473331,T,A,VEGFA,54.31
SMP_7039,chr20,72509217,T,A,APOE,51.87
SMP_7008,chr5,132259490,C,T,IL6,58.27
SMP_1667,chr1,197368209,G,C,MTHFR,61.58
SMP_9686,chrX,159737352,A,C,VEGFA,35.63
SMP_8850,chr1,192110826,A,C,BRCA1,85.26
SMP_3945,chr18,117952025,T,A,APOE,78.88
SMP_9207,chr14,12055472,G,T,MTHFR,54.36
SMP_4709,chr3,225682798,C,G,VEGFA,47.25
SMP_6706,chr8,154982287,T,A,EGFR,97.28
SMP_3880,chr1,101716970,C,G,TNF,89.69
SMP_6719,chr15,9103121,T,C,MTHFR,86.45
SMP_6934,chr12,88231153,G,C,IL6,71.73
SMP_8263,chr6,240011758,G,C,APOE,24.41
SMP_8926,chr14,181691737,G,C,BRCA1,68.77
SMP_1398,chr2,1982037,A,C,TP53,35.35
SMP_5839,chr20,81702754,T,G,BRCA1,94.42
SMP_9514,chr22,188475841,G,A,MTHFR,79.44
SMP_1496,chr18,12220167,G,C,IL6,36.69
SMP_8428,chr2,218389925,G,T,VEGFA,34.21
SMP_3039,chr15,128523860,G,T,TNF,27.95
SMP_1823,chr15,158490085,G,T,IL6,92.22
SMP_8565,chr22,103521869,C,G,TP53,91.46
SMP_8065,chr3,8222573,A,T,IL6,46.51
SMP_8805,chr12,126282161,C,T,BRCA1,39.57
SMP_7047,chr8,102935860,C,A,BRCA2,36.72
SMP_3068,chr22,36333546,T,A,IL6,92.34
SMP_9807,chrX,241143130,C,A,EGFR,88.1
SMP_8465,chr6,242697736,T,C,BRCA2,94.44
SMP_7060,chr4,120842948,G,A,MYC,96.07
SMP_6480,chr2,223595618,A,G,EGFR,29.78
SMP_7344,chr3,176691422,A,C,BRCA2,99.19
SMP_4893,chr21,79684723,A,G,TP53,81.66
SMP_4569,chr3,75163026,A,T,MTHFR,52.77
SMP_6701,chr4,124527855,T,C,MYC,78.56
SMP_2937,chr16,41024852,C,A,TP53,75.05
SMP_5973,chr14,58918692,T,A,VEGFA,51.08
SMP_1212,chr8,229538826,G,C,APOE,44.35
SMP_8942,chr14,229409094,C,A,IL6,88.95
SMP_5732,chr8,135018083,T,C,VEGFA,62.15
SMP_3306,chr13,3599495,T,C,IL6,31.63
SMP_5711,chr9,99527523,G,T,IL6,89.13
SMP_5152,chr8,55796513,T,G,TP53,83.24
SMP_3742,chr17,44322961,G,C,MYC,27.87
SMP_5821,chr12,184475464,C,A,MYC,86.71
SMP_3745,chr5,64716354,C,G,BRCA2,88.75
SMP_8800,chr10,175898763,T,A,MYC,42.32
SMP_5377,chr2,117538195,A,T,IL6,61.43
SMP_3856,chr1,229958575,T,C,BRCA1,31.6
SMP_7804,chr17,49121127,C,A,BRCA2,57.56
SMP_8861,chr17,58524708,C,T,EGFR,53.81
SMP_3120,chr22,175292259,G,T,TNF,81.52
SMP_3908,chr8,77407029,A,G,TNF,58.86
SMP_5139,chrY,93714168,G,C,BRCA2,23.78
SMP_8277,chr20,40254479,A,T,TNF,70.44
SMP_5445,chr12,247454102,A,G,TP53,59.32
SMP_9374,chr5,117250,A,C,MYC,60.9
SMP_1798,chr20,175610068,T,G,EGFR,43.72
SMP_6416,chr18,62992160,T,G,MYC,24.68
SMP_7931,chr13,226663424,G,A,APOE,91.67
SMP_7061,chr14,111439319,C,A,TNF,46.09
SMP_7694,chr18,185247571,G,A,EGFR,48.24
SMP_5255,chr16,2253149,G,C,TNF,46.47
SMP_3346,chr2,58686432,G,T,MTHFR,94.92
SMP_4697,chr21,229882032,G,C,BRCA1,79.95
SMP_6600,chr4,180629420,G,T,EGFR,58.7
SMP_1853,chr13,7230299,T,A,TP53,20.65
SMP_5309,chr10,22248031,T,G,TNF,57.61
SMP_8775,chr18,143537904,G,C,EGFR,26.33
SMP_7575,chr5,77933106,C,T,IL6,21.83
SMP_1610,chr14,241657892,C,G,BRCA2,50.48
SMP_8082,chr10,27906529,T,A,VEGFA,69.79
SMP_9660,chr9,106751777,C,T,APOE,53.09
SMP_2748,chr7,210144772,T,G,VEGFA,74.99
SMP_9916,chr9,67582014,G,T,MTHFR,52.65
SMP_6898,chr11,208678799,C,A,VEGFA,98.07
SMP_7583,chr12,11601373,G,A,TNF,37.1
SMP_7260,chr16,79451488,C,T,BRCA1,74.87
SMP_4728,chr3,65327989,A,G,MYC,89.5
SMP_7670,chr5,217806436,A,G,MYC,23.89
SMP_3962,chr4,230862742,T,G,TNF,84.72
SMP_4655,chr10,27621654,A,G,VEGFA,80.65
SMP_1119,chrY,113602342,T,A,EGFR,51.97
SMP_3709,chr8,238607232,A,G,MYC,72.3
SMP_2445,chr13,130433185,G,A,MYC,28.5
SMP_2928,chr16,83287154,T,A,IL6,76.99
SMP_7284,chrX,5136336,G,A,BRCA1,76.59
SMP_4195,chr20,243843459,A,T,IL6,37.04
SMP_9234,chr18,48880289,C,T,APOE,29.6
SMP_1293,chr2,153381237,T,G,EGFR,98.3
SMP_7807,chr20,182411396,G,A,MTHFR,62.07
SMP_6045,chr20,115083781,C,G,EGFR,27.08
SMP_3778,chr11,45553817,C,G,IL6,46.05
SMP_1591,chr1,134155841,T,G,VEGFA,38.42
SMP_9844,chr12,113691760,C,A,TP53,61.07
SMP_6515,chr14,142493633,A,G,MTHFR,94.13
SMP_9388,chr15,111685547,A,T,MYC,88.81
SMP_6999,chr17,58284528,T,G,APOE,62.18
SMP_5121,chr11,223746820,C,A,TP53,63.89
SMP_2144,chr22,161823947,T,A,EGFR,66.99
SMP_4230,chr7,156601564,A,G,TP53,78.91
SMP_1408,chr17,131088195,T,G,TNF,87.02
SMP_2158,chr5,232962722,T,C,MTHFR,97.43
SMP_6330,chr12,249975598,T,G,IL6,69.51
SMP_3250,chr2,125243509,C,T,MTHFR,58.72
SMP_8803,chr17,72743788,C,T,BRCA2,32.32
SMP_5520,chr17,44874491,A,G,BRCA2,43.73
SMP_4443,chr15,30782988,C,G,MTHFR,78.49
SMP_3749,chr3,134020422,A,G,BRCA1,73.22
SMP_9316,chr6,69942273,T,G,IL6,21.92
SMP_6723,chr19,7214457,G,A,VEGFA,91.47
SMP_6226,chr2,30648428,A,C,TP53,57.79
SMP_7023,chr15,241505460,T,A,EGFR,29.47
SMP_9493,chr17,12101290,T,A,IL6,43.82
SMP_4145,chr10,17309387,C,T,MTHFR,99.37
SMP_5768,chr18,99237920,A,G,TNF,34.69
SMP_2571,chr3,145891786,G,A,TP53,92.55
SMP_4244,chrY,238006444,G,A,VEGFA,98.66
SMP_5335,chr21,127704506,G,T,IL6,53.51
SMP_9266,chr13,187356503,T,C,BRCA2,23.41
SMP_4318,chr21,244792727,G,C,IL6,39.51
SMP_9603,chr17,164968577,G,A,EGFR,48.63
SMP_2458,chr13,35308957,G,T,MYC,66.53
SMP_8773,chr19,742407,A,C,BRCA1,77.23
SMP_2721,chr21,82552280,T,G,BRCA1,32.31
SMP_4970,chr15,25710662,G,A,IL6,55.93
SMP_5330,chr13,112388110,G,C,MYC,20.42
SMP_6261,chr13,205211406,A,T,TNF,78.13
SMP_7917,chr1,54381980,G,T,MYC,50.08
SMP_2457,chr4,96905658,C,A,MYC,32.83
SMP_5585,chr20,109745720,T,A,MTHFR,75.55
SMP_6336,chr16,65820597,C,G,TNF,80.74
SMP_3167,chr10,64168639,T,C,VEGFA,22.95
SMP_8492,chr21,3930879,G,T,TP53,90.41
SMP_5675,chr1,237394229,A,C,TP53,53.7
SMP_7233,chr15,17639884,A,G,MTHFR,58.65
SMP_9315,chr10,7619571,A,G,BRCA1,41.6
SMP_5675,chr12,236383615,C,G,APOE,59.15
SMP_8282,chr14,160793913,C,G,IL6,55.59
SMP_7000,chr10,29907351,T,G,TNF,57.83
SMP_3239,chr13,202220684,A,T,MTHFR,73.45
SMP_8998,chr3,20755126,C,A,TP53,43.31
SMP_2399,chr14,21204674,C,A,BRCA2,64.55
SMP_8775,chr11,173846558,G,T,APOE,87.53
SMP_7636,chr8,181589109,T,C,TP53,84.98
SMP_1891,chr21,109293041,A,G,APOE,91.04
SMP_1462,chr20,46102638,T,A,BRCA1,49.14
SMP_7950,chr15,11574270,A,G,BRCA2,48.16
SMP_4663,chr7,121184261,C,A,EGFR,69.5
SMP_7905,chr17,61213774,T,G,EGFR,29.43
SMP_4193,chr4,108962801,G,C,MYC,97.0
SMP_1406,chr8,77981701,G,T,BRCA1,27.65
SMP_1824,chr8,120500375,A,T,VEGFA,81.35
SMP_6372,chr20,22035667,C,A,BRCA2,45.37
SMP_4327,chr22,112942206,T,C,VEGFA,29.55
SMP_9138,chr6,210944632,C,G,MYC,21.65
SMP_1179,chr19,207662277,A,T,IL6,30.63
SMP_9820,chr6,191012329,A,C,TP53,51.56
SMP_4041,chr3,62782698,T,G,MTHFR,98.07
SMP_8921,chr19,88800145,T,C,BRCA2,64.07
SMP_8626,chr9,41744932,A,T,TP53,64.23
SMP_6814,chr21,99821634,T,A,VEGFA,80.73
SMP_7915,chr17,130925936,T,C,BRCA2,90.91
SMP_9781,chr20,45107923,C,A,TP53,79.22
SMP_1465,chr13,100315098,C,T,MTHFR,72.12
SMP_1096,chr15,89294586,A,G,BRCA1,27.77
SMP_6028,chr5,131856145,A,T,BRCA2,28.2
SMP_6556,chr9,215259697,G,A,APOE,27.06
SMP_8450,chr13,20739004,A,G,TP53,99.33
SMP_2013,chr8,144484363,G,T,VEGFA,40.66
SMP_7391,chr22,120399271,A,C,EGFR,53.42
SMP_3327,chrX,509853,C,A,TP53,57.4
SMP_4045,chr4,175598442,A,T,MYC,83.62
SMP_4320,chr5,242411241,C,A,TP53,49.62
SMP_7322,chr12,161417540,C,G,BRCA1,86.85
SMP_4802,chr19,228304022,C,T,MTHFR,83.37
SMP_8973,chr17,206244234,T,A,BRCA2,64.9
SMP_1796,chr15,209842933,G,A,TNF,99.88
SMP_7914,chr10,156718213,C,G,VEGFA,40.08
SMP_7681,chrX,153922256,T,C,TP53,96.56
SMP_8663,chr6,119436412,G,C,MTHFR,94.12
SMP_7539,chr9,89020867,C,G,MYC,97.84
SMP_5551,chr13,46730535,A,G,MTHFR,93.53
SMP_1919,chr20,238162680,C,T,MTHFR,91.99
SMP_4870,chr14,174017770,T,C,BRCA2,31.16
SMP_9584,chr20,124598335,T,C,BRCA2,62.86
SMP_2706,chrY,32465124,C,A,MTHFR,61.49
SMP_4267,chr3,182945332,G,A,MTHFR,37.9
SMP_4300,chr21,181909837,T,A,APOE,20.64
SMP_7112,chr9,226917346,A,C,IL6,89.98
SMP_3055,chr14,157511948,G,C,EGFR,48.46
SMP_8032,chr17,71955551,G,A,BRCA1,35.59
SMP_9233,chr13,120460408,A,C,BRCA1,51.92
SMP_8612,chr20,91209478,C,A,EGFR,31.56
SMP_9563,chr16,225600029,G,A,BRCA2,26.43
SMP_1017,chr1,45975298,A,C,TNF,30.89
SMP_3214,chr19,172227831,T,C,APOE,21.23
SMP_8747,chr20,246976435,T,G,IL6,79.03
SMP_8597,chr10,136298285,G,C,TP53,79.6
SMP_5514,chr2,217279859,G,C,IL6,50.14
SMP_1577,chr7,128052912,A,G,VEGFA,92.17
SMP_6156,chr4,15825517,G,T,MYC,93.6
SMP_5106,chr22,132735193,A,G,TNF,56.37
SMP_1283,chr2,196862902,T,G,IL6,56.48
SMP_2669,chr17,123724049,G,C,VEGFA,57.83
SMP_8369,chr18,203568114,A,T,TNF,66.36
SMP_9186,chr2,160021917,G,A,IL6,20.95
SMP_7982,chr16,14065284,A,G,VEGFA,68.17
SMP_8168,chr14,147695927,A,C,TP53,71.09
SMP_8922,chr17,246904597,A,G,APOE,38.09
SMP_2033,chr9,96745850,A,T,VEGFA,83.39
SMP_1472,chr16,101479620,T,A,VEGFA,77.19
SMP_3017,chr1,210891233,C,T,IL6,90.86
SMP_8614,chr2,145861188,G,A,MTHFR,83.97
SMP_2057,chr2,118743890,G,A,IL6,47.08
SMP_6832,chr9,35068193,G,T,BRCA1,30.3
SMP_7556,chr15,83835725,G,A,APOE,41.43
SMP_7004,chr10,9256156,C,G,TP53,95.45
SMP_8578,chr1,35877748,T,A,BRCA2,27.26
SMP_9742,chr18,109903243,A,C,TP53,82.68
SMP_3290,chrX,103797199,A,C,VEGFA,24.24
SMP_5235,chr17,32879304,G,C,MTHFR,96.63
SMP_9900,chr18,204984950,A,G,VEGFA,21.38
SMP_6591,chr9,237802486,C,T,BRCA2,45.86
SMP_4181,chr5,38494291,T,A,TP53,78.77
SMP_1598,chrY,93598476,A,T,BRCA2,34.83
SMP_8332,chr14,239472395,C,G,TNF,94.29
SMP_9794,chr22,75849568,T,C,EGFR,59.33
SMP_9671,chr19,359840,T,A,MYC,74.88
SMP_4661,chr20,202401419,T,C,BRCA1,31.04
SMP_6293,chr2,174223011,G,C,MTHFR,39.6
SMP_5709,chr1,122327509,A,G,BRCA1,27.14
SMP_8704,chrY,69159428,C,T,TNF,20.98
SMP_1504,chr12,81697712,A,T,IL6,52.96
SMP_2416,chr11,118594290,A,C,BRCA1,81.47
SMP_9742,chr7,172327756,G,A,EGFR,20.02
SMP_3623,chr11,184070497,G,T,IL6,57.17
SMP_7222,chr3,144852625,T,A,IL6,38.91
SMP_6832,chr2,105255713,T,A,BRCA1,55.73
SMP_7751,chr9,235140548,G,T,BRCA1,86.7
SMP_6325,chr19,157871790,T,A,TP53,21.37
SMP_6519,chr4,178361812,G,C,TNF,27.27
SMP_8123,chr1,24981908,G,C,MYC,68.84
SMP_4580,chr1,198187912,A,G,BRCA1,40.89
SMP_5931,chr17,25455193,T,C,MYC,24.34
SMP_2289,chr2,134722581,G,T,EGFR,29.33
SMP_8064,chr19,104814542,T,C,BRCA2,55.54
SMP_6819,chr2,109926284,C,G,IL6,60.78
SMP_6758,chr17,40486929,C,T,MTHFR,63.54
SMP_6452,chr2,70202503,A,C,IL6,79.81
SMP_9256,chr5,69814940,T,C,MTHFR,51.22
SMP_8912,chr21,179442544,G,T,APOE,24.71
SMP_6283,chr21,22212537,G,T,APOE,29.84
SMP_6836,chr20,60348437,T,C,IL6,49.66
SMP_3624,chr10,37432448,A,G,VEGFA,80.66
SMP_9941,chr18,226205648,G,T,IL6,76.6
SMP_5304,chr5,73890128,G,T,TP53,24.08
SMP_2177,chr7,205448095,T,G,TNF,21.39
SMP_2709,chr20,81765313,C,G,BRCA2,42.22
SMP_9364,chr2,130641238,G,C,APOE,59.68
SMP_4415,chr11,146313035,T,C,MTHFR,25.34
SMP_1902,chr2,128794730,A,G,APOE,86.91
SMP_9192,chr22,377715,C,T,BRCA2,72.59
SMP_6724,chr12,191462627,C,T,VEGFA,42.07
SMP_7613,chr8,190915394,C,T,VEGFA,98.22
SMP_9839,chr3,238903879,A,G,IL6,57.84
SMP_8736,chr7,112601320,A,C,TP53,96.46
SMP_6082,chr2,224340227,T,G,EGFR,98.45
SMP_7023,chr12,161016894,A,G,APOE,73.45
SMP_4952,chr14,3969402,G,A,TNF,98.43
SMP_7719,chr21,80415948,G,A,BRCA1,60.91
SMP_5970,chr14,10739454,C,G,EGFR,58.64
SMP_3775,chr16,90913320,G,A,MTHFR,38.42
SMP_5805,chr12,157342175,T,C,TNF,96.72
SMP_4828,chr20,42174075,G,A,APOE,86.18
SMP_9930,chr18,130617357,G,C,MTHFR,95.19
SMP_3257,chr2,238047245,T,A,TP53,97.68
SMP_8425,chr15,181093245,C,T,IL6,77.96
SMP_3761,chr11,34673302,A,C,VEGFA,99.73
SMP_8533,chr5,194235163,T,G,MYC,57.44
SMP_4056,chr18,96943332,T,C,APOE,48.69
SMP_3917,chr3,111300447,T,A,TNF,20.72
SMP_5810,chr6,34992993,T,A,TNF,32.19
SMP_6406,chr6,190535204,T,G,APOE,80.66
SMP_5118,chr20,20972384,C,G,BRCA2,23.06
SMP_4307,chr9,131769777,G,C,BRCA1,77.39
SMP_5519,chr10,2006622,G,A,BRCA1,60.83
SMP_8395,chr13,51958647,G,A,BRCA1,74.53
SMP_4978,chr18,228110930,T,G,APOE,45.7
SMP_5215,chr15,47801218,T,A,MYC,75.64
SMP_9904,chr9,110127107,C,G,BRCA1,93.85
SMP_3263,chr17,214659824,C,A,IL6,70.78
SMP_3501,chr11,249215574,G,A,EGFR,45.66
SMP_6393,chr13,142054981,T,A,EGFR,76.58
SMP_7356,chr22,106968249,A,T,BRCA2,69.14
SMP_9197,chr13,212203990,T,C,MTHFR,23.41
SMP_7587,chr6,69803469,T,A,BRCA1,20.81
SMP_3166,chr21,83186314,G,T,TNF,24.59
SMP_9052,chr20,183947173,A,C,TP53,53.7
SMP_8420,chr6,184011750,A,G,MYC,57.52
SMP_1852,chr11,219100015,A,G,APOE,96.83
SMP_9320,chr7,178168527,A,T,APOE,64.74
SMP_2643,chr3,160439499,T,A,MTHFR,31.37
SMP_2667,chr20,22291205,C,T,MTHFR,93.53
SMP_9641,chr14,178667594,C,G,APOE,39.33
SMP_6473,chrX,212435180,A,C,VEGFA,52.2
SMP_2855,chr22,72423242,C,T,BRCA1,99.45
SMP_6649,chr19,249730258,G,C,TP53,57.25
SMP_3315,chr3,91809190,T,G,MTHFR,56.1
SMP_5614,chr9,62891113,C,A,IL6,28.18
SMP_7962,chr16,208191031,C,T,MTHFR,83.76
SMP_4851,chr20,248378405,A,C,BRCA1,33.51
SMP_4712,chr15,68131694,C,A,IL6,90.52
SMP_1237,chr16,177866027,A,G,BRCA2,28.2
SMP_8019,chr21,106129277,C,T,APOE,45.48
SMP_5326,chr10,2346914,T,C,IL6,87.49
SMP_4248,chr3,18400598,C,G,EGFR,43.33
SMP_8086,chr12,172266552,T,A,MYC,56.57
SMP_4179,chr16,106775148,G,A,VEGFA,36.9
SMP_1904,chr16,130937811,G,A,TP53,40.59
SMP_4308,chr7,226171934,T,G,MYC,68.18
SMP_1993,chr11,132675871,G,C,APOE,60.83
SMP_7529,chr5,68628472,A,C,BRCA1,31.31
SMP_3894,chr10,41198090,G,T,TP53,32.94
SMP_5185,chr19,225546200,A,T,EGFR,24.95
SMP_5281,chr21,102889518,C,A,EGFR,70.28
SMP_1018,chr7,157195409,A,C,APOE,60.51
SMP_2382,chr3,77584150,T,G,BRCA2,81.2
SMP_2656,chr14,15697592,C,G,TP53,20.92
SMP_3015,chr6,181034611,C,A,TP53,66.21
SMP_1584,chr18,16162030,A,G,MTHFR,56.82
SMP_9497,chr9,86214033,A,T,IL6,75.85
SMP_8285,chr12,131796925,G,C,MTHFR,94.39
SMP_6321,chr15,760770,G,T,APOE,83.52
SMP_6158,chr4,187071979,G,A,BRCA2,28.62
SMP_5980,chr21,89447468,T,A,BRCA1,66.33
SMP_4492,chr5,80031445,G,C,BRCA2,94.9
SMP_3763,chr12,151060427,G,T,TNF,28.75
SMP_2522,chr5,9322192,C,A,BRCA2,35.48
SMP_9965,chr12,61679296,G,C,APOE,54.25
SMP_2007,chr1,185213038,G,T,MYC,81.18
SMP_3809,chr20,109387445,T,G,BRCA1,44.03
SMP_5225,chr12,23223092,G,A,IL6,40.13
SMP_3317,chr2,94581133,G,A,MYC,57.86
SMP_2653,chr8,224546856,T,A,MTHFR,45.2
SMP_9527,chr8,181765451,A,T,MTHFR,78.74
SMP_5464,chr10,92843546,A,T,TP53,95.14
SMP_3087,chrX,223184126,A,T,MTHFR,35.32
SMP_3093,chr17,176360448,G,T,EGFR,91.89
SMP_5214,chr9,27964787,T,A,BRCA2,26.47
SMP_1589,chr9,61552616,C,A,TP53,91.94
SMP_3497,chr12,67946616,C,T,TP53,25.02
SMP_2832,chr2,243297504,A,C,TP53,44.26
SMP_4574,chr7,64324484,C,A,TNF,91.6
SMP_5218,chr3,160043026,T,A,IL6,35.52
SMP_5814,chr16,226879664,C,G,APOE,21.02
SMP_8921,chr13,247749441,A,G,VEGFA,50.68
SMP_3161,chr6,66869504,C,A,BRCA1,76.28
SMP_7242,chr6,241750457,A,C,MTHFR,47.55
SMP_1607,chr14,11489025,G,T,IL6,96.82
SMP_7432,chr14,87170461,T,A,IL6,53.1
SMP_6635,chr17,13569787,A,G,VEGFA,79.92
SMP_8950,chr2,62998120,C,T,TNF,46.86
SMP_7021,chr3,150878169,A,T,BRCA2,56.64
SMP_1443,chr22,1929845,C,T,APOE,20.6
SMP_9432,chr8,169529100,A,G,TP53,69.27
SMP_7149,chr13,23664388,C,G,EGFR,33.4
SMP_1924,chr11,150016562,G,C,BRCA1,23.96
SMP_9476,chr16,112721812,G,A,BRCA1,27.37
SMP_2407,chr22,76499793,A,C,APOE,66.43
SMP_6941,chr17,138833310,A,G,APOE,56.08
SMP_7733,chr1,74716540,A,G,TP53,64.48
SMP_8113,chr9,188098778,C,T,EGFR,43.49
SMP_4248,chr9,228331300,T,C,TP53,89.7
SMP_6164,chr2,30150554,T,C,EGFR,22.33
SMP_2880,chr21,57785610,G,A,APOE,63.85
SMP_7417,chr13,159388255,A,T,IL6,50.16
SMP_2938,chr16,211004716,A,T,VEGFA,82.78
SMP_8355,chr11,24658120,C,A,MYC,29.39
SMP_5907,chr17,70577640,T,A,TP53,60.13
SMP_1922,chr14,204462789,G,A,BRCA2,37.66
SMP_4428,chr4,3988178,C,A,APOE,30.5
SMP_2183,chr13,102716904,A,T,EGFR,52.11
SMP_9287,chr16,160849603,G,T,TP53,90.07
SMP_9970,chr4,222361118,A,T,VEGFA,98.74
SMP_9018,chr7,56075389,A,C,TNF,20.13
SMP_4868,chr14,40673834,T,G,EGFR,99.01
SMP_8929,chr18,216920686,G,C,MTHFR,41.53
SMP_6972,chr19,247015557,C,A,MTHFR,68.37
SMP_8161,chr21,152315842,G,A,MTHFR,33.31
SMP_6343,chr16,123549849,G,C,IL6,67.76
SMP_1174,chr20,119493837,C,G,MTHFR,61.34
SMP_1073,chr5,191313088,A,C,BRCA2,86.48
SMP_4732,chr20,26546810,C,T,TNF,44.75
SMP_3656,chrX,34977054,G,C,MYC,27.56
SMP_5903,chr8,72484738,T,G,MYC,84.09
SMP_7088,chr15,110005874,A,T,TNF,30.35
SMP_8520,chr21,232043587,G,A,BRCA2,68.9
SMP_8925,chr22,199041017,T,C,BRCA2,20.72
SMP_2902,chr13,11999767,A,C,IL6,61.97
SMP_5767,chr2,246225582,T,G,EGFR,20.82
SMP_1274,chr8,128170010,T,C,MTHFR,55.07
SMP_5323,chr1,121202986,C,T,TP53,76.2
SMP_4704,chr12,172531257,A,C,BRCA2,58.37
SMP_9424,chr4,78377720,C,G,APOE,26.9
SMP_3920,chr4,188040583,G,A,MYC,83.11
SMP_9675,chr6,73615546,T,A,VEGFA,82.55
SMP_1338,chr4,159440135,G,A,APOE,20.79
SMP_6867,chr9,38625895,T,A,VEGFA,66.86
SMP_4588,chr11,14849089,C,T,BRCA1,47.7
SMP_9964,chr1,209500522,G,A,APOE,66.98
SMP_1479,chr20,207410943,T,C,BRCA2,44.69
SMP_6445,chr10,157667324,A,C,EGFR,58.48
SMP_6056,chrY,215480064,A,G,TNF,60.76
SMP_6559,chr6,47743499,G,T,VEGFA,35.86
SMP_5014,chr9,38635730,C,T,TNF,69.4
SMP_9673,chrX,49497857,A,C,VEGFA,63.2
SMP_2417,chr17,96915084,C,A,BRCA2,28.08
SMP_7651,chr9,82551271,G,C,TNF,89.84
SMP_1166,chr12,112075604,T,G,BRCA1,28.91
SMP_7975,chr21,1428377,G,A,VEGFA,71.11
SMP_8360,chr12,128141651,C,A,APOE,42.34
SMP_1346,chr20,57233590,G,C,BRCA1,92.26
SMP_2180,chr5,141524090,T,G,TP53,67.9
SMP_3293,chr22,169068129,T,G,BRCA1,68.11
SMP_5191,chr16,140098781,C,T,MTHFR,66.51
SMP_9738,chr2,111637660,A,G,VEGFA,87.64
SMP_1358,chr19,150541143,G,A,IL6,85.24
SMP_8077,chr1,192819761,T,A,BRCA2,92.31
SMP_6557,chr20,107083120,G,C,MYC,72.72
SMP_1154,chr3,187752238,T,C,EGFR,86.57
SMP_8592,chr14,191360984,G,C,BRCA1,71.53
SMP_9452,chr1,158438518,A,T,BRCA2,26.04
SMP_3330,chr22,56799159,G,A,VEGFA,85.8
SMP_4111,chr6,179059826,G,T,BRCA1,67.86
SMP_2830,chr9,209918694,C,T,TP53,40.55
SMP_5147,chr6,53439822,T,A,TNF,78.42
SMP_3537,chr21,180580913,T,C,BRCA1,84.52
SMP_4294,chr11,183955687,G,T,TP53,84.43
SMP_3678,chr17,24160432,C,G,APOE,22.55
SMP_7864,chr2,102096267,G,C,TP53,28.83
SMP_9113,chrX,100072085,A,G,VEGFA,75.84
SMP_8115,chr22,227334600,A,T,TNF,30.42
SMP_6926,chr22,241270948,A,C,IL6,34.32
SMP_4798,chr3,158482790,C,T,TNF,93.52
SMP_8424,chr17,247480095,C,T,TNF,83.63
SMP_6007,chr17,235169623,G,T,TNF,49.3
SMP_6441,chr7,182361023,G,T,BRCA2,75.91
SMP_2589,chr3,127665941,T,A,IL6,44.0
SMP_4358,chr7,150836947,C,T,TP53,51.35
SMP_7563,chr14,134119558,G,C,VEGFA,74.48
SMP_9785,chr17,12656665,A,C,VEGFA,88.25
SMP_5386,chr15,68655588,A,T,TP53,62.24
SMP_5994,chrY,243028321,C,T,TNF,39.51
SMP_6104,chr8,248357359,C,A,BRCA1,98.63
SMP_4009,chr14,170867095,G,T,MYC,30.87
SMP_8969,chr4,133729272,C,G,IL6,42.19
SMP_8305,chr18,77309067,A,G,APOE,21.98
SMP_5903,chr9,118998608,G,T,TP53,47.25
SMP_7773,chr7,217996945,G,C,MTHFR,53.11
SMP_3346,chr19,75770274,A,T,EGFR,24.67
SMP_8562,chr20,24365378,G,A,TP53,29.59
SMP_1089,chr13,234504279,T,G,MTHFR,80.91
SMP_7823,chr21,242829884,A,G,TP53,86.28
SMP_1526,chr18,203045682,C,G,BRCA1,20.32
SMP_4808,chr17,118224642,G,T,MTHFR,49.38
SMP_5214,chr8,79924682,A,T,BRCA2,21.79
SMP_6311,chr15,173430198,C,T,BRCA1,87.49
SMP_9954,chr7,161533662,C,T,APOE,59.38
SMP_9775,chr3,230924442,A,T,EGFR,44.8
SMP_7680,chr19,99964991,G,C,MYC,30.66
SMP_3662,chr16,203076206,T,C,APOE,49.76
SMP_1628,chr2,214682450,C,G,VEGFA,38.03
SMP_7659,chr14,219254533,A,G,BRCA1,63.62
SMP_4764,chr3,223135255,C,T,IL6,39.88
SMP_5976,chr19,153386005,T,C,TNF,83.72
SMP_8720,chr1,193640878,T,G,BRCA1,20.63
SMP_2539,chr11,47877648,G,T,VEGFA,94.37
SMP_7643,chr2,157436676,C,T,APOE,96.23
SMP_3000,chr15,108678344,G,C,MYC,64.24
SMP_7732,chr12,208832235,C,T,EGFR,88.6
SMP_7738,chr21,184919497,A,T,BRCA2,73.18
SMP_7261,chr1,93600008,G,T,BRCA2,78.8
SMP_7674,chr20,173030488,A,C,BRCA1,64.62
SMP_2046,chr16,79666149,C,G,TNF,39.45
SMP_7083,chr13,217496897,C,A,MTHFR,95.78
SMP_2441,chr19,226293466,C,G,MTHFR,62.69
SMP_7986,chr10,121989678,G,A,TP53,68.29
SMP_5931,chr8,83217674,C,A,VEGFA,37.42
SMP_8778,chr17,184509811,C,T,VEGFA,21.27
SMP_1836,chr7,92994802,C,G,VEGFA,22.31
SMP_4341,chr22,141661472,A,C,EGFR,61.82
SMP_8515,chr15,87446166,C,G,MYC,42.38
SMP_9147,chr12,232953641,T,A,APOE,32.72
SMP_9800,chr14,182742371,A,T,TNF,26.82
SMP_3670,chr3,11205020,G,T,BRCA2,54.87
SMP_6993,chr15,151765517,A,T,APOE,64.73
SMP_3659,chr3,219386477,A,T,BRCA1,22.4
SMP_3697,chr2,2974843,C,A,BRCA2,44.05
SMP_6349,chr14,173345285,A,C,MTHFR,92.65
SMP_8996,chr19,239098773,T,A,BRCA2,88.28
SMP_2346,chr17,181506863,C,T,EGFR,49.29
SMP_2133,chr18,30378218,A,C,MTHFR,36.23
SMP_4158,chr18,141072520,C,A,BRCA1,48.29
SMP_1039,chrX,71526685,G,T,TP53,22.1
SMP_2151,chrY,57143751,C,A,VEGFA,79.27
SMP_6797,chr4,27182717,C,T,EGFR,45.41
SMP_7311,chrX,79862726,A,G,EGFR,24.09
SMP_2377,chr19,189219279,G,C,MTHFR,35.24
SMP_2449,chr9,5866023,G,C,MYC,42.78
SMP_7887,chr8,230838762,G,T,IL6,77.45
SMP_4349,chr16,192915318,G,T,EGFR,98.49
SMP_1208,chr1,144914878,G,A,VEGFA,96.24
SMP_9879,chr19,187092746,T,G,IL6,33.0
SMP_6419,chr6,86758263,G,T,VEGFA,45.06
SMP_9205,chr12,169001660,A,C,BRCA1,96.13
SMP_8678,chr17,103495386,C,A,EGFR,45.09
SMP_9294,chr7,124121604,G,C,TP53,45.89
SMP_6948,chr9,143519567,T,C,IL6,41.22
SMP_9495,chr9,49613931,G,C,APOE,68.01
SMP_9105,chr21,60978369,A,T,MTHFR,43.77
SMP_7130,chrX,153594413,A,C,TNF,80.63
SMP_6578,chr17,35513855,G,C,EGFR,23.75
SMP_1821,chr20,115578236,T,A,VEGFA,81.22
SMP_5598,chr18,182958607,C,A,BRCA1,20.51
SMP_9502,chr6,232240219,C,A,MYC,93.41
SMP_9196,chr10,191886766,C,T,TP53,46.04
SMP_3918,chr10,199845522,C,T,APOE,89.77
SMP_5347,chr8,225422121,G,T,TP53,56.48
SMP_5820,chr22,14462401,A,T,EGFR,39.26
SMP_6655,chr6,72788507,A,C,BRCA1,32.46
SMP_7432,chr7,235146294,C,G,TNF,73.95
SMP_5479,chr18,54456681,T,C,MTHFR,87.1
SMP_6182,chr10,115946515,T,G,BRCA1,66.86
SMP_9570,chr17,152256892,A,G,BRCA1,28.66
SMP_2214,chr3,52527579,A,T,BRCA1,20.31
SMP_8902,chr14,133919832,C,T,APOE,37.33
SMP_8334,chr19,178611083,G,A,BRCA2,50.21
SMP_7811,chr21,123768154,G,A,EGFR,28.95
SMP_1089,chr5,141714750,A,G,MTHFR,28.83
SMP_2652,chr18,198744019,G,C,BRCA2,31.29
SMP_5937,chr12,32749729,G,C,TNF,37.41
SMP_7177,chr20,85525272,G,C,BRCA2,35.01
SMP_3432,chr6,36466270,A,T,TP53,61.94
SMP_2923,chr2,128368316,G,A,BRCA1,66.49
SMP_4995,chr8,121345484,A,C,TNF,96.14
SMP_5299,chr5,108953042,C,A,APOE,79.52
SMP_1423,chr6,211018981,T,C,MTHFR,34.0
SMP_6468,chrY,134614992,C,T,TP53,61.01
SMP_7817,chr2,138808965,G,T,BRCA1,31.93
SMP_8987,chr16,68008403,G,C,BRCA1,82.52
SMP_5658,chr10,106746552,A,C,BRCA1,45.93
SMP_1263,chr21,48350940,A,G,MTHFR,68.87
SMP_9740,chr7,50710769,A,T,BRCA2,69.68
SMP_9691,chr3,163481235,G,A,IL6,71.49
SMP_2566,chr17,149732485,G,A,MTHFR,84.31
SMP_2246,chr17,181029636,C,G,TNF,80.27
SMP_8535,chr4,18959626,T,A,EGFR,93.85
SMP_3009,chr8,216067626,C,A,IL6,85.25
SMP_2066,chr10,148967804,G,C,EGFR,90.47
SMP_8104,chr20,154589937,T,G,VEGFA,25.61
SMP_2620,chr19,141183086,A,C,BRCA2,27.93
SMP_3381,chr20,242522375,T,G,BRCA1,98.83
SMP_8666,chr5,88014268,A,C,BRCA2,20.75
SMP_9462,chr18,50965153,T,A,BRCA1,46.05
SMP_5507,chr19,86438313,C,T,VEGFA,35.66
SMP_3904,chr4,80354092,G,A,MTHFR,34.81
SMP_8003,chr5,78370475,G,T,BRCA1,47.34
SMP_8126,chr11,246300756,T,G,MTHFR,27.45
SMP_8760,chr10,14577999,C,T,APOE,85.66
SMP_2565,chr13,139346259,C,T,APOE,39.52
SMP_7808,chr13,219612980,T,C,TP53,33.1
SMP_6574,chr15,22195937,A,T,TP53,21.56
SMP_4334,chr21,164896518,T,C,BRCA1,45.97
SMP_9263,chr17,178152993,A,C,BRCA1,89.73
SMP_7275,chr3,154745821,A,C,TNF,85.26
SMP_9146,chr20,16703017,A,C,VEGFA,30.77
SMP_2845,chr19,236983560,C,G,TNF,31.63
SMP_3392,chr22,134497511,G,A,EGFR,73.93
SMP_2638,chr8,124214425,A,C,MYC,30.35
SMP_1473,chr16,134941485,C,T,TNF,92.5
SMP_7359,chr16,112933761,A,T,BRCA1,89.31
SMP_6094,chr3,236094036,G,C,IL6,42.76
SMP_6173,chr5,232561732,C,T,IL6,61.81
SMP_3780,chr18,85383234,T,C,IL6,29.07
SMP_4734,chrX,112222328,C,G,BRCA1,87.4
SMP_1452,chr20,205446755,T,G,MTHFR,28.18
SMP_9496,chr17,72298870,G,C,TNF,84.49
SMP_9861,chr12,51728196,A,T,BRCA1,83.91
SMP_6741,chr7,113989431,T,G,APOE,86.5
SMP_9793,chr21,99625615,T,C,IL6,69.91
SMP_4701,chr4,42309357,G,A,VEGFA,30.94
SMP_7329,chr22,196628562,G,C,TP53,90.5
SMP_2819,chr10,233462010,G,T,TP53,96.11
SMP_7843,chr17,70782806,C,A,MTHFR,65.22
SMP_3996,chr17,55194727,T,C,TP53,33.51
SMP_8480,chr10,108980485,A,C,MTHFR,61.26
SMP_9570,chr7,181520971,T,G,BRCA2,36.88
SMP_4255,chr15,25665682,T,A,MYC,81.57
SMP_7237,chr2,83960661,T,C,MYC,90.62
SMP_7122,chr16,20012711,C,G,VEGFA,90.63
SMP_9941,chr12,22802572,T,A,VEGFA,63.86
SMP_5995,chr17,245832797,C,G,VEGFA,64.24
SMP_7881,chr14,107621662,A,G,BRCA1,22.24
SMP_8419,chr7,169578130,G,C,MTHFR,77.47
SMP_5595,chr7,148395811,G,A,TNF,91.75
SMP_2171,chr12,243538252,A,T,MYC,79.47
SMP_1283,chr2,49527599,G,C,VEGFA,58.18
SMP_2058,chrX,176283202,T,A,MYC,81.35
SMP_2458,chr21,202680742,G,A,TNF,72.21
SMP_8486,chr17,225479415,T,G,MYC,90.84
SMP_2165,chr14,28423526,T,G,IL6,63.76
SMP_5371,chr1,232952173,C,G,EGFR,88.7
SMP_8253,chr19,79869172,A,C,MYC,36.6
SMP_7130,chrX,72115997,G,C,BRCA1,50.61
SMP_6960,chr7,167787382,T,G,EGFR,36.29
SMP_6817,chr14,89211456,C,A,MTHFR,95.4
SMP_8295,chr10,86704736,C,G,TNF,26.81
SMP_1167,chr16,233630155,T,G,BRCA1,46.63
SMP_8496,chr14,215420466,A,G,TP53,36.45
SMP_3732,chr19,157128654,C,T,BRCA2,81.61
SMP_7678,chr9,202350818,G,T,BRCA2,42.94
SMP_5178,chr15,28044178,G,C,VEGFA,86.57
SMP_6030,chr11,96404642,C,A,TP53,65.82
SMP_7622,chr9,201204149,C,G,IL6,70.74
SMP_8050,chr17,215522607,T,A,IL6,50.74
SMP_9009,chr8,186785853,C,T,VEGFA,37.26
SMP_4644,chrX,216454762,C,A,MYC,88.22
SMP_1387,chr1,16755852,T,C,IL6,57.43
SMP_3611,chr5,156081830,C,A,VEGFA,39.93
SMP_5444,chr4,137601749,C,A,BRCA1,26.34
SMP_4216,chr10,107838158,A,T,BRCA1,38.61
SMP_3770,chr15,78056575,G,T,IL6,31.51
SMP_5000,chrX,112008154,A,C,IL6,86.89
SMP_9739,chr9,119058376,A,T,APOE,56.87
SMP_1697,chr20,219188049,G,A,APOE,33.96
SMP_9998,chr7,212973666,A,T,MTHFR,81.64
SMP_1075,chr2,158469994,A,C,VEGFA,45.79
SMP_2559,chr1,38871756,A,G,APOE,49.02
SMP_1634,chr15,171831598,G,C,TP53,83.59
SMP_9165,chr3,149821332,G,T,EGFR,84.52
SMP_6597,chr2,145520977,A,G,VEGFA,90.14
SMP_6991,chr15,72906795,T,G,IL6,20.21
SMP_2669,chr18,192105667,C,G,MYC,64.48
SMP_9994,chr17,136753637,A,T,BRCA2,94.54
SMP_6526,chr22,245418248,T,A,VEGFA,42.13
SMP_8671,chr15,200691361,A,C,MYC,29.96
SMP_7094,chr6,58828259,T,G,VEGFA,52.27
SMP_4092,chr16,158506648,T,C,IL6,84.68
SMP_5527,chr11,89458116,G,C,IL6,26.29
SMP_8289,chr18,140131894,A,C,BRCA1,30.88
SMP_7226,chr2,130366398,G,A,EGFR,50.4
SMP_8031,chr14,153616735,T,A,TNF,77.03
SMP_6747,chr8,199968669,C,G,EGFR,88.32
SMP_7995,chr5,137514842,T,C,TNF,67.02
SMP_9378,chr8,153794219,A,C,MTHFR,26.8
SMP_1378,chr7,168524017,T,G,MTHFR,54.34
SMP_9584,chr5,46489172,A,C,MYC,24.86
SMP_5080,chr2,89714641,C,A,TP53,71.64
SMP_6322,chr13,208245956,G,C,IL6,55.56
SMP_3245,chr11,150692157,A,T,MYC,80.2
SMP_3576,chr7,111914464,A,G,TNF,61.33
SMP_6034,chr18,25162993,C,A,IL6,84.45
SMP_7854,chr21,61652042,G,A,APOE,30.19
SMP_5217,chr19,18835287,T,A,MYC,82.64
SMP_8810,chr8,249538557,T,C,BRCA2,49.1
SMP_2619,chr4,214797924,G,C,MTHFR,91.09
SMP_8518,chr18,47308353,A,G,TNF,35.71
SMP_1773,chr19,162217508,T,G,EGFR,62.54
SMP_3967,chr4,89802982,T,C,BRCA2,53.19
SMP_3916,chrY,2445601,C,T,TNF,58.57
SMP_3413,chr9,76870218,C,T,IL6,24.23
SMP_5504,chr11,200303603,G,C,BRCA2,23.14
SMP_7164,chr7,213012783,A,T,BRCA2,34.78
SMP_8132,chr22,8270397,A,T,VEGFA,60.76
SMP_9389,chr6,160823432,T,C,MTHFR,47.57
SMP_6082,chr21,36678019,G,C,BRCA1,53.5
SMP_5049,chr2,111182591,T,G,BRCA2,67.72
SMP_2892,chr15,162393357,G,T,EGFR,47.04
SMP_3145,chr1,243213730,G,C,BRCA1,68.99
SMP_1712,chr2,194110487,G,T,IL6,93.92
SMP_7307,chr6,36075350,G,A,BRCA2,43.55
SMP_1886,chr16,155475110,G,T,VEGFA,70.71
SMP_3420,chr15,183931150,C,A,APOE,49.24
SMP_6280,chr4,119769352,A,T,MYC,26.16
SMP_6044,chr16,163830519,A,T,MTHFR,76.65
SMP_6754,chr15,178807926,G,C,TP53,75.09
SMP_9986,chr9,108754552,T,A,BRCA1,87.77
SMP_1336,chr4,100553454,T,C,EGFR,69.26
SMP_1219,chr17,231973034,T,C,TP53,24.97
SMP_8857,chr9,161921917,A,G,EGFR,68.94
SMP_5875,chr21,135580759,A,C,BRCA1,44.79
SMP_2003,chrY,240015716,T,A,APOE,46.03
SMP_2665,chr2,100521371,A,C,VEGFA,85.14
SMP_4047,chr14,38326901,T,C,MTHFR,96.7
SMP_7243,chr14,98606184,T,G,APOE,57.26
SMP_6379,chr13,68750025,C,T,EGFR,45.97
SMP_6140,chr13,25425476,T,C,BRCA2,90.09
SMP_3932,chr21,123119156,G,T,BRCA1,42.39
SMP_5599,chr22,62018136,C,G,IL6,28.89
SMP_6299,chr8,100118887,G,T,TP53,25.2
SMP_2742,chrX,197457288,T,C,IL6,53.24
SMP_5751,chr22,17548512,A,G,VEGFA,79.23
SMP_3380,chr12,31786740,A,C,TP53,34.78
SMP_6533,chr22,219983336,A,C,APOE,72.22
SMP_1531,chr16,142213559,C,G,APOE,75.82
SMP_9382,chr18,220503576,A,G,MYC,29.7
SMP_9848,chr20,241179846,G,T,BRCA2,59.71
SMP_7265,chr19,153999292,A,C,EGFR,74.16
SMP_8637,chr6,143249741,T,C,VEGFA,39.01
SMP_8353,chr7,25641012,T,A,EGFR,90.18
SMP_3236,chr13,209009122,G,C,BRCA2,99.84
SMP_1704,chr1,166186744,A,C,TNF,90.47
SMP_8316,chr5,231115111,A,T,MTHFR,81.9
SMP_1811,chr14,101264869,T,C,APOE,93.23
SMP_8827,chr5,247802108,C,T,VEGFA,50.08
SMP_5226,chr9,106155364,G,A,MTHFR,76.15
SMP_8863,chr11,151834501,A,G,VEGFA,93.4
SMP_5703,chr13,66033196,C,A,MYC,47.33
SMP_3335,chr9,202382097,T,C,TP53,98.73
SMP_3795,chr22,209394993,G,A,TNF,58.37
SMP_4218,chr16,81084160,C,T,BRCA2,33.73
SMP_2805,chr17,241105843,G,A,MYC,78.96
SMP_9381,chr3,197996921,C,G,APOE,55.05
SMP_8526,chr2,10054322,T,G,MYC,30.65
SMP_5726,chr11,28654738,C,A,MTHFR,30.6
SMP_7138,chr8,94340452,G,A,TNF,76.48
SMP_6251,chr12,10511839,G,A,VEGFA,66.04
SMP_2602,chr16,92589663,C,G,TNF,37.58
SMP_6703,chr13,24240149,T,G,MYC,58.58
SMP_8441,chrX,106604910,G,C,MTHFR,45.86
SMP_1950,chr7,57507405,A,G,IL6,53.94
SMP_7938,chr15,177906667,A,T,IL6,75.6
SMP_7353,chr17,64092814,G,A,BRCA1,21.56
SMP_3262,chr22,86311112,G,C,IL6,24.22
SMP_7329,chr12,212568304,A,C,APOE,53.78
SMP_3481,chr19,248666096,C,G,EGFR,40.63
SMP_1221,chr16,30543324,C,T,VEGFA,64.56
SMP_8938,chr2,105392361,A,C,IL6,58.69
SMP_5741,chr19,108509033,A,T,IL6,94.36
SMP_1584,chr12,205255196,C,T,IL6,52.46
SMP_9702,chr14,171111139,C,T,MTHFR,66.81
SMP_1223,chr8,13291528,A,C,VEGFA,25.07
SMP_4029,chr21,103305281,G,A,APOE,45.07
SMP_3022,chr11,111868355,T,A,EGFR,43.87
SMP_2476,chr1,197383811,A,G,TNF,35.29
SMP_6123,chr6,67579268,T,A,VEGFA,93.95
SMP_9142,chr18,103790745,G,T,EGFR,55.8
SMP_9861,chr4,72720708,G,A,EGFR,40.31
SMP_1829,chrY,112234439,T,A,MTHFR,43.81
SMP_2458,chr16,108220493,T,C,APOE,50.27
SMP_7208,chr6,103205826,T,G,TNF,32.32
SMP_9668,chr6,88421892,G,C,APOE,53.89
SMP_5693,chrY,214614767,T,G,VEGFA,83.71
SMP_8877,chr7,3212615,T,C,BRCA2,43.63
SMP_1836,chr17,211547585,G,T,TNF,24.2
SMP_5027,chr11,38755811,G,C,TNF,92.31
SMP_1433,chr6,126676951,C,G,TP53,60.73
SMP_1202,chr3,38946717,T,G,BRCA1,95.27
SMP_1258,chr16,46459583,G,C,VEGFA,70.12
SMP_6416,chr10,198202819,A,T,EGFR,32.59
SMP_1913,chr2,19816362,G,T,APOE,66.61
SMP_8854,chr6,213094767,A,C,EGFR,84.78
SMP_6092,chr1,133367001,G,T,VEGFA,83.19
SMP_3335,chr21,54970940,C,T,BRCA2,92.14
SMP_2288,chr15,92056152,G,T,TNF,98.18
SMP_4245,chr11,167462042,A,G,VEGFA,50.83
SMP_9983,chr17,168520653,T,C,APOE,51.07
SMP_4706,chr11,1879557,A,T,BRCA2,59.34
SMP_4786,chr21,77265159,C,T,MTHFR,89.06
SMP_1855,chr18,206282490,T,G,BRCA2,57.72
SMP_7994,chr7,1052146,G,A,MTHFR,31.91
SMP_6412,chr12,5182073,T,A,APOE,74.22
SMP_8375,chr17,213875476,C,G,IL6,63.76
SMP_5635,chr13,29067187,T,A,VEGFA,51.62
SMP_3381,chr6,127780431,G,T,MYC,74.88
SMP_7888,chr2,144425209,A,C,VEGFA,90.14
SMP_6167,chr14,135212314,A,G,TNF,91.33
SMP_3585,chr8,151745700,C,G,TNF,55.85
SMP_1708,chr3,16989149,C,A,MTHFR,29.86
SMP_3385,chr14,131241420,A,T,TNF,34.16
SMP_2787,chr15,218375764,A,C,VEGFA,34.64
SMP_7515,chr11,98830332,G,T,TP53,29.53
SMP_8481,chrX,138956211,C,A,BRCA2,60.32
SMP_6283,chr8,200233572,G,C,VEGFA,89.31
SMP_5320,chr4,136485932,G,C,MYC,57.73
SMP_2748,chr7,121211290,T,C,BRCA1,37.56
SMP_2737,chr4,81186208,C,T,MYC,64.0
SMP_4414,chr13,86723584,A,T,MTHFR,94.47
SMP_4556,chr2,115070264,A,T,EGFR,40.15
SMP_4337,chr17,90836824,A,C,BRCA1,30.32
SMP_1448,chr3,100854718,T,A,APOE,68.61
SMP_6768,chr18,109552163,C,G,BRCA1,47.36
SMP_8568,chr17,47175980,G,T,IL6,97.13
SMP_1461,chr17,156827329,C,G,BRCA1,66.86
SMP_4269,chr20,68139428,A,G,EGFR,50.29
SMP_5000,chr3,6671884,C,G,APOE,49.54
SMP_9750,chr1,99176351,T,G,MTHFR,39.2
SMP_2103,chr4,11758499,G,C,MYC,24.89
SMP_8260,chr17,246141410,A,C,MTHFR,28.05
SMP_1420,chr14,17730328,A,C,VEGFA,79.88
SMP_1202,chr12,227470142,A,G,TP53,99.88
SMP_7938,chr11,137161922,A,T,TP53,51.75
SMP_2643,chrY,118478890,C,T,IL6,89.58
SMP_2486,chr6,72553299,C,A,MYC,31.33
SMP_2800,chr4,79925503,G,A,MYC,29.6
SMP_6246,chr3,133390885,G,A,TNF,56.59
SMP_6882,chr21,111285341,A,C,APOE,71.37
SMP_2785,chr21,2714863,G,T,VEGFA,90.88
SMP_1680,chr19,214255030,T,G,IL6,79.24
SMP_4261,chr13,165175160,A,T,EGFR,66.61
SMP_5112,chr11,235601248,T,C,APOE,57.51
SMP_2849,chr15,195693193,C,T,BRCA2,50.26
SMP_6047,chr17,118255854,C,G,IL6,86.39
SMP_6134,chr21,231047044,C,A,BRCA2,97.49
SMP_8969,chr4,17666159,G,A,EGFR,65.97
SMP_2429,chrY,138999858,T,C,TP53,21.23
SMP_5928,chr12,117343089,T,G,APOE,94.16
SMP_7032,chr9,109208016,T,A,TNF,47.68
SMP_3175,chr2,8337686,T,A,MYC,85.79
SMP_6451,chr14,206891090,A,C,APOE,67.1
SMP_2518,chr6,50929519,G,A,TP53,76.15
SMP_4016,chr4,7835813,A,C,TP53,20.81
SMP_9220,chr8,240877786,G,C,BRCA2,75.17
SMP_1954,chr12,162740,C,A,BRCA2,23.42
SMP_7583,chrX,174658781,G,A,MTHFR,66.45
SMP_5135,chr16,81175745,G,C,VEGFA,63.68
SMP_1348,chr10,183889050,G,C,TNF,85.06
SMP_8370,chr3,31109263,A,G,EGFR,50.69
SMP_8406,chr8,12305369,A,T,BRCA2,89.03
SMP_9721,chr13,2864767,C,T,BRCA1,32.89
SMP_4543,chr13,138634938,A,G,MTHFR,77.74
SMP_6443,chr20,121804777,C,G,BRCA2,55.0
SMP_2463,chr5,97892968,A,G,IL6,74.08
SMP_2787,chr3,191965281,T,A,IL6,72.14
SMP_6418,chr1,29382628,G,C,MTHFR,47.39
SMP_6805,chr20,59218578,G,A,MTHFR,91.58
SMP_5823,chr4,94234373,C,T,IL6,59.45
SMP_2415,chr12,23780411,C,T,APOE,89.31
SMP_1095,chr4,81374292,C,A,VEGFA,50.75
SMP_3812,chr11,67634760,A,C,TNF,35.26
SMP_1965,chr14,24437243,C,G,BRCA1,36.56
SMP_5321,chr1,175518166,G,A,MTHFR,85.13
SMP_1378,chr20,42929581,T,G,TP53,87.71
SMP_7746,chr12,212793505,T,C,EGFR,96.13
SMP_6672,chr4,18074309,C,A,APOE,88.55
SMP_2065,chr11,211243428,A,G,TNF,27.03
SMP_5674,chr20,400141,T,A,IL6,83.02
SMP_4095,chr11,207329642,T,C,IL6,35.33
SMP_4241,chr5,139232837,G,A,APOE,46.19
SMP_4581,chr22,129225229,T,G,IL6,26.61
SMP_7190,chr19,7962519,G,A,BRCA2,96.19
SMP_6866,chr18,89947203,T,C,TNF,45.76
SMP_5848,chr20,47594656,C,A,VEGFA,44.81
SMP_7718,chr13,102788467,A,T,MTHFR,88.78
SMP_4031,chr14,43388153,A,T,BRCA2,90.23
SMP_9119,chr10,139196563,T,C,VEGFA,68.47
SMP_4806,chr4,172802222,G,C,MYC,31.49
SMP_2329,chrX,201725206,G,T,TP53,27.73
SMP_4872,chr14,184802865,A,C,BRCA2,32.31
SMP_3526,chr7,190246156,C,A,EGFR,26.44
SMP_5797,chr17,30977662,G,T,TNF,23.33
SMP_1521,chr12,135047889,C,A,MYC,26.17
SMP_2710,chr20,228401780,T,A,EGFR,75.84
SMP_5036,chr15,199564802,T,A,IL6,55.11
SMP_8687,chr19,80407739,G,A,IL6,46.99
SMP_8392,chr5,35680102,A,T,MTHFR,72.74
SMP_3843,chr10,90954669,A,G,TNF,91.42
SMP_3532,chr5,227157914,C,G,TP53,42.9
SMP_1254,chr15,184461529,C,A,TP53,77.5
SMP_3613,chr9,142056967,G,A,MTHFR,91.23
SMP_8300,chr7,32355220,A,G,TP53,50.9
SMP_2775,chr1,243682567,C,G,EGFR,41.72
SMP_7498,chr5,165053783,A,G,BRCA1,92.02
SMP_5733,chr19,155381047,A,T,EGFR,94.6
SMP_5429,chr18,70291172,T,A,BRCA2,76.35
SMP_9040,chr7,195305408,A,G,MYC,72.52
SMP_2043,chr17,114097308,G,C,MTHFR,84.44
SMP_2517,chr18,101707453,G,T,BRCA1,80.16
SMP_5309,chr22,73021119,T,C,BRCA2,83.13
SMP_5433,chr7,133270696,G,C,IL6,63.48
SMP_4020,chr17,48207253,C,A,EGFR,32.67
SMP_2713,chr19,213025301,C,T,MYC,50.93
SMP_8374,chr9,46768331,C,T,EGFR,55.74
SMP_7690,chr17,175412751,A,C,MTHFR,71.96
SMP_7394,chr6,72990885,T,A,VEGFA,35.69
SMP_2717,chr17,43306658,A,G,VEGFA,43.88
SMP_7270,chr9,188722597,T,A,BRCA1,43.43
SMP_6383,chr13,236858601,C,T,MYC,78.33
SMP_6740,chr11,191501373,T,A,BRCA2,23.48
SMP_4337,chr17,139981173,C,G,MTHFR,55.33
SMP_5718,chr2,178593765,C,T,VEGFA,30.68
SMP_5103,chr9,243545136,A,T,EGFR,72.44
SMP_3099,chr4,8480749,A,C,APOE,88.4
SMP_6639,chr17,218368751,A,G,EGFR,53.22
SMP_8993,chr4,235931097,A,C,MYC,37.82
SMP_3289,chr10,16641299,G,C,MTHFR,42.57
SMP_3267,chr20,126964593,G,C,MYC,49.63
SMP_5000,chr20,175586765,A,G,EGFR,29.22
SMP_7886,chr2,60168854,C,G,TP53,71.79
SMP_1526,chr7,167685073,C,G,EGFR,38.45
SMP_3262,chr8,49691810,T,G,EGFR,46.89
SMP_4691,chr11,227934704,G,C,IL6,50.61
SMP_7618,chr1,92332605,G,A,BRCA1,48.08
SMP_2820,chr5,176430208,T,A,APOE,67.25
SMP_1490,chr19,70397515,C,A,MTHFR,37.03
SMP_8913,chr22,175398979,G,T,TP53,43.78
SMP_3460,chr2,175191982,G,A,VEGFA,91.67
SMP_2251,chr22,245516573,G,A,TNF,93.52
SMP_7652,chr17,129365756,C,T,MYC,51.26
SMP_3213,chr10,156786868,G,A,BRCA1,60.67
SMP_8625,chr1,86169192,A,C,MTHFR,40.97
SMP_2469,chr4,84292501,C,T,MYC,51.48
SMP_2270,chr13,35438373,C,G,MTHFR,96.42
SMP_7755,chr9,4296408,C,T,BRCA1,49.2
SMP_5505,chr16,42119527,T,G,MYC,73.07
SMP_8789,chr8,111652410,A,C,MYC,48.96
SMP_8584,chr2,170043790,A,T,MTHFR,37.36
SMP_7628,chr1,229069165,G,C,TP53,91.6
SMP_3719,chr17,222884071,C,A,MTHFR,23.08
SMP_1315,chr17,245719146,T,A,APOE,44.21
SMP_5294,chr3,230968205,A,C,EGFR,53.08
SMP_4828,chr8,182009042,T,A,MTHFR,78.23
SMP_2295,chr18,131856757,C,A,MYC,64.21
SMP_9495,chr20,138952189,G,C,EGFR,67.74
SMP_7434,chr16,218140687,T,C,TP53,69.43
SMP_5947,chr4,178461925,C,G,MYC,76.96
SMP_1810,chr12,45047497,G,T,APOE,26.07
SMP_2863,chr14,60108510,A,T,MTHFR,45.19
SMP_5401,chr16,210364147,C,A,MTHFR,50.41
SMP_7401,chr10,90323897,T,C,MYC,57.22
SMP_4226,chr6,69892459,A,C,MTHFR,48.73
SMP_3909,chr13,211636735,T,G,EGFR,30.18
SMP_6611,chr4,222087357,T,C,IL6,38.25
SMP_7484,chr19,173593500,A,C,TNF,73.69
SMP_2132,chr2,142036301,T,G,APOE,57.0
SMP_6704,chr7,136280213,C,G,MYC,31.78
SMP_9521,chr16,95982035,A,T,MTHFR,47.86
SMP_7883,chr5,135160723,T,G,TP53,91.08
SMP_1538,chr5,42791077,G,C,BRCA1,25.39
SMP_5577,chr19,212399593,T,A,EGFR,93.83
SMP_9419,chr15,238554258,T,A,TNF,97.81
SMP_4447,chr22,87727318,G,T,BRCA1,81.19
SMP_2213,chr7,135852877,T,C,BRCA1,45.81
SMP_7677,chrX,92153811,A,C,EGFR,87.11
SMP_6297,chr14,140572813,C,T,TNF,34.05
SMP_3355,chr3,73398850,T,C,VEGFA,85.37
SMP_2313,chr5,32478150,G,A,EGFR,32.25
SMP_8006,chrX,148794285,C,T,VEGFA,23.04
SMP_2150,chr7,173791634,C,G,IL6,24.68
SMP_1589,chr3,153840849,G,T,MTHFR,49.63
SMP_4504,chr1,170276932,T,A,IL6,52.75
SMP_6339,chr14,89122507,C,T,APOE,53.14
SMP_8982,chr4,144673634,T,G,MTHFR,60.29
SMP_5671,chr6,135155164,T,C,IL6,90.25
SMP_6965,chr14,101265687,G,T,TP53,70.78
SMP_1738,chrX,45050844,T,G,IL6,77.63
SMP_5179,chr12,200252769,A,C,MTHFR,92.71
SMP_6742,chr16,200454959,C,A,MYC,93.92
SMP_7925,chr13,10774996,A,G,APOE,73.66
SMP_3810,chr20,206312017,A,G,TNF,78.33
SMP_5670,chr6,171319460,A,T,BRCA2,56.8
SMP_8212,chr2,119449599,C,A,VEGFA,29.04
SMP_1822,chr21,191289878,T,G,EGFR,94.57
SMP_3846,chr13,142328552,A,C,MYC,64.48
SMP_2654,chr17,123946165,T,G,MTHFR,20.71
SMP_1109,chr22,221361274,C,G,TP53,45.65
SMP_5164,chr6,95281178,A,G,BRCA2,66.74
SMP_5145,chr10,118217204,A,G,TP53,93.72
SMP_1822,chr11,49443923,A,C,TNF,55.62
SMP_9883,chr8,227991713,C,G,TP53,64.86
SMP_5955,chr2,135270930,C,A,APOE,29.74
SMP_1848,chr7,31252669,A,G,EGFR,64.52
SMP_5480,chr16,130069907,C,T,MYC,64.77
SMP_8588,chr13,69210656,G,C,APOE,43.41
SMP_5315,chr16,105276443,A,T,VEGFA,87.36
SMP_5175,chr7,19025083,A,G,EGFR,60.35
SMP_7582,chr6,13315028,A,T,MYC,84.92
SMP_4944,chr19,38771003,G,A,BRCA1,86.55
SMP_8461,chr15,228238931,G,A,EGFR,58.35
SMP_4156,chr7,207259454,T,G,MYC,64.09
SMP_4506,chr10,177425442,G,T,TNF,71.66
SMP_1977,chr8,37224275,A,G,EGFR,95.68
SMP_2166,chr4,162329650,C,T,MTHFR,86.46
SMP_5199,chr2,236733490,A,G,IL6,77.25
SMP_1761,chr4,150306672,C,A,IL6,64.33
SMP_7796,chr11,105193837,A,G,MTHFR,25.41
SMP_8414,chr13,84587396,A,G,IL6,61.18
SMP_6861,chrY,224815062,A,C,VEGFA,85.81
SMP_3529,chr12,24006509,G,T,BRCA2,24.71
SMP_8921,chr1,243932814,C,T,BRCA2,99.84
SMP_3792,chr8,188462841,C,T,MTHFR,47.75
SMP_1451,chr4,238819541,G,C,TP53,73.23
SMP_4679,chr13,168371247,T,A,VEGFA,30.49
SMP_4359,chr17,109288704,T,C,TNF,22.35
SMP_5394,chrX,162868709,A,T,IL6,56.78
SMP_7458,chr11,231394051,T,C,APOE,72.06
SMP_7406,chr22,246351504,G,C,TP53,52.96
SMP_6164,chr4,185632600,C,G,APOE,35.0
SMP_3822,chr16,192949875,A,C,APOE,51.34
SMP_9098,chr21,124792919,A,G,EGFR,27.68
SMP_1750,chr14,40847222,A,G,VEGFA,52.96
SMP_4629,chr10,135613682,C,A,IL6,69.94
SMP_4830,chr1,246983317,T,C,TNF,23.08
SMP_2972,chr2,9999492,C,T,MYC,79.28
SMP_1581,chr5,217014802,C,T,TP53,35.47
SMP_8314,chr11,2598192,T,G,MTHFR,38.04
SMP_8240,chr16,142825953,T,A,VEGFA,74.91
SMP_2463,chr3,30145849,C,T,TP53,99.16
SMP_9436,chr2,94340756,C,G,TP53,74.5
SMP_2817,chr21,159207234,C,T,IL6,97.83
SMP_5688,chr3,90427711,T,A,MYC,91.32
SMP_1139,chr14,243614143,T,C,TP53,82.59
SMP_6696,chr19,16744268,C,T,IL6,45.51
SMP_1524,chr22,159694770,T,G,BRCA2,54.41
SMP_7605,chr13,105783518,T,C,TNF,20.45
SMP_1207,chr19,169618807,C,A,IL6,57.39
SMP_5198,chrY,221885809,G,A,TNF,46.91
SMP_4728,chrY,134307001,A,G,VEGFA,54.01
SMP_5511,chr16,53740950,C,G,EGFR,75.21
SMP_3632,chr15,240972281,C,G,TP53,44.49
SMP_4796,chr7,70421816,A,C,BRCA2,33.57
SMP_5068,chr3,84429558,A,G,BRCA2,31.57
SMP_8153,chr1,197539625,T,A,VEGFA,53.46
SMP_3138,chr20,47957844,T,A,APOE,51.95
SMP_9562,chr20,25139864,G,T,TP53,65.76
SMP_9091,chr14,58650120,A,T,BRCA2,21.79
SMP_5917,chr15,154160988,G,T,VEGFA,81.74
SMP_9595,chr5,212149098,C,A,VEGFA,90.92
SMP_7581,chr10,30703184,A,T,BRCA2,58.28
SMP_6703,chr19,219418359,C,T,TNF,26.04
SMP_3994,chr10,157860517,T,C,BRCA1,62.42
SMP_7972,chr4,43043194,C,A,TNF,24.79
SMP_7570,chr19,124688256,T,G,TNF,41.86
SMP_6473,chr19,86860884,C,G,MTHFR,60.64
SMP_8685,chr22,5654324,T,A,MTHFR,94.75
SMP_8429,chr1,42795496,A,C,TNF,75.69
SMP_7266,chr17,25080905,C,G,MTHFR,74.48
SMP_4987,chr4,97570915,T,G,BRCA1,49.95
SMP_6306,chr20,154120174,A,C,TP53,80.16
SMP_7031,chr11,128992584,C,G,TP53,38.41
SMP_2688,chr20,112790506,T,A,MTHFR,39.34
SMP_9588,chr12,112650146,T,A,VEGFA,22.51
SMP_9124,chr13,133922462,A,C,MYC,97.47
SMP_9714,chr11,156701387,A,T,VEGFA,20.98
SMP_2945,chr1,105663057,C,T,MTHFR,80.76
SMP_5035,chr2,230163861,G,C,IL6,93.35
SMP_3669,chr16,222183779,C,G,MYC,56.94
SMP_9248,chr15,201482598,C,A,TP53,20.49
SMP_3055,chr8,53351733,C,G,MYC,72.19
SMP_8715,chr22,49340633,T,G,TNF,95.62
SMP_5617,chr8,65990749,C,A,MTHFR,20.68
SMP_2237,chr7,241026150,C,A,BRCA2,22.66
SMP_7629,chr20,127590462,G,C,APOE,88.9
SMP_4636,chr17,220997613,T,A,TNF,64.2
SMP_3550,chr10,220459300,G,C,TNF,29.65
SMP_3508,chr16,93383833,G,A,BRCA1,34.05
SMP_7389,chr11,14227398,A,C,TP53,73.65
SMP_3820,chr13,138747112,A,T,VEGFA,30.95
SMP_5636,chr17,57413706,C,G,APOE,87.27
SMP_7498,chr22,17075340,T,C,TP53,41.58
SMP_5929,chrX,50513091,C,G,IL6,54.9
SMP_6288,chr1,153041185,C,G,EGFR,64.19
SMP_6827,chrY,111482504,C,T,BRCA2,67.32
SMP_3393,chr1,127817892,C,G,MYC,73.54
SMP_1940,chr15,108932460,C,A,TP53,80.74
SMP_7207,chr9,16985727,C,G,MYC,64.51
SMP_9549,chr5,117238074,G,T,TP53,93.95
SMP_1954,chr10,170482938,A,T,IL6,40.99
SMP_6372,chr19,235729392,G,A,TP53,56.49
SMP_5557,chr7,231594645,T,A,IL6,92.2
SMP_6171,chr6,117316672,A,T,EGFR,96.32
SMP_2845,chr10,32654288,C,G,MYC,51.8
SMP_3285,chr6,51779336,G,C,BRCA1,20.97
SMP_2184,chrX,237129340,C,A,IL6,91.45
SMP_5093,chr9,99792125,T,G,IL6,68.43
SMP_9816,chr12,66600047,G,C,MTHFR,87.15
SMP_8023,chr12,78544497,A,G,TNF,87.18
SMP_5092,chr3,157492042,C,G,MYC,30.91
SMP_9959,chr7,82762896,C,G,BRCA1,62.59
SMP_9830,chr3,31242931,G,A,TNF,80.44
SMP_9632,chrY,34095486,G,C,VEGFA,63.58
SMP_5223,chr16,221000569,A,G,BRCA2,72.42
SMP_8730,chr20,232103360,A,G,IL6,82.9
SMP_5593,chr16,205951109,G,A,VEGFA,23.26
SMP_3425,chr14,67912687,A,C,TNF,89.87
SMP_1103,chr14,158405204,A,G,APOE,28.82
SMP_8881,chr7,79665213,C,T,VEGFA,73.11
SMP_1968,chr1,14652030,G,T,IL6,42.65
SMP_1136,chr11,17441242,C,A,VEGFA,46.43
SMP_3937,chr21,67823891,C,A,APOE,52.46
SMP_1708,chr18,103491962,A,T,VEGFA,53.7
SMP_4857,chr2,242050459,G,T,MYC,29.6
SMP_1943,chr3,128321567,C,G,TP53,77.28
SMP_5750,chr7,144174373,A,C,TNF,44.48
SMP_3376,chr14,214362523,C,A,EGFR,69.99
SMP_5973,chr8,80300973,G,T,TNF,91.24
SMP_4351,chr5,238863040,C,A,TP53,50.71
SMP_3158,chr20,7325612,C,A,MYC,23.9
SMP_7934,chr13,21432002,T,A,VEGFA,48.67
SMP_7195,chr5,215219800,C,G,MTHFR,46.96
SMP_1752,chr3,191368933,A,G,IL6,92.66
SMP_9285,chr1,154638416,G,A,BRCA2,67.16
SMP_5463,chr14,28368672,A,C,VEGFA,84.89
SMP_4137,chr3,98834512,T,C,TNF,43.62
SMP_7185,chr1,246894112,A,C,TP53,54.04
SMP_9234,chr6,220255147,A,C,EGFR,46.34
SMP_2431,chr12,142910819,C,A,MYC,99.89
SMP_9377,chr12,112753033,T,G,VEGFA,35.35
SMP_8804,chr21,74826558,A,G,BRCA2,37.24
SMP_3768,chr20,80332977,T,C,BRCA2,79.24
SMP_8603,chr9,166142519,G,C,TNF,41.99
SMP_7365,chr7,193862887,G,A,TP53,51.65
SMP_2155,chr17,66483537,A,G,MTHFR,34.79
SMP_2045,chr17,38474598,T,G,MTHFR,70.25
SMP_7453,chr13,197815870,T,A,BRCA2,87.89
SMP_1589,chr4,141159860,G,T,EGFR,20.49
SMP_3520,chrY,52004062,G,C,TNF,88.3
SMP_4878,chr21,111812501,A,C,MYC,99.46
SMP_1228,chr4,182445575,C,T,IL6,33.2
SMP_3127,chr3,73962784,G,T,BRCA1,59.02
SMP_2407,chr18,173217659,A,T,EGFR,87.17
SMP_7868,chr7,76354257,G,T,EGFR,40.97
SMP_4905,chr3,93654174,C,G,APOE,64.14
SMP_8128,chr22,74498506,G,A,MYC,89.83
SMP_4532,chrX,150521653,C,A,BRCA1,80.37
SMP_1389,chr2,158103159,A,G,APOE,23.81
SMP_6692,chr17,180486594,C,G,IL6,35.25
SMP_9607,chr21,31290978,G,C,IL6,27.13
SMP_4579,chr15,134791772,A,G,TP53,85.13
SMP_5083,chr6,221435311,A,G,BRCA1,44.67
SMP_3561,chrX,150732804,T,A,TNF,37.92
SMP_9372,chr11,99180875,A,G,APOE,31.15
SMP_1608,chr7,149158349,T,A,IL6,46.0
SMP_4064,chr3,157198837,G,A,VEGFA,44.92
SMP_8043,chr3,26716661,T,A,BRCA1,40.34
SMP_1408,chr13,34642023,C,A,APOE,97.91
SMP_7313,chr2,826441,A,T,TNF,31.7
SMP_4342,chr5,84658157,C,T,APOE,58.75
SMP_2125,chr5,41686211,G,T,MYC,75.99
SMP_7693,chrX,163959447,T,C,MYC,32.68
SMP_9351,chr6,4096509,C,T,MYC,26.98
SMP_5196,chr21,202910451,C,T,VEGFA,23.87
SMP_4085,chr13,91936036,A,T,APOE,42.55
SMP_9586,chr22,205636114,T,A,IL6,56.11
SMP_8253,chr14,79693734,C,T,BRCA2,85.15
SMP_2108,chr9,71033546,A,G,VEGFA,41.9
SMP_2764,chr7,92238707,C,G,EGFR,80.52
SMP_9918,chr11,139723482,C,A,TP53,65.32
SMP_3232,chr10,151971456,G,A,TP53,70.62
SMP_8529,chr22,28082383,T,A,MYC,28.31
SMP_2230,chr21,117757088,A,G,EGFR,44.84
SMP_8963,chr1,119943558,T,A,IL6,49.18
SMP_9702,chr5,90237815,C,T,BRCA2,54.96
SMP_8047,chr11,123806936,T,A,EGFR,65.42
SMP_8005,chr15,195754535,T,C,MTHFR,58.52
SMP_7295,chr18,5080942,T,A,TNF,71.93
SMP_4789,chr21,873718,C,T,EGFR,82.42
SMP_1809,chr18,163281619,C,T,EGFR,76.27
SMP_6737,chr9,171456518,A,T,EGFR,70.38
SMP_7946,chr8,158813103,T,G,IL6,83.83
SMP_6089,chr5,181897744,T,C,BRCA1,80.97
SMP_9852,chr8,49012842,G,A,MTHFR,63.38
SMP_6260,chr20,127797531,C,A,BRCA1,26.31
SMP_8186,chr9,56169326,C,A,MTHFR,45.47
SMP_1512,chr13,119752943,G,C,IL6,77.2
SMP_8991,chr11,142128891,T,C,APOE,48.72
SMP_7533,chr22,225338261,C,T,IL6,59.24
SMP_5126,chr8,227489602,A,G,TP53,45.6
SMP_1433,chr12,172253057,C,G,MYC,39.24
SMP_9832,chr7,65309592,G,A,IL6,98.18
SMP_4692,chr6,176673467,A,T,MYC,66.19
SMP_5695,chr15,225878733,T,A,MYC,67.95
SMP_4056,chr1,194705927,A,C,MTHFR,58.4
SMP_2356,chr13,151006530,A,C,BRCA1,39.75
SMP_3709,chr12,168767247,T,A,MYC,44.58
SMP_6757,chr8,130394361,C,T,BRCA2,30.8
SMP_8663,chr9,24732304,G,A,MTHFR,40.35
SMP_2805,chr3,119109778,G,C,VEGFA,97.63
SMP_5504,chr4,208120568,G,T,VEGFA,97.11
SMP_1204,chr15,177590516,C,T,IL6,81.88
SMP_1963,chr15,40958781,G,T,MYC,92.16
SMP_4839,chr15,211654737,C,G,TNF,66.93
SMP_3399,chr1,108502187,G,A,EGFR,76.15
SMP_8644,chr3,141564183,T,C,APOE,91.4
SMP_2045,chr1,82384778,G,A,TP53,60.41
SMP_1006,chr16,168279212,A,G,MYC,34.97
SMP_4282,chr17,240337769,G,C,VEGFA,89.71
SMP_6742,chrY,68760484,C,A,MYC,30.91
SMP_1804,chr5,29162375,T,G,TP53,61.42
SMP_1969,chr1,65422237,C,A,IL6,78.05
SMP_2377,chr1,235599467,C,T,MYC,63.86
SMP_3284,chr17,173576051,G,T,TP53,76.92
SMP_4314,chr10,9771841,G,T,TNF,59.85
SMP_7098,chr3,145589742,G,A,BRCA2,69.15
SMP_9792,chr16,236678838,C,G,EGFR,36.61
SMP_9692,chr16,32957217,A,G,MYC,43.34
SMP_3931,chr18,232159205,G,T,BRCA1,95.22
SMP_5002,chr7,51250697,A,T,TNF,76.2
SMP_8894,chr6,85704740,T,A,VEGFA,44.42
SMP_6103,chr16,111444710,C,G,TNF,37.08
SMP_5641,chrY,207965656,A,G,TP53,86.65
SMP_6572,chr11,136204877,C,A,EGFR,29.42
SMP_4471,chr7,73723385,T,A,IL6,87.32
SMP_1498,chr22,27461402,C,A,EGFR,87.66
SMP_9400,chr21,158650082,G,C,BRCA2,55.27
SMP_9014,chr11,4039725,C,T,MTHFR,84.69
SMP_9304,chr18,196883827,C,G,VEGFA,46.57
SMP_8000,chr1,87606658,C,T,APOE,66.89
SMP_9759,chr15,31487348,G,T,APOE,98.48
SMP_2410,chr15,54150397,C,G,MTHFR,57.66
SMP_9763,chr7,42439662,A,C,BRCA1,74.0
SMP_3529,chr2,132347251,A,C,BRCA2,43.39
SMP_8752,chr16,120230322,G,C,BRCA2,33.9
SMP_3950,chr10,231757989,A,G,MYC,31.67
SMP_6314,chrY,209957273,C,A,MYC,35.69
SMP_3215,chr7,201656786,A,C,BRCA1,60.59
SMP_6323,chr10,72436042,C,A,VEGFA,59.26
SMP_7815,chr11,44976274,C,A,EGFR,26.11
SMP_4523,chr14,104298532,A,T,TNF,30.74
SMP_8464,chr7,4113376,T,A,APOE,20.28
SMP_3836,chr14,118835251,G,A,VEGFA,69.69
SMP_5302,chr14,111317169,A,G,MYC,37.4
SMP_2836,chr14,244067557,A,C,EGFR,86.65
SMP_8254,chr7,226898819,A,C,BRCA2,51.72
SMP_2756,chr13,105081936,C,T,TNF,98.43
SMP_7989,chr2,20400473,C,G,MYC,26.78
SMP_7430,chr6,23984122,A,T,MYC,84.94
SMP_4387,chr19,123132714,C,G,BRCA1,64.83
SMP_7898,chr21,222548571,G,C,MTHFR,50.3
SMP_4785,chr12,3336309,C,A,BRCA2,82.03
SMP_3574,chr17,243049233,A,C,EGFR,52.54
SMP_9792,chr19,22491559,C,A,EGFR,79.36
SMP_2831,chr7,226548335,C,G,BRCA2,67.51
SMP_9515,chr20,148132040,G,C,MTHFR,42.84
SMP_7310,chr21,202274164,G,T,MYC,30.47
SMP_5086,chr14,171381547,G,C,BRCA1,99.06
SMP_6468,chrY,180544001,G,A,MTHFR,92.07
SMP_9889,chr2,167654788,A,G,TP53,48.56
SMP_6798,chr7,134374885,G,C,TNF,48.79
SMP_8607,chr1,142235474,G,T,BRCA2,29.89
SMP_1132,chr15,11637758,A,T,IL6,48.0
SMP_1407,chr5,224187177,G,A,EGFR,87.77
SMP_5522,chr15,99624719,T,G,MYC,91.16
SMP_1972,chr15,141417934,C,G,IL6,40.15
SMP_7763,chr18,60167695,C,A,IL6,35.7
SMP_4951,chr19,130153319,G,A,VEGFA,82.25
SMP_4074,chr2,219298104,G,C,TNF,70.63
SMP_8352,chr20,243568473,G,C,BRCA2,35.79
SMP_3238,chr8,143043294,C,A,MYC,58.34
SMP_6673,chr2,225784013,C,G,BRCA1,32.35
SMP_6249,chr3,148257905,C,T,EGFR,88.47
SMP_9983,chr22,150108022,G,A,APOE,47.24
SMP_3893,chr7,60670978,T,C,APOE,81.29
SMP_6414,chr1,130048932,C,A,APOE,68.03
SMP_2472,chr4,200675662,A,G,EGFR,99.49
SMP_5217,chr14,127944716,C,A,TNF,49.2
SMP_8263,chr3,227792044,G,T,BRCA1,65.73
SMP_9885,chr7,57690770,A,G,EGFR,22.02
SMP_2288,chr17,227766863,T,G,IL6,52.16
SMP_9825,chrY,202425225,C,T,TP53,61.63
SMP_4780,chr19,20748124,A,C,VEGFA,79.68
SMP_4967,chr2,106991494,G,C,BRCA2,76.12
SMP_5660,chr9,240812336,G,C,BRCA1,66.4
SMP_4854,chr11,113910008,C,G,IL6,74.9
SMP_6801,chr14,230203254,C,T,BRCA2,20.39
SMP_5959,chr13,241736034,C,T,EGFR,49.19
SMP_3456,chr1,223765794,A,C,APOE,34.12
SMP_5778,chr18,171987937,C,A,BRCA2,40.46
SMP_3581,chr2,60052886,G,A,MTHFR,29.2
SMP_6190,chr12,184082043,T,G,VEGFA,68.17
SMP_6625,chr13,163276280,G,C,EGFR,69.42
SMP_9695,chr1,123409024,C,T,TNF,26.99
SMP_1753,chr13,117466606,T,A,IL6,40.52
SMP_8753,chr17,113400322,G,T,EGFR,76.77
SMP_5452,chr22,222416208,A,C,BRCA2,49.74
SMP_7291,chr18,52930883,A,G,IL6,92.44
SMP_2183,chrX,31546482,A,C,IL6,60.78
SMP_8437,chr19,59083496,A,T,APOE,31.32
SMP_7456,chr20,128508505,A,C,TP53,64.36
SMP_1236,chr1,61507817,C,G,APOE,58.31
SMP_8108,chr16,71791591,A,T,MYC,74.62
SMP_1240,chr9,204818207,T,G,BRCA1,85.25
SMP_9629,chr1,149093788,A,T,BRCA1,37.7
SMP_1583,chr2,132453324,G,A,MYC,51.79
SMP_9743,chr15,144676059,C,T,BRCA1,96.88
SMP_3848,chr16,23880139,G,C,BRCA2,45.69
SMP_1609,chr2,95186961,T,G,MTHFR,59.39
SMP_2457,chr12,172782636,G,A,APOE,38.9
SMP_7621,chr10,49133512,G,A,TP53,38.66
SMP_9065,chr13,83453077,C,G,MYC,31.31
SMP_2050,chr17,177583032,T,C,VEGFA,26.06
SMP_6937,chr16,31740379,T,C,BRCA1,66.21
SMP_2653,chr12,137234584,C,A,TP53,52.39
SMP_8533,chr21,202954923,G,T,TNF,30.13
SMP_9488,chr4,72544198,G,A,BRCA2,49.04
SMP_1578,chrY,18764903,T,G,BRCA1,70.01
SMP_9868,chr1,192654174,G,C,TP53,84.77
SMP_8905,chr15,184591031,C,A,BRCA1,78.49
SMP_7046,chr2,192773499,C,A,MTHFR,41.69
SMP_9137,chr20,114618548,T,A,TP53,94.27
SMP_5723,chr11,25407704,G,C,BRCA1,98.89
SMP_2592,chr19,192179383,G,C,MTHFR,93.03
SMP_6653,chr3,245022531,T,C,EGFR,86.73
SMP_7778,chr7,44457481,T,C,VEGFA,90.8
SMP_1946,chr13,88827931,T,C,TP53,83.29
SMP_4300,chrY,68747711,C,A,TP53,57.73
SMP_2872,chr16,78996818,C,T,APOE,76.47
SMP_6027,chr7,220561180,G,C,APOE,30.07
SMP_6375,chr21,98216566,C,A,APOE,21.67
SMP_8838,chr19,3310999,C,G,TP53,72.19
SMP_1589,chr7,193884806,T,C,EGFR,96.28
SMP_6832,chr22,215208883,G,A,MTHFR,81.47
SMP_5594,chr6,168751538,C,A,TNF,97.51
SMP_2827,chr11,238193434,G,C,MYC,99.37
SMP_1274,chr2,238711558,A,C,EGFR,52.95
SMP_8397,chr21,151411758,G,A,APOE,26.46
SMP_5953,chr2,60751948,A,C,TNF,72.42
SMP_1287,chr18,65276334,G,C,APOE,25.9
SMP_1535,chr13,83280307,C,T,MTHFR,67.03
SMP_3292,chr14,220451621,G,A,EGFR,99.74
SMP_3805,chr19,107014718,T,A,TNF,87.44
SMP_4398,chr15,123356794,G,A,MTHFR,99.31
SMP_4077,chr3,79739803,C,A,EGFR,95.3
SMP_1087,chr8,40544047,T,A,MYC,95.08
SMP_5804,chr14,169609668,C,T,TP53,27.35
SMP_1849,chr18,205615736,A,G,MYC,80.29
SMP_8455,chr16,119297105,T,C,BRCA1,36.98
SMP_6651,chr9,141414514,C,T,TP53,75.03
SMP_1945,chr1,96137576,C,A,VEGFA,91.48
SMP_7552,chr2,175557956,C,G,EGFR,62.11
SMP_7008,chr13,94992822,T,A,TNF,39.24
SMP_2450,chr17,47454185,G,C,APOE,27.42
SMP_4837,chr22,195397383,G,T,BRCA2,67.19
SMP_3919,chr9,116993841,C,G,MYC,45.92
SMP_5252,chr14,73754662,C,A,TP53,55.15
SMP_4140,chr3,224112546,G,C,IL6,73.65
SMP_9817,chrY,18857015,G,A,IL6,74.06
SMP_7049,chr15,220153029,C,G,APOE,37.31
SMP_4851,chr14,78620152,C,A,APOE,88.21
SMP_1086,chr9,36752261,C,A,IL6,74.25
SMP_8561,chr17,98702444,A,T,BRCA1,66.7
SMP_9187,chr22,191554587,C,A,MTHFR,74.94
SMP_7390,chr8,208525001,G,C,BRCA2,25.55
SMP_7108,chr17,165793373,C,T,VEGFA,77.89
SMP_3681,chr1,84086486,T,C,EGFR,54.07
SMP_4073,chr5,8516908,T,G,IL6,42.21
SMP_5957,chr15,31388527,C,T,IL6,84.8
SMP_1856,chr8,234938049,T,G,MTHFR,74.66
SMP_7216,chr22,135301845,A,G,MTHFR,50.41
SMP_7168,chr11,152135899,C,T,TNF,74.27
SMP_4816,chr12,14702469,G,C,TP53,41.95
SMP_5704,chr16,8031377,A,T,BRCA2,93.58
SMP_1257,chr5,161345750,C,G,EGFR,83.38
SMP_1341,chr15,17197702,A,C,EGFR,92.69
SMP_6580,chr21,123438862,C,G,TP53,79.74
SMP_4961,chr8,33486463,T,A,MTHFR,67.63
SMP_2948,chr15,165857373,G,A,BRCA1,38.89
SMP_7270,chr5,169886363,A,T,MYC,92.27
SMP_2015,chr13,114268641,G,A,BRCA2,77.91
SMP_3765,chr19,70269797,A,C,TNF,86.85
SMP_7610,chr15,72138129,T,G,VEGFA,82.45
SMP_7202,chr18,69627282,G,C,MTHFR,50.69
SMP_6159,chr21,163472869,A,G,IL6,43.01
SMP_5926,chr5,136829521,A,T,VEGFA,35.65
SMP_2200,chr18,181573167,A,C,EGFR,95.03
SMP_8182,chr12,30220971,G,C,BRCA2,38.14
SMP_2341,chr8,104525924,T,A,MYC,82.31
SMP_1875,chr17,69368871,T,G,BRCA2,32.59
SMP_7180,chr2,217450980,A,C,APOE,30.68
SMP_8204,chr14,165302727,C,G,IL6,43.17
SMP_9228,chr5,141684962,G,A,APOE,81.6
SMP_7943,chr18,219421441,T,A,APOE,58.83
SMP_7815,chr1,106197296,C,T,IL6,22.12
SMP_5717,chr5,224424874,C,A,TP53,92.47
SMP_7780,chr9,80728203,C,A,IL6,47.42
SMP_9582,chr9,124134056,A,C,TNF,53.02
SMP_1318,chr15,154893346,C,G,APOE,41.75
SMP_3020,chr2,157666144,G,A,EGFR,66.05
SMP_3890,chr4,68447209,C,G,APOE,22.51
SMP_2046,chr18,61250612,C,G,IL6,23.89
SMP_1735,chr20,188801418,T,A,TNF,94.46
SMP_5800,chr3,76925146,T,C,EGFR,60.18
SMP_1642,chr16,181010973,A,C,TNF,57.61
SMP_5901,chrY,69333714,A,C,APOE,70.91
SMP_4072,chr13,38945399,T,A,TP53,56.02
SMP_4561,chr5,158519872,G,T,BRCA2,86.45
SMP_9374,chr9,52917317,C,A,EGFR,42.58
SMP_4095,chr5,180752683,A,T,MYC,98.73
SMP_3534,chr18,106792761,C,G,EGFR,98.25
SMP_9571,chr16,197976984,G,T,TP53,35.64
SMP_9218,chr3,182602480,C,T,TP53,81.7
SMP_7371,chr1,236534619,G,T,EGFR,96.46
SMP_5104,chr10,213520906,G,T,TNF,21.42
SMP_8543,chr7,238119776,A,T,MTHFR,41.03
SMP_2643,chr21,200533317,A,C,MYC,47.3
SMP_9129,chr21,6992975,C,A,MTHFR,37.53
SMP_4811,chr16,179855565,A,T,TNF,59.39
SMP_8820,chr15,17869160,T,A,VEGFA,82.92
SMP_6442,chr11,204233661,C,T,APOE,73.15
SMP_8824,chr16,212041356,T,A,TP53,26.89
SMP_8900,chr16,44931645,C,T,EGFR,95.88
SMP_4192,chr17,147564893,T,G,MYC,32.64
SMP_7911,chr11,152529353,T,A,MYC,46.03
SMP_5311,chr18,90669688,T,G,IL6,63.38
SMP_2296,chr13,133953560,G,C,EGFR,51.91
SMP_9534,chr11,99310686,A,T,APOE,55.63
SMP_4008,chr14,72520018,G,A,MTHFR,21.46
SMP_8049,chr10,78395545,C,T,TNF,22.31
SMP_2371,chr17,220768250,C,G,BRCA1,87.03
SMP_6451,chr2,225905845,C,G,BRCA2,41.1
SMP_5552,chrY,4132968,T,C,VEGFA,75.2
SMP_7627,chr21,124497999,T,C,EGFR,73.04
SMP_5731,chr22,54970159,A,G,EGFR,52.06
SMP_5816,chr1,146106573,A,T,TNF,27.53
SMP_8481,chr10,126684700,G,C,EGFR,87.63
SMP_4891,chr22,183646574,A,G,MTHFR,67.76
SMP_3646,chr22,231892553,C,T,EGFR,22.56
SMP_2905,chrX,70207782,C,G,TNF,93.62
SMP_7496,chr21,69994847,A,G,APOE,50.53
SMP_1956,chr2,198881994,G,C,APOE,32.47
SMP_6767,chr10,136857545,C,A,IL6,44.94
SMP_3874,chr21,228712689,G,T,MTHFR,89.65
SMP_6500,chr11,83616348,T,C,BRCA1,57.44
SMP_2624,chr19,16605528,G,A,MTHFR,79.93
SMP_9194,chr1,36338984,A,C,MTHFR,25.45
SMP_5870,chr8,224244083,C,A,EGFR,98.8
SMP_1992,chr21,108141219,A,C,IL6,35.33
SMP_9731,chr13,110878664,C,G,TNF,43.87
SMP_4818,chr5,61973337,A,C,EGFR,92.23
SMP_6459,chr13,54378782,C,T,MYC,36.14
SMP_6139,chr17,72859122,C,G,MYC,33.47
SMP_2626,chr9,139883886,G,C,IL6,92.22
SMP_6293,chr3,182777678,G,C,VEGFA,94.93
SMP_4661,chr11,152396070,G,A,IL6,47.61
SMP_2747,chr7,2411061,A,C,VEGFA,91.02
SMP_7099,chr5,56808498,A,T,VEGFA,47.02
SMP_2119,chr8,98900000,A,G,BRCA1,79.07
SMP_1824,chr20,168611811,T,A,MYC,25.66
SMP_6193,chr18,107676424,G,T,APOE,41.13
SMP_2665,chr16,38191799,G,A,MYC,69.79
SMP_3852,chr7,81028723,T,C,BRCA1,35.18
SMP_1328,chr14,178534822,G,T,MTHFR,56.69
SMP_6554,chr7,184720563,C,T,MTHFR,45.22
SMP_7197,chrY,51799972,A,T,MTHFR,57.38
SMP_2011,chr18,100253028,C,G,TP53,74.97
SMP_2950,chr11,102940070,C,T,TP53,70.31
SMP_3065,chrY,24068688,A,C,EGFR,22.45
SMP_6756,chr4,39306277,T,C,TP53,81.62
SMP_5894,chr13,156983350,C,T,APOE,25.19
SMP_5854,chr6,9179120,A,C,MTHFR,92.15
SMP_4194,chr9,23927328,G,T,MTHFR,27.31
SMP_5394,chr7,70171248,G,T,IL6,35.9
SMP_5167,chr19,207133912,C,A,APOE,69.48
SMP_9634,chr7,107642140,A,T,IL6,56.12
SMP_6769,chr8,163582524,A,T,EGFR,76.8
SMP_2940,chr6,169725401,G,T,TP53,38.06
SMP_4298,chr6,187260219,T,A,EGFR,88.76
SMP_3668,chr11,133034035,A,C,BRCA1,88.94
SMP_9827,chr11,172127574,C,A,EGFR,87.34
SMP_8334,chr21,46060593,T,A,TNF,72.16
SMP_9160,chr1,96420589,T,G,BRCA1,98.99
SMP_5211,chr9,130974618,T,A,BRCA1,54.29
SMP_5281,chr11,40694688,T,A,VEGFA,64.14
SMP_1198,chr4,37385513,C,T,MTHFR,98.16
SMP_8935,chr21,149571038,G,T,BRCA2,94.53
SMP_9219,chr4,37639474,A,T,TNF,51.73
SMP_8476,chr5,194153402,A,T,MYC,86.66
SMP_9036,chrX,125893256,G,T,BRCA2,53.44
SMP_5738,chr22,117426828,T,G,TP53,63.69
SMP_1391,chr3,109227951,T,A,BRCA1,28.07
SMP_5577,chr7,69374384,C,G,BRCA2,77.82
SMP_3627,chr18,7697666,T,C,BRCA2,88.92
SMP_2585,chr20,104468506,C,A,EGFR,41.46
SMP_1143,chrX,219205554,C,T,TP53,93.1
SMP_3920,chr15,6958078,A,C,EGFR,61.82
SMP_4248,chr15,107121768,G,A,MTHFR,53.46
SMP_1347,chr4,174222772,C,G,BRCA2,26.57
SMP_8807,chr9,241464533,G,T,MTHFR,34.31
SMP_6545,chr11,233486721,T,G,MTHFR,92.13
SMP_5667,chr6,144846691,C,T,MYC,29.63
SMP_7367,chr3,175843557,G,A,IL6,68.64
SMP_2935,chr17,209739636,T,A,TNF,43.63
SMP_6683,chr21,135627105,C,A,BRCA2,64.32
SMP_2151,chr4,65163456,C,T,BRCA1,65.79
SMP_2188,chr18,212596461,C,G,IL6,50.5
SMP_4511,chr1,103316690,C,T,BRCA1,24.32
SMP_5129,chr1,45803391,T,A,MYC,26.74
SMP_5081,chr14,71928941,G,C,TNF,49.46
SMP_2030,chr6,152556977,A,T,VEGFA,30.09
SMP_7641,chr16,69961756,A,T,EGFR,24.87
SMP_6049,chrY,134796097,A,C,APOE,75.25
SMP_3031,chr5,138632142,C,A,MTHFR,27.8
SMP_5249,chr9,2255314,A,C,MYC,32.42
SMP_5805,chr14,224125089,G,A,TNF,89.32
SMP_9392,chr10,214890450,G,A,TP53,77.77
SMP_8371,chr2,7564681,A,G,APOE,99.46
SMP_1696,chr4,37483521,A,G,APOE,96.92
SMP_5818,chr18,199592485,C,G,BRCA2,81.01
SMP_8770,chr17,121350824,T,G,VEGFA,88.6
SMP_3222,chr20,107301778,G,T,TNF,94.61
SMP_7754,chr11,204141600,T,A,BRCA2,87.28
SMP_9975,chr6,131606569,C,A,BRCA1,67.4
SMP_7620,chr22,244715198,G,T,TNF,76.21
SMP_1868,chr6,153876402,A,C,MTHFR,35.0
SMP_4813,chrY,179989962,T,G,IL6,62.29
SMP_6511,chr12,236343468,C,A,MYC,33.93
SMP_2117,chr9,162087322,A,C,APOE,41.47
SMP_6520,chr16,165894220,C,G,EGFR,51.14
SMP_1796,chr19,248399590,G,A,IL6,75.06
SMP_4893,chr14,114592850,T,C,BRCA2,31.57
SMP_9528,chr4,105023480,C,G,TNF,62.73
SMP_8643,chr5,63649824,G,A,BRCA1,52.12
SMP_7055,chr5,121391624,G,A,IL6,73.69
SMP_9397,chr11,122673437,C,A,APOE,85.39
SMP_8599,chr3,234479073,G,A,APOE,38.57
SMP_7310,chr8,51271995,C,G,TNF,69.81
SMP_1101,chr3,125377257,A,G,BRCA1,81.29
SMP_3858,chr3,185270064,T,C,BRCA2,65.99
SMP_7307,chr11,124259954,C,G,VEGFA,31.58
SMP_8976,chr2,190052800,C,T,VEGFA,55.36
SMP_3442,chr9,217049293,T,C,EGFR,64.36
SMP_2043,chr6,184136294,T,C,APOE,27.42
SMP_6945,chr8,151970274,C,G,BRCA1,29.88
SMP_4280,chr20,88511919,A,T,MYC,68.67
SMP_1572,chr20,187074986,T,A,BRCA1,56.02
SMP_4928,chr13,199777795,G,A,EGFR,89.92
SMP_8563,chr11,166299494,C,G,TP53,36.71
SMP_1489,chr13,144836809,G,A,BRCA1,86.01
SMP_8249,chr20,174835779,A,C,TNF,90.71
SMP_4900,chr20,32781020,A,C,VEGFA,94.03
SMP_6486,chr14,107320248,C,G,VEGFA,58.13
SMP_1811,chr22,119436008,A,G,TNF,84.27
SMP_2367,chr2,134533251,C,G,EGFR,92.83
SMP_5026,chr17,55803289,G,C,MTHFR,20.18
SMP_6142,chrY,198556171,G,A,EGFR,61.82
SMP_1461,chr16,88418826,A,T,IL6,79.27
SMP_8058,chr13,5225114,A,T,MTHFR,72.48
SMP_9373,chr12,54119636,G,T,EGFR,66.94
SMP_6684,chr17,143530048,G,T,EGFR,47.68
SMP_1856,chr18,45477194,C,T,EGFR,40.09
SMP_9530,chr9,153447405,G,A,TNF,79.92
SMP_5807,chr19,139574284,T,A,MTHFR,86.22
SMP_1094,chr7,52786916,G,C,APOE,20.26
SMP_8148,chr18,16020217,T,C,TNF,72.84
SMP_1836,chr5,85326222,T,A,EGFR,22.84
SMP_3923,chr16,201914272,C,G,BRCA2,54.28
SMP_5194,chr7,75473518,C,G,BRCA1,84.91
SMP_3195,chr7,52441708,A,C,BRCA2,55.31
SMP_4079,chr12,80575560,G,T,BRCA2,25.2
SMP_9301,chr12,11212863,A,C,EGFR,71.61
SMP_9498,chr18,61674712,A,C,BRCA1,80.25
SMP_1270,chr4,113071396,A,G,APOE,58.93
SMP_9921,chr7,100437366,A,C,BRCA2,78.44
SMP_4940,chr4,139354128,C,A,MTHFR,23.98
SMP_4434,chr19,91890847,T,G,APOE,50.78
SMP_4532,chr2,182189852,A,T,IL6,34.32
SMP_2631,chr4,86457699,A,T,EGFR,93.53
SMP_5791,chr19,206708598,A,G,TNF,30.15
SMP_3174,chr8,224492415,T,A,EGFR,92.91
SMP_8907,chr13,155261771,C,G,BRCA1,43.33
SMP_3841,chr3,65227052,T,G,TNF,44.59
SMP_4373,chr2,174101891,A,C,EGFR,96.16
SMP_6705,chr16,225865312,C,A,TP53,98.07
SMP_8354,chr15,180613779,T,C,BRCA2,83.02
SMP_9251,chr1,136439882,G,T,APOE,64.79
SMP_8908,chr5,44892523,A,T,BRCA1,94.36
SMP_3181,chr20,106850190,T,A,BRCA2,62.01
SMP_3178,chr21,237509524,C,G,APOE,50.56
SMP_5560,chr16,32116561,A,G,EGFR,21.45
SMP_3575,chr1,195209445,G,A,IL6,34.04
SMP_7139,chr4,170182008,A,T,TNF,87.11
SMP_4672,chr9,4275647,G,C,TNF,55.83
SMP_3969,chr18,55529202,C,T,TNF,93.13
SMP_2444,chr20,247729966,G,T,EGFR,66.69
SMP_9349,chr18,123213864,C,A,MYC,64.78
SMP_4594,chr18,105746094,G,T,BRCA2,65.27
SMP_1112,chrX,146171406,A,T,EGFR,77.43
SMP_6084,chr21,220801501,A,C,IL6,98.15
SMP_4090,chr18,146734588,G,T,TP53,85.0
SMP_7703,chr20,29685350,A,T,APOE,56.52
SMP_8126,chr17,48453740,A,C,TP53,89.96
SMP_3703,chr14,84653386,G,T,EGFR,91.14
SMP_4768,chr7,173825332,A,C,APOE,48.17
SMP_1158,chr19,126195171,A,C,BRCA1,89.4
SMP_7953,chr7,127462642,C,T,MYC,85.2
SMP_3278,chr1,179199726,T,C,VEGFA,20.34
SMP_2182,chr3,174777585,G,C,APOE,89.33
SMP_6680,chr7,95177431,T,A,MTHFR,70.97
SMP_5492,chr5,16246675,T,A,BRCA1,38.57
SMP_6236,chr3,234408831,C,A,TP53,29.06
SMP_7455,chr18,230209544,T,G,IL6,25.05
SMP_4897,chr8,165077153,G,T,TNF,58.15
SMP_3737,chr18,219371117,C,A,TNF,32.81
SMP_5040,chr10,156140544,A,C,VEGFA,38.45
SMP_4595,chr7,46790818,A,G,BRCA2,22.02
SMP_6613,chr19,8593219,T,A,BRCA1,47.48
SMP_6027,chr4,173172904,T,C,VEGFA,62.5
SMP_7901,chr19,245758125,C,T,BRCA2,72.94
SMP_6451,chr20,16137975,T,C,TNF,80.39
SMP_1473,chr9,207038794,C,G,BRCA2,59.75
SMP_1479,chr20,102739151,A,T,TP53,97.17
SMP_1462,chr11,138881455,A,C,MYC,70.61
SMP_5075,chr2,169921234,A,G,EGFR,31.16
SMP_6505,chr13,153431473,A,C,BRCA1,95.68
SMP_2962,chr3,131434949,T,A,APOE,87.46
SMP_7826,chr17,82453262,C,T,TNF,91.26
SMP_2853,chr2,155300145,A,C,TNF,60.24
SMP_2980,chr20,152385039,A,C,APOE,40.25
SMP_6875,chr19,102929341,T,G,APOE,69.62
SMP_8426,chr18,73998886,G,C,MTHFR,82.95
SMP_5062,chr15,25274067,T,A,MTHFR,53.11
SMP_4511,chr13,241998287,G,A,EGFR,44.66
SMP_2015,chr18,42273678,T,C,TP53,58.15
SMP_3914,chr12,5647537,G,T,TNF,48.29
SMP_3410,chr21,183729334,C,T,BRCA1,69.07
SMP_7196,chr22,76369125,C,G,MTHFR,39.44
SMP_8192,chr5,73319561,A,T,TNF,24.53
SMP_9994,chr11,83026385,A,T,TP53,67.26
SMP_9763,chr11,111183790,A,C,TP53,78.05
SMP_1998,chr8,102117485,T,A,EGFR,76.5
SMP_7138,chr9,46170406,T,A,TP53,54.32
SMP_5436,chr18,245048624,T,A,BRCA2,96.62
SMP_9694,chr2,239607794,G,A,VEGFA,96.67
SMP_8688,chr19,60518997,G,C,MYC,58.16
SMP_3600,chr5,4116417,C,T,TNF,72.83
SMP_7704,chr20,249541962,C,G,MTHFR,97.53
SMP_1849,chr18,27332193,G,C,MTHFR,74.06
SMP_5947,chr5,195372711,G,T,TP53,95.48
SMP_2682,chr1,180472819,G,C,BRCA1,29.35
SMP_3809,chr15,70556059,A,G,MYC,68.29
SMP_4376,chr8,227578202,T,A,MTHFR,92.62
SMP_9587,chr19,37716245,C,A,VEGFA,42.88
SMP_6307,chr11,65264346,T,A,BRCA2,43.47
SMP_6402,chr15,218406375,G,C,BRCA1,70.39
SMP_6273,chr10,224809806,A,T,TP53,47.47
SMP_7349,chr15,212106352,A,C,MTHFR,77.3
SMP_6023,chr21,6041632,T,A,MTHFR,72.47
SMP_3444,chr4,126520037,G,A,MYC,63.01
SMP_7678,chr19,3116536,T,A,TP53,54.36
SMP_8641,chr2,217893660,T,G,TNF,47.64
SMP_8529,chr16,121924313,A,T,BRCA2,53.34
SMP_8064,chr20,196822646,G,A,MYC,57.15
SMP_3704,chr20,238602640,G,C,MTHFR,88.84
SMP_6187,chr16,212957118,A,G,VEGFA,58.94
SMP_8071,chr5,40167294,C,A,BRCA2,33.0
SMP_2713,chr12,227027815,G,C,MYC,67.48
SMP_1577,chr16,121359015,A,G,EGFR,40.49
SMP_4215,chr12,165639579,T,G,TNF,57.86
SMP_4089,chr3,117348607,A,C,TNF,82.31
SMP_3268,chr9,59864694,A,G,VEGFA,42.22
SMP_2980,chr12,119324833,T,C,IL6,95.46
SMP_7479,chr7,212010743,C,T,TP53,25.84
SMP_6459,chr12,95099144,T,A,EGFR,59.64
SMP_8620,chr10,51081657,A,G,VEGFA,45.81
SMP_5201,chr16,189752963,T,G,EGFR,41.89
SMP_1534,chr17,91912705,T,G,VEGFA,63.44
SMP_4419,chr19,207275400,C,G,VEGFA,94.91
SMP_5974,chr2,190279095,G,T,BRCA2,35.96
SMP_6480,chr16,68621073,G,C,MYC,32.27
SMP_4247,chr14,964338,G,A,IL6,94.7
SMP_4143,chr8,194324598,G,C,TP53,53.58
SMP_4275,chr5,137210750,G,C,TNF,29.09
SMP_5443,chr3,230869515,G,C,EGFR,67.91
SMP_8805,chr1,39215123,T,C,TNF,91.52
SMP_4102,chr19,165713511,T,G,TP53,41.32
SMP_2797,chr3,111635831,T,C,APOE,35.73
SMP_2257,chr9,97069648,A,G,IL6,94.85
SMP_8788,chr18,104811649,T,C,APOE,74.11
SMP_1245,chr16,205210608,A,G,TP53,30.74
SMP_1653,chr7,240906490,T,G,IL6,93.98
SMP_1054,chr20,194140459,G,T,TP53,34.4
SMP_9331,chr2,137582681,G,T,BRCA1,55.2
SMP_8438,chr6,29189296,C,T,EGFR,47.25
SMP_4146,chr10,159694770,A,G,VEGFA,95.01
SMP_5213,chr4,6577300,C,A,APOE,80.46
SMP_7963,chr14,185267952,A,C,BRCA1,48.82
SMP_6163,chr22,76215154,T,G,MYC,98.75
SMP_6923,chr21,163714636,G,T,BRCA1,81.99
SMP_7406,chr10,199946022,C,G,IL6,58.81
SMP_7009,chr9,99226364,T,G,EGFR,46.88
SMP_2061,chr19,223200144,G,A,VEGFA,74.04
SMP_8689,chr2,41807414,G,T,EGFR,66.02
SMP_6415,chrX,107300024,T,G,TNF,95.46
SMP_5218,chr19,194085028,G,A,MYC,25.27
SMP_5853,chr16,130261703,G,A,BRCA1,58.86
SMP_9506,chr12,97108145,G,C,MTHFR,39.04
SMP_7832,chr18,68772687,G,A,APOE,26.46
SMP_7453,chr12,24128028,C,G,EGFR,57.75
SMP_4627,chr4,64332890,G,T,IL6,92.04
SMP_2051,chr4,37125999,T,G,IL6,74.66
SMP_9889,chr12,34827957,A,G,BRCA2,72.45
SMP_8715,chr10,52863873,T,A,TP53,83.15
SMP_1910,chr16,14854518,G,C,APOE,20.87
SMP_5752,chr6,92093845,A,G,VEGFA,87.07
SMP_5677,chr16,5989883,T,C,EGFR,95.72
SMP_5637,chr16,205698382,C,A,BRCA1,77.63
SMP_9229,chr13,25068166,A,C,MYC,39.96
SMP_9275,chr6,152034142,A,T,BRCA2,80.64
SMP_9890,chr11,103077407,G,T,BRCA2,94.13
SMP_4162,chr15,88497700,C,A,TP53,44.35
SMP_3039,chr10,40316281,T,A,BRCA1,78.09
SMP_1926,chr21,213567722,C,A,MTHFR,55.98
SMP_3877,chr4,113109832,G,C,APOE,87.67
SMP_4044,chr2,233243657,A,G,VEGFA,31.16
SMP_1522,chr7,20502593,C,A,MTHFR,30.66
SMP_9316,chr2,144268409,A,T,IL6,85.31
SMP_9852,chr17,206950889,T,C,APOE,71.36
SMP_3183,chr13,235496042,C,A,APOE,68.46
SMP_4711,chr9,178980334,A,T,BRCA2,90.79
SMP_6456,chr4,110399999,C,G,VEGFA,64.26
SMP_7032,chr12,174379570,T,A,TP53,27.26
SMP_7614,chr20,96751775,G,C,EGFR,57.31
SMP_8050,chr11,179813977,T,A,EGFR,95.82
SMP_9102,chr1,129365899,G,C,TNF,55.04
SMP_8985,chr5,107131835,T,G,EGFR,96.74
SMP_6513,chr19,107743393,T,G,BRCA1,22.56
SMP_2466,chr5,159260502,T,C,MTHFR,41.13
SMP_3623,chr13,215888660,T,C,IL6,43.13
SMP_5494,chr5,77077139,C,T,TNF,53.4
SMP_6476,chr8,132034593,T,G,TP53,81.29
SMP_5992,chr21,56229888,A,C,IL6,42.5
SMP_5891,chr7,191211447,T,A,MTHFR,55.94
SMP_3908,chr18,17315901,T,A,APOE,63.09
SMP_3105,chr5,177185281,G,T,IL6,70.58
SMP_5687,chr8,80517191,C,A,TNF,47.28
SMP_9781,chr22,90892133,G,C,IL6,46.0
SMP_6037,chr14,95187539,A,T,EGFR,65.19
SMP_2760,chr15,66420000,A,C,APOE,25.15
SMP_6776,chr20,174150315,T,A,TP53,74.76
SMP_3402,chr6,151597032,G,T,MTHFR,94.7
SMP_5924,chr16,135778348,G,T,EGFR,41.71
SMP_6760,chr7,163794044,A,C,BRCA1,37.64
SMP_7877,chr12,138562104,T,C,MTHFR,46.51
SMP_6636,chr21,104575724,C,T,TP53,56.53
SMP_2692,chr13,233019244,G,C,TNF,37.52
SMP_1270,chr1,121808709,C,A,IL6,44.17
SMP_7285,chr22,40993331,C,T,IL6,62.72
SMP_7922,chr6,157405278,G,T,TNF,37.14
SMP_1022,chr1,183616312,A,C,VEGFA,53.99
SMP_4373,chr22,20738848,C,G,VEGFA,28.61
SMP_1849,chr6,221023929,T,G,MTHFR,50.67
SMP_6679,chr21,98889407,A,C,IL6,96.27
SMP_1730,chr5,144921265,G,T,TNF,31.94
SMP_6783,chr15,205387851,A,C,VEGFA,66.42
SMP_7477,chr12,248996905,A,C,APOE,30.75
SMP_1725,chr1,100158235,A,C,APOE,72.98
SMP_7066,chr21,189965819,C,T,BRCA2,36.31
SMP_2661,chr3,120224072,G,A,BRCA2,42.44
SMP_7802,chr11,174068418,T,G,IL6,90.62
SMP_5891,chr15,18562799,T,C,MYC,87.04
SMP_4665,chr10,207567262,G,T,BRCA2,33.09
SMP_9110,chr10,76626651,G,T,TP53,99.76
SMP_9351,chr21,61696787,G,A,BRCA2,82.9
SMP_9261,chr12,192631959,A,C,EGFR,35.52
SMP_1343,chr10,168777346,T,A,VEGFA,71.85
SMP_2890,chr13,124672666,C,T,APOE,56.51
SMP_9894,chr20,34996293,C,T,TP53,51.54
SMP_8012,chr1,193061390,T,A,BRCA1,88.21
SMP_9164,chr20,71765239,G,T,VEGFA,28.09
SMP_1458,chr11,71307766,A,G,EGFR,56.22
SMP_9188,chr5,183750365,A,T,TP53,94.73
SMP_1364,chr19,166339482,C,G,EGFR,55.78
SMP_7275,chr22,135814699,A,C,VEGFA,35.99
SMP_9890,chr21,56995499,G,C,MTHFR,65.27
SMP_1563,chr6,4673572,C,G,TNF,97.47
SMP_9081,chr20,112534023,T,C,BRCA2,95.55
SMP_1829,chr2,33058041,T,A,MYC,36.43
SMP_5371,chr22,2624586,A,T,VEGFA,43.43
SMP_4010,chr16,249266945,C,A,IL6,92.55
SMP_5592,chr19,241349543,C,T,TNF,44.09
SMP_5570,chr19,83647801,A,G,VEGFA,79.58
SMP_7514,chr4,43027179,T,A,BRCA2,60.64
SMP_3679,chr15,152135068,G,A,TNF,71.47
SMP_4031,chr4,54695503,T,A,VEGFA,20.52
SMP_4099,chr13,216673058,G,T,IL6,94.06
SMP_5818,chr21,7156492,G,C,MTHFR,50.27
SMP_5798,chr21,170523416,G,T,MTHFR,27.26
SMP_1284,chr4,101241242,T,C,MTHFR,98.72
SMP_4743,chr18,73341838,C,A,APOE,29.39
SMP_6810,chr19,234256354,T,C,TP53,68.97
SMP_6648,chr20,231399731,T,G,EGFR,41.51
SMP_7120,chr9,32570554,G,A,MYC,72.14
SMP_7594,chr2,98738425,A,T,BRCA1,89.08
SMP_9259,chr3,156945733,G,T,BRCA1,60.13
SMP_8254,chr15,191413591,C,A,BRCA1,76.76
SMP_1634,chr18,37272686,T,A,TNF,45.74
SMP_8639,chr12,218619010,T,A,IL6,42.86
SMP_3623,chr11,147648918,A,T,TNF,52.99
SMP_6329,chr1,83355651,A,C,APOE,80.2
SMP_8397,chr10,194453134,A,C,TP53,38.61
SMP_2110,chr12,201339069,G,C,EGFR,93.06
SMP_8920,chr7,164268503,C,G,TNF,92.54
SMP_1610,chr18,9694947,T,C,BRCA2,27.59
SMP_1390,chr11,209668940,C,T,VEGFA,48.76
SMP_1230,chr3,80247662,A,T,BRCA1,39.44
SMP_1724,chr13,121607612,C,T,EGFR,20.22
SMP_1652,chrX,28359765,G,C,MTHFR,88.2
SMP_2322,chr15,140366414,C,T,MYC,63.34
SMP_7940,chr3,109094347,G,T,BRCA2,36.6
SMP_7955,chr16,71924445,T,A,MYC,65.54
SMP_1028,chr9,2324826,C,T,MTHFR,30.47
SMP_3265,chr10,75210083,C,T,APOE,25.71
SMP_3084,chr14,174907892,G,C,BRCA1,66.68
SMP_4398,chr1,228096391,T,A,IL6,31.17
SMP_9717,chr19,189468417,G,C,MTHFR,70.52
SMP_6178,chr16,48436544,T,C,IL6,66.66
SMP_1026,chrX,53525359,A,G,MYC,37.3
SMP_3212,chr8,8308038,A,G,MTHFR,69.67
SMP_5156,chr20,104046977,C,A,TNF,48.4
SMP_9655,chr3,23210530,T,C,BRCA2,89.76
SMP_8217,chr16,44372773,C,G,BRCA1,77.8
SMP_9709,chrY,90484449,G,C,TP53,63.04
SMP_2284,chr15,19650654,G,A,EGFR,30.54
SMP_4898,chr11,30849372,G,A,APOE,73.87
SMP_7799,chr3,234321445,A,C,TP53,78.55
SMP_8875,chr20,69667822,C,T,IL6,33.15
SMP_1155,chr13,94562511,T,C,VEGFA,48.36
SMP_2706,chr19,63893569,G,A,MTHFR,22.08
SMP_6275,chr20,102591616,A,G,TP53,84.97
SMP_4031,chr11,84514108,T,C,BRCA2,29.63
SMP_1278,chr11,100101922,A,C,MYC,52.15
SMP_6244,chr15,178317136,T,G,TP53,59.91
SMP_6944,chr22,57350567,T,A,MTHFR,36.29
SMP_3242,chr8,5269583,C,G,TNF,40.57
SMP_7283,chr17,111291142,A,G,MTHFR,40.22
SMP_2377,chr12,194731416,G,C,MTHFR,97.03
SMP_7043,chrX,127525716,G,C,TP53,76.77
SMP_7198,chr10,147408433,T,G,IL6,66.09
SMP_1254,chr9,84650303,C,A,BRCA1,98.79
SMP_5694,chr16,226613209,T,G,VEGFA,86.02
SMP_7498,chr19,114932593,A,T,MTHFR,59.31
SMP_1833,chr12,37161634,C,G,MYC,56.76
SMP_6643,chr2,133732595,G,T,MYC,27.29
SMP_3615,chr8,226382807,C,A,VEGFA,40.28
SMP_2151,chr19,161732356,C,T,APOE,21.48
SMP_6666,chr18,55001263,G,C,EGFR,96.53
SMP_9361,chr16,216644751,G,T,TNF,75.21
SMP_3876,chr8,50261772,T,C,TNF,21.83
SMP_3320,chr6,166253663,T,G,MYC,82.84
SMP_4111,chr4,212102578,G,A,MTHFR,93.51
SMP_6035,chr11,22234456,C,T,TNF,37.93
SMP_5539,chr5,149450918,T,G,EGFR,43.84
SMP_8242,chr3,80007892,A,C,IL6,67.31
SMP_2548,chr16,115865163,G,C,VEGFA,95.38
SMP_6786,chr12,933649,A,T,BRCA2,34.33
SMP_1501,chr3,154768671,T,C,BRCA1,63.79
SMP_8132,chrY,179477318,A,T,EGFR,92.46
SMP_3141,chr22,110672262,T,A,MTHFR,98.08
SMP_3386,chr18,78479822,A,T,MTHFR,66.99
SMP_6455,chr22,212260415,T,C,TNF,75.5
SMP_3564,chrY,248784850,A,G,MYC,31.56
SMP_5056,chr15,136261617,T,A,EGFR,88.58
SMP_5465,chr8,222594316,G,A,EGFR,27.56
SMP_7420,chr17,154423728,G,A,VEGFA,70.77
SMP_7230,chr20,205552761,G,T,APOE,61.55
SMP_3701,chr13,15700405,G,C,BRCA1,26.69
SMP_5397,chr16,120832059,C,T,MYC,32.99
SMP_8959,chr7,199942158,A,T,VEGFA,93.19
SMP_4948,chr5,68915581,A,G,MYC,31.89
SMP_4919,chr9,162992472,C,T,MYC,55.04
SMP_9249,chr17,198761508,T,G,TP53,59.91
SMP_6221,chr14,102084577,C,A,MYC,76.76
SMP_1940,chr18,78350058,C,G,MYC,53.51
SMP_1271,chr18,80783653,C,A,MTHFR,32.62
SMP_5153,chr15,172660088,C,G,IL6,56.43
SMP_3126,chr22,26153850,G,T,TNF,23.72
SMP_2521,chr14,68917492,A,C,MYC,88.94
SMP_7349,chr21,81094065,T,G,TNF,77.27
SMP_4850,chrX,169376655,T,A,IL6,49.01
SMP_1163,chr12,119133350,A,G,TP53,28.73
SMP_2495,chr11,155460314,A,G,MYC,79.8
SMP_4007,chr12,245968823,C,A,APOE,50.07
SMP_5114,chr9,143111817,G,T,MYC,92.97
SMP_9514,chr1,140617498,A,C,MYC,83.46
SMP_5754,chr7,50158197,G,C,BRCA1,72.41
SMP_5883,chr9,94859184,A,G,MTHFR,53.81
SMP_3827,chr19,148441768,G,C,VEGFA,90.14
SMP_2700,chr20,75402108,T,G,APOE,72.78
SMP_3757,chr1,153056929,A,G,MYC,93.63
SMP_9053,chr7,239585612,C,G,MYC,48.85
SMP_8951,chrX,72459217,A,C,BRCA1,54.42
SMP_9839,chr6,82974644,T,A,MTHFR,25.01
SMP_1632,chr10,57251429,G,T,TP53,75.15
SMP_2534,chr6,76564805,A,C,BRCA2,56.53
SMP_2463,chr12,27142080,A,C,MYC,24.4
SMP_8025,chr7,95789110,T,C,TNF,80.13
SMP_4027,chr3,14340713,G,C,MTHFR,22.46
SMP_5946,chr5,161342583,T,A,TNF,96.51
SMP_8940,chr11,197610026,T,C,BRCA1,34.29
SMP_9981,chr15,97199356,T,C,MTHFR,73.82
SMP_8870,chr4,185071514,A,C,TNF,28.01
SMP_5931,chr17,232517043,C,A,BRCA1,29.04
SMP_1276,chr10,155441393,A,G,MYC,28.28
SMP_7682,chr12,159886041,T,G,VEGFA,92.66
SMP_5192,chr21,22952163,G,C,BRCA1,89.4
SMP_3120,chr15,125030146,G,C,APOE,81.92
SMP_6634,chr21,149734724,A,T,MTHFR,50.24
SMP_6179,chr15,75463749,A,G,BRCA2,55.31
SMP_3124,chr7,63110188,G,T,IL6,95.1
SMP_2429,chr18,207345437,A,C,BRCA2,65.59
SMP_8632,chr18,107384045,A,C,MYC,60.55
SMP_2317,chr19,37105994,A,T,IL6,34.32
SMP_9473,chr12,10153515,C,G,TP53,85.92
SMP_2859,chr2,158262381,G,C,BRCA1,89.33
SMP_9791,chr16,130651012,T,G,VEGFA,37.14
SMP_3256,chr19,175198465,C,T,TP53,80.96
SMP_4066,chr8,96892204,C,T,BRCA2,43.55
SMP_8196,chr21,86128660,G,A,IL6,95.47
SMP_9263,chr14,135962414,A,T,IL6,58.54
SMP_5594,chr2,166276348,T,G,MYC,65.63
SMP_9159,chr8,87071204,T,C,MYC,86.75
SMP_1297,chr4,182631695,T,C,APOE,42.91
SMP_4363,chr8,189469992,T,C,VEGFA,73.97
SMP_1129,chr5,71617557,C,A,VEGFA,47.21
SMP_3652,chr18,242090436,T,G,IL6,54.42
SMP_7262,chr11,65150934,A,C,MYC,97.84
SMP_8542,chr13,158973353,G,C,TNF,52.38
SMP_6397,chr21,191140511,G,T,TNF,55.23
SMP_1552,chr3,168769971,G,C,MTHFR,20.53
SMP_7775,chr22,83377330,T,G,VEGFA,49.08
SMP_1040,chr1,11655761,C,G,TP53,28.45
SMP_7104,chr2,204931209,G,C,BRCA2,70.58
SMP_6702,chr13,61713366,A,G,IL6,33.08
SMP_4130,chr5,25526060,T,C,IL6,40.39
SMP_1226,chr20,43616392,A,G,TNF,56.07
SMP_7429,chr14,50631594,A,C,MTHFR,78.44
SMP_2396,chr20,134155457,T,G,BRCA1,62.61
SMP_4085,chr1,181377406,G,T,BRCA1,73.01
SMP_5271,chr12,140474600,C,T,APOE,96.81
SMP_3086,chr14,81556510,A,T,MTHFR,31.29
SMP_5917,chr3,87304384,G,T,MTHFR,73.49
SMP_4577,chr13,25709601,T,A,TP53,27.44
SMP_3669,chr18,212495928,A,G,TNF,81.19
SMP_3199,chr13,158459203,C,A,TP53,96.24
SMP_1424,chr6,141593544,T,A,MYC,69.87
SMP_7711,chr9,24994635,G,C,EGFR,91.35
SMP_6201,chr15,203267857,C,A,EGFR,96.65
SMP_6480,chrX,236790444,T,G,TNF,81.06
SMP_3305,chr10,197886328,G,C,BRCA1,46.2
SMP_8966,chr5,178871941,C,A,TNF,28.29
SMP_9354,chr2,190822582,T,A,TP53,79.78
SMP_4310,chrY,214926788,G,C,EGFR,24.46
SMP_1606,chr14,242466503,C,T,MTHFR,96.97
SMP_7456,chr20,74840408,G,T,BRCA2,81.47
SMP_6965,chr19,243140619,T,G,EGFR,77.31
SMP_4248,chr19,153646843,C,A,APOE,69.4
SMP_8304,chr9,121329574,A,C,TP53,52.13
SMP_4505,chr15,242676636,C,T,MYC,69.21
SMP_8858,chr11,107423572,T,C,APOE,58.61
SMP_8781,chr3,46706417,G,T,IL6,86.69
SMP_3824,chr16,43709054,T,G,IL6,28.9
SMP_7731,chr17,193207442,T,C,TP53,65.3
SMP_6106,chr4,25622652,C,T,APOE,64.19
SMP_4376,chr17,209598543,C,T,APOE,48.4
SMP_2846,chr19,32441048,T,G,VEGFA,81.35
SMP_9155,chr3,46783312,G,T,MYC,98.37
SMP_9338,chr4,179110925,T,G,APOE,72.45
SMP_2313,chr1,105433486,T,G,MTHFR,39.78
SMP_6355,chr11,47311096,A,C,MTHFR,21.81
SMP_1708,chr8,202733388,A,G,MTHFR,50.7
SMP_7698,chr12,93248931,T,A,TP53,31.09
SMP_3015,chr4,142859569,A,C,MYC,83.66
SMP_7090,chr4,92183818,T,A,TP53,45.99
SMP_1684,chr14,150199957,A,T,TP53,21.7
SMP_1533,chr8,35632247,T,C,EGFR,37.59
SMP_7431,chr16,80002878,C,A,TP53,35.75
SMP_2062,chr1,57192756,G,T,BRCA2,60.33
SMP_5153,chr8,177421813,G,A,TNF,54.05
SMP_4708,chr2,9614705,C,G,MYC,53.68
SMP_5302,chr9,181361584,T,C,TNF,43.99
SMP_5535,chr4,203118352,G,T,MYC,93.36
SMP_5355,chrX,174285007,A,C,BRCA2,41.36
SMP_6046,chr22,189431064,C,G,TNF,99.49
SMP_2752,chr17,23864673,T,A,VEGFA,97.11
SMP_8591,chr16,206580736,G,C,EGFR,44.74
SMP_9376,chrX,232372409,A,G,VEGFA,58.99
SMP_5447,chr21,216967714,G,A,TP53,74.37
SMP_8135,chr13,143918461,T,C,BRCA1,81.69
SMP_9680,chr11,3561862,G,A,MYC,75.68
SMP_8910,chr9,168776632,G,A,TNF,86.18
SMP_4064,chr2,96161978,A,C,MTHFR,81.3
SMP_5432,chr16,198141092,C,T,APOE,21.75
SMP_3434,chr8,37838214,G,A,TNF,58.7
SMP_1144,chr15,246393240,T,G,IL6,25.62
SMP_7531,chr11,233412428,T,G,BRCA1,89.83
SMP_7083,chr10,153835437,T,G,APOE,20.4
SMP_2476,chr9,23159488,G,C,IL6,41.07
SMP_1917,chr17,36475699,T,A,VEGFA,90.5
SMP_3713,chr14,211337026,A,G,TP53,57.95
SMP_9721,chr17,55792241,T,G,MYC,77.74
SMP_4128,chr9,115126366,A,C,TNF,26.47
SMP_7048,chr8,23023580,G,A,TNF,27.41
SMP_9757,chr21,249418050,C,G,VEGFA,62.9
SMP_8217,chr22,10456336,G,C,MTHFR,62.82
SMP_9913,chr17,246777825,A,C,TP53,34.43
SMP_1315,chr19,195023510,G,T,MYC,93.8
SMP_2597,chr8,15815938,A,C,TP53,68.12
SMP_6762,chr18,96855115,T,C,MYC,41.16
SMP_6827,chr22,92718265,G,A,APOE,66.09
SMP_9078,chr20,63758496,T,C,MTHFR,23.96
SMP_2661,chr16,83760960,T,A,TNF,97.74
SMP_4262,chr15,212976907,A,T,APOE,51.22
SMP_9057,chr19,229221140,C,T,BRCA1,60.13
SMP_8721,chr1,182207512,A,T,BRCA2,60.24
SMP_3527,chr5,94783171,C,A,VEGFA,57.1
SMP_5408,chr16,9775828,A,C,TP53,77.64
SMP_1477,chr10,71832676,T,C,BRCA2,41.16
SMP_7805,chr1,172245089,A,T,BRCA1,52.84
SMP_9062,chr7,130396088,C,A,MTHFR,62.24
SMP_8150,chr16,16611057,A,T,VEGFA,98.1
SMP_9243,chr13,141499481,G,A,MTHFR,35.49
SMP_9110,chr4,12579764,C,T,TNF,59.68
SMP_2306,chr2,58837248,C,G,EGFR,35.7
SMP_1501,chr22,159655867,C,T,IL6,55.82
SMP_6430,chr3,237742805,A,G,BRCA1,60.39
SMP_1891,chr16,202983822,C,G,TP53,24.71
SMP_3761,chr5,7910006,T,A,BRCA2,34.39
SMP_3657,chr13,104734272,C,T,BRCA1,62.68
SMP_3383,chrY,105870287,A,T,VEGFA,80.37
SMP_2637,chr6,231653252,G,T,BRCA2,43.99
SMP_3586,chr6,41411951,G,C,IL6,70.0
SMP_2680,chr20,27391745,T,A,TP53,71.1
SMP_9701,chr4,220690542,C,T,VEGFA,20.81
SMP_8530,chr4,38798017,C,T,MTHFR,37.72
SMP_8308,chr1,191443115,T,A,IL6,46.5
SMP_7316,chr1,119041371,C,A,MYC,75.66
SMP_9685,chr21,5307885,G,A,VEGFA,34.11
SMP_8335,chr1,37809630,C,A,MYC,94.49
SMP_3908,chr10,156138975,G,A,BRCA2,86.54
SMP_2914,chr20,211157937,A,T,BRCA1,87.17
SMP_4585,chr18,15994858,A,G,APOE,65.36
SMP_1950,chr12,120667942,T,C,TP53,31.02
SMP_2516,chr18,129369573,G,T,IL6,80.35
SMP_8313,chr5,23996773,C,A,MTHFR,64.11
SMP_3632,chr2,157767398,G,T,BRCA1,49.55
SMP_2830,chr5,50984105,A,G,TNF,66.85
SMP_5409,chr15,203697714,A,G,BRCA1,75.7
SMP_2831,chr2,241758894,G,T,BRCA1,37.38
SMP_1853,chr7,47511484,A,C,TP53,89.24
SMP_7066,chr2,156997662,C,G,BRCA2,70.01
SMP_2003,chr6,217510639,A,G,BRCA1,62.59
SMP_8029,chr15,13738042,A,C,MTHFR,48.11
SMP_7076,chr14,107928356,G,T,TNF,25.97
SMP_8423,chr3,98843734,A,T,MYC,91.07
SMP_9272,chr20,55757075,G,C,TP53,82.1
SMP_8064,chr8,82918002,T,A,TP53,56.64
SMP_8522,chr2,71101146,C,A,MYC,39.84
SMP_1430,chrX,174053247,T,G,EGFR,28.07
SMP_3323,chr7,161689046,C,A,IL6,98.34
SMP_2877,chr7,228047367,G,A,MTHFR,39.21
SMP_9116,chr1,189897642,G,T,IL6,44.61
SMP_8372,chr4,12717881,A,G,BRCA2,85.54
SMP_3020,chr13,124894038,T,A,APOE,94.85
SMP_1032,chr16,111132767,T,C,APOE,62.63
SMP_6370,chr9,228796197,A,C,MYC,35.27
SMP_3666,chr4,88731208,A,C,TNF,98.35
SMP_2064,chr16,103226704,A,T,TNF,44.48
SMP_6026,chr14,84891673,A,C,IL6,75.11
SMP_3049,chr13,2108763,T,C,BRCA1,64.9
SMP_5590,chr19,209019168,A,T,BRCA2,85.67
SMP_2747,chr4,4100584,T,G,EGFR,46.56
SMP_6078,chr8,68732456,G,A,BRCA1,73.14
SMP_9484,chrX,126693061,T,C,BRCA1,52.37
SMP_4893,chr4,245210579,G,A,IL6,35.43
SMP_7563,chr14,38445961,T,C,MYC,48.21
SMP_6719,chr10,2615091,C,T,TP53,23.44
SMP_1120,chr18,151886979,T,A,BRCA1,65.82
SMP_8059,chr11,154556238,T,G,BRCA2,89.26
SMP_9296,chr22,84962044,T,A,APOE,27.24
SMP_9768,chr20,138929812,T,A,TNF,30.94
SMP_1466,chrY,135795751,C,T,IL6,41.47
SMP_2402,chr19,228200980,G,T,BRCA1,36.41
SMP_9243,chr8,76681957,T,C,BRCA2,26.67
SMP_9975,chrY,45923522,G,C,MYC,88.62
SMP_3612,chr2,78035990,C,G,TP53,39.56
SMP_5202,chr2,56957639,C,T,MTHFR,82.95
SMP_9589,chr3,6907955,C,G,MTHFR,99.14
SMP_4022,chr10,94050648,C,G,TP53,39.57
SMP_4199,chr5,161548446,G,A,VEGFA,35.55
SMP_4001,chr6,222436989,T,A,APOE,48.47
SMP_4172,chr20,118612310,C,T,TP53,69.66
SMP_6695,chr4,21011567,A,G,MTHFR,68.63
SMP_5339,chr11,21589483,A,C,VEGFA,80.2
SMP_3020,chr14,137077712,A,G,MYC,49.66
SMP_1766,chr5,112633591,G,T,MYC,84.07
SMP_5728,chr19,193116128,C,A,MTHFR,73.25
SMP_7373,chr13,89040838,C,G,MTHFR,82.14
SMP_7339,chr5,11726215,C,G,TNF,83.83
SMP_3822,chrX,52733480,A,C,IL6,65.63
SMP_1040,chr7,86072931,C,G,MYC,39.4
SMP_4181,chr20,181302399,A,G,APOE,76.39
SMP_9544,chr10,206040752,C,T,MTHFR,34.98
SMP_4012,chr2,135753612,A,T,EGFR,68.3
SMP_1787,chr17,217468701,G,A,MYC,55.92
SMP_3725,chr17,163034255,T,G,BRCA2,79.56
SMP_1350,chr19,54170551,G,T,BRCA2,30.78
SMP_4324,chr18,187961302,G,A,BRCA1,45.58
SMP_9577,chrY,203847875,A,G,TNF,80.01
SMP_9104,chr4,244082169,C,A,EGFR,68.64
SMP_4393,chr16,65025034,T,A,EGFR,58.12
SMP_6275,chr12,146625794,A,G,MTHFR,37.48
SMP_8729,chr20,235364281,C,A,IL6,60.2
SMP_2283,chr17,155799989,T,G,BRCA2,46.69
SMP_2387,chr9,108309737,A,T,BRCA1,87.73
SMP_8830,chr1,58798453,T,A,TP53,45.89
SMP_1934,chr6,236104534,C,G,TP53,99.34
SMP_8739,chr22,205596772,G,C,MTHFR,67.73
SMP_4162,chr9,168531985,T,G,EGFR,39.12
SMP_7580,chr7,3093083,C,A,BRCA2,47.68
SMP_3844,chr22,145282357,A,C,TP53,54.36
SMP_7148,chr6,212296848,C,A,TNF,31.95
SMP_6875,chr15,74844200,G,C,IL6,47.48
SMP_4975,chr6,155550284,A,T,BRCA1,83.81
SMP_6462,chr11,138726978,G,C,BRCA2,22.58
SMP_3640,chr16,190855824,G,C,EGFR,37.6
SMP_3889,chr16,119872459,C,T,IL6,70.47
SMP_8321,chr17,23634977,T,C,APOE,23.2
SMP_4576,chr3,53937522,T,A,MYC,79.29
SMP_7020,chr2,211338131,T,A,APOE,98.31
SMP_9280,chr21,107272551,A,T,EGFR,91.85
SMP_9243,chr16,206426836,T,C,BRCA2,21.06
SMP_1155,chr5,38009502,C,A,MYC,69.15
SMP_4924,chr15,42233416,A,T,EGFR,32.83
SMP_6403,chr7,208867266,T,G,EGFR,72.3
SMP_1548,chr7,193638685,C,T,BRCA2,67.12
SMP_4887,chr9,85470672,G,A,TNF,58.11
SMP_3176,chr22,237805244,C,A,VEGFA,72.49
SMP_7907,chr18,221726155,T,C,TNF,94.8
SMP_5334,chr9,175829210,G,A,TNF,94.69
SMP_6778,chr11,71372400,T,G,MTHFR,92.2
SMP_2513,chr20,5945835,C,T,TP53,32.13
SMP_9161,chr2,158554948,G,T,TNF,74.69
SMP_1461,chr2,82667480,G,A,TNF,85.17
SMP_8905,chr22,126388090,C,T,APOE,23.9
SMP_7018,chr17,70731146,C,G,TNF,29.09
SMP_7989,chr22,58031182,A,T,BRCA2,68.47
SMP_7681,chr4,231461258,A,T,IL6,46.28
SMP_7640,chrY,54042237,G,A,TP53,30.66
SMP_1702,chr12,58261902,A,C,MTHFR,50.02
SMP_8494,chr2,27437518,A,G,IL6,65.11
SMP_4840,chr19,242105115,C,G,APOE,94.29
SMP_4035,chr10,32803130,A,T,MTHFR,77.43
SMP_2636,chr15,14486741,G,T,BRCA1,88.8
SMP_2287,chr22,45038570,G,C,MYC,43.89
SMP_3576,chr17,85566934,A,T,MTHFR,52.44
SMP_8470,chr12,98350545,G,T,BRCA1,72.9
SMP_2144,chr17,78909004,T,C,TP53,27.3
SMP_4357,chr22,141018480,G,A,MTHFR,59.23
SMP_7444,chr20,51035552,T,C,TNF,59.32
SMP_7710,chr14,70201769,A,G,APOE,50.22
SMP_7919,chr16,59418769,G,A,TP53,64.48
SMP_6454,chrX,49486270,C,T,IL6,53.62
SMP_5529,chrX,246460667,C,A,IL6,90.18
SMP_3093,chrX,119624776,G,C,IL6,85.89
SMP_7542,chr5,49351999,T,G,MYC,79.11
SMP_7618,chr18,33677408,T,G,TP53,90.24
SMP_5340,chr5,44272825,G,T,BRCA2,55.66
SMP_5670,chr4,114806426,C,T,APOE,73.76
SMP_1734,chr15,115564145,T,A,MTHFR,36.67
SMP_8239,chr6,175393166,C,G,VEGFA,39.42
SMP_3083,chr8,129892505,G,A,BRCA1,44.9
SMP_3285,chr17,79489435,A,T,BRCA1,78.27
SMP_1247,chr12,214572273,A,G,IL6,62.54
SMP_5841,chr20,164263199,A,C,MTHFR,85.69
SMP_6550,chr11,50200740,A,C,BRCA1,72.41
SMP_8800,chr17,98530873,A,G,VEGFA,51.32
SMP_8789,chr18,14378639,A,G,EGFR,65.93
SMP_4224,chr6,8918884,A,G,VEGFA,63.72
SMP_7705,chr13,193634281,T,G,MTHFR,52.78
SMP_9835,chr21,49908938,C,G,MYC,75.26
SMP_7711,chr14,20517209,C,G,BRCA2,60.25
SMP_7082,chr8,204614079,T,G,VEGFA,50.28
SMP_2181,chr16,178220544,C,T,VEGFA,69.04
SMP_8362,chr22,125443175,C,G,TP53,56.96
SMP_2100,chr13,129801489,C,G,EGFR,54.22
SMP_7539,chr16,62932460,T,C,BRCA1,42.73
SMP_4577,chr2,110483051,G,A,MYC,34.78
SMP_9355,chr11,106589334,A,C,TNF,72.24
SMP_1253,chr1,95185250,G,C,EGFR,87.01
SMP_3730,chr19,175143950,G,T,TP53,22.8
SMP_7769,chr7,49568309,C,T,EGFR,54.95
SMP_6095,chr18,239136719,T,C,TP53,61.97
SMP_3538,chr12,169733385,A,G,BRCA2,32.31
SMP_3196,chr5,72522046,C,A,APOE,62.24
SMP_1304,chr19,88589617,A,T,TP53,73.7
SMP_9423,chrY,227031175,C,A,TP53,58.96
SMP_6683,chr2,186454245,C,T,BRCA2,63.37
SMP_3708,chr14,193198912,G,T,EGFR,33.6
SMP_1547,chr4,64678668,T,C,TP53,26.3
SMP_7226,chr4,140961362,G,A,APOE,38.16
SMP_5051,chr17,100662544,T,G,EGFR,23.08
SMP_1159,chr11,112222778,G,C,VEGFA,75.7
SMP_4340,chr5,94709320,C,T,EGFR,73.7
SMP_9876,chr5,119328406,T,A,IL6,54.53
SMP_3765,chr2,192239928,T,A,VEGFA,93.91
SMP_8210,chr18,87380203,C,T,APOE,83.59
SMP_2659,chr2,202079374,G,A,TNF,55.99
SMP_9894,chr1,170893491,C,G,MTHFR,88.8
SMP_2637,chr12,235449255,A,G,TNF,95.61
SMP_5161,chr21,163486211,C,A,APOE,46.83
SMP_9432,chr9,224072170,A,G,IL6,28.36
SMP_8697,chr17,139939628,C,T,BRCA2,44.4
SMP_5624,chr2,206817825,T,C,BRCA1,92.28
SMP_2590,chr13,35299895,T,A,IL6,23.0
SMP_2169,chr15,53831764,A,C,MYC,82.11
SMP_5906,chr7,22072856,G,A,IL6,85.12
SMP_6351,chr15,56323544,T,C,MTHFR,89.06
SMP_3882,chr16,24861848,G,T,BRCA2,69.38
SMP_9108,chr15,12830658,A,C,TP53,78.37
SMP_1924,chr7,212231779,T,A,TP53,70.92
SMP_9599,chr15,12575137,A,C,VEGFA,43.23
SMP_9388,chr3,180626716,A,C,BRCA2,89.36
SMP_2313,chr19,42711257,T,C,BRCA1,93.26
SMP_9433,chr6,204134477,T,C,EGFR,27.45
SMP_7842,chr19,116601930,G,C,TNF,21.0
SMP_7998,chr11,179927239,T,C,VEGFA,44.48
SMP_1928,chr13,73123887,A,C,MTHFR,56.44
SMP_8664,chr7,8507045,C,A,TP53,67.86
SMP_3622,chr12,119809000,C,G,MYC,43.64
SMP_4853,chr20,62001123,T,A,VEGFA,65.42
SMP_7040,chr13,83627399,C,G,BRCA1,86.92
SMP_3412,chr20,246587799,G,T,IL6,40.18
SMP_3817,chr18,145239494,G,T,APOE,91.41
SMP_8637,chr1,85305971,A,G,MYC,62.39
SMP_9026,chr14,130817370,T,C,IL6,20.01
SMP_9272,chr14,113223147,T,A,EGFR,38.69
SMP_5898,chr2,16057911,A,G,TP53,65.21
SMP_2123,chr2,136976070,G,A,TNF,43.5
SMP_4891,chr19,90063175,G,C,IL6,86.8
SMP_6341,chr21,147629914,T,G,IL6,82.13
SMP_2188,chr22,142474140,G,A,TNF,81.05
SMP_6568,chr14,215900848,G,A,MYC,56.18
SMP_1673,chr21,175054391,G,C,VEGFA,79.55
SMP_7238,chr18,107010331,G,T,TP53,54.29
SMP_3761,chr12,143373291,T,A,BRCA1,56.93
SMP_5130,chr10,200582488,A,C,IL6,35.36
SMP_5983,chr19,208677703,T,A,BRCA1,80.05
SMP_6661,chr13,233866946,G,T,IL6,91.47
SMP_6111,chrY,52515151,T,C,MYC,33.02
SMP_1969,chr15,170979916,G,A,TNF,38.02
SMP_7956,chr6,191404872,G,A,IL6,43.11
SMP_3617,chr1,247471830,A,T,BRCA2,44.14
SMP_4040,chr7,214885483,A,G,IL6,27.61
SMP_8055,chr5,157227595,A,G,TP53,59.61
SMP_7538,chr9,18045064,C,T,MTHFR,46.48
SMP_7345,chr6,19875290,T,G,EGFR,22.21
SMP_1587,chr9,242614066,A,T,EGFR,66.3
SMP_1995,chr4,80627890,A,T,MYC,52.77
SMP_1440,chr8,202257921,T,G,EGFR,90.98
SMP_9688,chr20,220792244,C,G,TP53,32.77
SMP_8508,chr7,243595720,G,A,VEGFA,50.92
SMP_2905,chr3,88234035,C,T,MYC,41.77
SMP_7336,chr3,9527483,T,A,BRCA1,92.06
SMP_2842,chr9,216082400,C,T,BRCA1,50.14
SMP_9492,chrY,145879673,T,A,MTHFR,54.32
SMP_8095,chr7,240946319,G,C,IL6,72.76
SMP_3191,chrX,128361124,T,G,BRCA1,26.88
SMP_7164,chr1,59560738,G,A,MTHFR,41.05
SMP_1542,chrY,60651922,C,A,EGFR,69.87
SMP_4286,chr22,153991742,G,C,BRCA2,94.29
SMP_2317,chr3,110525135,C,T,TNF,51.61
SMP_8768,chr16,40844300,G,T,VEGFA,35.49
SMP_3128,chr4,39328248,T,G,TNF,36.03
SMP_5558,chr19,25894982,C,A,TP53,48.85
SMP_1593,chr8,81764003,A,G,MYC,36.97
SMP_1835,chr15,56720220,A,T,TP53,74.74
SMP_5773,chr20,170184121,C,T,VEGFA,49.52
SMP_5618,chr8,30096197,C,A,APOE,32.92
SMP_5738,chr9,177572655,T,C,IL6,21.98
SMP_4177,chr8,167204787,A,T,TP53,21.86
SMP_5763,chr21,230842103,A,T,MYC,78.01
SMP_2221,chr2,121228200,C,T,TNF,60.61
SMP_3226,chr20,195560156,T,C,BRCA1,88.6
SMP_6176,chr16,134509746,C,A,EGFR,69.75
SMP_4228,chr18,244916520,T,G,MYC,60.62
SMP_1248,chr21,240892288,T,G,TNF,21.96
SMP_4225,chr4,107087983,C,A,VEGFA,37.66
SMP_2404,chr10,115329802,G,A,APOE,69.87
SMP_3056,chr14,162287020,T,A,IL6,71.19
SMP_3053,chr8,214626909,A,C,MYC,90.75
SMP_7939,chr18,51098339,A,G,APOE,92.79
SMP_6908,chr17,16885323,C,T,APOE,65.32
SMP_8982,chr18,131840864,T,C,BRCA2,70.29
SMP_3006,chr18,91661815,C,A,TNF,75.2
SMP_5059,chr7,46615571,G,C,BRCA2,24.59
SMP_1308,chr21,93709320,G,T,APOE,71.63
SMP_6637,chr6,154919398,C,A,APOE,42.99
SMP_5835,chrX,74186688,G,A,MYC,22.92
SMP_1750,chr19,188819525,A,G,TP53,89.73
SMP_1795,chr7,173598944,T,G,BRCA2,40.78
SMP_1000,chr18,5802054,C,G,TP53,90.35
SMP_4738,chr4,64385888,T,A,BRCA2,50.31
SMP_7070,chr12,193088340,G,T,MTHFR,69.15
SMP_2474,chr13,70029646,G,T,APOE,70.26
SMP_4355,chr13,246598595,T,C,BRCA2,96.54
SMP_9356,chr10,246979862,G,T,APOE,68.47
SMP_5866,chr1,246212831,C,A,BRCA2,26.08
SMP_2411,chr8,245309536,C,G,BRCA2,96.12
SMP_1377,chr8,171079294,G,T,IL6,39.03
SMP_5265,chr5,76796006,T,A,IL6,52.81
SMP_6059,chr20,82348914,A,C,MYC,76.46
SMP_9391,chr16,225951473,G,C,BRCA2,79.48
SMP_5872,chr13,196986037,A,G,BRCA1,64.99
SMP_3360,chr7,165125629,C,T,APOE,30.41
SMP_7760,chr16,123286435,G,C,VEGFA,87.34
SMP_9820,chr20,198195771,G,T,BRCA1,90.98
SMP_5656,chr10,108358593,A,T,MYC,60.59
SMP_6297,chr14,84333147,T,G,TNF,64.31
SMP_2694,chr21,202461116,C,T,APOE,49.88
SMP_6146,chr1,227789971,C,G,BRCA1,71.79
SMP_6482,chr11,68449316,T,G,IL6,41.37
SMP_1486,chr2,180236479,C,T,TP53,46.93
SMP_9961,chr15,170803350,T,G,MTHFR,88.62
SMP_6810,chr11,209577381,C,G,MYC,89.52
SMP_3962,chr3,200895063,A,C,MTHFR,36.3
SMP_3330,chr6,110156504,T,C,BRCA1,40.83
SMP_3689,chr13,125031419,C,A,BRCA1,21.0
SMP_2501,chr17,78826570,C,G,BRCA1,48.38
SMP_8830,chr18,108857568,A,T,VEGFA,77.03
SMP_3669,chr18,51128080,A,C,BRCA2,58.22
SMP_2817,chr12,115933168,T,C,TNF,86.34
SMP_1087,chr6,70284295,C,A,BRCA2,71.29
SMP_4180,chr5,139108135,T,G,VEGFA,37.53
SMP_7545,chr20,61482477,C,T,IL6,42.6
SMP_7921,chr21,23156723,G,C,BRCA1,80.06
SMP_3533,chr17,121842969,T,A,TNF,63.13
SMP_5844,chr10,11435872,G,A,APOE,38.24
SMP_5319,chr5,22832435,G,A,EGFR,32.26
SMP_2983,chr21,81916553,A,G,EGFR,34.43
SMP_9053,chr19,62078918,A,T,MYC,55.07
SMP_1576,chr20,165508545,T,A,MYC,75.22
SMP_2027,chr21,242236472,T,G,EGFR,67.22
SMP_2459,chr12,141876206,A,T,MTHFR,57.36
SMP_7773,chr20,176140484,A,C,IL6,59.34
SMP_4704,chr1,54769545,T,G,BRCA2,64.69
SMP_6554,chr13,197265197,C,G,TP53,79.84
SMP_2315,chr12,69720150,G,A,VEGFA,27.26
SMP_1878,chr6,227335128,T,C,MYC,68.18
SMP_9503,chr10,46407047,G,T,MTHFR,32.24
SMP_6230,chr7,34854816,A,T,MTHFR,62.02
SMP_7149,chr17,146671095,C,G,TNF,54.36
SMP_5962,chr10,25927705,T,G,APOE,75.47
SMP_5840,chr20,200331425,T,C,BRCA2,63.76
SMP_1483,chr9,38572855,G,T,TP53,23.06
SMP_4016,chr11,167764002,A,G,BRCA1,33.95
SMP_9082,chr2,117665901,A,C,VEGFA,36.46
SMP_9630,chr15,86581411,G,C,MTHFR,90.48
SMP_2946,chr5,216374764,G,C,TNF,25.85
SMP_8747,chr17,77860721,A,C,TP53,63.74
SMP_2303,chr21,48345633,A,T,TNF,81.33
SMP_9716,chr22,85197579,A,G,MTHFR,73.03
SMP_2847,chr6,155123688,G,T,BRCA2,52.56
SMP_6713,chr3,173639357,T,A,MYC,54.59
SMP_5784,chr5,1627468,T,G,MYC,32.37
SMP_3867,chr15,118781988,T,G,VEGFA,73.84
SMP_4714,chr12,132346330,T,G,MYC,54.51
SMP_1686,chr21,237566433,T,A,TP53,85.42
SMP_2312,chr16,113404207,C,T,BRCA2,96.61
SMP_4862,chr2,182630984,C,G,APOE,46.77
SMP_4047,chr19,8013415,A,C,TP53,55.37
SMP_4018,chr19,24370735,C,T,BRCA1,58.55
SMP_9535,chr5,197796012,A,C,MTHFR,39.72
SMP_5884,chr8,192303324,C,T,TP53,77.47
SMP_1727,chr22,137920422,G,C,EGFR,79.05
SMP_3425,chr12,206346085,A,G,BRCA2,81.61
SMP_9864,chr21,116754697,G,A,VEGFA,64.4
SMP_9847,chr15,188209814,G,A,APOE,69.02
SMP_7418,chr22,133586463,A,C,MTHFR,63.84
SMP_8171,chr3,129190237,A,T,MYC,43.83
SMP_7273,chr5,199127692,A,G,TNF,73.04
SMP_7341,chr2,142587471,T,C,MYC,84.34
SMP_3215,chr4,31563858,C,A,BRCA1,21.01
SMP_2875,chr20,129379619,C,T,VEGFA,24.32
SMP_3953,chr17,96549661,A,C,IL6,47.97
SMP_1230,chr18,193147898,C,A,VEGFA,41.84
SMP_9922,chr3,232726965,G,A,IL6,61.89
SMP_6680,chr13,149631360,A,T,TNF,91.18
SMP_1293,chr12,39882668,C,G,BRCA1,85.58
SMP_7447,chr3,71750974,G,T,VEGFA,24.72
SMP_9204,chr21,111024283,A,C,MTHFR,84.19
SMP_5960,chr14,190191330,G,C,APOE,31.21
SMP_4247,chr4,133205603,G,C,MYC,56.0
SMP_4598,chr5,50863196,A,G,MYC,31.58
SMP_6983,chrX,61212300,T,C,TP53,96.9
SMP_9115,chr6,239719140,A,C,VEGFA,25.0
SMP_8153,chr10,106598350,C,A,EGFR,62.13
SMP_1061,chr12,240814301,C,T,BRCA2,70.89
SMP_1897,chr17,4476105,A,G,TP53,87.87
SMP_1275,chr11,163686421,A,C,VEGFA,30.41
SMP_5967,chr12,218222000,T,G,BRCA2,99.9
SMP_3389,chr11,188238232,G,C,TNF,66.33
SMP_9638,chr17,166131022,C,A,BRCA1,89.98
SMP_5604,chr19,26885578,C,A,APOE,49.13
SMP_7855,chr14,196435832,C,G,BRCA1,23.16
SMP_3466,chr16,236965634,T,C,VEGFA,36.54
SMP_9345,chr4,42142601,C,A,IL6,88.43
SMP_9870,chr4,189933258,G,T,BRCA2,22.31
SMP_8765,chr3,26105482,T,A,TP53,27.44
SMP_3951,chr21,23916198,A,G,BRCA1,64.85
SMP_9383,chr20,190527949,C,G,VEGFA,38.28
SMP_9436,chr19,97707130,C,T,MYC,50.11
SMP_7227,chr19,50511657,C,T,BRCA2,54.89
SMP_5552,chr20,117078386,T,G,APOE,68.48
SMP_2349,chr4,43690693,C,T,TNF,46.56
SMP_4622,chr16,57023185,G,C,TP53,38.35
SMP_7482,chr15,8399616,A,T,TP53,44.2
SMP_3972,chr11,204594500,T,C,APOE,90.2
SMP_2403,chr11,214033829,C,A,APOE,77.98
SMP_4606,chr7,115058857,T,A,TP53,24.73
SMP_8253,chr3,58224716,A,C,TNF,87.58
SMP_7422,chr7,194927255,G,T,TP53,40.88
SMP_3910,chr4,13680398,A,T,BRCA1,21.55
SMP_8129,chr4,167761082,G,A,IL6,24.24
SMP_1601,chr12,140934586,A,T,EGFR,82.01
SMP_7383,chr21,5213037,G,A,APOE,21.4
SMP_9526,chr6,206523748,C,T,MTHFR,49.4
SMP_4177,chr12,160400499,T,G,EGFR,42.46
SMP_3571,chr14,21991701,C,A,IL6,69.37
SMP_5547,chr12,247495668,A,G,BRCA2,48.92
SMP_4722,chr22,176145966,G,C,IL6,45.02
SMP_8617,chr14,28578709,A,C,IL6,97.85
SMP_3858,chr5,112381556,A,C,MTHFR,36.27
SMP_5076,chr15,170670145,T,G,EGFR,26.64
SMP_2320,chr21,33686126,A,G,APOE,78.87
SMP_3609,chr12,25755769,C,T,IL6,24.45
SMP_6879,chr4,225672841,C,T,VEGFA,61.71
SMP_6970,chr17,57853702,A,G,MYC,60.16
SMP_6084,chr4,121409932,C,T,MYC,71.37
SMP_5506,chr18,10597707,A,C,VEGFA,79.02
SMP_8556,chrX,142557239,G,T,BRCA1,72.09
SMP_8040,chr15,18120626,G,C,VEGFA,86.12
SMP_6300,chr17,184473837,T,C,BRCA2,32.5
SMP_3963,chr9,198510277,T,A,BRCA2,62.97
SMP_5821,chr20,195512031,C,T,MTHFR,42.18
SMP_7237,chr14,193683365,G,A,IL6,26.2
SMP_3240,chr18,168736477,A,T,TNF,66.07
SMP_4246,chr10,244877713,G,A,IL6,97.09
SMP_1852,chr8,249284722,T,A,EGFR,28.23
SMP_7718,chr10,122661131,C,T,EGFR,50.52
SMP_7443,chr11,141595669,G,T,MTHFR,93.03
SMP_6166,chr17,142386420,C,A,BRCA1,73.88
SMP_8503,chr10,20792003,G,A,IL6,49.76
SMP_8482,chr12,112320446,A,G,MTHFR,53.04
SMP_5713,chr9,144555549,C,T,BRCA2,77.88
SMP_1133,chr4,104051500,G,T,BRCA2,48.55
SMP_1716,chr6,207638101,T,A,IL6,62.33
SMP_4176,chr14,235712928,T,A,IL6,75.47
SMP_5814,chr11,26410183,T,A,VEGFA,59.51
SMP_9449,chr2,155952201,A,C,VEGFA,64.68
SMP_8691,chrY,166642842,T,G,TP53,97.97
SMP_7854,chrX,249234663,T,G,TP53,38.64
SMP_3494,chr21,73911551,A,C,VEGFA,97.65
SMP_6042,chr15,100927538,G,A,TNF,51.25
SMP_5852,chr9,189930609,A,C,BRCA2,79.33
SMP_4180,chr13,208703206,A,G,IL6,75.07
SMP_4141,chr21,189846897,C,T,EGFR,58.36
SMP_5400,chr22,234107577,T,A,MTHFR,51.37
SMP_6330,chr3,59646024,C,T,MTHFR,32.53
SMP_3226,chr3,32349551,G,A,TNF,91.26
SMP_2973,chr9,59763918,T,G,APOE,99.1
SMP_7796,chr15,178815204,A,T,BRCA2,30.14
SMP_8141,chr12,170833319,C,T,TP53,46.38
SMP_2821,chr2,18524240,T,C,MTHFR,38.17
SMP_8648,chr6,27022304,T,G,BRCA1,25.71
SMP_3883,chr9,154356383,C,T,APOE,22.33
SMP_6817,chrY,38107016,C,A,MYC,63.43
SMP_8332,chr2,83969560,C,G,MYC,37.72
SMP_4344,chr17,60693338,A,C,MTHFR,89.35
SMP_1656,chr17,154571863,T,G,APOE,30.76
SMP_5676,chr22,191517142,T,C,BRCA2,51.26
SMP_3778,chr15,203516481,C,A,VEGFA,44.78
SMP_5329,chr12,37843045,T,C,TNF,84.78
SMP_5479,chr1,199256855,G,C,BRCA1,82.07
SMP_7356,chr21,233079055,C,T,MTHFR,39.96
SMP_4017,chr16,238982082,T,G,MYC,51.28
SMP_5903,chr5,95786624,G,C,VEGFA,25.85
SMP_1840,chr20,103001433,T,A,EGFR,44.85
SMP_1570,chr13,139766077,T,A,IL6,95.61
SMP_1970,chr5,173735061,G,T,BRCA2,51.12
SMP_4348,chr9,215365072,A,G,BRCA2,33.62
SMP_8614,chr1,165215580,A,C,BRCA2,76.59
SMP_6653,chr18,122282146,T,A,TNF,67.13
SMP_4056,chr1,110458293,G,T,VEGFA,97.26
SMP_5425,chr6,98407467,A,C,IL6,87.09
SMP_7744,chr1,62389969,T,A,MYC,54.13
SMP_8511,chr13,8136784,T,C,MTHFR,35.37
SMP_7059,chr21,89759887,T,C,TP53,53.36
SMP_3770,chr19,135075424,G,A,TNF,41.11
SMP_7873,chr14,185982694,G,A,TNF,58.53
SMP_1275,chr18,19399036,G,C,BRCA1,91.0
SMP_6327,chr20,172127043,T,A,MTHFR,44.56
SMP_8125,chr10,33874800,C,G,MYC,65.66
SMP_3444,chr2,179521756,C,A,IL6,41.76
SMP_8029,chr19,223800654,A,G,MYC,51.34
SMP_5046,chr18,70168287,T,G,TP53,46.2
SMP_7364,chr11,124167068,C,G,VEGFA,65.34
SMP_1120,chr11,127382340,A,C,IL6,31.05
SMP_1973,chr10,47191967,C,T,VEGFA,55.41
SMP_6414,chr10,35565290,G,C,BRCA1,28.8
SMP_3215,chr21,80496509,A,C,VEGFA,49.63
SMP_7948,chr15,15746514,T,G,MTHFR,22.23
SMP_1617,chr16,193757661,T,A,TP53,59.2
SMP_3269,chr18,184737818,G,T,APOE,73.9
SMP_9640,chr13,232007967,A,C,MYC,20.73
SMP_1601,chrY,40986509,A,G,MYC,21.46
SMP_8257,chr16,7739841,G,A,TNF,88.36
SMP_4219,chr5,164425403,A,T,TNF,72.02
SMP_6760,chr9,234757732,C,T,TNF,88.14
SMP_2570,chr6,6309794,T,A,BRCA1,26.77
SMP_6998,chr14,107598315,T,A,TP53,36.04
SMP_9669,chr1,204684372,C,T,BRCA1,87.65
SMP_7495,chr7,61470245,A,C,TNF,69.35
SMP_4412,chr11,235903279,T,A,IL6,42.24
SMP_3269,chr17,172212358,A,C,BRCA1,31.52
SMP_5117,chr21,95033965,T,C,TNF,62.55
SMP_6578,chr13,87281869,T,G,APOE,83.98
SMP_2969,chr1,13766156,G,C,TP53,35.6
SMP_3524,chr15,152561982,A,G,TNF,82.36
SMP_4375,chr11,27191927,T,A,VEGFA,85.56
SMP_1222,chr18,178189274,G,T,APOE,47.13
SMP_1809,chr1,169506822,A,C,EGFR,83.8
SMP_7555,chr18,164396590,C,A,IL6,91.43
SMP_6490,chr21,20424720,G,T,APOE,67.94
SMP_8916,chrY,58519547,G,T,VEGFA,64.63
SMP_8439,chr19,51192001,A,T,BRCA2,37.18
SMP_1712,chr10,213454255,G,C,BRCA1,61.68
SMP_7763,chr9,192289593,T,G,MTHFR,54.54
SMP_3222,chr19,213979878,A,T,BRCA1,76.25
SMP_1318,chr11,41967695,A,T,TNF,39.59
SMP_9009,chr14,39000834,A,C,TP53,96.29
SMP_4365,chr19,114441953,G,A,TP53,60.91
SMP_8402,chr1,6144247,A,C,BRCA2,36.11
SMP_7227,chr2,201573296,C,T,TP53,43.98
SMP_1059,chr22,98463751,A,C,TP53,42.51
SMP_1990,chr14,85831682,G,T,VEGFA,30.7
SMP_3437,chr18,106851836,T,A,EGFR,53.8
SMP_8333,chr15,112784102,G,C,MYC,51.71
SMP_7030,chr17,88402370,C,A,VEGFA,20.39
SMP_3674,chr4,204212602,T,A,BRCA2,87.99
SMP_3989,chr9,101145551,T,C,EGFR,83.26
SMP_7381,chr20,139177446,T,C,APOE,43.61
SMP_1843,chr2,137806179,A,T,APOE,32.77
SMP_2063,chr20,137945981,A,G,APOE,89.45
SMP_5661,chr8,103836070,C,G,BRCA1,71.82
SMP_6375,chr21,67597906,G,A,MTHFR,79.79
SMP_9209,chr14,58554973,T,A,TNF,81.38
SMP_3080,chr13,142626490,C,A,TP53,89.35
SMP_6838,chr17,204656135,G,T,IL6,29.93
SMP_4582,chr4,51457575,A,C,BRCA2,89.41
SMP_2247,chr20,198201413,T,C,EGFR,72.95
SMP_7180,chr21,164013577,G,A,IL6,57.52
SMP_7654,chr20,203276200,C,G,MYC,54.14
SMP_1592,chr8,44380579,A,T,EGFR,47.92
SMP_7527,chr15,117871049,C,G,TP53,46.64
SMP_2070,chr9,156028231,C,G,BRCA2,39.29
SMP_2629,chr4,163761944,C,T,TNF,34.0
SMP_3455,chr16,144043145,T,G,APOE,87.26
SMP_9850,chr19,228425503,A,C,VEGFA,32.92
SMP_2198,chr4,164157779,T,G,MTHFR,63.62
SMP_2819,chr13,91910898,T,A,TP53,36.79
SMP_4667,chr12,121063326,G,T,APOE,57.04
SMP_2153,chr12,173628541,C,T,MTHFR,63.58
SMP_8035,chr1,34753286,T,G,MYC,76.88
SMP_5806,chr5,15943566,C,T,APOE,23.68
SMP_8299,chr12,76495086,C,T,APOE,42.33
SMP_8445,chr2,173469301,G,T,MYC,51.27
SMP_9901,chr1,33873177,C,G,VEGFA,48.28
SMP_1034,chr21,83093662,C,T,VEGFA,31.47
SMP_9463,chr9,3407896,A,G,IL6,72.96
SMP_6084,chr14,187916062,A,C,MTHFR,43.26
SMP_3165,chr22,76169682,G,C,EGFR,42.98
SMP_2633,chr4,175422988,A,G,BRCA1,53.36
SMP_9067,chr9,179708786,C,G,VEGFA,74.56
SMP_3506,chr18,207130813,T,A,VEGFA,62.94
SMP_7186,chr9,82587748,T,G,APOE,86.94
SMP_5995,chr15,12999550,C,T,MTHFR,27.88
SMP_6608,chr22,72265193,A,C,EGFR,62.84
SMP_3670,chr2,230787682,A,G,TP53,75.91
SMP_7599,chr8,64921257,C,A,TNF,84.41
SMP_9149,chr5,207999012,C,A,MTHFR,69.56
SMP_1378,chr5,65419302,G,A,EGFR,86.38
SMP_9998,chr20,163079325,C,A,BRCA2,77.38
SMP_2431,chr9,138375152,T,C,MYC,22.43
SMP_7226,chr7,222352729,T,A,EGFR,49.86
SMP_1363,chr10,239784790,A,T,VEGFA,50.78
SMP_8173,chr14,189268518,T,A,EGFR,68.15
SMP_6142,chr7,45405247,C,T,EGFR,90.03
SMP_8548,chr9,227734150,A,G,TP53,65.68
SMP_8454,chr19,205645210,C,T,IL6,89.41
SMP_2590,chr12,171909632,G,T,EGFR,99.53
SMP_3017,chr17,86699206,A,G,TNF,69.7
SMP_4870,chr20,210530661,G,A,EGFR,44.9
SMP_1526,chr7,170284227,C,G,IL6,99.75
SMP_3975,chr18,145149145,G,T,TP53,84.35
SMP_4160,chr15,213141907,C,G,TNF,50.89
SMP_6952,chr12,89616435,T,C,APOE,29.94
SMP_2860,chr8,33164869,G,C,MTHFR,88.11
SMP_9531,chr11,67045151,C,T,VEGFA,69.32
SMP_2572,chr21,69473641,C,T,EGFR,77.08
SMP_7007,chrY,153916506,A,T,MTHFR,53.51
SMP_1903,chr18,4199829,C,A,APOE,80.62
SMP_6011,chr9,63122546,G,A,MYC,66.33
SMP_6168,chr9,119156771,A,T,BRCA1,37.45
SMP_7431,chr17,49269884,T,A,APOE,91.34
SMP_7786,chr13,228006426,T,G,TP53,82.41
SMP_4701,chr15,5171172,T,A,VEGFA,79.97
SMP_4802,chr21,184499495,C,T,APOE,99.44
SMP_2594,chr10,194521068,C,T,MTHFR,54.0
SMP_3769,chr8,171408639,G,T,BRCA1,92.36
SMP_8590,chr8,171066197,G,T,EGFR,20.5
SMP_5367,chr21,103041451,G,A,TP53,78.97
SMP_6223,chr4,113857280,C,G,APOE,90.06
SMP_1626,chr10,86628740,C,A,EGFR,32.8
SMP_4617,chr22,40752936,C,T,BRCA1,23.44
SMP_8955,chr9,152843142,T,A,APOE,96.07
SMP_2540,chr6,55639851,G,T,APOE,70.32
SMP_5695,chr9,159014801,A,T,MTHFR,56.48
SMP_3709,chr1,98305929,G,A,TNF,50.27
SMP_9730,chr10,162726093,T,G,MTHFR,92.22
SMP_8307,chr5,154980139,C,G,TNF,78.72
SMP_1815,chr5,184890265,C,T,EGFR,75.78
SMP_6031,chr19,73071350,A,T,TNF,46.99
SMP_4001,chr13,34670799,T,G,TP53,95.2
SMP_5343,chr4,212169843,C,G,IL6,22.73
SMP_2555,chr17,74295081,G,T,TNF,23.12
SMP_6496,chr13,25843510,C,G,MTHFR,71.12
SMP_6358,chr14,243971162,A,T,EGFR,35.98
SMP_6078,chr19,198710542,A,C,TP53,20.25
SMP_2563,chr4,105189617,T,G,MTHFR,57.92
SMP_9722,chr9,65245929,G,A,IL6,36.97
SMP_4893,chr5,117009400,T,A,MYC,59.35
SMP_4762,chr12,149100730,G,C,BRCA2,32.76
SMP_4216,chr8,53061852,T,A,BRCA2,83.87
SMP_6478,chrY,124989510,A,T,BRCA2,55.69
SMP_8697,chr8,103296404,C,G,TNF,96.24
SMP_7072,chr10,221391646,A,G,BRCA2,28.58
SMP_8904,chr20,37587280,G,C,VEGFA,68.08
SMP_9094,chr6,173291478,T,G,TP53,91.35
SMP_2087,chr4,225590187,A,G,MYC,97.47
SMP_9039,chr6,217728353,G,A,TNF,82.06
SMP_4318,chr22,166852670,A,T,EGFR,84.37
SMP_7319,chr17,23632120,A,G,IL6,99.56
SMP_4273,chr22,32519810,A,T,BRCA1,63.04
SMP_5857,chr15,37255887,G,A,APOE,87.73
SMP_6042,chr4,127552677,G,T,EGFR,63.35
SMP_3765,chr8,105170944,C,T,TNF,63.14
SMP_7273,chr7,82805009,T,A,MTHFR,39.02
SMP_3351,chr15,101834317,A,G,BRCA1,85.02
SMP_5587,chr13,222584735,G,A,BRCA2,34.26
SMP_9295,chrX,83959697,G,T,TNF,43.45
SMP_4927,chr22,49775704,T,A,VEGFA,30.94
SMP_9289,chr18,166260756,A,C,MTHFR,98.88
SMP_3087,chr21,175485581,G,C,TNF,91.19
SMP_1765,chr8,87104751,T,C,BRCA1,98.17
SMP_4325,chr7,145695989,G,A,BRCA1,72.17
SMP_9880,chr17,186403698,T,G,VEGFA,58.96
SMP_3256,chr10,207510332,G,C,EGFR,59.82
SMP_9027,chr18,174843706,G,T,EGFR,84.12
SMP_8717,chr22,64368063,A,T,BRCA1,20.83
SMP_8193,chr17,232705543,A,G,EGFR,31.46
SMP_7422,chr16,217723974,A,G,VEGFA,78.64
SMP_2533,chr20,59601822,C,G,IL6,75.77
SMP_5990,chr16,61135682,C,A,BRCA2,55.98
SMP_7815,chr3,70171282,T,G,BRCA1,63.17
SMP_3703,chr6,221567682,C,A,MTHFR,20.51
SMP_6904,chr9,39080923,C,G,IL6,42.92
SMP_8237,chr19,232053694,C,A,BRCA2,72.59
SMP_2324,chr5,105635613,G,A,BRCA2,55.12
SMP_9239,chr8,191263657,G,C,EGFR,89.67
SMP_5775,chr2,232349292,A,T,APOE,46.21
SMP_6484,chr22,14482816,A,C,VEGFA,49.57
SMP_4273,chr17,58065469,A,G,BRCA1,35.46
SMP_9149,chr22,6917648,T,G,IL6,41.61
SMP_5638,chrX,184194068,C,A,TP53,32.46
SMP_3887,chr19,113978719,C,T,BRCA2,67.89
SMP_8268,chr4,83134232,T,G,EGFR,37.87
SMP_9706,chr16,204645461,G,T,TNF,57.02
SMP_8296,chr15,151951549,T,C,EGFR,61.97
SMP_5141,chr21,214272311,G,T,BRCA1,20.74
SMP_6454,chr3,231355693,A,C,TP53,64.91
SMP_1858,chr19,122914665,A,C,BRCA2,24.29
SMP_1106,chr14,78871237,T,A,VEGFA,92.15
SMP_1307,chrY,166443620,C,G,IL6,96.37
SMP_8916,chr22,18753222,G,C,APOE,26.78
SMP_5991,chr16,155437028,A,T,VEGFA,59.19
SMP_1093,chr11,160436686,A,T,BRCA1,34.91
SMP_2943,chr3,5358494,G,C,BRCA2,53.09
SMP_8177,chr15,198425771,C,T,APOE,23.13
SMP_2101,chr12,142409806,A,G,EGFR,74.76
SMP_1522,chr22,157493841,T,A,TNF,88.83
SMP_4000,chr6,137691115,C,A,MYC,65.4
SMP_8179,chr1,120902608,C,T,BRCA1,45.12
SMP_8720,chr13,185097902,T,G,IL6,73.41
SMP_5259,chr2,141436239,A,C,BRCA1,78.18
SMP_7359,chr5,113916018,A,T,IL6,69.9
SMP_8321,chr18,128500717,C,T,APOE,97.98
SMP_7316,chr15,117755915,C,T,EGFR,83.55
SMP_6211,chr2,114333969,G,C,IL6,30.36
SMP_8607,chr14,8743884,T,C,MTHFR,52.42
SMP_4299,chr19,170011684,T,G,APOE,91.62
SMP_7173,chr5,221764326,G,T,TNF,68.62
SMP_2022,chr17,200386271,C,A,VEGFA,69.41
SMP_2818,chrX,227598482,C,A,VEGFA,56.69
SMP_3715,chr18,91828817,A,G,EGFR,24.07
SMP_8886,chr18,117614635,T,A,EGFR,75.49
SMP_3754,chr9,126992393,C,T,TP53,25.85
SMP_8838,chr19,196802386,C,T,APOE,63.26
SMP_2177,chr18,70796263,T,A,BRCA2,99.84
SMP_6236,chr16,104063463,A,G,EGFR,72.98
SMP_1059,chr14,146358189,G,A,APOE,99.11
SMP_1232,chr7,30295333,G,A,TNF,56.05
SMP_6648,chr17,83921307,A,G,EGFR,83.41
SMP_1313,chr14,229325973,G,A,IL6,77.35
SMP_6728,chr3,192804953,A,T,TP53,96.48
SMP_9247,chr5,184753895,G,A,APOE,40.16
SMP_3509,chr3,129417208,G,A,MYC,52.05
SMP_8083,chr9,60913329,A,G,MYC,96.62
SMP_2667,chr13,189867059,A,T,BRCA1,59.35
SMP_4094,chr2,249043732,C,A,VEGFA,85.1
SMP_6269,chr21,29825823,A,T,EGFR,59.01
SMP_2435,chr5,165042296,A,G,VEGFA,57.47
SMP_3275,chr15,135920599,T,C,VEGFA,50.76
SMP_6461,chr4,206390365,G,C,BRCA1,21.91
SMP_4896,chr11,200868721,C,A,EGFR,33.83
SMP_2698,chr1,63118009,T,G,TP53,20.74
SMP_8792,chr19,34252323,T,A,IL6,42.25
SMP_5598,chr17,113752480,T,G,MYC,28.48
SMP_1872,chr21,84988771,C,T,TP53,22.93
SMP_5220,chr6,243364589,T,C,APOE,40.61
SMP_1428,chr13,218266787,A,C,IL6,24.96
SMP_8771,chr16,57137450,C,T,MYC,69.89
SMP_1665,chr8,183263975,G,C,APOE,51.29
SMP_2478,chr2,249963132,T,A,MYC,33.47
SMP_7203,chr5,27415356,T,C,MYC,67.34
SMP_6554,chr8,121292222,A,G,TNF,79.0
SMP_5812,chr9,204151941,G,A,TNF,36.83
SMP_9453,chr1,1380278,T,G,TNF,71.49
SMP_7272,chr8,42417794,G,T,TNF,84.26
SMP_9744,chr6,184081754,G,A,TNF,56.66
SMP_7102,chr22,83001386,T,C,EGFR,72.91
SMP_6303,chr22,183392991,C,G,MYC,46.44
SMP_6625,chr7,75555082,G,A,BRCA2,34.59
SMP_3034,chr12,49542694,T,C,APOE,82.92
SMP_8407,chrY,161513762,T,G,BRCA1,35.79
SMP_6736,chr18,220433322,C,G,EGFR,55.63
SMP_5134,chr1,56375962,A,T,BRCA2,22.15
SMP_5624,chr10,97927066,C,G,VEGFA,87.66
SMP_8510,chr13,148192470,T,G,IL6,34.46
SMP_5215,chr3,155377858,C,T,APOE,67.78
SMP_3528,chr16,243115083,G,T,MTHFR,91.29
SMP_1289,chr11,172149993,A,C,APOE,70.55
SMP_1079,chr4,157171403,C,A,MTHFR,27.33
SMP_7615,chr20,205566862,T,A,TNF,96.7
SMP_3153,chr14,73968942,T,G,TNF,73.33
SMP_8156,chr19,111254086,G,A,TNF,28.97
SMP_2417,chr17,38686365,A,T,IL6,70.35
SMP_7216,chr9,223264927,T,A,MTHFR,50.88
SMP_3958,chr11,34960662,C,A,MTHFR,81.41
SMP_2647,chr1,58967486,G,C,MTHFR,68.03
SMP_5108,chr5,71333867,T,G,MTHFR,79.46
SMP_9140,chr15,87263112,C,T,IL6,53.68
SMP_2339,chr6,238500843,G,A,EGFR,79.14
SMP_1109,chr18,54455112,G,T,TNF,53.49
SMP_8695,chr2,112423693,G,A,APOE,69.22
SMP_8913,chr22,3830728,C,A,MTHFR,25.92
SMP_7065,chr12,36239485,A,C,BRCA1,57.8
SMP_3674,chr5,53187124,T,C,BRCA1,81.7
SMP_8361,chr6,244041322,G,A,TNF,54.58
SMP_3231,chr9,160793533,T,G,APOE,68.13
SMP_5756,chrX,210253492,C,A,IL6,38.6
SMP_3101,chr21,129670272,A,C,BRCA2,95.54
SMP_1575,chr2,176991106,A,T,APOE,60.95
SMP_8216,chr14,205007297,C,A,BRCA2,29.02
SMP_7603,chr12,59219373,A,G,VEGFA,26.18
SMP_5383,chr14,11424710,A,T,MTHFR,88.78
SMP_1911,chr6,1303122,C,T,APOE,67.33
SMP_4581,chr22,221275156,A,G,BRCA2,20.69
SMP_8000,chr17,154367062,A,G,APOE,80.06
SMP_1240,chr7,174477084,G,C,APOE,35.55
SMP_6266,chr8,129053794,G,A,MYC,96.06
SMP_6758,chr20,133219094,G,A,BRCA2,58.32
SMP_5911,chr18,181105892,A,T,EGFR,48.43
SMP_4109,chr18,17456602,T,C,MYC,62.66
SMP_7940,chr14,69393543,C,T,TP53,87.25
SMP_8495,chr20,180579715,G,T,MTHFR,86.15
SMP_4552,chr16,91452579,A,G,BRCA1,43.0
SMP_6161,chr11,213543787,T,G,APOE,43.38
SMP_9219,chrY,217519882,G,C,TNF,59.71
SMP_4474,chr18,199385063,A,G,TNF,97.49
SMP_1096,chr10,210620330,T,A,TNF,70.99
SMP_8919,chr11,74484854,T,C,TNF,91.61
SMP_2307,chr14,126350482,T,G,APOE,21.32
SMP_3014,chr8,173761453,G,T,MYC,46.72
SMP_1861,chr21,6577948,T,A,BRCA2,55.38
SMP_4642,chr22,158384274,A,T,IL6,65.48
SMP_6482,chr19,40674891,C,G,MTHFR,35.24
SMP_3741,chr6,193878722,C,G,MTHFR,86.11
SMP_5377,chr1,122704208,A,G,BRCA1,93.2
SMP_8511,chr11,239534690,C,A,TNF,51.81
SMP_1361,chr20,162167643,A,T,EGFR,26.66
SMP_7511,chr7,139576253,A,G,BRCA2,99.8
SMP_1800,chr12,27074335,T,G,APOE,97.07
SMP_5765,chr4,233649256,T,C,EGFR,48.03
SMP_1244,chr7,77608625,G,A,BRCA2,21.13
SMP_3195,chr14,84842032,A,G,BRCA1,68.83
SMP_6609,chr21,220606032,C,G,MTHFR,52.91
SMP_3718,chr15,224897005,G,T,BRCA2,31.49
SMP_5042,chr15,231879708,C,G,APOE,67.89
SMP_8144,chr22,73703266,A,C,BRCA2,85.47
SMP_9539,chr3,24659025,C,A,TNF,90.54
SMP_3896,chr19,42468384,T,A,VEGFA,76.01
SMP_3015,chr8,237251662,G,T,MTHFR,65.44
SMP_3034,chr7,151685467,G,C,TNF,26.75
SMP_2273,chr7,144687541,C,G,VEGFA,75.28
SMP_6449,chr1,218495392,T,G,MTHFR,38.63
SMP_9485,chr10,213704129,C,G,EGFR,89.78
SMP_7160,chr18,28838806,A,G,TP53,64.82
SMP_5182,chrY,109842235,A,C,MTHFR,93.49
SMP_2303,chr6,22809868,T,C,BRCA1,27.03
SMP_7471,chr22,114209212,G,T,MTHFR,80.91
SMP_4821,chr11,40629810,G,A,BRCA2,94.8
SMP_8702,chrX,209133672,T,G,TP53,38.86
SMP_4888,chr20,195157009,G,A,VEGFA,65.28
SMP_7457,chr2,121815766,G,T,APOE,34.58
SMP_6362,chr4,72954529,T,A,BRCA2,71.99
SMP_1006,chr9,208022467,T,C,EGFR,57.48
SMP_4686,chr10,176693630,A,T,BRCA2,31.54
SMP_5177,chr15,108136986,C,T,VEGFA,24.7
SMP_2645,chrX,79180860,T,A,VEGFA,49.76
SMP_4276,chr21,190017903,A,G,TNF,78.36
SMP_7831,chr9,89641719,C,G,TP53,86.56
SMP_7276,chr10,226391422,G,A,BRCA2,24.5
SMP_5106,chr12,215251703,G,A,BRCA2,78.98
SMP_4895,chr18,170300300,G,T,MYC,49.64
SMP_2483,chr13,80824407,A,C,TNF,73.43
SMP_6802,chr11,83695787,G,A,BRCA1,26.34
SMP_9580,chr15,54541353,A,G,IL6,78.01
SMP_4496,chr13,77035211,G,T,TP53,25.0
SMP_9057,chrX,4036200,A,T,TP53,70.2
SMP_7958,chr21,208370697,T,C,MTHFR,41.71
SMP_7694,chr20,45004453,T,A,IL6,43.28
SMP_4579,chr20,98416367,C,A,EGFR,59.31
SMP_1570,chr10,208800118,T,G,EGFR,62.03
SMP_4954,chr21,218428982,A,G,VEGFA,68.94
SMP_8595,chr5,16467222,T,G,MYC,70.68
SMP_7096,chr17,84549951,G,C,BRCA2,38.85
SMP_1642,chr4,1171877,C,G,TP53,89.65
SMP_8808,chr17,35789713,G,T,IL6,24.85
SMP_8571,chr18,63148265,A,T,EGFR,38.52
SMP_5812,chr2,248221291,T,A,BRCA1,96.31
SMP_3764,chr21,84536155,G,C,BRCA1,41.9
SMP_6287,chr19,98827914,A,T,BRCA1,56.42
SMP_8429,chr22,143257333,C,T,TNF,57.31
SMP_6987,chr12,33952122,C,G,EGFR,36.13
SMP_8590,chr6,43103483,A,C,EGFR,38.55
SMP_2432,chr22,238018837,C,T,EGFR,79.16
SMP_7389,chr9,3427193,T,A,MTHFR,78.7
SMP_7923,chr19,29190711,G,A,TNF,49.9
SMP_3725,chr1,141697534,T,A,MYC,79.5
SMP_3141,chr11,80058885,A,G,MTHFR,71.4
SMP_2330,chr12,114361941,G,A,BRCA2,96.26
SMP_4002,chr3,240552976,T,G,BRCA1,39.7
SMP_1514,chr2,171504171,A,G,MTHFR,33.17
SMP_3029,chr14,177512536,A,T,TP53,83.07
SMP_1266,chrY,122044545,A,T,IL6,20.43
SMP_9608,chr1,107021987,A,G,APOE,81.06
SMP_4468,chr2,240442864,C,A,TP53,28.44
SMP_3884,chr16,77341122,C,G,BRCA1,79.78
SMP_4461,chr1,54246759,G,T,EGFR,56.09
SMP_6243,chr1,30211113,A,C,BRCA2,81.8
SMP_4713,chr4,236008505,C,T,EGFR,71.59
SMP_2069,chr21,205959702,C,G,MTHFR,37.28
SMP_4359,chr17,15776455,C,A,EGFR,65.0
SMP_4415,chr9,97864184,C,G,TNF,40.31
SMP_8364,chr22,130750090,C,T,VEGFA,85.22
SMP_7461,chr7,165699910,A,C,TP53,79.18
SMP_7880,chr4,91409093,A,T,BRCA1,49.72
SMP_8675,chr8,95829958,G,T,IL6,41.84
SMP_8756,chr4,109825299,T,G,IL6,22.92
SMP_4576,chr8,219505338,T,C,VEGFA,41.41
SMP_2753,chr9,37928827,A,T,MYC,76.01
SMP_5139,chrY,241271790,G,A,TP53,45.25
SMP_5956,chr18,89154464,A,C,VEGFA,66.69
SMP_6602,chr15,150085883,C,T,VEGFA,78.85
SMP_1362,chr16,29264066,T,C,TNF,23.99
SMP_7468,chr19,41866869,G,A,TNF,99.26
SMP_8776,chr6,160571185,G,C,MTHFR,83.86
SMP_2979,chr3,18012313,G,T,TP53,33.03
SMP_9951,chr20,203768828,T,A,MYC,64.69
SMP_5692,chr4,166804871,A,T,TNF,74.28
SMP_6435,chr19,175917872,C,A,IL6,50.19
SMP_6376,chr17,54643955,A,T,BRCA1,80.01
SMP_5111,chr4,245352082,A,T,TP53,65.51
SMP_6201,chr7,220871344,T,C,TP53,48.07
SMP_1710,chr8,69337689,A,G,BRCA1,87.98
SMP_5620,chrY,15002527,A,T,MYC,33.7
SMP_1295,chr15,214628429,G,T,IL6,50.62
SMP_8116,chr4,102333872,G,T,BRCA1,38.84
SMP_1083,chr4,202463615,T,C,BRCA2,61.71
SMP_8089,chr13,76242072,C,G,MYC,43.7
SMP_2972,chr12,8794116,G,C,TNF,35.3
SMP_9877,chr15,76724902,A,T,MTHFR,31.97
SMP_4715,chr18,241285971,T,C,TNF,66.2
SMP_2901,chr2,209500229,T,A,BRCA1,50.45
SMP_7778,chr21,206135461,T,G,MTHFR,24.35
SMP_8249,chr20,147745622,T,C,IL6,74.81
SMP_2472,chr6,231908946,G,A,APOE,86.63
SMP_1008,chr12,164132505,T,A,BRCA2,79.33
SMP_6884,chr11,162075822,T,C,IL6,89.12
SMP_5458,chr21,218850687,A,C,VEGFA,40.93
SMP_3883,chr2,21374855,G,C,APOE,91.02
SMP_1183,chr22,20643356,T,A,TP53,86.67
SMP_3590,chr20,181710922,T,C,IL6,48.04
SMP_2796,chr12,73699744,A,G,TNF,40.59
SMP_2323,chr14,182274619,G,A,EGFR,25.8
SMP_9885,chr15,165056124,C,T,MYC,24.06
SMP_4284,chr5,204293939,G,C,MTHFR,59.69
SMP_7190,chr8,230589125,T,C,EGFR,75.5
SMP_2941,chr15,154146304,A,G,MTHFR,41.17
SMP_5262,chr13,204964701,C,G,BRCA2,47.99
SMP_4779,chr4,222704291,C,A,EGFR,55.19
SMP_8461,chr6,158104193,A,C,TP53,46.74
SMP_9324,chr19,177656637,T,A,VEGFA,46.1
SMP_2553,chr11,217188503,C,G,APOE,57.32
SMP_3217,chr9,113342248,G,C,TP53,28.75
SMP_1799,chr15,56047334,A,C,IL6,68.39
SMP_2380,chr2,382977,A,T,MTHFR,97.38
SMP_2469,chr13,192451131,C,T,VEGFA,33.07
SMP_3053,chr10,81419530,A,C,IL6,42.36
SMP_5892,chr1,33330847,A,T,IL6,64.01
SMP_4324,chr10,18795065,T,G,IL6,48.92
SMP_5398,chr20,161947401,C,G,EGFR,40.2
SMP_5730,chr8,235350413,C,G,MYC,85.78
SMP_7695,chr7,55227381,G,T,BRCA1,23.48
SMP_4649,chr17,195486913,C,A,BRCA1,29.23
SMP_2384,chr15,213289869,T,G,TNF,53.88
SMP_1030,chr22,228269344,A,T,TNF,97.1
SMP_4668,chr21,124649308,G,C,EGFR,38.02
SMP_2520,chr8,75182828,T,C,IL6,45.97
SMP_6149,chr13,117902400,A,T,BRCA2,56.05
SMP_1096,chr20,91524240,C,A,EGFR,75.59
SMP_4670,chr2,140130170,A,T,VEGFA,65.12
SMP_4150,chr16,170823438,A,T,BRCA1,83.1
SMP_8839,chr3,136513731,G,C,MYC,93.93
SMP_1669,chr12,104900872,C,T,VEGFA,56.7
SMP_4330,chr17,9521212,G,A,MTHFR,30.09
SMP_3865,chr15,200006058,G,A,TP53,87.02
SMP_2085,chr2,77358888,C,T,BRCA1,33.16
SMP_8594,chr4,126939090,G,A,BRCA1,93.65
SMP_1356,chr17,229039406,G,C,BRCA1,42.16
SMP_3841,chr12,246945795,C,T,BRCA1,39.1
SMP_8837,chr16,70160098,T,G,EGFR,92.74
SMP_1237,chr20,29890765,C,T,TP53,50.15
SMP_9390,chr21,36183493,C,T,EGFR,43.65
SMP_6967,chr18,237140406,T,A,BRCA1,34.24
SMP_5250,chr7,61644059,C,A,IL6,64.21
SMP_7511,chr4,105559820,T,A,MYC,64.25
SMP_9019,chr3,130356680,T,A,VEGFA,90.01
SMP_5096,chr11,114601634,T,A,EGFR,48.72
SMP_3512,chr5,145601760,G,A,APOE,44.12
SMP_4479,chr16,103379063,A,T,TNF,26.74
SMP_5318,chr8,44160404,G,A,MTHFR,79.24
SMP_6144,chr13,110318218,A,C,EGFR,86.69
SMP_1162,chr1,248146204,C,T,VEGFA,43.66
SMP_7369,chr16,139644688,G,A,BRCA1,41.35
SMP_3427,chr22,176986656,A,T,MTHFR,44.16
SMP_3713,chr8,130865892,T,C,BRCA1,78.28
SMP_8343,chr4,113600797,A,T,TNF,58.37
SMP_2312,chr15,198492720,C,A,MYC,98.18
SMP_5999,chr6,217493001,G,C,TNF,60.68
SMP_9390,chr20,246679480,G,T,TNF,71.62
SMP_1827,chr9,54699706,T,G,BRCA2,80.41
SMP_9759,chr14,173072041,C,T,IL6,42.58
SMP_3180,chr18,230740277,T,G,EGFR,38.08
SMP_3740,chr8,227922369,T,A,EGFR,57.66
SMP_9828,chr3,70983297,A,T,BRCA2,95.91
SMP_6320,chr14,151732101,C,A,TP53,63.91
SMP_9276,chr15,49948774,T,G,IL6,99.54
SMP_8358,chr6,203164622,T,C,TNF,34.85
SMP_8823,chr19,109363193,C,A,MTHFR,53.64
SMP_7362,chr13,61158045,A,C,TNF,76.97
SMP_7478,chr6,209933854,A,C,MYC,96.54
SMP_2134,chr18,178321260,G,A,BRCA1,50.1
SMP_1239,chr1,238984575,A,G,IL6,48.46
SMP_4232,chr11,189656572,T,C,TP53,51.28
SMP_9060,chr20,168912016,T,A,VEGFA,76.71
SMP_6148,chr14,92962765,T,C,APOE,21.68
SMP_3025,chr19,76957157,C,T,VEGFA,20.4
SMP_4682,chr7,26514192,T,C,BRCA1,70.31
SMP_9951,chr21,16868336,T,A,TNF,46.95
SMP_9467,chr15,181568080,G,A,MTHFR,54.82
SMP_3466,chr6,179775856,C,G,BRCA1,91.13
SMP_3870,chr10,138812135,C,T,BRCA2,31.95
SMP_4953,chr12,203003280,A,C,APOE,38.28
SMP_5629,chr9,223831268,G,A,BRCA2,28.71
SMP_6230,chrY,123029006,A,G,MTHFR,31.3
SMP_5355,chr6,235357249,G,C,BRCA2,86.79
SMP_5876,chrX,166588518,G,A,VEGFA,93.54
SMP_4549,chr13,42708251,C,T,IL6,52.67
SMP_8262,chr20,76565817,G,T,APOE,54.67
SMP_8068,chr9,72084161,A,G,TNF,41.65
SMP_1530,chr12,117094428,T,G,BRCA1,75.98
SMP_9067,chrX,150814729,T,A,TP53,94.82
SMP_4720,chr12,3044916,G,A,MTHFR,79.9
SMP_5814,chr1,118132144,G,T,BRCA2,61.17
SMP_3117,chr14,20121939,G,T,MYC,45.38
SMP_8718,chr13,162779077,C,G,VEGFA,82.41
SMP_7041,chr13,95261922,A,G,BRCA2,94.14
SMP_3193,chr2,50430003,A,G,BRCA2,78.61
SMP_9562,chr11,88081902,C,A,MYC,22.89
SMP_3245,chr19,77118700,C,G,APOE,22.97
SMP_2655,chrX,71509888,A,G,TP53,24.98
SMP_6639,chr8,56393418,C,G,TP53,36.51
SMP_4353,chr10,214123109,T,C,TNF,43.61
SMP_7549,chr14,157434497,C,G,VEGFA,89.51
SMP_3855,chr20,319375,C,G,TP53,90.5
SMP_3894,chr8,163932706,T,C,APOE,72.55
SMP_6564,chr13,228258152,G,C,TP53,70.12
SMP_1588,chr15,181737798,G,T,BRCA1,60.85
SMP_3909,chr21,146891417,G,A,BRCA2,90.68
SMP_5191,chr9,36402006,C,A,TNF,20.4
SMP_9616,chr7,23615569,T,G,VEGFA,77.53
SMP_4173,chr12,112795672,G,A,APOE,44.11
SMP_9598,chr1,197878557,C,G,IL6,73.91
SMP_2834,chr7,183270051,C,G,EGFR,95.8
SMP_3511,chr9,83596012,A,G,BRCA2,65.97
SMP_4841,chr15,52946495,G,C,APOE,26.2
SMP_2456,chr22,245234578,A,T,VEGFA,44.94
SMP_6601,chr22,185012799,C,A,EGFR,27.17
SMP_1046,chr2,6377536,G,T,VEGFA,34.66
SMP_3887,chr6,23751716,C,A,MYC,86.45
SMP_6557,chrY,230155382,G,C,MYC,20.22
SMP_2435,chr6,46113647,C,A,BRCA2,55.82
SMP_4834,chr3,244916845,G,C,MYC,32.44
SMP_1227,chr4,219344673,T,G,TP53,72.26
SMP_7152,chr13,77299009,C,A,TNF,72.52
SMP_7863,chr1,167910478,G,T,APOE,81.19
SMP_1936,chr19,142802757,C,A,MYC,55.2
SMP_7577,chr9,123999436,C,T,BRCA1,99.44
SMP_9995,chr12,136698506,T,G,IL6,61.06
SMP_4614,chr13,126444762,G,A,IL6,58.98
SMP_7600,chr22,198880325,A,G,TNF,54.06
SMP_6384,chr10,118837350,T,C,TNF,77.61
SMP_7231,chr11,204772735,C,T,TP53,47.31
SMP_9127,chr8,31425592,T,C,APOE,74.78
SMP_3577,chr9,22307968,G,C,APOE,31.7
SMP_8771,chr10,163804931,A,T,TP53,91.12
SMP_7234,chr2,144675847,G,C,EGFR,55.41
SMP_3727,chr20,37660864,T,A,IL6,39.68
SMP_9778,chr14,239556788,A,C,EGFR,22.97
SMP_8280,chr8,4170966,A,G,TP53,41.13
SMP_1490,chr7,190495719,A,T,BRCA1,82.85
SMP_1127,chr1,9741837,A,C,MYC,75.64
SMP_2572,chr14,57550400,G,T,MYC,34.35
SMP_8262,chrY,186701269,T,A,APOE,80.37
SMP_1641,chr20,115910361,C,T,TP53,88.64
SMP_2380,chr4,138416828,T,C,EGFR,81.67
SMP_3392,chr11,67025160,A,G,TNF,53.36
SMP_6384,chr22,163737769,T,A,BRCA2,57.87
SMP_7616,chr16,91969062,G,T,MTHFR,83.64
SMP_5648,chrY,181372120,T,G,BRCA1,34.2
SMP_7314,chr7,100764991,C,A,MTHFR,38.73
SMP_3501,chr1,6843425,C,G,BRCA2,42.89
SMP_5491,chr22,47102809,T,G,MYC,70.18
SMP_2288,chr1,138551733,T,C,MTHFR,23.24
SMP_2621,chr7,179423011,T,C,MTHFR,50.68
SMP_7123,chr19,137970894,G,A,MTHFR,37.74
SMP_3652,chr22,7409701,C,T,IL6,52.87
SMP_8535,chr1,175315117,T,G,MTHFR,66.36
SMP_3695,chr14,154719521,G,T,IL6,76.24
SMP_2101,chr3,38093918,C,G,BRCA2,66.9
SMP_5432,chrX,144286192,C,G,BRCA1,40.93
SMP_9214,chr18,105942239,A,C,APOE,35.79
SMP_9083,chr20,78434713,C,G,EGFR,65.7
SMP_8216,chr13,128490921,G,A,TP53,55.26
SMP_4200,chr3,165940926,C,T,EGFR,60.14
SMP_9181,chrY,57228483,C,A,APOE,76.95
SMP_1742,chr5,155628095,C,G,MYC,95.24
SMP_4490,chrY,175867672,C,A,APOE,21.02
SMP_5972,chr14,30980934,A,G,MYC,34.57
SMP_1325,chr22,131936362,G,T,BRCA2,29.5
SMP_3191,chr8,31584868,A,C,MTHFR,29.68
SMP_1352,chr8,228621541,G,A,BRCA2,83.93
SMP_7274,chr7,71635784,A,G,APOE,56.22
SMP_7443,chrY,175973168,T,C,APOE,67.81
SMP_5411,chr2,35673272,T,G,MTHFR,61.94
SMP_6254,chr7,185712139,G,A,TNF,52.95
SMP_7958,chr14,152330334,G,C,TP53,35.23
SMP_3571,chr13,219383718,A,T,MYC,66.55
SMP_1374,chr7,173870926,G,T,MTHFR,86.3
SMP_3045,chr17,240824492,T,A,VEGFA,45.76
SMP_3365,chr16,147094260,C,G,VEGFA,94.16
SMP_7308,chr2,220619834,T,G,BRCA1,51.66
SMP_2277,chr16,26995139,C,T,BRCA1,75.69
SMP_3399,chrX,222841775,T,C,MTHFR,95.41
SMP_5554,chr13,19774916,A,C,BRCA1,36.28
SMP_7590,chr14,160501485,T,C,MTHFR,83.28
SMP_2665,chr20,182404155,G,A,TNF,41.71
SMP_9151,chr19,234924581,A,G,IL6,42.67
SMP_6094,chr15,127006778,G,C,IL6,78.24
SMP_1737,chr14,147733670,T,A,MYC,67.47
SMP_1549,chr3,180267557,G,A,BRCA1,54.44
SMP_6519,chr16,118864587,T,A,MTHFR,87.74
SMP_7670,chr13,93393212,T,G,TNF,83.36
SMP_8469,chr4,193553566,A,C,EGFR,74.1
SMP_1787,chr18,35757048,C,G,BRCA1,24.82
SMP_5058,chr11,50377991,T,C,IL6,35.61
SMP_2439,chr17,237237086,T,C,BRCA1,32.31
SMP_9548,chr9,150899968,T,C,IL6,60.27
SMP_4346,chrX,53414551,A,C,APOE,24.09
SMP_8917,chrX,202540085,G,C,APOE,43.29
SMP_2893,chr22,205026098,C,T,MTHFR,24.15
SMP_7075,chr7,233127367,G,A,VEGFA,64.1
SMP_8699,chr20,154148421,T,A,MYC,51.06
SMP_4228,chr13,56347733,C,G,MYC,36.25
SMP_5114,chr8,160002428,T,G,MTHFR,46.1
SMP_2643,chr20,87857626,A,T,BRCA1,24.92
SMP_2419,chr12,162956612,T,A,TP53,78.09
SMP_2646,chr6,61771159,T,C,IL6,63.54
SMP_8993,chr18,133251194,A,C,BRCA2,24.63
SMP_4442,chr15,217648240,A,T,IL6,90.3
SMP_1732,chrY,162067297,G,A,VEGFA,59.96
SMP_9356,chr19,70074240,G,C,BRCA1,22.71
SMP_5556,chr6,237877984,T,A,EGFR,86.95
SMP_9918,chr11,109812346,T,C,BRCA2,40.75
SMP_6334,chr16,161443876,C,G,APOE,50.98
SMP_9275,chr14,198129440,C,A,TP53,48.57
SMP_3253,chr18,128406981,A,G,EGFR,42.31
SMP_5949,chr20,209312386,A,C,BRCA1,99.36
SMP_1301,chr20,90554655,G,A,EGFR,80.36
SMP_4616,chr6,87235378,G,T,APOE,50.23
SMP_9058,chr1,229696721,T,G,EGFR,92.63
SMP_6258,chr3,153230112,A,G,MTHFR,43.33
SMP_7629,chr4,88280320,T,G,TNF,99.34
SMP_3566,chr4,249130578,T,A,BRCA1,52.71
SMP_5440,chr9,14059562,A,C,EGFR,31.84
SMP_3605,chr7,127416197,T,A,MYC,26.84
SMP_6416,chr19,110097944,A,G,TNF,51.47
SMP_6076,chr13,138781445,A,G,APOE,25.0
SMP_4199,chr2,155085406,A,T,BRCA1,61.97
SMP_3693,chr7,241947428,T,C,VEGFA,86.83
SMP_7534,chr7,226497390,A,C,VEGFA,86.85
SMP_7793,chr8,232788536,C,T,MYC,34.74
SMP_6401,chr10,147501872,T,C,IL6,96.63
SMP_9787,chr12,210166294,C,A,BRCA2,24.33
SMP_4989,chr15,44985052,T,G,TNF,62.31
SMP_9086,chrY,49568234,G,T,IL6,49.81
SMP_6835,chr6,216313693,A,T,APOE,84.23
SMP_1123,chr2,172230466,A,G,MYC,56.38
SMP_9515,chr12,187284523,G,C,VEGFA,69.79
SMP_7552,chr1,56474167,A,C,APOE,23.69
SMP_7327,chr12,138889649,T,C,MYC,76.14
SMP_6562,chr2,120523527,T,A,BRCA2,48.24
SMP_3694,chr14,186965461,G,A,EGFR,54.92
SMP_8639,chr11,139305646,T,C,BRCA1,43.37
SMP_6295,chr9,23540810,G,C,MTHFR,98.37
SMP_7428,chr1,207004882,T,G,IL6,29.68
SMP_7704,chr19,92657208,C,G,BRCA1,62.38
SMP_8353,chr4,212770248,A,T,TP53,40.4
SMP_6925,chr12,108522610,C,T,TNF,60.23
SMP_3162,chr6,32145963,G,C,MYC,90.05
SMP_3319,chr8,98250969,C,A,TNF,67.1
SMP_8286,chrY,137802344,T,C,MYC,40.82
SMP_3571,chr3,235618089,G,C,BRCA2,90.23
SMP_5199,chr7,28201872,G,C,MYC,94.87
SMP_8754,chr6,198079785,A,G,TP53,22.76
SMP_5882,chr13,195991316,G,A,BRCA1,58.27
SMP_5881,chrX,101079865,T,C,BRCA1,36.22
SMP_2498,chr21,182369130,C,T,VEGFA,47.04
SMP_8296,chr17,45163242,C,G,MTHFR,74.31
SMP_7493,chr7,148549951,C,A,BRCA2,32.18
SMP_4303,chr15,214833253,A,T,IL6,92.54
SMP_6900,chr13,170284285,T,G,MTHFR,37.36
SMP_8442,chr22,78202654,A,G,MYC,79.42
SMP_2624,chr5,51586953,C,G,IL6,61.88
SMP_7071,chr16,243525051,G,A,EGFR,28.77
SMP_7374,chr8,102065542,G,C,MTHFR,23.92
SMP_8740,chr11,249513191,T,C,VEGFA,31.38
SMP_2065,chr5,243512932,A,G,MYC,24.77
SMP_3809,chr9,83866974,G,T,APOE,98.92
SMP_6577,chr18,152644603,C,T,IL6,87.43
SMP_4388,chr3,1857881,C,T,IL6,99.53
SMP_1347,chr16,49963191,G,C,TP53,41.17
SMP_1977,chr8,248625815,G,A,MTHFR,80.29
SMP_1783,chrY,210491939,C,G,BRCA1,42.07
SMP_6023,chr8,20288657,T,C,VEGFA,50.34
SMP_6163,chr17,165552230,G,T,TP53,85.8
SMP_3353,chr2,32149872,C,T,EGFR,31.34
SMP_3568,chr20,63714446,C,T,MYC,30.1
SMP_9866,chr7,11935200,C,G,BRCA1,82.23
SMP_6827,chr5,148708312,G,T,MYC,80.65
SMP_3417,chr1,213121382,T,G,MYC,30.74
SMP_6674,chr4,104537648,A,C,BRCA2,23.62
SMP_1390,chr7,31501572,G,C,IL6,34.47
SMP_1286,chr5,133382270,T,A,BRCA1,67.08
SMP_3636,chr5,170166778,T,G,MTHFR,80.92
SMP_8393,chr2,154495076,A,C,EGFR,37.52
SMP_1950,chr20,36659994,A,G,TP53,81.72
SMP_6599,chr8,43800562,G,T,BRCA1,95.14
SMP_3630,chr18,178897455,C,G,MTHFR,27.85
SMP_5449,chr15,52068394,T,A,BRCA2,29.68
SMP_8986,chr20,88788832,A,T,MTHFR,20.59
SMP_6525,chr17,147791162,G,T,VEGFA,27.75
SMP_9623,chr2,241332612,T,G,BRCA1,59.96
SMP_1370,chr3,115868992,C,A,MTHFR,48.62
SMP_5120,chrY,166500595,T,C,EGFR,65.54
SMP_8656,chr17,103898412,T,A,MYC,43.28
SMP_3281,chr7,76098536,T,C,MYC,57.46
SMP_3783,chr6,139970558,C,G,IL6,55.91
SMP_8698,chrY,230603300,G,C,MTHFR,99.53
SMP_9607,chr10,228309372,G,T,BRCA1,84.81
SMP_9825,chr18,17012411,A,G,IL6,59.62
SMP_1064,chr13,223773746,A,C,TP53,52.22
SMP_3398,chrX,8596204,C,G,VEGFA,40.09
SMP_9731,chr20,161015995,C,T,TNF,84.95
SMP_2727,chr19,123895588,G,C,MTHFR,22.82
SMP_3373,chr9,69268593,A,T,BRCA2,29.65
SMP_2170,chr14,82293756,G,A,APOE,63.28
SMP_7852,chr4,214877670,T,G,TNF,57.79
SMP_1710,chr21,102391748,C,A,BRCA1,25.51
SMP_7346,chr11,231916907,G,T,IL6,76.25
SMP_2127,chr5,163028081,T,C,APOE,37.92
SMP_3048,chr3,212614713,A,C,IL6,81.63
SMP_8764,chr4,54546363,G,A,MTHFR,38.25
SMP_9369,chr18,32921184,C,A,IL6,45.72
SMP_9991,chrY,218730597,G,A,TP53,29.77
SMP_8013,chr14,215633420,G,T,BRCA2,39.13
SMP_1222,chrY,77793883,C,A,BRCA1,20.98
SMP_1922,chr8,39967069,G,C,BRCA1,21.45
SMP_1495,chr4,35934580,T,C,VEGFA,90.13
SMP_5984,chr2,217570403,A,G,TP53,52.21
SMP_9712,chr22,23769776,C,T,MYC,94.75
SMP_3901,chr20,236363313,T,C,BRCA1,88.7
SMP_1450,chr4,86916816,T,A,APOE,99.25
SMP_3081,chrX,216210508,G,A,APOE,37.05
SMP_8025,chr2,174200637,A,G,TP53,74.23
SMP_9582,chr11,62953193,G,C,MTHFR,81.39
SMP_3647,chr6,201424886,G,T,EGFR,24.65
SMP_2068,chr21,7291394,T,A,BRCA1,65.11
SMP_4588,chr20,12696079,G,T,IL6,74.94
SMP_9908,chr9,247718847,G,T,BRCA1,48.39
SMP_9355,chr5,182152463,T,C,VEGFA,97.61
SMP_9017,chr5,115390239,T,G,APOE,92.64
SMP_9508,chr19,13772074,C,T,EGFR,66.26
SMP_7422,chr19,19073762,T,A,TNF,79.76
SMP_8295,chr8,16283131,G,T,MTHFR,83.17
SMP_9054,chr4,209862677,T,C,IL6,48.11
SMP_2815,chr6,8102603,A,G,TNF,62.3
SMP_7661,chr4,161361462,G,A,VEGFA,20.46
SMP_6078,chr1,115152829,A,T,MTHFR,39.3
SMP_2365,chr18,248247311,A,C,EGFR,85.75
SMP_1269,chr10,93114552,T,C,BRCA2,46.58
SMP_7444,chr10,125679823,G,A,BRCA1,86.13
SMP_1077,chr21,212698070,G,A,TNF,38.41
SMP_8113,chr16,111672790,G,A,MTHFR,29.16
SMP_7912,chr20,206304462,C,T,IL6,97.57
SMP_9950,chr2,185432960,G,C,APOE,56.21
SMP_7920,chr17,177363607,C,T,TP53,51.62
SMP_8768,chr8,69582993,G,C,VEGFA,51.51
SMP_1716,chr16,14898040,G,A,MYC,36.54
SMP_5196,chr7,95712717,A,G,MYC,51.3
SMP_8419,chr18,237323000,G,T,MTHFR,66.79
SMP_5072,chrY,139389601,A,C,EGFR,33.64
SMP_8803,chr11,217338561,C,T,EGFR,93.12
SMP_1341,chr10,239336325,C,T,IL6,26.9
SMP_8304,chr1,209940699,G,C,BRCA1,20.07
SMP_3238,chr21,132299615,T,A,MTHFR,73.27
SMP_9175,chr22,67195028,T,C,MYC,44.98
SMP_9628,chr22,176881947,A,T,TP53,76.47
SMP_2473,chr17,244037041,A,C,BRCA1,91.82
SMP_6028,chr7,61181516,G,A,BRCA1,89.69
SMP_6598,chr7,211682966,A,G,EGFR,42.01
SMP_2455,chr9,207581818,T,C,MYC,39.96
SMP_5124,chrY,183501699,G,C,IL6,97.11
SMP_6176,chrX,222610122,C,G,BRCA1,91.54
SMP_4109,chr16,192988459,C,T,TNF,81.43
SMP_9387,chr13,211178525,A,C,TNF,42.38
SMP_2751,chr16,169757688,C,A,BRCA1,55.84
SMP_2276,chr17,237400966,T,C,TNF,62.32
SMP_3565,chr19,71168528,C,T,BRCA1,93.27
SMP_4159,chr19,177378068,A,G,EGFR,45.78
SMP_2418,chr9,244576628,A,C,TNF,46.28
SMP_9127,chr12,53611697,G,C,APOE,29.93
SMP_4153,chrX,38339642,C,A,BRCA2,81.05
SMP_5302,chr12,155984102,T,A,MYC,21.24
SMP_6246,chr1,70376027,T,G,IL6,41.12
SMP_4855,chr9,246350608,T,A,MYC,69.92
SMP_4388,chr17,34347213,G,A,APOE,61.87
SMP_5072,chr17,244611816,T,A,MYC,72.64
SMP_6485,chr19,192778989,C,T,TNF,24.59
SMP_4119,chr7,133736967,C,T,VEGFA,47.52
SMP_5955,chr1,2190099,T,C,IL6,81.19
SMP_9542,chr16,17471935,G,A,APOE,52.48
SMP_7131,chr5,163178373,A,G,MTHFR,79.13
SMP_6089,chr10,245417233,T,G,EGFR,72.82
SMP_7864,chr22,178235867,G,A,BRCA2,58.17
SMP_4728,chr11,57612430,G,C,BRCA2,46.81
SMP_9087,chr13,17604132,T,A,IL6,37.8
SMP_8322,chr1,5557910,G,C,BRCA1,35.96
SMP_2876,chr9,142186094,C,A,TNF,71.93
SMP_9694,chr15,79546857,T,G,EGFR,57.68
SMP_8658,chrX,240134191,T,A,BRCA2,82.62
SMP_3048,chr6,237769392,G,T,TP53,63.66
SMP_9836,chr2,77552178,G,T,IL6,77.99
SMP_8339,chr18,183005161,A,G,BRCA1,36.55
SMP_1035,chr14,144355207,A,C,APOE,26.17
SMP_2770,chr1,203140344,C,T,TP53,58.6
SMP_4205,chr13,169398326,T,C,APOE,84.87
SMP_6302,chrY,90045915,A,G,TNF,80.31
SMP_5025,chr19,158624104,A,T,BRCA1,48.33
SMP_7202,chr9,121381253,T,A,VEGFA,70.75
SMP_6511,chr9,119086458,C,G,MYC,97.76
SMP_8559,chr7,114515147,T,C,VEGFA,36.81
SMP_5652,chr4,30215973,C,G,EGFR,60.47
SMP_6247,chr12,67877812,G,T,TNF,75.12
SMP_5575,chr20,113278046,A,T,VEGFA,54.05
SMP_8472,chr3,164552339,C,T,TNF,96.71
SMP_2490,chr11,86774620,G,T,BRCA2,98.83
SMP_1011,chrY,188631994,C,A,BRCA2,54.91
SMP_3965,chrX,153889804,A,C,APOE,50.66
SMP_2631,chrY,146144169,T,C,VEGFA,44.74
SMP_2422,chr18,121859013,T,C,MYC,89.25
SMP_2742,chr19,1120799,C,A,MTHFR,79.21
SMP_9616,chr20,44678817,G,T,EGFR,31.97
SMP_1661,chr16,124560743,G,A,MYC,67.37
SMP_6885,chr4,180998318,A,C,TNF,26.29
SMP_2944,chr16,196197097,G,C,BRCA1,80.61
SMP_2730,chr13,152752495,C,A,TP53,59.86
SMP_2879,chr21,99126475,C,G,IL6,69.87
SMP_4750,chr6,73258174,A,T,EGFR,89.53
SMP_7089,chr19,11565158,G,C,MTHFR,41.44
SMP_3360,chr17,204853620,A,G,MYC,77.69
SMP_3308,chr1,101130704,C,T,APOE,42.84
SMP_1165,chr2,160419629,G,T,IL6,67.39
SMP_6718,chr5,211805780,C,T,MYC,71.33
SMP_5156,chr10,178064224,C,A,MTHFR,60.19
SMP_1531,chr10,115162832,T,G,MTHFR,69.7
SMP_9136,chr18,7232766,A,C,BRCA1,66.86
SMP_8092,chr13,111663507,A,C,TP53,94.35
SMP_8911,chr17,233222744,A,G,VEGFA,51.81
SMP_2964,chr6,121325822,A,T,MTHFR,90.95
SMP_3283,chr1,169839047,T,G,IL6,70.3
SMP_7922,chr6,165418273,A,G,TNF,25.98
SMP_2674,chr13,60569398,G,A,BRCA2,22.89
SMP_3405,chr21,34879436,G,A,BRCA2,81.25
SMP_3978,chr17,93703792,G,C,MTHFR,77.67
SMP_7977,chr17,1156800,T,C,BRCA2,92.46
SMP_2951,chr16,66569104,G,C,BRCA1,46.82
SMP_9686,chr11,201626413,G,A,MYC,83.73
SMP_5335,chr20,205955638,C,A,VEGFA,39.95
SMP_8638,chr2,114974175,A,G,BRCA1,40.55
SMP_8187,chr14,115209548,G,T,IL6,39.61
SMP_2592,chr20,160565834,T,C,IL6,74.54
SMP_2653,chr21,107213216,G,T,MTHFR,33.14
SMP_7841,chr17,159842313,A,C,EGFR,22.07
SMP_7347,chrX,119748359,T,G,MTHFR,63.83
SMP_3678,chr15,37175434,G,A,BRCA1,27.57
SMP_4748,chr19,22938459,A,C,MTHFR,68.97
SMP_9797,chr1,81489909,C,A,VEGFA,42.11
SMP_1120,chr3,45656277,A,G,TNF,20.21
SMP_6674,chr11,192469575,A,G,VEGFA,48.25
SMP_6209,chr16,97798312,A,T,APOE,94.01
SMP_7449,chr20,178631868,T,G,VEGFA,52.86
SMP_8271,chr13,55739308,A,T,BRCA1,51.82
SMP_2063,chr16,168572939,C,G,MYC,26.78
SMP_8536,chr21,86242098,G,T,BRCA2,96.18
SMP_1314,chr18,47570439,G,C,IL6,47.79
SMP_2033,chr14,37438477,G,T,IL6,62.43
SMP_8979,chr4,38263090,C,G,BRCA2,28.93
SMP_3450,chr8,115447905,A,G,VEGFA,20.79
SMP_8967,chrX,176096225,G,A,BRCA2,44.76
SMP_5674,chr3,245015883,G,A,MYC,82.56
SMP_9159,chr6,244171496,A,T,MTHFR,48.84
SMP_6109,chr5,35891495,G,T,MTHFR,72.67
SMP_4330,chr3,27877902,G,A,BRCA1,47.26
SMP_7601,chr13,28772901,A,G,EGFR,25.44
SMP_2809,chr8,160495026,G,C,APOE,54.73
SMP_6603,chr5,247416299,T,A,IL6,27.5
SMP_9806,chr8,216936603,G,C,EGFR,25.45
SMP_5803,chr14,205872310,T,C,VEGFA,31.28
SMP_1470,chr8,55902593,C,G,MYC,38.22
SMP_5077,chr19,198054666,A,T,APOE,40.46
SMP_9518,chr11,121857067,C,T,MTHFR,71.82
SMP_3640,chr22,89591880,G,A,TP53,57.5
SMP_2717,chr7,97925395,T,A,TNF,74.74
SMP_9210,chr7,150592963,G,C,EGFR,52.58
SMP_9622,chr19,199560171,C,A,TP53,30.35
SMP_6562,chr5,134983216,G,A,IL6,92.34
SMP_2658,chr18,197164072,T,A,BRCA2,57.05
SMP_1683,chr4,57023374,G,T,MYC,47.8
SMP_1739,chr3,151809982,C,G,BRCA1,62.31
SMP_2957,chr20,196350633,T,G,BRCA1,70.64
SMP_4779,chr5,207685894,T,A,TNF,47.73
SMP_7430,chr5,148809435,A,G,BRCA2,83.73
SMP_1454,chr20,43116390,C,T,VEGFA,62.4
SMP_8437,chr19,160889067,T,A,TP53,83.45
SMP_1231,chr19,167610499,A,C,MTHFR,70.65
SMP_6594,chr1,127887158,C,T,EGFR,48.6
SMP_8385,chr15,70453923,G,T,BRCA2,97.38
SMP_7617,chr1,47228520,G,T,BRCA1,48.83
SMP_2020,chr15,225893682,G,C,TNF,89.09
SMP_9050,chr11,153364854,G,A,MTHFR,30.29
SMP_5685,chr10,200058211,T,A,TP53,99.85
SMP_2084,chr11,65029585,A,T,EGFR,70.7
SMP_5166,chr15,74678104,G,C,APOE,28.46
SMP_2780,chr9,163357956,C,A,IL6,89.62
SMP_1426,chr2,104981054,A,G,APOE,80.46
SMP_2415,chr15,42666554,G,C,BRCA1,63.88
SMP_2536,chr18,160918114,T,G,EGFR,47.63
SMP_3048,chr19,38465901,C,A,BRCA2,87.98
SMP_6393,chr5,55248094,T,A,EGFR,62.28
SMP_3123,chr2,156085291,T,G,MTHFR,81.56
SMP_8519,chr1,229429351,T,C,MTHFR,61.06
SMP_6460,chr22,120870969,C,T,IL6,23.87
SMP_5955,chr3,66643406,T,A,BRCA1,28.66
SMP_5056,chr3,206942468,A,G,TP53,21.03
SMP_9460,chr2,55471625,T,G,TP53,35.55
SMP_9517,chr4,192939815,C,A,TNF,35.24
SMP_8969,chr16,167496536,T,G,APOE,76.77
SMP_9702,chr9,69610523,A,T,IL6,32.79
SMP_2276,chr21,209327659,C,G,MYC,39.58
SMP_1208,chr15,165940402,A,G,IL6,71.68
SMP_5336,chr18,107688048,T,C,MTHFR,67.44
SMP_5212,chr16,188125614,C,G,IL6,72.92
SMP_6282,chr18,44117936,T,C,EGFR,44.12
SMP_2793,chr1,30343256,T,A,APOE,69.88
SMP_7426,chr9,190938673,T,G,MYC,98.04
SMP_8735,chr7,170069420,A,C,APOE,78.81
SMP_1518,chr15,44651209,T,G,APOE,37.59
SMP_4979,chr10,186168324,T,G,MTHFR,42.51
SMP_9789,chr18,6096455,G,T,IL6,69.78
SMP_8928,chr18,100848597,T,G,BRCA1,82.47
SMP_8185,chr9,80585724,C,A,EGFR,56.53
SMP_4374,chr4,132826635,C,G,EGFR,69.73
SMP_3032,chr19,66746899,A,C,MYC,27.02
SMP_3909,chr14,173307031,C,G,MYC,38.32
SMP_8611,chr16,157412612,C,A,APOE,79.26
SMP_9417,chr7,214904862,C,T,MTHFR,85.84
SMP_4036,chr20,175153642,G,T,TP53,79.15
SMP_7735,chr10,17317754,G,T,TNF,53.84
SMP_8238,chr7,121716274,T,G,TNF,23.6
SMP_8553,chr9,227584205,G,C,BRCA2,34.06
SMP_6225,chr3,145293159,A,T,MYC,43.86
SMP_6217,chr7,117555829,T,A,IL6,27.81
SMP_4304,chr12,142242861,T,G,TNF,62.92
SMP_3991,chr9,133587416,A,T,TP53,35.9
SMP_7895,chr18,98932170,T,G,APOE,71.94
SMP_6312,chr20,21489072,C,A,BRCA1,97.3
SMP_1845,chr17,221581993,T,C,APOE,55.32
SMP_3020,chr18,131923589,A,T,MYC,86.91
SMP_7393,chr21,214625381,A,T,TNF,30.8
SMP_8143,chr18,51002807,G,T,MTHFR,28.78
SMP_4201,chr7,173140392,C,T,VEGFA,86.97
SMP_4451,chr2,210774407,C,G,MTHFR,20.94
SMP_4637,chr5,114665424,A,G,TNF,46.88
SMP_7879,chr10,169497665,A,C,MYC,65.73
SMP_8780,chr10,244369356,G,C,IL6,57.84
SMP_1294,chr17,12388699,A,G,BRCA2,31.31
SMP_6220,chr9,65980084,G,C,VEGFA,66.88
SMP_8123,chr1,191097261,T,C,IL6,44.68
SMP_5653,chr13,90566640,C,G,BRCA2,38.7
SMP_7336,chr8,96936549,C,G,BRCA1,36.09
SMP_5758,chr8,166157975,C,T,TNF,97.16
SMP_2920,chrY,118023940,G,A,APOE,94.83
SMP_5887,chr15,57500101,T,A,TNF,91.05
SMP_7882,chrX,16017788,A,G,TNF,51.97
SMP_4587,chr5,85550342,T,A,VEGFA,58.04
SMP_3996,chr12,145223668,A,C,MTHFR,43.82
SMP_8818,chr9,93274140,C,G,MYC,72.72
SMP_5645,chr18,205015343,A,T,IL6,63.21
SMP_6482,chr17,146180166,C,A,TP53,91.19
SMP_6966,chr17,141445180,A,T,MYC,52.89
SMP_1571,chr16,244671933,A,G,TP53,62.24
SMP_5924,chr2,42627284,T,C,MTHFR,74.56
SMP_5672,chr4,152060269,G,A,VEGFA,66.71
SMP_4889,chr10,180114344,G,C,BRCA1,68.35
SMP_6902,chr20,51102700,A,C,EGFR,29.34
SMP_8158,chr7,89116619,G,T,IL6,82.9
SMP_3206,chr12,208900968,G,A,BRCA2,76.58
SMP_9166,chr18,35868796,T,A,EGFR,62.33
SMP_9775,chr8,83422337,T,C,APOE,79.91
SMP_8836,chr8,107929433,G,C,BRCA2,21.27
SMP_2389,chr17,167453621,C,G,TP53,79.35
SMP_6677,chr6,32024763,A,G,EGFR,48.28
SMP_1035,chr12,70417396,C,T,MTHFR,49.33
SMP_9936,chr15,60605526,T,G,MTHFR,65.08
SMP_1492,chr8,113910475,T,A,MYC,86.7
SMP_3314,chr13,190759400,A,T,MTHFR,29.7
SMP_5581,chr2,5113152,A,C,IL6,34.12
SMP_7104,chr15,187022220,C,G,BRCA1,76.4
SMP_6531,chr14,42492374,A,T,EGFR,68.89
SMP_6570,chr9,78490112,T,C,BRCA1,72.02
SMP_3097,chr4,153226000,T,G,MTHFR,74.34
SMP_1300,chr17,94712693,A,C,APOE,31.83
SMP_8123,chrX,121066960,C,A,IL6,79.24
SMP_3760,chr8,223718060,G,A,MTHFR,23.63
SMP_3190,chr11,242552938,T,C,IL6,46.04
SMP_9758,chr10,26621930,C,G,BRCA2,73.73
SMP_3697,chr22,80495244,C,A,BRCA2,83.35
SMP_6123,chr10,168236677,T,G,BRCA1,27.85
SMP_1865,chr3,188576565,C,G,VEGFA,92.27
SMP_1341,chrY,216367879,C,G,APOE,43.24
SMP_4007,chr13,51588389,C,G,VEGFA,38.7
SMP_2565,chr10,186799999,T,G,TNF,31.06
SMP_9318,chr7,180104582,A,G,TNF,78.0
SMP_8544,chr12,16277257,T,A,TP53,44.39
SMP_9110,chr12,167863205,T,C,TP53,79.0
SMP_1036,chr3,115009675,C,T,MYC,61.95
SMP_1846,chr21,164037053,G,C,MTHFR,45.79
SMP_4224,chr4,223987738,T,G,TNF,99.1
SMP_7616,chrX,228624735,A,G,BRCA1,56.48
SMP_1862,chr13,153540843,G,T,TP53,63.75
SMP_4402,chr12,165188058,G,A,MTHFR,64.14
SMP_4322,chr16,41351656,T,C,MTHFR,85.87
SMP_8223,chr5,118364660,T,G,EGFR,45.5
SMP_4526,chr3,97697865,C,T,BRCA2,78.21
SMP_8545,chr21,207713477,G,A,APOE,83.35
SMP_9146,chr2,82159589,A,T,MTHFR,90.75
SMP_3828,chr11,78666748,C,A,VEGFA,80.86
SMP_9628,chr1,218082830,G,T,MYC,92.36
SMP_1989,chr1,135474745,T,A,TP53,97.1
SMP_5983,chr20,129315681,C,G,EGFR,51.41
SMP_2122,chrX,1719223,C,T,BRCA2,84.53
SMP_6920,chr11,228226212,T,A,MYC,34.08
SMP_5989,chr5,45271864,A,T,TP53,57.05
SMP_9985,chr22,104207882,T,A,VEGFA,38.05
SMP_1146,chr22,34318859,T,C,IL6,40.98
SMP_5497,chrY,199009393,C,G,BRCA1,36.45
SMP_6478,chr17,212751789,A,T,MTHFR,59.42
SMP_4240,chrY,133205366,G,C,MTHFR,89.99
SMP_6687,chr15,195583638,G,C,IL6,97.35
SMP_8408,chr15,117668088,G,T,TP53,33.62
SMP_6685,chr18,38515581,A,T,BRCA1,60.6
SMP_2220,chr17,90157852,T,A,IL6,67.8
SMP_4897,chr8,205384970,G,A,MTHFR,74.06
SMP_2350,chr4,165183504,T,C,BRCA1,66.26
SMP_7703,chr18,183710198,G,C,TP53,67.64
SMP_4342,chr12,6046060,G,A,IL6,94.33
SMP_2913,chr18,215793703,T,C,BRCA2,57.78
SMP_5907,chr17,51070398,T,A,TNF,93.69
SMP_4095,chr22,144286297,T,G,VEGFA,45.66
SMP_4837,chrY,203539910,G,T,MTHFR,43.61
SMP_6512,chr15,122161182,C,G,TP53,67.68
SMP_3964,chr1,41439748,A,C,MYC,68.09
SMP_9499,chr10,3589906,A,C,MYC,41.91
SMP_2158,chr6,73607264,A,T,EGFR,72.56
SMP_2511,chr8,217247776,T,A,TNF,27.74
SMP_7620,chr15,30532034,G,A,MTHFR,74.96
SMP_9801,chr16,114379734,T,A,IL6,56.15
SMP_1314,chr22,221660757,C,G,BRCA1,28.81
SMP_8446,chr12,102675316,T,C,EGFR,57.15
SMP_3056,chr6,98563047,C,A,APOE,73.27
SMP_4648,chr13,54065719,A,G,APOE,50.78
SMP_9285,chr14,238749717,A,T,EGFR,90.98
SMP_3978,chr13,34804852,C,A,TP53,57.45
SMP_4638,chr14,229590198,C,T,VEGFA,31.67
SMP_1626,chr1,71694019,G,C,TP53,69.9
SMP_6329,chrX,106410873,C,T,EGFR,83.46
SMP_2755,chr16,147200917,G,A,EGFR,93.31
SMP_6767,chr9,73760886,T,A,TP53,69.57
SMP_1917,chr8,41417854,A,T,TNF,84.18
SMP_9282,chr7,2019600,C,A,VEGFA,20.45
SMP_7251,chr7,184098969,T,G,MTHFR,20.77
SMP_4382,chr4,142012018,G,T,TP53,52.16
SMP_5054,chr18,217638746,T,C,TNF,47.06
SMP_1544,chr3,225595443,T,G,MTHFR,73.41
SMP_7993,chr18,62281277,G,T,TNF,35.11
SMP_3484,chr1,210963333,G,A,MYC,92.9
SMP_3312,chr18,111223818,G,T,APOE,96.91
SMP_4731,chr1,155620189,C,G,MYC,92.53
SMP_4718,chrY,2253834,C,G,TP53,50.64
SMP_5918,chr19,75313978,T,G,MYC,60.79
SMP_4561,chr8,242705400,A,G,MTHFR,42.84
SMP_5833,chr17,246172222,A,T,TNF,61.01
SMP_7208,chr6,83103918,T,C,APOE,94.58
SMP_9601,chr18,101381440,A,G,IL6,55.07
SMP_1984,chr2,240606709,A,T,APOE,63.58
SMP_3618,chr10,98249766,A,T,EGFR,94.64
SMP_3563,chrX,55217512,C,A,EGFR,40.06
SMP_8375,chr17,99790169,C,T,BRCA2,56.22
SMP_2220,chr14,240537543,A,C,EGFR,75.95
SMP_4560,chr4,55391847,T,A,VEGFA,35.39
SMP_1872,chr11,189876148,G,C,EGFR,90.47
SMP_2282,chr20,156584355,A,C,BRCA1,72.35
SMP_7249,chrY,204855289,A,G,BRCA2,59.41
SMP_5351,chrY,75628337,C,G,TNF,99.33
SMP_1377,chr12,203928011,G,A,APOE,87.86
SMP_9082,chr22,217650899,G,C,MTHFR,73.95
SMP_6348,chr20,82271575,G,T,MTHFR,31.0
SMP_5240,chr15,158679977,C,G,BRCA2,23.98
SMP_7359,chr17,88543681,G,A,VEGFA,77.49
SMP_6882,chr4,27201816,A,T,IL6,51.17
SMP_2204,chr4,4176328,C,G,EGFR,28.51
SMP_5342,chr12,132465462,C,G,BRCA2,97.47
SMP_4979,chr4,9091606,G,A,IL6,39.01
SMP_8887,chr4,145498764,A,C,BRCA2,31.57
SMP_7087,chr1,103687314,A,G,TP53,34.71
SMP_5658,chr5,83649080,C,T,MTHFR,64.56
SMP_5197,chr15,90549793,A,T,VEGFA,36.85
SMP_6190,chr21,177122021,C,T,EGFR,29.38
SMP_4797,chr10,125554800,G,T,EGFR,38.53
SMP_6835,chr18,188278607,A,G,TNF,97.25
SMP_1138,chr17,77563107,T,C,IL6,99.11
SMP_9247,chr19,83411226,G,T,TP53,97.86
SMP_7026,chr14,126526679,A,C,TNF,28.53
SMP_6553,chr18,234696525,T,G,BRCA1,85.6
SMP_2884,chr10,221840352,T,G,TNF,90.19
SMP_2605,chr3,72428455,G,C,EGFR,31.84
SMP_1312,chr9,126712244,G,A,VEGFA,25.53
SMP_1973,chr4,166051893,T,A,MTHFR,75.87
SMP_9741,chr8,53322439,T,G,MYC,50.17
SMP_4052,chr1,234916953,T,G,EGFR,53.47
SMP_3324,chrX,207426018,T,C,BRCA2,29.17
SMP_1049,chr12,48154112,T,A,TP53,46.68
SMP_1727,chr21,109242385,T,C,BRCA2,31.31
SMP_1905,chr1,37856570,C,T,TNF,30.15
SMP_5512,chr12,10881262,G,C,BRCA1,75.15
SMP_8867,chrX,1761857,C,A,IL6,43.39
SMP_2224,chr20,216510481,G,A,VEGFA,38.86
SMP_9969,chr18,14879668,C,A,APOE,21.1
SMP_6103,chr16,171820025,T,C,TNF,75.85
SMP_4036,chr8,351049,A,G,VEGFA,94.45
SMP_1389,chr2,156785,G,A,BRCA2,52.92
SMP_7756,chr21,46416591,A,C,MTHFR,25.93
SMP_8095,chr22,188551032,G,T,APOE,74.64
SMP_7518,chr2,78070233,T,C,APOE,81.52
SMP_1175,chr18,140817396,C,T,MYC,68.49
SMP_2853,chr13,206153463,G,T,EGFR,80.89
SMP_7622,chr19,140391812,C,T,IL6,42.14
SMP_4538,chr7,18482660,T,A,EGFR,49.07
SMP_2811,chr16,152377213,T,C,IL6,82.83
SMP_2813,chr16,184841523,G,T,IL6,86.84
SMP_3953,chr17,179280369,C,A,MTHFR,90.03
SMP_1350,chr1,121406534,T,C,TNF,90.99
SMP_8462,chr18,219838574,C,A,BRCA2,91.52
SMP_7890,chr20,159024166,C,A,MTHFR,28.83
SMP_7791,chr10,17557781,G,A,MYC,43.86
SMP_3183,chr20,225471096,A,T,IL6,81.52
SMP_5690,chr19,179029008,A,G,BRCA2,45.94
SMP_5810,chr6,38465900,T,G,TNF,31.78
SMP_1178,chr3,59620948,A,T,BRCA1,25.7
SMP_8620,chr20,47921961,T,C,BRCA2,49.36
SMP_3281,chr19,36044838,T,C,VEGFA,41.91
SMP_5694,chr2,116853264,C,A,EGFR,32.12
SMP_1429,chr1,170067554,C,T,IL6,29.95
SMP_4178,chr2,53020320,G,A,BRCA2,29.37
SMP_3556,chr19,248276045,T,G,TP53,30.2
SMP_9352,chr21,17122659,A,G,TNF,33.46
SMP_2505,chr3,14269213,C,T,BRCA1,30.9
SMP_5180,chr12,69436066,G,T,VEGFA,77.28
SMP_5676,chr5,182025085,C,A,IL6,56.19
SMP_4729,chr10,33833266,G,A,TP53,81.0
SMP_8832,chr15,161379434,T,C,IL6,32.32
SMP_6662,chr13,155654813,A,G,TNF,20.48
SMP_8744,chr10,186983430,A,T,MTHFR,57.07
SMP_9043,chr16,193420116,C,G,TNF,95.76
SMP_8695,chr5,125408667,G,C,VEGFA,75.43
SMP_9366,chr17,99747432,G,T,APOE,48.66
SMP_8397,chr10,76393309,A,G,BRCA1,22.52
SMP_1039,chr2,66424836,A,T,MTHFR,20.47
SMP_3964,chr15,162727228,T,C,BRCA1,63.67
SMP_3742,chr9,190120427,T,G,MTHFR,44.57
SMP_9601,chr1,51897764,T,G,BRCA2,60.2
SMP_1513,chr10,154841358,G,C,IL6,36.46
SMP_9699,chr20,64932983,A,C,MYC,78.91
SMP_2653,chr18,206163333,T,G,VEGFA,82.52
SMP_1625,chr1,78000664,T,C,TP53,53.6
SMP_8932,chr6,105169526,T,G,BRCA1,24.88
SMP_8733,chr13,225029631,A,T,VEGFA,63.43
SMP_1288,chr17,54899632,C,G,EGFR,28.4
SMP_2264,chr15,132787973,G,C,MYC,58.8
SMP_6984,chr21,235545590,G,C,TNF,58.67
SMP_3525,chr4,113542656,A,G,MTHFR,94.59
SMP_1527,chr3,196844786,G,C,MTHFR,24.2
SMP_8699,chrX,61464419,C,T,BRCA1,28.14
SMP_2244,chr8,94505335,C,G,APOE,37.87
SMP_6165,chr5,107196668,T,G,MTHFR,45.92
SMP_8522,chr11,179569134,G,A,IL6,76.64
SMP_2213,chr9,53747144,C,A,BRCA1,30.11
SMP_8225,chr18,30334543,T,A,EGFR,93.91
SMP_6770,chr1,30164248,A,G,VEGFA,98.51
SMP_8769,chr2,22551199,G,T,EGFR,88.76
SMP_2326,chr13,249438487,C,T,APOE,69.47
SMP_7139,chr7,184116716,C,A,TP53,77.81
SMP_5265,chr16,53466002,A,C,BRCA1,85.3
SMP_3480,chr21,46187342,T,C,MTHFR,62.22
SMP_7220,chr2,189408648,C,A,MTHFR,58.35
SMP_6915,chr11,169695355,C,G,APOE,65.54
SMP_4052,chr21,196659591,A,T,APOE,25.65
SMP_5086,chr12,30017110,C,T,IL6,35.72
SMP_1962,chr11,131797505,G,A,TP53,85.19
SMP_7229,chr3,133447117,T,G,BRCA1,28.43
SMP_4441,chr16,80387257,G,C,APOE,26.16
SMP_7470,chr6,9436409,A,C,APOE,61.25
SMP_9015,chr9,165318810,G,T,IL6,59.07
SMP_5817,chr18,50985387,G,C,TNF,26.77
SMP_4708,chr20,88929254,C,A,MTHFR,95.0
SMP_3103,chr3,226327052,G,C,VEGFA,26.38
SMP_6335,chr1,42854911,G,A,VEGFA,62.18
SMP_3783,chr7,170818119,C,G,IL6,45.54
SMP_4397,chr7,144595414,T,A,TP53,32.55
SMP_1242,chr6,58230176,C,A,VEGFA,65.69
SMP_5967,chr15,199870791,T,A,EGFR,85.59
SMP_4729,chr17,7823836,T,G,TP53,67.25
SMP_2181,chr10,243990530,C,A,EGFR,45.73
SMP_6155,chr7,69235415,A,G,MTHFR,88.95
SMP_8971,chr4,184377222,C,A,MTHFR,56.7
SMP_9942,chr10,11902838,A,G,MTHFR,69.36
SMP_7689,chr18,172858948,G,A,TNF,20.5
SMP_1820,chr8,223878156,C,G,EGFR,96.21
SMP_6865,chr14,39716447,A,G,BRCA2,74.63
SMP_7696,chr6,19095011,G,A,TNF,98.58
SMP_7540,chr2,9877058,G,T,APOE,62.84
SMP_9143,chr1,19379329,C,A,BRCA1,46.86
SMP_3161,chr11,126397262,A,C,VEGFA,30.21
SMP_9311,chr8,144544363,G,T,VEGFA,74.84
SMP_3857,chr17,112012659,A,C,TNF,38.17
SMP_2389,chr21,108221073,C,G,MTHFR,66.36
SMP_3464,chr20,122031592,C,G,APOE,80.54
SMP_5088,chr12,217708973,A,C,MYC,32.38
SMP_3486,chr14,61131437,C,A,APOE,80.75
SMP_8461,chr11,245822482,A,C,TNF,71.3
SMP_4338,chr19,92335956,A,T,TNF,41.78
SMP_1711,chr19,73126093,A,C,VEGFA,86.58
SMP_6978,chr11,237287468,C,T,EGFR,75.0
SMP_3272,chrY,166401854,C,A,TNF,71.75
SMP_6404,chr21,32817284,C,A,EGFR,37.78
SMP_4698,chr20,32047315,A,C,TP53,94.48
SMP_9528,chr13,23348609,A,G,MYC,76.8
SMP_7988,chr2,118274955,G,T,MYC,99.17
SMP_9985,chr1,211555819,G,C,EGFR,25.75
SMP_5657,chr9,21669912,G,T,TNF,93.2
SMP_2941,chr6,64900171,G,C,VEGFA,30.42
SMP_9751,chr18,225570244,G,A,VEGFA,26.72
SMP_7361,chr13,199114958,C,A,MYC,29.38
SMP_8689,chr6,72693111,C,G,BRCA1,98.66
SMP_9021,chr7,33247911,G,A,MYC,45.34
SMP_5372,chr4,160639967,G,T,MTHFR,63.43
SMP_3880,chr17,115393098,C,T,APOE,82.47
SMP_2512,chr11,83546838,C,T,VEGFA,39.19
SMP_9344,chr22,242526752,A,C,EGFR,20.11
SMP_5316,chr18,78377009,C,A,BRCA2,24.04
SMP_7426,chr10,57471309,C,A,TNF,24.02
SMP_1585,chr22,56389390,C,G,BRCA2,33.21
SMP_9922,chr7,217321278,T,C,VEGFA,24.29
SMP_1519,chr19,32997081,A,T,APOE,74.16
SMP_7107,chr10,23325960,G,T,TNF,82.75
SMP_4351,chr1,73332383,G,C,MTHFR,79.79
SMP_4578,chr4,139381806,C,G,BRCA2,46.89
SMP_5843,chr17,90059864,A,G,TP53,54.88
SMP_2037,chr20,187815539,G,T,BRCA1,44.05
SMP_3614,chr21,179320236,A,G,EGFR,73.54
SMP_1618,chr3,161692624,G,C,BRCA2,54.36
SMP_5941,chr9,189495402,T,G,TP53,84.39
SMP_3071,chr19,221282739,G,C,APOE,70.74
SMP_6497,chr2,173863185,C,A,BRCA2,48.35
SMP_9777,chr22,4628408,G,C,BRCA2,81.49
SMP_8339,chr9,3433365,C,G,TNF,67.14
SMP_4538,chr21,227015231,G,T,EGFR,28.71
SMP_5232,chrX,218147240,G,C,MTHFR,20.38
SMP_8474,chr8,248411959,T,C,BRCA1,66.47
SMP_1986,chr11,10690252,T,G,VEGFA,58.08
SMP_1630,chr12,197341678,C,G,IL6,20.4
SMP_7725,chr16,220136253,C,G,BRCA2,50.03
SMP_4584,chr12,139036784,A,T,VEGFA,39.58
SMP_4573,chr5,232903040,T,C,BRCA1,78.94
SMP_4854,chr7,38090251,T,G,APOE,73.22
SMP_1084,chr5,166682308,G,C,EGFR,94.77
SMP_5847,chr7,72672095,C,T,BRCA1,22.43
SMP_2855,chr6,132238831,G,T,MYC,45.17
SMP_3569,chr2,9043318,C,T,BRCA2,52.34
SMP_7340,chr10,182303522,G,A,BRCA2,55.39
SMP_4777,chr5,248592214,A,G,EGFR,21.88
SMP_9545,chr5,98448730,C,A,BRCA2,32.68
SMP_1020,chr19,228705368,T,G,BRCA2,46.21
SMP_3110,chr4,24384370,G,A,VEGFA,78.7
SMP_2695,chr3,2783171,C,G,TNF,44.2
SMP_7426,chr9,179838543,C,T,TNF,46.3
SMP_5023,chrX,5926633,C,G,MTHFR,85.33
SMP_4357,chr5,32904580,T,A,MTHFR,73.66
SMP_3488,chr9,112369514,T,G,VEGFA,32.18
SMP_3205,chr9,135380467,C,G,IL6,22.28
SMP_7733,chr8,148795668,C,T,APOE,53.42
SMP_6789,chr2,113583895,T,A,TNF,93.76
SMP_1974,chrX,79754415,G,A,EGFR,94.33
SMP_8470,chr21,38461538,A,G,EGFR,89.28
SMP_1097,chr2,177768272,C,A,VEGFA,49.95
SMP_3686,chr16,94778259,C,G,TNF,75.76
SMP_5497,chr14,241541152,G,C,EGFR,47.6
SMP_2730,chr6,229194777,A,C,BRCA2,99.58
SMP_7764,chrY,32825270,G,A,TNF,37.3
SMP_7693,chr21,1393202,C,G,MYC,25.59
SMP_1632,chr14,243981833,A,G,IL6,21.06
SMP_5337,chr4,123991271,T,C,TP53,95.72
SMP_3284,chr7,223736813,T,C,IL6,93.78
SMP_1868,chr4,185690932,C,A,TNF,27.67
SMP_4040,chr16,70734002,G,C,MTHFR,45.64
SMP_9314,chr16,121358856,C,A,APOE,98.37
SMP_7223,chr13,23688263,G,A,MTHFR,75.63
SMP_6467,chr5,34757160,C,G,IL6,97.53
SMP_2825,chr7,43100421,A,G,MYC,41.57
SMP_1147,chrX,108004663,G,T,EGFR,45.6
SMP_2395,chr5,15927073,A,T,MTHFR,93.3
SMP_9419,chr5,144572910,G,C,BRCA1,86.56
SMP_8461,chr2,125686342,A,G,APOE,69.14
SMP_3808,chr5,57073003,T,C,BRCA2,95.44
SMP_7871,chr18,118408147,A,C,EGFR,67.94
SMP_6930,chr5,83831817,G,C,MYC,21.59
SMP_5785,chr15,230945786,T,A,MTHFR,89.32
SMP_1242,chr10,122097793,G,T,IL6,82.68
SMP_4553,chr8,50464016,A,C,VEGFA,62.53
SMP_8601,chr12,240122502,C,A,EGFR,58.85
SMP_2566,chr22,174239597,T,C,EGFR,46.62
SMP_5968,chrX,246635342,A,T,EGFR,66.77
SMP_4648,chr1,140006706,T,A,IL6,80.56
SMP_3355,chr21,76118274,C,T,IL6,27.11
SMP_7620,chr12,243503251,T,G,VEGFA,72.83
SMP_2282,chr18,61571191,T,C,MTHFR,60.21
SMP_2820,chr16,16748584,A,G,TP53,26.27
SMP_7165,chr22,134722565,G,C,VEGFA,99.46
SMP_3783,chr6,120121797,A,G,MTHFR,91.81
SMP_6178,chr13,192914805,C,T,TNF,46.83
SMP_5674,chr1,123051674,A,G,APOE,44.54
SMP_4023,chr22,215438291,T,C,BRCA2,99.5
SMP_5792,chr15,113569423,T,C,BRCA1,84.52
SMP_5204,chr13,151598638,T,G,MYC,51.0
SMP_8040,chr17,241594659,G,C,BRCA2,52.22
SMP_5753,chr9,220446590,T,C,TP53,20.14
SMP_6081,chr3,235640860,A,C,MTHFR,89.65
SMP_2682,chr5,15282456,A,C,BRCA1,26.47
SMP_1384,chr22,184682041,G,C,TNF,46.49
SMP_2413,chr20,67483926,T,A,TP53,28.39
SMP_6169,chr14,209232206,G,C,BRCA2,94.82
SMP_1435,chr10,1686229,T,G,APOE,63.75
SMP_9970,chr18,117204772,G,A,MYC,59.93
SMP_6220,chr8,206433849,T,C,TNF,57.71
SMP_4928,chr4,129503410,T,A,EGFR,96.08
SMP_2572,chr15,249812517,T,A,BRCA2,32.74
SMP_7138,chr7,201041754,G,T,MYC,38.45
SMP_7758,chr17,175586410,A,G,EGFR,65.96
SMP_7906,chr7,17956534,T,G,EGFR,29.17
SMP_2367,chr19,112178321,G,T,BRCA1,68.11
SMP_9360,chr2,98796769,G,T,TNF,59.69
SMP_5900,chr16,236554325,A,C,BRCA2,85.6
SMP_9749,chr17,61243205,A,T,IL6,84.34
SMP_5892,chr3,222731264,C,A,APOE,54.69
SMP_5937,chrX,35785585,C,A,EGFR,67.53
SMP_6388,chr20,161108926,G,A,BRCA1,51.78
SMP_2837,chr18,192631909,T,G,BRCA1,39.84
SMP_8638,chr10,29904084,A,T,VEGFA,35.6
SMP_8520,chr11,121058198,T,G,TNF,32.08
SMP_4332,chr12,84774131,A,C,TP53,55.04
SMP_3702,chr8,176167227,T,C,BRCA1,82.71
SMP_7271,chr5,226407225,G,A,IL6,77.59
SMP_4994,chr8,233275865,T,C,BRCA2,49.1
SMP_3687,chr4,110488607,A,G,EGFR,30.56
SMP_2393,chrX,154730648,G,C,TNF,47.36
SMP_9901,chr6,135574740,G,C,IL6,80.65
SMP_2260,chr13,225202112,T,A,EGFR,87.35
SMP_2833,chr21,224123086,C,T,BRCA1,26.37
SMP_1533,chr3,23160536,C,A,BRCA2,54.93
SMP_1982,chr1,219301155,T,A,VEGFA,57.79
SMP_5935,chr13,97026496,A,T,VEGFA,59.86
SMP_3567,chr4,10745789,G,C,MYC,55.23
SMP_1918,chr5,33095981,A,C,EGFR,81.15
SMP_6287,chr13,31753078,G,T,APOE,68.27
SMP_5241,chr11,228870292,T,C,EGFR,44.93
SMP_3474,chr16,61253722,T,A,BRCA2,79.22
SMP_6727,chr21,148296202,T,C,TNF,82.52
SMP_7847,chr5,53950762,G,T,VEGFA,74.23
SMP_4644,chr18,170698723,A,T,BRCA1,41.61
SMP_7726,chr10,135314506,G,A,TNF,71.4
SMP_2180,chr11,20764462,A,G,APOE,43.66
SMP_4566,chr7,148760271,A,G,TNF,23.51
SMP_5587,chr3,218193393,T,G,EGFR,74.6
SMP_8063,chr19,7841550,C,G,MYC,36.74
SMP_9611,chr16,206519517,C,A,MTHFR,47.84
SMP_3066,chr7,176225005,T,C,TP53,89.27
SMP_9175,chr11,134488107,A,T,APOE,53.02
SMP_6920,chr20,222303661,C,G,BRCA1,57.83
SMP_1847,chr19,104037,G,A,BRCA1,37.49
SMP_3681,chrY,44600153,A,C,BRCA2,91.49
SMP_1960,chr18,168681035,C,T,TNF,74.17
SMP_5427,chr4,34593426,G,T,APOE,22.02
SMP_5496,chr7,94031628,C,T,IL6,90.65
SMP_3389,chr16,199335956,A,C,TNF,65.12
SMP_1065,chr17,44370539,C,A,MYC,55.08
SMP_6391,chr7,153428471,C,A,IL6,60.97
SMP_2254,chr10,92227053,G,T,BRCA2,51.76
SMP_2371,chr22,45374201,G,C,MYC,84.16
SMP_2703,chr18,2198597,G,A,APOE,44.25
SMP_8032,chr15,236347054,A,C,BRCA1,99.62
SMP_3089,chr8,1485583,C,A,BRCA1,91.37
SMP_4324,chr10,241117883,C,A,MYC,71.1
SMP_7197,chr15,161383064,T,A,BRCA2,96.85
SMP_7650,chr16,74554603,C,G,TNF,43.58
SMP_5584,chr6,2319916,G,T,TNF,76.88
SMP_3675,chr9,163796144,C,T,MYC,23.5
SMP_7443,chr18,236426804,G,T,MYC,21.53
SMP_3288,chr7,36057286,A,G,BRCA1,52.92
SMP_7755,chr16,214278926,C,G,TP53,77.85
SMP_3232,chr9,24181032,C,G,IL6,21.3
SMP_4783,chr17,154197874,G,C,EGFR,45.62
SMP_2291,chr20,156686612,A,T,TP53,73.71
SMP_9099,chr6,109373542,G,A,APOE,59.33
SMP_9019,chr11,223233497,A,T,APOE,61.35
SMP_7621,chr7,95501586,A,C,EGFR,50.77
SMP_3399,chr17,63749697,G,A,BRCA2,88.93
SMP_5066,chr8,103678851,T,A,BRCA1,57.08
SMP_9923,chr6,59497982,G,C,EGFR,34.43
SMP_2916,chr10,45162681,C,T,BRCA1,30.61
SMP_1499,chr4,172171794,G,C,IL6,93.62
SMP_2682,chr12,138010231,T,A,APOE,27.92
SMP_3001,chr14,107149111,A,T,MTHFR,44.39
SMP_6176,chr10,82528659,T,A,BRCA1,90.91
SMP_3484,chr13,201412993,G,C,BRCA2,86.51
SMP_9127,chr12,52333976,C,A,APOE,96.34
SMP_8234,chr18,148023389,T,G,EGFR,39.74
SMP_1280,chr19,194404971,T,G,IL6,33.06
SMP_4046,chr22,144616363,G,A,APOE,82.36
SMP_2121,chr11,107145923,C,T,EGFR,39.1
SMP_4749,chr5,174429894,G,T,APOE,40.13
