sample_id,chromosome,position,ref_allele,alt_allele,gene,quality
SMP_6183,chr7,42046255,G,C,BRCA2,90.88
SMP_8930,chr22,125437365,G,T,EGFR,22.42
SMP_9395,chr19,129455760,T,A,TP53,66.58
SMP_5119,chr13,185416839,G,T,IL6,66.72
SMP_9515,chr15,172680943,C,T,APOE,24.15
SMP_2894,chr18,150335821,G,C,TNF,28.47
SMP_8927,chr21,39861014,T,C,BRCA1,41.7
SMP_4683,chr1,81074585,C,G,APOE,88.34
SMP_6628,chr4,237990762,A,G,EGFR,60.75
SMP_5773,chr21,196331496,C,T,APOE,97.22
SMP_5378,chr8,106978694,G,A,TP53,35.5
SMP_1071,chr3,82143646,C,T,IL6,64.13
SMP_4508,chr5,174763990,C,T,MYC,21.93
SMP_7055,chr18,234217238,G,C,BRCA1,61.23
SMP_3811,chr1,198326283,T,A,IL6,55.15
SMP_4589,chr16,157613549,T,G,VEGFA,97.7
SMP_2876,chr6,138604440,A,T,IL6,37.78
SMP_1095,chr8,142694857,A,T,APOE,34.63
SMP_4638,chr2,117388586,C,A,MTHFR,44.94
SMP_2515,chr15,247882736,C,G,BRCA2,87.74
SMP_1633,chr6,232974007,T,C,BRCA1,49.67
SMP_5030,chr19,133290728,C,G,VEGFA,33.82
SMP_5124,chr22,60593133,A,T,MTHFR,58.05
SMP_1075,chr1,233513008,T,A,TNF,49.97
SMP_3661,chr11,246633347,A,T,BRCA2,52.36
SMP_9238,chr18,109759179,G,C,APOE,91.89
SMP_7979,chr20,203648271,A,C,EGFR,80.83
SMP_8600,chr22,137366965,T,C,MYC,99.23
SMP_2221,chr5,128618392,T,A,VEGFA,92.64
SMP_6753,chr1,66051270,A,G,TNF,97.61
SMP_2246,chr22,89025696,A,G,TP53,49.08
SMP_4265,chr16,195230418,T,G,MYC,64.35
SMP_4470,chr7,197903805,T,C,MTHFR,88.42
SMP_3148,chrY,122703154,T,C,IL6,73.43
SMP_5411,chrY,25225039,A,G,TP53,57.69
SMP_9080,chr17,81263168,T,A,EGFR,31.82
SMP_3177,chr6,65996524,G,A,MTHFR,38.71
SMP_2728,chr10,111893713,C,G,MYC,42.35
SMP_3541,chr8,200693419,T,C,TNF,89.61
SMP_1431,chr11,125152860,G,A,TNF,49.81
SMP_1663,chr19,138650604,C,A,VEGFA,90.52
SMP_4785,chr7,126694529,C,A,MTHFR,87.49
SMP_3063,chrX,117485571,C,A,BRCA2,68.44
SMP_8736,chr22,51826195,C,T,MTHFR,53.24
SMP_9950,chr14,181424711,A,G,TNF,83.5
SMP_1055,chr7,208944672,T,G,MTHFR,64.46
SMP_4049,chr16,45443532,G,C,MTHFR,37.24
SMP_9559,chr11,182552012,G,A,TNF,39.9
SMP_4183,chr22,122470488,C,T,EGFR,98.38
SMP_1878,chrY,55315161,A,G,MTHFR,25.25
SMP_9399,chr16,60477148,A,C,MTHFR,90.84
SMP_2002,chr5,186197665,C,T,BRCA2,26.92
SMP_4831,chr20,202428220,A,T,MYC,34.34
SMP_8459,chrY,241058090,A,C,TP53,55.86
SMP_9522,chr19,100024827,G,A,TNF,53.79
SMP_1315,chr21,192931867,T,G,EGFR,74.03
SMP_3239,chr21,131852138,A,T,MTHFR,58.93
SMP_9281,chrX,92825850,C,T,IL6,69.01
SMP_3399,chr7,190052043,A,C,BRCA1,79.57
SMP_6724,chr17,13561517,T,C,VEGFA,22.16
SMP_9608,chr13,36102955,T,A,MTHFR,58.06
SMP_5585,chrY,13519367,A,T,EGFR,63.58
SMP_2900,chr7,29794523,A,G,TNF,94.83
SMP_4731,chr6,215614290,C,A,TP53,25.56
SMP_7481,chr14,55204771,C,A,IL6,68.32
SMP_8996,chr7,99119819,G,A,MYC,63.02
SMP_9571,chr21,107978406,G,C,IL6,44.26
SMP_5136,chr18,249950967,C,G,BRCA2,69.61
SMP_6560,chr4,183272179,A,T,BRCA1,90.53
SMP_4259,chr4,62361212,T,C,BRCA2,58.83
SMP_9398,chr18,114673189,T,C,IL6,98.55
SMP_7973,chr21,207592309,C,T,MTHFR,66.06
SMP_7418,chr4,138241941,C,G,IL6,89.74
SMP_3720,chr20,66707094,A,T,VEGFA,99.08
SMP_2446,chr14,58252757,G,T,MYC,51.73
SMP_9389,chr14,58266619,C,T,TNF,39.02
SMP_1137,chr8,106525881,A,C,VEGFA,65.0
SMP_3998,chr19,194188255,C,T,VEGFA,36.36
SMP_2778,chr12,162677646,C,G,TP53,23.08
SMP_7094,chr22,196507174,C,T,APOE,64.88
SMP_6493,chr16,150719719,G,A,IL6,53.85
SMP_3910,chr2,241482115,T,C,VEGFA,58.08
SMP_6132,chr17,16365291,A,C,TNF,82.71
SMP_6240,chr5,184080357,T,G,EGFR,54.6
SMP_8985,chr5,160394047,G,T,APOE,45.66
SMP_3829,chr17,182866758,A,T,BRCA2,97.47
SMP_4137,chr17,69302600,G,C,APOE,68.44
SMP_5266,chr20,181505410,G,A,EGFR,47.09
SMP_4366,chr12,35610851,G,C,BRCA2,49.79
SMP_7627,chr18,169187724,A,G,EGFR,54.26
SMP_2668,chr18,215006402,C,T,MYC,73.27
SMP_7249,chr16,100650428,C,G,TP53,74.72
SMP_9879,chr5,78252657,T,A,VEGFA,57.35
SMP_1287,chr20,55054401,A,G,EGFR,78.83
SMP_1109,chr10,209524645,G,C,IL6,87.65
SMP_6201,chr14,249485879,A,G,APOE,20.49
SMP_9916,chr9,89453271,T,A,BRCA2,45.53
SMP_1048,chr21,212312494,C,A,TNF,56.96
SMP_5085,chr1,73057235,T,A,TNF,67.48
SMP_5802,chr6,179199263,T,C,VEGFA,69.36
SMP_1140,chr8,215951244,A,G,VEGFA,29.84
SMP_8582,chr16,116180729,T,G,IL6,54.87
SMP_7562,chr13,68865252,A,C,BRCA2,71.88
SMP_4751,chr12,237254525,A,G,TNF,48.39
SMP_2048,chr11,102127220,A,G,IL6,57.51
SMP_3629,chr9,74265140,T,C,VEGFA,60.01
SMP_8019,chr12,18721897,T,C,MTHFR,65.96
SMP_6836,chr4,49351820,C,A,MTHFR,66.2
SMP_2540,chr9,224373358,C,G,APOE,67.02
SMP_4007,chr10,48948343,C,G,VEGFA,79.33
SMP_2476,chr6,209196575,G,C,VEGFA,22.54
SMP_9385,chr1,75461187,A,C,APOE,85.55
SMP_6942,chr1,114079685,A,C,TP53,24.03
SMP_4776,chr14,51642046,A,T,TNF,97.22
SMP_8721,chrY,205032807,A,G,VEGFA,99.14
SMP_9594,chr20,34992083,T,G,TNF,71.88
SMP_9232,chr17,155517675,G,T,APOE,56.53
SMP_7209,chr5,237198534,A,T,BRCA1,55.27
SMP_2106,chr18,5132760,T,A,TNF,61.97
SMP_9622,chr13,235906587,T,G,IL6,78.67
SMP_8385,chr5,189512256,G,A,APOE,84.49
SMP_3747,chr15,78746229,T,A,IL6,29.24
SMP_2235,chr21,23421989,T,A,TP53,33.22
SMP_8646,chr16,146377097,A,T,IL6,32.73
SMP_2740,chr3,84746718,A,T,TP53,96.08
SMP_7336,chrX,156910672,A,C,MTHFR,50.95
SMP_1843,chr5,66444186,T,C,TP53,38.33
SMP_5304,chr14,242022625,A,C,EGFR,89.04
SMP_1187,chr5,220825519,G,C,VEGFA,39.04
SMP_4305,chr5,99756998,G,A,BRCA1,84.67
SMP_1256,chr7,146731338,G,A,IL6,37.31
SMP_6715,chr20,26725696,T,A,TP53,51.47
SMP_4857,chr12,117727344,A,G,VEGFA,63.32
SMP_1598,chr1,109907006,A,C,BRCA1,77.7
SMP_9913,chr1,97197276,C,T,MTHFR,33.78
SMP_9683,chr7,41775458,G,T,TP53,89.44
SMP_1292,chr20,113655712,G,A,APOE,64.56
SMP_6251,chr21,41096932,T,G,TP53,83.28
SMP_2322,chr14,220617352,A,C,MYC,23.58
SMP_7902,chr7,70499977,G,T,MTHFR,84.29
SMP_7636,chr9,202998416,G,A,IL6,81.85
SMP_9360,chr10,51616987,C,G,BRCA2,77.58
SMP_8762,chr15,78744193,C,G,BRCA2,75.93
SMP_5951,chr19,231997286,A,T,BRCA2,92.08
SMP_6196,chr10,192345055,C,G,MTHFR,81.01
SMP_6122,chr21,200715008,A,T,APOE,85.03
SMP_9136,chr16,127653869,G,A,APOE,93.57
SMP_1347,chr6,80082088,A,G,MYC,86.01
SMP_5862,chr20,202801579,T,A,VEGFA,59.99
SMP_3492,chr21,175273262,T,C,BRCA1,80.95
SMP_1125,chr2,4536936,A,G,MTHFR,44.89
SMP_8516,chr8,190870477,T,A,APOE,30.8
SMP_1068,chr8,151861637,T,C,TP53,72.11
SMP_9331,chr21,29657508,G,T,APOE,72.02
SMP_1214,chr15,101295848,C,G,MTHFR,44.16
SMP_7559,chr9,247213306,C,G,MYC,79.32
SMP_5391,chr15,116645661,G,C,VEGFA,33.4
SMP_1434,chr14,33489346,T,A,BRCA1,82.1
SMP_9966,chr12,207577615,T,A,MYC,20.28
SMP_8244,chr19,84668683,T,A,EGFR,97.79
SMP_5638,chr8,96557714,T,A,IL6,50.15
SMP_5118,chr11,239849922,A,C,BRCA1,58.53
SMP_2203,chr9,97336657,T,A,EGFR,59.37
SMP_8863,chr2,92995734,G,T,EGFR,38.19
SMP_1792,chr16,18265178,G,A,TNF,23.41
SMP_5467,chr5,87868987,G,T,MYC,48.07
SMP_6597,chr3,176019779,G,C,MYC,91.18
SMP_2426,chr6,147489799,A,T,BRCA1,71.94
SMP_6002,chr9,134200846,C,A,IL6,93.43
SMP_3304,chr3,161131155,C,G,BRCA1,30.17
SMP_7209,chr18,42815380,G,T,EGFR,68.42
SMP_5022,chr10,178818034,G,A,VEGFA,27.94
SMP_3463,chr8,84472209,A,T,IL6,97.84
SMP_2447,chr18,224219306,G,T,VEGFA,80.96
SMP_3828,chrY,194363585,G,T,IL6,33.08
SMP_2539,chr6,231523654,A,G,MYC,70.14
SMP_4497,chr19,798609,A,G,TNF,43.42
SMP_8297,chr6,55425156,T,C,MYC,40.01
SMP_1302,chr8,29303886,C,G,IL6,95.84
SMP_8430,chr10,233644629,T,C,MYC,34.3
SMP_1295,chr21,102883610,C,A,TNF,80.13
SMP_9774,chr10,18601020,A,G,EGFR,68.01
SMP_1226,chrY,244011883,A,G,VEGFA,42.42
SMP_2399,chr16,101886884,T,G,TNF,24.48
SMP_3241,chr2,54427859,A,T,EGFR,85.24
SMP_4270,chr6,53161288,T,C,MYC,49.4
SMP_4381,chr9,54268344,T,G,MYC,26.23
SMP_3183,chr22,26782026,A,G,IL6,20.91
SMP_6224,chr6,180432748,A,T,MTHFR,44.47
SMP_8961,chr19,102009479,G,A,APOE,86.36
SMP_2669,chr1,70185787,T,C,VEGFA,42.84
SMP_2602,chr13,144441737,T,G,BRCA2,75.3
SMP_2400,chr9,95172511,G,A,MYC,24.8
SMP_1164,chr11,181265047,G,C,TNF,43.22
SMP_8848,chr19,117070632,G,A,EGFR,88.89
SMP_6178,chr15,97419379,G,A,IL6,47.13
SMP_3828,chr21,204130984,A,G,EGFR,28.75
SMP_7089,chr11,53870825,G,A,TP53,43.67
SMP_8439,chrY,37188529,C,A,MTHFR,93.21
SMP_5318,chr7,31278406,T,G,TP53,69.39
SMP_4227,chr18,161347854,T,G,TP53,31.09
SMP_6034,chr8,67597135,T,C,APOE,20.94
SMP_7824,chr19,107288502,A,C,MYC,69.87
SMP_8286,chr11,125505298,T,C,BRCA1,68.43
SMP_5932,chr6,207500648,C,A,MTHFR,44.11
SMP_5679,chr22,101424448,A,T,VEGFA,83.02
SMP_6063,chr13,190947640,G,A,TP53,22.3
SMP_5553,chr12,103205160,C,A,TP53,93.01
SMP_4183,chr7,14407082,A,T,IL6,50.97
SMP_4835,chr13,91553053,C,A,VEGFA,63.03
SMP_1752,chr19,32642281,G,T,EGFR,32.67
SMP_7639,chr15,235744078,G,A,APOE,96.47
SMP_5946,chrY,14919099,A,G,TNF,39.13
SMP_4816,chr13,65836649,A,T,MYC,82.49
SMP_9305,chr7,54500370,T,G,VEGFA,43.86
SMP_7546,chr9,189199253,G,A,MTHFR,92.58
SMP_7496,chr2,13680026,A,T,TP53,87.16
SMP_4951,chr8,244843855,T,A,MYC,53.74
SMP_6212,chr20,37026459,T,G,TP53,23.19
SMP_2830,chr13,18515503,A,C,EGFR,79.2
SMP_2404,chrY,114390808,A,T,MTHFR,42.15
SMP_3415,chrX,80891659,T,G,MTHFR,75.55
SMP_9590,chr21,235303947,A,C,APOE,52.47
SMP_3283,chr15,227930234,C,A,MYC,32.91
SMP_2295,chr17,210753453,T,G,VEGFA,67.53
SMP_5109,chr8,34366628,C,G,APOE,71.01
SMP_4117,chr19,102975191,G,T,BRCA1,37.95
SMP_2704,chr15,120903399,T,A,MYC,77.19
SMP_1927,chr19,118500122,T,C,MYC,94.79
SMP_6833,chr14,245020498,T,C,BRCA1,81.29
SMP_5583,chr4,185323188,T,G,BRCA1,92.69
SMP_7194,chr21,46364561,T,C,EGFR,54.89
SMP_4734,chrX,167126677,C,A,BRCA1,44.14
SMP_1173,chr12,199421617,G,T,IL6,37.61
SMP_1811,chr21,125638080,G,A,BRCA2,51.44
SMP_7211,chr18,27835602,A,G,APOE,50.66
SMP_2548,chr2,91371354,T,C,BRCA1,29.78
SMP_3902,chr20,36164358,G,C,IL6,50.23
SMP_2353,chr6,23634875,C,G,MTHFR,88.12
SMP_1581,chr17,10072388,A,G,APOE,45.13
SMP_2978,chr12,197058762,C,T,BRCA1,24.58
SMP_9062,chr19,15017203,A,C,TNF,80.31
SMP_9204,chrX,61085405,C,A,MYC,94.26
SMP_2584,chr5,234204293,T,A,MTHFR,72.43
SMP_6768,chrX,174989872,C,T,BRCA2,72.42
SMP_5414,chr1,106498458,T,C,MTHFR,30.84
SMP_9066,chr2,179644332,A,T,TP53,80.55
SMP_4006,chr20,20820026,T,G,IL6,34.08
SMP_1397,chr2,86404429,T,C,TP53,41.21
SMP_9362,chr13,61453078,A,T,BRCA2,34.34
SMP_7896,chr4,23084140,C,G,IL6,21.82
SMP_2433,chr12,80627877,A,C,VEGFA,24.05
SMP_6797,chr5,90987491,T,C,MYC,71.49
SMP_4288,chr6,200041861,T,C,APOE,84.23
SMP_8914,chr3,116874836,A,G,BRCA2,38.99
SMP_5779,chr2,30706131,G,A,BRCA1,55.23
SMP_2877,chr16,223920824,A,G,BRCA2,74.9
SMP_4401,chrY,220677559,G,C,IL6,35.85
SMP_6946,chr20,124219569,C,A,TP53,64.63
SMP_2135,chr4,32951866,G,T,IL6,32.73
SMP_2092,chr5,892045,A,G,APOE,55.37
SMP_4629,chr9,95555725,A,G,EGFR,60.53
SMP_3934,chr1,15666491,C,T,BRCA2,45.26
SMP_5928,chr5,69199024,T,A,APOE,58.38
SMP_5523,chr17,5614187,T,C,MTHFR,82.63
SMP_2893,chr8,68486598,T,C,VEGFA,88.34
SMP_9099,chr10,171296425,G,A,APOE,93.12
SMP_8465,chr19,189967416,G,C,APOE,23.37
SMP_1513,chr16,240318967,A,C,VEGFA,76.12
SMP_4946,chrX,86426278,G,A,EGFR,51.81
SMP_4223,chr15,180346034,C,T,BRCA1,54.12
SMP_4066,chr13,127894253,A,G,TP53,65.99
SMP_5972,chr13,99714064,A,T,APOE,67.47
SMP_8475,chr1,158809779,A,C,BRCA1,54.24
SMP_4822,chr4,355423,A,C,VEGFA,72.48
SMP_2068,chr15,42484718,A,G,MTHFR,32.7
SMP_2141,chr9,141168327,T,A,TNF,91.42
SMP_2030,chr4,93186162,C,G,TP53,31.98
SMP_7970,chr17,212887537,G,T,MTHFR,59.57
SMP_1585,chr13,193862818,A,T,BRCA2,97.21
SMP_5330,chr20,86181438,G,T,BRCA1,28.23
SMP_6395,chr11,91184834,G,T,MTHFR,91.34
SMP_7214,chr8,52187434,A,C,BRCA2,55.79
SMP_5071,chr13,217610682,G,T,MYC,23.69
SMP_4909,chr14,1124252,A,T,BRCA2,73.62
SMP_2884,chr9,235439465,T,G,IL6,51.11
SMP_6088,chr5,122237571,T,G,BRCA2,23.92
SMP_3402,chr7,92670150,T,A,APOE,57.49
SMP_7766,chr8,79235121,G,T,MYC,27.21
SMP_1489,chr11,248068445,C,G,TNF,82.58
SMP_3104,chr8,106056732,C,A,VEGFA,47.92
SMP_7986,chr16,87121069,A,C,BRCA1,51.65
SMP_8321,chr16,66036969,T,A,BRCA2,25.1
SMP_9575,chr4,161204815,A,T,EGFR,56.56
SMP_7652,chr10,6204329,A,G,BRCA2,48.07
SMP_6543,chr12,183982758,G,A,MTHFR,86.35
SMP_2446,chr16,211573944,G,A,VEGFA,86.65
SMP_3932,chr11,62619651,T,C,EGFR,29.72
SMP_5951,chr11,29137244,C,A,TNF,78.6
SMP_3975,chr20,6354840,A,T,IL6,87.37
SMP_1602,chr11,178383481,C,T,TP53,29.8
SMP_2577,chr21,220341790,C,A,BRCA2,89.8
SMP_6610,chrY,143226355,T,C,APOE,57.98
SMP_1292,chr13,137321436,G,C,BRCA1,63.33
SMP_3310,chr15,165946268,A,C,TNF,61.02
SMP_3372,chr11,158954283,G,C,BRCA1,95.32
SMP_2055,chrY,209695824,T,G,BRCA2,20.46
SMP_9864,chr10,98142345,C,T,MTHFR,39.0
SMP_4344,chr6,154144864,C,T,VEGFA,47.39
SMP_2751,chr21,203023208,A,G,BRCA1,70.02
SMP_5825,chrX,12155073,G,C,BRCA1,93.63
SMP_1305,chr20,114538085,C,A,BRCA2,61.51
SMP_8951,chr12,142104382,C,A,APOE,85.51
SMP_3030,chr13,49393788,G,A,BRCA1,24.0
SMP_3559,chr8,154316426,A,G,BRCA1,59.61
SMP_7777,chr9,9856809,C,G,TP53,65.3
SMP_2758,chr13,115301191,G,T,MYC,70.59
SMP_5727,chr9,104467679,G,T,VEGFA,33.2
SMP_1898,chrY,234926499,T,C,BRCA2,45.15
SMP_6470,chr22,204401828,C,G,MTHFR,96.56
SMP_3019,chr21,45946494,C,A,VEGFA,64.63
SMP_6458,chr15,241631924,T,A,BRCA2,97.08
SMP_9550,chr17,61414207,C,T,EGFR,75.36
SMP_6319,chr6,4441323,C,T,MYC,96.08
SMP_6236,chr1,77479070,T,C,BRCA1,82.72
SMP_6121,chrY,160068586,A,C,TNF,34.29
SMP_4851,chr11,85048151,T,A,BRCA1,97.63
SMP_6799,chr1,8216301,C,G,TNF,74.61
SMP_9277,chr11,212853847,T,G,APOE,21.92
SMP_2796,chr3,40505965,C,A,MTHFR,73.61
SMP_3446,chr20,134849619,C,A,TP53,70.81
SMP_7291,chr6,59544080,G,A,BRCA1,23.46
SMP_5944,chr22,223040870,T,G,APOE,29.49
SMP_2573,chr10,236158040,A,C,MYC,31.47
SMP_6094,chr6,207476242,G,A,TNF,87.24
SMP_4759,chr1,121652881,T,C,TNF,44.04
SMP_5358,chr11,163897914,C,G,TP53,78.02
SMP_6029,chr22,19753098,G,C,IL6,79.06
SMP_5741,chr12,116000939,G,C,APOE,48.97
SMP_8913,chr10,109409627,G,T,TP53,95.93
SMP_9251,chr11,227356793,G,C,MYC,59.18
SMP_4867,chr7,56501955,C,G,IL6,92.22
SMP_2716,chr13,31161858,A,G,APOE,97.25
SMP_8770,chr18,205018747,G,C,BRCA2,48.19
SMP_8128,chr14,241883799,G,T,TP53,57.44
SMP_9343,chr14,220905868,A,T,MTHFR,51.43
SMP_7668,chr10,136256507,C,G,BRCA1,32.81
SMP_3223,chr7,107353738,C,A,EGFR,94.0
SMP_6909,chr9,88086689,A,G,BRCA1,77.68
SMP_3440,chr15,248141613,T,C,IL6,88.17
SMP_4695,chr16,222121595,C,A,MTHFR,50.24
SMP_9542,chr11,12783422,A,T,BRCA2,91.47
SMP_4439,chr3,174530763,C,G,BRCA1,63.67
SMP_1171,chr13,119810066,G,C,IL6,89.66
SMP_4737,chr6,102728528,C,G,APOE,57.43
SMP_3139,chr15,115149264,G,T,EGFR,36.24
SMP_9616,chr20,211383712,C,T,TP53,59.08
SMP_7998,chr1,100259507,T,C,EGFR,70.01
SMP_1391,chr9,141067582,T,C,VEGFA,54.28
SMP_1488,chr18,80548129,G,T,VEGFA,30.97
SMP_7661,chr2,38097059,G,A,TNF,45.13
SMP_7549,chr15,215754002,A,C,IL6,80.85
SMP_7211,chr6,116654786,A,C,MTHFR,97.76
SMP_9248,chr4,128637496,T,A,APOE,77.15
SMP_6034,chr21,26419441,C,T,VEGFA,27.14
SMP_3517,chr19,180003546,T,C,VEGFA,41.2
SMP_3847,chr14,17517205,C,G,EGFR,65.85
SMP_8974,chr16,221872095,C,G,BRCA2,87.64
SMP_8836,chr4,193731805,A,G,EGFR,43.62
SMP_4325,chr7,243657982,A,G,EGFR,82.01
SMP_4392,chr14,95343021,G,C,BRCA2,54.44
SMP_6838,chr3,220996722,G,A,VEGFA,25.5
SMP_8496,chr22,98099475,G,C,TNF,51.51
SMP_6014,chr13,228889596,C,A,VEGFA,62.5
SMP_2236,chrX,129156872,T,A,VEGFA,68.49
SMP_9847,chrY,63805011,C,G,BRCA2,44.44
SMP_7857,chr22,218344109,G,C,TNF,65.42
SMP_9137,chr19,11655905,C,A,EGFR,65.95
SMP_7575,chr17,196093969,C,G,MTHFR,31.71
SMP_9477,chr14,161609907,A,C,MTHFR,55.83
SMP_3041,chr14,74596421,G,T,MTHFR,25.61
SMP_3427,chr22,180944921,A,G,VEGFA,66.57
SMP_5149,chr13,50645333,A,C,MYC,93.15
SMP_7411,chr1,201524451,T,G,IL6,41.38
SMP_6286,chr8,111659514,G,C,TP53,59.24
SMP_5873,chr7,191664165,C,A,BRCA2,38.48
SMP_3494,chr4,97187558,G,T,TNF,89.35
SMP_1572,chr2,157192555,G,A,BRCA1,43.59
SMP_6800,chr22,4629836,C,A,TP53,74.78
SMP_7746,chr16,104815798,C,A,EGFR,28.13
SMP_2451,chr11,233461380,G,T,IL6,43.37
SMP_6456,chr22,87501956,T,A,TP53,58.44
SMP_5913,chr10,92858601,T,G,BRCA1,67.01
SMP_5962,chr20,36878421,G,C,IL6,36.96
SMP_2969,chr19,226740448,T,A,BRCA2,26.35
SMP_3077,chr4,110863446,T,A,TNF,32.82
SMP_4489,chr2,80318892,C,A,IL6,70.34
SMP_8050,chr10,69079198,C,T,MYC,61.92
SMP_7097,chr7,237319929,C,T,VEGFA,59.03
SMP_5913,chr6,85752504,T,A,APOE,80.15
SMP_5239,chrY,146105156,T,C,BRCA2,30.22
SMP_4813,chr18,29775438,A,G,APOE,27.64
SMP_5109,chr22,245278300,A,G,TNF,65.48
SMP_3670,chr7,131608166,G,C,EGFR,86.21
SMP_9442,chr14,198817220,G,A,EGFR,46.68
SMP_9163,chr2,160313715,C,A,EGFR,85.9
SMP_9038,chr3,228507262,T,G,TP53,97.72
SMP_2963,chr18,228458307,A,T,IL6,23.09
SMP_1177,chr12,46378169,G,A,BRCA1,22.48
SMP_6614,chr3,18077477,T,G,MTHFR,77.0
SMP_8378,chr6,144928316,C,A,BRCA1,59.57
SMP_2337,chr15,66985890,C,A,TNF,84.43
SMP_7956,chr5,34883289,G,A,TP53,86.81
SMP_5411,chr9,161631415,A,T,TP53,31.61
SMP_8227,chr13,123727804,T,A,IL6,37.28
SMP_6013,chr14,240928330,A,T,MTHFR,89.49
SMP_3066,chr1,97264399,A,C,TP53,31.21
SMP_2915,chr16,64110051,T,A,BRCA1,42.19
SMP_9214,chr14,12943071,T,C,BRCA1,34.05
SMP_9345,chr22,76201461,C,T,MYC,22.56
SMP_8397,chr1,155678474,G,C,TP53,85.71
SMP_9796,chr17,95855136,C,G,TNF,66.41
SMP_1593,chr12,211334743,C,T,MTHFR,97.98
SMP_5624,chr11,194474871,C,A,TP53,56.27
SMP_5295,chr17,89368982,G,A,BRCA1,54.9
SMP_9774,chr3,153609810,T,C,BRCA1,77.31
SMP_9795,chr22,121007835,G,A,TNF,22.29
SMP_5585,chr20,197175866,T,A,IL6,25.6
SMP_8583,chr13,8596480,G,C,BRCA1,48.06
SMP_2387,chr12,38625701,C,A,IL6,27.05
SMP_8620,chr11,88532532,C,T,TNF,31.33
SMP_1770,chr10,100751597,G,A,IL6,80.66
SMP_6527,chr17,206275967,A,T,VEGFA,78.39
SMP_7560,chr9,14008033,T,G,EGFR,85.36
SMP_6328,chr18,25454449,T,C,TNF,59.27
SMP_3434,chr5,206712838,G,A,EGFR,79.6
SMP_7426,chr19,104203987,T,G,IL6,93.08
SMP_7448,chr9,135252303,T,G,MTHFR,85.1
SMP_1447,chrY,194311653,C,G,BRCA2,42.17
SMP_9669,chr19,87860883,C,T,MTHFR,81.75
SMP_5560,chr11,236782419,G,T,BRCA1,39.05
SMP_9209,chrX,135721321,C,T,BRCA1,82.76
SMP_8028,chr12,106421353,A,G,EGFR,35.08
SMP_1004,chr13,116458319,C,A,MYC,27.92
SMP_3268,chr3,72773131,C,A,TP53,45.16
SMP_4744,chr2,75410506,G,T,MTHFR,74.44
SMP_8275,chr22,152642686,G,T,EGFR,69.98
SMP_3011,chr11,190386097,G,C,MTHFR,79.05
SMP_4941,chr2,176482953,T,G,MYC,57.91
SMP_4196,chr10,58076254,G,A,EGFR,22.25
SMP_5455,chr12,209976428,C,G,APOE,77.14
SMP_7541,chr17,234788762,G,A,MYC,71.19
SMP_5543,chr3,243209832,C,T,MTHFR,47.84
SMP_6940,chr17,89294520,A,C,IL6,49.46
SMP_6224,chr8,17164435,A,G,BRCA2,65.54
SMP_5325,chr12,127737414,A,C,MTHFR,48.17
SMP_5732,chrX,10855032,G,T,BRCA1,21.69
SMP_5574,chr22,24050325,A,C,IL6,72.38
SMP_2226,chr7,143200773,C,G,APOE,34.04
SMP_4312,chr15,187639998,A,T,BRCA2,75.67
SMP_4386,chr20,241784972,T,A,TNF,73.15
SMP_5453,chr10,14758655,C,G,VEGFA,77.63
SMP_4085,chr17,9763842,T,A,TP53,80.92
SMP_1578,chr1,61356147,A,T,BRCA1,85.94
SMP_5880,chr18,249034982,G,C,BRCA2,89.94
SMP_2829,chr15,24794610,T,A,APOE,59.47
SMP_9435,chr14,64377644,A,C,APOE,60.83
SMP_8183,chr13,8628060,T,C,BRCA2,27.66
SMP_1372,chr8,107340277,T,G,APOE,56.3
SMP_6108,chr14,57151355,C,T,IL6,23.43
SMP_9913,chr15,45285790,G,T,BRCA1,68.21
SMP_2608,chr13,89503746,T,A,BRCA1,51.7
SMP_8536,chr11,106997607,C,A,TP53,59.32
SMP_5517,chr14,23538741,C,A,VEGFA,50.67
SMP_4138,chr13,155785360,G,A,TP53,82.52
SMP_5612,chr14,82571695,C,G,BRCA2,95.46
SMP_2270,chr11,182195251,A,T,MYC,38.34
SMP_6381,chr13,131385959,C,G,APOE,59.99
SMP_9253,chr12,215422888,A,G,EGFR,53.14
SMP_6980,chr10,243905814,G,T,EGFR,47.9
SMP_7981,chr19,123053428,G,T,MTHFR,97.48
SMP_9113,chr6,134407131,C,G,VEGFA,88.73
SMP_1565,chr20,244062340,G,A,EGFR,88.65
SMP_1320,chr11,179546269,G,C,MYC,38.82
SMP_3999,chr13,227603616,G,A,MTHFR,55.74
SMP_2422,chr3,148205787,C,G,BRCA2,40.3
SMP_3226,chr9,182265703,G,C,MYC,52.16
SMP_4638,chr14,57655281,G,C,TP53,78.06
SMP_8570,chr18,167228399,C,G,VEGFA,28.79
SMP_4298,chr19,18527629,A,G,MTHFR,68.88
SMP_9125,chr11,85810238,T,C,TP53,43.78
SMP_1446,chr19,30864307,A,G,TNF,22.15
SMP_4300,chr1,21343782,G,T,TNF,87.84
SMP_1752,chr21,211425850,T,C,APOE,24.29
SMP_5177,chr20,35781938,G,T,VEGFA,55.34
SMP_4315,chr3,41748069,T,A,VEGFA,75.34
SMP_6980,chr11,76517045,G,C,TNF,32.62
SMP_5950,chrX,139705073,C,G,BRCA2,76.71
SMP_1545,chr13,28817086,A,C,APOE,39.94
SMP_5312,chr10,70457582,T,C,EGFR,84.56
SMP_1215,chr17,92192669,G,A,MTHFR,40.87
SMP_5918,chr16,130540259,C,G,MTHFR,76.46
SMP_1852,chr18,233639821,T,A,TNF,91.81
SMP_4990,chr21,234983180,A,C,IL6,70.49
SMP_6095,chr3,195054193,T,G,IL6,37.59
SMP_5343,chr2,70348992,A,T,TP53,96.04
SMP_6085,chr2,183056137,T,G,TP53,89.9
SMP_3862,chr1,88860282,G,T,IL6,69.35
SMP_4822,chrY,248122457,G,T,MYC,41.2
SMP_1146,chr17,120022766,G,T,MYC,75.04
SMP_7471,chr6,59034958,T,G,APOE,49.27
SMP_7124,chr8,156004108,C,A,VEGFA,29.51
SMP_7684,chr3,157925278,A,T,TNF,58.19
SMP_4380,chr22,16904876,A,C,VEGFA,54.64
SMP_7914,chr13,87370288,G,T,BRCA1,76.87
SMP_1077,chr5,248850420,A,G,VEGFA,44.05
SMP_7434,chr9,152651267,T,A,MTHFR,76.5
SMP_7490,chr9,143925416,G,A,MTHFR,56.32
SMP_3691,chr20,194287043,G,A,IL6,96.54
SMP_4668,chr15,217461192,G,C,IL6,33.76
SMP_2671,chr18,168506467,A,G,BRCA1,35.77
SMP_7180,chr9,159298033,T,G,TP53,47.56
SMP_5141,chr18,123539421,G,T,BRCA2,92.95
SMP_5895,chr10,70231453,A,T,EGFR,22.01
SMP_6850,chr17,108609567,G,A,VEGFA,23.79
SMP_3070,chr2,203665530,C,T,IL6,64.13
SMP_9212,chr3,138482689,T,A,TP53,73.07
SMP_2579,chr12,93048020,G,C,EGFR,55.81
SMP_8154,chr7,90241996,A,C,TNF,92.06
SMP_9916,chr12,233582530,T,C,IL6,83.38
SMP_9014,chr1,71176221,T,G,MTHFR,62.33
SMP_7184,chr8,67034299,G,A,TP53,64.19
SMP_6020,chr11,43118376,A,C,BRCA2,75.67
SMP_2556,chr14,116880107,G,C,BRCA2,95.76
SMP_3943,chr7,118751086,T,G,MYC,41.44
SMP_2875,chr4,88495247,A,G,TP53,80.88
SMP_6727,chrX,194060636,C,G,IL6,56.42
SMP_7065,chr14,166125279,C,T,EGFR,67.89
SMP_8686,chr3,34591293,C,A,APOE,30.24
SMP_6268,chr16,109376070,A,C,EGFR,78.15
SMP_6857,chr22,63313595,C,A,EGFR,28.22
SMP_8038,chr5,241990199,G,C,BRCA2,22.07
SMP_4444,chr9,184463196,G,C,BRCA2,60.98
SMP_9436,chr5,200134641,A,T,BRCA2,66.72
SMP_8568,chr20,121505981,C,G,BRCA2,59.38
SMP_2147,chr20,104132334,C,G,IL6,74.99
SMP_6222,chr20,216942651,T,C,BRCA2,73.91
SMP_6543,chr9,4326969,T,C,MTHFR,21.17
SMP_5725,chrY,160348436,T,G,MYC,58.52
SMP_7361,chr19,186229737,C,A,TP53,32.9
SMP_4004,chr21,196688272,G,C,IL6,59.18
SMP_1384,chr22,59161240,C,G,APOE,45.33
SMP_9013,chr21,128354075,G,T,APOE,51.78
SMP_1217,chr21,71734020,A,T,TNF,53.22
SMP_9009,chr15,8947008,T,C,MYC,31.72
SMP_4358,chr12,54653806,C,T,IL6,25.55
SMP_4548,chr22,240125253,T,A,MTHFR,21.31
SMP_9765,chr7,65497479,A,C,EGFR,78.95
SMP_7475,chr15,189038769,C,A,BRCA1,39.0
SMP_1273,chr22,11738831,A,G,BRCA1,60.41
SMP_8821,chr8,216482846,C,T,TNF,90.51
SMP_8350,chr3,53231494,A,C,MYC,48.16
SMP_3080,chr20,194423913,G,T,MTHFR,67.21
SMP_5067,chr22,176211688,G,A,IL6,30.78
SMP_1164,chr4,186673025,G,A,BRCA2,89.32
SMP_9248,chr21,116566940,T,A,APOE,50.69
SMP_2769,chr1,14037569,T,A,TP53,84.31
SMP_1672,chr19,154426448,T,A,APOE,58.53
SMP_2419,chr7,209124730,C,A,MYC,95.52
SMP_1997,chr12,76155258,A,T,IL6,52.81
SMP_2113,chr3,87043887,C,T,MYC,80.79
SMP_1045,chrX,168758164,C,G,MYC,80.05
SMP_2088,chr5,49574017,A,G,TNF,86.92
SMP_2865,chrY,229751211,A,C,BRCA2,70.2
SMP_8799,chr14,141233704,C,A,BRCA1,45.72
SMP_9510,chr17,165743703,A,C,APOE,76.78
SMP_6082,chr22,165217576,C,T,TNF,23.17
SMP_2909,chr22,23084557,A,C,MYC,76.54
SMP_1993,chr22,171314775,A,G,BRCA2,72.49
SMP_9770,chr11,65108493,C,G,IL6,63.57
SMP_1944,chr7,239131235,T,C,APOE,20.76
SMP_9931,chr5,67551741,C,A,APOE,46.1
SMP_6836,chr1,203424199,A,C,APOE,62.28
SMP_2895,chr2,150128445,C,G,TP53,81.55
SMP_1804,chr18,33394012,T,A,IL6,69.74
SMP_8251,chr10,80546667,T,A,TP53,48.72
SMP_4551,chr22,164091214,C,A,TNF,44.91
SMP_6581,chr13,1492264,C,G,VEGFA,70.6
SMP_7589,chr10,153646475,G,C,BRCA2,95.72
SMP_5160,chr11,247991526,A,C,TNF,33.99
SMP_4475,chr18,30768182,T,G,TNF,41.37
SMP_2371,chr2,74143163,T,A,TP53,32.88
SMP_6431,chrX,152002497,A,C,MYC,58.68
SMP_5315,chr15,207777890,A,T,TNF,83.18
SMP_7753,chr16,105136906,G,T,IL6,76.11
SMP_2618,chr9,86631872,G,T,TNF,95.07
SMP_7554,chrY,107641952,C,G,MTHFR,71.08
SMP_7816,chr7,241676147,C,A,TP53,67.94
SMP_1256,chr11,33578703,T,A,TNF,43.31
SMP_4322,chr15,140070547,T,G,TP53,27.43
SMP_7265,chr11,36173777,G,T,EGFR,59.21
SMP_5476,chr12,143377809,T,C,VEGFA,75.4
SMP_6427,chr8,6335077,C,G,MTHFR,86.44
SMP_2958,chr3,62340952,A,C,EGFR,77.53
SMP_6775,chr13,1678372,C,T,IL6,44.31
SMP_3516,chr7,204811391,C,T,BRCA1,85.89
SMP_7107,chr5,83256664,G,T,APOE,96.15
SMP_4084,chr13,19733946,C,A,IL6,27.95
SMP_1647,chr15,122124037,C,T,BRCA2,62.98
SMP_1462,chr10,165578528,A,T,MYC,81.55
SMP_5743,chr12,37372185,C,T,MYC,81.48
SMP_2644,chr11,10480743,T,C,EGFR,71.08
SMP_2923,chr10,91752183,A,G,BRCA1,88.15
SMP_8258,chr15,139362477,T,G,EGFR,42.21
SMP_4781,chr7,193315927,A,T,BRCA2,76.75
SMP_3592,chr22,76645073,A,G,TP53,76.27
SMP_5529,chrY,159966738,C,T,MYC,28.24
SMP_2031,chr11,92927250,G,A,VEGFA,36.02
SMP_1233,chr21,205686073,G,A,TNF,50.9
SMP_2370,chr21,80728532,C,T,APOE,40.47
SMP_3574,chr2,8741045,G,C,MYC,39.62
SMP_3884,chr19,69605070,A,T,BRCA2,29.89
SMP_9429,chr2,5806618,A,G,TP53,84.91
SMP_9196,chr8,183667021,T,A,EGFR,83.62
SMP_5549,chrX,153400134,C,T,TP53,54.64
SMP_5207,chr1,55857243,G,T,VEGFA,64.65
SMP_8146,chr9,39135665,T,C,BRCA2,94.15
SMP_3502,chr5,38584290,T,C,TP53,26.4
SMP_2382,chr22,157684677,C,T,IL6,82.24
SMP_1778,chr12,53709625,T,A,TP53,47.11
SMP_3350,chr14,33784757,C,T,VEGFA,29.34
SMP_5195,chr10,161527939,G,A,BRCA1,24.23
SMP_7868,chr16,85104024,A,C,IL6,60.71
SMP_7551,chr18,210888315,C,G,TNF,22.74
SMP_7144,chr1,40822467,T,A,MTHFR,57.71
SMP_9963,chr11,178087755,C,G,TNF,84.09
SMP_8816,chr2,219577482,C,A,IL6,83.33
SMP_5845,chr15,217703787,T,C,EGFR,39.32
SMP_7277,chr7,84873572,G,T,IL6,46.37
SMP_9398,chr10,16946509,T,G,APOE,96.92
SMP_6522,chr5,59374544,C,G,IL6,68.11
SMP_5099,chr14,57818699,C,G,BRCA2,87.12
SMP_2742,chr16,100952791,A,T,APOE,81.46
SMP_3410,chr21,135570159,T,C,APOE,22.82
SMP_8320,chr7,47118255,C,G,EGFR,33.17
SMP_5930,chr20,75935688,G,T,TNF,90.58
SMP_7472,chr16,160237519,T,A,BRCA2,71.0
SMP_4305,chr1,63994547,T,G,VEGFA,30.63
SMP_1568,chr9,1486875,G,A,IL6,95.09
SMP_2359,chr15,211088044,G,C,MTHFR,55.03
SMP_4169,chrX,109650294,A,G,EGFR,63.74
SMP_7269,chr21,118973714,A,G,TP53,26.87
SMP_6041,chr7,184227416,A,G,TP53,95.11
SMP_4606,chr22,104523709,A,G,MTHFR,67.56
SMP_5736,chr12,240586271,A,G,BRCA1,64.66
SMP_2465,chrY,224314751,A,G,BRCA2,92.91
SMP_9242,chr14,196268831,G,T,EGFR,76.1
SMP_6467,chr2,101300561,A,C,EGFR,71.44
SMP_2995,chr14,188408270,C,T,APOE,70.13
SMP_5461,chr1,122158130,G,T,VEGFA,58.59
SMP_5402,chr19,95476908,C,T,MYC,30.55
SMP_5504,chrX,17387609,A,C,VEGFA,31.49
SMP_5664,chr10,128034513,C,G,TNF,23.74
SMP_7094,chr2,193903089,T,G,IL6,22.87
SMP_1482,chr15,233655744,A,G,VEGFA,34.21
SMP_3029,chr19,182095450,G,C,TP53,50.95
SMP_4630,chr9,121954668,C,G,BRCA1,46.45
SMP_9525,chr4,210630683,G,A,BRCA2,61.13
SMP_1265,chr16,143378469,T,A,BRCA2,38.25
SMP_9626,chr13,124820318,A,C,TNF,53.81
SMP_1022,chr16,43453595,G,A,TP53,76.6
SMP_4965,chr20,170651811,G,A,EGFR,23.4
SMP_6590,chr19,161840592,A,T,BRCA2,30.14
SMP_2758,chr19,185674090,T,C,BRCA2,85.25
SMP_4323,chr4,39271963,A,G,VEGFA,73.49
SMP_2080,chr2,1315113,A,G,IL6,32.64
SMP_6985,chr21,81483133,T,G,VEGFA,78.9
SMP_7042,chr20,156053466,A,C,VEGFA,71.57
SMP_2532,chr8,213023630,G,A,MYC,52.39
SMP_2353,chr15,220814794,T,G,MYC,29.77
SMP_8563,chr19,213744635,C,A,BRCA1,72.83
SMP_1521,chr5,241252546,C,G,EGFR,28.36
SMP_8372,chr19,185477208,G,C,VEGFA,82.71
SMP_4375,chr4,8237250,T,C,TP53,51.03
SMP_9491,chr12,141515678,T,C,BRCA1,27.22
SMP_9673,chr2,187105997,A,G,MYC,46.98
SMP_5973,chr16,211135829,A,G,MYC,88.05
SMP_7362,chrX,126835428,T,G,EGFR,63.3
SMP_4503,chr8,159442671,A,T,EGFR,95.0
SMP_9840,chr12,52674772,A,G,MYC,61.66
SMP_9561,chr8,47035505,A,G,BRCA1,27.73
SMP_1729,chr17,199517466,T,G,TNF,29.52
SMP_5005,chr17,132317939,C,T,VEGFA,80.03
SMP_7860,chr7,106484787,C,A,BRCA2,21.96
SMP_8400,chr6,69276860,A,G,IL6,88.88
SMP_9651,chr11,180653521,G,A,BRCA2,26.43
SMP_7800,chr9,137242644,T,C,TNF,32.1
SMP_1012,chr12,138979671,A,T,EGFR,23.52
SMP_5516,chr18,198677803,C,G,EGFR,65.28
SMP_2196,chr18,32094910,G,C,BRCA1,20.73
SMP_3663,chr18,13672447,T,C,MYC,23.44
SMP_2409,chr6,98386225,A,T,MYC,36.14
SMP_7239,chr2,104046229,A,T,TP53,20.34
SMP_9484,chr15,110495937,G,C,TNF,26.47
SMP_7140,chrY,149233252,A,T,VEGFA,47.22
SMP_6826,chr10,205872059,T,A,APOE,60.64
SMP_2793,chr7,151856498,A,G,TNF,24.95
SMP_7639,chr16,60155359,G,C,MYC,28.43
SMP_7155,chr11,16259775,A,C,MTHFR,76.9
SMP_4103,chr22,192269669,T,C,VEGFA,52.87
SMP_9833,chr3,194211375,C,A,TNF,42.28
SMP_4816,chr9,118294468,C,T,TP53,87.12
SMP_8479,chr9,125884127,A,C,MYC,66.65
SMP_7857,chr17,191730165,A,C,BRCA1,98.61
SMP_2772,chr7,61673033,C,A,BRCA1,42.25
SMP_1918,chr1,80044258,A,T,MYC,91.54
SMP_2016,chr12,15203923,T,A,MYC,90.91
SMP_2849,chr7,185485655,T,A,EGFR,76.6
SMP_8338,chr2,212540187,T,C,BRCA1,96.63
SMP_8296,chr17,128953794,C,T,BRCA2,76.56
SMP_8505,chr8,108324062,T,G,BRCA1,86.32
SMP_2759,chr4,219267126,T,A,EGFR,25.11
SMP_9802,chr9,149637262,T,A,IL6,50.53
SMP_3349,chr17,16413896,G,C,TP53,84.6
SMP_6616,chr18,134780694,G,C,IL6,23.93
SMP_3303,chr22,68548104,T,A,BRCA2,68.58
SMP_8470,chr14,174452321,A,C,IL6,53.96
SMP_5080,chr16,180655798,T,A,MYC,34.4
SMP_5038,chr5,105768636,C,G,TP53,43.41
SMP_8561,chr18,159291215,A,T,TP53,53.56
SMP_6773,chr5,93296997,C,T,MTHFR,71.08
SMP_9428,chr1,160900772,T,C,IL6,71.79
SMP_7472,chr6,61463066,T,G,EGFR,25.2
SMP_9645,chr22,95203807,G,A,MYC,57.36
SMP_4362,chr7,139630619,G,C,BRCA2,55.74
SMP_8067,chr18,223801983,C,G,EGFR,76.42
SMP_8312,chr12,178375668,T,G,BRCA2,27.24
SMP_8386,chr13,171306250,G,T,APOE,80.66
SMP_2722,chr3,48033466,G,A,MYC,52.25
SMP_7637,chr11,147708417,C,T,EGFR,34.19
SMP_3539,chr2,73035552,C,T,VEGFA,92.68
SMP_9858,chr15,56302007,T,G,MTHFR,58.54
SMP_1985,chr16,162833013,A,C,EGFR,49.06
SMP_7079,chr9,194842404,T,C,VEGFA,50.16
SMP_7073,chr20,230555331,T,G,TNF,57.04
SMP_7484,chr13,122128446,T,A,BRCA2,53.31
SMP_5824,chr2,241441226,T,A,EGFR,92.4
SMP_4384,chr19,75664729,G,A,TNF,24.12
SMP_6914,chrX,70993364,T,C,VEGFA,99.61
SMP_1854,chr7,171286608,G,C,APOE,30.0
SMP_9910,chr19,192635597,G,C,EGFR,65.67
SMP_6673,chr4,228715364,G,C,BRCA2,43.69
SMP_3457,chr3,127671361,T,A,BRCA1,87.21
SMP_5494,chr13,235947442,G,A,EGFR,63.66
SMP_9394,chr8,33588849,G,C,MTHFR,26.61
SMP_8333,chr14,123354565,G,T,EGFR,61.39
SMP_1529,chr13,21146138,C,T,MTHFR,84.65
SMP_3663,chr6,100672426,A,C,MTHFR,21.37
SMP_7259,chr1,27468992,A,C,VEGFA,98.63
SMP_4348,chr6,25365558,C,A,TP53,58.82
SMP_1502,chr19,229270990,C,G,VEGFA,92.88
SMP_1388,chr18,72465041,G,C,TP53,88.6
SMP_6544,chr12,191782632,G,A,TNF,62.5
SMP_1752,chrX,88507863,T,A,TNF,81.74
SMP_8814,chr22,141550312,G,C,MTHFR,40.89
SMP_7771,chr3,53783815,C,G,EGFR,71.91
SMP_2774,chr8,195232777,T,G,BRCA1,23.18
SMP_4478,chr19,249894412,A,C,TP53,53.07
SMP_2903,chr4,32039380,G,A,MTHFR,66.43
SMP_8449,chr16,81810164,T,G,APOE,40.89
SMP_5289,chr12,9583295,G,C,TNF,61.97
SMP_2415,chr5,81278064,G,T,EGFR,39.19
SMP_4868,chr15,208801446,A,C,MTHFR,31.49
SMP_8798,chr12,27394820,T,C,EGFR,34.71
SMP_7008,chr9,204007976,C,G,TNF,21.99
SMP_3179,chr14,201954311,C,A,IL6,21.33
SMP_2947,chr13,26717170,T,G,BRCA1,93.65
SMP_5151,chr8,142716377,C,T,EGFR,28.89
SMP_2268,chr10,149838369,C,T,TP53,91.73
SMP_1054,chr4,56355952,T,C,BRCA2,83.61
SMP_4421,chr6,39955395,A,T,IL6,36.29
SMP_5104,chr11,66384060,T,G,APOE,66.12
SMP_6620,chr8,59348420,A,C,TP53,77.8
SMP_4645,chr7,5836017,A,C,TNF,26.38
SMP_9225,chr1,176081924,G,C,BRCA2,63.04
SMP_3021,chr22,9839904,G,T,TP53,36.32
SMP_1661,chr16,62326426,T,A,BRCA2,90.41
SMP_6699,chr13,225362874,T,A,TP53,32.22
SMP_1908,chr8,129707317,G,C,MTHFR,26.06
SMP_2967,chr20,105129274,G,C,TP53,89.24
SMP_6298,chr10,14636845,G,A,MYC,32.69
SMP_6600,chr16,81259668,C,G,EGFR,32.37
SMP_9695,chr12,32644801,C,T,BRCA1,72.56
SMP_4074,chr17,191489512,A,T,BRCA2,94.57
SMP_2281,chr1,227051708,G,C,MTHFR,72.76
SMP_1286,chr19,167616435,C,T,TNF,44.04
SMP_3246,chr2,150296847,T,A,BRCA1,67.99
SMP_3630,chr10,217939457,C,G,APOE,94.85
SMP_7885,chr18,19436309,G,C,BRCA2,35.11
SMP_3436,chr7,82884431,T,C,BRCA2,80.6
SMP_2815,chrY,163661224,T,C,IL6,51.98
SMP_9012,chr19,62840177,T,C,APOE,84.28
SMP_9722,chr3,223156438,T,A,MYC,37.87
SMP_7177,chr14,125895807,C,T,BRCA1,90.05
SMP_3372,chr19,117977911,A,C,EGFR,21.45
SMP_5114,chr18,199627511,C,A,MYC,22.85
SMP_6280,chr18,158569687,T,A,MTHFR,74.18
SMP_8003,chr20,199617120,C,T,MTHFR,32.54
SMP_6633,chr16,237149940,T,G,BRCA2,37.92
SMP_2039,chr6,11169803,C,A,MYC,35.51
SMP_1336,chr5,12113703,C,A,VEGFA,38.74
SMP_3064,chr5,220583407,C,T,VEGFA,67.6
SMP_9384,chr22,162475108,A,C,APOE,20.34
SMP_5846,chr19,169189247,C,T,MTHFR,39.1
SMP_1251,chr22,143467519,T,A,MYC,76.6
SMP_9168,chr10,28105147,A,C,VEGFA,27.46
SMP_6554,chr14,212050135,A,C,MTHFR,74.21
SMP_3390,chr21,82554879,A,T,EGFR,93.99
SMP_1564,chr7,53967522,C,A,EGFR,92.02
SMP_8223,chr22,10792432,T,G,MYC,32.51
SMP_2211,chr7,159690918,A,T,TP53,24.47
SMP_7126,chr10,97862516,A,G,TNF,99.5
SMP_1966,chr18,51681543,G,C,VEGFA,68.82
SMP_8257,chr7,81134746,C,T,TP53,95.38
SMP_5392,chr17,136080216,A,C,BRCA1,88.07
SMP_1025,chr8,125305652,G,C,BRCA2,86.72
SMP_6595,chrY,175155948,A,C,MTHFR,44.2
SMP_5873,chr19,151475118,C,A,TNF,51.17
SMP_9956,chr15,115053308,T,A,TNF,58.54
SMP_3027,chr15,209316064,A,T,BRCA1,50.15
SMP_7559,chr8,68830082,A,G,TNF,68.15
SMP_3479,chr22,230689228,G,A,MYC,62.16
SMP_7675,chr14,73170621,G,A,APOE,21.59
SMP_7329,chr15,155302756,C,A,EGFR,40.87
SMP_6498,chr10,68499380,A,G,VEGFA,74.13
SMP_4450,chr12,223115531,T,A,BRCA1,73.58
SMP_8501,chr16,222094779,A,G,TNF,34.4
SMP_7717,chr14,70810836,T,G,VEGFA,75.23
SMP_3472,chr21,73077189,G,A,MYC,63.74
SMP_3820,chr21,32674090,T,G,VEGFA,25.5
SMP_7241,chr2,118990951,C,A,MYC,78.21
SMP_2723,chr19,143093961,T,A,TNF,57.9
SMP_2610,chr4,235721415,A,G,EGFR,61.87
SMP_4845,chr10,123992357,T,G,VEGFA,83.39
SMP_8694,chr10,45597103,A,G,APOE,83.33
SMP_8743,chr21,105622997,C,T,EGFR,21.96
SMP_5492,chr15,187941255,G,A,BRCA2,88.46
SMP_8003,chr11,7971869,A,G,BRCA2,69.56
SMP_6750,chr12,170873704,G,T,APOE,84.38
SMP_1339,chr2,156194660,G,A,IL6,64.84
SMP_3087,chr13,154898589,C,T,BRCA2,32.27
SMP_9853,chr10,237484686,C,T,EGFR,34.8
SMP_6418,chr12,68187676,C,T,MTHFR,91.6
SMP_4791,chr22,89352394,A,C,TP53,67.06
SMP_3095,chr6,95472767,G,C,BRCA2,20.91
SMP_9546,chr21,125982536,G,T,APOE,68.13
SMP_2158,chr14,188959183,A,C,TNF,45.96
SMP_4411,chr21,89732412,C,A,VEGFA,26.45
SMP_2331,chr11,83245206,T,C,MTHFR,81.31
SMP_5567,chr10,129075427,T,G,MTHFR,43.53
SMP_6891,chr21,195133999,A,T,TP53,71.93
SMP_3818,chr3,139178551,C,A,BRCA1,79.47
SMP_2383,chr1,83048542,T,C,APOE,72.77
SMP_1552,chr12,139103538,T,A,EGFR,30.48
SMP_7995,chr4,167280676,C,T,BRCA1,92.02
SMP_4261,chr17,125339370,A,T,MTHFR,28.81
SMP_4671,chr4,87847171,T,G,MYC,41.85
SMP_3443,chr4,82935880,G,A,BRCA2,54.71
SMP_3409,chr4,62408818,C,A,MYC,85.13
SMP_6213,chr19,120319034,C,A,TNF,48.29
SMP_6658,chr17,96044513,G,T,EGFR,61.7
SMP_4458,chr7,126626971,T,G,TNF,73.97
SMP_1035,chr5,25161626,C,G,APOE,68.87
SMP_5333,chr18,11551320,C,T,VEGFA,63.47
SMP_2703,chr20,120389254,A,G,MTHFR,90.17
SMP_7019,chr19,168239599,C,T,MYC,64.52
SMP_9423,chr8,193989258,A,T,EGFR,68.02
SMP_3694,chr4,113760948,C,G,TNF,58.89
SMP_6437,chr2,12707407,G,A,MYC,77.92
SMP_7677,chr16,23979482,T,A,IL6,32.65
SMP_5553,chr4,48486013,A,C,IL6,40.11
SMP_2088,chr19,55157520,A,T,MYC,86.74
SMP_5671,chr16,57029407,G,T,TNF,52.62
SMP_8193,chr3,239156478,C,T,TNF,63.05
SMP_1321,chr13,218575264,G,A,BRCA1,36.72
SMP_4029,chr18,156274898,G,T,MYC,99.38
SMP_4309,chr3,135983558,A,G,MTHFR,23.91
SMP_1062,chr7,153482974,A,G,TNF,82.91
SMP_9001,chr2,64975352,T,G,VEGFA,68.91
SMP_2040,chr4,59703154,A,T,IL6,95.36
SMP_5437,chr10,239674211,A,T,IL6,28.03
SMP_1576,chr9,182095574,A,T,VEGFA,41.19
SMP_9086,chr6,8334538,T,C,MTHFR,24.67
SMP_4885,chr1,228162124,T,A,MTHFR,66.48
SMP_1354,chr11,140267215,G,A,MTHFR,61.73
SMP_7210,chr2,76386375,C,A,BRCA1,47.06
SMP_3512,chr21,215880942,C,T,TP53,54.22
SMP_3708,chr13,149717717,C,T,EGFR,60.1
SMP_8701,chr21,183401133,G,A,MTHFR,74.02
SMP_8661,chr20,229043872,C,A,IL6,89.84
SMP_5413,chr5,87408397,G,C,VEGFA,22.79
SMP_6371,chr8,21344208,T,C,BRCA2,90.81
SMP_2647,chr20,213815462,A,G,APOE,76.85
SMP_8841,chr14,153379924,T,G,BRCA2,56.53
SMP_1315,chr5,69495503,A,G,APOE,97.56
SMP_4130,chr15,80015025,A,G,APOE,37.0
SMP_4111,chr6,217503696,A,C,TP53,98.77
SMP_4684,chr20,168295384,A,G,TP53,73.64
SMP_3820,chr7,243363261,G,T,EGFR,82.48
SMP_5517,chr19,56741424,C,T,BRCA2,30.57
SMP_6749,chr21,127248698,G,C,TP53,73.09
SMP_5551,chr3,128597805,T,C,BRCA1,87.45
SMP_4671,chr10,151447400,G,C,EGFR,53.72
SMP_9811,chr13,248576902,C,A,BRCA1,46.19
SMP_6994,chr20,206109002,C,G,VEGFA,80.92
SMP_4591,chr22,29589172,G,A,EGFR,72.97
SMP_3048,chr12,39585113,G,C,IL6,76.65
SMP_5348,chr10,2330384,T,C,VEGFA,42.22
SMP_5389,chr2,35792638,G,A,BRCA1,25.2
SMP_3747,chr7,63020212,A,G,APOE,30.25
SMP_7771,chr15,165758304,G,T,VEGFA,61.99
SMP_9292,chr20,81767704,C,T,BRCA2,73.62
SMP_6821,chr3,51197512,A,C,IL6,45.41
SMP_8364,chr17,30196114,T,A,APOE,36.56
SMP_5139,chr11,24500962,A,C,MTHFR,44.45
SMP_5413,chr17,26284142,G,T,TP53,54.5
SMP_7203,chr20,7629327,T,C,APOE,20.1
SMP_8714,chr21,200401671,T,A,VEGFA,40.07
SMP_2879,chr16,96069103,G,C,BRCA1,58.19
SMP_5456,chr10,54914356,C,T,MYC,54.53
SMP_6160,chrY,222612155,G,A,EGFR,26.87
SMP_8357,chr11,47333320,C,A,TP53,49.08
SMP_6667,chr16,35415088,A,T,TNF,44.0
SMP_3072,chr2,232112863,C,T,TNF,87.72
SMP_5083,chr16,235327675,G,T,BRCA2,71.02
SMP_5013,chr15,189647860,T,C,TP53,46.92
SMP_9273,chr12,81578039,G,A,TNF,80.33
SMP_9390,chr6,168011597,G,A,TNF,53.39
SMP_6727,chr20,193826145,A,T,BRCA1,41.72
SMP_9506,chr13,42149281,G,C,BRCA1,62.5
SMP_5825,chr10,161569370,G,T,TNF,28.5
SMP_5985,chr16,169849271,T,A,EGFR,78.65
SMP_7458,chr5,150408179,T,G,MYC,77.14
SMP_9024,chr1,72060337,G,C,MTHFR,21.89
SMP_9660,chr19,235273360,G,T,MTHFR,86.33
SMP_5651,chr13,245160684,C,T,EGFR,82.29
SMP_6163,chr4,242773,G,C,APOE,39.02
SMP_5492,chr7,18857099,C,A,MYC,91.82
SMP_6354,chrX,143125667,T,A,EGFR,48.32
SMP_3729,chrY,22152721,C,G,MYC,27.13
SMP_1712,chr15,11379362,A,T,TP53,47.15
SMP_7463,chr18,55502182,A,T,APOE,87.76
SMP_7682,chr17,2053312,C,A,TNF,54.03
SMP_8521,chr18,117308074,C,T,APOE,94.69
SMP_1357,chr6,173016370,T,A,BRCA2,79.11
SMP_6341,chr6,101566235,A,T,BRCA1,36.57
SMP_9234,chr13,25511120,A,G,VEGFA,83.84
SMP_7572,chr21,39486193,C,T,EGFR,56.23
SMP_3648,chr12,130693062,T,A,BRCA2,20.97
SMP_9672,chr17,171111514,T,A,BRCA2,78.58
SMP_7672,chr4,124133646,T,C,TNF,51.72
SMP_7443,chr5,119398599,T,A,EGFR,41.97
SMP_4481,chr17,127242521,C,G,IL6,93.66
SMP_8085,chr19,236165759,C,A,IL6,82.05
SMP_9300,chr13,160763714,A,T,MTHFR,42.61
SMP_2541,chr1,26224888,C,T,IL6,20.44
SMP_3071,chr14,125339962,G,C,APOE,57.98
SMP_3783,chr21,92367002,T,A,EGFR,91.88
SMP_4170,chr21,16681927,A,C,BRCA2,96.81
SMP_6472,chr19,42318122,G,A,EGFR,87.58
SMP_9486,chr18,57088242,C,A,BRCA1,45.0
SMP_5475,chr19,245503316,T,A,IL6,81.48
SMP_5706,chr20,146652903,A,G,EGFR,88.33
SMP_4718,chr8,52651800,A,T,MYC,30.69
SMP_4646,chr22,200218029,G,T,BRCA1,83.44
SMP_7773,chr6,48911451,G,C,MYC,32.21
SMP_5000,chr21,155063637,T,C,VEGFA,21.96
SMP_7398,chr4,76238869,C,T,VEGFA,98.34
SMP_8071,chr11,24672963,A,C,BRCA2,73.78
SMP_7568,chr10,89871351,C,T,TP53,38.1
SMP_2298,chr5,94415195,C,T,EGFR,54.48
SMP_3612,chr3,39420444,G,C,BRCA2,98.57
SMP_2106,chr10,166998403,G,C,VEGFA,56.97
SMP_4634,chr11,97198583,G,A,EGFR,63.82
SMP_9850,chr1,244470850,G,A,MTHFR,93.42
SMP_6377,chr2,82957349,G,C,BRCA1,50.66
SMP_4499,chr4,165149732,G,C,MYC,94.51
SMP_3416,chr21,249625639,G,A,TNF,43.06
SMP_8352,chr14,186026511,G,C,EGFR,42.93
SMP_1576,chr12,141986700,A,G,MTHFR,86.29
SMP_2145,chr3,139174196,C,T,EGFR,82.15
SMP_4875,chr9,237111125,C,G,TP53,28.33
SMP_8338,chr16,228580475,T,G,MYC,86.89
SMP_8794,chr17,159037141,C,A,VEGFA,68.4
SMP_2985,chr7,151823717,G,T,IL6,21.25
SMP_9949,chr14,6813168,G,T,BRCA1,22.54
SMP_9164,chr16,144651170,A,T,MTHFR,92.19
SMP_1647,chrY,87312834,A,T,VEGFA,69.76
SMP_9044,chr22,154238646,C,A,VEGFA,98.02
SMP_9133,chr5,198178455,T,G,APOE,90.92
SMP_2150,chr11,227551404,T,A,MTHFR,35.02
SMP_8578,chr22,197217092,C,G,VEGFA,88.86
SMP_2949,chr2,7055270,A,G,TNF,83.77
SMP_8585,chr9,22961875,T,C,EGFR,87.09
SMP_8687,chr10,247798928,A,T,TP53,31.36
SMP_3697,chr20,170491727,C,T,VEGFA,24.96
SMP_4311,chr2,71132831,G,T,MYC,73.54
SMP_7078,chr14,25182363,T,G,BRCA1,56.11
SMP_8976,chr16,145051859,G,C,MYC,56.37
SMP_7091,chr18,112094165,T,A,IL6,85.4
SMP_3458,chr7,228007532,T,A,BRCA2,83.6
SMP_7157,chr17,199087561,G,T,TNF,34.38
SMP_3324,chrY,132592582,C,T,BRCA2,80.19
SMP_6035,chr1,184743356,G,T,EGFR,92.97
SMP_4173,chrX,247051801,C,A,IL6,94.16
SMP_4547,chr9,86382961,A,C,EGFR,53.01
SMP_1638,chr20,82454389,C,G,VEGFA,55.36
SMP_7321,chrX,131531632,G,T,VEGFA,58.17
SMP_6101,chr2,47930764,A,C,TP53,92.81
SMP_6674,chr17,159136735,A,G,MTHFR,55.3
SMP_3224,chr15,169072042,A,C,EGFR,45.31
SMP_4498,chr4,126430335,T,C,MYC,20.88
SMP_1878,chr3,1120245,G,A,MYC,31.25
SMP_9537,chr12,51328543,C,T,TP53,95.56
SMP_8420,chr22,105936495,C,T,IL6,70.01
SMP_5473,chr6,70723917,A,T,BRCA2,22.49
SMP_6519,chr17,209133884,G,A,VEGFA,83.58
SMP_5588,chr9,5766128,T,C,TNF,78.57
SMP_4082,chr3,233635837,A,G,MYC,92.01
SMP_3769,chr3,234806349,T,G,MTHFR,44.94
SMP_8523,chr4,92760691,T,A,MTHFR,46.27
SMP_7191,chr8,99992490,G,C,IL6,70.14
SMP_2844,chr3,161491429,G,C,EGFR,20.96
SMP_9235,chr16,27550058,A,T,BRCA2,45.04
SMP_4347,chr9,178344740,A,C,VEGFA,57.63
SMP_5931,chr18,79051704,C,G,EGFR,25.02
SMP_4963,chr14,49026201,A,T,BRCA1,44.06
SMP_9025,chr15,85314814,T,C,MTHFR,28.06
SMP_6352,chrY,126298206,C,G,VEGFA,43.37
SMP_9970,chr8,163162211,G,A,TNF,65.7
SMP_1870,chr9,122006182,G,C,VEGFA,48.2
SMP_6304,chr6,200945708,T,A,BRCA2,92.58
SMP_7428,chr18,130632486,C,G,MTHFR,81.6
SMP_3100,chr17,14132280,G,T,VEGFA,91.38
SMP_7534,chr2,32390062,T,G,VEGFA,67.94
SMP_3539,chr12,225935917,G,C,BRCA2,31.15
SMP_1713,chr4,46418888,G,C,VEGFA,63.16
SMP_4110,chr6,3317135,T,A,TP53,31.88
SMP_1420,chrY,156815752,G,T,IL6,83.36
SMP_1734,chr7,134575371,G,T,TP53,56.95
SMP_4807,chr7,20541825,T,C,TNF,62.4
SMP_3238,chr9,89245420,A,G,VEGFA,83.04
SMP_7153,chr10,60451424,G,C,TP53,25.61
SMP_1942,chr5,154189757,C,G,TP53,72.12
SMP_8673,chr7,79261239,A,G,APOE,71.82
SMP_4278,chr16,216234806,G,T,TP53,42.45
SMP_1109,chr17,217185519,G,C,MYC,27.21
SMP_4100,chr12,50314642,A,G,TP53,42.06
SMP_9457,chr2,72882200,T,C,MTHFR,89.7
SMP_2438,chr13,187180574,A,C,EGFR,93.73
SMP_8921,chr19,24603497,C,T,VEGFA,58.82
SMP_1255,chr15,72352107,G,C,BRCA2,85.66
SMP_3103,chr11,166588068,A,G,APOE,75.48
SMP_6070,chr14,160257733,A,G,IL6,77.44
SMP_6429,chr6,117325287,A,C,BRCA2,30.81
SMP_7389,chr11,164504365,A,G,BRCA1,65.46
SMP_3303,chrY,72524247,T,A,BRCA2,48.57
SMP_2547,chr15,223386429,G,A,BRCA1,55.7
SMP_8413,chr9,225204733,C,G,TP53,36.52
SMP_4284,chr18,73269366,A,T,TP53,29.67
SMP_3141,chr15,130225363,T,A,BRCA1,78.15
SMP_6732,chr8,155516419,A,G,APOE,48.54
SMP_4472,chr1,28507262,A,C,BRCA1,23.46
SMP_2908,chr22,5415958,C,G,MYC,95.36
SMP_9418,chr12,88926208,G,T,MYC,95.32
SMP_6823,chr1,201673656,C,G,BRCA1,75.44
SMP_1441,chr1,63469570,T,A,APOE,63.07
SMP_4535,chr5,6445697,T,C,MYC,36.73
SMP_1285,chr15,138556354,C,T,IL6,53.18
SMP_5728,chr3,237463180,C,A,VEGFA,23.05
SMP_2059,chr2,42893682,A,C,MYC,87.53
SMP_5512,chr2,213849429,C,T,BRCA2,32.9
SMP_2614,chr19,139875146,T,A,TP53,49.9
SMP_1850,chr3,106934051,T,A,BRCA2,54.93
SMP_9832,chr5,3666310,A,C,BRCA1,29.65
SMP_5813,chr5,61433292,A,C,VEGFA,78.51
SMP_7668,chr1,37158638,G,C,MYC,86.1
SMP_7764,chr16,80316884,A,C,VEGFA,92.11
SMP_5846,chr11,195618778,A,C,BRCA2,80.97
SMP_2141,chr9,83948356,C,G,MYC,56.49
SMP_7807,chr8,249729521,A,C,EGFR,27.12
SMP_1461,chr21,101743914,G,T,MTHFR,84.72
SMP_9108,chr21,42696303,T,G,TNF,57.11
SMP_5134,chr11,247266502,G,T,BRCA1,40.99
SMP_9229,chr1,54011201,G,C,EGFR,86.72
SMP_1240,chr2,5264353,T,G,VEGFA,88.1
SMP_2627,chr9,209370000,G,C,MTHFR,58.22
SMP_3606,chr16,21209509,A,T,APOE,67.52
SMP_9923,chr9,129074357,C,T,TP53,98.37
SMP_3403,chr22,55957442,C,T,MYC,75.1
SMP_1801,chr18,168401269,A,G,MTHFR,67.31
SMP_7245,chr11,168151186,C,G,APOE,53.19
SMP_7594,chr4,167058596,C,A,APOE,46.37
SMP_1286,chr2,13991398,A,G,TNF,79.17
SMP_9277,chr12,39306145,G,C,BRCA1,39.94
SMP_3232,chr2,119138731,A,C,VEGFA,31.55
SMP_5045,chrY,4554694,G,T,VEGFA,20.58
SMP_7071,chr10,248084926,T,G,TNF,61.8
SMP_8611,chr13,47871713,T,G,TNF,62.22
SMP_9317,chr11,201209726,A,G,BRCA1,37.47
SMP_4472,chr21,189892317,A,C,VEGFA,82.35
SMP_1206,chr18,97350382,T,G,MYC,30.02
SMP_9958,chr17,213912283,T,G,APOE,43.56
SMP_7933,chr2,54273351,C,G,MYC,33.83
SMP_8494,chr12,23620726,A,T,MYC,84.55
SMP_1609,chr9,206697388,T,C,MYC,84.56
SMP_4502,chr17,96473892,A,C,EGFR,36.1
SMP_9575,chr2,186151708,G,A,TNF,63.46
SMP_2126,chr1,10736954,C,T,BRCA1,66.64
SMP_6184,chr20,200001804,G,T,EGFR,48.67
SMP_9369,chr18,32448853,C,G,TP53,53.16
SMP_6172,chr14,238349196,A,C,MYC,38.32
SMP_6924,chr3,87112392,T,C,TNF,81.29
SMP_7494,chrX,141587361,A,C,IL6,57.52
SMP_1657,chr4,8457989,C,T,IL6,60.29
SMP_8556,chr5,43556646,G,T,TNF,23.22
SMP_3924,chr15,14019402,T,G,IL6,41.43
SMP_2649,chrY,65697750,T,G,BRCA2,90.89
SMP_8780,chr1,118136721,C,G,APOE,28.72
SMP_9189,chr5,115029243,G,A,APOE,87.07
SMP_6950,chr1,10512566,A,G,BRCA2,58.04
SMP_4399,chr7,81585797,A,C,BRCA1,36.99
SMP_8801,chr15,25073424,A,G,EGFR,43.38
SMP_9173,chrX,154979531,C,A,BRCA1,98.8
SMP_3051,chr18,127724086,G,A,EGFR,78.69
SMP_8553,chr8,216870911,C,A,IL6,22.35
SMP_9139,chr14,20968117,A,G,MTHFR,48.69
SMP_2293,chr9,48347844,A,T,VEGFA,52.79
SMP_3574,chr15,248981375,A,G,IL6,61.3
SMP_3833,chr20,207126978,A,T,APOE,75.07
SMP_5779,chr16,158749989,T,C,BRCA1,45.07
SMP_5819,chr3,29069388,C,G,APOE,97.14
SMP_2746,chr6,165488795,A,C,VEGFA,47.57
SMP_1500,chr16,40611598,T,G,APOE,80.42
SMP_9307,chr8,114584973,T,G,MYC,99.79
SMP_9800,chr11,231894434,A,T,TP53,95.61
SMP_4718,chrX,140995027,T,A,BRCA2,26.03
SMP_4368,chr21,56848251,G,C,MYC,33.43
SMP_9641,chr13,242714850,C,A,TP53,74.36
SMP_1151,chr10,143300543,A,C,VEGFA,47.72
SMP_7362,chr15,112364860,G,C,VEGFA,63.04
SMP_4020,chr4,143239484,C,A,APOE,83.56
SMP_7898,chr20,75221741,T,C,IL6,73.89
SMP_2279,chr19,73906480,T,G,EGFR,33.52
SMP_7627,chr5,66667064,T,G,IL6,24.36
SMP_1388,chr19,207069052,A,T,BRCA2,94.31
SMP_9935,chr10,61507284,C,A,TP53,73.76
SMP_8853,chr13,175798638,A,T,EGFR,36.21
SMP_6684,chr16,96090194,C,A,EGFR,51.15
SMP_7186,chr11,155929464,A,C,MTHFR,52.22
SMP_5701,chr20,113473471,A,G,BRCA2,72.5
SMP_2516,chr5,69675709,A,G,IL6,66.64
SMP_6488,chr9,100886104,C,G,TP53,42.43
SMP_7962,chr5,232388136,A,G,VEGFA,91.32
SMP_9701,chr2,211719448,T,C,BRCA1,58.12
SMP_2030,chr11,71385787,G,A,MTHFR,26.45
SMP_9573,chrX,132643316,A,G,EGFR,66.72
SMP_6738,chr17,197565022,A,T,APOE,75.46
SMP_2447,chr5,159755423,T,C,MTHFR,91.23
SMP_3681,chr7,67615283,T,C,VEGFA,75.14
SMP_3029,chr3,147128710,T,C,MYC,52.65
SMP_8372,chr7,75066508,A,G,VEGFA,63.31
SMP_7149,chr11,227736756,C,G,EGFR,99.39
SMP_2868,chr12,158282771,A,G,IL6,38.62
SMP_1589,chr12,133982876,A,G,BRCA2,93.82
SMP_3174,chr22,31944232,C,A,APOE,79.11
SMP_8725,chr3,141781890,G,A,BRCA2,78.26
SMP_4593,chr15,113727069,A,G,MYC,79.9
SMP_4099,chr7,142325643,G,T,IL6,42.56
SMP_4037,chr19,101856829,A,G,EGFR,26.66
SMP_9906,chr3,46748864,A,T,BRCA1,38.47
SMP_2440,chr11,143581829,G,C,IL6,40.09
SMP_6576,chrX,11434915,A,C,BRCA2,61.62
SMP_8727,chr16,29475512,T,G,BRCA1,53.88
SMP_7145,chr20,70298875,A,C,EGFR,64.75
SMP_2652,chr18,84567149,C,A,IL6,43.13
SMP_2192,chr3,163642117,A,C,MTHFR,99.19
SMP_8654,chr4,164307457,G,A,IL6,43.21
SMP_6594,chr11,36222291,T,A,TP53,26.5
SMP_6634,chr10,194449047,G,C,BRCA2,71.17
SMP_2756,chr4,93212374,T,A,BRCA2,87.24
SMP_9774,chr16,128086062,A,C,APOE,77.51
SMP_5260,chr20,249254831,G,C,BRCA1,91.54
SMP_9933,chr3,196100532,C,G,VEGFA,63.35
SMP_5853,chr17,176659140,G,T,VEGFA,29.08
SMP_6661,chr14,111789263,G,C,TNF,73.51
SMP_2813,chr9,51020237,G,T,IL6,40.54
SMP_1964,chr11,55310337,G,T,APOE,67.22
SMP_8840,chr7,157047382,T,C,BRCA2,36.91
SMP_7151,chr13,157320814,A,T,APOE,96.08
SMP_9889,chr20,36621388,G,C,IL6,44.31
SMP_3381,chrX,121891492,A,G,VEGFA,99.69
SMP_8969,chr18,5918536,G,T,TP53,32.27
SMP_7641,chr12,240333028,C,A,BRCA1,54.65
SMP_2513,chr16,232796175,T,A,TNF,81.28
SMP_1469,chr16,174822853,A,C,TP53,71.69
SMP_1895,chr12,88903857,G,A,MTHFR,63.66
SMP_5887,chr6,8778800,C,T,TNF,52.56
SMP_6037,chr19,139555072,G,C,MTHFR,46.06
SMP_6227,chr4,113520652,A,G,EGFR,70.79
SMP_8862,chr14,161379888,T,C,TP53,68.72
SMP_5384,chr12,160087045,C,A,VEGFA,84.78
SMP_5248,chr9,185590627,G,T,BRCA2,23.01
SMP_9586,chr13,150981502,T,G,TP53,90.54
SMP_3721,chr3,87258883,A,T,APOE,51.03
SMP_3958,chr3,140409928,C,A,TNF,56.11
SMP_9111,chr16,9687406,G,A,IL6,34.39
SMP_9978,chr6,42588066,A,T,MTHFR,90.07
SMP_8887,chr7,221845985,G,A,APOE,25.64
SMP_4954,chr13,19473260,A,C,IL6,94.87
SMP_3454,chr9,1778617,G,T,EGFR,61.94
SMP_6384,chr9,89384968,T,C,BRCA2,53.39
SMP_2679,chrY,147883337,C,T,TNF,26.65
SMP_7715,chr19,213433798,G,A,MYC,67.63
SMP_1700,chr6,74682846,C,T,MYC,39.37
SMP_7311,chr16,222435145,C,G,BRCA2,87.07
SMP_8213,chr20,178786235,G,C,VEGFA,89.68
SMP_1075,chr13,172938205,T,A,TNF,47.73
SMP_7447,chr15,189272611,C,G,VEGFA,55.45
SMP_1261,chr1,110056148,A,T,IL6,72.75
SMP_1810,chr20,47109809,G,A,BRCA2,50.29
SMP_3671,chr7,152771966,C,G,TP53,50.43
SMP_9398,chr22,229438490,G,T,EGFR,58.52
SMP_2974,chr20,142684068,A,G,MYC,63.12
SMP_8327,chr1,209480396,T,A,MYC,84.82
SMP_6496,chr5,70295704,C,G,IL6,71.11
SMP_4991,chr5,68814249,G,A,MTHFR,46.44
SMP_9071,chr9,218998664,A,G,TP53,35.4
SMP_5948,chrY,203871503,C,T,VEGFA,83.26
SMP_3168,chr8,137307161,G,C,MYC,92.23
SMP_9588,chrX,221470547,G,C,BRCA2,91.85
SMP_2070,chr8,13949622,A,T,IL6,71.42
SMP_1711,chr10,41491423,A,T,IL6,64.71
SMP_6954,chr15,231542030,A,T,EGFR,74.66
SMP_2088,chr5,235095395,G,T,EGFR,98.59
SMP_4087,chr12,32393019,C,G,IL6,57.58
SMP_3675,chr17,186595673,T,G,TP53,73.58
SMP_5784,chr12,108427067,T,C,TP53,91.18
SMP_1996,chr20,23160215,C,G,APOE,70.9
SMP_2944,chr4,30695403,C,T,EGFR,32.73
SMP_9083,chr20,197377971,T,G,IL6,77.86
SMP_8402,chr11,201743866,A,G,APOE,88.52
SMP_3871,chr6,30996386,G,A,BRCA1,42.71
SMP_5293,chr9,63290454,G,A,BRCA2,89.28
SMP_5651,chr1,49917916,T,A,BRCA2,24.93
SMP_2450,chr19,35954489,T,A,VEGFA,67.77
SMP_3432,chr12,77755137,G,C,TNF,43.6
SMP_2999,chr13,220915440,G,T,MYC,58.33
SMP_4408,chr5,46517570,A,T,BRCA1,46.57
SMP_9907,chr15,58618245,A,G,EGFR,67.23
SMP_8019,chr14,160388872,T,C,TNF,47.94
SMP_3874,chr19,64650171,C,G,BRCA2,83.75
SMP_1640,chr4,149323423,C,T,EGFR,42.62
SMP_8841,chr9,155688854,G,T,IL6,83.27
SMP_2075,chr12,201748670,G,C,EGFR,67.01
SMP_3511,chr13,26649633,A,G,IL6,75.74
SMP_7316,chr21,187492984,G,C,BRCA2,26.02
SMP_1033,chr15,86495441,A,C,APOE,67.88
SMP_3166,chr22,185302692,T,G,BRCA2,42.78
SMP_3351,chr8,142031775,T,A,VEGFA,33.69
SMP_2693,chr14,95406480,T,G,MYC,69.61
SMP_4568,chr17,11566575,A,G,BRCA2,29.78
SMP_8508,chr17,219258897,C,G,MTHFR,96.01
SMP_2452,chr21,248461715,T,G,IL6,57.81
SMP_4107,chr2,153787993,G,A,APOE,75.6
SMP_2838,chr4,199190902,C,T,MYC,93.5
SMP_5208,chr20,97775913,T,C,BRCA1,33.81
SMP_4755,chr22,194763753,T,C,IL6,34.44
SMP_7472,chr6,224066952,C,A,BRCA2,33.38
SMP_5433,chr10,54004838,A,T,MTHFR,85.31
SMP_1353,chr17,167952093,G,T,IL6,20.02
SMP_5903,chr12,128086920,C,A,TP53,62.33
SMP_3520,chr18,30428497,C,G,BRCA2,52.63
SMP_8437,chr18,234172482,G,C,TNF,47.44
SMP_9554,chr11,150890145,G,A,EGFR,33.37
SMP_6080,chr18,38556315,G,A,APOE,38.99
SMP_8187,chr18,224198739,C,T,EGFR,32.46
SMP_6981,chr11,83049223,C,A,IL6,64.59
SMP_2009,chr12,187503559,A,G,IL6,47.53
SMP_3014,chr9,107957720,G,C,IL6,90.39
SMP_4213,chr16,84367554,C,G,EGFR,55.87
SMP_8755,chr21,150044556,T,G,TP53,99.26
SMP_9343,chr1,171072418,T,C,TP53,39.68
SMP_7494,chr9,51309912,G,A,IL6,81.58
SMP_3865,chr13,25376881,G,C,TP53,46.06
SMP_9957,chr4,181818446,T,A,MTHFR,62.43
SMP_3549,chr2,110991826,A,C,APOE,31.71
SMP_1729,chr17,218966248,C,G,TNF,78.57
SMP_6595,chr5,11717846,T,G,VEGFA,50.53
SMP_4184,chr2,31106053,A,G,MTHFR,49.56
SMP_5931,chr11,73791813,A,T,TNF,96.78
SMP_8841,chr20,144931656,T,C,EGFR,63.22
SMP_9688,chr17,182304767,C,T,IL6,86.46
SMP_2956,chr17,149743667,C,T,TNF,53.2
SMP_3773,chr1,54996029,C,G,TNF,89.1
SMP_2332,chr17,108791546,T,G,TNF,38.7
SMP_8130,chr6,207921953,G,A,TNF,74.3
SMP_6956,chr16,41326334,T,C,MTHFR,82.76
SMP_8625,chr2,66140434,T,C,BRCA1,25.89
SMP_4188,chr19,232505865,G,A,MTHFR,78.62
SMP_1741,chr22,8040236,A,G,TNF,88.05
SMP_9806,chr7,160888095,A,T,TNF,46.63
SMP_9670,chr16,109782651,T,A,BRCA2,73.41
SMP_9808,chr21,114967590,G,T,BRCA1,79.88
SMP_2767,chrY,166759199,T,G,VEGFA,21.04
SMP_9139,chr5,168222823,G,T,TNF,69.46
SMP_5186,chr7,191339068,T,C,APOE,44.63
SMP_7350,chr11,15825552,G,A,EGFR,62.78
SMP_8451,chr17,80088904,C,T,IL6,53.78
SMP_9773,chr9,72142854,T,C,TNF,58.82
SMP_7941,chr13,90649798,A,G,BRCA2,34.0
SMP_5927,chr19,30963689,G,A,BRCA1,27.61
SMP_2519,chr5,220965174,T,A,TNF,22.15
SMP_5075,chr1,120816226,T,C,BRCA2,48.94
SMP_6101,chr9,194445554,C,A,APOE,99.02
SMP_7104,chr2,43268261,C,G,BRCA2,93.44
SMP_2679,chr22,203312136,G,C,EGFR,57.02
SMP_6263,chr5,42594857,G,C,IL6,55.76
SMP_5227,chr1,11551615,G,T,MYC,78.59
SMP_3581,chr22,194429965,T,G,VEGFA,43.8
SMP_5514,chr22,178681727,C,A,IL6,23.61
SMP_9775,chr9,246436504,A,C,IL6,53.0
SMP_5732,chr2,233813268,C,T,MTHFR,36.24
SMP_3501,chr17,83359270,G,A,TNF,23.94
SMP_7138,chr12,169598337,T,A,APOE,66.23
SMP_2220,chr16,29957289,G,T,BRCA1,37.94
SMP_2705,chr16,78337119,T,C,APOE,82.73
SMP_7076,chr8,222462003,T,A,TNF,29.19
SMP_4412,chr2,214236991,G,A,BRCA2,38.69
SMP_3061,chr17,52350404,A,G,BRCA1,44.2
SMP_8516,chr7,154914018,G,C,MYC,54.77
SMP_9234,chr17,230199515,T,A,BRCA2,57.18
SMP_9724,chr22,191648565,G,A,IL6,77.37
SMP_7510,chr18,198138745,G,A,VEGFA,94.18
SMP_3381,chr10,126207911,C,A,APOE,42.61
SMP_8533,chr21,28398470,C,A,BRCA2,56.69
SMP_5339,chr12,147798142,T,C,EGFR,67.45
SMP_7932,chr22,126197658,A,C,BRCA2,47.69
SMP_2233,chr15,5092650,G,T,VEGFA,68.81
SMP_2290,chr6,196299636,G,C,MTHFR,59.86
SMP_1802,chr14,183933823,T,A,BRCA2,75.67
SMP_2493,chr6,183074247,A,C,BRCA1,44.16
SMP_4960,chr10,72296998,A,C,VEGFA,70.94
SMP_7413,chr2,168120337,A,G,BRCA1,75.35
SMP_3472,chr14,35505463,A,T,TP53,27.65
SMP_1890,chr13,45636974,A,T,TP53,62.02
SMP_2161,chr14,61727994,T,G,TP53,49.49
SMP_9733,chr16,206424246,C,G,BRCA1,75.96
SMP_4342,chr6,88805572,C,A,VEGFA,30.61
SMP_8671,chr2,108639507,A,T,TP53,58.87
SMP_5148,chr16,153075600,G,T,APOE,69.01
SMP_9787,chr5,169831806,C,A,BRCA1,90.75
SMP_4466,chr7,226867062,T,G,BRCA1,76.06
SMP_4757,chr15,95973213,G,C,MYC,25.36
SMP_9946,chr1,192354690,T,C,IL6,72.45
SMP_4775,chr15,68779381,T,C,TNF,40.45
SMP_2004,chr11,129406798,A,G,MTHFR,64.66
SMP_8997,chr4,204341472,T,A,MYC,71.93
SMP_1546,chr11,18733411,T,C,VEGFA,64.01
SMP_7467,chr22,178829673,A,G,TNF,53.59
SMP_6590,chr5,27088190,A,C,VEGFA,44.17
SMP_9311,chr18,184329721,C,A,IL6,35.98
SMP_8796,chr12,67558935,C,G,BRCA2,45.37
SMP_8149,chr21,247744088,T,G,VEGFA,50.23
SMP_1641,chr1,102246292,G,A,MYC,23.71
SMP_9356,chr3,64236209,A,C,MYC,90.0
SMP_3145,chr1,194855828,C,T,BRCA2,71.24
SMP_8193,chr2,208175935,C,T,TNF,72.46
SMP_8585,chr3,102043692,T,C,BRCA1,67.14
SMP_5675,chr21,126808782,A,C,MYC,53.77
SMP_8047,chr10,52345124,A,C,EGFR,35.87
SMP_8914,chr13,5873603,A,C,TNF,28.49
SMP_7844,chr4,24188672,G,C,EGFR,76.38
SMP_8745,chr15,156740424,T,C,TNF,40.34
SMP_6422,chr12,71693354,T,C,BRCA2,35.48
SMP_3446,chr10,111610000,C,G,BRCA1,31.37
SMP_6666,chr20,53032082,T,C,MYC,57.65
SMP_7526,chr11,238304151,C,T,MTHFR,57.6
SMP_3883,chr11,230366091,A,G,BRCA2,21.68
SMP_4871,chr6,65851478,T,G,EGFR,55.4
SMP_2931,chr6,220383067,A,T,IL6,88.48
SMP_7681,chr17,164366983,T,G,VEGFA,79.65
SMP_8878,chr19,48308669,T,G,IL6,94.14
SMP_6897,chr14,1445323,G,T,BRCA2,61.85
SMP_3590,chr10,85511951,G,C,MYC,38.19
SMP_7702,chr13,171293055,C,T,VEGFA,29.61
SMP_6646,chr21,200509741,G,T,TNF,39.38
SMP_2447,chr12,22303070,A,T,APOE,36.43
SMP_5067,chr1,112313544,A,G,IL6,67.48
SMP_7314,chr20,8229683,G,C,VEGFA,44.32
SMP_7534,chr19,167666128,G,T,IL6,60.53
SMP_6316,chr17,165944863,A,T,IL6,49.45
SMP_4138,chr22,227266519,T,A,TNF,88.53
SMP_1298,chr12,196367168,T,A,APOE,54.14
SMP_5386,chr21,111933947,T,C,IL6,27.67
SMP_9998,chr18,48456789,T,G,VEGFA,86.28
SMP_8051,chrY,182049953,T,C,BRCA2,20.27
SMP_6086,chr22,135498895,C,A,BRCA1,25.38
SMP_6096,chr2,228564215,C,G,APOE,20.31
SMP_7632,chr7,18030662,G,A,MTHFR,84.47
SMP_1080,chr17,214993847,T,G,TP53,50.44
SMP_7505,chr18,19070836,C,G,MYC,98.73
SMP_6019,chr8,90794701,G,C,MYC,94.45
SMP_1896,chr4,174579586,T,C,TNF,97.68
SMP_5817,chr8,106804262,G,T,IL6,37.69
SMP_2233,chr17,74275660,G,C,APOE,49.96
SMP_1085,chr2,229854091,T,G,BRCA1,69.16
SMP_1699,chr18,228992739,G,C,MYC,74.05
SMP_5458,chr4,65579298,T,C,BRCA1,51.87
SMP_3906,chr20,176941208,C,T,IL6,99.64
SMP_6366,chr1,124427635,A,G,MTHFR,22.27
SMP_7161,chr2,230618414,T,A,TP53,58.34
SMP_1303,chr16,60753392,G,A,MYC,90.31
SMP_4972,chr14,193228458,T,G,TNF,70.74
SMP_8289,chr1,235601519,T,A,TNF,97.12
SMP_4235,chr1,97303895,T,G,EGFR,49.55
SMP_9880,chr12,185045981,G,C,TNF,44.33
SMP_3466,chr4,85992980,C,G,IL6,35.8
SMP_1615,chr14,245010765,A,C,MYC,96.23
SMP_7191,chrX,123440343,C,G,TNF,99.02
SMP_5970,chr20,175080510,G,T,MTHFR,29.11
SMP_8381,chr19,242131541,G,A,IL6,63.61
SMP_7090,chr16,115549917,A,T,MTHFR,63.63
SMP_8470,chr14,10962023,T,G,TNF,61.2
SMP_6756,chr11,184296726,T,G,BRCA1,57.63
SMP_6913,chr1,163707958,C,G,IL6,64.31
SMP_3211,chr5,120154915,G,C,BRCA2,24.9
SMP_6659,chr6,1221731,G,C,APOE,92.93
SMP_4880,chr2,116493934,T,C,MTHFR,29.64
SMP_8987,chr17,179015062,A,C,MYC,83.16
SMP_2946,chrX,106123502,C,T,BRCA2,99.07
SMP_5904,chr22,30490162,G,A,VEGFA,95.82
SMP_4599,chr15,243682985,A,T,MYC,80.81
SMP_3288,chr6,143657246,A,G,TP53,70.51
SMP_3511,chr19,207117511,C,G,MYC,34.47
SMP_1351,chr16,228149125,T,A,BRCA2,97.81
SMP_1073,chr20,145239418,C,A,TP53,80.65
SMP_1758,chr14,121678561,A,C,TP53,20.84
SMP_7903,chrY,73008063,C,G,APOE,39.72
SMP_8785,chr14,56285806,C,G,MYC,71.25
SMP_3977,chr13,137439351,A,T,MYC,78.44
SMP_1071,chr12,200893299,T,C,VEGFA,43.28
SMP_9956,chr5,124678430,A,C,IL6,86.93
SMP_4399,chr21,219021616,T,C,IL6,24.35
SMP_2081,chr22,133590453,C,G,IL6,38.99
SMP_8563,chr22,135611734,A,G,EGFR,33.22
SMP_1700,chrY,201769184,T,G,VEGFA,42.75
SMP_2001,chrX,191329052,T,G,BRCA1,38.5
SMP_1121,chr3,243549623,C,G,EGFR,28.54
SMP_3968,chr19,135537552,A,C,IL6,75.58
SMP_4798,chr17,169461230,C,T,BRCA2,52.52
SMP_4922,chr7,201683351,A,C,IL6,60.74
SMP_8074,chr3,7410352,T,C,IL6,67.09
SMP_1660,chr15,46521440,A,C,BRCA1,54.92
SMP_6542,chr1,196314681,G,T,VEGFA,88.75
SMP_2468,chr10,68374965,T,A,APOE,62.31
SMP_2340,chr4,177121680,T,G,BRCA2,75.82
SMP_4453,chr13,198477432,G,C,IL6,32.73
SMP_6632,chr21,35246654,C,G,TNF,31.41
SMP_6412,chr21,112221674,G,T,TP53,50.55
SMP_1810,chr5,65491690,A,C,BRCA2,40.62
SMP_3571,chr2,196525219,G,A,MYC,66.84
SMP_8692,chr2,22959395,T,A,EGFR,35.15
SMP_6697,chr10,128260834,G,C,VEGFA,72.79
SMP_7594,chr3,230507301,A,T,MYC,22.97
SMP_8448,chr1,121998131,C,G,TP53,62.58
SMP_7735,chr3,194057416,A,C,EGFR,88.41
SMP_8366,chr7,208823260,G,C,VEGFA,66.54
SMP_7023,chr11,53445259,A,T,VEGFA,78.95
SMP_5329,chr9,63091198,C,G,VEGFA,42.55
SMP_8014,chr2,224779850,T,G,MTHFR,88.76
SMP_6097,chr2,185604934,T,G,MTHFR,67.17
SMP_2612,chr13,117693081,G,A,APOE,44.97
SMP_4172,chr4,125443332,C,G,IL6,64.61
SMP_6673,chr19,57126456,T,G,BRCA1,83.74
SMP_2742,chr11,107457948,C,A,APOE,97.44
SMP_6400,chr8,172992773,A,T,TNF,81.58
SMP_7897,chr14,72007506,A,T,IL6,64.36
SMP_3985,chr20,20377008,C,G,TP53,55.87
SMP_4741,chr15,110959281,G,A,TP53,59.67
SMP_6590,chr19,207081792,T,G,TNF,84.07
SMP_5508,chr10,202946636,G,T,MYC,95.13
SMP_3394,chr4,219373942,C,A,TP53,70.8
SMP_8871,chr10,14445277,G,C,TP53,40.5
SMP_7885,chr17,213573524,C,A,EGFR,82.45
SMP_6025,chr6,762979,T,C,TNF,80.97
SMP_8861,chr5,83643597,G,C,IL6,90.16
SMP_8921,chr3,44506036,A,G,BRCA1,33.59
SMP_5731,chr14,229915126,C,G,TP53,42.64
SMP_9619,chr16,7592733,T,G,EGFR,36.02
SMP_1577,chr18,153252028,A,T,APOE,72.52
SMP_6265,chr20,81934543,T,A,MTHFR,85.0
SMP_4285,chr6,167820667,G,C,TNF,23.56
SMP_5827,chr6,204735700,C,T,IL6,40.01
SMP_8473,chr10,43506842,A,T,APOE,82.21
SMP_8925,chr16,121992598,T,G,MYC,40.0
SMP_7122,chr3,56105023,G,T,MTHFR,47.65
SMP_6178,chr12,136118270,A,G,BRCA2,70.92
SMP_6409,chr3,201076973,C,A,TP53,27.31
SMP_9872,chr11,231278892,G,C,IL6,78.81
SMP_9747,chr20,156926303,A,C,APOE,38.64
SMP_2066,chr12,241320980,G,A,BRCA1,44.53
SMP_7413,chr20,234164204,C,T,TP53,66.89
SMP_2538,chr19,196935736,A,C,IL6,39.6
SMP_6251,chr16,138015846,C,G,MYC,29.14
SMP_7026,chr4,55121166,A,G,TP53,29.35
SMP_4325,chr9,103646794,T,C,MYC,38.19
SMP_1627,chr5,142892388,C,A,MYC,53.93
SMP_2194,chr10,20875018,T,C,MTHFR,74.16
SMP_9580,chr11,107654123,C,A,VEGFA,35.93
SMP_5102,chr1,196362867,G,T,BRCA1,88.08
SMP_9811,chr8,161634260,T,C,TP53,21.51
SMP_9463,chr16,178794558,A,T,TNF,23.66
SMP_3744,chr10,115683573,G,T,EGFR,62.8
SMP_4539,chr18,90342217,C,A,BRCA1,63.44
SMP_5523,chr18,184259838,G,A,IL6,92.92
SMP_5785,chr8,72995546,T,C,TP53,81.95
SMP_2665,chrX,100349881,G,A,MTHFR,62.49
SMP_3009,chr7,186455441,C,T,MTHFR,23.54
SMP_7037,chr1,113619775,G,A,EGFR,33.4
SMP_1099,chr14,120033519,A,T,MYC,54.08
SMP_9204,chr16,201563776,A,C,EGFR,20.82
SMP_1010,chr8,137912626,G,C,VEGFA,69.2
SMP_7028,chrY,137455562,C,T,BRCA2,83.55
SMP_5364,chr12,181696233,T,A,APOE,65.1
SMP_8297,chr17,98206514,A,G,MYC,84.89
SMP_6308,chr12,127732465,G,A,APOE,55.9
SMP_2685,chr1,7422964,A,C,VEGFA,84.36
SMP_4677,chr22,178944506,T,G,TNF,62.65
SMP_5825,chr13,44401530,T,A,VEGFA,79.49
SMP_9452,chr20,11147174,T,C,BRCA2,92.79
SMP_1260,chr20,149123347,A,G,VEGFA,27.61
SMP_9658,chr18,163547419,C,T,VEGFA,89.83
SMP_5445,chr21,85807268,T,A,TNF,49.95
SMP_9541,chr21,146025181,C,T,APOE,36.35
SMP_6486,chr14,249250770,G,T,APOE,73.71
SMP_2920,chr22,119700635,G,T,IL6,69.42
SMP_3175,chr11,198233701,A,C,EGFR,60.48
SMP_1634,chr7,248504729,C,T,EGFR,79.11
SMP_9755,chr12,18383617,T,G,BRCA1,90.61
SMP_6578,chr7,62125552,C,A,TNF,22.61
SMP_7600,chr21,97896799,T,G,EGFR,70.3
SMP_8850,chr10,188662773,T,A,TP53,41.18
SMP_1143,chr3,152271923,T,G,EGFR,92.83
SMP_4863,chr2,67701724,G,T,APOE,74.94
SMP_2939,chrX,221281895,T,A,APOE,96.14
SMP_3549,chr22,122079641,G,C,VEGFA,79.05
SMP_4498,chr4,200348471,G,T,VEGFA,46.92
SMP_9337,chr12,153578429,C,A,IL6,47.08
SMP_3368,chr1,79965226,A,G,BRCA1,79.99
SMP_4990,chr13,68162935,C,T,BRCA1,62.05
SMP_1875,chr16,41502993,A,T,MTHFR,20.7
SMP_4770,chr22,165301170,T,C,BRCA2,55.99
SMP_4535,chr3,86094344,T,G,EGFR,41.55
SMP_1602,chr17,230135192,G,T,IL6,22.22
SMP_3910,chr21,136597455,T,A,BRCA1,69.39
SMP_2203,chr4,141154889,T,C,EGFR,88.23
SMP_8286,chr3,192768591,T,G,TNF,56.07
SMP_4209,chr9,158922356,A,G,APOE,35.81
SMP_7128,chr9,195682748,A,G,MYC,25.77
SMP_2805,chrX,141217371,G,C,BRCA2,82.75
SMP_1114,chr15,192564010,A,T,APOE,37.69
SMP_6980,chr12,32324343,T,C,TP53,92.68
SMP_5052,chr5,142344404,C,G,APOE,62.46
SMP_7645,chr11,30105367,T,A,MTHFR,27.5
SMP_4164,chr2,153087626,C,A,IL6,76.51
SMP_9558,chrX,243818954,A,G,MYC,83.84
SMP_3230,chr20,82082812,G,A,APOE,61.46
SMP_6031,chr2,90259974,A,C,MTHFR,27.23
SMP_8335,chr5,223666371,A,T,BRCA2,85.76
SMP_9816,chr13,34456528,G,A,BRCA2,56.85
SMP_7104,chr2,97389398,C,A,MYC,28.4
SMP_7966,chr15,36238321,G,C,BRCA2,53.52
SMP_7571,chr6,46843746,G,A,MYC,26.48
SMP_1015,chr10,138145422,C,G,BRCA2,85.45
SMP_7587,chr11,206172740,A,T,MTHFR,73.22
SMP_3604,chr3,230682541,T,C,MTHFR,84.71
SMP_5600,chr4,167167622,A,G,MTHFR,85.75
SMP_1050,chr19,209229226,A,G,MYC,80.11
SMP_8229,chr8,52497298,G,T,TP53,68.83
SMP_1972,chr11,75976899,G,T,MTHFR,54.75
SMP_8860,chr18,72834928,T,G,IL6,86.68
SMP_7996,chr3,162459336,A,G,BRCA2,65.0
SMP_7745,chr9,10505986,G,T,MYC,96.45
SMP_1738,chr3,193403470,A,T,APOE,75.54
SMP_9818,chr19,234390208,T,A,MYC,50.87
SMP_1196,chr21,1792825,G,C,IL6,85.1
SMP_1007,chr7,35245675,T,G,MYC,41.9
SMP_2301,chr21,56269966,A,C,IL6,28.49
SMP_8358,chr10,194083602,G,C,APOE,65.33
SMP_9411,chr3,32110766,G,C,BRCA2,42.57
SMP_7152,chr10,88650305,C,G,EGFR,34.81
SMP_6921,chr9,45688723,G,A,BRCA2,70.23
SMP_7080,chr3,215383329,C,G,MTHFR,26.12
SMP_8858,chr19,167788855,G,A,BRCA1,87.42
SMP_8089,chr21,150720714,C,T,BRCA2,68.05
SMP_8670,chr6,66759956,T,A,BRCA1,66.45
SMP_4696,chr7,116409898,A,C,IL6,87.07
SMP_7243,chr7,71105424,A,G,EGFR,32.85
SMP_3559,chr15,161093611,T,C,MYC,87.58
SMP_4999,chr22,68599263,G,C,TNF,98.27
SMP_9187,chr22,212585442,C,G,IL6,38.23
SMP_4645,chr21,59990183,G,A,TNF,41.5
SMP_6496,chr20,120783195,C,A,MYC,68.48
SMP_9497,chr2,166800423,C,A,BRCA2,85.01
SMP_8911,chr14,237968769,T,C,EGFR,47.74
SMP_4081,chrX,238513114,A,C,VEGFA,73.43
SMP_1266,chr20,135967191,C,T,BRCA1,49.82
SMP_1705,chr8,111188783,T,G,VEGFA,35.4
SMP_6335,chr12,119348184,A,T,TNF,21.4
SMP_2263,chr3,113886131,G,C,TP53,54.72
SMP_8132,chr14,49860070,G,T,TP53,87.58
SMP_6884,chr20,201305363,G,T,MYC,21.87
SMP_8848,chr20,43456857,G,A,IL6,97.59
SMP_3814,chr13,220201889,C,A,EGFR,83.76
SMP_6416,chr7,37303947,T,A,IL6,82.29
SMP_1061,chr10,153157944,A,T,IL6,99.2
SMP_6924,chr4,227660201,C,A,TP53,20.62
SMP_3949,chr3,112858543,C,T,BRCA2,62.24
SMP_1665,chr21,160452501,T,G,EGFR,80.65
SMP_1309,chr6,181538114,A,C,TNF,28.1
SMP_3592,chr16,137473337,C,T,IL6,40.48
SMP_8296,chr20,161446072,A,T,EGFR,58.29
SMP_3561,chr10,62858657,T,A,MTHFR,49.37
SMP_7473,chr22,172717680,C,A,IL6,82.15
SMP_7536,chr22,17976060,T,A,MTHFR,68.0
SMP_6622,chr14,155430599,C,G,MTHFR,35.0
SMP_7738,chr16,85246256,G,T,TP53,92.65
SMP_9763,chr18,148243317,T,C,IL6,74.48
SMP_9300,chr7,158499650,C,T,APOE,98.75
SMP_2025,chr20,85360503,T,A,MYC,49.13
SMP_6787,chr12,249371527,T,A,EGFR,32.01
SMP_7423,chr11,110958866,T,G,VEGFA,91.97
SMP_7064,chr4,75106178,C,G,BRCA1,93.41
SMP_7545,chr3,83191480,C,G,EGFR,87.68
SMP_6204,chr19,90443089,A,C,TNF,57.92
SMP_9492,chrY,135721346,C,T,TP53,22.73
SMP_5296,chr8,43474680,C,A,VEGFA,32.62
SMP_8787,chr22,85538896,T,G,MTHFR,52.57
SMP_1702,chr15,238227647,C,A,MTHFR,96.11
SMP_2081,chr3,63623801,A,G,MTHFR,32.48
SMP_9609,chr18,221328227,C,A,EGFR,56.14
SMP_6568,chr6,75904374,T,A,IL6,54.53
SMP_7363,chr13,118224546,C,T,MTHFR,87.48
SMP_6351,chr6,167768558,T,C,MYC,59.63
SMP_2223,chr13,125696851,C,G,BRCA2,88.64
SMP_7157,chr7,109201406,T,C,IL6,95.48
SMP_3492,chr21,158283979,G,T,TP53,89.85
SMP_9235,chr2,175785841,C,T,BRCA1,71.96
SMP_1173,chr10,173032782,G,A,IL6,41.36
SMP_8993,chr18,162813439,G,A,EGFR,73.52
SMP_5035,chr22,143130903,T,C,APOE,53.13
SMP_1933,chr18,94955645,C,A,MYC,95.64
SMP_8224,chr1,76471613,G,C,TP53,87.0
SMP_9382,chr11,64817123,G,C,BRCA2,30.33
SMP_4918,chr4,218045543,A,C,VEGFA,97.52
SMP_9256,chr19,78060729,A,T,VEGFA,23.7
SMP_6585,chr13,230361063,A,C,MTHFR,49.52
SMP_6280,chr16,63064697,A,C,TNF,29.27
SMP_1553,chr21,119261580,G,T,EGFR,22.35
SMP_4258,chr8,216436774,G,C,APOE,97.08
SMP_2522,chr2,3781528,T,C,MTHFR,43.83
SMP_9679,chr11,96634360,G,T,VEGFA,24.84
SMP_7637,chr22,156910554,A,T,BRCA1,80.33
SMP_9232,chr13,5679174,T,C,TNF,33.23
SMP_6193,chr17,85930854,C,A,APOE,60.94
SMP_2749,chrX,132568071,T,G,APOE,73.54
SMP_8801,chr14,247883862,C,A,BRCA1,36.31
SMP_3361,chr10,83794460,G,A,BRCA1,77.16
SMP_7254,chr9,216263866,T,G,BRCA1,43.72
SMP_6249,chrY,79112135,C,T,BRCA1,21.45
SMP_6054,chr1,79847594,T,A,MTHFR,53.78
SMP_4763,chr17,76510812,C,A,BRCA2,93.95
SMP_9898,chr16,137027138,C,A,EGFR,49.25
SMP_9313,chr4,114216375,C,A,TP53,26.9
SMP_9801,chr7,88657306,G,T,EGFR,95.74
SMP_3104,chr8,24595945,C,A,TNF,68.14
SMP_1614,chr8,147923959,A,C,BRCA1,65.66
SMP_6708,chr11,247548193,A,T,TP53,91.77
SMP_5276,chr7,47210515,C,G,BRCA2,67.01
SMP_4232,chr8,123694445,G,C,MYC,68.63
SMP_9992,chr4,210899029,G,T,VEGFA,66.27
SMP_9790,chr8,177831401,G,C,MTHFR,31.49
SMP_7845,chr7,183692915,A,G,BRCA2,54.34
SMP_6627,chr1,223351117,C,A,BRCA1,71.3
SMP_5042,chr3,235327308,T,A,MTHFR,56.7
SMP_8922,chrX,28189694,C,G,EGFR,47.23
SMP_1658,chr16,228225145,G,A,IL6,30.15
SMP_8300,chr21,105262241,C,A,MYC,49.51
SMP_3948,chr17,113517860,T,C,MYC,70.23
SMP_4174,chr8,173670244,A,G,BRCA1,57.67
SMP_9188,chr1,242238099,G,A,BRCA1,73.74
SMP_5101,chr1,88390323,T,G,VEGFA,44.4
SMP_1758,chr21,187319301,G,C,TP53,46.14
SMP_8206,chr3,237025035,A,C,BRCA2,31.56
SMP_4323,chr18,120147710,C,G,APOE,74.53
SMP_9796,chr22,14475361,G,C,MTHFR,75.0
SMP_1616,chr17,144776425,A,C,BRCA1,24.0
SMP_4119,chr21,77794296,G,T,BRCA2,76.39
SMP_5355,chr7,73076401,C,G,BRCA2,40.41
SMP_7104,chr10,60228601,T,G,VEGFA,74.49
SMP_4493,chr21,200144859,A,C,TP53,88.32
SMP_7524,chr16,42526390,G,T,TNF,75.64
SMP_9776,chr9,56939190,C,T,TP53,54.11
SMP_6492,chr4,26036618,T,C,BRCA2,97.54
SMP_1464,chr9,11836241,G,A,APOE,60.1
SMP_4157,chr8,232424863,C,T,MYC,58.53
SMP_6810,chr13,181004775,A,C,MTHFR,22.61
SMP_4355,chr13,137903290,T,A,VEGFA,68.84
SMP_7123,chr17,106285309,C,G,TNF,92.01
SMP_7857,chr5,24247471,C,T,BRCA1,31.82
SMP_6525,chr7,64258136,G,T,APOE,39.62
SMP_3489,chr19,170397724,T,G,BRCA2,70.74
SMP_7900,chr21,197552292,G,A,TP53,98.26
SMP_6404,chr12,91150376,C,T,TNF,63.7
SMP_7497,chr1,83979871,A,T,MTHFR,33.37
SMP_7166,chr6,219386830,T,C,MTHFR,30.6
SMP_6726,chr9,73791924,C,A,EGFR,82.51
SMP_1749,chr14,31306995,T,G,MYC,63.6
SMP_3452,chr19,95743241,G,A,BRCA1,71.59
SMP_5678,chr5,75680028,C,T,TP53,73.71
SMP_4705,chr21,55307596,T,C,VEGFA,31.31
SMP_7555,chr6,100877658,G,A,IL6,84.01
SMP_8902,chr7,58884686,A,C,EGFR,28.1
SMP_8148,chr8,141988675,C,G,TP53,59.19
SMP_4912,chr9,233861619,A,G,EGFR,74.22
SMP_7228,chr15,115730794,G,A,BRCA2,63.5
SMP_3340,chr20,234020728,G,A,TNF,40.86
SMP_8250,chr22,174858767,C,T,APOE,45.9
SMP_5995,chr20,149753352,G,A,BRCA2,45.75
SMP_1407,chr12,226377326,A,T,IL6,26.69
SMP_8719,chr19,193121361,A,G,EGFR,80.5
SMP_6493,chr2,16275265,C,G,TNF,37.22
SMP_5261,chr1,142550604,G,C,TNF,32.38
SMP_8021,chr12,148315131,A,C,EGFR,88.41
SMP_5695,chr11,80623355,G,C,BRCA1,22.81
SMP_8556,chr21,131441812,A,T,BRCA2,88.65
SMP_6609,chr3,122846698,T,G,BRCA1,61.05
SMP_9111,chr21,178808784,C,T,VEGFA,80.16
SMP_4798,chr11,3499319,C,T,BRCA1,53.62
SMP_3480,chr20,2504728,A,C,MTHFR,45.9
SMP_1809,chr8,73022842,C,A,EGFR,29.63
SMP_2074,chr18,247864652,T,C,TNF,78.46
SMP_8058,chr18,225084332,G,C,IL6,57.3
SMP_7730,chr14,84184342,C,G,TP53,79.0
SMP_2158,chr14,68463042,T,C,IL6,45.9
SMP_4033,chr21,77545940,G,C,BRCA2,63.07
SMP_9630,chr13,54044039,A,T,IL6,49.54
SMP_8625,chr22,245639222,G,C,MYC,46.2
SMP_7116,chr6,131217718,A,C,TNF,30.95
SMP_4376,chr15,206595529,G,A,VEGFA,29.27
SMP_3011,chr18,204501558,C,T,APOE,88.86
SMP_4384,chr1,35704942,C,G,VEGFA,41.35
SMP_7051,chr21,55339872,T,A,VEGFA,36.34
SMP_5642,chr16,214868213,C,T,MYC,94.7
SMP_1291,chr7,185659441,C,A,TP53,85.49
SMP_6309,chr15,44459714,G,C,APOE,77.71
SMP_8386,chr7,179801521,C,G,TP53,96.41
SMP_5713,chr22,70530524,C,A,EGFR,38.73
SMP_4974,chr21,15007223,C,T,VEGFA,22.29
SMP_7839,chrX,16632727,G,T,MYC,97.28
SMP_1429,chr9,91432349,G,T,APOE,28.1
SMP_3367,chr7,216916812,G,A,VEGFA,20.5
SMP_1217,chr19,162540183,G,A,IL6,75.33
SMP_3236,chr22,22220760,T,A,MYC,75.99
SMP_3143,chr8,114532209,A,T,IL6,70.94
SMP_5108,chr15,51241450,A,T,EGFR,79.23
SMP_7743,chr16,175263207,G,T,APOE,64.98
SMP_6829,chr18,137384593,T,A,MYC,37.32
SMP_6942,chr4,62450856,C,T,TP53,32.17
SMP_3423,chrX,34840985,G,T,VEGFA,48.15
SMP_7868,chr17,113546355,A,C,BRCA2,30.7
SMP_5562,chr16,89931518,C,A,BRCA1,54.93
SMP_8942,chr5,234715198,A,T,BRCA1,51.74
SMP_1763,chr8,189490017,C,G,MTHFR,30.37
SMP_4682,chr21,46281208,A,C,BRCA2,62.01
SMP_1996,chr11,152721762,C,G,TNF,48.45
SMP_9851,chr18,62740654,T,G,TP53,71.95
SMP_4823,chr18,58669504,T,G,TNF,32.98
SMP_8018,chr15,9356294,A,G,MYC,99.12
SMP_3723,chr15,46893242,G,T,IL6,82.95
SMP_1673,chr10,19905473,G,C,TNF,40.97
SMP_2304,chr5,125960536,C,G,BRCA1,26.06
SMP_7264,chr10,238846514,T,C,TP53,58.97
SMP_9896,chr6,31100053,T,A,BRCA1,30.2
SMP_3148,chr18,99709037,G,C,IL6,34.1
SMP_6447,chr6,134234450,G,T,TP53,63.98
SMP_6307,chr7,45430319,T,C,APOE,81.64
SMP_9816,chr6,205570324,T,A,MYC,97.76
SMP_1768,chr1,162294301,A,C,BRCA2,43.26
SMP_6487,chr3,247970381,C,T,TNF,75.17
SMP_7485,chr11,76191166,A,G,MTHFR,78.03
SMP_4213,chr13,89930145,A,G,APOE,38.27
SMP_8208,chr5,84859251,T,C,MYC,61.84
SMP_8668,chr20,225785571,T,A,MYC,38.83
SMP_7797,chr7,137364054,C,G,TP53,35.08
SMP_6951,chr9,145073486,C,G,EGFR,38.58
SMP_8887,chrX,30749615,C,A,MYC,77.13
SMP_1192,chr4,67432490,A,G,BRCA1,35.08
SMP_5305,chr4,98756574,G,T,TNF,84.91
SMP_7285,chr22,245241658,C,T,BRCA2,56.83
SMP_5235,chr8,181104619,T,G,TNF,54.29
SMP_8699,chr10,177329066,T,C,BRCA2,83.71
SMP_4322,chr19,148728179,C,T,BRCA1,82.36
SMP_8921,chr20,215901624,T,A,BRCA1,58.82
SMP_9465,chr10,95456396,A,T,BRCA1,90.13
SMP_1418,chr10,34123810,A,C,TNF,40.54
SMP_8424,chr3,44405696,C,A,APOE,27.37
SMP_6952,chr3,93832551,C,G,EGFR,41.2
SMP_8157,chr18,16145337,G,C,VEGFA,26.47
SMP_8156,chr7,13733576,G,T,BRCA2,50.99
SMP_5401,chr20,104230189,A,C,EGFR,29.48
SMP_3278,chr6,17508695,G,A,MTHFR,59.85
SMP_2475,chr16,91200157,T,C,VEGFA,64.07
SMP_5118,chr3,162916577,G,A,MTHFR,83.94
SMP_3132,chr12,146261713,A,T,BRCA1,53.69
SMP_5506,chr8,91816823,A,G,MTHFR,37.97
SMP_3943,chr1,178608318,T,C,VEGFA,67.09
SMP_9821,chr7,143338751,G,T,EGFR,30.7
SMP_8844,chr18,46151902,A,C,MYC,42.83
SMP_9530,chr1,91444088,A,T,MTHFR,75.24
SMP_1768,chr1,205363677,A,G,MTHFR,66.0
SMP_7029,chr2,181389949,T,A,MTHFR,47.97
SMP_8415,chr4,195219512,C,G,MTHFR,22.92
SMP_3527,chr9,181818733,C,G,TP53,27.49
SMP_4148,chr4,24349445,C,A,BRCA2,57.46
SMP_1376,chr10,87004679,G,C,MTHFR,41.18
SMP_2534,chr20,39282031,A,C,MYC,89.54
SMP_6799,chr16,60211904,G,C,TP53,58.59
SMP_9439,chr8,78852008,T,A,VEGFA,28.37
SMP_3515,chr6,59856028,G,A,MYC,43.48
SMP_8233,chr14,142140046,T,A,APOE,79.81
SMP_8875,chr21,189317764,G,A,VEGFA,89.26
SMP_5752,chr1,217258725,C,A,EGFR,52.06
SMP_8121,chr19,204897054,T,A,TP53,93.08
SMP_1775,chr15,78864813,G,C,TNF,22.5
SMP_8278,chr7,211270163,T,C,MTHFR,20.1
SMP_3397,chr21,200353883,A,G,VEGFA,24.94
SMP_4664,chr1,187210382,G,A,BRCA1,95.82
SMP_4010,chrX,71538540,G,A,EGFR,33.88
SMP_9308,chr20,142463227,C,G,MTHFR,51.04
SMP_5728,chr17,238836989,T,C,TP53,73.85
SMP_8098,chr8,209693561,A,G,BRCA1,57.54
SMP_5449,chr19,100366968,T,G,VEGFA,71.25
SMP_7791,chr15,27470409,G,T,BRCA2,36.42
SMP_8516,chr6,231509192,T,C,MYC,55.24
SMP_8449,chr7,154452507,G,T,MTHFR,94.69
SMP_4390,chr7,231555403,A,C,IL6,61.77
SMP_2979,chr16,31381858,G,A,BRCA2,69.17
SMP_7823,chr6,106200656,T,A,TP53,75.92
SMP_5431,chr5,22856606,T,A,APOE,66.75
SMP_2608,chr13,124195130,A,T,MTHFR,56.45
SMP_4417,chr20,61515907,C,A,APOE,53.69
SMP_4334,chr6,203342050,A,G,BRCA1,46.34
SMP_6135,chr22,70832920,T,C,TP53,63.93
SMP_5036,chrX,53455905,C,T,VEGFA,67.56
SMP_6494,chr10,166520886,A,G,BRCA1,59.53
SMP_9000,chr6,212630590,T,C,EGFR,66.79
SMP_3517,chr22,146214492,T,C,MYC,67.05
SMP_4313,chr17,146235541,G,A,VEGFA,82.76
SMP_1502,chr9,29367686,T,A,BRCA1,35.23
SMP_6352,chr18,142510107,T,A,VEGFA,76.14
SMP_6266,chr4,192022527,T,A,MTHFR,78.41
SMP_3411,chr9,38859065,A,C,TNF,70.93
SMP_7462,chr3,166113725,C,G,MYC,67.18
SMP_1843,chr6,145051993,G,C,IL6,91.28
SMP_3459,chr10,92670899,C,T,MTHFR,75.07
SMP_9793,chr9,135872351,A,G,EGFR,30.17
SMP_1680,chr22,86969614,G,C,MYC,76.03
SMP_3098,chr10,69672167,A,T,TP53,79.31
SMP_2486,chr10,74194337,T,A,MYC,70.24
SMP_2934,chr12,120434034,A,C,VEGFA,21.5
SMP_3918,chr8,143631639,A,C,TNF,26.96
SMP_1204,chr13,3167737,G,C,VEGFA,70.1
SMP_3839,chr18,84279720,C,A,BRCA2,69.68
SMP_7988,chr7,239655346,C,G,TP53,77.3
SMP_6777,chr21,210486171,A,G,MYC,91.48
SMP_6794,chr3,219356794,A,G,MYC,31.61
SMP_6188,chr10,114903045,C,A,EGFR,34.22
SMP_1843,chr2,229770488,A,T,TP53,69.14
SMP_5594,chr13,69301488,C,T,VEGFA,61.01
SMP_1480,chr11,113628329,G,C,MTHFR,23.71
SMP_6081,chr19,247958299,C,G,EGFR,73.47
SMP_1471,chr9,89494937,G,A,BRCA2,23.29
SMP_9552,chr2,211440274,T,A,BRCA2,70.71
SMP_3630,chr20,75190203,C,G,BRCA1,46.86
SMP_2506,chr2,65995583,C,A,TNF,95.22
SMP_6543,chr6,15570544,G,C,IL6,81.71
SMP_6696,chr19,67386996,C,A,TNF,90.05
SMP_7284,chr9,88141074,G,C,TNF,29.94
SMP_3459,chr1,86010059,T,A,MTHFR,84.7
SMP_8856,chr17,73196930,G,T,BRCA1,89.4
SMP_5946,chr5,77565792,G,T,IL6,95.8
SMP_4355,chr19,132295521,G,C,BRCA1,65.57
SMP_5269,chr17,101292165,T,G,BRCA2,76.95
SMP_3829,chr22,20080184,T,A,EGFR,30.48
SMP_8727,chr18,44909847,T,A,MYC,83.71
SMP_3797,chr6,2652827,G,C,TP53,97.19
SMP_2243,chr8,41100002,T,G,BRCA2,74.49
SMP_8546,chr3,142284192,G,C,MTHFR,28.12
SMP_5020,chr13,148219336,T,G,MTHFR,35.78
SMP_7734,chr9,140248767,C,A,EGFR,68.34
SMP_1975,chr18,110794172,T,C,BRCA1,48.44
SMP_6579,chr19,171262591,T,G,BRCA1,76.18
SMP_3544,chr3,215692224,G,A,BRCA2,77.18
SMP_8028,chr17,112820530,G,C,APOE,70.74
SMP_9194,chr1,231406242,C,A,EGFR,73.83
SMP_9845,chrX,224662880,A,T,MYC,44.25
SMP_3660,chr12,114972251,C,T,MYC,44.78
SMP_7295,chr1,225087839,C,A,TP53,40.12
SMP_6040,chr17,198406670,T,C,MYC,48.89
SMP_7513,chr16,7719790,A,T,BRCA2,44.65
SMP_1285,chr1,20695248,T,G,APOE,74.81
SMP_9562,chr8,213285349,A,T,BRCA2,28.21
SMP_2323,chr14,131995660,A,C,BRCA1,48.58
SMP_4152,chrY,238012956,C,T,TNF,95.59
SMP_5306,chr20,170893787,G,A,MYC,59.95
SMP_9087,chr12,17147070,C,T,IL6,43.71
SMP_3499,chr13,170130453,T,G,APOE,57.36
SMP_9605,chr15,196048954,A,G,TNF,97.05
SMP_7620,chr5,87096910,A,G,IL6,66.81
SMP_5525,chr5,189744545,T,C,TP53,84.79
SMP_1518,chr21,51223822,T,A,TNF,94.89
SMP_2443,chr7,40140628,C,T,MYC,35.1
SMP_9291,chr10,206342822,C,A,EGFR,75.18
SMP_8720,chr12,90738904,G,A,BRCA1,69.05
SMP_3688,chr4,77670937,A,C,VEGFA,42.11
SMP_9339,chr11,121140229,C,G,MTHFR,89.11
SMP_8223,chr22,151515537,A,T,EGFR,49.78
SMP_5414,chr21,33384061,T,G,BRCA2,51.9
SMP_8802,chr9,242999854,G,T,MYC,58.19
SMP_4199,chr4,135165855,C,G,TP53,71.26
SMP_9064,chr21,53042212,G,A,MYC,82.33
SMP_3557,chr7,141815206,A,T,VEGFA,47.46
SMP_9563,chr4,31936698,A,C,VEGFA,26.12
SMP_4590,chr8,197410823,T,G,MTHFR,62.89
SMP_7384,chr12,14609153,C,T,BRCA2,59.41
SMP_3904,chr19,46461166,A,G,VEGFA,50.44
SMP_8579,chr9,100649961,C,G,VEGFA,63.09
SMP_9605,chr22,209251019,G,T,BRCA1,72.75
SMP_7139,chr8,242023988,T,C,MYC,89.66
SMP_1411,chr6,173555912,T,G,EGFR,40.67
SMP_6980,chr12,84675534,T,C,MTHFR,23.54
SMP_8704,chr3,105846384,T,A,APOE,71.83
SMP_9433,chr14,73707800,T,G,APOE,69.62
SMP_8545,chr15,42309085,G,C,BRCA2,37.5
SMP_9066,chr14,67969965,A,G,EGFR,30.1
SMP_3218,chr5,116495903,T,G,BRCA1,94.95
SMP_8638,chr5,122090283,T,G,TNF,63.76
SMP_4601,chr17,170695579,C,A,MYC,72.29
SMP_6997,chr11,134402577,G,T,IL6,98.71
SMP_1194,chr18,206111342,A,G,IL6,60.39
SMP_4598,chr5,104517072,C,G,MTHFR,50.86
SMP_3491,chr7,6784996,G,T,APOE,27.87
SMP_8737,chr4,130783799,G,C,BRCA2,90.77
SMP_5239,chr15,45754340,G,C,BRCA1,92.61
SMP_5882,chr10,239409056,G,C,BRCA1,22.26
SMP_4567,chr4,34906911,T,A,BRCA1,44.98
SMP_4211,chr14,37727335,T,G,VEGFA,43.41
SMP_2602,chr18,100223286,G,C,APOE,71.14
SMP_6906,chr18,2314363,G,C,TP53,23.35
SMP_4226,chr15,238422919,A,C,BRCA2,27.24
SMP_1803,chr15,88301396,G,C,TP53,98.01
SMP_5038,chr1,199449174,T,G,VEGFA,70.5
SMP_4853,chr16,20045157,T,G,APOE,55.24
SMP_9388,chr6,83584190,C,T,IL6,23.93
SMP_3991,chr10,64071484,G,A,MYC,74.47
SMP_6933,chr15,230976402,A,C,TP53,89.49
SMP_7959,chr8,75354694,G,C,TP53,35.45
SMP_8317,chr10,249625247,A,T,TNF,43.68
SMP_9604,chrX,166449823,C,A,MTHFR,44.63
SMP_8439,chr16,52619701,A,T,MTHFR,41.17
SMP_5361,chr5,234806707,T,A,MYC,94.14
SMP_8803,chr21,34771492,G,C,BRCA2,75.83
SMP_5075,chr4,194967996,A,G,VEGFA,66.33
SMP_1504,chr21,20211382,C,A,APOE,28.43
SMP_5913,chr2,51661381,A,G,EGFR,56.17
SMP_4834,chr17,191201463,C,G,BRCA2,24.67
SMP_9710,chr10,213486005,G,C,IL6,38.16
SMP_6027,chr7,68208063,G,T,TNF,48.6
SMP_2343,chr17,174002144,C,A,EGFR,34.71
SMP_2334,chr5,91323304,T,A,BRCA1,75.12
SMP_8019,chr22,157639563,G,C,TNF,24.31
SMP_3264,chr5,35964073,A,T,MTHFR,87.66
SMP_7199,chr13,151911185,C,G,VEGFA,44.5
SMP_2561,chr16,31345600,A,G,APOE,38.57
SMP_4560,chr9,189087521,T,C,VEGFA,55.22
SMP_4891,chr9,5728793,C,A,IL6,57.44
SMP_5329,chr7,247149147,G,T,TNF,82.67
SMP_2823,chr17,51061971,G,C,MYC,52.12
SMP_9994,chr10,8636956,G,A,IL6,80.23
SMP_4229,chr9,35504673,T,C,IL6,89.49
SMP_4437,chr19,172926070,A,C,MYC,85.9
SMP_4444,chr1,5006298,A,G,BRCA2,80.08
SMP_6312,chr8,25742527,T,C,BRCA1,44.5
SMP_9083,chr2,206629855,G,C,IL6,20.67
SMP_6399,chr1,130966740,G,T,VEGFA,46.4
SMP_1464,chr17,135958619,A,G,MYC,69.6
SMP_9609,chr8,191513433,C,A,TP53,75.59
SMP_5691,chrY,13933444,A,C,IL6,72.84
SMP_3677,chr16,60912443,G,T,APOE,53.3
SMP_9642,chr13,191831155,T,G,MYC,60.58
SMP_4600,chr11,23062292,G,C,BRCA1,25.21
SMP_4999,chr11,81074729,T,C,APOE,41.8
SMP_6845,chr15,194509176,T,G,TNF,88.75
SMP_6899,chr22,134694227,G,C,MYC,82.49
SMP_8886,chr8,110197850,G,T,BRCA2,76.22
SMP_3017,chr6,117725651,G,C,IL6,52.05
SMP_4331,chr11,159631933,A,T,BRCA2,70.19
SMP_1505,chr14,82313372,T,G,MTHFR,22.07
SMP_3827,chr22,141893117,A,C,VEGFA,60.94
SMP_6237,chr19,132577912,G,C,BRCA2,85.99
SMP_5219,chr8,118455627,A,G,VEGFA,88.54
SMP_5886,chr14,188687917,T,G,TP53,39.9
SMP_3378,chr7,117370900,T,A,MTHFR,31.58
SMP_3364,chr7,125644861,T,A,TNF,25.64
SMP_1269,chr10,73973329,T,A,EGFR,44.69
SMP_6645,chr5,52162739,C,A,VEGFA,88.9
SMP_1027,chr19,218269354,A,T,VEGFA,73.62
SMP_4126,chrX,241031263,T,A,IL6,93.72
SMP_2775,chr6,50663614,G,C,EGFR,20.27
SMP_7339,chr8,559445,T,A,MYC,21.37
SMP_1051,chr16,173032064,A,C,TP53,34.78
SMP_7253,chr21,170059890,G,T,TP53,37.2
SMP_8693,chr16,133980663,C,A,TP53,74.94
SMP_4738,chr6,244247669,A,G,APOE,20.53
SMP_3959,chr2,155142100,A,G,VEGFA,44.44
SMP_1314,chr22,60357381,C,T,TNF,42.25
SMP_8832,chrX,178821223,C,A,BRCA2,23.27
SMP_2557,chr5,227778747,T,A,TNF,70.64
SMP_6479,chr19,52472452,A,T,BRCA2,44.49
SMP_7349,chr13,212803402,C,T,BRCA1,88.18
SMP_9160,chr13,107554506,A,C,EGFR,75.5
SMP_4602,chr21,128279341,G,T,BRCA1,21.73
SMP_2628,chr2,235871998,A,T,EGFR,40.08
SMP_5034,chr7,156745025,A,G,VEGFA,27.42
SMP_5729,chr17,224719773,A,G,BRCA1,23.85
SMP_8140,chr16,47662709,T,C,TNF,96.6
SMP_3977,chr6,152624172,G,T,BRCA1,23.59
SMP_1211,chr1,101108912,C,A,APOE,52.76
SMP_4873,chr13,9339259,A,C,IL6,70.68
SMP_1038,chr3,133425433,G,T,TP53,51.19
SMP_2909,chr5,44279633,G,T,IL6,36.72
SMP_7292,chr21,191794165,A,G,TNF,89.91
SMP_3462,chr6,75775890,G,C,MTHFR,47.49
SMP_9286,chr14,59721517,C,T,MTHFR,91.08
SMP_3281,chr15,148267591,G,C,MYC,87.18
SMP_1143,chr21,86772741,T,G,APOE,46.73
SMP_1958,chr21,189228158,A,C,BRCA1,28.97
SMP_1016,chr18,28081602,A,T,TP53,85.5
SMP_3961,chr6,153164102,A,G,EGFR,83.32
SMP_8101,chr19,46823688,A,T,EGFR,63.37
SMP_2407,chr19,48341191,G,C,MYC,43.64
SMP_3584,chr12,111494985,G,C,TNF,77.86
SMP_9140,chr8,121033081,T,G,BRCA1,69.89
SMP_3003,chr7,77391243,T,G,BRCA2,70.84
SMP_6608,chr19,44849462,T,C,IL6,92.17
SMP_5567,chr4,122675392,A,C,MTHFR,49.95
SMP_4399,chr14,210431532,A,T,TP53,56.72
SMP_5768,chr9,243250035,T,G,TP53,83.59
SMP_4286,chr7,67174581,G,C,EGFR,91.21
SMP_4787,chr19,7891315,A,C,VEGFA,66.72
SMP_3918,chr11,106192076,T,A,BRCA2,28.54
SMP_9141,chr5,57795441,C,G,VEGFA,82.04
SMP_3420,chr19,31529132,C,T,TNF,98.46
SMP_9659,chr17,70278532,C,A,BRCA1,58.1
SMP_3929,chr17,165666215,T,A,TNF,70.39
SMP_5002,chr8,123015777,C,G,VEGFA,27.96
SMP_4944,chr10,226582539,T,G,BRCA2,56.46
SMP_2219,chr4,67307733,G,T,BRCA2,59.13
SMP_7949,chr16,61417732,G,A,IL6,95.39
SMP_2653,chr10,184313983,C,A,APOE,20.09
SMP_8411,chr7,9373718,A,C,VEGFA,87.41
SMP_1553,chr21,230898080,T,A,TNF,21.09
SMP_8274,chrX,135014564,G,A,EGFR,47.73
SMP_4275,chr6,84910601,C,G,IL6,89.15
SMP_2221,chr18,189995253,T,A,BRCA2,97.73
SMP_2830,chr1,68541278,C,T,TNF,95.59
SMP_5756,chr12,60227643,T,C,TNF,80.51
SMP_9381,chr12,96638001,A,G,MYC,53.71
SMP_5762,chr7,6058090,T,C,MYC,43.23
SMP_4337,chr21,95350366,G,C,VEGFA,33.18
SMP_4979,chr3,169005255,T,A,BRCA1,56.04
SMP_5428,chr7,197102129,C,G,BRCA2,87.59
SMP_7358,chr10,231702113,C,G,MYC,80.83
SMP_9395,chr17,117519361,G,A,VEGFA,97.68
SMP_6545,chr4,102591785,C,T,VEGFA,31.85
SMP_5297,chr15,50843186,A,C,BRCA1,69.37
SMP_7164,chr1,206576266,G,C,TNF,75.45
SMP_5082,chr10,152605305,C,A,APOE,67.43
SMP_7963,chr11,206215550,T,G,BRCA1,69.39
SMP_2179,chr5,189090541,G,T,BRCA1,38.54
SMP_4137,chr6,29912717,A,T,MYC,97.48
SMP_9400,chr15,137927093,G,C,BRCA1,58.53
SMP_4808,chr5,120082246,T,C,BRCA2,92.23
SMP_5436,chr7,15898463,T,C,IL6,64.12
SMP_6164,chr8,185047769,G,A,IL6,82.29
SMP_1238,chr17,53752000,A,G,MYC,90.25
SMP_7566,chrY,101423875,G,T,IL6,94.09
SMP_4495,chr12,182859523,G,C,TNF,88.58
SMP_8384,chrY,169460888,C,G,BRCA1,89.17
SMP_1551,chr6,119270150,A,T,MYC,93.39
SMP_7046,chr18,92629206,C,G,TNF,57.54
SMP_8919,chr14,108710916,A,T,TP53,60.06
SMP_9592,chr10,101328638,T,G,TP53,21.24
SMP_6289,chr1,232910885,C,T,BRCA1,35.84
SMP_7850,chr2,192548393,G,T,BRCA1,61.19
SMP_2880,chr7,114021314,G,A,BRCA2,66.24
SMP_1604,chr13,237022613,C,A,TP53,48.83
SMP_8736,chr2,124882931,A,G,IL6,42.33
SMP_4658,chrY,72804109,T,C,MTHFR,24.65
SMP_6558,chr14,220754324,C,A,MTHFR,22.76
SMP_8307,chr1,204765687,A,G,VEGFA,79.93
SMP_7091,chrY,236347516,A,G,MYC,42.03
SMP_4359,chr10,108238084,C,T,BRCA2,25.27
SMP_7420,chr15,66462525,T,G,MTHFR,28.27
SMP_9702,chr3,75167114,C,G,MYC,39.09
SMP_1327,chr8,161215302,T,C,APOE,54.47
SMP_5961,chr21,150612915,G,A,BRCA1,61.81
SMP_6762,chr18,240781555,C,T,BRCA1,57.32
SMP_5155,chr19,167004784,G,T,IL6,48.35
SMP_9619,chr7,5543740,C,G,VEGFA,74.37
SMP_2259,chr6,154815400,G,A,BRCA1,75.99
SMP_6746,chr5,60933585,G,T,EGFR,41.74
SMP_7119,chr21,68382419,A,G,BRCA2,89.68
SMP_9790,chr14,48151750,C,T,IL6,36.17
SMP_3280,chr20,43323063,G,T,MTHFR,79.95
SMP_6437,chr12,145090298,T,G,MYC,30.43
SMP_3972,chr17,144431950,C,G,EGFR,38.77
SMP_5692,chr7,17314513,A,C,EGFR,50.77
SMP_6016,chr5,60859341,A,G,VEGFA,58.67
SMP_3522,chr18,72620369,T,C,IL6,40.14
SMP_2834,chr3,236660047,G,A,TNF,57.67
SMP_9251,chr14,224117277,T,A,VEGFA,58.39
SMP_2214,chr15,76244403,C,A,BRCA1,53.44
SMP_2843,chr18,124667456,T,A,MYC,21.93
SMP_8962,chr11,220867472,T,A,MTHFR,70.62
SMP_7691,chr6,38591220,A,T,APOE,87.21
SMP_6563,chr2,82735491,G,A,TNF,56.97
SMP_2860,chr11,14338048,C,T,BRCA2,84.35
SMP_8353,chr18,202475383,G,A,IL6,72.23
SMP_5278,chr20,90260764,A,G,BRCA2,29.07
SMP_7626,chr16,181611985,C,A,VEGFA,66.39
SMP_8830,chr5,95479140,G,C,BRCA2,38.81
SMP_4605,chr18,38011542,A,T,MTHFR,63.02
SMP_3058,chr6,27226850,C,A,TP53,96.01
SMP_1269,chrX,184865237,A,G,BRCA2,67.56
SMP_1644,chrX,89098068,T,C,TP53,76.76
SMP_1405,chr14,2519666,C,A,TP53,35.96
SMP_7985,chrY,239233207,A,T,BRCA1,87.81
SMP_6355,chr11,41923961,G,T,MYC,29.35
SMP_5597,chr18,53342742,A,G,VEGFA,81.27
SMP_9663,chr1,142305191,C,G,BRCA2,91.31
SMP_7327,chr15,183638277,C,G,TNF,97.08
SMP_9422,chr7,201572960,T,C,EGFR,47.15
SMP_8803,chr6,178668069,A,C,TNF,83.91
SMP_9460,chr5,217002354,A,C,BRCA1,59.33
SMP_3564,chr3,127075824,T,C,MTHFR,21.72
SMP_1086,chr18,161938961,T,G,BRCA1,95.29
SMP_8861,chr13,110053885,A,T,BRCA2,30.52
SMP_2984,chr21,6827981,C,A,EGFR,50.08
SMP_1016,chr7,55401809,T,G,BRCA2,71.73
SMP_6076,chrX,135251294,G,A,TP53,76.38
SMP_5885,chr4,54639084,C,A,MTHFR,22.11
SMP_5983,chr19,164188941,A,G,BRCA1,49.12
SMP_5752,chr22,215345373,C,T,IL6,21.16
SMP_3574,chr16,158980652,A,G,MYC,56.44
SMP_2898,chr18,78444926,G,T,TP53,56.28
SMP_4514,chr17,233367342,C,G,MTHFR,23.73
SMP_1855,chr15,116091220,T,G,APOE,69.65
SMP_5394,chr11,205077840,G,C,IL6,93.24
SMP_9757,chr3,51618832,C,G,EGFR,63.98
SMP_2828,chr16,100944817,G,A,IL6,20.66
SMP_7987,chr4,75022456,C,G,MTHFR,42.56
SMP_4773,chr10,227733467,T,A,MYC,43.44
SMP_4206,chr4,101169066,T,A,TNF,67.83
SMP_9456,chr18,71704485,G,A,TNF,36.33
SMP_1130,chr3,243452647,A,C,MYC,25.14
SMP_5920,chr21,88316297,C,G,EGFR,94.56
SMP_7035,chr5,218470593,A,C,TP53,70.52
SMP_6116,chr22,127543839,C,T,BRCA1,79.84
SMP_3805,chr14,202137751,G,C,VEGFA,29.1
SMP_4654,chr13,240213214,T,A,TNF,91.9
SMP_5506,chr19,175337405,G,T,BRCA1,36.38
SMP_5055,chr4,118536780,A,T,TP53,94.05
SMP_8710,chr20,9919335,T,G,BRCA1,82.06
SMP_4997,chr3,17774836,G,A,IL6,79.95
SMP_3094,chr1,124902646,G,A,MTHFR,55.73
SMP_9582,chr8,222886470,T,C,APOE,82.06
SMP_8746,chrX,102324281,T,G,EGFR,21.89
SMP_2290,chr5,138821195,G,A,VEGFA,82.36
SMP_4179,chr2,1185500,C,T,BRCA2,48.14
SMP_1781,chr11,235172252,A,T,TP53,50.29
SMP_1182,chrX,158276518,G,C,IL6,72.36
SMP_8571,chr3,97384888,T,C,EGFR,78.46
SMP_4318,chr6,177073410,G,C,MTHFR,88.41
SMP_2286,chr21,153994723,C,G,APOE,22.99
SMP_1634,chr17,176107900,A,T,MTHFR,31.5
SMP_9166,chr10,24930382,T,C,TP53,39.81
SMP_1789,chr12,102358383,T,G,APOE,92.53
SMP_2440,chr14,204248128,A,C,MYC,95.03
SMP_5874,chr15,102202700,G,C,EGFR,62.73
SMP_4496,chr6,57755276,T,A,APOE,86.05
SMP_2698,chr3,50621112,T,A,MTHFR,57.24
SMP_4575,chr4,111895493,C,G,VEGFA,48.2
SMP_8086,chr4,71283200,T,G,VEGFA,60.82
SMP_5633,chr10,242580487,G,C,EGFR,80.15
SMP_6987,chr1,113455901,A,C,TNF,74.86
SMP_2783,chr7,157541966,T,G,APOE,57.66
SMP_8314,chr4,119443794,A,C,APOE,90.46
SMP_3179,chr13,69834025,T,G,VEGFA,70.05
SMP_9522,chr15,84287697,C,G,TNF,28.27
SMP_8398,chr21,118110409,A,G,BRCA2,58.49
SMP_7435,chr20,196349131,G,T,MTHFR,45.13
SMP_6157,chr9,161891638,T,A,MYC,97.69
SMP_6434,chr14,93523845,C,A,BRCA1,92.95
SMP_8471,chr6,18769463,T,A,IL6,43.54
SMP_3371,chr5,45620410,C,G,MTHFR,25.83
SMP_8029,chr11,246114310,T,A,TNF,77.59
SMP_1093,chr3,192740100,C,A,TP53,93.51
SMP_6103,chr12,6678867,C,T,EGFR,92.24
SMP_3922,chr7,87073066,T,A,EGFR,97.84
SMP_1988,chr20,90643351,C,G,TP53,27.58
SMP_7254,chr11,125371055,C,T,APOE,83.9
SMP_7649,chr2,135693666,C,T,IL6,56.58
SMP_4473,chr17,242089425,C,A,EGFR,86.54
SMP_4821,chr6,215001618,C,A,TP53,43.32
SMP_6383,chr10,156896550,A,T,TNF,80.62
SMP_3069,chr19,20924893,G,T,TP53,22.52
SMP_6511,chr10,42750137,C,T,TP53,57.88
SMP_1575,chr3,41285665,C,G,EGFR,81.91
SMP_8578,chr21,121262598,G,T,VEGFA,80.8
SMP_9614,chr4,103932006,A,T,VEGFA,49.32
SMP_9609,chr11,64688442,A,T,MTHFR,72.65
SMP_5799,chr14,134589174,A,T,MYC,79.02
SMP_8662,chr15,177093727,T,C,IL6,54.12
SMP_5641,chr16,35901440,T,A,MYC,83.87
SMP_8376,chr11,65401716,T,G,EGFR,45.28
SMP_3584,chr12,132636287,T,A,IL6,98.78
SMP_8828,chr4,33882242,A,C,BRCA2,43.78
SMP_1397,chr3,51831555,G,C,BRCA2,47.0
SMP_7929,chr19,49387986,C,A,TNF,24.44
SMP_1335,chr2,18729941,C,G,APOE,36.97
SMP_4210,chr18,74847673,G,T,MYC,58.72
SMP_7329,chr22,129968820,G,A,MTHFR,89.2
SMP_5967,chr17,74598076,T,A,IL6,89.46
SMP_6820,chr19,244907648,A,G,MYC,97.58
SMP_2188,chr14,53422169,A,T,MTHFR,37.88
SMP_3979,chrX,184953252,G,A,MTHFR,90.48
SMP_8895,chr17,147635662,A,T,APOE,50.39
SMP_9478,chr6,82160642,A,C,IL6,98.89
SMP_4469,chr11,176687462,G,T,EGFR,22.91
SMP_3888,chrY,13804448,A,T,APOE,58.93
SMP_9859,chrX,224091278,G,A,BRCA1,98.8
SMP_9381,chr4,238454462,C,A,TNF,77.86
SMP_4825,chr19,75855911,C,A,APOE,48.74
SMP_5065,chr12,192595489,T,G,MTHFR,92.88
SMP_4701,chr9,85788723,A,G,VEGFA,63.47
SMP_1060,chr9,220971627,A,C,BRCA1,32.47
SMP_2065,chr3,122418291,G,A,TP53,88.31
SMP_3124,chr5,236288361,C,G,BRCA2,81.88
SMP_1849,chr14,158379583,A,T,BRCA2,85.26
SMP_1840,chr22,212979562,T,A,TNF,54.42
SMP_9651,chr22,178512552,C,A,MYC,91.76
SMP_5623,chr1,22856888,C,G,APOE,81.48
SMP_3092,chr11,228627557,A,G,BRCA1,72.02
SMP_2447,chr22,200893912,G,T,TNF,79.76
SMP_7347,chr21,98252938,T,G,EGFR,35.84
SMP_2606,chr6,38108341,T,G,MTHFR,53.22
SMP_1984,chr16,173478568,G,C,EGFR,57.51
SMP_8977,chr7,145422285,G,T,MYC,20.82
SMP_3590,chr10,140128921,A,T,MYC,51.8
SMP_1445,chr20,203637158,T,C,EGFR,49.12
SMP_4110,chr7,229180955,G,T,TNF,62.14
SMP_4888,chr2,122444508,A,T,BRCA1,29.93
SMP_3164,chr13,201584024,C,A,MYC,75.11
SMP_6338,chr17,41152072,C,G,VEGFA,74.14
SMP_3094,chr13,106590805,T,A,BRCA2,86.44
SMP_7758,chr16,187724586,T,A,BRCA2,92.15
SMP_4455,chrY,28845507,G,A,TNF,81.84
SMP_9494,chr18,135396354,T,A,APOE,49.72
SMP_6343,chr13,19602868,G,A,BRCA2,28.23
SMP_4364,chr4,151426057,T,A,TP53,86.39
SMP_9482,chr14,75448542,C,G,MTHFR,88.38
SMP_6229,chr22,117830411,T,G,TNF,29.49
SMP_9193,chr13,212055972,A,C,EGFR,33.38
SMP_6523,chr12,65034778,C,G,BRCA1,67.95
SMP_2305,chr13,190463132,C,T,VEGFA,46.41
SMP_8431,chr5,82569013,G,T,BRCA1,88.48
SMP_6590,chr5,222620636,T,G,EGFR,31.84
SMP_2045,chr11,140760304,A,C,EGFR,87.04
SMP_6266,chr4,235451691,T,G,MYC,67.26
SMP_5988,chr16,7169798,C,G,IL6,47.87
SMP_1775,chr16,49209195,A,C,APOE,76.88
SMP_1270,chr12,165149249,A,C,APOE,22.53
SMP_1368,chr8,195844851,A,C,MYC,59.69
SMP_2365,chr18,32418554,T,G,TNF,41.61
SMP_2290,chr12,81757046,A,G,APOE,64.14
SMP_9881,chr10,21189364,T,A,IL6,76.49
SMP_9414,chr7,39127350,T,A,TP53,20.13
SMP_6438,chr22,109640861,T,G,TP53,48.22
SMP_9741,chr22,163110733,T,G,VEGFA,97.19
SMP_1226,chr19,188732856,A,C,IL6,91.93
SMP_1394,chr9,152763346,C,T,BRCA2,76.94
SMP_1957,chr2,120223005,A,G,BRCA2,34.15
SMP_2274,chr12,237016733,T,A,TNF,69.94
SMP_3085,chr9,73998125,A,C,TP53,32.78
SMP_8250,chr10,68966458,C,T,VEGFA,38.72
SMP_3936,chr18,193812753,G,C,EGFR,64.08
SMP_8670,chr16,214278695,C,T,MTHFR,72.25
SMP_4203,chr9,120486845,C,T,APOE,36.98
SMP_2449,chr17,130393187,A,G,BRCA1,43.79
SMP_8554,chr9,136283309,C,T,IL6,73.26
SMP_4834,chr19,183433484,A,T,EGFR,73.25
SMP_5522,chr20,113144163,A,T,VEGFA,79.3
SMP_5981,chr21,21791890,C,G,TP53,49.92
SMP_7805,chr5,172846016,T,G,EGFR,36.22
SMP_3602,chr14,249373410,G,C,BRCA2,90.65
SMP_9962,chr5,13222496,A,G,EGFR,30.37
SMP_5552,chr12,216216746,T,C,MYC,65.6
SMP_7684,chr16,97962217,T,G,BRCA2,36.71
SMP_8388,chr14,197181352,C,T,TNF,47.08
SMP_4492,chr2,145720976,T,C,TP53,56.13
SMP_8201,chr4,228559810,G,T,MTHFR,71.18
SMP_6411,chr15,141896052,T,C,VEGFA,38.46
SMP_9626,chr14,42270203,G,C,EGFR,28.79
SMP_6076,chr14,174001336,C,A,MYC,65.54
SMP_9367,chr22,123772623,A,C,VEGFA,93.89
SMP_2540,chr9,82888003,T,G,IL6,82.55
SMP_1314,chr16,90028415,C,T,MYC,91.86
SMP_7044,chr10,63269678,C,T,APOE,94.1
SMP_1281,chr9,48848347,T,C,TP53,43.86
SMP_5018,chr12,192619464,T,C,BRCA2,78.41
SMP_5898,chr2,15551251,T,C,BRCA2,80.4
SMP_9098,chr17,232391376,A,T,IL6,80.49
SMP_7357,chr7,218879375,A,C,MTHFR,53.82
SMP_2414,chr21,249487933,T,G,MTHFR,92.67
SMP_2057,chr6,78494976,A,T,BRCA2,59.01
SMP_7423,chr9,23371822,A,T,APOE,48.72
SMP_1659,chr6,197230780,G,A,VEGFA,76.4
SMP_4553,chr15,224263855,A,C,IL6,61.71
SMP_6640,chrX,3811187,G,A,EGFR,30.59
SMP_6070,chr17,22898890,T,G,MYC,56.84
SMP_6291,chr17,109398110,C,G,BRCA1,62.33
SMP_7857,chrX,88161589,A,G,BRCA2,72.19
SMP_5385,chr15,109785159,C,T,MYC,46.53
SMP_3043,chr7,86454185,G,T,BRCA1,96.26
SMP_3860,chr10,192861567,T,C,MTHFR,61.57
SMP_8969,chr3,61421401,T,G,TNF,72.29
SMP_2776,chrY,96100573,T,C,TNF,27.01
SMP_5718,chr15,91249821,A,T,MYC,93.83
SMP_1260,chr19,111736829,C,T,TP53,51.5
SMP_5265,chr14,122285013,A,G,IL6,51.71
SMP_1239,chr13,76084300,T,G,BRCA2,68.42
SMP_1694,chr14,43589238,G,C,APOE,52.34
SMP_4536,chrY,48729858,C,A,BRCA2,34.14
SMP_9866,chr22,199803215,T,G,MTHFR,30.12
SMP_2164,chr4,4277100,G,A,MTHFR,31.91
SMP_1394,chr7,148652684,A,T,BRCA2,94.35
SMP_4507,chr5,152908224,G,A,VEGFA,58.15
SMP_2940,chr20,129979410,G,C,APOE,58.34
SMP_5271,chr2,121977465,T,G,MYC,82.23
SMP_3424,chr3,127928466,A,C,MTHFR,55.79
SMP_5789,chr8,191756278,A,C,EGFR,26.25
SMP_8096,chr8,235628520,C,G,EGFR,64.45
SMP_6142,chr8,79763504,C,T,VEGFA,75.26
SMP_5128,chr16,168718775,G,T,APOE,49.15
SMP_1477,chr7,237392899,C,A,EGFR,64.89
SMP_1673,chr16,230841746,T,A,APOE,88.07
SMP_5057,chr16,242913443,A,C,BRCA2,69.45
SMP_3872,chr13,159846812,A,G,VEGFA,27.71
SMP_4124,chr11,113543395,T,C,MTHFR,80.07
SMP_1112,chr3,226780962,T,C,MTHFR,27.95
SMP_4457,chr4,104621015,T,C,BRCA1,77.76
SMP_9932,chr17,190468252,G,T,MYC,49.52
SMP_7193,chr11,31038262,G,A,VEGFA,79.98
SMP_7252,chr14,202673257,A,C,TNF,26.68
SMP_5803,chr22,48598684,A,T,VEGFA,73.98
SMP_8276,chr19,142520042,T,G,MTHFR,29.36
SMP_2127,chr4,33859430,T,A,MYC,52.56
SMP_7204,chr20,45902046,G,C,BRCA1,67.56
SMP_8686,chr21,107319732,C,G,MYC,83.36
SMP_1532,chr3,177236305,T,A,IL6,58.1
SMP_5080,chr14,81809864,C,G,EGFR,74.76
SMP_9656,chr5,187713652,C,G,BRCA2,47.97
SMP_6692,chr22,202539825,G,C,BRCA2,61.05
SMP_8998,chr19,220329517,G,A,TP53,92.52
SMP_9681,chr16,122224787,A,G,TP53,57.54
SMP_1579,chr8,249074627,A,G,MTHFR,69.92
SMP_7709,chr13,3537098,A,C,BRCA1,24.33
SMP_2269,chr22,184665411,T,G,BRCA1,63.4
SMP_3067,chr6,53261853,G,C,BRCA1,29.69
SMP_1377,chr22,65266245,G,A,VEGFA,55.27
SMP_5492,chr13,33433447,A,T,TP53,22.99
SMP_8863,chr12,192140456,A,C,EGFR,77.89
SMP_9864,chrX,160034728,T,C,MYC,45.84
SMP_7245,chr8,247915932,G,T,EGFR,88.52
SMP_3222,chr10,94572799,C,T,TP53,34.61
SMP_5939,chr5,103064129,A,G,IL6,44.58
SMP_7961,chr7,899384,A,T,VEGFA,62.81
SMP_3665,chr6,214151348,G,C,BRCA1,26.92
SMP_1066,chr8,1285324,A,T,TNF,34.46
SMP_5419,chr3,130846164,G,T,MYC,99.49
SMP_5502,chr11,229094731,G,T,IL6,82.68
SMP_3784,chrY,175186347,A,C,EGFR,48.37
SMP_3429,chr9,156778204,T,G,MTHFR,97.51
SMP_9770,chr9,145729937,T,C,MYC,92.97
SMP_2672,chr5,84659180,G,A,BRCA2,55.1
SMP_8368,chr2,137880679,C,T,BRCA2,98.68
SMP_7054,chr14,205841076,T,G,EGFR,68.05
SMP_5682,chr20,44915763,C,A,TNF,81.6
SMP_1113,chr8,75455899,A,C,MYC,65.26
SMP_4976,chr4,62817858,C,A,EGFR,47.5
SMP_3154,chr14,143593793,T,A,TNF,52.3
SMP_7542,chr18,150405067,C,G,VEGFA,77.69
SMP_2935,chr5,244313117,A,G,TNF,24.39
SMP_8482,chr22,55355514,A,C,EGFR,81.98
SMP_4740,chrX,40222318,G,T,TNF,38.77
SMP_1195,chr16,32529688,T,G,MTHFR,86.36
SMP_7493,chr8,199530605,C,A,MTHFR,84.64
SMP_5513,chr12,152920372,C,G,IL6,72.36
SMP_1956,chr16,132460476,C,G,EGFR,75.87
SMP_2762,chr9,203640339,A,T,BRCA2,85.92
SMP_4400,chr12,17266098,C,T,MTHFR,46.35
SMP_2080,chr22,18423252,G,T,TP53,49.68
SMP_4665,chr10,82707153,C,A,MTHFR,79.36
SMP_6334,chrX,208626295,T,C,TP53,84.67
SMP_4289,chr10,116346125,G,A,TP53,83.97
SMP_3578,chrY,149852925,T,C,APOE,50.86
SMP_6401,chr17,113821604,C,G,VEGFA,86.42
SMP_2194,chr13,2886052,A,C,APOE,92.69
SMP_5586,chrY,98915355,C,G,MYC,66.33
SMP_7560,chr15,38321793,C,T,MTHFR,71.35
SMP_6048,chr6,198164094,G,C,BRCA2,30.83
SMP_6128,chr15,72861746,A,G,BRCA2,22.82
SMP_8524,chr8,101199390,G,A,TP53,96.96
SMP_6599,chr6,31459261,G,T,EGFR,38.47
SMP_3993,chr9,206602581,T,A,TP53,60.75
SMP_6633,chr12,132500596,G,A,APOE,68.55
SMP_3349,chr11,151750261,G,T,BRCA1,83.92
SMP_2687,chr17,49738319,G,C,IL6,84.62
SMP_2962,chr3,235906995,A,T,MYC,78.86
SMP_2050,chr13,231195469,C,T,VEGFA,26.27
SMP_3586,chr2,150224727,G,A,EGFR,20.72
SMP_7357,chr11,100676275,A,T,IL6,51.23
SMP_9986,chr2,141042876,T,A,BRCA2,65.28
SMP_1494,chr13,143430423,T,C,EGFR,64.38
SMP_4016,chr21,115537792,C,A,TNF,72.04
SMP_7567,chr5,70458398,T,C,BRCA2,39.18
SMP_8176,chr3,49414342,C,A,TNF,75.43
SMP_4945,chr22,126860032,A,G,MYC,32.14
SMP_7910,chr4,123422287,T,G,MYC,98.96
SMP_8522,chr18,31380177,A,T,BRCA1,29.15
SMP_1214,chr12,249444167,G,C,TNF,79.26
SMP_7586,chr16,155852664,T,C,EGFR,32.8
SMP_7577,chr2,40821205,T,A,BRCA2,90.3
SMP_2291,chr4,224967328,G,A,BRCA1,54.77
SMP_1365,chr5,127238645,G,T,TP53,75.63
SMP_6759,chr10,236561017,T,C,BRCA2,36.27
SMP_3659,chr6,41061709,G,C,EGFR,77.29
SMP_9123,chr20,207773100,A,G,APOE,76.46
SMP_2491,chr3,84770432,A,G,TNF,71.06
SMP_2097,chr11,124993226,C,G,BRCA2,81.09
SMP_1142,chr2,222282691,C,T,VEGFA,82.21
SMP_5058,chr8,182581925,C,A,EGFR,64.94
SMP_1061,chr19,141926872,T,C,TP53,42.63
SMP_6645,chrY,31746672,A,C,BRCA2,50.9
SMP_1498,chr22,26056946,T,A,APOE,54.28
SMP_2523,chr8,134597752,T,C,TP53,55.5
SMP_8724,chr4,174759499,G,A,BRCA2,96.42
SMP_9368,chr13,52381061,C,G,TNF,84.42
SMP_4859,chr17,51087132,A,G,MYC,44.83
SMP_3598,chr9,110739003,T,G,MYC,21.65
SMP_4851,chr3,49668314,A,C,VEGFA,55.4
SMP_8853,chr10,42483823,T,C,BRCA2,79.94
SMP_9716,chr12,152658564,C,G,APOE,74.24
SMP_6388,chr1,86608924,C,T,TNF,34.58
SMP_2070,chr10,50696175,C,A,BRCA1,33.03
SMP_2969,chr21,148019946,T,G,APOE,46.12
SMP_1346,chr3,129289434,A,T,EGFR,26.77
SMP_1278,chr1,232466917,G,T,TNF,55.76
SMP_4331,chr18,71966218,A,C,MYC,21.68
SMP_1567,chr17,154298238,T,C,VEGFA,50.81
SMP_8707,chr20,159040858,T,G,VEGFA,66.61
SMP_3163,chr4,171104515,G,C,TP53,94.2
SMP_3816,chr18,53395421,T,A,IL6,97.37
SMP_4703,chr2,117124420,G,T,TP53,47.52
SMP_1717,chr14,158784263,A,T,EGFR,29.95
SMP_1538,chr2,215380455,G,C,TNF,83.95
SMP_8420,chrY,160490859,C,A,TNF,32.67
SMP_2755,chr14,229224433,T,A,MYC,75.44
SMP_3554,chr3,171861404,C,G,BRCA1,38.19
SMP_9364,chr18,164644514,C,T,BRCA2,96.1
SMP_5062,chr17,212269294,G,T,EGFR,41.17
SMP_7825,chr5,113707442,T,A,IL6,75.65
SMP_5893,chr21,52714375,A,C,TNF,95.52
SMP_6638,chr3,137860333,A,T,VEGFA,70.89
SMP_8147,chr20,32515314,G,A,TNF,46.9
SMP_5701,chr15,62451878,A,G,MYC,87.68
SMP_1514,chr12,239345101,A,T,VEGFA,24.44
SMP_2774,chr12,167477664,T,G,TNF,25.03
SMP_4768,chr5,159811376,A,G,IL6,80.9
SMP_4321,chr13,101187579,T,C,VEGFA,21.72
SMP_4270,chr22,123981005,G,T,VEGFA,30.32
SMP_6319,chr18,127029202,C,G,VEGFA,28.62
SMP_7114,chr10,113217178,T,A,IL6,68.41
SMP_4816,chr17,69737604,A,G,IL6,52.97
SMP_9274,chr15,32361376,G,C,EGFR,74.5
SMP_4724,chr11,54341226,T,C,EGFR,60.66
SMP_5052,chrX,154846608,T,A,APOE,67.04
SMP_4656,chr15,90018942,T,C,MTHFR,71.88
SMP_8797,chr17,168557376,G,C,TP53,80.63
SMP_9331,chr12,46513402,A,T,TNF,81.23
SMP_1723,chr21,46141044,C,G,EGFR,83.22
SMP_7140,chr7,161941127,T,G,IL6,79.02
SMP_8305,chr15,226544184,A,T,APOE,91.96
SMP_5812,chr20,100230781,A,C,TNF,51.56
SMP_9421,chr6,174851290,A,G,BRCA1,21.28
SMP_9625,chr1,102303646,G,C,EGFR,44.71
SMP_1639,chr14,184247607,A,C,APOE,52.82
SMP_7467,chrY,133604448,T,G,BRCA1,32.64
SMP_7955,chr22,185932645,A,T,IL6,81.16
SMP_8351,chr21,234461620,C,A,MYC,64.75
SMP_6026,chr18,15773702,C,A,IL6,34.61
SMP_8909,chr16,89480876,C,G,IL6,21.97
SMP_2646,chr13,76190911,T,G,TNF,28.24
SMP_9864,chr2,90717625,A,G,TP53,28.74
SMP_2691,chr17,55420161,C,T,EGFR,85.22
SMP_9946,chr13,127383540,G,T,IL6,30.34
SMP_5609,chr18,49087668,C,A,TP53,98.58
SMP_2490,chr21,38820290,C,A,TNF,79.75
SMP_2855,chr12,247670471,A,T,BRCA1,23.63
SMP_4160,chr14,195997217,C,G,TNF,46.78
SMP_1126,chr6,71822661,A,C,BRCA1,70.94
SMP_5251,chr7,171537657,G,A,BRCA2,46.82
SMP_9448,chr18,21677176,C,G,APOE,87.31
SMP_5967,chr10,47382809,G,T,BRCA2,93.55
SMP_5293,chr14,75769252,T,G,TNF,27.08
SMP_9502,chr4,87708399,T,G,EGFR,47.74
SMP_3315,chr12,186022031,C,A,MTHFR,41.86
SMP_8825,chr21,185985285,A,T,TP53,99.39
SMP_5960,chr11,3704626,A,C,VEGFA,98.17
SMP_8107,chr11,192886314,G,C,EGFR,62.05
SMP_7550,chr17,156295759,A,T,MTHFR,70.98
SMP_7857,chr14,87964651,T,A,TP53,93.54
SMP_2199,chr3,75126435,T,G,VEGFA,21.3
SMP_9440,chr17,133216932,T,G,BRCA1,69.7
SMP_3866,chr6,68507705,T,A,EGFR,49.91
SMP_9156,chr15,212966533,A,T,EGFR,85.78
SMP_7598,chr3,131166105,T,C,VEGFA,68.37
SMP_3711,chr7,125304075,A,C,BRCA2,74.74
SMP_8514,chr14,25477097,A,T,APOE,23.58
SMP_4636,chr8,114655424,G,A,BRCA2,82.48
SMP_6064,chr16,202763666,T,G,TP53,69.21
SMP_5736,chr22,122162299,C,G,APOE,34.06
SMP_3751,chr1,130951433,T,C,TNF,35.92
SMP_3063,chr14,234098985,A,T,EGFR,53.4
SMP_3202,chr2,243189896,G,C,APOE,21.33
SMP_8794,chr5,98890400,G,A,TP53,87.13
SMP_1386,chr1,249269028,T,C,BRCA2,37.61
SMP_7743,chr16,89046870,C,A,APOE,20.66
SMP_5237,chr9,14787146,A,C,IL6,52.93
SMP_8889,chr16,40560780,C,G,VEGFA,33.44
SMP_7111,chr17,106866753,A,T,APOE,43.01
SMP_6481,chr20,148486503,T,A,BRCA2,98.59
SMP_5371,chr9,48852056,C,T,TP53,99.12
SMP_2562,chr22,205145312,G,C,MYC,69.77
SMP_8747,chr20,194385452,G,T,TP53,61.61
SMP_1268,chr8,249882220,G,T,TP53,95.11
SMP_8063,chr19,171951510,A,G,TP53,22.77
SMP_2211,chr7,145349663,G,T,APOE,64.96
SMP_2232,chr1,2275606,A,T,TNF,27.15
SMP_1870,chr13,219724422,A,C,MTHFR,99.73
SMP_2901,chr16,3264888,C,T,MTHFR,62.0
SMP_5355,chrY,182070075,G,A,APOE,76.47
SMP_8078,chr2,235506513,A,C,EGFR,50.14
SMP_6489,chr5,68337719,C,G,EGFR,60.7
SMP_1510,chr11,188129306,T,C,TNF,37.07
SMP_9583,chr17,246923850,T,C,BRCA2,88.3
SMP_2271,chr6,64374346,A,G,TP53,82.5
SMP_9265,chr6,230777187,C,G,IL6,76.36
SMP_5260,chr19,193366029,T,A,TNF,67.16
SMP_3412,chr14,96437645,G,C,APOE,30.89
SMP_4363,chr18,228494156,T,A,IL6,65.32
SMP_1505,chr8,180335435,A,G,VEGFA,38.57
SMP_1769,chr7,48879356,T,A,IL6,92.77
SMP_5154,chr15,157706030,T,A,IL6,65.0
SMP_6260,chr16,117391509,C,G,EGFR,83.75
SMP_8292,chr4,30164042,G,T,MTHFR,73.42
SMP_3764,chr21,226936927,A,G,BRCA2,57.45
SMP_9304,chr15,82126631,A,T,IL6,71.24
SMP_2918,chr7,97338276,A,G,TNF,53.32
SMP_1932,chr17,50532863,C,T,BRCA2,47.25
SMP_4684,chr5,248699221,T,A,EGFR,98.02
SMP_7364,chr10,155288648,C,T,TP53,97.48
SMP_2910,chrY,156286807,A,T,BRCA1,23.73
SMP_5737,chr1,138368408,T,C,MYC,86.42
SMP_6270,chr8,207524176,T,A,MTHFR,28.68
SMP_8160,chr19,215425263,C,T,EGFR,22.62
SMP_8604,chr12,78179565,T,G,MTHFR,45.95
SMP_2774,chr11,81392259,C,G,BRCA2,65.68
SMP_6439,chr8,180717545,A,T,EGFR,60.22
SMP_6240,chr11,182481270,G,C,IL6,81.04
SMP_8934,chr5,64044030,C,G,VEGFA,65.34
SMP_3719,chr7,52094537,C,T,MTHFR,31.57
SMP_2674,chr15,238158536,T,G,BRCA1,69.87
SMP_9113,chr17,218685231,G,C,MTHFR,66.84
SMP_6129,chr17,130741239,T,A,VEGFA,30.14
SMP_2489,chr17,35461986,T,C,MTHFR,99.03
SMP_4536,chr18,46384367,G,C,TNF,60.83
SMP_6299,chr14,72818480,T,G,EGFR,24.88
SMP_5454,chr17,117600837,T,G,BRCA1,75.42
SMP_5429,chr10,138982230,G,C,IL6,51.89
SMP_6191,chr5,42559305,C,G,BRCA2,31.92
SMP_3743,chr22,19043945,A,G,BRCA2,79.65
SMP_6926,chr6,248470876,T,C,MTHFR,82.36
SMP_9273,chrY,103142019,C,G,BRCA1,61.53
SMP_1519,chr8,155535280,T,A,APOE,30.36
SMP_4990,chr19,116134201,A,G,TNF,22.2
SMP_5415,chr22,132031160,A,G,MTHFR,33.2
SMP_5736,chr22,126891158,A,C,BRCA1,31.05
SMP_1427,chrY,126851944,G,T,TP53,92.92
SMP_6129,chr10,247682075,A,G,BRCA2,62.39
SMP_2550,chr2,115976342,T,G,VEGFA,22.8
SMP_1893,chr4,227783903,T,C,TNF,47.48
SMP_9644,chr5,38004923,G,C,BRCA2,81.93
SMP_7948,chr17,206159157,A,C,BRCA1,55.5
SMP_1292,chr11,15455203,A,C,BRCA2,62.94
SMP_2141,chr14,184980249,T,G,IL6,84.09
SMP_9273,chr13,122741752,G,A,TP53,22.74
SMP_9317,chr4,227552621,T,A,APOE,96.25
SMP_4671,chr11,139995542,A,C,MTHFR,52.51
SMP_3105,chr11,161814257,T,C,VEGFA,44.43
SMP_1406,chr17,15325491,C,T,VEGFA,68.78
SMP_1310,chr12,46739761,G,C,MTHFR,20.4
SMP_9731,chr12,183142741,A,G,VEGFA,64.36
SMP_7923,chr21,192398398,T,G,VEGFA,55.64
SMP_4768,chr5,169671967,C,A,MTHFR,62.28
SMP_5095,chr18,144452360,A,T,TNF,72.26
SMP_7550,chrX,59461450,T,A,EGFR,67.79
SMP_4471,chr2,151795129,G,C,BRCA2,93.8
SMP_3773,chr1,42010246,A,T,MYC,87.38
SMP_7159,chrX,220434050,G,T,BRCA2,87.2
SMP_5834,chr3,14183247,G,T,MYC,36.95
SMP_8006,chr9,2001750,G,T,APOE,32.61
SMP_3509,chr18,80089986,G,A,APOE,56.57
SMP_2903,chr11,5073885,A,G,BRCA1,49.41
SMP_5727,chr12,190408310,T,G,VEGFA,41.31
SMP_8461,chr17,155311629,C,A,MYC,55.61
SMP_3132,chr12,67667965,C,T,BRCA1,57.35
SMP_7618,chr4,148986567,T,G,VEGFA,95.23
SMP_3293,chr18,18492266,T,A,VEGFA,35.97
SMP_9369,chr1,225514926,A,C,BRCA1,39.43
SMP_4850,chr8,198650068,G,T,APOE,77.43
SMP_4920,chr11,88906745,C,T,VEGFA,42.14
SMP_8348,chrX,33662599,A,C,TNF,41.36
SMP_8901,chr21,60969902,C,T,MTHFR,40.38
SMP_1038,chr17,26262568,T,A,BRCA1,67.65
SMP_7933,chr14,77130318,A,G,MTHFR,46.35
SMP_8080,chr5,120580916,A,G,EGFR,40.62
SMP_9365,chr7,49380559,T,A,APOE,81.78
SMP_7771,chr9,190598285,G,A,BRCA1,91.88
SMP_3056,chr10,161578232,A,G,VEGFA,52.1
SMP_1180,chr15,146383760,C,T,VEGFA,49.45
SMP_2360,chr21,112516708,C,G,MYC,54.9
SMP_1905,chr3,183569921,A,C,MTHFR,45.75
SMP_2744,chr15,53531677,A,T,BRCA1,43.97
SMP_3365,chr14,72343661,C,T,BRCA1,21.58
SMP_4725,chr1,5028371,G,T,MYC,37.65
SMP_2065,chr22,69818616,T,G,EGFR,23.42
SMP_6437,chr7,200470854,C,T,TNF,41.16
SMP_8219,chr12,48644923,C,T,IL6,94.54
SMP_3092,chr6,59616968,G,C,EGFR,53.73
SMP_7409,chr8,12552916,G,A,TNF,51.55
SMP_3446,chr9,119387171,C,A,EGFR,20.15
SMP_4990,chr11,119515384,C,A,TNF,55.18
SMP_6314,chr9,164261448,A,T,MYC,37.79
SMP_1842,chr13,187738249,G,C,MYC,47.01
SMP_6686,chr11,56743511,C,A,EGFR,71.8
SMP_1184,chr12,161838488,G,C,TNF,51.96
SMP_1987,chr8,146069877,T,C,EGFR,22.61
SMP_4797,chr22,126262070,A,C,BRCA2,98.03
SMP_8392,chr11,163467635,T,A,EGFR,57.44
SMP_6242,chr11,195332895,A,G,TNF,70.7
SMP_1215,chr5,13505069,C,T,BRCA1,74.35
SMP_6896,chr17,110292057,C,A,MYC,27.57
SMP_6881,chr5,166054390,T,C,APOE,63.84
SMP_5950,chr22,83377588,G,T,BRCA1,61.76
SMP_5511,chr7,86939778,A,T,TP53,83.11
SMP_2762,chr17,149389837,A,G,VEGFA,23.7
SMP_6190,chr10,19662963,C,A,BRCA2,73.69
SMP_5772,chr17,46106097,A,G,EGFR,71.87
SMP_3288,chr19,152728866,G,C,IL6,75.86
SMP_6008,chr4,110737499,G,A,EGFR,62.2
SMP_9340,chr13,106553694,A,T,EGFR,52.32
SMP_8753,chr13,167919631,T,C,MYC,24.85
SMP_4471,chr15,207000486,T,G,VEGFA,44.53
SMP_7536,chr15,212303583,A,C,TNF,73.69
SMP_7682,chrX,143494509,G,A,IL6,43.67
SMP_8257,chr7,86019921,C,A,TNF,81.77
SMP_6489,chr1,204359731,C,T,IL6,69.08
SMP_3596,chr10,129743087,C,T,MYC,88.93
SMP_2607,chr8,2547120,C,A,EGFR,27.21
SMP_2740,chr18,72975778,A,C,IL6,99.64
SMP_7568,chr1,237786974,A,G,TNF,83.6
SMP_6868,chr19,227276988,T,A,MTHFR,66.28
SMP_4231,chr11,34165814,T,G,MTHFR,40.36
SMP_9903,chr21,230319242,C,T,TNF,87.91
SMP_5357,chr4,194496897,A,C,MTHFR,75.46
SMP_5969,chr5,190136620,A,C,MYC,96.14
SMP_8753,chr5,140371076,C,G,BRCA1,68.0
SMP_3145,chr19,128068833,G,C,EGFR,40.66
SMP_4279,chr10,238935507,T,C,BRCA1,21.24
SMP_5251,chr1,246480718,G,C,BRCA1,99.79
SMP_2685,chr13,239637708,T,A,EGFR,69.52
SMP_8608,chr12,161447998,C,T,IL6,44.59
SMP_7906,chr3,100994668,A,T,MTHFR,75.67
SMP_7509,chr4,247260981,C,G,IL6,35.99
SMP_4869,chr13,175553924,A,T,TNF,67.48
SMP_9243,chr21,161303888,T,G,IL6,61.27
SMP_8190,chr13,114004338,T,C,EGFR,80.47
SMP_2496,chr5,202984683,T,G,IL6,30.95
SMP_7192,chr19,107538579,G,C,EGFR,52.92
SMP_5517,chr21,189415917,C,A,TP53,45.62
SMP_8920,chr12,229006323,A,C,BRCA2,75.6
SMP_3572,chr3,87879186,G,C,TNF,51.17
SMP_8010,chr7,61240059,G,T,APOE,60.33
SMP_4597,chr5,171429517,A,T,BRCA1,46.03
SMP_6794,chr9,97324826,G,C,BRCA1,70.8
SMP_5187,chr13,69433573,G,T,IL6,34.96
SMP_9625,chr3,53662497,C,G,TNF,20.63
SMP_7866,chr12,1614292,G,A,BRCA2,63.83
SMP_4589,chr18,208939785,C,A,TNF,80.71
SMP_8277,chr2,185157538,A,G,TP53,70.03
SMP_2901,chr12,163562410,T,A,VEGFA,22.44
SMP_9766,chr12,80780964,C,G,BRCA1,67.34
SMP_3419,chr11,52831900,A,C,EGFR,49.24
SMP_4260,chr10,184417186,A,T,BRCA1,48.3
SMP_6252,chr6,205910566,A,T,APOE,38.3
SMP_8114,chr21,41350345,T,A,IL6,64.23
SMP_5550,chr21,130691579,A,C,MYC,36.15
SMP_7853,chrX,167255998,A,C,VEGFA,85.23
SMP_2062,chr2,103166296,G,T,EGFR,42.82
SMP_3096,chr22,69773732,A,G,TNF,79.94
SMP_3020,chr18,42493077,C,T,VEGFA,95.99
SMP_6870,chr14,150111900,G,A,VEGFA,49.26
SMP_8172,chr19,182021192,T,C,IL6,60.09
SMP_7437,chr20,9050170,T,A,APOE,32.31
SMP_8193,chr18,116232945,A,C,APOE,92.94
SMP_5304,chr13,93143000,G,C,MTHFR,71.77
SMP_4900,chr10,229086836,T,C,TNF,38.87
SMP_3259,chr3,161821654,C,G,BRCA2,53.05
SMP_7661,chr5,161252793,G,C,VEGFA,72.66
SMP_1378,chr20,108240761,T,G,APOE,73.89
SMP_1523,chr9,7058424,A,C,TNF,24.62
SMP_4191,chr9,90403199,A,T,APOE,82.01
SMP_9635,chr7,209758035,G,T,BRCA2,61.18
SMP_6607,chr9,177532923,T,A,BRCA1,36.86
SMP_3065,chr21,187160098,T,C,TP53,85.67
SMP_2295,chr11,10033633,G,T,VEGFA,39.46
SMP_4120,chr12,115829931,G,T,BRCA2,58.93
SMP_1156,chr16,244713644,A,C,APOE,89.0
SMP_2194,chr22,177910363,T,A,EGFR,87.22
SMP_1953,chr16,170997263,C,A,MTHFR,46.91
SMP_6787,chr10,90495178,C,T,VEGFA,95.34
SMP_8544,chr4,78013131,G,C,BRCA1,47.4
SMP_3022,chr17,197093541,C,A,APOE,75.79
SMP_6662,chr2,20315510,C,T,MTHFR,44.14
SMP_4534,chr10,88931751,A,C,MTHFR,52.17
SMP_6991,chr5,104830872,T,G,MYC,47.91
SMP_8488,chr13,72169877,T,G,EGFR,70.73
SMP_3315,chr13,227115244,A,G,VEGFA,46.03
SMP_3503,chrY,218309536,A,T,VEGFA,99.62
SMP_3284,chr16,75133222,A,G,IL6,66.68
SMP_6430,chr14,20370488,T,A,VEGFA,45.64
SMP_8665,chrY,125534191,G,T,BRCA2,56.74
SMP_9326,chr19,127682513,G,T,TP53,74.03
SMP_5354,chr12,95163375,A,C,TP53,45.09
SMP_3696,chr5,246931969,A,C,EGFR,83.96
SMP_2120,chr20,192562040,A,G,BRCA2,63.32
SMP_7346,chr3,210817945,A,C,TNF,80.49
SMP_4566,chr9,183732388,T,G,TP53,70.96
SMP_4349,chr9,220593518,T,C,MTHFR,63.1
SMP_1895,chr12,579524,T,A,EGFR,33.56
SMP_7198,chr17,74776272,A,G,MYC,67.89
SMP_8682,chr4,104163231,G,A,BRCA2,73.15
SMP_3259,chr16,149669492,G,T,BRCA2,30.62
SMP_9967,chr12,200562224,C,T,TP53,50.06
SMP_8195,chr1,223527738,C,G,APOE,64.89
SMP_1433,chr13,180215438,C,T,APOE,81.03
SMP_8806,chr10,58583745,G,A,TP53,75.63
SMP_9291,chr8,210017330,A,T,VEGFA,58.0
SMP_9784,chr7,211241498,T,G,EGFR,54.84
SMP_7483,chr17,53110907,G,T,APOE,85.59
SMP_5069,chr3,224864909,G,C,TNF,64.01
SMP_1995,chr2,30769129,T,A,BRCA1,69.81
SMP_3295,chrY,110610151,T,C,MTHFR,90.97
SMP_1920,chr1,15529324,T,G,BRCA2,81.87
SMP_9972,chr13,209518712,T,C,APOE,23.32
SMP_5739,chr5,222279341,C,A,APOE,26.43
SMP_3243,chr7,119054909,A,G,MTHFR,87.41
SMP_7873,chrY,164129957,C,G,APOE,68.18
SMP_1339,chr14,220398444,G,C,TP53,23.3
SMP_4152,chr18,213493518,G,T,BRCA1,80.24
SMP_4151,chr20,162813937,T,C,TP53,60.62
SMP_5548,chr15,53865411,A,G,EGFR,30.29
SMP_8267,chr13,109953640,A,G,IL6,42.14
SMP_3599,chr13,125615889,G,C,IL6,25.5
SMP_7055,chr19,205109651,C,G,TNF,32.36
SMP_6044,chr7,220171314,G,T,TP53,97.1
SMP_5368,chr16,83450836,A,T,EGFR,34.37
SMP_9917,chr5,146197531,A,G,VEGFA,55.66
SMP_3817,chrY,89369005,A,T,APOE,64.61
SMP_3934,chr19,83165796,G,T,EGFR,64.75
SMP_6022,chr19,45912267,A,C,EGFR,49.71
SMP_8135,chr7,95166831,A,G,BRCA1,59.51
SMP_8236,chr15,248867269,T,C,BRCA1,91.26
SMP_5841,chr13,82951658,A,T,VEGFA,82.79
SMP_7951,chr9,88655955,T,G,IL6,82.77
SMP_2300,chr1,125746637,C,T,BRCA1,61.88
SMP_2650,chr10,28721112,G,A,MYC,87.89
SMP_8382,chr8,125042609,T,C,BRCA1,40.75
SMP_3036,chr12,87997991,A,C,BRCA1,50.56
SMP_5347,chr8,141760336,G,A,TNF,61.26
SMP_3575,chr5,209422993,T,A,VEGFA,62.43
SMP_4005,chr6,209273155,T,A,TP53,71.55
SMP_2620,chr4,98099800,G,T,EGFR,24.43
SMP_6573,chr19,68946941,C,G,EGFR,46.76
SMP_3332,chr11,115457768,G,T,EGFR,53.31
SMP_7086,chr17,207661037,C,G,BRCA2,74.11
SMP_6376,chr4,207091675,A,G,MTHFR,86.21
SMP_2827,chr18,166665497,G,T,BRCA2,59.42
SMP_1088,chr20,242016512,C,T,APOE,33.88
SMP_9176,chr13,238319879,T,C,MTHFR,66.27
SMP_6143,chr15,14283054,G,C,APOE,41.16
SMP_7450,chr22,119290657,G,T,BRCA1,44.42
SMP_9635,chr17,18594737,G,A,VEGFA,71.96
SMP_1110,chr5,183158818,C,T,BRCA1,75.74
SMP_3449,chr13,223090057,G,C,EGFR,51.4
SMP_3570,chr6,71213498,A,T,VEGFA,44.2
SMP_3376,chr19,90710205,C,G,BRCA2,20.81
SMP_6933,chr14,114679318,G,A,MTHFR,75.67
SMP_8171,chr16,227515347,T,A,EGFR,97.88
SMP_8356,chrY,28353562,T,G,EGFR,83.7
SMP_5894,chr1,228246564,T,C,IL6,38.25
SMP_3989,chr13,136678787,A,G,TNF,68.05
SMP_4807,chr2,4397644,G,A,TNF,68.74
SMP_9076,chr13,49780811,T,A,APOE,32.31
SMP_8106,chr15,220221900,G,T,IL6,84.28
SMP_9705,chr10,85102368,A,C,VEGFA,90.73
SMP_5094,chr7,161186630,T,C,MYC,98.66
SMP_1458,chr2,10820404,A,C,MYC,50.05
SMP_9486,chr20,190349245,T,C,MYC,88.49
SMP_8579,chr18,16219531,T,C,APOE,46.75
SMP_5421,chr19,231051543,T,A,EGFR,25.46
SMP_9208,chr19,77929611,C,T,TP53,21.1
SMP_6913,chr15,161318710,A,G,APOE,57.41
SMP_7075,chr15,207502658,C,G,TNF,39.19
SMP_7662,chr6,188844880,G,A,VEGFA,59.3
SMP_8065,chr20,8108283,A,T,BRCA1,46.41
SMP_1953,chr9,140409724,C,G,EGFR,53.14
SMP_5321,chrY,53170174,A,C,EGFR,76.13
SMP_7937,chr20,64903060,G,C,APOE,30.75
SMP_2873,chr10,42450016,A,C,TNF,22.48
SMP_2474,chr6,64969012,C,G,VEGFA,85.06
SMP_5663,chr12,59000021,G,T,IL6,53.72
SMP_8999,chr15,212838797,T,C,MTHFR,53.64
SMP_9060,chr21,230590786,C,G,VEGFA,88.47
SMP_9105,chr9,159218327,T,C,APOE,74.67
SMP_9445,chr10,42208285,G,A,BRCA1,81.22
SMP_3751,chr22,54574466,C,T,APOE,22.51
SMP_5690,chr16,189529386,C,T,BRCA2,70.69
SMP_8916,chr6,152158986,A,G,VEGFA,90.43
SMP_9837,chr21,47439325,T,G,EGFR,28.08
SMP_9026,chr10,98092440,G,T,EGFR,50.33
SMP_4397,chr21,115024785,C,G,VEGFA,56.19
SMP_5209,chr21,130866366,G,T,MYC,85.06
SMP_8319,chr10,18955088,C,G,TP53,23.78
SMP_2860,chr1,98296843,G,T,TP53,34.92
SMP_2043,chr21,61712639,T,C,TNF,20.48
SMP_5648,chr20,30704424,G,T,EGFR,42.97
SMP_9539,chr2,194458041,C,T,MYC,41.11
SMP_8849,chr15,140786448,C,G,BRCA2,37.01
SMP_9498,chr16,11136587,C,A,VEGFA,42.78
SMP_1921,chr2,45157280,G,C,MTHFR,30.8
SMP_9169,chr15,156850274,A,G,IL6,21.67
SMP_3918,chr5,166288640,C,G,APOE,98.02
SMP_6923,chr3,247789208,A,C,VEGFA,78.9
SMP_5077,chr10,159219909,A,G,IL6,29.72
SMP_6953,chr1,236044459,T,C,MYC,91.11
SMP_5010,chr10,169448744,A,G,MYC,81.36
SMP_4576,chr15,191033679,G,A,MYC,67.52
SMP_7814,chr11,113623566,T,A,BRCA2,35.45
SMP_6378,chr5,16931355,T,A,TP53,51.08
SMP_1558,chr1,206247023,C,G,MTHFR,26.5
SMP_2258,chr18,106311466,A,C,BRCA1,47.98
SMP_2120,chr21,129851263,T,G,TP53,38.84
SMP_2816,chrY,43423136,T,G,MYC,23.79
SMP_8832,chrY,141135763,G,C,TNF,98.88
SMP_5435,chr5,162351442,A,G,TP53,28.14
SMP_7037,chr13,195053371,G,A,APOE,52.78
SMP_2190,chr8,217774242,C,T,BRCA1,60.0
SMP_5728,chr1,11329630,A,C,TP53,30.58
SMP_8988,chr8,56849363,T,C,TP53,41.04
SMP_5850,chr4,115051779,T,C,MTHFR,98.4
SMP_8808,chr21,132148640,C,G,TP53,21.29
SMP_4959,chr20,65771966,G,A,MTHFR,67.06
SMP_6984,chr7,71113453,G,T,APOE,70.52
SMP_7549,chr18,238579840,T,C,TNF,81.67
SMP_7493,chr6,111581391,A,C,VEGFA,78.16
SMP_9579,chr6,192977693,T,C,TP53,71.04
SMP_1210,chr14,104368173,C,G,BRCA2,75.92
SMP_9109,chr18,129360921,T,G,BRCA1,32.17
SMP_7913,chr1,121563016,T,C,BRCA1,76.56
SMP_9848,chr8,177391228,C,G,TNF,90.42
SMP_4674,chr20,49251055,G,T,BRCA2,89.49
SMP_2090,chr2,152478301,T,C,APOE,52.86
SMP_6414,chr13,9980862,T,C,MTHFR,38.48
SMP_4514,chr13,187302542,A,C,TNF,71.83
SMP_9728,chr9,117952495,A,T,MTHFR,87.21
SMP_1979,chr9,224415341,T,C,IL6,36.76
SMP_8454,chr16,95918207,C,G,EGFR,63.92
SMP_1533,chr8,98247186,G,T,VEGFA,70.62
SMP_1547,chr9,187661540,C,T,IL6,52.16
SMP_8031,chr15,101099636,A,T,VEGFA,90.2
SMP_2435,chr7,174270646,T,C,VEGFA,94.98
SMP_9128,chr7,208813095,C,T,TNF,52.43
SMP_7347,chr18,60075967,C,G,MYC,36.16
SMP_9485,chr5,24640847,G,A,VEGFA,91.15
SMP_6353,chr22,219013531,C,T,MYC,36.94
SMP_3760,chr12,197437344,G,C,TP53,33.25
SMP_9211,chr11,173592830,T,C,EGFR,59.35
SMP_7455,chrX,246431934,T,G,APOE,93.7
SMP_9495,chr18,160324235,T,G,VEGFA,54.39
SMP_3008,chr14,124330639,A,C,VEGFA,27.92
SMP_7906,chr12,165353749,C,G,VEGFA,20.89
SMP_6669,chrX,60663323,C,G,MTHFR,54.19
SMP_8558,chr10,92632419,T,G,BRCA2,75.48
SMP_8648,chr21,108761047,G,T,TNF,52.78
SMP_8090,chr12,92871875,A,T,IL6,88.16
SMP_7766,chr18,182971379,G,A,TNF,52.48
SMP_7745,chr16,36477222,G,T,EGFR,37.33
SMP_3971,chr19,76131532,G,T,EGFR,57.32
SMP_1189,chr14,112142116,C,G,BRCA1,90.88
SMP_6932,chr15,80351515,A,G,BRCA1,47.49
SMP_4241,chr8,48142173,T,C,MTHFR,22.99
SMP_7017,chrY,8108861,G,A,TP53,57.57
SMP_7489,chr1,38512391,C,A,BRCA1,30.54
SMP_6407,chr10,30681649,C,T,BRCA1,40.95
SMP_2469,chrX,178447802,C,G,VEGFA,97.81
SMP_6003,chr6,104741586,G,A,TNF,93.82
SMP_8886,chr2,182037658,G,A,BRCA1,78.27
SMP_2938,chr9,149685595,C,A,APOE,28.13
SMP_2233,chr10,38506697,G,A,MTHFR,69.1
SMP_6869,chr7,107663629,C,T,MTHFR,27.3
SMP_5766,chr10,137569735,G,C,IL6,35.05
SMP_2844,chr12,168565094,A,G,APOE,24.35
SMP_7076,chr2,11181504,G,C,EGFR,72.44
SMP_3685,chr13,31431856,C,G,MYC,63.81
SMP_8873,chr17,45368477,G,A,TP53,55.38
SMP_6803,chr2,130112600,G,A,MYC,25.72
SMP_2307,chr3,205669731,C,G,MYC,56.97
SMP_3251,chr5,120260648,T,G,VEGFA,74.47
SMP_4982,chr18,185408016,A,T,MTHFR,83.3
SMP_9788,chr10,218481202,A,T,APOE,88.98
SMP_4756,chr17,132045759,G,C,MYC,99.35
SMP_5657,chr6,52099030,C,A,TNF,56.04
SMP_9954,chr4,215987972,T,C,APOE,80.22
SMP_9605,chr9,5701685,A,G,MYC,97.39
SMP_4095,chr15,161212331,C,A,APOE,27.68
SMP_4858,chr22,166185648,G,C,EGFR,57.38
SMP_3903,chr12,10555460,C,A,TP53,98.37
SMP_5694,chr9,198466202,A,T,MYC,56.19
SMP_9396,chr5,130428613,A,C,BRCA1,99.74
SMP_7190,chr18,75863863,A,C,BRCA2,76.43
SMP_4226,chr16,17268564,G,C,MTHFR,38.86
SMP_7899,chrX,244042853,G,A,BRCA1,56.55
SMP_3155,chr4,138932761,C,A,BRCA1,42.63
SMP_4658,chr4,9226506,G,T,EGFR,22.97
SMP_3473,chr18,241776199,T,A,VEGFA,67.32
SMP_4368,chr16,119084642,C,G,MYC,41.35
SMP_6648,chr22,72570598,A,G,TNF,22.94
SMP_5438,chr4,219517286,G,C,MYC,38.85
SMP_6321,chr3,71508879,G,A,IL6,85.5
SMP_1634,chr21,153387702,G,C,BRCA2,70.75
SMP_2360,chr7,163191100,A,C,BRCA2,90.67
SMP_2069,chr10,197628057,A,G,TP53,91.32
SMP_3786,chr14,201178849,T,A,MTHFR,33.39
SMP_2979,chr15,223080300,G,A,VEGFA,50.75
SMP_3295,chr6,169120281,A,G,BRCA1,31.86
SMP_5998,chr10,247130877,G,T,TNF,95.93
SMP_3358,chr12,210642823,A,C,APOE,51.45
SMP_1810,chrX,11610196,A,G,TP53,42.2
SMP_2698,chr6,174837794,A,C,BRCA1,50.8
SMP_9806,chrY,135749550,C,T,MYC,44.23
SMP_8827,chr22,117012723,A,C,APOE,70.61
SMP_1643,chr8,221138310,C,A,EGFR,21.51
SMP_8407,chr14,77401099,C,G,BRCA1,49.35
SMP_7012,chr15,144216060,C,T,EGFR,91.86
SMP_3729,chr22,52798959,G,T,BRCA2,40.79
SMP_3921,chr16,107856507,A,T,IL6,36.11
SMP_1809,chr21,91666423,G,C,IL6,30.44
SMP_6114,chr20,205312941,A,T,VEGFA,93.52
SMP_6804,chr17,43307304,T,A,APOE,59.08
SMP_6879,chr16,46789469,G,C,MYC,89.72
SMP_5834,chr12,186032046,G,A,BRCA2,33.42
SMP_6146,chr6,94360565,C,A,VEGFA,98.94
SMP_9246,chr8,48321413,G,T,TNF,87.67
SMP_8099,chr1,78631677,A,G,MTHFR,33.17
SMP_1600,chr4,198192292,A,C,TP53,76.73
SMP_6459,chr20,91307494,C,A,TNF,97.88
SMP_8717,chr13,111030955,A,C,BRCA1,52.02
SMP_9954,chr3,46525257,G,T,BRCA2,47.64
SMP_7831,chrX,28439351,C,T,MTHFR,30.13
SMP_1219,chr1,29459150,T,G,MTHFR,85.68
SMP_3015,chr19,96909816,C,A,MTHFR,88.88
SMP_8920,chr8,50091134,A,T,MTHFR,78.84
SMP_7452,chr9,140911700,A,G,APOE,71.0
SMP_5315,chr10,71939507,C,G,IL6,48.06
SMP_3927,chr1,30140431,G,C,MTHFR,70.38
SMP_3809,chr21,100716559,A,T,IL6,34.3
SMP_7754,chr3,68533909,G,T,EGFR,35.88
SMP_3399,chr6,80691783,C,T,VEGFA,97.8
SMP_6196,chr7,100321551,A,C,TNF,48.45
SMP_3502,chr6,87051440,T,C,EGFR,91.18
SMP_4465,chr7,24872471,T,C,EGFR,22.87
SMP_8193,chr10,176567901,A,C,APOE,63.85
SMP_4656,chr1,67427930,T,G,MTHFR,46.37
SMP_7432,chr20,235772564,C,G,EGFR,27.27
SMP_8900,chr20,50899523,G,C,BRCA2,91.08
SMP_6954,chr5,238946199,G,T,MYC,92.32
SMP_5474,chr5,229816799,A,G,EGFR,90.75
SMP_9262,chr8,90776944,A,T,MTHFR,97.32
SMP_1437,chr17,218432895,C,T,APOE,47.26
SMP_7163,chr10,223407903,A,T,TP53,84.52
SMP_2141,chr1,174058179,T,G,MYC,75.27
SMP_1613,chr9,197653392,T,A,BRCA1,31.82
SMP_7112,chr17,73000820,A,G,VEGFA,52.94
SMP_3369,chr5,242079583,C,G,TP53,43.38
SMP_5868,chr17,236962452,T,G,VEGFA,87.34
SMP_3032,chr10,18765537,T,C,VEGFA,59.1
SMP_1514,chrX,110489334,C,G,BRCA1,73.62
SMP_8075,chr5,229742348,A,T,TP53,40.56
SMP_9480,chr9,141539111,A,C,TNF,62.77
SMP_8841,chr19,74715701,A,G,IL6,98.97
SMP_8608,chr4,206202851,A,C,BRCA2,45.95
SMP_9303,chr2,49349421,T,G,MTHFR,95.6
SMP_4162,chr8,189430766,T,G,BRCA1,47.01
SMP_1728,chr22,38243187,C,G,TNF,30.95
SMP_5894,chr17,14390516,T,G,TP53,64.57
SMP_8880,chr9,108053923,C,T,VEGFA,82.0
SMP_7050,chr17,35209911,A,C,TP53,86.15
SMP_1074,chr20,108361504,A,G,IL6,47.14
SMP_8515,chr10,218642734,C,G,MTHFR,37.01
SMP_3902,chr13,138587774,T,G,BRCA2,98.19
SMP_3271,chr14,136887046,G,C,TP53,23.55
SMP_8427,chr14,111383776,A,G,BRCA1,93.7
SMP_7920,chr4,234214661,C,T,TP53,32.64
SMP_5173,chr18,103449117,C,T,VEGFA,38.79
SMP_6565,chr8,77312434,C,A,MTHFR,51.32
SMP_8226,chr9,81954741,C,T,VEGFA,34.04
SMP_6628,chr4,233954183,A,G,BRCA2,50.52
SMP_7349,chr17,204444156,T,G,VEGFA,64.0
SMP_4955,chr10,13756322,A,C,TP53,81.89
SMP_4138,chr3,153276144,A,T,TNF,46.39
SMP_4022,chr15,213370176,C,T,VEGFA,57.87
SMP_1933,chr17,136961592,C,T,MTHFR,47.63
SMP_4816,chr16,125739665,T,A,MYC,42.56
SMP_4986,chr7,206812834,G,T,TP53,29.41
SMP_8122,chr1,228632044,C,G,VEGFA,23.97
SMP_2856,chr14,148882171,G,T,BRCA2,44.4
SMP_6047,chr1,207275387,G,A,VEGFA,21.63
SMP_5805,chr8,92388839,C,T,TNF,68.65
SMP_1315,chr4,26619118,G,T,MYC,46.0
SMP_3474,chr5,139298847,T,G,TNF,48.89
SMP_8436,chrX,227141561,G,T,TP53,54.48
SMP_5277,chr19,44064467,G,A,VEGFA,67.22
SMP_5161,chr16,221537261,A,T,MTHFR,91.46
SMP_9723,chrX,157597185,C,G,APOE,79.16
SMP_7258,chr20,101410308,G,A,APOE,68.91
SMP_5813,chr8,157342882,T,C,IL6,32.22
SMP_1192,chr17,172140885,G,T,BRCA2,35.67
SMP_9941,chr22,75933582,T,C,MYC,96.98
SMP_2219,chr5,95989270,A,G,TNF,42.73
SMP_3817,chr9,239870713,C,T,TP53,27.41
SMP_3207,chr18,53508291,C,G,IL6,73.09
SMP_6978,chrY,180899012,T,A,EGFR,82.8
SMP_4855,chr13,79452877,A,C,APOE,22.35
SMP_6631,chr7,29625826,T,G,VEGFA,35.47
SMP_8015,chr21,142862785,C,T,EGFR,34.45
SMP_4835,chr17,167187403,A,G,TP53,53.01
SMP_1513,chr19,126795682,C,T,BRCA1,51.94
SMP_3565,chr11,212626650,G,T,MTHFR,36.18
SMP_5182,chr3,21677153,C,T,TP53,54.19
SMP_7745,chr14,202030568,G,A,MYC,91.67
SMP_4469,chr18,223554357,G,C,EGFR,70.5
SMP_9472,chr16,180251195,A,T,VEGFA,41.93
SMP_9340,chr6,175809868,T,G,BRCA2,87.64
SMP_9246,chr11,130128052,G,A,APOE,77.3
SMP_6849,chr7,15235838,G,T,IL6,59.59
SMP_6847,chr14,58052818,T,C,APOE,38.8
SMP_8672,chr4,102685807,G,T,TNF,30.51
SMP_8741,chr8,43227146,T,G,APOE,45.62
SMP_6446,chr3,204110510,C,T,BRCA1,77.76
SMP_5603,chr8,218627714,G,C,BRCA2,90.79
SMP_5371,chr20,104001185,T,A,IL6,97.32
SMP_6202,chr2,220735340,C,A,MYC,40.46
SMP_4791,chr12,146085991,T,G,BRCA2,58.74
SMP_8240,chr7,135128403,C,G,TP53,31.18
SMP_2546,chr2,182980732,C,T,BRCA2,59.6
SMP_3293,chr3,137201450,T,A,TP53,97.75
SMP_4559,chr11,5919821,A,G,MYC,79.58
SMP_5857,chr12,164987185,T,A,TNF,26.73
SMP_6202,chr9,211396556,G,A,MYC,43.42
SMP_3252,chr16,138463390,T,G,TNF,47.85
SMP_5566,chr11,119496212,T,C,TP53,22.52
SMP_6315,chr5,199050160,A,G,TNF,84.21
SMP_4908,chr14,2311729,A,C,VEGFA,91.89
SMP_5651,chr16,30717712,G,A,MYC,81.61
SMP_3424,chr21,172602497,A,G,IL6,92.6
SMP_7480,chr16,226726705,C,A,BRCA1,71.94
SMP_9164,chr10,100383072,G,A,BRCA2,46.59
SMP_6006,chr7,228602146,A,T,APOE,92.91
SMP_2382,chr22,68048270,A,C,MYC,97.67
SMP_3195,chr12,153999522,A,T,TP53,58.67
SMP_5843,chrY,90948873,A,G,APOE,73.63
SMP_2666,chr2,14868351,G,A,MYC,72.48
SMP_1976,chr4,166409101,A,C,EGFR,38.02
SMP_3416,chr22,235329772,A,T,IL6,60.11
SMP_2117,chr8,133555790,A,T,IL6,43.08
SMP_9076,chr5,235058862,T,G,MYC,77.93
SMP_3872,chr13,42540192,T,C,MYC,88.42
SMP_1602,chr7,78122280,C,G,IL6,77.27
SMP_7807,chr4,193885885,G,C,TP53,35.7
SMP_5560,chr9,230646263,T,C,TP53,72.74
SMP_6507,chr22,73834777,A,T,IL6,61.45
SMP_9360,chr9,48541335,C,T,TP53,98.09
SMP_3202,chr16,35684240,T,A,TNF,70.87
SMP_2216,chr11,223528721,A,G,MTHFR,52.51
SMP_1610,chr8,193482058,T,A,VEGFA,63.63
SMP_9816,chr11,222684912,A,T,MYC,25.95
SMP_2560,chr3,31990458,G,A,APOE,91.41
SMP_1723,chr8,185219061,G,C,BRCA1,57.76
SMP_8919,chr3,242551569,C,T,VEGFA,52.5
SMP_6916,chr3,144443385,G,T,TNF,53.86
SMP_7319,chr2,177180906,C,T,MTHFR,51.76
SMP_9786,chr19,238045644,G,T,EGFR,24.93
SMP_1842,chr9,78976984,T,G,TP53,46.41
SMP_7723,chr14,39667510,A,C,MYC,97.85
SMP_8960,chr2,116206996,T,C,EGFR,65.39
SMP_2568,chr6,118865466,G,C,BRCA2,78.49
SMP_5200,chr12,46491808,A,T,TP53,53.8
SMP_2651,chr12,201636210,T,G,MTHFR,94.04
SMP_9951,chr3,64859773,C,A,BRCA2,27.78
SMP_6148,chrX,243640081,C,T,EGFR,84.11
SMP_9388,chr21,46842551,G,C,MYC,91.21
SMP_7627,chr2,197033524,G,C,MTHFR,54.17
SMP_1860,chr21,149892292,T,C,TNF,70.24
SMP_2648,chr9,26455871,T,G,IL6,53.27
SMP_9285,chr3,185939681,T,A,VEGFA,63.35
SMP_9183,chr19,78134977,C,A,MTHFR,71.35
SMP_6324,chr4,86272278,T,A,MYC,38.85
SMP_5337,chr18,216167483,C,G,EGFR,92.08
SMP_2130,chr7,17030047,A,G,VEGFA,61.14
SMP_9101,chr11,137851449,C,G,MTHFR,65.58
SMP_4148,chr18,33206623,A,T,APOE,68.34
SMP_3199,chr4,181093224,A,C,APOE,39.74
SMP_2389,chr1,61876069,G,A,EGFR,53.15
SMP_9378,chr7,214720853,A,G,MTHFR,29.62
SMP_4571,chr9,167357322,C,G,APOE,37.32
SMP_5183,chr4,101623939,A,G,APOE,50.87
SMP_6427,chr5,241126385,T,C,APOE,43.09
SMP_7660,chr3,41540851,T,A,APOE,67.4
SMP_7567,chr10,147502596,T,G,IL6,73.27
SMP_9982,chr16,188504800,T,C,APOE,70.23
SMP_5867,chr21,223035427,A,T,MYC,80.55
SMP_1858,chr12,105187513,T,A,VEGFA,85.0
SMP_7032,chr6,228052260,C,T,IL6,41.23
