sample_id,chromosome,position,ref_allele,alt_allele,gene,quality
SMP_2532,chr19,165594648,T,C,APOE,26.1
SMP_8647,chr2,143821495,G,C,IL6,60.4
SMP_3987,chr10,227005601,G,A,TNF,79.96
SMP_4199,chr11,128835563,T,G,TNF,78.04
SMP_8536,chr19,215316794,A,T,EGFR,37.2
SMP_4613,chr6,64142362,C,T,TP53,42.87
SMP_9930,chr10,214051689,G,A,EGFR,73.29
SMP_9364,chr17,72965812,T,C,EGFR,35.52
SMP_1744,chr19,248409503,T,A,MTHFR,60.97
SMP_7037,chr22,43056743,G,T,MYC,66.56
SMP_4906,chr8,110442625,G,C,VEGFA,53.5
SMP_1645,chr20,84185487,C,G,BRCA2,54.18
SMP_9486,chr22,221904096,C,G,APOE,91.18
SMP_6088,chr16,219193429,A,C,MTHFR,46.26
SMP_6169,chr13,73091125,G,A,EGFR,72.27
SMP_8700,chr5,105033956,C,A,TP53,72.77
SMP_4447,chr14,237932668,C,A,TNF,25.8
SMP_8213,chr21,119724983,C,A,EGFR,52.91
SMP_9253,chr21,4407883,G,C,EGFR,31.51
SMP_7828,chr5,58664650,C,T,IL6,26.61
SMP_8103,chr17,234984468,T,C,MTHFR,94.72
SMP_3215,chr10,21994720,A,C,MTHFR,86.28
SMP_4602,chr22,100940903,C,G,MYC,56.83
SMP_6229,chr9,75670937,G,C,MYC,32.98
SMP_3035,chr12,58213890,C,T,BRCA2,76.96
SMP_5046,chr22,238213130,A,G,MYC,35.8
SMP_6410,chr8,34413245,A,T,EGFR,59.9
SMP_2114,chr6,118883076,T,G,APOE,37.48
SMP_2952,chr2,223752104,G,C,MTHFR,80.39
SMP_6037,chrX,249442733,T,G,MYC,57.07
SMP_7764,chr18,196928822,C,G,EGFR,59.8
SMP_6579,chr6,248440534,T,G,VEGFA,27.21
SMP_3730,chr20,233249307,A,T,APOE,54.62
SMP_6726,chr18,121616978,G,T,BRCA1,62.42
SMP_5411,chr18,113589297,A,G,MYC,60.8
SMP_7250,chr6,63198360,T,C,MYC,87.4
SMP_2605,chr2,171946012,A,T,IL6,82.04
SMP_6615,chr20,67114441,G,C,APOE,95.88
SMP_1297,chr13,186621734,T,A,BRCA2,88.88
SMP_8346,chr14,197115278,C,T,TNF,72.44
SMP_8075,chr1,128311674,A,T,VEGFA,56.71
SMP_4405,chr14,240923988,C,T,TP53,46.0
SMP_6370,chr22,17015412,G,T,IL6,62.98
SMP_4723,chr11,179599134,T,A,TNF,25.92
SMP_3471,chr14,166942432,G,T,MTHFR,41.62
SMP_5071,chr11,80303755,A,C,TNF,65.89
SMP_7733,chr12,11229109,G,T,BRCA1,44.66
SMP_5523,chr6,221303155,T,A,MYC,94.19
SMP_3193,chr6,218795982,C,A,MYC,47.42
SMP_3105,chr20,35426765,C,T,VEGFA,87.84
SMP_6929,chr19,83503199,A,T,BRCA1,98.63
SMP_5247,chr12,15139127,A,C,EGFR,24.48
SMP_8100,chr2,162672876,G,C,TP53,62.85
SMP_8103,chr22,3156475,C,T,MYC,32.08
SMP_1288,chr13,181051083,G,A,IL6,80.82
SMP_7097,chr12,74514641,T,C,IL6,53.02
SMP_9007,chr7,58035600,G,C,APOE,81.89
SMP_4867,chr3,40173977,A,C,IL6,98.87
SMP_3356,chr12,177061489,T,G,TNF,92.55
SMP_3997,chr1,152092530,C,T,APOE,85.38
SMP_7521,chr15,51868134,T,A,EGFR,86.76
SMP_4847,chr11,166240079,G,A,BRCA1,53.77
SMP_7915,chrX,231491174,G,A,EGFR,25.63
SMP_3729,chr8,184535242,A,C,TP53,39.74
SMP_7986,chr18,80317891,G,C,MTHFR,83.44
SMP_5096,chr12,52540357,A,C,VEGFA,92.99
SMP_6610,chr19,10291557,A,G,TP53,71.55
SMP_7662,chr17,76925450,A,C,TP53,92.96
SMP_4097,chr22,190283789,T,C,APOE,58.47
SMP_7132,chr9,9055959,C,A,BRCA2,36.71
SMP_4401,chr8,94031283,C,G,BRCA2,59.28
SMP_1241,chr9,75757892,T,G,EGFR,42.88
SMP_6660,chr19,65589639,C,G,VEGFA,47.53
SMP_7932,chr8,118865274,G,C,BRCA1,20.28
SMP_8310,chrX,239529537,C,T,APOE,30.58
SMP_9690,chr8,124520637,A,G,APOE,22.54
SMP_7961,chr1,201617303,A,C,BRCA1,24.09
SMP_4936,chr12,80860936,T,G,APOE,38.34
SMP_5696,chr14,14379157,G,T,MYC,85.49
SMP_8737,chr7,154896626,T,A,MTHFR,90.87
SMP_5638,chr11,177449399,A,T,BRCA2,93.58
SMP_4372,chr5,78786325,C,T,TP53,63.06
SMP_3512,chr15,157642266,C,G,IL6,78.9
SMP_7179,chr5,213432030,A,T,BRCA1,41.49
SMP_8882,chr9,217923578,T,C,MYC,99.61
SMP_8540,chr9,152498199,A,C,BRCA2,60.05
SMP_2318,chr8,194686444,C,T,BRCA1,80.51
SMP_4551,chr2,6436985,A,T,EGFR,20.14
SMP_8778,chr6,76284812,T,G,MTHFR,56.28
SMP_4924,chr16,177063819,G,A,VEGFA,89.58
SMP_1359,chr16,20104854,G,A,MTHFR,68.11
SMP_3095,chr14,226868807,C,A,EGFR,69.85
SMP_7909,chr20,50701606,C,G,MYC,51.24
SMP_6805,chr14,228328871,T,A,BRCA1,20.69
SMP_4040,chr15,229596309,A,C,BRCA1,45.16
SMP_2994,chr16,178952408,C,T,APOE,29.91
SMP_1705,chr3,53022370,G,T,TNF,22.18
SMP_3059,chr6,149998067,A,G,IL6,77.29
SMP_3851,chr1,14207078,C,A,MTHFR,50.32
SMP_5998,chr5,8215325,A,T,APOE,40.44
SMP_9819,chr1,214115932,C,A,IL6,78.51
SMP_1505,chr16,10664891,G,C,VEGFA,58.76
SMP_9076,chr4,71359120,G,T,APOE,33.04
SMP_4513,chr16,98252518,C,T,MYC,49.69
SMP_5899,chr2,5634766,C,T,BRCA2,89.8
SMP_2991,chr11,110291349,C,T,TNF,57.58
SMP_5470,chr16,99930414,A,G,TP53,60.55
SMP_4244,chr4,215965386,G,T,APOE,84.69
SMP_1558,chr20,62588473,A,G,MYC,74.16
SMP_8431,chr15,99984740,G,C,BRCA1,82.69
SMP_8825,chr14,40008435,T,C,APOE,86.12
SMP_3953,chr7,238825680,C,T,VEGFA,97.03
SMP_1492,chr9,84330360,C,A,MYC,89.65
SMP_2680,chr14,205546718,G,T,BRCA2,38.24
SMP_2561,chr18,137016032,C,T,VEGFA,80.34
SMP_6903,chr9,173168792,G,T,MTHFR,71.09
SMP_4081,chr18,11165678,C,G,TNF,34.7
SMP_2957,chr16,50753172,G,C,IL6,61.76
SMP_8938,chr20,208888345,G,A,IL6,60.74
SMP_9132,chr22,38301394,T,G,TP53,38.74
SMP_2031,chr7,146054190,T,A,BRCA2,45.16
SMP_2204,chr16,219617231,A,T,EGFR,87.67
SMP_3685,chr16,84331540,T,C,EGFR,48.07
SMP_1214,chr14,75001552,T,C,IL6,22.19
SMP_9173,chr8,10772705,T,G,EGFR,42.74
SMP_6794,chrY,202822741,A,T,BRCA2,28.7
SMP_9878,chr6,88934447,G,A,MYC,59.23
SMP_4607,chr4,155830487,A,G,TNF,30.47
SMP_2847,chr3,135672711,C,A,IL6,60.87
SMP_5386,chr4,105870641,C,G,APOE,54.7
SMP_1998,chr13,1329334,A,C,IL6,84.94
SMP_7701,chr16,41921443,T,A,BRCA2,62.45
SMP_3548,chr2,186310057,A,G,IL6,49.6
SMP_3436,chr8,208809853,T,G,BRCA2,94.91
SMP_6062,chr13,247360287,C,G,TP53,67.58
SMP_2713,chr19,79925080,G,A,TP53,72.64
SMP_1446,chr16,103290191,T,C,BRCA2,97.14
SMP_5277,chr18,23756318,C,G,MYC,38.04
SMP_1932,chr6,49212185,A,C,MTHFR,60.44
SMP_5383,chr1,44534289,C,G,VEGFA,78.44
SMP_9102,chr14,198967910,C,T,MTHFR,60.44
SMP_5341,chr20,196147591,A,G,TP53,72.91
SMP_9913,chr3,185166611,A,G,APOE,66.94
SMP_4187,chr12,187171189,G,C,EGFR,62.6
SMP_8213,chr18,76797436,G,T,VEGFA,95.55
SMP_9988,chr18,83362538,G,T,MTHFR,28.34
SMP_4627,chr22,125498280,C,G,APOE,87.49
SMP_2029,chr20,163853193,T,C,EGFR,78.65
SMP_5809,chr21,173569756,T,G,TNF,95.09
SMP_7078,chr4,53621237,C,A,BRCA2,34.15
SMP_8361,chr19,11130630,C,T,BRCA2,80.44
SMP_9813,chr1,88070069,C,G,APOE,45.45
SMP_7757,chr17,88472911,A,C,APOE,72.44
SMP_2543,chr14,174129592,T,G,BRCA2,28.22
SMP_1634,chr22,236825205,G,C,APOE,67.09
SMP_8323,chr10,56677325,G,T,TP53,37.88
SMP_5901,chr3,182338124,G,C,IL6,54.99
SMP_6321,chr7,122092127,C,A,VEGFA,93.36
SMP_2641,chr13,175299181,A,T,TNF,57.47
SMP_7162,chr22,216186856,T,G,APOE,99.89
SMP_8697,chrX,186670302,C,A,BRCA1,20.99
SMP_8520,chr9,33277397,A,G,EGFR,46.12
SMP_3635,chr2,230050745,C,A,EGFR,23.68
SMP_1006,chr15,233346990,A,T,BRCA1,23.15
SMP_6678,chr14,112561715,C,A,BRCA2,91.18
SMP_7886,chr3,223631364,C,A,BRCA1,99.31
SMP_3415,chr14,66013256,T,A,VEGFA,77.74
SMP_3466,chr20,210804462,G,T,BRCA2,87.7
SMP_7031,chr2,87636062,A,G,MTHFR,25.09
SMP_5750,chr11,75324341,C,G,MYC,36.24
SMP_6438,chr19,183244764,T,G,IL6,38.44
SMP_2288,chr15,166938900,C,T,EGFR,60.29
SMP_6034,chr21,218800233,C,T,MYC,95.89
SMP_1613,chr14,111733667,C,T,IL6,30.87
SMP_9726,chr12,167212871,A,C,VEGFA,21.39
SMP_7449,chr20,69696546,G,T,TNF,30.37
SMP_5930,chr21,205715203,A,G,VEGFA,32.77
SMP_5122,chr7,12768893,T,C,TNF,62.44
SMP_2684,chr1,112489581,C,G,VEGFA,72.43
SMP_2326,chr19,248147858,G,A,BRCA1,22.61
SMP_8188,chr3,76081275,A,T,MTHFR,72.25
SMP_2886,chr1,105005614,G,C,BRCA1,80.98
SMP_2520,chr7,41842435,G,T,BRCA2,22.8
SMP_4874,chr11,8972747,A,G,VEGFA,33.85
SMP_6087,chr4,3879855,T,C,TP53,33.52
SMP_5099,chr1,242499369,T,G,BRCA1,62.04
SMP_4086,chr19,200094993,C,T,APOE,20.04
SMP_9947,chr15,21023175,G,A,BRCA1,44.15
SMP_6907,chr22,152246324,A,G,VEGFA,47.3
SMP_6245,chr12,3707945,G,T,BRCA2,74.02
SMP_3197,chr15,11333891,T,G,VEGFA,33.22
SMP_8890,chr19,49122148,C,T,IL6,56.2
SMP_3496,chr17,31539431,T,G,TP53,63.51
SMP_7632,chrY,54659248,A,G,TP53,49.95
SMP_8172,chr17,22344382,A,C,TNF,42.69
SMP_7028,chr19,154198673,C,T,MTHFR,91.52
SMP_5183,chr4,222126178,T,G,MTHFR,73.49
SMP_8251,chr20,9181389,A,T,BRCA2,98.58
SMP_9403,chr8,236408737,A,G,EGFR,59.12
SMP_2109,chr17,244931082,T,G,APOE,37.87
SMP_5264,chr17,137907847,T,C,IL6,25.02
SMP_9638,chr6,216124076,A,G,MTHFR,39.34
SMP_2698,chr6,127567104,T,A,BRCA1,30.57
SMP_2489,chr22,145948644,T,C,IL6,77.48
SMP_4691,chr12,52755927,T,C,MTHFR,57.81
SMP_3654,chr15,5777010,G,A,MYC,58.75
SMP_1425,chr15,219099378,C,A,MYC,81.14
SMP_7324,chr8,132485746,T,A,TNF,51.59
SMP_1696,chrY,75151253,A,T,IL6,21.18
SMP_2970,chr19,146835790,G,T,EGFR,91.95
SMP_2717,chr11,124080284,G,T,EGFR,40.75
SMP_5121,chr7,191891519,T,A,VEGFA,49.36
SMP_2320,chr2,56989818,T,G,MTHFR,93.41
SMP_9614,chr6,65739730,A,C,IL6,65.78
SMP_4980,chr6,153549336,A,T,IL6,87.36
SMP_2854,chr3,155031561,C,A,BRCA1,63.19
SMP_2569,chrX,158637209,G,T,EGFR,27.05
SMP_8775,chr4,165653776,C,G,IL6,93.35
SMP_4482,chrX,166373660,T,G,EGFR,96.3
SMP_2459,chr4,135279775,C,A,APOE,40.09
SMP_3554,chrY,94666004,A,C,IL6,87.68
SMP_2721,chrY,152586686,T,G,TP53,93.45
SMP_8363,chr7,105915998,T,C,MYC,84.39
SMP_7087,chrX,124274490,A,G,IL6,43.15
SMP_3130,chr16,249828122,A,T,VEGFA,51.52
SMP_6986,chr16,132364077,A,T,VEGFA,65.98
SMP_1009,chr12,169031646,G,A,EGFR,38.71
SMP_1874,chr10,174733793,T,A,IL6,56.36
SMP_1124,chr21,165057644,T,C,TNF,74.97
SMP_9732,chrY,68648741,A,C,MYC,78.68
SMP_6377,chr9,55396002,G,C,MTHFR,80.53
SMP_1008,chr14,204677858,A,T,EGFR,25.04
SMP_8722,chr2,123657741,C,T,EGFR,64.29
SMP_1094,chr2,214288015,A,G,TNF,21.55
SMP_9038,chr6,25279168,G,T,EGFR,30.64
SMP_7939,chr1,94575975,T,C,IL6,56.16
SMP_9638,chr19,178213677,T,C,EGFR,25.1
SMP_2225,chr7,32943738,G,A,VEGFA,25.86
SMP_1741,chr8,59075192,C,A,MYC,67.27
SMP_7996,chr16,217448172,G,T,VEGFA,87.95
SMP_5833,chr4,190160441,G,A,TP53,55.09
SMP_7422,chr1,61642762,T,C,TP53,92.89
SMP_3072,chr9,7448621,T,A,MYC,95.61
SMP_8172,chrY,180362043,T,A,IL6,33.99
SMP_4835,chr9,106481093,A,T,TP53,70.55
SMP_4835,chr3,31391725,T,C,TP53,85.14
SMP_2777,chr5,94899234,C,A,TP53,60.0
SMP_4200,chr21,32713512,T,G,MYC,22.36
SMP_7182,chr18,220783689,G,C,VEGFA,24.86
SMP_9311,chr18,21749117,G,T,EGFR,44.51
SMP_2484,chr1,25819810,T,A,APOE,39.56
SMP_7786,chrY,241393513,T,C,MYC,76.69
SMP_6417,chr2,110654048,C,T,VEGFA,73.91
SMP_2785,chr17,77664565,G,T,IL6,26.85
SMP_7396,chr22,78339292,C,G,MYC,90.41
SMP_6162,chr1,113955932,C,T,APOE,34.18
SMP_6160,chr17,92779120,C,T,MYC,22.49
SMP_8351,chr6,94189666,C,T,MYC,67.28
SMP_2042,chr13,212074174,C,A,TNF,95.08
SMP_9253,chr14,234192279,G,C,IL6,66.64
SMP_5696,chr20,62969446,A,G,BRCA2,26.88
SMP_7654,chr9,4294325,A,T,BRCA2,31.43
SMP_1049,chr7,58198664,G,T,BRCA2,99.69
SMP_4513,chrY,29671195,C,G,TNF,67.22
SMP_7751,chr19,168147932,T,G,MTHFR,71.69
SMP_7527,chr9,26949685,C,G,APOE,40.38
SMP_5141,chr20,63348074,G,C,APOE,37.95
SMP_6115,chr10,229479591,G,C,APOE,86.26
SMP_4841,chr10,177940785,C,A,MTHFR,61.68
SMP_2396,chr15,157088681,C,G,MYC,85.39
SMP_3411,chr7,124205275,T,A,MYC,22.75
SMP_9698,chr4,217669417,A,C,APOE,86.73
SMP_7571,chr6,67218207,C,A,MYC,83.76
SMP_6848,chr18,230291399,C,A,IL6,93.81
SMP_9455,chr3,230494800,A,C,MTHFR,97.71
SMP_3506,chr18,231634687,T,A,VEGFA,21.83
SMP_2216,chr4,236302624,A,G,MYC,64.85
SMP_3448,chrX,55596009,A,T,MYC,46.94
SMP_3874,chr9,140317562,C,T,IL6,85.94
SMP_3663,chr3,46789844,T,C,BRCA1,80.02
SMP_2287,chr6,150188532,T,C,EGFR,74.45
SMP_6535,chr10,184259911,C,G,EGFR,91.41
SMP_4008,chr21,33876532,G,C,BRCA1,89.13
SMP_5985,chrY,226883152,A,T,TNF,30.64
SMP_2695,chr3,33160689,T,A,TNF,93.02
SMP_9536,chr11,90208313,T,G,VEGFA,88.85
SMP_6994,chr22,32126673,G,T,EGFR,73.65
SMP_6994,chr19,219329567,G,T,TP53,57.27
SMP_3886,chr19,220530110,T,G,MTHFR,56.94
SMP_5174,chr1,140193530,G,A,VEGFA,93.38
SMP_5236,chr10,36692213,A,C,MYC,44.29
SMP_7055,chr2,146760506,T,A,IL6,36.03
SMP_6534,chr10,195246559,G,C,VEGFA,97.72
SMP_9932,chr14,123766627,C,A,BRCA1,61.11
SMP_9704,chr14,52658358,G,T,MYC,43.67
SMP_8095,chr10,217226218,T,G,APOE,36.74
SMP_4187,chr2,217560288,A,C,EGFR,56.25
SMP_9290,chr10,151620400,C,T,TP53,97.32
SMP_9140,chr2,239534068,T,G,VEGFA,83.44
SMP_9639,chr16,155620083,T,A,APOE,23.79
SMP_2259,chr20,230358554,C,T,BRCA1,73.4
SMP_5777,chr4,36673661,C,G,IL6,96.75
SMP_6337,chr5,211807576,C,G,BRCA1,73.21
SMP_1169,chr3,96130800,C,T,BRCA2,62.27
SMP_9971,chr5,135227387,C,A,BRCA2,86.66
SMP_9933,chr10,200496130,C,A,BRCA2,28.14
SMP_9321,chr16,69422797,A,G,APOE,59.01
SMP_9620,chr17,99688257,G,A,VEGFA,20.53
SMP_5730,chr16,55361379,G,A,VEGFA,59.4
SMP_6762,chr6,118461905,G,C,TP53,85.28
SMP_7279,chr17,58988144,C,T,MTHFR,95.14
SMP_1515,chr20,231200206,T,C,EGFR,20.1
SMP_7245,chr8,185816834,C,A,MYC,99.44
SMP_5894,chr5,201163678,G,T,TP53,95.69
SMP_2013,chrY,159437429,T,A,MYC,58.48
SMP_4491,chr19,7203816,G,T,TP53,89.85
SMP_2414,chr22,56636900,T,C,EGFR,29.25
SMP_9667,chr12,239296375,C,T,VEGFA,84.34
SMP_4168,chr20,240080546,A,G,EGFR,76.17
SMP_6426,chr12,142693365,A,C,TNF,34.3
SMP_2886,chr22,22783281,A,C,APOE,98.06
SMP_2456,chr8,227855987,C,A,TNF,41.16
SMP_1362,chr13,244006716,T,G,BRCA2,29.53
SMP_4842,chr16,68653970,A,C,BRCA2,63.09
SMP_9921,chr5,177162867,G,A,MYC,73.17
SMP_9329,chr13,40263844,C,A,BRCA1,30.49
SMP_8931,chr9,183166543,G,T,APOE,31.94
SMP_9536,chr10,17354848,A,C,BRCA1,92.82
SMP_4339,chr17,216637200,C,A,TP53,23.48
SMP_4929,chr15,180250866,T,A,BRCA1,98.99
SMP_1297,chr6,49726256,T,A,EGFR,91.99
SMP_5198,chr2,114087761,T,A,MYC,41.84
SMP_5165,chr3,240556268,T,C,APOE,75.27
SMP_9324,chr18,222365575,C,T,MTHFR,41.76
SMP_1256,chr4,179750551,C,G,EGFR,40.75
SMP_8610,chr9,110380421,T,G,APOE,57.11
SMP_3563,chr17,55902224,C,T,MYC,65.15
SMP_2355,chr9,53234599,T,G,BRCA2,91.68
SMP_4687,chr22,153234703,G,T,MYC,74.13
SMP_1923,chr17,107482625,A,C,EGFR,31.95
SMP_9820,chr17,190104798,A,G,TP53,52.79
SMP_5417,chr22,192474965,A,G,TP53,74.01
SMP_6081,chr21,22366742,T,A,APOE,75.28
SMP_2083,chr20,138511280,G,C,MYC,31.23
SMP_9381,chr19,102413813,C,A,BRCA1,81.89
SMP_7606,chr14,49883961,T,C,APOE,40.5
SMP_1944,chr6,191361741,C,A,MTHFR,47.98
SMP_1200,chr13,238622172,A,T,IL6,26.14
SMP_5619,chr4,228849528,A,T,TP53,99.63
SMP_8133,chr19,174817941,C,T,BRCA1,40.95
SMP_5314,chr10,62272869,G,C,EGFR,51.0
SMP_5458,chr15,205675830,T,G,IL6,96.72
SMP_1075,chr11,214088025,C,T,MYC,57.29
SMP_5665,chr21,59743675,G,T,EGFR,34.81
SMP_2534,chr3,152720497,G,C,MYC,69.28
SMP_5188,chr20,65030512,T,C,MYC,92.97
SMP_6453,chr17,56889291,T,G,BRCA1,99.58
SMP_5787,chr22,107335130,C,A,TNF,67.17
SMP_7252,chr12,74197589,T,G,MTHFR,92.31
SMP_3950,chr20,73193178,C,T,MTHFR,24.0
SMP_3848,chr3,111040475,C,T,APOE,90.39
SMP_5127,chr14,136430975,T,A,APOE,40.3
SMP_4542,chr16,27862367,T,A,BRCA2,63.68
SMP_2624,chr20,1555580,C,A,TP53,43.35
SMP_2495,chr7,95077053,T,A,MYC,92.5
SMP_2177,chr19,180795347,G,C,IL6,86.7
SMP_4101,chr17,42330210,T,C,APOE,39.52
SMP_1152,chr16,91584991,T,C,MYC,86.23
SMP_8869,chr13,61961366,A,G,BRCA1,88.06
SMP_7985,chr8,179275652,A,G,TNF,91.8
SMP_3539,chr14,100125671,C,A,BRCA2,54.51
SMP_8360,chr17,217811579,A,C,BRCA2,96.67
SMP_8161,chr12,31733403,G,C,APOE,71.88
SMP_9583,chr1,159450883,A,C,APOE,67.07
SMP_6241,chr15,225583566,C,A,APOE,74.09
SMP_8754,chr16,212871913,C,A,IL6,53.91
SMP_5338,chr19,68836440,G,T,VEGFA,46.4
SMP_9999,chrX,202354767,C,A,IL6,34.5
SMP_8493,chr11,87100900,A,T,BRCA1,45.61
SMP_3934,chr16,9788131,C,G,MYC,46.7
SMP_9284,chr11,78428818,A,G,EGFR,64.58
SMP_3754,chr9,9572580,A,G,VEGFA,94.6
SMP_1862,chr14,209963851,G,C,BRCA1,23.47
SMP_1273,chr7,249443023,C,G,APOE,40.66
SMP_7090,chr22,158529744,G,A,BRCA1,93.06
SMP_9826,chr8,137683996,A,G,TP53,47.32
SMP_9496,chr4,232399055,T,C,TP53,20.61
SMP_4049,chr12,153713913,G,T,BRCA1,54.14
SMP_1793,chr10,103203455,A,C,VEGFA,27.76
SMP_3997,chr17,158570808,T,G,MTHFR,20.98
SMP_2911,chr8,80169721,T,A,EGFR,64.47
SMP_6996,chr11,131124606,A,T,IL6,57.59
SMP_7821,chrY,47368861,A,T,VEGFA,50.01
SMP_1225,chrY,249639334,C,G,VEGFA,54.27
SMP_8316,chr6,203309566,A,T,BRCA1,94.69
SMP_8607,chr2,226588767,T,A,TP53,27.92
SMP_3241,chr12,122349879,T,C,TNF,53.07
SMP_9545,chr1,132598586,G,T,MYC,27.21
SMP_5969,chr2,155957394,G,A,MYC,96.13
SMP_2840,chr13,89256159,C,T,TNF,98.52
SMP_6869,chr12,191158215,T,G,VEGFA,48.92
SMP_1717,chr16,103263088,A,G,MYC,51.27
SMP_2594,chr11,78911709,T,C,TP53,73.51
SMP_9436,chr8,121533670,A,G,BRCA1,72.84
SMP_3733,chr11,65863257,A,C,MTHFR,76.27
SMP_9593,chr17,115788682,G,A,APOE,84.8
SMP_4890,chr10,234828055,G,T,EGFR,64.18
SMP_8116,chr4,177445668,T,C,BRCA2,64.9
SMP_6943,chr20,190044837,T,G,MTHFR,36.82
SMP_3815,chr21,113253778,A,G,VEGFA,89.3
SMP_3177,chr17,200023385,T,G,EGFR,73.74
SMP_1538,chr12,137798980,A,T,TNF,60.48
SMP_2853,chr9,113314254,C,A,APOE,91.0
SMP_2382,chr16,205882100,T,G,MYC,22.09
SMP_5620,chr13,125981631,A,C,BRCA1,75.84
SMP_2652,chr5,78801990,G,C,VEGFA,56.68
SMP_3511,chr4,30047205,C,A,VEGFA,61.06
SMP_9681,chr16,7944794,G,A,MTHFR,88.89
SMP_2442,chr17,68357138,G,T,TNF,45.01
SMP_5399,chr8,81235426,A,T,IL6,20.51
SMP_6542,chr10,59890749,A,G,IL6,26.91
SMP_9806,chr22,12029710,A,T,MTHFR,64.21
SMP_7362,chr12,26086664,T,C,MYC,98.63
SMP_6965,chr8,203692835,C,T,EGFR,99.03
SMP_2739,chr18,215966694,G,C,EGFR,74.6
SMP_8346,chr12,520718,T,C,EGFR,84.08
SMP_6929,chr20,188650117,G,C,TP53,20.77
SMP_4477,chr7,124606893,T,C,VEGFA,58.12
SMP_4775,chr5,110381467,A,C,BRCA2,36.99
SMP_6058,chr18,140138538,A,T,VEGFA,57.3
SMP_4526,chr11,193754631,A,C,APOE,46.98
SMP_9890,chr7,22789198,A,T,TP53,70.74
SMP_6088,chr20,162381405,T,C,EGFR,30.35
SMP_1712,chr20,144141245,G,A,EGFR,93.22
SMP_8633,chrY,166235252,G,A,VEGFA,27.65
SMP_8182,chr8,147656563,T,G,VEGFA,21.85
SMP_9342,chr3,68021917,T,G,VEGFA,61.74
SMP_4075,chr19,77878350,A,T,APOE,69.06
SMP_9196,chr18,245514072,G,C,APOE,87.06
SMP_1735,chr7,51178316,T,G,BRCA2,90.82
SMP_4562,chr22,18812248,G,T,EGFR,23.4
SMP_5993,chr3,104609054,C,A,BRCA1,57.37
SMP_6459,chr18,73378113,T,C,TP53,76.65
SMP_6471,chr1,26953323,C,G,BRCA2,79.72
SMP_7165,chr7,129615889,T,G,EGFR,57.73
SMP_8682,chr22,219926057,C,A,MYC,68.64
SMP_4442,chr8,101074007,C,T,BRCA2,45.33
SMP_1575,chrY,189963990,G,A,MYC,65.72
SMP_4145,chr9,141978393,G,T,BRCA2,20.8
SMP_1664,chr21,155528906,A,C,VEGFA,53.58
SMP_2827,chr15,44410463,A,G,APOE,84.69
SMP_6293,chr2,32891760,G,C,MYC,90.05
SMP_9480,chr5,57037563,A,G,TNF,31.08
SMP_7190,chr4,215198532,A,T,MTHFR,82.38
SMP_8204,chr3,241696011,A,G,EGFR,44.0
SMP_1036,chr8,126057297,G,T,BRCA2,22.63
SMP_5324,chr8,158306982,G,C,MYC,27.12
SMP_8511,chr21,123889631,C,A,TP53,50.35
SMP_9395,chr14,186196707,G,T,VEGFA,87.02
SMP_7070,chrX,148438638,A,G,TP53,48.56
SMP_2501,chr2,137125075,G,T,MYC,60.29
SMP_9716,chr2,232999237,A,G,BRCA2,83.07
SMP_9295,chr16,63984091,T,A,TP53,57.26
SMP_1384,chr5,143630146,G,A,BRCA2,62.18
SMP_3305,chr11,131653749,T,C,BRCA2,80.51
SMP_6621,chr19,212138652,T,G,MTHFR,63.28
SMP_7717,chr22,167371126,C,G,APOE,39.74
SMP_2715,chr2,3245326,C,T,BRCA1,87.4
SMP_1399,chr8,98588725,G,C,IL6,85.87
SMP_9479,chr12,198254447,G,A,BRCA1,79.07
SMP_9995,chr2,96583045,G,C,TP53,78.73
SMP_6853,chr19,97267390,A,T,TNF,56.93
SMP_9702,chr15,109359232,A,T,TP53,98.8
SMP_7839,chr17,240669341,G,T,APOE,63.93
SMP_9514,chr17,102881252,A,G,BRCA1,92.13
SMP_3333,chr20,60757329,C,A,EGFR,54.61
SMP_8782,chr14,136644695,C,A,MTHFR,78.02
SMP_3112,chr21,97187898,C,A,APOE,51.35
SMP_3417,chr19,72566623,G,C,IL6,39.18
SMP_1377,chr20,180171317,C,T,BRCA1,35.05
SMP_2281,chr8,211988450,A,C,TP53,33.61
SMP_9659,chr15,173178934,G,T,VEGFA,63.97
SMP_9275,chrX,190557384,T,G,TNF,26.47
SMP_7515,chrX,103716949,T,A,IL6,82.15
SMP_9566,chr21,43322822,A,T,MTHFR,73.09
SMP_9555,chr18,175848468,G,C,IL6,50.52
SMP_6430,chr8,191486228,C,A,VEGFA,93.62
SMP_1115,chr21,191559371,T,G,EGFR,87.65
SMP_3939,chr11,229204264,C,T,BRCA2,73.81
SMP_9341,chr18,91918014,C,A,MTHFR,34.87
SMP_9984,chr21,39286531,T,C,EGFR,75.36
SMP_8488,chr21,194478279,T,A,MYC,64.07
SMP_9873,chr7,169351620,C,T,EGFR,84.32
SMP_7879,chr21,152911048,G,A,EGFR,30.28
SMP_8711,chr19,12486363,A,T,BRCA1,65.04
SMP_6809,chr9,36952795,G,T,TNF,93.71
SMP_6688,chr5,103237639,T,C,VEGFA,93.62
SMP_1257,chr9,81945471,A,C,APOE,99.51
SMP_4549,chr5,3350576,A,G,MYC,68.91
SMP_4209,chr20,195535730,T,G,VEGFA,97.11
SMP_7933,chr1,152789283,A,C,MYC,61.77
SMP_7105,chr6,143989988,A,G,VEGFA,73.78
SMP_8612,chr6,176287689,C,A,MYC,85.57
SMP_4235,chr12,154653675,T,G,MYC,34.45
SMP_5019,chr11,182952756,C,A,BRCA2,97.14
SMP_5391,chr19,142965403,T,A,TNF,77.17
SMP_7713,chr12,243428619,A,G,MTHFR,96.98
SMP_2326,chr14,217178395,G,A,EGFR,44.38
SMP_6657,chr22,91500369,C,G,BRCA2,33.06
SMP_8752,chr2,174890270,A,G,EGFR,90.95
SMP_3616,chr20,8273263,A,G,EGFR,92.52
SMP_8355,chr13,78733080,G,A,TP53,57.38
SMP_6103,chr12,94516763,C,T,EGFR,48.09
SMP_8699,chr19,214296548,G,A,EGFR,41.18
SMP_3458,chr3,76468605,G,A,VEGFA,44.96
SMP_8886,chr15,132312741,G,T,EGFR,96.45
SMP_8128,chr21,220124698,T,A,TP53,73.38
SMP_6842,chr14,162697150,T,G,BRCA2,47.95
SMP_1923,chr10,13447033,C,T,IL6,84.33
SMP_6364,chr5,9576287,G,C,APOE,50.9
SMP_7498,chrX,64675780,C,G,IL6,76.89
SMP_8905,chr2,58550777,T,G,VEGFA,96.26
SMP_7303,chr22,162681504,G,A,APOE,95.82
SMP_5596,chr4,106203100,C,A,EGFR,95.66
SMP_9431,chr10,161498424,A,G,TP53,21.86
SMP_6164,chr20,25777353,A,G,TNF,48.89
SMP_5354,chr5,139294547,C,T,IL6,80.02
SMP_5574,chr10,24578424,G,C,TNF,66.1
SMP_7106,chr5,151187102,A,C,BRCA2,33.93
SMP_3058,chr12,192784041,T,C,BRCA1,33.62
SMP_1259,chr13,108682678,C,G,MTHFR,35.39
SMP_8089,chr14,194848020,G,T,BRCA1,33.76
SMP_4185,chr16,185925938,C,T,EGFR,89.6
SMP_4425,chr14,130933569,A,G,APOE,31.79
SMP_1475,chr8,31050063,T,A,BRCA1,82.21
SMP_7200,chr14,135993657,A,C,TP53,25.42
SMP_4302,chr9,52929574,G,T,EGFR,72.63
SMP_5460,chr4,111428225,A,C,IL6,84.35
SMP_4288,chr15,151209607,G,A,TP53,24.01
SMP_3144,chr5,123909092,T,C,BRCA1,73.74
SMP_8267,chr13,18576007,A,C,EGFR,68.19
SMP_7552,chr1,42784641,G,C,VEGFA,77.67
SMP_8486,chr5,32666677,G,A,VEGFA,29.26
SMP_6583,chr7,161517889,A,G,APOE,68.31
SMP_6845,chr1,200472386,T,G,EGFR,40.79
SMP_2428,chr4,52500864,C,A,IL6,42.24
SMP_1265,chr3,108382681,T,C,TP53,30.36
SMP_1098,chr9,91226075,G,A,MYC,54.48
SMP_1312,chr6,117261580,T,G,APOE,98.21
SMP_9090,chr15,154892748,G,A,TP53,71.75
SMP_8745,chr4,108737884,G,T,TNF,60.78
SMP_8226,chr18,247812442,T,C,APOE,89.83
SMP_5459,chr12,90482338,A,T,MYC,69.31
SMP_3419,chr18,236354734,C,G,MYC,90.26
SMP_5134,chr14,119782723,A,T,EGFR,86.72
SMP_2165,chrX,81171634,C,A,TP53,95.68
SMP_4190,chrX,143766311,A,C,VEGFA,84.87
SMP_1588,chr12,32543628,T,C,MTHFR,53.61
SMP_1255,chr19,81040203,C,A,BRCA2,95.9
SMP_7232,chr5,186003777,G,T,IL6,60.88
SMP_4561,chr6,41924792,C,T,APOE,36.46
SMP_3698,chr5,209180816,A,G,MTHFR,28.19
SMP_2373,chr3,85923740,T,A,MTHFR,74.12
SMP_4106,chr5,101196530,T,C,APOE,82.14
SMP_4034,chr17,54874372,T,A,EGFR,77.03
SMP_4648,chr1,193402541,C,G,MYC,81.97
SMP_8536,chr17,148025564,G,C,APOE,71.21
SMP_2607,chr21,180116393,G,A,MTHFR,46.3
SMP_8865,chr2,11425015,A,T,TNF,54.25
SMP_9496,chr21,90044824,C,T,BRCA1,49.08
SMP_2080,chr14,176634158,A,T,IL6,62.51
SMP_4055,chr9,203014340,T,C,IL6,78.87
SMP_7662,chr22,58659983,A,G,IL6,30.91
SMP_5971,chr18,132929888,T,G,EGFR,53.12
SMP_4729,chrY,230635362,T,C,BRCA2,33.18
SMP_4807,chr4,191899777,A,C,TP53,96.17
SMP_6025,chr18,204690622,A,T,APOE,91.97
SMP_7086,chr3,31244880,T,A,BRCA1,82.28
SMP_6250,chr21,186968615,G,A,BRCA2,53.4
SMP_3304,chr12,77951862,T,G,BRCA2,83.51
SMP_6113,chr6,176221786,G,A,TNF,67.56
SMP_5955,chr5,183794042,A,T,VEGFA,84.75
SMP_5431,chr10,164585332,A,G,APOE,87.54
SMP_8138,chr22,120403359,G,A,TP53,53.57
SMP_5669,chr5,232126470,C,G,BRCA1,24.03
SMP_5530,chr11,13263717,T,A,IL6,23.17
SMP_7123,chr15,196415082,G,T,APOE,78.16
SMP_7854,chr4,94835831,A,C,TNF,63.58
SMP_3623,chr7,224222099,C,A,IL6,70.12
SMP_1633,chr6,157715263,T,C,TNF,38.07
SMP_4882,chr9,7379969,C,A,BRCA1,72.37
SMP_9067,chr5,190839417,A,T,VEGFA,80.74
SMP_1501,chr12,3765279,T,C,MTHFR,24.55
SMP_9318,chr13,37647176,T,C,IL6,24.35
SMP_4889,chr7,157286708,G,T,TNF,67.66
SMP_7641,chr14,231672635,A,G,EGFR,44.92
SMP_2469,chr9,75312123,A,C,VEGFA,58.26
SMP_8088,chr1,179543704,A,C,TNF,31.51
SMP_3306,chr14,235548847,T,G,TP53,93.88
SMP_9319,chr5,171731412,C,T,BRCA2,76.2
SMP_3495,chr1,139607551,A,G,BRCA1,39.82
SMP_6635,chr13,15033870,G,C,IL6,20.71
SMP_7961,chr11,131707049,G,A,APOE,44.32
SMP_2037,chr21,87090799,G,A,VEGFA,34.75
SMP_9188,chr15,237433584,C,T,BRCA2,99.78
SMP_2617,chr10,134061102,G,T,APOE,44.16
SMP_5999,chr6,207319473,C,G,VEGFA,54.14
SMP_9114,chr7,99274985,A,C,MYC,50.44
SMP_4805,chr15,179636581,C,T,IL6,64.19
SMP_8414,chr14,49965266,A,T,IL6,34.89
SMP_2220,chr18,90829141,A,T,MYC,56.19
SMP_6654,chr12,51396247,G,T,MYC,71.19
SMP_2894,chr21,62214207,G,T,APOE,89.41
SMP_8349,chr2,8394782,T,C,BRCA2,54.91
SMP_6154,chr18,117599123,A,T,TP53,72.26
SMP_5151,chr1,92115538,T,G,EGFR,56.72
SMP_9574,chr2,197965602,A,C,APOE,51.72
SMP_7287,chrY,133455922,T,G,APOE,36.65
SMP_6219,chr15,130799770,G,C,MTHFR,31.48
SMP_4109,chr15,160190942,A,C,BRCA1,91.68
SMP_5456,chr11,56676405,T,A,VEGFA,62.79
SMP_5560,chr17,222098617,T,C,MTHFR,65.13
SMP_6827,chr16,102701981,C,A,VEGFA,65.8
SMP_3175,chr14,31889734,C,T,IL6,46.41
SMP_2216,chr5,68170622,T,G,APOE,60.64
SMP_2199,chr4,208544506,A,T,TP53,96.49
SMP_6693,chr4,137293607,C,G,IL6,22.63
SMP_9797,chr5,66656534,T,C,MYC,87.89
SMP_9326,chr16,228422393,C,A,BRCA2,79.79
SMP_9889,chr7,12541344,C,A,MTHFR,57.8
SMP_1530,chr17,46570078,G,A,IL6,63.45
SMP_7355,chr16,94768802,G,C,MYC,31.15
SMP_1861,chr10,99638977,T,C,EGFR,79.58
SMP_2757,chr11,62201746,C,G,IL6,21.84
SMP_7589,chr4,158836536,C,G,TNF,78.71
SMP_1061,chr12,47926864,T,A,MTHFR,81.64
SMP_6988,chr8,12432508,G,T,MTHFR,78.09
SMP_8325,chr9,158473490,A,C,VEGFA,85.54
SMP_9290,chr8,89160689,G,A,MYC,29.04
SMP_1338,chr21,62652874,T,C,MTHFR,64.9
SMP_2484,chr22,182417887,G,C,TP53,97.64
SMP_8468,chr3,3486495,C,G,BRCA1,89.37
SMP_5809,chr13,184334130,C,A,MTHFR,60.22
SMP_4531,chr19,199939788,A,G,BRCA2,23.87
SMP_5439,chr21,75609353,G,A,TNF,52.17
SMP_6863,chr1,193802505,G,A,TP53,36.06
SMP_6282,chr10,46569064,G,T,VEGFA,40.71
SMP_6226,chr12,180014972,C,G,BRCA2,81.38
SMP_1905,chr12,128893241,T,C,MTHFR,75.05
SMP_5911,chr2,116599118,A,C,APOE,67.96
SMP_3271,chr20,42942248,T,G,IL6,98.86
SMP_7868,chr18,133105225,G,C,TNF,21.47
SMP_1563,chr10,133203615,G,T,MTHFR,51.39
SMP_2037,chr12,38691614,G,T,EGFR,83.51
SMP_7422,chr6,179707041,T,G,IL6,70.9
SMP_6101,chr3,26415182,C,T,APOE,22.0
SMP_9617,chr4,62120068,T,G,VEGFA,23.94
SMP_7255,chr10,179430021,C,T,VEGFA,72.34
SMP_3730,chr21,19705338,C,A,BRCA1,46.0
SMP_6961,chr13,167974131,C,G,MTHFR,20.12
SMP_8008,chr2,108509877,C,T,MYC,77.19
SMP_9134,chr15,51327824,C,T,TP53,82.99
SMP_9970,chr19,141940195,G,T,VEGFA,95.89
SMP_2459,chr5,184444905,A,G,IL6,64.61
SMP_5996,chr9,15728042,T,A,TNF,85.88
SMP_4169,chr17,93733936,G,T,TP53,73.55
SMP_1283,chr21,197875958,T,G,BRCA1,80.1
SMP_8565,chr8,238785253,C,G,EGFR,80.29
SMP_5792,chr8,167984382,G,T,VEGFA,30.11
SMP_4880,chr1,64785719,T,G,MYC,55.84
SMP_5918,chr2,230400579,A,G,TP53,64.1
SMP_5640,chr17,93048567,T,A,BRCA2,49.99
SMP_7005,chr6,228661185,A,T,BRCA1,64.59
SMP_6556,chr11,29210486,G,T,IL6,27.05
SMP_8895,chr15,100003638,T,G,BRCA2,60.89
SMP_3429,chr1,209359946,C,T,APOE,90.12
SMP_5438,chr21,69278161,G,C,TNF,46.13
SMP_9086,chr3,158169630,G,C,APOE,37.24
SMP_6606,chr1,48670750,C,G,APOE,73.77
SMP_4391,chr19,215722747,T,A,TNF,26.85
SMP_3210,chr6,203638725,C,G,TP53,59.44
SMP_4106,chr18,170427461,A,G,BRCA2,33.74
SMP_5731,chrY,86729607,C,A,TP53,24.26
SMP_9165,chr21,158600880,T,A,TP53,61.97
SMP_7750,chr8,124362386,T,A,MTHFR,21.76
SMP_3092,chrY,113195841,T,A,MYC,57.17
SMP_5128,chr15,181304805,G,T,EGFR,55.3
SMP_3837,chr8,137032294,G,A,IL6,27.78
SMP_4189,chr20,516167,A,T,EGFR,50.23
SMP_7757,chr13,212876257,G,T,BRCA1,36.65
SMP_1815,chr15,41340828,C,A,IL6,98.04
SMP_9351,chr18,149686786,A,T,BRCA1,50.02
SMP_8301,chr13,147253135,T,C,TP53,85.67
SMP_5352,chr11,101251835,T,G,TNF,50.3
SMP_4203,chr4,105364821,T,A,IL6,27.71
SMP_9288,chr1,197042842,T,G,TNF,87.34
SMP_4504,chr14,108159614,A,G,BRCA2,49.18
SMP_3699,chr18,90385067,A,C,MYC,61.28
SMP_3158,chr2,28952286,A,G,IL6,50.55
SMP_7601,chr11,111440034,A,C,BRCA2,66.18
SMP_4300,chr21,124290151,G,T,BRCA1,68.47
SMP_1559,chr4,215669867,C,T,TP53,47.54
SMP_6401,chr16,91346258,A,G,TNF,20.13
SMP_2395,chr10,62489073,G,C,TNF,39.23
SMP_2368,chr10,82609898,G,C,IL6,54.19
SMP_3079,chr11,222996402,G,T,TNF,28.1
SMP_1828,chr16,240139534,G,T,EGFR,68.43
SMP_1415,chr2,244519241,C,A,VEGFA,87.67
SMP_1240,chr18,214323581,G,C,TNF,56.63
SMP_9566,chr7,40487261,A,C,VEGFA,67.12
SMP_4788,chr3,62533623,A,T,VEGFA,94.25
SMP_9683,chr17,217435092,A,C,EGFR,84.51
SMP_2924,chr22,238156923,A,T,BRCA2,68.03
SMP_6967,chr11,83236657,T,C,TP53,63.78
SMP_1883,chr7,215975891,C,A,BRCA2,42.39
SMP_6348,chr6,186168920,C,A,VEGFA,64.14
SMP_5823,chr19,10270871,A,C,BRCA2,49.38
SMP_6030,chrX,177217212,G,C,BRCA2,64.82
SMP_8340,chr20,57142522,G,C,EGFR,55.87
SMP_1612,chr21,198881831,G,A,TP53,30.65
SMP_3777,chr17,186724301,G,C,APOE,49.82
SMP_1101,chr5,157697627,T,C,VEGFA,45.97
SMP_2588,chr1,248411869,C,G,BRCA2,31.14
SMP_8199,chr16,89724204,C,G,EGFR,90.1
SMP_3303,chr12,172976768,G,C,MYC,95.81
SMP_4123,chr6,135739551,C,G,TP53,60.45
SMP_7185,chr22,156858346,C,A,TP53,55.33
SMP_5770,chr19,53621733,C,A,TP53,38.55
SMP_6629,chr12,208266893,G,T,MYC,23.91
SMP_2984,chr3,106698768,T,C,VEGFA,49.05
SMP_2356,chr13,132439152,C,A,IL6,24.24
SMP_2737,chr4,150241296,T,A,VEGFA,59.18
SMP_4452,chr5,122718388,C,A,TP53,43.71
SMP_3369,chr20,10773469,C,A,EGFR,73.05
SMP_6914,chrX,157194815,C,A,BRCA1,89.98
SMP_3150,chr16,121152684,A,T,TNF,63.71
SMP_5048,chr22,204214689,T,C,TNF,91.25
SMP_5409,chr11,122534058,C,A,MTHFR,83.81
SMP_8929,chr16,858040,G,A,MTHFR,99.27
SMP_3712,chr16,205992720,A,G,APOE,49.06
SMP_8387,chr21,151225052,C,A,APOE,34.55
SMP_5052,chr5,2023039,T,A,IL6,82.78
SMP_7758,chr10,213315698,G,C,BRCA1,56.93
SMP_8641,chr1,159236095,A,T,IL6,32.72
SMP_5505,chr11,91040136,A,T,EGFR,56.47
SMP_2122,chr6,33179283,A,C,BRCA2,29.63
SMP_7417,chr16,96659895,A,G,MYC,79.15
SMP_1069,chr7,65514408,G,T,MYC,30.37
SMP_2319,chr18,69271234,C,G,MTHFR,80.5
SMP_1082,chr18,46464723,C,G,VEGFA,65.1
SMP_3352,chr19,9639959,T,G,MYC,71.79
SMP_4337,chr4,155719728,A,G,MYC,85.95
SMP_2302,chr21,235227452,A,G,EGFR,98.74
SMP_1805,chr14,100266547,T,G,MTHFR,56.23
SMP_6226,chrX,125775711,A,C,BRCA1,51.54
SMP_5146,chr14,35916289,G,C,VEGFA,46.49
SMP_8043,chr4,221783418,T,A,EGFR,70.78
SMP_3903,chr14,115308267,G,A,EGFR,40.32
SMP_3703,chr9,158610298,A,G,VEGFA,99.2
SMP_4901,chr7,195292475,T,C,IL6,30.56
SMP_4382,chrY,169513628,C,A,TP53,52.75
SMP_5921,chr19,202250983,C,T,APOE,22.51
SMP_8646,chr12,177582800,G,T,BRCA2,48.99
SMP_1476,chr19,118858347,A,G,TP53,44.57
SMP_8156,chr22,6504071,A,G,IL6,56.96
SMP_6367,chr6,141913950,G,C,TP53,43.58
SMP_7766,chr8,53139971,C,T,IL6,79.8
SMP_6263,chr22,187908966,G,A,TNF,88.19
SMP_1320,chr9,5740140,C,A,VEGFA,92.56
SMP_8296,chr19,122049190,C,G,APOE,69.41
SMP_6459,chr8,227090345,G,T,BRCA2,81.72
SMP_1491,chr9,212337823,A,G,VEGFA,68.09
SMP_7152,chr8,162650208,C,G,EGFR,87.37
SMP_1916,chr22,140837349,C,A,MTHFR,68.98
SMP_8951,chr18,191245772,T,G,VEGFA,20.22
SMP_4327,chr9,122933878,G,T,BRCA1,50.07
SMP_3280,chr19,66604854,C,T,EGFR,66.75
SMP_4985,chr14,26867868,C,A,IL6,22.97
SMP_3705,chr12,94848696,T,A,APOE,37.72
SMP_4922,chr5,240919557,A,T,IL6,67.87
SMP_5346,chr18,30913553,G,A,MTHFR,83.81
SMP_5873,chr10,53000577,G,T,MYC,25.72
SMP_5047,chr15,523607,A,T,MYC,52.98
SMP_2893,chr15,222228967,A,T,MYC,22.11
SMP_5614,chr15,155261673,A,T,TNF,55.55
SMP_4291,chr3,71281440,C,T,MYC,56.43
SMP_1102,chr9,27701775,G,C,IL6,30.98
SMP_2808,chr12,128592232,A,T,VEGFA,63.59
SMP_1047,chrX,75403028,G,C,TP53,77.04
SMP_4922,chr14,152096994,T,G,BRCA2,25.95
SMP_1490,chr7,77772620,C,A,MTHFR,21.59
SMP_7273,chr7,154791316,C,A,VEGFA,77.42
SMP_9838,chr5,103677992,C,T,MYC,70.09
SMP_5698,chr6,122435206,A,G,BRCA2,35.82
SMP_8200,chr10,179334306,C,G,VEGFA,50.87
SMP_7604,chr13,15289367,G,A,APOE,36.55
SMP_5278,chr5,49432065,G,T,EGFR,34.1
SMP_4141,chr6,249422675,C,T,TNF,57.47
SMP_6726,chr9,110423589,A,G,BRCA1,98.02
SMP_9010,chr9,49118076,T,C,EGFR,57.83
SMP_2199,chr3,141431502,G,T,BRCA2,75.68
SMP_3785,chr19,231301875,A,G,TP53,59.88
SMP_5618,chr18,164284330,G,A,BRCA1,49.74
SMP_2350,chr13,33498614,T,G,EGFR,43.21
SMP_5060,chr9,198406179,T,G,TP53,40.62
SMP_2264,chr7,162814609,G,A,IL6,74.07
SMP_2943,chr11,91074330,G,T,MYC,55.07
SMP_9157,chr5,134937208,G,T,TNF,57.3
SMP_7213,chr1,74534448,C,G,IL6,71.27
SMP_4574,chr17,31172856,A,T,MTHFR,20.57
SMP_4800,chr17,235099643,C,T,VEGFA,89.4
SMP_5557,chr19,219354991,G,C,MTHFR,79.98
SMP_3570,chr20,91208264,C,G,APOE,43.25
SMP_7790,chr2,62519714,A,G,BRCA1,25.74
SMP_5509,chr21,175148851,A,T,BRCA1,95.27
SMP_4315,chr10,28594783,C,T,BRCA2,59.55
SMP_2153,chr13,230521313,G,C,MTHFR,47.75
SMP_9976,chr8,146218962,A,T,MYC,66.9
SMP_8340,chr22,195833384,G,T,MTHFR,42.82
SMP_1041,chr13,169373399,C,G,TNF,72.63
SMP_4933,chr11,105091326,G,T,IL6,27.43
SMP_3966,chrX,49809992,A,G,EGFR,80.17
SMP_5597,chr1,79700746,C,A,BRCA2,23.3
SMP_7113,chr6,86030259,C,G,BRCA2,40.67
SMP_4749,chrX,180645021,G,A,EGFR,72.51
SMP_4539,chr16,86790111,G,T,TNF,47.89
SMP_1349,chr3,140556066,T,A,TP53,44.94
SMP_8759,chr5,76340813,T,G,VEGFA,41.63
SMP_5619,chr5,144353318,C,T,MTHFR,84.32
SMP_2178,chr5,244111108,G,C,APOE,73.27
SMP_6590,chr21,89783252,C,A,MYC,21.17
SMP_3670,chr17,36409429,C,A,MTHFR,63.36
SMP_5178,chr16,157105471,C,G,APOE,65.84
SMP_2419,chr7,97777140,A,T,TNF,92.75
SMP_6386,chr16,67809292,G,T,BRCA1,60.94
SMP_7678,chr13,30928814,C,G,IL6,71.55
SMP_7458,chrY,123836198,A,C,VEGFA,20.66
SMP_4858,chr18,140066165,G,T,VEGFA,32.94
SMP_3269,chr6,61968443,A,G,BRCA2,25.35
SMP_8239,chr1,237274187,C,T,TNF,56.36
SMP_1152,chr13,181872585,A,T,EGFR,70.14
SMP_7889,chr14,239461786,T,G,TNF,91.22
SMP_7958,chr6,119644407,T,A,MTHFR,28.25
SMP_2135,chr4,70981334,C,T,BRCA2,68.32
SMP_6716,chr11,100174446,C,T,MTHFR,70.55
SMP_3609,chr22,15658521,G,C,MTHFR,94.12
SMP_6510,chrX,33148038,A,G,VEGFA,35.51
SMP_5176,chr1,106096837,G,A,APOE,99.72
SMP_3696,chr20,140180374,A,T,TNF,40.38
SMP_1003,chr14,10275724,A,T,EGFR,64.88
SMP_6091,chr15,167341475,A,T,TNF,72.45
SMP_2558,chrY,242878260,A,C,MTHFR,51.25
SMP_6899,chr6,168591479,A,G,EGFR,47.08
SMP_7735,chr8,131071889,A,C,EGFR,51.92
SMP_5532,chrX,140175335,T,A,TP53,60.85
SMP_4390,chr12,124512678,G,C,TNF,85.59
SMP_6919,chrX,39960092,G,A,MYC,59.97
SMP_7838,chr21,201140877,C,T,APOE,95.51
SMP_4586,chr15,108106248,T,A,VEGFA,43.52
SMP_7333,chr1,71402966,A,C,MYC,46.19
SMP_6879,chr11,92190585,G,A,APOE,30.42
SMP_5515,chr12,201537698,G,T,TP53,27.59
SMP_5258,chr1,129340953,C,G,BRCA1,23.76
SMP_8912,chr20,183674561,G,T,EGFR,43.19
SMP_2890,chr21,168491895,C,G,MYC,87.93
SMP_3329,chr9,86064926,G,C,MYC,83.2
SMP_6763,chr17,100333549,A,G,TP53,84.38
SMP_1220,chr7,39124951,G,C,EGFR,48.72
SMP_5614,chr12,223569388,T,C,IL6,67.98
SMP_7944,chr20,134130653,A,T,TNF,72.45
SMP_4367,chr10,89821073,G,C,VEGFA,86.26
SMP_9177,chr8,127431605,C,G,IL6,57.79
SMP_9230,chr5,92711450,C,G,VEGFA,22.25
SMP_3821,chr6,128016752,A,C,TP53,27.8
SMP_1621,chr15,30617907,G,T,VEGFA,48.94
SMP_5567,chr11,226274781,G,C,BRCA1,34.41
SMP_5884,chr22,180885228,C,A,EGFR,51.88
SMP_6242,chr6,239219005,A,T,VEGFA,95.88
SMP_5604,chr12,104613955,T,C,BRCA1,96.42
SMP_8258,chr21,10304756,A,G,TNF,42.06
SMP_5722,chr11,211417830,C,G,APOE,48.9
SMP_3995,chr20,47595469,G,A,TNF,42.01
SMP_3950,chr5,107108530,C,A,APOE,30.16
SMP_4779,chr11,53837219,C,G,MYC,39.69
SMP_1408,chr22,16579740,A,T,TP53,43.92
SMP_3205,chr17,44693461,A,G,MYC,62.89
SMP_1850,chr12,137209582,C,T,VEGFA,34.81
SMP_6513,chr8,223559693,A,C,EGFR,75.68
SMP_5603,chr1,69907830,G,T,APOE,83.45
SMP_4949,chr21,133552234,A,T,TNF,98.55
SMP_7976,chr19,100971025,T,C,EGFR,87.08
SMP_3986,chr22,24577725,C,G,EGFR,89.74
SMP_2352,chr8,183222325,A,T,VEGFA,77.33
SMP_5164,chr11,100609467,A,C,IL6,81.13
SMP_7050,chr21,202188458,A,G,MTHFR,60.05
SMP_9031,chr7,74225197,A,T,APOE,76.68
SMP_8836,chrY,75044962,G,A,APOE,82.58
SMP_9395,chr11,239585003,G,T,APOE,48.64
SMP_7934,chr21,210909460,T,A,TNF,50.19
SMP_1304,chr21,211678536,G,C,VEGFA,26.64
SMP_5023,chr1,178284903,C,G,VEGFA,65.27
SMP_2172,chr2,211096750,T,C,TP53,67.99
SMP_9165,chrY,136469588,A,G,IL6,66.45
SMP_4007,chr5,23875619,T,C,APOE,72.89
SMP_3799,chr1,172578338,T,C,MYC,30.59
SMP_6342,chr18,238143682,A,C,VEGFA,45.18
SMP_7070,chr22,193444103,G,A,EGFR,26.51
SMP_4934,chr20,73204013,G,T,TP53,78.07
SMP_5935,chr11,90131578,A,C,EGFR,88.8
SMP_6836,chr20,157353749,A,C,APOE,83.35
SMP_3450,chr18,43663158,T,G,VEGFA,61.28
SMP_6947,chr15,192579570,A,G,IL6,61.38
SMP_9168,chr22,126534291,A,T,APOE,46.63
SMP_8480,chr1,76699986,C,G,VEGFA,97.3
SMP_9435,chr8,53546096,G,T,EGFR,79.6
SMP_4242,chrX,150595086,C,G,APOE,65.27
SMP_8770,chr2,42188679,G,A,IL6,95.9
SMP_4106,chr9,236631727,A,T,VEGFA,56.46
SMP_4467,chr20,140049631,C,G,EGFR,32.91
SMP_2072,chr3,167186266,C,A,MYC,56.97
SMP_7215,chr11,66743616,G,A,MYC,30.97
SMP_7299,chr4,176353332,C,G,EGFR,99.25
SMP_5563,chr22,241378350,G,T,BRCA1,23.18
SMP_3856,chr8,170549100,A,G,BRCA1,87.91
SMP_2793,chr17,171140592,C,A,BRCA2,30.33
SMP_8525,chr22,27844398,G,C,APOE,35.84
SMP_6051,chr2,188062394,T,G,APOE,80.89
SMP_5791,chr19,186941383,G,A,TP53,59.03
SMP_3646,chr16,198158937,C,G,EGFR,25.97
SMP_9846,chr3,34603252,A,G,BRCA1,62.63
SMP_5976,chr13,108342450,G,T,IL6,40.09
SMP_3408,chr4,209415448,A,C,EGFR,40.73
SMP_2955,chr12,145510393,C,T,MTHFR,48.08
SMP_8984,chr9,15013886,G,C,IL6,22.04
SMP_8551,chr16,4219952,T,C,BRCA1,23.82
SMP_4885,chr17,166932037,A,T,MTHFR,21.48
SMP_8987,chr1,48944202,T,A,VEGFA,71.19
SMP_6855,chr10,135355659,G,T,BRCA2,77.75
SMP_1435,chrY,78389882,G,A,IL6,91.06
SMP_5568,chr12,111758736,T,C,BRCA1,30.93
SMP_9320,chr8,116427030,A,G,TNF,66.16
SMP_2413,chr15,169198354,T,C,VEGFA,50.17
SMP_4194,chr22,26723066,A,T,BRCA1,59.15
SMP_1992,chr19,192983452,T,A,BRCA2,45.77
SMP_2445,chr17,156591242,G,T,MTHFR,37.76
SMP_9396,chr7,115130012,T,G,MYC,29.71
SMP_3347,chr9,4213594,T,A,IL6,31.55
SMP_4060,chr20,114503297,A,C,IL6,65.77
SMP_2789,chr20,161127174,T,A,BRCA2,33.39
SMP_4142,chr6,100138794,A,G,TP53,60.29
SMP_4502,chr2,221134106,A,C,BRCA1,86.13
SMP_4461,chr20,40811090,T,A,VEGFA,26.75
SMP_6815,chr20,62743784,G,C,EGFR,92.79
SMP_5350,chr21,64671377,G,T,MYC,48.56
SMP_8303,chr7,104347152,G,T,APOE,82.1
SMP_4453,chr18,203540002,G,C,TP53,81.84
SMP_3283,chr17,22886940,T,C,BRCA1,35.49
SMP_6194,chr8,107879784,T,G,APOE,41.49
SMP_8973,chr14,183761178,G,C,BRCA2,76.27
SMP_1305,chr7,249220925,G,T,APOE,41.52
SMP_6590,chr7,147654457,C,T,TNF,34.46
SMP_3869,chrX,127643421,G,A,BRCA1,53.01
SMP_7057,chr21,5836018,T,A,APOE,61.29
SMP_3894,chr8,229888305,C,A,MTHFR,68.67
SMP_5224,chr22,229400173,A,T,EGFR,93.82
SMP_4336,chr6,211228428,C,G,APOE,46.05
SMP_5096,chr9,8119046,T,A,TNF,55.1
SMP_9502,chr7,201801466,G,C,EGFR,76.2
SMP_8601,chr17,120746541,T,A,TP53,35.11
SMP_1559,chr20,16310363,A,T,MYC,93.28
SMP_5427,chr6,193107204,A,T,BRCA2,22.52
SMP_4756,chr6,30338430,G,C,MYC,33.36
SMP_7928,chr22,11587391,C,A,TP53,54.13
SMP_2227,chr2,241909735,A,T,MTHFR,53.31
SMP_3279,chr13,200500239,A,T,VEGFA,31.92
SMP_6323,chr7,216109799,G,T,APOE,92.02
SMP_8900,chr3,130298543,T,A,TNF,72.95
SMP_3899,chr18,54650614,A,T,APOE,74.13
SMP_7507,chrY,166802130,A,T,APOE,93.67
SMP_9127,chr13,76920341,C,T,TNF,86.39
SMP_5984,chr11,167168049,G,C,BRCA1,64.39
SMP_5157,chr5,220113325,A,G,TNF,49.58
SMP_8789,chr2,39938144,T,C,VEGFA,67.12
SMP_8117,chr2,83408649,A,G,MTHFR,92.71
SMP_2051,chr19,108772821,C,G,VEGFA,94.66
SMP_4970,chr11,144288663,T,A,IL6,95.94
SMP_8141,chr19,23073456,G,C,TNF,50.34
SMP_6266,chr12,106079236,A,T,BRCA1,22.88
SMP_6479,chr14,32260432,G,T,BRCA2,91.02
SMP_2388,chr12,226688749,C,G,VEGFA,59.51
SMP_2077,chr16,147554252,C,A,EGFR,54.4
SMP_1192,chrX,201800630,T,A,APOE,31.78
SMP_6525,chr14,238015715,C,A,IL6,27.66
SMP_9053,chr11,95073990,G,C,MTHFR,37.56
SMP_6234,chr12,74603119,A,G,MTHFR,40.63
SMP_2141,chr2,136512999,C,T,MYC,89.95
SMP_9950,chr4,223740068,A,G,APOE,65.54
SMP_4851,chr8,56199864,G,C,BRCA1,40.93
SMP_8319,chr11,210882975,G,A,VEGFA,52.63
SMP_8695,chr17,135889675,A,T,EGFR,33.62
SMP_3519,chr3,219400171,G,C,TNF,59.01
SMP_8932,chr11,100355458,T,A,MYC,91.49
SMP_8754,chr5,85438733,T,A,MYC,25.05
SMP_5869,chr12,98972763,G,A,BRCA2,68.71
SMP_3992,chr12,112070104,A,G,APOE,50.75
SMP_9713,chr8,44984770,G,T,TNF,28.93
SMP_4187,chr17,239794724,T,C,IL6,79.73
SMP_7010,chr10,72517141,A,T,EGFR,73.24
SMP_3821,chr20,209302985,A,C,MTHFR,39.55
SMP_6427,chr16,32464552,T,C,TP53,65.83
SMP_1331,chr7,218014654,C,G,EGFR,65.43
SMP_3341,chr3,231884216,T,A,MYC,31.13
SMP_9246,chr10,194860629,C,T,MYC,90.59
SMP_3864,chr19,234639796,G,C,TP53,27.93
SMP_7131,chr9,147418238,C,T,VEGFA,85.32
SMP_2800,chr2,217592675,T,C,TP53,20.26
SMP_3672,chr15,95207429,T,C,VEGFA,39.2
SMP_3163,chr1,213530994,A,G,BRCA1,83.39
SMP_5761,chr13,159546049,T,G,APOE,41.03
SMP_8763,chr14,57649780,C,T,BRCA2,41.31
SMP_6814,chr14,144818899,C,T,EGFR,84.82
SMP_4790,chr16,229895432,T,G,BRCA1,86.36
SMP_4225,chrX,219954520,C,G,MTHFR,40.35
SMP_2202,chr6,181165029,A,T,TNF,35.58
SMP_3922,chr8,201435695,C,G,APOE,28.63
SMP_1603,chr12,67666988,A,G,BRCA1,97.01
SMP_7901,chr5,17946991,A,G,VEGFA,77.76
SMP_7178,chr21,239501762,A,C,TNF,96.44
SMP_9680,chr13,93076616,T,G,VEGFA,48.4
SMP_5117,chr14,91713421,A,G,VEGFA,78.55
SMP_5807,chr19,60362104,A,G,TP53,67.12
SMP_3910,chr15,137715476,A,C,EGFR,85.25
SMP_6323,chr17,154615281,T,C,IL6,44.71
SMP_9516,chr5,30863929,T,A,BRCA1,21.37
SMP_6894,chr10,136477732,T,C,MTHFR,37.35
SMP_5463,chr9,237698909,A,T,VEGFA,94.1
SMP_7395,chr3,66833652,A,G,TNF,28.32
SMP_6116,chrX,209364436,C,A,APOE,86.33
SMP_8226,chrY,121120185,A,G,VEGFA,34.22
SMP_7456,chr10,126397136,C,G,APOE,74.33
SMP_9651,chr18,53888453,C,T,EGFR,25.66
SMP_5204,chr1,77489094,G,A,IL6,49.85
SMP_3423,chr12,188926335,G,A,MTHFR,90.79
SMP_8090,chr4,191323293,T,G,TP53,23.23
SMP_2712,chr7,117763075,C,A,EGFR,75.61
SMP_6011,chr5,171306452,T,C,IL6,56.45
SMP_5108,chr16,41381324,T,G,IL6,29.88
SMP_2382,chr19,169010712,C,G,BRCA1,80.69
SMP_8888,chr4,58257818,T,A,MYC,36.75
SMP_9843,chr1,15869720,T,C,MTHFR,50.45
SMP_8375,chr21,155383078,A,G,IL6,27.34
SMP_1946,chr5,217328667,G,T,MTHFR,70.03
SMP_7740,chr10,218869891,A,G,TNF,85.92
SMP_2838,chr9,98118080,C,A,APOE,60.58
SMP_7319,chr10,138653229,T,A,APOE,36.56
SMP_5974,chr7,7711046,G,T,VEGFA,29.1
SMP_4315,chr14,194408135,G,C,EGFR,60.82
SMP_1763,chr10,202945110,C,G,VEGFA,40.94
SMP_9711,chr17,69153403,C,T,EGFR,46.38
SMP_3747,chr13,147956613,T,C,EGFR,99.6
SMP_3896,chr11,197749523,C,G,TP53,84.34
SMP_1879,chr3,129384401,T,C,IL6,45.67
SMP_1656,chr16,235936377,C,A,EGFR,97.77
SMP_2659,chrX,188909851,T,C,IL6,60.72
SMP_7684,chr10,136811569,T,G,VEGFA,50.36
SMP_7855,chr1,8466792,C,T,IL6,85.69
SMP_1311,chr8,132114054,C,T,VEGFA,84.85
SMP_6767,chr6,202875550,A,G,BRCA1,69.33
SMP_9264,chr6,170698474,A,G,VEGFA,60.32
SMP_4403,chr7,45149133,C,T,MTHFR,82.76
SMP_1313,chr13,81024224,A,C,IL6,29.94
SMP_2792,chr22,248886314,T,C,TNF,78.9
SMP_6577,chr10,123141598,T,C,APOE,29.95
SMP_2508,chr1,12780398,T,A,MYC,67.66
SMP_2229,chr22,23785014,A,C,TNF,37.95
SMP_4239,chr13,137037619,A,G,TNF,26.55
SMP_3491,chr14,124366709,G,C,TNF,55.29
SMP_9309,chr2,43886197,T,A,MYC,64.09
SMP_5121,chr1,246532724,C,T,VEGFA,89.86
SMP_8446,chr22,226750483,G,T,APOE,82.37
SMP_8816,chr12,50698576,G,C,BRCA1,97.58
SMP_1344,chr18,20027688,T,C,TP53,40.4
SMP_5398,chr21,124278575,G,T,BRCA2,42.46
SMP_1860,chr22,68265516,C,A,EGFR,54.85
SMP_9092,chr4,132851423,A,G,BRCA2,51.15
SMP_4378,chr9,109214770,A,T,MYC,49.29
SMP_1356,chr6,165509856,T,A,MTHFR,26.0
SMP_1218,chr1,244996927,G,A,TNF,68.75
SMP_7437,chr13,41767432,T,G,MYC,56.87
SMP_2785,chr3,177469918,C,A,TP53,29.7
SMP_1423,chr9,215046085,T,C,APOE,81.19
SMP_3781,chr13,101646156,A,G,BRCA1,63.4
SMP_8189,chr8,67621502,C,A,TNF,75.55
SMP_3099,chr5,79404186,G,T,MTHFR,96.63
SMP_1099,chr7,110304867,A,C,APOE,48.27
SMP_4014,chr11,115781790,A,C,BRCA1,29.1
SMP_6879,chr7,174690148,A,T,MYC,60.92
SMP_5021,chr7,175726069,A,G,IL6,84.16
SMP_9960,chr12,188364777,A,T,EGFR,82.78
SMP_8459,chr12,99274486,A,G,APOE,39.63
SMP_6186,chr4,176599622,G,A,TNF,49.81
SMP_6611,chr6,114668081,A,C,IL6,87.99
SMP_5069,chr21,181908033,A,G,TNF,99.03
SMP_5946,chr14,224265479,A,G,VEGFA,85.82
SMP_6070,chr7,246150072,T,C,TNF,98.45
SMP_2514,chr13,126576406,A,G,IL6,50.09
SMP_6568,chr18,193630893,T,C,MYC,65.15
SMP_9446,chr18,157780134,T,A,MTHFR,83.04
SMP_8047,chr20,136032430,T,A,MTHFR,70.07
SMP_3788,chr14,137397360,C,A,MTHFR,51.44
SMP_6625,chr3,244212453,C,T,TNF,72.46
SMP_5657,chr18,110293198,T,A,EGFR,34.91
SMP_9524,chr14,244457593,C,A,EGFR,70.91
SMP_6220,chr6,76810113,C,T,VEGFA,65.86
SMP_5013,chr18,214473682,G,A,BRCA2,24.91
SMP_3844,chr2,168969628,C,G,MYC,95.21
SMP_5223,chr22,114405979,T,C,IL6,97.36
SMP_5654,chr14,72591571,G,T,MYC,51.03
SMP_5359,chr21,99783411,C,A,BRCA1,57.82
SMP_1049,chr5,217468308,G,T,APOE,37.57
SMP_2052,chr7,68839900,A,T,TP53,74.77
SMP_3188,chrX,110044860,G,T,BRCA2,37.19
SMP_3194,chr19,186163798,G,A,APOE,91.04
SMP_6599,chr8,19685612,A,T,MYC,44.33
SMP_3696,chr3,74505789,G,T,APOE,28.63
SMP_5589,chr17,246935930,G,C,APOE,69.15
SMP_7882,chr19,34756418,T,A,BRCA2,55.12
SMP_6320,chr21,239125173,G,C,EGFR,27.34
SMP_8271,chr8,31189420,A,C,MYC,50.0
SMP_2964,chr11,132768260,A,C,MYC,70.24
SMP_8389,chr17,189788779,G,C,MYC,32.33
SMP_7825,chr7,5465553,T,G,MYC,87.44
SMP_3852,chr14,65613356,G,A,BRCA1,98.21
SMP_7017,chr11,136093154,A,C,BRCA1,51.75
SMP_3572,chrY,154422686,T,A,TP53,50.79
SMP_3692,chr9,109655999,T,G,TNF,26.96
SMP_7253,chr12,15278440,G,C,VEGFA,68.02
SMP_9918,chr9,181886200,T,G,MYC,80.41
SMP_8008,chrX,112651887,G,T,IL6,96.75
SMP_4439,chr3,214596887,T,G,TNF,56.47
SMP_6732,chr15,177166767,T,G,BRCA1,78.9
SMP_9389,chr3,190724890,A,G,VEGFA,78.82
SMP_1166,chr14,77731852,C,A,IL6,34.9
SMP_2426,chr2,119918313,C,A,EGFR,54.02
SMP_2324,chr1,49904834,C,A,TP53,77.65
SMP_3477,chrY,6543423,A,C,IL6,54.61
SMP_5976,chr7,217066383,C,G,VEGFA,99.52
SMP_8815,chr12,40303304,A,C,VEGFA,33.43
SMP_1532,chr1,139398873,G,T,IL6,92.04
SMP_8525,chr10,115604673,T,C,TNF,92.0
SMP_1172,chr7,214438951,C,T,TP53,43.38
SMP_3055,chr19,133711483,A,T,TP53,43.98
SMP_8167,chr14,172092401,G,T,TNF,53.26
SMP_8901,chr21,188813559,A,C,MTHFR,63.82
SMP_2398,chr20,159937380,T,A,EGFR,88.52
SMP_1685,chr8,154266817,C,A,BRCA1,25.8
SMP_6747,chr1,157616607,A,T,TP53,54.55
SMP_1033,chr8,191665928,T,A,BRCA1,43.99
SMP_6710,chr2,95114101,A,T,TP53,58.08
SMP_4873,chr5,45233322,C,A,MYC,98.09
SMP_7288,chr2,241015311,T,A,MTHFR,54.49
SMP_3371,chr10,49518717,C,T,APOE,81.23
SMP_6299,chr3,36165277,T,G,BRCA1,37.18
SMP_1719,chr21,149604151,T,G,TNF,56.4
SMP_3284,chr13,117566751,A,C,EGFR,37.06
SMP_2657,chr7,62487001,T,G,BRCA2,24.6
SMP_2684,chr9,77941753,G,T,IL6,74.81
SMP_5961,chr11,222714769,C,G,MYC,50.9
SMP_1252,chr21,240124497,T,C,EGFR,54.87
SMP_8925,chr22,23345952,A,G,VEGFA,65.41
SMP_3000,chr7,142330046,G,T,BRCA1,62.61
SMP_8265,chr3,208183284,C,T,BRCA1,81.64
SMP_5033,chr6,87283323,G,A,TP53,78.49
SMP_6794,chr22,156754692,A,T,TNF,58.58
SMP_3902,chr1,167055371,G,C,BRCA1,35.5
SMP_9228,chr19,239908029,G,T,BRCA1,43.99
SMP_4231,chr2,98587927,A,T,BRCA2,87.5
SMP_3059,chr13,66586830,T,G,TNF,37.54
SMP_8957,chr4,113543618,T,G,MYC,76.26
SMP_9562,chr2,232395316,A,T,MTHFR,66.33
SMP_6761,chr9,209583410,C,T,APOE,58.21
SMP_4440,chr5,189028777,C,G,MTHFR,97.64
SMP_5134,chr13,224509428,G,A,IL6,73.73
SMP_8539,chr22,214195113,A,T,BRCA2,91.1
SMP_9018,chr3,52131968,G,A,TNF,64.23
SMP_4705,chr9,70865158,G,A,BRCA2,68.45
SMP_1977,chr2,154017446,G,C,VEGFA,85.85
SMP_9924,chr19,22088304,A,T,BRCA2,45.81
SMP_9954,chr22,163975306,C,G,TP53,88.35
SMP_5175,chr12,218847451,T,G,APOE,74.53
SMP_3219,chr1,22681129,T,C,IL6,92.33
SMP_5955,chr1,40379838,C,G,BRCA2,48.16
SMP_1964,chr7,55837215,C,A,BRCA1,33.25
SMP_1473,chr20,11915628,T,A,EGFR,55.0
SMP_7592,chr12,35916196,G,A,MTHFR,25.92
SMP_6582,chr7,243047412,C,A,MTHFR,58.63
SMP_1394,chr4,61752559,C,G,BRCA1,87.54
SMP_4083,chr17,122571470,C,G,APOE,75.26
SMP_2553,chr22,172089826,G,T,BRCA1,87.32
SMP_4473,chr18,136114786,A,T,VEGFA,82.7
SMP_2143,chr18,143772735,A,G,VEGFA,87.66
SMP_8100,chr18,68313694,C,T,APOE,50.45
SMP_9068,chr13,121147580,G,A,VEGFA,75.01
SMP_8925,chr20,213006162,A,C,MTHFR,50.5
SMP_1637,chr11,210612372,G,A,VEGFA,91.66
SMP_5802,chrY,174221494,T,G,MYC,36.49
SMP_8757,chr4,28305288,G,A,BRCA2,81.1
SMP_2283,chr13,144852770,T,G,APOE,87.85
SMP_3534,chr16,129889577,G,A,TP53,90.96
SMP_9729,chr5,27426243,G,A,MYC,27.54
SMP_4116,chrY,220259062,A,C,TP53,98.57
SMP_6394,chr5,217909818,C,T,IL6,91.39
SMP_2597,chr5,245774845,A,G,MYC,47.78
SMP_8089,chr11,191748401,C,A,TP53,92.21
SMP_8823,chr9,137553261,G,C,APOE,62.03
SMP_3656,chr16,119017211,G,A,TNF,59.94
SMP_7995,chr20,201837050,A,G,TNF,65.26
SMP_4898,chr12,240287307,G,A,MTHFR,26.05
SMP_8899,chr22,37958848,A,C,IL6,79.58
SMP_7965,chr20,120826278,A,C,BRCA2,51.58
SMP_4740,chr11,198341093,G,A,EGFR,73.02
SMP_4029,chr4,57681177,A,T,BRCA1,42.41
SMP_2178,chr20,214157574,G,T,IL6,64.68
SMP_6847,chrX,140919133,A,C,TNF,32.68
SMP_1637,chr16,152405904,C,T,IL6,28.21
SMP_3262,chr7,128003061,G,C,BRCA1,20.55
SMP_3055,chr17,108724825,T,C,EGFR,57.67
SMP_6461,chr16,2521409,A,C,TNF,31.29
SMP_3978,chr16,225993747,G,C,BRCA1,75.75
SMP_8053,chr9,171184078,T,C,APOE,37.28
SMP_1703,chr1,65542434,A,C,VEGFA,21.55
SMP_7486,chrY,86551144,C,T,BRCA2,90.41
SMP_7638,chr18,105395063,G,C,VEGFA,87.37
SMP_9385,chr6,46367640,T,C,BRCA1,91.82
SMP_1789,chr1,229685071,A,G,TP53,84.46
SMP_8010,chr14,232893829,A,C,TP53,70.04
SMP_2257,chr19,123532819,C,A,EGFR,40.58
SMP_8126,chr2,108350250,G,A,BRCA2,91.0
SMP_5164,chr20,2991527,A,C,BRCA2,28.64
SMP_4683,chr2,36058054,C,A,BRCA1,29.32
SMP_7943,chr9,111338147,A,G,EGFR,66.96
SMP_2466,chr21,224095456,A,T,TP53,88.88
SMP_2946,chr7,149372518,G,C,BRCA2,99.09
SMP_3015,chr18,231532310,T,C,TNF,41.23
SMP_2143,chr20,124631101,G,T,APOE,89.2
SMP_9496,chr15,182230005,C,T,MTHFR,25.31
SMP_1719,chr4,109085052,G,C,MYC,34.56
SMP_1327,chr1,105407471,G,C,TP53,98.94
SMP_3136,chr20,139426744,C,T,IL6,95.0
SMP_8473,chr11,14563825,A,G,MYC,89.92
SMP_5055,chr17,84342720,A,G,TP53,39.52
SMP_8010,chr16,170509487,T,G,TNF,88.11
SMP_9002,chr13,108165940,C,T,TNF,76.49
SMP_5478,chr17,189271058,A,G,TP53,52.06
SMP_3394,chr20,68047021,G,A,TP53,57.3
SMP_1488,chr11,121480850,T,G,APOE,78.22
SMP_1286,chr17,205287757,G,A,IL6,93.37
SMP_8676,chr19,13131550,T,A,TP53,23.6
SMP_1814,chr10,207955421,C,A,APOE,56.51
SMP_4844,chr20,17839653,T,A,IL6,91.91
SMP_5483,chr15,173657424,C,A,BRCA1,67.38
SMP_6065,chr11,226635923,G,T,TP53,75.75
SMP_2701,chr14,165756635,C,T,BRCA2,36.97
SMP_9391,chr16,115029622,T,A,MTHFR,64.36
SMP_7107,chr13,241355853,A,C,APOE,23.43
SMP_5660,chr2,31083697,C,G,TP53,78.86
SMP_5204,chr4,123982026,C,T,IL6,53.08
SMP_2864,chr21,115461259,A,C,EGFR,20.81
SMP_7980,chr2,136810017,G,T,EGFR,86.58
SMP_7002,chr1,129981266,T,C,BRCA2,89.6
SMP_7277,chr1,102353580,A,C,EGFR,36.0
SMP_2456,chr6,17233686,T,A,APOE,58.9
SMP_3740,chr10,182740004,C,T,BRCA2,55.16
SMP_5778,chr11,5424799,C,A,BRCA2,54.06
SMP_5373,chr9,93138070,C,A,TNF,80.18
SMP_7430,chr12,42133205,C,A,MTHFR,66.07
SMP_3422,chr11,185802735,T,G,BRCA1,47.28
SMP_5638,chr3,159781491,T,G,APOE,98.88
SMP_5972,chr10,79722004,G,T,IL6,86.91
SMP_5294,chr7,68216515,C,T,APOE,86.6
SMP_9531,chr1,43326894,C,A,VEGFA,32.2
SMP_7256,chr17,230945764,A,G,VEGFA,89.18
SMP_3476,chr12,11605137,G,A,EGFR,88.04
SMP_2468,chr1,8317675,G,C,EGFR,68.1
SMP_8773,chr1,150913141,A,G,TP53,43.04
SMP_4622,chr14,231309301,T,A,APOE,22.97
SMP_1528,chr16,245586310,T,G,BRCA1,93.79
SMP_6593,chr11,86487683,A,T,IL6,79.23
SMP_9571,chr10,51331206,C,G,BRCA1,97.46
SMP_8418,chr15,77717747,G,C,APOE,56.0
SMP_9987,chr8,80164126,T,G,BRCA2,72.77
SMP_2229,chr9,181004912,G,A,BRCA2,63.94
SMP_7190,chr15,195143331,A,C,MYC,65.65
SMP_6007,chr3,22705697,T,G,TP53,31.0
SMP_4161,chr10,210919204,C,G,EGFR,98.24
SMP_5070,chr10,36380670,C,G,MYC,72.41
SMP_9686,chr16,7462232,G,C,BRCA1,82.37
SMP_6333,chr22,192747929,G,C,TNF,45.39
SMP_8120,chrX,31197389,A,G,TP53,50.11
SMP_7274,chr3,248261545,T,A,VEGFA,33.57
SMP_6283,chr1,32527784,C,T,MYC,98.04
SMP_3684,chrY,209786463,G,T,VEGFA,52.6
SMP_2475,chr3,73229481,A,T,EGFR,54.74
SMP_4349,chr21,53164645,A,G,EGFR,31.36
SMP_3793,chr7,150111128,T,C,EGFR,32.41
SMP_2884,chr1,202035792,C,A,IL6,59.37
SMP_5030,chr9,209665512,A,G,BRCA1,63.33
SMP_9398,chr21,135487385,C,G,MTHFR,69.67
SMP_5201,chr11,25630758,T,A,VEGFA,42.2
SMP_6093,chr13,110135583,T,G,IL6,92.99
SMP_3151,chr20,181288016,G,T,BRCA2,24.66
SMP_2399,chr2,119541601,A,T,EGFR,75.73
SMP_8544,chr12,151608423,G,A,TNF,67.82
SMP_6712,chr9,220469379,C,A,MTHFR,43.56
SMP_2256,chr15,99109518,T,C,TNF,24.13
SMP_5901,chr17,202128018,A,T,APOE,29.71
SMP_8021,chr16,203295577,T,C,APOE,45.22
SMP_3488,chr9,71918060,G,C,VEGFA,74.57
SMP_9659,chr1,68661514,G,A,BRCA2,29.33
SMP_6265,chr20,135936025,T,G,TNF,83.72
SMP_8792,chr11,28402204,C,G,VEGFA,45.61
SMP_2659,chr18,22877146,G,A,MTHFR,95.3
SMP_6917,chr11,78127556,A,G,TP53,85.67
SMP_9981,chr3,173401515,T,C,TNF,59.76
SMP_2226,chr19,160632951,G,A,BRCA1,45.6
SMP_5747,chr22,69007285,C,A,APOE,66.53
SMP_5904,chr11,147376834,C,G,BRCA1,50.02
SMP_4550,chr14,130028126,T,A,APOE,38.41
SMP_2967,chr1,27949781,G,A,APOE,90.66
SMP_8088,chr21,100186825,G,A,VEGFA,82.75
SMP_3155,chr15,81871541,C,T,VEGFA,51.84
SMP_4268,chr4,61952994,G,C,IL6,28.8
SMP_8533,chr2,247640119,A,C,APOE,88.01
SMP_5485,chr10,149681158,C,G,TNF,36.98
SMP_1563,chr12,5903085,T,G,MYC,71.75
SMP_5540,chr15,79166018,T,G,VEGFA,42.43
SMP_4523,chr3,45338191,T,C,VEGFA,49.43
SMP_8462,chrY,229742906,T,C,VEGFA,36.32
SMP_3167,chr17,102211695,G,C,APOE,71.58
SMP_5732,chr4,27492596,C,A,EGFR,57.75
SMP_6791,chr11,76180478,A,C,IL6,32.42
SMP_7850,chr19,66203676,A,G,BRCA1,83.96
SMP_2935,chr1,2309957,T,G,MYC,29.31
SMP_4140,chrY,128439400,A,T,APOE,64.89
SMP_1375,chr8,176789022,C,T,BRCA2,87.82
SMP_6405,chr10,226236444,G,T,MTHFR,23.49
SMP_8703,chr21,72291905,C,G,IL6,43.68
SMP_5362,chr4,53546503,T,G,TP53,93.9
SMP_7330,chr18,160005697,A,C,MYC,40.2
SMP_4901,chr15,166054668,C,G,MTHFR,22.11
SMP_8615,chr8,155672146,T,G,BRCA2,90.91
SMP_5761,chr22,155410458,C,G,BRCA2,52.57
SMP_6513,chr18,117287620,G,C,TNF,87.77
SMP_8578,chr4,219682520,G,A,EGFR,38.47
SMP_9812,chr12,115478786,A,T,TP53,92.93
SMP_2028,chr17,199410440,T,A,IL6,32.98
SMP_2497,chr16,204381971,T,A,VEGFA,78.92
SMP_6269,chr2,229249093,G,C,APOE,48.36
SMP_6309,chr10,157628148,T,G,TP53,69.94
SMP_2167,chr6,110743420,G,A,BRCA2,65.41
SMP_6603,chr14,157461416,C,A,EGFR,72.63
SMP_6718,chr10,156463972,T,G,BRCA2,25.55
SMP_4916,chr20,201448371,C,T,MTHFR,74.38
SMP_2229,chr7,193176618,T,G,MYC,58.54
SMP_4306,chr21,100988090,T,C,IL6,71.68
SMP_1671,chr5,244214326,G,C,BRCA2,48.39
SMP_2048,chr1,10709814,C,A,MYC,39.36
SMP_2909,chr7,198183143,T,C,BRCA2,74.05
SMP_1302,chr3,220306744,A,T,IL6,63.01
SMP_7270,chr5,80027917,G,C,MTHFR,35.27
SMP_5922,chrX,553356,G,C,EGFR,68.91
SMP_7169,chr14,216940678,T,C,TP53,61.89
SMP_7438,chr9,170980988,A,T,TP53,47.75
SMP_3641,chr22,166437773,T,G,BRCA1,97.39
SMP_4257,chrX,55221780,G,T,TNF,46.34
SMP_7064,chr21,145817036,G,A,MYC,90.04
SMP_6923,chr19,91789308,A,G,BRCA1,74.29
SMP_4310,chr19,237226441,A,C,MTHFR,81.87
SMP_6433,chr7,14547575,T,G,EGFR,99.75
SMP_8712,chr4,146536992,T,A,EGFR,37.33
SMP_9754,chr12,196221663,A,C,APOE,43.5
SMP_5048,chr17,219958474,T,C,TP53,81.44
SMP_6309,chr9,241387852,G,A,TP53,21.08
SMP_8198,chrY,44705150,T,A,MTHFR,85.6
SMP_5499,chr10,204258248,G,A,IL6,74.16
SMP_1210,chr8,22970381,A,T,VEGFA,98.69
SMP_2008,chr9,22715764,T,G,MTHFR,77.14
SMP_9847,chr17,92332997,G,C,TNF,63.14
SMP_6494,chr4,80984992,T,C,MYC,46.32
SMP_3740,chrX,102115881,C,T,BRCA1,45.49
SMP_2455,chr12,167535154,T,G,EGFR,55.34
SMP_8372,chr3,189279905,A,G,VEGFA,58.77
SMP_6792,chr2,191841470,G,T,EGFR,47.39
SMP_1377,chr1,148335909,C,T,MYC,92.82
SMP_6820,chr2,183474701,G,T,TP53,56.57
SMP_9712,chr1,156690934,A,G,MTHFR,69.22
SMP_4102,chr4,77815449,A,C,TNF,62.99
SMP_2267,chr15,65153502,T,G,IL6,58.96
SMP_2320,chr5,60773107,C,T,TNF,50.79
SMP_5634,chr17,10951126,G,A,TP53,77.78
SMP_4577,chr18,186916631,G,C,APOE,94.28
SMP_6647,chr12,9781144,C,A,BRCA2,64.69
SMP_7599,chr2,228296288,T,C,VEGFA,25.51
SMP_6183,chr2,160647008,C,G,IL6,49.44
SMP_2831,chr2,173367629,G,C,MYC,55.76
SMP_9480,chr5,240911396,C,T,IL6,63.37
SMP_5491,chr9,75859221,G,A,TNF,86.5
SMP_6903,chr21,11714321,G,T,EGFR,53.73
SMP_4386,chr18,242725357,A,G,TNF,54.7
SMP_8278,chr12,44623148,C,G,BRCA1,56.6
SMP_8369,chr18,150928582,T,G,APOE,44.4
SMP_7065,chr10,237167528,C,A,MTHFR,57.32
SMP_1915,chr4,117062362,C,G,TNF,97.91
SMP_9424,chr7,32175474,G,C,VEGFA,37.79
SMP_1022,chrX,30677307,C,A,BRCA1,55.41
SMP_4869,chr17,208219612,G,T,MTHFR,73.95
SMP_3404,chr19,25559148,A,G,MTHFR,51.63
SMP_2718,chr21,163553293,T,G,EGFR,52.13
SMP_2135,chr20,228301652,G,A,TP53,90.0
SMP_7363,chr12,228265079,C,G,MTHFR,83.1
SMP_9820,chr5,193786479,G,A,BRCA1,43.01
SMP_8853,chr12,244164826,A,G,APOE,73.01
SMP_9854,chr21,246809157,T,G,VEGFA,92.92
SMP_9365,chr12,88162784,G,T,BRCA1,99.86
SMP_1952,chr16,186398849,G,T,APOE,70.09
SMP_2878,chr6,81425363,C,G,BRCA1,75.38
SMP_8831,chr8,125831404,A,G,TNF,20.32
SMP_3540,chr20,102769904,T,G,VEGFA,87.8
SMP_7698,chr1,89996575,C,G,VEGFA,98.55
SMP_8503,chr10,142423508,T,C,IL6,82.58
SMP_6074,chr19,223866970,T,C,TP53,70.68
SMP_3688,chr17,112879151,A,C,IL6,30.05
SMP_5725,chr6,42719333,T,C,VEGFA,91.74
SMP_9010,chr10,75153326,A,T,TP53,33.23
SMP_7370,chr7,227625274,C,G,TNF,32.87
SMP_7773,chr2,36674432,G,T,BRCA2,75.69
SMP_4874,chr19,33752981,C,A,BRCA1,99.08
SMP_4655,chr2,30360875,G,T,TNF,72.44
SMP_8262,chr1,166552687,G,C,BRCA1,56.07
SMP_1474,chr13,44073985,A,C,MTHFR,35.27
SMP_6224,chr6,198103421,G,A,TNF,88.8
SMP_8373,chr16,156305446,G,A,VEGFA,48.7
SMP_2169,chr17,243279237,T,C,APOE,59.52
SMP_2073,chr2,53872047,G,C,BRCA1,30.77
SMP_4137,chr12,188538815,C,G,IL6,58.28
SMP_2360,chr19,155559645,T,A,IL6,31.04
SMP_5378,chr15,106814495,A,T,MYC,70.12
SMP_3994,chr10,131166544,A,C,BRCA2,20.03
SMP_8824,chr1,86798865,G,T,BRCA2,97.85
SMP_9442,chr8,72267973,G,C,BRCA2,68.19
SMP_4830,chr4,151581645,C,G,VEGFA,81.62
SMP_3440,chr8,59217304,A,G,APOE,75.99
SMP_9702,chr22,98792806,G,C,MYC,96.71
SMP_5363,chr20,234851796,A,C,TNF,46.86
SMP_6871,chr4,178077247,G,C,BRCA2,45.43
SMP_1344,chr8,51255046,A,C,IL6,86.52
SMP_2852,chr5,68069016,C,T,MYC,70.22
SMP_5333,chr15,122987543,G,A,BRCA2,41.45
SMP_1804,chr12,72394690,T,A,TNF,70.42
SMP_1368,chr17,159653390,T,A,TP53,57.79
SMP_6495,chr14,74816605,T,A,EGFR,86.26
SMP_4956,chr19,9428072,A,T,APOE,47.03
SMP_1439,chr15,58612412,G,T,EGFR,39.59
SMP_6622,chrY,34131352,G,T,BRCA2,34.1
SMP_2208,chr20,4270924,A,T,BRCA1,93.31
SMP_9471,chr19,125096976,C,G,MYC,70.39
SMP_8984,chr5,225536581,A,C,IL6,64.2
SMP_1773,chr12,157325369,A,T,IL6,51.9
SMP_5750,chr21,236463089,G,T,APOE,73.97
SMP_2043,chr4,145582483,G,A,APOE,40.94
SMP_2777,chr7,88981248,T,G,IL6,20.99
SMP_4304,chr7,44848764,G,A,MTHFR,66.15
SMP_2183,chr17,217650785,G,C,APOE,87.52
SMP_1089,chr3,206056488,G,A,VEGFA,54.23
SMP_9347,chr1,205708797,C,G,TNF,49.54
SMP_6576,chr10,247569522,A,G,TP53,91.25
SMP_2670,chr2,162285863,T,G,BRCA2,87.44
SMP_8257,chr1,166914039,T,G,MTHFR,67.26
SMP_3878,chr21,124008971,C,G,EGFR,63.53
SMP_3918,chr10,143177844,G,C,TP53,77.68
SMP_6748,chr22,237052922,T,G,MTHFR,42.42
SMP_8937,chr12,99917156,T,C,TP53,94.7
SMP_8693,chr11,214036309,A,T,BRCA2,28.8
SMP_1095,chr18,38128862,C,T,TP53,49.6
SMP_2778,chr14,33566349,T,C,VEGFA,69.19
SMP_8878,chr20,108921798,T,G,BRCA1,47.9
SMP_8113,chr20,244521675,G,T,TNF,23.98
SMP_4093,chr14,121121835,T,A,TNF,65.17
SMP_7330,chr8,124657460,T,C,MYC,63.74
SMP_8886,chr6,11562990,G,C,TP53,69.42
SMP_3052,chr10,244777312,G,C,APOE,53.67
SMP_5476,chr12,137550133,C,T,EGFR,64.2
SMP_4495,chr9,87136622,G,T,BRCA1,50.28
SMP_9909,chr15,224156574,G,C,TNF,53.44
SMP_3099,chr1,136319326,T,G,EGFR,89.17
SMP_6063,chr8,197345266,A,G,BRCA1,89.74
SMP_8387,chr2,131225934,G,A,TNF,99.46
SMP_9650,chr15,43590085,A,G,MYC,43.48
SMP_7945,chr12,180581342,A,G,EGFR,69.83
SMP_9168,chr4,246904933,A,G,VEGFA,23.14
SMP_5910,chr3,2446181,G,C,TNF,92.94
SMP_5267,chr5,129476889,T,A,TNF,45.69
SMP_3594,chr8,110093491,G,T,TNF,29.03
SMP_4892,chr14,23732093,C,T,MTHFR,74.22
SMP_3648,chr3,234751910,C,T,EGFR,40.48
SMP_6074,chr22,97921347,C,A,TP53,88.8
SMP_7308,chr14,61083801,C,T,VEGFA,84.19
SMP_5964,chr16,61478800,G,C,MTHFR,40.3
SMP_5675,chrX,139593920,T,C,EGFR,82.97
SMP_2143,chr21,197894147,T,A,TP53,88.06
SMP_9496,chr2,21178971,C,G,IL6,41.56
SMP_4275,chr2,152072991,T,C,VEGFA,82.87
SMP_1902,chr6,168236560,G,T,BRCA2,44.21
SMP_2681,chr22,47136488,A,G,BRCA1,52.8
SMP_5459,chr8,76372173,C,T,VEGFA,22.97
SMP_8591,chr10,151070709,T,A,MTHFR,59.47
SMP_9503,chr19,20167166,T,C,IL6,43.89
SMP_9123,chr13,27199765,G,T,BRCA2,53.81
SMP_7690,chr2,246648690,T,C,TNF,98.43
SMP_3483,chr22,48787956,G,A,EGFR,91.53
SMP_3963,chrX,41202518,T,C,MYC,80.28
SMP_4120,chr5,197727017,G,C,APOE,82.63
SMP_3866,chr14,82956269,T,C,IL6,50.65
SMP_2590,chr5,231862651,C,A,EGFR,81.2
SMP_6260,chr9,159131166,C,A,IL6,59.02
SMP_5132,chr13,221788241,C,T,TNF,73.63
SMP_3720,chr18,247692036,C,T,EGFR,38.56
SMP_2427,chrX,188166591,T,G,BRCA2,87.79
SMP_9498,chr17,86916595,A,G,APOE,39.7
SMP_6770,chr18,127893021,G,A,TP53,95.71
SMP_2498,chr1,4961408,A,G,APOE,30.08
SMP_1745,chr4,228184944,C,A,BRCA2,88.14
SMP_2806,chr21,46914916,A,G,IL6,73.21
SMP_2549,chr18,172431330,C,A,BRCA2,45.22
SMP_3890,chr4,201015185,T,C,TNF,21.15
SMP_2362,chr11,15060282,G,C,VEGFA,50.54
SMP_5852,chr7,170552520,C,G,EGFR,56.66
SMP_6199,chr2,23374259,C,G,TNF,61.14
SMP_2025,chr8,155042469,C,A,BRCA1,83.39
SMP_5388,chr2,193058605,A,T,IL6,32.59
SMP_8421,chr21,15794477,A,T,TNF,96.06
SMP_1797,chr2,139561192,A,T,MYC,22.52
SMP_9917,chr19,249069622,G,C,MTHFR,85.53
SMP_3908,chr12,218087800,A,T,EGFR,57.81
SMP_1591,chr21,139163216,T,C,VEGFA,33.13
SMP_5351,chr17,60295890,C,G,APOE,99.28
SMP_2336,chr18,236891624,G,T,MTHFR,55.93
SMP_1832,chr3,211262756,G,C,TNF,54.74
SMP_4415,chr20,101500816,T,A,MYC,62.47
SMP_2960,chr7,155451995,C,G,EGFR,55.11
SMP_5987,chr10,191506609,C,T,APOE,33.91
SMP_3904,chr6,151687408,G,C,MYC,69.84
SMP_9051,chr19,19705739,A,C,EGFR,60.45
SMP_8958,chrX,129623736,T,G,IL6,39.35
SMP_4191,chr4,27429125,A,G,APOE,77.8
SMP_2445,chr6,168618244,A,T,TNF,89.3
SMP_4067,chr7,150041445,A,C,EGFR,74.38
SMP_4551,chr14,223347179,G,A,MYC,35.8
SMP_9592,chr6,60082707,G,A,BRCA1,70.48
SMP_3155,chr6,129071471,A,T,MTHFR,97.05
SMP_8526,chr12,13795065,C,G,IL6,67.64
SMP_2913,chr15,181740400,T,A,TP53,67.44
SMP_4206,chr15,46919462,T,G,BRCA2,72.18
SMP_9639,chr6,122712904,C,G,BRCA2,76.28
SMP_5541,chr17,76346126,T,C,APOE,81.15
SMP_9388,chr1,151055475,C,T,APOE,66.62
SMP_9326,chr19,143139281,C,G,IL6,45.3
SMP_9448,chr4,106655889,A,T,VEGFA,89.37
SMP_2913,chr12,194532142,G,T,EGFR,89.82
SMP_4276,chr16,248681011,G,C,TP53,44.1
SMP_7808,chrX,61312377,C,G,TNF,22.12
SMP_7986,chr21,247645110,C,A,MYC,52.27
SMP_8641,chr18,138272668,T,A,BRCA1,87.4
SMP_8335,chr4,51473845,C,G,EGFR,20.7
SMP_3147,chr18,47397493,G,C,TP53,41.09
SMP_3034,chr3,158184176,T,A,TNF,92.48
SMP_7835,chr11,213763116,G,T,VEGFA,99.81
SMP_6609,chr8,87474333,C,T,IL6,25.92
SMP_1143,chr8,38064343,A,G,MTHFR,23.37
SMP_4775,chr21,78781252,C,G,TP53,62.08
SMP_2506,chr20,177412394,T,C,TNF,95.42
SMP_2697,chr10,244882235,T,G,BRCA1,59.98
SMP_8399,chr19,55452312,G,A,MTHFR,69.03
SMP_2749,chr5,202828250,T,A,MYC,88.83
SMP_6844,chr1,121300019,G,C,MTHFR,32.04
SMP_5804,chr3,33771789,G,C,MYC,54.68
SMP_7678,chr13,68587013,G,C,IL6,23.68
SMP_8346,chr9,157252318,G,C,MYC,70.17
SMP_4248,chr2,240023550,G,T,MTHFR,36.54
SMP_4893,chr20,201926920,T,C,APOE,74.48
SMP_7777,chr4,228454513,G,T,MTHFR,73.87
SMP_7496,chr6,64024429,C,A,BRCA2,41.83
SMP_9125,chr18,85507279,A,C,VEGFA,28.37
SMP_2947,chr12,219783168,G,T,MTHFR,87.23
SMP_2458,chr12,12449056,T,C,IL6,55.69
SMP_9574,chr3,150649961,G,T,MYC,85.39
SMP_2734,chr21,73685720,T,A,BRCA2,86.68
SMP_8010,chr18,240003833,C,G,TP53,70.98
SMP_4757,chr17,239344578,T,G,TNF,57.24
SMP_7915,chr4,40737871,A,T,APOE,66.56
SMP_8237,chr20,35856364,C,A,TNF,23.39
SMP_4950,chr5,177175225,A,G,IL6,86.68
SMP_8166,chr6,163631787,G,T,MYC,65.64
SMP_1413,chr9,47650024,A,T,BRCA2,50.56
SMP_6877,chr4,39574254,C,A,MYC,33.09
SMP_9159,chr7,48167439,G,T,MTHFR,28.18
SMP_7496,chr14,94150104,A,T,MYC,69.77
SMP_4295,chr12,16588949,A,C,TP53,41.01
SMP_8115,chr15,166192171,T,G,EGFR,45.95
SMP_8887,chr8,240004559,A,T,MYC,43.58
SMP_2559,chr17,60197780,A,T,TP53,71.49
SMP_2308,chr1,222820779,T,C,MTHFR,36.32
SMP_6834,chr19,150616281,T,C,TP53,67.63
SMP_3078,chr16,189795165,T,G,APOE,63.87
SMP_2591,chr16,33959613,T,G,BRCA2,87.07
SMP_4223,chr15,237126645,T,C,TP53,80.77
SMP_9873,chr15,133414562,C,A,MYC,28.86
SMP_9933,chr14,71846382,A,C,IL6,39.67
SMP_3819,chr2,47822386,G,T,TNF,86.64
SMP_4825,chr6,9429280,A,G,APOE,32.76
SMP_5775,chrY,4650391,T,G,MYC,46.96
SMP_2385,chr1,99477352,G,C,VEGFA,58.12
SMP_8086,chr6,4150402,C,T,EGFR,69.85
SMP_3078,chr3,98181038,G,C,IL6,65.52
SMP_5927,chr14,192610314,G,A,IL6,64.54
SMP_5530,chr14,146541002,G,A,MYC,76.45
SMP_5760,chr2,121191368,C,A,APOE,49.67
SMP_3314,chr1,56693550,C,G,BRCA2,84.97
SMP_4697,chr6,240931934,A,G,VEGFA,63.28
SMP_6651,chr19,149295525,G,C,VEGFA,31.1
SMP_8082,chr6,75958717,C,G,VEGFA,61.53
SMP_7822,chr22,226805530,A,T,VEGFA,55.96
SMP_5433,chr8,177453388,G,C,MYC,87.05
SMP_7048,chr16,220842133,T,G,IL6,51.8
SMP_6797,chr5,28431368,G,T,MTHFR,20.4
SMP_4944,chr15,78833652,G,A,BRCA1,70.6
SMP_1123,chr17,229502765,G,C,TP53,92.28
SMP_7349,chr3,111020441,A,C,BRCA2,97.06
SMP_4571,chr10,246579141,C,A,MYC,39.34
SMP_3473,chr10,88032694,C,A,BRCA1,83.22
SMP_4963,chrY,7035686,T,C,TNF,93.85
SMP_6320,chrX,150258610,T,A,APOE,90.85
SMP_7180,chr10,204243313,G,T,VEGFA,30.21
SMP_6717,chr17,243142054,C,G,BRCA1,74.5
SMP_6269,chr16,18382997,C,G,BRCA2,51.18
SMP_4318,chr15,26529328,G,T,APOE,53.46
SMP_5813,chr9,106538959,A,C,TP53,98.7
SMP_4369,chr14,242404396,C,G,MYC,63.86
SMP_9072,chr10,51539845,G,C,VEGFA,92.72
SMP_4167,chr4,173286799,G,T,MTHFR,60.18
SMP_4336,chr4,213993506,T,C,IL6,96.56
SMP_7677,chr16,89607440,A,G,EGFR,28.07
SMP_7676,chr21,182459012,T,C,IL6,29.7
SMP_3783,chr10,17003910,G,A,TNF,42.5
SMP_9167,chr4,205560251,G,A,TP53,66.46
SMP_6102,chr18,164074224,T,C,BRCA2,80.23
SMP_4440,chr21,175558596,C,T,EGFR,61.45
SMP_2777,chr19,235106647,C,G,TP53,88.03
SMP_7315,chr20,45641199,T,G,TP53,36.56
SMP_9097,chr3,235694398,G,T,BRCA2,59.96
SMP_6188,chr12,69364791,C,A,MTHFR,83.81
SMP_7653,chr18,186736983,T,G,EGFR,28.28
SMP_6184,chr21,116288047,T,G,VEGFA,29.22
SMP_4083,chr12,56175707,G,A,TNF,57.01
SMP_2502,chr3,24199756,G,A,MYC,38.07
SMP_7935,chr4,205732207,A,T,TP53,43.45
SMP_5162,chr21,230223181,T,A,BRCA2,70.67
SMP_4613,chr6,40975371,A,C,BRCA2,51.58
SMP_1590,chrY,23887833,C,T,VEGFA,92.52
SMP_7627,chr14,214598201,T,C,TP53,37.2
SMP_3656,chr16,148056499,T,A,MTHFR,66.48
SMP_3571,chr10,5940967,T,C,TP53,43.86
SMP_1813,chr19,167579099,G,A,BRCA2,90.29
SMP_9501,chr2,53172862,A,C,MYC,35.15
SMP_5623,chr6,182071901,A,C,EGFR,46.17
SMP_5381,chr5,160026350,C,A,BRCA1,51.24
SMP_4224,chr2,18010026,A,G,VEGFA,61.71
SMP_9175,chr9,198785677,G,T,BRCA2,70.16
SMP_1653,chr8,66140875,C,G,APOE,23.81
SMP_2803,chr22,211030772,G,A,TNF,89.91
SMP_1557,chr2,147381526,C,A,MYC,52.98
SMP_5103,chr11,199033430,T,A,APOE,68.1
SMP_4295,chr7,207998038,G,C,VEGFA,53.02
SMP_1623,chr18,70670964,T,C,TNF,20.15
SMP_4323,chr16,236153238,T,A,VEGFA,24.96
SMP_9140,chr9,50295723,C,G,MYC,46.69
SMP_4791,chr2,73816154,T,G,TNF,25.86
SMP_8029,chr15,190958807,A,G,IL6,66.47
SMP_9852,chr13,124510947,A,T,MTHFR,65.07
SMP_2160,chr11,109540268,G,C,IL6,63.64
SMP_9303,chr13,62991428,G,T,VEGFA,71.14
SMP_3546,chr16,58178355,G,A,MYC,68.13
SMP_3462,chr9,4479276,C,A,BRCA1,71.08
SMP_2817,chr15,36390829,C,T,BRCA2,79.51
SMP_1231,chr16,47834700,A,C,TP53,98.52
SMP_9195,chr16,5629945,A,T,MYC,86.56
SMP_2834,chr1,120964173,A,G,BRCA2,84.57
SMP_8414,chr3,236416010,C,T,APOE,62.52
SMP_7564,chr18,29734471,A,C,IL6,94.9
SMP_5171,chr3,128370901,G,C,IL6,62.36
SMP_7550,chr11,120590969,G,T,MTHFR,60.09
SMP_9640,chr14,120977266,C,T,IL6,46.99
SMP_7334,chr22,52025081,C,A,IL6,20.77
SMP_2861,chr13,244541488,C,G,EGFR,91.22
SMP_4575,chr21,22420748,T,A,MYC,64.08
SMP_7729,chr20,218837797,G,C,TNF,68.03
SMP_3956,chr19,190431363,T,G,MTHFR,37.0
SMP_5263,chrX,48641242,G,T,MTHFR,62.22
SMP_1405,chr6,95183277,A,G,MTHFR,94.14
SMP_5018,chr1,236720112,T,G,BRCA1,62.6
SMP_5432,chr12,92189506,T,G,TP53,44.55
SMP_4017,chr6,142683343,G,C,EGFR,23.67
SMP_7836,chr12,213565484,A,T,BRCA2,55.44
SMP_7185,chr10,85933364,C,A,APOE,47.71
SMP_4813,chr18,182696328,C,T,APOE,87.8
SMP_4462,chr11,212907286,T,G,VEGFA,52.2
SMP_4715,chr17,124318189,C,A,EGFR,53.18
SMP_4175,chr1,114396731,C,A,EGFR,38.18
SMP_6142,chr16,106710990,T,C,TP53,41.97
SMP_1833,chr22,31876145,A,T,BRCA1,54.92
SMP_9357,chr6,123791798,C,G,BRCA2,21.6
SMP_3439,chr19,107233436,T,C,IL6,33.02
SMP_7772,chr11,28211898,T,G,EGFR,69.55
SMP_6766,chr3,100909791,T,A,VEGFA,66.74
SMP_8669,chr10,59914724,A,G,MYC,33.49
SMP_2524,chr19,146931908,A,G,BRCA1,32.47
SMP_1240,chr5,104709920,T,C,MYC,39.37
SMP_3805,chr14,181610347,A,T,IL6,22.16
SMP_1072,chr5,32664536,T,G,IL6,56.01
SMP_8894,chr12,242323697,T,A,BRCA1,48.51
SMP_1354,chrY,162571523,T,G,TNF,53.15
SMP_9508,chr11,57249134,T,A,APOE,25.82
SMP_3922,chr11,231061209,C,G,TP53,44.85
SMP_5050,chr6,149198291,T,G,BRCA2,33.88
SMP_4515,chr10,159527294,G,A,BRCA2,68.75
SMP_9051,chr14,84439996,T,C,MYC,89.77
SMP_4459,chr5,236373406,T,C,BRCA2,76.08
SMP_2715,chrX,8566292,A,T,TNF,62.17
SMP_4114,chr2,131640023,A,C,EGFR,43.38
SMP_6545,chr22,171751506,G,A,IL6,82.67
SMP_4840,chr20,41424274,G,A,TP53,37.84
SMP_1693,chr17,75813495,A,G,TNF,43.4
SMP_2708,chr18,232692491,A,G,IL6,44.48
SMP_5713,chr1,123922014,T,A,VEGFA,91.37
SMP_4147,chr18,19475280,C,G,VEGFA,78.15
SMP_2501,chr18,91755774,T,A,IL6,98.35
SMP_3239,chr18,211649345,C,G,BRCA1,40.9
SMP_2777,chr22,50250182,A,C,APOE,41.67
SMP_6990,chr21,229602359,T,C,MTHFR,74.39
SMP_9981,chr10,154068400,T,G,EGFR,92.38
SMP_3531,chr1,3744659,A,T,VEGFA,81.1
SMP_3085,chrY,184338702,A,G,TP53,40.01
SMP_8656,chr17,15822566,C,T,VEGFA,33.45
SMP_6589,chr8,86303563,C,T,MTHFR,49.84
SMP_7038,chr19,228846990,C,T,APOE,94.44
SMP_3804,chr8,74720097,A,C,IL6,85.0
SMP_3356,chr5,60566314,G,C,VEGFA,78.54
SMP_2710,chr22,149347076,A,G,TNF,48.91
SMP_2804,chr15,96727409,A,T,MTHFR,39.87
SMP_5749,chr22,19845817,T,G,APOE,58.04
SMP_9457,chr11,8227446,T,A,MYC,98.88
SMP_3358,chr14,3357717,T,G,BRCA2,39.92
SMP_9458,chr12,212508568,C,T,MYC,61.03
SMP_8514,chr22,116318173,T,C,VEGFA,87.89
SMP_5285,chr15,177324314,C,G,MYC,56.59
SMP_8380,chr14,209947448,T,C,APOE,36.15
SMP_7248,chr7,13053194,G,A,BRCA1,69.86
SMP_7050,chr8,39440977,G,T,BRCA2,69.26
SMP_3324,chr19,73866421,A,T,TP53,83.87
SMP_3688,chr16,34702666,C,A,VEGFA,82.27
SMP_7022,chr17,69244459,T,A,VEGFA,30.37
SMP_4803,chr16,149976718,T,A,MTHFR,55.16
SMP_5572,chrX,106129952,C,T,TP53,84.36
SMP_2202,chr15,97009020,G,T,MYC,81.97
SMP_5253,chr7,58117031,T,A,IL6,73.49
SMP_9520,chr9,122997053,G,C,EGFR,83.28
SMP_7759,chr6,175055314,T,G,IL6,27.93
SMP_5051,chr15,192250741,A,T,APOE,87.03
SMP_7218,chr15,204364128,G,A,TP53,76.73
SMP_7775,chr17,108482222,A,G,MYC,41.18
SMP_6232,chr6,44123540,C,A,VEGFA,21.1
SMP_1577,chr14,30966874,A,G,IL6,50.79
SMP_7551,chr20,21013244,C,A,TNF,37.93
SMP_5517,chr19,104236617,A,T,IL6,48.6
SMP_3309,chr17,232274533,T,C,IL6,49.02
SMP_2725,chr15,24871751,G,T,APOE,77.11
SMP_1392,chr15,190351085,G,C,EGFR,99.88
SMP_7565,chr14,139986147,T,G,APOE,85.73
SMP_5234,chrY,226195198,C,T,APOE,95.68
SMP_5841,chr19,231751352,A,T,VEGFA,42.63
SMP_2401,chr13,395303,G,C,MYC,54.59
SMP_6092,chr20,36193179,G,C,BRCA2,94.0
SMP_9399,chr4,54352816,C,G,TNF,93.84
SMP_1885,chr20,198633501,C,G,BRCA2,56.79
SMP_6118,chr10,204759491,T,A,TNF,72.59
SMP_2483,chr10,128178581,A,C,TP53,28.09
SMP_7122,chrX,158176933,C,G,MYC,57.32
SMP_8224,chr3,223651864,G,C,IL6,40.1
SMP_8402,chr12,130651855,C,G,MYC,57.75
SMP_6489,chr2,144644355,A,C,VEGFA,64.99
SMP_2096,chr10,188231701,C,G,MYC,80.74
SMP_5934,chr16,108606033,C,A,TNF,93.47
SMP_4436,chr17,224677265,G,T,TNF,34.82
SMP_2808,chrX,81683303,G,A,TP53,84.9
SMP_5654,chr2,101928891,G,T,EGFR,49.02
SMP_6998,chr14,63754222,A,G,BRCA1,99.29
SMP_3781,chr14,38084045,G,A,EGFR,60.85
SMP_5147,chr21,187987278,A,G,VEGFA,38.19
SMP_8584,chr17,202502502,C,A,APOE,96.26
SMP_5307,chr12,146514335,G,T,TP53,33.25
SMP_4346,chr12,36565100,G,T,BRCA2,33.4
SMP_7900,chr2,223916744,T,A,MYC,69.28
SMP_7220,chr1,218420059,T,A,MTHFR,77.8
SMP_3705,chr13,219366484,G,C,IL6,88.51
SMP_7699,chr20,11726476,C,T,VEGFA,61.79
SMP_1513,chr21,191787685,C,A,MYC,76.47
SMP_2311,chr7,122624755,T,A,EGFR,75.49
SMP_3504,chr6,61989111,A,C,MYC,61.42
SMP_1058,chr8,58256654,G,T,VEGFA,74.19
SMP_6709,chr7,152068154,T,A,MYC,31.3
SMP_5065,chr12,236549703,T,G,BRCA1,91.6
SMP_4334,chr13,146607189,G,C,EGFR,31.73
SMP_8302,chr21,41615019,T,A,IL6,27.24
SMP_4100,chr16,18825713,G,A,VEGFA,27.02
SMP_1668,chrX,212190723,G,C,MTHFR,84.5
SMP_9539,chr7,158564474,A,T,EGFR,71.01
SMP_6862,chr22,57839222,A,C,BRCA2,58.42
SMP_6405,chr8,52915982,C,A,BRCA2,38.22
SMP_4381,chr20,1952639,G,C,EGFR,91.24
SMP_2496,chr14,246733258,A,T,IL6,55.46
SMP_1284,chr11,69509251,A,T,IL6,97.26
SMP_6849,chrY,67954264,A,G,IL6,79.99
SMP_6832,chr10,102848887,T,G,TNF,34.08
SMP_3009,chrX,208617836,A,T,MYC,48.98
SMP_2553,chr6,7375351,T,C,EGFR,94.22
SMP_7873,chr3,158978387,T,A,APOE,72.91
SMP_4199,chr1,227570587,A,G,BRCA1,67.63
SMP_9626,chrX,122229920,T,G,TP53,44.27
SMP_4847,chrX,187724509,A,G,MYC,45.02
SMP_3905,chr6,118083665,C,A,MYC,94.32
SMP_1986,chr20,171724174,G,T,IL6,35.94
SMP_1985,chr17,98172711,C,G,EGFR,99.1
SMP_1263,chr19,99323781,T,G,IL6,36.84
SMP_5467,chr17,20585160,T,A,TP53,92.06
SMP_3777,chr12,53190532,G,T,TP53,45.16
SMP_1148,chr14,205934245,G,T,VEGFA,39.57
SMP_5403,chr12,2367242,G,A,TP53,32.19
SMP_9159,chr2,96264516,C,T,TNF,70.06
SMP_5302,chr1,134910187,A,C,APOE,96.38
SMP_2862,chr5,174791385,G,A,BRCA1,78.89
SMP_4285,chr10,177042038,A,T,TNF,88.63
SMP_4814,chr11,121984930,A,G,MYC,71.13
SMP_3407,chr11,72934987,T,G,BRCA1,30.3
SMP_9008,chr20,244125109,A,G,BRCA2,30.49
SMP_2178,chr14,97389150,C,T,VEGFA,99.01
SMP_1307,chrY,64143080,C,G,MYC,56.8
SMP_6930,chr22,223711540,C,G,APOE,39.15
SMP_7526,chr21,239777037,C,T,MTHFR,71.71
SMP_8487,chr3,215814026,G,C,MTHFR,66.78
SMP_7164,chr4,219430231,T,A,MYC,96.96
SMP_2404,chr17,52061263,G,T,MYC,57.25
SMP_3347,chr12,245165255,C,G,IL6,89.29
SMP_7467,chr1,171377613,G,T,IL6,87.66
SMP_1371,chr20,110998534,C,T,MTHFR,60.44
SMP_8196,chr5,132130746,C,T,MTHFR,98.22
SMP_4535,chr9,160577295,A,T,VEGFA,66.9
SMP_6546,chr5,92287023,A,T,MTHFR,72.99
SMP_3326,chr16,141835299,A,T,MYC,58.35
SMP_8945,chr15,129675746,C,A,VEGFA,37.81
SMP_7157,chr4,13692572,A,C,MYC,68.16
SMP_6845,chr20,248004984,G,A,BRCA1,52.72
SMP_9378,chrY,230659801,T,C,VEGFA,86.9
SMP_2686,chr2,232019514,T,A,MYC,57.0
SMP_7883,chr19,80514756,C,A,VEGFA,74.42
SMP_7312,chr10,158268654,C,G,TNF,85.49
SMP_8275,chr14,32054519,A,C,VEGFA,68.24
SMP_5796,chr12,111746536,A,G,VEGFA,65.37
SMP_7149,chr19,137852901,T,C,VEGFA,56.23
SMP_5362,chr4,144388686,A,G,TNF,49.89
SMP_7901,chr1,194618951,A,G,APOE,65.37
SMP_5677,chr9,100915613,C,G,TNF,81.13
SMP_8673,chr9,235972895,G,A,EGFR,45.51
SMP_6671,chr7,14979834,A,T,TP53,94.52
SMP_3391,chr4,220390489,A,G,EGFR,62.96
SMP_2435,chr7,92573706,G,A,MYC,73.19
SMP_1876,chr16,239167929,T,C,BRCA2,42.55
SMP_2204,chr9,112841469,C,G,BRCA1,82.78
SMP_2338,chr3,185450241,C,G,BRCA2,66.69
SMP_1560,chr5,40385067,A,G,BRCA1,93.5
SMP_6537,chr17,60671137,G,T,BRCA2,61.99
SMP_6534,chrY,117180429,T,C,EGFR,40.07
SMP_6212,chr20,13874844,G,A,MTHFR,36.16
SMP_5120,chr2,124350664,G,T,MTHFR,31.84
SMP_8947,chr14,113524622,A,C,VEGFA,91.91
SMP_7368,chr15,218731491,G,C,TP53,62.17
SMP_9393,chr10,106910435,C,T,BRCA2,52.19
SMP_4642,chr21,226813899,A,C,EGFR,30.06
SMP_6249,chr3,193809662,A,C,TNF,35.82
SMP_5800,chr12,141471764,A,T,TNF,60.66
SMP_3452,chr17,200655878,T,G,EGFR,68.73
SMP_6623,chr5,46210988,C,T,APOE,98.67
SMP_9366,chr21,61977852,A,C,VEGFA,68.76
SMP_1967,chr11,165811086,T,A,TNF,30.22
SMP_6153,chr14,112540290,T,C,VEGFA,70.02
SMP_6074,chr13,247821354,C,A,APOE,62.19
SMP_1762,chr14,191252763,A,G,VEGFA,78.29
SMP_4674,chr7,126059059,G,C,IL6,59.65
SMP_9902,chr17,104382733,A,T,APOE,89.26
SMP_4405,chr5,177827902,T,C,TNF,35.82
SMP_5628,chr20,65553265,G,T,BRCA1,20.98
SMP_1002,chr21,37082911,A,C,BRCA2,41.33
SMP_3489,chr22,182121371,G,T,TP53,55.9
SMP_1147,chr5,235351711,G,C,MTHFR,48.3
SMP_7959,chr4,138409784,A,C,APOE,89.76
SMP_9166,chr22,205912420,G,T,MTHFR,23.69
SMP_6067,chr12,65468046,C,G,BRCA2,35.94
SMP_3887,chr9,192913660,A,T,APOE,90.09
SMP_4798,chr22,11628809,T,A,IL6,24.61
SMP_9912,chr11,41265121,C,G,TP53,58.64
SMP_4602,chr4,78661082,C,T,EGFR,86.63
SMP_6210,chr4,132614556,T,A,EGFR,44.15
SMP_4810,chr8,146423854,T,G,BRCA1,61.58
SMP_3117,chr17,15845526,T,C,BRCA2,73.21
SMP_9282,chr10,31524027,A,G,MTHFR,75.87
SMP_6739,chr12,217986371,T,G,APOE,51.75
SMP_5208,chr4,210060916,C,T,TP53,42.3
SMP_9187,chr15,131335260,T,G,BRCA1,96.39
SMP_1215,chr11,83494308,G,T,TNF,83.44
SMP_8216,chrY,52866889,C,A,BRCA1,90.53
SMP_1788,chr1,138104940,G,T,IL6,41.0
SMP_4536,chr12,103387740,A,G,EGFR,61.19
SMP_6946,chr5,29943661,C,A,MTHFR,47.94
SMP_2844,chr2,92683068,G,C,EGFR,91.52
SMP_4741,chr21,17864809,C,A,MTHFR,43.85
SMP_7296,chr12,198605150,G,A,TNF,52.6
SMP_9366,chr22,37141849,A,T,TNF,79.71
SMP_4390,chr6,108907781,G,T,MTHFR,75.83
SMP_9211,chrX,120573633,G,A,TNF,42.18
SMP_3843,chr10,129091194,C,A,VEGFA,76.94
SMP_9163,chr19,50142841,G,C,IL6,86.31
SMP_2036,chr19,206948796,C,T,TP53,74.29
SMP_4033,chr22,35736678,C,A,TP53,58.7
SMP_8173,chr3,70838105,C,A,BRCA1,94.07
SMP_1840,chr19,227216570,A,T,TP53,49.35
SMP_1116,chr1,66952249,T,G,EGFR,66.02
SMP_4500,chr4,22363454,T,C,EGFR,98.93
SMP_5808,chr12,118359654,A,C,TNF,61.38
SMP_5906,chr14,41888857,C,G,BRCA2,90.84
SMP_3489,chr6,212524074,C,T,TP53,62.19
SMP_5445,chr2,114431528,G,C,TP53,53.85
SMP_4213,chr3,178394326,T,C,VEGFA,78.99
SMP_1773,chr19,127096266,A,G,BRCA2,51.32
SMP_1012,chrY,33979789,T,C,MYC,44.51
SMP_6720,chr12,50833469,A,G,APOE,43.33
SMP_2856,chr7,49722542,C,A,EGFR,68.24
SMP_8801,chr10,85159835,A,G,IL6,76.5
SMP_6395,chr14,73714862,T,C,EGFR,67.77
SMP_3699,chr15,114157849,C,G,BRCA2,56.75
SMP_3759,chr6,122418913,T,C,IL6,53.67
SMP_2492,chr1,43490649,G,C,TP53,90.96
SMP_3191,chr9,117162301,A,C,BRCA1,98.47
SMP_8689,chr12,246135335,G,A,APOE,96.42
SMP_1285,chr22,218572333,T,C,IL6,28.17
SMP_4494,chr13,249065792,T,A,IL6,61.33
SMP_6807,chr15,73480272,C,A,MTHFR,26.0
SMP_4274,chr3,16516015,T,A,MYC,70.38
SMP_9379,chr10,202925378,G,C,EGFR,22.93
SMP_5239,chr13,204570241,T,A,TNF,20.63
SMP_7602,chr8,215400366,C,T,TNF,81.61
SMP_2082,chr3,235104035,T,A,TP53,60.86
SMP_3888,chr10,103837342,G,C,BRCA2,74.05
SMP_4219,chr20,5154755,C,G,MYC,49.23
SMP_1434,chr5,249106355,T,C,MYC,30.2
SMP_1338,chr7,246183240,T,A,BRCA2,57.71
SMP_4514,chr17,164668913,G,T,BRCA1,56.07
SMP_8028,chrX,189067997,G,C,VEGFA,81.0
SMP_5535,chrY,238177704,T,A,EGFR,76.86
SMP_8335,chr22,153912009,T,C,BRCA2,65.66
SMP_2044,chr8,218757160,A,T,EGFR,77.37
SMP_3628,chr5,186744466,C,G,TNF,35.69
SMP_9042,chr1,204260698,G,C,MYC,47.43
SMP_8917,chr12,239839446,A,T,BRCA2,46.07
SMP_6233,chr6,87317232,G,T,VEGFA,91.26
SMP_9830,chr15,213819864,T,A,APOE,60.33
SMP_8243,chrY,64522681,G,C,APOE,22.44
SMP_8668,chr11,6842238,C,G,MTHFR,78.19
SMP_4075,chr22,191753505,T,G,MYC,46.02
SMP_3797,chr12,244283656,T,G,APOE,47.15
SMP_8770,chr18,86364700,T,C,APOE,79.44
SMP_7277,chr11,41515158,A,C,APOE,32.92
SMP_4502,chr2,114700999,T,C,BRCA1,95.51
SMP_1184,chr2,32949808,A,C,BRCA1,37.91
SMP_3960,chr21,26199269,T,A,EGFR,39.87
SMP_6903,chr18,145823765,A,T,IL6,30.01
SMP_6841,chr1,186454001,T,A,BRCA1,46.27
SMP_6167,chr13,68723484,A,C,EGFR,70.85
SMP_9447,chr10,70062915,C,T,TNF,96.21
SMP_3690,chr21,244062696,A,G,MYC,54.62
SMP_7349,chr16,18015619,G,A,APOE,85.64
SMP_6594,chr12,28037492,T,C,MTHFR,89.12
SMP_3518,chr10,153199193,A,G,VEGFA,70.74
SMP_9303,chr5,181692247,G,A,EGFR,78.41
SMP_5546,chr20,121322949,C,A,VEGFA,23.26
SMP_4336,chrX,195081404,G,T,TP53,52.28
SMP_1039,chr20,80634678,C,T,BRCA2,83.06
SMP_3696,chr8,45113918,T,A,MYC,96.69
SMP_5907,chr10,59002606,C,G,BRCA2,94.61
SMP_2981,chr20,5579938,A,C,VEGFA,89.66
SMP_5035,chrX,129824931,G,A,EGFR,46.75
SMP_2765,chr10,81275201,G,A,IL6,76.47
SMP_3028,chr16,168431352,T,A,MTHFR,20.34
SMP_5748,chr2,105202713,T,G,TP53,41.21
SMP_1866,chr4,212967347,T,A,BRCA1,77.5
SMP_8440,chr1,242630806,G,T,MYC,68.39
SMP_5623,chr12,161404151,T,C,BRCA2,39.77
SMP_5334,chr1,222834488,T,G,TP53,96.31
SMP_7439,chr5,19492993,A,G,BRCA1,45.5
SMP_3389,chr5,183540909,G,T,MTHFR,38.11
SMP_1783,chr21,187310720,T,A,TP53,37.54
SMP_5961,chr15,232552813,G,A,BRCA1,44.75
SMP_8159,chr3,97791748,G,A,APOE,56.37
SMP_8530,chr13,234821406,T,C,BRCA1,62.45
SMP_6525,chr6,166939083,T,C,TP53,62.98
SMP_4200,chr17,211893660,T,C,EGFR,91.41
SMP_6289,chr1,150267712,C,T,TP53,30.86
SMP_6400,chr3,56022649,G,C,APOE,45.95
SMP_2926,chr6,226992574,T,C,VEGFA,52.82
SMP_5841,chr9,136846363,C,A,APOE,68.85
SMP_4139,chrY,105859464,T,A,BRCA2,52.46
SMP_5163,chr21,199184548,A,C,APOE,53.91
SMP_4311,chr3,53325357,C,A,MYC,77.58
SMP_6978,chr9,185832986,A,C,VEGFA,93.32
SMP_4196,chr18,164211896,C,A,TNF,77.79
SMP_4974,chr14,231030547,A,C,IL6,88.06
SMP_2949,chr17,32011561,A,G,BRCA1,47.52
SMP_5101,chr8,188557696,C,A,BRCA1,35.92
SMP_2055,chr11,140404434,C,A,BRCA1,80.44
SMP_5050,chr4,147182903,G,A,MYC,71.76
SMP_8751,chr13,235457523,A,T,TP53,48.38
SMP_3584,chr8,113876338,A,C,EGFR,59.36
SMP_8705,chrX,51652623,G,A,MYC,81.12
SMP_7491,chr5,92127793,G,T,TNF,95.84
SMP_3322,chr14,47183316,C,A,TNF,28.13
SMP_8597,chr1,241869077,A,C,IL6,98.93
SMP_5288,chr15,77585901,T,G,TP53,32.85
SMP_4333,chr18,49470029,T,A,VEGFA,60.14
SMP_4779,chr20,229843861,C,T,TNF,99.31
SMP_8616,chr12,198975169,G,C,APOE,97.55
SMP_5319,chr11,98822632,A,T,EGFR,52.67
SMP_7709,chr21,237277701,G,C,TP53,67.51
SMP_4844,chr8,202891292,T,G,IL6,98.13
SMP_4951,chr4,35953588,T,A,TNF,68.67
SMP_1332,chr14,216951420,A,C,MYC,30.79
SMP_4169,chr14,113241182,A,G,TP53,98.23
SMP_8654,chr2,192249466,A,G,TNF,55.84
SMP_2133,chr20,138624614,T,G,APOE,50.2
SMP_9043,chr3,222321006,G,C,VEGFA,51.21
SMP_3266,chr13,51436178,T,C,BRCA2,70.97
SMP_1319,chr18,22187127,T,G,APOE,85.18
SMP_2423,chr13,224850702,G,T,MYC,38.96
SMP_9914,chr8,4998092,C,G,MTHFR,80.29
SMP_1515,chr16,99631782,C,G,MTHFR,81.33
SMP_5732,chr19,128146171,T,A,MTHFR,29.92
SMP_3048,chr12,110842471,T,C,EGFR,93.21
SMP_8948,chr3,188785874,A,C,BRCA1,33.08
SMP_8332,chr5,19059184,T,C,BRCA1,83.72
SMP_4235,chr5,161619078,C,T,TNF,69.46
SMP_4850,chr15,214872744,A,T,TNF,82.65
SMP_3254,chr1,54608843,T,C,MYC,57.57
SMP_8946,chr20,1035638,A,G,MTHFR,30.45
SMP_2941,chr17,12097339,C,G,EGFR,26.47
SMP_1594,chr18,227295268,A,C,VEGFA,52.24
SMP_4131,chr6,212983911,T,A,IL6,74.56
SMP_4704,chr1,245548779,A,G,BRCA2,34.4
SMP_1528,chr5,16348406,C,T,BRCA2,90.81
SMP_1718,chr16,125854725,A,T,VEGFA,86.91
SMP_2288,chr11,148742534,T,A,BRCA2,76.46
SMP_9519,chr13,123554433,G,C,EGFR,59.79
SMP_6254,chr5,85940097,A,T,IL6,31.63
SMP_6829,chr6,104200981,A,G,BRCA1,62.94
SMP_2739,chr1,19828747,T,G,MTHFR,27.1
SMP_4478,chr8,201131484,T,G,BRCA2,98.34
SMP_2940,chr12,77759591,G,A,BRCA2,55.22
SMP_7696,chrY,18072326,A,C,MYC,62.48
SMP_7666,chr13,40726579,G,T,APOE,38.41
SMP_5626,chr10,36402914,T,G,EGFR,85.78
SMP_7308,chr4,248381245,G,T,MTHFR,36.34
SMP_5505,chr21,98221782,C,G,IL6,28.31
SMP_8527,chr17,66745928,C,A,MYC,32.69
SMP_1932,chr15,226752305,T,A,TNF,49.8
SMP_7664,chr20,233848816,G,A,TNF,97.81
SMP_7060,chr1,38151288,T,C,IL6,84.24
SMP_5990,chrX,144012657,A,T,BRCA2,58.39
SMP_6086,chr8,108117331,A,C,TNF,83.81
SMP_2248,chr22,249946917,G,C,EGFR,75.03
SMP_1648,chr9,243521248,A,G,BRCA2,40.05
SMP_4415,chr19,42952921,T,C,APOE,99.21
SMP_6842,chr21,112824916,G,C,VEGFA,95.13
SMP_3574,chr19,216613804,A,T,IL6,32.42
SMP_6216,chr16,103136421,T,A,EGFR,24.51
SMP_9337,chr18,177304636,A,G,TNF,81.74
SMP_5740,chr10,170226411,A,T,TNF,86.37
SMP_2563,chr15,142782706,A,G,IL6,98.72
SMP_5588,chr1,123572580,A,G,TNF,56.16
SMP_5129,chr10,199694983,G,A,APOE,74.49
SMP_7165,chr13,21800286,A,G,EGFR,85.1
SMP_1028,chr2,13095997,C,A,BRCA1,28.72
SMP_8096,chr6,102959145,T,C,EGFR,95.42
SMP_2882,chr10,107488385,G,A,MTHFR,99.03
SMP_8022,chrY,158566842,A,T,BRCA2,45.42
SMP_7319,chr10,33661818,A,C,TP53,58.29
SMP_7716,chr4,64673373,C,A,BRCA2,92.19
SMP_5496,chr2,134562298,A,C,MYC,63.19
SMP_8133,chr18,21552089,T,C,VEGFA,39.25
SMP_9332,chr22,178740979,C,A,BRCA1,53.82
SMP_3911,chr1,156775403,T,C,EGFR,20.87
SMP_5085,chr1,184482342,A,C,BRCA2,72.35
SMP_5389,chr19,48052961,A,G,MTHFR,61.47
SMP_8116,chr16,98612346,A,C,MTHFR,87.37
SMP_6074,chr22,223715520,T,G,MYC,24.69
SMP_8936,chr22,204070505,C,A,MTHFR,70.21
SMP_4817,chr17,197006376,C,T,TP53,42.99
SMP_6485,chr15,64022869,C,T,BRCA2,80.76
SMP_9185,chr22,22436089,A,T,BRCA1,96.21
SMP_8126,chr3,245569751,T,G,MTHFR,51.08
SMP_4718,chr15,131907834,T,C,VEGFA,32.58
SMP_5555,chr8,243501477,C,T,MTHFR,48.58
SMP_8143,chr20,147183560,T,C,IL6,70.39
SMP_8115,chr22,157904299,G,T,MYC,42.98
SMP_5861,chr3,156142082,G,T,MYC,93.44
SMP_2908,chr6,59264543,T,A,EGFR,83.44
SMP_4827,chr8,52180758,G,A,VEGFA,40.03
SMP_1109,chr12,59167554,C,T,IL6,38.95
SMP_4981,chr22,53793736,A,G,VEGFA,25.52
SMP_2570,chr20,117689963,G,A,MYC,91.04
SMP_6757,chr22,208504051,A,G,TNF,86.86
SMP_5093,chr13,227986323,C,A,APOE,77.1
SMP_9518,chr2,117355111,C,G,MYC,45.78
SMP_8314,chr14,238085883,G,T,BRCA1,34.26
SMP_2796,chr21,9035088,G,C,TNF,54.02
SMP_1227,chr22,14987418,T,G,EGFR,88.4
SMP_5858,chr9,156824137,C,A,BRCA2,40.04
SMP_3199,chr4,231265806,T,C,EGFR,28.29
SMP_1118,chr10,157306315,T,G,TNF,43.87
SMP_8870,chr2,240377868,T,G,EGFR,45.98
SMP_2944,chr4,1219364,G,C,APOE,42.48
SMP_2340,chr4,42409311,A,C,TP53,31.97
SMP_2381,chr20,5763571,T,G,TP53,63.55
SMP_2350,chr12,62041651,C,G,MTHFR,86.06
SMP_9585,chr22,14266930,G,C,MYC,61.95
SMP_3326,chr21,15570774,A,C,VEGFA,60.19
SMP_2080,chr10,186045888,A,T,APOE,57.07
SMP_4785,chr15,204606863,G,A,BRCA1,91.47
SMP_8277,chr17,150966941,T,C,MYC,40.78
SMP_6222,chr5,228166717,G,C,MYC,85.16
SMP_4211,chr13,147699760,A,T,MYC,92.24
SMP_4109,chr11,216066140,G,A,TP53,26.31
SMP_9685,chr3,202471238,C,A,TNF,83.84
SMP_3762,chr9,229562627,A,C,BRCA2,48.29
SMP_9754,chr14,26053789,G,T,BRCA2,22.52
SMP_9323,chr5,59968430,A,C,IL6,32.54
SMP_3085,chr6,191922670,T,A,MTHFR,84.86
SMP_3660,chr18,158484471,G,C,MTHFR,44.63
SMP_7772,chr7,40704287,G,C,MTHFR,77.86
SMP_5843,chr20,203057184,A,C,BRCA2,65.43
SMP_4106,chr15,41234690,C,T,BRCA1,90.87
SMP_9409,chr15,198073051,A,T,TP53,98.5
SMP_1885,chr16,233558833,C,T,APOE,65.47
SMP_8440,chrX,247880807,A,C,APOE,36.19
SMP_2456,chr13,27078731,T,G,TP53,56.93
SMP_9179,chr14,108035904,A,G,MTHFR,50.24
SMP_3082,chr16,3110286,C,G,APOE,61.71
SMP_2513,chr19,189453537,G,C,VEGFA,50.3
SMP_5832,chr8,88409474,C,T,BRCA1,86.8
SMP_8961,chr5,103992655,A,G,TNF,23.03
SMP_2591,chr15,14576567,C,T,APOE,83.54
SMP_1270,chr17,133888914,A,G,BRCA2,37.77
SMP_5879,chr19,178087120,A,G,TP53,22.3
SMP_3528,chr5,227309289,T,G,MYC,22.33
SMP_8862,chr20,123995080,T,G,BRCA2,99.14
SMP_6165,chr12,239704579,G,A,APOE,20.06
SMP_8158,chr17,216651270,T,A,VEGFA,71.96
SMP_5390,chr12,227185,G,T,IL6,56.82
SMP_3396,chr14,111246931,C,T,BRCA1,91.78
SMP_4504,chrX,133695480,T,C,VEGFA,88.02
SMP_6687,chr16,203631219,T,A,APOE,94.69
SMP_9176,chr2,100306082,T,G,BRCA1,94.1
SMP_7395,chr8,28347219,G,T,IL6,92.69
SMP_2539,chr15,178077087,T,A,TNF,70.44
SMP_4188,chr5,103745044,G,C,VEGFA,79.09
SMP_1252,chr3,20915436,G,A,TNF,27.72
SMP_5724,chr5,8107423,G,C,MYC,29.25
SMP_8588,chr8,228795415,C,A,TP53,29.48
SMP_2996,chr22,49983285,A,C,MTHFR,40.46
SMP_8897,chr13,175457904,C,G,TP53,62.97
SMP_5576,chr3,106422128,A,C,BRCA1,21.14
SMP_9500,chr9,170979939,C,A,BRCA2,67.38
SMP_5109,chr12,90730431,G,A,BRCA2,26.92
SMP_2507,chr3,42703325,C,G,TNF,75.1
SMP_4415,chr7,7681187,C,A,MTHFR,35.34
SMP_3740,chr17,244664450,A,G,IL6,66.24
SMP_5571,chr8,156796186,C,T,BRCA1,32.17
SMP_1472,chr19,191015485,T,C,MTHFR,73.51
SMP_3902,chr1,38382958,G,A,IL6,48.45
SMP_1715,chr20,18881038,A,C,BRCA1,75.68
SMP_7308,chr20,192909425,A,C,TNF,93.19
SMP_3822,chr15,212057878,C,A,MTHFR,43.55
SMP_2725,chr17,105158132,T,A,MYC,73.75
SMP_5247,chr10,67044868,T,A,TP53,67.64
SMP_4941,chr9,113022428,G,C,MTHFR,36.05
SMP_5566,chr22,16253928,T,C,VEGFA,79.93
SMP_3186,chr22,248603012,G,T,TP53,77.06
SMP_8471,chr18,62229855,G,T,EGFR,51.02
SMP_1666,chr15,156813896,G,C,VEGFA,87.97
SMP_5614,chr5,221845063,G,C,BRCA1,45.56
SMP_3943,chr3,104383614,T,C,MYC,27.66
SMP_7873,chr18,127598438,A,C,MYC,94.98
SMP_7800,chr20,163679994,A,C,BRCA1,51.25
SMP_1323,chr4,159721453,C,G,TP53,44.65
SMP_2790,chr14,58921757,G,T,TP53,41.99
SMP_1071,chr2,248978361,A,G,VEGFA,36.58
SMP_1898,chr6,43391355,G,T,VEGFA,36.72
SMP_9846,chr1,229410531,T,G,IL6,25.57
SMP_1204,chr9,156473347,G,T,TNF,60.53
SMP_2512,chr21,156780568,G,C,BRCA2,43.42
SMP_2565,chr19,108548601,T,A,BRCA1,65.48
SMP_2494,chr8,56079263,G,T,TNF,23.17
SMP_7140,chr11,114930941,T,A,TP53,22.82
SMP_1584,chr17,92951206,G,A,BRCA1,34.24
SMP_5000,chr1,232608665,A,C,BRCA1,24.38
SMP_5355,chr9,152087774,A,T,BRCA1,64.71
SMP_9423,chr22,62932561,G,A,APOE,68.2
SMP_6591,chr17,133331799,T,G,TNF,67.04
SMP_7931,chr22,194709005,T,A,BRCA2,26.59
SMP_7924,chr5,101145721,T,G,VEGFA,85.13
SMP_4179,chr17,234110208,G,T,BRCA2,34.6
SMP_2576,chr1,38615760,T,C,TP53,43.23
SMP_4777,chr9,181242306,A,T,BRCA1,90.68
SMP_9358,chr10,211321058,A,T,EGFR,44.35
SMP_8874,chr16,115143266,A,T,BRCA2,45.35
SMP_5885,chr18,170765945,A,C,APOE,59.42
SMP_6903,chr6,192573638,T,C,APOE,25.67
SMP_5531,chrX,146195403,A,C,BRCA2,59.89
SMP_2046,chr21,91440589,C,T,APOE,41.1
SMP_6024,chr14,182092312,A,C,BRCA2,40.08
SMP_8334,chr15,11653010,G,A,BRCA1,41.35
SMP_1401,chr11,75511947,G,T,MTHFR,88.34
SMP_3264,chr17,41957467,C,A,MYC,28.34
SMP_2776,chr7,236389599,A,G,TP53,84.33
SMP_8091,chr20,234730528,T,C,TNF,80.87
SMP_7613,chr18,58302145,C,T,APOE,85.64
SMP_8761,chr21,139978603,T,G,APOE,52.33
SMP_3352,chr19,51332935,T,A,APOE,99.38
SMP_2472,chr6,32986584,T,G,TNF,27.65
SMP_6879,chr17,241365652,T,C,IL6,74.67
SMP_7324,chr17,163205456,C,A,EGFR,79.88
SMP_9667,chr11,209120108,G,A,IL6,91.98
SMP_6919,chr1,14170804,G,T,TP53,80.42
SMP_7815,chr11,206503374,A,G,BRCA2,30.96
SMP_6460,chr12,27098373,G,C,BRCA1,24.34
SMP_1471,chr4,70590127,T,C,VEGFA,87.25
SMP_6477,chr6,48801362,C,T,IL6,75.98
SMP_9054,chr13,100736598,C,G,BRCA1,49.29
SMP_6961,chrY,234826288,C,G,MTHFR,25.21
SMP_4434,chr2,114230908,G,C,EGFR,70.11
SMP_6371,chr8,232893161,A,C,BRCA1,34.64
SMP_1508,chr7,211082253,G,T,EGFR,39.98
SMP_3142,chr20,246143990,T,G,APOE,24.5
SMP_9302,chr2,28760875,G,C,MTHFR,69.66
SMP_6044,chr14,180109066,C,G,BRCA1,98.83
SMP_2287,chr9,45535346,G,A,MTHFR,35.98
SMP_4506,chr17,214707297,T,A,APOE,95.93
SMP_8771,chr14,10683961,G,A,IL6,40.03
SMP_4448,chr16,188457257,T,C,BRCA1,82.84
SMP_7272,chr1,215590099,A,T,VEGFA,89.6
SMP_3712,chr12,205042752,G,A,APOE,32.28
SMP_6534,chr3,177211438,C,T,EGFR,78.07
SMP_1607,chr14,167703413,A,T,MTHFR,37.48
SMP_6553,chr5,186151808,C,A,VEGFA,31.46
SMP_6419,chr9,240618274,G,T,APOE,56.27
SMP_7927,chr5,138628082,T,A,VEGFA,66.4
SMP_6590,chr18,124364234,A,C,BRCA1,67.72
SMP_8473,chr11,90917211,C,T,TP53,69.17
SMP_2281,chr2,205622882,A,T,BRCA1,96.64
SMP_9087,chr18,82318440,C,A,EGFR,52.24
SMP_2662,chr11,53402606,T,G,EGFR,91.63
SMP_4833,chr13,6270798,A,C,BRCA2,96.19
SMP_6550,chr17,96739447,A,C,TNF,57.47
SMP_6084,chr5,33565387,G,T,MTHFR,58.59
SMP_6824,chr13,121134307,C,A,MYC,45.91
SMP_8360,chr9,116820799,G,A,MYC,60.66
SMP_4100,chr18,36475291,T,G,MYC,52.16
SMP_2166,chr19,121972876,T,G,IL6,25.82
SMP_9736,chr9,229788614,G,T,MYC,79.84
SMP_1985,chr1,78262984,C,T,IL6,77.09
SMP_5547,chr4,40266369,T,A,MYC,38.6
SMP_1491,chr21,16432485,T,C,TNF,64.48
SMP_2601,chr8,55559533,G,A,MYC,79.25
SMP_7314,chr15,249420683,C,G,APOE,34.57
SMP_6746,chr6,70568057,T,A,APOE,60.44
SMP_6765,chr22,13042375,C,G,TNF,80.6
SMP_8309,chr14,84301541,C,A,VEGFA,46.06
SMP_9363,chr16,49729154,C,T,MTHFR,74.8
SMP_6702,chr6,224836526,A,G,EGFR,59.72
SMP_5129,chr20,245094708,C,T,APOE,66.16
SMP_3747,chr4,80930307,G,C,TNF,29.37
SMP_9943,chr16,40910889,C,A,TP53,60.55
SMP_3782,chr9,159655988,C,G,VEGFA,75.15
SMP_5342,chr19,132543072,A,C,TNF,80.99
SMP_3724,chr16,18900361,A,C,TNF,21.47
SMP_3304,chr5,98986457,T,C,TP53,76.06
SMP_8103,chr3,87836739,T,C,MTHFR,95.12
SMP_1860,chr21,242465142,A,T,MYC,91.93
SMP_3014,chr18,123744568,G,T,VEGFA,29.16
SMP_8422,chr6,85727371,T,G,MTHFR,94.67
SMP_3522,chr18,43609389,A,T,APOE,56.59
SMP_9871,chrY,11885065,T,C,VEGFA,48.06
SMP_8344,chr5,66969245,C,T,TNF,75.41
SMP_8884,chr20,71926705,A,C,TNF,44.65
SMP_5413,chr8,8712363,A,T,VEGFA,30.94
SMP_9979,chr14,242653528,C,T,MYC,67.8
SMP_9059,chr8,166574521,T,G,BRCA2,85.3
SMP_4644,chr2,56125313,T,G,MYC,60.57
SMP_3889,chr4,157050506,G,C,MTHFR,81.4
SMP_3669,chr7,167365666,A,C,EGFR,37.43
SMP_1423,chr14,163747016,C,T,IL6,84.09
SMP_2808,chr21,102131078,G,C,VEGFA,74.16
SMP_2065,chr19,22888691,T,C,MYC,81.76
SMP_2618,chr3,207784209,G,C,TNF,52.08
SMP_4480,chr16,187426696,G,C,BRCA2,99.43
SMP_2756,chrY,22264903,A,G,APOE,34.08
SMP_5332,chr4,35174086,G,T,EGFR,93.81
SMP_3635,chr4,166124697,C,G,IL6,54.77
SMP_6446,chr20,108197909,T,C,TNF,32.88
SMP_1093,chr1,39043876,C,T,BRCA1,50.69
SMP_9438,chr1,107889413,C,G,MYC,69.25
SMP_3157,chr15,191965220,A,T,BRCA2,50.03
SMP_7471,chr11,151935994,G,C,EGFR,24.02
SMP_6133,chr22,152899831,G,C,MYC,20.69
SMP_8684,chr11,85581312,C,A,MYC,48.93
SMP_9872,chr10,138991942,G,C,VEGFA,26.02
SMP_4136,chr18,1757648,C,T,IL6,54.24
SMP_8158,chr3,179330962,T,A,BRCA1,78.91
SMP_6603,chr4,213647028,T,C,EGFR,86.63
SMP_4518,chr18,235072088,A,T,IL6,32.31
SMP_8998,chr9,27738892,C,T,TNF,96.56
SMP_1193,chr4,210778527,G,A,MTHFR,90.76
SMP_1697,chr18,60436943,T,C,VEGFA,50.69
SMP_2179,chr12,65943194,A,C,APOE,44.9
SMP_2212,chr11,231883430,C,T,TNF,31.64
SMP_2256,chr4,183208083,A,C,TNF,75.73
SMP_9002,chr22,134143038,G,C,MTHFR,21.05
SMP_9070,chr3,180407328,A,T,EGFR,64.32
SMP_8018,chr10,167492312,A,G,BRCA1,41.62
SMP_7442,chr11,91654599,C,G,BRCA2,72.16
SMP_9670,chr16,113863404,A,T,TNF,65.34
SMP_1690,chr7,6601048,A,C,EGFR,40.62
SMP_5844,chr20,177255631,C,A,MTHFR,94.74
SMP_5425,chr3,50004645,G,T,TNF,56.19
SMP_6773,chr5,234747238,G,C,MTHFR,73.91
SMP_8607,chr2,97696386,A,C,EGFR,47.55
SMP_4853,chr1,193605594,T,G,BRCA2,85.63
SMP_9850,chr2,215632716,G,A,MTHFR,40.77
SMP_4093,chr3,152922496,G,C,IL6,21.14
SMP_3661,chr12,132718295,C,A,BRCA1,98.26
SMP_7162,chr6,115686990,G,T,TNF,68.87
SMP_3815,chr18,231545615,C,T,TNF,36.47
SMP_8383,chr8,104084269,A,G,IL6,27.65
SMP_4305,chr18,199284635,A,G,BRCA2,30.94
SMP_8710,chr5,55849124,C,G,VEGFA,87.58
SMP_2556,chr22,197916224,G,A,TP53,68.4
SMP_5866,chr2,110331510,T,G,TP53,73.69
SMP_8643,chr21,188396699,A,T,VEGFA,64.84
SMP_9567,chr5,159086675,C,A,APOE,26.93
SMP_1640,chr20,63590634,G,C,TNF,82.99
SMP_2259,chr18,203498314,C,A,BRCA2,29.67
SMP_3602,chr6,154144335,A,C,TP53,99.34
SMP_7127,chr2,64167109,A,C,BRCA1,59.06
SMP_1984,chr18,117796800,C,G,IL6,35.52
SMP_5525,chr18,213600400,G,T,APOE,80.16
SMP_5975,chr12,205831903,C,T,APOE,58.75
SMP_6425,chr3,88875957,G,A,TNF,25.39
SMP_1644,chr21,235416650,T,G,TNF,97.89
SMP_6889,chr17,167794585,A,G,TP53,58.74
SMP_7016,chr13,163431569,A,G,BRCA1,23.72
SMP_7439,chr9,75301853,T,A,TNF,46.68
SMP_4044,chr20,219934380,A,C,BRCA1,89.53
SMP_3187,chr6,181223768,C,G,EGFR,34.8
SMP_9577,chr2,175414762,G,T,BRCA2,42.25
SMP_3462,chr2,7387219,C,G,BRCA1,37.41
SMP_5443,chr9,217799635,T,A,IL6,64.41
SMP_5897,chr20,109494960,A,T,TNF,40.56
SMP_3229,chr21,209074040,G,A,EGFR,67.89
SMP_3751,chr14,155663921,A,T,BRCA1,76.68
SMP_8847,chr9,130776489,A,T,TNF,91.69
SMP_9886,chr6,226948643,A,G,BRCA1,45.84
SMP_4651,chr1,651932,C,T,VEGFA,99.21
SMP_8184,chr18,194160726,C,T,EGFR,43.67
SMP_6756,chr6,85273253,C,G,APOE,72.71
SMP_8888,chr15,209782549,G,C,VEGFA,52.87
SMP_8348,chr16,27012176,G,A,APOE,78.61
SMP_6759,chr21,72114684,T,G,BRCA1,70.76
SMP_3442,chr20,165520388,T,G,TP53,67.82
SMP_7903,chr15,209851715,G,A,APOE,40.21
SMP_6317,chr2,14342367,G,T,TNF,65.42
SMP_7068,chr7,34776210,A,T,MTHFR,54.45
SMP_2562,chr20,59019982,G,A,VEGFA,26.81
SMP_9579,chr7,84116289,G,A,EGFR,23.93
SMP_3570,chr2,6757482,A,C,TNF,48.55
SMP_4043,chr21,224745777,T,A,EGFR,71.11
SMP_2652,chr10,18044058,G,A,APOE,88.64
SMP_5045,chr2,29285447,A,T,VEGFA,88.92
SMP_7302,chr18,21884755,A,C,BRCA2,73.67
SMP_3048,chr13,232284495,T,A,TNF,50.69
SMP_6879,chr1,189743522,T,G,TNF,34.81
SMP_8931,chr19,79356887,G,C,EGFR,83.09
SMP_3331,chr5,43089475,C,G,EGFR,61.63
SMP_9886,chrY,88979045,C,G,BRCA2,44.1
SMP_1853,chr10,26609596,T,C,MTHFR,68.07
SMP_4047,chr6,76885244,A,T,VEGFA,40.28
SMP_9713,chr11,41471794,G,C,EGFR,36.54
SMP_9002,chr3,207015076,A,C,BRCA2,88.01
SMP_3818,chr15,86224289,T,G,IL6,46.74
SMP_2079,chr12,174396023,C,T,MYC,41.83
SMP_3820,chr21,184383349,A,T,BRCA1,55.26
SMP_2482,chr2,150522312,A,T,EGFR,82.23
SMP_1482,chr2,11152387,A,C,MYC,36.43
SMP_5341,chr19,170887799,C,T,VEGFA,98.8
SMP_4016,chr9,84677530,G,A,TNF,91.43
SMP_7800,chr20,61301648,G,T,APOE,39.74
SMP_5005,chr21,108054071,G,T,EGFR,50.85
SMP_2667,chr17,37704772,T,A,VEGFA,52.77
SMP_7330,chr19,98469274,T,C,APOE,83.77
SMP_7183,chr2,163379848,G,T,VEGFA,53.19
SMP_3922,chr12,79162202,G,T,BRCA2,85.44
SMP_1864,chr22,163762313,G,C,BRCA2,24.47
SMP_7396,chr13,173719509,T,C,IL6,44.88
SMP_9155,chr7,159411273,T,C,BRCA1,88.68
SMP_2975,chr3,158017899,C,G,BRCA2,68.15
SMP_1522,chr7,98309616,A,T,BRCA1,65.78
SMP_6288,chr3,205579638,C,A,EGFR,77.54
SMP_6109,chr4,208735815,A,G,MYC,32.66
SMP_4663,chr11,174861675,A,T,APOE,29.73
SMP_9322,chr17,130651234,G,A,TP53,75.78
SMP_3021,chr8,114794293,T,G,EGFR,70.07
SMP_8062,chr11,69126119,T,G,IL6,22.23
SMP_6478,chrX,59046428,C,A,BRCA2,23.99
SMP_4735,chr22,196755256,A,T,EGFR,65.11
SMP_2967,chr22,193022500,C,G,MTHFR,25.55
SMP_7357,chr6,130258237,G,T,MTHFR,44.19
SMP_6017,chr14,48189724,T,C,TNF,94.48
SMP_3454,chr5,249459611,T,A,BRCA2,94.65
SMP_7852,chr22,84217340,T,C,TNF,26.13
SMP_2259,chr3,144040549,G,C,MYC,56.15
SMP_5835,chr14,181461486,T,A,VEGFA,46.64
SMP_9932,chr18,60667444,A,C,BRCA2,56.89
SMP_4895,chr8,7159839,C,G,MTHFR,48.59
SMP_6908,chr12,208155691,A,T,MTHFR,37.38
SMP_3324,chr11,115147741,C,G,APOE,68.19
SMP_8780,chr19,138649115,T,C,TP53,32.13
SMP_3420,chr13,12777989,A,T,VEGFA,36.2
SMP_8509,chr4,43876946,C,A,TP53,66.3
SMP_5551,chr17,176197390,A,T,TP53,43.09
SMP_6145,chr12,177510370,T,C,BRCA2,68.46
SMP_9491,chr8,241876487,A,G,MTHFR,39.46
SMP_2317,chr15,87831828,G,A,TNF,69.41
SMP_5585,chr17,59670250,C,G,BRCA2,40.37
SMP_8852,chr2,68525574,G,T,BRCA2,81.89
SMP_7524,chr4,70843100,A,G,TNF,81.07
SMP_7181,chr10,70002591,C,T,MYC,96.66
SMP_1598,chr6,1004230,A,G,IL6,95.49
SMP_7587,chrY,132045517,G,A,BRCA2,44.74
SMP_4608,chr21,102704630,T,G,APOE,43.49
SMP_3689,chr15,176123431,G,A,MTHFR,71.5
SMP_9870,chr19,47496178,T,G,BRCA1,20.1
SMP_9828,chr2,57149353,A,C,TP53,80.62
SMP_1647,chrX,121480180,A,C,EGFR,69.67
SMP_3488,chr2,193003828,T,C,IL6,75.22
SMP_4071,chr4,168177261,C,A,VEGFA,62.01
SMP_2712,chr4,53508130,T,C,MYC,94.96
SMP_2846,chr22,241179184,C,G,TNF,82.37
SMP_6459,chr22,206940945,A,C,TNF,36.86
SMP_3618,chr8,202082550,T,C,TP53,90.86
SMP_5376,chr8,151896244,A,G,EGFR,99.13
SMP_5076,chr22,141496036,C,T,IL6,76.44
SMP_6413,chrY,75895664,C,A,TP53,30.61
SMP_5796,chr21,1526960,A,T,BRCA1,33.29
SMP_7684,chr15,138340984,C,T,EGFR,64.35
SMP_9509,chr21,60789447,A,T,TP53,48.43
SMP_9145,chr9,65961496,T,A,MYC,22.9
SMP_3853,chr16,249784250,C,A,VEGFA,53.79
SMP_7085,chr1,166640349,A,G,BRCA1,23.4
SMP_2524,chr11,107252449,T,A,MYC,44.69
SMP_6047,chr1,203316315,G,T,MTHFR,93.03
SMP_7451,chr9,126400674,T,A,TNF,78.36
SMP_4528,chr20,97831672,G,C,MTHFR,76.49
SMP_6006,chr3,10250558,A,C,BRCA2,93.86
SMP_9480,chr11,188728466,A,T,EGFR,33.24
SMP_5310,chr9,112907074,G,C,VEGFA,73.54
SMP_2590,chr13,59085264,T,C,APOE,43.45
SMP_4266,chr17,217487747,A,G,TP53,57.29
SMP_1096,chr2,43190349,A,C,BRCA2,37.87
SMP_8667,chr5,142443100,C,T,BRCA1,68.4
SMP_4747,chr2,237772492,C,A,TNF,31.88
SMP_5211,chrY,152391453,G,C,TP53,84.69
SMP_5982,chr2,81002673,T,C,MYC,99.04
SMP_5149,chr19,94551751,T,A,IL6,46.96
SMP_8933,chr8,612033,C,A,BRCA2,26.11
SMP_6358,chr10,193155581,G,A,TP53,61.89
SMP_4807,chr16,223009255,A,C,BRCA2,70.34
SMP_7057,chr5,246476140,C,G,TNF,75.68
SMP_3317,chr6,25616361,T,A,BRCA2,72.43
SMP_6349,chr12,145007130,A,T,BRCA1,64.36
SMP_1198,chr12,60166582,G,C,APOE,32.0
SMP_2293,chr19,19012769,A,G,IL6,57.31
SMP_5824,chr1,176707675,T,G,IL6,90.25
SMP_3533,chr7,145434084,T,C,MTHFR,50.62
SMP_6680,chr4,239905436,G,A,TNF,96.8
SMP_3037,chr2,71329435,G,C,BRCA1,51.69
SMP_4318,chr3,178891251,A,T,EGFR,69.82
SMP_7790,chr15,187636276,C,G,TNF,72.9
SMP_2646,chr2,120047948,A,G,BRCA1,54.06
SMP_7715,chr11,157159110,C,G,BRCA2,27.57
SMP_1436,chr19,32007330,C,T,APOE,36.2
SMP_5319,chr15,176580452,T,G,BRCA2,45.31
SMP_6285,chr20,20479266,G,A,MTHFR,99.67
SMP_6840,chr8,37422349,T,G,MTHFR,52.86
SMP_8623,chrY,39360162,T,A,EGFR,81.7
SMP_9934,chr14,170146919,A,G,BRCA2,22.0
SMP_1156,chr11,83967196,T,G,VEGFA,59.83
SMP_3270,chr9,60237593,C,G,VEGFA,32.01
SMP_5385,chr20,162605068,A,G,MTHFR,97.81
SMP_8230,chr5,190041667,A,G,TNF,69.29
SMP_2223,chr1,72150593,G,T,BRCA1,98.0
SMP_2755,chr4,166736974,C,T,MYC,32.89
SMP_3663,chr4,210983616,C,A,VEGFA,66.81
SMP_9961,chr11,205613792,C,G,MYC,51.17
SMP_3972,chr5,113305369,A,C,EGFR,24.41
SMP_5561,chr3,159764525,A,T,BRCA2,97.56
SMP_5919,chr5,35907352,A,T,APOE,56.74
SMP_3178,chr1,249746760,G,A,EGFR,76.68
SMP_7725,chr17,75403990,A,T,VEGFA,68.52
SMP_8359,chr17,186224773,T,A,TNF,33.16
SMP_5877,chr17,83258432,C,T,TP53,60.0
SMP_5974,chr21,107167804,C,G,BRCA1,94.26
SMP_2882,chr10,83290815,C,T,MYC,91.78
SMP_1727,chrX,56800734,C,A,TP53,95.18
SMP_6643,chr12,206333880,T,G,MYC,85.56
SMP_4012,chrX,155192283,G,A,BRCA2,81.9
SMP_5766,chr3,39575428,A,G,VEGFA,47.08
SMP_2809,chr16,188549826,A,C,EGFR,40.31
SMP_2794,chr15,215182136,C,T,APOE,30.75
SMP_1535,chr2,198092667,T,A,APOE,76.77
SMP_4890,chr18,227961894,G,T,TNF,93.71
SMP_5731,chr18,41059373,A,T,TNF,99.45
SMP_6528,chr2,106315715,G,C,EGFR,29.66
SMP_1464,chr4,194790294,G,A,BRCA2,72.79
SMP_4708,chr13,65174441,T,A,MYC,21.14
SMP_5862,chr16,53733006,C,A,MYC,74.79
SMP_9941,chr17,141269522,T,C,MTHFR,49.47
SMP_9805,chr22,226087569,T,C,VEGFA,63.47
SMP_7000,chr15,35687002,G,A,TP53,93.89
SMP_3060,chr15,154986567,T,G,TNF,73.31
SMP_1975,chr2,94962341,G,C,BRCA2,97.96
SMP_9636,chr7,199172247,C,T,MTHFR,69.29
SMP_4583,chr7,33836516,A,T,BRCA1,42.65
SMP_6046,chr7,13868877,C,T,TNF,84.24
SMP_6602,chr12,178421835,C,A,VEGFA,68.88
SMP_9465,chr9,7593481,A,G,MYC,35.01
SMP_1242,chr9,46310688,C,A,MTHFR,48.88
SMP_9691,chrY,195168443,G,C,TP53,33.94
SMP_9739,chr11,184499858,A,T,IL6,47.95
SMP_4008,chr4,4047226,C,T,TP53,66.48
SMP_3695,chr15,244312247,G,A,IL6,69.17
SMP_3658,chr6,115952147,A,G,VEGFA,84.43
SMP_8026,chrY,149077554,T,G,TP53,97.22
SMP_1047,chr21,120098525,A,T,TP53,36.59
SMP_6660,chr4,132997367,T,G,BRCA2,87.49
SMP_7516,chr15,30871939,C,A,IL6,44.47
SMP_3987,chr3,66759181,T,A,TNF,56.73
SMP_6983,chr16,65185751,A,T,BRCA2,37.39
SMP_9933,chr8,193088620,T,A,TP53,24.74
SMP_6541,chr4,212745274,G,A,MYC,55.48
SMP_3979,chr15,77157151,T,A,APOE,33.1
SMP_7342,chr14,148974299,T,A,TNF,85.0
SMP_2314,chr21,202001629,G,T,VEGFA,64.64
SMP_8594,chr21,228338021,T,G,MTHFR,26.0
SMP_1530,chr5,115677851,A,G,IL6,77.84
SMP_2689,chr8,225359494,T,G,MTHFR,86.14
SMP_6238,chr19,171143124,T,G,APOE,98.78
SMP_2112,chr20,158276730,C,G,TP53,75.29
SMP_7549,chrY,201119797,A,G,BRCA1,54.86
SMP_6057,chr21,180965746,C,T,APOE,25.02
SMP_7264,chr19,18885008,A,T,APOE,99.8
SMP_5319,chr1,65611644,C,G,IL6,92.14
SMP_4822,chr10,56314446,G,C,IL6,84.52
SMP_2203,chr20,211813021,C,G,APOE,59.43
SMP_1636,chr21,210248651,A,C,VEGFA,89.41
SMP_1631,chrX,181932194,A,C,APOE,41.37
SMP_4598,chr17,246319027,A,T,MYC,24.83
SMP_5491,chr2,136738743,C,G,BRCA1,90.37
SMP_3365,chr20,42088457,A,G,TNF,25.46
SMP_2489,chr4,116983934,T,A,IL6,62.73
SMP_8739,chr20,35690467,G,T,MYC,71.53
SMP_4709,chr12,176042121,A,G,APOE,75.13
SMP_3870,chr2,194493249,A,T,EGFR,42.55
SMP_2220,chr17,46949898,G,A,VEGFA,67.06
SMP_9716,chr14,193834761,C,G,EGFR,58.38
SMP_5272,chr17,108498552,G,T,MTHFR,20.55
SMP_8041,chr19,209515504,C,A,TP53,80.61
SMP_4580,chrX,147637637,G,T,BRCA2,82.54
SMP_5272,chr1,217187414,A,C,TP53,70.83
SMP_2322,chr4,232147154,G,C,TNF,88.51
SMP_4625,chr9,80588173,C,G,IL6,36.34
SMP_8839,chr14,160907109,C,A,APOE,62.81
SMP_8790,chr14,28121831,A,T,MYC,33.21
SMP_9897,chr14,82053434,C,A,MYC,31.71
SMP_5669,chr2,155929411,C,A,MYC,60.51
SMP_3948,chr19,62731332,A,C,BRCA1,84.23
SMP_9198,chr3,84706202,C,A,VEGFA,40.15
SMP_2710,chr9,17136280,T,A,BRCA1,42.89
SMP_1679,chr19,53512054,G,T,APOE,68.32
SMP_8056,chr6,103723158,T,G,VEGFA,91.0
SMP_5223,chr20,135093957,A,T,APOE,22.23
SMP_9259,chr3,85113046,C,G,EGFR,66.04
SMP_2864,chrX,43890555,G,T,MTHFR,84.29
SMP_8541,chr17,1218687,T,A,APOE,63.14
SMP_2690,chr8,161430623,G,T,MTHFR,59.72
SMP_6867,chr21,96046344,T,A,TP53,91.31
SMP_3563,chr22,75392132,T,A,MTHFR,20.12
SMP_8859,chrY,167400847,T,C,MTHFR,34.38
SMP_5850,chr8,34691358,A,C,VEGFA,78.86
SMP_7512,chr3,147524821,A,G,TNF,26.6
SMP_1041,chr9,58936729,C,G,VEGFA,44.17
SMP_4563,chr12,44451144,T,A,TP53,39.74
SMP_4954,chr10,249630058,A,T,BRCA1,67.06
SMP_4702,chr16,229656792,T,A,EGFR,24.16
SMP_2433,chr10,105895664,A,G,MTHFR,64.69
SMP_1477,chr20,17501223,C,G,VEGFA,57.36
SMP_6523,chr8,28971200,T,G,MTHFR,89.71
SMP_5152,chr2,180729366,A,T,TNF,66.14
SMP_3420,chr15,225263957,A,C,MYC,27.77
SMP_3024,chr15,100278430,C,T,TNF,61.58
SMP_5236,chr2,158024896,C,T,VEGFA,92.72
SMP_6878,chr17,37555501,G,T,MTHFR,84.74
SMP_9868,chr12,186140387,A,T,MYC,90.96
SMP_7855,chr13,221611747,T,G,TP53,37.63
SMP_7325,chr19,189082868,A,T,EGFR,70.79
SMP_3436,chr4,189738334,T,A,BRCA2,76.12
SMP_9899,chr21,133370232,C,A,MYC,45.92
SMP_9659,chrY,128562021,T,C,VEGFA,57.0
SMP_9358,chr3,19000473,A,C,IL6,94.04
SMP_2437,chr9,47892845,C,G,MYC,78.97
SMP_3555,chr7,172892152,T,A,MYC,54.0
SMP_5507,chr5,46421981,C,G,VEGFA,48.52
SMP_2086,chr5,167300143,A,T,EGFR,30.76
SMP_3536,chr8,47110858,A,T,MYC,72.9
SMP_2775,chrY,91189124,T,A,MTHFR,95.64
SMP_5720,chr20,139536670,T,G,BRCA1,26.6
SMP_9857,chr13,35532632,T,A,BRCA2,60.16
SMP_3801,chr22,236335365,G,C,BRCA1,37.61
SMP_8589,chr5,106747849,A,G,TNF,23.29
SMP_6506,chr22,91011730,C,T,APOE,80.5
SMP_5841,chr20,214601668,G,C,VEGFA,63.49
SMP_3254,chr17,14530933,C,T,BRCA2,50.06
SMP_3172,chr4,146383068,C,T,BRCA1,64.6
SMP_5720,chr3,68926650,G,A,MYC,84.73
SMP_6599,chr17,245717743,G,C,APOE,80.61
SMP_5638,chr22,201661759,A,G,TNF,41.79
SMP_5889,chr15,89515087,T,A,MTHFR,20.29
SMP_8173,chr2,242410061,T,A,APOE,22.72
SMP_9776,chr2,227557162,A,C,BRCA1,31.47
SMP_9087,chr4,180513307,T,G,TNF,43.12
SMP_2247,chr16,74591916,G,C,MYC,61.53
SMP_6744,chr21,144381159,A,C,IL6,24.66
SMP_6332,chr22,15770117,A,T,TP53,69.85
SMP_3544,chr15,227077853,A,T,TNF,49.51
SMP_6820,chr4,128922653,C,A,BRCA2,85.59
SMP_3119,chr17,106991166,C,G,BRCA2,66.82
SMP_1375,chr5,51515211,T,G,VEGFA,24.78
SMP_7815,chr11,112669311,G,C,APOE,31.99
SMP_5399,chr13,174459679,G,A,MTHFR,24.7
SMP_3581,chr4,130993000,C,T,APOE,63.42
SMP_1273,chr18,90631251,T,A,TNF,32.22
SMP_3694,chr7,237156972,T,C,APOE,91.15
SMP_7921,chrY,113065761,A,T,MYC,70.15
SMP_1876,chr22,224207676,G,C,EGFR,73.8
SMP_8480,chr17,68463838,A,G,MYC,89.02
SMP_5652,chr2,244348029,G,A,MYC,34.6
SMP_2090,chr15,249409512,T,G,MTHFR,47.04
SMP_9612,chr22,87990943,C,G,IL6,25.01
SMP_2555,chr22,227125781,T,G,TNF,56.5
SMP_5521,chr8,133411395,C,T,BRCA2,63.32
SMP_2762,chrX,227609060,C,A,BRCA1,88.67
SMP_1513,chr22,161898762,A,C,TNF,83.2
SMP_6128,chr22,194326538,G,A,IL6,63.27
SMP_7986,chr19,38655740,A,T,TNF,21.79
SMP_2734,chr14,57113574,T,C,TNF,62.47
SMP_5489,chr3,93776942,C,A,BRCA1,91.16
SMP_1559,chr9,54410886,G,T,MTHFR,71.19
SMP_4487,chr17,121059078,T,C,APOE,52.27
SMP_1925,chr11,156932720,A,G,TP53,42.27
SMP_1947,chr7,247114561,T,A,TNF,82.03
SMP_9746,chr18,157141738,C,T,MYC,45.5
SMP_3759,chr1,185913456,T,A,MTHFR,52.21
SMP_7784,chr9,235750274,T,G,MTHFR,52.36
SMP_2092,chr17,71914873,G,A,IL6,87.66
SMP_1948,chr12,40098689,C,G,BRCA2,51.57
SMP_6534,chr17,54025430,T,G,APOE,33.44
SMP_9537,chrX,184838180,C,A,MTHFR,24.61
SMP_3719,chr16,33736013,A,C,TP53,93.92
SMP_2138,chr19,39151198,G,C,MYC,75.73
SMP_9977,chr11,223865560,A,T,MTHFR,43.03
SMP_6490,chr10,66984429,G,C,IL6,97.73
SMP_4828,chr11,177238050,G,T,APOE,76.92
SMP_8531,chr12,40790566,G,T,TNF,22.74
SMP_1408,chr12,16443786,A,C,EGFR,77.06
SMP_3409,chr21,143009791,C,T,MYC,75.45
SMP_5902,chr3,86684472,C,G,APOE,88.26
SMP_2681,chr13,218330415,A,C,BRCA1,90.81
SMP_3376,chr13,200495742,C,T,BRCA2,29.94
SMP_7780,chr3,213825176,A,T,TNF,88.67
SMP_9465,chr3,63051362,A,T,EGFR,28.68
SMP_9356,chr10,10836705,C,G,VEGFA,58.3
SMP_2791,chr2,227705662,A,T,BRCA1,76.62
SMP_4563,chr8,69022322,C,A,MYC,95.78
SMP_1349,chr3,77582598,G,T,IL6,34.76
SMP_4429,chr11,122949163,T,G,MYC,37.69
SMP_8636,chrY,59616539,C,A,APOE,46.17
SMP_3104,chrY,232223818,A,G,IL6,82.05
SMP_3865,chr13,237608385,A,C,APOE,41.97
SMP_9935,chr20,127140906,T,A,TNF,33.24
SMP_5647,chr21,247867845,C,T,BRCA2,31.57
SMP_6357,chr1,148788021,C,G,TNF,32.06
SMP_7611,chr19,180501952,A,C,VEGFA,57.09
SMP_5215,chr13,50576365,T,A,TNF,67.84
SMP_3210,chr8,41896960,A,G,BRCA1,67.76
SMP_1171,chr4,94911752,G,A,IL6,47.26
SMP_5548,chr15,230728757,A,G,BRCA2,90.77
SMP_1594,chr8,222625821,C,A,EGFR,98.57
SMP_9345,chr3,233335520,A,C,EGFR,47.26
SMP_5951,chr10,179019238,C,A,BRCA1,76.69
SMP_7931,chr11,134394402,T,A,TNF,40.07
SMP_5367,chr4,116969607,T,A,BRCA1,43.66
SMP_9902,chr4,144527148,G,C,BRCA1,49.17
SMP_5353,chr1,158580826,G,C,BRCA1,52.89
SMP_2863,chr11,168721715,T,C,APOE,24.41
SMP_7245,chr12,183482920,A,C,VEGFA,79.22
SMP_9843,chr12,167422103,G,A,MTHFR,87.28
SMP_2741,chr11,239117061,T,A,BRCA2,42.38
SMP_1412,chr5,77748353,A,C,MTHFR,83.02
SMP_4472,chr14,149871286,C,G,BRCA1,36.16
SMP_2872,chr13,146800811,A,G,TNF,54.78
SMP_7212,chr10,107490514,A,T,APOE,94.49
SMP_2580,chr2,21233814,A,T,MTHFR,74.0
SMP_9405,chr15,50073088,G,T,MTHFR,63.03
SMP_5233,chrY,43401339,G,T,VEGFA,47.1
SMP_9745,chr4,112020322,G,T,MYC,27.85
SMP_8366,chr15,67395765,C,T,TNF,63.23
SMP_2648,chr21,69163138,A,T,TNF,39.9
SMP_4618,chr4,178406875,A,C,TNF,42.44
SMP_8729,chr10,83836235,A,G,MYC,41.36
SMP_1139,chr4,77778389,T,G,BRCA2,94.61
SMP_7077,chr3,115506601,T,A,BRCA2,40.41
SMP_9414,chr7,33489661,C,G,BRCA1,20.96
SMP_2832,chr22,104355681,T,A,MYC,65.46
SMP_8694,chr4,132779848,G,A,EGFR,50.13
SMP_4714,chr20,237379419,C,T,BRCA1,53.24
SMP_7402,chr6,174682545,A,G,MYC,81.04
SMP_7184,chr11,211218916,A,C,EGFR,42.04
SMP_1844,chr20,154355188,G,A,BRCA1,88.79
SMP_4942,chr8,208027732,A,G,EGFR,70.32
SMP_6484,chr5,148738848,G,C,EGFR,49.37
SMP_2282,chr21,186694509,G,T,TNF,97.85
SMP_6133,chr3,242957328,A,C,TP53,75.99
SMP_8488,chr22,146531872,A,G,MTHFR,84.27
SMP_6401,chr11,93288157,G,C,MYC,23.65
SMP_5371,chr15,35400710,G,C,TP53,94.45
SMP_4906,chr9,246991697,T,G,EGFR,71.45
SMP_4042,chr11,178828689,C,A,BRCA2,82.31
SMP_2763,chr15,106666622,T,A,BRCA1,39.47
SMP_4822,chr1,6296430,G,C,APOE,98.94
SMP_8365,chr12,91704192,G,A,TNF,56.73
SMP_5219,chrY,71379430,A,C,VEGFA,66.51
SMP_1955,chr12,209756189,T,A,BRCA1,53.91
SMP_4476,chr17,154337414,C,A,TNF,69.76
SMP_9623,chrY,185135656,C,A,EGFR,97.52
SMP_9132,chr7,41833648,T,C,IL6,47.16
SMP_5861,chr7,96562458,T,G,TP53,29.83
SMP_3445,chr7,39274593,C,T,MTHFR,78.76
SMP_9533,chr10,21017354,G,C,TNF,99.06
SMP_2328,chr21,2782385,T,A,VEGFA,72.79
SMP_3258,chr2,103097574,C,A,BRCA2,44.2
SMP_9584,chr10,76798306,A,C,MYC,69.09
SMP_6293,chr18,30393690,G,A,BRCA1,27.03
SMP_8894,chr22,147373419,G,T,TNF,74.11
SMP_2348,chr8,43287640,C,A,MYC,86.91
SMP_3161,chr16,91517460,C,T,EGFR,82.13
SMP_2108,chr17,28618055,C,T,EGFR,70.87
SMP_8009,chrX,188850271,G,C,TP53,20.53
SMP_2445,chr17,155275370,A,T,BRCA2,20.4
SMP_2648,chr11,86455237,G,C,BRCA1,28.51
SMP_6184,chr17,179738007,G,A,APOE,35.2
SMP_6462,chr18,223737229,G,C,IL6,84.53
SMP_8563,chr20,65696726,A,T,APOE,24.44
SMP_8427,chr18,212515163,A,C,IL6,38.5
SMP_5117,chr1,139612883,G,A,APOE,86.24
SMP_7762,chr17,239834906,T,G,TNF,73.9
SMP_4012,chr4,105474004,C,A,EGFR,78.22
SMP_2598,chr16,3501618,A,C,BRCA1,82.77
SMP_4090,chrY,219794934,G,T,BRCA2,33.84
SMP_5064,chr5,54091576,G,A,TNF,71.69
SMP_4438,chr18,124179490,A,G,MTHFR,64.48
SMP_1774,chr19,63565713,G,A,VEGFA,58.19
SMP_2237,chr4,193695995,A,C,TNF,73.36
SMP_2847,chr17,203429036,A,G,BRCA2,33.12
SMP_3062,chr3,164650906,T,A,EGFR,73.44
SMP_4429,chr18,204901690,C,A,EGFR,96.26
SMP_5422,chr3,62931423,G,C,EGFR,95.43
SMP_7571,chr22,77135153,G,T,VEGFA,77.46
SMP_6371,chr5,42587983,C,G,TNF,29.2
SMP_7540,chr17,165814336,G,C,TP53,31.58
SMP_7313,chr4,150464537,A,C,TP53,26.56
SMP_2995,chr1,195919323,T,C,BRCA2,28.11
SMP_1963,chr10,6595073,G,T,MTHFR,66.1
SMP_9288,chr5,163578635,A,T,BRCA1,28.83
SMP_5218,chr11,107605208,T,A,MTHFR,60.0
SMP_1515,chr20,140620492,G,A,IL6,30.28
SMP_7664,chr1,8534003,C,T,BRCA2,59.54
SMP_2043,chr10,58220732,A,G,VEGFA,55.4
SMP_1653,chr3,28176288,A,T,BRCA2,81.51
SMP_8930,chr20,210602817,T,A,TNF,47.59
SMP_7280,chr13,29878826,A,G,MTHFR,61.06
SMP_2001,chr2,26038450,C,G,IL6,33.45
SMP_9063,chr15,199421886,C,A,BRCA2,68.5
SMP_1505,chr22,77271899,A,C,VEGFA,87.34
SMP_7385,chrY,167934007,C,G,TP53,87.87
SMP_4186,chr19,218378299,G,C,TNF,23.1
SMP_2105,chr10,154015708,T,A,IL6,60.4
SMP_3124,chr10,217822627,C,A,TP53,58.83
SMP_5314,chr11,236900302,C,A,APOE,23.63
SMP_7112,chr17,99249163,A,T,TNF,88.28
SMP_8065,chr14,208613675,T,C,BRCA1,38.29
SMP_9668,chr16,137980903,T,C,BRCA2,92.0
SMP_2443,chr3,243325062,T,C,EGFR,52.27
SMP_3812,chr9,7819028,A,C,VEGFA,70.97
SMP_5277,chrY,238066274,A,T,MTHFR,40.19
SMP_5829,chr2,62439038,T,A,BRCA1,58.92
SMP_5701,chr16,688967,C,T,BRCA1,20.12
SMP_4243,chr7,192132844,A,C,APOE,93.61
SMP_4050,chr11,29774623,G,C,BRCA1,80.14
SMP_3847,chr7,66569381,T,G,EGFR,90.2
SMP_7249,chr18,193297899,G,T,BRCA2,65.98
SMP_1087,chr13,98646805,C,G,BRCA1,49.74
SMP_8175,chr22,209970908,T,G,EGFR,58.92
SMP_5291,chr10,139389488,C,T,TP53,77.57
SMP_5454,chr5,40844182,C,A,TP53,69.6
SMP_8723,chr17,170236149,A,T,VEGFA,58.18
SMP_1831,chrY,158194327,G,T,TNF,82.04
SMP_6421,chr5,97874603,A,G,TP53,27.56
SMP_9920,chr6,148281166,T,A,EGFR,29.89
SMP_9789,chr16,177416336,A,C,BRCA2,90.59
SMP_1418,chr10,14890843,A,C,IL6,83.59
SMP_8348,chr2,209586017,C,A,APOE,36.62
SMP_3879,chr14,7212134,C,G,EGFR,48.67
SMP_5308,chr19,49518845,T,A,BRCA1,52.11
SMP_9768,chr8,11761708,A,C,IL6,74.98
SMP_1178,chr4,199339498,G,C,MYC,89.77
SMP_5761,chr3,130415487,G,C,APOE,94.82
SMP_1938,chr6,213581610,T,G,TP53,56.13
SMP_1312,chr22,182339358,A,G,TP53,41.19
SMP_1215,chr21,248769721,G,A,TNF,39.8
SMP_1002,chr5,205554416,A,C,MTHFR,68.21
SMP_4247,chr3,94457484,A,G,TNF,51.74
SMP_3808,chr10,155859779,A,T,TNF,34.19
SMP_4213,chr1,9767650,G,C,MYC,68.48
SMP_7388,chr6,249578615,T,G,VEGFA,96.64
SMP_1494,chr12,198738487,G,T,TP53,75.55
SMP_9012,chr21,115961031,C,A,VEGFA,49.55
SMP_2717,chr8,44758129,C,A,BRCA1,49.58
SMP_5170,chr20,103544030,G,T,VEGFA,22.69
SMP_7172,chr21,211254452,C,A,MYC,78.77
SMP_6088,chr16,98101601,T,A,EGFR,98.41
SMP_2868,chr4,75065592,G,C,BRCA2,29.98
SMP_4919,chr9,200341362,G,A,BRCA2,33.05
SMP_9864,chr3,117174859,T,C,IL6,84.91
SMP_2027,chrY,113771292,G,A,IL6,90.39
SMP_1392,chr10,8955636,C,T,MYC,72.88
SMP_3921,chrX,35326864,G,A,EGFR,54.2
SMP_2575,chr10,175377650,T,C,MYC,85.04
SMP_4458,chr13,90060147,C,T,EGFR,46.85
SMP_1212,chr5,216401434,T,A,VEGFA,98.64
SMP_6941,chr18,91592046,T,A,TP53,31.83
SMP_3185,chr4,209077627,C,T,MTHFR,50.68
SMP_9763,chr11,129493207,T,C,BRCA1,56.18
SMP_8159,chr20,1368125,C,T,MYC,33.11
SMP_7103,chr6,247965234,A,G,BRCA1,88.09
SMP_8462,chr6,88685848,C,T,VEGFA,57.91
SMP_7280,chrX,106873874,C,G,TP53,94.83
SMP_6359,chr10,23987160,A,C,TP53,80.91
SMP_7730,chr17,49407599,G,A,BRCA1,62.73
SMP_5225,chr3,135011867,T,C,MTHFR,22.12
SMP_3988,chr4,43547616,A,T,TP53,57.94
SMP_4832,chr11,187447593,A,G,EGFR,91.6
SMP_9660,chr8,51225876,C,G,TNF,49.4
SMP_3404,chr3,9770807,C,T,APOE,89.24
SMP_7302,chr5,101390499,C,G,BRCA2,24.78
SMP_3437,chr16,187217945,A,T,TNF,32.19
SMP_2828,chr5,193880071,T,A,IL6,88.82
SMP_8101,chr15,32244899,C,A,MTHFR,83.37
SMP_2347,chr6,233960347,A,G,IL6,77.21
SMP_4303,chr8,69870089,G,T,IL6,60.27
SMP_3244,chr4,19884761,A,C,EGFR,62.46
SMP_9362,chr4,58864882,T,G,BRCA1,66.36
SMP_3815,chr2,115163235,A,G,MTHFR,33.66
SMP_5913,chr4,32614196,G,C,TNF,31.94
SMP_3699,chr10,217190424,A,G,TP53,34.22
SMP_5784,chr18,38097529,T,C,BRCA2,69.96
SMP_1170,chr10,196340859,A,G,BRCA2,57.45
SMP_4442,chr20,113879113,C,A,TNF,90.31
SMP_4878,chr1,234606819,G,C,IL6,93.28
SMP_7780,chr15,183751547,T,C,APOE,42.62
SMP_8838,chr12,26849676,T,A,IL6,81.66
SMP_4444,chrY,78563084,A,T,BRCA2,66.82
SMP_2179,chr3,115180093,A,G,BRCA1,36.36
SMP_7920,chr9,65092500,G,A,TNF,41.98
SMP_5642,chr12,219401292,T,G,VEGFA,93.55
SMP_5810,chr17,5401045,G,C,MTHFR,23.07
SMP_2170,chr4,222390665,A,C,EGFR,98.42
SMP_7552,chr22,235776520,C,G,IL6,46.19
SMP_8574,chr6,42800041,C,T,EGFR,77.15
SMP_1332,chr13,194401459,T,A,EGFR,53.02
SMP_8936,chr22,194766230,C,T,VEGFA,49.09
SMP_4487,chr4,243004464,C,A,BRCA2,34.43
SMP_9319,chr13,139158611,T,G,BRCA2,91.41
SMP_6541,chr1,116246529,C,T,EGFR,53.93
SMP_1524,chr8,6791967,C,T,TP53,61.71
SMP_3722,chr16,241343380,G,T,TNF,40.94
SMP_4142,chr11,144438426,C,G,TNF,86.36
SMP_6613,chr11,140805147,A,C,TNF,32.36
SMP_8113,chr1,236061138,C,T,IL6,86.46
SMP_2510,chr15,233486386,A,T,MYC,59.68
SMP_7795,chr10,234936776,T,C,IL6,88.79
SMP_2606,chr17,13862485,C,G,BRCA2,75.74
SMP_3181,chr22,110750260,T,C,MYC,96.44
SMP_5104,chr18,40703900,G,T,BRCA1,54.94
SMP_4507,chrY,144181296,A,T,EGFR,54.59
SMP_2697,chr17,189677866,G,A,TP53,75.33
SMP_1949,chr5,67927155,A,C,MYC,28.97
SMP_6698,chrY,102246391,A,C,APOE,70.65
SMP_5195,chr17,88890889,C,G,BRCA1,86.84
SMP_8973,chr18,81795189,T,G,MTHFR,84.04
SMP_4034,chr7,9896968,C,T,IL6,45.67
SMP_4752,chr6,54759959,G,A,IL6,59.27
SMP_5216,chr18,115645504,G,C,BRCA1,46.42
SMP_4653,chr15,138139839,T,A,MYC,82.88
SMP_9320,chr13,78845249,A,C,VEGFA,83.77
SMP_2936,chr22,178325571,A,G,MTHFR,26.25
SMP_8825,chr18,64551587,C,G,BRCA2,62.28
SMP_7536,chr14,8255674,A,T,VEGFA,93.34
SMP_2594,chr22,87410599,T,C,BRCA1,36.53
SMP_8473,chr15,220060314,A,G,IL6,81.45
SMP_4199,chr5,5820689,T,A,IL6,38.53
SMP_6306,chr13,50772404,T,G,APOE,25.52
SMP_3270,chr7,154233188,T,A,TNF,84.52
SMP_4762,chr6,192850486,T,G,APOE,25.1
SMP_7315,chr8,98864939,C,G,BRCA2,71.16
SMP_2111,chr1,201469256,T,C,TP53,23.69
SMP_7291,chr3,82355965,C,A,BRCA2,60.77
SMP_4349,chr5,201214527,C,A,EGFR,83.9
SMP_5000,chr19,62892985,A,T,BRCA1,38.3
SMP_7269,chr1,235338901,A,G,BRCA1,49.66
SMP_5051,chr6,107164095,C,G,APOE,22.03
SMP_3770,chr7,161354226,C,T,BRCA2,36.24
SMP_8765,chr3,2949162,T,A,APOE,36.83
SMP_8931,chr13,190245611,C,T,IL6,35.52
SMP_5126,chr22,210898854,C,T,TP53,76.39
SMP_6650,chr3,104631124,C,G,APOE,87.58
SMP_9454,chr7,191731851,T,C,MYC,74.05
SMP_1449,chr22,141294277,A,C,BRCA2,75.29
SMP_7010,chr5,101823568,G,T,TNF,41.57
SMP_5046,chr22,49075267,A,C,IL6,24.61
SMP_4197,chr17,15702641,T,A,BRCA2,63.73
SMP_7474,chr5,109096841,T,C,MYC,50.85
SMP_2274,chr18,36442774,C,T,BRCA2,44.73
SMP_2681,chr9,116698794,C,T,APOE,57.67
SMP_8397,chr17,220192724,A,T,BRCA2,96.3
SMP_4947,chr7,14182745,T,A,TP53,96.91
SMP_8579,chr3,166315429,T,G,TP53,54.61
SMP_9120,chr5,246121436,C,T,MYC,52.46
SMP_3183,chr3,190900565,C,G,TNF,28.96
SMP_1978,chr10,221034086,C,T,TP53,37.36
SMP_7400,chr5,206252096,A,T,IL6,94.78
SMP_5518,chr9,53918314,C,G,TP53,71.73
SMP_3334,chr14,37142991,C,T,APOE,73.87
SMP_7602,chr5,12596371,T,A,TP53,78.82
SMP_3091,chr22,93946536,A,G,BRCA2,25.76
SMP_5005,chr4,8190979,G,T,TNF,92.53
SMP_5076,chr8,106776797,C,T,TP53,68.06
SMP_7779,chr17,114770218,A,T,MYC,76.0
SMP_1434,chr1,4521492,A,T,APOE,91.93
SMP_5891,chr14,234499779,G,C,TP53,55.14
SMP_9406,chr18,102814636,G,A,VEGFA,33.85
SMP_8706,chr20,219569418,A,G,APOE,66.89
SMP_7723,chr7,59661288,T,G,APOE,81.53
SMP_2031,chr21,169740829,G,T,APOE,99.7
SMP_6519,chrY,51044888,G,T,APOE,66.24
SMP_7683,chr7,247128136,G,T,EGFR,30.37
SMP_4131,chr9,62737201,G,A,MYC,96.92
SMP_6122,chr22,145177087,C,A,APOE,98.83
SMP_2337,chr5,187740733,A,T,VEGFA,73.44
SMP_1203,chr14,100046345,C,T,MTHFR,75.73
SMP_9809,chr12,202270861,C,T,MTHFR,38.34
SMP_5263,chr10,195664187,T,C,IL6,25.65
SMP_8130,chr10,237828326,T,G,MTHFR,89.04
SMP_9861,chr8,147208523,A,G,IL6,90.56
SMP_7906,chr9,211616114,A,T,EGFR,63.35
SMP_6302,chr22,75283743,C,G,APOE,49.54
SMP_9179,chr4,42830980,C,G,BRCA1,83.03
SMP_5043,chr3,177830070,T,G,BRCA1,53.2
SMP_3879,chr21,207280146,C,G,MYC,35.38
SMP_6883,chr6,150782233,C,G,VEGFA,43.14
SMP_3728,chr20,56399105,A,G,VEGFA,71.89
SMP_1850,chr2,204661520,A,T,MYC,71.06
SMP_3494,chr20,140177654,G,T,APOE,52.19
SMP_9971,chr2,192144999,T,A,TP53,90.34
SMP_3903,chr11,205633583,T,G,MTHFR,73.7
SMP_5182,chr6,219671199,C,G,VEGFA,52.24
SMP_5530,chr1,185993403,A,C,APOE,53.59
SMP_6006,chr5,202572308,G,C,VEGFA,97.76
SMP_7136,chr2,105016049,C,A,VEGFA,65.39
SMP_4075,chr7,237340677,A,T,TP53,28.85
SMP_1450,chr7,142456917,A,C,MTHFR,41.79
SMP_3518,chr12,173166616,A,T,VEGFA,28.38
SMP_6569,chr3,189904420,G,T,IL6,82.9
SMP_4930,chr22,228736923,T,G,TP53,78.31
SMP_5114,chr14,209030055,G,C,EGFR,75.23
SMP_9508,chr20,77940237,C,G,VEGFA,44.59
SMP_7320,chr15,193396192,A,T,MYC,66.11
SMP_1060,chrX,245249696,G,T,BRCA2,55.64
SMP_2169,chr19,222400099,T,G,APOE,44.07
SMP_2409,chr21,121050532,A,C,IL6,65.13
SMP_1847,chr7,189492043,A,G,MTHFR,75.62
SMP_1471,chr2,8002629,G,A,TNF,89.98
SMP_7767,chr16,113147054,T,G,MYC,45.67
SMP_9270,chr4,140806607,G,T,BRCA1,70.68
SMP_8444,chr7,104124315,G,T,BRCA2,82.33
SMP_6986,chr9,108338306,T,A,APOE,31.3
SMP_3675,chrX,229601555,A,G,APOE,61.17
SMP_7866,chr1,242109275,C,G,EGFR,45.47
SMP_6976,chr17,240364606,A,T,MYC,95.32
SMP_2166,chr19,66321419,C,A,MTHFR,94.1
SMP_4573,chr5,90412013,T,A,BRCA1,55.94
SMP_6817,chr11,245925895,A,C,IL6,46.11
SMP_8548,chr1,40155941,A,G,BRCA1,73.1
SMP_6632,chr13,56021915,G,C,TNF,20.5
SMP_8119,chr7,91099121,A,C,APOE,81.82
SMP_6449,chrY,140318514,A,G,MTHFR,95.47
SMP_4839,chr18,176306901,G,A,MTHFR,41.02
SMP_9196,chr17,77178369,T,C,MYC,35.7
SMP_6814,chr12,206373563,C,G,EGFR,63.78
SMP_5278,chr13,48110352,G,T,MTHFR,39.37
SMP_9874,chr13,38957270,T,G,MTHFR,45.61
SMP_3684,chr6,101134151,G,A,IL6,78.13
SMP_8137,chr4,40161763,C,T,MYC,73.81
SMP_2533,chr1,28349605,A,G,MYC,29.79
SMP_6775,chr9,117336054,C,G,EGFR,96.24
SMP_7743,chr20,183167672,C,T,MTHFR,81.78
SMP_8669,chr3,70417076,T,C,VEGFA,41.7
SMP_4267,chr17,17328018,C,A,VEGFA,55.47
SMP_3212,chr21,12627660,A,C,TNF,60.66
SMP_3019,chr22,191767680,T,A,BRCA1,78.93
SMP_4929,chr6,154572434,G,A,MTHFR,21.11
SMP_5929,chr4,50268922,T,G,BRCA1,68.71
SMP_5873,chr21,92929090,A,G,MYC,67.28
SMP_6741,chr1,22461860,A,T,BRCA1,77.08
SMP_3698,chr14,124692128,G,C,MYC,36.56
SMP_8986,chr4,211413434,G,A,MTHFR,59.13
SMP_8705,chr17,22470784,C,G,IL6,63.02
SMP_5313,chr8,91231824,T,C,TP53,80.09
SMP_4163,chr12,91425878,A,C,BRCA1,33.36
SMP_2407,chr9,131756314,C,T,MTHFR,72.67
SMP_5077,chr14,7885493,T,C,BRCA2,21.97
SMP_8957,chr10,50258988,G,T,EGFR,77.26
SMP_4725,chr15,160191281,G,C,MYC,64.05
SMP_2654,chr1,79343056,G,T,MTHFR,83.49
SMP_9586,chr1,27661748,C,A,BRCA2,86.08
SMP_1117,chr21,87726852,T,C,MYC,34.51
SMP_8608,chr16,175246471,C,A,TNF,97.63
SMP_9025,chr9,7517658,C,A,BRCA2,61.3
SMP_8984,chr1,227459982,G,A,MYC,37.23
SMP_3754,chr20,180201974,G,A,VEGFA,82.38
SMP_8239,chr14,62571424,G,C,TNF,52.95
SMP_9925,chr16,171208302,A,G,TNF,21.1
SMP_4081,chr15,48948553,C,A,APOE,52.26
SMP_8411,chr11,109712727,C,A,APOE,47.52
SMP_9598,chr7,103048868,G,C,MTHFR,45.21
SMP_9636,chr15,62367735,T,C,APOE,40.03
SMP_9138,chr4,210214937,C,T,VEGFA,71.58
SMP_2562,chr21,91418891,T,A,TNF,98.49
SMP_4509,chr18,17025080,A,G,MYC,43.88
SMP_2809,chrX,20131785,T,G,BRCA1,79.91
SMP_7233,chr21,24113483,C,A,IL6,53.88
SMP_1411,chr16,5015833,T,C,IL6,92.46
SMP_5835,chr5,30932990,A,C,EGFR,73.47
SMP_4995,chr15,162068571,G,A,BRCA2,65.11
SMP_2541,chr16,78619128,T,C,BRCA1,31.87
SMP_2453,chr16,237563269,T,A,VEGFA,28.85
SMP_6936,chr2,243591206,T,G,IL6,88.68
SMP_6386,chrY,217942912,A,T,EGFR,52.23
SMP_8959,chr16,187273184,T,G,VEGFA,25.21
SMP_3622,chr6,35600159,A,G,TP53,50.67
SMP_5996,chr15,71511465,T,C,BRCA2,95.71
SMP_7890,chr15,157641521,G,C,MTHFR,59.29
SMP_5746,chr14,157970961,A,G,TNF,84.41
SMP_7395,chr1,207090782,C,A,BRCA1,57.3
SMP_9207,chr4,208581269,C,A,BRCA1,22.01
SMP_4253,chrX,56519228,C,A,MYC,57.71
SMP_7817,chr6,11474159,A,T,TNF,78.7
SMP_1510,chr18,145112345,G,A,TP53,70.59
SMP_9713,chr5,225010353,G,C,MTHFR,42.55
SMP_9559,chr10,18966503,A,T,EGFR,22.91
SMP_8502,chr1,169350278,G,C,TP53,26.32
SMP_8366,chr13,75149544,C,G,MYC,76.99
SMP_5090,chr8,6374249,T,A,EGFR,72.22
SMP_1444,chr14,84700646,T,C,IL6,73.76
SMP_9968,chrY,625247,G,C,VEGFA,40.35
SMP_8286,chr11,71797195,G,C,IL6,89.61
SMP_3631,chr17,54297686,C,T,BRCA1,40.0
SMP_4836,chr22,209734429,T,A,TNF,76.96
SMP_8864,chr1,18316481,A,G,APOE,47.41
SMP_5548,chrX,36414591,C,T,MTHFR,84.5
SMP_9146,chr8,112740170,T,A,VEGFA,24.78
SMP_8390,chr14,147584717,C,T,TP53,41.94
SMP_4382,chr9,123997143,T,A,BRCA1,68.13
SMP_5545,chr7,234215721,T,A,BRCA2,92.59
SMP_9760,chr7,236153653,C,A,MTHFR,39.43
SMP_8963,chr13,54631855,C,A,BRCA1,83.61
SMP_7280,chr4,145216550,C,T,VEGFA,36.38
SMP_5791,chr6,235901910,G,A,BRCA1,49.59
SMP_7961,chr9,41660410,G,C,TP53,26.49
SMP_2823,chr4,149063353,T,G,TNF,76.39
SMP_8682,chr20,80344867,A,T,EGFR,34.19
SMP_5853,chrX,132154249,C,A,IL6,65.9
SMP_3797,chr11,159299045,A,T,APOE,45.97
SMP_2798,chr9,77824181,C,T,TP53,78.71
SMP_6578,chr3,112569468,T,A,BRCA2,22.92
SMP_5772,chr12,6899188,G,T,TNF,64.63
SMP_7784,chr6,202717407,C,A,BRCA2,79.26
SMP_5814,chr22,109621564,C,A,TP53,87.58
SMP_4878,chr22,189385683,G,C,IL6,26.28
SMP_2440,chr5,93284502,A,C,TP53,45.14
SMP_5830,chrX,46048541,T,C,TP53,96.18
SMP_5594,chr12,108334930,C,G,TP53,61.3
SMP_2795,chr8,159399925,T,C,VEGFA,84.72
SMP_8040,chr1,164961092,A,G,MYC,34.22
SMP_7048,chr15,134722293,A,G,BRCA2,40.63
SMP_7261,chr6,106103352,C,A,TNF,79.35
SMP_2037,chr4,121433590,A,G,APOE,79.45
SMP_8239,chr3,50619296,C,A,VEGFA,36.83
SMP_3146,chr16,9893313,C,G,BRCA2,96.7
SMP_9501,chr15,223002348,C,G,APOE,80.73
SMP_2105,chr6,78261824,T,G,MTHFR,96.18
SMP_7275,chr13,218538077,C,T,APOE,73.28
SMP_1257,chr17,42733946,G,T,BRCA2,85.23
SMP_3955,chr9,195822287,T,G,APOE,84.75
SMP_6126,chr8,2653571,C,G,MYC,91.41
SMP_2090,chr4,122045308,T,A,MYC,87.78
SMP_7303,chr9,9613495,T,G,APOE,51.23
SMP_1545,chr16,26391683,C,G,VEGFA,56.0
SMP_1282,chr1,174411739,A,C,BRCA2,49.29
SMP_8152,chr9,70192335,A,C,APOE,55.03
SMP_8276,chr7,102809902,G,T,IL6,84.77
SMP_1841,chr19,145448203,T,G,MTHFR,78.42
SMP_5639,chr18,12227564,C,A,VEGFA,87.23
SMP_5862,chr10,239759471,G,C,MTHFR,56.89
SMP_4157,chr11,117477609,G,C,MYC,41.12
SMP_9537,chr19,185728512,T,A,BRCA2,82.88
SMP_1707,chr19,190410114,A,T,MYC,59.43
SMP_5616,chr16,24878862,C,G,MTHFR,47.33
SMP_4935,chr3,131826288,G,T,TP53,82.42
SMP_4705,chr15,35979103,T,C,EGFR,24.13
SMP_7639,chr7,139012110,T,C,MYC,60.01
SMP_9685,chr4,74936229,A,T,EGFR,74.71
SMP_6474,chr7,136658234,A,T,BRCA1,59.31
SMP_6486,chr19,139792582,T,C,IL6,94.74
SMP_6821,chr15,182317456,A,G,BRCA2,75.54
SMP_8683,chr22,206895390,A,T,VEGFA,67.79
SMP_9367,chrY,53815459,A,T,MTHFR,74.79
SMP_6391,chr14,16571009,C,G,MYC,96.43
SMP_5877,chr15,143903459,T,C,APOE,58.6
SMP_4197,chr19,86737489,G,T,TNF,31.46
SMP_3183,chr2,29516296,A,T,MYC,36.33
SMP_7855,chr21,103568689,A,C,VEGFA,80.89
SMP_2971,chr7,80880604,A,T,MYC,69.19
SMP_3892,chr21,207920247,T,A,IL6,46.7
SMP_5972,chr11,209344851,A,G,APOE,94.67
SMP_7060,chr11,221753741,T,C,BRCA2,96.47
SMP_2298,chr20,149850362,T,G,TP53,84.55
SMP_3634,chr11,33012471,T,C,TNF,37.23
SMP_2744,chr4,235404469,T,C,APOE,31.13
SMP_8058,chr13,140532814,C,T,BRCA2,67.34
SMP_4088,chr3,28303657,C,T,VEGFA,58.37
SMP_4769,chr22,143752702,A,T,MYC,28.34
SMP_8881,chr8,56990882,G,C,MYC,51.19
SMP_4302,chr7,129812792,T,A,EGFR,35.05
SMP_3906,chr16,169651361,T,A,IL6,33.19
SMP_5370,chr13,161347619,G,C,MTHFR,75.71
SMP_9279,chr8,60947663,T,A,BRCA2,74.54
SMP_7956,chr17,246508759,G,T,MYC,21.06
SMP_3799,chr11,147944750,T,A,IL6,58.16
SMP_3677,chr17,228781479,C,A,TP53,71.71
SMP_3201,chr17,207023562,G,A,VEGFA,64.69
SMP_5498,chr10,202737753,G,C,MYC,89.96
SMP_7920,chr20,50788672,C,A,TP53,39.43
SMP_1169,chr20,167269182,A,G,MYC,74.45
SMP_5644,chr13,205953478,C,T,APOE,79.73
SMP_5988,chr21,222181063,A,G,BRCA2,97.9
SMP_8093,chr16,177190484,A,T,TNF,58.22
SMP_3828,chrY,1976143,A,C,TP53,72.92
SMP_2780,chr8,107289949,C,G,BRCA2,76.92
SMP_8182,chr13,238359926,G,C,MTHFR,23.48
SMP_1574,chr22,190181812,C,G,MYC,42.19
SMP_7836,chr9,42851396,A,T,TP53,36.54
SMP_9019,chr12,206104897,A,G,TP53,85.48
SMP_3473,chr9,82232039,A,T,BRCA2,50.88
SMP_6818,chrX,171452306,A,T,VEGFA,66.16
SMP_6864,chr6,8973536,G,T,BRCA1,76.42
SMP_6388,chr6,50992172,G,A,TP53,86.27
SMP_5311,chr4,116645883,G,A,VEGFA,82.93
SMP_8356,chr7,79897879,G,A,APOE,34.78
SMP_4823,chr5,150982521,G,A,TP53,99.86
SMP_9145,chr15,123626365,C,T,TP53,64.97
SMP_8392,chr10,178017383,C,A,TNF,99.73
SMP_4966,chr22,5088729,T,G,APOE,52.57
SMP_2617,chr2,192962796,G,C,MTHFR,22.12
SMP_8016,chr16,18646026,A,T,BRCA1,90.85
SMP_3209,chr18,17996482,G,A,BRCA2,27.11
SMP_1585,chr7,140560538,T,C,VEGFA,27.43
SMP_4443,chr18,243283900,C,G,APOE,35.89
SMP_1970,chr21,141409134,G,A,EGFR,61.74
SMP_8762,chr5,217312522,G,T,TP53,55.51
SMP_4254,chr12,45581617,T,A,TNF,36.13
SMP_5715,chr7,90660574,C,A,TP53,39.75
SMP_3550,chr22,168959609,C,A,IL6,84.82
SMP_6686,chr15,1338287,G,A,IL6,36.16
SMP_1660,chr6,114140800,T,C,TNF,57.07
SMP_8263,chr19,81860241,T,C,MTHFR,57.22
SMP_1132,chr22,135445799,G,T,EGFR,29.72
SMP_2099,chr18,170818631,T,C,EGFR,75.25
SMP_2709,chr13,199543096,T,G,BRCA2,90.05
SMP_9772,chr3,3885346,T,G,MTHFR,69.93
SMP_4864,chr14,155462824,T,C,MTHFR,38.52
SMP_6884,chr7,185873277,C,A,TNF,49.62
SMP_8956,chr18,195520477,T,A,APOE,84.42
SMP_8102,chr8,128034071,A,T,APOE,76.9
SMP_8327,chr21,15853465,A,G,IL6,79.96
SMP_5568,chr1,134271072,G,A,BRCA2,81.41
SMP_5843,chr6,183842810,A,G,TP53,43.88
SMP_8713,chr8,28987832,C,A,BRCA2,45.04
SMP_1258,chr5,125937994,A,C,MYC,63.25
SMP_6146,chr17,154486124,A,C,EGFR,64.57
SMP_3687,chr2,197605222,A,C,BRCA2,81.79
SMP_3046,chr2,15688649,C,G,IL6,40.06
SMP_5413,chr18,38681772,G,T,VEGFA,35.63
SMP_1083,chr21,27722638,C,G,IL6,83.05
SMP_4727,chr14,141248020,T,A,EGFR,60.64
SMP_7817,chr10,91647359,G,C,APOE,75.04
SMP_6730,chr5,1054282,T,G,MYC,80.77
SMP_1252,chr16,9612088,T,A,APOE,57.12
SMP_3990,chr9,194884150,C,A,EGFR,45.69
SMP_2830,chr19,24745536,G,T,MYC,64.36
SMP_2922,chr8,194476176,G,A,TNF,69.85
SMP_5658,chr12,223800467,G,A,BRCA2,37.02
SMP_8799,chr19,172862807,G,C,EGFR,69.28
SMP_9240,chr16,195174838,T,G,EGFR,33.39
SMP_3902,chr13,50821405,G,T,IL6,42.68
SMP_8574,chr10,159263243,C,G,MTHFR,66.17
SMP_3255,chr11,237690171,A,T,BRCA2,60.33
SMP_1370,chr20,221313107,G,A,VEGFA,20.78
SMP_8371,chr8,100075606,A,C,BRCA2,29.07
SMP_5703,chrY,141027631,G,C,TP53,48.01
SMP_2229,chrY,240431231,T,G,TNF,88.48
SMP_3020,chrY,192762805,C,G,BRCA1,54.2
SMP_1790,chr4,19162824,A,T,MTHFR,56.98
SMP_1871,chr2,148883934,A,C,APOE,95.56
SMP_5443,chr15,116525774,C,G,MYC,24.07
SMP_9001,chr2,122045115,C,A,VEGFA,97.1
SMP_4986,chrY,203695799,C,G,MYC,52.92
SMP_5683,chr5,43683148,A,C,VEGFA,22.97
SMP_7053,chr8,72432274,A,C,TNF,87.03
SMP_7677,chr11,9632241,C,G,VEGFA,85.05
SMP_3983,chr20,52844001,A,C,MYC,86.31
SMP_9785,chr14,170432124,G,A,TNF,59.1
SMP_2065,chrY,54942385,T,C,MYC,89.97
SMP_4106,chr8,105362699,A,C,IL6,88.74
SMP_1259,chr14,221801309,T,A,APOE,66.43
SMP_5975,chr4,52207419,T,C,APOE,72.12
SMP_7804,chr14,84041686,A,G,TNF,61.75
SMP_2664,chr19,244982951,T,G,MYC,46.71
SMP_4598,chr5,228139234,G,C,BRCA1,70.83
SMP_6738,chr20,173185206,C,T,MTHFR,36.26
SMP_4271,chr9,100657695,T,G,MYC,85.24
SMP_4252,chr15,74283406,A,T,VEGFA,83.07
SMP_3112,chr19,164085564,T,C,APOE,49.41
SMP_6390,chr12,190068956,A,C,IL6,88.66
SMP_9186,chr7,140543529,C,T,IL6,66.35
SMP_4988,chr10,118972633,T,A,IL6,50.74
SMP_6046,chr18,152484221,C,A,MTHFR,79.22
SMP_5127,chr5,85518002,G,A,MTHFR,33.51
SMP_4854,chr9,228463742,G,T,IL6,66.78
SMP_1681,chr6,159712119,T,C,TNF,72.27
SMP_4689,chr13,40713436,G,C,BRCA1,97.3
SMP_7846,chr15,181072939,T,C,TP53,83.44
SMP_1428,chr3,135361275,A,G,MYC,34.56
SMP_1423,chrX,7686156,A,G,BRCA1,64.64
SMP_9581,chr7,220353550,G,A,EGFR,85.54
SMP_1328,chr20,183354132,C,T,IL6,74.2
SMP_5293,chr20,212689977,G,T,TP53,91.23
SMP_3473,chr9,60511618,G,A,APOE,31.52
SMP_1632,chr11,85127652,A,G,TNF,57.04
SMP_9185,chr1,173755168,C,G,MYC,50.73
SMP_8472,chr6,14915122,C,T,VEGFA,20.17
SMP_9765,chr10,109299113,A,G,BRCA2,88.65
SMP_8496,chr10,64846205,G,C,MYC,52.25
SMP_4081,chr15,248877603,G,C,APOE,46.56
SMP_4310,chr11,71467672,A,T,MTHFR,98.04
SMP_5320,chr2,25233519,T,A,IL6,90.43
SMP_7906,chr10,52919499,T,C,IL6,98.26
SMP_6562,chr12,31404449,C,T,EGFR,71.98
SMP_1072,chr4,25493495,C,A,VEGFA,72.72
SMP_6570,chr15,210871076,C,A,BRCA1,66.59
SMP_8229,chr13,30653448,G,A,BRCA2,56.11
SMP_4359,chr14,125493574,A,C,BRCA2,85.33
SMP_8339,chr14,157836985,A,C,APOE,31.26
SMP_2914,chr9,18689433,T,G,MYC,52.67
SMP_6597,chr13,105876769,A,T,MYC,49.5
SMP_7981,chr19,97429911,G,T,MTHFR,39.98
SMP_6898,chr13,191617117,G,C,BRCA2,28.23
SMP_1308,chr19,29237426,C,T,TNF,60.41
SMP_2725,chr14,127785068,T,C,TNF,24.4
SMP_5501,chr15,85243611,T,G,APOE,88.85
SMP_6098,chr17,132063746,C,T,EGFR,74.24
SMP_3405,chr22,88112104,T,C,TP53,95.19
SMP_7882,chr2,233165890,T,C,APOE,38.36
SMP_1923,chr20,89313187,G,A,BRCA2,24.09
SMP_3386,chr5,147565879,A,C,MYC,78.04
SMP_2487,chr5,121492578,A,T,IL6,32.11
SMP_8047,chr4,228692284,A,C,VEGFA,53.97
SMP_3708,chr6,64092549,T,G,BRCA1,52.01
SMP_4007,chr1,160458445,C,T,MYC,47.27
SMP_6220,chr9,12961933,C,T,APOE,59.5
SMP_7004,chr22,240379668,A,G,VEGFA,80.8
SMP_9951,chr9,111165300,A,T,TNF,70.49
SMP_5869,chr4,22504050,G,A,BRCA2,51.88
SMP_1440,chr18,188679820,C,G,MTHFR,35.23
SMP_1263,chr14,32936671,A,G,EGFR,22.4
SMP_8580,chr8,228285166,C,T,MYC,61.84
SMP_8032,chr21,121015497,T,C,APOE,70.24
SMP_4205,chr13,213043011,A,C,BRCA2,97.96
SMP_2008,chr12,44120238,T,G,MTHFR,25.58
SMP_3708,chr17,92374729,G,A,VEGFA,21.78
SMP_2464,chr11,242782169,A,T,TP53,53.78
SMP_9498,chr17,48844335,C,T,APOE,43.65
SMP_3693,chr12,148418120,A,T,BRCA1,91.63
SMP_1900,chrY,78102809,T,G,BRCA2,96.18
SMP_8670,chr13,189973219,T,A,MTHFR,79.57
SMP_8585,chr8,232594745,A,T,EGFR,63.66
SMP_4526,chr7,98656364,T,A,VEGFA,27.71
SMP_5962,chr15,60209022,C,A,BRCA2,77.82
SMP_6695,chr17,100916374,C,A,EGFR,38.73
SMP_1849,chr12,67097852,T,A,TP53,89.31
SMP_4712,chr1,20249698,T,G,IL6,74.45
SMP_3682,chr15,116168944,T,A,MTHFR,63.81
SMP_7526,chr21,225440830,C,A,BRCA2,58.45
SMP_1725,chr11,215230953,C,G,TP53,80.46
SMP_3768,chr14,79851537,A,T,APOE,37.89
SMP_1661,chr12,127899100,T,C,IL6,54.75
SMP_1545,chr7,39489359,A,T,APOE,89.48
SMP_1949,chr3,103418109,A,C,MTHFR,87.41
SMP_4783,chr3,71048237,G,T,MTHFR,67.11
SMP_5899,chrY,34979535,G,A,TNF,42.6
SMP_1766,chr10,199894315,A,C,MTHFR,66.17
SMP_8396,chr16,37565890,T,C,BRCA2,31.04
SMP_6584,chr14,194413543,A,T,MYC,43.53
SMP_4269,chr6,149469356,C,G,EGFR,97.16
SMP_1054,chr11,117370457,C,G,IL6,78.74
SMP_9650,chr2,86268121,C,G,APOE,26.37
SMP_2783,chr3,130575154,C,A,TP53,58.41
SMP_5428,chr16,39950387,G,T,TNF,32.36
SMP_1270,chr9,48483549,A,G,VEGFA,28.32
SMP_6900,chr15,137940152,C,G,APOE,45.87
SMP_5048,chr10,222059858,A,T,APOE,28.13
SMP_3625,chr2,6142866,T,G,BRCA1,99.62
SMP_2177,chrY,77657869,A,C,MYC,22.16
SMP_5101,chr2,172226796,A,C,EGFR,97.2
SMP_7875,chr17,101939871,A,T,MTHFR,77.63
SMP_4582,chr4,216346012,C,T,BRCA2,57.1
SMP_9407,chr2,10340376,A,T,VEGFA,84.5
SMP_6525,chr22,5128796,T,G,BRCA2,89.09
SMP_3527,chr11,181752304,A,T,BRCA2,70.93
SMP_7946,chr5,13521220,G,T,TP53,37.45
SMP_3370,chr7,59550857,C,G,TP53,49.81
SMP_5155,chr19,215805719,C,A,MYC,82.16
SMP_9604,chr2,39059121,A,G,MTHFR,74.01
SMP_7416,chr5,39020606,T,A,APOE,63.97
SMP_7838,chr10,42626827,C,A,TNF,27.74
SMP_4535,chrX,86902473,C,T,EGFR,30.42
SMP_5841,chr11,96294134,G,C,EGFR,27.58
SMP_8749,chr20,140315950,T,G,MTHFR,84.18
SMP_4381,chr3,86029892,A,C,BRCA2,31.71
SMP_2137,chr7,166955759,G,C,MYC,97.85
SMP_1657,chr5,174974037,G,C,APOE,47.61
SMP_5024,chr1,147849477,C,A,TP53,46.14
SMP_9246,chr13,234534433,A,C,BRCA1,75.72
SMP_2492,chr16,57444995,A,T,MYC,32.82
SMP_2132,chr16,116309106,A,G,TP53,98.77
SMP_3652,chr16,169557727,C,T,TP53,86.47
SMP_5377,chr4,242197049,G,A,MYC,62.68
SMP_9525,chr5,113138648,G,C,BRCA1,95.19
SMP_6937,chr16,239712969,A,T,BRCA2,92.76
SMP_9592,chr2,232145236,G,A,APOE,97.01
SMP_8975,chr7,169584045,T,G,MYC,83.39
SMP_3646,chr9,175804652,A,T,EGFR,83.06
SMP_3415,chr4,235702596,G,T,BRCA1,20.83
SMP_7639,chr19,2477482,C,T,MYC,76.02
SMP_9633,chr6,185927975,G,A,MYC,54.1
SMP_9162,chr4,187154608,T,C,TNF,22.58
SMP_8629,chr17,140060691,G,A,APOE,49.39
SMP_6224,chr13,165810323,T,C,EGFR,82.2
SMP_8672,chr21,246420727,G,T,MTHFR,42.11
SMP_6599,chr9,34023822,G,A,VEGFA,86.17
SMP_1006,chr16,159937982,A,T,EGFR,39.9
SMP_1672,chrX,60430321,G,C,MTHFR,79.78
SMP_2957,chr17,120709388,G,A,MYC,91.24
SMP_4786,chr16,94256067,G,T,BRCA1,52.38
SMP_9418,chr16,77510610,C,G,TNF,69.97
SMP_3576,chr19,128543575,A,C,BRCA1,43.63
SMP_9114,chr5,66046276,A,T,BRCA1,64.43
SMP_4562,chr20,31292161,C,A,VEGFA,49.99
SMP_2693,chr5,4005524,C,A,IL6,37.86
SMP_3236,chr20,95418301,A,C,TP53,39.75
SMP_2866,chr17,86942222,A,C,IL6,97.85
SMP_6610,chr19,219679965,T,C,MYC,53.52
SMP_4312,chr7,118984215,T,G,VEGFA,78.58
SMP_7123,chr20,100569227,A,C,BRCA1,55.19
SMP_3677,chr4,94450589,C,T,EGFR,95.09
SMP_2197,chrX,16857089,C,T,BRCA2,54.08
SMP_7517,chrX,80957827,A,T,BRCA2,25.09
SMP_2622,chr19,145960774,A,T,MYC,29.8
SMP_9531,chr18,102062159,T,C,EGFR,93.76
SMP_5054,chr5,176479784,G,T,MTHFR,87.7
SMP_1809,chr16,148188244,C,T,BRCA1,65.93
SMP_9447,chr19,170619516,G,A,IL6,64.04
SMP_9793,chr20,221828570,G,A,IL6,80.37
SMP_2056,chr13,82069212,C,A,MYC,30.26
SMP_4837,chr19,144854662,A,T,MTHFR,44.12
SMP_7622,chr5,206715196,C,G,TNF,34.09
SMP_1574,chr18,141370384,G,C,VEGFA,28.98
SMP_4202,chr16,237319045,T,C,BRCA1,93.45
SMP_7679,chr14,79907087,C,A,BRCA1,70.82
SMP_9321,chr18,38744163,T,G,BRCA2,31.54
SMP_3278,chr16,141909711,C,T,IL6,72.09
SMP_4363,chr6,167058027,G,A,IL6,23.67
SMP_7159,chr4,219410447,T,A,TNF,59.19
SMP_1879,chr4,208455844,T,A,TP53,82.84
SMP_1384,chr3,147901348,A,C,TNF,98.99
SMP_8361,chr9,208490036,T,A,BRCA1,84.37
SMP_1714,chr19,69937396,C,T,MYC,95.95
SMP_4060,chrX,26988570,G,T,BRCA2,21.41
SMP_5582,chr15,180589906,C,G,APOE,96.08
SMP_4640,chr12,72852487,T,C,EGFR,56.63
SMP_9518,chr18,53483302,C,T,VEGFA,84.35
SMP_6953,chr18,91289737,G,T,EGFR,91.33
SMP_1445,chr20,214756968,T,A,BRCA1,76.51
SMP_4477,chr15,82168400,G,T,TP53,34.7
SMP_8430,chr5,40012029,C,T,MYC,90.77
SMP_6279,chr9,13374257,G,A,BRCA2,54.79
SMP_7056,chr18,80085013,A,T,APOE,97.13
SMP_6938,chr9,18906886,C,G,EGFR,62.42
SMP_5135,chr2,81962392,C,T,MTHFR,31.14
SMP_9552,chr8,123479506,G,C,EGFR,27.66
SMP_1187,chr16,152254231,G,T,TNF,23.65
SMP_7503,chrY,221269940,A,G,MYC,74.58
SMP_8156,chr14,147769575,T,C,BRCA1,40.27
SMP_5625,chr16,177305711,G,A,MTHFR,30.53
SMP_7335,chr5,106045471,T,C,MYC,80.36
SMP_4202,chr5,248033172,A,G,IL6,83.57
SMP_5747,chr17,195580206,G,C,BRCA1,47.62
SMP_8332,chr11,190039412,G,C,MTHFR,34.75
SMP_9162,chr20,57265261,T,C,BRCA2,20.6
SMP_4229,chr9,198232956,C,G,EGFR,66.77
SMP_2332,chr7,118515824,T,G,BRCA1,38.06
SMP_3343,chr14,20646215,G,A,APOE,70.89
SMP_9038,chr7,59186383,G,C,EGFR,30.38
SMP_6935,chrY,7893999,T,A,MYC,94.14
SMP_8803,chr7,119162753,A,C,EGFR,52.7
SMP_1511,chr6,240862332,G,A,MYC,81.96
SMP_8540,chr22,17966533,A,T,BRCA2,34.1
SMP_8839,chr5,17432452,C,A,BRCA2,66.07
SMP_9434,chr17,34495886,C,A,APOE,39.39
SMP_3305,chr12,34674606,T,G,EGFR,29.31
SMP_2211,chr14,182953581,C,A,MTHFR,82.81
SMP_2122,chr6,58719065,T,C,VEGFA,65.29
SMP_1173,chr22,54761945,T,A,BRCA1,34.82
SMP_4409,chr16,112684643,T,A,VEGFA,28.75
SMP_9946,chr17,112456274,G,C,MTHFR,25.46
SMP_4713,chr7,49741753,C,G,BRCA2,78.55
SMP_5525,chr11,76464994,C,G,TNF,87.89
SMP_8247,chr1,137427844,G,C,BRCA1,29.3
SMP_7975,chr22,146561187,C,G,EGFR,32.69
SMP_5338,chr13,93899161,T,A,MTHFR,20.56
SMP_1981,chr4,185238895,A,C,IL6,69.23
SMP_9745,chr10,238649842,T,C,APOE,96.32
SMP_2674,chr15,100440460,G,A,TNF,47.51
SMP_8279,chr17,142984030,G,C,MYC,53.23
SMP_1973,chr16,3679398,G,C,APOE,31.74
SMP_7019,chr20,169298634,A,C,BRCA2,83.45
SMP_4022,chr19,102136593,T,A,APOE,56.95
SMP_6002,chr6,185122335,A,G,VEGFA,32.9
SMP_7982,chr16,46620816,T,C,IL6,70.02
SMP_9320,chr18,625983,T,C,TNF,76.45
SMP_4893,chr16,123913635,G,C,IL6,98.59
SMP_5621,chr3,20807409,T,A,BRCA1,91.17
SMP_2062,chrY,220307699,A,C,IL6,91.55
SMP_9208,chr20,121523276,A,T,EGFR,67.04
SMP_2574,chr16,152697320,C,T,VEGFA,34.09
SMP_4713,chr21,53235741,T,C,VEGFA,78.93
SMP_7686,chr19,226124398,G,C,IL6,36.78
SMP_7912,chr3,63520286,A,C,TNF,67.52
SMP_5709,chr5,37377699,T,G,BRCA2,52.63
SMP_3240,chr22,2059876,A,T,VEGFA,70.38
SMP_6790,chr3,153048189,T,C,EGFR,97.7
SMP_3171,chr18,165310033,C,T,EGFR,41.66
SMP_4659,chr5,172226146,G,C,BRCA1,44.95
SMP_4949,chr22,115150622,T,C,TP53,31.4
SMP_7235,chr13,83041130,G,C,TP53,71.1
SMP_1301,chr18,208563,C,G,APOE,95.45
SMP_1278,chr14,114517849,A,C,BRCA2,40.15
SMP_8152,chr9,190360593,G,A,EGFR,84.61
SMP_7679,chr7,20020795,A,T,VEGFA,41.44
SMP_2765,chr20,61444500,T,C,BRCA1,95.22
SMP_7506,chr19,242463813,C,G,BRCA2,83.87
SMP_6056,chr17,39848479,G,A,BRCA2,50.69
SMP_8375,chr5,117705777,T,A,IL6,29.28
SMP_5327,chr2,126492873,T,G,MYC,67.23
SMP_2718,chr20,128651610,C,G,IL6,82.42
SMP_9859,chr13,113083543,G,A,APOE,74.93
SMP_1407,chr11,73932326,C,T,APOE,88.45
SMP_1510,chr1,247757709,C,A,MYC,62.4
SMP_8004,chr3,167081947,G,C,MYC,51.61
SMP_7770,chr7,238609660,C,T,TP53,80.96
SMP_6423,chr8,24863503,A,T,IL6,40.11
SMP_9255,chr14,154202277,A,C,BRCA2,56.19
SMP_5487,chr3,208575501,G,T,BRCA2,88.66
SMP_2683,chr20,232455357,G,T,MTHFR,96.7
SMP_9766,chr8,491340,T,A,APOE,39.99
SMP_5653,chr20,186687849,C,G,APOE,37.85
SMP_4497,chr8,139756809,A,T,MTHFR,98.05
SMP_2621,chr7,72804012,C,T,EGFR,95.28
SMP_4911,chr12,158103310,G,C,TNF,21.6
SMP_1749,chr3,144499268,T,C,BRCA2,81.71
SMP_6339,chr14,177405152,C,G,EGFR,94.73
SMP_1421,chr6,160546097,G,T,BRCA1,96.01
SMP_2140,chr12,2502103,C,G,VEGFA,90.21
SMP_7645,chr12,148569954,A,C,MTHFR,20.28
SMP_4646,chr16,60418139,A,G,BRCA2,84.32
SMP_3261,chr4,140195547,G,C,BRCA1,48.33
SMP_4264,chr8,216371920,G,C,BRCA1,65.52
SMP_9611,chr22,81087937,G,C,MTHFR,62.91
SMP_4498,chr4,86837925,C,A,BRCA1,92.67
SMP_6624,chr10,129662363,C,T,BRCA1,37.95
SMP_6575,chr20,174712104,T,G,TNF,95.01
SMP_4884,chr8,36813517,G,C,TNF,44.75
SMP_3206,chr13,222570480,C,T,BRCA1,20.49
SMP_2760,chr21,135911078,A,T,BRCA1,72.58
SMP_3257,chr10,39421942,C,G,MTHFR,96.14
SMP_7918,chr13,152720277,T,C,BRCA1,44.45
SMP_9119,chr10,74391014,G,A,TP53,30.18
SMP_9361,chr20,168193220,A,C,MYC,84.39
SMP_8734,chr1,214120401,T,A,BRCA2,47.88
SMP_4970,chr9,228762024,G,T,APOE,75.83
SMP_5285,chr7,133260734,C,T,MTHFR,57.1
SMP_2288,chr10,126943352,T,G,BRCA1,64.38
SMP_3583,chr12,128259390,G,T,TP53,36.29
SMP_7372,chr20,233850690,T,A,TNF,92.19
SMP_9650,chr1,152157996,A,C,TNF,90.27
SMP_1820,chr8,99521621,G,T,MYC,58.28
SMP_3362,chr21,32467709,T,A,BRCA1,78.98
SMP_6651,chr17,21395874,G,C,VEGFA,69.71
SMP_6187,chr6,53014345,T,C,EGFR,72.63
SMP_6664,chr5,102820693,A,C,EGFR,28.99
SMP_7624,chr13,219016444,C,T,APOE,67.78
SMP_1689,chr20,74376849,C,A,TP53,20.69
SMP_6238,chr2,66051590,A,T,BRCA2,44.8
SMP_2166,chr4,20450757,A,C,TP53,95.94
SMP_5127,chr14,140336470,T,A,APOE,27.28
SMP_3033,chr21,115369883,T,G,BRCA1,28.23
SMP_1129,chr9,173377406,G,C,VEGFA,66.54
SMP_5980,chr8,232249237,C,A,TNF,37.02
SMP_7483,chr7,122966922,T,A,MTHFR,47.67
SMP_6136,chr14,105878774,G,T,TP53,52.58
SMP_8083,chr11,99374995,T,G,MYC,95.43
SMP_2470,chr7,5077937,T,A,TP53,56.48
SMP_3479,chr5,71377415,G,C,MTHFR,28.12
SMP_9264,chr18,24955172,C,T,MYC,82.42
SMP_1725,chr1,57851483,G,C,APOE,84.42
SMP_4742,chr12,89028714,C,G,MYC,91.7
SMP_7307,chr11,210600304,A,T,TNF,21.76
SMP_8129,chr20,110000478,G,A,APOE,82.17
SMP_8876,chr13,205615506,C,A,BRCA1,56.72
SMP_6477,chr16,5946380,T,A,EGFR,87.39
SMP_5443,chr18,225506622,G,T,VEGFA,57.56
SMP_5453,chr8,105293295,C,A,MYC,27.58
SMP_8162,chr21,164690403,A,C,IL6,57.26
SMP_1132,chr18,190732194,A,C,IL6,26.26
SMP_3945,chr11,91937284,G,A,TP53,25.69
SMP_9645,chr12,13045412,G,C,APOE,53.78
SMP_2226,chr12,117840297,A,C,TP53,45.98
SMP_7579,chr15,78436145,A,C,EGFR,58.97
SMP_6655,chr14,124544331,A,C,MYC,43.75
SMP_9024,chr15,214654535,A,C,BRCA2,73.99
SMP_4964,chr16,130666763,T,A,BRCA2,59.24
SMP_6107,chr19,223971902,C,T,VEGFA,25.48
SMP_8397,chr5,27985969,A,C,TP53,30.51
SMP_4209,chr13,110253132,T,G,VEGFA,64.4
SMP_9341,chrY,30179649,T,G,TP53,94.5
SMP_6530,chr16,219359685,G,A,MTHFR,46.04
SMP_1560,chr9,196690088,G,A,TP53,32.64
SMP_1592,chr7,77338489,T,G,TNF,37.92
SMP_5524,chrY,28074970,T,C,TNF,42.41
SMP_4953,chr20,249201264,C,A,VEGFA,39.52
SMP_2694,chr1,198732400,C,G,EGFR,88.1
SMP_9872,chr20,27304171,T,G,EGFR,44.57
SMP_7489,chr16,14724183,C,T,MTHFR,92.02
SMP_5208,chr12,106172342,G,C,TNF,43.8
SMP_4151,chr13,230460768,T,A,MTHFR,20.42
SMP_9289,chr21,150576023,T,G,MYC,37.77
SMP_2443,chr3,198556276,G,T,BRCA1,93.63
SMP_8530,chr3,116195745,T,C,EGFR,74.83
SMP_1794,chr16,46582895,G,C,BRCA1,82.15
SMP_4192,chr2,126184688,T,C,EGFR,62.13
SMP_6584,chr2,177533194,G,C,TNF,32.86
SMP_2338,chr9,72282648,C,A,TP53,54.32
SMP_9354,chr4,128735404,A,T,MYC,81.64
SMP_7254,chr2,87176293,G,A,IL6,36.07
SMP_7850,chr9,229580231,T,A,MYC,58.85
SMP_2283,chr13,100446374,C,G,APOE,93.94
SMP_2571,chr12,187828414,A,G,BRCA2,26.75
SMP_7971,chr12,182431078,G,T,EGFR,73.68
SMP_3227,chr1,209939677,G,T,MYC,79.87
SMP_5937,chr12,104536291,G,T,VEGFA,23.8
SMP_7261,chr14,235632982,T,G,TP53,41.76
SMP_1719,chr15,131027368,C,T,BRCA2,62.47
SMP_2925,chr21,126438185,A,C,BRCA2,83.13
SMP_5423,chr21,176425044,C,T,MYC,21.08
SMP_5325,chr9,52411240,A,G,IL6,39.88
SMP_9631,chr2,163282152,C,G,VEGFA,30.35
SMP_1695,chr1,239721646,A,C,BRCA2,22.03
SMP_4911,chr3,171644672,G,C,BRCA2,51.41
SMP_3460,chr2,63971791,C,G,TP53,34.46
SMP_5881,chr4,80136035,G,A,MTHFR,90.01
SMP_4754,chr15,221874789,T,G,MYC,47.41
SMP_3435,chr15,226080017,C,G,TNF,46.79
SMP_5082,chr12,21937792,C,A,MYC,46.86
SMP_3520,chr19,242238041,G,A,EGFR,66.27
SMP_3577,chr2,222395700,T,G,APOE,41.71
SMP_6714,chr6,154440472,G,A,MTHFR,78.6
SMP_4628,chr5,205503412,G,T,APOE,48.89
SMP_3674,chr13,123437907,T,C,BRCA1,95.6
SMP_2428,chr21,90036611,A,C,MYC,98.59
SMP_3714,chr17,162023970,C,T,TNF,62.68
SMP_3117,chr4,51302221,T,A,APOE,71.11
SMP_8602,chr9,72756509,G,T,MYC,50.79
SMP_3269,chr1,100978343,A,G,TP53,95.51
SMP_6987,chr15,8628349,T,A,BRCA1,39.16
SMP_6620,chr19,40158922,A,G,VEGFA,67.12
SMP_9694,chrX,124907736,G,A,EGFR,74.25
SMP_3359,chr7,155867538,T,A,APOE,24.86
SMP_5420,chr16,168966880,T,A,EGFR,58.02
SMP_9074,chr10,158121094,A,C,TNF,97.29
SMP_2208,chr16,162502061,A,T,MTHFR,74.83
SMP_9482,chr13,11671793,T,C,IL6,20.82
SMP_3362,chr18,39244502,C,G,TNF,56.93
SMP_4198,chr8,25085444,G,C,IL6,38.69
SMP_7558,chr21,149148948,A,C,BRCA2,40.94
SMP_4240,chrX,188293344,G,A,EGFR,57.0
SMP_3790,chr14,50763220,A,G,APOE,79.11
SMP_6881,chr4,184942183,T,A,VEGFA,83.69
SMP_1159,chr4,112090408,T,G,VEGFA,31.76
SMP_6575,chr6,64209949,G,C,BRCA1,34.65
SMP_3791,chr4,61750079,G,A,MYC,96.34
SMP_1186,chr21,77307999,A,T,BRCA1,57.73
SMP_6674,chr3,68847167,C,G,TP53,43.15
SMP_8921,chr18,190072972,T,G,VEGFA,33.45
SMP_4298,chr10,6481765,A,G,VEGFA,85.36
SMP_1437,chr18,84132857,A,G,BRCA2,29.58
SMP_7529,chr11,183166583,G,T,VEGFA,80.56
SMP_6393,chr11,166743803,G,T,BRCA2,46.42
SMP_7916,chr12,132680675,G,C,MTHFR,59.13
SMP_4438,chrY,26367745,G,C,TNF,62.99
SMP_5503,chr16,233089563,A,G,APOE,90.34
SMP_1145,chr19,232378850,G,A,MYC,75.81
SMP_1876,chr16,63954833,C,G,EGFR,28.94
SMP_6298,chr10,185654179,T,A,IL6,58.35
SMP_7338,chr15,65645674,G,A,IL6,39.93
SMP_9424,chr16,44691758,T,C,MTHFR,72.49
SMP_1319,chr16,70450990,G,T,IL6,62.12
SMP_7151,chr18,87875074,A,G,TNF,27.24
SMP_4636,chr9,69246850,T,A,TP53,23.41
SMP_7436,chr20,30156871,C,T,TP53,66.57
SMP_8308,chr18,106795457,G,A,BRCA1,61.57
SMP_3132,chr18,241579219,A,T,BRCA1,96.61
SMP_6157,chr6,172809191,C,T,EGFR,53.46
SMP_9727,chr16,75425780,C,G,MTHFR,78.01
SMP_8577,chr18,234693113,T,C,TP53,55.2
SMP_5401,chr13,52943356,C,G,MYC,79.14
SMP_4163,chr16,61040840,T,G,TP53,87.05
SMP_8976,chr3,67344441,G,A,EGFR,35.77
SMP_1795,chr11,148278447,C,G,EGFR,31.34
SMP_6896,chr22,208253737,C,A,MYC,79.58
SMP_4817,chr3,117487180,T,G,BRCA2,32.54
SMP_1068,chr21,115605160,A,T,MYC,31.21
SMP_5476,chr11,121995525,C,A,MYC,93.39
SMP_2125,chr9,149257471,C,T,EGFR,87.59
SMP_7327,chr18,182810318,T,A,BRCA2,62.5
SMP_9365,chr3,152045757,G,T,BRCA2,74.51
SMP_1738,chr22,125307148,C,T,EGFR,51.24
SMP_7219,chr22,208293253,C,G,BRCA1,91.71
SMP_4763,chr15,3578085,A,G,TNF,83.98
SMP_2929,chr16,42628094,T,C,TNF,82.31
SMP_9952,chr13,10244958,A,G,BRCA1,94.37
SMP_3018,chr20,213697996,G,T,IL6,82.4
SMP_9824,chr9,28619655,T,G,MYC,91.68
SMP_7233,chr2,176101414,C,T,IL6,67.02
SMP_8836,chr7,54627816,G,T,VEGFA,81.23
SMP_7599,chrY,24346559,A,C,MTHFR,67.54
SMP_8799,chr1,171180570,G,C,MTHFR,51.71
SMP_3805,chr21,77744388,C,G,IL6,93.47
SMP_4756,chr11,140191703,G,C,EGFR,71.17
SMP_4550,chr4,80211948,G,C,VEGFA,52.18
SMP_4342,chr12,49278479,T,C,APOE,46.14
SMP_2399,chr10,128836326,A,C,BRCA2,58.2
SMP_7703,chr3,19651564,C,A,TNF,21.96
SMP_7604,chr11,15212004,T,A,IL6,39.98
SMP_4432,chr4,105537863,A,T,EGFR,91.06
SMP_3640,chr12,131824661,T,A,BRCA1,96.05
SMP_6953,chr12,173625646,G,T,IL6,89.51
SMP_8353,chr15,192553180,A,C,EGFR,61.22
SMP_5457,chrX,231334658,T,G,MTHFR,93.29
SMP_8861,chr20,7036163,A,T,TP53,41.29
SMP_5666,chr2,167424272,A,C,TP53,58.17
SMP_3174,chr1,237968700,C,G,APOE,34.22
SMP_6226,chr5,183154931,G,T,BRCA1,63.43
SMP_6758,chr16,207969054,G,A,VEGFA,48.85
SMP_2086,chr11,218111116,A,C,VEGFA,97.63
SMP_3938,chr17,77655277,C,T,BRCA2,43.6
SMP_8784,chr18,197092000,T,G,MTHFR,43.9
SMP_4018,chr9,205512317,T,C,TNF,45.71
SMP_5794,chr17,242182763,C,A,VEGFA,59.37
SMP_8652,chr5,207651303,T,C,IL6,56.73
SMP_1102,chr5,241782409,C,A,IL6,41.17
SMP_8791,chr7,83534217,T,A,EGFR,92.68
SMP_4137,chr1,188828091,G,C,IL6,44.34
SMP_9710,chr2,7108756,G,A,BRCA2,95.54
SMP_4809,chr13,83642257,C,G,APOE,41.42
SMP_2436,chr21,72879206,C,A,MTHFR,60.94
SMP_6323,chr11,102170875,T,C,MTHFR,72.63
SMP_5861,chr21,158656045,C,A,APOE,23.68
SMP_5821,chr2,39834009,A,G,BRCA1,21.96
SMP_2283,chr20,155680033,G,C,MTHFR,57.49
SMP_7287,chr14,13119044,C,A,TP53,72.15
SMP_5326,chr17,32455500,T,A,MYC,37.62
SMP_5085,chr19,45098087,G,C,BRCA2,49.31
SMP_6370,chr13,87116036,A,T,TNF,39.63
SMP_5828,chr15,135078517,T,A,APOE,55.73
SMP_8927,chrY,70511415,A,T,APOE,60.55
SMP_8875,chr19,227178085,T,A,EGFR,27.64
SMP_4031,chr14,52716785,T,A,BRCA2,99.19
SMP_8638,chr11,101768620,G,T,IL6,31.41
SMP_8967,chr16,120471757,G,T,IL6,26.46
SMP_1534,chr7,37603543,A,T,TP53,37.48
SMP_4963,chrY,99719823,A,C,IL6,42.43
SMP_5672,chr13,220674220,G,C,MTHFR,53.45
SMP_9535,chr5,153422697,A,C,BRCA1,84.04
SMP_9602,chr11,105981347,T,G,TNF,68.5
SMP_3163,chr22,221971186,G,C,APOE,52.47
SMP_4789,chr12,213452318,A,C,IL6,84.52
SMP_5033,chr21,40233280,A,C,IL6,41.51
SMP_6107,chr7,5275825,G,A,TNF,56.52
SMP_2387,chr3,69173344,G,A,BRCA2,32.33
SMP_2939,chrX,215119363,C,G,BRCA2,51.05
SMP_6505,chr16,138476153,T,A,VEGFA,48.13
SMP_7402,chr17,201602518,T,A,TNF,57.19
SMP_7012,chr15,58470343,G,C,TNF,88.57
SMP_8160,chr21,119162684,C,T,TP53,83.08
SMP_6119,chr8,139831079,C,G,APOE,90.57
SMP_2212,chr12,180052849,C,T,APOE,75.39
SMP_9875,chr18,182501778,T,G,BRCA2,74.4
SMP_1303,chr22,224321776,G,C,APOE,46.24
SMP_9519,chr16,137824623,C,A,IL6,65.64
SMP_7817,chr22,973112,C,T,BRCA2,54.47
SMP_6692,chr3,30920213,C,G,TP53,69.12
SMP_1516,chr3,238118106,G,A,TNF,53.54
SMP_5761,chr22,190845862,T,C,MYC,59.33
SMP_4503,chr19,32631850,C,T,MTHFR,25.62
SMP_3698,chrY,232301902,A,C,TNF,23.87
SMP_5009,chr3,14791675,G,A,TNF,85.2
SMP_4611,chr12,115087343,C,T,MTHFR,52.57
SMP_6172,chr11,175954055,C,T,APOE,31.44
SMP_3050,chr16,247567231,G,T,MYC,40.12
SMP_8418,chr6,109946555,G,T,VEGFA,72.17
SMP_1035,chr11,151269387,C,A,VEGFA,67.26
SMP_2238,chr4,46325576,C,G,BRCA2,60.54
SMP_9864,chr17,35806844,C,T,TP53,21.72
SMP_5704,chr13,204659588,G,C,EGFR,37.79
SMP_6768,chr15,224007278,A,C,EGFR,93.95
SMP_3291,chrX,172648245,A,G,IL6,95.77
SMP_6323,chr20,128860138,T,C,MTHFR,94.64
SMP_9421,chr19,26462260,T,A,TNF,49.18
SMP_4872,chrY,83311448,A,C,APOE,45.02
SMP_1779,chr8,140221563,T,A,EGFR,55.95
SMP_7395,chrX,150996759,G,C,MTHFR,38.1
SMP_5553,chr9,65351879,G,T,MTHFR,22.45
SMP_9270,chr3,188329557,T,C,APOE,35.54
SMP_7595,chr22,64176736,T,C,TNF,88.52
SMP_1325,chr12,40391454,C,T,TNF,32.89
SMP_2971,chr21,184935871,A,T,MTHFR,80.18
SMP_3405,chr3,72162985,C,G,MTHFR,80.32
SMP_2508,chr2,50546400,C,G,BRCA2,25.15
SMP_6485,chr6,36851353,T,C,MTHFR,38.94
SMP_5175,chr22,197747691,C,G,BRCA1,94.44
SMP_3367,chr9,63707478,G,C,BRCA2,33.21
SMP_6568,chr18,91056035,T,A,APOE,49.31
SMP_9450,chr20,85546289,T,G,MTHFR,74.26
SMP_7143,chr12,114859029,A,G,TP53,65.53
SMP_9146,chr22,45205857,A,C,VEGFA,44.8
SMP_9907,chr6,142189483,C,T,MTHFR,30.7
SMP_8919,chr1,99319993,G,T,EGFR,22.48
SMP_5280,chrY,232478438,A,G,TP53,33.72
SMP_1164,chr7,36584298,A,C,TNF,89.07
SMP_7554,chr9,246624327,T,C,TP53,94.57
SMP_6923,chr22,196349561,C,T,VEGFA,81.97
SMP_3458,chr16,72834615,A,C,TP53,43.12
SMP_9148,chr22,74069603,A,G,MYC,20.84
SMP_7635,chr1,81043430,G,C,TNF,57.37
SMP_4361,chr22,52755325,C,G,MTHFR,49.04
SMP_2935,chr7,155854645,G,T,IL6,37.17
SMP_4236,chr22,117327954,C,A,TNF,69.24
SMP_4095,chr11,187965342,T,G,MYC,94.61
SMP_7580,chr14,231264217,C,A,BRCA1,31.97
SMP_4263,chr5,127649622,G,C,MTHFR,34.58
SMP_5557,chr14,92418611,C,A,BRCA1,99.5
SMP_6210,chr18,77344746,G,A,MTHFR,48.37
SMP_4805,chrX,228967380,A,T,VEGFA,89.74
SMP_1196,chr16,95170518,C,T,BRCA2,47.31
SMP_7911,chr20,76597162,G,A,TP53,67.77
SMP_6907,chr11,236988413,T,A,EGFR,43.45
SMP_8028,chr14,136262481,C,A,IL6,48.82
SMP_5109,chr3,25993164,T,G,APOE,27.85
SMP_4351,chr7,67904349,C,T,VEGFA,49.28
SMP_6228,chr21,106976982,T,G,TNF,37.68
SMP_1640,chr12,86731416,C,G,TP53,99.1
SMP_3286,chr15,115786053,G,C,BRCA1,80.28
SMP_6323,chr3,248659135,T,A,APOE,27.15
SMP_2317,chr14,166147637,A,C,BRCA2,66.31
SMP_6530,chr13,46636565,T,C,BRCA2,26.18
SMP_8066,chr19,134236170,T,G,TP53,69.76
SMP_6210,chr21,60297763,C,G,IL6,33.34
SMP_7615,chr13,115749391,T,G,MYC,34.54
SMP_6963,chr16,47033050,A,G,TNF,53.05
SMP_8771,chr2,173318417,C,T,MYC,29.28
SMP_5534,chrY,85985376,T,C,EGFR,80.74
SMP_6890,chr20,25309910,A,T,MTHFR,67.17
SMP_3883,chr6,227737367,C,A,IL6,42.41
SMP_6262,chr15,35367923,A,G,TNF,56.97
SMP_8074,chr13,114677537,C,A,IL6,87.59
SMP_1901,chr22,151405713,A,G,MTHFR,94.37
SMP_9204,chr3,124612237,A,T,TNF,60.53
SMP_9764,chrX,66473925,C,T,MYC,67.22
SMP_9682,chr21,233634050,G,C,BRCA2,90.45
SMP_6047,chr15,69014533,T,G,BRCA2,37.62
SMP_3012,chr1,193919509,A,G,TNF,74.42
SMP_6090,chr10,130285241,A,T,MYC,76.27
SMP_3911,chr6,35029380,T,A,BRCA2,95.01
SMP_6246,chr1,152518479,T,G,EGFR,97.38
SMP_2174,chr21,83690550,C,T,IL6,83.67
SMP_4229,chr10,64510125,C,G,EGFR,27.18
SMP_6625,chr17,143501213,T,A,TP53,79.41
SMP_5073,chr14,189258934,T,C,TNF,49.83
SMP_8236,chr4,7760680,C,A,APOE,80.65
SMP_6655,chr22,15638934,G,T,BRCA2,97.02
SMP_6885,chr15,79916684,C,A,TNF,24.56
SMP_6349,chr18,138158446,C,A,VEGFA,93.88
SMP_6159,chr12,195126936,C,G,APOE,21.3
SMP_2971,chr10,40790268,A,T,EGFR,97.38
SMP_9505,chr11,151818773,C,A,TP53,77.71
SMP_3934,chr18,16719820,G,C,TP53,83.52
SMP_4426,chr1,111150343,C,A,TNF,32.63
SMP_7704,chr1,21248523,C,G,MTHFR,22.77
SMP_7798,chr17,39525466,T,C,BRCA1,53.81
SMP_6164,chr17,48517545,A,T,TNF,50.73
SMP_7565,chr16,215714306,G,C,BRCA1,98.77
SMP_2204,chr17,77689938,G,A,TNF,73.42
SMP_4348,chr6,86631890,T,G,MYC,82.73
SMP_3436,chr21,246800239,T,A,IL6,41.94
SMP_7741,chr5,11332073,C,T,BRCA2,78.6
SMP_4585,chr2,14653510,G,C,EGFR,60.08
SMP_2889,chr16,127755543,G,A,EGFR,46.37
SMP_1671,chr15,9908964,C,G,IL6,23.31
SMP_5872,chr5,60327910,G,A,MTHFR,90.48
SMP_1653,chr4,81925925,A,G,EGFR,40.48
SMP_7709,chrX,19681454,C,A,EGFR,91.01
SMP_5369,chr4,219122493,A,C,IL6,94.74
SMP_8131,chr20,19211493,T,A,IL6,20.2
SMP_9226,chr12,96434837,T,A,MYC,40.62
SMP_4149,chr2,221978462,C,G,BRCA2,20.73
SMP_8728,chr17,116819246,A,C,TP53,58.13
SMP_5540,chr21,31403097,T,G,TNF,94.05
SMP_9043,chr16,123997015,C,T,MYC,98.84
SMP_8007,chr1,186138660,A,T,APOE,35.24
SMP_2646,chr3,97985685,T,G,BRCA1,41.76
SMP_5547,chrX,11920908,A,C,VEGFA,47.99
SMP_2871,chr21,9603685,T,G,APOE,99.01
SMP_7476,chr6,94392838,A,T,APOE,87.93
SMP_7125,chr20,249146693,A,G,EGFR,96.1
SMP_3802,chr17,197651591,T,G,MTHFR,35.63
SMP_4537,chr15,28382740,T,A,APOE,62.87
SMP_6676,chr22,44632332,C,T,TP53,50.41
SMP_9370,chr12,206821959,C,A,APOE,58.66
SMP_3609,chr4,233050980,A,T,MYC,40.33
SMP_2098,chr11,206422366,G,T,APOE,81.75
SMP_7183,chr18,175740497,A,T,APOE,94.77
SMP_5718,chr16,14080637,T,A,BRCA2,86.92
SMP_9781,chr18,133988320,G,T,BRCA1,37.09
SMP_4779,chr3,103974736,G,A,BRCA2,53.89
SMP_2801,chr10,37668528,A,G,VEGFA,43.64
SMP_6473,chr5,27217128,G,A,TNF,31.85
SMP_1599,chr21,172837741,G,C,MYC,62.91
SMP_7327,chr22,50018840,A,C,VEGFA,56.67
SMP_3311,chr4,5716192,C,A,TP53,84.65
SMP_7216,chr11,103443298,T,G,TNF,24.48
SMP_7106,chr3,18100726,T,C,APOE,70.8
SMP_2923,chr14,66256512,T,A,EGFR,68.29
SMP_3714,chr5,98261709,G,C,VEGFA,32.26
SMP_3915,chr12,210645435,G,T,MYC,50.96
SMP_1268,chr3,147982210,G,C,MYC,41.36
SMP_6436,chr16,134028140,G,A,MYC,52.17
SMP_5404,chr11,187167786,A,T,MTHFR,59.54
SMP_7532,chr1,3947496,A,T,MYC,74.9
SMP_7510,chr11,222004711,T,C,TNF,48.22
SMP_3109,chrX,16815148,G,T,APOE,30.15
SMP_4128,chr6,54362691,A,G,TP53,44.51
SMP_3647,chr12,38344664,A,C,BRCA1,42.98
SMP_7401,chr22,49561219,G,C,TP53,89.12
SMP_8737,chrY,224823411,G,C,TP53,57.78
SMP_1794,chr19,183974612,T,A,MTHFR,20.07
SMP_9993,chr10,210314816,A,T,IL6,91.41
SMP_5356,chr6,239276437,T,C,APOE,74.04
SMP_1198,chr8,58223581,C,T,MYC,60.71
SMP_7770,chr14,127270117,A,G,EGFR,34.45
SMP_4904,chr3,157374325,T,C,EGFR,33.34
SMP_7689,chr6,162095923,C,G,TNF,83.16
SMP_9940,chr18,237421672,T,A,IL6,45.1
SMP_3962,chr20,87800347,C,T,MYC,49.61
SMP_9558,chr20,111659885,C,T,BRCA2,26.95
SMP_6654,chr16,246634638,T,C,APOE,82.76
SMP_8768,chr2,98292828,G,T,BRCA1,24.57
SMP_8731,chr8,246366340,C,G,VEGFA,72.24
SMP_6776,chr11,92079187,A,T,BRCA1,56.51
SMP_1636,chr20,147702084,T,C,TP53,22.36
SMP_4995,chr22,13052830,A,C,VEGFA,87.95
SMP_4046,chr2,208243550,A,C,APOE,34.43
SMP_7403,chr15,178839736,T,G,MYC,35.89
SMP_4996,chr10,139438601,A,C,APOE,75.33
SMP_3294,chrY,147496225,G,C,BRCA2,98.33
SMP_4578,chr13,87226913,G,C,MYC,94.57
SMP_4953,chr9,204613307,A,T,TP53,62.47
SMP_3771,chrX,71163849,T,A,EGFR,57.39
SMP_1226,chr18,221604619,T,A,BRCA1,72.47
SMP_6329,chr9,34029373,T,A,TP53,27.64
SMP_6586,chr2,87905606,C,A,BRCA1,84.79
SMP_9810,chr18,63277596,C,A,APOE,53.35
SMP_4834,chr19,233928936,T,A,MTHFR,24.79
SMP_9248,chr12,200590740,C,A,BRCA1,23.66
SMP_6701,chr20,196962071,C,T,VEGFA,84.04
SMP_2475,chr20,78638698,A,C,BRCA1,31.47
SMP_3582,chr5,215096790,T,A,TP53,83.7
SMP_9287,chr21,42799404,A,C,TNF,65.44
SMP_7842,chr15,147542433,T,C,BRCA2,69.61
SMP_5381,chr19,49751527,T,C,MTHFR,73.57
SMP_2227,chr19,169486193,C,T,EGFR,26.26
SMP_6690,chrX,243431270,T,G,TNF,38.29
SMP_9718,chr7,127190459,C,A,TNF,26.4
SMP_2608,chr7,232092220,G,A,IL6,54.34
SMP_2483,chrX,242962341,G,A,TNF,33.53
SMP_9753,chr10,74876575,T,A,TNF,97.43
SMP_1186,chr9,128681528,C,T,EGFR,65.79
SMP_5568,chr5,12995342,A,G,IL6,36.99
SMP_2719,chr5,176651021,G,T,EGFR,41.08
SMP_9578,chr22,100703639,G,C,TP53,69.68
SMP_6128,chr12,42433833,C,A,TP53,64.87
SMP_4117,chr22,32087570,A,G,TNF,36.32
SMP_8037,chr19,198263054,T,A,MYC,27.42
SMP_4573,chr7,175138465,C,G,VEGFA,75.34
SMP_8229,chr14,234218806,A,T,TNF,97.16
SMP_2171,chr6,62122753,T,C,BRCA2,39.91
SMP_8159,chr5,205301667,A,G,EGFR,48.01
SMP_2377,chr3,27994861,T,G,BRCA1,41.08
SMP_1581,chr20,233644717,T,A,MYC,77.8
SMP_4861,chr8,148801251,A,C,IL6,93.55
SMP_7551,chr11,30584237,A,T,IL6,44.79
SMP_2889,chr11,13847441,A,G,BRCA2,57.13
SMP_1526,chr3,13570020,C,G,BRCA2,60.87
SMP_6177,chr16,182155803,C,T,APOE,91.89
SMP_9651,chr15,205623860,T,G,VEGFA,82.18
SMP_2080,chr13,101516112,C,G,BRCA2,63.33
SMP_4376,chr6,245625948,A,T,TP53,91.2
SMP_2197,chr12,187110302,C,T,BRCA1,61.13
SMP_9554,chr10,50183567,A,C,APOE,21.3
SMP_8337,chr6,153127145,C,T,VEGFA,35.34
SMP_4520,chr21,125103165,T,A,MTHFR,92.77
SMP_2278,chr10,41440765,A,G,EGFR,41.02
SMP_6479,chr15,27212342,G,T,TNF,40.58
SMP_2268,chr12,228954355,T,A,BRCA1,32.7
SMP_2469,chr4,187208852,A,C,TP53,36.96
SMP_9133,chr11,143647186,T,C,MTHFR,62.69
SMP_6242,chr8,167904681,A,C,APOE,21.71
SMP_1027,chr3,224061002,G,C,BRCA2,43.52
SMP_4460,chr3,145976674,G,C,EGFR,77.43
SMP_2355,chr14,7603745,C,A,VEGFA,21.61
SMP_6538,chr7,127518560,A,C,EGFR,73.69
SMP_4424,chrX,19794138,A,G,TNF,56.37
SMP_9540,chr3,81194736,C,A,EGFR,78.21
SMP_6437,chrY,243087757,G,T,APOE,39.46
SMP_8865,chr16,91079394,A,C,VEGFA,62.33
SMP_3595,chr22,153597345,T,C,APOE,78.38
SMP_1735,chr8,206218643,A,T,TNF,82.99
SMP_5314,chr13,65792683,G,T,APOE,20.7
SMP_9303,chr17,57303014,G,C,MTHFR,87.77
SMP_7518,chr17,206932555,G,A,BRCA1,80.46
SMP_1707,chr11,181763498,A,C,BRCA1,42.54
SMP_2998,chr1,13479636,C,G,TP53,35.87
SMP_9007,chr22,170422036,G,T,TNF,41.7
SMP_6979,chr13,172249005,T,G,BRCA2,37.22
SMP_3306,chr4,176711912,G,T,MYC,66.07
SMP_4116,chr9,30596485,A,C,BRCA2,51.41
SMP_7673,chr17,39250240,A,T,BRCA2,62.3
SMP_3970,chr9,49017705,A,G,BRCA2,30.62
SMP_1198,chr19,87637341,C,A,IL6,36.84
SMP_3265,chrX,37171284,T,C,BRCA2,78.44
SMP_3572,chr15,92186662,T,C,VEGFA,28.05
SMP_2921,chr5,155364902,C,T,MYC,51.5
SMP_6130,chr12,233999188,T,A,MTHFR,33.07
SMP_7457,chr9,101006822,C,T,MTHFR,84.94
SMP_3030,chr9,83852985,G,A,MYC,50.81
SMP_6596,chr13,233431365,G,C,MYC,38.03
SMP_9493,chr20,141796265,C,T,TP53,65.21
SMP_5844,chrY,32054681,A,G,MYC,55.11
SMP_7407,chr10,7308707,A,T,IL6,54.75
SMP_2991,chr13,88553963,T,C,BRCA2,51.09
SMP_7524,chr12,141200857,G,C,BRCA1,98.17
SMP_3589,chr20,99435684,G,C,TP53,66.68
SMP_1443,chr3,10925304,T,C,IL6,36.11
SMP_7445,chr16,222630458,A,T,MTHFR,22.0
SMP_6737,chr2,195881570,C,A,VEGFA,23.31
SMP_7091,chr17,18405230,G,T,BRCA2,70.07
SMP_7528,chr13,227840574,C,A,VEGFA,45.94
SMP_7490,chr21,246959129,C,G,APOE,75.99
SMP_4015,chr20,156157731,C,G,VEGFA,40.59
SMP_5444,chr16,155585621,T,C,VEGFA,83.03
SMP_1517,chr12,60057363,T,A,VEGFA,56.02
SMP_9495,chr21,242156641,C,A,TNF,40.08
SMP_9933,chr9,243056674,T,A,APOE,81.3
SMP_2708,chr3,4101887,A,C,TNF,78.48
SMP_2900,chr10,64191620,G,C,VEGFA,36.46
SMP_9875,chr5,224716733,A,C,VEGFA,69.24
SMP_9563,chr12,9813412,C,A,BRCA1,48.03
SMP_2049,chr11,42002793,C,T,BRCA2,61.92
SMP_5385,chr10,168290967,C,G,VEGFA,53.29
SMP_5706,chr22,20349132,T,G,BRCA1,40.41
SMP_3272,chr4,151752493,T,G,APOE,38.43
SMP_7030,chr6,132057796,C,G,BRCA2,38.1
SMP_6261,chr18,67089146,G,A,MYC,29.96
SMP_1731,chr1,105386138,C,A,TNF,76.46
SMP_1744,chr14,51688138,G,A,MTHFR,30.96
SMP_7538,chr7,129291719,C,G,IL6,20.67
SMP_7592,chrY,55642396,T,A,VEGFA,39.97
SMP_5269,chr7,82289236,G,T,MYC,27.4
SMP_9600,chr16,154016014,T,G,BRCA2,43.42
SMP_4538,chr21,174159012,A,T,IL6,54.05
SMP_8639,chr9,181741334,C,T,MYC,62.37
SMP_7312,chr11,109966805,A,T,TP53,59.9
SMP_8172,chr9,194678621,G,T,VEGFA,86.88
SMP_4347,chr20,96731274,A,G,APOE,75.31
SMP_8803,chr1,218303569,C,G,MTHFR,78.79
SMP_4399,chr3,241650294,A,T,VEGFA,56.66
SMP_3775,chr18,1608095,G,T,EGFR,32.64
SMP_1129,chr16,33836463,A,C,BRCA2,42.65
SMP_3359,chr15,39109568,C,A,VEGFA,90.48
SMP_9051,chr15,122351381,T,G,APOE,44.34
SMP_9286,chr3,46189090,C,G,EGFR,88.86
SMP_2355,chrX,243327743,C,T,TNF,38.62
SMP_3584,chrY,216901717,G,C,TNF,51.32
SMP_9467,chr15,208456904,G,C,TNF,53.43
SMP_2001,chr2,170736093,T,C,TP53,24.19
SMP_6542,chr17,69973203,G,A,APOE,81.71
SMP_2291,chr2,180578903,C,G,IL6,88.11
SMP_5989,chr10,18810254,C,G,BRCA1,56.79
SMP_2035,chr20,86396267,G,C,MTHFR,53.5
SMP_9458,chr21,49926129,G,T,TNF,67.63
SMP_1612,chr9,1059418,G,T,BRCA2,98.14
SMP_9246,chr12,207350175,C,A,BRCA1,52.0
SMP_3141,chr13,241592879,T,C,TP53,74.67
SMP_2866,chr4,191763164,T,C,TP53,25.91
SMP_7823,chr1,4084752,A,G,MTHFR,53.88
SMP_1057,chr9,21183942,C,G,APOE,75.67
SMP_4451,chr10,65042613,T,A,EGFR,70.15
SMP_2357,chr21,194790876,T,G,BRCA2,64.09
SMP_1981,chr12,248995631,A,G,TP53,89.52
SMP_1654,chr11,239498635,T,G,EGFR,38.48
SMP_3284,chr7,123468031,A,T,MTHFR,61.44
SMP_6500,chr18,33658718,T,C,APOE,79.78
SMP_5339,chr5,165065731,A,T,IL6,49.62
SMP_8012,chr19,52537865,A,C,EGFR,29.41
SMP_6615,chr16,93191206,T,C,IL6,99.45
SMP_1463,chr12,48002810,A,T,APOE,42.62
SMP_3510,chr11,174735630,C,A,APOE,92.41
SMP_2409,chr20,195371028,C,A,BRCA1,73.16
SMP_9537,chr19,67865756,A,C,BRCA2,57.58
SMP_8579,chr9,92309143,T,A,VEGFA,78.2
SMP_5022,chr20,96439158,A,C,APOE,74.54
SMP_6149,chr16,104783264,C,T,BRCA2,71.1
SMP_9249,chr10,183159841,G,A,MTHFR,71.34
SMP_3196,chr7,165485130,C,A,EGFR,83.91
SMP_9286,chr20,108507210,A,T,MTHFR,69.41
SMP_6552,chr6,140952630,A,G,MYC,97.85
SMP_2886,chr12,201659171,T,G,BRCA1,23.68
SMP_5087,chr19,83462243,C,T,MTHFR,49.55
SMP_5752,chr15,227788702,C,T,EGFR,54.63
SMP_9107,chr20,77156543,G,A,TP53,91.71
SMP_6210,chr7,194466044,G,T,BRCA2,43.61
SMP_9791,chrX,119721719,C,G,EGFR,29.75
SMP_7367,chr19,205030948,G,A,APOE,82.93
SMP_7225,chr16,133043307,G,A,VEGFA,88.01
SMP_8334,chr13,156086400,G,C,MYC,63.31
SMP_2529,chr17,140736671,C,G,MYC,71.21
SMP_9635,chr4,3006087,T,C,BRCA2,20.82
SMP_6611,chr10,202654797,T,C,MTHFR,81.36
SMP_4666,chr4,186919292,C,T,BRCA1,74.65
SMP_9700,chr6,213116780,T,G,BRCA2,30.05
SMP_3948,chr8,123483018,A,C,IL6,89.93
SMP_4214,chr21,120004842,C,T,EGFR,52.6
SMP_6784,chr16,206211121,A,G,TP53,65.01
SMP_9650,chr13,5243087,T,G,BRCA2,32.15
SMP_4767,chr22,158189538,T,C,IL6,29.43
SMP_4189,chr13,27203585,A,C,TNF,45.64
SMP_4206,chr10,64780690,C,A,APOE,28.57
SMP_4836,chr4,223391757,C,G,VEGFA,34.38
SMP_6284,chr17,214340262,T,C,BRCA2,36.15
SMP_5528,chr10,13065751,T,A,BRCA2,43.65
SMP_9362,chr21,23961501,T,C,APOE,87.64
SMP_6628,chr21,195380075,G,C,EGFR,99.42
SMP_8804,chr16,177349056,G,C,IL6,56.36
SMP_9558,chr5,114229962,C,A,MYC,69.2
SMP_7271,chr5,145127685,C,A,BRCA2,84.19
SMP_5656,chr15,209793851,G,A,VEGFA,40.72
SMP_8981,chr7,40783183,T,G,VEGFA,37.73
SMP_6542,chr17,42199475,G,T,TNF,91.59
SMP_8090,chr8,71846460,G,A,IL6,86.89
SMP_2464,chr1,124462895,A,C,VEGFA,30.8
SMP_4139,chr9,207413228,T,A,TP53,42.76
SMP_3443,chr19,227550970,A,C,BRCA2,99.51
SMP_4539,chr14,91467933,G,C,MYC,67.76
SMP_6933,chr9,158604690,A,T,IL6,40.75
SMP_6289,chr18,31487900,G,C,EGFR,39.21
SMP_3518,chr8,124955948,G,A,EGFR,96.66
SMP_6213,chr11,189268631,T,A,BRCA1,31.07
SMP_5254,chr15,54190748,A,T,BRCA1,55.85
SMP_1677,chrY,197733781,A,T,IL6,37.03
SMP_9700,chr7,171886399,A,G,VEGFA,99.1
SMP_2877,chr9,11705632,C,T,TP53,50.87
SMP_6553,chr7,131439454,C,A,APOE,44.84
SMP_9899,chr16,137447747,A,C,MYC,81.35
SMP_7978,chr8,80522882,G,C,BRCA2,42.65
SMP_7147,chr6,82955409,A,G,EGFR,43.64
SMP_1728,chr9,70774404,G,T,APOE,21.34
SMP_5292,chr19,59459544,C,G,APOE,94.63
SMP_2147,chr9,81952326,T,A,MYC,45.5
SMP_8024,chr14,102793065,T,G,MYC,69.34
SMP_8278,chr16,90183767,G,A,TP53,24.58
SMP_1341,chr7,78984389,A,T,IL6,62.9
SMP_8109,chr21,1172274,T,G,TNF,84.99
SMP_6394,chr16,246443797,G,A,TP53,40.07
SMP_5127,chr7,214987867,G,C,MYC,94.7
SMP_1999,chr16,5751751,C,A,MYC,32.81
SMP_5002,chr2,109530068,T,G,VEGFA,38.37
SMP_6043,chrY,176933823,C,G,BRCA1,93.8
SMP_4567,chr1,188343543,T,C,TNF,94.81
SMP_3108,chr4,32668249,G,C,BRCA1,71.55
SMP_2346,chr10,144609366,A,G,EGFR,23.0
SMP_6849,chr3,226793966,C,G,BRCA1,87.86
SMP_7129,chr3,188012948,T,G,TNF,77.08
SMP_3775,chr3,177427650,G,T,MYC,72.88
SMP_3182,chr19,150586364,C,T,TNF,88.28
SMP_1278,chr16,226715967,T,G,EGFR,84.14
SMP_3077,chr21,162987282,C,G,VEGFA,80.6
SMP_7826,chr18,237358017,A,G,BRCA1,53.82
SMP_9803,chr14,122543819,C,A,IL6,81.1
SMP_4053,chrY,205240332,G,A,TP53,48.63
SMP_9460,chr15,80412946,G,A,BRCA1,77.0
SMP_3413,chr1,192446475,G,C,MYC,65.78
SMP_9413,chr14,220764762,G,T,TNF,32.46
SMP_9645,chr16,81741594,T,A,APOE,45.59
SMP_4854,chr9,147422646,T,A,VEGFA,20.99
SMP_5287,chr20,175500401,G,A,EGFR,60.14
SMP_5629,chr2,173799038,T,C,VEGFA,49.0
SMP_7618,chr14,235314557,A,G,IL6,35.87
SMP_4864,chr8,103054024,C,G,MYC,66.8
SMP_9945,chr10,102251533,C,T,VEGFA,44.37
SMP_3930,chr14,137029362,C,T,VEGFA,52.33
SMP_6334,chrX,6765175,T,C,MTHFR,94.58
SMP_5627,chr15,161141074,C,G,EGFR,58.17
SMP_2179,chr4,164347912,T,G,EGFR,60.74
SMP_4194,chrY,8949770,A,C,MYC,52.21
SMP_6224,chr14,69104294,A,C,VEGFA,66.24
SMP_9437,chr19,166478525,C,T,BRCA2,92.86
SMP_1783,chr12,134532262,A,T,TNF,93.46
SMP_7612,chr1,219741934,A,G,IL6,37.5
SMP_5560,chr7,215958605,T,A,MTHFR,22.27
SMP_6894,chr12,249436347,A,C,BRCA2,48.64
SMP_2751,chr1,210606552,A,G,TNF,31.91
