neuron_id,region,firing_rate_hz,spike_amplitude_mv,subject_species
NEUR_8751,Hippocampus,145.9,22.91,Rattus norvegicus
NEUR_4493,Cortex,53.85,82.43,Danio rerio
NEUR_1834,Striatum,102.67,77.54,Mus musculus
NEUR_2034,Hypothalamus,104.2,22.88,Rattus norvegicus
NEUR_3551,Hippocampus,51.99,72.18,Danio rerio
NEUR_8625,Hippocampus,34.99,76.39,Rattus norvegicus
NEUR_8044,Hypothalamus,90.85,97.26,Mus musculus
NEUR_4663,Hypothalamus,11.41,29.47,Mus musculus
NEUR_7553,Cortex,127.38,89.36,Danio rerio
NEUR_2129,Thalamus,7.59,46.92,Danio rerio
NEUR_4288,Thalamus,14.76,77.63,Danio rerio
NEUR_1531,Hippocampus,118.25,105.09,Mus musculus
NEUR_4573,Cerebellum,112.64,109.2,Danio rerio
NEUR_4171,Hypothalamus,77.79,66.69,Macaca mulatta
NEUR_2769,Amygdala,38.1,109.88,Macaca mulatta
NEUR_6886,Hypothalamus,115.74,33.22,Mus musculus
NEUR_8651,Thalamus,32.96,37.21,Macaca mulatta
NEUR_4603,Cerebellum,102.16,67.49,Macaca mulatta
NEUR_1599,Cortex,103.3,45.73,Rattus norvegicus
NEUR_2817,Hypothalamus,6.5,43.99,Rattus norvegicus
NEUR_1397,Striatum,146.54,65.61,Danio rerio
NEUR_3254,Cerebellum,11.71,94.42,Macaca mulatta
NEUR_2782,Striatum,123.57,86.74,Danio rerio
NEUR_5301,Hypothalamus,17.16,64.69,Mus musculus
NEUR_4855,Hippocampus,140.27,70.22,Rattus norvegicus
NEUR_6017,Thalamus,26.51,33.95,Rattus norvegicus
NEUR_4071,Amygdala,129.03,59.94,Danio rerio
NEUR_6836,Hippocampus,134.81,30.54,Rattus norvegicus
NEUR_2669,Cerebellum,61.48,42.42,Rattus norvegicus
NEUR_1933,Cerebellum,140.39,46.9,Rattus norvegicus
NEUR_6103,Amygdala,6.09,15.64,Danio rerio
NEUR_9414,Hippocampus,128.55,55.07,Mus musculus
NEUR_8585,Cortex,131.48,77.42,Danio rerio
NEUR_6925,Cerebellum,21.52,45.49,Rattus norvegicus
NEUR_6208,Striatum,43.94,103.5,Macaca mulatta
NEUR_7124,Cortex,91.95,93.52,Mus musculus
NEUR_8596,Thalamus,107.91,65.79,Danio rerio
NEUR_5421,Thalamus,117.14,89.88,Rattus norvegicus
NEUR_5159,Thalamus,41.37,67.06,Danio rerio
NEUR_7260,Thalamus,139.13,42.35,Rattus norvegicus
NEUR_7692,Hypothalamus,70.63,117.95,Rattus norvegicus
NEUR_3736,Thalamus,95.33,18.99,Mus musculus
NEUR_7358,Hypothalamus,2.32,17.08,Rattus norvegicus
NEUR_1696,Hippocampus,132.07,84.08,Macaca mulatta
NEUR_6916,Cerebellum,142.33,76.42,Macaca mulatta
NEUR_1824,Striatum,89.73,12.42,Danio rerio
NEUR_4316,Cortex,86.21,17.87,Macaca mulatta
NEUR_1932,Cortex,78.46,57.56,Macaca mulatta
NEUR_6419,Thalamus,109.83,47.89,Danio rerio
NEUR_1824,Hippocampus,115.67,62.79,Rattus norvegicus
NEUR_4190,Amygdala,95.24,118.66,Danio rerio
NEUR_9318,Cerebellum,98.69,74.98,Mus musculus
NEUR_4861,Hippocampus,102.25,47.31,Mus musculus
NEUR_8376,Cerebellum,65.44,56.2,Rattus norvegicus
NEUR_8413,Amygdala,70.33,50.73,Danio rerio
NEUR_6664,Hypothalamus,63.9,14.54,Macaca mulatta
NEUR_8190,Striatum,129.57,81.34,Rattus norvegicus
NEUR_1696,Thalamus,46.86,46.28,Rattus norvegicus
NEUR_8569,Cortex,0.7,74.32,Macaca mulatta
NEUR_5188,Striatum,35.77,29.69,Macaca mulatta
NEUR_8642,Thalamus,57.54,25.83,Macaca mulatta
NEUR_7557,Amygdala,52.43,91.71,Macaca mulatta
NEUR_5001,Cortex,87.44,103.83,Macaca mulatta
NEUR_5880,Amygdala,92.37,29.2,Rattus norvegicus
NEUR_9802,Amygdala,136.12,109.27,Macaca mulatta
NEUR_9642,Hypothalamus,62.12,41.06,Mus musculus
NEUR_6440,Thalamus,25.1,15.67,Macaca mulatta
NEUR_1221,Hippocampus,120.54,12.36,Danio rerio
NEUR_5653,Amygdala,21.44,24.67,Mus musculus
NEUR_3215,Hypothalamus,123.31,22.85,Rattus norvegicus
NEUR_9821,Hypothalamus,147.7,102.96,Danio rerio
NEUR_9643,Amygdala,115.33,18.28,Rattus norvegicus
NEUR_5637,Thalamus,60.69,73.42,Danio rerio
NEUR_4762,Striatum,81.65,40.7,Mus musculus
NEUR_7671,Hippocampus,142.61,119.45,Mus musculus
NEUR_9813,Cerebellum,130.07,62.76,Macaca mulatta
NEUR_5117,Hippocampus,71.21,117.07,Macaca mulatta
NEUR_8340,Amygdala,139.87,57.75,Danio rerio
NEUR_7409,Hypothalamus,77.9,87.54,Danio rerio
NEUR_1190,Hypothalamus,69.46,53.04,Danio rerio
NEUR_4636,Thalamus,144.23,74.23,Danio rerio
NEUR_2319,Striatum,21.16,13.69,Macaca mulatta
NEUR_8918,Cortex,97.6,69.99,Danio rerio
NEUR_2012,Cortex,38.61,44.64,Danio rerio
NEUR_2042,Hypothalamus,42.27,84.96,Mus musculus
NEUR_2583,Cortex,76.47,80.86,Mus musculus
NEUR_6204,Thalamus,49.68,14.2,Danio rerio
NEUR_7789,Hippocampus,18.61,27.66,Macaca mulatta
NEUR_9298,Striatum,33.58,49.15,Mus musculus
NEUR_4104,Hypothalamus,69.59,46.24,Rattus norvegicus
NEUR_8044,Cerebellum,41.49,44.05,Macaca mulatta
NEUR_8486,Amygdala,121.33,18.07,Macaca mulatta
NEUR_9023,Amygdala,141.77,118.91,Danio rerio
NEUR_6357,Striatum,11.08,74.59,Mus musculus
NEUR_8790,Hypothalamus,94.82,71.35,Danio rerio
NEUR_7493,Striatum,34.47,27.42,Macaca mulatta
NEUR_6313,Hippocampus,56.02,19.46,Danio rerio
NEUR_7953,Hypothalamus,51.78,66.24,Rattus norvegicus
NEUR_2858,Thalamus,100.06,54.75,Rattus norvegicus
NEUR_9657,Hippocampus,124.49,86.41,Mus musculus
NEUR_3948,Hypothalamus,15.12,98.19,Danio rerio
NEUR_3966,Cortex,65.39,85.63,Danio rerio
NEUR_2108,Hypothalamus,61.25,111.86,Danio rerio
NEUR_3792,Amygdala,94.19,99.32,Danio rerio
NEUR_6473,Striatum,56.16,59.74,Mus musculus
NEUR_8232,Hypothalamus,94.31,95.62,Macaca mulatta
NEUR_5409,Striatum,114.07,63.23,Macaca mulatta
NEUR_9239,Cortex,10.65,112.12,Danio rerio
NEUR_1854,Hippocampus,18.06,88.14,Rattus norvegicus
NEUR_6896,Hippocampus,79.5,68.2,Mus musculus
NEUR_4224,Hypothalamus,119.65,45.78,Danio rerio
NEUR_9686,Striatum,55.93,109.0,Danio rerio
NEUR_9120,Hypothalamus,12.24,69.95,Macaca mulatta
NEUR_6175,Thalamus,102.27,48.05,Macaca mulatta
NEUR_9233,Hypothalamus,33.57,44.64,Rattus norvegicus
NEUR_5523,Striatum,44.61,118.84,Danio rerio
NEUR_3881,Cortex,78.66,26.84,Rattus norvegicus
NEUR_3958,Striatum,138.92,82.11,Macaca mulatta
NEUR_7438,Cerebellum,110.59,116.82,Macaca mulatta
NEUR_7814,Cerebellum,21.36,75.87,Rattus norvegicus
NEUR_8941,Amygdala,101.79,22.66,Rattus norvegicus
NEUR_2026,Amygdala,77.48,108.28,Rattus norvegicus
NEUR_3874,Hippocampus,123.91,96.22,Danio rerio
NEUR_7406,Thalamus,141.47,60.72,Rattus norvegicus
NEUR_7020,Striatum,88.77,42.69,Macaca mulatta
NEUR_1714,Striatum,119.27,71.64,Mus musculus
NEUR_8812,Hypothalamus,147.25,111.61,Rattus norvegicus
NEUR_3169,Hippocampus,134.29,65.62,Mus musculus
NEUR_1751,Hippocampus,85.04,25.34,Rattus norvegicus
NEUR_8771,Striatum,18.04,78.52,Mus musculus
NEUR_8946,Amygdala,48.23,84.24,Macaca mulatta
NEUR_2640,Cortex,7.88,26.1,Danio rerio
NEUR_7847,Hippocampus,3.47,68.65,Macaca mulatta
NEUR_7101,Amygdala,20.2,111.0,Macaca mulatta
NEUR_1106,Hypothalamus,120.23,41.92,Mus musculus
NEUR_4155,Cortex,100.65,106.53,Rattus norvegicus
NEUR_1844,Thalamus,29.71,54.13,Mus musculus
NEUR_1009,Hypothalamus,71.46,22.04,Macaca mulatta
NEUR_6496,Striatum,95.4,115.76,Mus musculus
NEUR_1497,Hypothalamus,149.29,117.17,Mus musculus
NEUR_5252,Hypothalamus,89.59,68.74,Mus musculus
NEUR_3963,Striatum,130.94,97.91,Macaca mulatta
NEUR_8335,Thalamus,16.74,72.58,Mus musculus
NEUR_8612,Amygdala,20.59,60.87,Rattus norvegicus
NEUR_3109,Striatum,133.31,87.08,Mus musculus
NEUR_7910,Hypothalamus,89.38,68.45,Rattus norvegicus
NEUR_9182,Cerebellum,52.95,31.63,Danio rerio
NEUR_9783,Amygdala,139.36,78.97,Danio rerio
NEUR_8427,Amygdala,125.06,60.87,Danio rerio
NEUR_4953,Cerebellum,87.87,59.69,Rattus norvegicus
NEUR_4081,Thalamus,60.07,88.63,Danio rerio
NEUR_4987,Hypothalamus,133.25,44.08,Macaca mulatta
NEUR_7076,Amygdala,69.15,38.3,Danio rerio
NEUR_3294,Thalamus,133.19,99.28,Mus musculus
NEUR_9664,Hippocampus,3.59,41.78,Macaca mulatta
NEUR_1976,Cerebellum,129.66,69.4,Rattus norvegicus
NEUR_2262,Amygdala,28.17,64.65,Rattus norvegicus
NEUR_3379,Cortex,148.43,73.17,Rattus norvegicus
NEUR_5145,Hypothalamus,144.64,32.13,Rattus norvegicus
NEUR_2789,Striatum,111.8,20.68,Danio rerio
NEUR_1337,Hypothalamus,136.52,23.04,Macaca mulatta
NEUR_4342,Cortex,117.21,98.0,Macaca mulatta
NEUR_9833,Cerebellum,8.6,105.0,Rattus norvegicus
NEUR_5228,Amygdala,82.5,86.24,Rattus norvegicus
NEUR_8001,Cortex,108.77,54.75,Rattus norvegicus
NEUR_4234,Hippocampus,56.1,69.69,Rattus norvegicus
NEUR_4693,Thalamus,146.38,75.46,Macaca mulatta
NEUR_8352,Cortex,58.15,118.16,Rattus norvegicus
NEUR_1440,Hippocampus,104.34,83.76,Danio rerio
NEUR_8729,Amygdala,99.28,24.25,Danio rerio
NEUR_7685,Hippocampus,129.79,84.78,Mus musculus
NEUR_7859,Cerebellum,43.47,26.45,Danio rerio
NEUR_5661,Amygdala,75.36,116.07,Mus musculus
NEUR_4294,Hippocampus,114.79,103.04,Rattus norvegicus
NEUR_4407,Hippocampus,94.38,85.07,Rattus norvegicus
NEUR_9722,Cortex,50.09,113.0,Mus musculus
NEUR_5490,Hippocampus,14.79,67.16,Mus musculus
NEUR_4097,Hypothalamus,54.73,34.12,Macaca mulatta
NEUR_9133,Cerebellum,121.08,15.84,Danio rerio
NEUR_8069,Amygdala,94.43,73.91,Rattus norvegicus
NEUR_3374,Hippocampus,27.11,100.27,Mus musculus
NEUR_3542,Hypothalamus,71.55,90.98,Danio rerio
NEUR_3961,Striatum,90.46,66.02,Rattus norvegicus
NEUR_2770,Amygdala,0.63,37.12,Mus musculus
NEUR_3837,Cerebellum,36.79,51.66,Macaca mulatta
NEUR_4798,Thalamus,97.48,106.95,Danio rerio
NEUR_3061,Hippocampus,91.98,45.7,Danio rerio
NEUR_5790,Amygdala,69.58,83.63,Macaca mulatta
NEUR_5655,Striatum,114.17,49.26,Macaca mulatta
NEUR_3856,Hippocampus,103.9,44.5,Rattus norvegicus
NEUR_7011,Striatum,87.27,106.98,Rattus norvegicus
NEUR_5670,Hippocampus,107.22,49.05,Danio rerio
NEUR_7635,Hypothalamus,66.0,66.37,Mus musculus
NEUR_9091,Cerebellum,39.99,61.14,Danio rerio
NEUR_4782,Amygdala,135.98,35.26,Macaca mulatta
NEUR_6580,Striatum,141.57,88.6,Danio rerio
NEUR_4019,Striatum,13.92,107.1,Danio rerio
NEUR_7368,Amygdala,39.11,56.1,Rattus norvegicus
NEUR_8699,Striatum,146.72,94.17,Mus musculus
NEUR_9153,Hypothalamus,28.32,23.88,Danio rerio
NEUR_3191,Hypothalamus,49.61,41.15,Macaca mulatta
NEUR_4926,Hypothalamus,125.55,13.49,Macaca mulatta
NEUR_7843,Amygdala,87.37,17.41,Macaca mulatta
NEUR_4278,Striatum,113.69,67.57,Danio rerio
NEUR_5081,Cortex,70.25,62.57,Mus musculus
NEUR_7692,Cortex,42.05,10.76,Mus musculus
NEUR_1972,Thalamus,118.28,81.59,Danio rerio
NEUR_4720,Amygdala,17.9,58.92,Macaca mulatta
NEUR_9620,Cerebellum,50.73,69.94,Macaca mulatta
NEUR_4783,Thalamus,129.06,88.9,Macaca mulatta
NEUR_1610,Cortex,3.09,114.02,Rattus norvegicus
NEUR_1004,Cortex,78.61,102.7,Mus musculus
NEUR_5137,Hippocampus,130.47,41.32,Danio rerio
NEUR_5969,Cerebellum,12.13,26.01,Macaca mulatta
NEUR_9321,Amygdala,136.86,103.0,Danio rerio
NEUR_2644,Striatum,49.42,23.62,Rattus norvegicus
NEUR_8493,Hippocampus,22.15,75.9,Rattus norvegicus
NEUR_1156,Striatum,84.2,11.19,Macaca mulatta
NEUR_2887,Amygdala,92.37,10.74,Macaca mulatta
NEUR_7895,Hippocampus,50.1,105.58,Macaca mulatta
NEUR_7348,Thalamus,116.13,61.3,Rattus norvegicus
NEUR_4950,Cerebellum,125.36,118.96,Rattus norvegicus
NEUR_4546,Thalamus,77.72,69.36,Mus musculus
NEUR_5495,Cerebellum,77.49,55.48,Mus musculus
NEUR_1849,Cerebellum,37.18,39.71,Danio rerio
NEUR_2882,Cerebellum,87.56,45.12,Rattus norvegicus
NEUR_7280,Hypothalamus,58.39,55.76,Mus musculus
NEUR_3765,Striatum,99.41,105.47,Danio rerio
NEUR_2184,Amygdala,121.74,76.91,Danio rerio
NEUR_6107,Cortex,134.41,49.97,Mus musculus
NEUR_3020,Amygdala,146.01,69.67,Mus musculus
NEUR_5619,Striatum,23.18,85.54,Mus musculus
NEUR_7134,Striatum,8.07,44.9,Danio rerio
NEUR_1583,Cerebellum,143.3,77.55,Rattus norvegicus
NEUR_2891,Hippocampus,78.31,32.52,Rattus norvegicus
NEUR_7865,Hypothalamus,58.52,31.45,Macaca mulatta
NEUR_4331,Cerebellum,133.96,38.56,Rattus norvegicus
NEUR_7582,Striatum,131.07,33.46,Macaca mulatta
NEUR_5173,Hippocampus,23.42,32.86,Mus musculus
NEUR_6749,Thalamus,114.6,25.17,Rattus norvegicus
NEUR_1069,Amygdala,99.76,75.44,Rattus norvegicus
NEUR_4975,Striatum,70.57,70.49,Rattus norvegicus
NEUR_9301,Cerebellum,9.37,71.87,Danio rerio
NEUR_2872,Thalamus,91.3,83.51,Danio rerio
NEUR_8078,Hippocampus,17.6,18.41,Rattus norvegicus
NEUR_3955,Hypothalamus,123.14,111.62,Mus musculus
NEUR_9742,Cortex,40.51,54.6,Macaca mulatta
NEUR_3380,Cerebellum,12.4,47.15,Macaca mulatta
NEUR_5141,Cerebellum,43.64,52.94,Mus musculus
NEUR_8411,Striatum,34.55,37.11,Danio rerio
NEUR_8563,Cortex,82.89,116.36,Macaca mulatta
NEUR_5747,Hippocampus,86.49,79.67,Macaca mulatta
NEUR_6863,Amygdala,39.47,77.47,Rattus norvegicus
NEUR_6673,Cortex,76.39,52.32,Mus musculus
NEUR_1243,Hypothalamus,59.28,12.28,Mus musculus
NEUR_2923,Amygdala,20.3,19.95,Macaca mulatta
NEUR_5321,Cortex,2.44,104.83,Danio rerio
NEUR_2065,Cortex,84.85,118.69,Macaca mulatta
NEUR_5164,Amygdala,111.35,62.41,Danio rerio
NEUR_3036,Striatum,99.1,75.5,Mus musculus
NEUR_4925,Cortex,71.89,35.81,Rattus norvegicus
NEUR_9297,Amygdala,2.19,83.52,Mus musculus
NEUR_7956,Cerebellum,45.18,82.47,Macaca mulatta
NEUR_8725,Cerebellum,147.16,68.92,Rattus norvegicus
NEUR_3763,Hypothalamus,23.49,106.36,Danio rerio
NEUR_4186,Striatum,95.21,21.54,Macaca mulatta
NEUR_8587,Thalamus,62.83,92.3,Rattus norvegicus
NEUR_3952,Cortex,129.69,101.11,Macaca mulatta
NEUR_9304,Cerebellum,77.19,26.43,Danio rerio
NEUR_8538,Cortex,114.43,41.22,Macaca mulatta
NEUR_4527,Hippocampus,98.23,28.72,Mus musculus
NEUR_7443,Hippocampus,48.83,45.11,Rattus norvegicus
NEUR_7084,Hypothalamus,116.89,68.67,Rattus norvegicus
NEUR_3825,Hippocampus,141.42,66.35,Macaca mulatta
NEUR_6611,Cortex,129.1,88.68,Rattus norvegicus
NEUR_3999,Cerebellum,20.65,29.09,Mus musculus
NEUR_2258,Striatum,81.96,27.31,Danio rerio
NEUR_3235,Cerebellum,6.55,21.35,Rattus norvegicus
NEUR_3241,Cortex,96.25,22.24,Rattus norvegicus
NEUR_9866,Cerebellum,108.29,110.93,Danio rerio
NEUR_4555,Cerebellum,89.65,73.07,Danio rerio
NEUR_5798,Cerebellum,145.16,46.77,Danio rerio
NEUR_8119,Striatum,23.06,86.67,Mus musculus
NEUR_7672,Striatum,142.94,61.52,Rattus norvegicus
NEUR_2611,Amygdala,2.4,118.81,Mus musculus
NEUR_2252,Cerebellum,106.99,49.0,Mus musculus
NEUR_5782,Amygdala,90.78,80.99,Mus musculus
NEUR_4185,Striatum,134.87,69.52,Rattus norvegicus
NEUR_2752,Amygdala,49.4,24.94,Mus musculus
NEUR_6357,Amygdala,123.07,58.72,Mus musculus
NEUR_9365,Thalamus,149.76,28.88,Macaca mulatta
NEUR_8059,Thalamus,133.44,30.52,Rattus norvegicus
NEUR_3874,Cortex,81.1,47.13,Danio rerio
NEUR_3173,Thalamus,48.75,46.93,Danio rerio
NEUR_4305,Cortex,130.32,13.13,Mus musculus
NEUR_1302,Hypothalamus,121.58,90.77,Mus musculus
NEUR_3633,Cerebellum,76.04,105.34,Rattus norvegicus
NEUR_8120,Amygdala,79.34,117.37,Mus musculus
NEUR_1486,Cortex,13.53,54.38,Mus musculus
NEUR_8049,Cerebellum,28.56,117.76,Danio rerio
NEUR_6636,Striatum,22.25,70.65,Danio rerio
NEUR_5391,Hippocampus,22.56,91.63,Mus musculus
NEUR_9849,Hypothalamus,78.52,98.75,Macaca mulatta
NEUR_4570,Amygdala,35.75,80.13,Danio rerio
NEUR_2114,Cerebellum,68.04,82.82,Danio rerio
NEUR_5267,Amygdala,66.35,71.41,Mus musculus
NEUR_7388,Hypothalamus,130.75,108.98,Mus musculus
NEUR_4809,Amygdala,14.09,31.79,Macaca mulatta
NEUR_4075,Cortex,49.08,10.14,Rattus norvegicus
NEUR_5545,Amygdala,44.28,62.03,Rattus norvegicus
NEUR_1863,Cortex,6.32,54.58,Rattus norvegicus
NEUR_9529,Hypothalamus,85.35,25.92,Danio rerio
NEUR_4695,Amygdala,130.81,48.42,Mus musculus
NEUR_1300,Hippocampus,92.87,69.56,Macaca mulatta
NEUR_3048,Cortex,53.14,43.05,Rattus norvegicus
NEUR_4882,Hippocampus,29.88,115.03,Danio rerio
NEUR_4754,Cerebellum,87.51,87.09,Danio rerio
NEUR_5511,Amygdala,12.92,89.86,Macaca mulatta
NEUR_3034,Cerebellum,26.84,114.26,Rattus norvegicus
NEUR_3578,Amygdala,77.88,119.93,Danio rerio
NEUR_8962,Hypothalamus,63.15,12.86,Mus musculus
NEUR_2157,Thalamus,58.98,30.81,Danio rerio
NEUR_8679,Striatum,49.51,25.17,Rattus norvegicus
NEUR_7150,Thalamus,93.39,32.58,Rattus norvegicus
NEUR_8588,Hypothalamus,91.4,97.85,Rattus norvegicus
NEUR_4842,Hypothalamus,21.67,112.1,Danio rerio
NEUR_5263,Cortex,86.67,119.84,Rattus norvegicus
NEUR_6461,Hypothalamus,12.01,19.77,Danio rerio
NEUR_8836,Thalamus,27.79,88.8,Danio rerio
NEUR_1006,Hippocampus,48.8,101.1,Danio rerio
NEUR_5863,Amygdala,104.72,116.55,Rattus norvegicus
NEUR_7288,Amygdala,68.22,19.61,Danio rerio
NEUR_7645,Hippocampus,76.65,83.0,Danio rerio
NEUR_3891,Cortex,98.63,106.02,Mus musculus
NEUR_6261,Striatum,140.19,91.01,Macaca mulatta
NEUR_1927,Cortex,123.62,51.38,Rattus norvegicus
NEUR_7915,Cortex,47.2,81.49,Mus musculus
NEUR_1673,Hippocampus,102.74,113.8,Mus musculus
NEUR_8751,Cortex,73.4,89.18,Rattus norvegicus
NEUR_5248,Cerebellum,31.54,82.18,Danio rerio
NEUR_6495,Cerebellum,37.42,42.2,Danio rerio
NEUR_4013,Amygdala,15.33,54.86,Danio rerio
NEUR_7815,Thalamus,20.14,98.85,Rattus norvegicus
NEUR_4825,Thalamus,138.65,106.99,Danio rerio
NEUR_6479,Striatum,99.16,57.99,Rattus norvegicus
NEUR_3641,Hippocampus,58.75,47.51,Danio rerio
NEUR_9425,Striatum,146.86,21.82,Mus musculus
NEUR_6160,Thalamus,63.12,73.92,Danio rerio
NEUR_9461,Cerebellum,33.68,10.61,Rattus norvegicus
NEUR_1301,Hypothalamus,100.5,71.51,Mus musculus
NEUR_8361,Hypothalamus,59.26,12.42,Rattus norvegicus
NEUR_6292,Thalamus,142.4,16.6,Danio rerio
NEUR_3902,Thalamus,92.86,69.5,Mus musculus
NEUR_4198,Cortex,76.3,27.18,Mus musculus
NEUR_4760,Striatum,126.46,86.44,Mus musculus
NEUR_5997,Hippocampus,21.24,108.53,Danio rerio
NEUR_8104,Hypothalamus,26.49,76.83,Danio rerio
NEUR_7763,Cerebellum,75.75,31.15,Rattus norvegicus
NEUR_7935,Hippocampus,88.04,23.66,Rattus norvegicus
NEUR_7423,Amygdala,84.97,119.26,Rattus norvegicus
NEUR_8527,Hippocampus,51.45,56.32,Danio rerio
NEUR_9441,Thalamus,54.57,24.43,Macaca mulatta
NEUR_2793,Hypothalamus,73.02,54.74,Danio rerio
NEUR_9929,Cerebellum,14.89,106.03,Rattus norvegicus
NEUR_7506,Hippocampus,137.74,103.29,Rattus norvegicus
NEUR_9514,Hippocampus,62.08,29.29,Rattus norvegicus
NEUR_9766,Cortex,141.97,78.17,Rattus norvegicus
NEUR_9456,Cerebellum,48.21,56.54,Mus musculus
NEUR_1483,Cerebellum,121.5,36.15,Mus musculus
NEUR_2259,Cortex,70.93,47.72,Mus musculus
NEUR_4576,Thalamus,18.1,24.4,Mus musculus
NEUR_8337,Striatum,89.76,25.11,Danio rerio
NEUR_7176,Hippocampus,25.19,71.56,Danio rerio
NEUR_4425,Hypothalamus,83.38,77.21,Danio rerio
NEUR_1130,Cerebellum,110.79,53.62,Mus musculus
NEUR_6459,Hippocampus,42.09,16.06,Rattus norvegicus
NEUR_7159,Cerebellum,103.66,47.57,Mus musculus
NEUR_2091,Hypothalamus,45.65,46.59,Danio rerio
NEUR_9074,Cortex,91.87,98.29,Rattus norvegicus
NEUR_7685,Striatum,59.5,57.97,Macaca mulatta
NEUR_3578,Amygdala,65.68,70.97,Macaca mulatta
NEUR_4829,Cerebellum,43.41,102.87,Danio rerio
NEUR_4331,Hippocampus,72.24,38.75,Macaca mulatta
NEUR_7736,Cortex,72.67,49.23,Macaca mulatta
NEUR_7543,Thalamus,93.14,49.5,Macaca mulatta
NEUR_1934,Cortex,144.43,21.69,Mus musculus
NEUR_2216,Striatum,85.28,72.01,Rattus norvegicus
NEUR_4678,Hypothalamus,97.3,117.14,Danio rerio
NEUR_6611,Hippocampus,93.43,16.31,Mus musculus
NEUR_5536,Cerebellum,122.05,100.98,Macaca mulatta
NEUR_3258,Cortex,5.44,62.49,Mus musculus
NEUR_2753,Thalamus,106.14,12.49,Mus musculus
NEUR_2030,Hypothalamus,134.16,35.13,Mus musculus
NEUR_9738,Cerebellum,11.71,54.57,Mus musculus
NEUR_9792,Hypothalamus,103.07,104.53,Rattus norvegicus
NEUR_7835,Cortex,130.87,110.79,Macaca mulatta
NEUR_2579,Striatum,22.91,91.9,Mus musculus
NEUR_2911,Cortex,46.47,116.14,Macaca mulatta
NEUR_2947,Cortex,1.04,108.78,Danio rerio
NEUR_6503,Cortex,83.6,21.78,Macaca mulatta
NEUR_9808,Cerebellum,95.83,69.15,Mus musculus
NEUR_8549,Cerebellum,118.14,20.95,Macaca mulatta
NEUR_3829,Cerebellum,54.22,21.47,Danio rerio
NEUR_7718,Striatum,48.93,60.38,Macaca mulatta
NEUR_6378,Cortex,144.85,13.87,Rattus norvegicus
NEUR_8703,Amygdala,1.65,94.4,Macaca mulatta
NEUR_8209,Amygdala,122.56,69.75,Rattus norvegicus
NEUR_6426,Hippocampus,132.56,19.59,Macaca mulatta
NEUR_7758,Striatum,117.28,56.24,Mus musculus
NEUR_3508,Hippocampus,16.42,26.08,Danio rerio
NEUR_8043,Striatum,54.63,12.45,Mus musculus
NEUR_5320,Hippocampus,42.73,97.2,Macaca mulatta
NEUR_8951,Amygdala,51.74,53.18,Mus musculus
NEUR_1959,Hippocampus,36.23,18.04,Mus musculus
NEUR_1664,Hippocampus,31.28,41.38,Macaca mulatta
NEUR_6210,Thalamus,47.32,75.42,Danio rerio
NEUR_1542,Hippocampus,52.66,104.88,Rattus norvegicus
NEUR_2406,Amygdala,12.48,83.03,Mus musculus
NEUR_7487,Hypothalamus,119.21,56.05,Macaca mulatta
NEUR_2166,Cortex,71.4,43.87,Macaca mulatta
NEUR_2676,Striatum,83.28,23.18,Mus musculus
NEUR_7264,Hypothalamus,143.0,50.23,Rattus norvegicus
NEUR_7636,Hypothalamus,132.57,116.33,Macaca mulatta
NEUR_2827,Hippocampus,114.32,15.69,Macaca mulatta
NEUR_1742,Thalamus,91.58,52.05,Rattus norvegicus
NEUR_1651,Cortex,19.66,15.72,Macaca mulatta
NEUR_7094,Cortex,11.93,90.33,Macaca mulatta
NEUR_6125,Cerebellum,48.6,100.66,Danio rerio
NEUR_2217,Hypothalamus,25.81,103.3,Mus musculus
NEUR_9636,Striatum,148.15,93.17,Mus musculus
NEUR_3372,Cerebellum,15.81,14.1,Rattus norvegicus
NEUR_1825,Striatum,100.73,55.28,Danio rerio
NEUR_2399,Thalamus,129.18,15.54,Macaca mulatta
NEUR_6340,Hippocampus,90.64,32.58,Danio rerio
NEUR_7051,Thalamus,102.87,84.09,Mus musculus
NEUR_2600,Thalamus,58.08,39.97,Danio rerio
NEUR_2381,Hypothalamus,64.02,43.94,Rattus norvegicus
NEUR_8045,Hippocampus,5.29,39.27,Macaca mulatta
NEUR_4689,Cortex,71.81,87.15,Rattus norvegicus
NEUR_5968,Hypothalamus,57.12,108.3,Danio rerio
NEUR_8730,Thalamus,91.72,42.83,Mus musculus
NEUR_9936,Thalamus,112.15,35.49,Mus musculus
NEUR_3578,Amygdala,11.26,101.36,Rattus norvegicus
NEUR_9238,Hippocampus,47.33,48.64,Macaca mulatta
NEUR_1502,Cortex,12.58,62.37,Rattus norvegicus
NEUR_5725,Amygdala,20.79,29.48,Macaca mulatta
NEUR_2014,Cerebellum,75.62,14.61,Danio rerio
NEUR_6680,Hippocampus,23.31,84.62,Mus musculus
NEUR_1742,Cortex,61.28,105.41,Rattus norvegicus
NEUR_5720,Hippocampus,24.96,29.43,Danio rerio
NEUR_6078,Hypothalamus,80.06,11.37,Rattus norvegicus
NEUR_7618,Cerebellum,58.07,80.12,Rattus norvegicus
NEUR_3501,Hypothalamus,30.2,114.82,Danio rerio
NEUR_6428,Striatum,129.58,96.55,Mus musculus
NEUR_8161,Hypothalamus,85.02,38.93,Rattus norvegicus
NEUR_7164,Thalamus,109.76,16.96,Macaca mulatta
NEUR_3894,Amygdala,126.34,36.65,Mus musculus
NEUR_7128,Hypothalamus,49.54,109.1,Rattus norvegicus
NEUR_4540,Striatum,129.84,15.96,Macaca mulatta
NEUR_2074,Striatum,2.28,58.42,Macaca mulatta
NEUR_8769,Cerebellum,131.71,70.87,Macaca mulatta
NEUR_6919,Striatum,120.72,37.58,Danio rerio
NEUR_8722,Thalamus,46.41,86.97,Mus musculus
NEUR_1475,Cerebellum,148.25,100.85,Macaca mulatta
NEUR_2939,Striatum,69.48,69.4,Macaca mulatta
NEUR_7137,Thalamus,33.08,73.88,Danio rerio
NEUR_1547,Amygdala,145.56,38.36,Rattus norvegicus
NEUR_3671,Hypothalamus,133.22,106.95,Danio rerio
NEUR_2568,Hippocampus,45.96,30.2,Rattus norvegicus
NEUR_7948,Striatum,100.19,116.35,Macaca mulatta
NEUR_3134,Hippocampus,132.22,16.43,Danio rerio
NEUR_2076,Amygdala,68.7,12.27,Mus musculus
NEUR_9604,Amygdala,137.95,117.11,Macaca mulatta
NEUR_3533,Thalamus,116.78,78.59,Macaca mulatta
NEUR_5343,Amygdala,97.16,60.76,Rattus norvegicus
NEUR_5714,Hippocampus,112.16,46.3,Mus musculus
NEUR_7877,Thalamus,147.7,98.21,Mus musculus
NEUR_5154,Hippocampus,13.96,20.9,Rattus norvegicus
NEUR_9101,Thalamus,29.13,39.09,Macaca mulatta
NEUR_4385,Amygdala,121.1,28.96,Mus musculus
NEUR_6185,Thalamus,97.74,63.43,Macaca mulatta
NEUR_5545,Thalamus,95.33,88.15,Rattus norvegicus
NEUR_7822,Hippocampus,60.42,107.14,Danio rerio
NEUR_9193,Thalamus,104.01,119.13,Macaca mulatta
NEUR_9583,Cerebellum,58.87,61.75,Danio rerio
NEUR_3724,Hippocampus,124.92,108.2,Danio rerio
NEUR_9514,Cerebellum,52.67,57.05,Mus musculus
NEUR_3548,Amygdala,121.72,112.3,Macaca mulatta
NEUR_9088,Striatum,105.09,27.77,Danio rerio
NEUR_1038,Thalamus,136.54,17.48,Macaca mulatta
NEUR_4840,Striatum,131.18,51.47,Macaca mulatta
NEUR_8339,Cortex,139.85,84.69,Macaca mulatta
NEUR_8390,Striatum,147.52,64.44,Mus musculus
NEUR_7320,Hypothalamus,101.04,71.78,Mus musculus
NEUR_4653,Thalamus,97.16,51.54,Rattus norvegicus
NEUR_9854,Amygdala,50.51,24.14,Rattus norvegicus
NEUR_1350,Cortex,63.15,61.67,Macaca mulatta
NEUR_1540,Striatum,105.51,106.28,Danio rerio
NEUR_8320,Hippocampus,114.37,59.45,Mus musculus
NEUR_9106,Hypothalamus,57.85,12.99,Macaca mulatta
NEUR_1047,Amygdala,65.68,43.72,Danio rerio
NEUR_1221,Cortex,96.43,58.97,Rattus norvegicus
NEUR_9774,Thalamus,117.1,77.77,Rattus norvegicus
NEUR_6746,Cortex,138.73,19.14,Danio rerio
NEUR_3087,Cerebellum,20.02,104.17,Danio rerio
NEUR_7788,Hippocampus,77.01,38.83,Danio rerio
NEUR_9172,Thalamus,112.49,65.35,Mus musculus
NEUR_7714,Striatum,56.3,80.53,Macaca mulatta
NEUR_7868,Cerebellum,72.86,77.14,Macaca mulatta
NEUR_4302,Thalamus,89.44,26.14,Macaca mulatta
NEUR_9116,Striatum,91.79,66.86,Rattus norvegicus
NEUR_2782,Thalamus,141.21,18.37,Mus musculus
NEUR_5774,Striatum,95.04,23.33,Danio rerio
NEUR_9148,Striatum,99.58,108.14,Rattus norvegicus
NEUR_6456,Hypothalamus,12.23,55.95,Danio rerio
NEUR_2669,Hypothalamus,19.39,102.56,Rattus norvegicus
NEUR_5422,Thalamus,60.71,113.99,Mus musculus
NEUR_3680,Thalamus,99.2,112.8,Macaca mulatta
NEUR_8019,Thalamus,121.42,19.77,Rattus norvegicus
NEUR_2477,Cerebellum,87.93,93.96,Mus musculus
NEUR_5626,Striatum,104.42,119.28,Danio rerio
NEUR_9939,Amygdala,136.82,11.0,Danio rerio
NEUR_1079,Hypothalamus,113.44,67.11,Rattus norvegicus
NEUR_6901,Amygdala,42.94,85.6,Danio rerio
NEUR_8848,Hypothalamus,132.9,21.31,Mus musculus
NEUR_8272,Hypothalamus,71.27,115.74,Macaca mulatta
NEUR_5833,Cortex,89.72,83.36,Danio rerio
NEUR_3566,Amygdala,140.38,17.37,Mus musculus
NEUR_3792,Hypothalamus,4.4,64.02,Mus musculus
NEUR_4117,Cortex,29.76,71.66,Macaca mulatta
NEUR_1209,Hypothalamus,22.75,89.91,Danio rerio
NEUR_2415,Hypothalamus,103.78,64.03,Macaca mulatta
NEUR_7517,Hypothalamus,53.84,109.36,Macaca mulatta
NEUR_5217,Striatum,90.63,26.11,Danio rerio
NEUR_5922,Hippocampus,19.39,100.32,Mus musculus
NEUR_6991,Striatum,91.85,87.91,Rattus norvegicus
NEUR_5868,Cerebellum,138.03,90.2,Mus musculus
NEUR_1120,Cerebellum,46.31,92.18,Mus musculus
NEUR_8047,Hypothalamus,45.34,64.37,Macaca mulatta
NEUR_3046,Hypothalamus,90.01,26.83,Danio rerio
NEUR_8795,Thalamus,27.26,52.79,Mus musculus
NEUR_8237,Hypothalamus,141.62,69.27,Danio rerio
NEUR_9003,Cerebellum,137.01,58.68,Macaca mulatta
NEUR_5704,Hypothalamus,113.18,73.95,Macaca mulatta
NEUR_5670,Hippocampus,105.11,109.21,Mus musculus
NEUR_6238,Striatum,26.97,46.01,Rattus norvegicus
NEUR_2115,Amygdala,147.74,52.25,Mus musculus
NEUR_9669,Cerebellum,80.33,26.3,Rattus norvegicus
NEUR_3340,Amygdala,48.93,49.21,Rattus norvegicus
NEUR_3041,Hippocampus,93.49,34.15,Rattus norvegicus
NEUR_8507,Hypothalamus,1.76,37.36,Macaca mulatta
NEUR_1885,Hypothalamus,121.75,79.93,Mus musculus
NEUR_3468,Striatum,15.36,33.9,Macaca mulatta
NEUR_1458,Hypothalamus,108.55,37.76,Rattus norvegicus
NEUR_7335,Cortex,43.31,51.23,Macaca mulatta
NEUR_2617,Hippocampus,51.05,106.3,Mus musculus
NEUR_6410,Cerebellum,58.93,66.61,Danio rerio
NEUR_1586,Cerebellum,102.61,111.97,Rattus norvegicus
NEUR_4676,Striatum,47.23,105.99,Danio rerio
NEUR_7523,Hippocampus,17.9,82.46,Mus musculus
NEUR_9092,Cerebellum,94.27,16.59,Rattus norvegicus
NEUR_6493,Amygdala,108.14,98.95,Macaca mulatta
NEUR_1114,Hypothalamus,67.5,50.59,Danio rerio
NEUR_9509,Hippocampus,15.73,110.42,Danio rerio
NEUR_1114,Hippocampus,96.56,52.19,Mus musculus
NEUR_7901,Hypothalamus,132.47,19.74,Rattus norvegicus
NEUR_9783,Amygdala,120.68,10.34,Macaca mulatta
NEUR_3329,Cerebellum,11.51,20.94,Danio rerio
NEUR_3940,Cortex,118.78,103.73,Macaca mulatta
NEUR_1106,Thalamus,124.54,97.36,Danio rerio
NEUR_3315,Amygdala,145.27,19.98,Macaca mulatta
NEUR_9891,Thalamus,142.54,24.63,Macaca mulatta
NEUR_9186,Cerebellum,63.31,104.36,Danio rerio
NEUR_7134,Amygdala,147.42,112.45,Macaca mulatta
NEUR_7857,Cerebellum,0.83,46.69,Rattus norvegicus
NEUR_5646,Cerebellum,115.77,87.49,Macaca mulatta
NEUR_3501,Thalamus,109.21,111.65,Macaca mulatta
NEUR_5453,Amygdala,70.68,97.23,Danio rerio
NEUR_8523,Hypothalamus,131.72,36.25,Macaca mulatta
NEUR_9484,Hippocampus,140.63,32.7,Mus musculus
NEUR_2461,Amygdala,98.64,51.51,Danio rerio
NEUR_9880,Amygdala,45.16,52.38,Danio rerio
NEUR_2126,Hippocampus,30.72,90.57,Rattus norvegicus
NEUR_4404,Hypothalamus,83.99,45.91,Danio rerio
NEUR_6865,Striatum,116.51,40.57,Rattus norvegicus
NEUR_1971,Cortex,28.98,37.77,Macaca mulatta
NEUR_1366,Cerebellum,64.68,117.26,Danio rerio
NEUR_3906,Amygdala,103.27,44.85,Mus musculus
NEUR_3805,Cortex,111.3,66.13,Mus musculus
NEUR_3230,Striatum,55.14,13.66,Mus musculus
NEUR_7368,Amygdala,129.17,102.18,Macaca mulatta
NEUR_9433,Hippocampus,89.9,51.3,Danio rerio
NEUR_5034,Hippocampus,110.53,118.55,Rattus norvegicus
NEUR_6958,Cortex,103.09,79.41,Macaca mulatta
NEUR_2058,Hippocampus,3.31,35.57,Danio rerio
NEUR_9047,Amygdala,10.84,76.17,Rattus norvegicus
NEUR_3227,Hippocampus,14.7,83.68,Macaca mulatta
NEUR_8797,Hypothalamus,141.75,25.17,Rattus norvegicus
NEUR_3698,Cerebellum,128.79,36.61,Mus musculus
NEUR_3840,Striatum,5.49,75.97,Mus musculus
NEUR_7748,Hypothalamus,125.75,34.87,Mus musculus
NEUR_8478,Cortex,4.76,86.15,Mus musculus
NEUR_3170,Striatum,52.92,118.55,Danio rerio
NEUR_7982,Hippocampus,45.29,74.69,Macaca mulatta
NEUR_2100,Hypothalamus,50.32,66.5,Mus musculus
NEUR_4463,Striatum,10.16,69.56,Danio rerio
NEUR_6386,Cortex,114.27,93.43,Macaca mulatta
NEUR_5961,Amygdala,12.39,92.91,Macaca mulatta
NEUR_2100,Hippocampus,125.71,82.09,Macaca mulatta
NEUR_6798,Cerebellum,1.08,49.82,Danio rerio
NEUR_4260,Cortex,127.7,48.74,Rattus norvegicus
NEUR_1498,Amygdala,109.02,88.18,Mus musculus
NEUR_5534,Hypothalamus,33.98,30.81,Rattus norvegicus
NEUR_6617,Thalamus,10.98,16.0,Macaca mulatta
NEUR_7689,Cortex,100.36,17.03,Mus musculus
NEUR_5770,Striatum,29.22,66.03,Mus musculus
NEUR_1140,Cerebellum,76.47,28.32,Danio rerio
NEUR_7521,Hippocampus,21.05,99.04,Rattus norvegicus
NEUR_2795,Cortex,63.86,48.29,Danio rerio
NEUR_1803,Amygdala,38.31,17.69,Rattus norvegicus
NEUR_7000,Striatum,73.57,15.93,Danio rerio
NEUR_5974,Amygdala,91.96,52.01,Macaca mulatta
NEUR_5174,Amygdala,92.87,108.19,Macaca mulatta
NEUR_1574,Striatum,57.19,93.14,Danio rerio
NEUR_4567,Hippocampus,148.19,14.98,Mus musculus
NEUR_1424,Hypothalamus,95.85,41.73,Rattus norvegicus
NEUR_2621,Amygdala,58.4,91.0,Macaca mulatta
NEUR_1429,Cerebellum,21.94,17.81,Danio rerio
NEUR_6509,Amygdala,46.63,113.04,Rattus norvegicus
NEUR_3539,Hippocampus,72.81,15.68,Mus musculus
NEUR_5043,Hippocampus,83.94,21.73,Rattus norvegicus
NEUR_3663,Striatum,36.77,14.97,Macaca mulatta
NEUR_1151,Amygdala,73.69,97.86,Macaca mulatta
NEUR_8097,Amygdala,121.57,96.8,Macaca mulatta
NEUR_8265,Thalamus,6.44,95.55,Macaca mulatta
NEUR_6124,Cerebellum,147.65,42.39,Macaca mulatta
NEUR_9087,Cortex,32.05,40.51,Macaca mulatta
NEUR_2984,Cerebellum,93.74,73.89,Mus musculus
NEUR_1346,Hypothalamus,38.76,115.03,Rattus norvegicus
NEUR_8675,Hypothalamus,78.22,14.0,Danio rerio
NEUR_5709,Hippocampus,90.06,116.95,Danio rerio
NEUR_1723,Hippocampus,44.3,46.49,Mus musculus
NEUR_9977,Thalamus,123.04,107.83,Mus musculus
NEUR_5598,Striatum,76.04,54.02,Danio rerio
NEUR_4905,Thalamus,117.18,70.44,Danio rerio
NEUR_3449,Cerebellum,98.82,53.28,Danio rerio
NEUR_2940,Thalamus,88.83,16.79,Rattus norvegicus
NEUR_5374,Cerebellum,93.11,77.09,Mus musculus
NEUR_6964,Hypothalamus,42.34,91.13,Rattus norvegicus
NEUR_6080,Cortex,32.54,29.51,Macaca mulatta
NEUR_5755,Striatum,72.4,118.63,Mus musculus
NEUR_8046,Striatum,134.39,38.88,Macaca mulatta
NEUR_7399,Striatum,130.6,96.34,Danio rerio
NEUR_9552,Cortex,39.73,102.96,Mus musculus
NEUR_5754,Striatum,89.79,109.22,Rattus norvegicus
NEUR_8725,Cortex,33.11,64.23,Rattus norvegicus
NEUR_9466,Hypothalamus,124.26,15.34,Macaca mulatta
NEUR_4246,Striatum,139.99,11.15,Macaca mulatta
NEUR_5750,Amygdala,131.75,36.51,Macaca mulatta
NEUR_6569,Hippocampus,49.04,12.65,Danio rerio
NEUR_7617,Hypothalamus,144.34,29.44,Mus musculus
NEUR_8702,Hippocampus,120.49,87.23,Macaca mulatta
NEUR_2385,Cerebellum,86.53,99.62,Danio rerio
NEUR_5376,Amygdala,81.19,84.89,Danio rerio
NEUR_7489,Thalamus,143.39,91.83,Rattus norvegicus
NEUR_7605,Amygdala,7.09,101.37,Danio rerio
NEUR_9188,Striatum,34.95,86.6,Mus musculus
NEUR_4430,Cortex,8.35,38.2,Rattus norvegicus
NEUR_9400,Amygdala,131.46,104.01,Rattus norvegicus
NEUR_6838,Amygdala,31.57,16.61,Mus musculus
NEUR_3900,Cerebellum,108.41,109.4,Mus musculus
NEUR_1670,Hypothalamus,98.34,95.72,Mus musculus
NEUR_5522,Striatum,1.88,25.16,Danio rerio
NEUR_1140,Cortex,27.56,110.13,Rattus norvegicus
NEUR_2356,Thalamus,10.96,72.38,Macaca mulatta
NEUR_2617,Cerebellum,138.23,85.58,Mus musculus
NEUR_4403,Hypothalamus,36.77,47.4,Macaca mulatta
NEUR_6785,Hippocampus,47.19,21.6,Rattus norvegicus
NEUR_5490,Hippocampus,27.17,20.95,Mus musculus
NEUR_5262,Striatum,4.5,72.58,Macaca mulatta
NEUR_9641,Amygdala,73.12,27.58,Macaca mulatta
NEUR_8898,Cortex,87.78,89.52,Danio rerio
NEUR_9161,Striatum,86.7,96.61,Rattus norvegicus
NEUR_3538,Striatum,14.55,31.56,Macaca mulatta
NEUR_3597,Thalamus,121.41,67.99,Rattus norvegicus
NEUR_8092,Thalamus,73.55,76.48,Macaca mulatta
NEUR_7258,Hypothalamus,126.19,59.66,Danio rerio
NEUR_1846,Amygdala,137.56,117.57,Macaca mulatta
NEUR_7491,Thalamus,24.46,107.8,Mus musculus
NEUR_3090,Hypothalamus,80.12,56.91,Mus musculus
NEUR_7320,Thalamus,28.35,41.08,Mus musculus
NEUR_4873,Cortex,111.29,61.52,Macaca mulatta
NEUR_3443,Amygdala,14.71,50.59,Rattus norvegicus
NEUR_9235,Cerebellum,38.45,42.11,Rattus norvegicus
NEUR_2771,Amygdala,55.25,84.41,Macaca mulatta
NEUR_6639,Thalamus,113.23,19.72,Mus musculus
NEUR_9621,Amygdala,38.64,53.13,Macaca mulatta
NEUR_4430,Hypothalamus,53.69,43.72,Macaca mulatta
NEUR_5139,Hippocampus,130.87,50.4,Danio rerio
NEUR_3747,Cortex,57.8,52.8,Danio rerio
NEUR_1907,Thalamus,117.83,53.65,Rattus norvegicus
NEUR_1080,Cortex,116.62,21.87,Macaca mulatta
NEUR_9612,Cortex,26.85,76.37,Danio rerio
NEUR_9161,Cerebellum,126.0,85.96,Danio rerio
NEUR_1346,Striatum,126.46,10.45,Danio rerio
NEUR_4778,Hypothalamus,9.83,29.45,Mus musculus
NEUR_7310,Hippocampus,23.84,63.64,Danio rerio
NEUR_5143,Thalamus,47.82,12.08,Rattus norvegicus
NEUR_2308,Thalamus,60.74,65.18,Macaca mulatta
NEUR_3187,Striatum,109.54,14.42,Macaca mulatta
NEUR_7831,Striatum,85.87,37.32,Rattus norvegicus
NEUR_5755,Hypothalamus,129.23,48.7,Danio rerio
NEUR_5781,Cortex,121.82,103.11,Rattus norvegicus
NEUR_8638,Hypothalamus,83.92,64.59,Rattus norvegicus
NEUR_2210,Hypothalamus,19.71,85.66,Macaca mulatta
NEUR_3257,Striatum,19.13,89.22,Danio rerio
NEUR_5952,Cerebellum,70.23,75.15,Mus musculus
NEUR_8838,Amygdala,125.75,57.42,Danio rerio
NEUR_3704,Cerebellum,114.52,15.21,Danio rerio
NEUR_7152,Amygdala,24.74,80.91,Danio rerio
NEUR_2431,Striatum,30.97,118.74,Rattus norvegicus
NEUR_9202,Hippocampus,123.4,67.97,Danio rerio
NEUR_5636,Thalamus,52.29,50.85,Macaca mulatta
NEUR_3909,Cortex,110.88,36.88,Macaca mulatta
NEUR_6202,Hypothalamus,16.46,41.8,Danio rerio
NEUR_8721,Striatum,72.71,48.79,Rattus norvegicus
NEUR_7046,Hypothalamus,98.97,70.4,Mus musculus
NEUR_8680,Hippocampus,21.68,94.03,Macaca mulatta
NEUR_7467,Cortex,48.04,21.72,Rattus norvegicus
NEUR_1678,Hippocampus,110.83,70.42,Rattus norvegicus
NEUR_9195,Amygdala,65.17,91.37,Rattus norvegicus
NEUR_4167,Thalamus,64.59,63.0,Danio rerio
NEUR_7157,Amygdala,129.22,15.53,Danio rerio
NEUR_4519,Cerebellum,148.35,48.92,Danio rerio
NEUR_1773,Cerebellum,39.52,81.76,Macaca mulatta
NEUR_9789,Striatum,93.98,36.65,Macaca mulatta
NEUR_3066,Amygdala,64.08,39.91,Macaca mulatta
NEUR_2868,Hippocampus,99.16,105.92,Danio rerio
NEUR_3428,Cortex,95.95,96.04,Macaca mulatta
NEUR_6951,Hippocampus,35.78,19.12,Rattus norvegicus
NEUR_7402,Striatum,26.95,58.27,Mus musculus
NEUR_6904,Cerebellum,13.0,14.63,Mus musculus
NEUR_2840,Cortex,103.54,72.56,Danio rerio
NEUR_8852,Hypothalamus,74.46,71.66,Danio rerio
NEUR_2484,Striatum,4.72,70.23,Rattus norvegicus
NEUR_6511,Amygdala,115.35,91.91,Danio rerio
NEUR_7173,Hypothalamus,115.54,97.75,Danio rerio
NEUR_5414,Cerebellum,30.49,56.75,Danio rerio
NEUR_2976,Thalamus,120.28,102.9,Danio rerio
NEUR_5611,Thalamus,87.69,73.99,Danio rerio
NEUR_6411,Cortex,100.63,119.19,Macaca mulatta
NEUR_5539,Hypothalamus,66.94,58.36,Rattus norvegicus
NEUR_6809,Thalamus,147.75,118.26,Macaca mulatta
NEUR_8501,Thalamus,2.14,18.31,Danio rerio
NEUR_7607,Thalamus,145.14,78.32,Macaca mulatta
NEUR_4132,Hypothalamus,52.64,24.09,Mus musculus
NEUR_1035,Hypothalamus,96.74,118.71,Macaca mulatta
NEUR_6390,Amygdala,129.9,61.94,Mus musculus
NEUR_4687,Hippocampus,29.19,89.47,Rattus norvegicus
NEUR_1807,Cerebellum,94.05,31.91,Danio rerio
NEUR_4137,Hypothalamus,138.02,89.72,Macaca mulatta
NEUR_6204,Cortex,116.75,85.06,Macaca mulatta
NEUR_3825,Striatum,31.11,47.16,Danio rerio
NEUR_9336,Hypothalamus,128.23,56.51,Danio rerio
NEUR_5502,Thalamus,99.11,18.72,Danio rerio
NEUR_4461,Hypothalamus,93.19,25.46,Rattus norvegicus
NEUR_7388,Thalamus,37.63,28.34,Macaca mulatta
NEUR_3054,Hypothalamus,97.94,20.14,Rattus norvegicus
NEUR_3072,Amygdala,126.7,95.67,Rattus norvegicus
NEUR_1800,Cerebellum,132.53,40.63,Macaca mulatta
NEUR_4192,Cerebellum,135.74,42.41,Rattus norvegicus
NEUR_8496,Hypothalamus,119.51,118.55,Mus musculus
NEUR_2223,Hypothalamus,62.97,112.3,Mus musculus
NEUR_4175,Striatum,73.1,62.34,Rattus norvegicus
NEUR_7735,Hypothalamus,50.44,87.27,Rattus norvegicus
NEUR_1705,Hypothalamus,56.36,117.45,Danio rerio
NEUR_1752,Striatum,121.02,46.21,Mus musculus
NEUR_5587,Cerebellum,121.17,82.62,Danio rerio
NEUR_6664,Hippocampus,34.57,21.41,Danio rerio
NEUR_9323,Hippocampus,90.81,82.35,Rattus norvegicus
NEUR_9289,Amygdala,122.54,45.82,Rattus norvegicus
NEUR_1031,Hypothalamus,119.01,50.11,Mus musculus
NEUR_9347,Striatum,71.66,17.57,Macaca mulatta
NEUR_5126,Hypothalamus,84.67,21.95,Macaca mulatta
NEUR_3690,Thalamus,135.16,54.43,Macaca mulatta
NEUR_2190,Hypothalamus,119.25,84.93,Danio rerio
NEUR_6708,Cerebellum,37.98,57.67,Mus musculus
NEUR_8885,Hippocampus,14.26,91.67,Mus musculus
NEUR_9258,Hippocampus,1.11,72.86,Danio rerio
NEUR_9198,Striatum,78.14,83.33,Rattus norvegicus
NEUR_9227,Striatum,38.9,52.54,Rattus norvegicus
NEUR_1628,Hippocampus,89.1,29.26,Rattus norvegicus
NEUR_5979,Hippocampus,77.24,101.09,Rattus norvegicus
NEUR_9922,Hypothalamus,25.42,85.46,Mus musculus
NEUR_9187,Amygdala,30.78,73.05,Danio rerio
NEUR_8354,Thalamus,2.73,101.79,Rattus norvegicus
NEUR_8812,Hypothalamus,20.06,12.36,Mus musculus
NEUR_2537,Hypothalamus,61.85,33.83,Danio rerio
NEUR_9985,Thalamus,84.54,101.45,Rattus norvegicus
NEUR_1167,Thalamus,130.7,82.21,Rattus norvegicus
NEUR_2636,Striatum,7.99,14.55,Danio rerio
NEUR_2450,Cortex,130.23,17.08,Mus musculus
NEUR_8627,Cerebellum,18.78,77.04,Mus musculus
NEUR_8462,Cerebellum,131.87,86.67,Mus musculus
NEUR_2575,Cortex,73.6,70.4,Mus musculus
NEUR_8540,Thalamus,4.38,60.19,Mus musculus
NEUR_2612,Amygdala,124.2,18.4,Mus musculus
NEUR_8609,Hippocampus,113.87,45.47,Mus musculus
NEUR_7149,Cerebellum,135.29,82.62,Danio rerio
NEUR_5233,Striatum,16.36,29.68,Macaca mulatta
NEUR_9300,Thalamus,72.69,64.75,Mus musculus
NEUR_9673,Striatum,31.31,79.43,Rattus norvegicus
NEUR_7173,Amygdala,56.57,22.21,Mus musculus
NEUR_1908,Hippocampus,73.45,91.16,Rattus norvegicus
NEUR_2537,Cerebellum,71.17,23.02,Mus musculus
NEUR_9012,Thalamus,79.61,47.79,Rattus norvegicus
NEUR_2528,Hypothalamus,82.01,76.1,Rattus norvegicus
NEUR_5711,Striatum,11.22,10.39,Mus musculus
NEUR_3492,Hypothalamus,110.35,52.21,Rattus norvegicus
NEUR_1655,Amygdala,138.07,19.54,Rattus norvegicus
NEUR_6085,Cortex,115.48,20.97,Rattus norvegicus
NEUR_5893,Hippocampus,20.59,39.85,Rattus norvegicus
NEUR_5305,Striatum,11.06,12.72,Rattus norvegicus
NEUR_1764,Hypothalamus,131.62,86.39,Rattus norvegicus
NEUR_6048,Hypothalamus,65.39,35.89,Mus musculus
NEUR_5776,Hippocampus,82.37,46.6,Danio rerio
NEUR_5327,Striatum,20.66,23.17,Danio rerio
NEUR_9572,Cortex,58.19,119.51,Rattus norvegicus
NEUR_8363,Hippocampus,37.41,29.54,Rattus norvegicus
NEUR_9140,Cerebellum,9.55,82.97,Danio rerio
NEUR_9314,Cortex,35.7,56.37,Macaca mulatta
NEUR_8653,Cerebellum,36.87,97.94,Rattus norvegicus
NEUR_8633,Hippocampus,130.55,29.44,Macaca mulatta
NEUR_6172,Cortex,4.89,57.01,Macaca mulatta
NEUR_7232,Cortex,79.38,111.74,Rattus norvegicus
NEUR_7964,Cerebellum,118.96,67.92,Macaca mulatta
NEUR_9013,Amygdala,27.12,64.26,Rattus norvegicus
NEUR_6024,Striatum,12.4,113.25,Danio rerio
NEUR_6444,Cerebellum,146.85,51.04,Macaca mulatta
NEUR_8675,Striatum,0.38,95.29,Rattus norvegicus
NEUR_8631,Striatum,76.61,37.62,Rattus norvegicus
NEUR_5047,Hippocampus,16.1,69.72,Danio rerio
NEUR_5219,Cortex,53.7,23.45,Macaca mulatta
NEUR_4910,Striatum,50.18,28.2,Mus musculus
NEUR_1182,Cortex,124.29,67.36,Mus musculus
NEUR_3590,Cortex,21.7,71.51,Rattus norvegicus
NEUR_1257,Thalamus,22.07,46.39,Rattus norvegicus
NEUR_9400,Hypothalamus,133.24,108.92,Danio rerio
NEUR_8581,Hypothalamus,27.02,106.24,Danio rerio
NEUR_1264,Cerebellum,99.39,107.25,Rattus norvegicus
NEUR_5313,Cerebellum,62.51,63.39,Mus musculus
NEUR_1787,Hippocampus,127.53,13.47,Danio rerio
NEUR_4363,Amygdala,95.16,61.24,Mus musculus
NEUR_2744,Hippocampus,108.95,31.35,Mus musculus
NEUR_9862,Hypothalamus,109.95,82.76,Macaca mulatta
NEUR_3233,Cerebellum,29.12,103.84,Macaca mulatta
NEUR_6453,Cortex,32.57,99.25,Mus musculus
NEUR_8589,Thalamus,68.31,75.26,Danio rerio
NEUR_1025,Thalamus,125.39,14.29,Mus musculus
NEUR_3380,Thalamus,42.5,64.13,Rattus norvegicus
NEUR_9701,Hippocampus,97.68,108.06,Macaca mulatta
NEUR_8323,Cerebellum,23.0,56.11,Danio rerio
NEUR_2160,Striatum,96.22,19.74,Danio rerio
NEUR_6519,Hypothalamus,3.79,118.47,Danio rerio
NEUR_9159,Hippocampus,48.24,50.18,Danio rerio
NEUR_6959,Amygdala,117.98,103.23,Rattus norvegicus
NEUR_9617,Hypothalamus,55.06,84.94,Rattus norvegicus
NEUR_6946,Hypothalamus,1.99,29.56,Mus musculus
NEUR_8382,Hippocampus,95.74,47.84,Danio rerio
NEUR_5321,Thalamus,149.21,27.01,Macaca mulatta
NEUR_4317,Cerebellum,116.52,27.07,Macaca mulatta
NEUR_1610,Cortex,26.28,115.64,Rattus norvegicus
NEUR_6709,Hippocampus,48.57,49.24,Danio rerio
NEUR_2759,Hippocampus,1.43,11.01,Macaca mulatta
NEUR_7519,Hippocampus,139.58,16.59,Macaca mulatta
NEUR_2213,Amygdala,21.88,81.54,Mus musculus
NEUR_5509,Thalamus,59.47,54.84,Macaca mulatta
NEUR_8863,Amygdala,74.43,74.64,Danio rerio
NEUR_5134,Cerebellum,85.9,57.11,Rattus norvegicus
NEUR_4540,Hippocampus,108.64,26.42,Macaca mulatta
NEUR_9463,Amygdala,73.45,26.89,Mus musculus
NEUR_8351,Striatum,76.13,66.01,Rattus norvegicus
NEUR_9501,Hippocampus,92.13,115.21,Rattus norvegicus
NEUR_5970,Cortex,19.86,45.76,Macaca mulatta
NEUR_7020,Cerebellum,39.42,94.91,Macaca mulatta
NEUR_2212,Striatum,54.85,67.07,Mus musculus
NEUR_5579,Hypothalamus,109.74,42.91,Macaca mulatta
NEUR_1476,Cortex,75.36,56.39,Danio rerio
NEUR_7181,Cortex,86.86,103.61,Danio rerio
NEUR_9816,Hippocampus,81.9,109.8,Rattus norvegicus
NEUR_5405,Striatum,46.9,101.2,Macaca mulatta
NEUR_9704,Hypothalamus,120.61,35.75,Rattus norvegicus
NEUR_8155,Cerebellum,13.68,59.59,Danio rerio
NEUR_8537,Thalamus,31.89,20.95,Danio rerio
NEUR_3104,Thalamus,12.54,69.46,Danio rerio
NEUR_2459,Hippocampus,72.07,71.36,Macaca mulatta
NEUR_3792,Cerebellum,32.41,42.57,Rattus norvegicus
NEUR_4272,Cerebellum,128.12,20.17,Rattus norvegicus
NEUR_7942,Hypothalamus,69.49,63.43,Rattus norvegicus
NEUR_4581,Cerebellum,71.53,80.98,Danio rerio
NEUR_2240,Hypothalamus,132.91,69.27,Macaca mulatta
NEUR_6042,Amygdala,18.5,119.8,Rattus norvegicus
NEUR_6727,Amygdala,41.78,42.35,Mus musculus
NEUR_4919,Amygdala,142.07,59.06,Mus musculus
NEUR_9194,Thalamus,107.03,69.67,Danio rerio
NEUR_2093,Hippocampus,15.33,94.24,Rattus norvegicus
NEUR_9450,Cerebellum,84.71,10.74,Rattus norvegicus
NEUR_2263,Hippocampus,148.45,94.3,Mus musculus
NEUR_9136,Thalamus,30.03,89.19,Rattus norvegicus
NEUR_1964,Cerebellum,140.42,54.41,Macaca mulatta
NEUR_4382,Hypothalamus,55.27,72.7,Danio rerio
NEUR_3769,Hippocampus,84.2,38.44,Rattus norvegicus
NEUR_7001,Amygdala,108.25,79.36,Macaca mulatta
NEUR_4018,Cortex,149.18,106.46,Rattus norvegicus
NEUR_1084,Striatum,144.19,69.13,Mus musculus
NEUR_5337,Striatum,58.64,71.99,Danio rerio
NEUR_4895,Striatum,86.79,25.65,Rattus norvegicus
NEUR_5756,Cerebellum,56.7,109.36,Macaca mulatta
NEUR_5874,Cerebellum,7.46,93.84,Mus musculus
NEUR_6293,Striatum,108.45,86.5,Macaca mulatta
NEUR_9289,Hippocampus,18.97,105.76,Mus musculus
NEUR_4278,Amygdala,117.48,107.15,Macaca mulatta
NEUR_6220,Cerebellum,61.69,21.04,Mus musculus
NEUR_5452,Thalamus,137.61,16.19,Danio rerio
NEUR_8440,Hypothalamus,10.43,60.94,Danio rerio
NEUR_1177,Thalamus,113.17,74.57,Mus musculus
NEUR_9786,Hippocampus,34.65,89.59,Mus musculus
NEUR_1485,Amygdala,62.28,81.28,Rattus norvegicus
NEUR_4179,Striatum,64.67,88.04,Mus musculus
NEUR_3272,Striatum,63.44,115.41,Macaca mulatta
NEUR_4648,Cerebellum,119.29,45.59,Macaca mulatta
NEUR_5303,Amygdala,65.95,30.41,Rattus norvegicus
NEUR_8621,Hippocampus,56.63,39.24,Rattus norvegicus
NEUR_5428,Hippocampus,113.04,112.9,Rattus norvegicus
NEUR_3410,Thalamus,118.7,75.78,Mus musculus
NEUR_9684,Striatum,30.08,66.36,Rattus norvegicus
NEUR_5375,Cerebellum,34.01,99.66,Macaca mulatta
NEUR_1493,Cerebellum,40.23,49.03,Rattus norvegicus
NEUR_2274,Cerebellum,131.73,39.46,Macaca mulatta
NEUR_8409,Cortex,115.88,68.33,Rattus norvegicus
NEUR_2886,Striatum,109.27,91.91,Danio rerio
NEUR_6561,Cerebellum,79.58,66.53,Mus musculus
NEUR_8064,Cerebellum,122.91,24.08,Danio rerio
NEUR_5942,Cortex,111.76,34.86,Danio rerio
NEUR_9838,Cerebellum,127.01,90.62,Rattus norvegicus
NEUR_8257,Striatum,126.09,104.51,Macaca mulatta
NEUR_2367,Amygdala,115.82,103.81,Mus musculus
NEUR_6199,Cortex,50.63,73.14,Mus musculus
NEUR_3100,Cortex,138.59,91.63,Mus musculus
NEUR_3383,Hypothalamus,42.64,23.81,Rattus norvegicus
NEUR_5201,Striatum,68.87,97.74,Mus musculus
NEUR_8654,Amygdala,108.5,14.41,Macaca mulatta
NEUR_8783,Amygdala,35.43,11.3,Danio rerio
NEUR_7156,Amygdala,52.54,55.59,Danio rerio
NEUR_9909,Cortex,41.69,15.8,Rattus norvegicus
NEUR_3936,Thalamus,99.26,109.41,Danio rerio
NEUR_4297,Cerebellum,66.95,62.67,Macaca mulatta
NEUR_4454,Cerebellum,79.59,15.88,Macaca mulatta
NEUR_7777,Thalamus,20.32,94.51,Mus musculus
NEUR_4641,Hypothalamus,65.13,24.43,Danio rerio
NEUR_3296,Thalamus,94.05,16.75,Macaca mulatta
NEUR_5824,Hippocampus,28.4,49.16,Mus musculus
NEUR_5091,Striatum,120.8,77.35,Mus musculus
NEUR_1980,Hypothalamus,101.32,19.31,Rattus norvegicus
NEUR_9119,Cerebellum,109.98,108.5,Mus musculus
NEUR_8046,Amygdala,87.19,13.01,Macaca mulatta
NEUR_8533,Cerebellum,147.59,50.78,Macaca mulatta
NEUR_1779,Thalamus,20.59,19.76,Rattus norvegicus
NEUR_1032,Cerebellum,66.11,50.24,Rattus norvegicus
NEUR_4088,Thalamus,73.73,46.78,Mus musculus
NEUR_6277,Hypothalamus,140.24,82.49,Mus musculus
NEUR_6680,Hypothalamus,40.0,78.16,Mus musculus
NEUR_6827,Cortex,41.89,111.09,Macaca mulatta
NEUR_5063,Cortex,70.6,70.09,Danio rerio
NEUR_4163,Cerebellum,61.32,21.39,Danio rerio
NEUR_9454,Hypothalamus,143.88,61.95,Rattus norvegicus
NEUR_8064,Hypothalamus,147.4,25.97,Mus musculus
NEUR_6240,Striatum,47.34,76.07,Danio rerio
NEUR_9429,Thalamus,57.33,43.78,Rattus norvegicus
NEUR_9482,Amygdala,27.89,18.17,Danio rerio
NEUR_1343,Cerebellum,126.48,81.6,Danio rerio
NEUR_1942,Striatum,124.97,52.99,Rattus norvegicus
NEUR_1070,Cerebellum,125.23,55.35,Rattus norvegicus
NEUR_5066,Striatum,92.32,12.47,Macaca mulatta
NEUR_9192,Hypothalamus,132.42,57.8,Macaca mulatta
NEUR_9160,Striatum,85.92,85.11,Rattus norvegicus
NEUR_6282,Hypothalamus,119.17,69.4,Rattus norvegicus
NEUR_8060,Hippocampus,133.81,13.48,Mus musculus
NEUR_5092,Hypothalamus,52.19,52.41,Rattus norvegicus
NEUR_7604,Hippocampus,104.14,59.16,Mus musculus
NEUR_7268,Hypothalamus,99.29,13.16,Danio rerio
NEUR_9305,Striatum,111.56,64.16,Mus musculus
NEUR_8809,Striatum,0.79,55.75,Macaca mulatta
NEUR_2110,Hypothalamus,54.06,19.03,Mus musculus
NEUR_1640,Cerebellum,70.77,108.05,Macaca mulatta
NEUR_4379,Cortex,58.04,108.31,Rattus norvegicus
NEUR_3436,Amygdala,38.47,61.06,Mus musculus
NEUR_5130,Amygdala,108.31,118.42,Macaca mulatta
NEUR_1093,Striatum,126.77,97.52,Mus musculus
NEUR_3006,Thalamus,133.44,35.2,Macaca mulatta
NEUR_7186,Hypothalamus,18.09,31.22,Rattus norvegicus
NEUR_8459,Hypothalamus,51.45,53.45,Macaca mulatta
NEUR_1940,Cerebellum,70.24,99.45,Macaca mulatta
NEUR_9224,Cortex,138.34,68.07,Macaca mulatta
NEUR_7638,Cortex,124.91,74.32,Macaca mulatta
NEUR_6803,Cortex,32.68,15.24,Macaca mulatta
NEUR_5357,Cortex,142.28,86.93,Mus musculus
NEUR_9921,Thalamus,0.49,47.46,Macaca mulatta
NEUR_5693,Cortex,127.15,53.41,Mus musculus
NEUR_9419,Cerebellum,27.61,99.9,Danio rerio
NEUR_3740,Cerebellum,100.76,34.81,Mus musculus
NEUR_2723,Cortex,95.33,84.12,Mus musculus
NEUR_7906,Cortex,18.26,107.69,Mus musculus
NEUR_9113,Cortex,74.96,83.33,Mus musculus
NEUR_2344,Cerebellum,127.28,15.67,Macaca mulatta
NEUR_4654,Cortex,23.26,81.54,Rattus norvegicus
NEUR_7610,Cortex,15.58,80.07,Mus musculus
NEUR_8272,Hypothalamus,55.74,80.66,Rattus norvegicus
NEUR_3705,Cerebellum,54.0,102.98,Mus musculus
NEUR_1830,Cerebellum,79.85,101.17,Rattus norvegicus
NEUR_9802,Thalamus,62.19,84.22,Mus musculus
NEUR_7386,Cerebellum,59.7,84.49,Macaca mulatta
NEUR_6017,Striatum,149.11,115.53,Rattus norvegicus
NEUR_9493,Cerebellum,109.16,73.94,Mus musculus
NEUR_9127,Hippocampus,46.27,57.83,Danio rerio
NEUR_2896,Cortex,91.99,107.45,Mus musculus
NEUR_2841,Cerebellum,49.59,28.18,Mus musculus
NEUR_3221,Cerebellum,9.51,82.1,Rattus norvegicus
NEUR_3984,Hypothalamus,112.07,105.5,Macaca mulatta
NEUR_5825,Hippocampus,83.29,37.71,Rattus norvegicus
NEUR_7564,Hypothalamus,65.91,90.86,Danio rerio
NEUR_3994,Hypothalamus,94.76,19.55,Rattus norvegicus
NEUR_3151,Cortex,30.89,48.85,Macaca mulatta
NEUR_2479,Striatum,75.51,73.23,Mus musculus
NEUR_5356,Cerebellum,37.04,93.86,Mus musculus
NEUR_1233,Hippocampus,22.74,92.69,Danio rerio
NEUR_9876,Hypothalamus,149.3,75.95,Mus musculus
NEUR_4796,Hippocampus,105.56,26.59,Rattus norvegicus
NEUR_7196,Amygdala,49.59,32.66,Rattus norvegicus
NEUR_7695,Thalamus,54.37,30.71,Mus musculus
NEUR_9047,Cortex,89.56,33.74,Danio rerio
NEUR_7387,Hippocampus,127.59,40.07,Rattus norvegicus
NEUR_5964,Hypothalamus,54.38,34.38,Mus musculus
NEUR_8846,Hypothalamus,51.92,51.14,Mus musculus
NEUR_4208,Hippocampus,40.0,106.06,Danio rerio
NEUR_5823,Thalamus,139.21,93.64,Danio rerio
NEUR_2322,Thalamus,85.91,113.23,Rattus norvegicus
NEUR_9875,Striatum,98.01,42.95,Mus musculus
NEUR_9874,Cortex,100.73,81.58,Rattus norvegicus
NEUR_2205,Amygdala,32.06,116.87,Danio rerio
NEUR_6433,Thalamus,5.4,55.81,Macaca mulatta
NEUR_2409,Hippocampus,99.27,104.76,Mus musculus
NEUR_6745,Hippocampus,30.93,13.53,Danio rerio
NEUR_1114,Striatum,136.79,21.01,Mus musculus
NEUR_2150,Thalamus,19.98,96.54,Danio rerio
NEUR_6084,Cerebellum,110.03,45.86,Macaca mulatta
NEUR_9119,Striatum,59.61,46.5,Danio rerio
NEUR_6326,Striatum,128.34,85.58,Mus musculus
NEUR_5975,Thalamus,31.82,107.86,Mus musculus
NEUR_6017,Striatum,103.22,35.76,Mus musculus
NEUR_2820,Hippocampus,134.57,51.82,Macaca mulatta
NEUR_4357,Cortex,40.08,32.87,Danio rerio
NEUR_6816,Thalamus,114.79,103.45,Mus musculus
NEUR_7123,Thalamus,115.0,65.03,Mus musculus
NEUR_1518,Amygdala,137.11,63.21,Rattus norvegicus
NEUR_1477,Cortex,123.33,103.66,Rattus norvegicus
NEUR_1475,Hippocampus,106.38,60.16,Mus musculus
NEUR_2195,Amygdala,84.49,19.14,Rattus norvegicus
NEUR_5508,Cerebellum,115.15,14.75,Rattus norvegicus
NEUR_5971,Thalamus,115.94,90.47,Rattus norvegicus
NEUR_6045,Cerebellum,31.21,11.69,Macaca mulatta
NEUR_9392,Amygdala,47.7,27.07,Rattus norvegicus
NEUR_2755,Hypothalamus,140.87,42.0,Macaca mulatta
NEUR_3801,Hippocampus,95.0,99.54,Danio rerio
NEUR_6048,Cerebellum,108.29,19.55,Macaca mulatta
NEUR_9145,Amygdala,138.5,77.27,Mus musculus
NEUR_5848,Hippocampus,24.5,110.59,Rattus norvegicus
NEUR_9463,Hypothalamus,21.19,85.31,Danio rerio
NEUR_8956,Striatum,123.32,61.02,Macaca mulatta
NEUR_9205,Hippocampus,102.39,47.34,Rattus norvegicus
NEUR_3112,Cerebellum,47.1,51.45,Rattus norvegicus
NEUR_8462,Striatum,123.21,119.95,Rattus norvegicus
NEUR_7826,Striatum,134.63,78.47,Macaca mulatta
NEUR_4717,Amygdala,50.84,21.36,Mus musculus
NEUR_3037,Thalamus,28.72,10.41,Mus musculus
NEUR_3004,Hypothalamus,125.0,31.61,Rattus norvegicus
NEUR_2715,Striatum,147.82,43.83,Rattus norvegicus
NEUR_5293,Thalamus,70.78,53.98,Mus musculus
NEUR_9033,Hippocampus,137.73,113.75,Danio rerio
NEUR_4629,Thalamus,110.92,94.75,Macaca mulatta
NEUR_6195,Striatum,50.89,17.4,Mus musculus
NEUR_2748,Hypothalamus,88.16,85.97,Danio rerio
NEUR_6141,Hippocampus,60.34,39.81,Danio rerio
NEUR_5123,Hippocampus,103.19,78.37,Macaca mulatta
NEUR_9580,Hypothalamus,101.94,43.23,Rattus norvegicus
NEUR_1993,Hippocampus,11.5,105.76,Danio rerio
NEUR_2292,Thalamus,42.36,50.9,Macaca mulatta
NEUR_7248,Cerebellum,115.19,53.88,Danio rerio
NEUR_6391,Striatum,12.7,24.02,Rattus norvegicus
NEUR_2569,Hippocampus,142.95,91.16,Danio rerio
NEUR_1534,Hypothalamus,51.83,58.15,Danio rerio
NEUR_8643,Cortex,12.94,63.56,Rattus norvegicus
NEUR_9469,Cortex,27.34,112.83,Mus musculus
NEUR_7630,Hippocampus,126.04,20.38,Danio rerio
NEUR_3815,Hippocampus,105.5,119.88,Mus musculus
NEUR_3690,Amygdala,109.76,63.56,Macaca mulatta
NEUR_6427,Hypothalamus,126.13,62.93,Macaca mulatta
NEUR_9423,Thalamus,64.69,93.41,Rattus norvegicus
NEUR_3540,Hypothalamus,128.32,110.95,Mus musculus
NEUR_7826,Cerebellum,75.58,88.35,Mus musculus
NEUR_3487,Cerebellum,148.78,72.77,Mus musculus
NEUR_5257,Striatum,124.04,54.74,Macaca mulatta
NEUR_2086,Cerebellum,64.73,69.47,Rattus norvegicus
NEUR_3910,Amygdala,51.04,30.83,Macaca mulatta
NEUR_1274,Cortex,67.22,105.61,Danio rerio
NEUR_7023,Amygdala,24.36,79.3,Rattus norvegicus
NEUR_1621,Thalamus,131.42,84.21,Mus musculus
NEUR_8401,Cortex,46.96,92.89,Macaca mulatta
NEUR_9049,Thalamus,0.71,73.77,Rattus norvegicus
NEUR_9954,Striatum,139.9,34.63,Macaca mulatta
NEUR_5656,Cortex,102.95,20.96,Macaca mulatta
NEUR_9072,Striatum,118.12,75.13,Rattus norvegicus
NEUR_7272,Hippocampus,112.11,57.85,Danio rerio
NEUR_6517,Cerebellum,109.76,106.66,Macaca mulatta
NEUR_8567,Thalamus,65.26,115.47,Mus musculus
NEUR_7596,Thalamus,100.46,106.53,Macaca mulatta
NEUR_7751,Amygdala,1.0,62.39,Rattus norvegicus
NEUR_1247,Striatum,46.78,63.72,Rattus norvegicus
NEUR_5205,Cerebellum,69.52,19.57,Danio rerio
NEUR_8164,Hypothalamus,101.04,74.72,Macaca mulatta
NEUR_8652,Hippocampus,97.68,90.94,Macaca mulatta
NEUR_3780,Striatum,45.74,107.08,Rattus norvegicus
NEUR_2760,Hippocampus,4.97,117.85,Danio rerio
NEUR_9817,Striatum,72.39,117.59,Danio rerio
NEUR_8670,Hippocampus,105.95,112.81,Macaca mulatta
NEUR_8337,Hypothalamus,94.31,75.0,Macaca mulatta
NEUR_4191,Thalamus,124.55,24.0,Rattus norvegicus
NEUR_2523,Striatum,3.7,116.14,Mus musculus
NEUR_1850,Striatum,5.04,36.61,Macaca mulatta
NEUR_6737,Thalamus,53.39,116.46,Mus musculus
NEUR_6639,Thalamus,136.07,41.25,Mus musculus
NEUR_8352,Striatum,22.83,52.02,Mus musculus
NEUR_2748,Striatum,100.51,86.28,Macaca mulatta
NEUR_8021,Cortex,85.12,60.28,Danio rerio
NEUR_1183,Amygdala,2.82,84.79,Mus musculus
NEUR_7813,Striatum,121.58,80.26,Macaca mulatta
NEUR_7216,Striatum,98.47,64.35,Danio rerio
NEUR_8112,Cortex,42.67,49.47,Rattus norvegicus
NEUR_2784,Cortex,85.1,86.8,Mus musculus
NEUR_7380,Amygdala,34.67,82.65,Mus musculus
NEUR_6993,Cortex,13.58,52.19,Mus musculus
NEUR_6031,Cerebellum,114.03,69.55,Danio rerio
NEUR_1245,Cerebellum,41.38,90.18,Danio rerio
NEUR_2323,Striatum,56.03,16.79,Rattus norvegicus
NEUR_4200,Hypothalamus,32.95,15.56,Danio rerio
NEUR_3595,Hypothalamus,124.27,103.64,Macaca mulatta
NEUR_2597,Cerebellum,13.21,110.57,Mus musculus
NEUR_8870,Hippocampus,72.05,29.75,Rattus norvegicus
NEUR_9499,Thalamus,93.07,41.08,Rattus norvegicus
NEUR_3169,Cerebellum,112.19,78.55,Rattus norvegicus
NEUR_9576,Cerebellum,128.4,43.57,Macaca mulatta
NEUR_9769,Cerebellum,85.73,54.35,Danio rerio
NEUR_5224,Cerebellum,21.11,42.35,Mus musculus
NEUR_3986,Striatum,97.22,92.31,Danio rerio
NEUR_8265,Cortex,114.84,103.52,Mus musculus
NEUR_8862,Amygdala,42.25,107.18,Macaca mulatta
NEUR_1924,Thalamus,69.98,50.33,Mus musculus
NEUR_9767,Cortex,89.87,84.65,Macaca mulatta
NEUR_6668,Striatum,119.07,47.28,Danio rerio
NEUR_9004,Hippocampus,56.83,30.14,Danio rerio
NEUR_5702,Hypothalamus,67.66,66.21,Danio rerio
NEUR_2217,Cerebellum,41.88,86.37,Mus musculus
NEUR_6363,Cerebellum,139.51,12.26,Danio rerio
NEUR_3915,Cortex,130.05,91.98,Danio rerio
NEUR_7103,Hippocampus,116.54,118.95,Rattus norvegicus
NEUR_2207,Hippocampus,44.32,49.57,Mus musculus
NEUR_8832,Amygdala,86.25,39.47,Macaca mulatta
NEUR_5781,Striatum,6.24,33.93,Danio rerio
NEUR_5723,Hippocampus,97.26,113.4,Danio rerio
NEUR_2148,Cortex,95.93,102.24,Macaca mulatta
NEUR_7455,Cerebellum,97.26,17.97,Danio rerio
NEUR_6726,Cortex,20.05,14.97,Rattus norvegicus
NEUR_7489,Amygdala,61.44,96.87,Mus musculus
NEUR_7218,Amygdala,32.27,21.18,Mus musculus
NEUR_3871,Striatum,105.23,16.78,Macaca mulatta
NEUR_6570,Hippocampus,67.88,97.52,Danio rerio
NEUR_8001,Striatum,10.38,101.49,Macaca mulatta
NEUR_9911,Hypothalamus,101.42,117.8,Rattus norvegicus
NEUR_2801,Striatum,39.02,96.64,Macaca mulatta
NEUR_3670,Striatum,106.31,51.27,Danio rerio
NEUR_2496,Thalamus,139.2,98.09,Macaca mulatta
NEUR_6043,Hippocampus,88.12,118.89,Danio rerio
NEUR_9070,Amygdala,18.7,66.88,Mus musculus
NEUR_3703,Striatum,36.5,56.51,Rattus norvegicus
NEUR_4366,Cerebellum,111.99,63.84,Mus musculus
NEUR_6406,Cortex,97.3,40.16,Danio rerio
NEUR_8965,Hippocampus,124.11,64.19,Rattus norvegicus
NEUR_6230,Thalamus,121.86,112.86,Rattus norvegicus
NEUR_6269,Cortex,63.65,61.46,Mus musculus
NEUR_1001,Striatum,145.05,92.44,Mus musculus
NEUR_9333,Thalamus,2.41,85.18,Rattus norvegicus
NEUR_7051,Cortex,25.43,68.25,Macaca mulatta
NEUR_7792,Cerebellum,17.96,119.36,Danio rerio
NEUR_1923,Cortex,3.08,113.38,Rattus norvegicus
NEUR_3642,Cerebellum,94.29,17.35,Mus musculus
NEUR_4612,Amygdala,44.3,78.47,Macaca mulatta
NEUR_6186,Hippocampus,70.14,82.55,Rattus norvegicus
NEUR_7492,Hypothalamus,4.05,94.74,Mus musculus
NEUR_1155,Cortex,54.5,43.54,Rattus norvegicus
NEUR_2401,Cerebellum,137.57,107.38,Macaca mulatta
NEUR_8328,Amygdala,72.11,14.05,Rattus norvegicus
NEUR_2907,Cerebellum,58.89,36.33,Macaca mulatta
NEUR_3478,Hippocampus,72.46,95.21,Rattus norvegicus
NEUR_2541,Thalamus,14.29,78.7,Rattus norvegicus
NEUR_6668,Thalamus,144.3,59.56,Rattus norvegicus
NEUR_4781,Amygdala,60.03,20.44,Danio rerio
NEUR_5657,Hippocampus,65.25,116.56,Macaca mulatta
NEUR_6446,Thalamus,54.37,91.41,Mus musculus
NEUR_2935,Hippocampus,66.73,26.36,Macaca mulatta
NEUR_5225,Cortex,49.5,27.14,Rattus norvegicus
NEUR_6074,Hippocampus,92.58,117.27,Mus musculus
NEUR_6958,Cerebellum,142.55,81.59,Macaca mulatta
NEUR_4307,Cerebellum,8.98,63.09,Macaca mulatta
NEUR_4663,Amygdala,7.52,99.22,Macaca mulatta
NEUR_9212,Hippocampus,97.89,54.21,Macaca mulatta
NEUR_2512,Cortex,113.73,98.32,Rattus norvegicus
NEUR_8474,Cortex,31.0,118.72,Danio rerio
NEUR_6054,Amygdala,79.7,56.11,Mus musculus
NEUR_3001,Hypothalamus,122.88,46.65,Danio rerio
NEUR_9214,Hypothalamus,120.41,91.6,Mus musculus
NEUR_4372,Striatum,53.7,67.98,Danio rerio
NEUR_3915,Hippocampus,110.6,61.01,Danio rerio
NEUR_9904,Cortex,24.93,61.24,Mus musculus
NEUR_6826,Hypothalamus,7.96,109.43,Rattus norvegicus
NEUR_5353,Cortex,54.99,97.57,Danio rerio
NEUR_5093,Cerebellum,113.84,75.59,Mus musculus
NEUR_8863,Hypothalamus,101.0,110.43,Danio rerio
NEUR_1633,Striatum,56.79,27.23,Macaca mulatta
NEUR_2642,Striatum,1.33,70.06,Rattus norvegicus
NEUR_9866,Amygdala,134.77,67.52,Rattus norvegicus
NEUR_6490,Hippocampus,106.39,25.07,Rattus norvegicus
NEUR_8749,Hippocampus,125.19,17.28,Rattus norvegicus
NEUR_5426,Cortex,36.52,45.39,Danio rerio
NEUR_2306,Cortex,91.11,11.02,Rattus norvegicus
NEUR_8762,Cortex,60.8,22.69,Mus musculus
NEUR_1513,Striatum,1.39,73.28,Rattus norvegicus
NEUR_8557,Hippocampus,129.67,21.41,Rattus norvegicus
NEUR_6306,Cortex,10.17,48.96,Macaca mulatta
NEUR_2617,Amygdala,48.9,24.93,Rattus norvegicus
NEUR_6808,Hypothalamus,63.79,98.6,Mus musculus
NEUR_4883,Cortex,114.03,66.96,Mus musculus
NEUR_7963,Thalamus,27.62,54.08,Mus musculus
NEUR_6145,Cortex,48.92,16.14,Mus musculus
NEUR_8767,Hypothalamus,22.47,91.73,Macaca mulatta
NEUR_8171,Thalamus,72.11,10.55,Macaca mulatta
NEUR_4748,Striatum,112.1,81.1,Danio rerio
NEUR_1970,Hypothalamus,142.92,103.66,Rattus norvegicus
NEUR_8690,Hippocampus,16.11,105.04,Macaca mulatta
NEUR_6498,Hippocampus,71.6,86.76,Danio rerio
NEUR_1486,Cortex,143.92,40.16,Rattus norvegicus
NEUR_9750,Striatum,105.01,38.46,Macaca mulatta
NEUR_6630,Hypothalamus,107.48,119.06,Danio rerio
NEUR_9533,Thalamus,131.41,76.75,Rattus norvegicus
NEUR_8699,Cortex,1.82,57.33,Macaca mulatta
NEUR_4182,Striatum,69.66,52.18,Rattus norvegicus
NEUR_9058,Cerebellum,128.57,18.58,Macaca mulatta
NEUR_9894,Striatum,50.0,33.05,Rattus norvegicus
NEUR_8490,Striatum,91.69,19.67,Rattus norvegicus
NEUR_4132,Hypothalamus,76.15,29.34,Danio rerio
NEUR_2767,Hippocampus,78.27,95.34,Macaca mulatta
NEUR_7881,Striatum,140.46,29.21,Mus musculus
NEUR_2561,Amygdala,80.47,64.66,Macaca mulatta
NEUR_4036,Cerebellum,110.28,97.78,Mus musculus
NEUR_8876,Cerebellum,131.51,80.06,Danio rerio
NEUR_1963,Hypothalamus,14.06,41.38,Macaca mulatta
NEUR_3735,Thalamus,111.78,67.78,Macaca mulatta
NEUR_2728,Cortex,144.5,109.82,Mus musculus
NEUR_5678,Hippocampus,112.36,23.91,Macaca mulatta
NEUR_2011,Thalamus,93.35,69.33,Macaca mulatta
NEUR_1668,Hippocampus,146.66,55.37,Macaca mulatta
NEUR_9543,Amygdala,32.34,110.4,Mus musculus
NEUR_4491,Amygdala,68.57,107.28,Rattus norvegicus
NEUR_7265,Hippocampus,23.99,81.73,Rattus norvegicus
NEUR_9370,Striatum,120.52,24.67,Mus musculus
NEUR_2512,Striatum,101.32,85.11,Macaca mulatta
NEUR_3679,Thalamus,123.14,35.34,Mus musculus
NEUR_6147,Amygdala,101.24,79.94,Danio rerio
NEUR_7558,Thalamus,45.16,99.27,Mus musculus
NEUR_5997,Amygdala,32.24,48.2,Rattus norvegicus
NEUR_6509,Hypothalamus,69.0,108.2,Danio rerio
NEUR_4456,Hypothalamus,35.71,45.18,Mus musculus
NEUR_8636,Cerebellum,93.19,87.51,Rattus norvegicus
NEUR_9326,Hypothalamus,31.36,10.52,Macaca mulatta
NEUR_2356,Thalamus,6.37,115.9,Mus musculus
NEUR_2371,Cerebellum,51.0,98.0,Mus musculus
NEUR_1086,Striatum,101.39,85.58,Macaca mulatta
NEUR_8292,Hippocampus,70.24,54.78,Danio rerio
NEUR_7336,Amygdala,123.88,97.29,Mus musculus
NEUR_7982,Striatum,84.23,107.18,Macaca mulatta
NEUR_9700,Amygdala,130.2,15.45,Mus musculus
NEUR_7966,Amygdala,124.98,19.69,Mus musculus
NEUR_6141,Cortex,12.26,63.16,Rattus norvegicus
NEUR_7632,Hippocampus,87.59,79.32,Macaca mulatta
NEUR_7051,Hypothalamus,111.35,14.6,Macaca mulatta
NEUR_4420,Cortex,63.52,116.99,Macaca mulatta
NEUR_3843,Hippocampus,146.92,72.32,Danio rerio
NEUR_9218,Hypothalamus,4.78,29.65,Mus musculus
NEUR_6523,Hypothalamus,55.96,77.52,Macaca mulatta
NEUR_7655,Amygdala,126.99,108.39,Rattus norvegicus
NEUR_2996,Cerebellum,64.41,115.42,Macaca mulatta
NEUR_3839,Hypothalamus,124.43,15.05,Rattus norvegicus
NEUR_8593,Hypothalamus,124.37,33.65,Macaca mulatta
NEUR_4412,Striatum,60.46,112.48,Danio rerio
NEUR_3891,Amygdala,7.9,42.89,Danio rerio
NEUR_7637,Thalamus,46.23,107.24,Danio rerio
NEUR_3578,Amygdala,136.64,95.54,Danio rerio
NEUR_4026,Hypothalamus,108.83,102.3,Danio rerio
NEUR_9877,Hypothalamus,68.17,71.81,Danio rerio
NEUR_3630,Striatum,84.1,94.12,Danio rerio
NEUR_8784,Hippocampus,29.5,36.55,Macaca mulatta
NEUR_3851,Striatum,6.29,115.38,Rattus norvegicus
NEUR_5919,Thalamus,60.34,119.26,Danio rerio
NEUR_1876,Thalamus,12.94,96.88,Danio rerio
NEUR_3253,Thalamus,33.81,34.51,Macaca mulatta
NEUR_4856,Thalamus,99.75,109.58,Danio rerio
NEUR_5326,Cerebellum,107.93,72.13,Danio rerio
NEUR_4670,Striatum,62.96,66.67,Danio rerio
NEUR_7568,Amygdala,32.86,40.68,Mus musculus
NEUR_4632,Hippocampus,82.51,105.67,Rattus norvegicus
NEUR_8816,Amygdala,56.89,113.18,Mus musculus
NEUR_2102,Cortex,18.08,40.26,Macaca mulatta
NEUR_9564,Hippocampus,133.5,105.91,Rattus norvegicus
NEUR_6128,Amygdala,67.97,15.91,Macaca mulatta
NEUR_8605,Cortex,50.94,66.97,Macaca mulatta
NEUR_4984,Thalamus,11.45,106.74,Rattus norvegicus
NEUR_9000,Hippocampus,67.67,33.53,Danio rerio
NEUR_2516,Cortex,19.84,89.06,Danio rerio
NEUR_2337,Thalamus,11.58,25.92,Danio rerio
NEUR_3425,Thalamus,84.16,58.87,Macaca mulatta
NEUR_8774,Cortex,132.05,106.33,Rattus norvegicus
NEUR_1089,Striatum,110.4,72.04,Rattus norvegicus
NEUR_5098,Amygdala,32.69,12.97,Macaca mulatta
NEUR_6594,Cortex,54.75,35.14,Macaca mulatta
NEUR_9352,Striatum,24.67,18.7,Rattus norvegicus
NEUR_2895,Hypothalamus,39.54,118.29,Macaca mulatta
NEUR_2244,Cerebellum,86.27,105.46,Danio rerio
NEUR_9763,Hypothalamus,27.17,102.44,Macaca mulatta
NEUR_7419,Hypothalamus,36.48,50.23,Danio rerio
NEUR_1727,Cortex,101.6,48.89,Macaca mulatta
NEUR_8763,Hippocampus,106.89,65.76,Danio rerio
NEUR_7267,Thalamus,128.82,39.2,Danio rerio
NEUR_5236,Thalamus,71.43,115.41,Rattus norvegicus
NEUR_2207,Hypothalamus,108.47,33.56,Danio rerio
NEUR_4251,Striatum,47.58,30.37,Rattus norvegicus
NEUR_2104,Cortex,109.06,75.06,Mus musculus
NEUR_6321,Amygdala,134.24,80.89,Mus musculus
NEUR_8282,Cerebellum,148.01,65.73,Macaca mulatta
NEUR_8064,Thalamus,126.27,111.91,Macaca mulatta
NEUR_2212,Cerebellum,72.18,67.27,Mus musculus
NEUR_9299,Cortex,114.08,93.47,Rattus norvegicus
NEUR_9286,Hippocampus,89.21,79.79,Danio rerio
NEUR_6812,Cortex,113.86,104.05,Danio rerio
NEUR_3791,Cerebellum,47.74,67.37,Danio rerio
NEUR_5762,Hypothalamus,88.87,101.17,Macaca mulatta
NEUR_5363,Hippocampus,86.88,58.75,Macaca mulatta
NEUR_2603,Hypothalamus,137.91,29.06,Macaca mulatta
NEUR_9656,Hippocampus,111.85,79.06,Danio rerio
NEUR_6807,Cerebellum,30.12,51.12,Mus musculus
NEUR_5605,Cortex,65.68,33.97,Rattus norvegicus
NEUR_2614,Amygdala,3.36,14.4,Danio rerio
NEUR_5990,Hypothalamus,76.69,113.39,Macaca mulatta
NEUR_6727,Cortex,140.9,22.87,Rattus norvegicus
NEUR_7660,Hypothalamus,111.42,58.56,Rattus norvegicus
NEUR_5322,Thalamus,17.76,104.97,Danio rerio
NEUR_1274,Amygdala,34.08,38.92,Rattus norvegicus
NEUR_5705,Striatum,144.6,40.75,Danio rerio
NEUR_5028,Thalamus,58.18,82.8,Mus musculus
NEUR_2367,Hippocampus,149.25,117.79,Rattus norvegicus
NEUR_7283,Cerebellum,125.21,102.94,Macaca mulatta
NEUR_4438,Amygdala,118.88,49.59,Macaca mulatta
NEUR_6083,Cerebellum,6.93,46.61,Macaca mulatta
NEUR_5155,Striatum,52.18,36.2,Mus musculus
NEUR_5323,Thalamus,96.08,36.09,Macaca mulatta
NEUR_7940,Cerebellum,134.74,23.81,Danio rerio
NEUR_8010,Hippocampus,139.43,24.48,Macaca mulatta
NEUR_9485,Hippocampus,117.52,76.82,Macaca mulatta
NEUR_6504,Striatum,125.1,116.52,Mus musculus
NEUR_4598,Cortex,5.73,81.65,Rattus norvegicus
NEUR_4730,Striatum,71.39,88.72,Danio rerio
NEUR_6189,Cerebellum,93.61,80.6,Mus musculus
NEUR_8749,Hippocampus,80.49,34.39,Mus musculus
NEUR_7586,Hypothalamus,69.04,87.79,Rattus norvegicus
NEUR_2894,Amygdala,23.3,10.24,Danio rerio
NEUR_7475,Striatum,10.28,56.89,Danio rerio
NEUR_4969,Striatum,48.76,86.57,Rattus norvegicus
NEUR_5556,Cerebellum,93.57,24.66,Macaca mulatta
NEUR_6470,Cerebellum,28.97,77.64,Rattus norvegicus
NEUR_2407,Cerebellum,14.04,92.61,Rattus norvegicus
NEUR_9319,Thalamus,120.04,39.94,Macaca mulatta
NEUR_3467,Striatum,35.7,78.14,Rattus norvegicus
NEUR_6353,Cerebellum,17.62,81.99,Macaca mulatta
NEUR_2854,Striatum,66.12,47.2,Danio rerio
NEUR_7447,Cerebellum,56.69,95.37,Rattus norvegicus
NEUR_4895,Hypothalamus,105.2,77.15,Macaca mulatta
NEUR_7500,Cortex,55.12,114.39,Danio rerio
NEUR_2698,Thalamus,53.36,48.61,Rattus norvegicus
NEUR_1686,Striatum,42.66,99.64,Rattus norvegicus
NEUR_2487,Striatum,143.31,87.47,Mus musculus
NEUR_2284,Amygdala,37.43,68.9,Danio rerio
NEUR_6513,Thalamus,83.51,39.98,Rattus norvegicus
NEUR_3284,Hippocampus,140.61,115.49,Danio rerio
NEUR_9897,Hypothalamus,79.62,72.96,Mus musculus
NEUR_4265,Hippocampus,100.01,100.42,Macaca mulatta
NEUR_5450,Amygdala,86.62,15.37,Macaca mulatta
NEUR_4152,Striatum,50.05,98.34,Rattus norvegicus
NEUR_5561,Cerebellum,17.19,48.63,Rattus norvegicus
NEUR_9112,Cerebellum,3.46,13.12,Mus musculus
NEUR_9377,Cortex,5.81,103.67,Danio rerio
NEUR_8321,Hippocampus,147.27,74.98,Rattus norvegicus
NEUR_3333,Cortex,16.91,85.79,Danio rerio
NEUR_9387,Hypothalamus,114.85,11.75,Danio rerio
NEUR_1879,Hypothalamus,147.29,62.89,Macaca mulatta
NEUR_4405,Cerebellum,101.88,95.77,Mus musculus
NEUR_5263,Hippocampus,21.84,15.53,Mus musculus
NEUR_4554,Hippocampus,116.09,103.59,Mus musculus
NEUR_8964,Hippocampus,125.66,96.16,Mus musculus
NEUR_3889,Amygdala,26.33,31.16,Macaca mulatta
NEUR_3678,Hippocampus,25.31,62.45,Danio rerio
NEUR_9332,Cortex,54.37,78.3,Rattus norvegicus
NEUR_4085,Amygdala,93.5,109.84,Rattus norvegicus
NEUR_7693,Amygdala,99.25,105.76,Macaca mulatta
NEUR_5372,Thalamus,17.22,78.43,Rattus norvegicus
NEUR_7202,Cortex,137.85,36.07,Rattus norvegicus
NEUR_7197,Striatum,43.48,71.46,Rattus norvegicus
NEUR_2086,Amygdala,24.47,114.36,Mus musculus
NEUR_9513,Thalamus,24.67,106.68,Macaca mulatta
NEUR_7834,Cortex,51.46,47.93,Mus musculus
NEUR_3573,Hypothalamus,84.45,85.55,Macaca mulatta
NEUR_1578,Amygdala,74.17,91.39,Rattus norvegicus
NEUR_2531,Cerebellum,56.31,86.87,Rattus norvegicus
NEUR_6481,Cortex,9.18,91.3,Rattus norvegicus
NEUR_3658,Thalamus,93.92,118.33,Macaca mulatta
NEUR_1183,Hypothalamus,142.68,105.97,Rattus norvegicus
NEUR_8598,Hippocampus,41.02,109.27,Macaca mulatta
NEUR_9687,Hypothalamus,112.2,52.99,Rattus norvegicus
NEUR_1912,Amygdala,133.48,31.7,Rattus norvegicus
NEUR_2344,Hippocampus,36.23,75.3,Danio rerio
NEUR_1855,Thalamus,113.51,45.91,Danio rerio
NEUR_9465,Hypothalamus,5.2,32.91,Mus musculus
NEUR_2089,Cerebellum,132.82,75.82,Mus musculus
NEUR_7720,Hypothalamus,56.29,78.86,Macaca mulatta
NEUR_9603,Amygdala,31.17,59.31,Danio rerio
NEUR_3260,Hippocampus,6.73,85.89,Rattus norvegicus
NEUR_9525,Hypothalamus,110.23,105.99,Rattus norvegicus
NEUR_9234,Cortex,73.82,111.85,Macaca mulatta
NEUR_9030,Cerebellum,49.9,24.91,Macaca mulatta
NEUR_5247,Hypothalamus,18.99,60.98,Rattus norvegicus
NEUR_6405,Striatum,109.92,27.29,Rattus norvegicus
NEUR_4099,Cerebellum,148.54,52.36,Macaca mulatta
NEUR_8751,Thalamus,143.42,11.44,Mus musculus
NEUR_1829,Striatum,24.96,69.3,Macaca mulatta
NEUR_1360,Cortex,38.47,91.66,Macaca mulatta
NEUR_2984,Cerebellum,99.82,93.1,Danio rerio
NEUR_9280,Hypothalamus,65.08,73.19,Mus musculus
NEUR_8470,Cerebellum,135.59,118.67,Mus musculus
NEUR_2183,Thalamus,78.59,60.6,Macaca mulatta
NEUR_3005,Cerebellum,135.35,34.55,Danio rerio
NEUR_1910,Striatum,54.3,27.7,Rattus norvegicus
NEUR_2529,Striatum,11.4,23.34,Rattus norvegicus
NEUR_8357,Cerebellum,26.74,91.56,Macaca mulatta
NEUR_8335,Amygdala,114.0,80.2,Rattus norvegicus
NEUR_5815,Hippocampus,16.37,72.48,Macaca mulatta
NEUR_5651,Thalamus,39.45,64.64,Danio rerio
NEUR_6838,Thalamus,49.14,27.4,Danio rerio
NEUR_2710,Thalamus,44.68,25.82,Danio rerio
NEUR_7298,Amygdala,90.71,26.4,Mus musculus
NEUR_1630,Striatum,1.58,111.68,Macaca mulatta
NEUR_6787,Hypothalamus,109.51,59.9,Danio rerio
NEUR_7681,Hypothalamus,41.3,110.01,Mus musculus
NEUR_7272,Cortex,92.2,79.46,Rattus norvegicus
NEUR_9191,Striatum,136.53,43.98,Rattus norvegicus
NEUR_3721,Cortex,104.86,52.31,Rattus norvegicus
NEUR_9005,Thalamus,74.26,72.13,Macaca mulatta
NEUR_5091,Amygdala,142.2,114.35,Rattus norvegicus
NEUR_1343,Cerebellum,12.15,68.22,Rattus norvegicus
NEUR_7838,Striatum,77.98,21.65,Mus musculus
NEUR_9397,Hypothalamus,98.99,86.73,Mus musculus
NEUR_1062,Hypothalamus,93.62,64.63,Mus musculus
NEUR_6474,Thalamus,39.33,51.14,Danio rerio
NEUR_8830,Striatum,146.25,105.44,Macaca mulatta
NEUR_1015,Striatum,87.83,96.25,Rattus norvegicus
NEUR_7348,Cerebellum,139.97,31.8,Danio rerio
NEUR_2379,Cortex,9.36,54.26,Danio rerio
NEUR_4105,Hippocampus,23.82,67.07,Rattus norvegicus
NEUR_8246,Cortex,116.76,29.34,Danio rerio
NEUR_2438,Amygdala,92.29,47.4,Danio rerio
NEUR_6043,Hippocampus,119.74,44.95,Macaca mulatta
NEUR_1921,Hippocampus,18.08,68.36,Danio rerio
NEUR_4085,Thalamus,68.64,93.2,Mus musculus
NEUR_6228,Thalamus,9.33,90.49,Rattus norvegicus
NEUR_5077,Hippocampus,22.8,108.27,Mus musculus
NEUR_4944,Hypothalamus,103.19,104.52,Macaca mulatta
NEUR_1055,Amygdala,68.96,18.95,Macaca mulatta
NEUR_3046,Cerebellum,123.08,45.07,Macaca mulatta
NEUR_9636,Striatum,37.16,12.94,Danio rerio
NEUR_4543,Cortex,102.99,13.02,Macaca mulatta
NEUR_8567,Cortex,142.1,59.8,Mus musculus
NEUR_1801,Amygdala,131.24,93.08,Rattus norvegicus
NEUR_9794,Thalamus,87.5,99.62,Mus musculus
NEUR_6979,Striatum,56.67,100.55,Macaca mulatta
NEUR_5402,Cortex,14.17,119.3,Rattus norvegicus
NEUR_5532,Hypothalamus,7.05,89.74,Mus musculus
NEUR_9918,Hypothalamus,67.9,113.5,Rattus norvegicus
NEUR_4964,Thalamus,136.84,21.74,Danio rerio
NEUR_2014,Striatum,112.99,49.48,Mus musculus
NEUR_1399,Striatum,62.03,16.76,Macaca mulatta
NEUR_9525,Hypothalamus,121.12,81.91,Rattus norvegicus
NEUR_5890,Hippocampus,125.22,10.07,Mus musculus
NEUR_6416,Striatum,7.63,38.52,Rattus norvegicus
NEUR_5325,Striatum,0.29,16.03,Rattus norvegicus
NEUR_1416,Amygdala,119.04,26.31,Mus musculus
NEUR_4857,Striatum,97.15,14.27,Macaca mulatta
NEUR_5258,Amygdala,35.94,37.93,Danio rerio
NEUR_1977,Cortex,35.51,40.81,Mus musculus
NEUR_3981,Thalamus,102.89,71.21,Mus musculus
NEUR_8560,Hippocampus,121.29,104.24,Danio rerio
NEUR_4340,Cortex,103.89,77.33,Mus musculus
NEUR_2268,Hippocampus,16.31,23.01,Rattus norvegicus
NEUR_3976,Amygdala,89.99,31.18,Macaca mulatta
NEUR_4987,Striatum,12.63,17.55,Macaca mulatta
NEUR_3548,Hypothalamus,25.48,114.67,Macaca mulatta
NEUR_3750,Striatum,149.86,67.36,Danio rerio
NEUR_9718,Thalamus,139.25,28.08,Danio rerio
NEUR_8246,Hippocampus,127.6,111.17,Macaca mulatta
NEUR_6348,Hippocampus,123.74,26.78,Rattus norvegicus
NEUR_2113,Cerebellum,36.79,45.43,Danio rerio
NEUR_4845,Thalamus,73.2,16.11,Macaca mulatta
NEUR_1619,Amygdala,10.87,104.98,Macaca mulatta
NEUR_7524,Striatum,128.02,37.17,Macaca mulatta
NEUR_6906,Hippocampus,73.39,70.42,Rattus norvegicus
NEUR_2541,Amygdala,144.89,75.56,Rattus norvegicus
NEUR_5486,Amygdala,133.75,50.73,Mus musculus
NEUR_3897,Cerebellum,40.67,44.35,Mus musculus
NEUR_1496,Hypothalamus,42.44,48.29,Danio rerio
NEUR_4466,Cortex,79.86,54.12,Macaca mulatta
NEUR_7953,Striatum,26.19,77.2,Macaca mulatta
NEUR_6539,Hippocampus,64.24,45.46,Rattus norvegicus
NEUR_9110,Amygdala,135.83,54.28,Rattus norvegicus
NEUR_3309,Thalamus,24.3,88.32,Rattus norvegicus
NEUR_2340,Cerebellum,136.05,88.2,Rattus norvegicus
NEUR_9666,Cortex,143.28,94.66,Mus musculus
NEUR_3877,Thalamus,28.33,23.39,Rattus norvegicus
NEUR_9005,Hippocampus,84.69,52.66,Rattus norvegicus
NEUR_9802,Cerebellum,139.68,71.38,Mus musculus
NEUR_1877,Cortex,143.87,66.01,Rattus norvegicus
NEUR_6227,Hippocampus,112.53,109.98,Mus musculus
NEUR_5752,Amygdala,54.57,54.52,Macaca mulatta
NEUR_2509,Hypothalamus,93.09,20.15,Rattus norvegicus
NEUR_9010,Amygdala,133.67,79.13,Macaca mulatta
NEUR_6624,Hypothalamus,120.63,53.11,Macaca mulatta
NEUR_8668,Hippocampus,96.74,115.73,Rattus norvegicus
NEUR_5139,Cortex,38.73,69.75,Danio rerio
NEUR_3345,Amygdala,147.19,70.34,Mus musculus
NEUR_8803,Hippocampus,91.3,18.27,Mus musculus
NEUR_4637,Cerebellum,130.79,30.19,Danio rerio
NEUR_4320,Striatum,8.91,68.32,Danio rerio
NEUR_7295,Striatum,123.17,41.18,Danio rerio
NEUR_9664,Hippocampus,91.22,55.6,Rattus norvegicus
NEUR_7042,Amygdala,76.76,105.56,Macaca mulatta
NEUR_4337,Hypothalamus,87.81,64.39,Mus musculus
NEUR_1500,Striatum,122.34,74.45,Mus musculus
NEUR_2356,Hippocampus,14.45,57.65,Rattus norvegicus
NEUR_9121,Cerebellum,64.06,110.75,Mus musculus
NEUR_3904,Hippocampus,10.92,66.24,Rattus norvegicus
NEUR_9595,Thalamus,145.1,94.83,Macaca mulatta
NEUR_9009,Cortex,144.61,68.22,Macaca mulatta
NEUR_1841,Hypothalamus,97.14,58.67,Macaca mulatta
NEUR_6989,Thalamus,16.56,58.36,Mus musculus
NEUR_6978,Thalamus,31.45,16.32,Mus musculus
NEUR_3008,Hippocampus,106.38,106.39,Danio rerio
NEUR_6395,Thalamus,40.71,37.24,Macaca mulatta
NEUR_6076,Striatum,30.46,43.99,Rattus norvegicus
NEUR_6868,Thalamus,78.58,50.48,Rattus norvegicus
NEUR_3440,Striatum,0.35,29.8,Macaca mulatta
NEUR_6412,Amygdala,119.98,54.59,Mus musculus
NEUR_5651,Thalamus,130.33,40.03,Danio rerio
NEUR_1113,Hypothalamus,13.81,30.5,Rattus norvegicus
NEUR_7833,Hypothalamus,91.09,108.77,Macaca mulatta
NEUR_1335,Hippocampus,90.32,111.07,Macaca mulatta
NEUR_1478,Hypothalamus,137.03,23.28,Mus musculus
NEUR_4047,Hippocampus,96.24,102.04,Danio rerio
NEUR_7903,Hippocampus,114.27,108.76,Macaca mulatta
NEUR_9978,Striatum,112.68,63.04,Rattus norvegicus
NEUR_2419,Cortex,45.74,62.96,Mus musculus
NEUR_2846,Hippocampus,86.36,21.1,Macaca mulatta
NEUR_7511,Striatum,59.06,100.26,Rattus norvegicus
NEUR_1413,Cortex,101.29,104.4,Macaca mulatta
NEUR_6333,Thalamus,147.17,95.88,Mus musculus
NEUR_4362,Striatum,27.73,18.86,Mus musculus
NEUR_2337,Cerebellum,144.11,29.21,Macaca mulatta
NEUR_6619,Striatum,4.73,117.45,Macaca mulatta
NEUR_3103,Cerebellum,127.93,98.38,Mus musculus
NEUR_4019,Thalamus,6.66,112.17,Macaca mulatta
NEUR_9776,Hippocampus,142.08,89.91,Macaca mulatta
NEUR_5874,Hippocampus,89.79,92.07,Rattus norvegicus
NEUR_6498,Hypothalamus,41.04,54.46,Danio rerio
NEUR_7539,Striatum,122.83,56.33,Danio rerio
NEUR_3601,Amygdala,26.05,48.58,Rattus norvegicus
NEUR_9157,Cortex,64.67,61.47,Macaca mulatta
NEUR_1452,Hypothalamus,131.22,69.39,Danio rerio
NEUR_1902,Cortex,131.46,39.91,Danio rerio
NEUR_3424,Cerebellum,28.19,82.69,Rattus norvegicus
NEUR_6977,Amygdala,41.16,21.35,Macaca mulatta
NEUR_7440,Cerebellum,54.48,110.29,Mus musculus
NEUR_2455,Cerebellum,32.38,81.76,Mus musculus
NEUR_5371,Striatum,55.84,13.15,Rattus norvegicus
NEUR_6326,Cerebellum,93.57,48.25,Mus musculus
NEUR_8799,Striatum,11.31,74.94,Danio rerio
NEUR_7472,Striatum,115.81,114.43,Rattus norvegicus
NEUR_9499,Thalamus,32.53,99.79,Danio rerio
NEUR_5986,Thalamus,15.61,118.16,Rattus norvegicus
NEUR_1441,Cerebellum,20.48,42.21,Mus musculus
NEUR_2030,Cerebellum,25.42,86.75,Danio rerio
NEUR_5279,Cerebellum,117.39,65.7,Danio rerio
NEUR_8436,Cerebellum,58.17,17.19,Mus musculus
NEUR_6612,Hypothalamus,25.53,114.28,Mus musculus
NEUR_1419,Hypothalamus,78.31,88.45,Macaca mulatta
NEUR_2304,Cortex,137.39,25.82,Danio rerio
NEUR_9230,Cerebellum,50.08,24.18,Macaca mulatta
NEUR_6399,Thalamus,75.34,34.52,Mus musculus
NEUR_6162,Thalamus,5.64,59.49,Danio rerio
NEUR_9126,Hippocampus,112.63,72.33,Mus musculus
NEUR_1452,Cortex,120.25,78.95,Danio rerio
NEUR_3355,Hypothalamus,32.92,87.5,Macaca mulatta
NEUR_6614,Thalamus,127.19,18.67,Danio rerio
NEUR_3458,Cortex,138.08,48.78,Macaca mulatta
NEUR_9764,Cerebellum,141.3,58.98,Rattus norvegicus
NEUR_7628,Hippocampus,142.64,89.66,Rattus norvegicus
NEUR_4174,Thalamus,53.31,108.03,Mus musculus
NEUR_3400,Hypothalamus,87.64,15.49,Danio rerio
NEUR_4877,Thalamus,114.79,12.77,Mus musculus
NEUR_2145,Hippocampus,47.13,26.64,Macaca mulatta
NEUR_3060,Hippocampus,127.54,105.69,Danio rerio
NEUR_9958,Cerebellum,125.14,30.25,Danio rerio
NEUR_8176,Hypothalamus,146.53,95.03,Macaca mulatta
NEUR_1526,Cortex,146.98,74.92,Danio rerio
NEUR_4859,Amygdala,137.94,90.65,Macaca mulatta
NEUR_4690,Hippocampus,130.2,77.74,Rattus norvegicus
NEUR_6770,Thalamus,15.13,28.67,Macaca mulatta
NEUR_3875,Cerebellum,34.44,117.02,Rattus norvegicus
NEUR_8516,Hypothalamus,36.34,48.9,Rattus norvegicus
NEUR_9735,Striatum,118.28,28.19,Mus musculus
NEUR_5932,Cortex,14.01,55.39,Macaca mulatta
NEUR_5749,Thalamus,35.4,54.81,Macaca mulatta
NEUR_9246,Hippocampus,126.32,92.59,Rattus norvegicus
NEUR_6560,Hippocampus,42.21,49.68,Rattus norvegicus
NEUR_6301,Hypothalamus,54.58,15.82,Macaca mulatta
NEUR_3220,Hypothalamus,79.48,18.46,Danio rerio
NEUR_2468,Cortex,108.89,65.46,Rattus norvegicus
NEUR_4883,Cortex,62.14,41.89,Danio rerio
NEUR_2060,Amygdala,109.62,41.69,Danio rerio
NEUR_9487,Cortex,139.63,19.59,Mus musculus
NEUR_9480,Striatum,35.97,61.61,Macaca mulatta
NEUR_7045,Cortex,81.35,86.47,Danio rerio
NEUR_1093,Amygdala,41.27,57.31,Macaca mulatta
NEUR_2586,Hippocampus,117.26,25.32,Rattus norvegicus
NEUR_8477,Hippocampus,89.31,11.77,Rattus norvegicus
NEUR_7041,Amygdala,140.83,46.53,Danio rerio
NEUR_6918,Amygdala,100.73,99.63,Macaca mulatta
NEUR_4770,Hippocampus,0.29,22.26,Mus musculus
NEUR_1677,Cerebellum,123.85,70.6,Danio rerio
NEUR_4608,Hippocampus,101.82,70.79,Macaca mulatta
NEUR_6077,Cerebellum,37.66,65.98,Rattus norvegicus
NEUR_1202,Cortex,108.89,48.58,Macaca mulatta
NEUR_4686,Thalamus,27.62,58.55,Rattus norvegicus
NEUR_3816,Cortex,8.45,108.67,Macaca mulatta
NEUR_9901,Cerebellum,32.75,43.22,Danio rerio
NEUR_2000,Thalamus,88.83,58.28,Mus musculus
NEUR_9631,Amygdala,86.31,29.9,Mus musculus
NEUR_3646,Striatum,140.24,106.3,Rattus norvegicus
NEUR_5314,Hypothalamus,98.19,31.73,Danio rerio
NEUR_9789,Thalamus,64.19,98.84,Rattus norvegicus
NEUR_9353,Amygdala,138.34,37.99,Danio rerio
NEUR_5402,Amygdala,37.58,44.28,Mus musculus
NEUR_3147,Amygdala,24.12,111.62,Macaca mulatta
NEUR_4974,Striatum,16.55,100.58,Danio rerio
NEUR_2957,Cerebellum,88.59,22.2,Macaca mulatta
NEUR_2306,Cerebellum,84.23,43.17,Rattus norvegicus
NEUR_4947,Hippocampus,63.72,16.06,Mus musculus
NEUR_7817,Striatum,135.31,43.6,Mus musculus
NEUR_1768,Hypothalamus,71.58,10.13,Macaca mulatta
NEUR_7275,Amygdala,68.34,62.63,Macaca mulatta
NEUR_9319,Cortex,72.13,47.47,Danio rerio
NEUR_4089,Striatum,82.7,70.08,Macaca mulatta
NEUR_8119,Hypothalamus,25.16,89.73,Rattus norvegicus
NEUR_2801,Amygdala,24.35,21.8,Macaca mulatta
NEUR_4651,Amygdala,118.47,11.43,Macaca mulatta
NEUR_7891,Cortex,44.57,37.46,Mus musculus
NEUR_4031,Hippocampus,98.37,101.89,Mus musculus
NEUR_5914,Thalamus,47.54,84.66,Rattus norvegicus
NEUR_4810,Striatum,20.55,20.85,Macaca mulatta
NEUR_9392,Thalamus,124.85,97.77,Mus musculus
NEUR_7313,Amygdala,47.47,107.44,Danio rerio
NEUR_9628,Thalamus,1.22,94.68,Danio rerio
NEUR_8861,Striatum,129.2,63.22,Rattus norvegicus
NEUR_7946,Hypothalamus,97.98,63.89,Mus musculus
NEUR_3197,Striatum,54.03,62.55,Mus musculus
NEUR_3091,Thalamus,11.32,28.61,Rattus norvegicus
NEUR_7206,Hippocampus,29.49,50.97,Mus musculus
NEUR_4005,Striatum,99.48,34.84,Mus musculus
NEUR_9211,Striatum,40.85,65.28,Rattus norvegicus
NEUR_1036,Cortex,103.27,26.07,Danio rerio
NEUR_7833,Hypothalamus,33.11,86.79,Mus musculus
NEUR_3976,Hippocampus,108.17,26.77,Mus musculus
NEUR_4531,Hippocampus,34.08,27.4,Mus musculus
NEUR_4568,Hippocampus,11.97,24.63,Mus musculus
NEUR_7316,Thalamus,45.52,113.77,Rattus norvegicus
NEUR_6073,Cerebellum,135.0,71.96,Macaca mulatta
NEUR_2117,Hippocampus,118.31,67.9,Mus musculus
NEUR_9369,Cortex,20.88,23.0,Macaca mulatta
NEUR_8390,Striatum,47.02,14.95,Danio rerio
NEUR_7500,Hypothalamus,118.52,59.22,Rattus norvegicus
NEUR_7275,Striatum,56.82,55.78,Danio rerio
NEUR_8272,Cerebellum,135.8,104.19,Rattus norvegicus
NEUR_7741,Cerebellum,44.23,75.06,Rattus norvegicus
NEUR_4382,Hypothalamus,88.9,75.12,Mus musculus
NEUR_6568,Hypothalamus,90.01,89.63,Danio rerio
NEUR_1161,Striatum,97.97,110.65,Danio rerio
NEUR_6102,Striatum,4.03,67.16,Rattus norvegicus
NEUR_9556,Amygdala,84.36,85.06,Macaca mulatta
NEUR_5399,Striatum,90.39,82.99,Macaca mulatta
NEUR_4018,Striatum,16.11,75.79,Danio rerio
NEUR_7475,Cortex,61.85,97.3,Rattus norvegicus
NEUR_2354,Thalamus,84.49,38.36,Macaca mulatta
NEUR_6057,Hypothalamus,34.26,66.1,Danio rerio
NEUR_8483,Hippocampus,95.02,89.66,Danio rerio
NEUR_5160,Striatum,91.03,57.02,Mus musculus
NEUR_1504,Thalamus,24.33,21.16,Macaca mulatta
NEUR_5507,Hypothalamus,116.95,49.93,Danio rerio
NEUR_5287,Cortex,0.9,92.48,Mus musculus
NEUR_9088,Amygdala,46.72,40.53,Rattus norvegicus
NEUR_4853,Thalamus,121.03,114.63,Macaca mulatta
NEUR_1278,Amygdala,91.36,109.39,Danio rerio
NEUR_7667,Striatum,5.39,43.7,Macaca mulatta
NEUR_4607,Hippocampus,5.97,65.88,Rattus norvegicus
NEUR_9519,Amygdala,14.77,87.34,Macaca mulatta
NEUR_5076,Cortex,64.61,87.85,Rattus norvegicus
NEUR_1396,Cerebellum,88.3,15.9,Mus musculus
NEUR_8278,Striatum,89.22,105.39,Danio rerio
NEUR_9687,Hypothalamus,80.87,114.97,Danio rerio
NEUR_9478,Hippocampus,61.78,14.23,Macaca mulatta
NEUR_5457,Thalamus,93.31,38.41,Macaca mulatta
NEUR_3431,Cerebellum,117.02,32.97,Rattus norvegicus
NEUR_4116,Cerebellum,23.73,20.7,Mus musculus
NEUR_6970,Thalamus,144.65,63.43,Macaca mulatta
NEUR_8315,Striatum,60.59,103.77,Danio rerio
NEUR_6279,Cortex,89.6,33.44,Macaca mulatta
NEUR_3808,Thalamus,138.06,116.3,Macaca mulatta
NEUR_4821,Striatum,132.65,92.56,Macaca mulatta
NEUR_2022,Hippocampus,133.09,43.71,Rattus norvegicus
NEUR_7580,Striatum,41.78,84.27,Macaca mulatta
NEUR_9816,Thalamus,106.97,65.33,Mus musculus
NEUR_8951,Hippocampus,58.29,78.88,Danio rerio
NEUR_4556,Thalamus,19.15,80.83,Macaca mulatta
NEUR_2802,Cortex,69.19,60.0,Macaca mulatta
NEUR_2740,Thalamus,84.48,51.25,Rattus norvegicus
NEUR_3877,Cortex,76.25,16.82,Danio rerio
NEUR_6847,Thalamus,35.83,12.0,Mus musculus
NEUR_7156,Amygdala,24.92,94.44,Rattus norvegicus
NEUR_5736,Cerebellum,88.08,97.33,Rattus norvegicus
NEUR_9866,Cerebellum,93.72,10.4,Rattus norvegicus
NEUR_1713,Thalamus,55.02,36.61,Rattus norvegicus
NEUR_2246,Cerebellum,31.45,46.33,Rattus norvegicus
NEUR_3063,Cerebellum,96.48,75.19,Danio rerio
NEUR_7494,Amygdala,72.85,89.3,Danio rerio
NEUR_5952,Hypothalamus,143.88,45.3,Mus musculus
NEUR_8767,Hypothalamus,12.37,106.48,Macaca mulatta
NEUR_9657,Amygdala,142.15,33.95,Rattus norvegicus
NEUR_1152,Striatum,2.72,103.56,Mus musculus
NEUR_9237,Amygdala,98.25,111.61,Danio rerio
NEUR_1679,Hypothalamus,51.17,44.09,Mus musculus
NEUR_5140,Amygdala,51.3,33.29,Macaca mulatta
NEUR_3437,Thalamus,119.22,41.16,Rattus norvegicus
NEUR_5646,Striatum,86.2,108.4,Rattus norvegicus
NEUR_8218,Cortex,123.35,33.18,Rattus norvegicus
NEUR_3682,Hippocampus,49.27,38.11,Rattus norvegicus
NEUR_2619,Thalamus,123.5,80.65,Danio rerio
NEUR_6554,Amygdala,92.91,70.67,Rattus norvegicus
NEUR_9610,Striatum,19.52,68.67,Danio rerio
NEUR_4233,Hypothalamus,36.61,82.62,Macaca mulatta
NEUR_8769,Hypothalamus,117.22,12.52,Rattus norvegicus
NEUR_8723,Striatum,119.05,23.2,Macaca mulatta
NEUR_4506,Cerebellum,108.53,116.31,Danio rerio
NEUR_1079,Cortex,17.56,112.23,Rattus norvegicus
NEUR_7013,Cerebellum,59.07,87.5,Rattus norvegicus
NEUR_7373,Striatum,54.82,44.75,Macaca mulatta
NEUR_4662,Cerebellum,73.14,90.54,Danio rerio
NEUR_5309,Thalamus,88.81,18.25,Macaca mulatta
NEUR_2389,Cortex,137.66,114.91,Danio rerio
NEUR_7155,Amygdala,132.04,18.59,Rattus norvegicus
NEUR_2940,Hippocampus,125.09,118.14,Mus musculus
NEUR_6594,Cerebellum,124.69,43.78,Danio rerio
NEUR_7421,Cortex,132.05,105.96,Mus musculus
NEUR_7092,Hypothalamus,111.45,37.85,Rattus norvegicus
NEUR_4538,Thalamus,18.1,116.48,Macaca mulatta
NEUR_2779,Cerebellum,6.53,109.11,Macaca mulatta
NEUR_7959,Striatum,99.96,43.21,Danio rerio
NEUR_5599,Amygdala,44.24,105.94,Macaca mulatta
NEUR_2731,Amygdala,71.44,49.0,Danio rerio
NEUR_4010,Cerebellum,109.91,67.5,Danio rerio
NEUR_7345,Thalamus,11.47,109.15,Rattus norvegicus
NEUR_1046,Thalamus,131.41,77.65,Danio rerio
NEUR_9702,Striatum,28.17,52.95,Mus musculus
NEUR_6241,Hypothalamus,24.04,31.33,Mus musculus
NEUR_2598,Hippocampus,77.47,79.34,Danio rerio
NEUR_7325,Amygdala,91.67,24.55,Macaca mulatta
NEUR_1621,Amygdala,5.67,94.92,Macaca mulatta
NEUR_4105,Cerebellum,39.8,81.64,Mus musculus
NEUR_1234,Cortex,126.38,107.84,Macaca mulatta
NEUR_2388,Amygdala,44.36,43.46,Rattus norvegicus
NEUR_5972,Striatum,59.75,40.67,Mus musculus
NEUR_6977,Hypothalamus,126.09,72.12,Danio rerio
NEUR_4268,Cerebellum,3.0,44.96,Macaca mulatta
NEUR_9592,Thalamus,134.34,47.26,Danio rerio
NEUR_8306,Amygdala,2.39,116.66,Macaca mulatta
NEUR_5130,Hypothalamus,120.39,103.08,Rattus norvegicus
NEUR_5292,Cortex,49.32,18.08,Rattus norvegicus
NEUR_8802,Thalamus,52.9,83.49,Rattus norvegicus
NEUR_4030,Cerebellum,75.15,89.26,Danio rerio
NEUR_7617,Cortex,42.13,113.79,Mus musculus
NEUR_6272,Hippocampus,118.91,93.66,Macaca mulatta
NEUR_5221,Amygdala,85.25,109.38,Macaca mulatta
NEUR_7206,Thalamus,79.23,16.83,Danio rerio
NEUR_5326,Amygdala,145.38,31.31,Macaca mulatta
NEUR_1964,Striatum,26.65,43.4,Macaca mulatta
NEUR_9650,Thalamus,107.94,29.43,Mus musculus
NEUR_9136,Cerebellum,103.49,70.58,Macaca mulatta
NEUR_3709,Cerebellum,38.66,21.48,Macaca mulatta
NEUR_1788,Cerebellum,47.0,57.84,Danio rerio
NEUR_5852,Amygdala,47.13,59.84,Rattus norvegicus
NEUR_5243,Cortex,59.14,83.71,Mus musculus
NEUR_8724,Cortex,147.17,88.81,Mus musculus
NEUR_7526,Striatum,69.43,23.1,Rattus norvegicus
NEUR_9861,Thalamus,58.72,72.37,Macaca mulatta
NEUR_2286,Cortex,50.7,60.03,Mus musculus
NEUR_2722,Striatum,31.14,21.91,Macaca mulatta
NEUR_3634,Cerebellum,42.46,56.67,Macaca mulatta
NEUR_2116,Amygdala,41.61,96.04,Danio rerio
NEUR_7537,Striatum,126.72,94.66,Rattus norvegicus
NEUR_3383,Striatum,69.98,53.4,Danio rerio
NEUR_6144,Hippocampus,87.96,116.8,Mus musculus
NEUR_5398,Hypothalamus,53.99,26.95,Mus musculus
NEUR_5359,Hippocampus,60.32,65.92,Danio rerio
NEUR_3609,Striatum,91.75,21.15,Rattus norvegicus
NEUR_2935,Striatum,9.19,91.17,Mus musculus
NEUR_2355,Striatum,16.16,106.71,Rattus norvegicus
NEUR_6039,Striatum,94.73,75.38,Macaca mulatta
NEUR_6535,Amygdala,132.31,75.2,Mus musculus
NEUR_5529,Thalamus,43.96,70.24,Macaca mulatta
NEUR_4608,Hypothalamus,47.41,114.4,Macaca mulatta
NEUR_7664,Striatum,118.89,67.81,Macaca mulatta
NEUR_8112,Cortex,48.26,39.81,Macaca mulatta
NEUR_9281,Cortex,60.22,86.88,Macaca mulatta
NEUR_1837,Cortex,139.43,80.17,Macaca mulatta
NEUR_4239,Thalamus,32.12,97.14,Rattus norvegicus
NEUR_1113,Thalamus,141.38,73.1,Macaca mulatta
NEUR_7756,Thalamus,135.0,13.48,Macaca mulatta
NEUR_3001,Cortex,124.17,33.49,Rattus norvegicus
NEUR_6935,Hypothalamus,121.93,38.06,Danio rerio
NEUR_5554,Striatum,31.97,84.97,Mus musculus
NEUR_4615,Cortex,100.59,58.55,Mus musculus
NEUR_4969,Cortex,32.15,85.76,Mus musculus
NEUR_7996,Hypothalamus,86.73,46.02,Mus musculus
NEUR_6747,Cortex,43.98,27.39,Mus musculus
NEUR_4281,Amygdala,2.06,82.63,Macaca mulatta
NEUR_3941,Hippocampus,137.58,74.98,Rattus norvegicus
NEUR_4023,Cerebellum,50.94,14.98,Macaca mulatta
NEUR_7153,Striatum,36.45,77.8,Danio rerio
NEUR_1887,Thalamus,10.16,119.57,Macaca mulatta
NEUR_1192,Hippocampus,111.16,53.33,Macaca mulatta
NEUR_9987,Hypothalamus,5.28,12.64,Danio rerio
NEUR_4211,Striatum,19.24,92.72,Rattus norvegicus
NEUR_4734,Hippocampus,56.52,93.3,Macaca mulatta
NEUR_6708,Striatum,127.13,73.92,Macaca mulatta
NEUR_4698,Striatum,139.21,52.51,Danio rerio
NEUR_5326,Cortex,123.04,46.99,Danio rerio
NEUR_6093,Hippocampus,56.91,46.41,Rattus norvegicus
NEUR_6777,Amygdala,34.6,89.32,Mus musculus
NEUR_1478,Hypothalamus,112.35,108.95,Mus musculus
NEUR_5966,Hippocampus,32.53,34.22,Danio rerio
NEUR_8163,Hippocampus,78.58,66.72,Macaca mulatta
NEUR_8520,Cerebellum,7.36,96.88,Danio rerio
NEUR_5090,Striatum,117.84,106.97,Macaca mulatta
NEUR_3309,Cerebellum,25.23,88.01,Rattus norvegicus
NEUR_3193,Hypothalamus,25.41,108.42,Danio rerio
NEUR_4190,Hippocampus,26.71,119.79,Rattus norvegicus
NEUR_8860,Thalamus,59.86,90.77,Macaca mulatta
NEUR_9451,Cerebellum,8.45,61.84,Danio rerio
NEUR_7334,Cortex,91.52,111.62,Rattus norvegicus
NEUR_3422,Striatum,17.57,51.45,Rattus norvegicus
NEUR_4671,Amygdala,147.73,64.61,Rattus norvegicus
NEUR_4552,Cerebellum,58.25,114.12,Rattus norvegicus
NEUR_5891,Hypothalamus,17.35,37.16,Macaca mulatta
NEUR_5131,Cerebellum,84.41,71.44,Mus musculus
NEUR_3810,Hypothalamus,13.77,111.29,Mus musculus
NEUR_1994,Hippocampus,80.43,104.44,Mus musculus
NEUR_5632,Hypothalamus,71.0,11.68,Rattus norvegicus
NEUR_6546,Cortex,99.13,101.57,Danio rerio
NEUR_9243,Amygdala,105.67,98.3,Rattus norvegicus
NEUR_8280,Cerebellum,28.55,119.35,Mus musculus
NEUR_9553,Amygdala,117.93,55.02,Danio rerio
NEUR_7437,Cerebellum,48.6,96.01,Macaca mulatta
NEUR_1564,Cortex,125.22,28.67,Rattus norvegicus
NEUR_3746,Hypothalamus,9.64,63.59,Rattus norvegicus
NEUR_8310,Cortex,97.62,26.63,Macaca mulatta
NEUR_9435,Thalamus,81.23,72.2,Macaca mulatta
NEUR_2532,Striatum,56.08,19.4,Macaca mulatta
NEUR_4162,Amygdala,117.17,31.68,Mus musculus
NEUR_2202,Hippocampus,15.35,75.22,Danio rerio
NEUR_5764,Amygdala,63.25,80.84,Rattus norvegicus
NEUR_1276,Hippocampus,47.6,10.98,Macaca mulatta
NEUR_4755,Amygdala,71.39,55.97,Mus musculus
NEUR_7083,Hypothalamus,96.82,68.77,Mus musculus
NEUR_3593,Cortex,32.96,47.06,Danio rerio
NEUR_5710,Cerebellum,102.85,62.88,Macaca mulatta
NEUR_5646,Cortex,71.75,49.0,Rattus norvegicus
NEUR_5614,Hypothalamus,119.84,42.81,Macaca mulatta
NEUR_9422,Cortex,118.65,115.97,Rattus norvegicus
NEUR_6659,Hippocampus,114.05,82.04,Rattus norvegicus
NEUR_2727,Amygdala,102.45,58.2,Macaca mulatta
NEUR_8830,Amygdala,115.19,108.55,Mus musculus
NEUR_5530,Amygdala,57.75,101.89,Danio rerio
NEUR_4216,Hippocampus,40.8,15.38,Mus musculus
NEUR_3821,Striatum,85.63,119.57,Rattus norvegicus
NEUR_5047,Cerebellum,80.9,68.81,Mus musculus
NEUR_2783,Striatum,8.05,76.27,Rattus norvegicus
NEUR_1422,Cerebellum,61.46,81.74,Macaca mulatta
NEUR_5659,Cortex,107.58,118.13,Rattus norvegicus
NEUR_3933,Cortex,21.45,82.57,Macaca mulatta
NEUR_4109,Thalamus,40.68,14.56,Danio rerio
NEUR_2910,Hypothalamus,123.6,23.34,Macaca mulatta
NEUR_6601,Hypothalamus,37.37,52.85,Mus musculus
NEUR_9477,Cortex,78.03,79.01,Danio rerio
NEUR_6990,Amygdala,140.49,85.77,Rattus norvegicus
NEUR_9120,Hypothalamus,84.88,18.59,Danio rerio
NEUR_7098,Amygdala,72.44,34.45,Macaca mulatta
NEUR_5575,Striatum,104.76,117.25,Macaca mulatta
NEUR_4630,Thalamus,75.76,71.34,Rattus norvegicus
NEUR_4059,Striatum,82.07,62.36,Rattus norvegicus
NEUR_1223,Cortex,147.01,66.08,Danio rerio
NEUR_5560,Striatum,63.09,81.57,Macaca mulatta
NEUR_6364,Cerebellum,95.82,116.7,Rattus norvegicus
NEUR_3311,Cortex,106.92,48.36,Danio rerio
NEUR_9370,Cortex,46.12,57.69,Mus musculus
NEUR_8589,Amygdala,24.86,91.15,Rattus norvegicus
NEUR_6378,Striatum,148.87,14.35,Mus musculus
NEUR_9486,Cortex,89.66,109.38,Rattus norvegicus
NEUR_9904,Cerebellum,92.64,84.91,Rattus norvegicus
NEUR_2397,Striatum,13.84,107.28,Mus musculus
NEUR_3863,Striatum,38.82,89.72,Mus musculus
NEUR_7100,Amygdala,83.96,58.51,Mus musculus
NEUR_6606,Amygdala,41.26,30.52,Danio rerio
NEUR_7690,Striatum,149.05,51.52,Macaca mulatta
NEUR_4422,Hippocampus,58.79,107.75,Macaca mulatta
NEUR_6334,Amygdala,94.73,115.77,Danio rerio
NEUR_6252,Amygdala,127.06,10.34,Danio rerio
NEUR_7970,Cerebellum,27.05,56.62,Rattus norvegicus
NEUR_4709,Amygdala,41.45,20.84,Macaca mulatta
NEUR_8704,Cerebellum,116.74,14.73,Mus musculus
NEUR_6919,Cerebellum,141.39,10.66,Mus musculus
NEUR_4147,Cerebellum,102.56,117.28,Mus musculus
NEUR_6141,Hypothalamus,38.13,18.55,Danio rerio
NEUR_9269,Cerebellum,81.67,43.33,Danio rerio
NEUR_4574,Thalamus,60.33,23.09,Macaca mulatta
NEUR_9167,Cerebellum,41.95,78.07,Danio rerio
NEUR_7887,Thalamus,43.97,18.75,Rattus norvegicus
NEUR_5593,Amygdala,97.52,57.57,Macaca mulatta
NEUR_5522,Hypothalamus,113.78,40.48,Mus musculus
NEUR_6450,Cortex,141.38,115.44,Macaca mulatta
NEUR_1253,Hippocampus,149.34,75.2,Mus musculus
NEUR_8789,Amygdala,127.22,49.38,Mus musculus
NEUR_9328,Thalamus,65.05,59.41,Macaca mulatta
NEUR_6572,Thalamus,5.9,22.6,Macaca mulatta
NEUR_4497,Hypothalamus,97.41,114.52,Macaca mulatta
NEUR_4091,Striatum,85.29,25.29,Macaca mulatta
NEUR_3171,Amygdala,13.44,97.27,Danio rerio
NEUR_9705,Striatum,35.15,106.75,Mus musculus
NEUR_6261,Striatum,56.1,17.29,Mus musculus
NEUR_5254,Striatum,10.01,31.32,Danio rerio
NEUR_1774,Amygdala,39.72,19.36,Macaca mulatta
NEUR_9603,Amygdala,88.08,92.8,Mus musculus
NEUR_2551,Hypothalamus,133.46,48.06,Macaca mulatta
NEUR_6212,Hippocampus,90.78,55.83,Macaca mulatta
NEUR_2490,Cerebellum,70.6,62.19,Macaca mulatta
NEUR_3027,Hypothalamus,10.0,40.21,Danio rerio
NEUR_6745,Hippocampus,118.45,99.69,Mus musculus
NEUR_9650,Striatum,44.85,45.41,Mus musculus
NEUR_8450,Hippocampus,132.13,70.03,Rattus norvegicus
NEUR_3216,Amygdala,59.82,51.0,Mus musculus
NEUR_5054,Hypothalamus,102.9,105.93,Mus musculus
NEUR_2145,Hypothalamus,4.0,74.95,Mus musculus
NEUR_1175,Cerebellum,145.49,48.6,Rattus norvegicus
NEUR_4466,Thalamus,101.62,65.65,Macaca mulatta
NEUR_3699,Hippocampus,49.18,11.07,Mus musculus
NEUR_7116,Hippocampus,8.8,34.07,Macaca mulatta
NEUR_4076,Cerebellum,139.7,17.09,Rattus norvegicus
NEUR_6481,Striatum,38.88,34.38,Danio rerio
NEUR_6662,Thalamus,90.49,56.58,Macaca mulatta
NEUR_6866,Cerebellum,1.74,67.45,Rattus norvegicus
NEUR_5574,Striatum,19.03,116.79,Danio rerio
NEUR_2100,Hypothalamus,3.94,15.52,Rattus norvegicus
NEUR_7930,Cortex,123.7,107.6,Mus musculus
NEUR_6426,Hypothalamus,17.0,56.43,Danio rerio
NEUR_2460,Amygdala,59.93,73.19,Macaca mulatta
NEUR_4981,Thalamus,124.05,26.0,Mus musculus
NEUR_1060,Hypothalamus,123.33,11.6,Rattus norvegicus
NEUR_2241,Hippocampus,102.64,56.04,Danio rerio
NEUR_5971,Amygdala,112.59,16.07,Macaca mulatta
NEUR_3428,Cortex,68.66,14.76,Rattus norvegicus
NEUR_7239,Hypothalamus,16.42,97.51,Mus musculus
NEUR_5955,Thalamus,69.07,18.84,Danio rerio
NEUR_7254,Striatum,148.56,76.87,Mus musculus
NEUR_1693,Hippocampus,44.43,20.28,Danio rerio
NEUR_6086,Cortex,64.44,39.44,Macaca mulatta
NEUR_3398,Hippocampus,129.39,79.46,Macaca mulatta
NEUR_3287,Hippocampus,15.09,25.89,Danio rerio
NEUR_2670,Cerebellum,84.84,103.96,Danio rerio
NEUR_8705,Amygdala,142.0,49.38,Danio rerio
NEUR_5008,Hypothalamus,32.38,115.14,Macaca mulatta
NEUR_4335,Amygdala,29.95,42.4,Macaca mulatta
NEUR_1220,Hypothalamus,140.68,39.61,Macaca mulatta
NEUR_7454,Thalamus,143.37,91.06,Rattus norvegicus
NEUR_1057,Striatum,137.87,52.44,Danio rerio
NEUR_4244,Hippocampus,135.7,85.76,Danio rerio
NEUR_1531,Hypothalamus,77.4,87.57,Mus musculus
NEUR_3692,Thalamus,50.65,62.77,Macaca mulatta
NEUR_4518,Cerebellum,146.01,28.9,Rattus norvegicus
NEUR_7212,Hypothalamus,33.32,65.17,Mus musculus
NEUR_1831,Amygdala,148.71,23.81,Macaca mulatta
NEUR_1208,Striatum,84.7,13.64,Rattus norvegicus
NEUR_5681,Thalamus,6.34,44.61,Mus musculus
NEUR_2574,Striatum,0.99,94.75,Danio rerio
NEUR_9501,Cerebellum,64.69,70.17,Mus musculus
NEUR_2493,Hippocampus,125.83,105.87,Danio rerio
NEUR_4585,Cortex,63.31,13.82,Rattus norvegicus
NEUR_7805,Thalamus,148.4,29.68,Mus musculus
NEUR_3895,Thalamus,10.1,115.1,Mus musculus
NEUR_5040,Thalamus,149.75,112.78,Macaca mulatta
NEUR_2123,Thalamus,116.07,64.84,Danio rerio
NEUR_4235,Hippocampus,25.15,99.59,Macaca mulatta
NEUR_2049,Cortex,65.65,44.23,Danio rerio
NEUR_5911,Thalamus,2.26,81.26,Rattus norvegicus
NEUR_6338,Striatum,147.54,93.0,Danio rerio
NEUR_7376,Striatum,45.89,47.61,Danio rerio
NEUR_7276,Cortex,8.62,57.3,Mus musculus
NEUR_9032,Hypothalamus,81.92,11.27,Danio rerio
NEUR_6247,Hippocampus,20.63,64.85,Rattus norvegicus
NEUR_7232,Striatum,106.94,29.58,Mus musculus
NEUR_1433,Thalamus,46.67,53.1,Danio rerio
NEUR_4543,Thalamus,37.95,101.41,Macaca mulatta
NEUR_5914,Cerebellum,12.16,88.29,Mus musculus
NEUR_4422,Hippocampus,28.28,29.34,Rattus norvegicus
NEUR_5898,Thalamus,24.73,55.67,Macaca mulatta
NEUR_7474,Hypothalamus,78.52,63.3,Macaca mulatta
NEUR_2091,Striatum,71.42,108.9,Rattus norvegicus
NEUR_1411,Thalamus,46.12,76.36,Rattus norvegicus
NEUR_7602,Thalamus,45.92,95.86,Macaca mulatta
NEUR_9833,Cortex,102.71,39.73,Macaca mulatta
NEUR_7092,Cerebellum,50.4,118.34,Rattus norvegicus
NEUR_8870,Hippocampus,76.34,108.25,Mus musculus
NEUR_8345,Hippocampus,107.79,117.59,Mus musculus
NEUR_9734,Amygdala,145.39,21.37,Macaca mulatta
NEUR_2650,Thalamus,45.89,37.21,Rattus norvegicus
NEUR_9918,Hypothalamus,76.43,10.0,Macaca mulatta
NEUR_9737,Cerebellum,129.66,55.63,Danio rerio
NEUR_3007,Cerebellum,13.39,100.18,Macaca mulatta
NEUR_5420,Cerebellum,58.05,61.9,Macaca mulatta
NEUR_2955,Cortex,133.69,114.58,Danio rerio
NEUR_6191,Thalamus,23.16,57.06,Rattus norvegicus
NEUR_7457,Cerebellum,18.9,91.4,Mus musculus
NEUR_9280,Amygdala,118.35,69.24,Danio rerio
NEUR_8761,Thalamus,98.67,96.94,Macaca mulatta
NEUR_2140,Cerebellum,78.96,107.85,Danio rerio
NEUR_4850,Amygdala,139.09,90.89,Rattus norvegicus
NEUR_4205,Cortex,108.17,21.56,Macaca mulatta
NEUR_5403,Hippocampus,78.61,67.47,Danio rerio
NEUR_6965,Striatum,10.59,25.67,Rattus norvegicus
NEUR_9732,Striatum,52.42,111.75,Rattus norvegicus
NEUR_7384,Hippocampus,81.96,46.34,Mus musculus
NEUR_2541,Cerebellum,22.57,86.33,Macaca mulatta
NEUR_8122,Hippocampus,44.77,81.2,Macaca mulatta
NEUR_8654,Striatum,11.04,13.26,Macaca mulatta
NEUR_6014,Amygdala,6.58,114.49,Danio rerio
NEUR_3282,Amygdala,0.16,44.24,Macaca mulatta
NEUR_6956,Hippocampus,19.6,25.83,Rattus norvegicus
NEUR_7764,Striatum,117.95,23.42,Rattus norvegicus
NEUR_3453,Amygdala,119.3,93.24,Rattus norvegicus
NEUR_3074,Amygdala,141.36,10.35,Mus musculus
NEUR_3993,Hippocampus,79.92,80.15,Macaca mulatta
NEUR_2103,Striatum,85.42,106.37,Rattus norvegicus
NEUR_8646,Hypothalamus,145.15,85.76,Macaca mulatta
NEUR_4622,Hippocampus,66.43,59.67,Danio rerio
NEUR_6839,Cortex,144.81,65.39,Mus musculus
NEUR_7910,Striatum,83.43,118.3,Mus musculus
NEUR_3857,Hippocampus,63.17,111.37,Rattus norvegicus
NEUR_8976,Hippocampus,52.26,42.99,Danio rerio
NEUR_9592,Striatum,96.22,22.61,Danio rerio
NEUR_9484,Hippocampus,86.0,69.41,Rattus norvegicus
NEUR_9897,Thalamus,53.64,103.63,Macaca mulatta
NEUR_1884,Cerebellum,65.95,62.58,Danio rerio
NEUR_3104,Cerebellum,101.09,88.81,Rattus norvegicus
NEUR_5858,Cortex,131.24,112.87,Rattus norvegicus
NEUR_9616,Amygdala,119.51,47.06,Danio rerio
NEUR_9270,Amygdala,143.99,58.39,Mus musculus
NEUR_6271,Hippocampus,87.35,114.97,Mus musculus
NEUR_2971,Amygdala,47.58,12.42,Mus musculus
NEUR_3714,Thalamus,81.99,90.71,Rattus norvegicus
NEUR_9498,Cortex,67.86,64.29,Macaca mulatta
NEUR_4518,Cortex,28.57,80.89,Danio rerio
NEUR_7040,Amygdala,143.65,42.7,Rattus norvegicus
NEUR_4676,Cerebellum,9.53,107.65,Rattus norvegicus
NEUR_7751,Hypothalamus,143.55,92.88,Macaca mulatta
NEUR_3955,Cerebellum,45.68,70.07,Macaca mulatta
NEUR_1359,Hippocampus,30.78,23.17,Rattus norvegicus
NEUR_8519,Cerebellum,122.18,35.23,Mus musculus
NEUR_2836,Amygdala,139.25,77.36,Macaca mulatta
NEUR_7292,Hypothalamus,53.41,84.1,Danio rerio
NEUR_7677,Thalamus,52.12,19.52,Mus musculus
NEUR_7727,Striatum,88.14,11.68,Danio rerio
NEUR_3790,Thalamus,142.85,61.25,Macaca mulatta
NEUR_2531,Hypothalamus,138.03,107.46,Mus musculus
NEUR_5931,Amygdala,83.02,66.63,Macaca mulatta
NEUR_8891,Hypothalamus,119.79,34.53,Danio rerio
NEUR_3957,Amygdala,48.53,109.24,Macaca mulatta
NEUR_3152,Hippocampus,137.82,43.69,Danio rerio
NEUR_1532,Thalamus,19.11,76.86,Macaca mulatta
NEUR_8784,Striatum,61.32,72.86,Rattus norvegicus
NEUR_4853,Cerebellum,131.76,37.35,Danio rerio
NEUR_1000,Hippocampus,53.37,35.88,Danio rerio
NEUR_8353,Striatum,39.21,15.69,Danio rerio
NEUR_2320,Cerebellum,86.31,61.94,Rattus norvegicus
NEUR_8538,Hypothalamus,110.24,104.52,Rattus norvegicus
NEUR_8273,Hypothalamus,73.24,37.67,Mus musculus
NEUR_9917,Cerebellum,32.94,71.9,Danio rerio
NEUR_5698,Cerebellum,111.44,39.08,Rattus norvegicus
NEUR_1288,Hypothalamus,64.48,76.61,Danio rerio
NEUR_1158,Hippocampus,64.45,22.06,Danio rerio
NEUR_9232,Hypothalamus,93.77,99.79,Macaca mulatta
NEUR_5980,Cerebellum,38.24,113.25,Macaca mulatta
NEUR_6037,Hippocampus,86.4,16.38,Macaca mulatta
NEUR_1119,Thalamus,119.0,23.34,Mus musculus
NEUR_9955,Hypothalamus,9.16,15.08,Rattus norvegicus
NEUR_1896,Hippocampus,68.13,106.14,Rattus norvegicus
NEUR_2243,Amygdala,26.51,109.92,Macaca mulatta
NEUR_6294,Thalamus,67.75,107.63,Danio rerio
NEUR_1828,Cortex,66.77,77.86,Mus musculus
NEUR_8267,Striatum,65.18,92.83,Macaca mulatta
NEUR_4783,Cerebellum,45.92,95.73,Macaca mulatta
NEUR_9048,Cortex,42.87,91.62,Rattus norvegicus
NEUR_1454,Striatum,126.67,66.09,Mus musculus
NEUR_5595,Amygdala,42.71,96.47,Rattus norvegicus
NEUR_2299,Amygdala,78.84,82.57,Macaca mulatta
NEUR_2752,Cerebellum,142.39,85.59,Macaca mulatta
NEUR_4001,Amygdala,143.4,61.53,Mus musculus
NEUR_6164,Amygdala,101.73,64.42,Rattus norvegicus
NEUR_9470,Thalamus,33.03,16.72,Macaca mulatta
NEUR_1266,Amygdala,143.47,86.84,Mus musculus
NEUR_2478,Cerebellum,33.91,55.8,Mus musculus
NEUR_3038,Cortex,142.8,106.46,Danio rerio
NEUR_5190,Thalamus,5.95,38.39,Rattus norvegicus
NEUR_1891,Cerebellum,141.12,73.0,Mus musculus
NEUR_3065,Striatum,115.51,76.27,Mus musculus
NEUR_5043,Cerebellum,50.63,78.36,Macaca mulatta
NEUR_2181,Thalamus,77.99,18.29,Danio rerio
NEUR_8463,Cortex,130.67,16.61,Mus musculus
NEUR_9111,Hippocampus,141.48,98.93,Danio rerio
NEUR_9848,Amygdala,48.27,56.1,Danio rerio
NEUR_7488,Hippocampus,128.82,13.9,Mus musculus
NEUR_7077,Amygdala,27.01,99.29,Danio rerio
NEUR_2358,Amygdala,40.76,20.04,Mus musculus
NEUR_9932,Thalamus,3.35,75.53,Macaca mulatta
NEUR_9063,Cortex,97.46,114.79,Rattus norvegicus
NEUR_4169,Thalamus,128.7,32.09,Mus musculus
NEUR_1191,Striatum,145.34,110.16,Mus musculus
NEUR_8671,Thalamus,70.47,88.6,Mus musculus
NEUR_2516,Hippocampus,25.03,111.47,Mus musculus
NEUR_8093,Amygdala,17.49,58.48,Danio rerio
NEUR_4995,Hippocampus,11.32,110.8,Danio rerio
NEUR_6561,Cortex,124.31,53.13,Mus musculus
NEUR_9557,Striatum,147.65,37.04,Danio rerio
NEUR_6477,Hypothalamus,24.05,57.82,Mus musculus
NEUR_3339,Cortex,117.59,65.71,Macaca mulatta
NEUR_2403,Cortex,90.66,66.06,Rattus norvegicus
NEUR_5503,Hypothalamus,34.47,115.2,Macaca mulatta
NEUR_1530,Thalamus,100.05,109.18,Mus musculus
NEUR_2903,Amygdala,69.95,15.02,Mus musculus
NEUR_7884,Hippocampus,89.21,114.06,Rattus norvegicus
NEUR_5724,Thalamus,139.38,72.55,Mus musculus
NEUR_2684,Cerebellum,5.93,67.47,Danio rerio
NEUR_4964,Hypothalamus,14.0,48.15,Macaca mulatta
NEUR_1189,Cerebellum,128.05,29.9,Rattus norvegicus
NEUR_1705,Hippocampus,91.06,111.88,Rattus norvegicus
NEUR_9172,Thalamus,100.0,44.48,Rattus norvegicus
NEUR_4112,Cortex,61.49,114.23,Mus musculus
NEUR_4924,Cortex,136.2,46.06,Rattus norvegicus
NEUR_9231,Hypothalamus,127.05,58.62,Macaca mulatta
NEUR_9844,Cerebellum,83.22,38.71,Rattus norvegicus
NEUR_7340,Hypothalamus,70.37,99.95,Rattus norvegicus
NEUR_8350,Amygdala,111.46,51.29,Mus musculus
NEUR_5452,Hypothalamus,70.15,15.91,Macaca mulatta
NEUR_9948,Amygdala,6.32,78.69,Rattus norvegicus
NEUR_5347,Cortex,85.11,14.6,Macaca mulatta
NEUR_2658,Hippocampus,52.34,112.28,Macaca mulatta
NEUR_6005,Hypothalamus,102.49,82.05,Macaca mulatta
NEUR_1200,Cortex,36.8,61.66,Rattus norvegicus
NEUR_5261,Thalamus,104.62,87.45,Danio rerio
NEUR_9620,Amygdala,60.09,82.36,Macaca mulatta
NEUR_6015,Cerebellum,113.89,16.06,Rattus norvegicus
NEUR_8658,Hippocampus,26.49,17.48,Mus musculus
NEUR_9442,Cortex,147.63,60.01,Rattus norvegicus
NEUR_6788,Striatum,65.73,11.39,Mus musculus
NEUR_9531,Thalamus,50.66,53.02,Mus musculus
NEUR_1168,Cerebellum,39.04,27.85,Macaca mulatta
NEUR_3223,Hippocampus,23.79,61.54,Rattus norvegicus
NEUR_2206,Thalamus,26.05,13.22,Rattus norvegicus
NEUR_4895,Cortex,51.7,73.44,Danio rerio
NEUR_6821,Cerebellum,34.84,74.93,Rattus norvegicus
NEUR_4162,Striatum,28.3,85.11,Rattus norvegicus
NEUR_6533,Thalamus,91.3,20.3,Danio rerio
NEUR_4988,Hippocampus,18.04,118.95,Macaca mulatta
NEUR_9419,Hippocampus,102.58,95.99,Danio rerio
NEUR_6202,Hippocampus,15.31,114.72,Danio rerio
NEUR_5327,Striatum,91.42,118.18,Mus musculus
NEUR_7811,Hypothalamus,79.56,102.92,Danio rerio
NEUR_1118,Thalamus,72.16,101.72,Mus musculus
NEUR_1803,Thalamus,100.63,87.21,Danio rerio
NEUR_7012,Hypothalamus,106.22,77.22,Mus musculus
NEUR_9520,Amygdala,23.14,47.43,Macaca mulatta
NEUR_6980,Amygdala,110.55,23.34,Danio rerio
NEUR_5109,Hypothalamus,59.45,60.53,Mus musculus
NEUR_1137,Hippocampus,107.54,32.67,Mus musculus
NEUR_6022,Hippocampus,121.62,42.34,Mus musculus
NEUR_9333,Amygdala,110.8,49.38,Macaca mulatta
NEUR_1453,Hypothalamus,16.7,109.79,Rattus norvegicus
NEUR_8755,Cerebellum,29.73,64.24,Rattus norvegicus
NEUR_8552,Cortex,35.9,32.2,Rattus norvegicus
NEUR_9841,Thalamus,75.59,17.25,Rattus norvegicus
NEUR_7666,Hippocampus,36.21,85.37,Rattus norvegicus
NEUR_7899,Cerebellum,70.32,101.95,Rattus norvegicus
NEUR_4770,Hippocampus,109.35,74.8,Rattus norvegicus
NEUR_9308,Cerebellum,102.07,50.94,Rattus norvegicus
NEUR_8717,Striatum,98.5,56.17,Mus musculus
NEUR_4450,Hypothalamus,42.59,73.18,Danio rerio
NEUR_4083,Hypothalamus,71.15,10.7,Rattus norvegicus
NEUR_9688,Cerebellum,20.67,28.64,Macaca mulatta
NEUR_1322,Cortex,5.58,14.37,Macaca mulatta
NEUR_5798,Amygdala,60.08,36.53,Macaca mulatta
NEUR_1014,Amygdala,61.26,33.59,Danio rerio
NEUR_1809,Amygdala,25.5,109.56,Mus musculus
NEUR_8186,Hypothalamus,40.96,88.97,Rattus norvegicus
NEUR_4468,Amygdala,123.63,86.17,Macaca mulatta
NEUR_8913,Amygdala,45.27,24.08,Mus musculus
NEUR_9082,Cerebellum,109.76,79.52,Mus musculus
NEUR_5133,Hippocampus,139.7,24.67,Mus musculus
NEUR_1367,Striatum,31.44,111.29,Danio rerio
NEUR_9513,Striatum,6.21,13.87,Mus musculus
NEUR_2861,Amygdala,129.88,73.46,Macaca mulatta
NEUR_7706,Hypothalamus,149.63,86.22,Danio rerio
NEUR_5230,Cerebellum,118.69,118.33,Rattus norvegicus
NEUR_5525,Striatum,81.92,109.21,Mus musculus
NEUR_3854,Cerebellum,70.27,102.2,Mus musculus
NEUR_5137,Cortex,97.17,51.42,Macaca mulatta
NEUR_7078,Thalamus,143.9,119.57,Danio rerio
NEUR_7780,Cerebellum,120.94,57.0,Danio rerio
NEUR_3437,Striatum,136.56,43.57,Danio rerio
NEUR_4209,Thalamus,2.67,101.78,Rattus norvegicus
NEUR_8495,Hippocampus,72.61,56.96,Danio rerio
NEUR_7485,Hippocampus,104.65,96.8,Mus musculus
NEUR_3306,Hippocampus,126.83,101.67,Danio rerio
NEUR_5493,Hippocampus,79.41,119.53,Mus musculus
NEUR_3655,Striatum,124.47,119.78,Mus musculus
NEUR_5754,Striatum,40.78,88.96,Danio rerio
NEUR_6443,Thalamus,74.94,97.01,Rattus norvegicus
NEUR_6806,Cortex,61.86,83.24,Rattus norvegicus
NEUR_9243,Amygdala,138.92,102.62,Macaca mulatta
NEUR_7628,Cortex,39.35,116.49,Danio rerio
NEUR_9568,Amygdala,36.8,36.48,Danio rerio
NEUR_1337,Hippocampus,44.64,58.21,Mus musculus
NEUR_6250,Cerebellum,3.3,100.15,Rattus norvegicus
NEUR_2721,Cerebellum,133.45,111.52,Rattus norvegicus
NEUR_1425,Striatum,59.0,90.18,Danio rerio
NEUR_9031,Amygdala,83.65,62.99,Macaca mulatta
NEUR_7946,Cerebellum,119.61,112.45,Mus musculus
NEUR_2508,Amygdala,91.64,73.37,Rattus norvegicus
NEUR_3475,Hypothalamus,146.91,14.94,Danio rerio
NEUR_9134,Hypothalamus,27.53,84.63,Mus musculus
NEUR_2262,Hypothalamus,18.57,72.2,Macaca mulatta
NEUR_6576,Hypothalamus,55.78,47.69,Mus musculus
NEUR_7647,Cerebellum,71.25,75.95,Macaca mulatta
NEUR_6169,Cerebellum,31.77,113.84,Rattus norvegicus
NEUR_1072,Amygdala,70.52,43.14,Danio rerio
NEUR_4622,Striatum,39.94,55.13,Mus musculus
NEUR_3307,Cortex,113.32,54.54,Rattus norvegicus
NEUR_9126,Striatum,12.91,81.7,Rattus norvegicus
NEUR_8581,Hippocampus,13.22,102.6,Mus musculus
NEUR_1598,Hypothalamus,30.84,101.17,Danio rerio
NEUR_2618,Hippocampus,77.88,48.79,Macaca mulatta
NEUR_7328,Cortex,57.86,67.11,Mus musculus
NEUR_8183,Amygdala,132.94,56.74,Rattus norvegicus
NEUR_4214,Striatum,134.65,98.07,Macaca mulatta
NEUR_5514,Cortex,2.42,31.07,Macaca mulatta
NEUR_1467,Striatum,16.75,25.37,Mus musculus
NEUR_7773,Cortex,141.69,54.85,Macaca mulatta
NEUR_5874,Striatum,97.58,26.26,Mus musculus
NEUR_9449,Thalamus,57.04,69.7,Danio rerio
NEUR_3523,Amygdala,99.57,91.87,Mus musculus
NEUR_9336,Thalamus,114.88,49.25,Mus musculus
NEUR_3621,Amygdala,102.22,101.99,Danio rerio
NEUR_6382,Hippocampus,130.07,20.08,Mus musculus
NEUR_2597,Amygdala,129.77,108.7,Danio rerio
NEUR_1017,Thalamus,34.35,38.69,Rattus norvegicus
NEUR_6555,Cortex,91.71,109.73,Danio rerio
NEUR_4954,Cortex,37.76,11.11,Danio rerio
NEUR_9628,Hypothalamus,14.45,45.83,Mus musculus
NEUR_4830,Hypothalamus,31.91,60.84,Mus musculus
NEUR_3378,Hippocampus,2.83,109.53,Danio rerio
NEUR_7198,Cortex,137.52,25.37,Danio rerio
NEUR_5083,Hypothalamus,90.79,13.98,Macaca mulatta
NEUR_7834,Amygdala,115.8,73.07,Danio rerio
NEUR_6664,Thalamus,114.88,61.98,Danio rerio
NEUR_4213,Cerebellum,55.72,47.49,Macaca mulatta
NEUR_4130,Thalamus,61.01,94.33,Danio rerio
NEUR_7902,Cerebellum,107.39,99.24,Macaca mulatta
NEUR_5984,Amygdala,112.14,89.18,Mus musculus
NEUR_8891,Striatum,133.91,44.05,Danio rerio
NEUR_4684,Thalamus,1.94,63.68,Danio rerio
NEUR_1413,Amygdala,117.61,102.17,Rattus norvegicus
NEUR_1702,Cerebellum,131.51,113.45,Mus musculus
NEUR_8928,Thalamus,138.14,108.42,Rattus norvegicus
NEUR_1324,Hippocampus,64.28,57.51,Mus musculus
NEUR_4761,Hippocampus,37.84,39.62,Danio rerio
NEUR_1554,Cortex,79.75,108.59,Rattus norvegicus
NEUR_2411,Hypothalamus,29.4,91.51,Macaca mulatta
NEUR_5709,Amygdala,65.74,65.0,Danio rerio
NEUR_4079,Amygdala,123.57,21.5,Rattus norvegicus
NEUR_3974,Cerebellum,1.5,29.05,Mus musculus
NEUR_4900,Striatum,21.81,113.02,Danio rerio
NEUR_5861,Amygdala,120.16,88.53,Mus musculus
NEUR_4784,Cerebellum,103.3,37.44,Mus musculus
NEUR_3406,Striatum,59.64,109.72,Rattus norvegicus
NEUR_6355,Striatum,17.47,115.56,Macaca mulatta
NEUR_6085,Thalamus,34.97,14.63,Macaca mulatta
NEUR_3649,Striatum,41.63,30.45,Macaca mulatta
NEUR_1834,Hippocampus,124.75,32.31,Rattus norvegicus
NEUR_2644,Thalamus,144.18,118.64,Rattus norvegicus
NEUR_3780,Thalamus,15.74,17.19,Rattus norvegicus
NEUR_9069,Cerebellum,57.77,48.18,Rattus norvegicus
NEUR_8622,Hippocampus,42.04,97.73,Mus musculus
NEUR_6804,Amygdala,48.11,43.63,Macaca mulatta
NEUR_5161,Cerebellum,25.27,91.57,Danio rerio
NEUR_4514,Cortex,37.33,37.14,Mus musculus
NEUR_8350,Cortex,62.85,75.28,Danio rerio
NEUR_3906,Hypothalamus,72.29,98.28,Mus musculus
NEUR_4268,Hypothalamus,47.77,66.6,Danio rerio
NEUR_8785,Cerebellum,148.98,68.43,Macaca mulatta
NEUR_3856,Thalamus,6.5,45.47,Macaca mulatta
NEUR_8836,Cortex,113.63,88.32,Mus musculus
NEUR_4405,Thalamus,77.43,65.64,Macaca mulatta
NEUR_5368,Amygdala,102.84,102.96,Macaca mulatta
NEUR_1185,Striatum,5.64,98.25,Macaca mulatta
NEUR_2647,Cerebellum,54.85,47.95,Mus musculus
NEUR_6286,Hypothalamus,44.64,11.26,Rattus norvegicus
NEUR_1582,Striatum,7.74,24.4,Danio rerio
NEUR_5224,Cortex,82.84,115.92,Rattus norvegicus
NEUR_4400,Hippocampus,37.0,42.98,Mus musculus
NEUR_8568,Thalamus,75.98,97.63,Macaca mulatta
NEUR_1932,Cerebellum,5.28,73.38,Macaca mulatta
NEUR_3429,Hippocampus,99.55,52.2,Rattus norvegicus
NEUR_2819,Hippocampus,94.54,41.19,Mus musculus
NEUR_2349,Striatum,89.52,72.6,Macaca mulatta
NEUR_7953,Thalamus,138.6,82.76,Danio rerio
NEUR_6818,Hippocampus,140.77,69.65,Danio rerio
NEUR_1908,Hypothalamus,45.99,101.95,Rattus norvegicus
NEUR_1337,Amygdala,138.85,115.87,Rattus norvegicus
NEUR_3933,Thalamus,142.37,27.66,Rattus norvegicus
NEUR_2655,Hypothalamus,117.69,65.34,Mus musculus
NEUR_7872,Striatum,145.09,19.25,Mus musculus
NEUR_6188,Hypothalamus,103.42,17.8,Rattus norvegicus
NEUR_8068,Striatum,106.88,109.84,Macaca mulatta
NEUR_5068,Hippocampus,75.99,110.31,Mus musculus
NEUR_9954,Striatum,62.22,57.85,Rattus norvegicus
NEUR_9462,Cortex,21.46,12.54,Macaca mulatta
NEUR_9288,Thalamus,12.64,17.79,Danio rerio
NEUR_8957,Cortex,74.47,91.25,Macaca mulatta
NEUR_6758,Amygdala,39.9,66.35,Mus musculus
NEUR_1346,Cortex,2.31,16.7,Macaca mulatta
NEUR_6375,Amygdala,113.81,11.83,Rattus norvegicus
NEUR_2084,Amygdala,106.34,13.11,Rattus norvegicus
NEUR_4105,Cortex,99.05,95.42,Rattus norvegicus
NEUR_1461,Amygdala,11.63,11.39,Danio rerio
NEUR_4781,Amygdala,42.99,70.27,Macaca mulatta
NEUR_8043,Hippocampus,37.15,96.6,Danio rerio
NEUR_5136,Cortex,75.03,11.49,Macaca mulatta
NEUR_7820,Cerebellum,24.42,109.68,Rattus norvegicus
NEUR_6805,Hypothalamus,4.9,63.95,Danio rerio
NEUR_6510,Cortex,20.79,13.33,Danio rerio
NEUR_1545,Hippocampus,121.79,66.91,Rattus norvegicus
NEUR_9565,Hippocampus,7.4,65.69,Macaca mulatta
NEUR_9923,Cerebellum,146.06,66.71,Macaca mulatta
NEUR_8182,Cortex,120.79,119.33,Mus musculus
NEUR_2307,Cerebellum,133.06,37.5,Mus musculus
NEUR_5002,Cerebellum,126.72,118.41,Rattus norvegicus
NEUR_9746,Cerebellum,96.02,101.47,Danio rerio
NEUR_5648,Amygdala,149.57,79.59,Rattus norvegicus
NEUR_9122,Cerebellum,81.03,44.4,Danio rerio
NEUR_9032,Hypothalamus,71.17,110.05,Mus musculus
NEUR_5909,Hypothalamus,94.48,32.87,Rattus norvegicus
NEUR_8497,Cerebellum,8.44,11.82,Mus musculus
NEUR_7774,Hypothalamus,81.15,68.41,Macaca mulatta
NEUR_5209,Hippocampus,20.85,108.36,Rattus norvegicus
NEUR_5899,Amygdala,108.3,80.05,Mus musculus
NEUR_8934,Cortex,1.2,88.19,Mus musculus
NEUR_4727,Hippocampus,50.49,21.84,Mus musculus
NEUR_5067,Hypothalamus,68.33,118.62,Rattus norvegicus
NEUR_6369,Amygdala,67.1,14.6,Mus musculus
NEUR_9554,Hippocampus,12.47,32.44,Danio rerio
NEUR_7206,Cerebellum,16.48,84.17,Rattus norvegicus
NEUR_7287,Cerebellum,106.6,100.0,Mus musculus
NEUR_2887,Striatum,62.3,48.53,Danio rerio
NEUR_5292,Hippocampus,124.79,34.85,Danio rerio
NEUR_5991,Cerebellum,144.42,71.66,Rattus norvegicus
NEUR_4399,Cerebellum,117.44,56.5,Rattus norvegicus
NEUR_7420,Hypothalamus,80.16,112.9,Macaca mulatta
NEUR_2837,Hippocampus,9.85,66.37,Rattus norvegicus
NEUR_2568,Thalamus,96.16,28.01,Macaca mulatta
NEUR_9931,Hypothalamus,106.63,35.15,Rattus norvegicus
NEUR_7901,Hippocampus,73.2,28.11,Rattus norvegicus
NEUR_4980,Striatum,30.99,107.8,Mus musculus
NEUR_8695,Hippocampus,132.76,111.15,Rattus norvegicus
NEUR_9665,Striatum,10.31,93.87,Macaca mulatta
NEUR_4031,Striatum,137.2,107.14,Rattus norvegicus
NEUR_8250,Hippocampus,120.48,94.95,Rattus norvegicus
NEUR_2368,Thalamus,58.21,88.9,Rattus norvegicus
NEUR_9266,Thalamus,131.89,24.42,Macaca mulatta
NEUR_6328,Hippocampus,131.49,119.62,Danio rerio
NEUR_6636,Striatum,74.54,67.74,Rattus norvegicus
NEUR_7853,Cortex,125.89,107.77,Rattus norvegicus
NEUR_8579,Cerebellum,108.2,54.95,Mus musculus
NEUR_2081,Thalamus,122.39,42.82,Macaca mulatta
NEUR_1664,Cortex,83.48,25.94,Danio rerio
NEUR_2004,Hippocampus,136.0,20.21,Rattus norvegicus
NEUR_9103,Thalamus,118.81,58.62,Rattus norvegicus
NEUR_7632,Hippocampus,69.87,24.18,Mus musculus
NEUR_2325,Hypothalamus,119.34,32.24,Mus musculus
NEUR_6236,Hypothalamus,117.52,72.44,Rattus norvegicus
NEUR_1123,Thalamus,78.89,20.28,Danio rerio
NEUR_6987,Hippocampus,82.81,79.78,Danio rerio
NEUR_7536,Amygdala,35.13,95.09,Mus musculus
NEUR_9445,Cerebellum,0.67,76.2,Macaca mulatta
NEUR_2549,Thalamus,10.48,99.52,Rattus norvegicus
NEUR_5749,Amygdala,51.96,52.75,Macaca mulatta
NEUR_1471,Cortex,16.23,63.36,Macaca mulatta
NEUR_4924,Amygdala,70.26,46.01,Rattus norvegicus
NEUR_9515,Hippocampus,144.68,19.15,Rattus norvegicus
NEUR_1355,Cerebellum,29.79,62.17,Danio rerio
NEUR_5010,Hypothalamus,118.21,27.97,Macaca mulatta
NEUR_9590,Hippocampus,14.06,20.16,Rattus norvegicus
NEUR_7565,Cerebellum,50.92,58.46,Rattus norvegicus
NEUR_9285,Cortex,102.45,52.7,Rattus norvegicus
NEUR_2755,Amygdala,17.53,96.38,Rattus norvegicus
NEUR_3895,Thalamus,13.06,14.17,Rattus norvegicus
NEUR_9229,Hypothalamus,132.54,45.73,Danio rerio
NEUR_8424,Thalamus,64.65,83.52,Rattus norvegicus
NEUR_2153,Hippocampus,105.49,99.53,Danio rerio
NEUR_3382,Striatum,113.1,49.63,Danio rerio
NEUR_6233,Cortex,144.27,18.38,Mus musculus
NEUR_5886,Thalamus,117.46,16.33,Mus musculus
NEUR_9160,Cortex,12.54,24.35,Danio rerio
NEUR_6638,Thalamus,67.3,49.66,Danio rerio
NEUR_5430,Thalamus,88.71,112.96,Mus musculus
NEUR_3494,Hippocampus,114.01,43.7,Macaca mulatta
NEUR_3515,Thalamus,110.11,102.06,Rattus norvegicus
NEUR_4577,Striatum,77.21,90.16,Macaca mulatta
NEUR_4516,Amygdala,13.46,19.3,Mus musculus
NEUR_8719,Cortex,12.95,25.61,Macaca mulatta
NEUR_9946,Hippocampus,106.95,99.71,Mus musculus
NEUR_5624,Cerebellum,139.43,15.64,Danio rerio
NEUR_4830,Cortex,19.6,79.64,Mus musculus
NEUR_7114,Striatum,129.45,83.21,Danio rerio
NEUR_8652,Hypothalamus,87.52,103.38,Macaca mulatta
NEUR_7533,Thalamus,113.02,75.39,Macaca mulatta
NEUR_9412,Hypothalamus,98.98,47.24,Danio rerio
NEUR_6698,Cerebellum,3.61,71.6,Danio rerio
NEUR_6802,Hypothalamus,86.84,49.67,Mus musculus
NEUR_4349,Thalamus,61.7,77.62,Mus musculus
NEUR_9799,Hypothalamus,46.95,13.64,Rattus norvegicus
NEUR_5714,Thalamus,67.12,24.76,Macaca mulatta
NEUR_6592,Hypothalamus,126.01,99.57,Rattus norvegicus
NEUR_7410,Thalamus,44.75,74.59,Mus musculus
NEUR_3120,Cerebellum,80.21,79.96,Danio rerio
NEUR_6304,Hypothalamus,81.15,16.51,Danio rerio
NEUR_7230,Amygdala,60.91,113.39,Macaca mulatta
NEUR_9260,Thalamus,81.94,70.98,Macaca mulatta
NEUR_2679,Cortex,133.82,52.07,Rattus norvegicus
NEUR_1699,Hippocampus,4.52,52.7,Rattus norvegicus
NEUR_1072,Cerebellum,27.51,19.0,Mus musculus
NEUR_5600,Hippocampus,87.26,61.42,Mus musculus
NEUR_3560,Thalamus,70.67,63.56,Mus musculus
NEUR_1631,Cortex,0.12,26.1,Macaca mulatta
NEUR_4055,Hippocampus,114.91,51.5,Macaca mulatta
NEUR_5153,Thalamus,2.2,51.33,Rattus norvegicus
NEUR_4611,Thalamus,141.92,63.15,Mus musculus
NEUR_5543,Amygdala,52.48,75.66,Macaca mulatta
NEUR_9725,Striatum,85.31,83.56,Mus musculus
NEUR_4130,Thalamus,15.07,71.9,Danio rerio
NEUR_2050,Hypothalamus,88.43,10.0,Rattus norvegicus
NEUR_6256,Thalamus,118.4,34.18,Danio rerio
NEUR_7968,Cerebellum,138.15,86.98,Mus musculus
NEUR_1075,Striatum,39.29,68.48,Macaca mulatta
NEUR_2362,Cortex,35.89,95.98,Danio rerio
NEUR_2792,Thalamus,74.95,50.87,Macaca mulatta
NEUR_1791,Hypothalamus,112.09,19.18,Mus musculus
NEUR_8341,Hippocampus,121.66,103.89,Rattus norvegicus
NEUR_6953,Hypothalamus,113.9,55.02,Danio rerio
NEUR_7442,Hippocampus,55.86,31.81,Mus musculus
NEUR_8972,Hypothalamus,107.14,15.97,Rattus norvegicus
NEUR_2334,Cortex,41.35,15.95,Danio rerio
NEUR_9869,Cortex,19.09,118.47,Rattus norvegicus
NEUR_6798,Hypothalamus,28.17,36.9,Mus musculus
NEUR_9352,Cortex,96.62,49.78,Danio rerio
NEUR_8635,Cortex,90.99,10.95,Macaca mulatta
NEUR_6253,Hypothalamus,123.5,116.87,Danio rerio
NEUR_4263,Striatum,73.18,92.58,Rattus norvegicus
NEUR_3627,Striatum,62.49,103.87,Rattus norvegicus
NEUR_4796,Cerebellum,42.41,82.64,Danio rerio
NEUR_4276,Thalamus,59.84,97.34,Macaca mulatta
NEUR_6892,Cerebellum,146.24,113.04,Mus musculus
NEUR_7147,Cortex,38.3,25.03,Danio rerio
NEUR_2992,Thalamus,19.55,111.88,Macaca mulatta
NEUR_6414,Cortex,21.52,59.06,Danio rerio
NEUR_9011,Cortex,69.86,75.91,Danio rerio
NEUR_9032,Striatum,87.65,30.79,Danio rerio
NEUR_2881,Striatum,96.32,104.09,Rattus norvegicus
NEUR_2478,Striatum,18.48,82.06,Danio rerio
NEUR_1414,Cortex,7.43,20.95,Danio rerio
NEUR_3955,Thalamus,8.65,85.17,Danio rerio
NEUR_3436,Cerebellum,138.56,59.92,Danio rerio
NEUR_7167,Thalamus,91.52,71.98,Mus musculus
NEUR_1594,Striatum,146.16,51.01,Macaca mulatta
NEUR_3652,Striatum,6.0,117.95,Danio rerio
NEUR_6662,Striatum,115.15,119.13,Danio rerio
NEUR_8465,Striatum,118.0,12.4,Rattus norvegicus
NEUR_4520,Cortex,2.9,115.27,Macaca mulatta
NEUR_2045,Hippocampus,141.89,92.39,Macaca mulatta
NEUR_5778,Thalamus,76.6,36.43,Mus musculus
NEUR_5301,Amygdala,90.4,57.48,Danio rerio
NEUR_4198,Hypothalamus,144.38,52.41,Danio rerio
NEUR_4375,Striatum,84.06,57.89,Rattus norvegicus
NEUR_4593,Hippocampus,137.73,90.6,Mus musculus
NEUR_6202,Cortex,103.32,69.73,Danio rerio
NEUR_7846,Striatum,45.89,109.39,Danio rerio
NEUR_2858,Cerebellum,63.07,113.42,Mus musculus
NEUR_9291,Amygdala,33.98,74.1,Mus musculus
NEUR_8761,Cerebellum,13.55,74.07,Rattus norvegicus
NEUR_2013,Hypothalamus,35.24,10.91,Rattus norvegicus
NEUR_7000,Striatum,14.61,54.88,Danio rerio
NEUR_1521,Amygdala,69.92,60.38,Macaca mulatta
NEUR_9903,Striatum,105.48,84.05,Mus musculus
NEUR_3333,Thalamus,31.32,91.73,Rattus norvegicus
NEUR_3266,Hypothalamus,79.29,41.65,Rattus norvegicus
NEUR_7262,Thalamus,34.97,20.94,Rattus norvegicus
NEUR_8313,Hypothalamus,15.04,111.66,Macaca mulatta
NEUR_4604,Hippocampus,69.01,68.57,Danio rerio
NEUR_7404,Hippocampus,129.5,101.99,Mus musculus
NEUR_8452,Hippocampus,5.08,85.04,Rattus norvegicus
NEUR_1310,Hippocampus,129.51,17.15,Rattus norvegicus
NEUR_3384,Striatum,6.1,44.67,Mus musculus
NEUR_1008,Cerebellum,107.76,61.29,Macaca mulatta
NEUR_7002,Hippocampus,85.0,10.1,Rattus norvegicus
NEUR_2300,Hypothalamus,67.54,40.6,Macaca mulatta
NEUR_1818,Hypothalamus,57.2,26.51,Danio rerio
NEUR_6664,Cerebellum,3.53,109.87,Macaca mulatta
NEUR_9890,Amygdala,79.23,52.29,Danio rerio
NEUR_7555,Amygdala,11.87,32.57,Macaca mulatta
NEUR_4243,Striatum,88.03,65.36,Mus musculus
NEUR_1350,Amygdala,57.98,82.43,Macaca mulatta
NEUR_3858,Amygdala,2.68,94.23,Danio rerio
NEUR_7739,Amygdala,140.58,24.14,Danio rerio
NEUR_2626,Amygdala,59.85,54.13,Danio rerio
NEUR_5491,Cerebellum,149.61,111.94,Danio rerio
NEUR_6775,Cerebellum,137.33,68.9,Danio rerio
NEUR_4836,Thalamus,120.76,99.98,Danio rerio
NEUR_6731,Cerebellum,138.6,36.41,Rattus norvegicus
NEUR_2315,Striatum,66.64,24.51,Rattus norvegicus
NEUR_1781,Hippocampus,5.74,55.31,Rattus norvegicus
NEUR_6749,Hypothalamus,100.23,92.34,Mus musculus
NEUR_3991,Thalamus,50.57,17.6,Danio rerio
NEUR_9635,Striatum,3.84,42.03,Macaca mulatta
NEUR_4067,Amygdala,108.54,48.14,Danio rerio
NEUR_4932,Cortex,81.08,36.3,Rattus norvegicus
NEUR_3089,Amygdala,28.61,83.31,Rattus norvegicus
NEUR_6706,Hypothalamus,47.37,59.04,Mus musculus
NEUR_6173,Amygdala,14.57,58.11,Macaca mulatta
NEUR_9303,Cerebellum,92.57,117.62,Mus musculus
NEUR_1239,Striatum,89.93,14.87,Macaca mulatta
NEUR_8366,Cerebellum,115.99,113.9,Danio rerio
NEUR_8054,Amygdala,27.88,49.04,Danio rerio
NEUR_4369,Hippocampus,88.95,91.87,Mus musculus
NEUR_6644,Cerebellum,53.87,99.37,Mus musculus
NEUR_4239,Thalamus,43.83,24.47,Rattus norvegicus
NEUR_3343,Hippocampus,41.35,42.48,Macaca mulatta
NEUR_9122,Cerebellum,138.22,70.73,Danio rerio
NEUR_4043,Cerebellum,9.06,54.94,Rattus norvegicus
NEUR_1762,Amygdala,115.45,105.04,Macaca mulatta
NEUR_4871,Striatum,128.55,65.0,Macaca mulatta
NEUR_3467,Thalamus,8.62,103.85,Danio rerio
NEUR_1257,Cerebellum,36.18,50.89,Danio rerio
NEUR_7194,Cerebellum,59.16,50.63,Mus musculus
NEUR_6031,Cerebellum,87.17,51.4,Rattus norvegicus
NEUR_3677,Amygdala,17.0,25.0,Macaca mulatta
NEUR_9596,Hypothalamus,143.9,93.87,Macaca mulatta
NEUR_4934,Hypothalamus,118.59,57.25,Rattus norvegicus
NEUR_9550,Amygdala,68.66,83.11,Mus musculus
NEUR_3168,Hippocampus,105.05,110.8,Macaca mulatta
NEUR_2635,Hypothalamus,55.63,117.58,Macaca mulatta
NEUR_5055,Cerebellum,54.55,46.57,Rattus norvegicus
NEUR_7358,Thalamus,104.54,104.27,Rattus norvegicus
NEUR_2982,Cortex,80.99,56.71,Mus musculus
NEUR_4717,Thalamus,86.5,40.14,Mus musculus
NEUR_1467,Hippocampus,85.54,67.32,Rattus norvegicus
NEUR_2916,Thalamus,97.43,32.36,Rattus norvegicus
NEUR_1398,Striatum,64.66,111.08,Rattus norvegicus
NEUR_3741,Thalamus,56.54,69.82,Rattus norvegicus
NEUR_6059,Cortex,10.77,77.42,Mus musculus
NEUR_6026,Cortex,132.11,37.48,Danio rerio
NEUR_4774,Striatum,37.33,23.83,Danio rerio
NEUR_8160,Thalamus,85.15,105.51,Danio rerio
NEUR_9250,Cerebellum,35.25,65.94,Mus musculus
NEUR_4122,Thalamus,116.02,37.97,Mus musculus
NEUR_8945,Striatum,147.65,75.23,Danio rerio
NEUR_4972,Cerebellum,44.89,62.69,Danio rerio
NEUR_1400,Cerebellum,99.42,43.07,Rattus norvegicus
NEUR_9383,Hypothalamus,27.93,39.96,Macaca mulatta
NEUR_4624,Amygdala,101.39,35.74,Macaca mulatta
NEUR_8855,Striatum,23.86,101.34,Mus musculus
NEUR_9989,Cerebellum,51.03,57.71,Macaca mulatta
NEUR_9757,Amygdala,20.94,99.42,Danio rerio
NEUR_6683,Hippocampus,94.22,41.74,Mus musculus
NEUR_1230,Hypothalamus,129.01,30.39,Mus musculus
NEUR_9835,Cortex,140.86,66.47,Rattus norvegicus
NEUR_8023,Hypothalamus,25.16,39.87,Mus musculus
NEUR_9760,Amygdala,17.25,109.45,Rattus norvegicus
NEUR_5535,Thalamus,20.78,53.69,Rattus norvegicus
NEUR_6550,Amygdala,107.47,107.73,Mus musculus
NEUR_2625,Amygdala,51.41,66.92,Macaca mulatta
NEUR_4227,Hypothalamus,54.68,102.27,Danio rerio
NEUR_2265,Striatum,48.27,26.7,Macaca mulatta
NEUR_5236,Hypothalamus,64.69,62.84,Danio rerio
NEUR_2732,Cerebellum,96.17,117.0,Rattus norvegicus
NEUR_5077,Amygdala,52.95,18.07,Macaca mulatta
NEUR_4010,Hypothalamus,8.74,63.15,Macaca mulatta
NEUR_2322,Thalamus,110.88,62.44,Rattus norvegicus
NEUR_1626,Amygdala,117.84,106.4,Macaca mulatta
NEUR_7649,Amygdala,11.81,58.83,Rattus norvegicus
NEUR_4402,Amygdala,59.29,83.66,Danio rerio
NEUR_9057,Thalamus,1.86,31.42,Mus musculus
NEUR_7407,Amygdala,23.65,84.84,Rattus norvegicus
NEUR_4321,Cerebellum,0.49,60.73,Danio rerio
NEUR_7457,Thalamus,37.14,59.72,Macaca mulatta
NEUR_3076,Hypothalamus,36.0,105.13,Danio rerio
NEUR_7032,Amygdala,30.61,113.21,Rattus norvegicus
NEUR_4834,Hippocampus,113.86,105.35,Mus musculus
NEUR_9066,Striatum,102.3,28.87,Macaca mulatta
NEUR_9538,Cerebellum,14.13,77.56,Macaca mulatta
NEUR_9032,Amygdala,10.78,68.45,Rattus norvegicus
NEUR_2267,Hypothalamus,59.14,60.92,Rattus norvegicus
NEUR_2011,Hippocampus,34.02,20.12,Rattus norvegicus
NEUR_7697,Striatum,56.52,10.23,Mus musculus
NEUR_6512,Hypothalamus,119.34,103.15,Macaca mulatta
NEUR_7196,Amygdala,82.1,90.9,Rattus norvegicus
NEUR_6363,Thalamus,149.63,54.62,Rattus norvegicus
NEUR_1592,Striatum,96.06,43.07,Danio rerio
NEUR_4568,Amygdala,67.44,71.91,Mus musculus
NEUR_8518,Cerebellum,4.01,42.06,Mus musculus
NEUR_5137,Cortex,144.92,118.78,Mus musculus
NEUR_6874,Hippocampus,3.35,115.37,Danio rerio
NEUR_8451,Hypothalamus,28.43,112.95,Rattus norvegicus
NEUR_3750,Thalamus,89.44,115.49,Danio rerio
NEUR_2666,Hypothalamus,129.12,52.34,Rattus norvegicus
NEUR_2504,Cortex,144.98,14.49,Danio rerio
NEUR_4341,Striatum,78.48,30.26,Rattus norvegicus
NEUR_4326,Hypothalamus,80.4,92.6,Macaca mulatta
NEUR_7209,Thalamus,75.65,117.08,Danio rerio
NEUR_5936,Striatum,12.3,68.66,Macaca mulatta
NEUR_3153,Cortex,64.04,21.25,Danio rerio
NEUR_2418,Cortex,8.57,115.25,Danio rerio
NEUR_1616,Hippocampus,70.15,82.08,Rattus norvegicus
NEUR_8204,Hippocampus,53.45,94.85,Rattus norvegicus
NEUR_8377,Striatum,101.91,17.86,Mus musculus
NEUR_4116,Thalamus,55.05,67.0,Danio rerio
NEUR_2498,Cortex,18.48,12.68,Mus musculus
NEUR_8498,Thalamus,52.31,116.32,Mus musculus
NEUR_5586,Thalamus,137.51,69.34,Danio rerio
NEUR_1147,Striatum,124.15,11.19,Mus musculus
NEUR_9024,Amygdala,15.8,17.11,Mus musculus
NEUR_4530,Amygdala,109.84,104.18,Rattus norvegicus
NEUR_4229,Cortex,68.84,59.6,Macaca mulatta
NEUR_9692,Striatum,29.8,17.79,Macaca mulatta
NEUR_9585,Cerebellum,26.16,83.7,Rattus norvegicus
NEUR_3037,Hippocampus,99.02,110.98,Danio rerio
NEUR_9767,Cerebellum,29.54,26.39,Danio rerio
NEUR_6432,Cortex,26.72,65.54,Macaca mulatta
NEUR_5239,Cortex,120.85,46.09,Rattus norvegicus
NEUR_1861,Cerebellum,68.76,20.42,Danio rerio
NEUR_6732,Amygdala,149.38,45.34,Danio rerio
NEUR_3149,Thalamus,58.2,42.55,Macaca mulatta
NEUR_1793,Cerebellum,12.74,46.31,Macaca mulatta
NEUR_2767,Hippocampus,34.74,36.02,Rattus norvegicus
NEUR_7391,Amygdala,34.64,96.02,Mus musculus
NEUR_5043,Striatum,132.7,23.7,Macaca mulatta
NEUR_2799,Hippocampus,126.7,77.81,Danio rerio
NEUR_9883,Thalamus,120.56,95.22,Danio rerio
NEUR_7754,Striatum,141.22,95.58,Macaca mulatta
NEUR_3804,Hypothalamus,88.39,50.28,Mus musculus
NEUR_2572,Striatum,126.8,53.67,Danio rerio
NEUR_8671,Amygdala,79.39,65.81,Macaca mulatta
NEUR_8580,Cortex,91.39,14.87,Mus musculus
NEUR_8604,Hypothalamus,96.95,116.91,Macaca mulatta
NEUR_6721,Cerebellum,121.61,31.24,Macaca mulatta
NEUR_3765,Striatum,29.71,105.62,Mus musculus
NEUR_3973,Hippocampus,129.58,24.83,Mus musculus
NEUR_2968,Cerebellum,12.08,49.53,Macaca mulatta
NEUR_4897,Thalamus,80.63,87.44,Danio rerio
NEUR_6922,Striatum,76.21,80.81,Rattus norvegicus
NEUR_7654,Hippocampus,52.66,23.25,Mus musculus
NEUR_4085,Hippocampus,123.16,91.75,Macaca mulatta
NEUR_4734,Hippocampus,81.23,46.55,Macaca mulatta
NEUR_1256,Amygdala,73.62,119.63,Mus musculus
NEUR_3440,Thalamus,25.91,34.83,Danio rerio
NEUR_3337,Cortex,50.53,19.93,Danio rerio
NEUR_4113,Striatum,129.79,97.78,Macaca mulatta
NEUR_6104,Striatum,122.82,97.49,Rattus norvegicus
NEUR_4655,Amygdala,78.86,80.97,Rattus norvegicus
NEUR_7353,Cerebellum,140.81,85.83,Danio rerio
NEUR_2181,Hypothalamus,117.79,97.74,Rattus norvegicus
NEUR_2860,Cortex,136.82,89.46,Danio rerio
NEUR_6508,Striatum,5.02,119.49,Danio rerio
NEUR_5055,Hippocampus,75.52,24.68,Danio rerio
NEUR_2833,Hippocampus,42.5,108.17,Mus musculus
NEUR_2224,Striatum,85.29,92.54,Danio rerio
NEUR_2547,Striatum,34.0,26.22,Mus musculus
NEUR_9730,Thalamus,121.28,20.97,Rattus norvegicus
NEUR_6672,Hypothalamus,118.98,101.0,Mus musculus
NEUR_6575,Thalamus,51.63,100.74,Danio rerio
NEUR_8985,Amygdala,129.38,27.28,Rattus norvegicus
NEUR_7102,Cortex,22.45,89.28,Danio rerio
NEUR_9365,Amygdala,135.99,105.59,Macaca mulatta
NEUR_6426,Thalamus,45.0,117.41,Macaca mulatta
NEUR_9519,Amygdala,9.91,119.0,Rattus norvegicus
NEUR_3984,Cortex,21.83,52.82,Danio rerio
NEUR_4368,Amygdala,24.95,85.94,Macaca mulatta
NEUR_4064,Thalamus,88.95,113.23,Mus musculus
NEUR_5909,Hypothalamus,98.45,98.87,Rattus norvegicus
NEUR_7196,Cerebellum,8.83,116.33,Macaca mulatta
NEUR_3521,Hippocampus,68.55,72.89,Macaca mulatta
NEUR_9915,Cortex,121.59,35.1,Macaca mulatta
NEUR_7293,Cerebellum,7.37,93.26,Danio rerio
NEUR_4981,Thalamus,127.82,65.79,Macaca mulatta
NEUR_1362,Thalamus,89.73,100.6,Macaca mulatta
NEUR_8508,Cortex,40.85,86.51,Danio rerio
NEUR_9825,Cortex,11.62,95.37,Macaca mulatta
NEUR_4753,Cortex,2.95,24.83,Macaca mulatta
NEUR_2214,Hypothalamus,136.09,86.07,Mus musculus
NEUR_6270,Thalamus,3.98,89.65,Danio rerio
NEUR_1883,Cerebellum,107.67,82.35,Mus musculus
NEUR_4790,Cerebellum,25.57,34.04,Rattus norvegicus
NEUR_2043,Amygdala,60.39,75.09,Macaca mulatta
NEUR_1740,Thalamus,105.97,68.44,Mus musculus
NEUR_7712,Thalamus,49.48,15.58,Danio rerio
NEUR_1823,Hypothalamus,67.47,86.74,Rattus norvegicus
NEUR_6235,Thalamus,108.47,70.71,Rattus norvegicus
NEUR_6929,Hypothalamus,131.28,97.88,Mus musculus
NEUR_5633,Striatum,95.91,13.64,Danio rerio
NEUR_8911,Striatum,65.83,88.07,Mus musculus
NEUR_1644,Striatum,55.89,119.52,Danio rerio
NEUR_8004,Cerebellum,35.92,82.26,Mus musculus
NEUR_9753,Thalamus,23.98,45.03,Rattus norvegicus
NEUR_7509,Hypothalamus,92.83,37.05,Danio rerio
NEUR_8967,Striatum,51.96,84.19,Danio rerio
NEUR_4171,Hippocampus,94.33,57.68,Rattus norvegicus
NEUR_3793,Cortex,56.53,37.31,Macaca mulatta
NEUR_1253,Hypothalamus,62.29,78.97,Danio rerio
NEUR_1742,Cortex,84.28,108.58,Danio rerio
NEUR_9899,Hypothalamus,149.73,86.07,Macaca mulatta
NEUR_2135,Hypothalamus,119.35,35.78,Macaca mulatta
NEUR_5587,Thalamus,53.49,28.99,Mus musculus
NEUR_4753,Hippocampus,97.02,119.72,Macaca mulatta
NEUR_3136,Hypothalamus,37.95,79.81,Rattus norvegicus
NEUR_7968,Thalamus,42.35,93.95,Mus musculus
NEUR_1726,Striatum,113.82,35.81,Mus musculus
NEUR_9211,Hypothalamus,33.25,56.92,Macaca mulatta
NEUR_2539,Hypothalamus,51.36,104.09,Rattus norvegicus
NEUR_1498,Amygdala,38.67,99.05,Rattus norvegicus
NEUR_1081,Hippocampus,16.46,69.82,Rattus norvegicus
NEUR_3157,Thalamus,13.79,57.95,Macaca mulatta
NEUR_1433,Cortex,148.98,67.96,Mus musculus
NEUR_3782,Cerebellum,119.0,93.94,Mus musculus
NEUR_3564,Striatum,63.18,106.88,Macaca mulatta
NEUR_4787,Amygdala,15.28,54.27,Danio rerio
NEUR_7280,Striatum,59.43,33.88,Rattus norvegicus
NEUR_3588,Cerebellum,144.06,90.1,Rattus norvegicus
NEUR_6145,Hypothalamus,145.29,57.89,Danio rerio
NEUR_1145,Cortex,43.95,98.47,Danio rerio
NEUR_3641,Cerebellum,65.7,109.72,Macaca mulatta
NEUR_8898,Hippocampus,76.15,39.22,Mus musculus
NEUR_2067,Amygdala,123.75,56.56,Rattus norvegicus
NEUR_4356,Cerebellum,14.95,50.51,Danio rerio
NEUR_7401,Cortex,129.63,79.29,Rattus norvegicus
NEUR_7605,Striatum,92.43,55.19,Rattus norvegicus
NEUR_4115,Hippocampus,76.52,71.18,Macaca mulatta
NEUR_4602,Hippocampus,131.29,43.13,Mus musculus
NEUR_4151,Cortex,84.39,59.46,Mus musculus
NEUR_9896,Hippocampus,54.61,41.97,Mus musculus
NEUR_2496,Thalamus,100.42,32.57,Rattus norvegicus
NEUR_8390,Amygdala,27.0,38.82,Mus musculus
NEUR_5628,Cerebellum,17.29,52.91,Danio rerio
NEUR_3754,Cortex,116.22,118.87,Rattus norvegicus
NEUR_4339,Amygdala,104.21,48.4,Mus musculus
NEUR_1747,Striatum,109.57,49.31,Rattus norvegicus
NEUR_8942,Hypothalamus,46.36,44.3,Danio rerio
NEUR_5760,Hypothalamus,94.69,60.5,Macaca mulatta
NEUR_1074,Amygdala,93.95,99.0,Danio rerio
NEUR_8548,Hypothalamus,111.08,101.05,Mus musculus
NEUR_9251,Thalamus,67.73,111.23,Macaca mulatta
NEUR_2055,Hypothalamus,111.89,110.83,Mus musculus
NEUR_1001,Thalamus,93.25,37.85,Mus musculus
NEUR_5538,Cerebellum,0.78,96.05,Mus musculus
NEUR_9854,Cerebellum,52.8,74.42,Macaca mulatta
NEUR_3568,Hypothalamus,58.48,25.95,Rattus norvegicus
NEUR_1344,Striatum,51.84,109.16,Mus musculus
NEUR_4011,Striatum,13.99,20.21,Danio rerio
NEUR_4013,Striatum,104.78,49.75,Rattus norvegicus
NEUR_7978,Amygdala,53.2,51.01,Mus musculus
NEUR_9129,Striatum,38.66,55.02,Danio rerio
NEUR_1631,Amygdala,104.46,33.68,Macaca mulatta
NEUR_2447,Hypothalamus,67.77,51.22,Danio rerio
NEUR_6663,Hypothalamus,39.22,66.78,Macaca mulatta
NEUR_7355,Cortex,40.33,103.28,Danio rerio
NEUR_5532,Thalamus,97.71,90.32,Mus musculus
NEUR_8997,Striatum,115.2,41.52,Mus musculus
NEUR_4489,Striatum,97.45,70.39,Danio rerio
NEUR_9699,Thalamus,107.94,43.7,Mus musculus
NEUR_5566,Hypothalamus,140.25,119.0,Rattus norvegicus
NEUR_7381,Hippocampus,130.15,116.67,Macaca mulatta
NEUR_9758,Hypothalamus,4.63,88.94,Rattus norvegicus
NEUR_6263,Striatum,40.93,97.56,Macaca mulatta
NEUR_3813,Cortex,55.98,37.3,Mus musculus
NEUR_3607,Hypothalamus,58.42,69.86,Rattus norvegicus
NEUR_7141,Cortex,141.59,65.22,Danio rerio
NEUR_7359,Amygdala,141.73,65.89,Macaca mulatta
NEUR_5977,Hippocampus,37.47,59.17,Rattus norvegicus
NEUR_7725,Cerebellum,24.38,106.8,Danio rerio
NEUR_6404,Cerebellum,79.31,16.95,Mus musculus
NEUR_5959,Cerebellum,141.2,91.18,Mus musculus
NEUR_9534,Amygdala,11.73,49.21,Mus musculus
NEUR_9223,Hypothalamus,84.25,103.97,Macaca mulatta
NEUR_9937,Hypothalamus,11.6,80.85,Rattus norvegicus
NEUR_2250,Striatum,114.76,68.8,Mus musculus
NEUR_7051,Striatum,45.78,60.61,Danio rerio
NEUR_5572,Amygdala,80.17,111.2,Macaca mulatta
NEUR_9863,Cortex,44.59,38.74,Danio rerio
NEUR_3515,Amygdala,100.4,99.95,Mus musculus
NEUR_3707,Cortex,19.07,98.49,Danio rerio
NEUR_8203,Hippocampus,2.92,116.35,Rattus norvegicus
NEUR_6887,Cortex,29.69,102.9,Macaca mulatta
NEUR_6542,Hippocampus,41.2,62.76,Danio rerio
NEUR_6253,Amygdala,149.45,42.13,Danio rerio
NEUR_9822,Thalamus,135.12,17.65,Danio rerio
NEUR_6071,Cerebellum,107.86,33.01,Rattus norvegicus
NEUR_5033,Striatum,126.14,45.8,Danio rerio
NEUR_8244,Hypothalamus,30.69,45.45,Mus musculus
NEUR_1645,Striatum,15.28,30.21,Macaca mulatta
NEUR_7546,Striatum,95.67,80.84,Danio rerio
NEUR_4406,Hippocampus,27.8,80.0,Mus musculus
NEUR_2557,Cortex,140.8,19.75,Rattus norvegicus
NEUR_6609,Striatum,76.21,23.42,Mus musculus
NEUR_1367,Hypothalamus,30.54,65.5,Macaca mulatta
NEUR_8154,Amygdala,12.56,107.85,Mus musculus
NEUR_7280,Cerebellum,138.07,105.86,Macaca mulatta
NEUR_9961,Amygdala,133.83,101.36,Rattus norvegicus
NEUR_3208,Hypothalamus,107.38,28.21,Rattus norvegicus
NEUR_9911,Striatum,62.71,26.2,Macaca mulatta
NEUR_8733,Striatum,14.87,37.42,Rattus norvegicus
NEUR_6487,Striatum,73.43,68.49,Rattus norvegicus
NEUR_3988,Striatum,44.42,115.28,Rattus norvegicus
NEUR_5055,Thalamus,107.44,73.06,Macaca mulatta
