neuron_id,region,firing_rate_hz,spike_amplitude_mv,subject_species
NEUR_7111,Striatum,57.44,49.24,Mus musculus
NEUR_7435,Thalamus,67.29,112.08,Rattus norvegicus
NEUR_4841,Hippocampus,52.82,48.02,Mus musculus
NEUR_6526,Hypothalamus,80.79,109.65,Macaca mulatta
NEUR_9611,Amygdala,19.43,119.4,Macaca mulatta
NEUR_8730,Hippocampus,145.84,101.72,Mus musculus
NEUR_9309,Striatum,55.29,71.35,Rattus norvegicus
NEUR_1839,Thalamus,71.33,36.05,Rattus norvegicus
NEUR_5132,Thalamus,70.98,68.03,Mus musculus
NEUR_3369,Cortex,87.67,15.13,Rattus norvegicus
NEUR_5774,Amygdala,45.48,31.31,Danio rerio
NEUR_7875,Cerebellum,86.96,71.22,Rattus norvegicus
NEUR_2614,Cerebellum,38.93,41.89,Rattus norvegicus
NEUR_1592,Amygdala,34.81,76.29,Macaca mulatta
NEUR_9362,Hypothalamus,72.27,26.07,Mus musculus
NEUR_8153,Hippocampus,136.47,20.96,Mus musculus
NEUR_3795,Amygdala,113.37,110.27,Mus musculus
NEUR_7534,Thalamus,107.25,86.31,Danio rerio
NEUR_8574,Striatum,118.53,20.3,Danio rerio
NEUR_3034,Hypothalamus,140.78,90.46,Rattus norvegicus
NEUR_8082,Cortex,38.56,94.7,Danio rerio
NEUR_4771,Hypothalamus,69.58,73.51,Danio rerio
NEUR_2189,Thalamus,29.86,12.67,Rattus norvegicus
NEUR_5082,Hippocampus,6.19,25.92,Rattus norvegicus
NEUR_3123,Hypothalamus,34.41,42.73,Mus musculus
NEUR_7456,Cortex,8.44,64.52,Danio rerio
NEUR_3936,Hippocampus,13.39,78.66,Mus musculus
NEUR_2772,Striatum,63.51,16.4,Rattus norvegicus
NEUR_1092,Amygdala,141.93,73.38,Danio rerio
NEUR_5575,Hypothalamus,47.22,46.39,Danio rerio
NEUR_5529,Striatum,125.3,33.85,Mus musculus
NEUR_7196,Hypothalamus,7.58,63.91,Macaca mulatta
NEUR_5487,Hippocampus,4.9,21.7,Rattus norvegicus
NEUR_4496,Cortex,103.94,89.81,Macaca mulatta
NEUR_3471,Cerebellum,80.77,74.16,Mus musculus
NEUR_9140,Cerebellum,94.03,64.31,Rattus norvegicus
NEUR_3530,Amygdala,16.21,109.47,Danio rerio
NEUR_6094,Cerebellum,26.88,56.83,Danio rerio
NEUR_5612,Striatum,16.07,61.03,Macaca mulatta
NEUR_5996,Striatum,0.9,75.14,Rattus norvegicus
NEUR_8481,Cerebellum,129.49,108.9,Mus musculus
NEUR_9545,Hippocampus,76.34,67.39,Macaca mulatta
NEUR_2060,Striatum,148.85,97.99,Rattus norvegicus
NEUR_5133,Hypothalamus,87.22,81.26,Rattus norvegicus
NEUR_4775,Striatum,103.38,57.47,Macaca mulatta
NEUR_5032,Hippocampus,58.06,36.34,Mus musculus
NEUR_9745,Cortex,25.98,16.82,Danio rerio
NEUR_2022,Hippocampus,57.92,101.07,Mus musculus
NEUR_8636,Striatum,118.8,73.43,Macaca mulatta
NEUR_4846,Striatum,134.01,78.68,Danio rerio
NEUR_1445,Cerebellum,140.13,66.03,Rattus norvegicus
NEUR_5830,Cerebellum,125.45,56.69,Danio rerio
NEUR_6265,Cerebellum,65.36,101.54,Mus musculus
NEUR_1316,Striatum,24.49,67.38,Macaca mulatta
NEUR_9829,Cerebellum,16.86,76.99,Danio rerio
NEUR_8625,Striatum,44.04,62.19,Mus musculus
NEUR_6520,Amygdala,95.97,31.14,Macaca mulatta
NEUR_5054,Thalamus,121.09,52.8,Macaca mulatta
NEUR_7914,Cerebellum,25.07,80.29,Macaca mulatta
NEUR_9267,Hypothalamus,12.13,111.3,Danio rerio
NEUR_4608,Cerebellum,42.85,90.26,Danio rerio
NEUR_7694,Hippocampus,18.2,104.91,Rattus norvegicus
NEUR_5190,Hippocampus,16.27,79.52,Danio rerio
NEUR_1687,Thalamus,50.37,84.59,Danio rerio
NEUR_3648,Thalamus,136.36,41.22,Rattus norvegicus
NEUR_4671,Striatum,144.93,52.13,Macaca mulatta
NEUR_2082,Thalamus,82.81,90.12,Danio rerio
NEUR_7900,Amygdala,48.35,100.4,Danio rerio
NEUR_3055,Hypothalamus,44.19,20.03,Mus musculus
NEUR_5321,Hippocampus,103.82,21.67,Rattus norvegicus
NEUR_9006,Cortex,93.0,92.85,Mus musculus
NEUR_7721,Amygdala,138.35,109.16,Macaca mulatta
NEUR_5562,Thalamus,116.76,20.27,Mus musculus
NEUR_7541,Striatum,129.23,38.78,Danio rerio
NEUR_8745,Striatum,12.21,41.98,Mus musculus
NEUR_1783,Cerebellum,61.43,15.71,Macaca mulatta
NEUR_9723,Hypothalamus,107.64,86.8,Macaca mulatta
NEUR_3635,Amygdala,27.24,101.12,Rattus norvegicus
NEUR_3734,Cerebellum,96.69,77.24,Danio rerio
NEUR_2331,Thalamus,0.12,104.75,Mus musculus
NEUR_5831,Hippocampus,10.7,91.02,Danio rerio
NEUR_5460,Thalamus,55.78,105.35,Mus musculus
NEUR_6118,Thalamus,35.84,109.72,Macaca mulatta
NEUR_3878,Cortex,74.48,101.53,Rattus norvegicus
NEUR_6743,Amygdala,95.56,65.24,Mus musculus
NEUR_9317,Hypothalamus,79.54,113.48,Danio rerio
NEUR_6775,Amygdala,5.64,23.57,Macaca mulatta
NEUR_3966,Hippocampus,53.07,44.37,Rattus norvegicus
NEUR_4119,Hypothalamus,76.71,119.64,Danio rerio
NEUR_7717,Cerebellum,32.07,92.79,Danio rerio
NEUR_5322,Cortex,74.7,28.04,Danio rerio
NEUR_8587,Hypothalamus,99.16,116.93,Mus musculus
NEUR_2318,Striatum,46.43,99.97,Mus musculus
NEUR_1931,Hypothalamus,134.26,95.19,Danio rerio
NEUR_4517,Hypothalamus,140.03,48.07,Mus musculus
NEUR_8428,Hypothalamus,62.26,46.59,Macaca mulatta
NEUR_7450,Cerebellum,20.26,65.24,Mus musculus
NEUR_6906,Hypothalamus,0.96,39.62,Danio rerio
NEUR_7651,Striatum,48.91,107.31,Macaca mulatta
NEUR_9177,Cerebellum,21.71,41.71,Danio rerio
NEUR_6199,Cerebellum,99.63,79.72,Mus musculus
NEUR_6821,Cortex,52.8,84.13,Mus musculus
NEUR_8093,Hypothalamus,135.33,52.2,Rattus norvegicus
NEUR_9184,Thalamus,76.0,61.96,Macaca mulatta
NEUR_7073,Cortex,51.88,52.69,Rattus norvegicus
NEUR_1233,Striatum,148.24,47.83,Rattus norvegicus
NEUR_7432,Striatum,140.46,32.26,Rattus norvegicus
NEUR_7457,Cortex,31.2,27.15,Mus musculus
NEUR_4245,Hippocampus,53.05,74.57,Macaca mulatta
NEUR_1548,Striatum,51.76,91.84,Rattus norvegicus
NEUR_7550,Amygdala,139.67,110.77,Danio rerio
NEUR_3455,Thalamus,38.79,35.11,Macaca mulatta
NEUR_9925,Hypothalamus,42.71,21.7,Macaca mulatta
NEUR_5999,Hypothalamus,8.65,25.84,Danio rerio
NEUR_2450,Hippocampus,9.8,53.93,Danio rerio
NEUR_4609,Hypothalamus,40.05,51.31,Macaca mulatta
NEUR_4766,Hypothalamus,60.57,84.78,Mus musculus
NEUR_4941,Amygdala,22.92,31.6,Danio rerio
NEUR_8055,Striatum,143.2,27.75,Mus musculus
NEUR_9045,Cortex,40.67,17.53,Rattus norvegicus
NEUR_9315,Thalamus,94.71,50.99,Macaca mulatta
NEUR_3183,Striatum,93.79,108.91,Mus musculus
NEUR_5245,Amygdala,40.83,92.26,Mus musculus
NEUR_6220,Thalamus,117.73,116.24,Rattus norvegicus
NEUR_9676,Striatum,39.18,66.69,Rattus norvegicus
NEUR_4876,Cerebellum,45.54,113.25,Danio rerio
NEUR_2184,Hippocampus,92.5,21.88,Macaca mulatta
NEUR_1475,Hypothalamus,97.35,79.19,Mus musculus
NEUR_8734,Amygdala,131.51,49.74,Mus musculus
NEUR_8929,Thalamus,92.27,12.56,Macaca mulatta
NEUR_6816,Hippocampus,42.12,100.48,Rattus norvegicus
NEUR_6825,Hippocampus,23.49,26.73,Macaca mulatta
NEUR_4637,Striatum,36.08,21.53,Rattus norvegicus
NEUR_5775,Hippocampus,123.58,72.54,Mus musculus
NEUR_8832,Thalamus,26.96,87.81,Mus musculus
NEUR_4110,Thalamus,14.52,15.75,Mus musculus
NEUR_1091,Amygdala,73.87,31.85,Danio rerio
NEUR_1164,Thalamus,50.15,65.36,Mus musculus
NEUR_4930,Cortex,61.83,109.63,Macaca mulatta
NEUR_9512,Amygdala,126.6,111.95,Mus musculus
NEUR_8544,Cortex,119.56,90.29,Danio rerio
NEUR_6479,Hippocampus,119.77,93.44,Rattus norvegicus
NEUR_8382,Hypothalamus,83.57,90.3,Mus musculus
NEUR_8331,Hypothalamus,75.23,15.52,Macaca mulatta
NEUR_6979,Hippocampus,36.82,16.11,Mus musculus
NEUR_5441,Amygdala,134.21,70.42,Rattus norvegicus
NEUR_7996,Hypothalamus,92.22,55.66,Rattus norvegicus
NEUR_9187,Hypothalamus,136.27,53.1,Danio rerio
NEUR_4280,Hippocampus,143.3,104.5,Danio rerio
NEUR_5119,Hypothalamus,8.18,92.79,Mus musculus
NEUR_9759,Thalamus,8.21,65.0,Danio rerio
NEUR_5607,Amygdala,40.67,76.1,Mus musculus
NEUR_3825,Amygdala,66.4,20.56,Rattus norvegicus
NEUR_7634,Amygdala,91.44,92.03,Mus musculus
NEUR_5935,Thalamus,137.59,119.94,Rattus norvegicus
NEUR_3161,Cortex,78.92,90.73,Macaca mulatta
NEUR_3820,Hypothalamus,48.95,49.35,Mus musculus
NEUR_8872,Thalamus,1.66,37.83,Macaca mulatta
NEUR_4111,Cerebellum,135.74,49.2,Danio rerio
NEUR_5354,Cerebellum,8.41,43.77,Mus musculus
NEUR_8897,Striatum,130.37,95.25,Mus musculus
NEUR_3444,Striatum,125.73,19.32,Mus musculus
NEUR_8551,Thalamus,9.22,14.54,Mus musculus
NEUR_7440,Thalamus,105.31,37.72,Danio rerio
NEUR_4342,Cerebellum,68.9,80.03,Macaca mulatta
NEUR_8837,Cerebellum,75.56,114.25,Rattus norvegicus
NEUR_7381,Cortex,41.86,25.29,Danio rerio
NEUR_7157,Cortex,99.76,119.24,Danio rerio
NEUR_7693,Cerebellum,42.03,21.84,Mus musculus
NEUR_7314,Amygdala,63.77,37.4,Danio rerio
NEUR_5776,Amygdala,7.89,37.52,Mus musculus
NEUR_8987,Cerebellum,17.72,113.83,Rattus norvegicus
NEUR_7461,Amygdala,117.93,59.74,Macaca mulatta
NEUR_5050,Striatum,140.02,76.52,Mus musculus
NEUR_5425,Cortex,101.01,89.9,Mus musculus
NEUR_8021,Cerebellum,27.62,100.44,Rattus norvegicus
NEUR_7440,Hypothalamus,59.52,72.25,Mus musculus
NEUR_8610,Thalamus,63.77,35.58,Mus musculus
NEUR_3690,Striatum,103.96,29.95,Mus musculus
NEUR_1242,Thalamus,113.28,119.98,Rattus norvegicus
NEUR_6701,Cerebellum,83.23,115.25,Danio rerio
NEUR_9425,Amygdala,103.86,57.38,Danio rerio
NEUR_9697,Amygdala,13.43,18.38,Rattus norvegicus
NEUR_7431,Cerebellum,11.84,102.55,Mus musculus
NEUR_8411,Thalamus,106.09,30.67,Rattus norvegicus
NEUR_8202,Striatum,48.43,84.4,Mus musculus
NEUR_2158,Striatum,132.16,68.6,Rattus norvegicus
NEUR_8177,Hippocampus,80.5,91.94,Macaca mulatta
NEUR_4469,Cerebellum,100.6,103.57,Danio rerio
NEUR_1117,Hypothalamus,41.03,79.21,Danio rerio
NEUR_2392,Hypothalamus,18.02,14.19,Danio rerio
NEUR_4701,Cerebellum,95.82,98.98,Rattus norvegicus
NEUR_5275,Thalamus,116.66,102.34,Macaca mulatta
NEUR_1694,Thalamus,144.98,83.64,Danio rerio
NEUR_3001,Cortex,38.86,45.43,Macaca mulatta
NEUR_6802,Amygdala,59.98,103.99,Mus musculus
NEUR_7871,Hypothalamus,109.59,13.13,Rattus norvegicus
NEUR_6285,Cerebellum,126.22,25.61,Rattus norvegicus
NEUR_8413,Cerebellum,17.03,110.58,Macaca mulatta
NEUR_1883,Cortex,149.24,94.2,Mus musculus
NEUR_1501,Cerebellum,133.11,64.99,Danio rerio
NEUR_5463,Thalamus,71.1,47.82,Macaca mulatta
NEUR_5925,Cortex,146.72,72.89,Rattus norvegicus
NEUR_9117,Cortex,45.95,82.47,Mus musculus
NEUR_5753,Cortex,139.36,53.11,Macaca mulatta
NEUR_7519,Cortex,123.59,78.24,Mus musculus
NEUR_1076,Hippocampus,46.34,115.71,Rattus norvegicus
NEUR_3201,Thalamus,109.3,65.78,Rattus norvegicus
NEUR_1392,Hippocampus,38.5,75.49,Mus musculus
NEUR_6349,Cerebellum,36.23,75.57,Mus musculus
NEUR_6841,Amygdala,56.34,34.51,Rattus norvegicus
NEUR_4407,Amygdala,30.74,15.17,Macaca mulatta
NEUR_2129,Cerebellum,21.56,64.16,Rattus norvegicus
NEUR_2570,Striatum,52.07,57.38,Rattus norvegicus
NEUR_8348,Striatum,14.63,46.07,Danio rerio
NEUR_2041,Cortex,115.45,19.12,Mus musculus
NEUR_8951,Striatum,66.02,16.29,Macaca mulatta
NEUR_5016,Cortex,73.56,39.86,Mus musculus
NEUR_3292,Amygdala,100.36,81.28,Macaca mulatta
NEUR_5391,Cerebellum,42.03,98.34,Rattus norvegicus
NEUR_4542,Hypothalamus,125.7,113.34,Danio rerio
NEUR_4912,Amygdala,7.11,36.86,Macaca mulatta
NEUR_7024,Striatum,22.71,17.22,Danio rerio
NEUR_3217,Cortex,110.75,72.66,Macaca mulatta
NEUR_3488,Hypothalamus,84.99,14.38,Mus musculus
NEUR_4620,Amygdala,82.19,103.02,Danio rerio
NEUR_1711,Amygdala,133.56,54.62,Danio rerio
NEUR_1673,Striatum,10.61,91.07,Danio rerio
NEUR_8258,Hippocampus,35.73,60.2,Danio rerio
NEUR_8787,Thalamus,73.95,51.03,Danio rerio
NEUR_4018,Amygdala,146.12,35.84,Macaca mulatta
NEUR_6008,Hypothalamus,113.5,114.84,Danio rerio
NEUR_8240,Cerebellum,144.93,84.75,Macaca mulatta
NEUR_8276,Hippocampus,123.64,107.6,Mus musculus
NEUR_8760,Cerebellum,144.59,94.59,Rattus norvegicus
NEUR_3074,Hypothalamus,47.75,115.48,Rattus norvegicus
NEUR_3992,Amygdala,31.57,20.31,Macaca mulatta
NEUR_2380,Striatum,62.6,111.64,Macaca mulatta
NEUR_7828,Amygdala,94.65,93.82,Rattus norvegicus
NEUR_4586,Hippocampus,94.04,19.92,Danio rerio
NEUR_2173,Cerebellum,4.75,28.99,Macaca mulatta
NEUR_6669,Thalamus,86.63,110.29,Rattus norvegicus
NEUR_1473,Thalamus,143.83,61.91,Danio rerio
NEUR_5600,Cortex,24.03,81.19,Macaca mulatta
NEUR_1852,Striatum,46.64,118.16,Rattus norvegicus
NEUR_8700,Striatum,145.53,28.25,Danio rerio
NEUR_2750,Cortex,98.89,107.87,Mus musculus
NEUR_9801,Hypothalamus,97.42,25.16,Macaca mulatta
NEUR_9930,Amygdala,17.1,114.64,Macaca mulatta
NEUR_1510,Thalamus,64.13,68.99,Rattus norvegicus
NEUR_1683,Hypothalamus,119.17,58.04,Macaca mulatta
NEUR_1090,Amygdala,89.05,51.92,Danio rerio
NEUR_9224,Striatum,52.17,76.83,Mus musculus
NEUR_4049,Hypothalamus,126.26,11.13,Macaca mulatta
NEUR_4012,Hippocampus,5.47,39.97,Danio rerio
NEUR_9016,Cerebellum,26.15,112.85,Rattus norvegicus
NEUR_4090,Striatum,16.72,94.64,Rattus norvegicus
NEUR_4144,Amygdala,115.06,27.06,Mus musculus
NEUR_1206,Cortex,5.52,113.8,Macaca mulatta
NEUR_1986,Cortex,77.92,53.08,Mus musculus
NEUR_6589,Striatum,117.19,34.11,Danio rerio
NEUR_3459,Striatum,115.14,98.74,Rattus norvegicus
NEUR_8941,Hypothalamus,133.64,32.49,Macaca mulatta
NEUR_3056,Cortex,83.46,27.36,Rattus norvegicus
NEUR_5348,Thalamus,52.43,42.79,Mus musculus
NEUR_3861,Hypothalamus,83.29,16.78,Rattus norvegicus
NEUR_7358,Hypothalamus,24.45,118.16,Danio rerio
NEUR_8294,Cortex,93.87,107.47,Mus musculus
NEUR_3762,Cortex,13.2,107.11,Danio rerio
NEUR_1660,Cortex,23.7,83.99,Rattus norvegicus
NEUR_9585,Striatum,80.68,66.45,Mus musculus
NEUR_5077,Amygdala,141.91,92.31,Rattus norvegicus
NEUR_5739,Cerebellum,99.39,29.55,Mus musculus
NEUR_4638,Cortex,58.34,101.09,Danio rerio
NEUR_3315,Thalamus,59.64,69.38,Macaca mulatta
NEUR_2449,Striatum,33.59,76.7,Rattus norvegicus
NEUR_3504,Hypothalamus,82.37,28.45,Danio rerio
NEUR_8867,Cerebellum,147.88,67.01,Macaca mulatta
NEUR_6846,Hippocampus,44.26,43.56,Macaca mulatta
NEUR_6461,Cortex,88.86,41.87,Danio rerio
NEUR_6110,Thalamus,130.01,47.52,Rattus norvegicus
NEUR_3545,Striatum,115.34,20.42,Rattus norvegicus
NEUR_7577,Amygdala,98.46,12.71,Rattus norvegicus
NEUR_6292,Hypothalamus,44.79,90.05,Mus musculus
NEUR_9499,Thalamus,2.37,73.32,Mus musculus
NEUR_8755,Hypothalamus,99.91,106.26,Mus musculus
NEUR_4425,Cortex,102.2,116.81,Macaca mulatta
NEUR_7793,Amygdala,88.41,71.96,Rattus norvegicus
NEUR_8365,Hippocampus,79.89,67.64,Mus musculus
NEUR_1233,Cortex,72.12,87.93,Rattus norvegicus
NEUR_2495,Amygdala,148.03,26.05,Mus musculus
NEUR_9395,Cerebellum,108.59,15.03,Rattus norvegicus
NEUR_1607,Cortex,81.75,117.53,Mus musculus
NEUR_7979,Hypothalamus,141.42,42.17,Danio rerio
NEUR_6455,Hypothalamus,112.74,68.24,Mus musculus
NEUR_3090,Cerebellum,114.57,78.14,Danio rerio
NEUR_6242,Thalamus,31.81,61.09,Rattus norvegicus
NEUR_6199,Cerebellum,32.42,73.71,Macaca mulatta
NEUR_7227,Striatum,56.68,82.47,Macaca mulatta
NEUR_3630,Striatum,146.03,57.98,Rattus norvegicus
NEUR_1105,Cortex,45.47,117.26,Macaca mulatta
NEUR_5341,Cerebellum,64.21,103.74,Macaca mulatta
NEUR_1849,Amygdala,83.21,36.73,Danio rerio
NEUR_6927,Cortex,33.0,105.24,Danio rerio
NEUR_3688,Hippocampus,88.95,42.24,Rattus norvegicus
NEUR_3828,Cortex,40.01,98.38,Mus musculus
NEUR_6028,Amygdala,85.62,55.5,Macaca mulatta
NEUR_7072,Thalamus,57.83,78.78,Danio rerio
NEUR_1659,Amygdala,32.13,47.1,Danio rerio
NEUR_2934,Hippocampus,55.35,42.52,Mus musculus
NEUR_6043,Cortex,143.48,77.76,Danio rerio
NEUR_8828,Amygdala,108.63,93.11,Rattus norvegicus
NEUR_5840,Thalamus,29.6,50.5,Rattus norvegicus
NEUR_7939,Cortex,140.95,53.32,Rattus norvegicus
NEUR_1800,Hippocampus,123.98,94.29,Mus musculus
NEUR_4993,Cerebellum,2.5,13.22,Macaca mulatta
NEUR_5281,Hypothalamus,31.63,89.08,Danio rerio
NEUR_1238,Hippocampus,2.72,49.61,Macaca mulatta
NEUR_9374,Amygdala,18.15,24.98,Danio rerio
NEUR_6504,Thalamus,40.32,91.28,Macaca mulatta
NEUR_2830,Hippocampus,94.92,20.31,Mus musculus
NEUR_8499,Striatum,109.84,80.32,Rattus norvegicus
NEUR_7679,Thalamus,93.23,115.61,Danio rerio
NEUR_6514,Amygdala,27.68,75.87,Danio rerio
NEUR_5932,Amygdala,66.28,62.58,Danio rerio
NEUR_7159,Cerebellum,49.25,53.02,Danio rerio
NEUR_3884,Hippocampus,64.55,92.42,Macaca mulatta
NEUR_6079,Cortex,127.17,23.58,Rattus norvegicus
NEUR_2520,Striatum,144.15,84.32,Danio rerio
NEUR_7942,Hypothalamus,121.41,86.71,Danio rerio
NEUR_3062,Amygdala,43.39,31.83,Rattus norvegicus
NEUR_4725,Hippocampus,21.2,22.74,Macaca mulatta
NEUR_8426,Cortex,36.35,74.24,Macaca mulatta
NEUR_9811,Hippocampus,99.78,61.89,Macaca mulatta
NEUR_3752,Amygdala,65.15,88.23,Danio rerio
NEUR_3472,Thalamus,19.57,39.88,Rattus norvegicus
NEUR_1765,Amygdala,10.73,44.81,Danio rerio
NEUR_4701,Thalamus,8.68,14.08,Mus musculus
NEUR_5695,Thalamus,62.46,11.86,Rattus norvegicus
NEUR_2416,Cerebellum,119.98,71.76,Danio rerio
NEUR_7922,Hypothalamus,81.31,22.28,Macaca mulatta
NEUR_3067,Hypothalamus,60.74,75.48,Mus musculus
NEUR_2344,Cerebellum,37.62,114.0,Rattus norvegicus
NEUR_5741,Cortex,63.0,34.05,Danio rerio
NEUR_8104,Thalamus,122.76,45.93,Danio rerio
NEUR_3288,Hippocampus,127.15,44.64,Macaca mulatta
NEUR_1187,Amygdala,27.32,45.2,Macaca mulatta
NEUR_3581,Cortex,121.24,32.13,Rattus norvegicus
NEUR_2177,Striatum,139.64,43.58,Mus musculus
NEUR_3282,Hypothalamus,118.58,65.31,Mus musculus
NEUR_1403,Cortex,41.07,49.75,Macaca mulatta
NEUR_4287,Hypothalamus,121.13,100.28,Macaca mulatta
NEUR_3581,Striatum,125.22,82.88,Danio rerio
NEUR_9268,Striatum,36.98,49.08,Macaca mulatta
NEUR_3103,Cerebellum,136.08,64.73,Rattus norvegicus
NEUR_3493,Cortex,108.96,103.89,Danio rerio
NEUR_6479,Amygdala,56.58,107.05,Rattus norvegicus
NEUR_5130,Striatum,92.85,94.21,Macaca mulatta
NEUR_7424,Hypothalamus,66.56,54.25,Rattus norvegicus
NEUR_8644,Thalamus,93.36,108.18,Mus musculus
NEUR_2618,Thalamus,62.42,105.26,Macaca mulatta
NEUR_5064,Hypothalamus,17.88,46.0,Rattus norvegicus
NEUR_7067,Cerebellum,59.3,104.74,Mus musculus
NEUR_7048,Hippocampus,113.36,36.77,Macaca mulatta
NEUR_3372,Thalamus,78.73,67.29,Macaca mulatta
NEUR_7450,Hypothalamus,2.55,51.4,Macaca mulatta
NEUR_5659,Thalamus,148.08,48.56,Danio rerio
NEUR_8108,Amygdala,127.31,24.89,Mus musculus
NEUR_8126,Striatum,12.24,93.32,Macaca mulatta
NEUR_3421,Cerebellum,101.96,106.59,Macaca mulatta
NEUR_3301,Amygdala,116.91,74.61,Rattus norvegicus
NEUR_4777,Amygdala,40.45,64.77,Macaca mulatta
NEUR_9353,Hypothalamus,89.16,79.31,Rattus norvegicus
NEUR_7003,Thalamus,66.17,68.49,Rattus norvegicus
NEUR_6049,Striatum,92.99,75.9,Danio rerio
NEUR_1425,Hypothalamus,33.66,115.71,Rattus norvegicus
NEUR_8136,Amygdala,18.68,86.14,Macaca mulatta
NEUR_5764,Hypothalamus,54.09,36.71,Rattus norvegicus
NEUR_8315,Thalamus,41.75,42.66,Mus musculus
NEUR_8010,Cortex,51.11,80.06,Rattus norvegicus
NEUR_7405,Cortex,38.2,85.3,Rattus norvegicus
NEUR_8740,Hippocampus,122.89,90.93,Mus musculus
NEUR_4126,Hypothalamus,39.98,28.78,Rattus norvegicus
NEUR_6506,Hypothalamus,139.61,70.31,Mus musculus
NEUR_1222,Striatum,88.13,13.75,Danio rerio
NEUR_1715,Amygdala,78.4,18.74,Danio rerio
NEUR_4325,Striatum,36.54,34.49,Rattus norvegicus
NEUR_7256,Thalamus,103.83,109.1,Macaca mulatta
NEUR_3790,Cortex,24.64,16.64,Macaca mulatta
NEUR_9956,Hypothalamus,62.86,47.53,Danio rerio
NEUR_8990,Cortex,113.56,104.67,Mus musculus
NEUR_5612,Hypothalamus,105.28,116.28,Danio rerio
NEUR_5482,Amygdala,21.29,105.83,Macaca mulatta
NEUR_5179,Hippocampus,71.88,56.14,Danio rerio
NEUR_5962,Hippocampus,148.65,102.1,Mus musculus
NEUR_6597,Hippocampus,105.01,24.52,Macaca mulatta
NEUR_7136,Cortex,8.71,95.25,Danio rerio
NEUR_3551,Hippocampus,28.83,92.2,Mus musculus
NEUR_2662,Striatum,37.27,50.93,Mus musculus
NEUR_3982,Amygdala,135.96,53.57,Danio rerio
NEUR_2335,Cerebellum,94.01,88.27,Macaca mulatta
NEUR_3343,Thalamus,101.67,74.94,Mus musculus
NEUR_1868,Hypothalamus,129.49,34.13,Rattus norvegicus
NEUR_7510,Amygdala,44.36,73.94,Macaca mulatta
NEUR_6094,Amygdala,92.43,20.48,Macaca mulatta
NEUR_6178,Hippocampus,67.05,62.25,Macaca mulatta
NEUR_9372,Amygdala,13.14,101.34,Macaca mulatta
NEUR_9620,Striatum,0.81,109.52,Rattus norvegicus
NEUR_4351,Cerebellum,46.86,39.95,Danio rerio
NEUR_1697,Amygdala,88.72,83.98,Macaca mulatta
NEUR_1356,Amygdala,80.39,97.61,Danio rerio
NEUR_3097,Thalamus,46.13,45.38,Mus musculus
NEUR_3545,Amygdala,73.79,117.18,Macaca mulatta
NEUR_7717,Hippocampus,123.46,82.74,Macaca mulatta
NEUR_8837,Amygdala,56.32,58.49,Rattus norvegicus
NEUR_8042,Cortex,19.78,110.21,Mus musculus
NEUR_2560,Hippocampus,77.2,110.73,Rattus norvegicus
NEUR_2227,Hypothalamus,56.72,75.6,Rattus norvegicus
NEUR_8718,Amygdala,107.71,68.49,Macaca mulatta
NEUR_7742,Thalamus,78.64,94.62,Rattus norvegicus
NEUR_6724,Cortex,54.84,112.6,Rattus norvegicus
NEUR_9081,Hypothalamus,37.53,94.65,Mus musculus
NEUR_1350,Hypothalamus,44.58,31.79,Macaca mulatta
NEUR_2926,Hypothalamus,1.55,48.67,Rattus norvegicus
NEUR_7727,Hippocampus,105.7,70.59,Mus musculus
NEUR_4074,Amygdala,59.23,27.57,Danio rerio
NEUR_8700,Thalamus,55.89,25.23,Rattus norvegicus
NEUR_5320,Striatum,109.34,51.12,Mus musculus
NEUR_6764,Amygdala,51.08,86.47,Rattus norvegicus
NEUR_1780,Thalamus,116.82,75.91,Mus musculus
NEUR_6305,Cortex,75.96,61.11,Mus musculus
NEUR_9430,Cortex,13.77,42.46,Rattus norvegicus
NEUR_3803,Cortex,125.38,42.63,Macaca mulatta
NEUR_3654,Amygdala,26.61,21.6,Macaca mulatta
NEUR_1253,Thalamus,143.19,91.23,Mus musculus
NEUR_2334,Amygdala,137.17,11.29,Danio rerio
NEUR_4852,Cerebellum,86.15,37.04,Rattus norvegicus
NEUR_6995,Cortex,1.24,110.28,Macaca mulatta
NEUR_5064,Hypothalamus,120.74,23.91,Macaca mulatta
NEUR_6561,Cortex,112.84,69.76,Mus musculus
NEUR_3892,Hypothalamus,22.14,25.41,Danio rerio
NEUR_7577,Cortex,26.5,44.92,Mus musculus
NEUR_3051,Amygdala,119.95,23.8,Mus musculus
NEUR_7332,Thalamus,78.81,69.33,Danio rerio
NEUR_1064,Cortex,17.55,58.3,Rattus norvegicus
NEUR_4464,Hypothalamus,56.9,109.18,Macaca mulatta
NEUR_4050,Hypothalamus,126.2,80.5,Rattus norvegicus
NEUR_7117,Hippocampus,115.5,81.34,Macaca mulatta
NEUR_8867,Hypothalamus,22.81,95.83,Macaca mulatta
NEUR_8203,Cortex,83.58,37.2,Rattus norvegicus
NEUR_1109,Striatum,49.59,90.6,Mus musculus
NEUR_3601,Cerebellum,97.13,23.32,Mus musculus
NEUR_9656,Cortex,35.32,39.55,Macaca mulatta
NEUR_8854,Hypothalamus,29.91,116.89,Mus musculus
NEUR_2690,Hypothalamus,8.67,17.86,Danio rerio
NEUR_4670,Thalamus,83.45,42.68,Danio rerio
NEUR_7912,Hippocampus,26.22,63.63,Danio rerio
NEUR_4973,Amygdala,13.62,82.64,Rattus norvegicus
NEUR_9107,Amygdala,76.74,110.73,Rattus norvegicus
NEUR_2662,Striatum,5.38,94.78,Macaca mulatta
NEUR_7000,Cerebellum,81.62,82.76,Mus musculus
NEUR_8022,Hippocampus,66.09,88.74,Macaca mulatta
NEUR_7284,Hippocampus,95.85,52.59,Mus musculus
NEUR_8378,Thalamus,25.77,67.51,Macaca mulatta
NEUR_5403,Amygdala,19.42,47.28,Mus musculus
NEUR_1432,Cerebellum,19.9,77.23,Mus musculus
NEUR_4027,Amygdala,11.84,39.78,Macaca mulatta
NEUR_2830,Cerebellum,98.6,60.42,Macaca mulatta
NEUR_4598,Striatum,84.68,33.57,Danio rerio
NEUR_1843,Cortex,149.98,40.13,Rattus norvegicus
NEUR_4224,Hypothalamus,14.61,57.99,Macaca mulatta
NEUR_5407,Striatum,20.57,24.7,Danio rerio
NEUR_3867,Thalamus,43.14,55.16,Mus musculus
NEUR_7522,Thalamus,45.01,91.93,Macaca mulatta
NEUR_4036,Cortex,115.37,44.23,Rattus norvegicus
NEUR_5237,Cerebellum,131.5,30.3,Rattus norvegicus
NEUR_1712,Cortex,74.36,15.67,Mus musculus
NEUR_3074,Thalamus,33.07,99.9,Macaca mulatta
NEUR_7544,Cortex,76.89,85.42,Mus musculus
NEUR_3782,Cortex,79.96,108.08,Mus musculus
NEUR_3022,Cerebellum,99.16,65.5,Danio rerio
NEUR_8699,Hypothalamus,135.07,25.48,Mus musculus
NEUR_2423,Hypothalamus,142.92,103.53,Danio rerio
NEUR_4795,Hippocampus,100.94,26.66,Mus musculus
NEUR_9878,Hypothalamus,132.87,78.83,Rattus norvegicus
NEUR_8442,Hypothalamus,138.59,18.3,Mus musculus
NEUR_6203,Hypothalamus,86.97,71.68,Danio rerio
NEUR_7008,Cerebellum,123.95,99.14,Rattus norvegicus
NEUR_1019,Amygdala,77.19,105.9,Mus musculus
NEUR_2913,Cortex,116.83,64.17,Danio rerio
NEUR_4065,Thalamus,6.73,109.86,Rattus norvegicus
NEUR_9347,Hypothalamus,145.7,106.17,Mus musculus
NEUR_8940,Hippocampus,41.25,110.03,Macaca mulatta
NEUR_1492,Hippocampus,53.22,65.53,Macaca mulatta
NEUR_7588,Amygdala,148.47,93.35,Macaca mulatta
NEUR_6057,Striatum,149.55,20.3,Mus musculus
NEUR_2486,Hippocampus,77.36,10.86,Macaca mulatta
NEUR_6258,Cerebellum,135.23,78.21,Macaca mulatta
NEUR_5353,Hypothalamus,105.1,54.17,Mus musculus
NEUR_1910,Amygdala,0.36,31.38,Danio rerio
NEUR_2226,Hypothalamus,11.88,81.47,Danio rerio
NEUR_4451,Cortex,93.78,42.71,Macaca mulatta
NEUR_6578,Cortex,148.57,95.28,Macaca mulatta
NEUR_4047,Hippocampus,131.68,72.81,Macaca mulatta
NEUR_8711,Hippocampus,48.7,35.67,Rattus norvegicus
NEUR_2446,Hippocampus,144.22,45.15,Danio rerio
NEUR_4299,Striatum,127.81,39.85,Danio rerio
NEUR_7663,Striatum,3.68,105.12,Danio rerio
NEUR_6306,Amygdala,88.72,68.02,Macaca mulatta
NEUR_9433,Cerebellum,47.88,96.79,Danio rerio
NEUR_9717,Striatum,92.73,32.47,Mus musculus
NEUR_7775,Hippocampus,84.3,47.93,Danio rerio
NEUR_3564,Amygdala,76.07,106.55,Rattus norvegicus
NEUR_8963,Cortex,122.91,52.82,Rattus norvegicus
NEUR_7758,Thalamus,141.94,96.61,Mus musculus
NEUR_6730,Hypothalamus,142.35,40.68,Mus musculus
NEUR_1740,Cortex,27.1,84.01,Rattus norvegicus
NEUR_3946,Hypothalamus,113.73,14.48,Rattus norvegicus
NEUR_4186,Amygdala,61.47,19.52,Macaca mulatta
NEUR_6640,Amygdala,2.53,22.68,Macaca mulatta
NEUR_1181,Striatum,141.5,119.79,Danio rerio
NEUR_7035,Cerebellum,123.88,105.44,Mus musculus
NEUR_6729,Thalamus,86.76,117.04,Rattus norvegicus
NEUR_5541,Striatum,129.92,34.52,Macaca mulatta
NEUR_4436,Striatum,134.61,80.33,Danio rerio
NEUR_7692,Amygdala,142.81,24.1,Danio rerio
NEUR_2337,Cerebellum,105.26,18.24,Mus musculus
NEUR_1709,Hypothalamus,137.95,27.85,Rattus norvegicus
NEUR_6032,Hypothalamus,41.86,73.64,Danio rerio
NEUR_9172,Amygdala,114.41,114.09,Mus musculus
NEUR_7398,Hippocampus,81.06,44.73,Danio rerio
NEUR_8012,Cortex,148.22,32.31,Rattus norvegicus
NEUR_5854,Thalamus,90.78,80.97,Mus musculus
NEUR_1805,Hippocampus,52.03,83.18,Danio rerio
NEUR_4809,Thalamus,24.27,19.37,Macaca mulatta
NEUR_4371,Thalamus,109.06,18.75,Macaca mulatta
NEUR_4011,Hypothalamus,23.1,42.63,Mus musculus
NEUR_4801,Hypothalamus,24.64,35.57,Danio rerio
NEUR_1045,Amygdala,45.49,94.04,Macaca mulatta
NEUR_1718,Cerebellum,143.28,64.46,Macaca mulatta
NEUR_5882,Cortex,66.92,103.63,Macaca mulatta
NEUR_5829,Amygdala,87.42,30.66,Macaca mulatta
NEUR_3606,Amygdala,138.52,52.58,Mus musculus
NEUR_7636,Hypothalamus,65.61,44.29,Danio rerio
NEUR_3929,Cerebellum,62.15,75.1,Rattus norvegicus
NEUR_1958,Hypothalamus,133.46,119.19,Macaca mulatta
NEUR_8055,Amygdala,86.21,57.71,Danio rerio
NEUR_2597,Thalamus,70.06,27.69,Mus musculus
NEUR_4941,Thalamus,47.65,77.77,Danio rerio
NEUR_5215,Cortex,135.87,101.86,Mus musculus
NEUR_7459,Hippocampus,92.61,29.36,Mus musculus
NEUR_2827,Cerebellum,105.3,99.36,Mus musculus
NEUR_8719,Hippocampus,37.85,67.4,Danio rerio
NEUR_5292,Cortex,15.09,50.21,Mus musculus
NEUR_3756,Amygdala,96.92,101.13,Macaca mulatta
NEUR_8295,Hypothalamus,96.98,77.85,Mus musculus
NEUR_6206,Striatum,146.49,65.54,Rattus norvegicus
NEUR_8184,Cerebellum,85.99,20.87,Rattus norvegicus
NEUR_4662,Cerebellum,62.18,81.83,Mus musculus
NEUR_2335,Thalamus,126.52,34.94,Danio rerio
NEUR_3251,Cerebellum,51.6,112.65,Mus musculus
NEUR_1562,Hippocampus,0.83,77.06,Danio rerio
NEUR_7900,Cerebellum,127.18,81.0,Danio rerio
NEUR_6190,Cortex,144.86,66.97,Mus musculus
NEUR_8646,Cerebellum,62.55,31.62,Macaca mulatta
NEUR_9526,Cerebellum,84.51,18.41,Danio rerio
NEUR_2735,Hippocampus,136.23,26.48,Macaca mulatta
NEUR_2235,Cerebellum,145.49,27.4,Danio rerio
NEUR_4263,Hypothalamus,12.06,31.04,Danio rerio
NEUR_1711,Cerebellum,29.33,43.82,Mus musculus
NEUR_3623,Amygdala,141.7,115.2,Macaca mulatta
NEUR_8899,Cortex,53.16,53.36,Danio rerio
NEUR_1441,Cerebellum,22.49,107.71,Rattus norvegicus
NEUR_8600,Striatum,22.72,42.82,Danio rerio
NEUR_1025,Cortex,64.55,35.32,Macaca mulatta
NEUR_4157,Thalamus,2.29,100.26,Danio rerio
NEUR_6838,Hippocampus,16.81,47.76,Mus musculus
NEUR_5868,Cortex,92.74,53.59,Danio rerio
NEUR_9283,Amygdala,100.91,50.92,Mus musculus
NEUR_7740,Thalamus,82.01,11.27,Macaca mulatta
NEUR_6742,Amygdala,61.42,92.4,Rattus norvegicus
NEUR_3161,Cortex,81.2,118.26,Danio rerio
NEUR_4959,Cortex,9.11,39.42,Mus musculus
NEUR_7843,Cortex,3.05,100.69,Danio rerio
NEUR_1051,Hippocampus,5.89,10.67,Danio rerio
NEUR_1855,Amygdala,120.89,93.09,Danio rerio
NEUR_7435,Hypothalamus,80.34,112.84,Macaca mulatta
NEUR_9073,Thalamus,15.38,75.51,Macaca mulatta
NEUR_8514,Cerebellum,140.42,109.73,Mus musculus
NEUR_7210,Thalamus,118.98,24.68,Mus musculus
NEUR_4546,Cerebellum,110.62,36.26,Macaca mulatta
NEUR_3192,Striatum,106.08,101.08,Macaca mulatta
NEUR_5586,Striatum,10.81,55.52,Macaca mulatta
NEUR_1583,Cerebellum,98.6,52.44,Macaca mulatta
NEUR_7337,Hippocampus,22.88,114.83,Macaca mulatta
NEUR_3514,Thalamus,44.39,24.84,Danio rerio
NEUR_7756,Amygdala,148.75,72.36,Macaca mulatta
NEUR_7298,Cortex,86.53,45.41,Rattus norvegicus
NEUR_6658,Hypothalamus,32.78,53.25,Rattus norvegicus
NEUR_4623,Amygdala,73.84,78.68,Macaca mulatta
NEUR_6170,Hippocampus,98.35,113.38,Mus musculus
NEUR_7175,Hippocampus,130.03,45.9,Danio rerio
NEUR_6624,Thalamus,15.05,15.35,Rattus norvegicus
NEUR_2838,Hypothalamus,35.28,82.71,Macaca mulatta
NEUR_9243,Thalamus,110.95,24.97,Danio rerio
NEUR_4010,Hypothalamus,84.91,76.38,Macaca mulatta
NEUR_5036,Cortex,65.97,101.57,Rattus norvegicus
NEUR_9339,Hippocampus,50.2,15.41,Danio rerio
NEUR_6722,Thalamus,90.73,48.9,Mus musculus
NEUR_7223,Cerebellum,140.46,106.28,Rattus norvegicus
NEUR_4873,Striatum,90.3,27.4,Rattus norvegicus
NEUR_1563,Cortex,54.21,59.48,Rattus norvegicus
NEUR_1906,Hypothalamus,53.93,91.15,Danio rerio
NEUR_8791,Thalamus,133.26,99.94,Macaca mulatta
NEUR_7719,Cortex,47.06,63.45,Rattus norvegicus
NEUR_2565,Cortex,136.24,21.3,Danio rerio
NEUR_4245,Amygdala,34.07,17.31,Mus musculus
NEUR_1110,Striatum,7.81,43.16,Macaca mulatta
NEUR_8326,Hypothalamus,80.41,55.19,Macaca mulatta
NEUR_7170,Cortex,69.79,58.01,Danio rerio
NEUR_6775,Hippocampus,12.36,106.5,Macaca mulatta
NEUR_7242,Amygdala,126.64,40.48,Mus musculus
NEUR_8897,Cortex,137.75,10.07,Danio rerio
NEUR_2814,Amygdala,8.28,19.89,Rattus norvegicus
NEUR_4611,Striatum,89.79,12.42,Mus musculus
NEUR_1234,Hypothalamus,141.21,84.38,Danio rerio
NEUR_6685,Cortex,46.86,118.98,Rattus norvegicus
NEUR_5035,Thalamus,26.87,44.0,Macaca mulatta
NEUR_3034,Hypothalamus,79.49,72.17,Mus musculus
NEUR_7876,Cortex,125.66,81.31,Rattus norvegicus
NEUR_9583,Hypothalamus,33.75,85.2,Danio rerio
NEUR_6655,Striatum,113.98,106.63,Mus musculus
NEUR_6493,Hippocampus,95.44,109.47,Mus musculus
NEUR_3353,Hippocampus,37.64,23.33,Macaca mulatta
NEUR_3911,Amygdala,50.89,63.32,Macaca mulatta
NEUR_7569,Cortex,77.16,46.57,Danio rerio
NEUR_4510,Cerebellum,44.12,19.62,Mus musculus
NEUR_1256,Amygdala,21.94,31.82,Macaca mulatta
NEUR_4228,Cerebellum,134.63,76.72,Macaca mulatta
NEUR_7802,Striatum,146.19,74.2,Danio rerio
NEUR_8289,Thalamus,78.6,14.0,Mus musculus
NEUR_6035,Cerebellum,126.48,67.69,Macaca mulatta
NEUR_2997,Cortex,47.75,83.43,Macaca mulatta
NEUR_8481,Cerebellum,10.21,84.85,Rattus norvegicus
NEUR_8138,Hypothalamus,110.01,87.56,Macaca mulatta
NEUR_4068,Striatum,112.67,43.44,Danio rerio
NEUR_9638,Hippocampus,95.71,77.39,Rattus norvegicus
NEUR_1855,Cerebellum,116.92,24.71,Macaca mulatta
NEUR_1883,Cerebellum,100.07,58.33,Rattus norvegicus
NEUR_4122,Striatum,44.24,109.36,Rattus norvegicus
NEUR_3583,Hippocampus,98.24,36.73,Rattus norvegicus
NEUR_7833,Hippocampus,123.48,100.77,Mus musculus
NEUR_6919,Cortex,143.12,55.58,Mus musculus
NEUR_8465,Amygdala,114.65,59.85,Macaca mulatta
NEUR_5845,Cortex,50.85,77.09,Rattus norvegicus
NEUR_7342,Cortex,15.0,107.97,Macaca mulatta
NEUR_7030,Amygdala,78.23,19.69,Mus musculus
NEUR_4012,Amygdala,80.4,46.68,Macaca mulatta
NEUR_7075,Hippocampus,134.11,62.93,Danio rerio
NEUR_4418,Cortex,9.04,108.17,Rattus norvegicus
NEUR_9005,Striatum,85.92,66.75,Danio rerio
NEUR_5055,Striatum,63.41,92.6,Danio rerio
NEUR_7464,Thalamus,69.57,23.33,Rattus norvegicus
NEUR_7425,Hypothalamus,21.5,75.54,Danio rerio
NEUR_3334,Hippocampus,136.45,59.26,Danio rerio
NEUR_3189,Cortex,5.25,79.18,Danio rerio
NEUR_7994,Cerebellum,92.86,110.66,Rattus norvegicus
NEUR_1278,Cortex,90.65,54.05,Rattus norvegicus
NEUR_4213,Hippocampus,107.56,43.17,Mus musculus
NEUR_6093,Amygdala,15.09,26.74,Danio rerio
NEUR_6409,Hypothalamus,121.52,17.36,Rattus norvegicus
NEUR_6960,Cerebellum,2.05,26.71,Rattus norvegicus
NEUR_4012,Striatum,143.89,18.18,Rattus norvegicus
NEUR_1528,Cerebellum,108.47,32.84,Macaca mulatta
NEUR_3094,Hippocampus,112.71,115.27,Rattus norvegicus
NEUR_3313,Hippocampus,80.44,89.3,Macaca mulatta
NEUR_2754,Cortex,80.59,10.04,Macaca mulatta
NEUR_7879,Amygdala,100.11,93.1,Rattus norvegicus
NEUR_5166,Thalamus,40.24,50.0,Macaca mulatta
NEUR_5181,Thalamus,118.32,101.61,Mus musculus
NEUR_3040,Hypothalamus,41.52,49.18,Mus musculus
NEUR_7000,Cortex,96.39,54.8,Rattus norvegicus
NEUR_1809,Amygdala,0.98,35.4,Rattus norvegicus
NEUR_9151,Striatum,133.34,24.48,Danio rerio
NEUR_3535,Cerebellum,88.09,117.13,Macaca mulatta
NEUR_7070,Hypothalamus,45.05,36.89,Rattus norvegicus
NEUR_2232,Thalamus,3.0,33.15,Danio rerio
NEUR_1510,Cerebellum,112.53,45.1,Danio rerio
NEUR_9193,Thalamus,40.49,78.9,Mus musculus
NEUR_2815,Cortex,138.07,34.71,Danio rerio
NEUR_8140,Cortex,37.6,37.89,Rattus norvegicus
NEUR_4979,Cortex,119.35,15.17,Rattus norvegicus
NEUR_5749,Amygdala,24.26,100.14,Rattus norvegicus
NEUR_4139,Cerebellum,92.24,12.95,Rattus norvegicus
NEUR_6412,Cortex,68.66,98.1,Rattus norvegicus
NEUR_8629,Hypothalamus,18.73,18.55,Macaca mulatta
NEUR_5825,Cerebellum,19.97,13.06,Danio rerio
NEUR_5303,Hippocampus,123.14,13.49,Mus musculus
NEUR_2780,Striatum,116.25,49.09,Rattus norvegicus
NEUR_6403,Hypothalamus,26.49,79.82,Macaca mulatta
NEUR_3627,Thalamus,103.14,96.61,Danio rerio
NEUR_1595,Thalamus,103.93,58.94,Rattus norvegicus
NEUR_8507,Cerebellum,31.08,87.42,Rattus norvegicus
NEUR_9862,Cortex,149.19,25.25,Mus musculus
NEUR_8039,Thalamus,139.16,40.43,Rattus norvegicus
NEUR_9650,Striatum,149.87,75.3,Macaca mulatta
NEUR_1015,Cerebellum,58.31,79.25,Macaca mulatta
NEUR_6354,Hippocampus,79.32,114.62,Macaca mulatta
NEUR_4462,Cortex,85.0,115.42,Macaca mulatta
NEUR_8780,Hypothalamus,106.62,26.65,Rattus norvegicus
NEUR_3268,Striatum,115.1,90.37,Danio rerio
NEUR_2136,Cortex,111.45,53.97,Mus musculus
NEUR_4081,Hypothalamus,20.81,88.55,Danio rerio
NEUR_6546,Cortex,69.05,17.41,Macaca mulatta
NEUR_4030,Cortex,64.15,88.57,Mus musculus
NEUR_8770,Thalamus,36.8,96.5,Macaca mulatta
NEUR_7826,Cortex,16.2,90.18,Macaca mulatta
NEUR_6899,Striatum,147.08,87.85,Mus musculus
NEUR_8139,Hypothalamus,61.47,29.96,Macaca mulatta
NEUR_3308,Cortex,148.78,31.42,Macaca mulatta
NEUR_4346,Striatum,121.29,101.97,Macaca mulatta
NEUR_3167,Cortex,120.5,80.97,Macaca mulatta
NEUR_5622,Amygdala,101.2,104.65,Danio rerio
NEUR_2805,Hypothalamus,76.26,95.64,Danio rerio
NEUR_3512,Hippocampus,132.71,88.31,Mus musculus
NEUR_7400,Striatum,140.6,31.37,Danio rerio
NEUR_7233,Amygdala,34.1,49.24,Macaca mulatta
NEUR_9621,Cerebellum,149.37,94.91,Rattus norvegicus
NEUR_3311,Cerebellum,116.86,115.54,Mus musculus
NEUR_8191,Cortex,47.41,100.96,Macaca mulatta
NEUR_1439,Cerebellum,37.15,98.12,Danio rerio
NEUR_8256,Cortex,110.22,69.84,Danio rerio
NEUR_6229,Amygdala,37.15,58.3,Macaca mulatta
NEUR_2126,Thalamus,86.12,71.74,Macaca mulatta
NEUR_2969,Thalamus,43.86,17.69,Mus musculus
NEUR_7731,Cortex,88.33,53.48,Rattus norvegicus
NEUR_7389,Cerebellum,129.11,94.47,Macaca mulatta
NEUR_6472,Amygdala,32.41,33.04,Danio rerio
NEUR_8395,Thalamus,112.34,17.81,Macaca mulatta
NEUR_2810,Thalamus,7.08,67.03,Danio rerio
NEUR_6334,Cortex,125.78,41.28,Rattus norvegicus
NEUR_4971,Hippocampus,44.56,11.02,Macaca mulatta
NEUR_1162,Cerebellum,104.42,42.03,Mus musculus
NEUR_4772,Amygdala,118.67,117.42,Rattus norvegicus
NEUR_8641,Hypothalamus,19.05,74.44,Danio rerio
NEUR_4618,Striatum,43.18,37.93,Danio rerio
NEUR_3071,Amygdala,34.01,15.44,Macaca mulatta
NEUR_3951,Striatum,36.25,115.26,Mus musculus
NEUR_3400,Hippocampus,55.53,83.35,Rattus norvegicus
NEUR_2003,Amygdala,128.08,39.83,Rattus norvegicus
NEUR_4793,Cerebellum,114.24,119.83,Danio rerio
NEUR_8742,Hippocampus,31.03,50.71,Rattus norvegicus
NEUR_8985,Hippocampus,126.98,40.46,Mus musculus
NEUR_1011,Hypothalamus,130.29,68.47,Macaca mulatta
NEUR_5448,Striatum,148.44,42.77,Danio rerio
NEUR_6334,Thalamus,125.35,119.11,Macaca mulatta
NEUR_6229,Amygdala,61.75,26.56,Macaca mulatta
NEUR_8376,Thalamus,50.08,94.12,Rattus norvegicus
NEUR_2608,Cortex,91.2,105.88,Rattus norvegicus
NEUR_7975,Amygdala,129.9,63.45,Mus musculus
NEUR_7885,Thalamus,0.49,91.27,Macaca mulatta
NEUR_7897,Cortex,65.04,61.01,Rattus norvegicus
NEUR_2889,Hypothalamus,50.62,44.47,Mus musculus
NEUR_4073,Striatum,30.97,92.62,Macaca mulatta
NEUR_9041,Striatum,65.46,46.65,Mus musculus
NEUR_1148,Amygdala,51.03,83.05,Rattus norvegicus
NEUR_5021,Hypothalamus,10.14,91.27,Mus musculus
NEUR_9090,Amygdala,48.59,104.32,Rattus norvegicus
NEUR_6675,Hypothalamus,89.05,86.45,Rattus norvegicus
NEUR_3694,Thalamus,89.9,55.57,Danio rerio
NEUR_8126,Striatum,71.5,76.75,Macaca mulatta
NEUR_2675,Striatum,26.69,117.53,Rattus norvegicus
NEUR_5445,Cerebellum,13.38,76.38,Macaca mulatta
NEUR_4023,Striatum,27.78,114.58,Danio rerio
NEUR_5503,Amygdala,116.08,26.21,Macaca mulatta
NEUR_9396,Hypothalamus,90.13,45.06,Macaca mulatta
NEUR_6296,Cerebellum,69.61,51.65,Danio rerio
NEUR_2586,Hippocampus,92.0,13.68,Macaca mulatta
NEUR_7279,Hippocampus,106.09,32.42,Mus musculus
NEUR_5038,Striatum,46.93,89.96,Danio rerio
NEUR_6722,Hypothalamus,133.41,24.65,Mus musculus
NEUR_9295,Thalamus,9.33,43.09,Danio rerio
NEUR_4937,Cerebellum,135.37,17.63,Macaca mulatta
NEUR_7306,Striatum,0.12,38.19,Mus musculus
NEUR_9196,Hypothalamus,58.12,119.0,Danio rerio
NEUR_2594,Striatum,24.35,102.47,Mus musculus
NEUR_8915,Thalamus,52.05,31.26,Danio rerio
NEUR_6553,Amygdala,120.86,114.54,Macaca mulatta
NEUR_6071,Hippocampus,75.55,94.74,Macaca mulatta
NEUR_1742,Cerebellum,46.35,97.72,Danio rerio
NEUR_9815,Hypothalamus,77.5,114.75,Macaca mulatta
NEUR_7583,Cerebellum,34.77,47.98,Rattus norvegicus
NEUR_2134,Hypothalamus,36.5,56.29,Mus musculus
NEUR_6231,Thalamus,111.13,112.71,Rattus norvegicus
NEUR_1840,Hypothalamus,20.9,24.91,Mus musculus
NEUR_6226,Thalamus,28.69,107.92,Macaca mulatta
NEUR_9582,Hypothalamus,39.45,100.06,Rattus norvegicus
NEUR_3983,Cortex,116.05,62.33,Mus musculus
NEUR_6172,Cerebellum,46.09,32.76,Mus musculus
NEUR_1039,Amygdala,14.1,65.07,Mus musculus
NEUR_7659,Cerebellum,47.19,15.46,Danio rerio
NEUR_3476,Cortex,6.49,104.41,Danio rerio
NEUR_4657,Thalamus,34.07,24.85,Mus musculus
NEUR_4278,Hippocampus,11.04,100.45,Macaca mulatta
NEUR_6044,Cortex,92.77,81.88,Macaca mulatta
NEUR_1481,Cortex,109.86,17.33,Mus musculus
NEUR_9218,Hypothalamus,120.89,75.29,Macaca mulatta
NEUR_6713,Thalamus,24.51,90.35,Rattus norvegicus
NEUR_5198,Cortex,143.54,47.7,Danio rerio
NEUR_7645,Cerebellum,41.21,94.32,Macaca mulatta
NEUR_9976,Hypothalamus,69.05,101.02,Danio rerio
NEUR_5934,Cerebellum,126.87,54.94,Mus musculus
NEUR_2329,Hippocampus,125.92,29.02,Mus musculus
NEUR_4432,Cortex,148.61,103.98,Rattus norvegicus
NEUR_7378,Thalamus,71.96,24.97,Rattus norvegicus
NEUR_5195,Hypothalamus,13.17,105.6,Rattus norvegicus
NEUR_3477,Hypothalamus,98.24,109.23,Rattus norvegicus
NEUR_8141,Hippocampus,71.96,10.91,Rattus norvegicus
NEUR_7400,Cortex,33.94,24.67,Mus musculus
NEUR_5538,Striatum,92.27,102.04,Macaca mulatta
NEUR_4953,Thalamus,20.7,96.56,Danio rerio
NEUR_4139,Thalamus,47.26,92.86,Macaca mulatta
NEUR_8926,Cortex,125.58,40.82,Macaca mulatta
NEUR_9764,Thalamus,67.46,92.8,Mus musculus
NEUR_6150,Thalamus,35.79,25.25,Danio rerio
NEUR_6394,Cerebellum,69.46,90.89,Danio rerio
NEUR_7868,Amygdala,14.5,58.38,Rattus norvegicus
NEUR_8652,Hypothalamus,35.61,81.2,Danio rerio
NEUR_6879,Amygdala,78.86,96.29,Macaca mulatta
NEUR_3579,Thalamus,91.5,96.1,Mus musculus
NEUR_6300,Cortex,148.76,30.88,Mus musculus
NEUR_2379,Striatum,23.93,44.37,Danio rerio
NEUR_7493,Cerebellum,144.43,60.02,Danio rerio
NEUR_8661,Hypothalamus,146.56,112.05,Mus musculus
NEUR_4973,Cerebellum,147.45,13.97,Mus musculus
NEUR_6301,Amygdala,118.53,113.11,Mus musculus
NEUR_6023,Striatum,105.42,45.05,Macaca mulatta
NEUR_1529,Striatum,97.54,118.33,Danio rerio
NEUR_1913,Amygdala,72.12,110.22,Danio rerio
NEUR_6985,Thalamus,28.08,42.02,Rattus norvegicus
NEUR_2493,Cerebellum,51.93,110.76,Rattus norvegicus
NEUR_3134,Striatum,46.55,111.8,Danio rerio
NEUR_3881,Cortex,35.11,75.25,Rattus norvegicus
NEUR_4263,Striatum,82.23,109.3,Rattus norvegicus
NEUR_8139,Amygdala,124.28,62.66,Mus musculus
NEUR_1083,Thalamus,117.75,25.03,Macaca mulatta
NEUR_1462,Cerebellum,146.47,119.27,Macaca mulatta
NEUR_6169,Striatum,101.87,57.8,Macaca mulatta
NEUR_9036,Amygdala,7.4,69.49,Rattus norvegicus
NEUR_5581,Cortex,102.94,81.21,Danio rerio
NEUR_8178,Hippocampus,120.21,37.35,Macaca mulatta
NEUR_9272,Hypothalamus,68.26,54.12,Danio rerio
NEUR_1175,Amygdala,23.75,66.77,Macaca mulatta
NEUR_1010,Cortex,66.05,30.36,Mus musculus
NEUR_4583,Hypothalamus,143.17,46.63,Rattus norvegicus
NEUR_6512,Amygdala,13.25,101.91,Danio rerio
NEUR_8839,Cortex,7.8,51.61,Danio rerio
NEUR_1636,Thalamus,16.13,39.72,Macaca mulatta
NEUR_5991,Amygdala,92.09,51.43,Danio rerio
NEUR_7931,Striatum,52.59,23.65,Rattus norvegicus
NEUR_4001,Amygdala,44.67,41.87,Macaca mulatta
NEUR_4872,Cortex,138.5,15.9,Rattus norvegicus
NEUR_9975,Cerebellum,92.92,93.4,Rattus norvegicus
NEUR_6657,Hippocampus,133.84,92.42,Macaca mulatta
NEUR_9863,Cerebellum,97.15,77.92,Danio rerio
NEUR_3980,Hippocampus,122.53,70.86,Rattus norvegicus
NEUR_8483,Cortex,47.14,28.43,Rattus norvegicus
NEUR_3710,Cerebellum,20.16,73.32,Danio rerio
NEUR_5294,Hypothalamus,97.53,38.09,Mus musculus
NEUR_7554,Amygdala,68.52,17.68,Rattus norvegicus
NEUR_4485,Hippocampus,104.51,118.84,Mus musculus
NEUR_7553,Amygdala,94.2,85.97,Danio rerio
NEUR_7635,Cerebellum,43.09,15.06,Rattus norvegicus
NEUR_1614,Striatum,43.17,65.73,Mus musculus
NEUR_4192,Striatum,17.57,18.84,Mus musculus
NEUR_6140,Hypothalamus,123.87,64.77,Macaca mulatta
NEUR_7025,Hypothalamus,108.17,86.91,Rattus norvegicus
NEUR_4197,Cerebellum,4.52,72.52,Mus musculus
NEUR_1594,Hypothalamus,103.7,31.93,Danio rerio
NEUR_1888,Hypothalamus,111.36,65.41,Rattus norvegicus
NEUR_7089,Amygdala,11.67,11.3,Rattus norvegicus
NEUR_9551,Cortex,39.39,65.75,Macaca mulatta
NEUR_6487,Hippocampus,26.12,81.7,Rattus norvegicus
NEUR_2498,Cerebellum,116.83,51.3,Mus musculus
NEUR_1916,Striatum,107.92,16.91,Mus musculus
NEUR_2245,Hippocampus,14.46,33.27,Rattus norvegicus
NEUR_5511,Hypothalamus,11.52,77.94,Mus musculus
NEUR_3083,Striatum,130.32,68.24,Macaca mulatta
NEUR_8811,Cortex,32.2,96.77,Rattus norvegicus
NEUR_7244,Hippocampus,40.41,92.97,Danio rerio
NEUR_9179,Thalamus,1.95,73.53,Danio rerio
NEUR_3159,Amygdala,125.79,15.6,Mus musculus
NEUR_2088,Amygdala,41.01,31.92,Danio rerio
NEUR_6120,Cortex,72.11,119.98,Rattus norvegicus
NEUR_8252,Thalamus,15.58,112.0,Danio rerio
NEUR_3074,Thalamus,72.61,47.08,Danio rerio
NEUR_9882,Hippocampus,131.16,85.54,Danio rerio
NEUR_1530,Thalamus,102.29,60.09,Macaca mulatta
NEUR_1395,Thalamus,70.88,94.66,Rattus norvegicus
NEUR_2517,Hippocampus,7.92,79.08,Rattus norvegicus
NEUR_9423,Cerebellum,24.05,48.74,Mus musculus
NEUR_6622,Cortex,114.17,19.0,Rattus norvegicus
NEUR_4030,Thalamus,43.63,62.1,Mus musculus
NEUR_9825,Cortex,1.67,63.62,Rattus norvegicus
NEUR_8877,Hypothalamus,133.56,97.61,Rattus norvegicus
NEUR_1457,Cortex,10.27,63.82,Danio rerio
NEUR_5118,Hippocampus,119.64,118.58,Mus musculus
NEUR_5596,Cortex,127.21,53.67,Macaca mulatta
NEUR_4168,Hippocampus,56.13,62.83,Mus musculus
NEUR_6215,Striatum,51.34,60.87,Macaca mulatta
NEUR_8850,Hippocampus,109.3,15.5,Danio rerio
NEUR_5825,Thalamus,52.35,13.58,Macaca mulatta
NEUR_7243,Hypothalamus,61.57,15.01,Danio rerio
NEUR_2272,Hypothalamus,145.71,15.33,Macaca mulatta
NEUR_9449,Hippocampus,110.02,94.28,Macaca mulatta
NEUR_1188,Thalamus,33.62,63.68,Macaca mulatta
NEUR_9216,Striatum,22.8,117.56,Macaca mulatta
NEUR_4776,Striatum,127.87,106.99,Danio rerio
NEUR_2700,Thalamus,126.12,97.41,Danio rerio
NEUR_4328,Striatum,87.15,50.11,Macaca mulatta
NEUR_1377,Amygdala,131.11,109.32,Danio rerio
NEUR_8681,Striatum,58.04,73.1,Danio rerio
NEUR_4039,Hippocampus,11.11,11.09,Mus musculus
NEUR_2581,Hippocampus,83.26,71.05,Macaca mulatta
NEUR_1452,Cerebellum,127.96,76.3,Macaca mulatta
NEUR_5146,Hippocampus,74.67,92.97,Mus musculus
NEUR_9882,Hypothalamus,112.11,74.39,Macaca mulatta
NEUR_9707,Amygdala,100.14,89.11,Mus musculus
NEUR_5189,Hippocampus,79.45,92.78,Danio rerio
NEUR_6286,Cortex,114.2,43.95,Rattus norvegicus
NEUR_5382,Cerebellum,98.8,50.61,Danio rerio
NEUR_6918,Cortex,39.99,80.72,Rattus norvegicus
NEUR_1234,Amygdala,104.4,99.54,Danio rerio
NEUR_7004,Hippocampus,96.77,50.68,Danio rerio
NEUR_1257,Striatum,24.92,57.2,Mus musculus
NEUR_5705,Cortex,140.52,69.98,Mus musculus
NEUR_3113,Striatum,0.96,54.15,Rattus norvegicus
NEUR_9642,Amygdala,84.91,46.11,Mus musculus
NEUR_3256,Cortex,117.95,75.3,Mus musculus
NEUR_2744,Cortex,122.62,26.67,Mus musculus
NEUR_5077,Hypothalamus,70.94,46.56,Macaca mulatta
NEUR_4128,Thalamus,117.66,114.88,Rattus norvegicus
NEUR_3700,Cerebellum,43.9,72.06,Danio rerio
NEUR_3272,Cerebellum,62.14,92.37,Mus musculus
NEUR_6889,Hypothalamus,53.06,95.13,Macaca mulatta
NEUR_1369,Amygdala,37.46,29.65,Danio rerio
NEUR_6358,Cerebellum,121.79,119.19,Rattus norvegicus
NEUR_5409,Thalamus,76.42,107.25,Rattus norvegicus
NEUR_7875,Thalamus,56.61,115.87,Rattus norvegicus
NEUR_8771,Hippocampus,113.55,49.47,Rattus norvegicus
NEUR_7433,Striatum,125.95,40.35,Rattus norvegicus
NEUR_6692,Striatum,97.94,42.72,Macaca mulatta
NEUR_3433,Amygdala,111.44,39.94,Mus musculus
NEUR_6882,Cerebellum,58.92,101.77,Rattus norvegicus
NEUR_5594,Striatum,141.34,40.55,Danio rerio
NEUR_9384,Hypothalamus,136.04,77.36,Rattus norvegicus
NEUR_9610,Amygdala,16.86,109.51,Mus musculus
NEUR_6701,Hypothalamus,71.9,34.49,Macaca mulatta
NEUR_5684,Cerebellum,137.75,62.99,Rattus norvegicus
NEUR_1360,Cortex,28.37,107.16,Macaca mulatta
NEUR_9522,Thalamus,50.99,110.81,Macaca mulatta
NEUR_8384,Thalamus,85.45,65.18,Mus musculus
NEUR_5190,Thalamus,27.94,85.35,Danio rerio
NEUR_5033,Hippocampus,60.15,59.05,Macaca mulatta
NEUR_8831,Hippocampus,68.65,25.28,Rattus norvegicus
NEUR_7579,Cerebellum,101.46,35.67,Macaca mulatta
NEUR_5358,Hippocampus,100.92,11.39,Danio rerio
NEUR_9167,Striatum,57.24,68.66,Mus musculus
NEUR_7978,Amygdala,95.09,71.61,Macaca mulatta
NEUR_2433,Cerebellum,52.86,56.07,Macaca mulatta
NEUR_9658,Hypothalamus,106.37,43.69,Rattus norvegicus
NEUR_1224,Thalamus,85.3,24.06,Rattus norvegicus
NEUR_9707,Hypothalamus,142.34,103.1,Macaca mulatta
NEUR_7067,Striatum,13.11,83.41,Rattus norvegicus
NEUR_4889,Amygdala,2.58,64.23,Danio rerio
NEUR_8232,Hippocampus,57.46,98.25,Mus musculus
NEUR_4551,Amygdala,89.27,35.71,Rattus norvegicus
NEUR_9589,Hypothalamus,106.38,52.92,Rattus norvegicus
NEUR_1784,Cortex,61.29,107.72,Mus musculus
NEUR_5153,Thalamus,72.78,45.37,Danio rerio
NEUR_5010,Hypothalamus,49.54,50.57,Danio rerio
NEUR_7396,Hippocampus,142.93,33.08,Macaca mulatta
NEUR_9321,Cortex,105.3,12.17,Rattus norvegicus
NEUR_8293,Hippocampus,20.21,53.97,Mus musculus
NEUR_9612,Cortex,43.92,72.98,Mus musculus
NEUR_4202,Thalamus,94.09,21.15,Danio rerio
NEUR_9522,Thalamus,53.27,114.88,Mus musculus
NEUR_7107,Cortex,148.09,92.99,Rattus norvegicus
NEUR_1947,Amygdala,3.16,85.21,Danio rerio
NEUR_5309,Amygdala,3.29,112.27,Rattus norvegicus
NEUR_3264,Thalamus,143.74,83.8,Macaca mulatta
NEUR_6193,Hypothalamus,55.14,55.1,Macaca mulatta
NEUR_1338,Hypothalamus,3.59,102.27,Danio rerio
NEUR_6792,Cerebellum,31.07,95.83,Rattus norvegicus
NEUR_1505,Thalamus,115.52,86.3,Macaca mulatta
NEUR_6047,Thalamus,34.08,58.74,Mus musculus
NEUR_3861,Amygdala,143.74,43.41,Mus musculus
NEUR_4263,Cerebellum,69.85,25.18,Danio rerio
NEUR_4915,Striatum,42.14,86.95,Danio rerio
NEUR_1027,Amygdala,44.18,98.67,Rattus norvegicus
NEUR_6797,Hypothalamus,21.74,55.19,Mus musculus
NEUR_8363,Thalamus,14.16,11.47,Macaca mulatta
NEUR_9020,Amygdala,103.76,105.37,Macaca mulatta
NEUR_5090,Thalamus,26.72,108.38,Macaca mulatta
NEUR_3809,Hippocampus,37.72,100.41,Rattus norvegicus
NEUR_8434,Hippocampus,136.0,111.28,Macaca mulatta
NEUR_7680,Thalamus,107.07,63.71,Macaca mulatta
NEUR_8964,Cerebellum,132.05,37.59,Mus musculus
NEUR_7108,Thalamus,107.68,73.11,Mus musculus
NEUR_8721,Cerebellum,51.47,108.04,Macaca mulatta
NEUR_8287,Cortex,40.6,76.24,Danio rerio
NEUR_3942,Cerebellum,126.1,33.88,Danio rerio
NEUR_6605,Hypothalamus,121.98,101.02,Rattus norvegicus
NEUR_1876,Hypothalamus,33.07,105.75,Rattus norvegicus
NEUR_6137,Hypothalamus,76.23,29.32,Macaca mulatta
NEUR_2890,Striatum,50.12,90.33,Macaca mulatta
NEUR_9166,Thalamus,52.95,105.78,Mus musculus
NEUR_1975,Striatum,146.18,11.26,Macaca mulatta
NEUR_8404,Cerebellum,7.3,69.56,Rattus norvegicus
NEUR_1348,Striatum,2.77,55.7,Danio rerio
NEUR_8404,Thalamus,27.12,66.26,Macaca mulatta
NEUR_7768,Hippocampus,95.12,30.06,Danio rerio
NEUR_4307,Amygdala,118.39,106.35,Danio rerio
NEUR_1820,Amygdala,4.66,16.59,Danio rerio
NEUR_2850,Amygdala,73.68,46.94,Rattus norvegicus
NEUR_5072,Cerebellum,6.05,23.32,Mus musculus
NEUR_4437,Hypothalamus,60.83,55.12,Macaca mulatta
NEUR_5500,Cerebellum,53.37,106.17,Mus musculus
NEUR_9352,Thalamus,93.36,70.81,Mus musculus
NEUR_3335,Cerebellum,69.17,34.98,Rattus norvegicus
NEUR_4994,Amygdala,75.78,96.25,Macaca mulatta
NEUR_4810,Cerebellum,46.4,111.79,Macaca mulatta
NEUR_8682,Amygdala,20.09,41.05,Mus musculus
NEUR_5147,Cerebellum,36.53,35.45,Macaca mulatta
NEUR_7864,Hippocampus,56.46,100.31,Mus musculus
NEUR_5449,Amygdala,23.07,51.43,Rattus norvegicus
NEUR_9640,Cortex,70.13,107.74,Rattus norvegicus
NEUR_3902,Hippocampus,84.77,96.47,Rattus norvegicus
NEUR_1779,Cortex,26.75,47.08,Macaca mulatta
NEUR_9488,Amygdala,149.8,38.03,Macaca mulatta
NEUR_7194,Striatum,118.53,24.54,Mus musculus
NEUR_4907,Cortex,28.18,110.44,Macaca mulatta
NEUR_7716,Striatum,105.71,92.86,Rattus norvegicus
NEUR_7135,Hypothalamus,66.08,40.48,Rattus norvegicus
NEUR_3249,Cortex,90.42,52.87,Rattus norvegicus
NEUR_9855,Striatum,101.57,94.5,Rattus norvegicus
NEUR_1654,Amygdala,74.13,70.78,Mus musculus
NEUR_9123,Hypothalamus,93.98,18.25,Rattus norvegicus
NEUR_6490,Hypothalamus,119.97,91.76,Rattus norvegicus
NEUR_9563,Thalamus,73.35,45.75,Mus musculus
NEUR_8450,Striatum,77.73,69.99,Mus musculus
NEUR_4915,Thalamus,134.36,26.79,Danio rerio
NEUR_7337,Striatum,49.28,85.25,Rattus norvegicus
NEUR_1494,Cerebellum,112.38,89.4,Macaca mulatta
NEUR_7261,Hippocampus,19.89,89.54,Macaca mulatta
NEUR_6621,Amygdala,137.18,13.19,Mus musculus
NEUR_5270,Thalamus,123.41,115.81,Macaca mulatta
NEUR_4037,Cortex,82.29,100.93,Rattus norvegicus
NEUR_5806,Striatum,70.11,29.31,Mus musculus
NEUR_6884,Hippocampus,21.98,78.74,Mus musculus
NEUR_6929,Hippocampus,138.08,78.65,Rattus norvegicus
NEUR_2115,Hypothalamus,51.25,113.4,Rattus norvegicus
NEUR_5848,Hypothalamus,107.42,29.82,Rattus norvegicus
NEUR_4436,Amygdala,101.48,62.83,Rattus norvegicus
NEUR_2212,Cerebellum,40.17,31.81,Macaca mulatta
NEUR_4781,Hippocampus,50.93,105.53,Macaca mulatta
NEUR_4772,Cortex,33.04,15.58,Mus musculus
NEUR_4732,Striatum,139.05,23.48,Macaca mulatta
NEUR_3155,Hypothalamus,16.98,105.13,Rattus norvegicus
NEUR_6956,Cortex,19.59,17.47,Macaca mulatta
NEUR_6419,Hippocampus,47.75,119.5,Rattus norvegicus
NEUR_7687,Thalamus,121.24,105.32,Danio rerio
NEUR_6578,Hypothalamus,73.51,55.68,Rattus norvegicus
NEUR_8575,Striatum,16.15,114.25,Rattus norvegicus
NEUR_8924,Hypothalamus,30.1,40.33,Macaca mulatta
NEUR_8457,Striatum,5.78,17.3,Macaca mulatta
NEUR_8879,Striatum,81.11,33.67,Rattus norvegicus
NEUR_9805,Thalamus,114.45,28.93,Macaca mulatta
NEUR_8592,Amygdala,21.53,93.12,Rattus norvegicus
NEUR_5156,Hypothalamus,107.96,64.92,Rattus norvegicus
NEUR_2497,Striatum,37.84,97.75,Macaca mulatta
NEUR_3702,Hypothalamus,17.21,44.8,Mus musculus
NEUR_3850,Amygdala,70.39,110.18,Macaca mulatta
NEUR_6926,Hippocampus,45.58,67.69,Danio rerio
NEUR_9373,Cortex,43.46,114.02,Mus musculus
NEUR_6001,Cortex,145.96,91.19,Rattus norvegicus
NEUR_6746,Thalamus,115.65,21.32,Macaca mulatta
NEUR_1156,Thalamus,7.31,43.57,Rattus norvegicus
NEUR_6962,Hypothalamus,111.73,62.95,Mus musculus
NEUR_8948,Cerebellum,103.91,34.42,Mus musculus
NEUR_5965,Striatum,29.43,23.37,Macaca mulatta
NEUR_9712,Amygdala,138.25,56.84,Rattus norvegicus
NEUR_4817,Cerebellum,41.85,79.56,Rattus norvegicus
NEUR_1255,Cortex,45.92,43.62,Macaca mulatta
NEUR_7030,Cortex,23.87,104.05,Macaca mulatta
NEUR_4395,Amygdala,104.89,39.17,Macaca mulatta
NEUR_3214,Cortex,86.75,15.19,Macaca mulatta
NEUR_4885,Cortex,42.3,74.21,Macaca mulatta
NEUR_7586,Cortex,147.92,21.09,Danio rerio
NEUR_1186,Hypothalamus,76.41,14.62,Danio rerio
NEUR_3374,Amygdala,1.46,46.66,Rattus norvegicus
NEUR_2737,Amygdala,116.3,40.24,Danio rerio
NEUR_6121,Hippocampus,143.97,29.57,Rattus norvegicus
NEUR_6353,Amygdala,137.91,14.99,Rattus norvegicus
NEUR_5846,Hypothalamus,115.97,49.63,Macaca mulatta
NEUR_7638,Thalamus,129.16,74.17,Macaca mulatta
NEUR_3005,Cortex,91.34,50.27,Mus musculus
NEUR_1387,Thalamus,91.21,76.67,Mus musculus
NEUR_6874,Amygdala,13.46,82.39,Rattus norvegicus
NEUR_3693,Thalamus,119.91,100.01,Mus musculus
NEUR_3801,Striatum,121.85,107.62,Danio rerio
NEUR_3269,Thalamus,21.26,48.67,Mus musculus
NEUR_7891,Cerebellum,35.56,79.71,Danio rerio
NEUR_2975,Hypothalamus,5.68,20.63,Rattus norvegicus
NEUR_8016,Amygdala,81.32,75.95,Rattus norvegicus
NEUR_9244,Hippocampus,86.86,100.73,Rattus norvegicus
NEUR_8168,Hypothalamus,113.03,55.88,Macaca mulatta
NEUR_7165,Cortex,115.57,77.45,Mus musculus
NEUR_5072,Cerebellum,10.81,53.56,Danio rerio
NEUR_1975,Thalamus,71.85,31.13,Mus musculus
NEUR_9235,Cerebellum,65.39,14.95,Rattus norvegicus
NEUR_7184,Cerebellum,136.27,36.03,Macaca mulatta
NEUR_3349,Hypothalamus,127.08,111.91,Rattus norvegicus
NEUR_3107,Thalamus,0.4,112.51,Macaca mulatta
NEUR_4635,Hypothalamus,47.93,63.72,Mus musculus
NEUR_5051,Hypothalamus,132.88,96.31,Mus musculus
NEUR_3392,Cerebellum,101.44,83.26,Danio rerio
NEUR_3316,Amygdala,44.97,82.69,Danio rerio
NEUR_7098,Striatum,140.82,20.1,Macaca mulatta
NEUR_9656,Cortex,141.7,119.95,Danio rerio
NEUR_7646,Amygdala,21.34,17.04,Danio rerio
NEUR_8072,Amygdala,21.39,88.33,Mus musculus
NEUR_9303,Cortex,132.53,102.15,Macaca mulatta
NEUR_4747,Cerebellum,141.63,16.65,Macaca mulatta
NEUR_4147,Hypothalamus,65.77,65.83,Macaca mulatta
NEUR_3071,Hypothalamus,141.7,90.87,Mus musculus
NEUR_2316,Thalamus,24.86,95.78,Mus musculus
NEUR_1027,Striatum,56.63,40.1,Rattus norvegicus
NEUR_4216,Hypothalamus,37.35,86.02,Mus musculus
NEUR_6173,Hypothalamus,103.71,32.41,Mus musculus
NEUR_6403,Amygdala,84.14,25.28,Rattus norvegicus
NEUR_4891,Cortex,1.68,99.55,Mus musculus
NEUR_9051,Hippocampus,43.63,72.63,Mus musculus
NEUR_7144,Hippocampus,60.76,63.02,Danio rerio
NEUR_5121,Thalamus,138.16,113.53,Mus musculus
NEUR_5510,Hypothalamus,36.04,24.23,Macaca mulatta
NEUR_4805,Amygdala,96.1,53.28,Mus musculus
NEUR_5032,Thalamus,64.1,105.64,Rattus norvegicus
NEUR_8997,Striatum,40.31,105.55,Rattus norvegicus
NEUR_2614,Thalamus,73.82,107.76,Mus musculus
NEUR_3329,Hypothalamus,36.55,51.04,Macaca mulatta
NEUR_4834,Striatum,57.1,94.44,Macaca mulatta
NEUR_5214,Hypothalamus,19.28,81.39,Danio rerio
NEUR_9112,Hypothalamus,85.68,93.56,Danio rerio
NEUR_5329,Amygdala,113.72,44.25,Macaca mulatta
NEUR_6993,Striatum,75.67,14.16,Rattus norvegicus
NEUR_5587,Amygdala,9.54,111.25,Rattus norvegicus
NEUR_1361,Cerebellum,111.14,91.7,Mus musculus
NEUR_4073,Hypothalamus,44.95,119.68,Macaca mulatta
NEUR_1546,Cerebellum,28.58,59.92,Danio rerio
NEUR_7708,Striatum,43.71,104.72,Rattus norvegicus
NEUR_3397,Hypothalamus,12.85,31.87,Rattus norvegicus
NEUR_2244,Hypothalamus,59.47,117.59,Danio rerio
NEUR_2927,Cerebellum,68.02,25.34,Rattus norvegicus
NEUR_1614,Hypothalamus,145.91,65.53,Rattus norvegicus
NEUR_1549,Cerebellum,41.24,85.5,Mus musculus
NEUR_1200,Amygdala,132.81,25.24,Mus musculus
NEUR_3901,Amygdala,101.42,97.66,Mus musculus
NEUR_3382,Cortex,64.73,75.47,Danio rerio
NEUR_2410,Thalamus,39.77,110.45,Mus musculus
NEUR_9205,Cerebellum,100.52,68.44,Rattus norvegicus
NEUR_5077,Amygdala,6.26,118.32,Mus musculus
NEUR_3030,Amygdala,77.35,65.82,Danio rerio
NEUR_3026,Amygdala,122.07,109.74,Danio rerio
NEUR_2772,Cerebellum,119.62,108.59,Danio rerio
NEUR_1485,Thalamus,53.61,16.79,Mus musculus
NEUR_8309,Cortex,120.41,53.21,Mus musculus
NEUR_3341,Amygdala,148.29,57.32,Danio rerio
NEUR_8319,Striatum,145.11,49.76,Macaca mulatta
NEUR_8546,Amygdala,100.87,42.97,Danio rerio
NEUR_2316,Cortex,45.74,108.68,Rattus norvegicus
NEUR_4437,Thalamus,129.75,19.56,Danio rerio
NEUR_4482,Hippocampus,94.84,20.23,Macaca mulatta
NEUR_9799,Thalamus,42.15,12.46,Macaca mulatta
NEUR_4064,Hypothalamus,83.66,116.27,Macaca mulatta
NEUR_8881,Striatum,36.31,96.63,Danio rerio
NEUR_2920,Amygdala,87.16,105.01,Danio rerio
NEUR_7188,Thalamus,91.07,52.25,Macaca mulatta
NEUR_6697,Cerebellum,133.1,111.24,Macaca mulatta
NEUR_7208,Cerebellum,145.91,32.2,Danio rerio
NEUR_8835,Thalamus,3.56,20.95,Danio rerio
NEUR_8050,Cerebellum,42.75,79.53,Mus musculus
NEUR_2177,Hippocampus,145.81,112.6,Macaca mulatta
NEUR_9578,Thalamus,75.92,38.79,Macaca mulatta
NEUR_9417,Amygdala,98.97,41.27,Danio rerio
NEUR_3553,Hippocampus,43.32,105.26,Rattus norvegicus
NEUR_1124,Cerebellum,72.51,106.15,Macaca mulatta
NEUR_4434,Amygdala,11.14,27.12,Danio rerio
NEUR_7527,Thalamus,45.81,52.46,Mus musculus
NEUR_6083,Hippocampus,20.54,86.01,Rattus norvegicus
NEUR_7409,Hypothalamus,15.03,77.9,Macaca mulatta
NEUR_5277,Hippocampus,20.3,24.75,Mus musculus
NEUR_3264,Amygdala,132.82,12.76,Danio rerio
NEUR_6635,Cortex,49.71,28.28,Rattus norvegicus
NEUR_8912,Cerebellum,54.58,82.67,Rattus norvegicus
NEUR_4983,Cortex,91.67,86.03,Rattus norvegicus
NEUR_4887,Amygdala,65.26,90.26,Macaca mulatta
NEUR_4050,Cortex,18.45,44.66,Danio rerio
NEUR_6111,Hypothalamus,115.45,77.67,Macaca mulatta
NEUR_2838,Hypothalamus,28.6,42.19,Danio rerio
NEUR_9319,Amygdala,35.69,66.65,Rattus norvegicus
NEUR_1163,Hypothalamus,81.88,101.86,Rattus norvegicus
NEUR_6577,Amygdala,116.81,87.14,Mus musculus
NEUR_1383,Thalamus,133.74,57.01,Mus musculus
NEUR_2638,Cortex,103.51,86.5,Mus musculus
NEUR_6726,Striatum,145.18,90.15,Macaca mulatta
NEUR_8700,Striatum,51.84,87.27,Macaca mulatta
NEUR_6514,Hippocampus,44.98,82.33,Mus musculus
NEUR_6717,Striatum,43.79,50.0,Danio rerio
NEUR_2331,Thalamus,76.48,72.03,Macaca mulatta
NEUR_6456,Cortex,14.21,108.37,Mus musculus
NEUR_6850,Hippocampus,110.58,57.53,Danio rerio
NEUR_5794,Cerebellum,148.48,75.81,Danio rerio
NEUR_6720,Striatum,89.75,32.7,Danio rerio
NEUR_7037,Thalamus,4.54,67.81,Macaca mulatta
NEUR_9928,Cortex,136.82,33.54,Danio rerio
NEUR_3507,Amygdala,43.08,12.01,Macaca mulatta
NEUR_6947,Hippocampus,111.49,69.1,Rattus norvegicus
NEUR_5753,Hippocampus,131.64,59.69,Rattus norvegicus
NEUR_1924,Amygdala,132.4,80.64,Rattus norvegicus
NEUR_4620,Hypothalamus,23.59,55.93,Macaca mulatta
NEUR_4599,Hippocampus,70.7,42.82,Mus musculus
NEUR_8664,Thalamus,106.66,53.4,Macaca mulatta
NEUR_2758,Striatum,97.26,49.6,Mus musculus
NEUR_9373,Striatum,89.14,77.93,Macaca mulatta
NEUR_7502,Hippocampus,143.45,65.3,Danio rerio
NEUR_8024,Striatum,121.35,40.48,Mus musculus
NEUR_9024,Cerebellum,54.91,19.3,Macaca mulatta
NEUR_1811,Hippocampus,73.81,55.35,Danio rerio
NEUR_7786,Striatum,60.47,92.4,Rattus norvegicus
NEUR_6373,Hypothalamus,34.42,84.6,Rattus norvegicus
NEUR_8338,Hippocampus,96.77,88.91,Danio rerio
NEUR_8480,Cortex,127.22,65.54,Danio rerio
NEUR_1711,Cerebellum,4.41,77.79,Macaca mulatta
NEUR_6217,Cerebellum,15.18,82.91,Rattus norvegicus
NEUR_9979,Cortex,33.19,81.23,Mus musculus
NEUR_6034,Cortex,129.92,67.29,Mus musculus
NEUR_8304,Cerebellum,17.96,93.49,Rattus norvegicus
NEUR_9135,Hippocampus,87.98,83.6,Mus musculus
NEUR_7968,Hippocampus,50.84,99.39,Mus musculus
NEUR_1449,Thalamus,26.73,86.53,Danio rerio
NEUR_8833,Amygdala,97.68,45.9,Rattus norvegicus
NEUR_7522,Hippocampus,71.93,110.21,Rattus norvegicus
NEUR_1170,Hippocampus,127.18,24.15,Macaca mulatta
NEUR_4393,Striatum,84.39,49.34,Rattus norvegicus
NEUR_1937,Amygdala,60.31,45.38,Danio rerio
NEUR_9929,Thalamus,61.43,90.95,Rattus norvegicus
NEUR_1010,Cortex,88.33,73.16,Danio rerio
NEUR_1540,Thalamus,58.92,76.82,Rattus norvegicus
NEUR_3489,Amygdala,14.94,89.51,Rattus norvegicus
NEUR_5264,Striatum,124.98,75.7,Rattus norvegicus
NEUR_9332,Amygdala,87.66,57.85,Danio rerio
NEUR_4537,Hippocampus,62.49,29.06,Mus musculus
NEUR_4093,Thalamus,27.2,30.14,Mus musculus
NEUR_5456,Amygdala,118.22,49.04,Macaca mulatta
NEUR_6769,Cortex,91.72,66.88,Macaca mulatta
NEUR_5453,Amygdala,115.09,77.72,Macaca mulatta
NEUR_5872,Cerebellum,57.51,69.45,Macaca mulatta
NEUR_3631,Cortex,83.68,111.45,Danio rerio
NEUR_7449,Hippocampus,45.74,17.47,Danio rerio
NEUR_6679,Cerebellum,93.36,22.6,Mus musculus
NEUR_4132,Hippocampus,14.99,119.13,Danio rerio
NEUR_6167,Cerebellum,9.77,86.7,Danio rerio
NEUR_7796,Hippocampus,75.77,110.71,Mus musculus
NEUR_9746,Hippocampus,20.09,13.89,Macaca mulatta
NEUR_8624,Hypothalamus,30.69,45.35,Rattus norvegicus
NEUR_1167,Cerebellum,97.94,50.25,Rattus norvegicus
NEUR_1877,Striatum,4.73,97.26,Macaca mulatta
NEUR_4160,Thalamus,25.75,41.18,Danio rerio
NEUR_1724,Amygdala,6.66,75.18,Mus musculus
NEUR_5684,Cortex,97.66,91.75,Macaca mulatta
NEUR_4717,Hippocampus,54.0,34.87,Rattus norvegicus
NEUR_6054,Thalamus,23.56,75.08,Danio rerio
NEUR_4498,Hippocampus,21.61,116.62,Mus musculus
NEUR_6841,Amygdala,137.11,108.63,Mus musculus
NEUR_6005,Cortex,96.17,112.71,Macaca mulatta
NEUR_6098,Hippocampus,61.52,93.88,Macaca mulatta
NEUR_6150,Striatum,149.83,86.65,Rattus norvegicus
NEUR_8207,Striatum,78.01,11.33,Mus musculus
NEUR_9467,Cortex,37.04,21.98,Danio rerio
NEUR_9274,Hypothalamus,100.64,73.47,Macaca mulatta
NEUR_6950,Striatum,73.53,62.68,Macaca mulatta
NEUR_5901,Cortex,133.87,13.13,Rattus norvegicus
NEUR_1472,Hippocampus,97.51,13.36,Rattus norvegicus
NEUR_4008,Hippocampus,65.67,49.48,Danio rerio
NEUR_9199,Cerebellum,106.72,64.58,Rattus norvegicus
NEUR_6127,Striatum,17.21,107.11,Mus musculus
NEUR_8032,Thalamus,124.03,37.33,Macaca mulatta
NEUR_7377,Amygdala,18.03,45.76,Danio rerio
NEUR_5918,Thalamus,141.74,71.24,Macaca mulatta
NEUR_8474,Hypothalamus,13.12,102.74,Danio rerio
NEUR_1914,Hippocampus,38.56,12.14,Danio rerio
NEUR_7672,Striatum,25.49,18.5,Macaca mulatta
NEUR_2810,Hippocampus,30.19,116.13,Danio rerio
NEUR_1607,Cerebellum,78.77,59.47,Rattus norvegicus
NEUR_5157,Striatum,8.62,59.85,Mus musculus
NEUR_4434,Cerebellum,99.01,106.13,Macaca mulatta
NEUR_6876,Amygdala,74.95,29.49,Danio rerio
NEUR_1931,Amygdala,136.74,91.91,Rattus norvegicus
NEUR_1893,Amygdala,114.11,84.92,Danio rerio
NEUR_6615,Striatum,35.77,101.66,Danio rerio
NEUR_7358,Cerebellum,57.23,82.62,Macaca mulatta
NEUR_1391,Cerebellum,19.18,82.65,Macaca mulatta
NEUR_3054,Thalamus,10.35,42.13,Rattus norvegicus
NEUR_2245,Thalamus,75.09,60.59,Rattus norvegicus
NEUR_3652,Cortex,78.74,69.85,Macaca mulatta
NEUR_8280,Cerebellum,37.27,47.79,Rattus norvegicus
NEUR_1298,Hypothalamus,107.47,36.05,Danio rerio
NEUR_1028,Striatum,79.82,12.33,Rattus norvegicus
NEUR_1323,Thalamus,54.25,106.59,Mus musculus
NEUR_7658,Thalamus,54.62,22.7,Macaca mulatta
NEUR_8496,Cerebellum,99.62,108.39,Macaca mulatta
NEUR_3908,Amygdala,14.76,48.69,Macaca mulatta
NEUR_2478,Hippocampus,71.95,69.89,Mus musculus
NEUR_8795,Cerebellum,65.51,29.23,Danio rerio
NEUR_4925,Amygdala,85.88,72.91,Mus musculus
NEUR_2314,Striatum,75.3,94.27,Danio rerio
NEUR_1358,Amygdala,73.41,41.37,Macaca mulatta
NEUR_1548,Thalamus,8.07,14.11,Mus musculus
NEUR_8918,Cerebellum,119.11,99.72,Danio rerio
NEUR_1126,Hypothalamus,144.62,44.64,Danio rerio
NEUR_4891,Hypothalamus,11.32,100.65,Macaca mulatta
NEUR_3022,Amygdala,106.6,94.89,Mus musculus
NEUR_2508,Hypothalamus,110.54,56.52,Macaca mulatta
NEUR_8579,Hypothalamus,43.21,42.34,Rattus norvegicus
NEUR_7916,Thalamus,122.54,86.73,Macaca mulatta
NEUR_6411,Cerebellum,65.61,96.62,Danio rerio
NEUR_8515,Amygdala,146.27,105.07,Mus musculus
NEUR_2273,Cortex,37.29,81.38,Danio rerio
NEUR_5977,Thalamus,126.29,95.17,Rattus norvegicus
NEUR_7195,Striatum,27.84,71.46,Macaca mulatta
NEUR_3268,Striatum,76.87,111.14,Rattus norvegicus
NEUR_6888,Amygdala,78.24,36.89,Danio rerio
NEUR_4969,Cortex,129.01,29.33,Mus musculus
NEUR_7414,Striatum,121.23,107.76,Danio rerio
NEUR_2787,Hypothalamus,91.9,65.7,Rattus norvegicus
NEUR_5474,Hypothalamus,128.57,35.22,Rattus norvegicus
NEUR_3519,Cerebellum,7.27,112.06,Macaca mulatta
NEUR_7139,Cortex,18.06,22.73,Macaca mulatta
NEUR_4051,Striatum,84.45,33.9,Rattus norvegicus
NEUR_8293,Cortex,115.92,114.26,Macaca mulatta
NEUR_5428,Thalamus,121.2,105.64,Macaca mulatta
NEUR_8949,Thalamus,16.63,42.18,Rattus norvegicus
NEUR_4564,Hippocampus,148.64,52.75,Danio rerio
NEUR_6794,Hypothalamus,83.19,92.32,Danio rerio
NEUR_9988,Thalamus,78.58,36.67,Danio rerio
NEUR_4118,Hippocampus,14.74,43.73,Mus musculus
NEUR_7931,Hippocampus,30.86,31.48,Rattus norvegicus
NEUR_5617,Striatum,134.85,24.31,Danio rerio
NEUR_4139,Amygdala,65.17,73.73,Macaca mulatta
NEUR_1443,Hippocampus,45.69,69.17,Rattus norvegicus
NEUR_1486,Hypothalamus,111.19,114.07,Macaca mulatta
NEUR_8064,Cerebellum,144.75,99.61,Mus musculus
NEUR_5689,Cortex,33.62,104.05,Danio rerio
NEUR_2031,Amygdala,130.89,72.91,Rattus norvegicus
NEUR_2529,Amygdala,128.2,42.95,Mus musculus
NEUR_3596,Hypothalamus,22.26,97.59,Mus musculus
NEUR_1826,Hippocampus,42.49,21.44,Macaca mulatta
NEUR_5690,Striatum,19.42,79.08,Danio rerio
NEUR_5831,Hypothalamus,71.52,42.35,Danio rerio
NEUR_4355,Cerebellum,109.38,101.74,Rattus norvegicus
NEUR_2918,Amygdala,109.98,16.7,Rattus norvegicus
NEUR_6672,Amygdala,89.71,117.93,Mus musculus
NEUR_3872,Amygdala,90.17,25.18,Danio rerio
NEUR_9265,Hippocampus,101.63,117.35,Rattus norvegicus
NEUR_7481,Striatum,126.84,117.14,Rattus norvegicus
NEUR_6331,Striatum,36.82,65.46,Danio rerio
NEUR_7468,Hypothalamus,128.38,108.19,Danio rerio
NEUR_6540,Thalamus,147.44,57.22,Mus musculus
NEUR_5891,Hypothalamus,100.72,91.34,Mus musculus
NEUR_9035,Hypothalamus,20.67,90.33,Danio rerio
NEUR_5213,Cerebellum,38.17,90.28,Mus musculus
NEUR_4640,Hypothalamus,76.26,101.49,Macaca mulatta
NEUR_4301,Cortex,0.37,91.57,Mus musculus
NEUR_4819,Cerebellum,135.28,116.37,Rattus norvegicus
NEUR_2731,Striatum,89.81,77.73,Macaca mulatta
NEUR_6811,Thalamus,19.25,107.45,Rattus norvegicus
NEUR_4449,Amygdala,42.51,87.47,Rattus norvegicus
NEUR_5170,Hypothalamus,107.26,27.05,Macaca mulatta
NEUR_7970,Striatum,49.2,76.26,Danio rerio
NEUR_1650,Hippocampus,80.29,55.05,Mus musculus
NEUR_8816,Thalamus,89.96,63.58,Rattus norvegicus
NEUR_2006,Thalamus,54.32,49.25,Rattus norvegicus
NEUR_7392,Cortex,105.48,21.97,Macaca mulatta
NEUR_2214,Hippocampus,117.32,103.98,Rattus norvegicus
NEUR_6124,Cerebellum,42.16,92.78,Macaca mulatta
NEUR_9448,Cerebellum,19.63,99.33,Mus musculus
NEUR_2652,Cerebellum,109.0,40.7,Macaca mulatta
NEUR_3907,Cortex,91.69,14.16,Mus musculus
NEUR_4056,Striatum,116.48,65.67,Macaca mulatta
NEUR_9281,Hippocampus,3.7,97.43,Rattus norvegicus
NEUR_4595,Cortex,57.74,38.99,Rattus norvegicus
NEUR_1982,Cerebellum,134.32,91.41,Rattus norvegicus
NEUR_9098,Hippocampus,42.08,52.45,Danio rerio
NEUR_5225,Cortex,132.81,32.38,Rattus norvegicus
NEUR_2350,Striatum,17.23,38.0,Macaca mulatta
NEUR_6052,Thalamus,11.67,102.35,Macaca mulatta
NEUR_9438,Amygdala,133.51,29.01,Mus musculus
NEUR_8630,Hippocampus,89.93,115.03,Rattus norvegicus
NEUR_8296,Thalamus,33.7,52.77,Rattus norvegicus
NEUR_4983,Amygdala,135.37,25.8,Danio rerio
NEUR_9585,Striatum,4.75,88.47,Macaca mulatta
NEUR_2353,Striatum,7.09,18.49,Danio rerio
NEUR_7227,Cortex,135.13,30.82,Mus musculus
NEUR_1771,Thalamus,35.38,47.34,Danio rerio
NEUR_2674,Hypothalamus,112.15,76.77,Mus musculus
NEUR_6363,Cortex,131.89,105.98,Macaca mulatta
NEUR_4999,Cerebellum,77.6,26.46,Macaca mulatta
NEUR_3500,Hypothalamus,67.8,15.34,Danio rerio
NEUR_6132,Thalamus,121.22,75.13,Mus musculus
NEUR_4247,Amygdala,98.87,55.68,Mus musculus
NEUR_5928,Cerebellum,60.3,48.51,Rattus norvegicus
NEUR_7742,Thalamus,31.57,52.39,Macaca mulatta
NEUR_2899,Cerebellum,28.82,96.32,Macaca mulatta
NEUR_6961,Cortex,86.07,116.78,Rattus norvegicus
NEUR_5024,Cortex,56.68,80.32,Danio rerio
NEUR_5885,Cerebellum,138.91,114.82,Macaca mulatta
NEUR_4942,Amygdala,4.32,14.3,Rattus norvegicus
NEUR_2848,Cortex,138.09,22.26,Danio rerio
NEUR_5206,Thalamus,14.06,116.09,Mus musculus
NEUR_9581,Hypothalamus,65.51,67.91,Danio rerio
NEUR_4254,Cortex,55.67,115.41,Macaca mulatta
NEUR_4464,Striatum,127.71,79.83,Macaca mulatta
NEUR_7655,Hypothalamus,10.54,113.41,Mus musculus
NEUR_4953,Hippocampus,55.17,43.42,Mus musculus
NEUR_8940,Hypothalamus,59.43,48.06,Rattus norvegicus
NEUR_5203,Thalamus,54.32,87.59,Danio rerio
NEUR_2886,Cerebellum,145.88,77.31,Danio rerio
NEUR_3946,Hippocampus,42.78,70.81,Mus musculus
NEUR_7301,Hypothalamus,125.21,34.82,Mus musculus
NEUR_4001,Hippocampus,27.58,36.02,Rattus norvegicus
NEUR_5334,Thalamus,103.24,110.73,Mus musculus
NEUR_1567,Hippocampus,117.91,90.49,Rattus norvegicus
NEUR_8965,Hypothalamus,15.31,70.25,Mus musculus
NEUR_7583,Hippocampus,84.2,45.2,Mus musculus
NEUR_8356,Thalamus,69.4,51.53,Rattus norvegicus
NEUR_6609,Cerebellum,59.23,97.15,Rattus norvegicus
NEUR_1221,Hippocampus,13.42,51.89,Danio rerio
NEUR_7882,Amygdala,75.31,89.24,Macaca mulatta
NEUR_8246,Striatum,84.07,73.88,Rattus norvegicus
NEUR_3589,Cerebellum,49.91,35.85,Mus musculus
NEUR_5150,Hippocampus,76.03,60.98,Macaca mulatta
NEUR_2981,Striatum,93.57,52.21,Danio rerio
NEUR_6925,Hippocampus,11.43,40.59,Danio rerio
NEUR_4567,Cortex,40.71,105.55,Macaca mulatta
NEUR_2320,Cerebellum,123.18,39.03,Danio rerio
NEUR_9334,Striatum,23.22,50.27,Rattus norvegicus
NEUR_6108,Striatum,54.53,35.85,Mus musculus
NEUR_1881,Hypothalamus,141.22,61.91,Danio rerio
NEUR_5049,Cerebellum,108.84,54.16,Mus musculus
NEUR_9743,Amygdala,144.92,74.88,Macaca mulatta
NEUR_9525,Cerebellum,95.11,31.93,Danio rerio
NEUR_7063,Cortex,131.5,90.88,Mus musculus
NEUR_9836,Amygdala,9.31,52.87,Mus musculus
NEUR_7265,Cerebellum,142.58,76.14,Danio rerio
NEUR_9835,Thalamus,29.99,61.53,Danio rerio
NEUR_1721,Cerebellum,111.48,79.92,Danio rerio
NEUR_3586,Cortex,149.17,40.35,Macaca mulatta
NEUR_5655,Amygdala,2.6,75.12,Macaca mulatta
NEUR_1582,Hypothalamus,71.13,102.51,Rattus norvegicus
NEUR_3379,Thalamus,81.63,56.99,Macaca mulatta
NEUR_5152,Hippocampus,113.34,101.95,Mus musculus
NEUR_2468,Hypothalamus,143.27,113.64,Danio rerio
NEUR_1474,Cerebellum,33.45,37.17,Macaca mulatta
NEUR_4209,Cortex,80.84,70.82,Rattus norvegicus
NEUR_9237,Cortex,85.28,59.03,Danio rerio
NEUR_1895,Cerebellum,13.43,90.93,Mus musculus
NEUR_6807,Hippocampus,134.25,34.36,Rattus norvegicus
NEUR_6329,Hypothalamus,60.45,74.98,Mus musculus
NEUR_3555,Striatum,78.35,105.94,Macaca mulatta
NEUR_1935,Hypothalamus,29.56,93.74,Macaca mulatta
NEUR_6737,Striatum,42.08,66.27,Mus musculus
NEUR_9200,Cortex,70.94,82.59,Rattus norvegicus
NEUR_1063,Cortex,19.34,119.12,Rattus norvegicus
NEUR_9394,Cortex,146.56,27.81,Danio rerio
NEUR_6441,Cerebellum,104.64,65.12,Danio rerio
NEUR_2885,Striatum,37.22,102.93,Danio rerio
NEUR_9273,Amygdala,76.09,57.22,Rattus norvegicus
NEUR_4789,Hippocampus,15.56,44.3,Mus musculus
NEUR_8874,Hypothalamus,115.19,55.35,Mus musculus
NEUR_5854,Hippocampus,18.87,59.61,Mus musculus
NEUR_1693,Cortex,126.69,97.02,Rattus norvegicus
NEUR_5499,Amygdala,129.85,88.52,Macaca mulatta
NEUR_2349,Amygdala,50.84,48.41,Mus musculus
NEUR_9102,Hippocampus,20.91,113.64,Danio rerio
NEUR_5501,Striatum,113.38,98.41,Rattus norvegicus
NEUR_5716,Hypothalamus,114.05,103.01,Danio rerio
NEUR_5348,Hypothalamus,85.93,110.36,Danio rerio
NEUR_2777,Hippocampus,86.46,67.24,Macaca mulatta
NEUR_5888,Striatum,63.45,50.05,Mus musculus
NEUR_8722,Striatum,137.0,54.21,Danio rerio
NEUR_5050,Amygdala,88.82,33.28,Danio rerio
NEUR_7002,Hippocampus,138.76,102.09,Macaca mulatta
NEUR_2615,Hypothalamus,16.34,11.98,Rattus norvegicus
NEUR_9309,Striatum,114.32,57.13,Rattus norvegicus
NEUR_4912,Cerebellum,10.27,88.64,Macaca mulatta
NEUR_1120,Hippocampus,16.39,114.75,Mus musculus
NEUR_2138,Cortex,91.56,18.59,Mus musculus
NEUR_4399,Amygdala,20.2,79.22,Danio rerio
NEUR_7282,Cerebellum,117.05,17.97,Mus musculus
NEUR_2099,Striatum,37.86,39.91,Danio rerio
NEUR_1770,Cerebellum,143.4,68.48,Mus musculus
NEUR_1558,Striatum,99.74,95.52,Macaca mulatta
NEUR_3048,Hippocampus,86.36,47.73,Macaca mulatta
NEUR_2953,Amygdala,92.88,68.45,Mus musculus
NEUR_4329,Thalamus,12.82,105.99,Rattus norvegicus
NEUR_6350,Amygdala,67.94,110.06,Macaca mulatta
NEUR_4599,Cerebellum,67.13,73.22,Danio rerio
NEUR_6140,Thalamus,114.0,27.95,Mus musculus
NEUR_1157,Hippocampus,67.37,29.19,Macaca mulatta
NEUR_7434,Striatum,90.21,20.38,Rattus norvegicus
NEUR_7619,Cerebellum,14.42,80.66,Mus musculus
NEUR_1971,Hippocampus,126.35,104.56,Mus musculus
NEUR_2953,Cortex,12.41,44.6,Macaca mulatta
NEUR_5284,Cerebellum,1.82,117.01,Mus musculus
NEUR_1035,Hypothalamus,55.14,60.58,Danio rerio
NEUR_9444,Cortex,113.74,38.59,Danio rerio
NEUR_2884,Hypothalamus,77.11,33.54,Mus musculus
NEUR_8671,Amygdala,56.4,99.71,Danio rerio
NEUR_9285,Hippocampus,12.39,89.83,Macaca mulatta
NEUR_8404,Cerebellum,52.85,54.58,Mus musculus
NEUR_7671,Amygdala,4.65,60.04,Macaca mulatta
NEUR_3710,Thalamus,5.4,61.15,Macaca mulatta
NEUR_5511,Striatum,51.55,30.26,Mus musculus
NEUR_4292,Cortex,37.16,64.17,Mus musculus
NEUR_8367,Hippocampus,120.19,10.63,Macaca mulatta
NEUR_6720,Striatum,140.24,70.91,Macaca mulatta
NEUR_2674,Cortex,94.56,24.3,Danio rerio
NEUR_4498,Striatum,74.63,63.94,Mus musculus
NEUR_3185,Amygdala,5.27,56.65,Rattus norvegicus
NEUR_5254,Thalamus,61.26,76.64,Rattus norvegicus
NEUR_6185,Hippocampus,12.62,51.84,Macaca mulatta
NEUR_8255,Amygdala,81.31,88.87,Danio rerio
NEUR_1470,Hippocampus,4.48,17.73,Rattus norvegicus
NEUR_9806,Cerebellum,89.11,102.14,Rattus norvegicus
NEUR_3157,Striatum,106.73,84.74,Mus musculus
NEUR_9430,Hippocampus,51.46,69.34,Macaca mulatta
NEUR_1578,Hippocampus,144.04,19.6,Mus musculus
NEUR_5340,Thalamus,139.3,71.61,Rattus norvegicus
NEUR_4078,Thalamus,79.97,35.35,Danio rerio
NEUR_9248,Hippocampus,60.24,83.36,Mus musculus
NEUR_3110,Cortex,17.04,109.74,Rattus norvegicus
NEUR_9141,Thalamus,119.95,87.7,Danio rerio
NEUR_1333,Hypothalamus,66.79,74.7,Danio rerio
NEUR_5948,Hypothalamus,116.37,22.33,Rattus norvegicus
NEUR_6031,Hippocampus,67.28,34.8,Mus musculus
NEUR_9523,Thalamus,147.9,15.56,Rattus norvegicus
NEUR_3592,Hippocampus,67.38,75.44,Macaca mulatta
NEUR_2423,Hippocampus,40.79,19.94,Danio rerio
NEUR_8822,Hypothalamus,79.16,84.1,Rattus norvegicus
NEUR_1328,Amygdala,128.98,108.92,Rattus norvegicus
NEUR_6691,Cortex,32.84,21.32,Danio rerio
NEUR_4883,Amygdala,64.9,116.8,Macaca mulatta
NEUR_8765,Hypothalamus,102.48,119.2,Macaca mulatta
NEUR_7266,Thalamus,146.99,60.88,Danio rerio
NEUR_4224,Hippocampus,81.76,61.65,Macaca mulatta
NEUR_6368,Striatum,102.48,15.82,Rattus norvegicus
NEUR_9050,Amygdala,8.49,79.09,Danio rerio
NEUR_7045,Cerebellum,109.52,11.64,Danio rerio
NEUR_3427,Thalamus,32.67,39.34,Danio rerio
NEUR_4759,Hippocampus,88.63,106.4,Rattus norvegicus
NEUR_1117,Hippocampus,25.94,71.1,Rattus norvegicus
NEUR_8852,Thalamus,61.75,53.81,Danio rerio
NEUR_1876,Amygdala,39.03,18.85,Macaca mulatta
NEUR_1547,Cortex,66.1,68.84,Mus musculus
NEUR_1752,Cerebellum,91.84,81.96,Rattus norvegicus
NEUR_5104,Cortex,146.31,58.64,Macaca mulatta
NEUR_4085,Cerebellum,129.7,117.26,Mus musculus
NEUR_1343,Thalamus,14.1,93.43,Macaca mulatta
NEUR_4373,Cerebellum,4.7,95.95,Danio rerio
NEUR_3824,Striatum,79.52,48.29,Rattus norvegicus
NEUR_6722,Hypothalamus,15.56,76.45,Rattus norvegicus
NEUR_7442,Cerebellum,30.68,26.24,Mus musculus
NEUR_9525,Cerebellum,49.38,80.25,Macaca mulatta
NEUR_7516,Amygdala,81.74,93.37,Rattus norvegicus
NEUR_2596,Cerebellum,57.47,32.06,Macaca mulatta
NEUR_9638,Hippocampus,122.93,81.97,Rattus norvegicus
NEUR_3778,Hippocampus,118.58,94.02,Danio rerio
NEUR_6975,Cerebellum,56.61,18.8,Rattus norvegicus
NEUR_6763,Cerebellum,31.74,77.55,Macaca mulatta
NEUR_6331,Amygdala,125.15,114.25,Mus musculus
NEUR_8359,Cortex,12.81,114.52,Danio rerio
NEUR_6054,Thalamus,5.22,99.04,Macaca mulatta
NEUR_8469,Thalamus,70.84,98.65,Rattus norvegicus
NEUR_7112,Thalamus,66.43,57.06,Mus musculus
NEUR_3332,Striatum,112.76,28.36,Rattus norvegicus
NEUR_2737,Amygdala,77.08,42.33,Rattus norvegicus
NEUR_9100,Striatum,29.47,74.23,Rattus norvegicus
NEUR_7806,Hippocampus,148.1,100.46,Danio rerio
NEUR_3088,Hypothalamus,42.73,74.22,Macaca mulatta
NEUR_5043,Cerebellum,71.24,21.43,Macaca mulatta
NEUR_5777,Cerebellum,68.59,78.14,Mus musculus
NEUR_2374,Thalamus,42.71,30.38,Danio rerio
NEUR_3867,Hippocampus,74.29,72.49,Danio rerio
NEUR_2880,Hippocampus,38.73,86.62,Macaca mulatta
NEUR_8453,Hippocampus,6.34,65.29,Macaca mulatta
NEUR_4181,Amygdala,136.11,99.37,Danio rerio
NEUR_1864,Cerebellum,49.42,70.22,Danio rerio
NEUR_8601,Hippocampus,114.22,89.85,Danio rerio
NEUR_2468,Amygdala,65.64,79.1,Macaca mulatta
NEUR_2943,Cerebellum,123.32,18.39,Danio rerio
NEUR_8536,Hippocampus,96.82,20.63,Macaca mulatta
NEUR_2374,Amygdala,131.2,73.38,Macaca mulatta
NEUR_8694,Amygdala,88.22,67.38,Rattus norvegicus
NEUR_9958,Thalamus,44.16,34.17,Rattus norvegicus
NEUR_4084,Cortex,56.07,56.39,Danio rerio
NEUR_9983,Hippocampus,17.18,69.92,Rattus norvegicus
NEUR_5315,Cortex,55.81,24.7,Danio rerio
NEUR_8799,Striatum,90.94,10.09,Danio rerio
NEUR_4094,Amygdala,61.04,35.64,Mus musculus
NEUR_3762,Thalamus,13.96,90.77,Mus musculus
NEUR_8090,Cortex,98.69,47.06,Rattus norvegicus
NEUR_9318,Thalamus,125.08,50.9,Rattus norvegicus
NEUR_5663,Cerebellum,147.02,16.0,Macaca mulatta
NEUR_5618,Thalamus,42.32,80.84,Macaca mulatta
NEUR_4714,Amygdala,84.2,71.61,Macaca mulatta
NEUR_3825,Amygdala,112.08,114.4,Mus musculus
NEUR_8510,Thalamus,14.59,86.5,Rattus norvegicus
NEUR_8839,Cortex,135.24,71.32,Macaca mulatta
NEUR_8064,Cortex,80.09,83.45,Mus musculus
NEUR_8830,Hippocampus,147.83,33.11,Rattus norvegicus
NEUR_7311,Cerebellum,49.8,73.13,Danio rerio
NEUR_8870,Hippocampus,11.84,29.05,Mus musculus
NEUR_2188,Thalamus,133.88,96.42,Mus musculus
NEUR_9444,Hippocampus,105.51,106.07,Rattus norvegicus
NEUR_3310,Cortex,38.25,22.2,Rattus norvegicus
NEUR_5622,Striatum,55.6,79.04,Rattus norvegicus
NEUR_9385,Cortex,34.78,113.58,Danio rerio
NEUR_7987,Hippocampus,142.06,54.8,Mus musculus
NEUR_4916,Cerebellum,41.67,102.53,Danio rerio
NEUR_8680,Cerebellum,108.9,25.44,Rattus norvegicus
NEUR_5724,Cerebellum,81.44,28.3,Macaca mulatta
NEUR_4149,Thalamus,107.97,81.84,Danio rerio
NEUR_9437,Thalamus,96.89,53.48,Danio rerio
NEUR_2502,Hippocampus,68.73,101.81,Macaca mulatta
NEUR_6506,Hippocampus,18.14,18.46,Rattus norvegicus
NEUR_8517,Cortex,148.37,20.46,Danio rerio
NEUR_7460,Amygdala,129.67,21.88,Macaca mulatta
NEUR_9141,Thalamus,30.37,56.81,Rattus norvegicus
NEUR_8950,Cerebellum,32.03,106.2,Macaca mulatta
NEUR_4592,Striatum,143.48,88.52,Rattus norvegicus
NEUR_3540,Hippocampus,18.36,50.13,Danio rerio
NEUR_8932,Hypothalamus,125.1,50.21,Macaca mulatta
NEUR_2799,Striatum,6.98,98.41,Rattus norvegicus
NEUR_2387,Hypothalamus,65.07,106.93,Mus musculus
NEUR_3976,Hypothalamus,127.36,53.65,Danio rerio
NEUR_8612,Thalamus,80.79,97.29,Danio rerio
NEUR_6006,Cerebellum,67.06,49.12,Rattus norvegicus
NEUR_6183,Thalamus,62.85,36.03,Macaca mulatta
NEUR_6310,Cerebellum,131.83,77.91,Macaca mulatta
NEUR_2286,Cerebellum,141.12,53.29,Danio rerio
NEUR_8934,Striatum,55.27,93.38,Macaca mulatta
NEUR_9870,Thalamus,30.96,101.13,Macaca mulatta
NEUR_7287,Striatum,120.52,17.3,Mus musculus
NEUR_6112,Thalamus,111.28,118.66,Danio rerio
NEUR_6322,Hippocampus,5.16,44.35,Macaca mulatta
NEUR_2034,Striatum,68.88,112.58,Danio rerio
NEUR_7055,Amygdala,98.01,62.52,Macaca mulatta
NEUR_6026,Cortex,105.11,12.16,Danio rerio
NEUR_5610,Striatum,66.89,83.55,Rattus norvegicus
NEUR_6891,Amygdala,133.63,104.79,Macaca mulatta
NEUR_4365,Hippocampus,103.51,52.38,Danio rerio
NEUR_3650,Hypothalamus,84.58,40.33,Danio rerio
NEUR_2720,Amygdala,66.84,55.3,Macaca mulatta
NEUR_5025,Hippocampus,122.6,64.96,Rattus norvegicus
NEUR_9372,Amygdala,63.16,91.86,Mus musculus
NEUR_7277,Striatum,112.46,39.6,Macaca mulatta
NEUR_1625,Hypothalamus,24.45,42.02,Macaca mulatta
NEUR_1122,Striatum,122.91,112.67,Macaca mulatta
NEUR_5712,Thalamus,44.77,33.51,Rattus norvegicus
NEUR_2362,Cortex,132.21,92.2,Mus musculus
NEUR_7723,Hippocampus,136.77,118.86,Mus musculus
NEUR_4552,Hypothalamus,108.44,79.79,Macaca mulatta
NEUR_7828,Striatum,72.22,61.28,Danio rerio
NEUR_8458,Amygdala,104.22,27.14,Rattus norvegicus
NEUR_7056,Amygdala,111.91,86.12,Macaca mulatta
NEUR_8999,Amygdala,76.83,112.64,Macaca mulatta
NEUR_1929,Cerebellum,46.85,56.91,Danio rerio
NEUR_6138,Hippocampus,145.3,62.73,Danio rerio
NEUR_3215,Striatum,83.32,50.41,Rattus norvegicus
NEUR_3375,Striatum,116.56,103.85,Mus musculus
NEUR_6583,Striatum,51.57,33.64,Mus musculus
NEUR_5897,Amygdala,5.96,67.49,Danio rerio
NEUR_7078,Amygdala,123.6,60.58,Danio rerio
NEUR_5195,Cortex,143.78,41.36,Macaca mulatta
NEUR_1167,Striatum,9.82,56.09,Danio rerio
NEUR_8674,Striatum,140.04,82.81,Rattus norvegicus
NEUR_4284,Hypothalamus,46.62,70.06,Macaca mulatta
NEUR_5980,Hippocampus,11.23,118.1,Danio rerio
NEUR_2489,Hippocampus,85.02,95.25,Danio rerio
NEUR_2666,Striatum,20.15,105.79,Danio rerio
NEUR_1981,Cerebellum,8.81,15.8,Rattus norvegicus
NEUR_6212,Hypothalamus,141.77,107.46,Rattus norvegicus
NEUR_1807,Hypothalamus,28.04,102.05,Rattus norvegicus
NEUR_9743,Thalamus,18.13,50.02,Rattus norvegicus
