neuron_id,region,firing_rate_hz,spike_amplitude_mv,subject_species
NEUR_8178,Striatum,94.25,72.27,Rattus norvegicus
NEUR_3274,Striatum,61.27,81.76,Macaca mulatta
NEUR_9806,Thalamus,11.84,81.07,Danio rerio
NEUR_6833,Thalamus,27.68,19.77,Rattus norvegicus
NEUR_5059,Cortex,37.82,18.29,Rattus norvegicus
NEUR_1965,Cerebellum,68.65,46.28,Mus musculus
NEUR_5289,Hypothalamus,27.65,29.0,Danio rerio
NEUR_9423,Hypothalamus,10.39,92.71,Macaca mulatta
NEUR_3725,Cerebellum,63.36,99.96,Macaca mulatta
NEUR_3485,Cerebellum,97.5,115.71,Rattus norvegicus
NEUR_5029,Striatum,95.87,68.77,Macaca mulatta
NEUR_9910,Thalamus,122.52,51.24,Macaca mulatta
NEUR_6116,Cortex,49.71,43.17,Danio rerio
NEUR_8323,Striatum,23.22,11.85,Rattus norvegicus
NEUR_8551,Thalamus,34.44,11.09,Rattus norvegicus
NEUR_9844,Striatum,34.32,65.8,Mus musculus
NEUR_6940,Cerebellum,111.92,26.48,Danio rerio
NEUR_1620,Cerebellum,9.14,38.91,Rattus norvegicus
NEUR_2344,Cerebellum,125.27,48.88,Rattus norvegicus
NEUR_5006,Cerebellum,96.06,72.78,Rattus norvegicus
NEUR_5295,Cerebellum,141.57,11.51,Mus musculus
NEUR_5381,Cortex,21.3,112.51,Danio rerio
NEUR_1288,Striatum,19.13,116.49,Danio rerio
NEUR_1883,Amygdala,51.66,113.14,Mus musculus
NEUR_8497,Hypothalamus,79.77,101.53,Danio rerio
NEUR_7586,Striatum,112.09,64.82,Rattus norvegicus
NEUR_5612,Striatum,21.49,100.84,Macaca mulatta
NEUR_6317,Thalamus,141.32,52.16,Macaca mulatta
NEUR_6375,Striatum,102.91,30.23,Macaca mulatta
NEUR_3143,Cortex,46.48,44.69,Macaca mulatta
NEUR_3436,Hippocampus,84.8,81.32,Danio rerio
NEUR_3732,Cerebellum,81.64,105.22,Macaca mulatta
NEUR_1479,Cortex,17.93,104.94,Mus musculus
NEUR_4680,Thalamus,2.81,46.15,Rattus norvegicus
NEUR_4734,Amygdala,82.32,90.91,Danio rerio
NEUR_5582,Amygdala,28.55,27.29,Mus musculus
NEUR_4547,Hypothalamus,57.19,21.06,Rattus norvegicus
NEUR_4369,Cerebellum,37.09,65.8,Rattus norvegicus
NEUR_4580,Cerebellum,8.56,49.26,Mus musculus
NEUR_2087,Hippocampus,96.07,42.3,Danio rerio
NEUR_6927,Amygdala,66.56,23.84,Macaca mulatta
NEUR_6076,Amygdala,32.56,41.35,Rattus norvegicus
NEUR_7463,Hippocampus,49.46,52.83,Mus musculus
NEUR_9273,Striatum,106.63,116.34,Mus musculus
NEUR_9038,Thalamus,63.33,22.62,Danio rerio
NEUR_5346,Thalamus,19.43,40.96,Mus musculus
NEUR_5039,Amygdala,65.31,36.4,Mus musculus
NEUR_4489,Hippocampus,54.52,67.79,Rattus norvegicus
NEUR_2601,Cortex,55.15,108.83,Mus musculus
NEUR_6188,Thalamus,106.16,62.39,Rattus norvegicus
NEUR_8133,Cerebellum,83.44,78.68,Macaca mulatta
NEUR_9846,Cerebellum,98.89,87.34,Danio rerio
NEUR_8420,Thalamus,52.46,41.89,Danio rerio
NEUR_6563,Hippocampus,35.87,58.69,Danio rerio
NEUR_4176,Thalamus,121.54,63.85,Rattus norvegicus
NEUR_1500,Thalamus,96.35,73.57,Rattus norvegicus
NEUR_6043,Amygdala,25.44,29.21,Danio rerio
NEUR_9781,Striatum,28.33,15.06,Mus musculus
NEUR_2010,Hippocampus,137.18,106.87,Rattus norvegicus
NEUR_6315,Hippocampus,26.61,10.04,Macaca mulatta
NEUR_1276,Cortex,44.39,82.06,Mus musculus
NEUR_1346,Hippocampus,2.16,50.29,Rattus norvegicus
NEUR_2087,Cortex,145.28,22.7,Rattus norvegicus
NEUR_5992,Hippocampus,8.93,66.96,Mus musculus
NEUR_4525,Cerebellum,100.85,38.75,Mus musculus
NEUR_3948,Amygdala,45.98,63.7,Danio rerio
NEUR_9613,Hypothalamus,17.05,38.6,Mus musculus
NEUR_3727,Hippocampus,51.93,49.78,Rattus norvegicus
NEUR_9381,Cerebellum,143.66,44.67,Danio rerio
NEUR_9262,Amygdala,142.95,50.82,Mus musculus
NEUR_5839,Thalamus,84.24,100.43,Rattus norvegicus
NEUR_1760,Cortex,97.27,32.52,Mus musculus
NEUR_5300,Hippocampus,125.38,115.01,Mus musculus
NEUR_8180,Amygdala,89.26,102.99,Danio rerio
NEUR_5356,Hypothalamus,25.34,12.4,Macaca mulatta
NEUR_8997,Hypothalamus,3.4,56.42,Rattus norvegicus
NEUR_9104,Thalamus,39.0,19.36,Danio rerio
NEUR_3690,Hippocampus,126.06,57.02,Macaca mulatta
NEUR_6912,Cortex,104.01,20.58,Danio rerio
NEUR_1935,Cerebellum,22.39,31.36,Macaca mulatta
NEUR_9615,Cortex,58.81,96.83,Mus musculus
NEUR_9301,Amygdala,77.06,74.82,Danio rerio
NEUR_6435,Hippocampus,48.95,83.1,Rattus norvegicus
NEUR_1963,Hypothalamus,61.83,117.52,Mus musculus
NEUR_8308,Amygdala,1.49,97.58,Mus musculus
NEUR_8703,Hippocampus,147.99,23.06,Danio rerio
NEUR_8185,Striatum,59.86,106.17,Rattus norvegicus
NEUR_1627,Cortex,67.45,79.2,Mus musculus
NEUR_4627,Cortex,19.26,11.65,Mus musculus
NEUR_5275,Cortex,59.84,70.46,Macaca mulatta
NEUR_1908,Thalamus,84.98,118.81,Danio rerio
NEUR_8591,Cerebellum,74.47,105.29,Rattus norvegicus
NEUR_5071,Hippocampus,40.87,22.6,Mus musculus
NEUR_3100,Cerebellum,144.37,111.48,Macaca mulatta
NEUR_5488,Striatum,27.3,99.32,Macaca mulatta
NEUR_8284,Hypothalamus,63.96,93.06,Rattus norvegicus
NEUR_7438,Amygdala,136.56,47.3,Rattus norvegicus
NEUR_9425,Hippocampus,80.58,12.18,Danio rerio
NEUR_9079,Cerebellum,44.12,92.0,Mus musculus
NEUR_2512,Hypothalamus,124.15,37.28,Macaca mulatta
NEUR_5189,Hippocampus,64.96,46.7,Macaca mulatta
NEUR_7233,Striatum,104.74,53.31,Danio rerio
NEUR_5618,Amygdala,97.45,64.19,Rattus norvegicus
NEUR_5137,Cortex,145.56,24.97,Macaca mulatta
NEUR_8894,Thalamus,102.5,60.75,Danio rerio
NEUR_6050,Cerebellum,11.02,77.76,Danio rerio
NEUR_6251,Cerebellum,54.91,79.31,Rattus norvegicus
NEUR_8487,Cerebellum,128.43,90.31,Danio rerio
NEUR_2068,Cerebellum,115.63,32.86,Rattus norvegicus
NEUR_8432,Cerebellum,111.32,12.45,Macaca mulatta
NEUR_3411,Cortex,146.94,102.05,Mus musculus
NEUR_1872,Amygdala,128.46,98.01,Rattus norvegicus
NEUR_5506,Cerebellum,24.03,13.71,Danio rerio
NEUR_2412,Amygdala,33.3,41.59,Mus musculus
NEUR_1446,Striatum,101.72,97.93,Macaca mulatta
NEUR_5677,Thalamus,37.06,24.56,Danio rerio
NEUR_3818,Hypothalamus,111.51,67.76,Rattus norvegicus
NEUR_6505,Hippocampus,27.26,65.29,Rattus norvegicus
NEUR_3905,Cerebellum,105.0,53.52,Danio rerio
NEUR_1598,Thalamus,26.46,17.3,Danio rerio
NEUR_2183,Thalamus,111.41,106.22,Danio rerio
NEUR_3619,Cortex,100.53,16.65,Danio rerio
NEUR_9529,Hippocampus,54.58,46.01,Danio rerio
NEUR_8456,Cerebellum,35.26,108.83,Rattus norvegicus
NEUR_3688,Hippocampus,7.46,111.2,Mus musculus
NEUR_5575,Hypothalamus,138.96,88.41,Macaca mulatta
NEUR_5460,Striatum,131.92,113.86,Macaca mulatta
NEUR_7462,Cortex,8.95,118.77,Macaca mulatta
NEUR_2942,Thalamus,79.44,23.37,Macaca mulatta
NEUR_3459,Cerebellum,65.38,87.96,Mus musculus
NEUR_7469,Amygdala,20.52,56.39,Rattus norvegicus
NEUR_7067,Amygdala,91.02,42.35,Macaca mulatta
NEUR_1676,Cerebellum,52.69,35.9,Macaca mulatta
NEUR_8148,Cortex,30.73,61.42,Mus musculus
NEUR_4178,Hypothalamus,83.94,61.31,Danio rerio
NEUR_7788,Hippocampus,20.9,93.95,Rattus norvegicus
NEUR_5169,Hippocampus,36.19,29.69,Macaca mulatta
NEUR_7167,Thalamus,107.92,68.05,Mus musculus
NEUR_4758,Hippocampus,149.98,116.7,Mus musculus
NEUR_5810,Cerebellum,50.41,68.35,Macaca mulatta
NEUR_5672,Amygdala,12.83,100.34,Rattus norvegicus
NEUR_9922,Cortex,67.26,96.3,Rattus norvegicus
NEUR_5585,Cerebellum,39.68,52.35,Mus musculus
NEUR_1682,Thalamus,114.3,56.74,Macaca mulatta
NEUR_9674,Thalamus,89.29,58.69,Macaca mulatta
NEUR_9053,Amygdala,139.29,63.93,Rattus norvegicus
NEUR_5906,Amygdala,114.33,19.19,Rattus norvegicus
NEUR_9048,Hippocampus,48.77,95.69,Danio rerio
NEUR_4293,Cerebellum,4.28,117.3,Macaca mulatta
NEUR_5820,Hypothalamus,90.48,62.15,Rattus norvegicus
NEUR_2027,Hypothalamus,6.89,19.27,Danio rerio
NEUR_5036,Cerebellum,0.73,115.6,Macaca mulatta
NEUR_1340,Hippocampus,50.47,54.04,Mus musculus
NEUR_7733,Cortex,109.76,119.62,Macaca mulatta
NEUR_2616,Thalamus,135.08,28.66,Mus musculus
NEUR_5231,Cortex,90.77,112.05,Rattus norvegicus
NEUR_4654,Cortex,99.85,17.26,Macaca mulatta
NEUR_5475,Cortex,65.09,50.67,Macaca mulatta
NEUR_1872,Thalamus,6.09,43.38,Mus musculus
NEUR_3788,Hippocampus,124.0,28.0,Macaca mulatta
NEUR_4152,Striatum,79.93,80.46,Macaca mulatta
NEUR_1867,Thalamus,76.52,32.87,Macaca mulatta
NEUR_3085,Thalamus,149.19,22.71,Rattus norvegicus
NEUR_1894,Thalamus,70.07,97.24,Mus musculus
NEUR_3497,Striatum,95.61,93.17,Macaca mulatta
NEUR_4800,Hippocampus,72.65,34.06,Macaca mulatta
NEUR_1528,Amygdala,68.39,84.42,Macaca mulatta
NEUR_6939,Hypothalamus,61.87,35.69,Rattus norvegicus
NEUR_2689,Thalamus,123.46,101.86,Macaca mulatta
NEUR_7934,Amygdala,43.43,106.09,Macaca mulatta
NEUR_6610,Hippocampus,133.04,75.09,Mus musculus
NEUR_8170,Thalamus,31.17,114.99,Mus musculus
NEUR_9877,Cerebellum,34.57,37.56,Danio rerio
NEUR_4667,Striatum,80.18,85.0,Macaca mulatta
NEUR_1648,Hippocampus,89.18,109.99,Danio rerio
NEUR_8244,Cerebellum,23.48,115.88,Mus musculus
NEUR_5367,Thalamus,124.12,11.93,Danio rerio
NEUR_5620,Thalamus,82.36,71.28,Macaca mulatta
NEUR_6170,Amygdala,119.28,87.19,Rattus norvegicus
NEUR_2139,Cortex,135.2,93.62,Danio rerio
NEUR_4615,Thalamus,28.24,36.64,Rattus norvegicus
NEUR_3785,Thalamus,74.73,85.73,Mus musculus
NEUR_3824,Thalamus,33.96,87.3,Macaca mulatta
NEUR_6036,Amygdala,15.8,50.82,Rattus norvegicus
NEUR_2846,Amygdala,100.33,111.75,Mus musculus
NEUR_9564,Thalamus,54.89,76.13,Rattus norvegicus
NEUR_9266,Hypothalamus,10.73,111.08,Rattus norvegicus
NEUR_6314,Amygdala,101.56,36.8,Macaca mulatta
NEUR_4252,Striatum,55.25,99.65,Rattus norvegicus
NEUR_9994,Cortex,45.31,35.74,Rattus norvegicus
NEUR_1869,Thalamus,15.02,76.92,Rattus norvegicus
NEUR_3751,Thalamus,110.24,83.67,Mus musculus
NEUR_1687,Cerebellum,145.67,111.51,Mus musculus
NEUR_9997,Amygdala,62.47,115.0,Danio rerio
NEUR_2425,Cortex,19.62,54.99,Danio rerio
NEUR_1098,Cortex,102.93,26.87,Rattus norvegicus
NEUR_6437,Thalamus,82.71,75.03,Danio rerio
NEUR_7440,Hypothalamus,28.05,26.64,Danio rerio
NEUR_5156,Amygdala,1.25,16.46,Mus musculus
NEUR_7865,Hypothalamus,6.66,28.7,Mus musculus
NEUR_1005,Cerebellum,56.47,11.37,Danio rerio
NEUR_5827,Striatum,146.32,21.94,Mus musculus
NEUR_4779,Thalamus,17.44,119.7,Mus musculus
NEUR_8720,Hypothalamus,115.79,112.22,Rattus norvegicus
NEUR_3309,Cortex,55.1,41.3,Rattus norvegicus
NEUR_7044,Hippocampus,37.97,119.26,Danio rerio
NEUR_8982,Amygdala,109.18,35.3,Danio rerio
NEUR_2690,Hypothalamus,30.83,71.42,Danio rerio
NEUR_1287,Cortex,140.92,42.81,Macaca mulatta
NEUR_5438,Amygdala,60.25,115.46,Rattus norvegicus
NEUR_7246,Thalamus,4.21,71.48,Mus musculus
NEUR_4861,Hypothalamus,4.55,36.12,Mus musculus
NEUR_5887,Cortex,32.12,83.29,Macaca mulatta
NEUR_3594,Hippocampus,56.09,107.14,Mus musculus
NEUR_9682,Thalamus,66.94,49.74,Danio rerio
NEUR_2181,Hypothalamus,31.12,81.68,Macaca mulatta
NEUR_2317,Striatum,92.74,93.54,Rattus norvegicus
NEUR_6192,Amygdala,149.92,81.41,Danio rerio
NEUR_9292,Cortex,31.03,109.19,Danio rerio
NEUR_1479,Hypothalamus,12.49,75.11,Danio rerio
NEUR_9447,Hypothalamus,38.97,48.72,Danio rerio
NEUR_4250,Cerebellum,119.94,63.53,Danio rerio
NEUR_5565,Thalamus,127.57,33.76,Rattus norvegicus
NEUR_2898,Amygdala,90.89,32.27,Danio rerio
NEUR_6013,Cerebellum,34.26,23.24,Mus musculus
NEUR_4785,Thalamus,28.61,54.1,Mus musculus
NEUR_6089,Cerebellum,99.55,84.17,Rattus norvegicus
NEUR_3965,Hypothalamus,57.31,72.73,Macaca mulatta
NEUR_8693,Hippocampus,133.44,40.2,Rattus norvegicus
NEUR_2175,Striatum,38.52,83.86,Rattus norvegicus
NEUR_4923,Amygdala,62.25,79.56,Macaca mulatta
NEUR_6557,Cerebellum,36.68,59.09,Mus musculus
NEUR_4239,Amygdala,4.76,10.49,Danio rerio
NEUR_7354,Striatum,89.29,70.51,Danio rerio
NEUR_3565,Amygdala,62.81,77.77,Mus musculus
NEUR_6651,Cortex,92.35,28.03,Macaca mulatta
NEUR_7345,Amygdala,56.46,71.89,Mus musculus
NEUR_7881,Hypothalamus,147.9,19.15,Danio rerio
NEUR_8232,Thalamus,88.54,34.23,Rattus norvegicus
NEUR_2031,Cortex,17.33,14.36,Danio rerio
NEUR_6914,Hypothalamus,101.25,53.13,Macaca mulatta
NEUR_9414,Cerebellum,16.76,75.06,Mus musculus
NEUR_7194,Cortex,0.74,109.79,Rattus norvegicus
NEUR_5569,Hippocampus,70.69,37.26,Danio rerio
NEUR_6595,Thalamus,0.89,26.98,Mus musculus
NEUR_3328,Cerebellum,142.35,93.53,Danio rerio
NEUR_7568,Hypothalamus,113.11,87.73,Danio rerio
NEUR_5148,Hippocampus,40.71,53.33,Danio rerio
NEUR_8702,Cerebellum,64.1,41.19,Macaca mulatta
NEUR_7161,Thalamus,56.96,118.1,Mus musculus
NEUR_4675,Cerebellum,111.62,69.28,Macaca mulatta
NEUR_5909,Amygdala,14.07,113.88,Macaca mulatta
NEUR_6671,Amygdala,30.3,19.24,Rattus norvegicus
NEUR_7564,Cortex,97.42,17.83,Danio rerio
NEUR_1498,Striatum,24.35,11.5,Mus musculus
NEUR_1159,Cortex,6.63,34.79,Rattus norvegicus
NEUR_1987,Amygdala,11.7,18.04,Mus musculus
NEUR_7626,Thalamus,117.0,119.31,Danio rerio
NEUR_2048,Cerebellum,61.17,16.8,Macaca mulatta
NEUR_2459,Striatum,72.49,78.9,Rattus norvegicus
NEUR_6241,Cerebellum,3.04,38.09,Macaca mulatta
NEUR_9639,Hippocampus,31.82,72.36,Rattus norvegicus
NEUR_2197,Amygdala,37.97,13.71,Danio rerio
NEUR_1185,Cortex,73.97,18.9,Danio rerio
NEUR_7743,Hypothalamus,125.39,27.84,Danio rerio
NEUR_5863,Hippocampus,106.47,119.24,Danio rerio
NEUR_2620,Cerebellum,21.22,76.3,Mus musculus
NEUR_4693,Amygdala,66.52,113.95,Rattus norvegicus
NEUR_3730,Amygdala,27.0,116.38,Rattus norvegicus
NEUR_2500,Amygdala,3.06,48.19,Danio rerio
NEUR_2568,Hypothalamus,46.99,36.39,Macaca mulatta
NEUR_7553,Cortex,135.1,98.54,Rattus norvegicus
NEUR_2806,Cortex,92.6,50.15,Rattus norvegicus
NEUR_3451,Hippocampus,1.4,35.07,Danio rerio
NEUR_9412,Amygdala,67.48,118.8,Mus musculus
NEUR_4879,Striatum,48.69,100.63,Danio rerio
NEUR_9026,Hippocampus,29.66,28.79,Macaca mulatta
NEUR_9889,Cortex,8.68,86.45,Rattus norvegicus
NEUR_3127,Cortex,47.49,98.67,Rattus norvegicus
NEUR_6795,Amygdala,62.01,11.2,Rattus norvegicus
NEUR_2351,Amygdala,77.39,117.72,Macaca mulatta
NEUR_9468,Cerebellum,56.32,75.65,Rattus norvegicus
NEUR_1770,Hypothalamus,91.05,90.83,Mus musculus
NEUR_1520,Thalamus,23.93,35.46,Mus musculus
NEUR_8357,Hypothalamus,49.07,66.86,Mus musculus
NEUR_5085,Striatum,125.3,109.4,Danio rerio
NEUR_4069,Thalamus,50.22,106.08,Danio rerio
NEUR_7765,Thalamus,36.77,79.95,Mus musculus
NEUR_7639,Hippocampus,82.91,93.12,Macaca mulatta
NEUR_3797,Striatum,43.71,55.47,Danio rerio
NEUR_4057,Striatum,18.01,77.81,Danio rerio
NEUR_7461,Striatum,139.2,50.34,Mus musculus
NEUR_5291,Cortex,61.63,108.85,Macaca mulatta
NEUR_9595,Cerebellum,102.04,27.02,Macaca mulatta
NEUR_1339,Hypothalamus,48.95,39.32,Mus musculus
NEUR_6355,Striatum,123.07,98.09,Mus musculus
NEUR_9291,Hypothalamus,64.54,25.3,Macaca mulatta
NEUR_6087,Cortex,25.4,69.45,Danio rerio
NEUR_7033,Cerebellum,40.56,16.62,Mus musculus
NEUR_3742,Hippocampus,145.05,80.72,Mus musculus
NEUR_6096,Striatum,106.8,48.94,Mus musculus
NEUR_1975,Hippocampus,26.95,57.65,Rattus norvegicus
NEUR_7714,Cerebellum,74.35,81.11,Mus musculus
NEUR_9870,Hypothalamus,107.18,15.23,Mus musculus
NEUR_3395,Amygdala,15.56,67.97,Macaca mulatta
NEUR_5109,Cerebellum,67.52,37.36,Rattus norvegicus
NEUR_4022,Hippocampus,8.99,43.05,Rattus norvegicus
NEUR_8432,Cerebellum,4.34,21.49,Danio rerio
NEUR_7988,Hippocampus,20.78,12.74,Danio rerio
NEUR_2876,Cerebellum,82.23,70.48,Mus musculus
NEUR_6545,Cerebellum,16.35,31.75,Rattus norvegicus
NEUR_1589,Amygdala,97.08,40.29,Danio rerio
NEUR_7043,Cortex,109.01,38.0,Mus musculus
NEUR_5677,Hippocampus,61.52,12.1,Mus musculus
NEUR_2994,Striatum,147.9,27.48,Danio rerio
NEUR_4673,Hypothalamus,83.34,18.62,Macaca mulatta
NEUR_6723,Cortex,89.1,67.04,Rattus norvegicus
NEUR_1561,Hypothalamus,55.82,18.64,Macaca mulatta
NEUR_9073,Amygdala,103.24,14.39,Mus musculus
NEUR_9962,Cortex,23.73,114.21,Mus musculus
NEUR_4410,Hippocampus,65.91,99.56,Macaca mulatta
NEUR_8016,Cortex,15.39,25.02,Mus musculus
NEUR_5356,Hypothalamus,110.95,24.6,Mus musculus
NEUR_6368,Thalamus,10.82,56.81,Macaca mulatta
NEUR_8192,Cerebellum,53.62,21.56,Macaca mulatta
NEUR_6773,Thalamus,145.77,117.48,Danio rerio
NEUR_9162,Hypothalamus,10.48,35.63,Macaca mulatta
NEUR_5625,Cerebellum,105.77,106.63,Mus musculus
NEUR_7103,Thalamus,17.26,104.13,Macaca mulatta
NEUR_8606,Cerebellum,31.4,10.11,Mus musculus
NEUR_6252,Amygdala,72.27,32.79,Macaca mulatta
NEUR_2788,Striatum,121.59,102.86,Mus musculus
NEUR_8333,Cerebellum,96.34,116.9,Macaca mulatta
NEUR_8071,Thalamus,108.39,21.01,Danio rerio
NEUR_1748,Amygdala,93.33,19.82,Macaca mulatta
NEUR_7854,Striatum,128.85,75.94,Mus musculus
NEUR_8075,Cortex,57.62,85.53,Danio rerio
NEUR_4048,Hypothalamus,30.49,114.43,Macaca mulatta
NEUR_1380,Cerebellum,20.32,35.01,Danio rerio
NEUR_5769,Amygdala,57.91,30.32,Macaca mulatta
NEUR_4657,Amygdala,86.72,57.52,Rattus norvegicus
NEUR_1028,Thalamus,23.57,61.42,Danio rerio
NEUR_1722,Cerebellum,127.59,103.74,Macaca mulatta
NEUR_1609,Amygdala,71.35,64.43,Rattus norvegicus
NEUR_6018,Cortex,91.41,58.44,Rattus norvegicus
NEUR_9295,Striatum,90.51,21.48,Danio rerio
NEUR_2277,Hippocampus,106.78,53.84,Rattus norvegicus
NEUR_2237,Amygdala,23.52,97.2,Macaca mulatta
NEUR_3387,Thalamus,3.66,80.01,Rattus norvegicus
NEUR_9730,Striatum,35.72,36.46,Rattus norvegicus
NEUR_2428,Striatum,40.07,103.56,Rattus norvegicus
NEUR_6301,Hippocampus,69.6,38.14,Rattus norvegicus
NEUR_6700,Thalamus,0.59,60.35,Mus musculus
NEUR_7419,Thalamus,138.78,44.55,Danio rerio
NEUR_8379,Thalamus,134.0,33.7,Rattus norvegicus
NEUR_6201,Amygdala,71.26,32.0,Rattus norvegicus
NEUR_4360,Thalamus,18.37,109.95,Rattus norvegicus
NEUR_2925,Thalamus,134.84,114.74,Rattus norvegicus
NEUR_6900,Hippocampus,115.11,101.15,Rattus norvegicus
NEUR_5443,Amygdala,28.48,111.62,Macaca mulatta
NEUR_3848,Thalamus,96.18,114.97,Mus musculus
NEUR_7269,Cortex,104.02,25.58,Mus musculus
NEUR_4632,Thalamus,82.83,63.05,Macaca mulatta
NEUR_3236,Cortex,3.11,29.74,Danio rerio
NEUR_9582,Hypothalamus,47.22,40.23,Danio rerio
NEUR_7605,Hippocampus,145.3,36.34,Macaca mulatta
NEUR_8481,Amygdala,122.88,62.8,Danio rerio
NEUR_6364,Hippocampus,148.8,15.07,Rattus norvegicus
NEUR_4303,Thalamus,24.7,114.44,Rattus norvegicus
NEUR_4877,Hippocampus,28.14,75.36,Danio rerio
NEUR_8587,Hypothalamus,43.03,19.19,Mus musculus
NEUR_1776,Cortex,147.28,98.46,Macaca mulatta
NEUR_3571,Striatum,129.21,55.51,Macaca mulatta
NEUR_2398,Hypothalamus,79.53,68.75,Rattus norvegicus
NEUR_5462,Striatum,41.71,63.61,Rattus norvegicus
NEUR_7115,Thalamus,97.54,54.76,Rattus norvegicus
NEUR_9430,Cortex,146.98,21.18,Rattus norvegicus
NEUR_5701,Hypothalamus,0.55,72.06,Danio rerio
NEUR_6293,Striatum,28.86,12.82,Mus musculus
NEUR_4352,Amygdala,137.35,64.23,Mus musculus
NEUR_9548,Striatum,18.56,72.0,Mus musculus
NEUR_1651,Cortex,104.66,44.26,Danio rerio
NEUR_5899,Hypothalamus,89.85,76.84,Danio rerio
NEUR_1920,Striatum,35.6,22.7,Macaca mulatta
NEUR_9551,Striatum,135.97,15.9,Danio rerio
NEUR_1745,Cortex,23.05,14.74,Mus musculus
NEUR_2572,Striatum,121.81,85.35,Mus musculus
NEUR_3492,Cortex,143.96,55.59,Danio rerio
NEUR_8780,Cortex,112.73,34.49,Danio rerio
NEUR_6843,Hypothalamus,81.59,108.16,Danio rerio
NEUR_7585,Amygdala,39.0,62.01,Macaca mulatta
NEUR_5813,Hypothalamus,60.98,16.49,Macaca mulatta
NEUR_5826,Hippocampus,27.4,46.0,Macaca mulatta
NEUR_8613,Cerebellum,90.78,66.83,Macaca mulatta
NEUR_3448,Hypothalamus,50.93,10.55,Rattus norvegicus
NEUR_2086,Hippocampus,41.96,69.33,Rattus norvegicus
NEUR_7242,Hippocampus,123.46,117.08,Mus musculus
NEUR_6842,Hypothalamus,55.58,106.41,Danio rerio
NEUR_5384,Amygdala,22.96,98.13,Macaca mulatta
NEUR_8978,Hypothalamus,62.2,59.02,Mus musculus
NEUR_7937,Cerebellum,77.92,84.65,Danio rerio
NEUR_8387,Cortex,68.35,43.46,Danio rerio
NEUR_9397,Hippocampus,3.56,56.01,Macaca mulatta
NEUR_3562,Striatum,111.75,64.38,Danio rerio
NEUR_1501,Hippocampus,124.31,17.03,Macaca mulatta
NEUR_9410,Amygdala,71.4,97.07,Mus musculus
NEUR_9079,Amygdala,0.64,22.89,Rattus norvegicus
NEUR_2822,Cerebellum,101.95,74.18,Danio rerio
NEUR_9786,Hypothalamus,146.78,60.47,Mus musculus
NEUR_3454,Hypothalamus,55.47,85.36,Mus musculus
NEUR_2429,Hippocampus,39.61,113.49,Rattus norvegicus
NEUR_9671,Hippocampus,125.21,66.58,Danio rerio
NEUR_2709,Striatum,86.13,82.86,Rattus norvegicus
NEUR_9657,Cortex,35.95,67.63,Danio rerio
NEUR_3211,Cerebellum,89.64,106.01,Macaca mulatta
NEUR_8745,Hypothalamus,106.93,86.68,Macaca mulatta
NEUR_2077,Thalamus,149.08,60.39,Rattus norvegicus
NEUR_5789,Striatum,89.33,116.07,Danio rerio
NEUR_1825,Hypothalamus,66.48,71.07,Rattus norvegicus
NEUR_8104,Thalamus,32.89,53.02,Mus musculus
NEUR_7537,Cerebellum,68.47,116.98,Rattus norvegicus
NEUR_7069,Cortex,46.71,91.92,Macaca mulatta
NEUR_8769,Striatum,71.26,112.43,Rattus norvegicus
NEUR_1135,Amygdala,74.37,100.57,Mus musculus
NEUR_8101,Cortex,115.85,118.84,Macaca mulatta
NEUR_1402,Striatum,91.38,66.28,Danio rerio
NEUR_2819,Hypothalamus,13.49,84.22,Danio rerio
NEUR_3199,Thalamus,137.31,88.52,Danio rerio
NEUR_7977,Cortex,63.8,76.37,Rattus norvegicus
NEUR_9254,Thalamus,51.66,119.21,Macaca mulatta
NEUR_3559,Hippocampus,143.88,31.4,Mus musculus
NEUR_3703,Amygdala,95.45,116.89,Danio rerio
NEUR_8450,Striatum,93.51,103.09,Mus musculus
NEUR_6354,Cerebellum,10.12,111.99,Rattus norvegicus
NEUR_3384,Cerebellum,15.13,78.07,Mus musculus
NEUR_2234,Thalamus,19.94,48.33,Danio rerio
NEUR_8551,Amygdala,101.63,14.8,Macaca mulatta
NEUR_5303,Striatum,5.25,18.35,Danio rerio
NEUR_3522,Striatum,139.27,41.31,Danio rerio
NEUR_8093,Thalamus,129.28,112.44,Rattus norvegicus
NEUR_2822,Cerebellum,75.95,118.01,Danio rerio
NEUR_3432,Thalamus,43.53,58.47,Danio rerio
NEUR_9287,Hypothalamus,126.6,85.85,Macaca mulatta
NEUR_2156,Cerebellum,17.6,77.89,Macaca mulatta
NEUR_5567,Thalamus,107.21,19.17,Danio rerio
NEUR_4889,Amygdala,43.62,52.19,Mus musculus
NEUR_3320,Hypothalamus,24.31,95.78,Mus musculus
NEUR_1041,Thalamus,138.17,62.77,Danio rerio
NEUR_4306,Amygdala,126.37,15.47,Rattus norvegicus
NEUR_9874,Hypothalamus,25.93,84.44,Macaca mulatta
NEUR_5072,Hypothalamus,26.8,42.0,Danio rerio
NEUR_2043,Cerebellum,130.95,111.48,Macaca mulatta
NEUR_1582,Cortex,143.97,11.02,Mus musculus
NEUR_1763,Hippocampus,37.08,41.91,Danio rerio
NEUR_1709,Thalamus,42.95,68.04,Macaca mulatta
NEUR_1162,Hippocampus,74.98,93.8,Mus musculus
NEUR_4036,Hippocampus,92.02,12.65,Rattus norvegicus
NEUR_6734,Cerebellum,41.35,62.85,Danio rerio
NEUR_8500,Thalamus,125.67,23.01,Macaca mulatta
NEUR_9088,Cerebellum,34.27,70.8,Rattus norvegicus
NEUR_8983,Cerebellum,117.15,105.64,Mus musculus
NEUR_2317,Cortex,90.74,89.16,Mus musculus
NEUR_8823,Striatum,118.16,26.35,Rattus norvegicus
NEUR_8905,Cortex,35.05,41.54,Rattus norvegicus
NEUR_6304,Cortex,80.21,75.76,Rattus norvegicus
NEUR_5137,Cortex,139.18,71.44,Danio rerio
NEUR_6679,Striatum,70.4,78.07,Macaca mulatta
NEUR_3236,Striatum,127.91,116.91,Macaca mulatta
NEUR_9606,Hypothalamus,10.86,39.88,Mus musculus
NEUR_5559,Hippocampus,149.39,46.28,Rattus norvegicus
NEUR_2559,Cortex,45.8,107.42,Mus musculus
NEUR_5087,Thalamus,96.18,16.85,Mus musculus
NEUR_5601,Striatum,55.59,106.81,Mus musculus
NEUR_8660,Cerebellum,85.03,49.45,Macaca mulatta
NEUR_8762,Hypothalamus,61.15,49.86,Rattus norvegicus
NEUR_9147,Striatum,127.64,66.76,Macaca mulatta
NEUR_5141,Striatum,47.4,96.82,Danio rerio
NEUR_4553,Striatum,52.28,42.02,Mus musculus
NEUR_5859,Amygdala,44.34,94.52,Mus musculus
NEUR_5688,Hypothalamus,33.32,119.98,Rattus norvegicus
NEUR_7010,Cortex,70.02,20.09,Danio rerio
NEUR_5573,Cerebellum,35.81,43.92,Macaca mulatta
NEUR_2446,Hippocampus,39.75,94.61,Macaca mulatta
NEUR_9708,Striatum,14.18,102.84,Mus musculus
NEUR_5019,Amygdala,22.02,26.75,Danio rerio
NEUR_3077,Cortex,53.53,43.34,Rattus norvegicus
NEUR_2623,Thalamus,81.9,35.02,Rattus norvegicus
NEUR_9174,Thalamus,42.27,47.27,Danio rerio
NEUR_1639,Striatum,59.74,91.63,Mus musculus
NEUR_7165,Amygdala,80.33,85.97,Rattus norvegicus
NEUR_8823,Hippocampus,39.25,110.86,Rattus norvegicus
NEUR_2825,Striatum,52.4,34.8,Mus musculus
NEUR_4771,Cortex,78.88,23.5,Danio rerio
NEUR_8616,Cerebellum,32.71,66.56,Macaca mulatta
NEUR_6161,Striatum,82.2,63.27,Rattus norvegicus
NEUR_3475,Hypothalamus,139.85,53.08,Danio rerio
NEUR_7471,Striatum,84.28,67.56,Rattus norvegicus
NEUR_2304,Thalamus,40.56,109.93,Danio rerio
NEUR_9323,Hippocampus,132.53,61.42,Rattus norvegicus
NEUR_1026,Amygdala,30.42,96.99,Danio rerio
NEUR_8667,Thalamus,140.16,108.56,Danio rerio
NEUR_3157,Amygdala,24.99,83.2,Mus musculus
NEUR_8645,Hypothalamus,133.45,101.52,Mus musculus
NEUR_3634,Cerebellum,24.53,116.09,Mus musculus
NEUR_9897,Hypothalamus,5.56,10.09,Rattus norvegicus
NEUR_2169,Thalamus,47.5,21.58,Macaca mulatta
NEUR_4551,Amygdala,138.79,68.75,Macaca mulatta
NEUR_6737,Hippocampus,8.74,52.97,Danio rerio
NEUR_4500,Thalamus,32.28,117.02,Danio rerio
NEUR_1739,Amygdala,83.64,42.03,Rattus norvegicus
NEUR_4511,Amygdala,129.79,33.15,Macaca mulatta
NEUR_3173,Striatum,143.8,24.24,Mus musculus
NEUR_3650,Amygdala,25.03,80.94,Rattus norvegicus
NEUR_3436,Thalamus,10.12,82.74,Macaca mulatta
NEUR_5692,Cortex,102.22,92.42,Rattus norvegicus
NEUR_6064,Striatum,23.19,113.09,Danio rerio
NEUR_9828,Cortex,100.44,77.25,Mus musculus
NEUR_9752,Striatum,119.37,97.98,Macaca mulatta
NEUR_4855,Thalamus,56.18,43.44,Mus musculus
NEUR_7896,Cortex,132.94,21.27,Rattus norvegicus
NEUR_2573,Hippocampus,24.33,24.13,Rattus norvegicus
NEUR_6831,Amygdala,35.89,65.02,Danio rerio
NEUR_8946,Cerebellum,110.45,59.5,Mus musculus
NEUR_9125,Hypothalamus,32.41,92.28,Rattus norvegicus
NEUR_6465,Cortex,77.8,49.53,Rattus norvegicus
NEUR_7478,Amygdala,90.27,41.39,Danio rerio
NEUR_3735,Hippocampus,138.16,85.02,Rattus norvegicus
NEUR_2905,Cortex,117.25,44.55,Mus musculus
NEUR_9948,Hypothalamus,76.41,118.96,Mus musculus
NEUR_9465,Cortex,25.86,15.93,Danio rerio
NEUR_5669,Cortex,13.93,110.19,Danio rerio
NEUR_3949,Hippocampus,144.0,14.71,Rattus norvegicus
NEUR_4052,Cerebellum,25.73,77.5,Mus musculus
NEUR_3697,Hippocampus,62.43,80.44,Mus musculus
NEUR_4015,Cortex,145.76,25.63,Macaca mulatta
NEUR_8426,Amygdala,64.07,91.2,Danio rerio
NEUR_9822,Cortex,58.65,67.38,Macaca mulatta
NEUR_3468,Amygdala,69.54,78.49,Mus musculus
NEUR_7873,Thalamus,137.31,36.02,Mus musculus
NEUR_9272,Amygdala,99.46,104.45,Mus musculus
NEUR_5279,Hippocampus,75.01,104.27,Mus musculus
NEUR_4069,Cortex,123.43,57.5,Danio rerio
NEUR_6486,Thalamus,73.06,52.12,Danio rerio
NEUR_7662,Hypothalamus,36.8,36.22,Rattus norvegicus
NEUR_5237,Striatum,53.2,44.71,Danio rerio
NEUR_7098,Cerebellum,6.45,98.11,Macaca mulatta
NEUR_6818,Cortex,140.62,106.91,Rattus norvegicus
NEUR_7731,Cerebellum,89.12,58.93,Mus musculus
NEUR_9353,Amygdala,29.36,88.46,Macaca mulatta
NEUR_5876,Cerebellum,5.21,86.53,Danio rerio
NEUR_4486,Cerebellum,4.58,82.22,Mus musculus
NEUR_3614,Cortex,89.78,19.69,Rattus norvegicus
NEUR_4062,Hippocampus,47.07,72.26,Mus musculus
NEUR_7938,Amygdala,129.62,77.11,Macaca mulatta
NEUR_5116,Cerebellum,41.73,91.04,Rattus norvegicus
NEUR_6821,Amygdala,142.79,99.58,Danio rerio
NEUR_9825,Hypothalamus,136.78,32.67,Rattus norvegicus
NEUR_7547,Hippocampus,35.65,40.24,Danio rerio
NEUR_4416,Thalamus,115.47,73.18,Macaca mulatta
NEUR_6181,Hippocampus,46.88,64.44,Danio rerio
NEUR_1489,Thalamus,142.97,53.01,Mus musculus
NEUR_4862,Hippocampus,54.26,24.08,Macaca mulatta
NEUR_1344,Striatum,73.25,99.33,Danio rerio
NEUR_4205,Cerebellum,123.71,40.07,Rattus norvegicus
NEUR_2375,Amygdala,92.61,110.24,Mus musculus
NEUR_3797,Striatum,25.95,49.62,Macaca mulatta
NEUR_5636,Thalamus,20.77,116.51,Mus musculus
NEUR_4459,Cortex,145.8,44.14,Mus musculus
NEUR_3124,Hypothalamus,103.33,76.69,Mus musculus
NEUR_5187,Cortex,109.3,112.03,Mus musculus
NEUR_3920,Hippocampus,29.61,17.23,Rattus norvegicus
NEUR_5767,Cerebellum,112.94,48.39,Mus musculus
NEUR_6652,Amygdala,28.54,48.14,Danio rerio
NEUR_5168,Hippocampus,3.31,39.8,Danio rerio
NEUR_8357,Cerebellum,84.24,13.1,Rattus norvegicus
NEUR_2343,Amygdala,136.81,96.86,Rattus norvegicus
NEUR_6595,Thalamus,51.74,105.77,Macaca mulatta
NEUR_6599,Hypothalamus,24.53,79.91,Danio rerio
NEUR_5366,Thalamus,88.44,44.17,Mus musculus
NEUR_4068,Hypothalamus,24.65,92.26,Macaca mulatta
NEUR_8465,Cerebellum,60.11,45.05,Rattus norvegicus
NEUR_8455,Hypothalamus,134.53,18.46,Mus musculus
NEUR_2144,Cerebellum,142.4,78.39,Mus musculus
NEUR_5863,Cerebellum,131.24,83.19,Mus musculus
NEUR_6569,Cortex,43.46,84.41,Danio rerio
NEUR_5104,Cortex,128.39,96.77,Danio rerio
NEUR_5812,Hippocampus,103.03,70.51,Danio rerio
NEUR_5258,Cortex,50.34,91.64,Mus musculus
NEUR_8470,Cortex,97.78,100.73,Macaca mulatta
NEUR_2643,Striatum,15.99,14.43,Rattus norvegicus
NEUR_5270,Striatum,97.23,27.09,Danio rerio
NEUR_6759,Thalamus,71.05,55.58,Rattus norvegicus
NEUR_9928,Cortex,144.27,41.67,Rattus norvegicus
NEUR_6856,Amygdala,22.58,53.3,Macaca mulatta
NEUR_9388,Cortex,138.67,86.37,Rattus norvegicus
NEUR_2355,Thalamus,100.98,112.08,Macaca mulatta
NEUR_2862,Amygdala,80.15,55.86,Mus musculus
NEUR_1542,Hypothalamus,72.05,23.51,Danio rerio
NEUR_2356,Hypothalamus,144.21,23.63,Rattus norvegicus
NEUR_5712,Thalamus,69.77,48.1,Rattus norvegicus
NEUR_8332,Cerebellum,121.71,11.64,Rattus norvegicus
NEUR_8647,Hippocampus,89.6,20.92,Rattus norvegicus
NEUR_9484,Amygdala,132.79,103.04,Rattus norvegicus
NEUR_4847,Hypothalamus,52.77,90.47,Mus musculus
NEUR_3145,Amygdala,8.24,113.96,Mus musculus
NEUR_1106,Hypothalamus,95.32,119.99,Rattus norvegicus
NEUR_7448,Hippocampus,97.33,30.55,Mus musculus
NEUR_3028,Cortex,54.11,53.64,Mus musculus
NEUR_1779,Hippocampus,38.0,26.98,Rattus norvegicus
NEUR_6461,Cerebellum,46.07,18.34,Macaca mulatta
NEUR_1472,Striatum,77.6,59.52,Danio rerio
NEUR_8314,Striatum,149.24,37.6,Macaca mulatta
NEUR_7627,Cortex,42.29,108.27,Mus musculus
NEUR_5002,Striatum,127.4,89.91,Rattus norvegicus
NEUR_7243,Amygdala,28.06,36.78,Mus musculus
NEUR_5628,Cerebellum,61.25,118.12,Macaca mulatta
NEUR_1482,Thalamus,34.09,27.06,Danio rerio
NEUR_2348,Amygdala,117.86,70.9,Danio rerio
NEUR_9024,Cerebellum,89.99,100.64,Danio rerio
NEUR_9689,Cerebellum,97.73,26.44,Mus musculus
NEUR_8963,Cerebellum,55.01,99.45,Danio rerio
NEUR_9623,Hippocampus,49.18,45.15,Macaca mulatta
NEUR_6354,Thalamus,137.15,45.83,Rattus norvegicus
NEUR_6368,Cortex,109.76,81.16,Macaca mulatta
NEUR_1252,Striatum,145.85,90.33,Danio rerio
NEUR_9750,Hypothalamus,95.0,42.66,Rattus norvegicus
NEUR_8479,Thalamus,47.22,50.88,Danio rerio
NEUR_5911,Amygdala,14.4,63.62,Rattus norvegicus
NEUR_5171,Cerebellum,19.08,117.5,Mus musculus
NEUR_3100,Hippocampus,73.17,39.18,Macaca mulatta
NEUR_2413,Cerebellum,103.12,50.47,Macaca mulatta
NEUR_9995,Hypothalamus,119.68,115.89,Macaca mulatta
NEUR_2486,Thalamus,12.45,54.58,Danio rerio
NEUR_8328,Hippocampus,140.77,37.33,Mus musculus
NEUR_5253,Hippocampus,143.44,92.21,Mus musculus
NEUR_4846,Hippocampus,112.79,74.6,Mus musculus
NEUR_2872,Cortex,148.67,29.49,Mus musculus
NEUR_3939,Hypothalamus,93.28,108.15,Rattus norvegicus
NEUR_5264,Cerebellum,22.99,108.39,Danio rerio
NEUR_3467,Hypothalamus,122.2,89.49,Macaca mulatta
NEUR_7385,Amygdala,24.04,95.38,Rattus norvegicus
NEUR_2120,Amygdala,13.78,51.38,Mus musculus
NEUR_3266,Cerebellum,145.53,51.83,Macaca mulatta
NEUR_1459,Amygdala,38.92,82.04,Danio rerio
NEUR_3558,Cortex,56.56,111.62,Macaca mulatta
NEUR_4739,Cortex,94.43,70.61,Macaca mulatta
NEUR_9460,Hippocampus,41.23,19.7,Rattus norvegicus
NEUR_2171,Hypothalamus,54.27,63.47,Mus musculus
NEUR_2260,Hippocampus,76.57,63.66,Rattus norvegicus
NEUR_8760,Amygdala,43.31,17.56,Mus musculus
NEUR_6131,Cerebellum,11.94,45.47,Rattus norvegicus
NEUR_7392,Thalamus,68.19,78.66,Mus musculus
NEUR_9628,Thalamus,136.31,52.87,Mus musculus
NEUR_2965,Cortex,16.74,112.03,Mus musculus
NEUR_4919,Thalamus,143.1,71.46,Rattus norvegicus
NEUR_6607,Amygdala,50.98,117.75,Mus musculus
NEUR_2699,Amygdala,25.82,100.56,Mus musculus
NEUR_4693,Hippocampus,24.72,110.8,Macaca mulatta
NEUR_7512,Cerebellum,139.92,99.2,Mus musculus
NEUR_5492,Amygdala,69.28,109.94,Danio rerio
NEUR_8521,Thalamus,78.24,90.05,Rattus norvegicus
NEUR_6129,Cortex,136.87,109.62,Danio rerio
NEUR_7618,Hippocampus,139.1,87.85,Rattus norvegicus
NEUR_9775,Hypothalamus,89.26,46.68,Mus musculus
NEUR_5111,Cortex,129.39,104.56,Macaca mulatta
NEUR_9208,Cerebellum,40.97,64.19,Danio rerio
NEUR_3253,Striatum,77.82,63.53,Rattus norvegicus
NEUR_4774,Amygdala,117.72,104.4,Rattus norvegicus
NEUR_3760,Cortex,134.11,57.45,Rattus norvegicus
NEUR_3446,Amygdala,121.16,18.36,Macaca mulatta
NEUR_5604,Hypothalamus,75.9,34.32,Macaca mulatta
NEUR_3589,Hypothalamus,138.18,74.31,Rattus norvegicus
NEUR_5698,Hypothalamus,77.47,51.89,Mus musculus
NEUR_1799,Hypothalamus,116.52,25.1,Macaca mulatta
NEUR_8595,Thalamus,20.96,31.34,Mus musculus
NEUR_8267,Amygdala,26.58,56.81,Mus musculus
NEUR_4994,Striatum,60.47,90.22,Macaca mulatta
NEUR_8258,Thalamus,116.06,84.84,Rattus norvegicus
NEUR_4832,Striatum,113.45,88.94,Danio rerio
NEUR_9949,Amygdala,49.97,68.83,Danio rerio
NEUR_8610,Striatum,36.44,88.07,Danio rerio
NEUR_6007,Cerebellum,130.83,119.41,Danio rerio
NEUR_1429,Hippocampus,138.3,76.88,Macaca mulatta
NEUR_6821,Thalamus,122.9,86.33,Mus musculus
NEUR_4520,Hypothalamus,116.29,25.39,Macaca mulatta
NEUR_8814,Hippocampus,51.28,20.12,Mus musculus
NEUR_1042,Cerebellum,0.94,30.07,Danio rerio
NEUR_2489,Striatum,74.69,73.78,Rattus norvegicus
NEUR_3962,Thalamus,71.32,57.43,Danio rerio
NEUR_2870,Thalamus,71.26,41.04,Rattus norvegicus
NEUR_4766,Striatum,129.34,99.75,Mus musculus
NEUR_8603,Cerebellum,106.87,56.33,Macaca mulatta
NEUR_2567,Cerebellum,53.31,40.38,Danio rerio
NEUR_5912,Hypothalamus,109.92,19.4,Danio rerio
NEUR_8126,Cortex,100.31,102.27,Danio rerio
NEUR_8747,Cortex,11.76,28.76,Rattus norvegicus
NEUR_6193,Cortex,32.55,40.49,Macaca mulatta
NEUR_7672,Cortex,30.81,14.4,Macaca mulatta
NEUR_7230,Cerebellum,114.57,24.42,Mus musculus
NEUR_1773,Striatum,111.58,13.8,Rattus norvegicus
NEUR_8720,Hypothalamus,87.84,30.59,Danio rerio
NEUR_3486,Striatum,26.78,63.31,Macaca mulatta
NEUR_9072,Thalamus,70.86,21.3,Macaca mulatta
NEUR_5537,Striatum,31.26,57.32,Rattus norvegicus
NEUR_6370,Striatum,33.62,80.69,Macaca mulatta
NEUR_4890,Cerebellum,125.94,21.14,Danio rerio
NEUR_7500,Amygdala,10.81,14.14,Danio rerio
NEUR_7979,Striatum,119.22,60.96,Mus musculus
NEUR_5940,Striatum,102.14,17.96,Rattus norvegicus
NEUR_1400,Striatum,142.32,47.75,Danio rerio
NEUR_9482,Thalamus,47.55,76.96,Macaca mulatta
NEUR_6868,Striatum,101.79,26.33,Macaca mulatta
NEUR_7107,Cortex,14.72,119.72,Mus musculus
NEUR_8221,Amygdala,144.86,77.89,Danio rerio
NEUR_2312,Hypothalamus,30.63,83.03,Danio rerio
NEUR_1959,Amygdala,38.42,12.45,Mus musculus
NEUR_3958,Thalamus,30.52,71.39,Rattus norvegicus
NEUR_4111,Amygdala,84.06,100.08,Danio rerio
NEUR_4484,Hypothalamus,84.2,55.11,Rattus norvegicus
NEUR_1933,Hypothalamus,141.36,75.55,Mus musculus
NEUR_1656,Amygdala,86.82,52.11,Rattus norvegicus
NEUR_7757,Cerebellum,12.12,52.76,Mus musculus
NEUR_3650,Hippocampus,5.68,33.09,Danio rerio
NEUR_8530,Hippocampus,25.24,107.79,Mus musculus
NEUR_5251,Hypothalamus,141.79,106.29,Macaca mulatta
NEUR_9529,Striatum,106.31,33.85,Danio rerio
NEUR_5637,Thalamus,43.31,88.48,Mus musculus
NEUR_3105,Hypothalamus,58.25,115.2,Mus musculus
NEUR_3341,Cortex,28.66,31.23,Rattus norvegicus
NEUR_5470,Amygdala,56.48,75.05,Rattus norvegicus
NEUR_5196,Hypothalamus,122.52,43.5,Macaca mulatta
NEUR_7510,Cerebellum,36.98,44.89,Mus musculus
NEUR_6600,Cortex,136.77,54.54,Macaca mulatta
NEUR_6140,Thalamus,27.02,14.18,Macaca mulatta
NEUR_2597,Hypothalamus,23.52,65.34,Danio rerio
NEUR_4388,Striatum,18.43,45.3,Mus musculus
NEUR_5266,Striatum,65.81,47.81,Danio rerio
NEUR_4301,Thalamus,116.82,84.69,Macaca mulatta
NEUR_3407,Thalamus,0.37,69.72,Danio rerio
NEUR_5294,Amygdala,34.01,113.29,Danio rerio
NEUR_1074,Striatum,45.14,44.62,Macaca mulatta
NEUR_3365,Thalamus,17.27,52.81,Rattus norvegicus
NEUR_2906,Cortex,87.67,10.03,Danio rerio
NEUR_9394,Striatum,113.38,48.44,Danio rerio
NEUR_9932,Thalamus,149.09,71.9,Rattus norvegicus
NEUR_7829,Thalamus,105.42,67.82,Danio rerio
NEUR_3353,Striatum,149.14,73.2,Rattus norvegicus
NEUR_4213,Amygdala,147.19,15.25,Danio rerio
NEUR_4422,Hypothalamus,16.52,97.66,Macaca mulatta
NEUR_6227,Cortex,62.24,30.99,Danio rerio
NEUR_8894,Cerebellum,144.76,24.4,Macaca mulatta
NEUR_7902,Amygdala,67.06,38.55,Macaca mulatta
NEUR_6488,Cortex,3.93,108.93,Danio rerio
NEUR_3860,Cortex,75.79,101.18,Danio rerio
NEUR_3993,Cortex,40.29,66.68,Rattus norvegicus
NEUR_3226,Cerebellum,70.43,40.9,Macaca mulatta
NEUR_3812,Hippocampus,61.4,13.91,Macaca mulatta
NEUR_1503,Striatum,6.62,39.05,Danio rerio
NEUR_2431,Hippocampus,56.63,16.33,Danio rerio
NEUR_6075,Hypothalamus,149.39,86.31,Rattus norvegicus
NEUR_3246,Hypothalamus,83.81,50.58,Macaca mulatta
NEUR_1525,Thalamus,11.14,105.78,Macaca mulatta
NEUR_6994,Hippocampus,12.94,67.93,Mus musculus
NEUR_6906,Striatum,108.89,75.86,Danio rerio
NEUR_1221,Striatum,90.54,61.72,Rattus norvegicus
NEUR_9180,Striatum,45.43,114.06,Mus musculus
NEUR_8053,Cerebellum,60.46,38.52,Rattus norvegicus
NEUR_4647,Cerebellum,1.4,77.0,Danio rerio
NEUR_8466,Cerebellum,107.89,62.14,Macaca mulatta
NEUR_2790,Cortex,105.83,52.15,Macaca mulatta
NEUR_7657,Striatum,121.63,76.06,Mus musculus
NEUR_5517,Hippocampus,139.25,39.39,Rattus norvegicus
NEUR_3086,Hypothalamus,95.32,40.77,Rattus norvegicus
NEUR_6940,Striatum,95.15,105.89,Rattus norvegicus
NEUR_1876,Hypothalamus,73.0,12.52,Rattus norvegicus
NEUR_2951,Thalamus,67.97,88.93,Rattus norvegicus
NEUR_8122,Hypothalamus,108.57,58.91,Rattus norvegicus
NEUR_2827,Hippocampus,16.57,88.78,Macaca mulatta
NEUR_4444,Striatum,117.03,55.4,Rattus norvegicus
NEUR_3773,Hypothalamus,91.26,89.01,Mus musculus
NEUR_3182,Cortex,80.88,10.47,Macaca mulatta
NEUR_5198,Thalamus,14.84,71.64,Danio rerio
NEUR_4137,Thalamus,6.04,42.23,Danio rerio
NEUR_7420,Hippocampus,7.78,28.13,Danio rerio
NEUR_7109,Cortex,141.29,78.62,Danio rerio
NEUR_5652,Thalamus,42.12,81.33,Rattus norvegicus
NEUR_1108,Cerebellum,14.54,72.9,Mus musculus
NEUR_2442,Amygdala,145.11,40.43,Macaca mulatta
NEUR_6253,Hypothalamus,87.37,46.0,Mus musculus
NEUR_7960,Hypothalamus,21.91,49.12,Danio rerio
NEUR_4205,Cortex,130.72,57.11,Rattus norvegicus
NEUR_8434,Cerebellum,46.17,48.56,Danio rerio
NEUR_4890,Cerebellum,44.11,76.06,Danio rerio
NEUR_9476,Thalamus,137.17,111.28,Macaca mulatta
NEUR_7175,Hippocampus,21.44,62.45,Danio rerio
NEUR_7603,Cerebellum,8.46,65.28,Mus musculus
NEUR_2833,Hippocampus,96.3,74.61,Rattus norvegicus
NEUR_3131,Hypothalamus,68.15,46.7,Macaca mulatta
NEUR_4765,Cortex,145.25,38.85,Mus musculus
NEUR_3400,Cerebellum,25.21,40.3,Danio rerio
NEUR_1187,Hippocampus,55.91,30.79,Danio rerio
NEUR_1499,Striatum,54.39,31.48,Mus musculus
NEUR_5976,Cerebellum,119.66,17.87,Danio rerio
NEUR_8980,Thalamus,122.75,76.49,Mus musculus
NEUR_5967,Amygdala,18.21,83.83,Danio rerio
NEUR_7206,Cerebellum,29.09,118.38,Danio rerio
NEUR_3293,Hypothalamus,145.46,72.06,Mus musculus
NEUR_9269,Striatum,137.53,100.64,Rattus norvegicus
NEUR_2054,Hypothalamus,105.15,29.3,Danio rerio
NEUR_9986,Thalamus,139.09,102.36,Danio rerio
NEUR_6477,Thalamus,107.59,61.93,Danio rerio
NEUR_9912,Hippocampus,0.17,64.71,Mus musculus
NEUR_2863,Cortex,117.8,77.42,Rattus norvegicus
NEUR_8799,Amygdala,66.8,100.68,Mus musculus
NEUR_7136,Cerebellum,81.52,115.25,Mus musculus
NEUR_6910,Cerebellum,6.3,60.55,Rattus norvegicus
NEUR_1127,Hypothalamus,34.38,10.03,Rattus norvegicus
NEUR_6859,Cerebellum,30.81,83.58,Rattus norvegicus
NEUR_8761,Hypothalamus,89.48,87.61,Macaca mulatta
NEUR_4619,Hypothalamus,101.73,81.87,Danio rerio
NEUR_1059,Hippocampus,4.11,83.28,Mus musculus
NEUR_4036,Striatum,115.86,40.02,Rattus norvegicus
NEUR_7673,Hippocampus,124.72,50.63,Macaca mulatta
NEUR_1718,Striatum,47.63,46.18,Macaca mulatta
NEUR_8045,Hypothalamus,82.48,29.81,Mus musculus
NEUR_3300,Hippocampus,134.35,35.88,Rattus norvegicus
NEUR_5420,Cerebellum,100.86,37.64,Rattus norvegicus
NEUR_2237,Striatum,136.02,85.82,Macaca mulatta
NEUR_5859,Hypothalamus,72.12,43.67,Mus musculus
NEUR_8705,Thalamus,43.24,108.94,Mus musculus
NEUR_3844,Thalamus,35.04,55.27,Danio rerio
NEUR_9646,Striatum,48.86,115.67,Mus musculus
NEUR_2271,Hippocampus,138.88,84.43,Rattus norvegicus
NEUR_1412,Cortex,10.85,49.3,Mus musculus
NEUR_1477,Thalamus,60.08,92.85,Macaca mulatta
NEUR_4393,Striatum,135.28,113.31,Rattus norvegicus
NEUR_6683,Hypothalamus,87.29,78.5,Rattus norvegicus
NEUR_6950,Cerebellum,59.45,15.98,Macaca mulatta
NEUR_5478,Cerebellum,90.55,75.51,Mus musculus
NEUR_9062,Cerebellum,129.85,76.1,Mus musculus
NEUR_2365,Hypothalamus,142.38,32.02,Mus musculus
NEUR_1864,Cortex,149.36,107.42,Mus musculus
NEUR_4308,Hypothalamus,81.02,37.69,Danio rerio
NEUR_2438,Thalamus,115.31,28.1,Danio rerio
NEUR_8766,Hypothalamus,37.38,18.16,Mus musculus
NEUR_5640,Hippocampus,5.31,69.56,Rattus norvegicus
NEUR_5968,Amygdala,100.67,49.12,Macaca mulatta
NEUR_3640,Hypothalamus,27.02,70.76,Mus musculus
NEUR_8174,Striatum,143.14,79.38,Mus musculus
NEUR_1385,Striatum,118.17,38.67,Rattus norvegicus
NEUR_9281,Hippocampus,49.34,89.22,Mus musculus
NEUR_6142,Thalamus,136.21,119.89,Danio rerio
NEUR_9259,Amygdala,142.53,105.81,Rattus norvegicus
NEUR_5703,Cerebellum,79.32,114.53,Danio rerio
NEUR_5142,Striatum,4.31,106.5,Mus musculus
NEUR_5463,Striatum,29.18,115.55,Macaca mulatta
NEUR_5519,Striatum,65.41,102.99,Danio rerio
NEUR_5510,Thalamus,112.88,97.5,Macaca mulatta
NEUR_9845,Amygdala,1.17,99.6,Danio rerio
NEUR_9360,Striatum,50.47,90.85,Danio rerio
NEUR_5340,Cerebellum,130.3,88.39,Macaca mulatta
NEUR_6586,Cortex,42.83,35.06,Rattus norvegicus
NEUR_9995,Cortex,57.84,105.6,Macaca mulatta
NEUR_7278,Striatum,14.03,116.63,Macaca mulatta
NEUR_7867,Thalamus,59.1,69.81,Mus musculus
NEUR_3034,Cortex,103.95,91.1,Macaca mulatta
NEUR_5497,Amygdala,43.54,73.14,Rattus norvegicus
NEUR_1611,Amygdala,31.98,39.98,Rattus norvegicus
NEUR_2657,Cortex,23.93,74.83,Danio rerio
NEUR_6175,Cortex,84.98,79.77,Danio rerio
NEUR_4966,Cerebellum,34.3,92.94,Danio rerio
NEUR_5205,Striatum,114.93,15.68,Rattus norvegicus
NEUR_5176,Striatum,134.27,83.97,Macaca mulatta
NEUR_8834,Amygdala,43.05,117.61,Danio rerio
NEUR_8497,Thalamus,0.42,21.88,Danio rerio
NEUR_9406,Striatum,57.48,22.77,Mus musculus
NEUR_3790,Cortex,82.04,29.03,Danio rerio
NEUR_2708,Cortex,27.15,101.56,Rattus norvegicus
NEUR_6803,Hypothalamus,98.03,79.01,Rattus norvegicus
NEUR_5039,Thalamus,9.38,82.07,Mus musculus
NEUR_6203,Hypothalamus,5.45,43.94,Danio rerio
NEUR_1004,Hypothalamus,84.92,40.59,Macaca mulatta
NEUR_7845,Striatum,47.35,45.23,Danio rerio
NEUR_8834,Cerebellum,134.88,82.29,Danio rerio
NEUR_1761,Cerebellum,99.33,14.05,Macaca mulatta
NEUR_8647,Amygdala,126.9,117.76,Danio rerio
NEUR_2978,Cortex,28.95,35.56,Macaca mulatta
NEUR_7592,Hippocampus,3.72,56.63,Mus musculus
NEUR_9717,Hypothalamus,96.21,83.44,Mus musculus
NEUR_9989,Hypothalamus,26.51,102.89,Macaca mulatta
NEUR_2596,Amygdala,124.56,115.97,Rattus norvegicus
NEUR_1962,Striatum,13.11,103.94,Rattus norvegicus
NEUR_8111,Striatum,81.83,49.02,Rattus norvegicus
NEUR_6268,Amygdala,104.09,98.97,Mus musculus
NEUR_4304,Cortex,10.23,46.51,Mus musculus
NEUR_3179,Thalamus,20.96,67.82,Mus musculus
NEUR_8450,Cerebellum,133.24,69.72,Rattus norvegicus
NEUR_5978,Hippocampus,47.23,32.69,Mus musculus
NEUR_4361,Thalamus,31.56,29.38,Rattus norvegicus
NEUR_5953,Thalamus,62.16,29.82,Mus musculus
NEUR_4974,Hippocampus,131.61,10.59,Rattus norvegicus
NEUR_1391,Striatum,39.34,40.87,Macaca mulatta
NEUR_5710,Cerebellum,11.99,55.97,Rattus norvegicus
NEUR_3208,Cerebellum,61.58,44.31,Mus musculus
NEUR_7263,Amygdala,22.77,106.12,Mus musculus
NEUR_2645,Thalamus,133.18,29.36,Macaca mulatta
NEUR_8271,Hypothalamus,14.26,23.56,Mus musculus
NEUR_3604,Hippocampus,100.09,40.2,Macaca mulatta
NEUR_3681,Hypothalamus,84.24,78.35,Mus musculus
NEUR_9568,Cerebellum,89.24,52.59,Macaca mulatta
NEUR_4978,Striatum,137.33,66.81,Macaca mulatta
NEUR_9675,Thalamus,93.02,44.8,Danio rerio
NEUR_3129,Striatum,69.55,48.57,Danio rerio
NEUR_2926,Hippocampus,79.81,92.8,Rattus norvegicus
NEUR_9059,Amygdala,117.03,114.77,Danio rerio
NEUR_7873,Hypothalamus,133.31,61.38,Mus musculus
NEUR_5018,Cortex,0.22,92.59,Rattus norvegicus
NEUR_2853,Amygdala,6.08,75.86,Danio rerio
NEUR_3936,Hippocampus,35.88,34.97,Macaca mulatta
NEUR_9009,Striatum,142.58,65.81,Macaca mulatta
NEUR_1018,Striatum,122.85,41.38,Danio rerio
NEUR_6594,Amygdala,82.22,87.34,Rattus norvegicus
NEUR_2391,Striatum,81.14,116.23,Macaca mulatta
NEUR_7743,Amygdala,9.42,63.68,Danio rerio
NEUR_9917,Cortex,56.17,53.7,Rattus norvegicus
NEUR_6426,Hypothalamus,85.7,90.66,Macaca mulatta
NEUR_4753,Cerebellum,126.64,100.15,Danio rerio
NEUR_8499,Hippocampus,129.07,19.39,Mus musculus
NEUR_4115,Cortex,73.64,110.51,Danio rerio
NEUR_2913,Striatum,0.94,25.06,Rattus norvegicus
NEUR_1475,Cortex,87.66,41.11,Danio rerio
NEUR_4258,Amygdala,14.46,84.0,Macaca mulatta
NEUR_5816,Hippocampus,3.92,21.0,Rattus norvegicus
NEUR_4308,Striatum,126.71,70.61,Danio rerio
NEUR_3750,Cortex,52.52,53.42,Danio rerio
NEUR_5260,Hippocampus,55.57,61.73,Danio rerio
NEUR_6972,Striatum,64.07,53.25,Macaca mulatta
NEUR_4291,Amygdala,98.06,16.3,Danio rerio
NEUR_2012,Cerebellum,133.07,105.12,Mus musculus
NEUR_9439,Hypothalamus,7.11,104.22,Rattus norvegicus
NEUR_7018,Amygdala,40.4,92.07,Danio rerio
NEUR_3652,Cerebellum,101.84,119.89,Macaca mulatta
NEUR_2257,Striatum,3.39,76.04,Rattus norvegicus
NEUR_4595,Hypothalamus,55.24,87.57,Macaca mulatta
NEUR_3627,Cortex,70.06,63.47,Rattus norvegicus
NEUR_5121,Hippocampus,143.02,24.52,Macaca mulatta
NEUR_3317,Hypothalamus,20.06,101.98,Rattus norvegicus
NEUR_5702,Cerebellum,57.31,91.62,Mus musculus
NEUR_5149,Amygdala,26.66,41.63,Mus musculus
NEUR_7264,Striatum,131.96,106.47,Rattus norvegicus
NEUR_3234,Striatum,3.44,76.88,Macaca mulatta
NEUR_1397,Hypothalamus,11.2,81.29,Macaca mulatta
NEUR_4693,Striatum,64.44,15.99,Rattus norvegicus
NEUR_3677,Hippocampus,145.24,50.41,Mus musculus
NEUR_8808,Striatum,85.55,117.27,Danio rerio
NEUR_2592,Hypothalamus,0.22,100.29,Danio rerio
NEUR_5234,Amygdala,95.99,72.85,Rattus norvegicus
NEUR_9090,Cortex,105.81,31.86,Rattus norvegicus
NEUR_5084,Striatum,55.55,93.56,Rattus norvegicus
NEUR_4897,Thalamus,16.94,95.54,Mus musculus
NEUR_6377,Striatum,21.47,36.79,Danio rerio
NEUR_4160,Cerebellum,51.79,94.96,Danio rerio
NEUR_8304,Amygdala,130.29,49.7,Rattus norvegicus
NEUR_6389,Hippocampus,49.34,76.59,Rattus norvegicus
NEUR_5271,Cerebellum,97.22,106.78,Macaca mulatta
NEUR_8229,Cerebellum,96.88,108.14,Rattus norvegicus
NEUR_8303,Hippocampus,78.45,25.02,Danio rerio
NEUR_5150,Striatum,103.62,100.02,Rattus norvegicus
NEUR_4894,Cerebellum,108.2,55.98,Macaca mulatta
NEUR_8170,Hypothalamus,56.41,51.35,Rattus norvegicus
NEUR_4099,Amygdala,88.79,43.22,Mus musculus
NEUR_3081,Amygdala,36.25,113.36,Rattus norvegicus
NEUR_5241,Hypothalamus,24.66,105.85,Danio rerio
NEUR_3717,Hippocampus,50.82,62.2,Rattus norvegicus
NEUR_9949,Amygdala,50.87,38.22,Macaca mulatta
NEUR_3368,Amygdala,130.24,101.17,Danio rerio
NEUR_5929,Amygdala,30.98,82.21,Mus musculus
NEUR_8381,Hypothalamus,143.01,65.99,Danio rerio
NEUR_4932,Hypothalamus,112.98,93.04,Danio rerio
NEUR_1827,Cerebellum,20.02,56.72,Macaca mulatta
NEUR_9923,Amygdala,101.42,105.4,Macaca mulatta
NEUR_2249,Striatum,126.45,29.42,Rattus norvegicus
NEUR_7704,Thalamus,7.33,115.17,Mus musculus
NEUR_2941,Hypothalamus,7.57,67.93,Mus musculus
NEUR_5343,Amygdala,9.0,100.11,Mus musculus
NEUR_2170,Hypothalamus,39.8,70.05,Rattus norvegicus
NEUR_9582,Hippocampus,146.1,63.95,Macaca mulatta
NEUR_2436,Cortex,112.7,36.25,Danio rerio
NEUR_7263,Striatum,39.88,54.27,Macaca mulatta
NEUR_1871,Striatum,49.09,65.01,Macaca mulatta
NEUR_5210,Striatum,41.86,88.46,Rattus norvegicus
NEUR_7808,Hippocampus,69.36,59.88,Rattus norvegicus
NEUR_7651,Striatum,106.0,117.59,Danio rerio
NEUR_7025,Hippocampus,76.32,110.3,Macaca mulatta
NEUR_9667,Thalamus,57.68,97.22,Mus musculus
NEUR_9758,Hypothalamus,49.82,74.84,Mus musculus
NEUR_4684,Cerebellum,54.69,23.83,Rattus norvegicus
NEUR_3455,Cerebellum,119.59,109.46,Macaca mulatta
NEUR_9833,Striatum,113.41,100.22,Macaca mulatta
NEUR_6018,Thalamus,120.17,94.11,Macaca mulatta
NEUR_6570,Cortex,3.06,102.15,Rattus norvegicus
NEUR_6922,Hypothalamus,9.8,32.84,Danio rerio
NEUR_1673,Amygdala,118.51,110.46,Danio rerio
NEUR_4230,Hippocampus,53.24,27.47,Macaca mulatta
NEUR_2683,Hypothalamus,49.89,105.27,Rattus norvegicus
NEUR_3105,Cortex,96.29,37.45,Mus musculus
NEUR_9769,Striatum,145.05,35.83,Rattus norvegicus
NEUR_1122,Striatum,10.77,102.62,Rattus norvegicus
NEUR_6601,Striatum,41.39,42.68,Mus musculus
NEUR_7614,Cortex,89.38,11.58,Danio rerio
NEUR_9634,Hippocampus,76.9,71.22,Rattus norvegicus
NEUR_2705,Hippocampus,18.8,30.15,Macaca mulatta
NEUR_7246,Cerebellum,149.37,33.6,Macaca mulatta
NEUR_9148,Cortex,85.11,29.9,Macaca mulatta
NEUR_3168,Striatum,41.52,81.29,Macaca mulatta
NEUR_5455,Thalamus,78.98,77.03,Rattus norvegicus
NEUR_8059,Cerebellum,119.52,58.51,Danio rerio
NEUR_7343,Cerebellum,62.37,106.1,Macaca mulatta
NEUR_8058,Amygdala,111.65,67.58,Mus musculus
NEUR_6238,Hypothalamus,10.29,28.09,Rattus norvegicus
NEUR_2832,Hippocampus,113.63,108.57,Macaca mulatta
NEUR_8059,Hippocampus,78.51,108.88,Rattus norvegicus
NEUR_2813,Thalamus,29.49,18.77,Mus musculus
NEUR_6889,Amygdala,28.48,42.33,Macaca mulatta
NEUR_3218,Thalamus,98.23,113.43,Mus musculus
NEUR_8583,Thalamus,32.78,13.37,Rattus norvegicus
NEUR_1155,Hypothalamus,14.31,96.94,Danio rerio
NEUR_7236,Thalamus,98.76,10.2,Macaca mulatta
NEUR_9647,Hypothalamus,72.03,42.45,Rattus norvegicus
NEUR_8462,Thalamus,52.29,24.78,Macaca mulatta
NEUR_7935,Cerebellum,131.8,74.47,Mus musculus
NEUR_4473,Hypothalamus,68.49,117.51,Macaca mulatta
NEUR_3158,Cortex,101.61,54.38,Mus musculus
NEUR_3973,Hippocampus,136.56,33.91,Rattus norvegicus
NEUR_9812,Hypothalamus,29.6,21.67,Mus musculus
NEUR_3335,Cortex,35.87,57.12,Danio rerio
NEUR_9621,Striatum,127.66,13.66,Rattus norvegicus
NEUR_9211,Cerebellum,83.49,117.02,Mus musculus
NEUR_4798,Hippocampus,105.09,116.83,Danio rerio
NEUR_9775,Cortex,133.74,74.11,Danio rerio
NEUR_7630,Hippocampus,66.42,38.91,Macaca mulatta
NEUR_1864,Striatum,126.08,23.91,Macaca mulatta
NEUR_9260,Cerebellum,95.86,51.73,Macaca mulatta
NEUR_3796,Amygdala,147.36,12.88,Macaca mulatta
NEUR_8687,Cerebellum,83.75,32.91,Danio rerio
NEUR_5669,Cortex,28.15,35.85,Rattus norvegicus
NEUR_5679,Cerebellum,111.82,27.58,Rattus norvegicus
NEUR_9870,Hypothalamus,50.26,78.83,Macaca mulatta
NEUR_3060,Amygdala,42.89,38.82,Mus musculus
NEUR_2690,Cortex,44.95,39.8,Mus musculus
NEUR_4287,Hypothalamus,20.39,101.51,Rattus norvegicus
NEUR_3632,Cerebellum,103.0,110.93,Mus musculus
NEUR_7801,Thalamus,139.82,33.78,Macaca mulatta
NEUR_4311,Hypothalamus,124.49,32.77,Macaca mulatta
NEUR_7278,Striatum,130.96,89.97,Macaca mulatta
NEUR_4503,Cerebellum,7.76,64.35,Macaca mulatta
NEUR_5489,Striatum,6.14,55.69,Mus musculus
NEUR_4331,Amygdala,124.8,54.0,Danio rerio
NEUR_3551,Thalamus,62.71,107.64,Macaca mulatta
NEUR_2343,Striatum,70.38,42.93,Macaca mulatta
NEUR_6887,Hippocampus,110.75,47.36,Rattus norvegicus
NEUR_4060,Cerebellum,144.84,96.36,Macaca mulatta
NEUR_2935,Thalamus,86.22,37.43,Rattus norvegicus
NEUR_5385,Thalamus,98.43,33.83,Rattus norvegicus
NEUR_2447,Hippocampus,68.82,118.43,Mus musculus
NEUR_8498,Cortex,89.48,47.04,Danio rerio
NEUR_3131,Cortex,138.33,58.38,Macaca mulatta
NEUR_7941,Hippocampus,108.29,114.07,Mus musculus
NEUR_9808,Striatum,63.56,73.92,Rattus norvegicus
NEUR_6636,Hypothalamus,27.23,47.81,Macaca mulatta
NEUR_6183,Cortex,83.74,88.84,Rattus norvegicus
NEUR_2627,Cerebellum,133.4,101.99,Danio rerio
NEUR_9408,Hippocampus,63.45,37.12,Danio rerio
NEUR_9142,Hippocampus,65.41,50.56,Danio rerio
NEUR_8969,Striatum,7.46,72.73,Danio rerio
NEUR_9011,Thalamus,0.51,116.64,Danio rerio
NEUR_5026,Cerebellum,141.99,34.92,Macaca mulatta
NEUR_3857,Cerebellum,145.64,88.9,Rattus norvegicus
NEUR_2007,Hippocampus,94.53,61.19,Rattus norvegicus
NEUR_4057,Striatum,145.58,29.94,Danio rerio
NEUR_8600,Cortex,143.01,78.93,Danio rerio
NEUR_5781,Thalamus,116.44,65.92,Danio rerio
NEUR_7634,Hippocampus,103.83,59.16,Mus musculus
NEUR_6621,Striatum,43.86,55.09,Mus musculus
NEUR_9490,Cerebellum,88.04,110.7,Mus musculus
NEUR_8910,Thalamus,113.65,22.57,Danio rerio
NEUR_8818,Thalamus,142.97,104.0,Danio rerio
NEUR_3499,Striatum,23.32,63.29,Rattus norvegicus
NEUR_2972,Striatum,126.83,34.95,Macaca mulatta
NEUR_7228,Amygdala,108.48,37.96,Danio rerio
NEUR_6775,Hippocampus,14.31,73.74,Rattus norvegicus
NEUR_3633,Striatum,126.91,50.72,Mus musculus
NEUR_4340,Thalamus,10.34,119.51,Macaca mulatta
NEUR_2665,Thalamus,32.89,53.53,Danio rerio
NEUR_6475,Cerebellum,104.54,46.18,Danio rerio
NEUR_6593,Amygdala,89.74,31.61,Mus musculus
NEUR_3015,Cerebellum,65.91,113.24,Rattus norvegicus
NEUR_1324,Cerebellum,139.55,71.0,Mus musculus
NEUR_7061,Amygdala,83.23,30.07,Macaca mulatta
NEUR_2460,Hippocampus,124.06,73.61,Rattus norvegicus
NEUR_6143,Cerebellum,106.39,40.73,Mus musculus
NEUR_1748,Hypothalamus,23.57,107.11,Macaca mulatta
NEUR_2537,Cortex,114.74,23.73,Mus musculus
NEUR_4445,Amygdala,108.66,87.9,Macaca mulatta
NEUR_5620,Amygdala,0.2,41.03,Macaca mulatta
NEUR_2327,Hypothalamus,42.71,56.84,Mus musculus
NEUR_8137,Amygdala,101.57,79.3,Macaca mulatta
NEUR_7860,Striatum,91.66,74.09,Rattus norvegicus
NEUR_6718,Amygdala,119.93,69.92,Danio rerio
NEUR_6245,Amygdala,69.92,38.6,Rattus norvegicus
NEUR_8864,Amygdala,0.92,74.67,Rattus norvegicus
NEUR_6140,Cerebellum,7.37,118.3,Mus musculus
NEUR_6126,Cortex,114.5,101.0,Danio rerio
NEUR_8194,Hippocampus,97.95,80.14,Macaca mulatta
NEUR_6215,Hypothalamus,95.67,102.52,Danio rerio
NEUR_8647,Hypothalamus,101.03,56.08,Rattus norvegicus
NEUR_9996,Cerebellum,127.0,55.43,Rattus norvegicus
NEUR_8448,Cortex,61.58,55.84,Mus musculus
NEUR_9697,Amygdala,136.25,108.6,Danio rerio
NEUR_4025,Striatum,8.28,77.24,Rattus norvegicus
NEUR_8180,Thalamus,122.66,92.9,Mus musculus
NEUR_6602,Cortex,10.37,21.95,Danio rerio
NEUR_9292,Hippocampus,18.95,106.27,Danio rerio
NEUR_5963,Cerebellum,47.36,54.01,Mus musculus
NEUR_3232,Amygdala,61.59,114.15,Macaca mulatta
NEUR_4856,Striatum,88.98,96.31,Rattus norvegicus
NEUR_6067,Thalamus,24.83,68.25,Macaca mulatta
NEUR_8566,Cerebellum,145.76,33.65,Rattus norvegicus
NEUR_7240,Hippocampus,27.33,44.89,Mus musculus
NEUR_2698,Hypothalamus,16.63,33.97,Rattus norvegicus
NEUR_3462,Striatum,145.65,98.79,Danio rerio
NEUR_5045,Amygdala,127.26,102.5,Macaca mulatta
NEUR_2954,Striatum,7.77,20.33,Rattus norvegicus
NEUR_4564,Cortex,134.34,102.99,Macaca mulatta
NEUR_6848,Cerebellum,103.89,70.41,Danio rerio
NEUR_4516,Striatum,27.34,27.93,Macaca mulatta
NEUR_3981,Hypothalamus,102.67,105.37,Danio rerio
NEUR_4762,Amygdala,121.15,66.79,Mus musculus
NEUR_8656,Cerebellum,44.89,21.67,Danio rerio
NEUR_5423,Striatum,50.26,45.49,Macaca mulatta
NEUR_3519,Amygdala,102.12,42.71,Mus musculus
NEUR_5152,Hypothalamus,63.26,97.71,Macaca mulatta
NEUR_6203,Striatum,41.29,76.8,Rattus norvegicus
NEUR_9204,Striatum,135.32,90.26,Danio rerio
NEUR_5963,Striatum,108.9,82.86,Mus musculus
NEUR_9703,Hippocampus,17.69,70.46,Macaca mulatta
NEUR_6559,Hypothalamus,54.24,55.47,Macaca mulatta
NEUR_2314,Cerebellum,30.51,75.59,Danio rerio
NEUR_4039,Amygdala,127.11,57.6,Mus musculus
NEUR_7542,Hypothalamus,51.96,20.49,Rattus norvegicus
NEUR_2885,Cerebellum,91.88,11.78,Danio rerio
NEUR_1180,Cortex,86.24,32.75,Macaca mulatta
NEUR_2059,Hypothalamus,103.61,69.92,Mus musculus
NEUR_2734,Striatum,148.51,86.45,Mus musculus
NEUR_7711,Hippocampus,62.55,80.84,Rattus norvegicus
NEUR_2898,Thalamus,40.38,104.69,Macaca mulatta
NEUR_1800,Cortex,64.23,66.39,Mus musculus
NEUR_8293,Cortex,111.86,88.78,Rattus norvegicus
NEUR_2764,Amygdala,60.6,118.74,Rattus norvegicus
NEUR_5398,Hypothalamus,76.6,45.3,Macaca mulatta
NEUR_5488,Thalamus,99.16,95.46,Rattus norvegicus
NEUR_3134,Amygdala,91.57,108.8,Danio rerio
NEUR_2295,Thalamus,89.69,85.45,Rattus norvegicus
NEUR_4314,Amygdala,57.4,36.84,Rattus norvegicus
NEUR_9032,Amygdala,33.03,21.21,Rattus norvegicus
NEUR_6355,Striatum,101.47,116.32,Rattus norvegicus
NEUR_8016,Cerebellum,22.23,94.26,Macaca mulatta
NEUR_8111,Thalamus,137.47,11.15,Rattus norvegicus
NEUR_1627,Amygdala,28.91,17.74,Macaca mulatta
NEUR_7329,Thalamus,69.04,51.86,Macaca mulatta
NEUR_1345,Striatum,102.44,77.36,Mus musculus
NEUR_7915,Thalamus,47.7,47.18,Danio rerio
NEUR_6711,Hippocampus,69.51,13.63,Rattus norvegicus
NEUR_2365,Striatum,65.96,70.32,Macaca mulatta
NEUR_4202,Cerebellum,65.41,18.33,Mus musculus
NEUR_2473,Cortex,46.25,22.96,Rattus norvegicus
NEUR_6799,Cortex,92.46,39.06,Rattus norvegicus
NEUR_5705,Cerebellum,5.33,16.78,Macaca mulatta
NEUR_2498,Cortex,102.25,96.99,Rattus norvegicus
NEUR_8572,Amygdala,14.18,38.13,Mus musculus
NEUR_4593,Hypothalamus,27.48,73.51,Rattus norvegicus
NEUR_1139,Hypothalamus,45.42,50.28,Danio rerio
NEUR_7580,Cerebellum,126.11,71.27,Rattus norvegicus
NEUR_2530,Striatum,139.38,66.57,Danio rerio
NEUR_6321,Hypothalamus,94.98,119.39,Rattus norvegicus
NEUR_1655,Hypothalamus,81.0,86.43,Rattus norvegicus
NEUR_2764,Cerebellum,75.94,62.76,Mus musculus
NEUR_5987,Cerebellum,149.1,98.52,Mus musculus
NEUR_1577,Striatum,122.32,39.69,Macaca mulatta
NEUR_1282,Hippocampus,101.68,45.6,Rattus norvegicus
NEUR_7185,Cerebellum,106.97,14.08,Macaca mulatta
NEUR_7454,Cerebellum,8.0,29.12,Macaca mulatta
NEUR_8191,Striatum,142.26,95.63,Macaca mulatta
NEUR_6338,Amygdala,127.83,96.46,Mus musculus
NEUR_1022,Thalamus,29.73,112.03,Macaca mulatta
NEUR_5011,Cerebellum,141.66,95.44,Macaca mulatta
NEUR_1024,Cortex,53.01,16.33,Macaca mulatta
NEUR_7012,Cortex,3.27,16.74,Danio rerio
NEUR_3617,Amygdala,91.22,36.73,Danio rerio
NEUR_3100,Hypothalamus,148.98,104.35,Mus musculus
NEUR_6751,Cerebellum,139.95,113.48,Mus musculus
NEUR_2544,Hypothalamus,56.14,104.5,Rattus norvegicus
NEUR_5436,Thalamus,131.05,81.05,Danio rerio
NEUR_5186,Amygdala,14.72,91.31,Danio rerio
NEUR_6304,Amygdala,17.06,61.67,Macaca mulatta
NEUR_3857,Hypothalamus,70.25,118.31,Danio rerio
NEUR_5424,Hippocampus,23.93,15.13,Danio rerio
NEUR_8480,Cerebellum,110.03,57.26,Mus musculus
NEUR_2476,Cortex,18.6,71.48,Danio rerio
NEUR_3042,Cortex,95.56,53.82,Danio rerio
NEUR_7466,Cerebellum,35.36,37.61,Mus musculus
NEUR_5018,Striatum,105.18,66.99,Mus musculus
NEUR_9130,Hippocampus,116.36,104.35,Mus musculus
NEUR_8236,Hypothalamus,145.96,66.98,Danio rerio
NEUR_6385,Hypothalamus,89.06,51.64,Mus musculus
NEUR_3103,Amygdala,67.86,52.46,Rattus norvegicus
NEUR_7959,Hypothalamus,31.42,26.14,Danio rerio
NEUR_6351,Striatum,112.53,89.83,Mus musculus
NEUR_5292,Thalamus,103.26,51.22,Danio rerio
NEUR_4971,Hypothalamus,24.14,75.31,Macaca mulatta
NEUR_9760,Cortex,131.88,110.65,Danio rerio
NEUR_1939,Hypothalamus,31.43,119.37,Rattus norvegicus
NEUR_5125,Hippocampus,128.87,110.77,Mus musculus
NEUR_1353,Cortex,35.18,24.16,Rattus norvegicus
NEUR_3342,Cortex,128.98,14.68,Rattus norvegicus
NEUR_9112,Thalamus,98.59,66.49,Macaca mulatta
NEUR_7764,Striatum,81.15,46.15,Danio rerio
NEUR_7559,Hypothalamus,75.63,97.84,Macaca mulatta
NEUR_5305,Amygdala,80.19,35.26,Rattus norvegicus
NEUR_2750,Striatum,42.05,62.3,Rattus norvegicus
NEUR_3905,Striatum,38.57,80.52,Macaca mulatta
NEUR_7080,Hypothalamus,50.25,68.61,Rattus norvegicus
NEUR_3983,Cerebellum,115.26,85.1,Mus musculus
NEUR_9406,Cerebellum,82.19,22.0,Danio rerio
NEUR_1704,Thalamus,56.68,113.03,Danio rerio
NEUR_6139,Amygdala,77.72,101.71,Macaca mulatta
NEUR_6023,Cortex,49.16,46.73,Danio rerio
NEUR_9362,Cortex,116.56,18.5,Macaca mulatta
NEUR_2362,Hypothalamus,5.92,103.55,Danio rerio
NEUR_6129,Striatum,135.68,24.75,Mus musculus
NEUR_1945,Striatum,26.58,39.01,Mus musculus
NEUR_1296,Hippocampus,70.61,41.93,Mus musculus
NEUR_3624,Hypothalamus,133.17,49.46,Rattus norvegicus
NEUR_1463,Cortex,120.7,66.81,Macaca mulatta
NEUR_3762,Cortex,4.93,48.3,Danio rerio
NEUR_9568,Amygdala,141.18,116.73,Mus musculus
NEUR_8538,Cortex,8.03,76.75,Macaca mulatta
NEUR_1772,Hypothalamus,106.61,117.06,Macaca mulatta
NEUR_7238,Hippocampus,38.08,46.31,Rattus norvegicus
NEUR_2701,Cerebellum,94.78,115.87,Danio rerio
NEUR_7281,Striatum,129.33,36.06,Danio rerio
NEUR_7601,Cortex,128.59,74.77,Danio rerio
NEUR_9989,Hippocampus,109.64,87.9,Macaca mulatta
NEUR_6073,Striatum,69.06,41.31,Mus musculus
NEUR_3653,Hippocampus,41.5,30.78,Rattus norvegicus
NEUR_9085,Amygdala,115.14,92.08,Macaca mulatta
NEUR_6366,Striatum,102.25,18.16,Macaca mulatta
NEUR_9910,Cortex,141.46,67.1,Danio rerio
NEUR_4958,Cortex,135.41,96.19,Mus musculus
NEUR_6763,Thalamus,38.28,29.07,Mus musculus
NEUR_1004,Amygdala,66.9,37.78,Danio rerio
NEUR_7718,Hypothalamus,8.99,98.38,Mus musculus
NEUR_9415,Cerebellum,24.12,76.38,Macaca mulatta
NEUR_5715,Amygdala,28.29,92.37,Macaca mulatta
NEUR_2966,Cortex,110.11,33.91,Mus musculus
NEUR_5307,Amygdala,33.02,53.63,Rattus norvegicus
NEUR_8493,Striatum,90.44,92.36,Macaca mulatta
NEUR_4118,Hypothalamus,77.8,97.63,Mus musculus
NEUR_9255,Cerebellum,148.46,18.89,Rattus norvegicus
NEUR_3011,Cerebellum,84.12,11.22,Macaca mulatta
NEUR_5529,Hippocampus,138.78,90.36,Rattus norvegicus
NEUR_3092,Cerebellum,52.96,82.18,Rattus norvegicus
NEUR_3267,Cerebellum,149.05,80.36,Danio rerio
NEUR_9964,Striatum,40.54,83.76,Macaca mulatta
NEUR_2536,Cortex,136.49,16.65,Macaca mulatta
NEUR_9438,Amygdala,93.13,39.6,Macaca mulatta
NEUR_3462,Striatum,30.06,35.79,Danio rerio
NEUR_7081,Hypothalamus,113.3,26.81,Danio rerio
NEUR_9705,Hypothalamus,3.73,55.18,Rattus norvegicus
NEUR_7252,Cortex,86.7,23.86,Rattus norvegicus
NEUR_3554,Amygdala,146.58,91.91,Danio rerio
NEUR_9462,Cerebellum,21.1,74.89,Macaca mulatta
NEUR_1628,Striatum,124.64,64.52,Rattus norvegicus
NEUR_4892,Amygdala,17.87,66.36,Rattus norvegicus
NEUR_7371,Hypothalamus,130.51,109.0,Mus musculus
NEUR_2288,Hypothalamus,116.18,51.65,Rattus norvegicus
NEUR_9802,Cortex,133.75,36.1,Macaca mulatta
NEUR_6501,Hippocampus,6.78,114.12,Danio rerio
NEUR_7316,Hypothalamus,87.56,92.04,Macaca mulatta
NEUR_2310,Hypothalamus,93.28,119.58,Danio rerio
NEUR_1518,Amygdala,32.15,67.66,Mus musculus
NEUR_6441,Amygdala,118.83,11.82,Macaca mulatta
NEUR_4828,Hippocampus,55.41,81.49,Mus musculus
NEUR_5647,Hypothalamus,100.56,69.77,Macaca mulatta
NEUR_8686,Amygdala,52.07,118.5,Rattus norvegicus
NEUR_9088,Cerebellum,137.99,25.88,Danio rerio
NEUR_2723,Hypothalamus,54.21,109.42,Mus musculus
NEUR_7650,Cerebellum,27.81,10.76,Rattus norvegicus
NEUR_3174,Amygdala,1.2,106.54,Rattus norvegicus
NEUR_7148,Hypothalamus,101.58,55.64,Rattus norvegicus
NEUR_2750,Thalamus,55.61,19.93,Rattus norvegicus
NEUR_3478,Hypothalamus,57.39,23.7,Macaca mulatta
NEUR_4717,Cortex,25.38,32.58,Danio rerio
NEUR_5300,Striatum,132.24,17.41,Macaca mulatta
NEUR_9585,Cerebellum,125.75,90.92,Macaca mulatta
NEUR_8469,Thalamus,8.36,85.69,Mus musculus
NEUR_4786,Cortex,97.16,52.99,Macaca mulatta
NEUR_1337,Thalamus,20.31,17.12,Macaca mulatta
NEUR_8337,Cerebellum,4.79,57.33,Rattus norvegicus
NEUR_3937,Thalamus,129.02,31.3,Mus musculus
NEUR_8534,Striatum,1.43,29.43,Rattus norvegicus
NEUR_8523,Hypothalamus,28.5,38.9,Macaca mulatta
NEUR_7681,Cerebellum,59.05,52.38,Rattus norvegicus
NEUR_6347,Cortex,128.92,45.79,Mus musculus
NEUR_9193,Amygdala,89.52,72.59,Danio rerio
NEUR_1632,Cerebellum,102.27,36.75,Mus musculus
NEUR_7156,Cerebellum,32.02,71.64,Mus musculus
NEUR_5113,Hypothalamus,105.58,99.0,Danio rerio
NEUR_8496,Striatum,116.83,21.79,Danio rerio
NEUR_2622,Striatum,96.49,96.42,Macaca mulatta
NEUR_7639,Striatum,144.83,47.88,Danio rerio
NEUR_1323,Hippocampus,138.43,91.28,Macaca mulatta
NEUR_4173,Striatum,35.93,23.44,Rattus norvegicus
NEUR_2175,Striatum,112.96,12.35,Mus musculus
NEUR_4621,Hippocampus,148.18,89.99,Danio rerio
NEUR_2492,Cortex,70.73,22.61,Macaca mulatta
NEUR_3165,Striatum,80.16,19.07,Macaca mulatta
NEUR_8342,Striatum,88.58,36.97,Mus musculus
NEUR_6941,Striatum,148.16,70.76,Rattus norvegicus
NEUR_4495,Hippocampus,41.86,99.33,Rattus norvegicus
NEUR_6915,Striatum,11.04,61.19,Rattus norvegicus
NEUR_4306,Amygdala,33.31,10.79,Mus musculus
NEUR_2025,Striatum,35.84,87.9,Rattus norvegicus
NEUR_4555,Cerebellum,103.61,16.67,Rattus norvegicus
NEUR_3675,Hypothalamus,84.53,60.85,Rattus norvegicus
NEUR_4273,Striatum,13.86,118.46,Macaca mulatta
NEUR_1005,Hippocampus,112.06,74.01,Macaca mulatta
NEUR_3096,Hypothalamus,138.51,100.77,Rattus norvegicus
NEUR_2316,Striatum,149.31,35.53,Macaca mulatta
NEUR_6547,Cortex,94.2,33.97,Danio rerio
NEUR_3526,Thalamus,100.05,18.57,Rattus norvegicus
NEUR_8682,Cortex,107.54,50.32,Danio rerio
NEUR_2560,Cortex,25.11,33.66,Danio rerio
NEUR_7620,Hippocampus,21.88,39.59,Mus musculus
NEUR_8822,Cerebellum,90.22,14.35,Macaca mulatta
NEUR_4633,Thalamus,56.09,93.57,Danio rerio
NEUR_6793,Thalamus,102.71,43.74,Danio rerio
NEUR_2011,Hypothalamus,37.99,119.25,Mus musculus
NEUR_1251,Cortex,75.59,100.13,Macaca mulatta
NEUR_8323,Cortex,109.31,55.45,Mus musculus
NEUR_4550,Cortex,98.02,76.2,Danio rerio
NEUR_9748,Thalamus,103.45,43.38,Danio rerio
NEUR_6855,Striatum,76.97,98.92,Danio rerio
NEUR_2217,Striatum,113.13,90.82,Macaca mulatta
NEUR_3339,Striatum,25.27,38.25,Mus musculus
NEUR_6903,Thalamus,147.31,58.82,Danio rerio
NEUR_7152,Cortex,22.83,78.27,Danio rerio
NEUR_4228,Hypothalamus,43.36,95.66,Mus musculus
NEUR_9213,Amygdala,139.96,67.11,Macaca mulatta
NEUR_3235,Cortex,55.89,54.58,Macaca mulatta
NEUR_8873,Cerebellum,72.37,84.57,Rattus norvegicus
NEUR_3659,Hypothalamus,55.16,104.08,Macaca mulatta
NEUR_4965,Cerebellum,91.11,36.46,Danio rerio
NEUR_3930,Hippocampus,142.51,42.66,Rattus norvegicus
NEUR_9166,Amygdala,62.16,65.41,Danio rerio
NEUR_4083,Hypothalamus,52.17,60.93,Macaca mulatta
NEUR_7271,Thalamus,148.19,72.35,Rattus norvegicus
NEUR_7118,Cerebellum,77.96,106.57,Rattus norvegicus
NEUR_3558,Cortex,1.76,72.19,Rattus norvegicus
NEUR_9937,Cortex,148.77,32.98,Macaca mulatta
NEUR_9651,Cortex,116.78,98.39,Mus musculus
NEUR_2251,Hippocampus,50.07,57.01,Mus musculus
NEUR_5509,Hippocampus,62.66,83.6,Danio rerio
NEUR_2118,Striatum,10.04,73.69,Danio rerio
NEUR_7185,Striatum,6.1,46.85,Rattus norvegicus
NEUR_9242,Cerebellum,120.86,85.93,Danio rerio
NEUR_5376,Amygdala,144.82,15.23,Danio rerio
NEUR_7638,Hippocampus,103.98,26.97,Mus musculus
NEUR_2081,Amygdala,16.35,62.94,Danio rerio
NEUR_3544,Thalamus,123.53,28.47,Rattus norvegicus
NEUR_9593,Cortex,1.7,78.54,Rattus norvegicus
NEUR_6590,Striatum,27.96,14.13,Danio rerio
NEUR_3097,Hypothalamus,117.82,11.58,Mus musculus
NEUR_3254,Thalamus,137.16,48.77,Macaca mulatta
NEUR_3880,Hippocampus,145.76,118.66,Danio rerio
NEUR_6680,Cerebellum,24.32,54.48,Danio rerio
NEUR_9294,Cerebellum,94.94,61.56,Macaca mulatta
NEUR_5108,Cortex,22.87,106.26,Danio rerio
NEUR_3888,Amygdala,34.4,85.08,Mus musculus
NEUR_4881,Hypothalamus,90.27,103.63,Danio rerio
NEUR_1942,Amygdala,139.21,41.46,Macaca mulatta
NEUR_1513,Thalamus,15.24,98.3,Macaca mulatta
NEUR_6972,Hypothalamus,92.49,65.69,Rattus norvegicus
NEUR_9059,Cerebellum,139.36,40.11,Mus musculus
NEUR_7265,Amygdala,62.83,91.35,Mus musculus
NEUR_2780,Hypothalamus,52.23,102.01,Macaca mulatta
NEUR_3523,Amygdala,107.35,13.98,Macaca mulatta
NEUR_3840,Striatum,20.88,57.13,Danio rerio
NEUR_7446,Thalamus,106.79,76.29,Mus musculus
NEUR_5098,Thalamus,96.29,105.02,Macaca mulatta
NEUR_2820,Striatum,6.41,46.81,Mus musculus
NEUR_9172,Cortex,114.16,17.15,Mus musculus
NEUR_8351,Thalamus,94.09,111.24,Mus musculus
NEUR_7959,Hippocampus,10.2,71.63,Danio rerio
NEUR_8246,Hypothalamus,50.53,104.45,Danio rerio
NEUR_2074,Amygdala,114.16,16.2,Macaca mulatta
NEUR_7525,Cortex,22.68,14.24,Macaca mulatta
NEUR_1634,Thalamus,5.73,46.35,Mus musculus
NEUR_8552,Cerebellum,82.25,57.18,Rattus norvegicus
NEUR_1434,Hypothalamus,28.24,83.68,Danio rerio
NEUR_4922,Striatum,91.22,31.09,Rattus norvegicus
NEUR_4022,Hypothalamus,46.3,28.41,Danio rerio
NEUR_2107,Thalamus,60.73,55.41,Mus musculus
NEUR_6774,Hypothalamus,11.84,46.31,Macaca mulatta
NEUR_3737,Thalamus,125.97,18.53,Rattus norvegicus
NEUR_2303,Striatum,16.27,21.55,Macaca mulatta
NEUR_3604,Cerebellum,23.65,101.43,Danio rerio
NEUR_9323,Striatum,133.5,95.51,Rattus norvegicus
NEUR_3261,Cerebellum,143.87,63.97,Rattus norvegicus
NEUR_2118,Hippocampus,79.9,48.43,Macaca mulatta
NEUR_8786,Cortex,79.83,101.41,Danio rerio
NEUR_1536,Cortex,22.55,116.24,Macaca mulatta
NEUR_9375,Cerebellum,82.29,31.62,Danio rerio
NEUR_9044,Striatum,11.37,90.62,Danio rerio
NEUR_6204,Hippocampus,145.38,82.98,Danio rerio
NEUR_3040,Hypothalamus,8.27,115.4,Mus musculus
NEUR_5693,Thalamus,105.89,27.55,Mus musculus
NEUR_5685,Hypothalamus,4.4,72.1,Mus musculus
NEUR_3029,Hypothalamus,53.39,81.92,Mus musculus
NEUR_5574,Amygdala,120.78,25.55,Mus musculus
NEUR_6892,Cortex,111.39,52.86,Danio rerio
NEUR_1974,Thalamus,130.7,60.11,Mus musculus
NEUR_7451,Cortex,25.19,99.94,Macaca mulatta
NEUR_5797,Striatum,46.11,37.7,Danio rerio
NEUR_2085,Cerebellum,33.91,51.14,Mus musculus
NEUR_1507,Striatum,40.69,115.64,Danio rerio
NEUR_7796,Amygdala,135.72,41.76,Macaca mulatta
NEUR_2010,Cerebellum,50.09,73.7,Danio rerio
NEUR_8784,Thalamus,57.0,90.19,Rattus norvegicus
NEUR_7545,Cortex,36.14,16.23,Macaca mulatta
NEUR_3266,Thalamus,50.0,51.31,Macaca mulatta
NEUR_3012,Hippocampus,134.58,28.77,Mus musculus
NEUR_4307,Cortex,76.86,43.72,Danio rerio
NEUR_9012,Cortex,121.39,102.01,Macaca mulatta
NEUR_3247,Hippocampus,116.91,102.92,Rattus norvegicus
NEUR_9532,Striatum,140.95,99.87,Rattus norvegicus
NEUR_7657,Thalamus,142.78,77.71,Macaca mulatta
NEUR_7135,Cortex,54.28,119.86,Mus musculus
NEUR_1394,Cerebellum,1.84,88.63,Mus musculus
NEUR_6151,Striatum,12.4,96.08,Rattus norvegicus
NEUR_7118,Amygdala,1.97,53.77,Rattus norvegicus
NEUR_4497,Striatum,55.35,50.28,Macaca mulatta
NEUR_7404,Hippocampus,58.91,26.9,Danio rerio
NEUR_8313,Striatum,68.68,86.67,Danio rerio
NEUR_4076,Cortex,105.84,59.97,Rattus norvegicus
NEUR_3743,Cortex,126.04,52.43,Mus musculus
NEUR_5950,Amygdala,99.68,61.75,Danio rerio
NEUR_2469,Cerebellum,145.69,54.17,Danio rerio
NEUR_8686,Cerebellum,38.6,61.68,Mus musculus
NEUR_5056,Amygdala,144.39,51.71,Danio rerio
NEUR_8711,Amygdala,12.82,42.18,Mus musculus
NEUR_2181,Striatum,100.99,93.81,Mus musculus
NEUR_3631,Thalamus,79.64,103.2,Rattus norvegicus
NEUR_4530,Amygdala,100.85,85.17,Rattus norvegicus
NEUR_9956,Amygdala,35.03,113.62,Macaca mulatta
NEUR_6490,Amygdala,15.21,112.14,Mus musculus
NEUR_2743,Hippocampus,65.38,69.41,Rattus norvegicus
NEUR_6917,Cerebellum,111.54,23.39,Rattus norvegicus
NEUR_6993,Hippocampus,7.1,89.95,Danio rerio
NEUR_9897,Hippocampus,102.84,94.4,Macaca mulatta
NEUR_7233,Hypothalamus,23.15,58.86,Mus musculus
NEUR_8924,Amygdala,113.79,17.66,Mus musculus
NEUR_5074,Cortex,43.02,101.27,Mus musculus
NEUR_8865,Cortex,42.13,99.61,Rattus norvegicus
NEUR_8594,Cerebellum,61.17,68.83,Rattus norvegicus
NEUR_6472,Hypothalamus,52.42,67.07,Mus musculus
NEUR_1544,Striatum,81.39,88.54,Danio rerio
NEUR_8778,Striatum,28.02,68.48,Danio rerio
NEUR_7391,Hypothalamus,8.46,80.75,Mus musculus
NEUR_5638,Amygdala,94.12,94.67,Rattus norvegicus
NEUR_7278,Striatum,16.03,43.53,Rattus norvegicus
NEUR_3113,Cerebellum,95.0,79.66,Rattus norvegicus
NEUR_5100,Cerebellum,16.01,102.27,Mus musculus
NEUR_3735,Hypothalamus,134.14,67.92,Mus musculus
NEUR_3557,Striatum,32.25,81.9,Danio rerio
NEUR_4906,Cortex,119.49,48.81,Macaca mulatta
NEUR_9324,Amygdala,35.71,13.09,Rattus norvegicus
NEUR_5327,Amygdala,7.82,104.02,Danio rerio
NEUR_2740,Thalamus,15.01,110.07,Danio rerio
NEUR_4024,Hypothalamus,149.31,32.48,Mus musculus
NEUR_5375,Cortex,12.05,46.7,Mus musculus
NEUR_9057,Cerebellum,22.44,25.82,Rattus norvegicus
NEUR_9191,Hippocampus,117.2,59.11,Danio rerio
NEUR_3953,Cerebellum,8.77,100.53,Macaca mulatta
NEUR_8718,Hippocampus,105.78,77.45,Macaca mulatta
NEUR_2201,Hypothalamus,78.97,35.53,Danio rerio
NEUR_8172,Cortex,124.11,98.8,Mus musculus
NEUR_5843,Hypothalamus,15.18,70.99,Mus musculus
NEUR_8546,Cortex,34.59,115.04,Rattus norvegicus
NEUR_4312,Amygdala,18.21,31.58,Danio rerio
NEUR_3001,Thalamus,15.75,38.42,Macaca mulatta
NEUR_3849,Cerebellum,5.71,97.25,Mus musculus
NEUR_9137,Hypothalamus,55.47,50.68,Macaca mulatta
NEUR_3507,Striatum,121.59,111.42,Rattus norvegicus
NEUR_1369,Amygdala,127.12,69.13,Rattus norvegicus
NEUR_3956,Thalamus,110.91,53.48,Mus musculus
NEUR_6420,Amygdala,79.2,99.37,Rattus norvegicus
NEUR_9032,Hippocampus,59.87,16.3,Danio rerio
NEUR_8132,Hypothalamus,106.54,32.24,Mus musculus
NEUR_7273,Cortex,88.14,108.29,Danio rerio
NEUR_5425,Cerebellum,118.05,75.83,Danio rerio
NEUR_4110,Amygdala,123.3,61.63,Danio rerio
NEUR_2800,Hippocampus,90.21,49.56,Macaca mulatta
NEUR_7760,Striatum,46.88,89.83,Mus musculus
NEUR_8213,Amygdala,33.86,19.75,Macaca mulatta
NEUR_5005,Thalamus,16.26,12.79,Danio rerio
NEUR_1971,Thalamus,100.59,91.74,Danio rerio
NEUR_5121,Hypothalamus,111.74,22.63,Rattus norvegicus
NEUR_3131,Amygdala,11.14,18.54,Rattus norvegicus
NEUR_9087,Striatum,115.94,55.15,Rattus norvegicus
NEUR_5460,Cortex,18.0,101.63,Mus musculus
NEUR_8132,Cerebellum,79.23,101.87,Rattus norvegicus
NEUR_8133,Thalamus,27.27,63.13,Rattus norvegicus
NEUR_8223,Cerebellum,57.58,74.4,Danio rerio
NEUR_5159,Amygdala,10.26,89.57,Macaca mulatta
NEUR_1910,Hypothalamus,6.06,28.36,Macaca mulatta
NEUR_5809,Thalamus,95.15,70.96,Rattus norvegicus
NEUR_1763,Hippocampus,94.06,28.88,Rattus norvegicus
NEUR_6399,Thalamus,10.4,15.19,Macaca mulatta
NEUR_7119,Hypothalamus,61.66,12.81,Rattus norvegicus
NEUR_2943,Striatum,138.35,59.09,Danio rerio
NEUR_3567,Cerebellum,2.06,22.6,Rattus norvegicus
NEUR_2364,Amygdala,41.55,18.06,Macaca mulatta
NEUR_4021,Cortex,143.47,71.3,Mus musculus
NEUR_4987,Hippocampus,135.04,23.36,Rattus norvegicus
NEUR_7424,Cortex,63.31,28.14,Mus musculus
NEUR_6446,Hypothalamus,17.66,107.92,Danio rerio
NEUR_5605,Cortex,33.68,61.2,Mus musculus
NEUR_4910,Striatum,148.6,17.78,Danio rerio
NEUR_6934,Hypothalamus,7.88,92.73,Danio rerio
NEUR_4471,Hippocampus,134.1,43.41,Danio rerio
NEUR_3513,Amygdala,12.71,107.61,Mus musculus
NEUR_3823,Amygdala,19.36,84.81,Rattus norvegicus
NEUR_6820,Cortex,118.02,56.3,Danio rerio
NEUR_3302,Amygdala,21.11,90.32,Macaca mulatta
NEUR_7291,Hippocampus,34.56,20.52,Macaca mulatta
NEUR_2740,Amygdala,43.28,108.56,Macaca mulatta
NEUR_2802,Hypothalamus,123.67,93.46,Rattus norvegicus
NEUR_7699,Cerebellum,16.03,90.0,Mus musculus
NEUR_3406,Cortex,148.98,24.03,Rattus norvegicus
NEUR_8130,Hypothalamus,88.38,26.26,Macaca mulatta
NEUR_7084,Cerebellum,27.34,65.98,Mus musculus
NEUR_2777,Cortex,33.25,53.81,Mus musculus
NEUR_1710,Cerebellum,59.46,100.42,Mus musculus
NEUR_4522,Striatum,93.63,96.3,Rattus norvegicus
NEUR_8112,Hippocampus,127.6,22.35,Rattus norvegicus
NEUR_6608,Hypothalamus,105.67,71.81,Danio rerio
NEUR_3935,Thalamus,8.67,74.47,Mus musculus
NEUR_3466,Hypothalamus,35.56,75.66,Danio rerio
NEUR_6895,Amygdala,104.91,16.85,Mus musculus
NEUR_5087,Hippocampus,130.71,48.25,Macaca mulatta
NEUR_1716,Hippocampus,11.93,43.0,Macaca mulatta
NEUR_8852,Thalamus,71.22,103.22,Mus musculus
NEUR_6460,Hypothalamus,25.51,102.06,Danio rerio
NEUR_8593,Cerebellum,136.16,23.02,Rattus norvegicus
NEUR_2327,Hypothalamus,48.35,84.22,Danio rerio
NEUR_5877,Hypothalamus,5.29,61.28,Mus musculus
NEUR_7775,Hypothalamus,73.66,49.96,Rattus norvegicus
NEUR_8183,Striatum,6.54,112.3,Macaca mulatta
NEUR_9114,Thalamus,144.16,50.6,Mus musculus
NEUR_3131,Thalamus,105.8,46.26,Mus musculus
NEUR_3044,Striatum,142.09,113.68,Mus musculus
NEUR_4660,Hypothalamus,89.48,91.58,Macaca mulatta
NEUR_2093,Thalamus,76.97,77.86,Rattus norvegicus
NEUR_9277,Hippocampus,106.21,40.94,Danio rerio
NEUR_3489,Hippocampus,33.99,116.66,Rattus norvegicus
NEUR_5253,Thalamus,20.63,99.17,Rattus norvegicus
NEUR_6902,Hypothalamus,147.14,40.75,Mus musculus
NEUR_7689,Hypothalamus,94.27,32.34,Danio rerio
NEUR_8433,Amygdala,44.43,116.75,Rattus norvegicus
NEUR_3006,Amygdala,102.05,17.81,Rattus norvegicus
NEUR_1855,Hippocampus,53.79,103.36,Macaca mulatta
NEUR_4903,Hippocampus,49.42,104.86,Rattus norvegicus
NEUR_4195,Cortex,55.26,46.81,Danio rerio
NEUR_7344,Striatum,44.59,42.28,Mus musculus
NEUR_5108,Amygdala,1.39,21.63,Mus musculus
NEUR_6555,Striatum,134.02,13.41,Danio rerio
NEUR_2833,Cortex,108.35,114.6,Mus musculus
NEUR_1053,Hippocampus,42.18,50.11,Danio rerio
NEUR_3609,Striatum,131.32,104.28,Rattus norvegicus
NEUR_3122,Striatum,92.04,89.71,Danio rerio
NEUR_9849,Hypothalamus,47.97,81.09,Rattus norvegicus
NEUR_6984,Thalamus,31.47,11.83,Macaca mulatta
NEUR_4531,Hypothalamus,68.92,69.96,Mus musculus
NEUR_1492,Cortex,120.43,10.87,Rattus norvegicus
NEUR_5964,Hippocampus,27.25,86.72,Danio rerio
NEUR_6710,Striatum,17.39,92.26,Rattus norvegicus
NEUR_4737,Cortex,0.32,86.89,Mus musculus
NEUR_4641,Cerebellum,14.84,43.21,Mus musculus
NEUR_7999,Thalamus,115.53,75.24,Macaca mulatta
NEUR_3247,Cerebellum,12.78,10.74,Rattus norvegicus
NEUR_5859,Hippocampus,18.02,119.42,Mus musculus
NEUR_2458,Hypothalamus,25.62,11.32,Macaca mulatta
NEUR_1431,Amygdala,72.79,79.3,Rattus norvegicus
NEUR_8532,Striatum,148.72,63.37,Rattus norvegicus
NEUR_4354,Thalamus,87.16,11.64,Danio rerio
NEUR_8882,Cortex,72.29,13.29,Mus musculus
NEUR_5575,Hippocampus,80.16,37.15,Mus musculus
NEUR_3757,Thalamus,58.1,84.56,Danio rerio
NEUR_4983,Hypothalamus,146.16,19.12,Mus musculus
NEUR_3706,Hypothalamus,13.68,47.56,Danio rerio
NEUR_9544,Amygdala,104.79,86.32,Danio rerio
NEUR_2226,Cortex,131.53,48.78,Macaca mulatta
NEUR_4786,Amygdala,31.01,59.0,Rattus norvegicus
NEUR_6773,Cortex,145.54,37.02,Macaca mulatta
NEUR_6869,Hypothalamus,52.13,48.01,Rattus norvegicus
NEUR_1748,Striatum,34.23,30.29,Rattus norvegicus
NEUR_9351,Cerebellum,5.3,105.25,Mus musculus
NEUR_2198,Thalamus,56.12,78.42,Mus musculus
NEUR_5698,Amygdala,30.5,16.49,Macaca mulatta
NEUR_4098,Hippocampus,111.07,12.4,Danio rerio
NEUR_2260,Hippocampus,8.02,19.22,Rattus norvegicus
NEUR_3839,Thalamus,25.71,94.27,Mus musculus
NEUR_5061,Hypothalamus,60.27,85.69,Rattus norvegicus
NEUR_5912,Hypothalamus,83.7,85.69,Danio rerio
NEUR_6382,Striatum,21.83,97.62,Macaca mulatta
NEUR_3888,Thalamus,49.17,21.42,Danio rerio
NEUR_2139,Cortex,147.33,79.52,Macaca mulatta
NEUR_8640,Thalamus,73.99,20.7,Rattus norvegicus
NEUR_5488,Cortex,69.92,53.06,Danio rerio
NEUR_7689,Hypothalamus,93.25,101.98,Danio rerio
NEUR_9037,Cortex,44.56,47.61,Danio rerio
NEUR_2177,Hypothalamus,3.16,76.9,Mus musculus
NEUR_2993,Thalamus,43.07,84.94,Mus musculus
NEUR_9460,Striatum,34.97,112.95,Rattus norvegicus
NEUR_6453,Cortex,120.48,36.68,Mus musculus
NEUR_1368,Amygdala,55.49,63.31,Mus musculus
NEUR_4353,Amygdala,37.75,68.83,Macaca mulatta
NEUR_8416,Amygdala,75.32,95.98,Danio rerio
NEUR_6550,Amygdala,112.3,44.7,Danio rerio
NEUR_5785,Thalamus,128.39,84.44,Danio rerio
NEUR_2016,Hypothalamus,44.81,63.53,Rattus norvegicus
NEUR_3264,Amygdala,66.69,113.3,Macaca mulatta
NEUR_2117,Hippocampus,107.19,10.25,Danio rerio
NEUR_4769,Striatum,52.43,18.43,Danio rerio
NEUR_7182,Cerebellum,128.41,86.24,Danio rerio
NEUR_1638,Thalamus,47.06,44.52,Macaca mulatta
NEUR_7401,Thalamus,142.29,76.06,Macaca mulatta
NEUR_5157,Hippocampus,74.04,29.36,Danio rerio
NEUR_4162,Hippocampus,69.17,62.31,Mus musculus
NEUR_7215,Amygdala,21.53,38.46,Danio rerio
NEUR_9506,Hypothalamus,116.83,114.35,Danio rerio
NEUR_4030,Hippocampus,67.43,90.84,Rattus norvegicus
NEUR_7573,Amygdala,111.79,35.76,Mus musculus
NEUR_2255,Cerebellum,98.05,79.24,Rattus norvegicus
NEUR_8486,Hypothalamus,5.32,97.1,Macaca mulatta
NEUR_4074,Hippocampus,32.27,22.61,Danio rerio
NEUR_4296,Hippocampus,79.41,52.59,Danio rerio
NEUR_5008,Hippocampus,127.92,96.49,Danio rerio
NEUR_1705,Striatum,3.34,97.23,Macaca mulatta
NEUR_4158,Striatum,3.69,40.41,Mus musculus
NEUR_5900,Amygdala,55.27,101.61,Rattus norvegicus
NEUR_9306,Hippocampus,19.6,88.47,Macaca mulatta
NEUR_1269,Hypothalamus,2.53,49.47,Danio rerio
NEUR_4236,Hypothalamus,66.1,61.54,Macaca mulatta
NEUR_2668,Cortex,132.28,92.9,Mus musculus
NEUR_5352,Amygdala,103.33,71.2,Danio rerio
NEUR_1509,Amygdala,126.62,41.29,Rattus norvegicus
NEUR_4759,Cortex,18.07,63.06,Macaca mulatta
NEUR_5607,Cortex,125.17,79.04,Mus musculus
NEUR_4851,Thalamus,37.56,49.95,Macaca mulatta
NEUR_4613,Hippocampus,111.23,44.61,Rattus norvegicus
NEUR_1038,Hippocampus,100.44,52.27,Danio rerio
NEUR_8961,Hippocampus,97.73,88.08,Danio rerio
NEUR_7421,Hypothalamus,61.26,107.89,Mus musculus
NEUR_3476,Amygdala,99.1,77.96,Rattus norvegicus
NEUR_3157,Hypothalamus,78.63,84.04,Mus musculus
NEUR_2740,Thalamus,130.17,34.0,Danio rerio
NEUR_2653,Striatum,16.8,87.62,Danio rerio
NEUR_7354,Hippocampus,79.53,83.73,Macaca mulatta
NEUR_9407,Striatum,116.38,35.73,Rattus norvegicus
NEUR_5445,Hypothalamus,87.66,82.39,Danio rerio
NEUR_5389,Cerebellum,59.56,53.1,Rattus norvegicus
NEUR_2155,Cortex,144.2,60.94,Danio rerio
NEUR_8828,Hippocampus,11.53,111.86,Mus musculus
NEUR_3042,Hypothalamus,11.37,73.7,Macaca mulatta
NEUR_2483,Amygdala,11.18,52.16,Danio rerio
NEUR_4711,Hippocampus,95.86,100.64,Macaca mulatta
NEUR_6277,Cortex,91.21,28.45,Danio rerio
NEUR_5507,Cerebellum,105.11,62.96,Mus musculus
NEUR_1062,Amygdala,143.15,79.7,Rattus norvegicus
NEUR_7886,Hypothalamus,21.05,119.76,Danio rerio
NEUR_5115,Striatum,0.72,27.32,Macaca mulatta
NEUR_6771,Striatum,138.89,22.55,Macaca mulatta
NEUR_3033,Hypothalamus,10.68,36.0,Macaca mulatta
NEUR_2502,Cortex,19.0,51.01,Macaca mulatta
NEUR_4070,Cerebellum,36.36,78.7,Rattus norvegicus
NEUR_7147,Cerebellum,131.88,42.95,Macaca mulatta
NEUR_1920,Cerebellum,16.47,36.6,Macaca mulatta
NEUR_7265,Hippocampus,25.84,27.21,Rattus norvegicus
NEUR_5286,Hypothalamus,0.62,101.25,Rattus norvegicus
NEUR_4543,Striatum,48.77,57.94,Danio rerio
NEUR_6739,Hypothalamus,61.64,22.18,Danio rerio
NEUR_5480,Hippocampus,78.61,79.87,Macaca mulatta
NEUR_7407,Cerebellum,141.38,37.81,Macaca mulatta
NEUR_4318,Hypothalamus,20.72,61.69,Macaca mulatta
NEUR_9530,Cerebellum,101.73,43.69,Macaca mulatta
NEUR_1488,Thalamus,23.91,69.67,Rattus norvegicus
NEUR_2183,Hippocampus,69.34,112.95,Rattus norvegicus
NEUR_9178,Striatum,33.59,15.54,Rattus norvegicus
NEUR_8236,Cortex,73.83,109.36,Mus musculus
NEUR_6558,Hippocampus,82.39,46.18,Rattus norvegicus
NEUR_8138,Striatum,6.33,115.5,Rattus norvegicus
NEUR_7113,Hippocampus,102.52,74.76,Mus musculus
NEUR_2040,Thalamus,68.78,113.81,Rattus norvegicus
NEUR_5803,Cortex,64.49,67.91,Danio rerio
NEUR_4505,Cerebellum,116.0,93.85,Macaca mulatta
NEUR_1258,Cortex,12.9,94.84,Macaca mulatta
NEUR_6205,Striatum,54.55,44.46,Mus musculus
NEUR_5020,Hippocampus,124.36,62.53,Danio rerio
NEUR_3396,Hippocampus,108.25,67.48,Danio rerio
NEUR_7318,Cerebellum,132.7,35.39,Mus musculus
NEUR_7510,Striatum,116.75,35.96,Danio rerio
NEUR_6125,Amygdala,101.23,27.46,Mus musculus
NEUR_4832,Cerebellum,88.47,36.57,Macaca mulatta
NEUR_7438,Striatum,66.78,60.51,Macaca mulatta
NEUR_8056,Striatum,132.51,22.71,Rattus norvegicus
NEUR_5595,Thalamus,2.7,94.46,Mus musculus
NEUR_3172,Cerebellum,73.62,82.37,Macaca mulatta
NEUR_4291,Hypothalamus,59.6,11.12,Rattus norvegicus
NEUR_5598,Cortex,30.56,57.53,Rattus norvegicus
NEUR_6939,Cerebellum,119.74,46.19,Macaca mulatta
NEUR_7474,Hypothalamus,0.71,22.55,Danio rerio
NEUR_9985,Thalamus,85.71,75.47,Mus musculus
NEUR_7598,Thalamus,26.03,65.77,Rattus norvegicus
NEUR_4823,Cerebellum,90.6,29.31,Mus musculus
NEUR_5128,Cerebellum,41.05,111.56,Rattus norvegicus
NEUR_5841,Hippocampus,141.16,40.05,Mus musculus
NEUR_9125,Cerebellum,64.85,32.46,Danio rerio
NEUR_9185,Hypothalamus,145.38,116.54,Rattus norvegicus
NEUR_8622,Striatum,24.18,65.87,Rattus norvegicus
NEUR_7381,Amygdala,6.12,57.84,Danio rerio
NEUR_6432,Striatum,143.27,97.04,Macaca mulatta
NEUR_7453,Cortex,83.41,97.5,Mus musculus
NEUR_5627,Hippocampus,64.06,80.45,Danio rerio
NEUR_5876,Cerebellum,11.89,33.3,Danio rerio
NEUR_2130,Thalamus,140.79,102.78,Macaca mulatta
NEUR_9607,Hippocampus,90.48,59.39,Macaca mulatta
NEUR_9210,Amygdala,125.33,49.08,Rattus norvegicus
NEUR_2763,Striatum,67.2,33.6,Macaca mulatta
NEUR_3243,Thalamus,8.16,106.14,Mus musculus
NEUR_2693,Thalamus,50.65,98.19,Macaca mulatta
NEUR_6558,Thalamus,99.43,77.81,Mus musculus
NEUR_9697,Thalamus,94.77,113.89,Mus musculus
NEUR_7822,Hypothalamus,104.95,89.39,Macaca mulatta
NEUR_4641,Hippocampus,41.83,117.6,Danio rerio
NEUR_6255,Hypothalamus,101.59,104.89,Mus musculus
NEUR_9324,Hippocampus,33.77,117.43,Danio rerio
NEUR_1790,Striatum,139.3,59.49,Macaca mulatta
NEUR_8322,Hippocampus,74.97,98.53,Mus musculus
NEUR_2250,Hippocampus,89.1,101.91,Mus musculus
NEUR_1718,Thalamus,147.39,72.12,Rattus norvegicus
NEUR_3208,Thalamus,115.59,25.93,Macaca mulatta
NEUR_5613,Cerebellum,116.5,11.35,Danio rerio
NEUR_8036,Hypothalamus,116.33,55.34,Mus musculus
NEUR_1736,Cerebellum,93.44,56.39,Danio rerio
NEUR_8795,Amygdala,64.38,14.59,Macaca mulatta
NEUR_4404,Hippocampus,11.49,46.37,Danio rerio
NEUR_4455,Hippocampus,22.85,37.12,Macaca mulatta
NEUR_3304,Hypothalamus,116.24,79.92,Danio rerio
NEUR_5579,Hippocampus,78.62,108.78,Danio rerio
NEUR_1136,Thalamus,82.19,85.24,Macaca mulatta
NEUR_2312,Amygdala,82.2,92.4,Mus musculus
NEUR_7145,Thalamus,55.72,118.08,Danio rerio
NEUR_3381,Striatum,64.32,40.88,Danio rerio
NEUR_8763,Thalamus,133.64,27.24,Macaca mulatta
NEUR_2426,Cerebellum,52.19,70.45,Danio rerio
NEUR_2382,Striatum,98.09,35.16,Macaca mulatta
NEUR_6968,Hypothalamus,109.28,108.95,Danio rerio
NEUR_2530,Cerebellum,110.22,29.42,Rattus norvegicus
NEUR_8824,Cerebellum,101.09,53.77,Danio rerio
NEUR_7478,Cerebellum,2.64,33.76,Rattus norvegicus
NEUR_9576,Hippocampus,68.12,81.39,Macaca mulatta
NEUR_2379,Hippocampus,76.9,64.07,Mus musculus
NEUR_5153,Cerebellum,7.66,86.01,Rattus norvegicus
NEUR_5302,Hypothalamus,75.86,25.17,Mus musculus
NEUR_5549,Amygdala,23.14,56.39,Danio rerio
NEUR_6694,Striatum,123.23,56.49,Rattus norvegicus
NEUR_9186,Cortex,25.63,44.9,Mus musculus
NEUR_4423,Cerebellum,51.87,57.45,Mus musculus
NEUR_1327,Thalamus,143.6,26.06,Mus musculus
NEUR_4680,Hypothalamus,31.81,44.5,Rattus norvegicus
NEUR_8852,Amygdala,69.65,30.58,Macaca mulatta
NEUR_9466,Cerebellum,129.62,23.62,Mus musculus
NEUR_5012,Hippocampus,41.8,21.4,Macaca mulatta
NEUR_2737,Cortex,45.91,27.7,Macaca mulatta
NEUR_7638,Thalamus,10.08,34.11,Danio rerio
NEUR_1658,Striatum,93.35,91.3,Macaca mulatta
NEUR_2013,Thalamus,100.3,50.51,Rattus norvegicus
NEUR_6485,Cortex,18.94,110.77,Danio rerio
NEUR_2612,Amygdala,114.85,38.33,Rattus norvegicus
NEUR_6967,Cortex,16.27,39.07,Mus musculus
NEUR_7382,Cortex,4.86,117.63,Danio rerio
NEUR_1369,Amygdala,109.74,42.25,Mus musculus
NEUR_9848,Thalamus,55.39,75.11,Macaca mulatta
NEUR_2289,Cortex,149.03,52.45,Mus musculus
NEUR_6802,Cortex,58.79,55.8,Macaca mulatta
NEUR_5383,Hypothalamus,144.54,76.06,Mus musculus
NEUR_3127,Cerebellum,53.07,103.44,Rattus norvegicus
NEUR_7202,Amygdala,113.41,31.09,Rattus norvegicus
NEUR_5426,Hypothalamus,89.49,85.62,Mus musculus
NEUR_5639,Amygdala,5.34,77.08,Mus musculus
NEUR_2142,Thalamus,92.48,62.31,Mus musculus
NEUR_6999,Cortex,20.29,73.96,Macaca mulatta
NEUR_6115,Striatum,106.37,72.94,Mus musculus
NEUR_7229,Cortex,65.92,70.86,Macaca mulatta
NEUR_3805,Thalamus,94.41,69.25,Rattus norvegicus
NEUR_8999,Hypothalamus,142.47,114.58,Mus musculus
NEUR_6638,Amygdala,84.33,91.82,Mus musculus
NEUR_4013,Hypothalamus,8.56,61.97,Danio rerio
NEUR_3023,Hypothalamus,116.32,16.13,Danio rerio
NEUR_6821,Amygdala,84.36,69.78,Macaca mulatta
NEUR_6025,Cortex,9.6,95.39,Macaca mulatta
NEUR_8552,Striatum,60.07,32.89,Macaca mulatta
NEUR_4805,Thalamus,87.25,27.0,Mus musculus
NEUR_9617,Cerebellum,74.69,62.31,Mus musculus
NEUR_2549,Thalamus,74.08,12.9,Macaca mulatta
NEUR_1419,Cerebellum,6.57,80.19,Macaca mulatta
NEUR_9532,Hippocampus,9.19,17.17,Rattus norvegicus
NEUR_5907,Cerebellum,31.53,57.25,Danio rerio
NEUR_2090,Hippocampus,49.2,115.71,Danio rerio
NEUR_1367,Cerebellum,67.08,42.35,Rattus norvegicus
NEUR_3929,Hippocampus,28.7,76.26,Danio rerio
NEUR_5309,Striatum,107.95,44.56,Mus musculus
NEUR_5068,Cerebellum,93.71,41.68,Mus musculus
NEUR_9738,Hypothalamus,40.22,113.6,Mus musculus
NEUR_8198,Thalamus,94.36,46.51,Mus musculus
NEUR_1273,Thalamus,143.62,108.63,Rattus norvegicus
NEUR_5080,Hippocampus,8.01,72.63,Rattus norvegicus
NEUR_4597,Hypothalamus,70.68,30.88,Macaca mulatta
NEUR_1138,Hypothalamus,115.19,24.43,Mus musculus
NEUR_6675,Cortex,63.92,80.87,Mus musculus
NEUR_3058,Amygdala,95.6,46.58,Macaca mulatta
NEUR_1642,Striatum,67.36,82.81,Danio rerio
NEUR_5423,Amygdala,82.71,45.0,Rattus norvegicus
NEUR_3569,Cortex,77.39,11.76,Mus musculus
NEUR_9666,Cortex,114.74,80.12,Rattus norvegicus
NEUR_3898,Hypothalamus,111.19,118.91,Rattus norvegicus
NEUR_6640,Cortex,100.28,75.72,Danio rerio
NEUR_6405,Cortex,126.64,78.29,Rattus norvegicus
NEUR_2788,Cortex,81.25,37.13,Danio rerio
NEUR_6096,Hippocampus,110.6,42.66,Rattus norvegicus
NEUR_4998,Hypothalamus,108.02,82.92,Macaca mulatta
NEUR_2809,Striatum,93.0,117.03,Mus musculus
NEUR_3772,Thalamus,91.88,114.16,Macaca mulatta
NEUR_7840,Striatum,99.81,43.92,Danio rerio
NEUR_4915,Cerebellum,136.43,73.72,Rattus norvegicus
NEUR_9626,Thalamus,141.0,38.4,Mus musculus
NEUR_9938,Amygdala,19.28,61.08,Mus musculus
NEUR_2427,Hypothalamus,47.09,42.75,Rattus norvegicus
NEUR_3663,Striatum,38.69,29.64,Macaca mulatta
NEUR_1735,Striatum,6.08,111.58,Mus musculus
NEUR_8404,Thalamus,111.71,107.67,Macaca mulatta
NEUR_1410,Amygdala,104.83,88.4,Danio rerio
NEUR_7058,Thalamus,36.12,114.02,Danio rerio
NEUR_7131,Amygdala,41.26,99.55,Rattus norvegicus
NEUR_7316,Amygdala,95.55,66.27,Danio rerio
NEUR_9493,Cortex,133.31,54.59,Danio rerio
NEUR_5994,Amygdala,128.02,22.44,Macaca mulatta
NEUR_8342,Cerebellum,4.3,88.81,Rattus norvegicus
NEUR_8203,Cerebellum,109.61,21.03,Rattus norvegicus
NEUR_2772,Cortex,127.16,49.59,Macaca mulatta
NEUR_7125,Hypothalamus,102.12,28.6,Mus musculus
NEUR_9595,Amygdala,121.85,65.04,Mus musculus
NEUR_6341,Amygdala,111.86,88.58,Macaca mulatta
NEUR_6974,Amygdala,14.66,59.19,Macaca mulatta
NEUR_6301,Thalamus,16.23,102.69,Danio rerio
NEUR_1071,Amygdala,15.8,55.54,Danio rerio
NEUR_2038,Cortex,77.19,86.76,Macaca mulatta
NEUR_8118,Striatum,91.86,88.66,Mus musculus
NEUR_1607,Thalamus,72.88,48.0,Danio rerio
NEUR_7000,Hippocampus,144.42,37.52,Mus musculus
NEUR_6183,Cerebellum,125.59,53.17,Mus musculus
NEUR_4132,Cerebellum,148.14,73.5,Mus musculus
NEUR_9522,Amygdala,146.97,69.37,Rattus norvegicus
NEUR_7851,Thalamus,38.79,104.73,Danio rerio
NEUR_2056,Amygdala,60.86,10.96,Rattus norvegicus
NEUR_4484,Amygdala,18.99,15.96,Macaca mulatta
NEUR_9182,Cortex,74.27,74.42,Rattus norvegicus
NEUR_1354,Cerebellum,19.36,113.65,Mus musculus
NEUR_1198,Cerebellum,108.32,66.78,Macaca mulatta
NEUR_3670,Striatum,18.92,61.15,Mus musculus
NEUR_9310,Amygdala,50.7,60.87,Macaca mulatta
NEUR_4054,Hypothalamus,120.62,38.59,Mus musculus
NEUR_6611,Thalamus,94.37,109.8,Danio rerio
NEUR_9971,Cerebellum,92.64,66.55,Danio rerio
NEUR_8583,Cortex,138.1,101.65,Macaca mulatta
NEUR_8905,Hippocampus,52.24,23.51,Mus musculus
NEUR_3393,Thalamus,144.51,12.22,Macaca mulatta
NEUR_8944,Thalamus,71.54,58.51,Rattus norvegicus
NEUR_6197,Hippocampus,138.92,45.17,Rattus norvegicus
NEUR_6536,Striatum,23.07,11.8,Rattus norvegicus
NEUR_7077,Cortex,37.73,78.4,Mus musculus
NEUR_8423,Amygdala,61.36,46.21,Macaca mulatta
NEUR_9224,Striatum,42.7,29.03,Macaca mulatta
NEUR_8611,Cerebellum,149.34,28.75,Macaca mulatta
NEUR_1575,Striatum,66.42,91.88,Danio rerio
NEUR_6963,Cortex,62.63,10.48,Macaca mulatta
NEUR_3729,Hippocampus,76.95,93.32,Macaca mulatta
NEUR_5363,Thalamus,28.21,52.08,Mus musculus
NEUR_6019,Cortex,137.36,23.5,Macaca mulatta
NEUR_4548,Cerebellum,86.32,99.72,Danio rerio
NEUR_4817,Cortex,33.51,59.16,Danio rerio
NEUR_7818,Cerebellum,56.91,46.42,Macaca mulatta
NEUR_2483,Striatum,64.0,53.36,Mus musculus
NEUR_8939,Hippocampus,6.71,35.64,Macaca mulatta
NEUR_8371,Cerebellum,40.4,59.65,Mus musculus
NEUR_9809,Hippocampus,72.96,24.52,Rattus norvegicus
NEUR_6786,Thalamus,49.53,85.89,Mus musculus
NEUR_3610,Hippocampus,96.05,37.68,Danio rerio
NEUR_8404,Hippocampus,50.61,104.09,Danio rerio
NEUR_3457,Cortex,92.84,79.21,Rattus norvegicus
NEUR_4541,Amygdala,49.89,21.53,Macaca mulatta
NEUR_1388,Hippocampus,15.92,70.8,Mus musculus
NEUR_9468,Cortex,14.52,91.0,Rattus norvegicus
NEUR_9116,Cerebellum,134.1,19.04,Mus musculus
NEUR_8408,Thalamus,112.25,106.7,Mus musculus
NEUR_2780,Thalamus,46.68,116.45,Macaca mulatta
NEUR_3127,Cortex,53.9,71.73,Macaca mulatta
NEUR_5570,Amygdala,142.91,105.84,Mus musculus
NEUR_3483,Hippocampus,47.92,95.27,Mus musculus
NEUR_3733,Amygdala,43.74,104.98,Danio rerio
NEUR_5885,Hippocampus,43.23,41.41,Danio rerio
NEUR_2473,Thalamus,106.78,52.45,Mus musculus
NEUR_6975,Striatum,76.77,81.6,Rattus norvegicus
NEUR_5745,Striatum,139.53,19.82,Mus musculus
NEUR_2533,Hypothalamus,58.9,110.41,Danio rerio
NEUR_7847,Hypothalamus,15.16,93.08,Mus musculus
NEUR_7811,Hippocampus,92.23,84.83,Danio rerio
NEUR_5266,Cerebellum,88.1,12.91,Danio rerio
NEUR_1494,Hypothalamus,127.69,80.16,Danio rerio
NEUR_6122,Hippocampus,110.79,30.94,Macaca mulatta
NEUR_3747,Amygdala,139.94,44.8,Mus musculus
NEUR_6674,Thalamus,78.43,83.17,Danio rerio
NEUR_5443,Amygdala,34.19,87.46,Macaca mulatta
NEUR_1508,Hypothalamus,47.63,62.51,Danio rerio
NEUR_4902,Striatum,40.55,88.09,Rattus norvegicus
NEUR_3822,Thalamus,84.61,56.37,Macaca mulatta
NEUR_6990,Hippocampus,83.89,119.84,Danio rerio
NEUR_6067,Hypothalamus,6.18,96.6,Rattus norvegicus
NEUR_9012,Hippocampus,84.01,108.64,Rattus norvegicus
NEUR_2148,Cortex,134.97,96.41,Mus musculus
NEUR_1975,Cortex,46.9,103.62,Rattus norvegicus
NEUR_3496,Cortex,4.53,89.68,Rattus norvegicus
NEUR_7711,Striatum,126.34,59.28,Rattus norvegicus
NEUR_9386,Amygdala,132.53,114.94,Macaca mulatta
NEUR_2242,Cortex,140.06,87.91,Mus musculus
NEUR_4216,Cortex,72.2,66.8,Mus musculus
NEUR_7053,Striatum,28.64,21.18,Rattus norvegicus
NEUR_3106,Amygdala,135.65,13.77,Rattus norvegicus
NEUR_2346,Hippocampus,128.49,48.32,Macaca mulatta
NEUR_5826,Hippocampus,125.49,87.08,Rattus norvegicus
NEUR_3888,Striatum,141.95,51.41,Danio rerio
NEUR_2230,Amygdala,81.72,45.29,Mus musculus
NEUR_7842,Amygdala,32.07,82.07,Mus musculus
NEUR_9194,Cortex,101.98,96.05,Rattus norvegicus
NEUR_8147,Cortex,109.12,111.73,Macaca mulatta
NEUR_3730,Thalamus,105.64,103.5,Macaca mulatta
NEUR_9759,Cerebellum,124.26,81.3,Danio rerio
NEUR_5168,Hippocampus,115.86,77.17,Rattus norvegicus
NEUR_8849,Hippocampus,89.0,51.99,Danio rerio
NEUR_2423,Cerebellum,68.06,55.21,Rattus norvegicus
NEUR_9795,Cortex,101.56,45.02,Danio rerio
NEUR_9174,Hippocampus,36.25,36.78,Rattus norvegicus
NEUR_2796,Cerebellum,86.42,12.2,Macaca mulatta
NEUR_7895,Cortex,56.93,78.49,Mus musculus
NEUR_4553,Striatum,141.9,71.67,Danio rerio
NEUR_1182,Hippocampus,108.46,62.22,Macaca mulatta
NEUR_3166,Amygdala,26.03,77.64,Rattus norvegicus
NEUR_5417,Cortex,5.69,67.04,Rattus norvegicus
NEUR_8139,Cerebellum,39.36,92.68,Danio rerio
NEUR_3325,Hypothalamus,105.8,38.21,Mus musculus
NEUR_3226,Striatum,4.33,70.51,Rattus norvegicus
NEUR_8793,Cortex,84.68,14.8,Rattus norvegicus
NEUR_5086,Cerebellum,147.96,51.17,Macaca mulatta
NEUR_9368,Amygdala,137.73,40.74,Macaca mulatta
NEUR_8443,Cerebellum,93.76,67.13,Rattus norvegicus
NEUR_3973,Amygdala,36.66,77.65,Mus musculus
NEUR_8580,Hypothalamus,75.06,84.85,Mus musculus
NEUR_3977,Hypothalamus,78.41,23.23,Rattus norvegicus
NEUR_7007,Cerebellum,115.43,87.65,Mus musculus
NEUR_8192,Hypothalamus,93.09,24.17,Rattus norvegicus
NEUR_5977,Striatum,25.81,100.76,Danio rerio
NEUR_9384,Cortex,80.15,44.24,Mus musculus
NEUR_5363,Amygdala,131.66,23.01,Rattus norvegicus
NEUR_7038,Thalamus,29.07,80.18,Rattus norvegicus
NEUR_4827,Thalamus,36.74,76.14,Macaca mulatta
NEUR_2071,Amygdala,43.86,97.83,Danio rerio
NEUR_1091,Hippocampus,76.13,58.47,Macaca mulatta
NEUR_1165,Striatum,44.67,70.98,Mus musculus
NEUR_7172,Amygdala,92.21,47.16,Mus musculus
NEUR_1293,Amygdala,102.78,93.93,Rattus norvegicus
NEUR_7083,Cerebellum,18.68,29.57,Macaca mulatta
NEUR_5415,Cortex,133.67,40.3,Danio rerio
NEUR_2199,Striatum,137.81,119.32,Rattus norvegicus
NEUR_4914,Thalamus,47.33,47.41,Macaca mulatta
NEUR_5982,Cerebellum,39.02,76.75,Macaca mulatta
NEUR_3963,Hippocampus,54.29,15.21,Rattus norvegicus
NEUR_2855,Cortex,89.25,27.27,Rattus norvegicus
NEUR_5744,Amygdala,80.7,60.25,Macaca mulatta
NEUR_8524,Striatum,107.87,85.01,Rattus norvegicus
NEUR_7984,Cortex,4.51,81.36,Macaca mulatta
NEUR_2240,Cortex,90.1,15.25,Danio rerio
NEUR_4817,Cerebellum,76.33,11.79,Mus musculus
NEUR_2064,Cortex,44.19,74.83,Danio rerio
NEUR_9121,Hypothalamus,137.0,55.49,Macaca mulatta
NEUR_3906,Cerebellum,62.1,89.36,Mus musculus
NEUR_5976,Thalamus,26.25,103.09,Danio rerio
NEUR_6360,Cerebellum,128.2,47.36,Rattus norvegicus
NEUR_8653,Cortex,64.08,12.37,Macaca mulatta
NEUR_9255,Hypothalamus,94.87,41.55,Danio rerio
NEUR_2293,Striatum,72.61,34.35,Macaca mulatta
NEUR_1443,Hippocampus,3.15,35.04,Rattus norvegicus
NEUR_3250,Hippocampus,123.45,59.31,Danio rerio
NEUR_8135,Cerebellum,39.32,40.66,Danio rerio
NEUR_5982,Hippocampus,116.43,70.59,Danio rerio
NEUR_7030,Thalamus,138.84,108.66,Macaca mulatta
NEUR_2863,Cerebellum,142.39,11.58,Rattus norvegicus
NEUR_2349,Cortex,9.38,59.68,Macaca mulatta
NEUR_7345,Striatum,3.5,91.05,Rattus norvegicus
NEUR_4313,Striatum,112.65,73.69,Macaca mulatta
NEUR_6013,Cortex,65.95,56.41,Danio rerio
NEUR_4982,Cortex,11.49,53.25,Rattus norvegicus
NEUR_9211,Hippocampus,32.84,75.0,Mus musculus
NEUR_7819,Thalamus,126.25,49.64,Macaca mulatta
NEUR_3295,Amygdala,17.74,49.19,Rattus norvegicus
NEUR_4158,Thalamus,100.24,34.19,Mus musculus
NEUR_7326,Cortex,43.48,10.41,Danio rerio
NEUR_7457,Cerebellum,131.31,64.8,Danio rerio
NEUR_3994,Hippocampus,66.52,44.27,Mus musculus
NEUR_3015,Hypothalamus,19.59,31.57,Rattus norvegicus
NEUR_8712,Hippocampus,23.27,119.03,Rattus norvegicus
NEUR_3236,Thalamus,59.66,31.96,Mus musculus
NEUR_9543,Cortex,28.33,26.97,Macaca mulatta
NEUR_1166,Hypothalamus,36.64,98.4,Rattus norvegicus
NEUR_9969,Cerebellum,53.69,119.43,Mus musculus
NEUR_3305,Striatum,117.84,59.66,Macaca mulatta
NEUR_6002,Hypothalamus,143.31,66.36,Rattus norvegicus
NEUR_3997,Hippocampus,132.61,64.97,Macaca mulatta
NEUR_2060,Striatum,90.45,53.25,Rattus norvegicus
NEUR_7753,Hypothalamus,28.33,38.7,Rattus norvegicus
NEUR_3121,Hippocampus,82.4,77.94,Macaca mulatta
NEUR_2903,Hippocampus,104.93,16.98,Mus musculus
NEUR_1193,Thalamus,95.3,52.73,Macaca mulatta
NEUR_4154,Cerebellum,135.36,10.91,Macaca mulatta
NEUR_8865,Thalamus,2.14,29.05,Rattus norvegicus
NEUR_6000,Cerebellum,68.69,25.6,Macaca mulatta
NEUR_8362,Cortex,138.38,99.1,Danio rerio
NEUR_4190,Cortex,83.96,17.07,Rattus norvegicus
NEUR_7168,Thalamus,92.42,87.24,Rattus norvegicus
NEUR_2406,Hippocampus,14.83,62.18,Macaca mulatta
NEUR_4563,Amygdala,51.63,28.29,Danio rerio
NEUR_9645,Hippocampus,99.12,87.95,Mus musculus
NEUR_8039,Cortex,121.3,80.5,Danio rerio
NEUR_7735,Hypothalamus,61.88,91.48,Mus musculus
NEUR_5243,Striatum,7.4,73.77,Rattus norvegicus
NEUR_3111,Cerebellum,98.63,83.33,Rattus norvegicus
NEUR_1185,Cortex,99.9,101.03,Danio rerio
NEUR_5886,Cortex,23.7,38.53,Mus musculus
NEUR_3172,Cortex,118.32,90.17,Danio rerio
NEUR_1534,Striatum,63.3,83.45,Danio rerio
NEUR_5614,Amygdala,125.21,84.43,Danio rerio
NEUR_7208,Thalamus,145.76,105.76,Danio rerio
NEUR_9700,Cerebellum,32.02,12.25,Rattus norvegicus
NEUR_6306,Thalamus,9.01,11.89,Rattus norvegicus
NEUR_6580,Hypothalamus,72.25,33.08,Danio rerio
NEUR_9125,Hypothalamus,33.4,16.44,Mus musculus
NEUR_9586,Hypothalamus,134.58,77.72,Macaca mulatta
NEUR_6058,Hippocampus,61.55,25.98,Mus musculus
NEUR_5741,Cerebellum,100.08,98.04,Danio rerio
NEUR_7098,Hypothalamus,44.96,75.45,Rattus norvegicus
NEUR_9316,Hypothalamus,120.31,97.57,Danio rerio
NEUR_6427,Hippocampus,117.72,40.36,Rattus norvegicus
NEUR_5308,Amygdala,30.37,63.34,Rattus norvegicus
NEUR_6838,Amygdala,109.87,36.22,Rattus norvegicus
NEUR_6846,Hippocampus,20.82,105.34,Danio rerio
NEUR_3214,Hypothalamus,31.76,69.97,Mus musculus
NEUR_2206,Thalamus,59.61,82.07,Danio rerio
NEUR_3840,Cortex,130.31,43.48,Macaca mulatta
NEUR_5415,Cortex,98.49,86.26,Danio rerio
NEUR_3073,Thalamus,101.97,96.4,Mus musculus
NEUR_9033,Thalamus,118.32,27.24,Rattus norvegicus
NEUR_2288,Cortex,28.66,68.36,Danio rerio
NEUR_3685,Hippocampus,102.47,97.59,Rattus norvegicus
NEUR_5838,Cerebellum,69.89,73.61,Mus musculus
NEUR_2299,Cortex,64.19,105.79,Macaca mulatta
NEUR_4008,Thalamus,50.31,113.78,Macaca mulatta
NEUR_6522,Cerebellum,46.23,104.38,Danio rerio
NEUR_8139,Thalamus,118.8,30.42,Danio rerio
NEUR_9783,Cortex,2.78,61.48,Rattus norvegicus
NEUR_1736,Thalamus,112.61,111.19,Macaca mulatta
NEUR_2666,Amygdala,94.17,11.65,Macaca mulatta
NEUR_1214,Thalamus,106.66,63.76,Macaca mulatta
NEUR_4604,Hippocampus,19.28,97.05,Mus musculus
NEUR_3875,Cortex,2.01,107.03,Danio rerio
NEUR_8819,Cerebellum,113.97,67.69,Danio rerio
NEUR_3388,Cerebellum,16.36,74.14,Danio rerio
NEUR_5638,Hypothalamus,51.88,111.8,Mus musculus
NEUR_6770,Cortex,146.05,118.29,Mus musculus
NEUR_2700,Cortex,72.09,118.87,Danio rerio
NEUR_9649,Hypothalamus,18.48,109.96,Rattus norvegicus
NEUR_5256,Amygdala,86.89,115.44,Mus musculus
NEUR_7792,Hippocampus,147.6,37.04,Mus musculus
NEUR_8456,Hypothalamus,124.86,15.9,Rattus norvegicus
NEUR_4135,Hypothalamus,144.38,71.35,Danio rerio
NEUR_7375,Amygdala,48.04,14.35,Mus musculus
NEUR_3788,Thalamus,115.74,38.21,Danio rerio
NEUR_1656,Hypothalamus,22.1,101.09,Macaca mulatta
NEUR_5667,Thalamus,55.37,58.85,Mus musculus
NEUR_5000,Striatum,85.3,116.89,Mus musculus
NEUR_9597,Thalamus,62.03,81.77,Rattus norvegicus
NEUR_3937,Hippocampus,115.62,96.54,Mus musculus
NEUR_8908,Amygdala,64.27,25.49,Rattus norvegicus
NEUR_4288,Hippocampus,98.34,87.05,Danio rerio
NEUR_1850,Hypothalamus,75.6,39.86,Mus musculus
NEUR_9926,Cortex,20.05,32.4,Rattus norvegicus
NEUR_2188,Thalamus,144.51,101.98,Macaca mulatta
NEUR_5537,Cerebellum,100.9,58.06,Danio rerio
NEUR_7202,Hippocampus,93.23,83.51,Rattus norvegicus
NEUR_4048,Thalamus,133.38,89.1,Macaca mulatta
NEUR_2135,Hippocampus,143.69,39.88,Macaca mulatta
NEUR_6086,Cerebellum,113.3,10.29,Rattus norvegicus
NEUR_7108,Thalamus,90.32,31.38,Mus musculus
NEUR_7706,Cortex,0.27,68.59,Rattus norvegicus
NEUR_6812,Striatum,55.44,68.06,Mus musculus
NEUR_1340,Amygdala,129.94,56.92,Macaca mulatta
NEUR_7685,Striatum,125.9,103.98,Rattus norvegicus
NEUR_7110,Striatum,18.14,60.88,Danio rerio
NEUR_3744,Cortex,86.32,40.36,Macaca mulatta
NEUR_7829,Striatum,24.73,27.96,Danio rerio
NEUR_2488,Cerebellum,83.42,27.76,Danio rerio
NEUR_9696,Thalamus,56.67,111.67,Danio rerio
NEUR_9286,Cortex,137.53,79.06,Danio rerio
NEUR_8269,Cerebellum,100.86,55.49,Macaca mulatta
NEUR_6907,Amygdala,145.97,45.13,Danio rerio
NEUR_8800,Striatum,11.64,40.65,Macaca mulatta
NEUR_7243,Cerebellum,116.93,85.33,Danio rerio
NEUR_9160,Striatum,146.46,75.08,Rattus norvegicus
NEUR_5060,Cortex,25.06,73.95,Mus musculus
NEUR_8582,Cortex,94.1,24.31,Danio rerio
NEUR_8315,Amygdala,24.52,78.07,Rattus norvegicus
NEUR_7301,Hippocampus,18.99,25.87,Rattus norvegicus
NEUR_7766,Cerebellum,19.16,105.13,Macaca mulatta
NEUR_6812,Cortex,1.91,93.98,Rattus norvegicus
NEUR_7133,Striatum,22.24,90.56,Mus musculus
NEUR_3297,Thalamus,32.85,33.18,Macaca mulatta
NEUR_8516,Hypothalamus,68.35,108.93,Macaca mulatta
NEUR_3239,Hippocampus,108.33,96.29,Danio rerio
NEUR_7533,Cortex,27.35,34.9,Macaca mulatta
NEUR_1242,Hypothalamus,43.45,83.4,Mus musculus
NEUR_5319,Hypothalamus,55.48,106.96,Rattus norvegicus
NEUR_1288,Hypothalamus,58.01,95.32,Danio rerio
NEUR_8622,Hippocampus,44.73,92.66,Macaca mulatta
NEUR_3137,Striatum,73.07,31.75,Macaca mulatta
NEUR_7081,Hypothalamus,95.44,40.82,Mus musculus
NEUR_1440,Cerebellum,51.83,109.18,Macaca mulatta
NEUR_8310,Cerebellum,126.66,93.0,Mus musculus
NEUR_4281,Striatum,44.01,90.88,Mus musculus
NEUR_1645,Cerebellum,29.34,33.8,Mus musculus
NEUR_4498,Cortex,37.45,33.3,Macaca mulatta
NEUR_7502,Hippocampus,107.44,108.97,Macaca mulatta
NEUR_4812,Cortex,1.13,29.03,Rattus norvegicus
NEUR_7350,Striatum,117.58,75.69,Macaca mulatta
NEUR_8003,Cortex,140.93,85.05,Rattus norvegicus
NEUR_2319,Hippocampus,26.9,23.38,Mus musculus
NEUR_8987,Striatum,103.01,75.21,Mus musculus
NEUR_7416,Hypothalamus,33.04,26.94,Rattus norvegicus
NEUR_2884,Hippocampus,20.06,52.05,Rattus norvegicus
NEUR_9074,Thalamus,16.24,39.39,Rattus norvegicus
NEUR_1320,Hippocampus,7.48,96.17,Macaca mulatta
NEUR_9961,Amygdala,37.94,66.53,Rattus norvegicus
NEUR_5482,Thalamus,81.4,19.09,Rattus norvegicus
NEUR_4047,Cerebellum,102.55,34.44,Rattus norvegicus
NEUR_3953,Amygdala,105.1,90.27,Macaca mulatta
NEUR_4074,Cerebellum,25.9,85.61,Mus musculus
NEUR_6545,Amygdala,31.33,47.74,Macaca mulatta
NEUR_3578,Cortex,26.62,13.63,Danio rerio
NEUR_1721,Hippocampus,37.23,15.75,Rattus norvegicus
NEUR_7388,Hypothalamus,142.87,93.62,Mus musculus
NEUR_3067,Amygdala,31.32,91.96,Danio rerio
NEUR_1225,Cerebellum,118.43,57.4,Mus musculus
NEUR_4034,Hippocampus,0.85,75.29,Mus musculus
NEUR_5172,Hypothalamus,107.33,62.03,Mus musculus
NEUR_3503,Cerebellum,67.92,49.32,Macaca mulatta
NEUR_1311,Cortex,12.32,77.09,Mus musculus
NEUR_4859,Hypothalamus,41.56,78.99,Danio rerio
NEUR_9783,Amygdala,110.72,87.93,Rattus norvegicus
NEUR_5870,Cerebellum,122.85,40.03,Rattus norvegicus
NEUR_6312,Striatum,97.81,66.3,Mus musculus
NEUR_5206,Cortex,126.12,46.05,Mus musculus
NEUR_7619,Hypothalamus,88.36,112.63,Rattus norvegicus
NEUR_7768,Thalamus,130.27,68.64,Mus musculus
NEUR_1217,Cerebellum,100.5,110.48,Mus musculus
NEUR_2102,Amygdala,121.47,48.09,Macaca mulatta
NEUR_4484,Cerebellum,121.37,59.21,Macaca mulatta
NEUR_3096,Thalamus,77.89,36.3,Danio rerio
NEUR_8233,Hypothalamus,115.01,28.37,Rattus norvegicus
NEUR_5110,Thalamus,46.18,119.74,Rattus norvegicus
NEUR_1096,Cerebellum,73.25,33.05,Danio rerio
NEUR_9299,Amygdala,113.55,97.82,Danio rerio
NEUR_3995,Hippocampus,110.52,107.66,Danio rerio
NEUR_4874,Striatum,98.63,74.18,Macaca mulatta
NEUR_8589,Cerebellum,101.66,77.09,Rattus norvegicus
NEUR_7617,Thalamus,70.96,68.58,Macaca mulatta
NEUR_5315,Cortex,142.52,35.05,Rattus norvegicus
NEUR_6324,Striatum,18.56,32.45,Mus musculus
NEUR_7125,Cerebellum,149.14,99.6,Danio rerio
NEUR_4998,Hippocampus,64.24,57.08,Danio rerio
NEUR_5275,Thalamus,56.75,90.04,Mus musculus
NEUR_1990,Hippocampus,109.76,119.22,Mus musculus
NEUR_9720,Thalamus,146.79,46.7,Rattus norvegicus
NEUR_6754,Thalamus,77.62,96.16,Mus musculus
NEUR_3908,Amygdala,79.45,51.62,Rattus norvegicus
NEUR_8189,Striatum,102.7,69.6,Danio rerio
NEUR_2583,Striatum,106.28,112.66,Mus musculus
NEUR_2746,Thalamus,69.51,42.35,Rattus norvegicus
NEUR_5712,Hypothalamus,17.11,81.5,Rattus norvegicus
NEUR_4202,Cortex,129.61,95.71,Rattus norvegicus
NEUR_8854,Hippocampus,117.97,84.33,Rattus norvegicus
NEUR_4008,Hippocampus,14.91,14.27,Rattus norvegicus
NEUR_4982,Hippocampus,149.59,74.33,Danio rerio
NEUR_6226,Striatum,44.91,41.88,Macaca mulatta
NEUR_1297,Striatum,125.34,81.54,Rattus norvegicus
NEUR_6796,Hypothalamus,141.46,31.78,Rattus norvegicus
NEUR_2127,Striatum,78.12,52.27,Danio rerio
NEUR_1372,Striatum,145.89,94.67,Danio rerio
NEUR_6063,Cerebellum,7.45,110.42,Danio rerio
NEUR_5581,Cerebellum,102.83,88.03,Mus musculus
NEUR_2419,Hypothalamus,135.34,24.92,Danio rerio
NEUR_7229,Hypothalamus,26.83,11.5,Danio rerio
NEUR_5072,Cortex,14.58,109.12,Rattus norvegicus
NEUR_7472,Striatum,99.84,77.2,Danio rerio
NEUR_1592,Hippocampus,7.2,29.52,Danio rerio
NEUR_1489,Striatum,88.8,119.34,Macaca mulatta
NEUR_1579,Thalamus,36.26,53.24,Rattus norvegicus
NEUR_7422,Hippocampus,101.01,23.9,Macaca mulatta
NEUR_3343,Hypothalamus,2.54,61.45,Macaca mulatta
NEUR_8106,Thalamus,58.54,113.58,Mus musculus
NEUR_7400,Hippocampus,24.41,37.59,Mus musculus
NEUR_5808,Cortex,111.14,34.01,Macaca mulatta
NEUR_5864,Hypothalamus,64.55,56.03,Mus musculus
NEUR_8867,Striatum,15.46,108.07,Rattus norvegicus
NEUR_4861,Amygdala,66.37,84.95,Macaca mulatta
NEUR_9544,Hypothalamus,43.7,78.63,Danio rerio
NEUR_9114,Hippocampus,87.8,39.84,Macaca mulatta
NEUR_8362,Thalamus,138.65,96.62,Mus musculus
NEUR_3625,Striatum,0.21,52.49,Rattus norvegicus
NEUR_2127,Cortex,72.59,47.93,Mus musculus
NEUR_2747,Amygdala,16.76,16.45,Rattus norvegicus
NEUR_3763,Striatum,78.79,27.96,Macaca mulatta
NEUR_2369,Amygdala,6.48,104.99,Macaca mulatta
NEUR_1461,Striatum,62.45,91.83,Danio rerio
NEUR_1745,Hypothalamus,147.48,107.25,Rattus norvegicus
NEUR_5590,Cortex,128.76,84.89,Danio rerio
NEUR_4927,Cerebellum,118.76,91.57,Rattus norvegicus
NEUR_8259,Hypothalamus,130.08,50.34,Mus musculus
NEUR_2188,Hypothalamus,32.64,39.71,Mus musculus
NEUR_1239,Amygdala,84.86,45.44,Danio rerio
NEUR_8364,Cortex,140.92,105.83,Danio rerio
NEUR_4695,Hippocampus,79.38,72.79,Mus musculus
NEUR_8624,Hippocampus,114.33,57.75,Macaca mulatta
NEUR_2449,Striatum,107.85,28.77,Macaca mulatta
NEUR_4836,Cerebellum,119.18,99.28,Macaca mulatta
NEUR_2490,Cerebellum,52.65,17.86,Mus musculus
NEUR_2080,Hippocampus,28.44,62.3,Rattus norvegicus
NEUR_2916,Amygdala,40.9,73.87,Mus musculus
NEUR_8706,Hippocampus,105.85,96.63,Macaca mulatta
NEUR_6743,Striatum,53.1,23.88,Macaca mulatta
NEUR_8595,Cortex,124.79,83.04,Danio rerio
NEUR_4290,Thalamus,50.95,107.84,Mus musculus
NEUR_2395,Cerebellum,15.57,60.97,Mus musculus
NEUR_2652,Amygdala,81.58,24.81,Danio rerio
NEUR_6603,Cortex,93.6,38.1,Danio rerio
NEUR_1996,Hypothalamus,123.9,25.95,Danio rerio
NEUR_7275,Hypothalamus,25.38,26.2,Rattus norvegicus
NEUR_3860,Hippocampus,28.69,119.97,Rattus norvegicus
NEUR_2726,Cortex,19.73,15.49,Rattus norvegicus
NEUR_5001,Hypothalamus,110.23,113.94,Macaca mulatta
NEUR_7912,Cerebellum,75.11,58.57,Mus musculus
NEUR_8557,Hypothalamus,97.73,16.79,Macaca mulatta
NEUR_7070,Amygdala,33.45,100.36,Mus musculus
NEUR_4451,Hippocampus,15.96,49.09,Rattus norvegicus
NEUR_8621,Hippocampus,50.26,54.1,Mus musculus
NEUR_3183,Hippocampus,143.09,52.92,Macaca mulatta
NEUR_6101,Cerebellum,137.59,42.15,Rattus norvegicus
NEUR_5097,Striatum,99.06,62.48,Danio rerio
NEUR_6187,Cortex,116.67,41.33,Macaca mulatta
NEUR_4744,Cortex,54.25,86.93,Rattus norvegicus
NEUR_2455,Cortex,129.34,65.66,Rattus norvegicus
NEUR_9274,Hypothalamus,134.35,79.89,Danio rerio
NEUR_4732,Cerebellum,28.61,119.36,Rattus norvegicus
NEUR_2601,Hippocampus,14.87,84.9,Mus musculus
NEUR_4774,Striatum,65.71,99.2,Mus musculus
NEUR_3599,Hypothalamus,21.09,57.99,Macaca mulatta
NEUR_3593,Cortex,144.63,79.93,Danio rerio
NEUR_1235,Amygdala,30.97,76.55,Macaca mulatta
NEUR_4329,Cerebellum,74.88,82.75,Rattus norvegicus
NEUR_1053,Striatum,141.61,52.65,Rattus norvegicus
NEUR_9995,Hypothalamus,134.67,109.24,Rattus norvegicus
NEUR_1565,Amygdala,66.59,70.29,Rattus norvegicus
NEUR_3176,Hippocampus,85.46,119.41,Mus musculus
NEUR_2341,Amygdala,71.88,78.72,Danio rerio
NEUR_3285,Thalamus,104.49,105.4,Rattus norvegicus
NEUR_8857,Amygdala,137.49,52.16,Macaca mulatta
NEUR_5438,Amygdala,24.4,34.8,Macaca mulatta
NEUR_9658,Amygdala,67.11,14.27,Mus musculus
NEUR_3637,Thalamus,47.05,118.53,Mus musculus
NEUR_1283,Cerebellum,145.96,51.18,Mus musculus
NEUR_4556,Amygdala,26.81,84.31,Danio rerio
NEUR_9771,Amygdala,58.3,110.14,Danio rerio
NEUR_7962,Hypothalamus,98.87,94.84,Rattus norvegicus
NEUR_3617,Hypothalamus,98.73,103.96,Macaca mulatta
NEUR_3429,Hypothalamus,24.74,117.82,Danio rerio
NEUR_7855,Amygdala,83.28,55.09,Macaca mulatta
NEUR_5725,Cerebellum,137.76,45.73,Macaca mulatta
NEUR_2174,Cerebellum,112.46,43.72,Rattus norvegicus
NEUR_8369,Hypothalamus,142.82,14.92,Danio rerio
NEUR_2808,Thalamus,28.14,111.95,Mus musculus
NEUR_7588,Amygdala,107.98,49.19,Mus musculus
NEUR_5896,Thalamus,127.46,16.53,Danio rerio
NEUR_4059,Hypothalamus,141.22,78.39,Macaca mulatta
NEUR_5749,Cerebellum,13.98,116.77,Danio rerio
NEUR_5859,Amygdala,18.84,85.95,Danio rerio
NEUR_3681,Striatum,49.97,107.39,Macaca mulatta
NEUR_6846,Thalamus,45.54,112.06,Mus musculus
NEUR_4063,Thalamus,89.75,77.62,Mus musculus
NEUR_7709,Thalamus,135.23,98.17,Mus musculus
NEUR_4123,Hippocampus,97.94,52.93,Rattus norvegicus
NEUR_1970,Thalamus,137.82,60.07,Mus musculus
NEUR_1984,Thalamus,62.85,107.73,Macaca mulatta
NEUR_3182,Cortex,105.53,23.42,Macaca mulatta
NEUR_1142,Cortex,124.2,36.95,Danio rerio
NEUR_9438,Hypothalamus,110.23,98.65,Rattus norvegicus
NEUR_3600,Hypothalamus,49.3,47.89,Rattus norvegicus
NEUR_2401,Amygdala,7.52,114.16,Mus musculus
NEUR_7726,Striatum,44.31,102.03,Macaca mulatta
NEUR_3251,Thalamus,89.7,37.21,Mus musculus
NEUR_5875,Hypothalamus,8.55,106.04,Rattus norvegicus
NEUR_8175,Amygdala,136.28,55.24,Rattus norvegicus
NEUR_5596,Hippocampus,54.5,93.65,Mus musculus
NEUR_8675,Hypothalamus,50.1,10.82,Danio rerio
NEUR_9466,Hypothalamus,62.62,108.25,Macaca mulatta
NEUR_3931,Amygdala,19.9,85.42,Danio rerio
NEUR_7426,Thalamus,29.55,60.87,Macaca mulatta
NEUR_2100,Amygdala,39.08,17.71,Rattus norvegicus
NEUR_4382,Thalamus,110.62,29.89,Macaca mulatta
NEUR_4651,Hypothalamus,118.33,104.98,Rattus norvegicus
NEUR_5024,Striatum,2.07,16.95,Rattus norvegicus
NEUR_1373,Cortex,5.64,115.26,Rattus norvegicus
NEUR_2027,Thalamus,58.09,31.15,Mus musculus
NEUR_3007,Cortex,147.59,23.09,Danio rerio
NEUR_7151,Cortex,61.39,58.33,Danio rerio
NEUR_6875,Striatum,94.86,63.84,Mus musculus
NEUR_8119,Amygdala,56.01,89.68,Danio rerio
NEUR_7335,Hippocampus,71.44,85.58,Mus musculus
NEUR_1309,Hippocampus,134.03,47.48,Macaca mulatta
NEUR_9974,Hypothalamus,68.18,14.79,Macaca mulatta
NEUR_2230,Amygdala,142.84,101.59,Danio rerio
NEUR_2708,Amygdala,120.96,76.43,Macaca mulatta
NEUR_1179,Amygdala,66.86,33.88,Mus musculus
NEUR_2845,Hypothalamus,22.09,52.52,Rattus norvegicus
NEUR_9971,Thalamus,69.55,82.66,Rattus norvegicus
NEUR_3817,Cortex,149.46,118.64,Danio rerio
NEUR_8972,Cerebellum,47.37,45.21,Macaca mulatta
NEUR_2077,Thalamus,33.5,102.1,Macaca mulatta
NEUR_4134,Striatum,133.84,80.55,Rattus norvegicus
NEUR_3589,Cerebellum,121.53,53.33,Macaca mulatta
NEUR_3317,Hippocampus,131.11,106.39,Danio rerio
NEUR_2396,Thalamus,27.85,113.03,Rattus norvegicus
NEUR_4081,Thalamus,97.47,40.17,Rattus norvegicus
NEUR_4636,Hippocampus,122.8,31.91,Danio rerio
NEUR_5449,Cerebellum,31.1,118.25,Danio rerio
NEUR_5741,Cortex,133.65,30.02,Rattus norvegicus
NEUR_9550,Cerebellum,36.26,94.54,Macaca mulatta
NEUR_8466,Cortex,135.2,89.26,Mus musculus
NEUR_7473,Thalamus,113.52,109.62,Danio rerio
NEUR_4515,Hippocampus,43.84,85.12,Mus musculus
NEUR_7652,Hippocampus,14.43,85.12,Macaca mulatta
NEUR_8237,Thalamus,46.67,93.18,Mus musculus
NEUR_8701,Striatum,12.14,69.72,Rattus norvegicus
NEUR_9478,Hippocampus,25.71,108.01,Danio rerio
NEUR_4974,Cortex,59.25,12.47,Macaca mulatta
NEUR_5362,Cortex,149.29,56.98,Mus musculus
NEUR_9094,Striatum,51.83,41.04,Mus musculus
NEUR_8698,Hippocampus,65.51,39.67,Rattus norvegicus
NEUR_7223,Amygdala,117.84,12.06,Rattus norvegicus
NEUR_2314,Hippocampus,99.39,88.52,Danio rerio
NEUR_7630,Cortex,100.5,26.07,Macaca mulatta
NEUR_2970,Thalamus,57.52,18.9,Mus musculus
NEUR_9372,Thalamus,16.35,45.64,Macaca mulatta
NEUR_8375,Hippocampus,136.04,81.31,Rattus norvegicus
NEUR_9572,Cerebellum,38.47,100.97,Mus musculus
NEUR_2954,Cortex,87.77,40.58,Macaca mulatta
NEUR_8006,Cerebellum,40.75,94.71,Rattus norvegicus
NEUR_2554,Thalamus,106.33,90.56,Rattus norvegicus
NEUR_5628,Hippocampus,48.42,92.66,Mus musculus
NEUR_7527,Amygdala,78.42,41.81,Macaca mulatta
NEUR_2768,Cortex,132.23,36.06,Danio rerio
NEUR_6013,Cerebellum,24.18,90.25,Rattus norvegicus
NEUR_2821,Cortex,39.95,100.04,Danio rerio
NEUR_4780,Thalamus,142.12,79.76,Danio rerio
NEUR_2278,Striatum,118.95,46.79,Rattus norvegicus
NEUR_5346,Cortex,127.22,16.79,Macaca mulatta
NEUR_8606,Striatum,87.26,112.38,Mus musculus
NEUR_7022,Hippocampus,56.39,44.18,Mus musculus
NEUR_5274,Thalamus,34.6,56.96,Mus musculus
NEUR_1711,Thalamus,86.34,37.69,Rattus norvegicus
NEUR_2427,Cerebellum,71.66,91.2,Mus musculus
NEUR_3293,Thalamus,99.48,78.38,Macaca mulatta
NEUR_2137,Cerebellum,34.25,21.08,Danio rerio
NEUR_7981,Cortex,85.16,111.78,Macaca mulatta
NEUR_8171,Cerebellum,65.55,83.49,Macaca mulatta
NEUR_2461,Amygdala,117.3,105.98,Macaca mulatta
NEUR_6922,Hypothalamus,54.67,89.43,Danio rerio
NEUR_5083,Cortex,22.62,47.52,Danio rerio
NEUR_8298,Cortex,43.62,37.9,Rattus norvegicus
NEUR_6466,Cortex,119.49,106.12,Rattus norvegicus
NEUR_1686,Thalamus,48.19,72.25,Mus musculus
NEUR_6166,Hippocampus,91.43,42.02,Rattus norvegicus
NEUR_6303,Cerebellum,85.25,29.84,Mus musculus
NEUR_1317,Cerebellum,103.11,11.82,Mus musculus
NEUR_4196,Striatum,83.05,62.12,Rattus norvegicus
NEUR_2738,Cerebellum,80.62,29.48,Macaca mulatta
NEUR_3338,Hypothalamus,52.04,78.64,Danio rerio
NEUR_8905,Thalamus,83.53,89.76,Mus musculus
NEUR_6411,Hippocampus,29.91,20.04,Macaca mulatta
NEUR_2138,Cerebellum,103.44,107.93,Rattus norvegicus
NEUR_4061,Cortex,23.34,110.8,Rattus norvegicus
NEUR_2227,Thalamus,48.64,72.16,Danio rerio
NEUR_4495,Striatum,120.3,39.69,Macaca mulatta
NEUR_5306,Striatum,25.23,16.22,Danio rerio
NEUR_2294,Thalamus,18.09,111.12,Macaca mulatta
NEUR_3664,Amygdala,100.28,44.94,Danio rerio
NEUR_8286,Cortex,56.8,56.69,Danio rerio
NEUR_8804,Cortex,98.7,68.73,Danio rerio
NEUR_7390,Amygdala,134.62,79.53,Mus musculus
NEUR_3106,Hypothalamus,4.02,12.47,Rattus norvegicus
NEUR_2105,Amygdala,118.22,33.52,Rattus norvegicus
NEUR_7013,Thalamus,54.24,53.28,Macaca mulatta
NEUR_1724,Amygdala,66.36,11.86,Rattus norvegicus
NEUR_7895,Hypothalamus,96.95,66.5,Rattus norvegicus
NEUR_4938,Cerebellum,94.37,74.63,Rattus norvegicus
NEUR_7950,Hypothalamus,33.29,78.0,Macaca mulatta
NEUR_2532,Hippocampus,148.16,77.61,Danio rerio
NEUR_6250,Hypothalamus,81.57,61.03,Mus musculus
NEUR_6135,Cerebellum,74.22,50.99,Danio rerio
NEUR_7663,Cortex,41.35,68.76,Mus musculus
NEUR_2564,Cortex,25.64,102.44,Macaca mulatta
NEUR_3513,Thalamus,94.19,97.95,Danio rerio
NEUR_7335,Thalamus,93.84,52.68,Mus musculus
NEUR_3873,Hippocampus,14.61,57.02,Mus musculus
NEUR_7589,Hippocampus,131.42,65.59,Mus musculus
NEUR_7088,Cerebellum,101.54,90.68,Danio rerio
NEUR_9047,Cortex,101.85,110.95,Danio rerio
NEUR_9454,Hippocampus,59.74,58.92,Rattus norvegicus
NEUR_4240,Striatum,112.78,30.56,Mus musculus
NEUR_1211,Amygdala,137.69,42.98,Rattus norvegicus
NEUR_7401,Cerebellum,134.58,115.1,Mus musculus
NEUR_2613,Hippocampus,15.91,39.44,Rattus norvegicus
NEUR_4385,Cortex,76.76,91.64,Macaca mulatta
NEUR_9932,Hypothalamus,54.08,37.95,Rattus norvegicus
NEUR_4007,Cortex,43.9,47.81,Mus musculus
NEUR_5012,Striatum,133.87,100.55,Rattus norvegicus
NEUR_7288,Hippocampus,80.35,110.72,Rattus norvegicus
NEUR_8179,Cortex,53.15,64.11,Rattus norvegicus
NEUR_2833,Amygdala,51.42,54.42,Danio rerio
NEUR_6238,Cerebellum,133.78,54.47,Rattus norvegicus
NEUR_6138,Cortex,72.67,22.91,Rattus norvegicus
NEUR_8391,Hippocampus,5.84,93.99,Macaca mulatta
NEUR_1695,Hypothalamus,96.39,72.08,Rattus norvegicus
NEUR_7674,Cerebellum,69.39,39.87,Danio rerio
NEUR_3489,Amygdala,133.69,73.25,Rattus norvegicus
NEUR_8408,Thalamus,119.05,34.81,Mus musculus
NEUR_3196,Thalamus,5.12,45.29,Rattus norvegicus
NEUR_9782,Hypothalamus,7.27,22.17,Rattus norvegicus
NEUR_2677,Thalamus,112.46,113.29,Rattus norvegicus
NEUR_9648,Cortex,65.54,79.61,Danio rerio
NEUR_9447,Hypothalamus,61.87,85.75,Macaca mulatta
NEUR_2303,Thalamus,43.64,108.66,Macaca mulatta
NEUR_1852,Hypothalamus,30.5,23.55,Danio rerio
NEUR_7705,Hippocampus,79.72,72.89,Danio rerio
NEUR_2615,Thalamus,41.04,91.56,Danio rerio
NEUR_7006,Hypothalamus,67.0,28.25,Mus musculus
NEUR_2491,Hypothalamus,64.78,115.57,Danio rerio
NEUR_3702,Striatum,143.96,42.82,Macaca mulatta
NEUR_1005,Striatum,73.49,86.23,Danio rerio
NEUR_5002,Amygdala,86.63,109.81,Rattus norvegicus
NEUR_7832,Amygdala,43.45,60.28,Macaca mulatta
NEUR_4091,Cerebellum,105.16,114.93,Danio rerio
NEUR_6120,Hippocampus,98.53,104.09,Danio rerio
NEUR_4038,Hippocampus,71.16,43.04,Macaca mulatta
NEUR_6861,Thalamus,50.38,14.19,Mus musculus
NEUR_7978,Thalamus,138.92,97.56,Mus musculus
NEUR_7111,Cortex,70.25,48.12,Rattus norvegicus
NEUR_8859,Cortex,81.95,74.99,Rattus norvegicus
NEUR_6039,Hippocampus,103.39,48.85,Mus musculus
NEUR_1151,Hippocampus,35.54,50.52,Danio rerio
NEUR_2786,Thalamus,27.68,27.88,Macaca mulatta
NEUR_1084,Cerebellum,48.86,65.15,Danio rerio
NEUR_1203,Thalamus,4.82,99.37,Mus musculus
NEUR_7118,Thalamus,5.74,80.14,Rattus norvegicus
NEUR_9366,Cortex,136.82,11.22,Rattus norvegicus
NEUR_4876,Amygdala,20.52,90.53,Rattus norvegicus
NEUR_9012,Striatum,74.52,109.74,Rattus norvegicus
NEUR_4472,Amygdala,29.58,39.54,Macaca mulatta
NEUR_8357,Thalamus,108.13,89.53,Macaca mulatta
NEUR_3545,Amygdala,114.0,41.89,Mus musculus
NEUR_1144,Cerebellum,119.98,37.39,Rattus norvegicus
NEUR_4884,Hypothalamus,72.31,37.29,Rattus norvegicus
NEUR_5566,Striatum,50.79,64.91,Mus musculus
NEUR_8908,Striatum,66.08,111.6,Macaca mulatta
NEUR_7331,Striatum,85.65,81.64,Rattus norvegicus
NEUR_8052,Amygdala,32.79,38.05,Macaca mulatta
NEUR_6918,Cortex,76.04,12.72,Rattus norvegicus
NEUR_7170,Hippocampus,131.17,95.91,Mus musculus
NEUR_4158,Thalamus,84.14,52.79,Rattus norvegicus
NEUR_4657,Cerebellum,14.7,45.02,Mus musculus
NEUR_4171,Cerebellum,25.19,35.29,Rattus norvegicus
NEUR_6947,Amygdala,60.55,12.19,Danio rerio
NEUR_6645,Striatum,54.9,70.83,Rattus norvegicus
NEUR_8572,Cortex,113.79,92.78,Danio rerio
NEUR_5326,Amygdala,97.03,39.94,Rattus norvegicus
NEUR_3942,Hypothalamus,39.0,69.58,Rattus norvegicus
NEUR_6277,Cortex,121.39,84.59,Rattus norvegicus
NEUR_6362,Hypothalamus,23.12,52.75,Danio rerio
NEUR_6160,Hypothalamus,62.99,90.93,Macaca mulatta
NEUR_4153,Thalamus,41.3,61.33,Macaca mulatta
NEUR_7811,Cerebellum,11.71,79.33,Macaca mulatta
NEUR_1826,Thalamus,86.35,77.75,Mus musculus
NEUR_5335,Thalamus,143.15,41.08,Rattus norvegicus
NEUR_2862,Hypothalamus,102.54,43.96,Macaca mulatta
NEUR_3093,Cerebellum,71.08,38.63,Macaca mulatta
NEUR_3725,Amygdala,12.97,19.59,Rattus norvegicus
NEUR_7998,Amygdala,30.09,63.15,Mus musculus
NEUR_9784,Thalamus,121.5,16.55,Mus musculus
NEUR_2076,Amygdala,38.03,15.75,Macaca mulatta
NEUR_7036,Thalamus,113.25,53.74,Rattus norvegicus
NEUR_3500,Cerebellum,65.54,94.46,Danio rerio
NEUR_7497,Cortex,53.82,40.38,Macaca mulatta
NEUR_3671,Amygdala,92.55,26.94,Mus musculus
NEUR_8195,Striatum,101.16,115.32,Rattus norvegicus
NEUR_2591,Cortex,46.45,27.2,Danio rerio
NEUR_4941,Hypothalamus,130.64,15.61,Rattus norvegicus
NEUR_3117,Cortex,128.21,87.83,Mus musculus
NEUR_6153,Hippocampus,38.85,13.62,Rattus norvegicus
NEUR_8390,Amygdala,70.16,68.27,Rattus norvegicus
NEUR_3671,Cortex,146.73,22.37,Macaca mulatta
NEUR_9608,Thalamus,129.76,92.43,Danio rerio
NEUR_7228,Amygdala,43.7,45.89,Mus musculus
NEUR_3957,Cerebellum,24.61,114.39,Mus musculus
NEUR_9687,Cerebellum,127.44,41.89,Macaca mulatta
NEUR_4919,Hippocampus,18.43,119.01,Macaca mulatta
NEUR_3638,Thalamus,49.67,42.5,Macaca mulatta
NEUR_8165,Hippocampus,119.65,118.38,Rattus norvegicus
NEUR_5609,Cerebellum,93.81,24.58,Macaca mulatta
NEUR_6683,Striatum,141.19,83.63,Rattus norvegicus
NEUR_3254,Striatum,59.34,89.04,Danio rerio
NEUR_7770,Cortex,149.69,20.03,Macaca mulatta
NEUR_6764,Cerebellum,108.82,90.64,Danio rerio
NEUR_7244,Cortex,35.78,21.96,Macaca mulatta
NEUR_7199,Hippocampus,9.49,87.04,Mus musculus
NEUR_2449,Striatum,22.72,26.53,Rattus norvegicus
NEUR_6899,Cortex,63.16,62.64,Mus musculus
NEUR_1961,Cortex,139.87,89.31,Mus musculus
NEUR_5676,Hypothalamus,64.24,28.73,Mus musculus
NEUR_4475,Hypothalamus,66.23,100.52,Macaca mulatta
NEUR_1834,Striatum,142.67,79.79,Macaca mulatta
NEUR_4008,Cerebellum,93.91,100.23,Danio rerio
NEUR_7054,Amygdala,134.93,42.55,Macaca mulatta
NEUR_7794,Cerebellum,110.28,92.69,Macaca mulatta
NEUR_5063,Thalamus,82.21,89.05,Mus musculus
NEUR_4642,Amygdala,132.35,98.75,Danio rerio
NEUR_5569,Thalamus,96.91,54.56,Macaca mulatta
NEUR_7733,Cortex,89.8,79.59,Danio rerio
NEUR_8196,Cerebellum,139.4,30.82,Macaca mulatta
NEUR_5006,Hippocampus,44.76,24.46,Danio rerio
NEUR_6847,Amygdala,112.7,106.17,Rattus norvegicus
NEUR_8267,Thalamus,50.49,84.57,Mus musculus
NEUR_2267,Amygdala,87.6,86.07,Rattus norvegicus
NEUR_3202,Hippocampus,24.41,64.57,Rattus norvegicus
NEUR_2382,Striatum,99.57,23.97,Macaca mulatta
NEUR_4162,Hypothalamus,78.25,63.52,Rattus norvegicus
NEUR_2589,Cortex,63.8,72.47,Mus musculus
NEUR_2590,Amygdala,95.09,104.22,Rattus norvegicus
NEUR_2430,Amygdala,35.06,20.89,Macaca mulatta
NEUR_2230,Hypothalamus,68.71,36.04,Danio rerio
NEUR_9485,Cerebellum,69.31,54.1,Mus musculus
NEUR_4195,Cerebellum,110.64,19.57,Danio rerio
NEUR_1970,Hypothalamus,17.66,37.15,Danio rerio
NEUR_8594,Striatum,34.59,10.07,Mus musculus
NEUR_1818,Cerebellum,83.85,71.39,Macaca mulatta
NEUR_2499,Hippocampus,0.34,96.21,Mus musculus
NEUR_1660,Amygdala,110.92,30.69,Rattus norvegicus
NEUR_5193,Hypothalamus,63.74,18.54,Danio rerio
NEUR_2704,Hypothalamus,99.44,115.82,Mus musculus
NEUR_3528,Cerebellum,28.33,104.59,Rattus norvegicus
NEUR_3818,Cerebellum,107.58,50.64,Macaca mulatta
NEUR_9141,Striatum,71.12,32.52,Rattus norvegicus
NEUR_1411,Hypothalamus,52.37,113.28,Macaca mulatta
NEUR_5013,Amygdala,60.81,115.21,Rattus norvegicus
NEUR_8678,Striatum,43.57,88.66,Rattus norvegicus
NEUR_1235,Amygdala,91.88,107.51,Danio rerio
NEUR_2303,Cerebellum,42.45,115.56,Danio rerio
NEUR_2900,Thalamus,16.54,23.13,Macaca mulatta
NEUR_7236,Hippocampus,132.89,93.28,Rattus norvegicus
NEUR_6948,Thalamus,109.08,32.83,Danio rerio
NEUR_3667,Striatum,66.25,109.93,Macaca mulatta
NEUR_7418,Amygdala,100.87,62.88,Macaca mulatta
NEUR_6275,Cerebellum,28.76,77.26,Danio rerio
NEUR_8788,Cortex,103.08,18.35,Rattus norvegicus
NEUR_1677,Cerebellum,10.94,24.56,Macaca mulatta
NEUR_6730,Thalamus,109.96,71.91,Mus musculus
NEUR_1902,Striatum,79.39,30.36,Danio rerio
NEUR_5195,Hypothalamus,84.28,37.69,Rattus norvegicus
NEUR_8656,Cortex,142.24,14.77,Mus musculus
NEUR_5744,Thalamus,35.25,43.71,Danio rerio
NEUR_9384,Amygdala,117.93,27.77,Mus musculus
NEUR_5826,Hypothalamus,105.5,13.95,Danio rerio
NEUR_3779,Hypothalamus,117.72,51.02,Mus musculus
NEUR_3264,Hypothalamus,140.55,32.04,Rattus norvegicus
NEUR_7758,Hippocampus,14.52,41.86,Rattus norvegicus
NEUR_5413,Cortex,45.36,95.63,Danio rerio
NEUR_8972,Cerebellum,55.56,83.05,Rattus norvegicus
NEUR_1970,Cortex,81.25,56.89,Danio rerio
NEUR_2454,Thalamus,78.0,91.58,Mus musculus
NEUR_8195,Hypothalamus,146.55,15.92,Macaca mulatta
NEUR_9562,Hypothalamus,64.54,102.92,Rattus norvegicus
NEUR_2660,Amygdala,44.92,73.69,Mus musculus
NEUR_2611,Striatum,64.39,81.24,Rattus norvegicus
NEUR_3573,Cortex,134.55,38.64,Danio rerio
NEUR_2887,Thalamus,99.38,36.66,Rattus norvegicus
NEUR_6265,Thalamus,50.76,56.74,Danio rerio
NEUR_1608,Amygdala,22.2,107.39,Rattus norvegicus
NEUR_9073,Hippocampus,98.75,44.53,Macaca mulatta
NEUR_7199,Thalamus,51.42,52.35,Rattus norvegicus
NEUR_1535,Cerebellum,94.85,109.25,Rattus norvegicus
NEUR_5037,Hypothalamus,118.33,100.27,Mus musculus
NEUR_3441,Striatum,28.63,72.47,Rattus norvegicus
NEUR_3198,Thalamus,72.47,92.91,Macaca mulatta
NEUR_7736,Cortex,40.41,69.84,Macaca mulatta
NEUR_8425,Cerebellum,18.8,64.83,Mus musculus
NEUR_2385,Hippocampus,106.51,22.07,Mus musculus
NEUR_8634,Amygdala,4.27,91.2,Macaca mulatta
NEUR_7473,Striatum,9.0,117.23,Danio rerio
NEUR_9035,Hypothalamus,55.98,77.06,Macaca mulatta
NEUR_3035,Cerebellum,80.18,116.19,Rattus norvegicus
NEUR_8754,Hippocampus,140.36,90.26,Rattus norvegicus
NEUR_5078,Amygdala,128.25,29.62,Macaca mulatta
NEUR_2458,Amygdala,43.49,56.12,Mus musculus
NEUR_8484,Amygdala,117.41,12.13,Rattus norvegicus
NEUR_3643,Cortex,43.21,35.37,Danio rerio
NEUR_3441,Amygdala,34.11,92.25,Danio rerio
NEUR_9177,Thalamus,107.94,114.27,Rattus norvegicus
NEUR_4150,Cerebellum,68.7,35.65,Macaca mulatta
NEUR_5813,Cortex,19.28,53.66,Danio rerio
NEUR_2499,Cortex,56.05,75.44,Danio rerio
NEUR_1850,Striatum,38.5,97.62,Danio rerio
NEUR_1030,Cerebellum,100.87,110.13,Macaca mulatta
NEUR_6605,Cortex,18.82,34.0,Rattus norvegicus
NEUR_9066,Thalamus,21.86,99.78,Rattus norvegicus
NEUR_1086,Cortex,5.65,97.48,Rattus norvegicus
NEUR_3594,Hippocampus,19.94,67.29,Mus musculus
NEUR_9243,Hypothalamus,11.51,87.77,Danio rerio
NEUR_4758,Hypothalamus,57.73,71.3,Rattus norvegicus
NEUR_9865,Striatum,82.56,107.23,Danio rerio
NEUR_7833,Hippocampus,120.2,108.09,Macaca mulatta
NEUR_6194,Striatum,120.17,115.74,Mus musculus
NEUR_7001,Striatum,19.47,26.94,Mus musculus
NEUR_1524,Hypothalamus,139.84,31.11,Macaca mulatta
NEUR_9727,Cerebellum,75.65,47.78,Mus musculus
NEUR_4459,Hippocampus,56.47,38.05,Macaca mulatta
NEUR_2391,Amygdala,43.95,99.89,Macaca mulatta
NEUR_1304,Cortex,14.49,63.08,Rattus norvegicus
NEUR_5707,Thalamus,1.09,78.54,Mus musculus
NEUR_8490,Hippocampus,2.61,78.71,Macaca mulatta
NEUR_3992,Cortex,3.87,63.51,Mus musculus
NEUR_5254,Cerebellum,99.56,33.51,Macaca mulatta
NEUR_1479,Hypothalamus,61.55,108.99,Macaca mulatta
NEUR_3832,Amygdala,5.25,68.88,Mus musculus
NEUR_5325,Cortex,41.84,117.08,Danio rerio
NEUR_5642,Cortex,140.77,116.42,Mus musculus
NEUR_7318,Hypothalamus,83.96,67.88,Macaca mulatta
NEUR_7263,Hippocampus,83.77,98.97,Danio rerio
NEUR_2410,Hypothalamus,120.09,96.21,Danio rerio
NEUR_3274,Amygdala,29.05,113.94,Danio rerio
NEUR_1483,Cortex,111.89,51.32,Rattus norvegicus
NEUR_2456,Amygdala,35.05,119.69,Mus musculus
NEUR_8935,Thalamus,108.75,100.99,Mus musculus
NEUR_7503,Striatum,148.94,89.44,Danio rerio
NEUR_5113,Amygdala,44.17,52.25,Rattus norvegicus
NEUR_8786,Cortex,141.35,104.93,Rattus norvegicus
NEUR_4278,Amygdala,38.4,49.94,Danio rerio
NEUR_8788,Cortex,106.33,57.53,Macaca mulatta
NEUR_5110,Thalamus,106.86,40.62,Mus musculus
NEUR_7418,Thalamus,24.98,110.52,Danio rerio
NEUR_4221,Hypothalamus,120.03,103.92,Danio rerio
NEUR_1040,Hypothalamus,96.99,58.03,Mus musculus
NEUR_4117,Thalamus,69.74,34.45,Mus musculus
NEUR_9879,Thalamus,7.45,55.78,Danio rerio
NEUR_1112,Amygdala,108.73,40.94,Danio rerio
NEUR_6990,Hypothalamus,129.48,46.93,Mus musculus
NEUR_8906,Striatum,140.31,66.59,Danio rerio
NEUR_5713,Hippocampus,116.6,22.49,Macaca mulatta
NEUR_1953,Hippocampus,134.96,55.77,Mus musculus
NEUR_5046,Amygdala,32.11,40.77,Rattus norvegicus
NEUR_9796,Cortex,115.06,49.2,Danio rerio
NEUR_7910,Thalamus,61.86,57.64,Rattus norvegicus
NEUR_1810,Striatum,59.75,71.32,Macaca mulatta
NEUR_5995,Striatum,27.64,68.43,Danio rerio
NEUR_9444,Cortex,32.1,26.57,Mus musculus
NEUR_5888,Cerebellum,87.8,110.04,Rattus norvegicus
NEUR_4506,Hypothalamus,56.49,94.37,Macaca mulatta
NEUR_6470,Cortex,91.7,114.4,Rattus norvegicus
NEUR_8239,Hypothalamus,26.87,55.23,Danio rerio
NEUR_7486,Amygdala,63.85,40.55,Macaca mulatta
NEUR_3811,Cortex,76.05,74.63,Mus musculus
NEUR_4526,Amygdala,23.18,112.27,Rattus norvegicus
NEUR_4244,Thalamus,100.69,25.51,Danio rerio
NEUR_4143,Cerebellum,83.66,49.25,Danio rerio
NEUR_2298,Cortex,41.57,103.2,Rattus norvegicus
NEUR_4728,Cortex,100.57,89.86,Danio rerio
NEUR_3060,Cortex,80.53,114.76,Danio rerio
NEUR_7125,Hippocampus,59.27,98.83,Mus musculus
NEUR_8204,Hypothalamus,47.16,37.33,Rattus norvegicus
NEUR_4667,Cortex,79.95,106.84,Mus musculus
NEUR_4189,Cortex,9.54,23.7,Rattus norvegicus
NEUR_5612,Hippocampus,93.88,118.15,Macaca mulatta
NEUR_6528,Cerebellum,131.66,98.9,Rattus norvegicus
NEUR_5122,Thalamus,83.38,69.09,Danio rerio
NEUR_6863,Hippocampus,72.72,74.9,Danio rerio
NEUR_3976,Cortex,77.61,42.86,Macaca mulatta
NEUR_3483,Hippocampus,147.72,32.08,Mus musculus
NEUR_9706,Amygdala,138.02,63.01,Mus musculus
NEUR_1664,Amygdala,85.94,80.85,Danio rerio
NEUR_5274,Cerebellum,47.76,103.95,Danio rerio
NEUR_2983,Cortex,91.3,99.05,Danio rerio
NEUR_8614,Cortex,49.91,33.53,Danio rerio
NEUR_4783,Cortex,107.49,90.39,Danio rerio
NEUR_2757,Hippocampus,23.44,106.7,Macaca mulatta
NEUR_9544,Thalamus,60.94,63.5,Danio rerio
NEUR_3260,Striatum,28.88,17.88,Danio rerio
NEUR_4372,Striatum,104.73,50.23,Rattus norvegicus
NEUR_6214,Hippocampus,51.35,56.54,Mus musculus
NEUR_6563,Hypothalamus,68.22,70.55,Rattus norvegicus
NEUR_4917,Hypothalamus,7.94,11.89,Macaca mulatta
NEUR_6039,Hippocampus,97.0,77.26,Danio rerio
NEUR_8597,Striatum,144.36,115.32,Rattus norvegicus
NEUR_2274,Amygdala,66.25,71.47,Rattus norvegicus
NEUR_7858,Amygdala,87.61,63.77,Rattus norvegicus
NEUR_9159,Hippocampus,48.45,27.1,Macaca mulatta
NEUR_7262,Amygdala,66.18,90.27,Rattus norvegicus
NEUR_6999,Cerebellum,12.14,40.14,Macaca mulatta
NEUR_8849,Cerebellum,10.91,45.14,Mus musculus
NEUR_3325,Hypothalamus,11.13,102.88,Danio rerio
NEUR_5327,Cortex,117.25,22.9,Danio rerio
NEUR_2999,Hippocampus,18.71,76.38,Rattus norvegicus
NEUR_8182,Cerebellum,96.41,48.33,Mus musculus
NEUR_6280,Hippocampus,35.28,15.76,Mus musculus
NEUR_1015,Striatum,135.29,118.17,Rattus norvegicus
NEUR_7919,Hippocampus,84.37,57.67,Macaca mulatta
NEUR_9760,Amygdala,9.27,42.82,Macaca mulatta
NEUR_5067,Striatum,53.36,96.93,Macaca mulatta
NEUR_7099,Hypothalamus,97.56,28.47,Rattus norvegicus
NEUR_7609,Cerebellum,52.95,105.76,Danio rerio
NEUR_7002,Hippocampus,79.9,98.11,Mus musculus
NEUR_3443,Thalamus,38.5,118.76,Danio rerio
NEUR_1456,Thalamus,110.7,88.56,Danio rerio
NEUR_4533,Cortex,5.01,63.68,Danio rerio
NEUR_8877,Cortex,118.08,105.47,Macaca mulatta
NEUR_8154,Amygdala,138.39,57.84,Mus musculus
NEUR_9495,Striatum,28.43,88.98,Danio rerio
NEUR_5832,Cerebellum,20.33,83.05,Macaca mulatta
NEUR_7989,Thalamus,0.4,119.27,Macaca mulatta
NEUR_6794,Amygdala,128.24,25.16,Mus musculus
NEUR_8192,Hippocampus,121.02,11.09,Danio rerio
NEUR_4958,Hypothalamus,2.14,76.79,Mus musculus
NEUR_7727,Hypothalamus,42.37,96.11,Danio rerio
NEUR_1591,Cortex,113.5,18.51,Macaca mulatta
NEUR_5619,Thalamus,83.43,42.05,Macaca mulatta
NEUR_6766,Thalamus,20.42,48.19,Danio rerio
NEUR_8324,Cortex,23.75,113.14,Danio rerio
NEUR_5813,Hippocampus,96.52,74.92,Danio rerio
NEUR_6727,Cerebellum,7.4,40.84,Macaca mulatta
NEUR_1019,Hypothalamus,103.67,113.04,Rattus norvegicus
NEUR_5320,Striatum,146.48,31.25,Mus musculus
NEUR_5777,Hypothalamus,59.63,56.64,Macaca mulatta
NEUR_8377,Hypothalamus,15.5,39.49,Mus musculus
NEUR_4918,Hypothalamus,107.9,59.18,Danio rerio
NEUR_9290,Thalamus,40.54,21.95,Macaca mulatta
NEUR_8378,Striatum,20.75,70.87,Danio rerio
NEUR_6658,Hippocampus,12.04,72.17,Macaca mulatta
NEUR_4563,Hypothalamus,80.55,90.73,Rattus norvegicus
NEUR_6816,Hypothalamus,59.44,45.72,Macaca mulatta
NEUR_5967,Cerebellum,120.12,80.91,Rattus norvegicus
NEUR_9137,Thalamus,6.12,66.55,Rattus norvegicus
NEUR_4614,Hippocampus,59.19,34.03,Mus musculus
NEUR_4430,Cortex,5.11,105.56,Mus musculus
NEUR_2096,Hippocampus,98.93,47.32,Mus musculus
NEUR_6085,Hippocampus,13.39,65.66,Rattus norvegicus
NEUR_1407,Striatum,120.09,112.01,Mus musculus
NEUR_5287,Striatum,137.18,73.99,Macaca mulatta
NEUR_9529,Hypothalamus,45.83,110.95,Rattus norvegicus
NEUR_3451,Hippocampus,1.09,110.04,Danio rerio
NEUR_4671,Cerebellum,136.38,113.75,Danio rerio
NEUR_3121,Cortex,50.71,118.93,Danio rerio
NEUR_2934,Cerebellum,52.0,104.2,Mus musculus
NEUR_9410,Striatum,124.43,116.66,Macaca mulatta
NEUR_5781,Striatum,119.28,93.77,Danio rerio
NEUR_9652,Hypothalamus,91.62,47.98,Rattus norvegicus
NEUR_5997,Amygdala,35.3,93.72,Mus musculus
NEUR_6751,Hypothalamus,62.95,28.08,Mus musculus
NEUR_6400,Cortex,71.47,50.24,Mus musculus
NEUR_5652,Hippocampus,126.09,38.62,Mus musculus
NEUR_7643,Thalamus,73.13,110.43,Mus musculus
NEUR_9687,Striatum,34.67,26.41,Rattus norvegicus
NEUR_2377,Striatum,141.35,25.49,Rattus norvegicus
NEUR_1350,Cerebellum,104.2,17.66,Rattus norvegicus
NEUR_3603,Cortex,2.54,81.04,Rattus norvegicus
NEUR_9358,Hippocampus,96.36,104.27,Rattus norvegicus
NEUR_3507,Cerebellum,145.21,57.73,Macaca mulatta
NEUR_2120,Cortex,56.14,28.23,Danio rerio
NEUR_6018,Thalamus,109.98,47.51,Macaca mulatta
NEUR_5405,Hypothalamus,88.22,100.1,Rattus norvegicus
NEUR_8807,Striatum,49.25,20.05,Mus musculus
NEUR_1202,Cerebellum,140.24,64.79,Danio rerio
NEUR_3342,Thalamus,107.2,55.08,Rattus norvegicus
NEUR_2848,Amygdala,52.75,20.57,Macaca mulatta
NEUR_4511,Striatum,41.65,101.36,Rattus norvegicus
NEUR_4194,Cortex,34.58,93.0,Rattus norvegicus
NEUR_6682,Cortex,29.79,103.35,Rattus norvegicus
NEUR_5752,Amygdala,97.02,116.08,Danio rerio
NEUR_5053,Hippocampus,36.16,78.67,Rattus norvegicus
NEUR_1927,Hippocampus,69.59,41.63,Rattus norvegicus
NEUR_7470,Cerebellum,68.78,107.88,Mus musculus
NEUR_2344,Hippocampus,46.35,116.52,Danio rerio
NEUR_4220,Amygdala,0.89,39.35,Danio rerio
NEUR_2023,Striatum,33.15,89.82,Mus musculus
NEUR_3055,Cerebellum,71.46,81.41,Mus musculus
NEUR_3690,Striatum,13.74,29.86,Danio rerio
NEUR_6700,Amygdala,102.68,29.19,Rattus norvegicus
NEUR_8206,Striatum,145.25,61.27,Mus musculus
NEUR_9687,Thalamus,98.49,75.68,Macaca mulatta
NEUR_9112,Hypothalamus,140.02,79.4,Rattus norvegicus
NEUR_6624,Striatum,122.73,77.33,Macaca mulatta
NEUR_6619,Cortex,57.21,33.55,Mus musculus
NEUR_5976,Hypothalamus,29.83,118.92,Macaca mulatta
NEUR_2358,Hippocampus,29.43,44.99,Rattus norvegicus
NEUR_8551,Hypothalamus,63.49,64.39,Macaca mulatta
NEUR_6206,Hippocampus,137.88,56.93,Rattus norvegicus
NEUR_4501,Striatum,1.05,105.2,Danio rerio
NEUR_5857,Hippocampus,137.76,92.5,Mus musculus
NEUR_1388,Hypothalamus,104.66,114.89,Rattus norvegicus
NEUR_1223,Cortex,18.02,69.95,Danio rerio
NEUR_3780,Cerebellum,113.35,109.31,Danio rerio
NEUR_7941,Hypothalamus,2.03,91.62,Mus musculus
NEUR_8888,Striatum,43.74,19.93,Rattus norvegicus
NEUR_4687,Cortex,80.74,97.77,Mus musculus
NEUR_4177,Cerebellum,137.27,21.63,Rattus norvegicus
NEUR_9397,Hypothalamus,83.5,81.61,Danio rerio
NEUR_2964,Hypothalamus,23.65,32.33,Rattus norvegicus
NEUR_4160,Thalamus,136.62,118.12,Rattus norvegicus
NEUR_7019,Striatum,143.24,83.47,Mus musculus
NEUR_6737,Hypothalamus,102.23,78.79,Macaca mulatta
NEUR_8604,Striatum,28.27,38.16,Danio rerio
NEUR_8818,Thalamus,8.4,20.83,Macaca mulatta
NEUR_1432,Hippocampus,121.35,77.84,Danio rerio
NEUR_5994,Hypothalamus,122.11,40.58,Mus musculus
NEUR_5102,Cortex,62.87,115.23,Danio rerio
NEUR_3119,Cortex,34.94,93.74,Mus musculus
NEUR_2380,Hippocampus,96.92,49.2,Macaca mulatta
NEUR_8696,Cortex,148.07,66.2,Rattus norvegicus
NEUR_7900,Cortex,104.21,81.34,Danio rerio
NEUR_5376,Hippocampus,31.78,77.16,Macaca mulatta
NEUR_1810,Striatum,97.3,87.59,Mus musculus
NEUR_9188,Hippocampus,30.46,60.22,Macaca mulatta
NEUR_4800,Thalamus,15.57,73.14,Macaca mulatta
NEUR_3461,Striatum,111.2,117.85,Macaca mulatta
NEUR_3485,Amygdala,54.31,79.54,Rattus norvegicus
NEUR_5657,Hypothalamus,82.14,65.06,Macaca mulatta
NEUR_8170,Hypothalamus,106.89,68.03,Mus musculus
NEUR_3059,Thalamus,104.01,89.97,Danio rerio
NEUR_8033,Cortex,39.3,20.07,Rattus norvegicus
NEUR_7237,Hippocampus,109.76,63.85,Danio rerio
NEUR_5247,Striatum,3.87,58.96,Macaca mulatta
NEUR_6533,Amygdala,47.76,61.81,Mus musculus
NEUR_3740,Amygdala,113.76,77.43,Rattus norvegicus
NEUR_3757,Amygdala,37.01,100.22,Rattus norvegicus
NEUR_6157,Cortex,100.51,114.21,Danio rerio
NEUR_2464,Hypothalamus,125.62,111.88,Macaca mulatta
NEUR_8573,Amygdala,68.36,23.16,Mus musculus
NEUR_6608,Cortex,39.48,88.99,Macaca mulatta
NEUR_4653,Cerebellum,96.76,87.47,Mus musculus
NEUR_2765,Striatum,146.59,47.23,Danio rerio
NEUR_2431,Amygdala,40.71,102.31,Mus musculus
NEUR_2952,Cerebellum,64.33,109.89,Mus musculus
NEUR_6456,Striatum,117.64,103.07,Rattus norvegicus
NEUR_1668,Amygdala,62.87,101.14,Macaca mulatta
NEUR_7143,Striatum,123.0,112.19,Macaca mulatta
NEUR_5474,Amygdala,41.71,48.14,Mus musculus
NEUR_3575,Hippocampus,24.72,29.41,Danio rerio
NEUR_4931,Cerebellum,26.02,74.27,Danio rerio
NEUR_8312,Hypothalamus,5.29,64.71,Rattus norvegicus
NEUR_9200,Thalamus,42.56,47.3,Macaca mulatta
NEUR_2918,Thalamus,65.44,118.86,Mus musculus
NEUR_6825,Amygdala,28.98,62.9,Rattus norvegicus
NEUR_9629,Cortex,148.3,98.29,Mus musculus
NEUR_6023,Cortex,47.3,61.13,Macaca mulatta
NEUR_8820,Cortex,21.07,55.37,Danio rerio
NEUR_2086,Thalamus,78.3,76.01,Macaca mulatta
NEUR_1870,Cortex,38.02,23.47,Danio rerio
NEUR_3473,Thalamus,102.98,80.08,Macaca mulatta
NEUR_5756,Amygdala,145.11,93.56,Macaca mulatta
NEUR_2517,Hippocampus,8.0,43.12,Macaca mulatta
NEUR_8410,Amygdala,112.27,92.6,Macaca mulatta
NEUR_2986,Striatum,45.67,40.73,Macaca mulatta
NEUR_3618,Striatum,95.6,67.72,Mus musculus
NEUR_9233,Cerebellum,144.6,84.27,Macaca mulatta
NEUR_8294,Cortex,140.03,48.86,Mus musculus
NEUR_1700,Striatum,145.25,105.24,Macaca mulatta
NEUR_3357,Striatum,47.68,12.18,Macaca mulatta
NEUR_8329,Amygdala,17.8,22.26,Mus musculus
NEUR_4942,Striatum,8.63,87.01,Mus musculus
NEUR_9478,Amygdala,11.95,13.84,Mus musculus
NEUR_9542,Amygdala,1.39,84.55,Mus musculus
NEUR_9824,Cortex,66.31,27.5,Danio rerio
NEUR_3408,Cerebellum,40.7,102.03,Rattus norvegicus
NEUR_5855,Hippocampus,13.67,101.56,Macaca mulatta
NEUR_5914,Hypothalamus,99.9,80.79,Mus musculus
NEUR_5554,Amygdala,111.15,71.74,Mus musculus
NEUR_5885,Amygdala,64.07,22.9,Rattus norvegicus
NEUR_7532,Cortex,20.83,36.37,Macaca mulatta
NEUR_2590,Amygdala,75.2,57.6,Danio rerio
NEUR_5844,Hippocampus,26.46,65.79,Danio rerio
NEUR_2235,Amygdala,134.67,45.05,Rattus norvegicus
NEUR_8763,Striatum,142.83,96.08,Rattus norvegicus
NEUR_1884,Cerebellum,19.66,84.0,Danio rerio
NEUR_4305,Cerebellum,41.84,88.94,Mus musculus
NEUR_4273,Striatum,56.28,119.85,Macaca mulatta
NEUR_3297,Thalamus,21.24,47.63,Mus musculus
NEUR_7382,Cortex,1.93,30.82,Danio rerio
NEUR_2068,Hypothalamus,141.18,66.23,Danio rerio
NEUR_4750,Striatum,90.0,56.11,Macaca mulatta
NEUR_8944,Hippocampus,50.27,57.67,Rattus norvegicus
NEUR_8454,Hippocampus,116.49,10.84,Macaca mulatta
NEUR_6855,Cortex,66.58,47.87,Mus musculus
NEUR_1285,Cortex,40.25,28.12,Macaca mulatta
NEUR_5524,Hypothalamus,41.22,55.21,Mus musculus
NEUR_6102,Cortex,137.91,103.62,Danio rerio
NEUR_6411,Cortex,50.84,63.47,Rattus norvegicus
NEUR_7451,Hypothalamus,37.49,74.39,Danio rerio
NEUR_6866,Hypothalamus,138.35,64.77,Mus musculus
NEUR_4447,Amygdala,34.33,50.51,Rattus norvegicus
NEUR_1085,Thalamus,110.82,34.19,Rattus norvegicus
NEUR_7042,Amygdala,67.97,108.08,Mus musculus
NEUR_2843,Striatum,45.8,48.91,Rattus norvegicus
NEUR_3423,Amygdala,21.05,47.24,Mus musculus
NEUR_7197,Thalamus,122.14,103.38,Danio rerio
NEUR_1085,Striatum,116.22,119.17,Mus musculus
NEUR_8700,Hippocampus,128.96,39.96,Macaca mulatta
NEUR_6419,Cortex,116.91,113.4,Danio rerio
NEUR_5109,Hippocampus,11.22,62.22,Rattus norvegicus
NEUR_4149,Thalamus,109.82,71.82,Danio rerio
NEUR_5468,Hypothalamus,143.08,97.54,Danio rerio
NEUR_2375,Thalamus,95.92,52.47,Macaca mulatta
NEUR_6163,Striatum,113.37,54.58,Mus musculus
NEUR_2936,Amygdala,72.77,53.01,Mus musculus
NEUR_4508,Hippocampus,1.24,17.38,Mus musculus
NEUR_5936,Amygdala,92.43,35.51,Macaca mulatta
NEUR_3711,Cortex,53.94,18.53,Macaca mulatta
NEUR_4049,Thalamus,22.5,63.94,Macaca mulatta
NEUR_5093,Hippocampus,22.91,60.37,Rattus norvegicus
NEUR_6005,Cerebellum,32.05,68.92,Rattus norvegicus
NEUR_8544,Cerebellum,9.32,107.22,Macaca mulatta
NEUR_1407,Striatum,0.18,106.82,Danio rerio
NEUR_4263,Hippocampus,4.28,51.41,Mus musculus
NEUR_6161,Hippocampus,93.97,19.58,Macaca mulatta
NEUR_9485,Amygdala,42.02,36.39,Macaca mulatta
NEUR_1747,Cortex,104.48,105.21,Danio rerio
NEUR_1480,Cortex,22.96,24.97,Danio rerio
NEUR_6849,Cerebellum,72.37,108.59,Mus musculus
NEUR_4763,Cortex,63.38,80.87,Rattus norvegicus
NEUR_6136,Striatum,74.33,117.56,Rattus norvegicus
NEUR_2630,Hippocampus,86.49,70.05,Mus musculus
NEUR_7514,Thalamus,149.96,96.51,Rattus norvegicus
NEUR_5078,Hippocampus,48.01,98.01,Mus musculus
NEUR_9367,Thalamus,90.31,72.2,Macaca mulatta
NEUR_5443,Amygdala,99.31,50.03,Rattus norvegicus
NEUR_9083,Cortex,141.86,32.5,Rattus norvegicus
NEUR_6597,Cortex,130.28,15.63,Macaca mulatta
NEUR_3716,Striatum,112.83,78.23,Macaca mulatta
NEUR_7396,Thalamus,99.9,89.56,Rattus norvegicus
NEUR_8969,Thalamus,88.96,71.48,Danio rerio
NEUR_6168,Striatum,71.06,70.6,Danio rerio
NEUR_6264,Cortex,10.99,99.91,Macaca mulatta
NEUR_2091,Hippocampus,4.52,75.52,Danio rerio
NEUR_6337,Cerebellum,57.17,31.16,Mus musculus
NEUR_7810,Hypothalamus,9.32,118.64,Macaca mulatta
NEUR_9867,Hypothalamus,99.45,29.86,Danio rerio
NEUR_9258,Striatum,71.52,10.77,Danio rerio
NEUR_9748,Thalamus,63.98,59.8,Danio rerio
NEUR_6414,Amygdala,116.8,15.4,Macaca mulatta
NEUR_7426,Hypothalamus,84.62,16.0,Rattus norvegicus
NEUR_2462,Hypothalamus,59.99,30.75,Danio rerio
NEUR_9333,Cortex,89.02,66.78,Danio rerio
NEUR_3954,Hippocampus,30.04,87.06,Mus musculus
NEUR_7643,Striatum,17.05,110.51,Mus musculus
NEUR_5365,Hippocampus,1.7,103.26,Rattus norvegicus
NEUR_6626,Striatum,3.84,26.79,Danio rerio
NEUR_6429,Cortex,86.83,109.26,Mus musculus
NEUR_1587,Thalamus,145.81,96.81,Rattus norvegicus
NEUR_2244,Hippocampus,120.2,111.07,Macaca mulatta
NEUR_3049,Cortex,40.57,36.52,Rattus norvegicus
NEUR_4529,Cerebellum,41.59,52.06,Rattus norvegicus
NEUR_6069,Thalamus,128.29,101.82,Macaca mulatta
NEUR_6441,Hippocampus,86.27,40.73,Danio rerio
NEUR_2093,Amygdala,124.19,50.49,Rattus norvegicus
NEUR_7368,Hypothalamus,144.54,32.45,Macaca mulatta
NEUR_6697,Amygdala,13.96,99.41,Macaca mulatta
NEUR_4143,Amygdala,61.26,67.52,Rattus norvegicus
NEUR_5811,Amygdala,76.15,16.12,Rattus norvegicus
NEUR_8896,Cerebellum,10.5,74.68,Mus musculus
NEUR_6842,Amygdala,35.01,28.11,Rattus norvegicus
NEUR_4591,Hippocampus,88.54,109.09,Macaca mulatta
NEUR_1593,Striatum,95.73,103.92,Danio rerio
NEUR_1087,Hypothalamus,123.08,109.47,Danio rerio
NEUR_3277,Cortex,30.71,21.64,Danio rerio
NEUR_4535,Thalamus,137.11,73.08,Macaca mulatta
NEUR_2754,Thalamus,86.2,69.23,Danio rerio
NEUR_9729,Striatum,10.5,64.92,Danio rerio
NEUR_7105,Hypothalamus,125.76,22.72,Danio rerio
NEUR_9932,Cortex,33.75,33.99,Danio rerio
NEUR_3471,Cortex,91.28,109.86,Rattus norvegicus
NEUR_6275,Amygdala,77.03,25.02,Macaca mulatta
NEUR_2720,Striatum,77.87,97.1,Macaca mulatta
NEUR_1979,Striatum,98.29,80.92,Mus musculus
NEUR_7190,Striatum,61.32,94.82,Macaca mulatta
NEUR_7371,Cortex,131.15,39.25,Macaca mulatta
NEUR_2759,Cerebellum,110.11,98.66,Rattus norvegicus
NEUR_6658,Thalamus,113.56,49.07,Macaca mulatta
NEUR_4621,Cerebellum,29.63,22.67,Mus musculus
NEUR_4061,Thalamus,59.4,37.78,Rattus norvegicus
NEUR_9881,Striatum,1.33,57.24,Rattus norvegicus
NEUR_3016,Striatum,146.1,60.81,Mus musculus
NEUR_1985,Hypothalamus,112.73,87.48,Mus musculus
NEUR_5855,Cortex,93.03,67.16,Mus musculus
NEUR_2631,Hypothalamus,96.33,69.24,Macaca mulatta
NEUR_7119,Thalamus,125.67,29.65,Danio rerio
NEUR_4378,Thalamus,125.25,115.81,Macaca mulatta
NEUR_2728,Cerebellum,61.54,89.3,Mus musculus
NEUR_7544,Hippocampus,139.38,117.93,Danio rerio
NEUR_1162,Hypothalamus,5.17,89.78,Macaca mulatta
NEUR_6053,Hippocampus,71.66,14.55,Rattus norvegicus
NEUR_7286,Hippocampus,147.51,106.63,Danio rerio
NEUR_8552,Amygdala,3.93,60.51,Mus musculus
NEUR_6353,Cortex,125.72,78.52,Rattus norvegicus
NEUR_9455,Cerebellum,133.09,34.49,Danio rerio
NEUR_9400,Hypothalamus,59.58,67.53,Mus musculus
NEUR_4009,Amygdala,127.12,69.35,Mus musculus
NEUR_5542,Cerebellum,123.36,92.35,Rattus norvegicus
NEUR_1253,Hypothalamus,57.58,46.61,Rattus norvegicus
NEUR_5838,Hippocampus,24.18,73.66,Danio rerio
NEUR_7579,Amygdala,147.68,109.6,Mus musculus
NEUR_5847,Thalamus,60.99,111.11,Mus musculus
NEUR_7410,Hypothalamus,117.82,14.16,Macaca mulatta
NEUR_4725,Cortex,72.19,53.97,Macaca mulatta
NEUR_3149,Amygdala,24.62,95.08,Rattus norvegicus
NEUR_8323,Cortex,145.89,37.74,Rattus norvegicus
NEUR_1198,Hippocampus,140.84,26.47,Macaca mulatta
NEUR_6276,Amygdala,65.5,85.54,Macaca mulatta
NEUR_6687,Amygdala,57.18,47.42,Mus musculus
NEUR_1515,Cortex,5.75,91.28,Rattus norvegicus
NEUR_4917,Hypothalamus,136.63,76.97,Danio rerio
NEUR_3800,Striatum,19.73,118.0,Macaca mulatta
NEUR_2509,Striatum,101.23,76.6,Macaca mulatta
NEUR_5229,Cerebellum,76.7,33.66,Macaca mulatta
NEUR_8407,Amygdala,60.73,99.12,Rattus norvegicus
NEUR_9144,Striatum,109.57,75.09,Danio rerio
NEUR_4936,Striatum,40.44,30.68,Danio rerio
NEUR_1536,Hypothalamus,131.76,33.74,Macaca mulatta
NEUR_9831,Amygdala,6.48,12.68,Rattus norvegicus
NEUR_1050,Cortex,119.24,73.96,Rattus norvegicus
NEUR_9360,Thalamus,135.67,113.18,Macaca mulatta
NEUR_4877,Amygdala,28.4,88.2,Macaca mulatta
NEUR_2250,Thalamus,49.17,12.8,Danio rerio
NEUR_4622,Thalamus,45.04,25.62,Macaca mulatta
NEUR_6508,Cortex,0.87,20.11,Macaca mulatta
NEUR_6108,Amygdala,131.16,43.71,Mus musculus
NEUR_9022,Thalamus,137.76,66.39,Mus musculus
NEUR_7769,Striatum,131.95,92.24,Macaca mulatta
NEUR_6527,Thalamus,134.11,23.04,Danio rerio
NEUR_1095,Amygdala,28.37,65.37,Danio rerio
NEUR_8067,Thalamus,11.97,11.17,Mus musculus
NEUR_5082,Cerebellum,130.89,108.4,Macaca mulatta
NEUR_5948,Amygdala,43.23,100.16,Macaca mulatta
NEUR_7462,Cerebellum,53.24,113.39,Macaca mulatta
NEUR_9736,Hypothalamus,134.78,36.07,Mus musculus
NEUR_3688,Striatum,112.23,10.6,Mus musculus
NEUR_4317,Hippocampus,80.25,11.75,Danio rerio
NEUR_7343,Hippocampus,100.58,57.92,Danio rerio
NEUR_3855,Cerebellum,81.09,111.49,Macaca mulatta
NEUR_8035,Amygdala,11.99,57.5,Rattus norvegicus
NEUR_9255,Hypothalamus,24.5,62.77,Rattus norvegicus
NEUR_2135,Hypothalamus,143.1,111.14,Mus musculus
NEUR_9066,Hypothalamus,103.39,96.94,Danio rerio
NEUR_8821,Hippocampus,132.02,74.03,Macaca mulatta
NEUR_2755,Hippocampus,35.54,76.07,Mus musculus
NEUR_9543,Cortex,138.37,47.12,Rattus norvegicus
NEUR_5298,Cerebellum,52.78,19.67,Macaca mulatta
NEUR_8861,Amygdala,57.78,98.64,Mus musculus
NEUR_7907,Thalamus,45.7,26.2,Danio rerio
NEUR_8730,Thalamus,16.83,52.76,Danio rerio
NEUR_7398,Thalamus,149.63,81.33,Danio rerio
NEUR_7827,Hypothalamus,108.02,14.99,Danio rerio
NEUR_9954,Cerebellum,122.88,74.21,Macaca mulatta
NEUR_8111,Cerebellum,106.02,28.21,Danio rerio
NEUR_2668,Thalamus,53.16,77.48,Mus musculus
NEUR_3209,Cerebellum,77.41,98.99,Macaca mulatta
NEUR_3788,Hypothalamus,133.13,56.63,Danio rerio
NEUR_2164,Hippocampus,128.4,96.26,Rattus norvegicus
NEUR_5599,Striatum,104.34,71.14,Rattus norvegicus
NEUR_4273,Hippocampus,74.32,111.58,Rattus norvegicus
NEUR_3056,Striatum,34.17,103.58,Rattus norvegicus
NEUR_9761,Cortex,137.29,117.29,Danio rerio
NEUR_6785,Striatum,68.84,63.61,Mus musculus
NEUR_8151,Hippocampus,62.12,106.1,Mus musculus
NEUR_5911,Thalamus,109.3,110.67,Danio rerio
NEUR_4534,Amygdala,23.5,73.82,Macaca mulatta
NEUR_5764,Cerebellum,128.88,17.34,Rattus norvegicus
NEUR_4193,Hypothalamus,104.01,90.02,Danio rerio
NEUR_4486,Cerebellum,49.24,44.79,Rattus norvegicus
NEUR_2082,Cortex,72.0,103.29,Mus musculus
NEUR_3370,Hypothalamus,61.9,60.61,Rattus norvegicus
NEUR_1097,Hypothalamus,45.49,119.44,Mus musculus
NEUR_9080,Cortex,84.83,80.06,Macaca mulatta
NEUR_6326,Thalamus,92.9,53.19,Mus musculus
NEUR_5603,Thalamus,142.71,119.65,Macaca mulatta
NEUR_7368,Hypothalamus,29.33,104.95,Mus musculus
NEUR_2215,Cortex,6.21,24.41,Rattus norvegicus
NEUR_6485,Striatum,56.22,15.91,Mus musculus
NEUR_5385,Amygdala,115.7,34.02,Danio rerio
NEUR_1125,Cerebellum,142.84,51.4,Danio rerio
NEUR_8340,Cortex,19.04,73.28,Rattus norvegicus
NEUR_7731,Amygdala,103.27,83.37,Macaca mulatta
NEUR_7472,Striatum,111.81,96.11,Rattus norvegicus
NEUR_9321,Thalamus,33.91,87.47,Macaca mulatta
NEUR_8698,Amygdala,1.4,29.02,Danio rerio
NEUR_4524,Hypothalamus,38.42,97.91,Mus musculus
NEUR_6001,Striatum,31.53,30.92,Rattus norvegicus
NEUR_2914,Thalamus,76.21,57.17,Macaca mulatta
NEUR_8058,Cortex,36.26,61.05,Macaca mulatta
NEUR_4113,Cerebellum,64.04,42.46,Rattus norvegicus
NEUR_9327,Cerebellum,128.31,101.1,Macaca mulatta
NEUR_7041,Amygdala,64.9,76.73,Mus musculus
NEUR_6619,Hippocampus,6.41,52.1,Danio rerio
NEUR_8198,Hippocampus,111.54,87.21,Mus musculus
NEUR_3288,Thalamus,117.89,65.15,Mus musculus
NEUR_2854,Amygdala,28.12,74.56,Macaca mulatta
NEUR_3866,Hippocampus,142.32,91.73,Danio rerio
NEUR_7393,Hypothalamus,86.22,116.95,Mus musculus
NEUR_4052,Hypothalamus,84.82,53.59,Macaca mulatta
NEUR_9223,Cortex,22.93,41.53,Mus musculus
NEUR_4913,Cerebellum,9.41,104.7,Rattus norvegicus
NEUR_1142,Cortex,89.06,68.72,Mus musculus
NEUR_5544,Amygdala,57.5,54.87,Macaca mulatta
NEUR_1502,Cerebellum,124.12,77.22,Mus musculus
NEUR_7463,Striatum,9.51,30.37,Macaca mulatta
NEUR_7943,Cerebellum,55.94,79.14,Macaca mulatta
NEUR_5725,Cerebellum,5.75,54.5,Rattus norvegicus
NEUR_7428,Hypothalamus,64.22,115.33,Macaca mulatta
NEUR_6900,Amygdala,22.14,67.33,Rattus norvegicus
NEUR_3903,Cortex,116.53,63.1,Mus musculus
NEUR_3706,Thalamus,148.16,54.48,Danio rerio
NEUR_2659,Cerebellum,75.27,109.57,Rattus norvegicus
NEUR_9664,Thalamus,63.79,54.73,Danio rerio
NEUR_4248,Striatum,18.21,20.22,Mus musculus
NEUR_5235,Thalamus,17.76,43.48,Danio rerio
NEUR_3248,Striatum,141.47,86.74,Rattus norvegicus
NEUR_7387,Thalamus,112.31,89.64,Danio rerio
NEUR_8982,Cortex,142.08,46.61,Macaca mulatta
NEUR_7467,Striatum,21.78,37.77,Rattus norvegicus
NEUR_8403,Hippocampus,130.84,99.69,Macaca mulatta
NEUR_1020,Striatum,69.51,69.15,Rattus norvegicus
NEUR_5652,Thalamus,62.96,91.89,Rattus norvegicus
NEUR_5029,Cerebellum,95.31,39.13,Macaca mulatta
NEUR_3268,Cerebellum,58.81,104.9,Danio rerio
NEUR_7954,Cortex,8.35,93.63,Danio rerio
NEUR_3137,Hippocampus,60.44,41.76,Mus musculus
NEUR_8548,Thalamus,45.3,17.27,Macaca mulatta
NEUR_6065,Hypothalamus,128.0,102.3,Macaca mulatta
NEUR_4839,Hypothalamus,53.84,34.2,Danio rerio
NEUR_2972,Striatum,41.67,101.83,Macaca mulatta
NEUR_2834,Hippocampus,7.95,50.5,Mus musculus
NEUR_8801,Cortex,55.85,70.45,Rattus norvegicus
NEUR_2099,Amygdala,121.77,61.47,Mus musculus
NEUR_1106,Hypothalamus,46.75,82.14,Danio rerio
NEUR_9607,Cortex,101.31,51.16,Macaca mulatta
NEUR_2637,Cerebellum,96.72,10.32,Rattus norvegicus
NEUR_9591,Hypothalamus,69.6,69.94,Mus musculus
NEUR_3514,Hypothalamus,131.73,37.81,Rattus norvegicus
NEUR_8836,Cerebellum,111.61,12.14,Macaca mulatta
NEUR_3455,Cortex,55.76,25.81,Danio rerio
NEUR_3304,Thalamus,87.2,93.6,Macaca mulatta
NEUR_5179,Striatum,98.23,43.82,Macaca mulatta
NEUR_4170,Cerebellum,146.61,16.01,Danio rerio
NEUR_3570,Striatum,56.3,95.24,Mus musculus
NEUR_2526,Cortex,63.88,31.83,Rattus norvegicus
NEUR_8392,Thalamus,38.45,53.47,Danio rerio
NEUR_6605,Thalamus,34.73,108.64,Mus musculus
NEUR_7642,Cerebellum,109.52,100.2,Rattus norvegicus
NEUR_2656,Cerebellum,20.62,82.72,Rattus norvegicus
NEUR_2144,Cerebellum,79.37,53.06,Macaca mulatta
NEUR_8793,Cerebellum,32.39,57.81,Macaca mulatta
NEUR_7664,Striatum,72.36,36.72,Mus musculus
NEUR_1218,Thalamus,3.06,112.63,Mus musculus
NEUR_8829,Cerebellum,48.18,112.9,Danio rerio
NEUR_1308,Hippocampus,63.43,30.8,Mus musculus
NEUR_6787,Hypothalamus,71.58,92.34,Macaca mulatta
NEUR_4691,Cerebellum,148.54,28.79,Mus musculus
NEUR_1244,Thalamus,4.62,54.69,Danio rerio
NEUR_8971,Cerebellum,118.93,112.68,Rattus norvegicus
NEUR_3985,Cortex,36.88,89.93,Danio rerio
NEUR_4477,Thalamus,69.2,30.56,Danio rerio
NEUR_2087,Hippocampus,142.1,64.8,Danio rerio
NEUR_8808,Hypothalamus,120.42,75.47,Macaca mulatta
NEUR_6929,Amygdala,10.83,110.92,Macaca mulatta
NEUR_8576,Thalamus,30.91,47.75,Danio rerio
NEUR_6019,Cortex,81.42,12.18,Mus musculus
NEUR_8842,Striatum,129.12,53.66,Macaca mulatta
NEUR_8570,Thalamus,108.53,115.1,Danio rerio
NEUR_8385,Hypothalamus,33.67,69.6,Macaca mulatta
NEUR_9631,Striatum,128.76,37.45,Danio rerio
NEUR_4394,Thalamus,108.5,82.68,Macaca mulatta
NEUR_5358,Hippocampus,102.61,41.84,Danio rerio
NEUR_9568,Cerebellum,97.93,23.74,Rattus norvegicus
NEUR_9738,Cortex,32.76,88.55,Mus musculus
NEUR_9103,Cerebellum,13.72,54.57,Mus musculus
NEUR_9366,Cortex,87.7,116.71,Mus musculus
NEUR_5668,Cortex,38.92,56.32,Macaca mulatta
NEUR_5923,Amygdala,123.13,55.41,Rattus norvegicus
NEUR_4085,Thalamus,143.39,69.99,Mus musculus
NEUR_6441,Hippocampus,146.71,15.24,Macaca mulatta
NEUR_6782,Striatum,31.51,46.6,Mus musculus
NEUR_7163,Cerebellum,148.41,46.48,Mus musculus
NEUR_3620,Cortex,141.84,53.87,Danio rerio
NEUR_5009,Striatum,76.25,60.44,Mus musculus
NEUR_1555,Hypothalamus,140.28,12.27,Mus musculus
NEUR_3205,Cerebellum,0.74,76.39,Rattus norvegicus
NEUR_9806,Hippocampus,4.92,90.13,Macaca mulatta
NEUR_8193,Hypothalamus,63.79,48.69,Mus musculus
NEUR_4863,Hippocampus,93.98,63.1,Danio rerio
NEUR_8540,Hippocampus,66.45,84.96,Danio rerio
NEUR_8457,Cerebellum,24.84,94.32,Macaca mulatta
NEUR_9340,Striatum,31.15,20.07,Rattus norvegicus
NEUR_8743,Thalamus,140.77,91.1,Danio rerio
NEUR_7058,Cortex,42.24,44.07,Mus musculus
NEUR_5825,Cortex,62.07,41.88,Rattus norvegicus
NEUR_5501,Thalamus,64.12,29.77,Macaca mulatta
NEUR_1154,Cerebellum,54.47,49.59,Mus musculus
NEUR_2396,Thalamus,100.47,118.92,Danio rerio
NEUR_4306,Thalamus,56.7,60.87,Mus musculus
NEUR_1897,Cortex,46.55,58.41,Rattus norvegicus
NEUR_6996,Amygdala,50.24,118.23,Rattus norvegicus
NEUR_7440,Hypothalamus,147.25,114.47,Mus musculus
NEUR_3896,Thalamus,98.39,22.48,Macaca mulatta
NEUR_3149,Amygdala,50.61,54.33,Macaca mulatta
NEUR_5497,Cortex,40.55,103.15,Macaca mulatta
NEUR_4168,Cortex,68.85,38.9,Macaca mulatta
NEUR_8696,Amygdala,111.55,23.87,Mus musculus
NEUR_9461,Thalamus,120.07,85.4,Rattus norvegicus
NEUR_5096,Cortex,24.38,112.75,Rattus norvegicus
NEUR_2275,Striatum,71.1,116.61,Danio rerio
NEUR_6876,Cortex,88.9,72.92,Rattus norvegicus
NEUR_3090,Hypothalamus,101.77,53.84,Danio rerio
NEUR_5515,Hippocampus,44.15,91.19,Danio rerio
NEUR_6209,Cortex,32.17,13.73,Mus musculus
NEUR_6665,Hippocampus,18.32,68.75,Mus musculus
NEUR_3128,Striatum,29.75,84.54,Macaca mulatta
NEUR_7283,Hippocampus,0.95,94.13,Macaca mulatta
NEUR_5775,Thalamus,60.73,77.78,Macaca mulatta
NEUR_9003,Hypothalamus,138.21,27.21,Mus musculus
NEUR_5710,Cerebellum,81.34,29.59,Mus musculus
NEUR_5317,Thalamus,52.32,40.57,Macaca mulatta
NEUR_4176,Thalamus,81.98,31.4,Danio rerio
NEUR_5905,Amygdala,144.3,13.72,Rattus norvegicus
NEUR_6421,Amygdala,79.2,18.8,Danio rerio
NEUR_8230,Cerebellum,89.38,43.9,Mus musculus
NEUR_5486,Hippocampus,93.15,48.88,Mus musculus
NEUR_6390,Thalamus,31.84,88.11,Rattus norvegicus
NEUR_3106,Cerebellum,50.03,98.78,Mus musculus
NEUR_3847,Amygdala,77.98,77.51,Mus musculus
NEUR_7836,Amygdala,38.57,47.87,Mus musculus
NEUR_7060,Cortex,142.26,108.22,Mus musculus
NEUR_8383,Thalamus,99.6,62.34,Mus musculus
NEUR_6153,Thalamus,95.44,20.02,Danio rerio
NEUR_8268,Hippocampus,52.94,58.4,Danio rerio
NEUR_7480,Hypothalamus,65.53,76.65,Mus musculus
NEUR_8481,Hippocampus,57.18,55.89,Rattus norvegicus
NEUR_8156,Hypothalamus,82.07,65.42,Macaca mulatta
NEUR_8460,Striatum,82.42,10.69,Macaca mulatta
NEUR_2451,Striatum,64.63,116.52,Mus musculus
NEUR_1464,Striatum,33.38,15.51,Mus musculus
NEUR_5011,Thalamus,144.17,52.07,Macaca mulatta
NEUR_2604,Amygdala,65.75,17.89,Danio rerio
NEUR_7279,Thalamus,77.78,55.75,Danio rerio
NEUR_7447,Cortex,52.58,64.71,Mus musculus
NEUR_8400,Hypothalamus,46.91,96.37,Mus musculus
NEUR_3764,Cerebellum,45.09,73.09,Danio rerio
NEUR_8842,Striatum,139.7,54.11,Danio rerio
NEUR_6156,Striatum,90.31,10.25,Danio rerio
NEUR_2691,Hippocampus,10.27,105.31,Danio rerio
NEUR_2182,Cortex,32.96,118.91,Rattus norvegicus
NEUR_1217,Thalamus,87.84,50.35,Rattus norvegicus
NEUR_8765,Striatum,30.85,94.61,Mus musculus
NEUR_7836,Cerebellum,97.4,23.13,Danio rerio
NEUR_4757,Hippocampus,143.49,65.79,Macaca mulatta
NEUR_3052,Amygdala,66.54,25.08,Rattus norvegicus
NEUR_9638,Hippocampus,127.26,62.26,Mus musculus
NEUR_7394,Amygdala,18.55,118.41,Rattus norvegicus
NEUR_1245,Amygdala,45.56,96.05,Mus musculus
NEUR_8753,Thalamus,74.39,33.45,Rattus norvegicus
NEUR_8523,Amygdala,89.86,57.53,Rattus norvegicus
NEUR_8348,Hypothalamus,86.22,67.25,Rattus norvegicus
NEUR_8169,Thalamus,29.22,29.33,Danio rerio
NEUR_4730,Cortex,138.98,106.3,Danio rerio
NEUR_6277,Amygdala,43.67,89.11,Danio rerio
NEUR_8264,Cortex,2.54,19.19,Macaca mulatta
NEUR_9439,Striatum,72.85,75.01,Mus musculus
NEUR_7104,Thalamus,90.58,82.35,Mus musculus
NEUR_5623,Cerebellum,110.39,63.43,Mus musculus
NEUR_1592,Cortex,145.6,82.9,Rattus norvegicus
NEUR_5013,Striatum,95.7,76.44,Mus musculus
NEUR_6584,Cortex,37.74,41.77,Macaca mulatta
NEUR_7862,Hippocampus,76.33,95.19,Mus musculus
NEUR_6345,Striatum,139.3,18.47,Danio rerio
NEUR_7070,Amygdala,78.14,24.17,Macaca mulatta
NEUR_4641,Cerebellum,10.05,74.34,Rattus norvegicus
NEUR_8782,Amygdala,93.65,80.24,Macaca mulatta
NEUR_6527,Striatum,31.27,55.48,Macaca mulatta
NEUR_9882,Hypothalamus,23.22,117.58,Danio rerio
NEUR_2435,Hippocampus,129.28,118.47,Macaca mulatta
NEUR_7902,Striatum,57.83,53.28,Rattus norvegicus
NEUR_4794,Amygdala,120.77,13.31,Danio rerio
NEUR_6828,Striatum,3.71,107.29,Rattus norvegicus
NEUR_6719,Cerebellum,73.71,28.1,Rattus norvegicus
NEUR_7942,Amygdala,78.92,95.77,Mus musculus
NEUR_5859,Hypothalamus,35.62,64.22,Danio rerio
NEUR_1911,Cortex,8.57,112.26,Mus musculus
NEUR_8121,Amygdala,6.09,79.2,Macaca mulatta
NEUR_1751,Striatum,143.76,107.67,Mus musculus
NEUR_4412,Striatum,117.71,53.42,Macaca mulatta
NEUR_8154,Cortex,55.73,31.17,Danio rerio
NEUR_1920,Hippocampus,9.84,108.67,Macaca mulatta
NEUR_8823,Thalamus,73.75,41.56,Rattus norvegicus
NEUR_3236,Hypothalamus,6.7,81.25,Macaca mulatta
NEUR_6261,Hypothalamus,79.97,23.35,Rattus norvegicus
NEUR_3172,Cortex,126.65,114.56,Macaca mulatta
NEUR_9500,Striatum,92.94,18.72,Rattus norvegicus
NEUR_9493,Amygdala,67.13,90.83,Macaca mulatta
NEUR_5615,Hippocampus,64.88,50.4,Rattus norvegicus
NEUR_3124,Thalamus,80.78,82.2,Rattus norvegicus
NEUR_3418,Thalamus,61.01,115.44,Rattus norvegicus
NEUR_9084,Hypothalamus,104.92,89.65,Mus musculus
NEUR_3414,Amygdala,48.29,51.95,Danio rerio
NEUR_7877,Cerebellum,7.4,69.0,Danio rerio
NEUR_5847,Hypothalamus,27.66,37.15,Mus musculus
NEUR_7600,Thalamus,120.34,54.49,Danio rerio
NEUR_6697,Hippocampus,92.37,84.96,Rattus norvegicus
NEUR_1669,Amygdala,68.98,71.12,Rattus norvegicus
NEUR_6724,Cerebellum,44.22,102.76,Rattus norvegicus
NEUR_2436,Amygdala,65.45,96.44,Rattus norvegicus
NEUR_8167,Thalamus,106.32,26.05,Macaca mulatta
NEUR_8404,Cortex,117.38,24.7,Macaca mulatta
NEUR_4245,Cortex,115.33,112.54,Danio rerio
NEUR_6842,Thalamus,129.61,16.42,Macaca mulatta
NEUR_2114,Striatum,35.62,11.4,Macaca mulatta
NEUR_5810,Striatum,69.03,78.66,Mus musculus
NEUR_8802,Cortex,107.89,43.23,Rattus norvegicus
NEUR_5764,Cerebellum,123.23,29.88,Danio rerio
NEUR_7544,Thalamus,106.75,13.79,Danio rerio
NEUR_1344,Cortex,48.77,53.59,Macaca mulatta
NEUR_1674,Striatum,127.38,94.07,Danio rerio
NEUR_6861,Striatum,14.22,90.34,Mus musculus
NEUR_5206,Hippocampus,21.82,70.56,Mus musculus
NEUR_9087,Thalamus,63.14,41.18,Mus musculus
NEUR_1492,Hippocampus,118.72,91.22,Rattus norvegicus
NEUR_6485,Hypothalamus,37.17,105.53,Mus musculus
NEUR_6532,Cortex,129.27,39.36,Macaca mulatta
NEUR_9042,Amygdala,44.77,83.75,Mus musculus
NEUR_6144,Thalamus,145.76,19.99,Macaca mulatta
NEUR_4917,Thalamus,142.58,107.84,Danio rerio
NEUR_2982,Hippocampus,146.73,88.66,Rattus norvegicus
NEUR_8129,Striatum,139.75,88.98,Danio rerio
NEUR_6787,Cortex,4.45,31.23,Rattus norvegicus
NEUR_2612,Hypothalamus,73.77,14.85,Danio rerio
NEUR_8452,Hippocampus,131.46,83.21,Danio rerio
NEUR_7377,Hippocampus,38.39,79.99,Danio rerio
NEUR_7322,Cortex,27.5,23.07,Macaca mulatta
NEUR_7833,Hippocampus,134.04,43.37,Rattus norvegicus
NEUR_2285,Hypothalamus,109.74,29.03,Macaca mulatta
NEUR_6962,Striatum,2.48,66.99,Danio rerio
NEUR_9507,Striatum,67.8,37.52,Macaca mulatta
NEUR_7076,Cerebellum,111.35,70.1,Danio rerio
NEUR_7961,Cortex,147.57,21.0,Rattus norvegicus
NEUR_5373,Amygdala,93.7,67.18,Macaca mulatta
NEUR_3175,Thalamus,105.51,84.12,Macaca mulatta
NEUR_5400,Hippocampus,146.34,62.49,Danio rerio
NEUR_5464,Cortex,12.67,74.27,Mus musculus
NEUR_6474,Cortex,90.76,41.7,Macaca mulatta
NEUR_9139,Hippocampus,145.93,79.31,Danio rerio
NEUR_8927,Hippocampus,65.82,22.27,Macaca mulatta
NEUR_8580,Cortex,43.3,87.72,Rattus norvegicus
NEUR_6120,Thalamus,105.43,14.44,Danio rerio
NEUR_3191,Cerebellum,97.68,94.36,Macaca mulatta
NEUR_2609,Hypothalamus,31.53,72.59,Macaca mulatta
NEUR_2906,Thalamus,114.29,70.07,Mus musculus
NEUR_9753,Striatum,114.25,25.71,Rattus norvegicus
NEUR_1424,Striatum,70.25,23.59,Mus musculus
NEUR_3296,Cerebellum,115.04,29.18,Mus musculus
NEUR_1069,Amygdala,136.83,103.34,Rattus norvegicus
NEUR_9410,Striatum,91.17,13.51,Macaca mulatta
NEUR_7568,Thalamus,54.84,107.8,Rattus norvegicus
NEUR_4639,Amygdala,7.05,76.94,Danio rerio
NEUR_6447,Striatum,62.69,50.65,Rattus norvegicus
NEUR_5152,Cortex,69.4,34.24,Danio rerio
NEUR_4484,Striatum,93.45,105.24,Rattus norvegicus
NEUR_8126,Thalamus,39.47,67.64,Danio rerio
NEUR_3962,Striatum,37.83,80.02,Danio rerio
NEUR_3181,Amygdala,45.83,38.1,Macaca mulatta
NEUR_1233,Cortex,54.14,79.01,Mus musculus
NEUR_5154,Cerebellum,130.4,70.07,Danio rerio
NEUR_8436,Hippocampus,20.55,88.34,Mus musculus
NEUR_7678,Hippocampus,98.67,74.8,Danio rerio
NEUR_8235,Cerebellum,81.77,91.95,Macaca mulatta
NEUR_5543,Cortex,48.77,47.38,Macaca mulatta
NEUR_7454,Amygdala,134.36,39.52,Danio rerio
NEUR_4330,Amygdala,33.99,111.89,Danio rerio
NEUR_2664,Cortex,13.71,70.93,Macaca mulatta
NEUR_7718,Cerebellum,7.27,95.42,Macaca mulatta
NEUR_4571,Striatum,137.34,50.01,Macaca mulatta
NEUR_2366,Cerebellum,120.2,115.44,Rattus norvegicus
NEUR_6514,Cortex,71.88,101.11,Mus musculus
NEUR_8180,Hypothalamus,49.07,83.47,Danio rerio
NEUR_4662,Thalamus,21.14,27.44,Mus musculus
NEUR_1644,Amygdala,79.76,115.85,Rattus norvegicus
NEUR_5631,Cortex,121.23,20.96,Mus musculus
NEUR_6614,Striatum,119.27,38.03,Danio rerio
NEUR_7084,Striatum,90.52,93.53,Danio rerio
NEUR_4448,Cerebellum,26.89,64.65,Mus musculus
NEUR_6763,Hypothalamus,61.77,52.5,Mus musculus
NEUR_9631,Cerebellum,34.91,87.66,Danio rerio
NEUR_8019,Cerebellum,126.96,40.44,Mus musculus
NEUR_7613,Hippocampus,28.94,24.5,Rattus norvegicus
NEUR_3534,Hippocampus,78.22,64.89,Rattus norvegicus
NEUR_1089,Hippocampus,72.36,35.33,Mus musculus
NEUR_8576,Hippocampus,38.03,44.91,Macaca mulatta
NEUR_3406,Amygdala,57.48,50.02,Danio rerio
NEUR_5135,Thalamus,122.22,49.44,Mus musculus
NEUR_1697,Cortex,72.76,98.02,Mus musculus
NEUR_4600,Amygdala,148.31,104.49,Danio rerio
NEUR_8038,Amygdala,3.25,56.42,Danio rerio
NEUR_2700,Cerebellum,28.92,16.55,Danio rerio
NEUR_6774,Thalamus,134.99,27.38,Mus musculus
NEUR_7235,Cerebellum,134.08,73.52,Mus musculus
NEUR_6792,Hippocampus,107.0,55.78,Danio rerio
NEUR_3769,Hippocampus,14.58,40.53,Rattus norvegicus
NEUR_3475,Amygdala,46.04,51.81,Macaca mulatta
NEUR_2105,Striatum,72.13,109.69,Rattus norvegicus
NEUR_9321,Striatum,11.75,113.21,Danio rerio
NEUR_1546,Amygdala,95.91,62.72,Danio rerio
NEUR_4532,Thalamus,55.65,99.92,Rattus norvegicus
NEUR_6696,Cortex,119.77,53.76,Rattus norvegicus
NEUR_6382,Cerebellum,127.17,105.84,Rattus norvegicus
NEUR_2763,Thalamus,56.43,15.53,Rattus norvegicus
NEUR_5737,Amygdala,48.02,37.01,Mus musculus
NEUR_4880,Hippocampus,12.18,41.76,Danio rerio
NEUR_8775,Hypothalamus,8.83,68.87,Macaca mulatta
NEUR_2655,Cerebellum,23.97,56.67,Macaca mulatta
NEUR_6252,Cerebellum,52.56,81.67,Rattus norvegicus
NEUR_8034,Cortex,0.56,97.33,Macaca mulatta
NEUR_7837,Thalamus,122.04,10.5,Mus musculus
NEUR_1164,Thalamus,117.09,35.42,Rattus norvegicus
NEUR_1710,Hypothalamus,144.52,116.33,Macaca mulatta
NEUR_8564,Hypothalamus,129.92,34.32,Danio rerio
NEUR_1455,Thalamus,31.69,70.65,Danio rerio
NEUR_5342,Amygdala,145.11,85.57,Danio rerio
NEUR_1009,Amygdala,49.68,46.36,Rattus norvegicus
NEUR_6398,Amygdala,137.54,47.63,Macaca mulatta
NEUR_5540,Striatum,136.79,26.71,Rattus norvegicus
NEUR_6510,Hypothalamus,36.99,71.55,Danio rerio
NEUR_6492,Hypothalamus,55.53,23.4,Danio rerio
NEUR_1783,Striatum,54.17,11.76,Mus musculus
NEUR_7811,Hippocampus,43.51,109.93,Macaca mulatta
NEUR_3900,Hippocampus,62.25,94.96,Mus musculus
NEUR_4761,Thalamus,138.99,13.14,Rattus norvegicus
NEUR_1444,Amygdala,129.32,10.92,Macaca mulatta
NEUR_3519,Cortex,8.07,65.9,Mus musculus
NEUR_6170,Cortex,106.34,72.92,Mus musculus
NEUR_2771,Hippocampus,46.2,115.41,Macaca mulatta
NEUR_2874,Cerebellum,119.34,108.68,Danio rerio
NEUR_4813,Cerebellum,35.19,30.66,Mus musculus
NEUR_3466,Striatum,68.16,97.66,Mus musculus
NEUR_9249,Striatum,11.05,83.26,Mus musculus
NEUR_8442,Hypothalamus,123.12,107.22,Danio rerio
NEUR_1227,Thalamus,37.62,18.48,Rattus norvegicus
NEUR_6192,Hypothalamus,101.11,87.15,Mus musculus
NEUR_9120,Hypothalamus,88.12,25.94,Macaca mulatta
NEUR_4049,Cerebellum,43.94,101.16,Rattus norvegicus
NEUR_1148,Cortex,142.39,103.55,Mus musculus
NEUR_2610,Amygdala,28.8,33.36,Mus musculus
NEUR_4627,Hippocampus,56.34,58.55,Mus musculus
NEUR_9947,Cortex,55.55,53.39,Danio rerio
NEUR_2503,Hypothalamus,89.21,86.24,Macaca mulatta
NEUR_6534,Hypothalamus,20.23,104.7,Mus musculus
NEUR_6899,Hypothalamus,112.9,62.4,Rattus norvegicus
NEUR_9433,Hippocampus,17.57,110.59,Rattus norvegicus
NEUR_1080,Hypothalamus,76.08,85.83,Macaca mulatta
NEUR_1432,Hippocampus,66.52,80.69,Macaca mulatta
NEUR_6971,Hypothalamus,75.19,72.58,Macaca mulatta
NEUR_3636,Cortex,148.18,113.11,Danio rerio
NEUR_9789,Amygdala,1.29,74.26,Rattus norvegicus
NEUR_3052,Cortex,53.51,77.86,Rattus norvegicus
NEUR_3843,Cerebellum,52.54,71.36,Mus musculus
NEUR_1789,Hippocampus,143.51,87.12,Mus musculus
NEUR_8960,Hippocampus,114.98,104.36,Macaca mulatta
NEUR_3613,Striatum,138.1,72.4,Mus musculus
NEUR_3188,Hypothalamus,46.07,67.99,Macaca mulatta
NEUR_5203,Amygdala,101.19,63.08,Danio rerio
NEUR_2178,Cortex,21.97,14.51,Danio rerio
NEUR_3802,Amygdala,79.05,91.16,Macaca mulatta
NEUR_1586,Amygdala,75.79,95.68,Mus musculus
NEUR_8162,Thalamus,98.66,43.55,Mus musculus
NEUR_5926,Hippocampus,66.13,74.03,Macaca mulatta
NEUR_1386,Amygdala,82.63,37.57,Danio rerio
NEUR_1080,Thalamus,96.82,18.42,Macaca mulatta
NEUR_9150,Cortex,17.97,69.56,Mus musculus
NEUR_3208,Hippocampus,41.14,87.51,Danio rerio
NEUR_8483,Thalamus,31.95,103.84,Rattus norvegicus
NEUR_2864,Cerebellum,59.19,116.14,Rattus norvegicus
NEUR_8608,Cortex,107.73,101.28,Rattus norvegicus
NEUR_7286,Cortex,58.29,74.11,Macaca mulatta
NEUR_3813,Hypothalamus,144.96,96.73,Rattus norvegicus
NEUR_9484,Cerebellum,75.6,14.89,Macaca mulatta
NEUR_6067,Cortex,99.46,11.11,Rattus norvegicus
NEUR_7002,Striatum,132.45,93.33,Mus musculus
NEUR_7866,Thalamus,144.33,93.5,Danio rerio
NEUR_3425,Cerebellum,108.42,63.04,Danio rerio
NEUR_3783,Hippocampus,79.35,44.31,Macaca mulatta
NEUR_3818,Thalamus,94.91,78.13,Danio rerio
NEUR_2120,Cortex,74.76,76.98,Macaca mulatta
NEUR_4993,Cortex,131.93,115.01,Macaca mulatta
NEUR_9768,Striatum,136.52,23.92,Macaca mulatta
NEUR_6199,Hippocampus,125.99,46.87,Danio rerio
NEUR_9054,Hypothalamus,134.16,67.02,Mus musculus
NEUR_9604,Striatum,144.49,89.93,Mus musculus
NEUR_4491,Hypothalamus,118.33,35.52,Rattus norvegicus
NEUR_9881,Striatum,81.21,40.47,Mus musculus
NEUR_6361,Striatum,91.14,78.01,Danio rerio
NEUR_7325,Cerebellum,102.26,39.84,Rattus norvegicus
NEUR_5996,Striatum,24.1,27.0,Mus musculus
NEUR_2081,Hippocampus,11.65,47.66,Rattus norvegicus
NEUR_4206,Thalamus,58.3,14.03,Rattus norvegicus
NEUR_5209,Hippocampus,55.27,92.93,Rattus norvegicus
NEUR_1065,Hypothalamus,43.32,92.12,Danio rerio
NEUR_4128,Striatum,46.01,45.2,Rattus norvegicus
NEUR_6388,Cortex,144.48,69.35,Rattus norvegicus
NEUR_4414,Cortex,66.89,32.18,Mus musculus
NEUR_9328,Hypothalamus,1.66,49.0,Mus musculus
NEUR_2585,Striatum,44.15,46.03,Macaca mulatta
NEUR_9124,Thalamus,127.0,49.3,Rattus norvegicus
NEUR_9553,Hippocampus,76.52,38.0,Danio rerio
NEUR_8807,Cerebellum,79.94,99.21,Rattus norvegicus
NEUR_6002,Cortex,23.88,73.5,Danio rerio
NEUR_4479,Hippocampus,136.0,75.93,Macaca mulatta
NEUR_6967,Amygdala,95.5,11.85,Danio rerio
NEUR_6330,Hypothalamus,98.8,53.28,Rattus norvegicus
NEUR_4629,Cortex,70.15,80.12,Mus musculus
NEUR_3585,Amygdala,100.89,93.53,Danio rerio
NEUR_5000,Thalamus,42.98,99.46,Macaca mulatta
NEUR_7447,Amygdala,63.23,16.66,Mus musculus
NEUR_7076,Hippocampus,134.49,81.43,Macaca mulatta
NEUR_5470,Amygdala,14.73,10.8,Rattus norvegicus
NEUR_6447,Hippocampus,69.25,29.88,Rattus norvegicus
NEUR_9556,Cerebellum,110.34,22.77,Mus musculus
NEUR_3690,Striatum,35.65,44.63,Macaca mulatta
NEUR_7056,Amygdala,59.28,95.51,Macaca mulatta
NEUR_9613,Hippocampus,96.11,30.83,Danio rerio
NEUR_8799,Hippocampus,118.92,98.27,Mus musculus
NEUR_1106,Thalamus,60.04,119.62,Danio rerio
NEUR_3816,Cortex,118.51,37.07,Macaca mulatta
NEUR_9008,Hippocampus,142.14,106.19,Mus musculus
NEUR_3047,Cerebellum,116.5,33.04,Rattus norvegicus
NEUR_1849,Striatum,77.43,81.72,Danio rerio
NEUR_7616,Hippocampus,128.34,40.54,Rattus norvegicus
NEUR_8994,Cortex,54.85,42.65,Macaca mulatta
NEUR_5164,Thalamus,8.19,82.18,Mus musculus
NEUR_6669,Cerebellum,94.69,100.82,Mus musculus
NEUR_7932,Hypothalamus,35.17,33.13,Mus musculus
NEUR_8537,Cortex,32.2,27.72,Danio rerio
NEUR_6206,Cortex,72.24,25.47,Rattus norvegicus
NEUR_8282,Striatum,110.71,49.62,Mus musculus
NEUR_4155,Hippocampus,39.34,10.84,Macaca mulatta
NEUR_3408,Thalamus,67.58,57.48,Macaca mulatta
NEUR_6531,Striatum,114.19,82.61,Danio rerio
NEUR_4179,Cerebellum,99.85,86.91,Mus musculus
NEUR_6926,Cortex,59.71,70.2,Mus musculus
NEUR_4441,Striatum,107.84,54.28,Mus musculus
NEUR_7997,Amygdala,138.78,23.08,Danio rerio
NEUR_2860,Hippocampus,7.37,103.37,Mus musculus
NEUR_7807,Striatum,107.12,69.82,Macaca mulatta
NEUR_8907,Hypothalamus,4.88,46.08,Macaca mulatta
NEUR_7698,Striatum,136.92,119.33,Danio rerio
NEUR_6341,Hypothalamus,137.64,96.68,Rattus norvegicus
NEUR_2239,Amygdala,75.1,10.57,Macaca mulatta
NEUR_5014,Cortex,46.18,103.43,Mus musculus
NEUR_3104,Cerebellum,28.0,13.85,Danio rerio
NEUR_7947,Amygdala,77.42,21.03,Rattus norvegicus
NEUR_5709,Cerebellum,67.67,25.13,Danio rerio
NEUR_8554,Cortex,114.85,30.91,Rattus norvegicus
NEUR_1027,Thalamus,33.72,78.23,Rattus norvegicus
NEUR_4429,Thalamus,1.38,85.8,Mus musculus
NEUR_5169,Amygdala,71.71,64.91,Macaca mulatta
NEUR_7425,Cerebellum,110.21,114.07,Danio rerio
NEUR_6080,Hippocampus,93.93,84.85,Macaca mulatta
NEUR_6313,Hippocampus,50.78,35.96,Danio rerio
NEUR_9228,Hippocampus,98.53,56.51,Rattus norvegicus
NEUR_8752,Cortex,62.25,104.14,Danio rerio
NEUR_7817,Hippocampus,23.16,74.75,Rattus norvegicus
NEUR_3154,Striatum,149.35,49.93,Mus musculus
NEUR_1306,Striatum,40.43,30.04,Macaca mulatta
NEUR_3779,Cortex,58.48,84.71,Danio rerio
NEUR_9259,Hippocampus,52.54,35.56,Macaca mulatta
NEUR_6066,Amygdala,17.04,72.0,Macaca mulatta
NEUR_4606,Hypothalamus,91.69,69.51,Rattus norvegicus
NEUR_5389,Thalamus,123.39,70.17,Mus musculus
NEUR_8405,Hypothalamus,31.81,67.73,Mus musculus
NEUR_5460,Amygdala,33.47,17.89,Rattus norvegicus
NEUR_8694,Thalamus,70.62,20.83,Danio rerio
NEUR_1249,Striatum,119.46,98.94,Mus musculus
NEUR_4251,Hypothalamus,86.56,94.53,Rattus norvegicus
NEUR_2720,Hypothalamus,70.63,87.24,Danio rerio
NEUR_1740,Hypothalamus,126.13,57.77,Rattus norvegicus
NEUR_3119,Striatum,75.78,73.09,Rattus norvegicus
NEUR_5614,Hippocampus,26.98,71.72,Danio rerio
NEUR_4519,Amygdala,17.8,13.29,Rattus norvegicus
NEUR_1134,Striatum,93.39,28.51,Danio rerio
NEUR_2346,Hippocampus,139.72,103.56,Rattus norvegicus
NEUR_3494,Amygdala,31.75,82.91,Mus musculus
NEUR_5338,Hypothalamus,27.93,105.62,Danio rerio
NEUR_5699,Hypothalamus,85.65,36.47,Rattus norvegicus
NEUR_7918,Striatum,23.9,24.4,Mus musculus
NEUR_1161,Thalamus,105.68,113.59,Danio rerio
NEUR_8253,Thalamus,71.03,80.18,Danio rerio
NEUR_6189,Cortex,119.21,61.07,Rattus norvegicus
NEUR_4357,Cortex,32.44,79.93,Rattus norvegicus
NEUR_3441,Hypothalamus,143.06,54.73,Mus musculus
NEUR_1887,Hippocampus,118.38,46.84,Rattus norvegicus
NEUR_5578,Striatum,78.71,117.53,Macaca mulatta
NEUR_5311,Cerebellum,27.04,91.99,Mus musculus
NEUR_2771,Striatum,50.63,24.26,Danio rerio
NEUR_8772,Cortex,7.7,63.55,Danio rerio
NEUR_9256,Hypothalamus,142.35,57.66,Rattus norvegicus
NEUR_2049,Amygdala,111.76,58.9,Danio rerio
NEUR_5694,Cortex,14.45,83.64,Danio rerio
NEUR_8856,Amygdala,83.52,35.76,Rattus norvegicus
NEUR_8641,Hypothalamus,40.93,71.87,Mus musculus
NEUR_3434,Cortex,111.53,74.54,Macaca mulatta
NEUR_7492,Cerebellum,51.82,27.6,Mus musculus
NEUR_8481,Hippocampus,22.93,87.66,Danio rerio
NEUR_9105,Amygdala,18.0,105.47,Mus musculus
NEUR_3264,Hypothalamus,78.66,92.53,Danio rerio
NEUR_5832,Thalamus,20.79,89.6,Macaca mulatta
NEUR_5707,Thalamus,55.69,95.38,Macaca mulatta
NEUR_1078,Amygdala,72.71,28.33,Danio rerio
NEUR_5845,Cerebellum,47.7,61.18,Rattus norvegicus
NEUR_1561,Cerebellum,28.43,98.15,Rattus norvegicus
NEUR_4793,Cortex,42.9,33.95,Danio rerio
NEUR_9180,Hypothalamus,130.39,69.23,Mus musculus
NEUR_3330,Cerebellum,74.91,74.76,Rattus norvegicus
NEUR_1804,Cortex,51.46,32.69,Danio rerio
NEUR_9711,Thalamus,24.27,46.37,Rattus norvegicus
NEUR_4862,Cortex,126.05,90.9,Rattus norvegicus
NEUR_8745,Striatum,144.91,40.9,Mus musculus
NEUR_7482,Cortex,9.86,87.26,Danio rerio
NEUR_2944,Thalamus,135.18,57.07,Macaca mulatta
NEUR_1469,Striatum,69.34,91.47,Macaca mulatta
NEUR_9045,Hippocampus,145.18,27.26,Danio rerio
NEUR_4577,Thalamus,63.82,36.46,Mus musculus
NEUR_6325,Cerebellum,132.8,96.46,Mus musculus
NEUR_9855,Amygdala,84.47,47.41,Macaca mulatta
NEUR_1869,Cerebellum,13.84,89.78,Rattus norvegicus
NEUR_1730,Thalamus,117.87,49.65,Macaca mulatta
NEUR_3390,Amygdala,138.76,53.86,Danio rerio
NEUR_1407,Cerebellum,53.25,113.24,Macaca mulatta
NEUR_8542,Amygdala,41.66,15.62,Rattus norvegicus
NEUR_3095,Cerebellum,32.46,97.91,Danio rerio
NEUR_6701,Cerebellum,84.46,68.69,Macaca mulatta
NEUR_9119,Thalamus,129.76,39.67,Macaca mulatta
NEUR_8749,Thalamus,121.02,113.22,Danio rerio
NEUR_6040,Thalamus,20.39,50.17,Macaca mulatta
NEUR_7483,Amygdala,143.99,46.84,Rattus norvegicus
NEUR_7286,Hippocampus,143.8,66.45,Rattus norvegicus
NEUR_5305,Cerebellum,82.58,59.31,Macaca mulatta
NEUR_9538,Hippocampus,87.25,69.63,Rattus norvegicus
NEUR_7934,Amygdala,146.31,110.4,Mus musculus
NEUR_9637,Thalamus,61.28,68.64,Mus musculus
NEUR_8705,Striatum,93.08,116.87,Macaca mulatta
NEUR_3042,Cortex,52.51,43.37,Mus musculus
NEUR_4161,Striatum,35.18,110.49,Macaca mulatta
NEUR_7063,Amygdala,147.47,17.81,Macaca mulatta
NEUR_3543,Cortex,47.4,91.87,Macaca mulatta
NEUR_7405,Cortex,23.81,102.02,Mus musculus
NEUR_2872,Thalamus,77.19,59.82,Macaca mulatta
NEUR_1888,Amygdala,103.65,19.92,Mus musculus
NEUR_7643,Cortex,22.81,94.07,Rattus norvegicus
NEUR_1197,Thalamus,116.14,13.68,Macaca mulatta
NEUR_9361,Hippocampus,26.82,84.95,Mus musculus
NEUR_7183,Striatum,133.57,17.36,Rattus norvegicus
NEUR_2958,Cortex,57.67,77.08,Macaca mulatta
NEUR_5013,Thalamus,78.02,29.24,Macaca mulatta
NEUR_6234,Hippocampus,106.54,15.0,Macaca mulatta
NEUR_9565,Hypothalamus,96.44,16.14,Macaca mulatta
NEUR_2544,Cortex,90.26,71.5,Mus musculus
NEUR_7920,Cerebellum,8.33,38.37,Macaca mulatta
NEUR_7184,Amygdala,23.26,97.09,Rattus norvegicus
NEUR_7072,Hippocampus,117.25,39.91,Danio rerio
NEUR_9997,Hypothalamus,69.83,52.46,Macaca mulatta
NEUR_4040,Cerebellum,115.34,44.81,Rattus norvegicus
NEUR_1924,Striatum,67.69,42.83,Danio rerio
NEUR_9453,Striatum,10.83,84.8,Rattus norvegicus
NEUR_2271,Cerebellum,133.76,37.64,Danio rerio
NEUR_6003,Hippocampus,33.31,53.85,Danio rerio
NEUR_3278,Cerebellum,18.08,113.87,Macaca mulatta
NEUR_8518,Cortex,139.19,102.32,Danio rerio
NEUR_7075,Hippocampus,81.64,75.24,Mus musculus
NEUR_9484,Cortex,44.62,56.94,Macaca mulatta
NEUR_9539,Thalamus,123.18,47.66,Macaca mulatta
NEUR_8097,Amygdala,126.85,48.77,Danio rerio
NEUR_9796,Hypothalamus,43.75,97.52,Mus musculus
NEUR_9303,Striatum,87.79,91.71,Mus musculus
NEUR_7588,Hippocampus,110.76,65.54,Macaca mulatta
NEUR_1486,Striatum,124.37,46.89,Rattus norvegicus
NEUR_7319,Striatum,42.13,16.64,Danio rerio
NEUR_6883,Amygdala,62.78,51.54,Mus musculus
NEUR_7912,Cerebellum,92.51,69.27,Mus musculus
NEUR_7276,Cerebellum,82.03,81.43,Danio rerio
NEUR_6047,Cortex,22.55,34.02,Rattus norvegicus
NEUR_5899,Hypothalamus,28.55,76.33,Mus musculus
NEUR_9697,Thalamus,13.41,49.04,Macaca mulatta
NEUR_6135,Amygdala,78.55,104.86,Danio rerio
NEUR_6791,Hypothalamus,145.83,69.53,Danio rerio
NEUR_4074,Thalamus,49.75,41.8,Macaca mulatta
NEUR_9263,Cerebellum,123.05,68.11,Danio rerio
NEUR_5958,Thalamus,119.1,87.84,Danio rerio
NEUR_3383,Hypothalamus,75.67,28.37,Danio rerio
NEUR_8616,Cerebellum,124.04,30.96,Danio rerio
NEUR_6995,Cortex,55.18,17.04,Macaca mulatta
NEUR_4612,Striatum,81.73,10.49,Danio rerio
NEUR_5162,Hypothalamus,145.06,15.53,Macaca mulatta
NEUR_2668,Cortex,31.39,28.75,Rattus norvegicus
NEUR_2410,Hypothalamus,82.09,101.52,Macaca mulatta
NEUR_8806,Hypothalamus,96.72,50.85,Mus musculus
NEUR_8837,Cerebellum,25.64,69.15,Danio rerio
NEUR_9188,Striatum,124.13,64.79,Rattus norvegicus
NEUR_5779,Hypothalamus,138.1,94.35,Mus musculus
NEUR_5552,Cerebellum,33.07,89.33,Macaca mulatta
NEUR_3070,Cortex,35.13,50.82,Macaca mulatta
NEUR_3052,Cortex,44.98,108.11,Danio rerio
NEUR_3831,Cortex,63.37,29.15,Danio rerio
NEUR_7937,Striatum,102.82,74.51,Macaca mulatta
NEUR_1345,Cortex,138.59,107.91,Danio rerio
NEUR_6486,Hypothalamus,28.32,90.13,Danio rerio
NEUR_4242,Cortex,87.11,63.69,Rattus norvegicus
NEUR_4216,Striatum,137.12,28.09,Mus musculus
NEUR_2543,Hypothalamus,56.1,92.76,Macaca mulatta
NEUR_1868,Hippocampus,124.84,112.66,Macaca mulatta
NEUR_7389,Amygdala,7.83,48.85,Danio rerio
NEUR_2228,Amygdala,96.91,32.89,Macaca mulatta
NEUR_6747,Cortex,130.35,75.29,Rattus norvegicus
NEUR_5903,Amygdala,104.76,18.93,Macaca mulatta
NEUR_8690,Hypothalamus,111.93,22.07,Danio rerio
NEUR_7038,Thalamus,38.13,83.18,Danio rerio
NEUR_6979,Striatum,96.76,20.79,Mus musculus
NEUR_1586,Thalamus,67.11,65.74,Macaca mulatta
NEUR_1523,Cortex,60.86,119.15,Mus musculus
NEUR_4775,Cortex,142.1,94.23,Danio rerio
NEUR_1209,Cortex,148.36,79.04,Macaca mulatta
NEUR_5070,Amygdala,78.55,89.71,Danio rerio
NEUR_5595,Cortex,31.62,45.88,Mus musculus
NEUR_8985,Hypothalamus,137.17,62.48,Mus musculus
NEUR_5165,Hypothalamus,72.52,75.71,Mus musculus
NEUR_7121,Hypothalamus,108.63,78.22,Danio rerio
NEUR_3704,Cerebellum,31.51,11.43,Mus musculus
NEUR_8259,Cortex,15.22,113.99,Rattus norvegicus
NEUR_4019,Hippocampus,52.13,111.66,Danio rerio
NEUR_2791,Cortex,23.45,66.18,Danio rerio
NEUR_1704,Amygdala,106.53,11.92,Mus musculus
NEUR_3728,Cortex,99.9,94.74,Danio rerio
NEUR_4996,Hippocampus,66.04,90.24,Mus musculus
NEUR_6359,Thalamus,114.94,94.94,Rattus norvegicus
NEUR_7965,Cortex,64.83,47.16,Macaca mulatta
NEUR_1367,Amygdala,135.42,106.94,Danio rerio
NEUR_2147,Hypothalamus,67.39,45.54,Danio rerio
NEUR_6730,Striatum,56.17,17.06,Rattus norvegicus
NEUR_9109,Amygdala,139.09,98.63,Rattus norvegicus
NEUR_4156,Hippocampus,15.91,112.01,Mus musculus
NEUR_9313,Hypothalamus,96.3,111.1,Macaca mulatta
NEUR_6719,Hypothalamus,85.86,116.86,Rattus norvegicus
NEUR_7029,Hypothalamus,34.6,27.66,Macaca mulatta
NEUR_7435,Cerebellum,104.83,93.75,Mus musculus
NEUR_5527,Cerebellum,128.8,44.89,Mus musculus
NEUR_7926,Hypothalamus,51.32,71.2,Mus musculus
NEUR_8925,Thalamus,137.06,68.96,Danio rerio
NEUR_6617,Amygdala,14.91,62.35,Mus musculus
NEUR_6858,Cerebellum,14.15,70.54,Mus musculus
NEUR_2192,Cerebellum,1.43,34.83,Macaca mulatta
NEUR_6420,Cerebellum,116.32,93.61,Mus musculus
NEUR_7275,Hippocampus,129.1,65.17,Mus musculus
NEUR_6686,Hippocampus,117.54,44.88,Rattus norvegicus
NEUR_8986,Cerebellum,107.21,81.98,Macaca mulatta
NEUR_8626,Amygdala,2.57,79.84,Rattus norvegicus
NEUR_5033,Hippocampus,104.1,99.36,Rattus norvegicus
NEUR_8543,Hippocampus,72.7,62.98,Macaca mulatta
NEUR_1830,Hippocampus,77.2,49.95,Danio rerio
NEUR_4241,Amygdala,101.37,53.75,Rattus norvegicus
NEUR_6604,Cerebellum,47.8,61.03,Mus musculus
NEUR_3204,Thalamus,36.11,29.71,Rattus norvegicus
NEUR_5222,Amygdala,68.75,118.95,Macaca mulatta
NEUR_7514,Thalamus,92.34,81.18,Rattus norvegicus
NEUR_2390,Cerebellum,15.27,63.35,Mus musculus
NEUR_9797,Hypothalamus,105.35,91.42,Rattus norvegicus
NEUR_3439,Cortex,87.75,46.16,Macaca mulatta
NEUR_4781,Striatum,105.97,107.31,Rattus norvegicus
NEUR_1645,Cortex,65.33,102.47,Rattus norvegicus
NEUR_3036,Hippocampus,106.54,10.33,Mus musculus
NEUR_8253,Thalamus,45.25,62.09,Macaca mulatta
NEUR_2173,Amygdala,100.79,63.83,Danio rerio
NEUR_6991,Hypothalamus,86.72,109.14,Macaca mulatta
NEUR_7255,Amygdala,65.14,28.15,Danio rerio
NEUR_4979,Cerebellum,50.36,31.95,Danio rerio
NEUR_2220,Hippocampus,11.97,27.82,Rattus norvegicus
NEUR_5461,Hypothalamus,96.79,72.09,Macaca mulatta
NEUR_1907,Cortex,24.79,102.11,Macaca mulatta
NEUR_3371,Striatum,129.65,92.83,Mus musculus
NEUR_1791,Hypothalamus,93.82,47.53,Danio rerio
NEUR_7192,Cortex,55.1,71.73,Macaca mulatta
NEUR_8047,Cerebellum,79.86,114.24,Macaca mulatta
NEUR_3969,Cerebellum,32.84,114.22,Macaca mulatta
NEUR_9581,Thalamus,37.88,100.46,Rattus norvegicus
NEUR_5018,Hypothalamus,76.73,59.07,Danio rerio
NEUR_4684,Amygdala,14.31,90.0,Macaca mulatta
NEUR_3492,Striatum,102.95,78.59,Macaca mulatta
NEUR_5179,Thalamus,71.76,36.3,Danio rerio
NEUR_5499,Cortex,82.46,14.2,Danio rerio
NEUR_1577,Hippocampus,119.42,53.91,Mus musculus
NEUR_7033,Cerebellum,142.04,88.37,Macaca mulatta
NEUR_1110,Striatum,64.44,98.94,Mus musculus
NEUR_4281,Thalamus,69.91,82.74,Macaca mulatta
NEUR_8255,Hippocampus,25.38,41.87,Rattus norvegicus
NEUR_7797,Striatum,104.73,93.77,Mus musculus
NEUR_4252,Cortex,38.49,88.38,Macaca mulatta
NEUR_2876,Striatum,6.24,50.38,Mus musculus
NEUR_5617,Cortex,114.17,38.28,Danio rerio
NEUR_7332,Amygdala,33.02,116.05,Rattus norvegicus
NEUR_1207,Cerebellum,15.06,44.89,Mus musculus
NEUR_4649,Amygdala,120.75,60.68,Macaca mulatta
NEUR_6645,Cerebellum,117.85,14.21,Danio rerio
NEUR_7603,Hypothalamus,25.02,22.27,Mus musculus
NEUR_6546,Hippocampus,138.06,72.09,Rattus norvegicus
NEUR_9163,Hypothalamus,36.75,17.11,Macaca mulatta
NEUR_2566,Cortex,95.09,116.85,Rattus norvegicus
NEUR_3052,Hypothalamus,72.04,12.77,Mus musculus
NEUR_4093,Striatum,55.26,17.86,Macaca mulatta
NEUR_4304,Thalamus,0.45,107.2,Danio rerio
NEUR_1872,Hypothalamus,76.02,20.38,Macaca mulatta
NEUR_3841,Striatum,66.67,16.52,Macaca mulatta
NEUR_5285,Cortex,101.09,35.83,Danio rerio
NEUR_6162,Striatum,69.62,88.93,Danio rerio
NEUR_3424,Cerebellum,89.45,51.33,Macaca mulatta
NEUR_8710,Cortex,96.24,13.83,Mus musculus
NEUR_6606,Cortex,128.5,114.06,Macaca mulatta
NEUR_6045,Thalamus,100.86,106.13,Macaca mulatta
NEUR_2055,Cortex,116.01,64.31,Rattus norvegicus
NEUR_4105,Striatum,145.46,25.15,Danio rerio
NEUR_5967,Cerebellum,99.64,118.03,Rattus norvegicus
NEUR_8837,Hypothalamus,37.54,85.41,Mus musculus
NEUR_6225,Striatum,36.58,21.6,Danio rerio
NEUR_1371,Cerebellum,15.98,109.04,Macaca mulatta
NEUR_4655,Amygdala,105.53,43.09,Rattus norvegicus
NEUR_2897,Amygdala,141.75,79.68,Danio rerio
NEUR_6921,Thalamus,122.58,20.88,Macaca mulatta
NEUR_8634,Hippocampus,143.26,76.54,Danio rerio
NEUR_1837,Thalamus,149.23,31.98,Danio rerio
NEUR_4230,Striatum,137.44,66.04,Danio rerio
NEUR_6635,Hippocampus,18.65,83.14,Rattus norvegicus
NEUR_3149,Hypothalamus,50.78,21.4,Rattus norvegicus
NEUR_3099,Striatum,57.68,98.81,Danio rerio
NEUR_2589,Hippocampus,137.98,80.46,Macaca mulatta
NEUR_6030,Cortex,22.0,15.63,Mus musculus
NEUR_9531,Amygdala,20.52,43.28,Danio rerio
NEUR_2899,Hippocampus,83.09,58.8,Danio rerio
NEUR_7364,Hippocampus,124.83,62.67,Rattus norvegicus
NEUR_8815,Hippocampus,79.19,32.56,Rattus norvegicus
NEUR_6714,Thalamus,52.57,114.54,Rattus norvegicus
NEUR_8626,Amygdala,44.3,26.04,Danio rerio
NEUR_6220,Cerebellum,19.54,19.43,Mus musculus
NEUR_3107,Hypothalamus,126.13,107.13,Mus musculus
NEUR_1171,Hippocampus,59.1,34.27,Mus musculus
NEUR_2830,Thalamus,5.24,48.45,Rattus norvegicus
NEUR_6724,Cortex,37.48,114.07,Macaca mulatta
NEUR_7535,Cortex,135.05,32.97,Danio rerio
NEUR_5593,Striatum,145.93,33.3,Danio rerio
NEUR_9619,Cortex,69.57,81.94,Danio rerio
NEUR_5958,Cerebellum,72.77,65.5,Danio rerio
NEUR_5090,Thalamus,44.17,68.75,Rattus norvegicus
NEUR_3023,Hypothalamus,57.3,43.04,Danio rerio
NEUR_2582,Amygdala,86.39,112.41,Rattus norvegicus
NEUR_3304,Thalamus,141.92,117.26,Danio rerio
NEUR_8716,Striatum,144.89,81.36,Danio rerio
NEUR_6213,Cerebellum,103.19,49.62,Rattus norvegicus
NEUR_1935,Hippocampus,119.01,63.42,Danio rerio
NEUR_8906,Amygdala,100.37,64.79,Danio rerio
NEUR_1340,Striatum,11.19,46.4,Danio rerio
NEUR_7403,Cortex,34.9,67.37,Rattus norvegicus
NEUR_6573,Thalamus,53.31,102.36,Danio rerio
NEUR_1760,Cortex,26.28,41.29,Rattus norvegicus
NEUR_9527,Hypothalamus,24.23,115.68,Rattus norvegicus
NEUR_5047,Hypothalamus,49.32,91.66,Rattus norvegicus
NEUR_3644,Hippocampus,136.96,12.17,Macaca mulatta
NEUR_5380,Cerebellum,8.22,59.57,Danio rerio
NEUR_5633,Striatum,59.77,10.89,Mus musculus
NEUR_1325,Striatum,38.57,62.57,Macaca mulatta
NEUR_7414,Striatum,142.36,17.62,Rattus norvegicus
NEUR_2408,Hypothalamus,69.24,63.41,Rattus norvegicus
NEUR_1626,Cerebellum,28.95,36.08,Macaca mulatta
NEUR_5714,Striatum,3.96,76.8,Mus musculus
NEUR_1798,Cortex,123.42,76.45,Rattus norvegicus
NEUR_5558,Amygdala,71.19,39.25,Danio rerio
NEUR_3916,Striatum,143.1,57.42,Rattus norvegicus
NEUR_9551,Thalamus,84.98,77.32,Rattus norvegicus
NEUR_7241,Amygdala,72.27,47.82,Danio rerio
NEUR_6543,Cerebellum,39.52,50.87,Danio rerio
NEUR_5259,Cortex,58.85,11.44,Danio rerio
NEUR_5430,Hypothalamus,12.15,94.5,Mus musculus
NEUR_1542,Striatum,117.88,104.6,Danio rerio
NEUR_9065,Amygdala,26.9,116.95,Mus musculus
NEUR_8235,Thalamus,143.5,74.64,Mus musculus
NEUR_9243,Hypothalamus,69.18,107.86,Macaca mulatta
NEUR_3014,Amygdala,89.24,40.95,Mus musculus
NEUR_7372,Hippocampus,56.75,70.55,Rattus norvegicus
NEUR_5631,Thalamus,29.28,110.09,Mus musculus
NEUR_7965,Cortex,96.6,103.65,Mus musculus
NEUR_6058,Striatum,12.29,69.95,Danio rerio
NEUR_2323,Amygdala,92.39,14.95,Macaca mulatta
NEUR_4757,Striatum,92.63,92.89,Macaca mulatta
NEUR_7156,Cortex,71.66,37.87,Danio rerio
NEUR_5964,Hypothalamus,12.69,109.9,Danio rerio
NEUR_2018,Hippocampus,50.11,18.71,Rattus norvegicus
NEUR_3857,Cerebellum,65.08,90.91,Danio rerio
NEUR_8995,Hippocampus,42.18,11.06,Rattus norvegicus
NEUR_2516,Amygdala,141.61,50.27,Mus musculus
NEUR_7112,Cortex,101.05,20.59,Macaca mulatta
NEUR_7663,Striatum,25.63,107.79,Danio rerio
NEUR_9576,Hippocampus,21.99,26.45,Mus musculus
NEUR_9244,Striatum,41.75,83.17,Danio rerio
NEUR_5493,Amygdala,141.81,114.96,Mus musculus
NEUR_6728,Thalamus,39.88,83.95,Macaca mulatta
NEUR_8580,Cortex,121.16,84.4,Rattus norvegicus
NEUR_5494,Amygdala,2.68,26.12,Macaca mulatta
NEUR_8375,Striatum,135.25,118.36,Rattus norvegicus
NEUR_2692,Thalamus,86.08,13.28,Danio rerio
NEUR_2815,Cerebellum,117.27,34.64,Rattus norvegicus
NEUR_1494,Hypothalamus,140.17,56.94,Macaca mulatta
NEUR_3274,Cortex,104.52,14.08,Mus musculus
NEUR_4546,Striatum,88.96,104.86,Mus musculus
NEUR_6215,Thalamus,71.15,48.09,Mus musculus
NEUR_5858,Hypothalamus,40.8,61.0,Mus musculus
NEUR_6141,Cortex,93.62,106.46,Danio rerio
NEUR_6657,Thalamus,42.82,90.3,Danio rerio
NEUR_3047,Cerebellum,56.05,92.24,Mus musculus
NEUR_2556,Hippocampus,2.92,118.67,Rattus norvegicus
NEUR_2532,Hippocampus,80.8,17.63,Mus musculus
NEUR_3205,Striatum,145.97,93.9,Mus musculus
NEUR_6998,Thalamus,50.42,18.75,Rattus norvegicus
NEUR_2257,Striatum,128.26,80.98,Macaca mulatta
NEUR_6399,Hippocampus,129.38,11.22,Macaca mulatta
NEUR_6046,Hippocampus,41.29,73.43,Danio rerio
NEUR_9295,Hypothalamus,136.83,78.54,Danio rerio
NEUR_5110,Hippocampus,61.86,94.76,Danio rerio
NEUR_7735,Cerebellum,109.8,96.2,Rattus norvegicus
NEUR_2081,Cortex,52.2,61.23,Mus musculus
NEUR_3619,Cerebellum,141.27,119.07,Macaca mulatta
NEUR_9762,Cerebellum,17.18,49.36,Rattus norvegicus
NEUR_3310,Cerebellum,93.32,91.86,Mus musculus
NEUR_5208,Thalamus,24.94,39.9,Danio rerio
NEUR_9010,Cortex,136.02,95.11,Mus musculus
NEUR_1528,Cortex,106.98,18.63,Danio rerio
NEUR_8117,Hippocampus,119.59,90.99,Danio rerio
NEUR_1072,Hippocampus,34.38,21.83,Mus musculus
NEUR_8008,Cerebellum,7.71,33.02,Danio rerio
NEUR_2709,Hypothalamus,6.8,27.5,Macaca mulatta
NEUR_4835,Striatum,47.37,36.61,Rattus norvegicus
NEUR_4848,Thalamus,128.65,41.11,Rattus norvegicus
NEUR_9949,Hippocampus,138.59,72.05,Danio rerio
NEUR_5396,Hypothalamus,80.77,36.56,Mus musculus
NEUR_3721,Thalamus,58.93,67.14,Danio rerio
NEUR_8218,Hippocampus,110.58,55.12,Mus musculus
NEUR_2049,Striatum,2.99,83.68,Macaca mulatta
NEUR_8051,Cortex,3.76,110.53,Danio rerio
NEUR_4347,Cortex,5.24,92.06,Mus musculus
NEUR_3796,Amygdala,7.79,27.68,Macaca mulatta
NEUR_9241,Cortex,58.22,30.36,Danio rerio
NEUR_4805,Amygdala,7.09,24.36,Rattus norvegicus
NEUR_8278,Hippocampus,129.77,53.81,Macaca mulatta
NEUR_4940,Hippocampus,24.2,20.63,Mus musculus
NEUR_8297,Amygdala,128.92,82.22,Macaca mulatta
NEUR_6599,Cortex,18.44,80.65,Mus musculus
NEUR_1757,Thalamus,148.84,38.35,Macaca mulatta
NEUR_3746,Striatum,76.08,79.41,Macaca mulatta
NEUR_8576,Cerebellum,102.08,75.05,Rattus norvegicus
NEUR_5247,Thalamus,132.72,22.95,Mus musculus
NEUR_3961,Hippocampus,8.77,11.15,Danio rerio
NEUR_6764,Amygdala,93.95,31.68,Rattus norvegicus
NEUR_1636,Hippocampus,103.39,21.12,Mus musculus
NEUR_8626,Hippocampus,96.31,57.74,Danio rerio
NEUR_7816,Hippocampus,7.53,26.25,Mus musculus
NEUR_9126,Cortex,144.48,73.08,Macaca mulatta
NEUR_3826,Cortex,36.55,55.02,Danio rerio
NEUR_5919,Hypothalamus,36.36,35.63,Mus musculus
NEUR_1405,Amygdala,103.29,83.03,Danio rerio
NEUR_7490,Cortex,67.43,90.25,Macaca mulatta
NEUR_7758,Hippocampus,98.65,16.06,Danio rerio
NEUR_2488,Cortex,84.81,48.3,Rattus norvegicus
NEUR_5779,Amygdala,92.26,57.31,Rattus norvegicus
NEUR_7669,Hypothalamus,60.02,74.15,Macaca mulatta
NEUR_8073,Hypothalamus,103.91,108.66,Danio rerio
NEUR_4421,Cortex,112.58,57.63,Mus musculus
NEUR_6204,Cortex,139.98,56.73,Mus musculus
NEUR_2516,Cerebellum,109.01,84.0,Mus musculus
NEUR_3013,Striatum,38.01,38.12,Rattus norvegicus
NEUR_4167,Striatum,20.08,19.44,Rattus norvegicus
NEUR_4098,Cortex,130.61,103.4,Mus musculus
NEUR_4648,Hypothalamus,38.44,103.51,Mus musculus
NEUR_2677,Cerebellum,41.33,105.61,Danio rerio
NEUR_9445,Thalamus,142.79,100.5,Macaca mulatta
NEUR_8242,Striatum,131.71,91.06,Rattus norvegicus
NEUR_5302,Striatum,112.61,49.32,Mus musculus
NEUR_6406,Cerebellum,3.07,49.41,Mus musculus
NEUR_2536,Cerebellum,128.77,53.67,Rattus norvegicus
NEUR_5178,Striatum,95.23,96.17,Macaca mulatta
NEUR_9852,Hippocampus,124.23,65.66,Rattus norvegicus
NEUR_5300,Cortex,145.0,19.74,Mus musculus
NEUR_2097,Hypothalamus,133.11,85.76,Rattus norvegicus
NEUR_7156,Hypothalamus,17.61,69.04,Mus musculus
NEUR_5855,Striatum,48.09,24.97,Mus musculus
NEUR_4175,Cortex,108.03,85.4,Macaca mulatta
NEUR_7772,Striatum,26.51,30.56,Mus musculus
NEUR_9881,Cerebellum,119.55,24.59,Mus musculus
NEUR_3875,Thalamus,123.29,99.71,Rattus norvegicus
NEUR_8244,Hypothalamus,60.61,22.47,Rattus norvegicus
NEUR_4537,Amygdala,25.51,43.54,Mus musculus
NEUR_1713,Cerebellum,44.16,106.02,Danio rerio
NEUR_7891,Hippocampus,134.2,10.31,Mus musculus
NEUR_1555,Cerebellum,15.51,19.77,Mus musculus
NEUR_1339,Cortex,31.03,74.65,Mus musculus
NEUR_6175,Thalamus,59.88,96.88,Rattus norvegicus
NEUR_5778,Hypothalamus,146.14,13.04,Mus musculus
NEUR_7440,Striatum,47.5,100.16,Mus musculus
NEUR_8061,Thalamus,8.58,100.67,Rattus norvegicus
NEUR_8187,Cortex,24.16,38.68,Rattus norvegicus
NEUR_4924,Thalamus,59.34,78.45,Macaca mulatta
NEUR_3339,Cortex,65.27,82.09,Macaca mulatta
NEUR_3475,Cerebellum,127.22,23.41,Mus musculus
NEUR_5450,Amygdala,37.49,36.03,Danio rerio
NEUR_6253,Hypothalamus,4.77,26.81,Danio rerio
NEUR_1606,Amygdala,126.77,87.24,Danio rerio
NEUR_8683,Thalamus,15.64,32.18,Mus musculus
NEUR_7302,Cortex,112.89,43.41,Macaca mulatta
NEUR_7088,Hypothalamus,144.28,50.6,Macaca mulatta
NEUR_1909,Striatum,18.01,17.71,Danio rerio
NEUR_5598,Amygdala,26.78,93.71,Rattus norvegicus
NEUR_3562,Cortex,44.75,10.77,Mus musculus
NEUR_8803,Hippocampus,64.16,79.89,Mus musculus
NEUR_8210,Hypothalamus,14.66,91.46,Danio rerio
NEUR_4405,Cerebellum,148.63,34.33,Mus musculus
NEUR_7326,Hippocampus,67.33,26.87,Danio rerio
NEUR_8314,Striatum,63.55,59.98,Danio rerio
NEUR_9370,Thalamus,139.31,43.6,Danio rerio
NEUR_6328,Cortex,110.8,52.49,Danio rerio
NEUR_8012,Cortex,6.5,100.45,Rattus norvegicus
NEUR_3275,Thalamus,53.46,49.39,Rattus norvegicus
NEUR_2938,Thalamus,32.76,94.6,Danio rerio
NEUR_2065,Cortex,50.57,116.28,Mus musculus
NEUR_9853,Cerebellum,138.28,20.5,Danio rerio
NEUR_2814,Amygdala,27.39,17.52,Rattus norvegicus
NEUR_5218,Striatum,107.67,21.38,Danio rerio
NEUR_1287,Thalamus,12.24,53.62,Macaca mulatta
NEUR_1216,Cerebellum,117.61,12.95,Danio rerio
NEUR_9240,Cerebellum,29.18,76.69,Mus musculus
NEUR_2070,Striatum,80.57,115.29,Danio rerio
NEUR_8220,Hypothalamus,72.05,35.38,Rattus norvegicus
NEUR_3960,Thalamus,67.92,78.72,Danio rerio
NEUR_3303,Hippocampus,4.76,63.53,Mus musculus
NEUR_1486,Hypothalamus,109.11,81.82,Rattus norvegicus
NEUR_7193,Cerebellum,83.04,114.9,Danio rerio
NEUR_1136,Cerebellum,75.85,20.12,Rattus norvegicus
NEUR_7956,Cerebellum,19.02,26.06,Mus musculus
NEUR_9348,Hypothalamus,1.08,25.68,Macaca mulatta
NEUR_7020,Thalamus,98.19,88.67,Mus musculus
NEUR_1770,Striatum,148.53,112.46,Rattus norvegicus
NEUR_1030,Cerebellum,104.36,18.79,Rattus norvegicus
NEUR_4244,Amygdala,59.54,54.37,Rattus norvegicus
NEUR_5240,Hypothalamus,9.58,54.61,Mus musculus
NEUR_4535,Thalamus,89.09,62.52,Macaca mulatta
NEUR_1638,Striatum,65.28,102.5,Rattus norvegicus
NEUR_5312,Cortex,145.19,78.21,Rattus norvegicus
NEUR_2291,Cortex,63.65,98.93,Mus musculus
NEUR_1717,Thalamus,17.48,113.49,Rattus norvegicus
NEUR_5807,Cerebellum,71.06,115.95,Danio rerio
NEUR_2968,Thalamus,50.93,84.36,Mus musculus
NEUR_5276,Cerebellum,142.05,93.5,Macaca mulatta
NEUR_9836,Cortex,27.16,24.27,Mus musculus
NEUR_3519,Cortex,97.69,101.82,Rattus norvegicus
NEUR_8485,Cerebellum,54.35,12.1,Macaca mulatta
NEUR_3188,Hypothalamus,10.17,26.59,Mus musculus
NEUR_1696,Striatum,17.69,86.51,Macaca mulatta
NEUR_9988,Striatum,118.11,81.93,Mus musculus
NEUR_7323,Hypothalamus,65.15,93.02,Mus musculus
NEUR_1362,Cortex,15.84,90.83,Macaca mulatta
NEUR_3832,Thalamus,82.05,119.88,Mus musculus
NEUR_5314,Cerebellum,142.9,115.26,Rattus norvegicus
NEUR_2008,Hippocampus,44.33,83.15,Danio rerio
NEUR_5061,Cortex,92.11,116.12,Danio rerio
NEUR_4616,Cerebellum,34.55,41.7,Macaca mulatta
NEUR_7834,Thalamus,125.43,104.24,Mus musculus
NEUR_2505,Hypothalamus,101.02,52.3,Danio rerio
NEUR_6523,Amygdala,15.77,20.18,Danio rerio
NEUR_4950,Hippocampus,40.39,45.44,Rattus norvegicus
NEUR_3998,Striatum,106.63,35.5,Macaca mulatta
NEUR_6768,Cortex,88.5,80.13,Macaca mulatta
NEUR_3276,Cortex,10.24,51.03,Rattus norvegicus
NEUR_6579,Hippocampus,141.61,116.7,Rattus norvegicus
NEUR_6179,Cortex,78.51,57.69,Rattus norvegicus
NEUR_3429,Striatum,115.24,116.76,Macaca mulatta
NEUR_4747,Hypothalamus,67.87,110.57,Rattus norvegicus
NEUR_8174,Cortex,98.71,22.99,Danio rerio
NEUR_2227,Striatum,84.2,70.73,Rattus norvegicus
NEUR_3216,Amygdala,25.94,91.97,Rattus norvegicus
NEUR_1532,Cortex,91.69,27.58,Rattus norvegicus
NEUR_8971,Thalamus,70.74,34.78,Danio rerio
NEUR_8767,Striatum,120.79,19.89,Danio rerio
NEUR_6223,Cortex,138.89,73.97,Rattus norvegicus
NEUR_4688,Striatum,9.57,28.37,Macaca mulatta
NEUR_1848,Amygdala,43.8,17.84,Macaca mulatta
NEUR_1061,Amygdala,70.37,33.73,Danio rerio
NEUR_7961,Cortex,36.83,30.08,Danio rerio
NEUR_4603,Hypothalamus,90.44,110.21,Macaca mulatta
NEUR_2832,Striatum,93.71,10.52,Danio rerio
NEUR_7905,Amygdala,52.39,26.97,Mus musculus
NEUR_4640,Hypothalamus,141.68,33.58,Mus musculus
NEUR_6730,Amygdala,139.17,49.26,Macaca mulatta
NEUR_8201,Striatum,135.01,52.09,Rattus norvegicus
NEUR_5020,Hippocampus,112.81,69.52,Rattus norvegicus
NEUR_9303,Thalamus,148.64,108.29,Macaca mulatta
NEUR_4253,Striatum,51.61,118.28,Macaca mulatta
NEUR_5716,Striatum,69.35,10.94,Macaca mulatta
NEUR_1914,Thalamus,79.61,74.78,Danio rerio
NEUR_9977,Cerebellum,16.24,25.1,Mus musculus
NEUR_1830,Thalamus,88.38,107.59,Macaca mulatta
NEUR_6669,Thalamus,16.69,110.47,Macaca mulatta
NEUR_6176,Hippocampus,78.43,114.31,Mus musculus
NEUR_6676,Hippocampus,60.55,105.09,Rattus norvegicus
NEUR_8132,Amygdala,16.24,86.13,Rattus norvegicus
NEUR_3266,Amygdala,22.19,74.34,Rattus norvegicus
NEUR_9700,Cerebellum,52.58,67.69,Rattus norvegicus
NEUR_4421,Hippocampus,75.81,70.99,Macaca mulatta
NEUR_4603,Cerebellum,143.49,110.88,Mus musculus
NEUR_7499,Thalamus,63.25,87.13,Macaca mulatta
NEUR_5242,Amygdala,78.98,50.39,Macaca mulatta
NEUR_4636,Striatum,33.72,40.62,Macaca mulatta
NEUR_5431,Striatum,137.58,16.86,Danio rerio
NEUR_7950,Cortex,27.57,86.72,Rattus norvegicus
NEUR_6022,Hypothalamus,147.03,12.17,Mus musculus
NEUR_9489,Striatum,106.05,33.8,Macaca mulatta
NEUR_2253,Cortex,52.08,113.44,Rattus norvegicus
NEUR_8935,Amygdala,6.81,59.31,Macaca mulatta
NEUR_6153,Cerebellum,122.78,35.87,Rattus norvegicus
NEUR_2513,Cerebellum,25.89,19.1,Mus musculus
NEUR_6446,Striatum,40.31,110.62,Danio rerio
NEUR_9708,Cortex,128.97,119.16,Rattus norvegicus
NEUR_5168,Cortex,74.17,13.11,Rattus norvegicus
NEUR_7787,Amygdala,71.47,83.11,Macaca mulatta
NEUR_6738,Cortex,134.89,11.63,Rattus norvegicus
NEUR_7673,Striatum,67.22,31.06,Rattus norvegicus
NEUR_4266,Thalamus,28.11,107.55,Rattus norvegicus
NEUR_9306,Striatum,9.74,103.08,Danio rerio
NEUR_2972,Hypothalamus,106.53,103.06,Mus musculus
NEUR_3688,Hypothalamus,95.57,20.81,Danio rerio
NEUR_5144,Hypothalamus,73.8,32.62,Rattus norvegicus
NEUR_2143,Striatum,39.37,18.08,Rattus norvegicus
NEUR_4758,Hippocampus,32.87,28.27,Mus musculus
NEUR_3128,Hippocampus,103.82,62.01,Rattus norvegicus
NEUR_9174,Amygdala,33.19,66.18,Macaca mulatta
NEUR_1541,Striatum,139.91,83.81,Rattus norvegicus
NEUR_5918,Striatum,37.6,65.62,Mus musculus
NEUR_4455,Amygdala,27.03,76.39,Rattus norvegicus
NEUR_6896,Amygdala,98.08,41.56,Danio rerio
NEUR_1913,Hypothalamus,124.06,91.85,Mus musculus
NEUR_5189,Amygdala,115.81,80.05,Rattus norvegicus
NEUR_5230,Amygdala,21.82,98.3,Macaca mulatta
NEUR_5597,Cortex,101.92,115.91,Danio rerio
NEUR_6949,Thalamus,19.39,106.08,Macaca mulatta
NEUR_3804,Hippocampus,34.08,10.33,Danio rerio
NEUR_9318,Thalamus,17.29,77.8,Rattus norvegicus
NEUR_5898,Hypothalamus,7.64,21.89,Macaca mulatta
NEUR_7326,Amygdala,84.28,32.84,Mus musculus
NEUR_4236,Hippocampus,74.57,71.6,Mus musculus
NEUR_3752,Hypothalamus,45.56,83.74,Danio rerio
NEUR_6641,Hypothalamus,60.27,108.93,Mus musculus
NEUR_4818,Hippocampus,116.75,83.94,Mus musculus
NEUR_7191,Hypothalamus,105.11,41.52,Mus musculus
NEUR_1737,Hypothalamus,125.01,91.08,Danio rerio
NEUR_5787,Hippocampus,7.75,34.89,Mus musculus
NEUR_7391,Cortex,42.9,66.0,Rattus norvegicus
NEUR_4089,Cortex,39.16,98.56,Macaca mulatta
NEUR_3867,Thalamus,73.83,55.62,Macaca mulatta
NEUR_2240,Hypothalamus,69.86,100.56,Macaca mulatta
NEUR_1686,Cortex,57.31,43.31,Rattus norvegicus
NEUR_9860,Cortex,40.64,107.78,Rattus norvegicus
NEUR_9760,Amygdala,23.54,81.42,Mus musculus
NEUR_6566,Hippocampus,63.26,17.15,Danio rerio
NEUR_5630,Hippocampus,93.32,53.72,Rattus norvegicus
NEUR_8179,Hypothalamus,69.72,61.21,Rattus norvegicus
NEUR_9302,Amygdala,104.7,26.24,Mus musculus
NEUR_9510,Thalamus,29.32,54.06,Macaca mulatta
NEUR_8161,Hypothalamus,58.34,81.14,Danio rerio
NEUR_1865,Cerebellum,32.45,54.31,Mus musculus
NEUR_6011,Thalamus,48.15,82.93,Mus musculus
NEUR_1488,Striatum,134.14,50.18,Mus musculus
NEUR_2988,Thalamus,149.92,80.11,Macaca mulatta
NEUR_9022,Cerebellum,143.65,119.71,Danio rerio
NEUR_6226,Striatum,79.8,78.3,Rattus norvegicus
NEUR_5421,Hippocampus,8.16,14.92,Danio rerio
NEUR_7199,Thalamus,68.13,21.53,Rattus norvegicus
NEUR_7818,Thalamus,2.98,99.83,Rattus norvegicus
NEUR_5028,Hippocampus,32.91,117.62,Danio rerio
NEUR_4708,Thalamus,99.01,111.5,Macaca mulatta
NEUR_6164,Hypothalamus,9.4,22.11,Macaca mulatta
NEUR_7213,Thalamus,45.85,37.89,Macaca mulatta
NEUR_7545,Thalamus,97.0,40.99,Macaca mulatta
NEUR_7359,Cortex,99.5,112.98,Rattus norvegicus
NEUR_5657,Thalamus,91.94,78.5,Mus musculus
NEUR_4209,Cortex,135.3,17.52,Mus musculus
NEUR_4737,Hypothalamus,9.19,40.21,Mus musculus
NEUR_6982,Striatum,124.37,49.59,Mus musculus
NEUR_2198,Hippocampus,35.96,21.14,Rattus norvegicus
NEUR_7399,Hippocampus,68.35,46.0,Macaca mulatta
NEUR_9071,Cortex,95.12,89.3,Mus musculus
NEUR_5106,Amygdala,48.24,23.67,Danio rerio
NEUR_7049,Hypothalamus,123.42,52.26,Danio rerio
NEUR_6548,Hypothalamus,87.37,42.01,Rattus norvegicus
NEUR_1867,Amygdala,10.19,55.88,Danio rerio
NEUR_9092,Cortex,31.73,60.51,Macaca mulatta
NEUR_3068,Amygdala,132.85,75.41,Rattus norvegicus
NEUR_7013,Hippocampus,115.12,99.69,Danio rerio
NEUR_7544,Amygdala,29.85,21.49,Danio rerio
NEUR_1281,Thalamus,121.15,113.95,Macaca mulatta
NEUR_3621,Thalamus,125.73,73.27,Danio rerio
NEUR_8351,Cortex,70.12,87.18,Mus musculus
NEUR_1948,Hypothalamus,65.45,34.81,Mus musculus
NEUR_6880,Cortex,97.13,100.74,Macaca mulatta
NEUR_8839,Hypothalamus,126.56,57.45,Rattus norvegicus
NEUR_1576,Cortex,77.39,32.89,Mus musculus
NEUR_7097,Striatum,131.09,111.03,Rattus norvegicus
NEUR_5137,Cortex,58.61,63.13,Rattus norvegicus
NEUR_3364,Striatum,137.36,114.92,Mus musculus
NEUR_3641,Cerebellum,109.5,53.78,Danio rerio
NEUR_7228,Thalamus,116.09,22.94,Rattus norvegicus
NEUR_8138,Cortex,90.5,73.4,Rattus norvegicus
NEUR_2516,Striatum,96.49,94.32,Danio rerio
NEUR_3439,Cerebellum,36.23,76.17,Mus musculus
NEUR_2797,Thalamus,124.23,116.66,Danio rerio
NEUR_6832,Cerebellum,26.75,10.8,Mus musculus
NEUR_1075,Amygdala,145.04,49.36,Mus musculus
NEUR_5045,Cortex,126.65,32.71,Macaca mulatta
NEUR_6552,Hypothalamus,45.92,117.24,Danio rerio
NEUR_7227,Striatum,40.79,47.53,Rattus norvegicus
NEUR_5419,Thalamus,83.16,61.8,Mus musculus
NEUR_1520,Hypothalamus,120.59,102.72,Rattus norvegicus
NEUR_7581,Hypothalamus,115.2,35.99,Macaca mulatta
NEUR_2497,Amygdala,132.2,58.04,Macaca mulatta
NEUR_7102,Hypothalamus,17.56,26.97,Danio rerio
NEUR_9958,Cerebellum,126.67,21.91,Mus musculus
NEUR_3783,Striatum,129.63,70.54,Mus musculus
NEUR_6803,Cerebellum,5.91,38.39,Mus musculus
NEUR_5880,Striatum,107.38,112.84,Macaca mulatta
NEUR_9495,Cortex,46.71,14.66,Danio rerio
NEUR_6317,Amygdala,122.95,41.08,Danio rerio
NEUR_6566,Hypothalamus,32.28,76.91,Macaca mulatta
NEUR_9496,Thalamus,14.69,118.46,Macaca mulatta
NEUR_9356,Hippocampus,61.28,97.26,Mus musculus
NEUR_8360,Thalamus,57.81,93.37,Danio rerio
NEUR_8795,Hippocampus,134.9,103.47,Rattus norvegicus
NEUR_3083,Cerebellum,95.78,85.45,Mus musculus
NEUR_5943,Striatum,41.95,15.48,Rattus norvegicus
NEUR_1760,Cortex,77.88,93.7,Macaca mulatta
NEUR_5021,Cerebellum,91.42,66.69,Rattus norvegicus
NEUR_5589,Amygdala,143.02,35.91,Rattus norvegicus
NEUR_4804,Thalamus,126.05,87.69,Macaca mulatta
NEUR_4421,Hypothalamus,53.53,56.46,Danio rerio
NEUR_9053,Hippocampus,108.24,83.12,Danio rerio
NEUR_7609,Cerebellum,50.26,27.13,Macaca mulatta
NEUR_3816,Amygdala,24.16,86.05,Macaca mulatta
NEUR_8188,Cortex,50.32,66.18,Danio rerio
NEUR_9549,Hippocampus,46.1,51.38,Macaca mulatta
NEUR_5880,Hippocampus,27.49,98.62,Rattus norvegicus
NEUR_3653,Cortex,92.27,29.78,Rattus norvegicus
NEUR_4851,Cerebellum,63.91,87.72,Rattus norvegicus
NEUR_8464,Hypothalamus,129.56,11.87,Macaca mulatta
NEUR_4924,Thalamus,92.18,113.29,Rattus norvegicus
NEUR_1412,Amygdala,74.46,86.95,Rattus norvegicus
NEUR_7626,Hippocampus,107.64,16.27,Danio rerio
NEUR_7196,Thalamus,35.7,82.9,Macaca mulatta
NEUR_1987,Amygdala,49.32,56.91,Macaca mulatta
NEUR_1956,Thalamus,116.44,87.61,Macaca mulatta
NEUR_5438,Hypothalamus,137.53,31.7,Macaca mulatta
NEUR_5239,Cortex,102.17,22.64,Rattus norvegicus
NEUR_9308,Hypothalamus,123.08,45.99,Rattus norvegicus
NEUR_1982,Cerebellum,77.68,42.6,Macaca mulatta
NEUR_8827,Cortex,98.25,114.13,Danio rerio
NEUR_1079,Hypothalamus,83.11,58.49,Rattus norvegicus
NEUR_3422,Thalamus,92.05,41.66,Danio rerio
NEUR_7313,Hypothalamus,30.05,50.97,Mus musculus
NEUR_4842,Thalamus,9.23,99.48,Danio rerio
NEUR_7755,Hypothalamus,140.6,65.68,Macaca mulatta
NEUR_4061,Hypothalamus,3.28,45.86,Rattus norvegicus
NEUR_3957,Cortex,85.35,116.72,Rattus norvegicus
NEUR_1026,Amygdala,106.68,18.52,Rattus norvegicus
NEUR_4219,Cerebellum,46.73,14.23,Macaca mulatta
NEUR_8686,Cerebellum,43.6,25.52,Macaca mulatta
NEUR_3753,Hypothalamus,64.33,22.36,Danio rerio
NEUR_2557,Amygdala,80.35,41.73,Rattus norvegicus
NEUR_6497,Cortex,51.76,29.47,Rattus norvegicus
NEUR_3910,Hypothalamus,85.26,94.55,Rattus norvegicus
NEUR_8078,Cortex,148.71,51.07,Mus musculus
NEUR_2231,Cerebellum,140.25,34.01,Macaca mulatta
NEUR_4066,Cortex,41.75,82.24,Rattus norvegicus
NEUR_6802,Hypothalamus,5.2,15.66,Macaca mulatta
NEUR_6481,Cerebellum,135.64,89.06,Danio rerio
NEUR_6319,Thalamus,75.02,72.17,Macaca mulatta
NEUR_8601,Striatum,136.81,95.59,Danio rerio
NEUR_8418,Hippocampus,37.51,14.4,Danio rerio
NEUR_4117,Hypothalamus,101.35,58.38,Danio rerio
NEUR_1678,Cortex,94.61,68.17,Macaca mulatta
NEUR_7910,Hypothalamus,92.97,45.64,Rattus norvegicus
NEUR_4362,Hippocampus,33.97,31.51,Macaca mulatta
NEUR_2461,Thalamus,75.62,34.06,Macaca mulatta
NEUR_9138,Cerebellum,61.05,115.2,Rattus norvegicus
NEUR_2627,Hippocampus,44.32,63.28,Rattus norvegicus
NEUR_6690,Thalamus,7.07,98.74,Mus musculus
NEUR_3087,Cerebellum,0.38,33.13,Rattus norvegicus
NEUR_5853,Thalamus,3.87,73.01,Mus musculus
NEUR_9393,Amygdala,77.0,51.16,Macaca mulatta
NEUR_7117,Hypothalamus,72.01,31.05,Rattus norvegicus
NEUR_8974,Hippocampus,71.29,12.75,Rattus norvegicus
NEUR_2224,Striatum,95.98,41.82,Macaca mulatta
NEUR_4524,Hypothalamus,112.11,14.11,Danio rerio
NEUR_3496,Hippocampus,17.29,51.96,Macaca mulatta
NEUR_3632,Cortex,94.77,112.71,Macaca mulatta
NEUR_7120,Cortex,100.98,60.73,Macaca mulatta
NEUR_6779,Cortex,70.51,79.35,Macaca mulatta
NEUR_4409,Cerebellum,135.05,102.11,Rattus norvegicus
NEUR_3676,Hypothalamus,112.4,50.64,Rattus norvegicus
NEUR_6533,Cerebellum,68.68,55.32,Danio rerio
NEUR_3254,Hippocampus,16.9,29.75,Danio rerio
NEUR_3205,Striatum,5.49,24.29,Mus musculus
NEUR_3644,Cortex,57.94,50.68,Rattus norvegicus
NEUR_6023,Thalamus,93.34,101.61,Rattus norvegicus
NEUR_9424,Cerebellum,123.23,116.95,Danio rerio
NEUR_4102,Striatum,0.73,67.8,Danio rerio
NEUR_8775,Amygdala,107.66,75.55,Rattus norvegicus
NEUR_2122,Cortex,54.07,70.56,Rattus norvegicus
NEUR_9938,Cerebellum,28.93,115.75,Macaca mulatta
NEUR_8272,Striatum,16.21,28.25,Mus musculus
NEUR_8396,Hippocampus,8.76,49.5,Macaca mulatta
NEUR_4523,Cortex,107.25,80.38,Mus musculus
NEUR_8187,Thalamus,128.25,52.16,Mus musculus
NEUR_4859,Thalamus,117.26,71.65,Mus musculus
NEUR_2353,Cerebellum,80.39,114.58,Macaca mulatta
NEUR_8387,Cerebellum,95.54,85.41,Macaca mulatta
NEUR_9185,Cortex,67.54,43.65,Mus musculus
NEUR_4522,Striatum,17.0,65.07,Mus musculus
NEUR_5568,Cerebellum,133.11,54.72,Danio rerio
NEUR_6503,Hypothalamus,23.64,117.47,Rattus norvegicus
NEUR_7693,Cerebellum,1.9,29.95,Danio rerio
NEUR_4446,Striatum,103.17,88.47,Danio rerio
NEUR_1218,Hypothalamus,95.85,59.13,Mus musculus
NEUR_6410,Thalamus,0.86,19.75,Rattus norvegicus
NEUR_2142,Amygdala,1.77,13.79,Danio rerio
NEUR_7211,Striatum,33.04,61.88,Mus musculus
NEUR_3381,Hippocampus,108.48,28.52,Mus musculus
NEUR_8959,Hypothalamus,148.36,37.2,Macaca mulatta
NEUR_9235,Amygdala,128.04,41.24,Mus musculus
NEUR_8883,Striatum,144.43,105.9,Mus musculus
NEUR_4251,Amygdala,8.25,57.12,Macaca mulatta
NEUR_2195,Hypothalamus,121.94,71.61,Macaca mulatta
NEUR_9117,Cerebellum,54.58,106.0,Macaca mulatta
NEUR_1508,Hypothalamus,100.67,108.63,Macaca mulatta
NEUR_5401,Thalamus,60.04,44.49,Macaca mulatta
NEUR_1916,Cortex,111.4,47.79,Mus musculus
NEUR_8690,Thalamus,65.95,96.98,Rattus norvegicus
NEUR_7923,Cortex,127.2,119.7,Mus musculus
NEUR_1486,Thalamus,93.87,103.71,Danio rerio
NEUR_8951,Cortex,89.58,58.16,Mus musculus
NEUR_8706,Hypothalamus,5.33,72.12,Danio rerio
NEUR_8481,Hypothalamus,6.54,99.01,Danio rerio
NEUR_6896,Hypothalamus,64.91,66.84,Rattus norvegicus
NEUR_9057,Hippocampus,126.56,85.95,Rattus norvegicus
NEUR_2401,Amygdala,10.04,14.28,Rattus norvegicus
NEUR_7621,Amygdala,19.99,97.41,Macaca mulatta
NEUR_7989,Hippocampus,74.75,57.0,Danio rerio
NEUR_6055,Hypothalamus,72.5,100.25,Macaca mulatta
NEUR_6955,Hypothalamus,115.55,62.66,Macaca mulatta
NEUR_3665,Hippocampus,109.3,116.66,Mus musculus
NEUR_3224,Thalamus,135.26,36.19,Rattus norvegicus
NEUR_2793,Striatum,116.61,91.4,Macaca mulatta
NEUR_4211,Hippocampus,127.48,17.93,Rattus norvegicus
NEUR_1802,Cerebellum,50.18,14.87,Mus musculus
NEUR_1196,Striatum,90.19,34.92,Macaca mulatta
NEUR_5761,Hypothalamus,133.36,99.76,Mus musculus
NEUR_7945,Cortex,46.88,109.52,Rattus norvegicus
NEUR_2829,Hypothalamus,140.02,118.77,Rattus norvegicus
NEUR_9371,Hippocampus,39.84,53.68,Rattus norvegicus
NEUR_6162,Cerebellum,23.47,19.46,Danio rerio
NEUR_4444,Cortex,31.37,66.15,Rattus norvegicus
NEUR_1317,Hypothalamus,41.98,13.06,Danio rerio
NEUR_6299,Hippocampus,110.48,99.36,Mus musculus
NEUR_4961,Cerebellum,40.2,45.43,Danio rerio
NEUR_4454,Hippocampus,64.29,72.41,Mus musculus
NEUR_7840,Amygdala,112.2,78.22,Mus musculus
NEUR_4852,Hippocampus,120.64,24.41,Macaca mulatta
NEUR_7403,Striatum,145.0,115.91,Danio rerio
NEUR_9611,Hippocampus,144.05,77.98,Macaca mulatta
NEUR_1476,Cortex,18.47,37.57,Mus musculus
NEUR_4006,Hypothalamus,76.03,75.35,Macaca mulatta
NEUR_9723,Striatum,108.77,89.28,Rattus norvegicus
NEUR_1468,Amygdala,63.51,77.37,Mus musculus
NEUR_7135,Striatum,20.11,65.42,Danio rerio
NEUR_6922,Striatum,31.34,117.75,Mus musculus
NEUR_6045,Striatum,38.95,25.17,Rattus norvegicus
NEUR_2725,Cortex,56.45,114.72,Rattus norvegicus
NEUR_4758,Cerebellum,112.05,39.38,Macaca mulatta
NEUR_8202,Striatum,122.85,68.04,Macaca mulatta
NEUR_7360,Cortex,109.24,11.04,Danio rerio
NEUR_5160,Cortex,48.6,44.26,Macaca mulatta
NEUR_8236,Cerebellum,9.5,58.7,Danio rerio
NEUR_1923,Striatum,70.94,108.27,Mus musculus
NEUR_1781,Thalamus,28.45,94.8,Mus musculus
NEUR_4340,Amygdala,18.6,67.56,Rattus norvegicus
NEUR_5709,Cortex,104.56,56.66,Danio rerio
NEUR_9916,Hypothalamus,48.87,105.1,Rattus norvegicus
NEUR_3128,Amygdala,133.94,56.28,Macaca mulatta
NEUR_8191,Hypothalamus,30.44,14.78,Danio rerio
NEUR_1797,Hippocampus,52.5,70.25,Macaca mulatta
NEUR_3417,Hypothalamus,49.77,80.28,Rattus norvegicus
NEUR_1845,Amygdala,65.54,25.37,Macaca mulatta
NEUR_9061,Amygdala,74.41,114.42,Mus musculus
NEUR_6232,Striatum,137.52,35.47,Rattus norvegicus
NEUR_5450,Amygdala,73.69,18.63,Rattus norvegicus
NEUR_5657,Cerebellum,95.52,68.87,Macaca mulatta
NEUR_6094,Amygdala,107.82,52.39,Macaca mulatta
NEUR_3057,Cortex,8.95,35.45,Macaca mulatta
NEUR_1927,Striatum,35.12,107.4,Mus musculus
NEUR_8062,Cortex,44.9,16.58,Rattus norvegicus
NEUR_5643,Cerebellum,77.36,15.3,Mus musculus
NEUR_7220,Hypothalamus,106.1,43.88,Rattus norvegicus
NEUR_4337,Thalamus,47.81,15.87,Mus musculus
NEUR_1532,Amygdala,38.98,31.11,Macaca mulatta
NEUR_7583,Hypothalamus,34.28,96.53,Mus musculus
NEUR_1286,Thalamus,91.72,105.08,Macaca mulatta
NEUR_9126,Striatum,143.54,109.83,Danio rerio
NEUR_4178,Cerebellum,69.74,85.63,Rattus norvegicus
NEUR_2636,Hypothalamus,88.43,88.32,Rattus norvegicus
NEUR_8032,Cortex,54.59,56.06,Danio rerio
NEUR_8902,Striatum,71.53,33.79,Macaca mulatta
NEUR_1833,Amygdala,47.81,18.11,Mus musculus
NEUR_8406,Striatum,71.79,11.99,Mus musculus
NEUR_1890,Cerebellum,57.67,55.34,Mus musculus
NEUR_7792,Amygdala,51.56,31.73,Mus musculus
NEUR_2255,Cortex,26.49,22.93,Mus musculus
NEUR_3762,Cerebellum,62.78,17.94,Rattus norvegicus
NEUR_8878,Amygdala,72.99,86.59,Mus musculus
NEUR_8011,Cerebellum,131.7,28.65,Rattus norvegicus
NEUR_4762,Hippocampus,26.54,59.63,Rattus norvegicus
NEUR_2247,Hippocampus,63.84,86.23,Mus musculus
NEUR_5230,Cerebellum,149.96,36.47,Mus musculus
NEUR_9439,Hippocampus,20.63,97.97,Mus musculus
NEUR_6199,Cerebellum,34.71,77.01,Rattus norvegicus
NEUR_8409,Thalamus,63.2,75.18,Macaca mulatta
NEUR_7821,Hypothalamus,91.22,79.36,Mus musculus
NEUR_2086,Amygdala,80.12,78.64,Rattus norvegicus
NEUR_9893,Thalamus,37.21,29.34,Danio rerio
NEUR_9727,Cortex,132.7,48.25,Macaca mulatta
NEUR_5215,Hypothalamus,142.57,56.3,Danio rerio
NEUR_5958,Amygdala,45.76,26.49,Danio rerio
NEUR_3435,Striatum,57.77,11.99,Danio rerio
NEUR_6105,Thalamus,98.25,106.52,Mus musculus
NEUR_9392,Hippocampus,27.39,81.92,Rattus norvegicus
NEUR_9250,Hypothalamus,8.36,97.55,Macaca mulatta
NEUR_6615,Amygdala,23.74,75.34,Danio rerio
NEUR_2502,Hippocampus,68.32,61.4,Macaca mulatta
NEUR_1010,Hypothalamus,114.81,46.39,Macaca mulatta
NEUR_7406,Hypothalamus,6.94,88.06,Mus musculus
NEUR_5322,Hippocampus,45.81,17.69,Rattus norvegicus
NEUR_4448,Cortex,135.0,69.41,Macaca mulatta
NEUR_1520,Hippocampus,89.33,49.49,Danio rerio
NEUR_6393,Striatum,5.7,73.89,Mus musculus
NEUR_2068,Amygdala,56.34,20.6,Macaca mulatta
NEUR_9930,Striatum,28.43,99.73,Macaca mulatta
NEUR_2110,Striatum,102.18,93.1,Rattus norvegicus
NEUR_2879,Amygdala,81.63,100.54,Mus musculus
NEUR_5345,Cerebellum,125.1,86.95,Rattus norvegicus
NEUR_4458,Hypothalamus,27.85,91.22,Macaca mulatta
NEUR_9638,Cerebellum,114.57,46.23,Mus musculus
NEUR_2197,Thalamus,25.58,84.82,Mus musculus
NEUR_7830,Amygdala,101.25,85.67,Macaca mulatta
NEUR_8004,Thalamus,132.92,93.41,Mus musculus
NEUR_1327,Hippocampus,14.38,101.18,Danio rerio
NEUR_8720,Cerebellum,43.93,110.67,Danio rerio
NEUR_8216,Cortex,65.32,113.57,Mus musculus
NEUR_8558,Striatum,122.95,114.93,Danio rerio
NEUR_7236,Cerebellum,42.53,104.12,Mus musculus
NEUR_3755,Cortex,110.36,40.25,Macaca mulatta
NEUR_6430,Hypothalamus,12.95,29.15,Mus musculus
NEUR_5369,Striatum,103.24,46.16,Rattus norvegicus
NEUR_1907,Thalamus,117.74,21.66,Danio rerio
NEUR_8209,Amygdala,103.23,19.1,Rattus norvegicus
NEUR_4351,Hypothalamus,79.89,71.75,Rattus norvegicus
NEUR_6361,Cerebellum,116.16,68.36,Mus musculus
NEUR_8054,Cortex,109.02,75.95,Danio rerio
NEUR_7239,Cortex,98.76,65.8,Mus musculus
NEUR_2614,Striatum,1.81,102.01,Danio rerio
NEUR_4313,Cerebellum,97.57,52.41,Macaca mulatta
NEUR_1014,Cerebellum,25.74,90.8,Rattus norvegicus
NEUR_6082,Hippocampus,34.76,52.47,Danio rerio
NEUR_3263,Amygdala,82.0,66.35,Danio rerio
NEUR_7796,Hypothalamus,1.77,89.97,Rattus norvegicus
NEUR_2937,Amygdala,3.34,54.8,Danio rerio
NEUR_2307,Striatum,102.8,43.89,Macaca mulatta
NEUR_2578,Cortex,139.45,96.7,Mus musculus
NEUR_6267,Thalamus,76.92,56.0,Mus musculus
NEUR_3506,Thalamus,10.01,20.51,Mus musculus
NEUR_9998,Hypothalamus,13.16,77.45,Mus musculus
NEUR_9672,Hypothalamus,18.04,54.13,Macaca mulatta
NEUR_3059,Amygdala,100.08,22.28,Mus musculus
NEUR_5376,Amygdala,145.95,45.3,Macaca mulatta
NEUR_9538,Amygdala,54.11,47.23,Rattus norvegicus
NEUR_4913,Hypothalamus,117.49,58.86,Danio rerio
NEUR_9154,Thalamus,90.2,19.35,Macaca mulatta
NEUR_9535,Amygdala,140.89,64.2,Danio rerio
NEUR_3349,Cortex,106.84,91.05,Macaca mulatta
NEUR_2513,Amygdala,52.21,75.29,Mus musculus
NEUR_5038,Striatum,114.59,118.48,Macaca mulatta
NEUR_7481,Hippocampus,17.76,64.93,Macaca mulatta
NEUR_7853,Amygdala,1.19,10.45,Macaca mulatta
NEUR_1989,Amygdala,51.55,56.83,Mus musculus
NEUR_5232,Amygdala,60.02,77.92,Mus musculus
NEUR_9136,Cortex,93.38,85.15,Rattus norvegicus
NEUR_7382,Thalamus,6.91,88.27,Macaca mulatta
NEUR_4829,Hypothalamus,98.72,53.06,Danio rerio
NEUR_6168,Cerebellum,51.93,64.16,Rattus norvegicus
NEUR_2630,Cerebellum,128.93,97.23,Rattus norvegicus
NEUR_5132,Thalamus,43.43,66.2,Mus musculus
NEUR_7027,Thalamus,10.05,83.67,Mus musculus
NEUR_7787,Hypothalamus,122.3,45.95,Macaca mulatta
NEUR_6153,Thalamus,131.92,15.7,Mus musculus
NEUR_3488,Hippocampus,87.37,56.97,Danio rerio
NEUR_9070,Striatum,121.97,80.87,Danio rerio
NEUR_3455,Amygdala,102.93,60.53,Mus musculus
NEUR_6361,Cerebellum,53.42,51.18,Danio rerio
NEUR_8003,Thalamus,18.62,53.5,Danio rerio
NEUR_1720,Hypothalamus,49.82,104.77,Mus musculus
NEUR_3350,Hypothalamus,34.09,21.43,Rattus norvegicus
NEUR_6606,Hypothalamus,113.3,107.5,Macaca mulatta
NEUR_3611,Cortex,29.49,34.38,Rattus norvegicus
NEUR_9436,Cortex,143.99,52.35,Mus musculus
NEUR_5335,Cerebellum,68.06,94.69,Mus musculus
NEUR_2872,Hippocampus,16.18,88.98,Mus musculus
NEUR_5050,Cortex,42.39,24.18,Macaca mulatta
NEUR_2429,Cortex,108.75,69.41,Rattus norvegicus
NEUR_1443,Cortex,115.83,73.03,Danio rerio
NEUR_2418,Striatum,148.51,61.75,Rattus norvegicus
NEUR_6709,Cortex,97.86,118.75,Danio rerio
NEUR_5258,Cerebellum,80.67,116.08,Danio rerio
NEUR_6517,Hippocampus,118.06,41.63,Mus musculus
NEUR_7594,Thalamus,38.43,17.55,Rattus norvegicus
NEUR_3198,Cerebellum,47.71,14.52,Rattus norvegicus
NEUR_1475,Cortex,146.18,112.34,Macaca mulatta
NEUR_1386,Hippocampus,12.67,52.31,Macaca mulatta
NEUR_2026,Thalamus,102.21,60.7,Danio rerio
NEUR_1052,Thalamus,86.22,74.57,Macaca mulatta
NEUR_1919,Amygdala,57.95,14.79,Macaca mulatta
NEUR_9507,Cortex,20.8,70.45,Danio rerio
NEUR_4978,Thalamus,91.95,12.65,Macaca mulatta
NEUR_3553,Amygdala,63.18,26.13,Danio rerio
NEUR_3326,Striatum,14.48,34.14,Danio rerio
NEUR_5907,Hippocampus,142.83,41.11,Rattus norvegicus
NEUR_6226,Thalamus,141.75,30.36,Rattus norvegicus
NEUR_4707,Cerebellum,114.96,65.82,Rattus norvegicus
NEUR_2795,Hippocampus,61.73,31.93,Danio rerio
NEUR_1942,Thalamus,26.68,35.22,Macaca mulatta
NEUR_5961,Hypothalamus,30.35,58.52,Rattus norvegicus
NEUR_5920,Hippocampus,86.24,54.86,Danio rerio
NEUR_2755,Thalamus,46.39,35.91,Mus musculus
NEUR_8194,Hippocampus,128.74,85.14,Danio rerio
NEUR_5967,Cortex,74.99,70.9,Rattus norvegicus
NEUR_2553,Thalamus,43.1,90.61,Macaca mulatta
NEUR_9968,Amygdala,81.78,20.91,Mus musculus
NEUR_5048,Thalamus,14.44,96.15,Macaca mulatta
NEUR_9858,Amygdala,8.59,72.02,Rattus norvegicus
NEUR_4566,Cortex,1.62,65.85,Mus musculus
NEUR_3492,Striatum,83.16,66.81,Mus musculus
NEUR_1764,Amygdala,34.04,34.73,Macaca mulatta
NEUR_4458,Hypothalamus,133.56,24.51,Danio rerio
NEUR_3879,Hippocampus,40.18,48.45,Rattus norvegicus
NEUR_9933,Hypothalamus,83.31,58.56,Rattus norvegicus
NEUR_5724,Cerebellum,92.29,78.58,Macaca mulatta
NEUR_3116,Hypothalamus,140.01,75.6,Mus musculus
NEUR_9772,Thalamus,147.87,45.07,Danio rerio
NEUR_7211,Cerebellum,101.78,50.94,Mus musculus
NEUR_1501,Hypothalamus,12.09,51.68,Mus musculus
NEUR_7426,Cerebellum,64.18,66.92,Danio rerio
NEUR_4560,Hippocampus,18.17,11.58,Macaca mulatta
NEUR_4833,Thalamus,76.25,71.68,Rattus norvegicus
NEUR_3588,Hippocampus,109.47,56.91,Rattus norvegicus
NEUR_9360,Amygdala,4.56,110.45,Mus musculus
NEUR_2577,Striatum,111.3,113.86,Rattus norvegicus
NEUR_9359,Hippocampus,29.81,24.52,Rattus norvegicus
NEUR_9443,Hypothalamus,144.16,112.34,Macaca mulatta
NEUR_9716,Amygdala,30.89,46.9,Macaca mulatta
NEUR_4461,Thalamus,45.78,116.13,Rattus norvegicus
NEUR_5567,Striatum,105.19,51.34,Macaca mulatta
NEUR_5923,Cortex,80.98,41.18,Danio rerio
NEUR_1920,Striatum,10.06,11.66,Macaca mulatta
NEUR_7894,Thalamus,4.98,41.45,Mus musculus
NEUR_1735,Thalamus,32.49,68.22,Mus musculus
NEUR_1748,Thalamus,7.77,54.46,Danio rerio
NEUR_1876,Amygdala,64.92,15.93,Mus musculus
NEUR_3546,Amygdala,84.02,47.95,Macaca mulatta
NEUR_9733,Thalamus,93.79,116.26,Rattus norvegicus
NEUR_3601,Hypothalamus,27.22,105.55,Danio rerio
NEUR_2346,Thalamus,51.15,34.62,Macaca mulatta
NEUR_3865,Striatum,49.6,102.92,Danio rerio
NEUR_9583,Amygdala,2.63,96.41,Macaca mulatta
NEUR_2399,Striatum,8.64,10.06,Danio rerio
NEUR_4074,Hypothalamus,56.96,98.72,Rattus norvegicus
NEUR_1205,Hypothalamus,118.53,72.67,Macaca mulatta
NEUR_2509,Amygdala,99.58,59.8,Rattus norvegicus
NEUR_9382,Cortex,141.69,112.7,Mus musculus
NEUR_7944,Thalamus,9.2,46.76,Rattus norvegicus
NEUR_4052,Cerebellum,8.8,90.0,Macaca mulatta
NEUR_7799,Cerebellum,91.18,18.01,Mus musculus
NEUR_1730,Striatum,137.52,44.39,Mus musculus
NEUR_6697,Cortex,74.99,27.39,Danio rerio
NEUR_2727,Cerebellum,112.64,57.96,Rattus norvegicus
NEUR_4436,Cortex,0.71,51.25,Danio rerio
NEUR_6364,Amygdala,144.51,98.12,Mus musculus
NEUR_7450,Thalamus,90.9,68.63,Danio rerio
NEUR_1067,Thalamus,31.06,10.19,Macaca mulatta
NEUR_1002,Amygdala,138.54,84.13,Mus musculus
NEUR_4780,Thalamus,31.74,99.93,Rattus norvegicus
NEUR_8386,Striatum,49.96,79.55,Macaca mulatta
NEUR_2551,Thalamus,28.67,76.09,Danio rerio
NEUR_9980,Striatum,117.59,91.11,Macaca mulatta
NEUR_2590,Hippocampus,124.09,105.87,Rattus norvegicus
NEUR_7149,Striatum,17.8,105.66,Rattus norvegicus
NEUR_2063,Hippocampus,83.45,59.72,Macaca mulatta
NEUR_1879,Thalamus,125.22,62.57,Danio rerio
NEUR_8502,Thalamus,107.34,20.02,Danio rerio
NEUR_7049,Striatum,47.34,16.7,Rattus norvegicus
NEUR_9607,Hypothalamus,93.52,119.6,Rattus norvegicus
NEUR_9775,Amygdala,114.42,67.14,Mus musculus
NEUR_6516,Hippocampus,6.89,68.42,Macaca mulatta
NEUR_3760,Amygdala,101.06,98.77,Mus musculus
NEUR_8821,Thalamus,24.78,11.97,Macaca mulatta
NEUR_6943,Cerebellum,95.14,114.58,Rattus norvegicus
NEUR_5940,Amygdala,74.09,95.31,Danio rerio
NEUR_4307,Cerebellum,144.95,45.72,Mus musculus
NEUR_2600,Cerebellum,65.99,77.18,Macaca mulatta
NEUR_6138,Amygdala,2.8,92.96,Rattus norvegicus
NEUR_2437,Thalamus,65.08,45.09,Rattus norvegicus
NEUR_7628,Striatum,77.28,92.39,Mus musculus
NEUR_5607,Hypothalamus,100.31,95.35,Macaca mulatta
NEUR_3063,Thalamus,94.56,87.19,Macaca mulatta
NEUR_1803,Hypothalamus,80.52,15.77,Mus musculus
NEUR_1484,Amygdala,4.97,63.52,Rattus norvegicus
NEUR_3509,Hippocampus,141.02,48.28,Macaca mulatta
NEUR_6894,Thalamus,76.45,91.73,Mus musculus
NEUR_8087,Cortex,51.23,55.34,Danio rerio
NEUR_2733,Cortex,65.3,49.99,Macaca mulatta
NEUR_7577,Cerebellum,65.29,89.5,Macaca mulatta
NEUR_1367,Hippocampus,143.28,62.96,Macaca mulatta
NEUR_8253,Thalamus,74.91,22.23,Rattus norvegicus
NEUR_8381,Cerebellum,64.97,33.84,Rattus norvegicus
NEUR_1549,Cerebellum,76.56,100.17,Rattus norvegicus
NEUR_2405,Amygdala,66.76,71.7,Danio rerio
NEUR_6251,Striatum,112.35,83.15,Rattus norvegicus
NEUR_2401,Striatum,65.45,30.41,Rattus norvegicus
NEUR_6811,Thalamus,11.46,83.69,Mus musculus
NEUR_4367,Cerebellum,39.6,115.36,Macaca mulatta
NEUR_5242,Thalamus,25.57,22.7,Rattus norvegicus
NEUR_7182,Striatum,56.6,12.89,Danio rerio
NEUR_6814,Cortex,68.25,111.1,Macaca mulatta
NEUR_6620,Thalamus,128.21,59.39,Macaca mulatta
NEUR_7545,Amygdala,33.95,22.3,Macaca mulatta
NEUR_9949,Cerebellum,146.44,26.52,Danio rerio
NEUR_3459,Cortex,134.85,111.11,Rattus norvegicus
NEUR_9751,Cerebellum,87.51,23.36,Danio rerio
NEUR_7711,Amygdala,40.41,105.72,Macaca mulatta
NEUR_6164,Hypothalamus,120.98,13.09,Macaca mulatta
NEUR_6562,Hypothalamus,5.56,32.84,Macaca mulatta
NEUR_4316,Striatum,26.82,20.57,Macaca mulatta
NEUR_8368,Hippocampus,14.94,16.28,Rattus norvegicus
NEUR_2741,Cortex,58.11,15.22,Mus musculus
NEUR_9706,Cerebellum,47.36,59.04,Macaca mulatta
NEUR_2327,Thalamus,55.31,21.24,Macaca mulatta
NEUR_4518,Cortex,141.51,114.11,Danio rerio
NEUR_2849,Cerebellum,34.19,33.22,Macaca mulatta
NEUR_6832,Hippocampus,133.42,82.28,Mus musculus
NEUR_4140,Striatum,69.79,51.86,Mus musculus
NEUR_5347,Hypothalamus,65.59,10.64,Mus musculus
NEUR_6809,Hippocampus,53.88,67.8,Macaca mulatta
NEUR_3472,Striatum,48.07,55.0,Mus musculus
NEUR_4931,Striatum,103.96,72.42,Rattus norvegicus
