neuron_id,region,firing_rate_hz,spike_amplitude_mv,subject_species
NEUR_1982,Cerebellum,102.71,43.14,Mus musculus
NEUR_2415,Thalamus,100.92,24.0,Danio rerio
NEUR_8001,Amygdala,142.93,104.72,Mus musculus
NEUR_8009,Cortex,123.36,51.9,Mus musculus
NEUR_2495,Hippocampus,2.91,22.5,Macaca mulatta
NEUR_4253,Hippocampus,109.83,50.96,Rattus norvegicus
NEUR_2799,Cortex,121.24,48.62,Mus musculus
NEUR_5647,Hippocampus,100.59,102.89,Macaca mulatta
NEUR_7455,Striatum,18.6,90.32,Rattus norvegicus
NEUR_8114,Striatum,113.36,114.45,Mus musculus
NEUR_8000,Thalamus,94.96,87.9,Mus musculus
NEUR_5914,Hippocampus,21.71,90.15,Mus musculus
NEUR_9250,Amygdala,94.37,43.26,Mus musculus
NEUR_6753,Hypothalamus,122.7,53.25,Danio rerio
NEUR_9501,Thalamus,107.04,38.61,Mus musculus
NEUR_6086,Cerebellum,131.39,116.26,Rattus norvegicus
NEUR_1250,Striatum,14.05,100.97,Mus musculus
NEUR_2885,Cortex,41.42,39.41,Danio rerio
NEUR_2539,Hippocampus,15.81,101.78,Macaca mulatta
NEUR_6997,Hypothalamus,16.53,100.84,Rattus norvegicus
NEUR_1886,Amygdala,8.5,47.17,Rattus norvegicus
NEUR_9921,Striatum,91.36,64.61,Macaca mulatta
NEUR_7337,Cortex,23.98,115.79,Rattus norvegicus
NEUR_1359,Thalamus,140.03,48.75,Rattus norvegicus
NEUR_9518,Striatum,73.77,30.62,Danio rerio
NEUR_5666,Hypothalamus,104.23,114.36,Mus musculus
NEUR_9791,Amygdala,78.6,44.67,Rattus norvegicus
NEUR_4420,Cortex,76.07,47.82,Danio rerio
NEUR_5556,Hippocampus,11.82,49.96,Macaca mulatta
NEUR_3259,Cortex,80.59,98.83,Rattus norvegicus
NEUR_4405,Amygdala,101.25,49.92,Mus musculus
NEUR_8487,Cerebellum,63.26,97.97,Mus musculus
NEUR_1287,Cortex,139.47,59.35,Mus musculus
NEUR_2959,Striatum,39.36,53.94,Rattus norvegicus
NEUR_6441,Hippocampus,68.07,21.23,Mus musculus
NEUR_1855,Hypothalamus,81.4,109.77,Danio rerio
NEUR_3364,Cerebellum,90.66,115.76,Danio rerio
NEUR_7867,Thalamus,65.7,109.67,Rattus norvegicus
NEUR_9687,Cerebellum,105.85,76.89,Macaca mulatta
NEUR_6528,Hypothalamus,79.74,15.97,Rattus norvegicus
NEUR_8688,Thalamus,20.52,101.6,Danio rerio
NEUR_8728,Hippocampus,104.14,60.62,Macaca mulatta
NEUR_8141,Hippocampus,79.35,31.05,Mus musculus
NEUR_7401,Amygdala,28.56,16.17,Rattus norvegicus
NEUR_2603,Thalamus,83.47,12.23,Danio rerio
NEUR_5965,Hypothalamus,3.12,50.66,Rattus norvegicus
NEUR_7405,Striatum,147.56,108.6,Danio rerio
NEUR_3035,Cerebellum,117.05,38.43,Rattus norvegicus
NEUR_3469,Thalamus,20.14,73.6,Macaca mulatta
NEUR_5149,Amygdala,90.22,32.75,Macaca mulatta
NEUR_4265,Hypothalamus,55.86,105.33,Macaca mulatta
NEUR_3860,Striatum,104.24,106.67,Macaca mulatta
NEUR_7152,Cerebellum,96.19,51.04,Rattus norvegicus
NEUR_7881,Cortex,60.19,17.76,Macaca mulatta
NEUR_5031,Thalamus,76.39,54.25,Mus musculus
NEUR_1714,Cerebellum,37.43,19.99,Macaca mulatta
NEUR_9740,Hypothalamus,89.04,74.5,Mus musculus
NEUR_5625,Thalamus,47.9,72.92,Mus musculus
NEUR_1378,Thalamus,145.83,86.01,Macaca mulatta
NEUR_8498,Cerebellum,63.31,50.3,Macaca mulatta
NEUR_4943,Cerebellum,132.31,119.57,Mus musculus
NEUR_2306,Amygdala,0.83,108.7,Rattus norvegicus
NEUR_3632,Striatum,30.89,62.28,Mus musculus
NEUR_2610,Hippocampus,67.21,12.51,Mus musculus
NEUR_7513,Cerebellum,3.34,100.96,Danio rerio
NEUR_7889,Thalamus,108.84,92.99,Danio rerio
NEUR_6162,Thalamus,35.96,36.82,Mus musculus
NEUR_1030,Amygdala,70.8,44.75,Mus musculus
NEUR_8878,Hippocampus,69.43,118.44,Danio rerio
NEUR_5139,Hypothalamus,113.09,39.71,Rattus norvegicus
NEUR_8281,Cerebellum,39.96,42.64,Macaca mulatta
NEUR_7748,Striatum,136.49,57.53,Rattus norvegicus
NEUR_7762,Cortex,111.12,66.65,Macaca mulatta
NEUR_8427,Hypothalamus,122.19,29.83,Macaca mulatta
NEUR_8860,Amygdala,94.08,11.75,Rattus norvegicus
NEUR_1117,Cortex,12.81,63.77,Danio rerio
NEUR_1475,Striatum,124.12,104.64,Mus musculus
NEUR_9914,Cerebellum,111.32,63.03,Rattus norvegicus
NEUR_3399,Thalamus,102.37,99.19,Macaca mulatta
NEUR_7522,Cortex,127.15,107.91,Mus musculus
NEUR_1955,Striatum,25.64,88.18,Mus musculus
NEUR_1616,Thalamus,144.69,15.37,Danio rerio
NEUR_7545,Cortex,28.1,98.25,Rattus norvegicus
NEUR_7555,Hypothalamus,63.24,30.19,Rattus norvegicus
NEUR_7451,Striatum,30.38,75.27,Mus musculus
NEUR_8569,Thalamus,127.54,105.08,Mus musculus
NEUR_5378,Cerebellum,91.18,34.79,Macaca mulatta
NEUR_8081,Striatum,36.97,101.55,Macaca mulatta
NEUR_2249,Hippocampus,10.04,33.85,Macaca mulatta
NEUR_3508,Cerebellum,2.4,94.03,Macaca mulatta
NEUR_9148,Cerebellum,138.81,114.64,Macaca mulatta
NEUR_1986,Hypothalamus,113.62,55.97,Mus musculus
NEUR_1339,Hypothalamus,121.76,49.83,Danio rerio
NEUR_4166,Cerebellum,137.42,117.71,Danio rerio
NEUR_1861,Cortex,109.64,96.39,Danio rerio
NEUR_3447,Striatum,120.48,32.42,Rattus norvegicus
NEUR_8267,Striatum,122.0,48.95,Danio rerio
NEUR_5178,Cortex,12.24,103.73,Rattus norvegicus
NEUR_7112,Amygdala,143.53,28.42,Rattus norvegicus
NEUR_3604,Thalamus,122.29,34.55,Macaca mulatta
NEUR_7833,Striatum,52.38,81.99,Rattus norvegicus
NEUR_6762,Cerebellum,110.55,113.61,Danio rerio
NEUR_9805,Cortex,24.48,102.95,Macaca mulatta
NEUR_6637,Cortex,30.01,90.53,Danio rerio
NEUR_2604,Hypothalamus,28.14,99.74,Rattus norvegicus
NEUR_2254,Hippocampus,24.44,32.31,Macaca mulatta
NEUR_8989,Cerebellum,99.15,96.71,Mus musculus
NEUR_4617,Amygdala,49.96,21.11,Mus musculus
NEUR_9605,Cortex,130.21,107.85,Rattus norvegicus
NEUR_9098,Thalamus,13.12,86.34,Mus musculus
NEUR_6798,Cerebellum,46.37,38.76,Macaca mulatta
NEUR_8204,Cortex,129.62,17.09,Rattus norvegicus
NEUR_8132,Hypothalamus,57.6,25.21,Rattus norvegicus
NEUR_2287,Hippocampus,28.15,36.85,Danio rerio
NEUR_3432,Cerebellum,118.75,98.12,Mus musculus
NEUR_5134,Striatum,23.59,40.28,Danio rerio
NEUR_7778,Striatum,15.02,19.18,Mus musculus
NEUR_1332,Cortex,83.04,36.08,Rattus norvegicus
NEUR_1150,Cortex,91.98,89.21,Mus musculus
NEUR_1224,Striatum,139.64,78.62,Mus musculus
NEUR_9162,Thalamus,2.3,27.62,Danio rerio
NEUR_5587,Cortex,133.77,63.99,Mus musculus
NEUR_3291,Hypothalamus,61.0,11.45,Mus musculus
NEUR_2760,Cerebellum,20.49,63.53,Mus musculus
NEUR_6359,Hypothalamus,106.69,69.02,Macaca mulatta
NEUR_3914,Striatum,137.87,39.86,Macaca mulatta
NEUR_9369,Hypothalamus,45.94,67.4,Danio rerio
NEUR_1072,Cerebellum,89.65,63.56,Rattus norvegicus
NEUR_1134,Cerebellum,20.44,101.1,Mus musculus
NEUR_7566,Striatum,15.79,85.36,Macaca mulatta
NEUR_8602,Hypothalamus,139.48,60.79,Rattus norvegicus
NEUR_3252,Cortex,102.65,77.07,Rattus norvegicus
NEUR_6154,Hippocampus,32.43,102.3,Mus musculus
NEUR_2961,Hypothalamus,13.13,91.65,Mus musculus
NEUR_4820,Thalamus,100.83,44.48,Macaca mulatta
NEUR_6113,Amygdala,25.22,81.91,Danio rerio
NEUR_7702,Hippocampus,69.87,81.37,Rattus norvegicus
NEUR_2932,Thalamus,12.48,60.28,Macaca mulatta
NEUR_9704,Hippocampus,56.21,97.22,Danio rerio
NEUR_4333,Cortex,83.2,30.57,Rattus norvegicus
NEUR_6289,Hypothalamus,94.11,43.68,Macaca mulatta
NEUR_6197,Cerebellum,115.42,10.31,Danio rerio
NEUR_7206,Hypothalamus,131.74,111.24,Rattus norvegicus
NEUR_5669,Thalamus,56.07,79.48,Mus musculus
NEUR_6156,Hippocampus,86.32,37.26,Mus musculus
NEUR_7479,Hippocampus,49.4,26.21,Macaca mulatta
NEUR_6571,Cerebellum,60.25,87.86,Macaca mulatta
NEUR_2163,Hippocampus,14.11,81.69,Macaca mulatta
NEUR_4373,Cortex,59.07,111.17,Macaca mulatta
NEUR_7208,Amygdala,37.59,35.28,Mus musculus
NEUR_5322,Hippocampus,120.77,38.4,Danio rerio
NEUR_8865,Cortex,137.58,68.75,Rattus norvegicus
NEUR_4160,Striatum,84.82,31.97,Danio rerio
NEUR_9890,Amygdala,129.34,45.72,Macaca mulatta
NEUR_3813,Cortex,134.47,38.61,Mus musculus
NEUR_1271,Hypothalamus,133.84,119.85,Danio rerio
NEUR_9688,Cerebellum,34.19,107.83,Macaca mulatta
NEUR_2044,Cerebellum,48.77,45.34,Danio rerio
NEUR_4883,Hippocampus,124.34,119.17,Danio rerio
NEUR_8373,Hypothalamus,7.83,34.57,Rattus norvegicus
NEUR_8784,Amygdala,78.12,29.64,Rattus norvegicus
NEUR_7831,Striatum,23.44,72.66,Macaca mulatta
NEUR_9137,Hippocampus,105.24,23.02,Macaca mulatta
NEUR_1966,Striatum,54.87,83.42,Rattus norvegicus
NEUR_8955,Amygdala,78.77,13.82,Mus musculus
NEUR_4681,Cortex,58.56,114.92,Danio rerio
NEUR_7255,Amygdala,143.55,90.85,Danio rerio
NEUR_7185,Cortex,7.6,97.79,Danio rerio
NEUR_8745,Amygdala,112.1,25.76,Danio rerio
NEUR_3540,Striatum,21.8,55.79,Rattus norvegicus
NEUR_9091,Amygdala,69.73,64.48,Danio rerio
NEUR_7894,Hypothalamus,26.17,13.18,Macaca mulatta
NEUR_9507,Amygdala,23.25,60.63,Rattus norvegicus
NEUR_6054,Striatum,31.13,115.29,Rattus norvegicus
NEUR_2313,Striatum,105.68,24.17,Danio rerio
NEUR_6426,Amygdala,39.79,107.62,Danio rerio
NEUR_3602,Hypothalamus,38.82,77.06,Macaca mulatta
NEUR_2432,Hippocampus,90.14,16.63,Macaca mulatta
NEUR_8928,Hippocampus,107.56,110.12,Mus musculus
NEUR_9220,Striatum,146.51,89.52,Rattus norvegicus
NEUR_1029,Hippocampus,54.39,81.34,Rattus norvegicus
NEUR_3619,Hypothalamus,89.89,93.0,Rattus norvegicus
NEUR_9784,Cerebellum,114.98,14.8,Rattus norvegicus
NEUR_3777,Cortex,47.85,80.79,Macaca mulatta
NEUR_1034,Hippocampus,13.52,40.05,Macaca mulatta
NEUR_2997,Hippocampus,116.62,38.8,Macaca mulatta
NEUR_4927,Hippocampus,72.95,94.24,Mus musculus
NEUR_8715,Thalamus,8.54,97.37,Danio rerio
NEUR_7780,Cerebellum,88.14,72.56,Mus musculus
NEUR_3541,Thalamus,4.91,95.11,Rattus norvegicus
NEUR_7826,Hypothalamus,13.25,85.73,Danio rerio
NEUR_2488,Hippocampus,0.4,58.81,Rattus norvegicus
NEUR_7929,Cerebellum,26.6,14.61,Danio rerio
NEUR_6481,Striatum,105.33,95.69,Macaca mulatta
NEUR_5222,Amygdala,19.73,22.83,Danio rerio
NEUR_2466,Striatum,14.61,56.36,Mus musculus
NEUR_5927,Hypothalamus,103.55,86.97,Rattus norvegicus
NEUR_4881,Striatum,135.16,63.06,Mus musculus
NEUR_3744,Striatum,104.07,91.2,Rattus norvegicus
NEUR_8444,Hypothalamus,48.53,48.0,Rattus norvegicus
NEUR_3137,Cortex,70.93,33.73,Mus musculus
NEUR_7572,Amygdala,128.78,45.48,Danio rerio
NEUR_6870,Amygdala,107.34,82.38,Rattus norvegicus
NEUR_4529,Hypothalamus,55.73,100.28,Rattus norvegicus
NEUR_9273,Thalamus,104.25,78.88,Mus musculus
NEUR_9868,Striatum,131.77,24.25,Macaca mulatta
NEUR_5030,Thalamus,102.57,30.01,Mus musculus
NEUR_3336,Striatum,42.53,23.7,Rattus norvegicus
NEUR_7185,Striatum,116.32,118.05,Rattus norvegicus
NEUR_1459,Striatum,49.34,42.56,Rattus norvegicus
NEUR_9001,Striatum,127.61,86.48,Macaca mulatta
NEUR_1334,Striatum,33.54,28.92,Mus musculus
NEUR_2982,Striatum,106.91,103.2,Macaca mulatta
NEUR_6817,Hypothalamus,31.23,64.41,Danio rerio
NEUR_6904,Amygdala,79.97,93.37,Macaca mulatta
NEUR_6434,Striatum,60.07,53.03,Mus musculus
NEUR_8269,Hippocampus,6.6,34.51,Danio rerio
NEUR_4950,Thalamus,46.2,57.87,Danio rerio
NEUR_4368,Amygdala,93.49,24.4,Mus musculus
NEUR_1993,Hippocampus,108.06,112.92,Danio rerio
NEUR_1894,Cerebellum,40.59,14.05,Macaca mulatta
NEUR_8726,Striatum,9.48,85.83,Rattus norvegicus
NEUR_5083,Cortex,82.43,59.86,Rattus norvegicus
NEUR_2929,Striatum,117.14,69.22,Macaca mulatta
NEUR_9631,Striatum,52.37,111.81,Mus musculus
NEUR_6471,Cerebellum,134.19,31.82,Danio rerio
NEUR_5654,Hippocampus,94.06,114.66,Macaca mulatta
NEUR_5409,Amygdala,33.09,119.64,Rattus norvegicus
NEUR_4259,Thalamus,61.89,98.17,Macaca mulatta
NEUR_8940,Cortex,144.05,63.46,Mus musculus
NEUR_5951,Hippocampus,111.25,111.4,Rattus norvegicus
NEUR_3798,Striatum,32.82,17.68,Rattus norvegicus
NEUR_6064,Thalamus,129.18,108.37,Rattus norvegicus
NEUR_5756,Hippocampus,19.27,92.5,Danio rerio
NEUR_2496,Striatum,86.67,77.22,Macaca mulatta
NEUR_6064,Cortex,131.26,102.64,Macaca mulatta
NEUR_4695,Thalamus,53.83,68.16,Macaca mulatta
NEUR_8334,Cerebellum,54.75,67.94,Danio rerio
NEUR_5342,Amygdala,149.17,46.25,Mus musculus
NEUR_3136,Cerebellum,100.49,119.97,Macaca mulatta
NEUR_8881,Hypothalamus,117.39,110.78,Rattus norvegicus
NEUR_4630,Amygdala,118.95,48.03,Macaca mulatta
NEUR_4194,Amygdala,24.47,112.67,Rattus norvegicus
NEUR_5506,Hippocampus,59.6,17.99,Macaca mulatta
NEUR_4886,Amygdala,44.6,36.72,Macaca mulatta
NEUR_4718,Cortex,50.53,58.5,Macaca mulatta
NEUR_5238,Cortex,146.67,57.97,Mus musculus
NEUR_5873,Hippocampus,142.49,52.28,Macaca mulatta
NEUR_9126,Cerebellum,0.63,90.6,Macaca mulatta
NEUR_4829,Cerebellum,94.02,21.79,Danio rerio
NEUR_6690,Striatum,72.2,105.79,Danio rerio
NEUR_2520,Hypothalamus,92.64,81.68,Danio rerio
NEUR_2380,Hippocampus,95.41,35.35,Mus musculus
NEUR_5159,Cerebellum,2.58,51.84,Macaca mulatta
NEUR_7770,Hypothalamus,37.34,98.94,Macaca mulatta
NEUR_5158,Hippocampus,80.55,55.72,Rattus norvegicus
NEUR_3531,Cerebellum,88.63,25.69,Danio rerio
NEUR_9751,Hippocampus,36.97,116.34,Mus musculus
NEUR_2280,Cerebellum,21.25,16.12,Danio rerio
NEUR_4477,Cortex,19.69,16.81,Mus musculus
NEUR_7787,Striatum,33.39,16.34,Mus musculus
NEUR_4003,Amygdala,104.81,74.4,Mus musculus
NEUR_8024,Cerebellum,90.36,28.76,Danio rerio
NEUR_2613,Amygdala,98.58,102.95,Mus musculus
NEUR_2768,Striatum,115.51,101.49,Danio rerio
NEUR_2643,Cerebellum,3.97,22.67,Macaca mulatta
NEUR_3890,Cortex,129.33,91.85,Danio rerio
NEUR_3367,Hypothalamus,48.94,104.45,Mus musculus
NEUR_7255,Cerebellum,123.56,62.63,Rattus norvegicus
NEUR_1175,Cerebellum,71.57,51.22,Rattus norvegicus
NEUR_7843,Hypothalamus,126.08,48.42,Rattus norvegicus
NEUR_7288,Cortex,15.95,41.45,Macaca mulatta
NEUR_6553,Hippocampus,137.56,108.13,Danio rerio
NEUR_7501,Hippocampus,33.48,38.9,Mus musculus
NEUR_1490,Cerebellum,17.03,11.26,Macaca mulatta
NEUR_9958,Striatum,55.04,36.36,Danio rerio
NEUR_9816,Cortex,57.28,109.76,Rattus norvegicus
NEUR_8965,Hypothalamus,77.54,59.46,Danio rerio
NEUR_9005,Hippocampus,26.38,84.98,Macaca mulatta
NEUR_8861,Hypothalamus,56.9,105.38,Mus musculus
NEUR_6099,Hippocampus,9.51,94.24,Macaca mulatta
NEUR_3211,Striatum,17.36,82.12,Macaca mulatta
NEUR_6042,Cerebellum,31.66,49.61,Macaca mulatta
NEUR_2772,Cerebellum,63.13,89.34,Mus musculus
NEUR_1534,Cerebellum,51.13,90.03,Macaca mulatta
NEUR_1557,Striatum,123.15,57.29,Macaca mulatta
NEUR_2617,Striatum,65.7,31.25,Macaca mulatta
NEUR_4091,Amygdala,26.17,40.43,Mus musculus
NEUR_3330,Cerebellum,1.27,99.71,Danio rerio
NEUR_3866,Cerebellum,48.22,81.19,Mus musculus
NEUR_2530,Hippocampus,132.84,112.19,Danio rerio
NEUR_2719,Hypothalamus,48.72,59.84,Danio rerio
NEUR_7545,Hypothalamus,147.47,69.31,Mus musculus
NEUR_5486,Cerebellum,123.44,58.04,Macaca mulatta
NEUR_6141,Cerebellum,102.2,64.7,Mus musculus
NEUR_8495,Cortex,71.34,112.79,Mus musculus
NEUR_1492,Striatum,14.68,81.51,Macaca mulatta
NEUR_3598,Hypothalamus,109.31,106.55,Macaca mulatta
NEUR_9453,Thalamus,114.81,81.78,Mus musculus
NEUR_3740,Cortex,38.16,69.14,Mus musculus
NEUR_1769,Cerebellum,111.57,94.59,Macaca mulatta
NEUR_2901,Cortex,30.35,25.57,Mus musculus
NEUR_8289,Thalamus,131.25,75.32,Macaca mulatta
NEUR_6049,Amygdala,75.87,17.29,Danio rerio
NEUR_6746,Thalamus,100.36,111.21,Macaca mulatta
NEUR_3178,Thalamus,143.77,26.76,Macaca mulatta
NEUR_1198,Amygdala,11.25,113.64,Danio rerio
NEUR_4952,Thalamus,69.5,17.12,Rattus norvegicus
NEUR_5479,Cortex,26.6,49.62,Danio rerio
NEUR_8893,Hippocampus,140.83,63.36,Mus musculus
NEUR_6883,Cerebellum,146.7,71.62,Rattus norvegicus
NEUR_5399,Striatum,48.73,90.75,Danio rerio
NEUR_5006,Amygdala,98.01,56.49,Mus musculus
NEUR_7042,Hypothalamus,32.68,14.97,Macaca mulatta
NEUR_1210,Hypothalamus,45.38,78.15,Mus musculus
NEUR_4938,Amygdala,149.47,49.68,Rattus norvegicus
NEUR_2132,Cerebellum,49.7,58.41,Rattus norvegicus
NEUR_3843,Hypothalamus,142.5,20.63,Macaca mulatta
NEUR_9014,Amygdala,139.92,24.99,Rattus norvegicus
NEUR_4164,Thalamus,118.05,30.34,Rattus norvegicus
NEUR_3622,Hypothalamus,56.91,41.18,Danio rerio
NEUR_2129,Hypothalamus,30.69,63.67,Macaca mulatta
NEUR_4677,Cerebellum,24.85,74.54,Danio rerio
NEUR_8044,Thalamus,32.39,26.05,Rattus norvegicus
NEUR_3717,Amygdala,120.91,84.77,Macaca mulatta
NEUR_2081,Hippocampus,26.65,116.1,Danio rerio
NEUR_6644,Cortex,94.05,101.02,Macaca mulatta
NEUR_2330,Hippocampus,92.95,46.01,Rattus norvegicus
NEUR_2605,Thalamus,59.06,106.7,Danio rerio
NEUR_7023,Striatum,137.85,20.28,Danio rerio
NEUR_6034,Cortex,128.12,57.42,Mus musculus
NEUR_7356,Hippocampus,30.92,32.18,Danio rerio
NEUR_1066,Hippocampus,104.21,30.88,Rattus norvegicus
NEUR_2074,Striatum,37.16,83.38,Macaca mulatta
NEUR_5457,Cortex,50.39,78.53,Macaca mulatta
NEUR_7953,Amygdala,31.46,38.73,Danio rerio
NEUR_1726,Cortex,50.58,119.28,Mus musculus
NEUR_9003,Hippocampus,113.99,30.18,Macaca mulatta
NEUR_9875,Thalamus,101.53,29.98,Danio rerio
NEUR_8503,Hippocampus,63.05,89.19,Rattus norvegicus
NEUR_5998,Cerebellum,140.64,48.52,Rattus norvegicus
NEUR_2956,Amygdala,145.36,97.54,Danio rerio
NEUR_2953,Cerebellum,15.3,69.22,Rattus norvegicus
NEUR_3779,Cortex,73.63,36.21,Mus musculus
NEUR_2352,Hypothalamus,141.21,98.46,Mus musculus
NEUR_9307,Thalamus,96.51,92.48,Macaca mulatta
NEUR_7455,Cortex,18.83,80.07,Macaca mulatta
NEUR_4795,Amygdala,79.82,84.6,Rattus norvegicus
NEUR_2619,Cortex,56.64,70.17,Danio rerio
NEUR_4797,Hypothalamus,71.44,25.72,Macaca mulatta
NEUR_7420,Cortex,64.17,16.3,Rattus norvegicus
NEUR_4219,Cortex,77.48,93.24,Mus musculus
NEUR_8841,Cortex,96.65,107.84,Danio rerio
NEUR_1744,Amygdala,33.68,78.26,Mus musculus
NEUR_4617,Cortex,99.34,97.62,Rattus norvegicus
NEUR_9907,Hypothalamus,9.43,50.89,Mus musculus
NEUR_5056,Hippocampus,25.58,113.9,Macaca mulatta
NEUR_3959,Striatum,141.25,15.33,Danio rerio
NEUR_9003,Thalamus,141.23,110.99,Mus musculus
NEUR_5242,Thalamus,140.35,64.58,Macaca mulatta
NEUR_5138,Striatum,31.47,28.75,Danio rerio
NEUR_7350,Hypothalamus,18.88,56.0,Rattus norvegicus
NEUR_5964,Thalamus,4.77,23.71,Rattus norvegicus
NEUR_7982,Amygdala,93.59,22.1,Danio rerio
NEUR_7566,Cortex,77.38,91.94,Macaca mulatta
NEUR_5384,Hypothalamus,20.44,17.94,Rattus norvegicus
NEUR_9797,Hippocampus,110.75,27.23,Macaca mulatta
NEUR_3986,Cerebellum,13.69,41.23,Danio rerio
NEUR_2578,Thalamus,86.37,102.43,Mus musculus
NEUR_4220,Cortex,121.81,63.1,Rattus norvegicus
NEUR_8592,Hypothalamus,56.27,21.96,Macaca mulatta
NEUR_2536,Hypothalamus,5.68,114.91,Mus musculus
NEUR_2476,Hypothalamus,59.06,113.86,Mus musculus
NEUR_6617,Hippocampus,116.6,59.9,Macaca mulatta
NEUR_9494,Hypothalamus,28.6,114.12,Mus musculus
NEUR_6925,Cortex,31.44,73.17,Rattus norvegicus
NEUR_8065,Cerebellum,76.76,97.43,Danio rerio
NEUR_7735,Hypothalamus,54.72,90.65,Rattus norvegicus
NEUR_3245,Amygdala,84.68,72.09,Danio rerio
NEUR_3747,Striatum,63.7,94.44,Danio rerio
NEUR_4861,Cortex,17.36,102.17,Mus musculus
NEUR_6014,Thalamus,54.8,90.78,Macaca mulatta
NEUR_4389,Thalamus,101.15,60.48,Danio rerio
NEUR_8511,Hypothalamus,54.65,116.77,Rattus norvegicus
NEUR_3737,Cerebellum,123.77,35.45,Danio rerio
NEUR_9146,Thalamus,105.42,114.95,Danio rerio
NEUR_9835,Striatum,5.12,54.2,Rattus norvegicus
NEUR_5971,Striatum,120.57,96.14,Rattus norvegicus
NEUR_6206,Thalamus,142.38,102.82,Danio rerio
NEUR_6040,Striatum,145.18,102.88,Mus musculus
NEUR_3589,Hypothalamus,36.61,111.03,Mus musculus
NEUR_5519,Hippocampus,126.27,63.27,Rattus norvegicus
NEUR_4565,Striatum,42.83,62.27,Macaca mulatta
NEUR_9703,Striatum,134.59,76.43,Rattus norvegicus
NEUR_1995,Striatum,82.53,26.26,Danio rerio
NEUR_1565,Thalamus,62.61,41.86,Mus musculus
NEUR_6229,Hippocampus,138.68,80.12,Danio rerio
NEUR_9368,Cerebellum,139.15,16.72,Rattus norvegicus
NEUR_1806,Thalamus,149.53,91.65,Danio rerio
NEUR_5125,Amygdala,0.43,21.49,Mus musculus
NEUR_5455,Hypothalamus,83.99,97.92,Macaca mulatta
NEUR_3437,Hippocampus,149.77,82.09,Danio rerio
NEUR_8238,Hypothalamus,19.98,20.2,Rattus norvegicus
NEUR_7778,Cortex,123.48,73.19,Mus musculus
NEUR_3441,Amygdala,7.65,116.85,Rattus norvegicus
NEUR_4558,Cortex,131.84,13.12,Macaca mulatta
NEUR_2020,Cerebellum,56.78,28.9,Mus musculus
NEUR_7656,Cerebellum,89.06,28.72,Rattus norvegicus
NEUR_7849,Thalamus,40.03,104.51,Mus musculus
NEUR_2529,Thalamus,129.04,46.8,Macaca mulatta
NEUR_5223,Thalamus,50.52,10.67,Macaca mulatta
NEUR_1565,Amygdala,80.52,33.61,Danio rerio
NEUR_9206,Striatum,93.48,31.04,Danio rerio
NEUR_1849,Thalamus,40.22,52.33,Danio rerio
NEUR_5513,Hippocampus,81.21,103.94,Danio rerio
NEUR_3657,Hippocampus,86.6,69.8,Rattus norvegicus
NEUR_2741,Striatum,92.35,35.81,Rattus norvegicus
NEUR_8261,Cortex,64.24,52.93,Macaca mulatta
NEUR_6429,Thalamus,138.05,38.53,Danio rerio
NEUR_4406,Hippocampus,144.36,89.91,Macaca mulatta
NEUR_4456,Hippocampus,53.07,30.64,Macaca mulatta
NEUR_3078,Hippocampus,89.41,51.05,Macaca mulatta
NEUR_3123,Hippocampus,54.41,71.82,Mus musculus
NEUR_6085,Thalamus,147.9,119.12,Rattus norvegicus
NEUR_7797,Amygdala,75.44,13.21,Mus musculus
NEUR_6385,Hypothalamus,45.06,87.95,Danio rerio
NEUR_5797,Hippocampus,116.7,45.47,Macaca mulatta
NEUR_2052,Thalamus,13.53,53.39,Danio rerio
NEUR_6473,Hypothalamus,12.5,116.31,Danio rerio
NEUR_2655,Hippocampus,85.26,79.64,Mus musculus
NEUR_1090,Hypothalamus,40.5,79.05,Macaca mulatta
NEUR_5376,Cerebellum,149.48,17.84,Mus musculus
NEUR_2187,Hippocampus,73.5,109.55,Rattus norvegicus
NEUR_2210,Amygdala,86.71,28.36,Danio rerio
NEUR_4754,Cerebellum,62.38,57.4,Macaca mulatta
NEUR_5562,Hypothalamus,79.11,51.45,Macaca mulatta
NEUR_7562,Cortex,64.1,47.46,Macaca mulatta
NEUR_2507,Hypothalamus,143.57,41.75,Mus musculus
NEUR_7932,Hippocampus,114.74,97.04,Rattus norvegicus
NEUR_7910,Cortex,97.63,119.8,Rattus norvegicus
NEUR_9308,Amygdala,21.36,99.95,Rattus norvegicus
NEUR_7596,Thalamus,77.68,90.51,Rattus norvegicus
NEUR_5241,Cerebellum,74.69,84.12,Macaca mulatta
NEUR_5713,Cortex,143.22,44.6,Rattus norvegicus
NEUR_3310,Cortex,49.22,17.18,Danio rerio
NEUR_8125,Hippocampus,6.95,20.24,Macaca mulatta
NEUR_5185,Hypothalamus,148.18,92.21,Rattus norvegicus
NEUR_7551,Hypothalamus,109.43,69.86,Rattus norvegicus
NEUR_9368,Hippocampus,102.27,73.56,Rattus norvegicus
NEUR_9159,Striatum,81.28,22.54,Danio rerio
NEUR_7052,Cerebellum,98.2,26.5,Macaca mulatta
NEUR_8591,Cortex,146.1,114.35,Macaca mulatta
NEUR_9098,Thalamus,25.04,32.88,Macaca mulatta
NEUR_8287,Cerebellum,42.24,40.98,Rattus norvegicus
NEUR_8901,Cortex,100.17,61.2,Danio rerio
NEUR_3288,Hypothalamus,96.27,79.04,Mus musculus
NEUR_3552,Cerebellum,15.3,16.71,Macaca mulatta
NEUR_3028,Thalamus,140.16,90.26,Mus musculus
NEUR_9661,Hippocampus,122.66,26.7,Danio rerio
NEUR_4125,Cortex,101.86,23.85,Rattus norvegicus
NEUR_9869,Hypothalamus,145.91,97.45,Mus musculus
NEUR_2077,Cerebellum,45.07,27.2,Macaca mulatta
NEUR_6754,Cerebellum,99.68,95.65,Mus musculus
NEUR_8862,Hippocampus,43.0,41.56,Macaca mulatta
NEUR_3212,Amygdala,67.31,21.93,Macaca mulatta
NEUR_5433,Amygdala,120.08,13.75,Macaca mulatta
NEUR_2958,Cortex,50.69,35.25,Macaca mulatta
NEUR_7140,Amygdala,18.06,101.0,Macaca mulatta
NEUR_6837,Cortex,22.0,26.53,Rattus norvegicus
NEUR_5186,Amygdala,51.63,107.45,Rattus norvegicus
NEUR_2256,Hypothalamus,61.06,30.68,Mus musculus
NEUR_7665,Amygdala,51.6,91.58,Rattus norvegicus
NEUR_4114,Thalamus,114.62,77.15,Mus musculus
NEUR_4539,Amygdala,91.12,67.15,Mus musculus
NEUR_3710,Cortex,49.88,23.18,Macaca mulatta
NEUR_5158,Hypothalamus,130.49,58.01,Mus musculus
NEUR_1778,Hypothalamus,45.4,20.07,Danio rerio
NEUR_1429,Cortex,65.37,83.61,Macaca mulatta
NEUR_1627,Hypothalamus,110.02,38.14,Rattus norvegicus
NEUR_3866,Cortex,0.34,100.21,Rattus norvegicus
NEUR_9196,Cortex,20.78,113.99,Macaca mulatta
NEUR_1711,Cerebellum,77.18,99.39,Rattus norvegicus
NEUR_7779,Hippocampus,117.8,101.8,Mus musculus
NEUR_7633,Cerebellum,134.62,73.43,Macaca mulatta
NEUR_1441,Striatum,137.28,32.15,Mus musculus
NEUR_7097,Amygdala,30.91,82.62,Macaca mulatta
NEUR_6285,Thalamus,65.15,68.78,Rattus norvegicus
NEUR_1696,Hippocampus,16.05,115.04,Danio rerio
NEUR_9276,Amygdala,49.75,41.09,Danio rerio
NEUR_3381,Hypothalamus,97.38,87.62,Rattus norvegicus
NEUR_5067,Amygdala,2.52,51.49,Mus musculus
NEUR_7429,Thalamus,20.19,20.64,Mus musculus
NEUR_3920,Striatum,64.36,29.36,Rattus norvegicus
NEUR_1086,Thalamus,65.7,11.49,Rattus norvegicus
NEUR_5232,Cerebellum,52.68,96.97,Mus musculus
NEUR_2800,Striatum,135.8,77.99,Mus musculus
NEUR_5952,Amygdala,13.24,42.12,Rattus norvegicus
NEUR_6882,Hippocampus,129.39,85.94,Danio rerio
NEUR_1244,Thalamus,47.88,67.01,Danio rerio
NEUR_5623,Cerebellum,106.75,93.6,Rattus norvegicus
NEUR_2009,Cerebellum,98.16,59.83,Rattus norvegicus
NEUR_9692,Striatum,82.36,62.22,Rattus norvegicus
NEUR_9083,Cerebellum,25.18,112.23,Macaca mulatta
NEUR_7474,Amygdala,39.98,61.81,Mus musculus
NEUR_8462,Striatum,132.65,70.7,Macaca mulatta
NEUR_7547,Amygdala,126.39,100.09,Macaca mulatta
NEUR_2917,Hypothalamus,24.32,89.19,Macaca mulatta
NEUR_2647,Striatum,66.04,114.16,Rattus norvegicus
NEUR_8843,Cortex,107.49,55.35,Rattus norvegicus
NEUR_9725,Hippocampus,147.48,116.31,Danio rerio
NEUR_2545,Cortex,78.98,87.02,Rattus norvegicus
NEUR_3362,Hippocampus,75.38,64.6,Danio rerio
NEUR_6606,Striatum,112.68,109.98,Macaca mulatta
NEUR_6231,Hypothalamus,119.43,18.11,Danio rerio
NEUR_7325,Cortex,19.36,73.03,Danio rerio
NEUR_5402,Cortex,71.43,104.61,Danio rerio
NEUR_9359,Striatum,13.05,24.2,Danio rerio
NEUR_1339,Amygdala,8.71,17.04,Macaca mulatta
NEUR_2438,Striatum,76.65,100.35,Macaca mulatta
NEUR_8021,Hippocampus,102.27,115.96,Macaca mulatta
NEUR_9569,Thalamus,129.5,99.61,Mus musculus
NEUR_2348,Thalamus,137.54,116.83,Mus musculus
NEUR_9772,Thalamus,87.72,45.82,Rattus norvegicus
NEUR_8170,Hippocampus,125.65,18.39,Mus musculus
NEUR_3566,Cortex,46.17,59.82,Rattus norvegicus
NEUR_7814,Hippocampus,128.35,90.7,Rattus norvegicus
NEUR_3855,Striatum,89.45,29.18,Danio rerio
NEUR_1864,Hypothalamus,12.66,105.5,Mus musculus
NEUR_9876,Cerebellum,35.8,99.06,Macaca mulatta
NEUR_9915,Striatum,147.97,36.59,Danio rerio
NEUR_4150,Hypothalamus,139.14,118.32,Macaca mulatta
NEUR_4129,Amygdala,93.07,84.3,Mus musculus
NEUR_7037,Cerebellum,102.93,26.78,Rattus norvegicus
NEUR_1343,Amygdala,77.98,97.13,Mus musculus
NEUR_8772,Cerebellum,74.08,22.27,Rattus norvegicus
NEUR_7014,Thalamus,8.59,69.61,Macaca mulatta
NEUR_9844,Hippocampus,19.31,89.47,Mus musculus
NEUR_2519,Cortex,121.29,71.0,Rattus norvegicus
NEUR_3224,Cerebellum,94.9,90.97,Danio rerio
NEUR_7450,Amygdala,43.76,115.91,Mus musculus
NEUR_6630,Hippocampus,113.82,83.33,Rattus norvegicus
NEUR_5016,Hypothalamus,104.88,30.71,Macaca mulatta
NEUR_1584,Amygdala,92.55,83.98,Danio rerio
NEUR_8836,Thalamus,19.15,69.16,Macaca mulatta
NEUR_7449,Hippocampus,90.06,82.95,Macaca mulatta
NEUR_3742,Cortex,21.88,13.58,Macaca mulatta
NEUR_3070,Striatum,149.25,25.67,Mus musculus
NEUR_6763,Thalamus,40.12,54.1,Danio rerio
NEUR_3527,Cortex,40.91,66.42,Macaca mulatta
NEUR_4424,Striatum,61.89,104.7,Mus musculus
NEUR_9235,Hypothalamus,38.77,34.52,Mus musculus
NEUR_4543,Striatum,146.05,32.45,Danio rerio
NEUR_4720,Thalamus,64.12,117.1,Rattus norvegicus
NEUR_6087,Striatum,55.6,71.36,Mus musculus
NEUR_1547,Amygdala,105.54,119.51,Mus musculus
NEUR_6399,Hypothalamus,19.54,80.98,Mus musculus
NEUR_4174,Striatum,118.37,61.9,Rattus norvegicus
NEUR_3654,Cortex,56.88,41.09,Macaca mulatta
NEUR_4372,Amygdala,63.68,30.82,Rattus norvegicus
NEUR_1834,Amygdala,37.98,85.13,Rattus norvegicus
NEUR_5423,Striatum,74.56,24.75,Mus musculus
NEUR_3452,Amygdala,5.1,92.38,Macaca mulatta
NEUR_5572,Hippocampus,80.24,33.56,Macaca mulatta
NEUR_6236,Cerebellum,37.76,43.62,Mus musculus
NEUR_7742,Cortex,10.22,54.4,Macaca mulatta
NEUR_8254,Cerebellum,0.26,44.41,Danio rerio
NEUR_8458,Amygdala,98.92,61.68,Mus musculus
NEUR_1824,Thalamus,143.14,48.28,Macaca mulatta
NEUR_5578,Cerebellum,53.34,102.84,Mus musculus
NEUR_8401,Amygdala,11.82,51.3,Danio rerio
NEUR_6397,Hypothalamus,134.06,39.93,Danio rerio
NEUR_9316,Cerebellum,127.86,92.48,Macaca mulatta
NEUR_4445,Cortex,93.7,42.87,Mus musculus
NEUR_2908,Thalamus,75.08,19.93,Danio rerio
NEUR_2195,Cortex,67.7,45.76,Macaca mulatta
NEUR_6263,Amygdala,44.56,21.9,Danio rerio
NEUR_3851,Striatum,20.63,105.78,Rattus norvegicus
NEUR_7368,Cortex,31.9,17.06,Rattus norvegicus
NEUR_2460,Hippocampus,36.27,114.14,Rattus norvegicus
NEUR_3563,Striatum,67.39,52.66,Danio rerio
NEUR_7416,Cortex,26.58,68.35,Danio rerio
NEUR_2722,Thalamus,62.58,89.99,Macaca mulatta
NEUR_3888,Amygdala,40.96,57.4,Macaca mulatta
NEUR_1844,Amygdala,78.59,18.59,Rattus norvegicus
NEUR_7414,Thalamus,44.75,50.64,Mus musculus
NEUR_4136,Cortex,127.78,25.86,Rattus norvegicus
NEUR_3394,Cortex,24.62,33.26,Rattus norvegicus
NEUR_4333,Hypothalamus,63.64,92.39,Danio rerio
NEUR_2950,Hypothalamus,95.89,14.83,Mus musculus
NEUR_3254,Cortex,79.0,29.7,Danio rerio
NEUR_6714,Hypothalamus,40.49,93.53,Mus musculus
NEUR_1507,Cerebellum,52.33,81.67,Mus musculus
NEUR_8234,Hypothalamus,50.87,67.31,Rattus norvegicus
NEUR_6799,Amygdala,136.74,87.58,Mus musculus
NEUR_1908,Amygdala,99.01,83.49,Macaca mulatta
NEUR_5187,Hypothalamus,119.37,114.2,Danio rerio
NEUR_2399,Cerebellum,67.01,52.4,Macaca mulatta
NEUR_7523,Cerebellum,39.67,75.33,Macaca mulatta
NEUR_8541,Hypothalamus,122.94,62.42,Macaca mulatta
NEUR_2956,Hippocampus,142.05,97.89,Macaca mulatta
NEUR_2086,Hippocampus,68.44,84.3,Macaca mulatta
NEUR_4810,Hippocampus,119.78,45.14,Danio rerio
NEUR_6070,Cortex,97.19,105.3,Danio rerio
NEUR_6686,Cortex,12.34,110.01,Danio rerio
NEUR_5275,Striatum,115.76,59.26,Mus musculus
NEUR_7628,Hypothalamus,55.11,85.77,Mus musculus
NEUR_9207,Thalamus,88.43,17.63,Macaca mulatta
NEUR_7838,Amygdala,66.97,14.02,Macaca mulatta
NEUR_4253,Cerebellum,46.26,88.69,Rattus norvegicus
NEUR_5251,Thalamus,52.16,116.42,Macaca mulatta
NEUR_6857,Cortex,2.26,70.38,Mus musculus
NEUR_5452,Hippocampus,75.47,54.33,Danio rerio
NEUR_8095,Hippocampus,24.16,84.73,Macaca mulatta
NEUR_2781,Cerebellum,6.66,35.92,Mus musculus
NEUR_3129,Amygdala,9.26,107.69,Macaca mulatta
NEUR_7151,Striatum,123.19,27.32,Mus musculus
NEUR_3277,Cerebellum,82.07,87.96,Macaca mulatta
NEUR_8636,Hippocampus,10.48,78.84,Mus musculus
NEUR_8193,Thalamus,76.23,87.2,Mus musculus
NEUR_4544,Hippocampus,93.02,18.36,Macaca mulatta
NEUR_7870,Amygdala,9.89,21.76,Macaca mulatta
NEUR_1322,Thalamus,81.74,60.62,Danio rerio
NEUR_8808,Hippocampus,71.35,43.08,Rattus norvegicus
NEUR_2160,Amygdala,71.13,104.6,Danio rerio
NEUR_2454,Cortex,66.78,64.95,Danio rerio
NEUR_2485,Amygdala,36.31,110.31,Rattus norvegicus
NEUR_9761,Hypothalamus,106.56,35.26,Macaca mulatta
NEUR_5680,Cerebellum,61.06,12.17,Danio rerio
NEUR_2752,Cerebellum,28.01,84.44,Mus musculus
NEUR_8855,Cerebellum,75.7,22.21,Macaca mulatta
NEUR_6913,Hippocampus,73.32,21.74,Danio rerio
NEUR_6302,Cerebellum,81.59,56.07,Rattus norvegicus
NEUR_7051,Hippocampus,137.59,45.99,Mus musculus
NEUR_5051,Cortex,93.91,112.98,Mus musculus
NEUR_6359,Thalamus,50.8,86.51,Mus musculus
NEUR_3810,Amygdala,107.67,91.38,Rattus norvegicus
NEUR_8188,Cerebellum,117.17,62.01,Danio rerio
NEUR_2281,Hippocampus,50.03,91.77,Danio rerio
NEUR_3779,Cerebellum,82.75,26.48,Danio rerio
NEUR_4021,Amygdala,18.34,95.26,Macaca mulatta
NEUR_5387,Cortex,103.37,43.6,Macaca mulatta
NEUR_1072,Cerebellum,117.73,70.91,Mus musculus
NEUR_4693,Amygdala,114.89,33.98,Macaca mulatta
NEUR_2678,Amygdala,82.39,59.28,Rattus norvegicus
NEUR_3507,Cortex,46.78,80.6,Rattus norvegicus
NEUR_9752,Hypothalamus,83.25,62.88,Macaca mulatta
NEUR_7553,Amygdala,119.62,119.34,Rattus norvegicus
NEUR_1973,Hypothalamus,20.56,32.59,Danio rerio
NEUR_2283,Thalamus,104.03,77.18,Rattus norvegicus
NEUR_6678,Cerebellum,44.27,50.03,Rattus norvegicus
NEUR_3443,Amygdala,108.09,82.37,Macaca mulatta
NEUR_1104,Thalamus,115.46,44.7,Mus musculus
NEUR_8288,Cerebellum,18.34,96.03,Macaca mulatta
NEUR_6006,Cortex,120.39,75.61,Rattus norvegicus
NEUR_2067,Cerebellum,103.08,25.56,Macaca mulatta
NEUR_1541,Thalamus,59.45,28.53,Mus musculus
NEUR_8549,Cerebellum,32.24,52.47,Danio rerio
NEUR_4222,Hypothalamus,38.9,78.58,Rattus norvegicus
NEUR_2869,Thalamus,0.85,94.22,Rattus norvegicus
NEUR_1346,Thalamus,67.15,10.14,Rattus norvegicus
NEUR_3545,Cerebellum,94.51,27.08,Rattus norvegicus
NEUR_7615,Hypothalamus,149.5,103.87,Macaca mulatta
NEUR_5939,Cerebellum,46.95,45.07,Mus musculus
NEUR_9397,Hippocampus,49.23,49.16,Rattus norvegicus
NEUR_6663,Striatum,7.19,96.18,Macaca mulatta
NEUR_6023,Hippocampus,129.57,87.89,Rattus norvegicus
NEUR_8524,Hypothalamus,120.43,33.86,Rattus norvegicus
NEUR_7183,Cortex,39.28,42.71,Macaca mulatta
NEUR_9012,Striatum,88.78,58.96,Mus musculus
NEUR_3465,Striatum,113.39,87.93,Macaca mulatta
NEUR_4432,Amygdala,67.42,94.86,Rattus norvegicus
NEUR_8150,Amygdala,101.93,51.24,Mus musculus
NEUR_5418,Striatum,20.61,101.13,Rattus norvegicus
NEUR_1761,Amygdala,48.53,45.67,Rattus norvegicus
NEUR_9089,Thalamus,99.03,44.3,Danio rerio
NEUR_4299,Cortex,142.89,107.62,Rattus norvegicus
NEUR_7242,Hippocampus,144.77,25.53,Mus musculus
NEUR_5907,Hypothalamus,15.86,117.34,Rattus norvegicus
NEUR_8369,Hippocampus,117.88,78.06,Macaca mulatta
NEUR_6026,Cortex,131.27,119.41,Rattus norvegicus
NEUR_6504,Thalamus,84.52,56.35,Rattus norvegicus
NEUR_4133,Thalamus,96.92,104.33,Rattus norvegicus
NEUR_5900,Cerebellum,136.44,56.55,Macaca mulatta
NEUR_7847,Hippocampus,98.15,44.54,Mus musculus
NEUR_6438,Cerebellum,57.76,65.7,Mus musculus
NEUR_2037,Hypothalamus,49.68,66.11,Rattus norvegicus
NEUR_8950,Hypothalamus,90.68,40.93,Mus musculus
NEUR_8171,Cerebellum,90.63,108.16,Macaca mulatta
NEUR_5872,Hypothalamus,105.22,25.53,Danio rerio
NEUR_4879,Thalamus,92.36,59.1,Macaca mulatta
NEUR_8637,Cerebellum,55.51,71.05,Macaca mulatta
NEUR_5047,Hypothalamus,12.43,65.56,Mus musculus
NEUR_7894,Thalamus,19.09,77.78,Rattus norvegicus
NEUR_7901,Hypothalamus,91.26,73.05,Mus musculus
NEUR_7034,Thalamus,133.65,38.96,Danio rerio
NEUR_3350,Cortex,111.75,119.48,Rattus norvegicus
NEUR_9647,Thalamus,19.88,57.18,Rattus norvegicus
NEUR_2683,Cortex,76.03,63.89,Mus musculus
NEUR_7677,Amygdala,142.44,18.86,Rattus norvegicus
NEUR_2699,Cortex,142.2,27.23,Mus musculus
NEUR_5769,Hypothalamus,121.93,76.33,Mus musculus
NEUR_4757,Thalamus,84.99,10.71,Macaca mulatta
NEUR_5877,Thalamus,108.89,81.3,Rattus norvegicus
NEUR_8532,Striatum,28.53,89.55,Rattus norvegicus
NEUR_9908,Hypothalamus,36.89,111.67,Rattus norvegicus
NEUR_9057,Striatum,119.17,35.97,Mus musculus
NEUR_3396,Hippocampus,53.33,19.03,Rattus norvegicus
NEUR_9145,Hippocampus,48.66,85.79,Rattus norvegicus
NEUR_1677,Cortex,114.28,102.7,Macaca mulatta
NEUR_8053,Hippocampus,73.55,19.49,Mus musculus
NEUR_9207,Thalamus,22.0,62.23,Danio rerio
NEUR_8197,Hippocampus,91.92,18.11,Macaca mulatta
NEUR_6169,Striatum,26.23,41.61,Mus musculus
NEUR_1605,Cortex,123.84,55.52,Macaca mulatta
NEUR_4990,Hypothalamus,113.87,42.48,Macaca mulatta
NEUR_3255,Thalamus,121.72,16.15,Mus musculus
NEUR_3804,Thalamus,140.79,63.07,Macaca mulatta
NEUR_7590,Hippocampus,115.25,110.76,Macaca mulatta
NEUR_8606,Cerebellum,48.87,91.03,Macaca mulatta
NEUR_9597,Hypothalamus,44.98,63.16,Macaca mulatta
NEUR_7432,Cortex,76.79,87.03,Macaca mulatta
NEUR_3915,Cerebellum,22.28,62.4,Mus musculus
NEUR_7555,Hypothalamus,72.43,101.49,Mus musculus
NEUR_7812,Cortex,144.54,106.38,Mus musculus
NEUR_7181,Thalamus,34.72,55.61,Danio rerio
NEUR_3244,Striatum,35.82,33.29,Rattus norvegicus
NEUR_9453,Amygdala,84.13,102.44,Rattus norvegicus
NEUR_9270,Thalamus,113.64,10.57,Danio rerio
NEUR_2474,Thalamus,68.03,34.34,Mus musculus
NEUR_8177,Cerebellum,145.72,117.38,Rattus norvegicus
NEUR_4678,Cerebellum,26.45,25.56,Mus musculus
NEUR_1342,Hippocampus,29.01,18.69,Macaca mulatta
NEUR_9423,Striatum,107.52,31.15,Mus musculus
NEUR_7861,Hippocampus,21.55,16.9,Mus musculus
NEUR_8127,Striatum,99.2,92.73,Rattus norvegicus
NEUR_8420,Hippocampus,1.86,68.53,Danio rerio
NEUR_8656,Cerebellum,25.79,45.43,Mus musculus
NEUR_8225,Thalamus,17.69,65.76,Mus musculus
NEUR_7742,Striatum,18.99,109.61,Rattus norvegicus
NEUR_7351,Amygdala,56.64,86.82,Rattus norvegicus
NEUR_1192,Hypothalamus,65.03,112.12,Mus musculus
NEUR_4006,Striatum,88.9,79.12,Danio rerio
NEUR_7876,Thalamus,123.25,108.0,Mus musculus
NEUR_3066,Amygdala,125.43,37.54,Rattus norvegicus
NEUR_4898,Cortex,72.8,52.28,Danio rerio
NEUR_7611,Hypothalamus,110.3,52.54,Rattus norvegicus
NEUR_8128,Cerebellum,103.51,16.17,Danio rerio
NEUR_3609,Striatum,144.4,52.28,Rattus norvegicus
NEUR_4561,Hypothalamus,22.42,86.74,Danio rerio
NEUR_6774,Hippocampus,117.79,79.24,Mus musculus
NEUR_5972,Hypothalamus,35.31,30.2,Danio rerio
NEUR_7696,Cortex,104.69,93.11,Mus musculus
NEUR_3928,Amygdala,44.43,97.4,Mus musculus
NEUR_6725,Hypothalamus,32.8,13.54,Macaca mulatta
NEUR_5037,Amygdala,46.85,91.71,Macaca mulatta
NEUR_9372,Striatum,94.41,68.04,Rattus norvegicus
NEUR_7930,Amygdala,99.75,92.87,Rattus norvegicus
NEUR_5732,Thalamus,59.13,25.53,Danio rerio
NEUR_4575,Cerebellum,6.34,31.44,Mus musculus
NEUR_2666,Hippocampus,146.25,80.53,Danio rerio
NEUR_9963,Cerebellum,110.67,62.17,Mus musculus
NEUR_4336,Thalamus,29.69,86.65,Mus musculus
NEUR_1436,Cortex,51.9,17.66,Danio rerio
NEUR_4288,Striatum,41.7,47.35,Mus musculus
NEUR_1428,Amygdala,3.23,118.97,Mus musculus
NEUR_1008,Cortex,107.35,114.83,Danio rerio
NEUR_9120,Cortex,0.45,104.68,Macaca mulatta
NEUR_7008,Cortex,76.52,42.51,Rattus norvegicus
NEUR_6808,Amygdala,135.59,105.9,Macaca mulatta
NEUR_4019,Striatum,50.04,28.41,Mus musculus
NEUR_2629,Cortex,45.27,38.18,Macaca mulatta
NEUR_6432,Hypothalamus,39.76,111.84,Mus musculus
NEUR_9894,Hypothalamus,32.46,35.76,Rattus norvegicus
NEUR_5135,Amygdala,84.93,64.23,Mus musculus
NEUR_5995,Cortex,7.68,32.89,Mus musculus
NEUR_4377,Cortex,45.06,73.5,Mus musculus
NEUR_6102,Striatum,144.72,18.36,Macaca mulatta
NEUR_9349,Hypothalamus,77.36,23.13,Macaca mulatta
NEUR_8738,Hippocampus,51.84,36.09,Danio rerio
NEUR_9811,Cortex,71.53,94.19,Danio rerio
NEUR_8241,Cerebellum,62.29,85.08,Mus musculus
NEUR_7795,Thalamus,67.36,16.22,Rattus norvegicus
NEUR_2590,Thalamus,32.31,61.26,Macaca mulatta
NEUR_1732,Cerebellum,75.53,104.19,Mus musculus
NEUR_2635,Striatum,55.06,97.42,Mus musculus
NEUR_1722,Cortex,135.46,25.93,Rattus norvegicus
NEUR_5516,Thalamus,13.81,111.05,Rattus norvegicus
NEUR_4681,Striatum,75.16,88.15,Rattus norvegicus
NEUR_5470,Striatum,34.18,110.25,Macaca mulatta
NEUR_4056,Thalamus,10.59,110.55,Macaca mulatta
NEUR_8719,Striatum,143.38,103.83,Danio rerio
NEUR_5795,Hypothalamus,103.19,100.47,Danio rerio
NEUR_7810,Cortex,138.46,110.58,Danio rerio
NEUR_6851,Cortex,112.84,67.56,Danio rerio
NEUR_4850,Cortex,39.04,92.59,Mus musculus
NEUR_5881,Amygdala,46.09,20.17,Mus musculus
NEUR_5587,Cerebellum,131.43,116.12,Danio rerio
NEUR_4179,Thalamus,130.54,90.86,Mus musculus
NEUR_8505,Amygdala,143.95,91.81,Macaca mulatta
NEUR_5594,Hippocampus,91.78,20.96,Rattus norvegicus
NEUR_3158,Hypothalamus,93.82,90.43,Danio rerio
NEUR_3016,Striatum,78.58,14.27,Mus musculus
NEUR_8892,Amygdala,84.7,60.67,Mus musculus
NEUR_3504,Amygdala,62.54,22.13,Danio rerio
NEUR_2228,Hippocampus,41.78,46.54,Macaca mulatta
NEUR_5033,Hippocampus,59.07,96.89,Danio rerio
NEUR_5050,Cerebellum,7.81,65.44,Danio rerio
NEUR_9472,Cortex,57.43,97.12,Danio rerio
NEUR_5575,Amygdala,46.73,53.65,Mus musculus
NEUR_4130,Striatum,21.81,28.23,Macaca mulatta
NEUR_7430,Cortex,80.93,36.61,Macaca mulatta
NEUR_8720,Amygdala,120.87,72.16,Rattus norvegicus
NEUR_6394,Cortex,15.33,102.44,Danio rerio
NEUR_5901,Cortex,136.6,81.1,Danio rerio
NEUR_1361,Hippocampus,36.86,94.67,Danio rerio
NEUR_3134,Striatum,44.79,107.16,Mus musculus
NEUR_6030,Hippocampus,127.85,29.58,Rattus norvegicus
NEUR_4116,Hippocampus,63.38,52.48,Danio rerio
NEUR_5379,Thalamus,70.06,98.83,Mus musculus
NEUR_3812,Striatum,27.5,44.38,Danio rerio
NEUR_1413,Hypothalamus,81.69,39.7,Rattus norvegicus
NEUR_4489,Hippocampus,106.71,107.16,Macaca mulatta
NEUR_6248,Thalamus,131.07,35.9,Macaca mulatta
NEUR_1259,Hippocampus,31.63,93.27,Macaca mulatta
NEUR_1500,Amygdala,51.2,27.39,Macaca mulatta
NEUR_4151,Thalamus,64.92,59.31,Mus musculus
NEUR_8879,Cortex,69.38,104.75,Macaca mulatta
NEUR_8783,Amygdala,119.59,113.2,Danio rerio
NEUR_4930,Cortex,115.72,97.96,Rattus norvegicus
NEUR_7127,Amygdala,97.92,27.57,Mus musculus
NEUR_7222,Thalamus,122.13,104.05,Rattus norvegicus
NEUR_5715,Hippocampus,49.96,78.26,Rattus norvegicus
NEUR_2178,Striatum,33.12,77.24,Rattus norvegicus
NEUR_1747,Thalamus,50.62,89.99,Macaca mulatta
NEUR_6126,Cerebellum,134.37,114.41,Danio rerio
NEUR_1514,Thalamus,37.49,75.06,Mus musculus
NEUR_2561,Striatum,98.64,103.19,Danio rerio
NEUR_2637,Amygdala,147.4,30.66,Danio rerio
NEUR_5755,Striatum,47.24,15.3,Mus musculus
NEUR_5765,Hippocampus,106.68,38.25,Danio rerio
NEUR_9175,Cerebellum,86.22,28.93,Danio rerio
NEUR_7353,Hypothalamus,79.47,94.66,Mus musculus
NEUR_2878,Hippocampus,57.23,52.75,Rattus norvegicus
NEUR_2273,Cerebellum,51.19,74.21,Rattus norvegicus
NEUR_3749,Cerebellum,42.87,61.08,Danio rerio
NEUR_1032,Hypothalamus,29.97,40.94,Mus musculus
NEUR_5550,Hippocampus,85.52,57.6,Danio rerio
NEUR_1821,Cortex,139.06,72.99,Macaca mulatta
NEUR_9014,Hippocampus,94.83,112.16,Danio rerio
NEUR_6722,Cortex,24.78,80.31,Mus musculus
NEUR_2774,Cortex,85.66,30.14,Mus musculus
NEUR_1233,Striatum,99.38,17.69,Mus musculus
NEUR_6931,Amygdala,113.73,76.68,Macaca mulatta
NEUR_3726,Thalamus,76.14,84.65,Rattus norvegicus
NEUR_9529,Striatum,52.61,38.35,Danio rerio
NEUR_5354,Cortex,78.22,46.49,Mus musculus
NEUR_1363,Cortex,76.76,23.23,Mus musculus
NEUR_6066,Thalamus,138.79,39.38,Macaca mulatta
NEUR_7418,Amygdala,126.94,41.95,Mus musculus
NEUR_6454,Cortex,127.45,102.22,Danio rerio
NEUR_2211,Cerebellum,60.15,102.29,Mus musculus
NEUR_6486,Striatum,124.94,30.01,Mus musculus
NEUR_5667,Hippocampus,146.92,45.48,Mus musculus
NEUR_4476,Cerebellum,91.16,16.1,Danio rerio
NEUR_2189,Striatum,21.75,84.86,Rattus norvegicus
NEUR_6285,Hypothalamus,10.69,95.65,Danio rerio
NEUR_2495,Cortex,66.98,73.03,Rattus norvegicus
NEUR_7499,Cortex,42.61,24.95,Mus musculus
NEUR_9793,Cortex,103.34,119.67,Danio rerio
NEUR_7653,Amygdala,61.56,42.39,Danio rerio
NEUR_9989,Striatum,106.3,16.43,Mus musculus
NEUR_7354,Hippocampus,16.96,110.88,Mus musculus
NEUR_8372,Hypothalamus,26.77,49.53,Rattus norvegicus
NEUR_7085,Cortex,37.4,95.05,Mus musculus
NEUR_9390,Hypothalamus,94.63,99.75,Danio rerio
NEUR_3399,Hippocampus,91.99,59.41,Macaca mulatta
NEUR_2846,Thalamus,12.79,81.72,Rattus norvegicus
NEUR_8402,Striatum,56.83,23.36,Macaca mulatta
NEUR_4594,Thalamus,125.93,54.57,Rattus norvegicus
NEUR_4651,Hypothalamus,139.13,100.66,Macaca mulatta
NEUR_2820,Cortex,99.81,59.27,Rattus norvegicus
NEUR_4294,Thalamus,33.55,25.94,Rattus norvegicus
NEUR_7543,Thalamus,102.0,115.37,Danio rerio
NEUR_6031,Cortex,124.48,45.96,Rattus norvegicus
NEUR_6411,Striatum,52.25,104.45,Mus musculus
NEUR_7732,Cortex,79.61,81.23,Danio rerio
NEUR_1422,Hippocampus,145.05,76.94,Macaca mulatta
NEUR_1916,Thalamus,21.62,86.18,Mus musculus
NEUR_1197,Cerebellum,18.83,91.3,Rattus norvegicus
NEUR_4116,Thalamus,33.31,39.42,Rattus norvegicus
NEUR_1180,Hippocampus,14.51,96.38,Danio rerio
NEUR_4492,Hippocampus,61.13,13.26,Danio rerio
NEUR_1752,Striatum,71.88,73.74,Rattus norvegicus
NEUR_3239,Hypothalamus,16.63,67.91,Danio rerio
NEUR_4307,Amygdala,107.01,56.97,Danio rerio
NEUR_9756,Striatum,93.45,45.79,Mus musculus
NEUR_6824,Cerebellum,80.65,33.61,Rattus norvegicus
NEUR_8708,Hypothalamus,60.4,47.34,Danio rerio
NEUR_7251,Hypothalamus,92.41,55.39,Rattus norvegicus
NEUR_2736,Hippocampus,123.73,18.07,Mus musculus
NEUR_4465,Striatum,66.65,66.37,Macaca mulatta
NEUR_2055,Cerebellum,44.11,21.8,Macaca mulatta
NEUR_3057,Cortex,134.28,82.11,Rattus norvegicus
NEUR_7026,Hypothalamus,40.99,16.38,Rattus norvegicus
NEUR_1778,Cerebellum,3.61,13.15,Rattus norvegicus
NEUR_7354,Amygdala,6.93,62.94,Danio rerio
NEUR_8111,Hypothalamus,116.82,13.14,Rattus norvegicus
NEUR_1753,Hypothalamus,49.09,50.71,Macaca mulatta
NEUR_2325,Amygdala,65.49,44.7,Mus musculus
NEUR_7747,Hypothalamus,131.13,100.17,Macaca mulatta
NEUR_6076,Cortex,32.64,97.58,Rattus norvegicus
NEUR_1489,Striatum,90.49,89.12,Mus musculus
NEUR_7894,Cerebellum,71.3,41.05,Rattus norvegicus
NEUR_9943,Cerebellum,106.81,38.01,Danio rerio
NEUR_4581,Cerebellum,47.08,13.38,Macaca mulatta
NEUR_3414,Cortex,118.38,20.82,Danio rerio
NEUR_3515,Hypothalamus,116.48,105.55,Rattus norvegicus
NEUR_6881,Cerebellum,10.88,45.94,Mus musculus
NEUR_4079,Striatum,98.08,91.43,Rattus norvegicus
NEUR_1190,Striatum,34.71,111.36,Danio rerio
NEUR_9706,Thalamus,32.51,91.15,Rattus norvegicus
NEUR_6797,Striatum,48.93,10.06,Mus musculus
NEUR_8826,Amygdala,40.18,115.61,Danio rerio
NEUR_2975,Hypothalamus,7.02,80.85,Mus musculus
NEUR_2112,Thalamus,5.9,34.25,Danio rerio
NEUR_3275,Thalamus,35.18,97.87,Rattus norvegicus
NEUR_4937,Cerebellum,53.18,32.64,Rattus norvegicus
NEUR_6899,Striatum,86.94,36.85,Macaca mulatta
NEUR_3285,Striatum,40.35,71.39,Macaca mulatta
NEUR_5780,Cerebellum,57.96,76.4,Danio rerio
NEUR_1753,Hippocampus,139.35,28.79,Macaca mulatta
NEUR_1135,Cerebellum,99.19,111.58,Mus musculus
NEUR_3120,Cerebellum,34.33,99.36,Macaca mulatta
NEUR_5334,Thalamus,31.57,77.93,Macaca mulatta
NEUR_9367,Striatum,7.73,107.64,Danio rerio
NEUR_5215,Thalamus,6.52,93.69,Danio rerio
NEUR_3823,Hippocampus,89.92,77.35,Mus musculus
NEUR_7053,Cortex,123.83,78.69,Macaca mulatta
NEUR_3157,Thalamus,59.43,103.63,Danio rerio
NEUR_2365,Cerebellum,39.64,115.52,Rattus norvegicus
NEUR_7567,Amygdala,119.36,106.19,Danio rerio
NEUR_4977,Striatum,50.95,20.93,Macaca mulatta
NEUR_4177,Amygdala,3.63,119.77,Rattus norvegicus
NEUR_8179,Hypothalamus,43.4,108.51,Macaca mulatta
NEUR_7852,Hypothalamus,148.85,22.92,Mus musculus
NEUR_9505,Cortex,48.61,33.44,Rattus norvegicus
NEUR_1203,Striatum,41.55,39.15,Danio rerio
NEUR_9445,Striatum,21.69,30.22,Mus musculus
NEUR_7360,Cerebellum,104.8,102.71,Rattus norvegicus
NEUR_5085,Hypothalamus,41.75,56.15,Danio rerio
NEUR_3251,Cerebellum,65.39,18.98,Rattus norvegicus
NEUR_9256,Hippocampus,53.84,22.04,Rattus norvegicus
NEUR_6945,Thalamus,82.5,30.79,Rattus norvegicus
NEUR_1690,Striatum,148.19,20.76,Rattus norvegicus
NEUR_8299,Hypothalamus,103.19,111.02,Danio rerio
NEUR_7762,Cerebellum,56.97,113.74,Macaca mulatta
NEUR_1106,Amygdala,9.51,67.75,Macaca mulatta
NEUR_1680,Striatum,79.65,94.88,Macaca mulatta
NEUR_5480,Hypothalamus,22.18,114.63,Danio rerio
NEUR_5107,Amygdala,58.8,98.36,Mus musculus
NEUR_6076,Hippocampus,74.84,118.96,Rattus norvegicus
NEUR_9937,Cerebellum,112.01,117.42,Mus musculus
NEUR_1833,Cerebellum,62.85,110.44,Macaca mulatta
NEUR_7606,Thalamus,110.05,44.7,Rattus norvegicus
NEUR_3204,Hippocampus,7.95,12.35,Macaca mulatta
NEUR_7225,Cortex,30.8,23.93,Mus musculus
NEUR_3334,Striatum,133.17,50.88,Mus musculus
NEUR_1112,Amygdala,22.56,58.31,Macaca mulatta
NEUR_9871,Hippocampus,78.78,53.04,Rattus norvegicus
NEUR_6885,Striatum,31.69,80.89,Mus musculus
NEUR_8411,Cortex,135.09,111.58,Mus musculus
NEUR_8955,Cerebellum,1.48,23.07,Rattus norvegicus
NEUR_6346,Striatum,19.74,83.73,Danio rerio
NEUR_6401,Striatum,29.19,101.35,Mus musculus
NEUR_7751,Cortex,48.08,26.23,Mus musculus
NEUR_6107,Hypothalamus,126.14,98.15,Mus musculus
NEUR_2967,Amygdala,67.51,106.75,Danio rerio
NEUR_3965,Cortex,48.25,47.23,Rattus norvegicus
NEUR_8717,Cerebellum,23.42,52.4,Rattus norvegicus
NEUR_5179,Cerebellum,43.19,44.47,Macaca mulatta
NEUR_3459,Thalamus,93.19,52.25,Rattus norvegicus
NEUR_6590,Hippocampus,111.14,90.06,Macaca mulatta
NEUR_1748,Striatum,107.46,40.36,Mus musculus
NEUR_6379,Hippocampus,88.32,113.67,Mus musculus
NEUR_6516,Hypothalamus,72.38,78.27,Mus musculus
NEUR_4932,Amygdala,89.98,96.22,Mus musculus
NEUR_6161,Cortex,144.15,98.56,Mus musculus
NEUR_4973,Cortex,71.11,56.3,Mus musculus
NEUR_1468,Cortex,82.98,54.64,Danio rerio
NEUR_3001,Striatum,95.12,32.93,Macaca mulatta
NEUR_1569,Thalamus,35.81,75.86,Rattus norvegicus
NEUR_2335,Cerebellum,24.25,104.65,Rattus norvegicus
NEUR_2999,Amygdala,95.78,24.4,Macaca mulatta
NEUR_9532,Cerebellum,96.35,41.96,Danio rerio
NEUR_7482,Hypothalamus,80.74,17.09,Danio rerio
NEUR_5181,Amygdala,51.16,68.04,Mus musculus
NEUR_8952,Striatum,4.61,37.46,Danio rerio
NEUR_6100,Hippocampus,147.9,47.54,Macaca mulatta
NEUR_5849,Striatum,37.59,52.79,Macaca mulatta
NEUR_7327,Hippocampus,81.32,69.01,Macaca mulatta
NEUR_6283,Striatum,149.91,61.65,Danio rerio
NEUR_5815,Cerebellum,74.69,58.33,Danio rerio
NEUR_2681,Striatum,137.94,103.17,Rattus norvegicus
NEUR_8228,Hippocampus,38.3,74.61,Mus musculus
NEUR_2074,Thalamus,142.0,100.52,Mus musculus
NEUR_4695,Thalamus,77.1,68.07,Rattus norvegicus
NEUR_3791,Thalamus,124.6,16.27,Macaca mulatta
NEUR_3283,Striatum,23.35,24.69,Danio rerio
NEUR_3419,Cortex,40.99,81.23,Mus musculus
NEUR_1890,Cortex,9.92,45.7,Danio rerio
NEUR_7203,Cerebellum,11.33,39.27,Rattus norvegicus
NEUR_1125,Striatum,109.68,61.84,Mus musculus
NEUR_5901,Cerebellum,92.55,48.3,Mus musculus
NEUR_1936,Amygdala,75.71,71.53,Mus musculus
NEUR_7699,Hippocampus,12.91,40.12,Mus musculus
NEUR_1190,Cerebellum,75.26,13.35,Rattus norvegicus
NEUR_4020,Cerebellum,29.94,64.87,Mus musculus
NEUR_9654,Cerebellum,95.19,45.3,Macaca mulatta
NEUR_5385,Hippocampus,66.38,110.02,Macaca mulatta
NEUR_4196,Cortex,72.9,11.52,Danio rerio
NEUR_3985,Striatum,2.67,49.0,Danio rerio
NEUR_6318,Cerebellum,2.48,29.85,Danio rerio
NEUR_2120,Thalamus,40.0,114.01,Mus musculus
NEUR_2682,Hypothalamus,15.43,62.1,Rattus norvegicus
NEUR_6630,Thalamus,139.15,22.27,Macaca mulatta
NEUR_5139,Cerebellum,67.35,98.26,Macaca mulatta
NEUR_3788,Cortex,42.73,14.86,Danio rerio
NEUR_6856,Hippocampus,33.41,82.94,Mus musculus
NEUR_4438,Hypothalamus,54.22,86.51,Mus musculus
NEUR_3234,Hippocampus,86.87,17.27,Rattus norvegicus
NEUR_6315,Striatum,35.17,26.28,Macaca mulatta
NEUR_6071,Cerebellum,68.92,44.97,Rattus norvegicus
NEUR_5235,Cortex,32.88,20.61,Mus musculus
NEUR_5246,Hippocampus,101.98,102.09,Rattus norvegicus
NEUR_5205,Hypothalamus,145.08,94.86,Mus musculus
NEUR_1737,Cerebellum,16.56,107.87,Danio rerio
NEUR_3644,Striatum,57.76,61.14,Macaca mulatta
NEUR_3743,Cerebellum,30.42,67.89,Danio rerio
NEUR_6304,Hippocampus,140.57,77.06,Mus musculus
NEUR_7093,Hippocampus,140.54,32.63,Mus musculus
NEUR_5686,Amygdala,105.78,31.76,Danio rerio
NEUR_1178,Hypothalamus,47.16,45.94,Rattus norvegicus
NEUR_8914,Hypothalamus,118.76,88.71,Danio rerio
NEUR_4214,Cerebellum,23.13,36.81,Rattus norvegicus
NEUR_3841,Cerebellum,19.99,32.33,Rattus norvegicus
NEUR_2236,Thalamus,61.26,97.82,Macaca mulatta
NEUR_9714,Hypothalamus,33.75,17.3,Macaca mulatta
NEUR_5277,Amygdala,128.69,72.52,Macaca mulatta
NEUR_4529,Thalamus,101.14,64.04,Rattus norvegicus
NEUR_4090,Cerebellum,90.23,39.06,Danio rerio
NEUR_5702,Amygdala,123.25,28.38,Rattus norvegicus
NEUR_3980,Amygdala,148.61,78.98,Macaca mulatta
NEUR_5729,Amygdala,62.23,77.05,Danio rerio
NEUR_5639,Hippocampus,21.67,75.93,Rattus norvegicus
NEUR_2183,Striatum,38.74,82.03,Macaca mulatta
NEUR_8914,Thalamus,21.16,52.67,Rattus norvegicus
NEUR_1530,Amygdala,104.5,29.68,Macaca mulatta
NEUR_3346,Cerebellum,84.09,45.09,Rattus norvegicus
NEUR_2102,Cerebellum,80.97,111.36,Mus musculus
NEUR_8146,Cortex,63.77,22.87,Mus musculus
NEUR_7877,Amygdala,113.83,10.0,Rattus norvegicus
NEUR_3048,Hippocampus,127.26,40.87,Danio rerio
NEUR_1660,Hippocampus,91.3,79.09,Rattus norvegicus
NEUR_5447,Hypothalamus,145.95,105.26,Rattus norvegicus
NEUR_5037,Amygdala,67.2,81.13,Macaca mulatta
NEUR_6583,Hippocampus,26.34,111.23,Macaca mulatta
NEUR_9664,Hypothalamus,112.15,40.58,Rattus norvegicus
NEUR_8192,Thalamus,15.29,55.33,Mus musculus
NEUR_3393,Cerebellum,18.87,36.92,Mus musculus
NEUR_9240,Cerebellum,139.22,73.87,Danio rerio
NEUR_1130,Thalamus,53.56,53.08,Macaca mulatta
NEUR_8901,Hippocampus,145.05,65.07,Macaca mulatta
NEUR_9512,Striatum,27.18,59.27,Rattus norvegicus
NEUR_6741,Cerebellum,143.61,74.76,Rattus norvegicus
NEUR_5486,Cortex,20.9,85.18,Danio rerio
NEUR_2603,Hippocampus,121.81,72.26,Macaca mulatta
NEUR_6001,Thalamus,126.95,35.52,Rattus norvegicus
NEUR_8517,Striatum,89.93,53.97,Rattus norvegicus
NEUR_5556,Cortex,52.58,52.99,Danio rerio
NEUR_2315,Striatum,116.18,65.39,Danio rerio
NEUR_1059,Amygdala,110.35,87.2,Macaca mulatta
NEUR_3604,Cerebellum,126.27,15.55,Danio rerio
NEUR_2951,Hippocampus,80.06,20.35,Mus musculus
NEUR_6619,Striatum,23.14,78.99,Danio rerio
NEUR_5776,Striatum,43.13,56.18,Danio rerio
NEUR_7731,Amygdala,97.97,61.42,Macaca mulatta
NEUR_6172,Cerebellum,53.11,75.76,Macaca mulatta
NEUR_6949,Striatum,17.09,37.55,Macaca mulatta
NEUR_3758,Cortex,67.17,36.25,Mus musculus
NEUR_9941,Hypothalamus,28.2,56.2,Danio rerio
NEUR_6143,Thalamus,27.22,66.93,Danio rerio
NEUR_7841,Striatum,98.32,93.67,Danio rerio
NEUR_2744,Striatum,12.13,53.1,Rattus norvegicus
NEUR_6981,Cerebellum,103.9,23.22,Mus musculus
NEUR_3500,Cortex,107.9,77.01,Macaca mulatta
NEUR_1408,Hippocampus,121.51,108.36,Danio rerio
NEUR_1084,Striatum,31.38,32.59,Macaca mulatta
NEUR_6207,Cerebellum,15.11,93.56,Danio rerio
NEUR_6113,Cortex,35.29,66.35,Danio rerio
NEUR_7010,Hypothalamus,10.46,77.93,Macaca mulatta
NEUR_7930,Amygdala,24.68,58.16,Macaca mulatta
NEUR_7042,Striatum,5.98,44.49,Danio rerio
NEUR_9392,Hypothalamus,87.19,96.29,Macaca mulatta
NEUR_8799,Cerebellum,127.49,104.34,Rattus norvegicus
NEUR_4823,Cerebellum,136.24,79.11,Macaca mulatta
NEUR_1957,Striatum,18.92,82.6,Rattus norvegicus
NEUR_3300,Amygdala,133.68,69.21,Rattus norvegicus
NEUR_8032,Thalamus,69.45,56.76,Mus musculus
NEUR_4542,Cerebellum,78.19,45.09,Rattus norvegicus
NEUR_5706,Striatum,7.96,76.27,Rattus norvegicus
NEUR_7493,Striatum,112.52,55.58,Mus musculus
NEUR_7292,Thalamus,89.75,78.16,Macaca mulatta
NEUR_5433,Striatum,62.47,52.9,Mus musculus
NEUR_6612,Hippocampus,22.59,111.86,Danio rerio
NEUR_4655,Hypothalamus,135.62,77.46,Danio rerio
NEUR_1574,Cerebellum,96.01,57.55,Macaca mulatta
NEUR_3723,Thalamus,9.67,60.36,Mus musculus
NEUR_3651,Striatum,101.7,80.81,Mus musculus
NEUR_3865,Cortex,83.14,82.38,Mus musculus
NEUR_2487,Cerebellum,64.2,74.99,Danio rerio
NEUR_9835,Cerebellum,16.75,42.31,Danio rerio
NEUR_6533,Cortex,115.3,37.96,Danio rerio
NEUR_2338,Hippocampus,85.12,19.79,Danio rerio
NEUR_3993,Hypothalamus,79.72,74.67,Macaca mulatta
NEUR_6810,Striatum,149.96,119.72,Danio rerio
NEUR_6818,Hypothalamus,142.2,24.11,Danio rerio
NEUR_2004,Striatum,42.23,64.54,Danio rerio
NEUR_9933,Amygdala,46.42,40.17,Mus musculus
NEUR_7092,Striatum,53.37,11.98,Rattus norvegicus
NEUR_6777,Hypothalamus,47.55,32.27,Macaca mulatta
NEUR_3295,Cortex,30.16,69.04,Danio rerio
NEUR_3202,Hypothalamus,136.08,50.94,Rattus norvegicus
NEUR_3360,Thalamus,90.47,109.9,Rattus norvegicus
NEUR_9276,Amygdala,2.05,74.83,Mus musculus
NEUR_3849,Hypothalamus,101.6,60.84,Mus musculus
NEUR_2450,Thalamus,79.5,27.48,Macaca mulatta
NEUR_5220,Cortex,70.88,41.75,Danio rerio
NEUR_3769,Cortex,29.4,111.03,Danio rerio
NEUR_8770,Amygdala,120.65,66.47,Mus musculus
NEUR_3392,Hypothalamus,27.38,100.09,Rattus norvegicus
NEUR_7899,Hypothalamus,103.95,92.66,Danio rerio
NEUR_7779,Striatum,92.36,50.61,Rattus norvegicus
NEUR_2296,Amygdala,37.36,102.03,Mus musculus
NEUR_7462,Cerebellum,96.56,73.52,Rattus norvegicus
NEUR_6544,Cortex,110.38,98.4,Danio rerio
NEUR_4561,Hippocampus,23.76,66.21,Macaca mulatta
NEUR_9102,Hippocampus,120.88,75.87,Danio rerio
NEUR_1967,Cortex,4.04,67.85,Mus musculus
NEUR_9389,Hippocampus,30.02,105.23,Mus musculus
NEUR_2244,Hippocampus,36.76,64.39,Rattus norvegicus
NEUR_8556,Hippocampus,67.87,49.94,Mus musculus
NEUR_3100,Hippocampus,45.43,98.37,Mus musculus
NEUR_4098,Striatum,45.97,55.06,Macaca mulatta
NEUR_2701,Hypothalamus,81.78,107.11,Danio rerio
NEUR_2789,Striatum,148.93,23.63,Danio rerio
NEUR_7542,Hippocampus,89.48,112.98,Rattus norvegicus
NEUR_2473,Cortex,97.34,87.5,Mus musculus
NEUR_7544,Hypothalamus,12.1,51.4,Macaca mulatta
NEUR_6705,Hippocampus,105.59,18.71,Macaca mulatta
NEUR_6892,Thalamus,17.83,23.84,Macaca mulatta
NEUR_1191,Hypothalamus,43.38,97.42,Macaca mulatta
NEUR_6749,Hippocampus,53.03,111.34,Macaca mulatta
NEUR_2581,Cerebellum,68.91,13.79,Rattus norvegicus
NEUR_4327,Cortex,12.86,61.71,Mus musculus
NEUR_3851,Cerebellum,92.25,113.49,Mus musculus
NEUR_1865,Thalamus,114.98,75.65,Rattus norvegicus
NEUR_4416,Cortex,133.49,112.59,Macaca mulatta
NEUR_6860,Hypothalamus,69.71,87.83,Mus musculus
NEUR_1613,Cortex,143.35,98.62,Macaca mulatta
NEUR_9939,Cerebellum,95.61,47.0,Mus musculus
NEUR_1820,Thalamus,69.58,10.46,Rattus norvegicus
NEUR_1145,Cerebellum,119.02,76.63,Macaca mulatta
NEUR_1021,Striatum,148.5,29.93,Macaca mulatta
NEUR_6976,Hypothalamus,80.27,91.16,Macaca mulatta
NEUR_7563,Striatum,27.85,102.77,Rattus norvegicus
NEUR_4152,Cortex,99.87,43.65,Rattus norvegicus
NEUR_6840,Amygdala,76.4,44.97,Danio rerio
NEUR_4906,Striatum,13.45,100.0,Rattus norvegicus
NEUR_7225,Thalamus,128.29,77.74,Rattus norvegicus
NEUR_1766,Amygdala,89.41,72.52,Mus musculus
NEUR_7876,Thalamus,89.42,40.45,Macaca mulatta
NEUR_9035,Amygdala,18.54,59.31,Rattus norvegicus
NEUR_9803,Hypothalamus,58.66,105.72,Mus musculus
NEUR_8695,Hippocampus,52.54,14.45,Mus musculus
NEUR_5328,Hippocampus,9.09,69.26,Rattus norvegicus
NEUR_1519,Cortex,108.17,104.58,Rattus norvegicus
NEUR_3817,Striatum,68.83,50.21,Danio rerio
NEUR_6543,Cerebellum,51.84,56.78,Mus musculus
NEUR_4571,Cerebellum,104.61,11.65,Rattus norvegicus
NEUR_7803,Cerebellum,99.68,100.84,Rattus norvegicus
NEUR_7927,Cerebellum,100.38,27.21,Macaca mulatta
NEUR_3031,Hypothalamus,24.18,11.31,Mus musculus
NEUR_3665,Hypothalamus,109.81,21.07,Macaca mulatta
NEUR_7565,Cerebellum,107.29,43.03,Macaca mulatta
NEUR_5264,Cortex,54.69,85.76,Mus musculus
NEUR_3525,Cortex,29.97,11.99,Rattus norvegicus
NEUR_4954,Hippocampus,47.75,103.72,Rattus norvegicus
NEUR_9415,Hippocampus,124.98,14.97,Rattus norvegicus
NEUR_7344,Thalamus,119.87,69.89,Danio rerio
NEUR_3910,Striatum,105.15,32.29,Macaca mulatta
NEUR_1734,Cortex,128.72,28.45,Macaca mulatta
NEUR_8407,Hypothalamus,59.3,52.97,Rattus norvegicus
NEUR_3970,Cortex,28.33,87.49,Mus musculus
NEUR_9585,Hippocampus,49.54,53.1,Mus musculus
NEUR_8295,Amygdala,108.51,28.97,Macaca mulatta
NEUR_5819,Cortex,118.81,65.93,Rattus norvegicus
NEUR_8442,Thalamus,1.27,75.83,Macaca mulatta
NEUR_5348,Thalamus,88.68,107.2,Rattus norvegicus
NEUR_5875,Cerebellum,20.3,87.38,Macaca mulatta
NEUR_5899,Thalamus,20.7,36.06,Danio rerio
NEUR_4302,Hypothalamus,26.28,91.43,Macaca mulatta
NEUR_3982,Cortex,63.02,11.02,Mus musculus
NEUR_8844,Hippocampus,97.19,25.47,Macaca mulatta
NEUR_4279,Amygdala,101.04,26.95,Rattus norvegicus
NEUR_4478,Hippocampus,125.72,99.54,Mus musculus
NEUR_8523,Cortex,97.26,48.3,Rattus norvegicus
NEUR_8076,Amygdala,38.84,39.05,Macaca mulatta
NEUR_7189,Hippocampus,17.36,86.05,Macaca mulatta
NEUR_1698,Thalamus,140.09,53.07,Danio rerio
NEUR_6144,Cortex,139.12,110.44,Mus musculus
NEUR_9562,Amygdala,106.9,51.77,Macaca mulatta
NEUR_8800,Striatum,8.69,59.85,Danio rerio
NEUR_8264,Cortex,144.01,16.79,Danio rerio
NEUR_6611,Amygdala,1.02,53.0,Macaca mulatta
NEUR_6364,Cortex,123.12,36.62,Rattus norvegicus
NEUR_3592,Thalamus,58.84,46.24,Danio rerio
NEUR_3866,Striatum,2.94,117.15,Rattus norvegicus
NEUR_2662,Amygdala,111.48,34.72,Rattus norvegicus
NEUR_6533,Cortex,94.41,49.69,Macaca mulatta
NEUR_6776,Thalamus,81.26,111.66,Mus musculus
NEUR_7453,Amygdala,83.5,82.18,Mus musculus
NEUR_6710,Hypothalamus,3.17,59.96,Danio rerio
NEUR_6477,Thalamus,99.56,30.93,Macaca mulatta
NEUR_3476,Cerebellum,66.83,10.55,Mus musculus
NEUR_2456,Cerebellum,32.33,24.0,Mus musculus
NEUR_8907,Amygdala,3.01,89.24,Danio rerio
NEUR_2791,Thalamus,24.23,84.77,Rattus norvegicus
NEUR_7563,Hippocampus,141.32,24.27,Danio rerio
NEUR_7440,Hippocampus,112.59,68.38,Macaca mulatta
NEUR_2150,Thalamus,112.98,52.34,Danio rerio
NEUR_1801,Striatum,141.05,11.23,Rattus norvegicus
NEUR_8819,Thalamus,71.15,24.58,Macaca mulatta
NEUR_3397,Cerebellum,141.28,79.71,Macaca mulatta
NEUR_4250,Hippocampus,141.31,111.65,Macaca mulatta
NEUR_3780,Cortex,17.09,75.37,Mus musculus
NEUR_4792,Hypothalamus,55.94,24.58,Mus musculus
NEUR_3856,Amygdala,11.05,30.07,Macaca mulatta
NEUR_4035,Cortex,104.73,57.26,Macaca mulatta
NEUR_4243,Amygdala,85.41,60.04,Danio rerio
NEUR_6543,Cortex,139.89,61.38,Rattus norvegicus
NEUR_4745,Thalamus,126.53,50.53,Danio rerio
NEUR_6086,Striatum,31.64,95.42,Rattus norvegicus
NEUR_5810,Thalamus,48.78,37.56,Macaca mulatta
NEUR_9891,Cortex,72.1,59.01,Macaca mulatta
NEUR_6773,Cerebellum,15.59,12.65,Rattus norvegicus
NEUR_2958,Cerebellum,51.57,66.43,Rattus norvegicus
NEUR_9227,Cortex,91.06,79.82,Macaca mulatta
NEUR_3285,Amygdala,34.49,49.42,Danio rerio
NEUR_5360,Striatum,87.24,26.08,Macaca mulatta
NEUR_8991,Amygdala,64.16,73.61,Macaca mulatta
NEUR_2611,Cortex,50.73,38.56,Danio rerio
NEUR_3089,Striatum,68.0,39.85,Danio rerio
NEUR_3187,Hippocampus,114.48,27.78,Danio rerio
NEUR_4031,Thalamus,45.54,74.83,Rattus norvegicus
NEUR_3344,Cortex,142.6,24.35,Macaca mulatta
NEUR_1921,Striatum,133.67,86.37,Rattus norvegicus
NEUR_9192,Cerebellum,122.09,16.37,Danio rerio
NEUR_9442,Cortex,137.09,48.85,Rattus norvegicus
NEUR_4549,Amygdala,141.73,114.83,Rattus norvegicus
NEUR_1526,Thalamus,136.77,46.07,Rattus norvegicus
NEUR_3152,Hippocampus,20.63,118.02,Rattus norvegicus
NEUR_2913,Amygdala,69.9,42.9,Danio rerio
NEUR_8101,Amygdala,71.59,16.16,Macaca mulatta
NEUR_6915,Thalamus,31.96,34.05,Rattus norvegicus
NEUR_5080,Hypothalamus,55.58,116.98,Rattus norvegicus
NEUR_8357,Striatum,76.02,11.84,Danio rerio
NEUR_9058,Cerebellum,100.32,46.56,Macaca mulatta
NEUR_4591,Cortex,46.6,54.26,Rattus norvegicus
NEUR_7036,Hippocampus,82.55,89.01,Mus musculus
NEUR_1430,Thalamus,22.82,96.26,Mus musculus
NEUR_2309,Cortex,136.67,35.33,Danio rerio
NEUR_8385,Thalamus,139.02,26.27,Mus musculus
NEUR_6687,Striatum,43.57,76.86,Macaca mulatta
NEUR_7658,Hippocampus,89.31,79.75,Rattus norvegicus
NEUR_1283,Cortex,90.85,53.82,Mus musculus
NEUR_1558,Striatum,143.54,91.33,Mus musculus
NEUR_7354,Cerebellum,64.32,24.29,Macaca mulatta
NEUR_6645,Striatum,63.25,35.38,Rattus norvegicus
NEUR_4883,Cortex,64.83,55.02,Macaca mulatta
NEUR_8421,Amygdala,42.37,34.07,Rattus norvegicus
NEUR_5882,Thalamus,83.91,64.35,Macaca mulatta
NEUR_1860,Striatum,117.21,25.55,Mus musculus
NEUR_9838,Cerebellum,91.99,115.57,Rattus norvegicus
NEUR_4857,Striatum,13.13,85.79,Macaca mulatta
NEUR_7252,Hypothalamus,76.57,59.1,Danio rerio
NEUR_9202,Cerebellum,60.07,86.75,Macaca mulatta
NEUR_4194,Striatum,111.31,28.6,Macaca mulatta
NEUR_3808,Hippocampus,116.05,100.76,Danio rerio
NEUR_1654,Hippocampus,48.68,86.98,Rattus norvegicus
NEUR_7379,Cerebellum,15.91,89.81,Macaca mulatta
NEUR_1349,Amygdala,140.96,20.08,Danio rerio
NEUR_8755,Cerebellum,50.58,119.56,Mus musculus
NEUR_7783,Striatum,58.32,82.82,Mus musculus
NEUR_4849,Striatum,122.49,31.95,Rattus norvegicus
NEUR_8625,Hypothalamus,47.41,12.19,Rattus norvegicus
NEUR_7137,Thalamus,137.92,51.91,Macaca mulatta
NEUR_1439,Thalamus,134.3,40.81,Danio rerio
NEUR_7270,Thalamus,8.12,17.38,Danio rerio
NEUR_2545,Striatum,140.29,111.38,Danio rerio
NEUR_9708,Amygdala,62.94,79.28,Mus musculus
NEUR_5296,Cerebellum,74.05,105.52,Danio rerio
NEUR_5877,Thalamus,92.09,88.63,Danio rerio
NEUR_5591,Cortex,78.78,17.33,Mus musculus
NEUR_4529,Cortex,54.77,58.09,Rattus norvegicus
NEUR_6859,Amygdala,51.9,19.61,Danio rerio
NEUR_6154,Hippocampus,67.69,52.82,Rattus norvegicus
NEUR_4343,Striatum,98.78,116.98,Danio rerio
NEUR_5925,Hippocampus,85.29,62.3,Danio rerio
NEUR_2844,Amygdala,97.18,71.64,Rattus norvegicus
NEUR_5412,Amygdala,29.79,54.74,Rattus norvegicus
NEUR_9466,Cortex,17.86,36.16,Danio rerio
NEUR_4014,Amygdala,147.7,63.45,Macaca mulatta
NEUR_4557,Cerebellum,33.21,71.24,Rattus norvegicus
NEUR_4253,Hypothalamus,95.0,60.39,Mus musculus
NEUR_7721,Striatum,27.81,12.47,Rattus norvegicus
NEUR_9945,Striatum,108.97,110.66,Macaca mulatta
NEUR_7797,Cerebellum,19.16,105.52,Mus musculus
NEUR_2476,Hippocampus,96.47,22.49,Mus musculus
NEUR_2760,Amygdala,32.12,55.97,Macaca mulatta
NEUR_5299,Cerebellum,149.44,75.3,Mus musculus
NEUR_8622,Thalamus,95.14,14.23,Macaca mulatta
NEUR_7197,Cortex,21.92,81.63,Macaca mulatta
NEUR_8266,Amygdala,2.99,49.58,Rattus norvegicus
NEUR_7032,Hippocampus,56.25,25.6,Macaca mulatta
NEUR_9078,Cortex,1.76,22.58,Macaca mulatta
NEUR_4528,Thalamus,47.64,41.86,Macaca mulatta
NEUR_5013,Thalamus,148.31,30.11,Danio rerio
NEUR_1026,Amygdala,41.78,56.09,Rattus norvegicus
NEUR_7539,Hippocampus,116.41,58.17,Macaca mulatta
NEUR_3925,Striatum,48.98,112.87,Macaca mulatta
NEUR_9345,Amygdala,9.46,39.84,Macaca mulatta
NEUR_9697,Hypothalamus,26.54,47.8,Rattus norvegicus
NEUR_1158,Hippocampus,108.39,89.35,Macaca mulatta
NEUR_8625,Cerebellum,103.48,106.51,Rattus norvegicus
NEUR_9531,Cerebellum,103.13,118.04,Rattus norvegicus
NEUR_5013,Thalamus,93.33,97.58,Mus musculus
NEUR_4918,Hypothalamus,74.37,41.69,Mus musculus
NEUR_1651,Thalamus,141.08,92.5,Mus musculus
NEUR_8525,Cortex,137.64,87.89,Rattus norvegicus
NEUR_9026,Hypothalamus,13.0,69.5,Mus musculus
NEUR_8056,Cerebellum,26.17,55.27,Danio rerio
NEUR_8046,Striatum,18.92,113.73,Macaca mulatta
NEUR_6586,Cerebellum,79.5,61.84,Danio rerio
NEUR_6325,Striatum,57.34,22.6,Mus musculus
NEUR_2101,Hippocampus,122.32,61.76,Mus musculus
NEUR_6121,Hippocampus,17.22,93.73,Mus musculus
NEUR_3056,Hypothalamus,106.11,60.19,Mus musculus
NEUR_6254,Hippocampus,69.57,41.29,Macaca mulatta
NEUR_2108,Cerebellum,56.84,80.1,Macaca mulatta
NEUR_4313,Amygdala,41.73,38.63,Danio rerio
NEUR_3031,Amygdala,115.72,102.77,Rattus norvegicus
NEUR_5503,Amygdala,62.55,18.08,Rattus norvegicus
NEUR_3629,Cortex,12.83,47.24,Macaca mulatta
NEUR_9983,Striatum,75.34,11.11,Rattus norvegicus
NEUR_9964,Amygdala,11.88,100.06,Rattus norvegicus
NEUR_9783,Hippocampus,126.21,103.84,Danio rerio
NEUR_8676,Cerebellum,57.81,69.81,Mus musculus
NEUR_1742,Amygdala,128.17,100.31,Macaca mulatta
NEUR_3973,Striatum,133.77,29.79,Danio rerio
NEUR_1715,Cortex,15.78,31.58,Rattus norvegicus
NEUR_3805,Cerebellum,147.93,65.9,Danio rerio
NEUR_9386,Cerebellum,37.39,55.44,Danio rerio
NEUR_6278,Cortex,113.28,55.3,Macaca mulatta
NEUR_3171,Cortex,55.78,26.33,Macaca mulatta
NEUR_3036,Cortex,85.38,34.43,Rattus norvegicus
NEUR_1625,Thalamus,121.42,92.59,Rattus norvegicus
NEUR_7964,Cerebellum,86.56,37.52,Rattus norvegicus
NEUR_8475,Hypothalamus,69.65,70.68,Rattus norvegicus
NEUR_1557,Striatum,71.43,117.93,Mus musculus
NEUR_7629,Thalamus,27.19,50.17,Danio rerio
NEUR_8720,Hypothalamus,74.54,11.92,Rattus norvegicus
NEUR_6834,Hypothalamus,79.37,66.53,Macaca mulatta
NEUR_9533,Striatum,127.19,59.9,Macaca mulatta
NEUR_2096,Hypothalamus,15.75,24.65,Rattus norvegicus
NEUR_9914,Hypothalamus,129.34,26.34,Rattus norvegicus
NEUR_5286,Cerebellum,133.16,109.5,Danio rerio
NEUR_7065,Hypothalamus,72.62,14.65,Macaca mulatta
NEUR_5705,Cortex,67.6,23.09,Mus musculus
NEUR_9540,Hypothalamus,48.86,100.7,Macaca mulatta
NEUR_5388,Amygdala,129.68,30.37,Mus musculus
NEUR_4378,Thalamus,19.79,114.17,Danio rerio
NEUR_2283,Hypothalamus,113.9,39.56,Macaca mulatta
NEUR_4942,Cortex,102.38,16.89,Mus musculus
NEUR_9729,Amygdala,4.89,88.5,Rattus norvegicus
NEUR_8742,Hypothalamus,110.4,80.46,Macaca mulatta
NEUR_3824,Hippocampus,80.26,73.37,Danio rerio
NEUR_6518,Thalamus,63.36,22.7,Danio rerio
NEUR_8402,Cortex,60.87,80.0,Macaca mulatta
NEUR_9926,Striatum,17.64,45.29,Macaca mulatta
NEUR_3681,Hippocampus,142.18,28.75,Mus musculus
NEUR_6310,Cortex,73.89,19.76,Rattus norvegicus
NEUR_5848,Amygdala,7.56,61.94,Danio rerio
NEUR_1291,Striatum,41.76,82.58,Mus musculus
NEUR_8940,Thalamus,147.3,83.11,Macaca mulatta
NEUR_6920,Cortex,133.34,60.92,Danio rerio
NEUR_8972,Thalamus,103.82,16.98,Rattus norvegicus
NEUR_7252,Hypothalamus,0.36,20.94,Macaca mulatta
NEUR_7778,Cortex,51.77,67.16,Mus musculus
NEUR_2222,Cortex,13.03,89.92,Danio rerio
NEUR_1096,Thalamus,71.68,97.05,Macaca mulatta
NEUR_1250,Amygdala,118.08,23.65,Rattus norvegicus
NEUR_5749,Amygdala,26.5,22.02,Danio rerio
NEUR_5930,Striatum,20.95,94.24,Rattus norvegicus
NEUR_1062,Hypothalamus,139.02,29.67,Rattus norvegicus
NEUR_9243,Hypothalamus,62.16,117.06,Macaca mulatta
NEUR_2100,Hypothalamus,46.24,16.25,Mus musculus
NEUR_4811,Cortex,19.13,21.49,Mus musculus
NEUR_4069,Amygdala,63.74,48.59,Macaca mulatta
NEUR_5653,Thalamus,70.27,82.07,Mus musculus
NEUR_3811,Amygdala,68.22,52.34,Mus musculus
NEUR_7009,Thalamus,30.41,40.79,Danio rerio
NEUR_5451,Hypothalamus,139.01,48.2,Mus musculus
NEUR_3826,Amygdala,96.82,99.37,Rattus norvegicus
NEUR_5783,Hippocampus,65.38,79.9,Rattus norvegicus
NEUR_6513,Striatum,121.84,26.14,Macaca mulatta
NEUR_6676,Cortex,82.19,39.51,Rattus norvegicus
NEUR_3251,Hypothalamus,119.63,113.34,Danio rerio
NEUR_2636,Thalamus,128.16,55.66,Mus musculus
NEUR_6245,Cortex,42.79,36.91,Macaca mulatta
NEUR_7210,Hippocampus,29.32,87.26,Macaca mulatta
NEUR_8938,Thalamus,40.96,107.45,Danio rerio
NEUR_8799,Hippocampus,3.88,19.17,Danio rerio
NEUR_6574,Hippocampus,13.44,72.86,Rattus norvegicus
NEUR_1201,Hypothalamus,109.92,47.26,Mus musculus
NEUR_4107,Amygdala,64.9,98.73,Rattus norvegicus
NEUR_6856,Cerebellum,118.67,15.51,Danio rerio
NEUR_9529,Striatum,20.65,90.08,Rattus norvegicus
NEUR_8799,Amygdala,60.56,28.46,Mus musculus
NEUR_9962,Thalamus,126.0,47.38,Danio rerio
NEUR_4641,Cerebellum,93.92,75.79,Macaca mulatta
NEUR_1155,Hippocampus,38.42,38.68,Rattus norvegicus
NEUR_8425,Thalamus,31.99,25.83,Mus musculus
NEUR_5273,Hypothalamus,105.37,109.97,Danio rerio
NEUR_8974,Cortex,70.2,67.67,Danio rerio
NEUR_1953,Amygdala,62.59,36.76,Mus musculus
NEUR_1357,Striatum,136.18,61.5,Mus musculus
NEUR_4931,Hypothalamus,87.1,110.63,Danio rerio
NEUR_3737,Hippocampus,79.88,78.99,Mus musculus
NEUR_7047,Hippocampus,50.92,70.88,Rattus norvegicus
NEUR_2601,Thalamus,125.29,101.83,Mus musculus
NEUR_6296,Amygdala,18.8,105.87,Mus musculus
NEUR_2290,Amygdala,90.07,54.82,Rattus norvegicus
NEUR_4122,Striatum,125.64,108.54,Rattus norvegicus
NEUR_3116,Thalamus,117.48,34.56,Danio rerio
NEUR_4538,Cortex,114.41,59.52,Rattus norvegicus
NEUR_9639,Cerebellum,78.84,10.39,Rattus norvegicus
NEUR_8293,Striatum,24.41,105.06,Mus musculus
NEUR_4984,Hippocampus,91.85,112.39,Mus musculus
NEUR_2237,Cortex,84.23,38.66,Danio rerio
NEUR_1810,Thalamus,8.15,47.11,Mus musculus
NEUR_2944,Amygdala,84.59,87.06,Macaca mulatta
NEUR_7776,Hippocampus,33.1,67.61,Mus musculus
NEUR_7233,Hippocampus,142.89,25.97,Mus musculus
NEUR_8512,Hypothalamus,83.79,54.02,Mus musculus
NEUR_6467,Striatum,61.96,92.19,Mus musculus
NEUR_7565,Cortex,125.72,93.66,Danio rerio
NEUR_7049,Cortex,145.69,108.79,Danio rerio
NEUR_9198,Striatum,58.91,64.86,Danio rerio
NEUR_2102,Amygdala,21.42,77.2,Danio rerio
NEUR_7977,Thalamus,102.14,57.9,Macaca mulatta
NEUR_8291,Striatum,103.88,106.06,Mus musculus
NEUR_6827,Amygdala,136.15,88.33,Danio rerio
NEUR_3023,Hippocampus,38.66,85.75,Danio rerio
NEUR_4781,Striatum,7.74,42.99,Rattus norvegicus
NEUR_9167,Hypothalamus,120.22,62.65,Danio rerio
NEUR_6813,Amygdala,85.95,96.34,Danio rerio
NEUR_8972,Amygdala,13.6,78.95,Mus musculus
NEUR_7629,Amygdala,145.05,72.16,Mus musculus
NEUR_8999,Cerebellum,115.18,71.19,Danio rerio
NEUR_9595,Striatum,136.12,81.82,Macaca mulatta
NEUR_5017,Cerebellum,83.35,15.24,Danio rerio
NEUR_8483,Striatum,57.12,23.75,Rattus norvegicus
NEUR_2583,Thalamus,148.77,29.73,Macaca mulatta
NEUR_3317,Striatum,3.72,79.08,Rattus norvegicus
NEUR_1989,Amygdala,4.09,116.07,Macaca mulatta
NEUR_4322,Hippocampus,90.48,28.71,Macaca mulatta
NEUR_2913,Cerebellum,74.46,67.11,Danio rerio
NEUR_1985,Striatum,16.75,75.02,Mus musculus
NEUR_3638,Cerebellum,142.65,46.93,Mus musculus
NEUR_1184,Cortex,76.18,29.94,Rattus norvegicus
NEUR_4940,Hypothalamus,72.22,73.54,Rattus norvegicus
NEUR_6094,Thalamus,112.19,18.22,Rattus norvegicus
NEUR_5129,Hippocampus,137.73,38.05,Mus musculus
NEUR_1517,Cortex,18.0,38.02,Mus musculus
NEUR_7124,Cortex,124.4,83.41,Macaca mulatta
NEUR_1570,Cerebellum,118.27,18.06,Macaca mulatta
NEUR_7741,Cortex,97.77,47.6,Mus musculus
NEUR_1345,Hypothalamus,66.85,73.66,Mus musculus
NEUR_8568,Amygdala,133.56,63.51,Macaca mulatta
NEUR_2149,Cortex,134.6,99.54,Macaca mulatta
NEUR_6698,Hypothalamus,141.59,119.86,Mus musculus
NEUR_9311,Cerebellum,16.52,66.02,Mus musculus
NEUR_1946,Cerebellum,69.49,79.31,Macaca mulatta
NEUR_3430,Hippocampus,67.7,71.47,Rattus norvegicus
NEUR_3103,Hippocampus,139.91,70.05,Rattus norvegicus
NEUR_9686,Hypothalamus,148.94,77.26,Danio rerio
NEUR_9466,Hypothalamus,127.6,69.63,Macaca mulatta
NEUR_7454,Hypothalamus,24.83,103.54,Danio rerio
NEUR_6266,Hypothalamus,39.34,82.18,Macaca mulatta
NEUR_4612,Cerebellum,55.15,39.16,Danio rerio
NEUR_4540,Amygdala,37.59,112.41,Danio rerio
NEUR_3116,Cerebellum,93.49,86.35,Danio rerio
NEUR_3652,Hippocampus,44.92,50.1,Rattus norvegicus
NEUR_9040,Hypothalamus,13.51,104.52,Danio rerio
NEUR_6589,Striatum,134.11,41.27,Macaca mulatta
NEUR_4231,Thalamus,79.77,97.41,Danio rerio
NEUR_6515,Cerebellum,147.25,112.68,Rattus norvegicus
NEUR_9694,Amygdala,80.19,117.22,Mus musculus
NEUR_3486,Thalamus,110.62,25.23,Mus musculus
NEUR_7525,Striatum,42.23,118.65,Danio rerio
NEUR_6027,Hippocampus,110.53,63.79,Macaca mulatta
NEUR_5954,Hippocampus,106.64,99.4,Rattus norvegicus
NEUR_6017,Amygdala,66.09,85.52,Rattus norvegicus
NEUR_1287,Hippocampus,76.17,33.98,Mus musculus
NEUR_5523,Cortex,83.33,56.51,Danio rerio
NEUR_5334,Striatum,45.04,21.25,Rattus norvegicus
NEUR_8614,Thalamus,102.18,83.28,Macaca mulatta
NEUR_6356,Amygdala,139.25,29.2,Danio rerio
NEUR_3155,Cerebellum,2.83,42.56,Rattus norvegicus
NEUR_3303,Cortex,74.15,94.22,Danio rerio
NEUR_1061,Hippocampus,128.83,39.94,Mus musculus
NEUR_2154,Cortex,117.13,50.49,Macaca mulatta
NEUR_2150,Cerebellum,6.52,28.71,Macaca mulatta
NEUR_5196,Cerebellum,53.48,119.25,Mus musculus
NEUR_2826,Amygdala,95.15,45.86,Danio rerio
NEUR_4455,Cerebellum,101.53,10.67,Rattus norvegicus
NEUR_2176,Hippocampus,130.87,101.21,Rattus norvegicus
NEUR_1074,Thalamus,67.46,52.54,Danio rerio
NEUR_7184,Hypothalamus,33.61,41.09,Macaca mulatta
NEUR_2843,Striatum,20.21,111.95,Rattus norvegicus
NEUR_8235,Cerebellum,75.6,119.06,Rattus norvegicus
NEUR_6309,Cerebellum,73.94,69.75,Rattus norvegicus
NEUR_8175,Hypothalamus,62.42,93.3,Rattus norvegicus
NEUR_8859,Thalamus,33.24,66.24,Rattus norvegicus
NEUR_7180,Thalamus,103.43,88.92,Macaca mulatta
NEUR_6466,Cerebellum,144.39,92.32,Mus musculus
NEUR_2456,Hippocampus,90.76,16.2,Danio rerio
NEUR_7084,Amygdala,4.61,25.43,Danio rerio
NEUR_1278,Striatum,62.34,97.39,Rattus norvegicus
NEUR_5384,Hippocampus,149.02,94.98,Rattus norvegicus
NEUR_9176,Thalamus,43.31,107.58,Mus musculus
NEUR_7115,Thalamus,43.62,114.49,Mus musculus
NEUR_7612,Thalamus,31.73,71.11,Mus musculus
NEUR_1660,Hippocampus,44.97,12.95,Mus musculus
NEUR_2147,Thalamus,95.8,46.84,Mus musculus
NEUR_7423,Hippocampus,130.28,49.0,Danio rerio
NEUR_7161,Striatum,5.5,38.48,Rattus norvegicus
NEUR_4452,Cerebellum,58.44,91.31,Macaca mulatta
NEUR_3499,Thalamus,71.8,28.64,Rattus norvegicus
NEUR_7114,Striatum,123.6,30.59,Danio rerio
NEUR_5236,Cerebellum,30.39,58.73,Mus musculus
NEUR_2301,Striatum,51.96,64.74,Macaca mulatta
NEUR_5908,Hippocampus,25.76,42.68,Mus musculus
NEUR_5523,Cerebellum,64.53,39.24,Rattus norvegicus
NEUR_8938,Striatum,81.01,88.01,Mus musculus
NEUR_8927,Cortex,7.99,10.14,Danio rerio
NEUR_1075,Cortex,72.09,16.42,Rattus norvegicus
NEUR_3950,Cerebellum,135.7,91.66,Mus musculus
NEUR_1412,Thalamus,143.99,104.86,Danio rerio
NEUR_1060,Hypothalamus,148.32,25.41,Macaca mulatta
NEUR_2358,Amygdala,23.93,58.99,Mus musculus
NEUR_5838,Cerebellum,92.82,77.98,Danio rerio
NEUR_2908,Hypothalamus,30.96,46.74,Danio rerio
NEUR_5857,Striatum,77.68,36.51,Macaca mulatta
NEUR_5727,Hippocampus,10.61,47.88,Danio rerio
NEUR_8548,Cortex,6.94,95.25,Mus musculus
NEUR_9797,Hypothalamus,130.97,57.92,Mus musculus
NEUR_9334,Amygdala,53.41,90.58,Mus musculus
NEUR_1886,Striatum,38.0,75.11,Rattus norvegicus
NEUR_8867,Hypothalamus,72.32,57.68,Danio rerio
NEUR_8247,Amygdala,137.56,92.95,Mus musculus
NEUR_5443,Hypothalamus,115.95,55.91,Danio rerio
NEUR_1126,Striatum,18.5,49.03,Danio rerio
NEUR_9257,Thalamus,15.64,80.49,Rattus norvegicus
NEUR_3012,Thalamus,129.72,40.56,Rattus norvegicus
NEUR_7105,Cortex,52.24,111.19,Mus musculus
NEUR_4601,Striatum,49.31,59.65,Macaca mulatta
NEUR_6907,Thalamus,77.39,38.13,Rattus norvegicus
NEUR_7734,Hypothalamus,99.89,13.41,Macaca mulatta
NEUR_4300,Thalamus,77.83,48.85,Danio rerio
NEUR_7869,Cerebellum,120.94,58.33,Mus musculus
NEUR_6109,Striatum,97.16,37.23,Danio rerio
NEUR_1304,Cerebellum,94.93,84.65,Danio rerio
NEUR_3629,Thalamus,109.99,117.71,Rattus norvegicus
NEUR_6693,Hippocampus,98.47,114.59,Mus musculus
NEUR_7869,Striatum,78.33,63.32,Danio rerio
NEUR_6435,Hippocampus,67.97,71.13,Mus musculus
NEUR_8071,Amygdala,73.12,62.08,Mus musculus
NEUR_5415,Amygdala,8.95,83.15,Danio rerio
NEUR_7959,Thalamus,82.73,15.4,Mus musculus
NEUR_2695,Hippocampus,19.27,24.62,Rattus norvegicus
NEUR_7297,Thalamus,145.18,47.98,Macaca mulatta
NEUR_6446,Cortex,5.48,116.17,Danio rerio
NEUR_4139,Thalamus,108.5,69.2,Danio rerio
NEUR_7351,Amygdala,77.31,76.74,Danio rerio
NEUR_6550,Striatum,117.68,87.87,Mus musculus
NEUR_7832,Thalamus,109.75,82.63,Rattus norvegicus
NEUR_9259,Hippocampus,38.66,61.0,Macaca mulatta
NEUR_7670,Amygdala,107.97,41.06,Danio rerio
NEUR_3058,Cortex,91.39,24.4,Macaca mulatta
NEUR_8842,Amygdala,137.7,52.91,Mus musculus
NEUR_6308,Cortex,146.81,117.71,Danio rerio
NEUR_9608,Striatum,33.53,100.12,Rattus norvegicus
NEUR_8551,Hypothalamus,50.62,41.58,Mus musculus
NEUR_5437,Thalamus,65.72,91.47,Mus musculus
NEUR_6569,Hypothalamus,71.74,32.57,Mus musculus
NEUR_3259,Cerebellum,37.3,99.37,Rattus norvegicus
NEUR_6400,Hypothalamus,28.05,36.66,Macaca mulatta
NEUR_4645,Hypothalamus,125.56,10.37,Macaca mulatta
NEUR_6421,Striatum,140.86,106.26,Danio rerio
NEUR_5527,Hypothalamus,0.32,21.71,Mus musculus
NEUR_8247,Amygdala,138.28,81.81,Danio rerio
NEUR_4838,Hippocampus,85.48,94.51,Rattus norvegicus
NEUR_2059,Cerebellum,149.71,82.33,Rattus norvegicus
NEUR_8601,Amygdala,132.41,19.4,Rattus norvegicus
NEUR_7841,Cerebellum,86.55,92.22,Rattus norvegicus
NEUR_7850,Cerebellum,22.53,23.45,Rattus norvegicus
NEUR_8198,Cortex,98.1,27.36,Mus musculus
NEUR_5965,Hypothalamus,43.31,49.71,Mus musculus
NEUR_6703,Amygdala,96.49,46.81,Danio rerio
NEUR_4673,Cortex,87.6,69.61,Mus musculus
NEUR_6601,Hippocampus,58.09,73.82,Macaca mulatta
NEUR_7259,Thalamus,21.84,36.89,Rattus norvegicus
NEUR_2369,Thalamus,13.41,56.05,Macaca mulatta
NEUR_4563,Cerebellum,38.06,26.02,Mus musculus
NEUR_8732,Cortex,2.85,82.39,Macaca mulatta
NEUR_1058,Cortex,141.12,108.2,Danio rerio
NEUR_9288,Hypothalamus,92.46,80.58,Danio rerio
NEUR_3568,Cortex,91.05,89.01,Macaca mulatta
NEUR_5632,Thalamus,6.62,92.87,Danio rerio
NEUR_1147,Cortex,143.95,19.98,Rattus norvegicus
NEUR_7960,Cerebellum,56.99,61.88,Rattus norvegicus
NEUR_2705,Thalamus,28.07,71.73,Danio rerio
NEUR_7057,Hippocampus,38.56,43.28,Mus musculus
NEUR_7026,Hippocampus,20.91,27.96,Mus musculus
NEUR_3378,Hypothalamus,128.12,81.49,Danio rerio
NEUR_6627,Hypothalamus,58.97,93.41,Mus musculus
NEUR_5460,Amygdala,16.58,22.59,Mus musculus
NEUR_2074,Thalamus,126.04,10.36,Danio rerio
NEUR_6533,Amygdala,93.26,90.85,Macaca mulatta
NEUR_7838,Striatum,104.87,63.91,Mus musculus
NEUR_1580,Hypothalamus,64.36,61.67,Rattus norvegicus
NEUR_2407,Amygdala,96.36,108.27,Mus musculus
NEUR_9640,Hypothalamus,106.0,66.25,Mus musculus
NEUR_3192,Striatum,123.12,110.72,Rattus norvegicus
NEUR_2369,Hypothalamus,85.27,31.55,Mus musculus
NEUR_2818,Thalamus,0.52,68.81,Mus musculus
NEUR_5588,Cerebellum,38.45,15.7,Rattus norvegicus
NEUR_7535,Cortex,31.55,31.99,Macaca mulatta
NEUR_9909,Hypothalamus,77.65,82.26,Mus musculus
NEUR_6931,Cerebellum,12.79,89.35,Mus musculus
NEUR_8740,Amygdala,57.34,88.13,Danio rerio
NEUR_8212,Hippocampus,148.88,87.47,Macaca mulatta
NEUR_2136,Hypothalamus,3.6,14.7,Mus musculus
NEUR_3849,Cerebellum,83.73,47.01,Mus musculus
NEUR_6905,Striatum,144.65,79.89,Rattus norvegicus
NEUR_3632,Striatum,126.55,107.65,Rattus norvegicus
NEUR_8501,Amygdala,73.46,107.72,Mus musculus
NEUR_5211,Cortex,77.63,10.91,Mus musculus
NEUR_2562,Hippocampus,110.51,27.44,Macaca mulatta
NEUR_9644,Striatum,73.77,76.08,Danio rerio
NEUR_1175,Thalamus,103.61,114.59,Rattus norvegicus
NEUR_5179,Thalamus,109.6,69.99,Macaca mulatta
NEUR_2163,Amygdala,136.3,20.53,Danio rerio
NEUR_2905,Amygdala,44.7,37.06,Rattus norvegicus
NEUR_7087,Hypothalamus,133.91,100.13,Rattus norvegicus
NEUR_7175,Striatum,42.14,86.95,Macaca mulatta
NEUR_6231,Thalamus,56.65,85.25,Macaca mulatta
NEUR_4973,Amygdala,73.46,40.54,Mus musculus
NEUR_7863,Cortex,125.78,88.83,Mus musculus
NEUR_6221,Amygdala,72.58,57.4,Mus musculus
NEUR_9698,Cortex,51.13,51.85,Rattus norvegicus
NEUR_5379,Striatum,45.5,99.47,Macaca mulatta
NEUR_8366,Thalamus,66.84,59.02,Rattus norvegicus
NEUR_2149,Hippocampus,79.66,94.98,Macaca mulatta
NEUR_5620,Hypothalamus,128.94,92.99,Mus musculus
NEUR_5948,Amygdala,122.58,62.95,Danio rerio
NEUR_9254,Hypothalamus,24.41,84.21,Macaca mulatta
NEUR_5583,Thalamus,2.93,86.57,Mus musculus
NEUR_3515,Striatum,65.91,40.4,Danio rerio
NEUR_3262,Hippocampus,39.59,79.65,Danio rerio
NEUR_3420,Amygdala,23.93,97.44,Macaca mulatta
NEUR_7725,Striatum,4.29,20.71,Rattus norvegicus
NEUR_7137,Hippocampus,47.78,27.97,Mus musculus
NEUR_5742,Hypothalamus,79.71,17.61,Mus musculus
NEUR_2022,Thalamus,139.13,101.45,Rattus norvegicus
NEUR_6089,Cortex,33.44,64.04,Macaca mulatta
NEUR_5886,Cortex,72.14,92.04,Mus musculus
NEUR_4752,Hippocampus,115.75,79.92,Mus musculus
NEUR_2762,Amygdala,29.29,35.17,Mus musculus
NEUR_3865,Thalamus,114.8,69.55,Mus musculus
NEUR_2699,Hippocampus,99.49,28.29,Rattus norvegicus
NEUR_5052,Thalamus,97.56,47.66,Mus musculus
NEUR_9933,Striatum,81.37,56.38,Mus musculus
NEUR_5154,Cortex,56.64,63.76,Macaca mulatta
NEUR_3660,Thalamus,76.24,22.62,Mus musculus
NEUR_2301,Thalamus,6.82,99.93,Macaca mulatta
NEUR_4833,Striatum,138.41,49.47,Macaca mulatta
NEUR_5642,Striatum,124.55,81.0,Macaca mulatta
NEUR_5121,Cerebellum,26.89,82.46,Mus musculus
NEUR_4773,Hypothalamus,51.45,47.15,Macaca mulatta
NEUR_1671,Cerebellum,40.75,78.09,Rattus norvegicus
NEUR_7585,Striatum,112.95,34.77,Danio rerio
NEUR_5874,Thalamus,35.57,79.9,Danio rerio
NEUR_4644,Striatum,104.61,55.8,Mus musculus
NEUR_8581,Thalamus,149.19,26.67,Macaca mulatta
NEUR_5309,Striatum,48.55,112.53,Macaca mulatta
NEUR_2191,Cortex,125.12,56.77,Danio rerio
NEUR_8257,Striatum,60.03,47.36,Macaca mulatta
NEUR_6201,Amygdala,113.47,41.32,Rattus norvegicus
NEUR_5618,Hippocampus,114.38,20.95,Mus musculus
NEUR_6716,Cerebellum,100.58,15.34,Macaca mulatta
NEUR_3980,Amygdala,27.84,65.37,Macaca mulatta
NEUR_3821,Striatum,120.24,35.75,Danio rerio
NEUR_8345,Hippocampus,126.84,58.8,Rattus norvegicus
NEUR_3450,Cerebellum,60.29,66.34,Mus musculus
NEUR_7080,Hypothalamus,138.06,14.45,Rattus norvegicus
NEUR_3829,Cortex,27.15,34.06,Danio rerio
NEUR_6142,Thalamus,91.94,100.98,Mus musculus
NEUR_4222,Amygdala,30.25,18.67,Danio rerio
NEUR_4416,Thalamus,94.32,64.99,Danio rerio
NEUR_7076,Cortex,84.9,19.83,Danio rerio
NEUR_6320,Hypothalamus,134.33,75.96,Mus musculus
NEUR_8287,Thalamus,91.09,101.67,Mus musculus
NEUR_2112,Hippocampus,65.08,11.78,Danio rerio
NEUR_3006,Hypothalamus,32.95,34.91,Mus musculus
NEUR_6790,Hypothalamus,83.18,32.32,Rattus norvegicus
NEUR_1595,Thalamus,94.79,107.99,Rattus norvegicus
NEUR_2977,Hippocampus,126.34,28.34,Macaca mulatta
NEUR_1343,Striatum,114.19,73.71,Rattus norvegicus
NEUR_2135,Cerebellum,48.07,22.13,Macaca mulatta
NEUR_1824,Thalamus,92.05,98.74,Macaca mulatta
NEUR_8171,Striatum,12.02,77.84,Danio rerio
NEUR_6100,Striatum,47.7,110.94,Rattus norvegicus
NEUR_8213,Striatum,136.14,52.34,Mus musculus
NEUR_7167,Cortex,128.38,12.4,Mus musculus
NEUR_6708,Hippocampus,143.0,42.47,Macaca mulatta
NEUR_3044,Cortex,73.39,107.41,Mus musculus
NEUR_3169,Hippocampus,57.75,50.96,Rattus norvegicus
NEUR_6857,Hypothalamus,62.25,17.56,Danio rerio
NEUR_9738,Cerebellum,12.17,68.84,Danio rerio
NEUR_7300,Cerebellum,34.95,32.03,Macaca mulatta
NEUR_1432,Striatum,52.09,91.69,Rattus norvegicus
NEUR_4611,Amygdala,136.92,113.47,Rattus norvegicus
NEUR_2544,Striatum,141.98,66.12,Macaca mulatta
NEUR_3197,Hippocampus,109.29,119.41,Mus musculus
NEUR_6849,Thalamus,29.19,56.88,Macaca mulatta
NEUR_5789,Amygdala,141.58,15.41,Rattus norvegicus
NEUR_5384,Hypothalamus,147.49,59.52,Macaca mulatta
NEUR_5991,Amygdala,112.79,111.81,Mus musculus
NEUR_9171,Cerebellum,54.86,22.13,Mus musculus
NEUR_5215,Hypothalamus,125.7,46.64,Mus musculus
NEUR_9922,Thalamus,126.6,89.03,Danio rerio
NEUR_9662,Striatum,90.04,66.25,Macaca mulatta
NEUR_8235,Hypothalamus,1.87,14.27,Rattus norvegicus
NEUR_6665,Hypothalamus,53.76,22.35,Danio rerio
NEUR_6391,Cerebellum,6.61,102.81,Mus musculus
NEUR_6873,Striatum,34.3,37.94,Mus musculus
NEUR_2735,Hippocampus,76.54,118.06,Mus musculus
NEUR_3782,Cerebellum,118.85,53.64,Danio rerio
NEUR_7223,Thalamus,18.21,71.48,Mus musculus
NEUR_6649,Hypothalamus,38.81,43.5,Rattus norvegicus
NEUR_4034,Cerebellum,118.94,41.83,Rattus norvegicus
NEUR_1017,Hippocampus,15.59,97.47,Mus musculus
NEUR_8646,Hippocampus,30.75,16.64,Rattus norvegicus
NEUR_6772,Hypothalamus,33.65,73.73,Danio rerio
NEUR_6603,Hypothalamus,141.56,107.25,Danio rerio
NEUR_5562,Hippocampus,89.26,52.58,Rattus norvegicus
NEUR_2666,Striatum,19.25,12.52,Danio rerio
NEUR_4142,Thalamus,39.6,41.12,Macaca mulatta
NEUR_5848,Thalamus,33.42,73.69,Mus musculus
NEUR_3248,Thalamus,146.14,31.42,Macaca mulatta
NEUR_5412,Hippocampus,83.94,97.67,Danio rerio
NEUR_6629,Amygdala,75.9,39.42,Danio rerio
NEUR_4532,Thalamus,50.13,66.04,Danio rerio
NEUR_4190,Hypothalamus,94.98,65.22,Macaca mulatta
NEUR_8619,Thalamus,133.4,42.83,Rattus norvegicus
NEUR_3325,Hippocampus,112.64,63.12,Danio rerio
NEUR_9330,Cortex,25.47,12.57,Macaca mulatta
NEUR_6640,Cerebellum,120.34,96.28,Rattus norvegicus
NEUR_9747,Cerebellum,40.4,107.91,Danio rerio
NEUR_8583,Cerebellum,84.51,60.68,Danio rerio
NEUR_5257,Thalamus,108.65,61.08,Danio rerio
NEUR_1569,Hippocampus,129.35,74.19,Mus musculus
NEUR_9403,Cerebellum,108.36,28.81,Macaca mulatta
NEUR_9769,Cerebellum,40.79,83.07,Rattus norvegicus
NEUR_6873,Hypothalamus,96.3,44.87,Rattus norvegicus
NEUR_3862,Striatum,68.31,65.15,Danio rerio
NEUR_7170,Thalamus,86.59,15.13,Rattus norvegicus
NEUR_5221,Striatum,105.08,15.19,Mus musculus
NEUR_2893,Thalamus,129.54,28.46,Rattus norvegicus
NEUR_9768,Cortex,130.34,79.73,Mus musculus
NEUR_3522,Striatum,97.08,30.36,Rattus norvegicus
NEUR_1787,Thalamus,101.76,119.98,Macaca mulatta
NEUR_7560,Cerebellum,106.82,109.87,Rattus norvegicus
NEUR_9303,Cerebellum,11.64,54.23,Rattus norvegicus
NEUR_5169,Amygdala,45.72,67.37,Rattus norvegicus
NEUR_9467,Striatum,81.82,96.72,Mus musculus
NEUR_4163,Amygdala,94.44,65.86,Macaca mulatta
NEUR_6099,Hippocampus,39.51,56.23,Macaca mulatta
NEUR_3475,Hippocampus,113.25,44.0,Rattus norvegicus
NEUR_4411,Cerebellum,32.75,116.8,Macaca mulatta
NEUR_1413,Hippocampus,143.79,113.47,Rattus norvegicus
NEUR_4856,Striatum,27.24,67.31,Danio rerio
NEUR_1940,Cortex,120.35,30.97,Danio rerio
NEUR_6712,Striatum,66.16,31.56,Rattus norvegicus
NEUR_3147,Cerebellum,117.16,52.21,Mus musculus
NEUR_1384,Cerebellum,13.2,52.01,Danio rerio
NEUR_3289,Hypothalamus,87.4,65.62,Rattus norvegicus
NEUR_5123,Thalamus,56.73,62.42,Macaca mulatta
NEUR_9498,Striatum,43.64,104.63,Danio rerio
NEUR_4540,Amygdala,145.53,77.72,Rattus norvegicus
NEUR_8885,Hypothalamus,102.1,34.41,Rattus norvegicus
NEUR_8764,Thalamus,93.35,86.08,Mus musculus
NEUR_1376,Cortex,38.89,32.56,Mus musculus
NEUR_1961,Striatum,120.2,31.01,Danio rerio
NEUR_2034,Amygdala,136.66,37.7,Mus musculus
NEUR_6972,Striatum,26.88,17.29,Macaca mulatta
NEUR_9777,Hypothalamus,9.93,33.48,Macaca mulatta
NEUR_7698,Striatum,146.01,91.19,Mus musculus
NEUR_6365,Cortex,70.54,114.4,Mus musculus
NEUR_6097,Hypothalamus,39.83,58.11,Rattus norvegicus
NEUR_1105,Striatum,145.08,113.07,Macaca mulatta
NEUR_6589,Cerebellum,47.5,53.45,Mus musculus
NEUR_8199,Amygdala,121.82,14.95,Macaca mulatta
NEUR_2744,Hypothalamus,108.96,91.89,Macaca mulatta
NEUR_2062,Hippocampus,7.62,26.26,Macaca mulatta
