neuron_id,region,firing_rate_hz,spike_amplitude_mv,subject_species
NEUR_9552,Hippocampus,80.4,66.93,Danio rerio
NEUR_7130,Hypothalamus,0.26,82.09,Mus musculus
NEUR_3985,Hippocampus,44.84,16.54,Macaca mulatta
NEUR_4555,Cortex,20.02,70.23,Rattus norvegicus
NEUR_1734,Hypothalamus,39.75,81.29,Danio rerio
NEUR_3308,Striatum,31.78,109.43,Macaca mulatta
NEUR_8362,Cerebellum,34.38,86.13,Macaca mulatta
NEUR_9434,Hypothalamus,145.22,119.38,Mus musculus
NEUR_5093,Thalamus,137.07,47.37,Mus musculus
NEUR_7414,Amygdala,90.93,75.76,Macaca mulatta
NEUR_3827,Hypothalamus,54.53,26.64,Mus musculus
NEUR_9580,Striatum,32.63,44.9,Rattus norvegicus
NEUR_4244,Hypothalamus,97.62,106.56,Rattus norvegicus
NEUR_9674,Cortex,144.12,44.77,Mus musculus
NEUR_2415,Amygdala,149.42,25.93,Rattus norvegicus
NEUR_9780,Striatum,92.77,28.01,Macaca mulatta
NEUR_4296,Cortex,58.82,45.34,Danio rerio
NEUR_4546,Hypothalamus,101.88,96.25,Rattus norvegicus
NEUR_8233,Hypothalamus,32.48,59.81,Rattus norvegicus
NEUR_7030,Cerebellum,22.5,66.84,Macaca mulatta
NEUR_1260,Hypothalamus,6.17,114.04,Rattus norvegicus
NEUR_8720,Striatum,39.35,53.32,Rattus norvegicus
NEUR_3439,Amygdala,32.49,113.59,Macaca mulatta
NEUR_8824,Thalamus,4.07,50.36,Rattus norvegicus
NEUR_7685,Thalamus,71.39,67.82,Mus musculus
NEUR_1917,Hypothalamus,137.29,50.38,Macaca mulatta
NEUR_1327,Amygdala,121.96,76.8,Rattus norvegicus
NEUR_1926,Cortex,14.4,117.62,Macaca mulatta
NEUR_4069,Striatum,96.01,82.36,Rattus norvegicus
NEUR_1665,Hippocampus,97.24,28.73,Mus musculus
NEUR_1889,Hippocampus,78.27,19.43,Rattus norvegicus
NEUR_3250,Amygdala,33.19,64.65,Rattus norvegicus
NEUR_9086,Cerebellum,91.92,56.21,Rattus norvegicus
NEUR_2207,Striatum,23.5,17.3,Macaca mulatta
NEUR_2527,Striatum,95.88,57.84,Danio rerio
NEUR_7563,Hippocampus,89.55,91.22,Danio rerio
NEUR_6676,Amygdala,145.78,82.21,Danio rerio
NEUR_7089,Hippocampus,42.05,49.71,Danio rerio
NEUR_8933,Striatum,40.85,79.58,Rattus norvegicus
NEUR_8181,Cortex,22.81,115.97,Mus musculus
NEUR_2893,Hippocampus,88.97,106.31,Macaca mulatta
NEUR_6026,Cortex,57.34,61.83,Mus musculus
NEUR_1180,Amygdala,67.88,23.55,Rattus norvegicus
NEUR_3298,Hippocampus,143.35,39.64,Mus musculus
NEUR_7667,Hypothalamus,66.6,76.24,Macaca mulatta
NEUR_5956,Hypothalamus,107.08,95.29,Mus musculus
NEUR_7578,Cerebellum,72.94,42.29,Danio rerio
NEUR_2921,Hypothalamus,45.69,75.83,Danio rerio
NEUR_7951,Hippocampus,43.23,73.54,Rattus norvegicus
NEUR_3014,Hippocampus,61.27,63.87,Macaca mulatta
NEUR_8378,Hypothalamus,12.73,21.28,Mus musculus
NEUR_3205,Striatum,44.61,56.64,Rattus norvegicus
NEUR_1519,Thalamus,20.86,54.83,Macaca mulatta
NEUR_7142,Hippocampus,6.09,109.2,Rattus norvegicus
NEUR_7788,Hippocampus,132.39,35.61,Macaca mulatta
NEUR_2674,Hippocampus,132.58,76.56,Mus musculus
NEUR_5428,Cortex,63.97,118.56,Macaca mulatta
NEUR_1757,Amygdala,7.86,85.03,Danio rerio
NEUR_3783,Striatum,26.74,105.86,Mus musculus
NEUR_2543,Amygdala,105.54,60.85,Mus musculus
NEUR_8075,Hypothalamus,97.36,55.73,Mus musculus
NEUR_9169,Hippocampus,149.91,56.57,Danio rerio
NEUR_9848,Cerebellum,23.68,31.3,Macaca mulatta
NEUR_7334,Cortex,123.64,59.39,Macaca mulatta
NEUR_3295,Thalamus,88.99,101.16,Danio rerio
NEUR_4447,Thalamus,62.68,85.91,Danio rerio
NEUR_6168,Striatum,56.06,37.76,Mus musculus
NEUR_9671,Thalamus,73.19,72.97,Rattus norvegicus
NEUR_1556,Cerebellum,25.36,23.6,Mus musculus
NEUR_9236,Hypothalamus,128.52,106.25,Macaca mulatta
NEUR_2086,Amygdala,58.2,91.13,Mus musculus
NEUR_5235,Cortex,2.83,46.13,Macaca mulatta
NEUR_5494,Cerebellum,122.96,13.83,Macaca mulatta
NEUR_1553,Cortex,64.65,63.75,Mus musculus
NEUR_2401,Cerebellum,65.78,74.95,Mus musculus
NEUR_4263,Cortex,68.29,106.96,Macaca mulatta
NEUR_5726,Hippocampus,130.65,48.21,Mus musculus
NEUR_5186,Striatum,143.19,59.12,Danio rerio
NEUR_7928,Hippocampus,147.6,23.29,Macaca mulatta
NEUR_9023,Cortex,71.16,113.91,Macaca mulatta
NEUR_3973,Hypothalamus,92.71,38.82,Danio rerio
NEUR_9416,Striatum,145.4,118.35,Danio rerio
NEUR_9203,Amygdala,82.17,71.76,Rattus norvegicus
NEUR_1940,Amygdala,130.8,83.03,Danio rerio
NEUR_5999,Thalamus,49.26,98.81,Danio rerio
NEUR_7759,Cerebellum,74.94,90.67,Danio rerio
NEUR_7536,Thalamus,14.91,36.89,Macaca mulatta
NEUR_6597,Cortex,128.55,78.7,Danio rerio
NEUR_2678,Hypothalamus,20.99,115.31,Rattus norvegicus
NEUR_4365,Hypothalamus,92.44,80.44,Mus musculus
NEUR_4203,Thalamus,117.31,85.7,Rattus norvegicus
NEUR_4426,Cerebellum,111.94,98.19,Danio rerio
NEUR_1711,Thalamus,2.02,26.24,Mus musculus
NEUR_1535,Cortex,104.13,52.13,Rattus norvegicus
NEUR_3010,Hypothalamus,117.82,78.67,Mus musculus
NEUR_9786,Hippocampus,61.11,88.94,Rattus norvegicus
NEUR_6297,Amygdala,5.68,97.71,Rattus norvegicus
NEUR_8335,Thalamus,132.04,24.5,Rattus norvegicus
NEUR_6137,Amygdala,111.67,44.07,Rattus norvegicus
NEUR_7501,Cortex,13.79,61.85,Mus musculus
NEUR_2338,Hippocampus,86.46,29.24,Macaca mulatta
NEUR_7474,Hypothalamus,147.74,15.93,Mus musculus
NEUR_9122,Amygdala,51.55,34.25,Mus musculus
NEUR_7259,Hypothalamus,90.86,54.93,Rattus norvegicus
NEUR_2539,Thalamus,69.27,88.48,Mus musculus
NEUR_1606,Cerebellum,137.46,108.68,Mus musculus
NEUR_8772,Amygdala,46.82,112.75,Mus musculus
NEUR_7319,Thalamus,55.88,103.38,Danio rerio
NEUR_1940,Amygdala,113.98,115.23,Macaca mulatta
NEUR_9088,Thalamus,13.04,114.71,Macaca mulatta
NEUR_8547,Thalamus,116.97,81.98,Rattus norvegicus
NEUR_2943,Cerebellum,21.68,32.11,Macaca mulatta
NEUR_3117,Hypothalamus,112.87,39.42,Macaca mulatta
NEUR_4187,Striatum,122.26,54.16,Danio rerio
NEUR_7086,Thalamus,128.15,114.32,Rattus norvegicus
NEUR_1831,Amygdala,68.16,95.13,Macaca mulatta
NEUR_5337,Striatum,142.34,55.88,Rattus norvegicus
NEUR_6593,Hippocampus,104.83,61.71,Rattus norvegicus
NEUR_3539,Amygdala,5.41,10.41,Danio rerio
NEUR_1889,Hippocampus,28.97,117.37,Rattus norvegicus
NEUR_7280,Hippocampus,126.39,92.7,Macaca mulatta
NEUR_9546,Cerebellum,133.26,106.38,Macaca mulatta
NEUR_7035,Hippocampus,141.16,95.73,Mus musculus
NEUR_7824,Cortex,21.63,15.83,Rattus norvegicus
NEUR_4549,Striatum,132.1,84.53,Danio rerio
NEUR_5028,Hypothalamus,45.81,102.04,Macaca mulatta
NEUR_5624,Hippocampus,15.75,54.72,Rattus norvegicus
NEUR_9809,Cortex,49.55,76.56,Macaca mulatta
NEUR_6659,Cortex,116.48,33.24,Macaca mulatta
NEUR_3042,Hypothalamus,46.95,48.23,Mus musculus
NEUR_9320,Cerebellum,131.27,96.45,Danio rerio
NEUR_7403,Cerebellum,8.1,72.91,Danio rerio
NEUR_1893,Hypothalamus,125.6,88.4,Rattus norvegicus
NEUR_3446,Thalamus,141.64,21.46,Rattus norvegicus
NEUR_5184,Striatum,85.8,36.81,Rattus norvegicus
NEUR_1141,Thalamus,23.98,76.04,Rattus norvegicus
NEUR_7511,Striatum,31.43,22.57,Danio rerio
NEUR_2553,Amygdala,139.73,77.62,Mus musculus
NEUR_6192,Hippocampus,38.18,59.78,Macaca mulatta
NEUR_8464,Striatum,120.58,76.32,Macaca mulatta
NEUR_7914,Hypothalamus,122.85,33.64,Macaca mulatta
NEUR_4936,Thalamus,35.87,45.59,Danio rerio
NEUR_4723,Hippocampus,40.36,60.13,Macaca mulatta
NEUR_9637,Hippocampus,38.84,119.76,Mus musculus
NEUR_5729,Thalamus,29.98,66.19,Macaca mulatta
NEUR_9192,Hippocampus,139.52,79.04,Danio rerio
NEUR_2100,Cerebellum,32.14,23.37,Mus musculus
NEUR_7566,Hippocampus,137.03,103.03,Macaca mulatta
NEUR_2842,Amygdala,90.75,69.11,Danio rerio
NEUR_5420,Hippocampus,124.84,90.96,Danio rerio
NEUR_1461,Thalamus,57.01,118.32,Rattus norvegicus
NEUR_9817,Amygdala,132.36,117.8,Macaca mulatta
NEUR_9632,Thalamus,73.72,63.21,Danio rerio
NEUR_4169,Striatum,138.23,77.77,Mus musculus
NEUR_2637,Cerebellum,70.35,114.56,Macaca mulatta
NEUR_6201,Amygdala,123.45,93.24,Rattus norvegicus
NEUR_7525,Hippocampus,67.17,99.23,Rattus norvegicus
NEUR_4125,Hippocampus,144.78,32.59,Danio rerio
NEUR_3115,Striatum,71.84,13.98,Mus musculus
NEUR_4122,Striatum,69.2,77.43,Danio rerio
NEUR_9711,Striatum,141.57,113.3,Danio rerio
NEUR_9136,Amygdala,54.78,95.45,Danio rerio
NEUR_4848,Hypothalamus,108.37,100.83,Mus musculus
NEUR_1399,Cortex,147.39,36.98,Rattus norvegicus
NEUR_2367,Cortex,38.1,76.09,Mus musculus
NEUR_9811,Thalamus,57.52,61.61,Macaca mulatta
NEUR_3606,Amygdala,50.97,40.17,Mus musculus
NEUR_8438,Cerebellum,91.76,92.55,Mus musculus
NEUR_2347,Cortex,29.18,89.05,Rattus norvegicus
NEUR_9731,Striatum,95.82,42.87,Mus musculus
NEUR_9553,Amygdala,9.44,19.82,Danio rerio
NEUR_2311,Striatum,132.8,54.42,Danio rerio
NEUR_2368,Striatum,133.69,81.15,Mus musculus
NEUR_2541,Cortex,83.95,27.81,Rattus norvegicus
NEUR_8565,Cortex,84.01,63.15,Mus musculus
NEUR_7286,Amygdala,77.93,23.87,Mus musculus
NEUR_1928,Hippocampus,71.87,33.85,Rattus norvegicus
NEUR_5311,Cerebellum,141.98,40.79,Rattus norvegicus
NEUR_2346,Striatum,62.4,42.84,Macaca mulatta
NEUR_5265,Hippocampus,98.37,100.84,Danio rerio
NEUR_6666,Thalamus,14.69,11.56,Mus musculus
NEUR_7408,Thalamus,84.73,116.49,Danio rerio
NEUR_2796,Thalamus,117.48,71.8,Danio rerio
NEUR_9432,Striatum,132.93,59.18,Rattus norvegicus
NEUR_6983,Hippocampus,3.43,65.32,Danio rerio
NEUR_4115,Striatum,45.43,98.16,Mus musculus
NEUR_8816,Hippocampus,95.04,15.17,Mus musculus
NEUR_4321,Hippocampus,67.83,105.78,Mus musculus
NEUR_5740,Hypothalamus,104.76,66.23,Mus musculus
NEUR_2802,Striatum,18.97,29.1,Macaca mulatta
NEUR_6520,Hippocampus,15.82,57.8,Danio rerio
NEUR_4021,Thalamus,21.41,23.35,Danio rerio
NEUR_4473,Amygdala,13.1,95.57,Mus musculus
NEUR_8324,Cerebellum,46.65,69.31,Macaca mulatta
NEUR_5385,Hippocampus,2.05,40.36,Danio rerio
NEUR_5677,Amygdala,143.53,88.3,Macaca mulatta
NEUR_8695,Amygdala,26.49,33.42,Danio rerio
NEUR_2547,Cerebellum,19.6,24.42,Macaca mulatta
NEUR_8083,Cerebellum,49.47,71.39,Macaca mulatta
NEUR_8575,Cerebellum,65.3,107.31,Rattus norvegicus
NEUR_9237,Hippocampus,29.19,59.43,Macaca mulatta
NEUR_7595,Thalamus,73.2,95.87,Macaca mulatta
NEUR_8252,Cortex,78.07,84.38,Mus musculus
NEUR_7229,Cortex,122.79,47.69,Macaca mulatta
NEUR_2477,Amygdala,123.54,115.85,Rattus norvegicus
NEUR_6945,Cerebellum,88.42,112.68,Mus musculus
NEUR_4586,Thalamus,18.51,41.87,Macaca mulatta
NEUR_9633,Cerebellum,137.05,60.09,Mus musculus
NEUR_1564,Amygdala,127.83,69.58,Mus musculus
NEUR_1265,Hippocampus,107.49,85.75,Macaca mulatta
NEUR_5107,Cortex,146.94,112.45,Mus musculus
NEUR_5825,Hypothalamus,3.64,93.59,Mus musculus
NEUR_5359,Cerebellum,15.42,67.42,Danio rerio
NEUR_4487,Thalamus,49.01,114.41,Macaca mulatta
NEUR_2622,Amygdala,27.46,82.1,Danio rerio
NEUR_1777,Cerebellum,80.32,57.58,Macaca mulatta
NEUR_9189,Hypothalamus,8.73,70.41,Mus musculus
NEUR_5536,Amygdala,92.14,47.94,Mus musculus
NEUR_1201,Cerebellum,48.17,29.03,Danio rerio
NEUR_7303,Cerebellum,28.96,64.31,Rattus norvegicus
NEUR_9305,Striatum,86.61,38.3,Rattus norvegicus
NEUR_5028,Striatum,94.91,41.05,Macaca mulatta
NEUR_4310,Hippocampus,87.42,115.33,Danio rerio
NEUR_8047,Striatum,54.0,116.4,Mus musculus
NEUR_5476,Hypothalamus,50.51,16.49,Macaca mulatta
NEUR_8872,Striatum,47.09,11.95,Macaca mulatta
NEUR_5166,Amygdala,47.13,86.64,Macaca mulatta
NEUR_7584,Striatum,39.72,20.05,Macaca mulatta
NEUR_9292,Hippocampus,135.87,95.42,Rattus norvegicus
NEUR_7288,Striatum,11.65,34.99,Rattus norvegicus
NEUR_3406,Hippocampus,38.56,43.05,Macaca mulatta
NEUR_8625,Thalamus,134.7,20.86,Mus musculus
NEUR_9990,Amygdala,84.96,46.01,Rattus norvegicus
NEUR_7943,Hypothalamus,14.94,105.24,Macaca mulatta
NEUR_7732,Hippocampus,88.52,68.39,Rattus norvegicus
NEUR_1781,Hypothalamus,102.16,72.17,Mus musculus
NEUR_2345,Hippocampus,54.13,100.33,Rattus norvegicus
NEUR_8452,Hypothalamus,142.1,78.23,Rattus norvegicus
NEUR_2743,Striatum,22.3,89.69,Rattus norvegicus
NEUR_9684,Hypothalamus,5.56,71.41,Mus musculus
NEUR_2700,Striatum,133.04,34.48,Rattus norvegicus
NEUR_1481,Striatum,147.94,32.11,Danio rerio
NEUR_6961,Hypothalamus,112.89,47.46,Rattus norvegicus
NEUR_5883,Striatum,59.79,61.51,Macaca mulatta
NEUR_4358,Amygdala,40.09,55.42,Rattus norvegicus
NEUR_1153,Thalamus,73.66,74.61,Danio rerio
NEUR_7192,Hypothalamus,77.13,29.91,Rattus norvegicus
NEUR_7138,Striatum,28.43,82.73,Mus musculus
NEUR_2751,Thalamus,30.52,73.24,Rattus norvegicus
NEUR_3527,Amygdala,1.54,79.3,Rattus norvegicus
NEUR_7201,Amygdala,7.26,57.19,Danio rerio
NEUR_5516,Thalamus,114.86,40.35,Mus musculus
NEUR_5701,Amygdala,70.9,81.94,Macaca mulatta
NEUR_2951,Cortex,78.69,100.64,Rattus norvegicus
NEUR_9271,Hippocampus,39.23,97.27,Macaca mulatta
NEUR_1392,Hypothalamus,148.71,12.49,Rattus norvegicus
NEUR_9251,Hypothalamus,104.11,15.97,Danio rerio
NEUR_4770,Cerebellum,110.31,35.17,Macaca mulatta
NEUR_5862,Cortex,62.54,83.83,Danio rerio
NEUR_6938,Cerebellum,59.29,72.25,Mus musculus
NEUR_5163,Amygdala,14.65,12.13,Mus musculus
NEUR_2886,Hippocampus,4.38,113.01,Rattus norvegicus
NEUR_6206,Hippocampus,28.92,112.44,Mus musculus
NEUR_9192,Thalamus,25.86,87.83,Macaca mulatta
NEUR_7245,Cortex,93.04,56.54,Mus musculus
NEUR_6214,Hippocampus,131.41,13.54,Macaca mulatta
NEUR_3989,Hippocampus,102.45,28.86,Rattus norvegicus
NEUR_8911,Amygdala,95.72,55.06,Danio rerio
NEUR_9322,Hippocampus,100.56,99.79,Rattus norvegicus
NEUR_8752,Thalamus,102.62,34.48,Danio rerio
NEUR_3892,Striatum,57.55,36.45,Mus musculus
NEUR_2385,Striatum,119.42,119.46,Mus musculus
NEUR_2908,Hippocampus,69.98,46.24,Mus musculus
NEUR_7053,Hypothalamus,128.05,102.1,Danio rerio
NEUR_1735,Thalamus,146.57,12.79,Macaca mulatta
NEUR_7156,Thalamus,97.36,46.16,Mus musculus
NEUR_7532,Cortex,57.85,58.19,Danio rerio
NEUR_1452,Hypothalamus,110.88,91.58,Danio rerio
NEUR_5540,Hippocampus,15.19,74.06,Rattus norvegicus
NEUR_3533,Hippocampus,79.01,72.12,Danio rerio
NEUR_7240,Cerebellum,90.53,92.99,Mus musculus
NEUR_3682,Hypothalamus,61.09,71.34,Mus musculus
NEUR_6289,Thalamus,17.73,12.73,Macaca mulatta
NEUR_3768,Thalamus,1.43,40.65,Danio rerio
NEUR_5262,Amygdala,68.72,113.49,Macaca mulatta
NEUR_9376,Thalamus,140.04,55.26,Mus musculus
NEUR_3419,Thalamus,86.29,27.09,Danio rerio
NEUR_3562,Striatum,55.84,34.77,Macaca mulatta
NEUR_2389,Thalamus,94.75,22.36,Danio rerio
NEUR_8483,Hippocampus,92.57,55.3,Mus musculus
NEUR_7238,Striatum,45.84,95.19,Macaca mulatta
NEUR_3558,Amygdala,90.17,44.84,Danio rerio
NEUR_5953,Thalamus,124.08,71.8,Danio rerio
NEUR_9878,Hypothalamus,33.82,108.41,Danio rerio
NEUR_8207,Cortex,79.86,108.3,Danio rerio
NEUR_8176,Cortex,78.42,57.2,Danio rerio
NEUR_8824,Amygdala,23.3,53.18,Rattus norvegicus
NEUR_1178,Hippocampus,40.41,17.97,Mus musculus
NEUR_8934,Thalamus,36.53,10.68,Rattus norvegicus
NEUR_2633,Hypothalamus,89.05,29.01,Mus musculus
NEUR_7186,Cerebellum,82.85,26.28,Macaca mulatta
NEUR_8400,Striatum,115.95,66.89,Mus musculus
NEUR_1174,Cortex,95.3,83.64,Danio rerio
NEUR_2026,Thalamus,107.3,113.08,Mus musculus
NEUR_7257,Striatum,75.11,117.19,Macaca mulatta
NEUR_4205,Hippocampus,55.96,46.78,Rattus norvegicus
NEUR_1900,Thalamus,87.4,27.59,Macaca mulatta
NEUR_3421,Hypothalamus,132.05,83.95,Macaca mulatta
NEUR_3048,Hypothalamus,27.42,48.5,Macaca mulatta
NEUR_4630,Hypothalamus,19.27,95.77,Rattus norvegicus
NEUR_2228,Thalamus,35.25,34.9,Rattus norvegicus
NEUR_4160,Hippocampus,36.85,94.27,Danio rerio
NEUR_5356,Cerebellum,4.23,62.18,Rattus norvegicus
NEUR_9233,Hippocampus,8.89,114.66,Mus musculus
NEUR_6103,Thalamus,102.08,89.71,Rattus norvegicus
NEUR_3595,Amygdala,76.88,41.75,Mus musculus
NEUR_4174,Amygdala,30.31,34.12,Macaca mulatta
NEUR_5349,Striatum,61.74,47.75,Danio rerio
NEUR_3040,Cerebellum,145.66,71.73,Rattus norvegicus
NEUR_6716,Hypothalamus,138.39,13.76,Rattus norvegicus
NEUR_6599,Amygdala,96.82,32.46,Macaca mulatta
NEUR_3641,Hypothalamus,109.95,76.88,Macaca mulatta
NEUR_4840,Cerebellum,129.22,50.75,Danio rerio
NEUR_7158,Cortex,130.45,57.72,Mus musculus
NEUR_2372,Amygdala,49.37,12.82,Rattus norvegicus
NEUR_5221,Striatum,77.67,76.03,Danio rerio
NEUR_6702,Hippocampus,33.85,115.72,Macaca mulatta
NEUR_4922,Hippocampus,115.21,85.01,Danio rerio
NEUR_8254,Thalamus,53.71,66.07,Rattus norvegicus
NEUR_1150,Hypothalamus,115.51,119.32,Mus musculus
NEUR_8080,Cerebellum,17.32,80.88,Macaca mulatta
NEUR_7022,Hypothalamus,13.49,89.74,Macaca mulatta
NEUR_5470,Thalamus,111.87,21.6,Macaca mulatta
NEUR_5527,Hippocampus,21.08,64.12,Danio rerio
NEUR_3671,Hypothalamus,49.57,93.89,Macaca mulatta
NEUR_5595,Cortex,14.11,92.95,Danio rerio
NEUR_2435,Cerebellum,111.98,53.26,Mus musculus
NEUR_1962,Amygdala,117.32,23.43,Rattus norvegicus
NEUR_7898,Hypothalamus,110.96,61.22,Danio rerio
NEUR_8431,Hypothalamus,72.11,30.38,Mus musculus
NEUR_1892,Amygdala,17.83,104.14,Danio rerio
NEUR_7711,Hypothalamus,11.66,91.37,Rattus norvegicus
NEUR_2643,Hippocampus,69.31,10.62,Rattus norvegicus
NEUR_1801,Cerebellum,10.56,40.53,Rattus norvegicus
NEUR_8034,Striatum,105.89,46.29,Macaca mulatta
NEUR_6343,Cortex,65.79,44.05,Danio rerio
NEUR_5280,Striatum,76.94,112.57,Macaca mulatta
NEUR_8320,Hippocampus,90.52,47.2,Macaca mulatta
NEUR_1889,Amygdala,78.53,52.35,Macaca mulatta
NEUR_9686,Thalamus,89.78,66.69,Danio rerio
NEUR_8617,Hypothalamus,23.68,84.54,Rattus norvegicus
NEUR_1581,Hypothalamus,124.18,85.15,Mus musculus
NEUR_8004,Amygdala,112.18,11.32,Mus musculus
NEUR_5329,Hypothalamus,44.71,95.06,Danio rerio
NEUR_2964,Amygdala,93.4,60.0,Danio rerio
NEUR_5805,Amygdala,75.53,29.92,Danio rerio
NEUR_7583,Striatum,92.83,66.81,Rattus norvegicus
NEUR_6469,Hypothalamus,72.2,115.45,Danio rerio
NEUR_9972,Thalamus,100.69,55.64,Rattus norvegicus
NEUR_3531,Hypothalamus,97.97,25.71,Mus musculus
NEUR_1511,Cerebellum,56.68,84.13,Rattus norvegicus
NEUR_1882,Cerebellum,104.12,62.94,Macaca mulatta
NEUR_1666,Hippocampus,43.56,98.75,Macaca mulatta
NEUR_1872,Cortex,140.31,33.08,Danio rerio
NEUR_1841,Cerebellum,119.86,35.58,Mus musculus
NEUR_7310,Amygdala,103.42,98.0,Danio rerio
NEUR_9012,Cortex,84.5,47.15,Mus musculus
NEUR_1411,Thalamus,117.19,92.07,Rattus norvegicus
NEUR_7634,Cerebellum,48.24,109.59,Macaca mulatta
NEUR_6373,Thalamus,119.41,76.09,Macaca mulatta
NEUR_7862,Cortex,131.41,22.13,Macaca mulatta
NEUR_9167,Cortex,24.48,35.98,Mus musculus
NEUR_8823,Hippocampus,26.98,58.91,Danio rerio
NEUR_6464,Hippocampus,77.23,94.64,Macaca mulatta
NEUR_6009,Amygdala,46.67,106.94,Rattus norvegicus
NEUR_2811,Hypothalamus,7.11,88.3,Danio rerio
NEUR_4437,Thalamus,104.87,37.36,Danio rerio
NEUR_4919,Thalamus,64.07,75.08,Rattus norvegicus
NEUR_3699,Thalamus,137.83,39.77,Macaca mulatta
NEUR_3123,Striatum,5.91,31.88,Macaca mulatta
NEUR_4501,Hippocampus,109.05,25.72,Macaca mulatta
NEUR_9434,Striatum,76.88,65.98,Danio rerio
NEUR_4899,Hippocampus,73.43,45.82,Danio rerio
NEUR_2322,Thalamus,76.34,101.36,Rattus norvegicus
NEUR_1725,Amygdala,32.14,82.19,Macaca mulatta
NEUR_7502,Amygdala,53.08,68.57,Danio rerio
NEUR_5044,Cortex,133.49,95.38,Danio rerio
NEUR_5144,Hippocampus,136.33,77.75,Danio rerio
NEUR_9243,Amygdala,24.39,102.48,Macaca mulatta
NEUR_4132,Amygdala,88.51,76.22,Danio rerio
NEUR_2596,Striatum,67.75,74.35,Mus musculus
NEUR_3863,Cerebellum,69.6,114.88,Mus musculus
NEUR_1503,Cerebellum,95.49,69.7,Danio rerio
NEUR_2734,Hypothalamus,41.15,93.02,Macaca mulatta
NEUR_4833,Hippocampus,76.56,75.31,Mus musculus
NEUR_5779,Amygdala,95.65,60.98,Mus musculus
NEUR_6437,Striatum,67.2,11.31,Danio rerio
NEUR_9172,Striatum,83.26,99.45,Danio rerio
NEUR_4444,Cortex,2.28,52.29,Macaca mulatta
NEUR_1591,Hippocampus,36.53,95.18,Danio rerio
NEUR_1219,Amygdala,13.21,21.46,Macaca mulatta
NEUR_2949,Striatum,20.81,58.52,Mus musculus
NEUR_3432,Cortex,98.15,62.64,Macaca mulatta
NEUR_8957,Cerebellum,51.57,72.12,Mus musculus
NEUR_6358,Hippocampus,21.02,60.06,Mus musculus
NEUR_5524,Amygdala,14.94,11.07,Mus musculus
NEUR_7080,Thalamus,55.48,93.07,Mus musculus
NEUR_7571,Hypothalamus,131.81,91.5,Macaca mulatta
NEUR_4903,Cerebellum,6.76,97.21,Rattus norvegicus
NEUR_1022,Striatum,105.26,17.39,Mus musculus
NEUR_8369,Hypothalamus,79.53,44.79,Danio rerio
NEUR_9709,Cerebellum,126.25,95.96,Rattus norvegicus
NEUR_6420,Hippocampus,119.74,90.44,Macaca mulatta
NEUR_1487,Hypothalamus,15.84,87.51,Rattus norvegicus
NEUR_5312,Cerebellum,88.71,47.0,Danio rerio
NEUR_3487,Amygdala,99.79,17.18,Macaca mulatta
NEUR_5414,Amygdala,126.86,86.75,Mus musculus
NEUR_5776,Cerebellum,80.08,110.79,Danio rerio
NEUR_8133,Cortex,10.41,16.76,Mus musculus
NEUR_1058,Cortex,42.03,78.28,Mus musculus
NEUR_1768,Hypothalamus,60.2,102.5,Mus musculus
NEUR_9723,Hypothalamus,146.3,113.13,Danio rerio
NEUR_1262,Hippocampus,58.8,85.11,Danio rerio
NEUR_6996,Striatum,102.55,55.73,Danio rerio
NEUR_6495,Cerebellum,79.34,86.97,Rattus norvegicus
NEUR_9285,Striatum,81.92,111.13,Macaca mulatta
NEUR_7366,Amygdala,121.52,102.09,Danio rerio
NEUR_7180,Hypothalamus,115.08,13.62,Danio rerio
NEUR_4190,Hypothalamus,16.58,44.01,Rattus norvegicus
NEUR_8098,Amygdala,62.47,42.15,Danio rerio
NEUR_9281,Amygdala,33.45,45.94,Rattus norvegicus
NEUR_7741,Cortex,40.65,105.06,Danio rerio
NEUR_5387,Hypothalamus,122.11,69.98,Rattus norvegicus
NEUR_6569,Hippocampus,99.45,97.29,Macaca mulatta
NEUR_7578,Amygdala,10.29,52.42,Rattus norvegicus
NEUR_3952,Hypothalamus,126.43,103.38,Mus musculus
NEUR_4071,Hippocampus,51.83,19.85,Rattus norvegicus
NEUR_5458,Striatum,82.11,55.6,Macaca mulatta
NEUR_8575,Cerebellum,147.75,25.23,Macaca mulatta
NEUR_3953,Cortex,142.85,57.55,Rattus norvegicus
NEUR_7516,Hippocampus,94.65,38.87,Danio rerio
NEUR_4458,Cortex,34.97,35.76,Mus musculus
NEUR_5733,Cortex,98.19,25.58,Danio rerio
NEUR_9466,Cortex,122.37,60.78,Danio rerio
NEUR_6765,Hypothalamus,20.25,29.48,Macaca mulatta
NEUR_1963,Cortex,133.77,47.31,Danio rerio
NEUR_7263,Cortex,32.62,76.91,Rattus norvegicus
NEUR_5280,Cortex,144.55,53.43,Macaca mulatta
NEUR_1465,Amygdala,135.61,117.8,Macaca mulatta
NEUR_3159,Amygdala,104.15,29.26,Rattus norvegicus
NEUR_9876,Hypothalamus,98.41,11.94,Mus musculus
NEUR_3187,Striatum,108.17,99.17,Mus musculus
NEUR_9838,Cerebellum,33.98,75.14,Rattus norvegicus
NEUR_4324,Striatum,16.58,75.87,Mus musculus
NEUR_3849,Thalamus,10.24,110.29,Danio rerio
NEUR_1480,Amygdala,46.19,105.11,Mus musculus
NEUR_7761,Hypothalamus,2.75,119.84,Rattus norvegicus
NEUR_9471,Cortex,137.81,107.6,Rattus norvegicus
NEUR_9443,Striatum,141.31,46.84,Rattus norvegicus
NEUR_7095,Hypothalamus,0.96,74.55,Macaca mulatta
NEUR_8084,Cortex,10.5,78.7,Danio rerio
NEUR_8884,Amygdala,10.23,105.01,Danio rerio
NEUR_2423,Cortex,50.98,41.39,Mus musculus
NEUR_9833,Striatum,45.46,88.42,Danio rerio
NEUR_6572,Cerebellum,79.98,47.15,Macaca mulatta
NEUR_6715,Striatum,142.96,74.35,Mus musculus
NEUR_1124,Hypothalamus,53.73,14.66,Macaca mulatta
NEUR_7311,Hippocampus,146.42,98.5,Rattus norvegicus
NEUR_6431,Cerebellum,25.58,23.06,Rattus norvegicus
NEUR_5926,Hippocampus,109.86,14.55,Danio rerio
NEUR_4144,Cortex,5.77,17.31,Macaca mulatta
NEUR_8680,Striatum,66.49,46.48,Macaca mulatta
NEUR_4533,Hypothalamus,104.05,114.1,Danio rerio
NEUR_9921,Hypothalamus,64.94,105.93,Mus musculus
NEUR_3299,Cerebellum,104.35,116.93,Macaca mulatta
NEUR_9125,Hypothalamus,63.43,28.22,Rattus norvegicus
NEUR_2821,Amygdala,93.77,89.06,Rattus norvegicus
NEUR_6979,Cortex,38.57,11.32,Mus musculus
NEUR_5134,Amygdala,123.47,41.24,Danio rerio
NEUR_2132,Thalamus,12.67,38.51,Danio rerio
NEUR_2886,Cortex,15.84,53.6,Mus musculus
NEUR_2853,Cerebellum,65.94,108.42,Mus musculus
NEUR_3978,Amygdala,133.75,53.07,Danio rerio
NEUR_1362,Hypothalamus,31.88,72.18,Danio rerio
NEUR_3375,Striatum,60.71,82.0,Macaca mulatta
NEUR_1528,Thalamus,28.72,22.99,Mus musculus
NEUR_3390,Striatum,138.41,95.13,Macaca mulatta
NEUR_1458,Amygdala,139.77,87.67,Macaca mulatta
NEUR_5379,Hypothalamus,95.64,65.39,Rattus norvegicus
NEUR_5359,Amygdala,130.57,69.14,Rattus norvegicus
NEUR_8856,Cortex,32.97,114.21,Macaca mulatta
NEUR_3199,Cerebellum,16.78,75.46,Mus musculus
NEUR_3709,Hippocampus,7.95,75.35,Mus musculus
NEUR_4469,Cortex,64.47,79.06,Danio rerio
NEUR_9149,Thalamus,57.88,25.6,Rattus norvegicus
NEUR_4542,Hypothalamus,66.92,52.33,Danio rerio
NEUR_8408,Hypothalamus,32.29,59.76,Danio rerio
NEUR_3776,Hypothalamus,123.09,19.01,Macaca mulatta
NEUR_1021,Cortex,0.44,91.21,Macaca mulatta
NEUR_5457,Striatum,12.64,73.13,Danio rerio
NEUR_3774,Cerebellum,69.26,75.89,Rattus norvegicus
NEUR_9715,Hippocampus,36.57,35.97,Mus musculus
NEUR_3076,Striatum,25.61,50.49,Rattus norvegicus
NEUR_6165,Striatum,124.96,46.37,Danio rerio
NEUR_4742,Thalamus,105.26,78.25,Danio rerio
NEUR_6716,Hippocampus,10.69,98.94,Mus musculus
NEUR_4981,Striatum,119.08,115.68,Mus musculus
NEUR_6311,Hypothalamus,126.47,19.96,Rattus norvegicus
NEUR_1153,Hypothalamus,48.85,33.67,Mus musculus
NEUR_8819,Striatum,117.07,71.8,Mus musculus
NEUR_1790,Hippocampus,119.05,34.38,Macaca mulatta
NEUR_4035,Cerebellum,43.23,24.2,Mus musculus
NEUR_1219,Amygdala,81.16,32.35,Rattus norvegicus
NEUR_1897,Striatum,58.37,93.22,Macaca mulatta
NEUR_9428,Hippocampus,95.44,56.82,Rattus norvegicus
NEUR_1750,Thalamus,139.83,111.21,Rattus norvegicus
NEUR_3936,Thalamus,83.71,40.14,Rattus norvegicus
NEUR_2508,Striatum,59.02,81.66,Mus musculus
NEUR_5594,Thalamus,140.08,93.12,Macaca mulatta
NEUR_8867,Amygdala,107.3,116.22,Rattus norvegicus
NEUR_1034,Cortex,129.06,43.02,Macaca mulatta
NEUR_3135,Hypothalamus,107.7,95.96,Mus musculus
NEUR_8580,Cerebellum,32.1,75.61,Mus musculus
NEUR_8751,Thalamus,66.8,61.33,Macaca mulatta
NEUR_6700,Hippocampus,15.96,101.71,Danio rerio
NEUR_9278,Thalamus,148.35,69.5,Rattus norvegicus
NEUR_8369,Striatum,89.36,22.49,Macaca mulatta
NEUR_4591,Cortex,45.39,69.9,Danio rerio
NEUR_9970,Amygdala,12.74,116.59,Macaca mulatta
NEUR_5368,Cortex,136.11,50.86,Mus musculus
NEUR_8807,Cortex,140.92,70.53,Macaca mulatta
NEUR_7095,Striatum,120.87,92.59,Mus musculus
NEUR_6444,Hypothalamus,11.6,83.18,Danio rerio
NEUR_7361,Amygdala,36.94,32.2,Danio rerio
NEUR_7267,Thalamus,133.97,66.13,Danio rerio
NEUR_2254,Cerebellum,50.51,62.42,Mus musculus
NEUR_8257,Cortex,135.71,47.0,Danio rerio
NEUR_9495,Amygdala,10.67,60.67,Rattus norvegicus
NEUR_4123,Thalamus,105.31,90.44,Danio rerio
NEUR_2854,Hippocampus,96.22,56.93,Mus musculus
NEUR_6480,Thalamus,75.96,77.19,Mus musculus
NEUR_7766,Amygdala,96.55,65.41,Macaca mulatta
NEUR_7743,Cortex,71.82,111.13,Rattus norvegicus
NEUR_3774,Thalamus,11.73,92.86,Rattus norvegicus
NEUR_9755,Cortex,98.18,46.47,Rattus norvegicus
NEUR_9328,Hypothalamus,21.6,59.55,Macaca mulatta
NEUR_8919,Cortex,34.96,39.08,Danio rerio
NEUR_8677,Striatum,18.93,71.11,Danio rerio
NEUR_3875,Striatum,50.89,92.55,Rattus norvegicus
NEUR_8615,Cortex,146.89,105.74,Mus musculus
NEUR_9608,Hypothalamus,68.72,18.15,Mus musculus
NEUR_8868,Amygdala,25.62,62.08,Rattus norvegicus
NEUR_7495,Amygdala,83.61,62.85,Macaca mulatta
NEUR_8242,Striatum,128.0,12.91,Mus musculus
NEUR_1800,Striatum,108.4,43.28,Danio rerio
NEUR_5886,Cerebellum,86.54,11.87,Mus musculus
NEUR_4097,Hippocampus,106.72,15.59,Danio rerio
NEUR_2198,Thalamus,134.71,25.22,Mus musculus
NEUR_9214,Hippocampus,88.0,112.01,Rattus norvegicus
NEUR_3141,Cerebellum,105.32,78.68,Rattus norvegicus
NEUR_2952,Hypothalamus,0.54,65.81,Rattus norvegicus
NEUR_3753,Thalamus,147.6,45.96,Macaca mulatta
NEUR_8813,Striatum,64.41,50.42,Danio rerio
NEUR_9331,Striatum,60.61,119.31,Macaca mulatta
NEUR_1864,Cerebellum,126.81,30.34,Danio rerio
NEUR_6579,Hippocampus,1.82,61.48,Mus musculus
NEUR_9976,Amygdala,82.54,110.61,Rattus norvegicus
NEUR_1477,Cerebellum,132.43,81.52,Rattus norvegicus
NEUR_6309,Cortex,9.77,79.99,Rattus norvegicus
NEUR_2215,Hippocampus,49.02,12.11,Macaca mulatta
NEUR_6605,Hippocampus,50.98,89.16,Mus musculus
NEUR_1388,Hippocampus,39.65,86.0,Macaca mulatta
NEUR_3381,Thalamus,81.13,113.53,Rattus norvegicus
NEUR_1009,Hippocampus,90.72,27.08,Danio rerio
NEUR_9718,Hippocampus,65.23,115.91,Danio rerio
NEUR_1664,Cerebellum,72.55,57.67,Danio rerio
NEUR_6940,Cortex,58.26,106.96,Rattus norvegicus
NEUR_6020,Amygdala,38.22,89.1,Rattus norvegicus
NEUR_6786,Amygdala,29.26,78.87,Macaca mulatta
NEUR_1582,Hypothalamus,70.58,10.93,Rattus norvegicus
NEUR_4014,Thalamus,139.33,57.75,Danio rerio
NEUR_3131,Amygdala,82.1,79.54,Mus musculus
NEUR_8569,Cerebellum,83.46,108.29,Macaca mulatta
NEUR_1825,Cerebellum,112.33,21.52,Mus musculus
NEUR_8741,Hypothalamus,144.16,46.35,Rattus norvegicus
NEUR_5341,Cortex,27.2,99.91,Mus musculus
NEUR_7617,Hypothalamus,36.72,24.71,Rattus norvegicus
NEUR_1164,Hypothalamus,109.66,96.31,Rattus norvegicus
NEUR_8513,Hippocampus,145.85,108.41,Rattus norvegicus
NEUR_4390,Amygdala,120.17,26.0,Danio rerio
NEUR_5362,Amygdala,130.19,39.58,Mus musculus
NEUR_4484,Cortex,94.84,79.01,Mus musculus
NEUR_3702,Thalamus,100.59,117.87,Mus musculus
NEUR_8117,Striatum,49.53,83.55,Macaca mulatta
NEUR_1338,Cerebellum,78.53,66.16,Mus musculus
NEUR_2685,Amygdala,139.46,41.41,Macaca mulatta
NEUR_2523,Hypothalamus,78.79,71.23,Mus musculus
NEUR_4869,Hippocampus,110.56,34.45,Danio rerio
NEUR_3790,Amygdala,53.14,24.47,Danio rerio
NEUR_2574,Thalamus,87.84,116.11,Danio rerio
NEUR_7950,Cerebellum,121.22,95.87,Macaca mulatta
NEUR_8971,Hypothalamus,46.41,103.05,Danio rerio
NEUR_7802,Amygdala,95.4,107.74,Macaca mulatta
NEUR_1956,Thalamus,91.09,37.48,Rattus norvegicus
NEUR_7847,Cortex,147.05,35.91,Rattus norvegicus
NEUR_6842,Hippocampus,55.77,83.39,Mus musculus
NEUR_2059,Striatum,69.73,13.47,Rattus norvegicus
NEUR_8703,Cortex,57.75,84.13,Mus musculus
NEUR_3789,Cerebellum,128.43,55.53,Macaca mulatta
NEUR_2462,Thalamus,66.93,23.82,Danio rerio
NEUR_2047,Striatum,35.04,83.59,Danio rerio
NEUR_5250,Striatum,139.05,35.26,Danio rerio
NEUR_9146,Amygdala,109.39,32.58,Rattus norvegicus
NEUR_7116,Striatum,117.07,68.17,Macaca mulatta
NEUR_7545,Cerebellum,107.4,19.89,Danio rerio
NEUR_8346,Striatum,149.39,82.9,Danio rerio
NEUR_5997,Hippocampus,53.94,40.4,Mus musculus
NEUR_5493,Amygdala,122.77,108.87,Mus musculus
NEUR_7774,Hypothalamus,48.28,59.31,Rattus norvegicus
NEUR_8973,Hypothalamus,144.6,98.89,Macaca mulatta
NEUR_2133,Cerebellum,133.72,90.97,Mus musculus
NEUR_9194,Hypothalamus,122.1,24.62,Mus musculus
NEUR_4022,Hypothalamus,63.69,92.33,Mus musculus
NEUR_8797,Hypothalamus,147.43,11.44,Mus musculus
NEUR_4104,Cerebellum,30.13,80.01,Danio rerio
NEUR_4489,Thalamus,116.1,17.72,Rattus norvegicus
NEUR_9059,Thalamus,69.14,79.37,Danio rerio
NEUR_1309,Cortex,134.28,18.76,Danio rerio
NEUR_2653,Cerebellum,130.67,81.93,Rattus norvegicus
NEUR_9722,Hippocampus,111.01,95.82,Mus musculus
NEUR_9928,Hypothalamus,115.73,33.53,Mus musculus
NEUR_1722,Cortex,68.07,14.29,Mus musculus
NEUR_2815,Amygdala,8.28,91.34,Rattus norvegicus
NEUR_4583,Cerebellum,11.38,40.15,Mus musculus
NEUR_1874,Amygdala,95.32,64.37,Rattus norvegicus
NEUR_9997,Hypothalamus,88.72,76.69,Rattus norvegicus
NEUR_6769,Cerebellum,99.22,31.94,Mus musculus
NEUR_6609,Striatum,5.62,24.59,Macaca mulatta
NEUR_1354,Thalamus,48.71,118.56,Mus musculus
NEUR_7305,Thalamus,104.46,92.61,Rattus norvegicus
NEUR_9509,Striatum,43.52,66.66,Mus musculus
NEUR_6952,Striatum,113.94,40.01,Rattus norvegicus
NEUR_8275,Striatum,4.42,83.84,Macaca mulatta
NEUR_2357,Cerebellum,98.09,94.67,Danio rerio
NEUR_2075,Cortex,1.6,27.43,Macaca mulatta
NEUR_9266,Striatum,44.14,19.54,Mus musculus
NEUR_3413,Thalamus,2.59,67.85,Danio rerio
NEUR_8575,Hypothalamus,56.15,52.84,Rattus norvegicus
NEUR_7650,Amygdala,1.67,79.47,Mus musculus
NEUR_9286,Hypothalamus,121.0,119.5,Danio rerio
NEUR_5349,Hypothalamus,108.08,98.9,Rattus norvegicus
NEUR_5888,Cerebellum,21.59,109.34,Macaca mulatta
NEUR_8108,Hypothalamus,36.28,44.47,Danio rerio
NEUR_6430,Striatum,103.94,39.53,Macaca mulatta
NEUR_4694,Thalamus,43.54,31.41,Mus musculus
NEUR_5587,Hippocampus,101.49,16.69,Danio rerio
NEUR_3162,Hippocampus,21.09,94.92,Rattus norvegicus
NEUR_9930,Cerebellum,35.58,28.17,Danio rerio
NEUR_8679,Hypothalamus,103.9,78.44,Rattus norvegicus
NEUR_7264,Hippocampus,76.57,60.17,Danio rerio
NEUR_4736,Hypothalamus,106.98,98.94,Danio rerio
NEUR_8229,Amygdala,104.29,51.56,Macaca mulatta
NEUR_1682,Cortex,62.99,92.25,Macaca mulatta
NEUR_3965,Hypothalamus,50.06,104.49,Mus musculus
NEUR_9854,Striatum,21.88,114.88,Rattus norvegicus
NEUR_9485,Hypothalamus,47.61,51.52,Mus musculus
NEUR_6448,Amygdala,60.72,26.01,Rattus norvegicus
NEUR_1337,Striatum,100.62,101.89,Rattus norvegicus
NEUR_5541,Amygdala,24.14,35.59,Mus musculus
NEUR_2052,Hypothalamus,143.17,24.21,Macaca mulatta
NEUR_6928,Hypothalamus,97.58,19.97,Macaca mulatta
NEUR_2682,Amygdala,129.04,108.96,Mus musculus
NEUR_4835,Hypothalamus,80.66,11.22,Macaca mulatta
NEUR_6855,Amygdala,35.92,118.61,Mus musculus
NEUR_5296,Amygdala,58.67,80.08,Danio rerio
NEUR_6493,Cortex,47.76,86.34,Rattus norvegicus
NEUR_5396,Hippocampus,34.94,76.38,Danio rerio
NEUR_6068,Thalamus,142.62,69.35,Macaca mulatta
NEUR_8168,Cortex,43.62,65.62,Macaca mulatta
NEUR_5354,Thalamus,142.83,96.46,Rattus norvegicus
NEUR_9577,Cortex,112.68,76.16,Danio rerio
NEUR_6571,Amygdala,43.22,45.75,Macaca mulatta
NEUR_3559,Cerebellum,105.72,101.21,Danio rerio
NEUR_5806,Hippocampus,15.69,14.12,Macaca mulatta
NEUR_2823,Striatum,55.62,80.71,Mus musculus
NEUR_9184,Cortex,69.41,28.39,Macaca mulatta
NEUR_3694,Thalamus,104.82,111.01,Rattus norvegicus
NEUR_4264,Striatum,74.51,19.92,Mus musculus
NEUR_1556,Cortex,40.22,53.84,Rattus norvegicus
NEUR_2271,Cortex,81.74,42.13,Macaca mulatta
NEUR_4482,Hypothalamus,51.12,65.18,Rattus norvegicus
NEUR_2099,Cortex,113.28,20.48,Mus musculus
NEUR_5667,Hypothalamus,30.75,96.59,Mus musculus
NEUR_6598,Cerebellum,5.69,114.41,Mus musculus
NEUR_4004,Amygdala,38.9,62.35,Rattus norvegicus
NEUR_8893,Cortex,144.78,113.68,Macaca mulatta
NEUR_6227,Hippocampus,125.27,77.48,Danio rerio
NEUR_5569,Hippocampus,138.4,104.66,Rattus norvegicus
NEUR_2585,Striatum,82.88,72.0,Macaca mulatta
NEUR_6545,Hypothalamus,74.87,119.53,Macaca mulatta
NEUR_3228,Cortex,88.0,94.04,Mus musculus
NEUR_1026,Thalamus,90.75,85.95,Rattus norvegicus
NEUR_6456,Hippocampus,112.63,74.54,Danio rerio
NEUR_2740,Amygdala,100.95,72.85,Macaca mulatta
NEUR_5904,Striatum,26.89,117.86,Danio rerio
NEUR_2150,Thalamus,120.08,58.83,Danio rerio
NEUR_7236,Hypothalamus,71.7,97.24,Macaca mulatta
NEUR_7230,Cortex,50.83,54.96,Macaca mulatta
NEUR_7423,Hypothalamus,78.97,27.35,Danio rerio
NEUR_9823,Cortex,82.14,104.44,Macaca mulatta
NEUR_3183,Thalamus,71.59,61.75,Danio rerio
NEUR_3044,Cortex,75.99,34.73,Macaca mulatta
NEUR_1154,Hypothalamus,132.23,51.14,Danio rerio
NEUR_6604,Cortex,145.27,113.2,Rattus norvegicus
NEUR_2613,Amygdala,19.44,38.11,Rattus norvegicus
NEUR_1149,Hypothalamus,114.64,42.24,Danio rerio
NEUR_4198,Hippocampus,135.24,98.27,Rattus norvegicus
NEUR_5372,Amygdala,4.46,52.07,Mus musculus
NEUR_9368,Cortex,124.35,50.24,Macaca mulatta
NEUR_7471,Cortex,83.33,79.66,Rattus norvegicus
NEUR_4620,Hippocampus,121.01,25.96,Danio rerio
NEUR_7354,Hippocampus,16.1,101.24,Rattus norvegicus
NEUR_2762,Striatum,79.85,83.54,Danio rerio
NEUR_3860,Cortex,16.45,93.59,Rattus norvegicus
NEUR_5432,Amygdala,14.88,53.03,Rattus norvegicus
NEUR_9491,Striatum,116.13,101.12,Rattus norvegicus
NEUR_8690,Hippocampus,17.35,10.3,Danio rerio
NEUR_4595,Hippocampus,42.77,108.91,Mus musculus
NEUR_2127,Thalamus,10.57,106.36,Rattus norvegicus
NEUR_1879,Hippocampus,75.68,92.36,Danio rerio
NEUR_8089,Amygdala,149.04,105.33,Macaca mulatta
NEUR_7139,Amygdala,80.63,68.56,Rattus norvegicus
NEUR_4329,Hippocampus,119.58,39.95,Macaca mulatta
NEUR_8942,Hypothalamus,118.85,58.92,Mus musculus
NEUR_3960,Hippocampus,98.73,52.55,Macaca mulatta
NEUR_8907,Cortex,51.57,98.65,Mus musculus
NEUR_8441,Amygdala,16.31,43.96,Macaca mulatta
NEUR_5029,Striatum,30.38,20.0,Macaca mulatta
NEUR_3112,Striatum,13.03,60.92,Mus musculus
NEUR_7931,Hypothalamus,37.85,98.8,Mus musculus
NEUR_6784,Amygdala,54.43,111.09,Mus musculus
NEUR_5692,Cortex,145.08,48.83,Mus musculus
NEUR_6312,Hypothalamus,79.39,38.38,Rattus norvegicus
NEUR_2156,Striatum,53.31,68.61,Macaca mulatta
NEUR_7355,Hippocampus,99.53,102.19,Macaca mulatta
NEUR_3310,Cerebellum,56.9,21.18,Macaca mulatta
NEUR_6135,Cortex,83.82,68.52,Macaca mulatta
NEUR_1400,Cortex,136.73,54.09,Danio rerio
NEUR_5804,Cerebellum,57.44,80.16,Danio rerio
NEUR_8226,Cerebellum,32.6,15.28,Mus musculus
NEUR_1346,Hippocampus,34.6,33.31,Mus musculus
NEUR_5859,Cerebellum,34.23,111.89,Rattus norvegicus
NEUR_9767,Cortex,110.87,113.83,Mus musculus
NEUR_5475,Cerebellum,91.01,29.98,Rattus norvegicus
NEUR_9610,Hippocampus,60.34,53.36,Danio rerio
NEUR_5155,Cortex,141.28,99.32,Mus musculus
NEUR_1469,Striatum,124.3,98.03,Rattus norvegicus
NEUR_9246,Hypothalamus,141.66,88.11,Macaca mulatta
NEUR_2423,Thalamus,88.03,53.6,Danio rerio
NEUR_8336,Thalamus,63.75,12.46,Rattus norvegicus
NEUR_5523,Hippocampus,113.03,71.43,Rattus norvegicus
NEUR_7639,Hypothalamus,77.08,93.17,Rattus norvegicus
NEUR_5016,Cortex,112.38,86.13,Mus musculus
NEUR_2574,Hypothalamus,71.94,92.78,Danio rerio
NEUR_9896,Cortex,67.76,13.56,Danio rerio
NEUR_5796,Striatum,27.78,113.01,Macaca mulatta
NEUR_3906,Hippocampus,6.95,77.51,Danio rerio
NEUR_6925,Cortex,121.68,104.83,Macaca mulatta
NEUR_6026,Cerebellum,99.33,36.69,Rattus norvegicus
NEUR_2172,Hippocampus,12.89,33.91,Danio rerio
NEUR_3368,Cortex,135.4,25.09,Mus musculus
NEUR_4137,Hippocampus,81.03,29.41,Mus musculus
NEUR_5199,Hypothalamus,112.17,60.52,Mus musculus
NEUR_8005,Cortex,107.12,85.34,Danio rerio
NEUR_5112,Cortex,127.54,25.18,Danio rerio
NEUR_2213,Cerebellum,98.18,73.79,Macaca mulatta
NEUR_6373,Cerebellum,148.89,66.08,Macaca mulatta
NEUR_6551,Thalamus,134.86,51.82,Danio rerio
NEUR_2667,Hypothalamus,11.48,77.94,Macaca mulatta
NEUR_3895,Cerebellum,102.32,116.2,Mus musculus
NEUR_1595,Hypothalamus,25.36,55.28,Rattus norvegicus
NEUR_4507,Hypothalamus,59.35,65.5,Danio rerio
NEUR_4228,Hippocampus,29.0,81.27,Rattus norvegicus
NEUR_2669,Cerebellum,87.17,110.07,Macaca mulatta
NEUR_9339,Thalamus,49.17,58.07,Danio rerio
NEUR_6150,Striatum,67.02,35.12,Mus musculus
NEUR_2032,Amygdala,62.76,75.9,Macaca mulatta
NEUR_8610,Cortex,67.36,67.69,Rattus norvegicus
NEUR_6629,Cerebellum,31.35,104.84,Danio rerio
NEUR_9152,Amygdala,32.58,33.39,Mus musculus
NEUR_3218,Cerebellum,135.38,29.38,Mus musculus
NEUR_2474,Cortex,28.16,64.62,Rattus norvegicus
NEUR_2027,Hippocampus,103.59,74.39,Macaca mulatta
NEUR_2586,Hippocampus,46.42,13.68,Macaca mulatta
NEUR_8623,Striatum,30.6,10.74,Danio rerio
NEUR_7769,Cerebellum,38.53,81.29,Rattus norvegicus
NEUR_7691,Amygdala,3.69,101.32,Danio rerio
NEUR_6933,Cortex,132.38,52.54,Rattus norvegicus
NEUR_5404,Cerebellum,19.78,44.58,Mus musculus
NEUR_7950,Striatum,129.44,88.7,Danio rerio
NEUR_3495,Cortex,27.52,25.24,Macaca mulatta
NEUR_7766,Thalamus,126.6,98.39,Macaca mulatta
NEUR_7514,Hippocampus,63.85,70.06,Rattus norvegicus
NEUR_4189,Cerebellum,87.73,55.79,Rattus norvegicus
NEUR_7288,Striatum,2.19,42.67,Rattus norvegicus
NEUR_6342,Striatum,137.61,71.95,Rattus norvegicus
NEUR_7155,Cerebellum,107.3,32.33,Rattus norvegicus
NEUR_2302,Cerebellum,111.47,101.07,Macaca mulatta
NEUR_8277,Cortex,111.19,36.45,Mus musculus
NEUR_2197,Hypothalamus,35.25,80.59,Danio rerio
NEUR_4604,Thalamus,100.16,117.03,Rattus norvegicus
NEUR_8003,Amygdala,49.62,90.43,Danio rerio
NEUR_6747,Hippocampus,64.01,56.12,Danio rerio
NEUR_7962,Cortex,56.41,12.51,Mus musculus
NEUR_4256,Thalamus,62.62,40.13,Rattus norvegicus
NEUR_6114,Amygdala,49.71,58.24,Danio rerio
NEUR_1719,Cortex,86.0,105.43,Rattus norvegicus
NEUR_4395,Cerebellum,15.52,111.99,Macaca mulatta
NEUR_3112,Hippocampus,17.04,103.42,Mus musculus
NEUR_8678,Cortex,82.37,79.77,Danio rerio
NEUR_5069,Cortex,121.56,107.95,Macaca mulatta
NEUR_3081,Cerebellum,78.69,23.48,Mus musculus
NEUR_9086,Hippocampus,51.29,33.95,Rattus norvegicus
NEUR_5453,Hypothalamus,3.17,64.68,Danio rerio
NEUR_6950,Hippocampus,11.63,98.29,Rattus norvegicus
NEUR_4002,Cerebellum,53.37,100.55,Mus musculus
NEUR_1811,Cortex,140.53,69.24,Mus musculus
NEUR_6692,Hippocampus,34.34,73.55,Rattus norvegicus
NEUR_2212,Cortex,73.91,52.99,Mus musculus
NEUR_3662,Cortex,72.25,12.77,Mus musculus
NEUR_2408,Amygdala,76.47,14.53,Rattus norvegicus
NEUR_9202,Cortex,104.29,70.05,Rattus norvegicus
NEUR_8811,Striatum,13.98,33.71,Mus musculus
NEUR_9358,Striatum,149.72,98.31,Mus musculus
NEUR_5053,Amygdala,27.64,85.73,Danio rerio
NEUR_2727,Cerebellum,34.19,117.7,Macaca mulatta
NEUR_7258,Cerebellum,48.44,37.02,Macaca mulatta
NEUR_5920,Striatum,128.05,47.75,Rattus norvegicus
NEUR_4280,Amygdala,21.02,110.09,Rattus norvegicus
NEUR_6416,Striatum,107.8,80.55,Rattus norvegicus
NEUR_2250,Hippocampus,69.97,27.44,Danio rerio
NEUR_1801,Hypothalamus,141.23,94.7,Danio rerio
NEUR_6349,Cortex,85.69,25.93,Rattus norvegicus
NEUR_7221,Amygdala,109.91,77.2,Rattus norvegicus
NEUR_9506,Hippocampus,4.8,13.25,Danio rerio
NEUR_8893,Amygdala,84.28,29.24,Macaca mulatta
NEUR_6450,Amygdala,146.25,117.16,Danio rerio
NEUR_1142,Striatum,1.49,114.71,Mus musculus
NEUR_4415,Amygdala,114.02,47.63,Macaca mulatta
NEUR_4562,Striatum,92.09,94.85,Danio rerio
NEUR_3733,Thalamus,143.62,21.35,Macaca mulatta
NEUR_9345,Hippocampus,110.66,72.34,Mus musculus
NEUR_3968,Striatum,102.86,59.71,Macaca mulatta
NEUR_4256,Thalamus,12.64,112.49,Rattus norvegicus
NEUR_9620,Thalamus,59.38,27.05,Rattus norvegicus
NEUR_9570,Striatum,64.11,98.13,Danio rerio
NEUR_3933,Striatum,41.44,17.41,Danio rerio
NEUR_7812,Hypothalamus,111.18,11.28,Macaca mulatta
NEUR_6864,Hippocampus,126.57,61.44,Mus musculus
NEUR_4986,Striatum,53.35,86.76,Danio rerio
NEUR_3528,Striatum,106.55,90.67,Rattus norvegicus
NEUR_5943,Thalamus,55.81,77.72,Rattus norvegicus
NEUR_9335,Amygdala,108.81,79.71,Macaca mulatta
NEUR_7629,Amygdala,112.02,48.56,Mus musculus
NEUR_8877,Striatum,149.49,51.85,Rattus norvegicus
NEUR_8579,Amygdala,138.68,19.16,Macaca mulatta
NEUR_1607,Striatum,145.55,106.55,Macaca mulatta
NEUR_9600,Cortex,4.56,82.29,Mus musculus
NEUR_4743,Hippocampus,18.39,11.82,Rattus norvegicus
NEUR_9919,Striatum,76.05,110.98,Rattus norvegicus
NEUR_7171,Thalamus,28.27,111.85,Mus musculus
NEUR_9508,Striatum,57.15,79.5,Danio rerio
NEUR_7828,Striatum,105.43,51.72,Danio rerio
NEUR_8596,Striatum,72.66,45.89,Mus musculus
NEUR_1396,Thalamus,109.55,83.48,Macaca mulatta
NEUR_4501,Hippocampus,108.8,75.08,Macaca mulatta
NEUR_3723,Hypothalamus,50.5,17.92,Macaca mulatta
NEUR_5683,Hypothalamus,89.48,15.21,Macaca mulatta
NEUR_3010,Striatum,38.13,29.92,Macaca mulatta
NEUR_5761,Hippocampus,81.33,21.47,Mus musculus
NEUR_4669,Hippocampus,27.26,40.43,Macaca mulatta
NEUR_2997,Cortex,100.38,69.52,Mus musculus
NEUR_3344,Cortex,24.17,32.65,Mus musculus
NEUR_8916,Cerebellum,1.61,105.19,Danio rerio
NEUR_3544,Hippocampus,133.17,50.33,Mus musculus
NEUR_9068,Thalamus,131.39,79.27,Mus musculus
NEUR_2268,Striatum,132.09,26.51,Macaca mulatta
NEUR_1253,Cortex,51.94,115.78,Mus musculus
NEUR_5936,Amygdala,16.23,29.59,Macaca mulatta
NEUR_2879,Thalamus,23.05,113.61,Rattus norvegicus
NEUR_3690,Thalamus,143.12,56.29,Mus musculus
NEUR_2628,Hypothalamus,98.71,89.61,Mus musculus
NEUR_9696,Thalamus,68.47,66.4,Danio rerio
NEUR_2211,Cerebellum,49.54,89.94,Mus musculus
NEUR_2462,Cerebellum,97.78,114.3,Danio rerio
NEUR_6369,Amygdala,51.01,118.11,Rattus norvegicus
NEUR_5666,Hippocampus,96.48,116.7,Macaca mulatta
NEUR_4462,Striatum,87.54,75.38,Mus musculus
NEUR_7961,Amygdala,27.86,39.35,Macaca mulatta
NEUR_6348,Striatum,23.89,53.24,Mus musculus
NEUR_5445,Thalamus,62.52,114.86,Danio rerio
NEUR_8717,Thalamus,103.73,37.22,Danio rerio
NEUR_9574,Striatum,97.03,58.52,Danio rerio
NEUR_9241,Thalamus,105.99,93.59,Macaca mulatta
NEUR_1816,Cerebellum,4.98,68.22,Rattus norvegicus
NEUR_4888,Thalamus,52.64,19.61,Macaca mulatta
NEUR_4297,Thalamus,27.48,91.55,Rattus norvegicus
NEUR_8617,Amygdala,43.42,58.76,Danio rerio
NEUR_1223,Hippocampus,28.78,98.25,Mus musculus
NEUR_6971,Thalamus,116.87,41.2,Mus musculus
NEUR_8347,Hippocampus,53.19,15.36,Rattus norvegicus
NEUR_6168,Striatum,53.76,56.18,Mus musculus
NEUR_7982,Cerebellum,22.11,103.84,Macaca mulatta
NEUR_2546,Cortex,88.34,114.96,Rattus norvegicus
NEUR_5871,Amygdala,104.63,24.86,Rattus norvegicus
NEUR_5994,Cortex,21.69,104.18,Mus musculus
NEUR_9452,Cortex,40.96,61.38,Macaca mulatta
NEUR_8781,Cerebellum,149.5,34.31,Rattus norvegicus
NEUR_2073,Hippocampus,56.66,17.4,Danio rerio
NEUR_4416,Striatum,61.62,70.28,Mus musculus
NEUR_4699,Hippocampus,59.55,91.67,Danio rerio
NEUR_2684,Hypothalamus,108.48,13.97,Macaca mulatta
NEUR_5422,Hippocampus,24.6,32.68,Danio rerio
NEUR_3998,Hippocampus,12.33,99.51,Mus musculus
NEUR_4530,Hypothalamus,49.87,90.55,Mus musculus
NEUR_4176,Hippocampus,121.49,59.73,Mus musculus
NEUR_9325,Hippocampus,103.31,24.29,Mus musculus
NEUR_9364,Hypothalamus,58.85,65.49,Macaca mulatta
NEUR_2885,Striatum,12.18,76.67,Mus musculus
NEUR_1420,Striatum,106.67,62.43,Macaca mulatta
NEUR_7988,Hypothalamus,105.68,48.63,Danio rerio
NEUR_8869,Thalamus,51.76,56.65,Macaca mulatta
NEUR_3070,Hippocampus,9.29,78.75,Macaca mulatta
NEUR_6158,Striatum,2.6,38.79,Rattus norvegicus
NEUR_8334,Striatum,133.12,97.74,Mus musculus
NEUR_4596,Striatum,63.16,84.23,Danio rerio
NEUR_3905,Cerebellum,25.68,63.98,Danio rerio
NEUR_8018,Hypothalamus,85.76,13.92,Rattus norvegicus
NEUR_8890,Cortex,78.87,52.42,Macaca mulatta
NEUR_4463,Hypothalamus,22.48,38.64,Rattus norvegicus
NEUR_7956,Amygdala,40.92,52.58,Danio rerio
NEUR_6726,Hippocampus,15.94,16.42,Mus musculus
NEUR_4321,Hypothalamus,20.61,91.74,Rattus norvegicus
NEUR_5951,Striatum,56.19,47.3,Danio rerio
NEUR_3285,Hypothalamus,52.48,114.88,Macaca mulatta
NEUR_9497,Hypothalamus,88.77,64.23,Rattus norvegicus
NEUR_2575,Hypothalamus,17.07,29.71,Macaca mulatta
NEUR_3497,Cerebellum,118.71,61.39,Macaca mulatta
NEUR_4594,Amygdala,55.68,86.42,Danio rerio
NEUR_5861,Amygdala,126.27,69.53,Mus musculus
NEUR_4276,Cerebellum,26.08,98.54,Mus musculus
NEUR_4034,Thalamus,77.94,102.48,Macaca mulatta
NEUR_5438,Thalamus,129.09,101.19,Danio rerio
NEUR_7065,Cortex,77.29,80.29,Mus musculus
NEUR_4535,Striatum,148.21,61.34,Mus musculus
NEUR_3902,Hippocampus,3.42,100.14,Rattus norvegicus
NEUR_8837,Cortex,88.88,76.94,Rattus norvegicus
NEUR_5893,Hypothalamus,16.78,70.08,Macaca mulatta
NEUR_3494,Striatum,6.21,91.73,Mus musculus
NEUR_6309,Striatum,50.06,107.51,Macaca mulatta
NEUR_3619,Hypothalamus,102.83,94.33,Rattus norvegicus
NEUR_9120,Cortex,73.1,82.11,Mus musculus
NEUR_8292,Hippocampus,125.97,74.86,Macaca mulatta
NEUR_7141,Hypothalamus,98.34,38.7,Mus musculus
NEUR_9737,Striatum,101.17,57.89,Danio rerio
NEUR_8156,Hypothalamus,136.82,72.26,Mus musculus
NEUR_9368,Thalamus,36.35,77.53,Macaca mulatta
NEUR_4576,Cortex,4.76,110.09,Mus musculus
NEUR_7523,Cerebellum,123.87,52.13,Macaca mulatta
NEUR_2599,Striatum,51.3,27.1,Macaca mulatta
NEUR_5982,Cortex,109.89,29.34,Mus musculus
NEUR_7343,Cortex,36.66,65.54,Macaca mulatta
NEUR_5736,Cortex,50.72,108.9,Rattus norvegicus
NEUR_3721,Cortex,7.87,79.85,Danio rerio
NEUR_1532,Hypothalamus,9.92,107.95,Danio rerio
NEUR_7425,Cerebellum,130.53,43.34,Macaca mulatta
NEUR_8505,Cortex,18.6,12.66,Rattus norvegicus
NEUR_6220,Hippocampus,10.07,33.41,Danio rerio
NEUR_7821,Thalamus,112.42,37.63,Macaca mulatta
NEUR_2790,Cerebellum,148.62,12.22,Danio rerio
NEUR_1812,Amygdala,126.02,110.18,Danio rerio
NEUR_4895,Hypothalamus,71.95,117.75,Rattus norvegicus
NEUR_5216,Cerebellum,91.72,111.78,Rattus norvegicus
NEUR_5649,Hippocampus,70.87,71.52,Rattus norvegicus
NEUR_8770,Amygdala,3.62,68.52,Macaca mulatta
NEUR_9185,Hypothalamus,97.17,43.35,Danio rerio
NEUR_4698,Striatum,35.75,44.41,Macaca mulatta
NEUR_1411,Striatum,146.37,28.75,Macaca mulatta
NEUR_8869,Amygdala,149.59,68.02,Rattus norvegicus
NEUR_3368,Cerebellum,6.46,75.36,Danio rerio
NEUR_9365,Cerebellum,141.65,38.45,Danio rerio
NEUR_2612,Thalamus,128.24,80.32,Macaca mulatta
NEUR_5209,Thalamus,138.04,27.49,Macaca mulatta
NEUR_2134,Cerebellum,91.54,116.79,Rattus norvegicus
NEUR_2828,Cortex,119.29,62.73,Danio rerio
NEUR_5917,Cerebellum,64.94,42.7,Rattus norvegicus
NEUR_7978,Cerebellum,91.63,80.38,Mus musculus
NEUR_6507,Amygdala,87.53,70.07,Rattus norvegicus
NEUR_3628,Striatum,112.09,26.22,Mus musculus
NEUR_8046,Amygdala,106.35,64.46,Macaca mulatta
NEUR_8996,Cerebellum,143.78,49.08,Mus musculus
NEUR_6436,Hippocampus,54.96,10.49,Danio rerio
NEUR_4389,Cerebellum,55.89,31.69,Danio rerio
NEUR_1602,Hypothalamus,92.7,20.35,Macaca mulatta
NEUR_5658,Cerebellum,65.89,35.93,Rattus norvegicus
NEUR_8538,Hypothalamus,51.52,44.88,Danio rerio
NEUR_8082,Cerebellum,68.23,42.16,Macaca mulatta
NEUR_2852,Hippocampus,87.89,55.69,Mus musculus
NEUR_3680,Hypothalamus,106.7,98.52,Danio rerio
NEUR_1995,Hippocampus,6.85,11.28,Mus musculus
NEUR_9662,Cortex,83.53,38.53,Mus musculus
NEUR_6494,Thalamus,96.28,100.06,Danio rerio
NEUR_8364,Striatum,129.02,111.42,Danio rerio
NEUR_3575,Cortex,40.89,63.48,Danio rerio
NEUR_7215,Striatum,74.33,72.77,Rattus norvegicus
NEUR_4571,Striatum,62.06,37.46,Mus musculus
NEUR_9196,Striatum,64.5,98.39,Danio rerio
NEUR_5098,Hippocampus,54.89,17.02,Mus musculus
NEUR_6092,Striatum,0.96,79.78,Danio rerio
NEUR_6604,Striatum,0.38,56.32,Danio rerio
NEUR_8566,Hypothalamus,77.88,111.22,Rattus norvegicus
NEUR_7731,Hippocampus,1.77,101.0,Danio rerio
NEUR_8284,Striatum,6.53,77.53,Danio rerio
NEUR_9624,Amygdala,110.82,66.42,Macaca mulatta
NEUR_5548,Amygdala,120.94,59.52,Macaca mulatta
NEUR_5969,Amygdala,103.3,36.64,Mus musculus
NEUR_9677,Hippocampus,65.88,26.21,Mus musculus
NEUR_8985,Hypothalamus,126.93,57.1,Mus musculus
NEUR_9048,Cortex,16.87,105.52,Macaca mulatta
NEUR_4107,Thalamus,67.13,98.7,Danio rerio
NEUR_4360,Cortex,129.32,79.41,Danio rerio
NEUR_4647,Striatum,64.52,118.41,Danio rerio
NEUR_1066,Striatum,124.79,118.56,Rattus norvegicus
NEUR_4487,Thalamus,47.8,114.52,Danio rerio
NEUR_1995,Striatum,137.63,46.98,Rattus norvegicus
NEUR_1144,Hippocampus,90.11,46.47,Macaca mulatta
NEUR_8963,Cerebellum,106.44,83.59,Rattus norvegicus
NEUR_2586,Amygdala,42.88,76.59,Danio rerio
NEUR_6158,Amygdala,41.56,66.36,Danio rerio
NEUR_4287,Hypothalamus,82.94,48.47,Danio rerio
NEUR_9920,Amygdala,32.55,13.38,Danio rerio
NEUR_7450,Hypothalamus,70.17,44.22,Rattus norvegicus
NEUR_4015,Hippocampus,33.18,110.58,Danio rerio
NEUR_6518,Hippocampus,110.15,65.63,Rattus norvegicus
NEUR_8691,Thalamus,48.49,39.06,Danio rerio
NEUR_8925,Thalamus,11.55,83.88,Macaca mulatta
NEUR_9931,Amygdala,78.25,100.38,Macaca mulatta
NEUR_1131,Cerebellum,100.22,46.16,Danio rerio
NEUR_9610,Cortex,122.04,85.92,Macaca mulatta
NEUR_5657,Thalamus,61.51,104.07,Danio rerio
NEUR_3028,Hippocampus,9.12,85.34,Danio rerio
NEUR_3721,Cerebellum,53.59,72.05,Mus musculus
NEUR_3276,Amygdala,84.06,104.67,Mus musculus
NEUR_7861,Hippocampus,136.71,67.33,Rattus norvegicus
NEUR_2896,Striatum,17.97,101.0,Macaca mulatta
NEUR_6176,Amygdala,70.21,94.66,Macaca mulatta
NEUR_6671,Amygdala,132.77,65.84,Mus musculus
NEUR_9349,Cerebellum,7.18,51.75,Danio rerio
NEUR_9276,Thalamus,138.63,97.96,Danio rerio
NEUR_7447,Amygdala,45.14,34.87,Danio rerio
NEUR_8504,Hypothalamus,104.55,30.68,Mus musculus
NEUR_7451,Thalamus,96.92,105.95,Rattus norvegicus
NEUR_9770,Amygdala,97.06,114.41,Mus musculus
NEUR_3812,Cortex,29.26,82.67,Mus musculus
NEUR_1692,Cerebellum,41.4,85.41,Danio rerio
NEUR_8223,Hypothalamus,46.8,54.56,Mus musculus
NEUR_9282,Striatum,106.23,56.55,Mus musculus
NEUR_5660,Cerebellum,126.2,96.68,Rattus norvegicus
NEUR_7439,Cortex,34.42,113.18,Macaca mulatta
NEUR_1470,Hypothalamus,32.38,41.29,Rattus norvegicus
NEUR_3187,Cerebellum,54.91,78.61,Rattus norvegicus
NEUR_2165,Hippocampus,102.88,56.19,Macaca mulatta
NEUR_6858,Amygdala,111.4,75.08,Mus musculus
NEUR_3041,Cerebellum,100.63,47.11,Danio rerio
NEUR_2615,Cerebellum,81.17,74.49,Mus musculus
NEUR_7246,Striatum,66.28,115.69,Macaca mulatta
NEUR_5001,Hypothalamus,85.41,73.18,Rattus norvegicus
NEUR_1305,Cortex,113.27,76.72,Macaca mulatta
NEUR_8014,Striatum,77.9,84.79,Danio rerio
NEUR_4213,Cortex,132.33,104.54,Mus musculus
NEUR_8409,Cortex,133.71,33.82,Danio rerio
NEUR_4210,Thalamus,61.46,81.24,Macaca mulatta
NEUR_7576,Cortex,138.8,91.6,Danio rerio
NEUR_5052,Thalamus,83.23,66.21,Rattus norvegicus
NEUR_2086,Amygdala,32.55,104.52,Danio rerio
NEUR_3879,Striatum,138.48,82.47,Danio rerio
NEUR_2985,Amygdala,71.42,63.3,Mus musculus
NEUR_5041,Hippocampus,15.1,115.33,Danio rerio
NEUR_8152,Hypothalamus,38.85,10.08,Rattus norvegicus
NEUR_7007,Cortex,49.09,106.83,Macaca mulatta
NEUR_9849,Amygdala,127.02,48.04,Mus musculus
NEUR_2442,Amygdala,44.24,89.19,Macaca mulatta
NEUR_2314,Hypothalamus,19.36,83.36,Danio rerio
NEUR_5085,Thalamus,76.29,68.04,Rattus norvegicus
NEUR_3837,Cortex,22.24,80.99,Macaca mulatta
NEUR_7559,Striatum,110.86,15.1,Macaca mulatta
NEUR_7115,Cortex,101.59,66.3,Mus musculus
NEUR_6439,Cerebellum,141.41,104.81,Danio rerio
NEUR_1035,Cerebellum,99.02,71.23,Macaca mulatta
NEUR_4637,Cerebellum,63.64,117.55,Macaca mulatta
NEUR_1148,Striatum,51.55,34.67,Danio rerio
NEUR_5378,Hypothalamus,94.33,91.0,Danio rerio
NEUR_9376,Striatum,125.33,111.94,Macaca mulatta
NEUR_4496,Cerebellum,140.65,32.08,Danio rerio
NEUR_5030,Cortex,50.05,71.86,Rattus norvegicus
NEUR_3073,Cerebellum,100.61,46.7,Rattus norvegicus
NEUR_3746,Striatum,114.12,31.76,Danio rerio
NEUR_8888,Hypothalamus,113.97,93.31,Rattus norvegicus
NEUR_7659,Striatum,8.93,59.55,Mus musculus
NEUR_8055,Amygdala,134.16,53.69,Rattus norvegicus
NEUR_4331,Amygdala,114.42,54.37,Rattus norvegicus
NEUR_1004,Striatum,37.51,10.82,Danio rerio
NEUR_3356,Cortex,12.5,118.88,Macaca mulatta
NEUR_5472,Striatum,124.59,56.32,Macaca mulatta
NEUR_1335,Thalamus,65.19,57.31,Danio rerio
NEUR_7360,Hippocampus,79.26,77.73,Mus musculus
NEUR_5868,Hypothalamus,43.69,54.49,Macaca mulatta
NEUR_7145,Hippocampus,41.04,18.39,Mus musculus
NEUR_6329,Hippocampus,106.55,46.52,Macaca mulatta
NEUR_6166,Cerebellum,27.4,29.89,Mus musculus
NEUR_9934,Thalamus,39.76,102.84,Mus musculus
NEUR_7179,Hippocampus,71.68,60.3,Rattus norvegicus
NEUR_5830,Hippocampus,27.75,25.78,Mus musculus
NEUR_9670,Cortex,52.94,49.26,Macaca mulatta
NEUR_8292,Amygdala,65.38,15.84,Mus musculus
NEUR_9634,Hypothalamus,88.69,99.78,Danio rerio
NEUR_7078,Amygdala,147.96,81.01,Mus musculus
NEUR_1894,Cortex,70.16,23.79,Macaca mulatta
NEUR_2738,Amygdala,4.16,88.33,Macaca mulatta
NEUR_6540,Striatum,69.26,26.43,Mus musculus
NEUR_4244,Cerebellum,82.31,43.77,Rattus norvegicus
NEUR_7492,Cerebellum,115.03,75.33,Rattus norvegicus
NEUR_3799,Amygdala,122.43,112.42,Mus musculus
NEUR_9045,Cortex,6.31,78.77,Danio rerio
NEUR_4432,Striatum,95.61,105.71,Rattus norvegicus
NEUR_9833,Striatum,84.25,87.17,Danio rerio
NEUR_8725,Hypothalamus,62.87,104.85,Macaca mulatta
NEUR_2336,Cerebellum,7.46,43.93,Rattus norvegicus
NEUR_7924,Thalamus,24.4,11.78,Rattus norvegicus
NEUR_5472,Striatum,136.1,41.56,Macaca mulatta
NEUR_6124,Striatum,90.63,41.23,Macaca mulatta
NEUR_7089,Striatum,129.11,46.34,Macaca mulatta
NEUR_2273,Thalamus,1.79,34.21,Danio rerio
NEUR_9976,Cerebellum,49.24,54.9,Mus musculus
NEUR_9258,Cortex,129.46,62.48,Mus musculus
NEUR_4736,Amygdala,33.78,40.04,Danio rerio
NEUR_2680,Amygdala,119.63,119.25,Macaca mulatta
NEUR_8070,Thalamus,120.42,25.87,Mus musculus
NEUR_4017,Striatum,91.47,52.35,Macaca mulatta
NEUR_3858,Cortex,51.45,72.06,Macaca mulatta
NEUR_6312,Thalamus,25.45,35.94,Rattus norvegicus
NEUR_6301,Cerebellum,45.14,29.29,Macaca mulatta
NEUR_9783,Thalamus,55.4,22.8,Danio rerio
NEUR_1343,Hypothalamus,62.69,39.75,Danio rerio
NEUR_5331,Amygdala,132.25,92.03,Mus musculus
NEUR_3794,Cortex,147.31,25.61,Rattus norvegicus
NEUR_7459,Hypothalamus,16.84,62.14,Rattus norvegicus
NEUR_3604,Hippocampus,53.74,102.92,Danio rerio
NEUR_5504,Cortex,126.91,83.25,Rattus norvegicus
NEUR_3316,Thalamus,139.17,27.0,Macaca mulatta
NEUR_1973,Hypothalamus,90.11,81.04,Mus musculus
NEUR_7436,Striatum,116.95,12.72,Rattus norvegicus
NEUR_6184,Cortex,110.76,110.85,Rattus norvegicus
NEUR_9422,Hippocampus,59.75,108.34,Mus musculus
NEUR_9403,Cortex,100.84,92.05,Rattus norvegicus
NEUR_8461,Amygdala,99.65,45.81,Rattus norvegicus
NEUR_7971,Hippocampus,17.79,52.03,Macaca mulatta
NEUR_3712,Hypothalamus,68.24,102.15,Mus musculus
NEUR_9794,Cerebellum,52.31,65.18,Macaca mulatta
NEUR_3134,Thalamus,111.34,16.38,Macaca mulatta
NEUR_2775,Cortex,50.43,72.54,Mus musculus
NEUR_4471,Striatum,10.45,84.51,Macaca mulatta
NEUR_8182,Striatum,101.14,71.93,Rattus norvegicus
NEUR_8493,Cerebellum,20.75,75.32,Danio rerio
NEUR_6965,Hypothalamus,30.27,36.73,Macaca mulatta
NEUR_5246,Hippocampus,144.2,26.09,Macaca mulatta
NEUR_9188,Cerebellum,17.07,82.41,Danio rerio
NEUR_4363,Hypothalamus,91.27,112.52,Macaca mulatta
NEUR_8606,Amygdala,66.8,67.96,Mus musculus
NEUR_8047,Cortex,126.72,74.27,Macaca mulatta
NEUR_9248,Cerebellum,145.81,47.14,Rattus norvegicus
NEUR_5001,Hypothalamus,111.02,102.94,Mus musculus
NEUR_9963,Thalamus,102.65,93.25,Rattus norvegicus
NEUR_3952,Amygdala,83.09,14.61,Danio rerio
NEUR_4672,Striatum,12.39,43.49,Mus musculus
NEUR_9477,Thalamus,73.54,100.6,Mus musculus
NEUR_4667,Hippocampus,93.48,71.77,Danio rerio
NEUR_4149,Hypothalamus,135.46,116.31,Danio rerio
NEUR_1523,Hypothalamus,62.18,111.44,Macaca mulatta
NEUR_6661,Amygdala,57.42,43.53,Mus musculus
NEUR_3226,Striatum,134.77,105.21,Macaca mulatta
NEUR_5413,Cortex,130.68,28.39,Danio rerio
NEUR_6692,Hypothalamus,107.91,31.5,Danio rerio
NEUR_8998,Striatum,56.86,11.55,Mus musculus
NEUR_8791,Cerebellum,121.09,69.37,Macaca mulatta
NEUR_5506,Cerebellum,112.25,53.84,Mus musculus
NEUR_9685,Cerebellum,62.02,111.28,Macaca mulatta
NEUR_2861,Cortex,99.99,10.01,Macaca mulatta
NEUR_9446,Hippocampus,116.72,108.59,Mus musculus
NEUR_1200,Hypothalamus,16.01,55.55,Danio rerio
NEUR_4789,Cerebellum,55.03,108.04,Rattus norvegicus
NEUR_9226,Hypothalamus,19.98,37.7,Macaca mulatta
NEUR_4124,Amygdala,74.16,98.65,Macaca mulatta
NEUR_4131,Thalamus,39.95,92.45,Macaca mulatta
NEUR_6618,Hippocampus,57.9,65.85,Macaca mulatta
NEUR_6347,Amygdala,114.91,98.29,Macaca mulatta
NEUR_4075,Hypothalamus,45.59,27.91,Mus musculus
NEUR_7176,Striatum,78.05,45.89,Mus musculus
NEUR_6593,Amygdala,116.65,14.68,Mus musculus
NEUR_1767,Thalamus,145.33,48.97,Macaca mulatta
NEUR_2772,Amygdala,47.82,117.63,Rattus norvegicus
NEUR_1895,Hippocampus,114.74,102.52,Danio rerio
NEUR_3459,Hypothalamus,41.73,10.84,Mus musculus
NEUR_5794,Striatum,35.07,112.67,Macaca mulatta
NEUR_1907,Thalamus,95.89,57.88,Mus musculus
NEUR_1597,Cortex,146.61,110.86,Mus musculus
NEUR_2815,Thalamus,115.14,58.73,Danio rerio
NEUR_1785,Hippocampus,39.41,65.54,Macaca mulatta
NEUR_7486,Cortex,140.12,50.05,Danio rerio
NEUR_9487,Striatum,134.67,117.34,Macaca mulatta
NEUR_7037,Cerebellum,7.87,48.19,Mus musculus
NEUR_4302,Hypothalamus,94.33,82.4,Macaca mulatta
NEUR_8318,Thalamus,87.76,40.2,Macaca mulatta
NEUR_2449,Hypothalamus,24.17,13.06,Macaca mulatta
NEUR_9043,Hypothalamus,62.15,81.68,Macaca mulatta
NEUR_2654,Hypothalamus,90.55,116.52,Rattus norvegicus
NEUR_7572,Hippocampus,82.59,66.9,Macaca mulatta
NEUR_9740,Cortex,59.94,45.08,Rattus norvegicus
NEUR_8309,Striatum,109.76,104.99,Mus musculus
NEUR_5086,Hippocampus,98.34,19.65,Mus musculus
NEUR_2151,Hippocampus,97.09,102.17,Danio rerio
NEUR_4782,Thalamus,92.51,25.67,Danio rerio
NEUR_2626,Hippocampus,80.78,20.0,Macaca mulatta
NEUR_9514,Cerebellum,130.59,105.83,Macaca mulatta
NEUR_9475,Cortex,54.17,39.12,Danio rerio
NEUR_4536,Amygdala,125.24,53.34,Rattus norvegicus
NEUR_6141,Cortex,45.21,104.46,Rattus norvegicus
NEUR_7057,Cortex,61.89,86.91,Mus musculus
NEUR_8630,Hippocampus,79.22,70.38,Mus musculus
NEUR_3208,Hypothalamus,101.14,45.3,Mus musculus
NEUR_8716,Cortex,75.3,28.59,Rattus norvegicus
NEUR_7711,Cerebellum,33.12,115.15,Mus musculus
NEUR_3124,Cerebellum,34.72,83.94,Rattus norvegicus
NEUR_4741,Cortex,34.14,99.27,Rattus norvegicus
NEUR_1325,Striatum,125.09,100.82,Rattus norvegicus
NEUR_1030,Amygdala,71.35,105.73,Macaca mulatta
NEUR_3827,Hypothalamus,54.38,68.34,Macaca mulatta
NEUR_5225,Thalamus,90.37,111.58,Rattus norvegicus
NEUR_5139,Hypothalamus,127.6,25.52,Mus musculus
NEUR_9711,Thalamus,137.28,87.19,Macaca mulatta
NEUR_8617,Hippocampus,54.55,58.15,Rattus norvegicus
NEUR_7778,Hippocampus,120.34,108.64,Mus musculus
NEUR_7624,Striatum,32.59,46.34,Rattus norvegicus
NEUR_9158,Cerebellum,35.65,46.77,Mus musculus
NEUR_3641,Hippocampus,109.28,19.89,Macaca mulatta
NEUR_8897,Striatum,5.01,52.03,Danio rerio
NEUR_9932,Striatum,42.2,39.87,Danio rerio
NEUR_3259,Striatum,64.0,103.64,Mus musculus
NEUR_9851,Striatum,38.33,101.53,Macaca mulatta
NEUR_3454,Cortex,54.84,103.92,Macaca mulatta
NEUR_8517,Amygdala,61.57,45.04,Danio rerio
NEUR_6358,Cortex,26.49,16.95,Danio rerio
NEUR_9645,Amygdala,133.13,106.16,Mus musculus
NEUR_9967,Striatum,18.66,32.0,Macaca mulatta
NEUR_8663,Cerebellum,32.13,12.73,Danio rerio
NEUR_3502,Thalamus,15.36,62.24,Rattus norvegicus
NEUR_7551,Hippocampus,51.29,23.46,Danio rerio
NEUR_7881,Amygdala,131.92,41.54,Danio rerio
NEUR_4355,Striatum,24.04,72.14,Danio rerio
NEUR_6961,Thalamus,54.47,65.95,Mus musculus
NEUR_9867,Amygdala,117.7,45.31,Macaca mulatta
NEUR_5091,Thalamus,147.15,15.64,Mus musculus
NEUR_6314,Thalamus,53.91,55.97,Mus musculus
NEUR_5927,Striatum,149.48,99.64,Macaca mulatta
NEUR_7555,Striatum,126.6,67.5,Mus musculus
NEUR_1475,Hypothalamus,124.29,78.61,Macaca mulatta
NEUR_2058,Hypothalamus,138.07,115.13,Macaca mulatta
NEUR_3637,Hippocampus,104.87,19.19,Danio rerio
NEUR_2963,Striatum,122.7,49.63,Macaca mulatta
NEUR_8569,Hypothalamus,83.64,61.13,Mus musculus
NEUR_8734,Thalamus,149.88,68.97,Macaca mulatta
NEUR_3478,Hypothalamus,71.02,118.97,Mus musculus
NEUR_9971,Amygdala,59.97,30.8,Macaca mulatta
NEUR_8698,Thalamus,34.39,109.18,Mus musculus
NEUR_4993,Amygdala,135.83,74.48,Macaca mulatta
NEUR_1044,Cerebellum,32.03,44.96,Rattus norvegicus
NEUR_7118,Thalamus,38.07,66.72,Danio rerio
NEUR_6634,Cortex,80.15,63.58,Rattus norvegicus
NEUR_6253,Amygdala,102.71,57.68,Danio rerio
NEUR_2092,Striatum,10.96,27.13,Mus musculus
NEUR_8293,Hypothalamus,33.11,31.75,Mus musculus
NEUR_2121,Cerebellum,18.1,56.13,Rattus norvegicus
NEUR_7184,Amygdala,138.04,102.22,Rattus norvegicus
NEUR_5354,Hippocampus,56.16,70.11,Danio rerio
NEUR_3663,Amygdala,34.85,77.64,Mus musculus
NEUR_3500,Amygdala,96.93,64.02,Mus musculus
NEUR_2820,Thalamus,137.61,36.43,Rattus norvegicus
NEUR_9528,Cortex,48.98,57.55,Rattus norvegicus
NEUR_6063,Thalamus,146.96,26.54,Mus musculus
NEUR_8458,Amygdala,28.23,44.05,Mus musculus
NEUR_9353,Striatum,47.53,68.88,Macaca mulatta
NEUR_5408,Cortex,53.3,91.54,Danio rerio
NEUR_1135,Thalamus,77.94,114.28,Mus musculus
NEUR_8277,Striatum,98.83,101.8,Macaca mulatta
NEUR_9169,Amygdala,74.4,110.9,Macaca mulatta
NEUR_6518,Hippocampus,64.37,32.1,Macaca mulatta
NEUR_6712,Hypothalamus,22.79,87.26,Mus musculus
NEUR_1302,Cortex,22.05,70.87,Rattus norvegicus
NEUR_7479,Cortex,104.8,50.55,Danio rerio
NEUR_9243,Cortex,45.72,23.78,Danio rerio
NEUR_6029,Striatum,75.66,32.92,Rattus norvegicus
NEUR_7816,Cerebellum,33.48,25.41,Rattus norvegicus
NEUR_1183,Cortex,23.13,98.39,Danio rerio
NEUR_3318,Cerebellum,116.54,81.66,Macaca mulatta
NEUR_2305,Hippocampus,22.76,25.43,Danio rerio
NEUR_1534,Cortex,102.5,34.18,Danio rerio
NEUR_9737,Hypothalamus,31.37,95.34,Macaca mulatta
NEUR_8097,Cerebellum,102.16,87.49,Mus musculus
NEUR_8005,Amygdala,14.9,17.0,Macaca mulatta
NEUR_2848,Thalamus,139.47,65.07,Rattus norvegicus
NEUR_8599,Cerebellum,95.81,41.06,Mus musculus
NEUR_1382,Striatum,105.59,64.67,Mus musculus
NEUR_8770,Cerebellum,137.05,64.7,Rattus norvegicus
NEUR_4163,Cerebellum,96.12,32.43,Macaca mulatta
NEUR_8558,Thalamus,65.86,61.64,Rattus norvegicus
NEUR_3784,Cortex,123.32,29.07,Mus musculus
NEUR_7600,Hippocampus,32.92,47.0,Rattus norvegicus
NEUR_9057,Cortex,130.99,69.92,Rattus norvegicus
NEUR_7155,Thalamus,76.12,34.22,Danio rerio
NEUR_6124,Hypothalamus,50.04,33.59,Mus musculus
NEUR_7466,Cortex,106.47,112.68,Rattus norvegicus
NEUR_6161,Cortex,19.57,57.42,Mus musculus
NEUR_9355,Cerebellum,38.35,54.12,Danio rerio
NEUR_2473,Thalamus,24.22,83.04,Mus musculus
NEUR_1755,Hippocampus,78.3,16.09,Rattus norvegicus
NEUR_7800,Amygdala,85.8,11.29,Danio rerio
NEUR_7311,Hypothalamus,143.45,41.62,Rattus norvegicus
NEUR_4944,Hippocampus,53.59,17.94,Rattus norvegicus
NEUR_8574,Cortex,16.38,43.46,Danio rerio
NEUR_4849,Thalamus,13.96,27.27,Rattus norvegicus
NEUR_2299,Cerebellum,131.15,108.21,Mus musculus
NEUR_8129,Cortex,75.62,101.57,Danio rerio
NEUR_3651,Striatum,29.37,38.48,Macaca mulatta
NEUR_9421,Thalamus,25.11,79.65,Danio rerio
NEUR_7381,Amygdala,65.51,103.49,Macaca mulatta
NEUR_6138,Cortex,143.07,48.95,Danio rerio
NEUR_8771,Cortex,100.69,68.17,Mus musculus
NEUR_6022,Hippocampus,75.43,83.56,Macaca mulatta
NEUR_5913,Thalamus,28.73,77.64,Rattus norvegicus
NEUR_6661,Hypothalamus,12.01,27.29,Mus musculus
NEUR_7354,Cortex,106.83,72.36,Danio rerio
NEUR_2756,Amygdala,64.31,104.76,Mus musculus
NEUR_2394,Hippocampus,73.71,87.79,Mus musculus
NEUR_1255,Hypothalamus,18.92,25.96,Macaca mulatta
NEUR_9193,Striatum,129.75,80.4,Rattus norvegicus
NEUR_8830,Thalamus,126.9,94.53,Mus musculus
NEUR_9879,Cerebellum,33.16,94.81,Mus musculus
NEUR_8088,Thalamus,85.82,39.15,Danio rerio
NEUR_4886,Amygdala,68.95,35.67,Macaca mulatta
NEUR_9034,Hypothalamus,18.69,74.19,Danio rerio
NEUR_1572,Cortex,14.91,83.25,Macaca mulatta
NEUR_5185,Cortex,146.62,81.23,Mus musculus
NEUR_6108,Hippocampus,110.38,104.65,Macaca mulatta
NEUR_7719,Thalamus,70.81,119.83,Rattus norvegicus
NEUR_6962,Hippocampus,8.1,99.77,Macaca mulatta
NEUR_8695,Thalamus,71.56,41.65,Macaca mulatta
NEUR_4218,Cortex,90.5,105.58,Mus musculus
NEUR_2062,Cortex,120.31,45.79,Rattus norvegicus
NEUR_6943,Striatum,137.29,76.03,Macaca mulatta
NEUR_9360,Thalamus,24.87,27.52,Rattus norvegicus
NEUR_7794,Hippocampus,120.71,114.12,Mus musculus
NEUR_5672,Thalamus,51.21,13.04,Mus musculus
NEUR_2365,Cortex,66.82,117.7,Rattus norvegicus
NEUR_1640,Thalamus,110.42,12.04,Danio rerio
NEUR_1774,Amygdala,99.4,59.18,Rattus norvegicus
NEUR_3310,Hypothalamus,121.98,117.11,Rattus norvegicus
NEUR_6065,Cortex,108.1,78.99,Macaca mulatta
NEUR_1446,Thalamus,20.33,15.01,Mus musculus
NEUR_5604,Hippocampus,123.62,116.52,Danio rerio
NEUR_5013,Striatum,134.55,104.26,Macaca mulatta
NEUR_7406,Hippocampus,20.69,114.11,Rattus norvegicus
NEUR_8282,Cerebellum,19.45,90.78,Danio rerio
NEUR_8448,Hypothalamus,56.69,55.86,Mus musculus
NEUR_2942,Thalamus,129.59,96.9,Rattus norvegicus
NEUR_3982,Striatum,22.9,66.64,Macaca mulatta
NEUR_6490,Hippocampus,57.32,50.56,Macaca mulatta
NEUR_2915,Hypothalamus,52.97,32.14,Rattus norvegicus
NEUR_3345,Hypothalamus,10.43,39.95,Danio rerio
NEUR_8146,Hypothalamus,56.83,62.62,Mus musculus
NEUR_9546,Amygdala,149.89,49.61,Macaca mulatta
NEUR_8031,Hippocampus,49.9,73.74,Danio rerio
NEUR_3689,Striatum,63.94,68.05,Macaca mulatta
NEUR_3314,Thalamus,46.88,80.08,Macaca mulatta
NEUR_7309,Hypothalamus,99.2,69.15,Danio rerio
NEUR_6195,Amygdala,21.08,113.46,Rattus norvegicus
NEUR_2967,Hypothalamus,64.25,13.76,Mus musculus
NEUR_4723,Thalamus,125.82,116.36,Danio rerio
NEUR_7605,Striatum,51.19,86.55,Macaca mulatta
NEUR_3108,Cerebellum,51.09,15.42,Mus musculus
NEUR_5169,Thalamus,0.15,86.67,Macaca mulatta
NEUR_6991,Cerebellum,22.67,48.88,Macaca mulatta
NEUR_4413,Amygdala,139.87,77.34,Mus musculus
NEUR_1586,Striatum,30.89,52.36,Rattus norvegicus
NEUR_8958,Striatum,13.9,15.26,Danio rerio
NEUR_2117,Cerebellum,4.41,19.24,Danio rerio
NEUR_9515,Hippocampus,146.68,36.13,Rattus norvegicus
NEUR_4064,Amygdala,20.87,39.21,Danio rerio
NEUR_4790,Hippocampus,0.19,80.46,Mus musculus
NEUR_7089,Hippocampus,3.86,32.52,Danio rerio
NEUR_1975,Amygdala,116.32,114.18,Rattus norvegicus
NEUR_3177,Hippocampus,85.64,94.1,Rattus norvegicus
NEUR_5187,Amygdala,96.51,42.46,Mus musculus
NEUR_2606,Amygdala,18.16,73.85,Macaca mulatta
NEUR_2318,Hippocampus,46.39,10.88,Mus musculus
NEUR_6925,Thalamus,12.49,38.85,Macaca mulatta
NEUR_3194,Cortex,130.18,50.61,Macaca mulatta
NEUR_5467,Cerebellum,86.05,74.05,Rattus norvegicus
NEUR_3032,Hypothalamus,54.66,42.75,Danio rerio
NEUR_8115,Hippocampus,97.21,78.57,Danio rerio
NEUR_4874,Hippocampus,76.57,28.99,Danio rerio
NEUR_7422,Striatum,21.01,32.47,Rattus norvegicus
NEUR_6075,Thalamus,69.3,12.39,Macaca mulatta
NEUR_8878,Cerebellum,45.83,27.35,Rattus norvegicus
NEUR_3232,Striatum,12.44,70.64,Danio rerio
NEUR_3791,Hippocampus,136.87,53.46,Mus musculus
NEUR_3021,Amygdala,132.63,51.87,Mus musculus
NEUR_9253,Striatum,71.06,49.35,Rattus norvegicus
NEUR_7637,Cerebellum,61.49,46.19,Rattus norvegicus
NEUR_8527,Striatum,7.83,89.77,Mus musculus
NEUR_5931,Thalamus,9.69,14.87,Mus musculus
NEUR_4698,Thalamus,72.22,69.29,Danio rerio
NEUR_9476,Amygdala,49.55,69.45,Danio rerio
NEUR_2374,Amygdala,21.37,118.17,Danio rerio
NEUR_1456,Cortex,139.87,92.23,Mus musculus
NEUR_5564,Striatum,134.98,18.66,Mus musculus
NEUR_2825,Cortex,127.91,34.56,Danio rerio
NEUR_5243,Striatum,139.32,21.37,Macaca mulatta
NEUR_2315,Amygdala,77.98,24.54,Rattus norvegicus
NEUR_1959,Cerebellum,104.84,22.77,Rattus norvegicus
NEUR_1466,Thalamus,140.87,78.36,Danio rerio
NEUR_1521,Hypothalamus,85.05,27.75,Mus musculus
NEUR_4219,Hippocampus,103.33,67.73,Danio rerio
NEUR_7925,Thalamus,47.91,108.91,Danio rerio
NEUR_7954,Cerebellum,133.47,117.79,Rattus norvegicus
NEUR_3502,Thalamus,4.05,119.75,Macaca mulatta
NEUR_3650,Hippocampus,94.04,44.24,Mus musculus
NEUR_8991,Hippocampus,9.59,27.46,Danio rerio
NEUR_7108,Cortex,108.6,102.85,Rattus norvegicus
NEUR_3291,Cerebellum,55.38,99.93,Macaca mulatta
NEUR_2421,Cerebellum,5.5,69.32,Rattus norvegicus
NEUR_4868,Hypothalamus,144.42,66.14,Danio rerio
NEUR_4969,Hypothalamus,112.92,106.74,Rattus norvegicus
NEUR_1645,Striatum,115.13,96.48,Rattus norvegicus
NEUR_2023,Hippocampus,87.99,61.63,Danio rerio
NEUR_9120,Amygdala,119.28,26.26,Danio rerio
NEUR_3321,Cerebellum,134.0,16.16,Mus musculus
NEUR_9262,Amygdala,19.78,89.4,Mus musculus
NEUR_6134,Thalamus,50.86,89.02,Danio rerio
NEUR_8081,Thalamus,143.77,92.66,Rattus norvegicus
NEUR_5377,Hippocampus,72.67,54.56,Danio rerio
NEUR_6748,Hypothalamus,52.52,10.24,Macaca mulatta
NEUR_3990,Striatum,78.09,79.42,Rattus norvegicus
NEUR_4780,Hippocampus,145.6,47.92,Mus musculus
NEUR_6875,Amygdala,47.76,108.71,Mus musculus
NEUR_5471,Striatum,129.67,48.78,Danio rerio
NEUR_4654,Thalamus,39.7,88.5,Mus musculus
NEUR_7465,Thalamus,73.32,79.17,Macaca mulatta
NEUR_5262,Cerebellum,2.0,75.96,Rattus norvegicus
NEUR_6288,Hypothalamus,11.03,59.23,Rattus norvegicus
NEUR_3030,Amygdala,105.9,75.68,Macaca mulatta
NEUR_8506,Amygdala,58.63,75.05,Rattus norvegicus
NEUR_1855,Striatum,33.4,38.84,Danio rerio
NEUR_1963,Thalamus,42.62,94.0,Mus musculus
NEUR_9250,Hypothalamus,35.04,35.59,Danio rerio
NEUR_1057,Thalamus,98.07,92.52,Macaca mulatta
NEUR_6577,Hippocampus,103.44,79.08,Mus musculus
NEUR_3651,Amygdala,88.92,16.29,Mus musculus
NEUR_8158,Thalamus,115.66,64.18,Danio rerio
NEUR_6932,Hypothalamus,110.35,40.23,Macaca mulatta
NEUR_3477,Thalamus,7.29,39.41,Danio rerio
NEUR_3734,Amygdala,60.22,45.76,Rattus norvegicus
NEUR_6612,Cerebellum,1.14,115.77,Rattus norvegicus
NEUR_1658,Cerebellum,101.3,104.2,Mus musculus
NEUR_8889,Cortex,103.75,76.24,Macaca mulatta
NEUR_6969,Amygdala,106.57,66.32,Macaca mulatta
NEUR_2160,Hypothalamus,94.27,36.63,Macaca mulatta
NEUR_1162,Thalamus,17.61,110.54,Macaca mulatta
NEUR_2428,Striatum,113.82,104.36,Mus musculus
NEUR_2788,Amygdala,131.91,42.72,Mus musculus
NEUR_1539,Cortex,8.46,113.2,Danio rerio
NEUR_4573,Amygdala,39.04,75.81,Mus musculus
NEUR_8893,Striatum,36.02,27.41,Macaca mulatta
NEUR_5376,Hypothalamus,143.9,108.39,Macaca mulatta
NEUR_2214,Cerebellum,83.2,53.2,Macaca mulatta
NEUR_6996,Cerebellum,4.95,75.53,Mus musculus
NEUR_4672,Thalamus,71.44,18.7,Rattus norvegicus
NEUR_2116,Striatum,125.53,50.3,Danio rerio
NEUR_2269,Hippocampus,48.51,14.43,Rattus norvegicus
NEUR_4071,Cortex,139.71,33.84,Rattus norvegicus
NEUR_9241,Striatum,114.91,81.69,Danio rerio
NEUR_9991,Striatum,104.59,11.95,Rattus norvegicus
NEUR_8995,Hypothalamus,13.37,63.58,Rattus norvegicus
NEUR_1416,Hypothalamus,19.17,93.48,Macaca mulatta
NEUR_6481,Hippocampus,68.25,55.49,Macaca mulatta
NEUR_3014,Hippocampus,5.95,48.99,Danio rerio
NEUR_4927,Cerebellum,17.87,62.74,Rattus norvegicus
NEUR_3233,Hypothalamus,16.12,19.68,Rattus norvegicus
NEUR_9187,Striatum,71.26,47.09,Rattus norvegicus
NEUR_3132,Striatum,67.98,34.52,Macaca mulatta
NEUR_6065,Thalamus,121.52,70.61,Danio rerio
NEUR_2895,Hippocampus,134.97,93.73,Mus musculus
NEUR_4685,Hippocampus,29.66,56.27,Mus musculus
NEUR_1083,Striatum,124.72,29.5,Macaca mulatta
NEUR_9566,Striatum,6.49,76.16,Rattus norvegicus
NEUR_7939,Thalamus,136.02,35.87,Danio rerio
NEUR_6831,Cortex,63.49,95.73,Macaca mulatta
NEUR_2480,Thalamus,17.31,89.49,Rattus norvegicus
NEUR_6060,Cortex,131.88,61.23,Rattus norvegicus
NEUR_4416,Cerebellum,108.11,76.66,Rattus norvegicus
NEUR_2360,Amygdala,118.73,104.94,Mus musculus
NEUR_8381,Striatum,108.73,81.52,Danio rerio
NEUR_4206,Striatum,102.69,22.64,Macaca mulatta
NEUR_8079,Amygdala,34.35,117.59,Mus musculus
NEUR_4818,Cerebellum,93.67,57.61,Mus musculus
NEUR_1684,Striatum,102.36,45.68,Macaca mulatta
NEUR_3941,Striatum,105.9,33.96,Macaca mulatta
NEUR_2558,Hippocampus,130.44,10.65,Macaca mulatta
NEUR_8302,Striatum,119.53,33.47,Macaca mulatta
NEUR_2963,Amygdala,35.69,41.09,Rattus norvegicus
NEUR_9735,Striatum,99.63,99.78,Danio rerio
NEUR_8333,Hypothalamus,112.86,104.86,Rattus norvegicus
NEUR_7419,Striatum,82.29,58.54,Danio rerio
NEUR_9646,Striatum,104.72,54.74,Rattus norvegicus
NEUR_2468,Cortex,146.61,33.93,Macaca mulatta
NEUR_8699,Striatum,111.73,94.94,Mus musculus
NEUR_2266,Hypothalamus,125.2,21.13,Danio rerio
NEUR_7996,Striatum,80.94,81.53,Danio rerio
NEUR_2909,Cerebellum,112.76,58.95,Rattus norvegicus
NEUR_7153,Hippocampus,68.25,77.33,Rattus norvegicus
NEUR_2642,Amygdala,5.9,112.28,Macaca mulatta
NEUR_5326,Amygdala,94.08,14.36,Mus musculus
NEUR_3826,Amygdala,21.85,36.15,Mus musculus
NEUR_4741,Cortex,47.78,103.77,Macaca mulatta
NEUR_6695,Thalamus,44.36,35.0,Mus musculus
NEUR_2442,Hypothalamus,121.02,102.28,Rattus norvegicus
NEUR_9152,Hypothalamus,10.59,41.82,Macaca mulatta
NEUR_1698,Hypothalamus,116.97,19.34,Mus musculus
NEUR_5444,Cerebellum,71.8,85.63,Rattus norvegicus
NEUR_1607,Hippocampus,68.44,115.32,Macaca mulatta
NEUR_2438,Cerebellum,121.35,25.65,Danio rerio
NEUR_8232,Cerebellum,42.44,75.26,Mus musculus
NEUR_6500,Amygdala,126.2,56.48,Rattus norvegicus
NEUR_1668,Hypothalamus,128.63,75.83,Mus musculus
NEUR_9040,Hippocampus,10.37,47.84,Macaca mulatta
NEUR_6861,Hypothalamus,63.3,16.52,Mus musculus
NEUR_3169,Amygdala,10.0,119.01,Rattus norvegicus
NEUR_4745,Hippocampus,20.2,114.95,Mus musculus
NEUR_2816,Hypothalamus,92.89,86.6,Rattus norvegicus
NEUR_5852,Amygdala,75.57,32.75,Macaca mulatta
NEUR_5555,Striatum,21.83,61.1,Macaca mulatta
NEUR_3818,Thalamus,112.05,50.12,Rattus norvegicus
NEUR_5564,Thalamus,71.02,57.8,Mus musculus
NEUR_4620,Amygdala,119.83,50.48,Macaca mulatta
NEUR_2553,Thalamus,85.61,56.3,Rattus norvegicus
NEUR_5356,Hippocampus,34.38,99.41,Rattus norvegicus
NEUR_6729,Cerebellum,5.35,54.06,Mus musculus
NEUR_9802,Striatum,79.05,59.12,Mus musculus
NEUR_1269,Hypothalamus,15.39,36.38,Mus musculus
NEUR_9709,Cortex,60.36,117.84,Mus musculus
NEUR_9163,Cortex,39.23,11.5,Macaca mulatta
NEUR_4616,Thalamus,68.98,102.27,Danio rerio
NEUR_1510,Hippocampus,84.19,38.43,Rattus norvegicus
NEUR_6137,Amygdala,117.12,24.57,Mus musculus
NEUR_6210,Hippocampus,75.28,75.64,Danio rerio
NEUR_9205,Hippocampus,124.35,37.33,Danio rerio
NEUR_5316,Amygdala,8.32,76.4,Rattus norvegicus
NEUR_6453,Cerebellum,109.98,55.81,Mus musculus
NEUR_9882,Hypothalamus,96.3,23.92,Rattus norvegicus
NEUR_8191,Hypothalamus,117.91,92.61,Rattus norvegicus
NEUR_3452,Cortex,81.67,54.73,Mus musculus
NEUR_3371,Hypothalamus,11.62,24.45,Danio rerio
NEUR_4882,Thalamus,45.18,38.5,Mus musculus
NEUR_5763,Cortex,45.57,79.1,Rattus norvegicus
NEUR_1560,Hypothalamus,6.21,44.55,Danio rerio
NEUR_8545,Hippocampus,77.25,40.73,Mus musculus
NEUR_4082,Hippocampus,110.79,75.33,Rattus norvegicus
NEUR_5855,Amygdala,106.16,91.64,Mus musculus
NEUR_9067,Cerebellum,56.39,91.64,Rattus norvegicus
NEUR_8760,Thalamus,131.38,79.31,Rattus norvegicus
NEUR_3911,Cortex,84.24,113.82,Mus musculus
NEUR_7920,Cerebellum,105.52,85.25,Mus musculus
NEUR_4127,Striatum,114.77,47.14,Rattus norvegicus
NEUR_3215,Hypothalamus,45.28,52.63,Danio rerio
NEUR_6175,Amygdala,82.32,45.75,Macaca mulatta
NEUR_2717,Thalamus,68.7,86.09,Macaca mulatta
NEUR_7032,Cortex,40.09,96.75,Mus musculus
NEUR_2028,Thalamus,123.82,61.34,Danio rerio
NEUR_1597,Hippocampus,46.29,19.7,Mus musculus
NEUR_9060,Hypothalamus,133.31,77.46,Danio rerio
NEUR_3088,Amygdala,120.19,62.79,Rattus norvegicus
NEUR_5779,Amygdala,52.98,95.54,Mus musculus
NEUR_9683,Hippocampus,49.11,59.04,Macaca mulatta
NEUR_4066,Amygdala,90.31,73.35,Danio rerio
NEUR_5391,Striatum,71.2,49.3,Rattus norvegicus
NEUR_5952,Hippocampus,68.69,50.32,Danio rerio
NEUR_7170,Cortex,14.59,12.39,Rattus norvegicus
NEUR_5708,Thalamus,95.42,40.31,Macaca mulatta
NEUR_3100,Striatum,79.78,35.3,Mus musculus
NEUR_2975,Amygdala,103.35,113.66,Mus musculus
NEUR_9196,Cortex,79.65,43.59,Rattus norvegicus
NEUR_3662,Striatum,80.61,55.12,Mus musculus
NEUR_4579,Cortex,143.15,104.67,Mus musculus
NEUR_4379,Hippocampus,86.28,51.81,Rattus norvegicus
NEUR_5281,Amygdala,50.15,66.83,Macaca mulatta
NEUR_3916,Hippocampus,118.19,73.73,Mus musculus
NEUR_9218,Cortex,14.01,77.17,Rattus norvegicus
NEUR_4524,Cerebellum,64.9,65.38,Danio rerio
NEUR_3225,Striatum,66.02,37.07,Rattus norvegicus
NEUR_7136,Cerebellum,107.87,19.81,Mus musculus
NEUR_8371,Cerebellum,70.13,25.4,Rattus norvegicus
NEUR_6515,Cerebellum,140.64,41.24,Mus musculus
NEUR_5865,Hippocampus,43.06,36.53,Rattus norvegicus
NEUR_3314,Thalamus,13.7,73.52,Macaca mulatta
NEUR_8514,Cortex,38.4,63.15,Macaca mulatta
NEUR_9073,Hypothalamus,144.82,104.75,Danio rerio
NEUR_5500,Striatum,72.0,51.18,Macaca mulatta
NEUR_4561,Cerebellum,50.58,50.18,Danio rerio
NEUR_7956,Cerebellum,21.47,86.74,Macaca mulatta
NEUR_4585,Thalamus,0.84,69.59,Macaca mulatta
NEUR_3670,Striatum,59.93,39.12,Danio rerio
NEUR_6025,Striatum,89.94,103.75,Danio rerio
NEUR_5573,Cortex,71.97,117.39,Macaca mulatta
NEUR_2626,Thalamus,139.06,34.87,Macaca mulatta
NEUR_5103,Thalamus,75.76,57.91,Mus musculus
NEUR_5856,Hypothalamus,136.32,75.1,Mus musculus
NEUR_7543,Thalamus,91.94,10.18,Macaca mulatta
NEUR_8141,Cortex,105.89,78.08,Rattus norvegicus
NEUR_1472,Amygdala,101.46,113.3,Macaca mulatta
NEUR_9999,Amygdala,91.46,65.47,Danio rerio
NEUR_5636,Cerebellum,141.63,82.59,Mus musculus
NEUR_8552,Hippocampus,139.58,58.6,Mus musculus
NEUR_6196,Striatum,70.11,45.52,Rattus norvegicus
NEUR_2489,Hippocampus,74.94,40.15,Macaca mulatta
NEUR_8276,Thalamus,139.04,73.65,Danio rerio
NEUR_8026,Thalamus,78.71,119.34,Macaca mulatta
NEUR_1906,Cortex,60.92,114.08,Rattus norvegicus
NEUR_6407,Cortex,10.05,113.77,Mus musculus
NEUR_1839,Cortex,24.85,89.63,Rattus norvegicus
NEUR_5974,Cortex,98.97,80.14,Macaca mulatta
NEUR_3024,Striatum,145.28,15.92,Rattus norvegicus
NEUR_7692,Thalamus,136.48,104.75,Danio rerio
NEUR_7494,Hypothalamus,73.86,104.42,Rattus norvegicus
NEUR_5587,Hippocampus,107.98,61.87,Rattus norvegicus
NEUR_8380,Striatum,65.94,10.23,Danio rerio
NEUR_3343,Hypothalamus,128.4,62.32,Mus musculus
NEUR_7758,Striatum,32.51,106.7,Macaca mulatta
NEUR_4823,Cortex,101.22,43.2,Rattus norvegicus
NEUR_9496,Hippocampus,13.01,67.71,Rattus norvegicus
NEUR_2690,Cerebellum,49.06,31.29,Rattus norvegicus
NEUR_2175,Striatum,9.65,21.77,Rattus norvegicus
NEUR_6215,Striatum,62.49,22.08,Danio rerio
NEUR_3491,Hippocampus,99.73,42.89,Rattus norvegicus
NEUR_8322,Striatum,115.26,101.2,Danio rerio
NEUR_5039,Cortex,138.34,76.57,Danio rerio
NEUR_6974,Hypothalamus,22.69,110.48,Mus musculus
NEUR_9432,Amygdala,85.79,39.55,Mus musculus
NEUR_1074,Cortex,86.77,46.46,Danio rerio
NEUR_1226,Hypothalamus,56.0,69.37,Mus musculus
NEUR_5851,Cerebellum,26.03,82.01,Mus musculus
NEUR_7048,Thalamus,8.32,43.33,Mus musculus
NEUR_1271,Hippocampus,43.65,83.38,Rattus norvegicus
NEUR_7881,Thalamus,115.81,69.45,Rattus norvegicus
NEUR_4084,Hypothalamus,44.87,105.35,Mus musculus
NEUR_8244,Cerebellum,42.98,102.53,Rattus norvegicus
NEUR_7422,Amygdala,149.59,117.22,Danio rerio
NEUR_7128,Hippocampus,80.42,14.25,Mus musculus
NEUR_4478,Cerebellum,12.22,115.25,Danio rerio
NEUR_5240,Cortex,53.89,115.51,Rattus norvegicus
NEUR_4316,Thalamus,138.88,98.41,Danio rerio
NEUR_1875,Hippocampus,50.04,90.75,Mus musculus
NEUR_3426,Thalamus,71.38,31.25,Danio rerio
NEUR_6558,Cerebellum,18.16,93.82,Rattus norvegicus
NEUR_4756,Cerebellum,141.66,16.63,Rattus norvegicus
NEUR_2429,Hypothalamus,50.11,119.72,Danio rerio
NEUR_4326,Hippocampus,80.51,114.52,Rattus norvegicus
NEUR_1685,Striatum,33.51,43.49,Danio rerio
NEUR_3603,Cortex,14.08,20.32,Rattus norvegicus
NEUR_6064,Thalamus,1.69,15.69,Mus musculus
NEUR_9939,Hippocampus,147.04,78.58,Rattus norvegicus
NEUR_4415,Amygdala,29.56,94.7,Danio rerio
NEUR_7225,Hypothalamus,87.01,119.03,Mus musculus
NEUR_4338,Thalamus,31.11,57.36,Danio rerio
NEUR_9414,Striatum,125.15,36.83,Mus musculus
NEUR_3169,Amygdala,117.05,37.01,Danio rerio
NEUR_1383,Cortex,149.73,112.56,Macaca mulatta
NEUR_4944,Striatum,72.02,60.57,Macaca mulatta
NEUR_1292,Striatum,98.07,112.72,Danio rerio
NEUR_6010,Thalamus,115.37,31.82,Mus musculus
NEUR_4205,Hypothalamus,31.0,91.65,Rattus norvegicus
NEUR_2341,Amygdala,34.75,115.58,Rattus norvegicus
NEUR_4407,Cortex,7.38,103.47,Rattus norvegicus
NEUR_6636,Cerebellum,6.69,66.17,Mus musculus
NEUR_4664,Thalamus,103.54,42.83,Danio rerio
NEUR_9014,Hippocampus,16.37,14.34,Rattus norvegicus
NEUR_6344,Thalamus,92.79,20.32,Macaca mulatta
NEUR_6570,Hypothalamus,70.49,13.42,Rattus norvegicus
NEUR_3029,Cortex,111.41,109.01,Rattus norvegicus
NEUR_7743,Amygdala,13.46,106.09,Mus musculus
NEUR_1342,Cerebellum,13.82,80.23,Rattus norvegicus
NEUR_9493,Cerebellum,149.15,91.57,Rattus norvegicus
NEUR_7815,Thalamus,72.96,28.22,Mus musculus
NEUR_7740,Striatum,48.81,51.03,Mus musculus
NEUR_9475,Thalamus,109.86,53.45,Rattus norvegicus
NEUR_4738,Cerebellum,16.23,22.53,Macaca mulatta
NEUR_3717,Thalamus,35.19,56.84,Danio rerio
NEUR_8671,Thalamus,26.79,65.71,Danio rerio
NEUR_7052,Amygdala,5.34,72.99,Danio rerio
NEUR_6729,Striatum,56.25,16.76,Rattus norvegicus
NEUR_1044,Hippocampus,135.98,87.78,Danio rerio
NEUR_8834,Hypothalamus,27.35,55.38,Macaca mulatta
NEUR_4102,Amygdala,108.13,70.74,Danio rerio
NEUR_4059,Striatum,39.38,52.15,Mus musculus
NEUR_7405,Cerebellum,39.28,112.73,Mus musculus
NEUR_8057,Hippocampus,84.37,110.28,Mus musculus
NEUR_7356,Hypothalamus,6.8,44.44,Mus musculus
NEUR_5240,Hypothalamus,41.84,10.77,Danio rerio
NEUR_1018,Hippocampus,125.29,72.67,Macaca mulatta
NEUR_6758,Thalamus,131.42,33.29,Macaca mulatta
NEUR_5414,Thalamus,122.28,91.92,Mus musculus
NEUR_3885,Cortex,46.2,18.74,Mus musculus
NEUR_3567,Cortex,144.59,78.71,Rattus norvegicus
NEUR_1407,Striatum,131.62,16.7,Mus musculus
NEUR_9736,Cerebellum,84.09,51.87,Danio rerio
NEUR_1038,Hypothalamus,40.52,109.98,Danio rerio
NEUR_8061,Striatum,36.77,45.94,Danio rerio
NEUR_2777,Amygdala,121.76,94.92,Mus musculus
NEUR_2496,Hippocampus,25.0,58.77,Mus musculus
NEUR_5962,Thalamus,24.51,67.15,Rattus norvegicus
NEUR_7231,Thalamus,8.56,15.21,Mus musculus
NEUR_1346,Striatum,66.02,25.76,Danio rerio
NEUR_2320,Cortex,127.85,52.04,Rattus norvegicus
NEUR_8391,Cortex,72.73,11.53,Danio rerio
NEUR_8901,Striatum,76.78,53.66,Rattus norvegicus
NEUR_2731,Amygdala,83.98,58.49,Danio rerio
NEUR_9837,Cortex,55.15,105.62,Mus musculus
NEUR_1961,Hippocampus,61.63,31.91,Macaca mulatta
NEUR_8469,Hippocampus,146.44,110.71,Mus musculus
NEUR_8440,Striatum,40.47,109.68,Rattus norvegicus
NEUR_6108,Thalamus,23.19,53.2,Danio rerio
NEUR_8342,Amygdala,82.88,28.01,Rattus norvegicus
NEUR_6124,Thalamus,72.68,54.85,Mus musculus
NEUR_6753,Cerebellum,48.84,22.85,Macaca mulatta
NEUR_9131,Striatum,136.58,94.03,Mus musculus
NEUR_6467,Hypothalamus,30.32,67.62,Danio rerio
NEUR_5920,Hippocampus,144.79,11.11,Macaca mulatta
NEUR_8305,Amygdala,86.2,26.19,Danio rerio
NEUR_9452,Amygdala,137.09,14.29,Mus musculus
NEUR_2110,Amygdala,76.48,65.44,Mus musculus
NEUR_5875,Cortex,122.77,45.55,Danio rerio
NEUR_1480,Hypothalamus,70.62,101.49,Macaca mulatta
NEUR_1620,Cortex,121.76,12.03,Mus musculus
NEUR_4702,Thalamus,101.85,20.22,Rattus norvegicus
NEUR_1993,Striatum,31.34,117.8,Mus musculus
NEUR_4596,Thalamus,42.46,17.07,Macaca mulatta
NEUR_2633,Cortex,82.34,21.15,Macaca mulatta
NEUR_3707,Striatum,110.61,25.17,Rattus norvegicus
NEUR_5663,Hypothalamus,6.88,61.46,Macaca mulatta
NEUR_8466,Striatum,94.35,72.88,Danio rerio
NEUR_2914,Cortex,149.63,48.35,Danio rerio
NEUR_1539,Hypothalamus,149.09,117.29,Mus musculus
NEUR_8061,Thalamus,122.15,92.87,Macaca mulatta
NEUR_8612,Cerebellum,106.61,36.65,Danio rerio
NEUR_6452,Hypothalamus,97.68,53.58,Mus musculus
NEUR_4167,Hippocampus,93.85,63.57,Danio rerio
NEUR_6112,Hypothalamus,70.57,96.41,Rattus norvegicus
NEUR_3944,Amygdala,63.09,16.16,Mus musculus
NEUR_5564,Amygdala,111.64,44.75,Mus musculus
NEUR_3034,Striatum,136.55,17.66,Rattus norvegicus
NEUR_9154,Amygdala,11.61,46.64,Mus musculus
NEUR_9848,Striatum,7.75,64.48,Macaca mulatta
NEUR_2507,Cerebellum,38.1,20.43,Rattus norvegicus
NEUR_3774,Hypothalamus,121.53,116.97,Danio rerio
NEUR_7577,Cerebellum,44.09,29.03,Rattus norvegicus
NEUR_6727,Amygdala,141.56,51.86,Rattus norvegicus
NEUR_8351,Cortex,71.08,12.16,Macaca mulatta
NEUR_1387,Amygdala,117.05,27.79,Mus musculus
NEUR_6561,Thalamus,72.63,20.69,Danio rerio
NEUR_1535,Cerebellum,49.61,81.97,Mus musculus
NEUR_6309,Striatum,88.36,56.26,Mus musculus
NEUR_9480,Cortex,2.08,36.04,Mus musculus
NEUR_6904,Cortex,32.78,49.21,Rattus norvegicus
NEUR_6465,Amygdala,109.2,13.04,Rattus norvegicus
NEUR_5582,Cerebellum,125.93,44.82,Rattus norvegicus
NEUR_8449,Cerebellum,55.85,66.45,Mus musculus
NEUR_8241,Amygdala,58.33,11.58,Rattus norvegicus
NEUR_3781,Hippocampus,7.67,103.21,Danio rerio
NEUR_1438,Hypothalamus,146.97,73.95,Macaca mulatta
NEUR_4250,Hypothalamus,109.92,11.71,Danio rerio
NEUR_5373,Hippocampus,131.09,36.4,Danio rerio
NEUR_8701,Hypothalamus,57.29,21.23,Danio rerio
NEUR_9725,Cerebellum,92.83,59.68,Danio rerio
NEUR_4784,Hippocampus,54.13,15.7,Danio rerio
NEUR_4926,Hypothalamus,60.87,44.13,Danio rerio
NEUR_7137,Hippocampus,19.93,71.64,Rattus norvegicus
NEUR_2648,Cortex,148.67,107.24,Rattus norvegicus
NEUR_1290,Cerebellum,138.69,21.69,Mus musculus
NEUR_6565,Cortex,11.47,116.99,Macaca mulatta
NEUR_2595,Hippocampus,110.33,25.37,Macaca mulatta
NEUR_7202,Cortex,107.42,90.63,Macaca mulatta
NEUR_7349,Striatum,23.58,43.59,Rattus norvegicus
NEUR_1937,Thalamus,20.54,85.52,Mus musculus
NEUR_3233,Hypothalamus,147.26,60.87,Mus musculus
NEUR_6935,Hypothalamus,101.3,84.35,Macaca mulatta
NEUR_3004,Cortex,76.61,109.01,Mus musculus
NEUR_9219,Thalamus,141.89,49.75,Danio rerio
NEUR_3150,Amygdala,138.0,75.92,Danio rerio
NEUR_4394,Hippocampus,149.49,61.19,Rattus norvegicus
NEUR_5028,Striatum,113.18,102.87,Macaca mulatta
NEUR_6176,Hippocampus,127.03,66.44,Mus musculus
NEUR_6576,Amygdala,48.4,79.27,Macaca mulatta
NEUR_7104,Cerebellum,139.25,12.46,Macaca mulatta
NEUR_2768,Hippocampus,146.36,44.69,Mus musculus
NEUR_9600,Amygdala,111.24,11.94,Danio rerio
NEUR_6381,Cortex,145.68,19.06,Macaca mulatta
NEUR_4923,Thalamus,30.67,103.09,Rattus norvegicus
NEUR_7470,Cerebellum,57.13,109.07,Macaca mulatta
NEUR_4766,Thalamus,55.83,41.49,Mus musculus
NEUR_3032,Hippocampus,90.71,89.07,Macaca mulatta
NEUR_5135,Hypothalamus,49.26,104.6,Mus musculus
NEUR_4170,Hypothalamus,51.02,54.18,Macaca mulatta
NEUR_1877,Amygdala,63.31,24.62,Macaca mulatta
NEUR_7052,Thalamus,9.51,96.57,Mus musculus
NEUR_3386,Hypothalamus,58.99,15.24,Macaca mulatta
NEUR_6931,Cerebellum,8.1,74.58,Rattus norvegicus
NEUR_6214,Thalamus,30.18,67.67,Danio rerio
NEUR_7324,Cortex,52.45,57.06,Mus musculus
NEUR_7167,Striatum,64.77,10.57,Mus musculus
NEUR_1589,Cerebellum,49.1,93.69,Mus musculus
NEUR_5000,Thalamus,23.1,44.61,Danio rerio
NEUR_2699,Cerebellum,118.17,27.42,Danio rerio
NEUR_7587,Cortex,143.54,77.98,Mus musculus
NEUR_6012,Cerebellum,148.03,63.31,Macaca mulatta
NEUR_2771,Hypothalamus,17.5,53.42,Rattus norvegicus
NEUR_1016,Amygdala,140.6,112.0,Rattus norvegicus
NEUR_3111,Cerebellum,120.11,32.61,Mus musculus
NEUR_9988,Cerebellum,88.87,69.15,Rattus norvegicus
NEUR_6611,Striatum,25.3,89.75,Mus musculus
NEUR_7052,Striatum,54.34,110.28,Rattus norvegicus
NEUR_1116,Hippocampus,66.85,80.43,Rattus norvegicus
NEUR_4129,Cerebellum,17.15,55.5,Macaca mulatta
NEUR_4577,Thalamus,1.73,55.9,Macaca mulatta
NEUR_7767,Cerebellum,65.37,34.08,Rattus norvegicus
NEUR_6439,Hypothalamus,126.06,89.85,Rattus norvegicus
NEUR_2719,Hippocampus,9.8,93.86,Mus musculus
NEUR_5431,Thalamus,109.32,106.99,Danio rerio
NEUR_3144,Cortex,99.69,102.42,Rattus norvegicus
NEUR_7237,Thalamus,103.31,29.84,Macaca mulatta
NEUR_1924,Cortex,137.68,86.68,Macaca mulatta
NEUR_2649,Cerebellum,75.54,11.97,Macaca mulatta
NEUR_1031,Hypothalamus,55.55,19.26,Rattus norvegicus
NEUR_4633,Thalamus,10.25,57.72,Macaca mulatta
NEUR_4392,Thalamus,13.98,109.42,Mus musculus
NEUR_4138,Hippocampus,2.97,111.06,Rattus norvegicus
NEUR_1797,Amygdala,72.02,116.54,Macaca mulatta
NEUR_6771,Striatum,36.27,10.38,Danio rerio
NEUR_6628,Thalamus,131.54,79.51,Macaca mulatta
NEUR_7762,Thalamus,29.2,80.74,Macaca mulatta
NEUR_3881,Hypothalamus,19.37,64.99,Danio rerio
NEUR_3784,Hypothalamus,90.06,17.51,Danio rerio
NEUR_8413,Hippocampus,96.78,70.36,Rattus norvegicus
NEUR_1761,Amygdala,23.78,69.08,Danio rerio
NEUR_3681,Cerebellum,24.29,64.48,Rattus norvegicus
NEUR_6747,Amygdala,37.0,87.91,Mus musculus
NEUR_8082,Hippocampus,138.51,101.24,Macaca mulatta
NEUR_3279,Thalamus,15.32,114.86,Rattus norvegicus
NEUR_8632,Striatum,104.93,21.9,Macaca mulatta
NEUR_9792,Cerebellum,103.81,69.51,Rattus norvegicus
NEUR_9095,Hypothalamus,86.88,38.22,Danio rerio
NEUR_9469,Amygdala,67.53,28.07,Rattus norvegicus
NEUR_4229,Hippocampus,149.4,109.4,Mus musculus
NEUR_1655,Striatum,9.76,60.08,Danio rerio
NEUR_5917,Amygdala,5.51,110.74,Macaca mulatta
NEUR_2072,Cerebellum,54.54,83.37,Danio rerio
NEUR_2049,Cerebellum,2.77,34.55,Macaca mulatta
NEUR_9999,Hypothalamus,34.93,113.77,Mus musculus
NEUR_3643,Hippocampus,43.92,33.82,Rattus norvegicus
NEUR_2537,Cerebellum,65.93,34.97,Macaca mulatta
NEUR_9455,Cerebellum,26.92,49.39,Macaca mulatta
NEUR_7891,Striatum,69.72,17.54,Rattus norvegicus
NEUR_8636,Thalamus,54.0,11.62,Rattus norvegicus
NEUR_6593,Striatum,37.35,106.5,Mus musculus
NEUR_8525,Amygdala,23.84,104.14,Macaca mulatta
NEUR_8508,Thalamus,53.5,109.34,Rattus norvegicus
NEUR_8558,Amygdala,33.71,74.55,Rattus norvegicus
NEUR_2140,Thalamus,63.29,39.36,Rattus norvegicus
NEUR_1708,Thalamus,85.98,11.73,Macaca mulatta
NEUR_4370,Hippocampus,97.36,84.62,Rattus norvegicus
NEUR_1894,Hypothalamus,143.82,21.37,Danio rerio
NEUR_9421,Hippocampus,0.51,13.93,Danio rerio
NEUR_9292,Cortex,40.2,69.75,Macaca mulatta
NEUR_4163,Hypothalamus,127.98,53.6,Mus musculus
NEUR_9007,Amygdala,23.71,109.15,Rattus norvegicus
NEUR_9701,Thalamus,77.26,113.83,Rattus norvegicus
NEUR_3850,Striatum,7.89,118.68,Mus musculus
NEUR_2655,Cerebellum,130.55,14.04,Macaca mulatta
NEUR_1766,Cortex,7.3,64.03,Macaca mulatta
NEUR_6478,Striatum,46.53,33.07,Rattus norvegicus
NEUR_9454,Thalamus,91.68,13.38,Rattus norvegicus
NEUR_1097,Thalamus,81.89,65.45,Rattus norvegicus
NEUR_2576,Cerebellum,33.42,66.22,Macaca mulatta
NEUR_6912,Amygdala,81.18,99.12,Danio rerio
NEUR_3869,Hypothalamus,22.51,30.96,Macaca mulatta
NEUR_7317,Hypothalamus,63.11,29.45,Danio rerio
NEUR_8933,Thalamus,31.67,63.16,Danio rerio
NEUR_8430,Cortex,89.74,63.6,Macaca mulatta
NEUR_3852,Hippocampus,80.97,103.44,Danio rerio
NEUR_1759,Amygdala,5.38,93.27,Rattus norvegicus
NEUR_7931,Hypothalamus,49.35,108.7,Macaca mulatta
NEUR_7402,Thalamus,112.34,32.88,Mus musculus
NEUR_5580,Cortex,37.17,17.32,Macaca mulatta
NEUR_9675,Cerebellum,103.81,74.44,Rattus norvegicus
NEUR_3282,Hippocampus,69.65,105.81,Rattus norvegicus
NEUR_9837,Striatum,87.4,110.82,Rattus norvegicus
NEUR_3463,Striatum,107.59,39.92,Rattus norvegicus
NEUR_7208,Hippocampus,112.15,89.86,Macaca mulatta
NEUR_1819,Striatum,65.38,101.21,Mus musculus
NEUR_7668,Cerebellum,104.69,82.54,Rattus norvegicus
NEUR_1544,Cerebellum,124.08,58.92,Rattus norvegicus
NEUR_5019,Hypothalamus,65.61,95.44,Mus musculus
NEUR_1085,Thalamus,103.06,60.93,Danio rerio
NEUR_9861,Hypothalamus,17.73,30.81,Mus musculus
NEUR_6902,Amygdala,80.45,100.13,Mus musculus
NEUR_5089,Cerebellum,61.73,16.3,Macaca mulatta
NEUR_6979,Cortex,0.7,100.39,Danio rerio
NEUR_6747,Hypothalamus,48.29,116.72,Macaca mulatta
NEUR_8854,Cerebellum,102.17,18.14,Mus musculus
NEUR_2883,Thalamus,98.7,76.34,Mus musculus
NEUR_5437,Striatum,119.53,11.7,Mus musculus
NEUR_7776,Amygdala,138.39,46.47,Mus musculus
NEUR_5160,Striatum,9.38,100.99,Mus musculus
NEUR_5563,Thalamus,113.91,103.39,Mus musculus
NEUR_5012,Hippocampus,15.63,39.18,Macaca mulatta
NEUR_9906,Thalamus,60.78,107.46,Macaca mulatta
NEUR_3097,Amygdala,82.24,31.58,Mus musculus
NEUR_3950,Thalamus,132.78,41.36,Rattus norvegicus
NEUR_5240,Hypothalamus,22.45,75.35,Danio rerio
NEUR_3257,Striatum,97.27,22.88,Danio rerio
NEUR_9098,Hippocampus,36.73,70.3,Rattus norvegicus
NEUR_5642,Amygdala,94.73,25.27,Macaca mulatta
NEUR_5954,Cerebellum,7.44,101.87,Mus musculus
NEUR_2134,Amygdala,2.89,55.72,Mus musculus
NEUR_3988,Cerebellum,84.6,43.18,Macaca mulatta
NEUR_6865,Hypothalamus,113.97,61.41,Rattus norvegicus
NEUR_6382,Thalamus,119.61,117.59,Macaca mulatta
NEUR_4063,Hippocampus,32.26,114.86,Mus musculus
NEUR_7692,Amygdala,10.14,97.21,Macaca mulatta
NEUR_1573,Thalamus,100.61,84.44,Rattus norvegicus
NEUR_8770,Hippocampus,51.14,86.21,Rattus norvegicus
NEUR_3770,Striatum,2.32,10.2,Macaca mulatta
NEUR_6767,Striatum,24.21,45.81,Rattus norvegicus
NEUR_9140,Amygdala,51.78,57.21,Mus musculus
NEUR_2226,Thalamus,84.56,17.4,Danio rerio
NEUR_6895,Hypothalamus,112.95,97.93,Mus musculus
NEUR_8013,Amygdala,22.67,108.24,Mus musculus
NEUR_8831,Amygdala,118.94,77.51,Macaca mulatta
NEUR_6056,Amygdala,86.61,75.02,Danio rerio
NEUR_1618,Hypothalamus,107.96,89.48,Mus musculus
NEUR_1520,Hippocampus,149.37,32.64,Rattus norvegicus
NEUR_2981,Cortex,59.12,32.51,Danio rerio
NEUR_7775,Cerebellum,74.34,35.38,Rattus norvegicus
NEUR_7712,Striatum,78.87,52.48,Danio rerio
NEUR_5330,Hippocampus,85.39,14.9,Rattus norvegicus
NEUR_6396,Cortex,24.03,31.99,Danio rerio
NEUR_3555,Cortex,99.63,51.15,Mus musculus
NEUR_9939,Cortex,25.63,51.71,Mus musculus
NEUR_8687,Hypothalamus,74.33,39.09,Rattus norvegicus
NEUR_4875,Thalamus,99.59,32.65,Macaca mulatta
NEUR_2004,Amygdala,126.73,12.77,Mus musculus
NEUR_7676,Thalamus,39.6,94.44,Danio rerio
NEUR_3201,Hypothalamus,133.15,48.37,Danio rerio
NEUR_3826,Thalamus,86.07,44.22,Mus musculus
NEUR_8666,Hypothalamus,32.58,109.81,Macaca mulatta
NEUR_6802,Hypothalamus,98.82,118.31,Danio rerio
NEUR_3741,Hypothalamus,96.3,68.62,Mus musculus
NEUR_1456,Cortex,27.69,35.82,Rattus norvegicus
NEUR_9379,Cortex,101.43,93.72,Macaca mulatta
NEUR_5336,Cerebellum,74.23,104.15,Danio rerio
NEUR_4201,Hypothalamus,110.25,99.2,Macaca mulatta
NEUR_2340,Cortex,124.42,60.2,Danio rerio
NEUR_9632,Cerebellum,61.28,12.07,Macaca mulatta
NEUR_6958,Amygdala,88.96,90.84,Danio rerio
NEUR_6870,Cerebellum,137.27,26.97,Mus musculus
NEUR_7359,Cortex,82.17,66.05,Rattus norvegicus
NEUR_7560,Cerebellum,146.77,14.28,Mus musculus
NEUR_4452,Hypothalamus,18.69,113.45,Macaca mulatta
NEUR_4224,Striatum,145.01,97.62,Rattus norvegicus
NEUR_8072,Cerebellum,123.64,21.31,Rattus norvegicus
NEUR_1915,Hypothalamus,41.49,103.15,Danio rerio
NEUR_9298,Hippocampus,66.08,75.42,Macaca mulatta
NEUR_2754,Striatum,23.89,46.78,Macaca mulatta
NEUR_8592,Hypothalamus,51.06,42.36,Mus musculus
NEUR_1901,Hippocampus,129.81,52.01,Rattus norvegicus
NEUR_1490,Cerebellum,13.52,44.75,Mus musculus
NEUR_5959,Thalamus,43.24,110.0,Macaca mulatta
NEUR_4823,Cortex,139.05,118.18,Mus musculus
NEUR_6875,Striatum,107.75,98.73,Mus musculus
NEUR_4549,Hippocampus,12.01,81.18,Rattus norvegicus
NEUR_6411,Amygdala,13.67,106.08,Danio rerio
NEUR_3276,Cerebellum,30.03,31.25,Mus musculus
NEUR_5830,Amygdala,97.25,88.28,Macaca mulatta
NEUR_9058,Striatum,58.91,45.11,Danio rerio
NEUR_4954,Amygdala,16.12,109.72,Macaca mulatta
NEUR_6375,Hippocampus,28.58,82.66,Mus musculus
NEUR_7454,Thalamus,40.71,22.77,Rattus norvegicus
NEUR_7907,Amygdala,119.63,54.68,Danio rerio
NEUR_8713,Hippocampus,44.59,50.59,Danio rerio
NEUR_6956,Striatum,3.0,13.19,Mus musculus
NEUR_9990,Thalamus,25.81,118.22,Danio rerio
NEUR_3275,Striatum,77.27,98.26,Mus musculus
NEUR_8349,Cerebellum,121.26,88.08,Danio rerio
NEUR_6092,Amygdala,127.69,67.96,Macaca mulatta
NEUR_9318,Cortex,108.52,64.56,Macaca mulatta
NEUR_1391,Thalamus,12.08,83.05,Rattus norvegicus
NEUR_6806,Cerebellum,50.65,16.54,Macaca mulatta
NEUR_5814,Hippocampus,131.47,34.74,Rattus norvegicus
NEUR_4192,Cortex,64.83,82.57,Macaca mulatta
NEUR_5205,Cortex,10.27,62.53,Mus musculus
NEUR_8471,Amygdala,43.7,92.0,Danio rerio
NEUR_4245,Cerebellum,54.77,119.5,Rattus norvegicus
NEUR_8704,Cortex,26.56,81.5,Rattus norvegicus
NEUR_2497,Cerebellum,133.18,81.91,Mus musculus
NEUR_9641,Thalamus,38.0,76.21,Macaca mulatta
NEUR_8024,Cortex,45.46,25.44,Mus musculus
NEUR_8666,Hypothalamus,86.23,91.0,Macaca mulatta
NEUR_2720,Hippocampus,120.43,56.48,Macaca mulatta
NEUR_2202,Amygdala,35.47,92.37,Macaca mulatta
NEUR_5937,Hippocampus,148.2,114.2,Macaca mulatta
NEUR_1731,Hippocampus,103.95,83.88,Rattus norvegicus
NEUR_9609,Cortex,137.39,29.38,Rattus norvegicus
NEUR_2669,Striatum,38.54,98.34,Macaca mulatta
NEUR_5617,Hippocampus,56.06,69.12,Rattus norvegicus
NEUR_1717,Cortex,30.78,58.7,Rattus norvegicus
NEUR_4384,Hypothalamus,23.09,67.66,Mus musculus
NEUR_7298,Striatum,33.9,87.0,Mus musculus
NEUR_9020,Cerebellum,86.89,93.22,Danio rerio
NEUR_4439,Amygdala,96.08,109.48,Macaca mulatta
NEUR_1520,Cortex,84.85,53.42,Rattus norvegicus
NEUR_1782,Amygdala,32.22,27.74,Macaca mulatta
NEUR_3883,Amygdala,53.81,55.3,Mus musculus
NEUR_7691,Hippocampus,89.67,117.02,Danio rerio
NEUR_7268,Striatum,80.43,75.67,Danio rerio
NEUR_8846,Cortex,47.33,57.91,Rattus norvegicus
NEUR_1474,Hypothalamus,16.58,13.8,Danio rerio
NEUR_6715,Cerebellum,28.52,59.15,Macaca mulatta
NEUR_6320,Thalamus,12.68,33.77,Rattus norvegicus
NEUR_1982,Thalamus,3.31,99.73,Macaca mulatta
NEUR_6102,Thalamus,71.75,61.85,Rattus norvegicus
NEUR_4663,Cortex,35.58,43.45,Danio rerio
NEUR_9786,Thalamus,74.0,93.04,Danio rerio
NEUR_8399,Hippocampus,73.48,51.83,Macaca mulatta
NEUR_2361,Cortex,93.71,12.08,Rattus norvegicus
NEUR_4585,Cortex,46.18,48.8,Danio rerio
NEUR_9940,Hippocampus,8.51,48.4,Mus musculus
NEUR_4573,Cerebellum,90.7,48.41,Macaca mulatta
NEUR_7020,Hippocampus,122.17,79.81,Mus musculus
NEUR_6136,Cerebellum,117.41,27.79,Rattus norvegicus
NEUR_8383,Thalamus,122.08,17.41,Macaca mulatta
NEUR_8521,Striatum,146.1,84.0,Danio rerio
NEUR_7184,Thalamus,31.11,31.22,Danio rerio
NEUR_7110,Amygdala,0.34,53.36,Macaca mulatta
NEUR_8002,Amygdala,41.21,56.31,Danio rerio
NEUR_5008,Cortex,91.66,92.73,Rattus norvegicus
NEUR_4904,Amygdala,124.08,81.77,Rattus norvegicus
NEUR_4747,Hypothalamus,66.63,35.79,Mus musculus
NEUR_2289,Cerebellum,147.46,89.81,Mus musculus
NEUR_4754,Thalamus,40.97,97.27,Rattus norvegicus
NEUR_6154,Cortex,141.23,95.67,Danio rerio
NEUR_7130,Hippocampus,12.32,21.9,Danio rerio
NEUR_2905,Striatum,13.65,93.13,Rattus norvegicus
NEUR_5097,Hypothalamus,130.26,40.38,Rattus norvegicus
NEUR_2603,Amygdala,115.08,73.81,Danio rerio
NEUR_5725,Thalamus,101.84,22.63,Danio rerio
NEUR_3331,Amygdala,73.37,57.18,Macaca mulatta
NEUR_6095,Cortex,7.68,76.76,Mus musculus
NEUR_2961,Thalamus,139.14,106.34,Danio rerio
NEUR_1878,Cortex,60.55,83.08,Danio rerio
NEUR_3121,Striatum,108.24,51.2,Rattus norvegicus
NEUR_8088,Hippocampus,87.88,33.07,Rattus norvegicus
NEUR_4788,Striatum,68.22,105.11,Mus musculus
NEUR_3841,Cerebellum,93.27,12.67,Macaca mulatta
NEUR_5554,Hippocampus,89.53,90.49,Macaca mulatta
NEUR_1066,Striatum,120.06,105.42,Rattus norvegicus
NEUR_4605,Hippocampus,11.47,43.77,Danio rerio
NEUR_9519,Hypothalamus,4.95,67.09,Danio rerio
NEUR_8784,Hypothalamus,146.68,36.73,Mus musculus
NEUR_9351,Cerebellum,49.96,52.15,Mus musculus
NEUR_3142,Amygdala,38.85,84.15,Mus musculus
NEUR_9318,Hippocampus,146.75,101.65,Mus musculus
NEUR_6718,Hypothalamus,9.32,64.76,Rattus norvegicus
NEUR_7264,Hypothalamus,128.25,118.21,Danio rerio
NEUR_3027,Cortex,109.9,41.56,Danio rerio
NEUR_7360,Cerebellum,92.6,118.85,Macaca mulatta
NEUR_9822,Cortex,78.14,15.09,Danio rerio
NEUR_7151,Hypothalamus,30.51,116.73,Mus musculus
NEUR_9907,Hippocampus,56.58,95.78,Rattus norvegicus
NEUR_9226,Striatum,20.5,57.65,Rattus norvegicus
NEUR_8015,Hypothalamus,116.54,105.3,Danio rerio
NEUR_3535,Amygdala,15.58,89.69,Danio rerio
NEUR_6556,Cerebellum,80.57,54.04,Rattus norvegicus
NEUR_2619,Cerebellum,117.55,108.64,Rattus norvegicus
NEUR_8119,Cerebellum,11.65,95.0,Rattus norvegicus
NEUR_5615,Hippocampus,44.51,77.71,Mus musculus
NEUR_3579,Cortex,56.76,13.69,Macaca mulatta
NEUR_7174,Thalamus,31.82,58.82,Rattus norvegicus
NEUR_2299,Striatum,95.93,68.2,Danio rerio
NEUR_9400,Striatum,21.29,86.27,Macaca mulatta
NEUR_8390,Amygdala,74.62,16.2,Macaca mulatta
NEUR_6878,Cortex,88.36,104.18,Danio rerio
NEUR_6488,Thalamus,39.39,114.65,Rattus norvegicus
NEUR_2288,Cerebellum,76.29,70.74,Macaca mulatta
NEUR_4201,Thalamus,49.21,108.35,Macaca mulatta
NEUR_3803,Thalamus,122.8,96.92,Macaca mulatta
NEUR_1561,Amygdala,127.85,29.61,Danio rerio
NEUR_9879,Amygdala,147.0,27.84,Rattus norvegicus
NEUR_7790,Amygdala,69.37,46.48,Rattus norvegicus
NEUR_3048,Cortex,54.97,70.54,Rattus norvegicus
NEUR_8049,Hippocampus,12.34,40.27,Danio rerio
NEUR_4582,Hippocampus,39.47,53.95,Danio rerio
NEUR_9989,Cerebellum,142.32,91.0,Mus musculus
NEUR_5355,Striatum,111.93,102.61,Mus musculus
NEUR_9870,Thalamus,24.34,31.19,Rattus norvegicus
NEUR_7358,Hippocampus,62.59,32.83,Rattus norvegicus
NEUR_8318,Thalamus,144.13,48.56,Rattus norvegicus
NEUR_1140,Thalamus,75.55,45.56,Macaca mulatta
NEUR_6931,Cortex,73.76,25.36,Rattus norvegicus
NEUR_3103,Striatum,56.56,35.84,Macaca mulatta
NEUR_5555,Thalamus,56.14,44.46,Mus musculus
NEUR_2627,Cerebellum,110.64,35.01,Mus musculus
NEUR_4506,Thalamus,133.92,88.05,Macaca mulatta
NEUR_5371,Striatum,67.77,73.36,Mus musculus
NEUR_8110,Thalamus,65.45,82.0,Danio rerio
NEUR_1008,Cortex,2.56,78.25,Mus musculus
NEUR_5981,Amygdala,85.89,94.26,Rattus norvegicus
NEUR_4291,Cortex,76.1,115.28,Rattus norvegicus
NEUR_5191,Cortex,34.45,101.99,Rattus norvegicus
NEUR_9988,Hypothalamus,89.09,102.21,Danio rerio
NEUR_7490,Hypothalamus,149.51,97.58,Mus musculus
NEUR_1876,Cortex,54.03,56.55,Mus musculus
NEUR_4472,Amygdala,124.15,34.17,Rattus norvegicus
NEUR_4398,Hippocampus,31.29,53.01,Mus musculus
NEUR_5385,Amygdala,123.25,37.22,Danio rerio
NEUR_6647,Hypothalamus,49.74,34.02,Mus musculus
NEUR_6338,Cerebellum,79.82,87.93,Macaca mulatta
NEUR_9863,Thalamus,55.88,39.99,Macaca mulatta
NEUR_5485,Cortex,108.32,16.6,Rattus norvegicus
NEUR_7245,Thalamus,49.94,23.97,Macaca mulatta
NEUR_4169,Thalamus,52.62,48.02,Danio rerio
NEUR_2018,Hippocampus,130.36,88.84,Danio rerio
NEUR_4312,Cortex,38.76,76.12,Mus musculus
NEUR_3717,Thalamus,26.56,49.93,Danio rerio
NEUR_4272,Striatum,135.17,23.58,Danio rerio
NEUR_3906,Cerebellum,120.68,76.27,Danio rerio
NEUR_1381,Cortex,10.57,38.04,Mus musculus
NEUR_3176,Cerebellum,43.75,43.4,Mus musculus
NEUR_5598,Cerebellum,117.26,114.92,Macaca mulatta
NEUR_9221,Cortex,57.63,114.72,Danio rerio
NEUR_3243,Cerebellum,31.15,68.17,Mus musculus
NEUR_6728,Cortex,86.27,41.32,Mus musculus
NEUR_7048,Cerebellum,86.12,28.58,Mus musculus
NEUR_7911,Hippocampus,111.28,28.44,Danio rerio
NEUR_1161,Cortex,89.35,112.56,Macaca mulatta
NEUR_6568,Amygdala,140.15,13.32,Rattus norvegicus
NEUR_1590,Cerebellum,43.07,58.98,Macaca mulatta
NEUR_5169,Striatum,117.89,86.34,Mus musculus
NEUR_8433,Cortex,88.09,18.19,Danio rerio
NEUR_2242,Striatum,44.68,33.99,Danio rerio
NEUR_6430,Amygdala,45.16,48.06,Rattus norvegicus
NEUR_8272,Cerebellum,9.55,102.98,Macaca mulatta
NEUR_2536,Amygdala,26.96,22.36,Mus musculus
NEUR_2148,Thalamus,51.9,71.36,Rattus norvegicus
NEUR_2689,Amygdala,32.12,99.55,Danio rerio
NEUR_1967,Amygdala,33.3,38.76,Macaca mulatta
NEUR_9870,Thalamus,25.33,66.48,Danio rerio
NEUR_7368,Cerebellum,78.75,88.41,Rattus norvegicus
NEUR_2946,Cortex,31.18,84.48,Mus musculus
NEUR_7214,Hypothalamus,27.18,110.01,Macaca mulatta
NEUR_8681,Cerebellum,28.06,44.51,Mus musculus
NEUR_8009,Striatum,119.34,67.8,Rattus norvegicus
NEUR_3114,Striatum,107.16,119.04,Danio rerio
NEUR_9940,Cerebellum,78.02,29.16,Macaca mulatta
NEUR_1305,Hypothalamus,12.53,10.88,Danio rerio
NEUR_2177,Cerebellum,94.78,111.54,Danio rerio
NEUR_4035,Hippocampus,50.83,55.48,Danio rerio
NEUR_9597,Cortex,69.2,90.03,Macaca mulatta
NEUR_9182,Amygdala,60.43,42.52,Danio rerio
NEUR_7639,Thalamus,42.51,86.12,Macaca mulatta
NEUR_7870,Cerebellum,67.41,57.41,Rattus norvegicus
NEUR_3838,Hypothalamus,144.41,55.91,Macaca mulatta
NEUR_3338,Hippocampus,27.52,31.39,Rattus norvegicus
NEUR_9051,Hippocampus,98.14,112.94,Rattus norvegicus
NEUR_1109,Cerebellum,100.09,28.98,Danio rerio
NEUR_6004,Hypothalamus,140.72,11.61,Mus musculus
NEUR_3202,Amygdala,104.91,98.15,Mus musculus
NEUR_4434,Hippocampus,52.8,112.26,Danio rerio
NEUR_2308,Amygdala,94.49,20.46,Danio rerio
NEUR_4644,Hypothalamus,131.68,54.13,Mus musculus
NEUR_2070,Cerebellum,34.6,11.36,Rattus norvegicus
NEUR_9134,Thalamus,59.42,111.88,Macaca mulatta
NEUR_1679,Striatum,90.41,29.38,Mus musculus
NEUR_8828,Amygdala,102.08,71.92,Mus musculus
NEUR_9917,Hypothalamus,15.42,112.41,Danio rerio
NEUR_4452,Striatum,17.12,74.89,Macaca mulatta
NEUR_6185,Striatum,78.02,113.54,Macaca mulatta
NEUR_9049,Cortex,50.34,92.11,Mus musculus
NEUR_3993,Amygdala,92.53,42.88,Mus musculus
NEUR_1976,Hippocampus,29.3,67.18,Macaca mulatta
NEUR_5498,Amygdala,19.61,26.32,Danio rerio
NEUR_3763,Cortex,32.96,70.73,Macaca mulatta
NEUR_9539,Striatum,57.83,117.03,Macaca mulatta
NEUR_1693,Cerebellum,77.66,81.52,Danio rerio
NEUR_2872,Hippocampus,148.3,58.9,Macaca mulatta
NEUR_8443,Hippocampus,98.04,108.8,Rattus norvegicus
NEUR_7838,Striatum,22.73,81.83,Macaca mulatta
NEUR_1253,Cerebellum,34.42,76.46,Mus musculus
NEUR_2338,Amygdala,16.67,26.88,Rattus norvegicus
NEUR_7969,Amygdala,75.09,22.02,Macaca mulatta
NEUR_6494,Amygdala,135.48,103.66,Rattus norvegicus
NEUR_3508,Cerebellum,38.73,26.27,Danio rerio
NEUR_1682,Cerebellum,131.37,32.76,Mus musculus
NEUR_9025,Hypothalamus,82.49,107.6,Rattus norvegicus
NEUR_4036,Cerebellum,119.14,17.9,Rattus norvegicus
NEUR_3452,Amygdala,145.37,77.29,Mus musculus
NEUR_4646,Hippocampus,74.98,97.41,Danio rerio
NEUR_2029,Cortex,43.66,52.21,Rattus norvegicus
NEUR_4745,Cerebellum,146.67,28.8,Macaca mulatta
NEUR_8952,Hippocampus,5.21,103.33,Macaca mulatta
NEUR_1620,Hippocampus,20.51,54.07,Mus musculus
NEUR_7085,Cortex,135.79,104.68,Rattus norvegicus
NEUR_5091,Thalamus,74.88,92.03,Danio rerio
NEUR_7986,Hypothalamus,26.81,43.33,Danio rerio
NEUR_8103,Thalamus,1.89,27.32,Danio rerio
NEUR_4922,Amygdala,83.65,118.22,Danio rerio
NEUR_2787,Amygdala,1.13,94.19,Mus musculus
NEUR_1431,Thalamus,22.81,109.89,Danio rerio
NEUR_5911,Thalamus,117.04,16.08,Mus musculus
NEUR_5716,Hippocampus,35.03,91.6,Macaca mulatta
NEUR_6258,Cerebellum,40.97,100.89,Mus musculus
NEUR_5163,Thalamus,9.47,44.33,Danio rerio
NEUR_3252,Cortex,130.22,78.85,Danio rerio
NEUR_8916,Cortex,83.54,21.89,Rattus norvegicus
NEUR_1241,Striatum,143.35,30.84,Macaca mulatta
NEUR_6830,Amygdala,62.33,100.74,Mus musculus
NEUR_3198,Amygdala,3.68,61.89,Danio rerio
NEUR_7478,Cortex,59.85,90.84,Mus musculus
NEUR_9640,Amygdala,19.9,94.89,Mus musculus
NEUR_9818,Cerebellum,134.75,110.51,Rattus norvegicus
NEUR_6188,Cortex,1.24,99.19,Mus musculus
NEUR_6643,Thalamus,105.43,82.13,Mus musculus
NEUR_2279,Hippocampus,141.03,50.57,Danio rerio
NEUR_4162,Cortex,9.65,76.66,Macaca mulatta
NEUR_4819,Thalamus,70.71,17.76,Mus musculus
NEUR_6330,Hypothalamus,9.34,78.87,Macaca mulatta
NEUR_9105,Hippocampus,115.51,107.83,Rattus norvegicus
NEUR_5269,Hippocampus,25.26,35.01,Danio rerio
NEUR_8772,Thalamus,19.2,65.41,Danio rerio
NEUR_7737,Hypothalamus,11.92,108.11,Macaca mulatta
NEUR_9210,Cortex,10.81,43.27,Danio rerio
NEUR_7425,Cortex,78.39,91.05,Rattus norvegicus
NEUR_2781,Cerebellum,128.91,75.95,Rattus norvegicus
NEUR_3049,Thalamus,109.37,11.45,Rattus norvegicus
NEUR_7920,Striatum,115.15,69.37,Mus musculus
NEUR_4312,Hypothalamus,82.37,85.55,Rattus norvegicus
NEUR_8901,Hypothalamus,136.1,29.51,Mus musculus
NEUR_5924,Striatum,50.22,72.71,Rattus norvegicus
NEUR_1882,Striatum,71.81,40.81,Rattus norvegicus
NEUR_3148,Striatum,81.2,63.83,Rattus norvegicus
NEUR_1376,Striatum,43.08,77.32,Mus musculus
NEUR_5788,Thalamus,35.3,33.76,Rattus norvegicus
NEUR_6653,Cortex,82.97,42.9,Rattus norvegicus
NEUR_6446,Thalamus,57.41,79.17,Mus musculus
NEUR_3652,Amygdala,15.92,81.69,Mus musculus
NEUR_6056,Striatum,105.79,61.37,Mus musculus
NEUR_9921,Cerebellum,24.11,105.51,Danio rerio
NEUR_8116,Cortex,148.51,64.82,Danio rerio
NEUR_5991,Hypothalamus,83.93,44.05,Rattus norvegicus
NEUR_2830,Hypothalamus,26.43,42.86,Mus musculus
NEUR_9873,Striatum,124.09,20.75,Mus musculus
NEUR_3529,Amygdala,104.51,71.43,Danio rerio
NEUR_4042,Amygdala,58.78,70.96,Macaca mulatta
NEUR_5996,Striatum,76.56,68.87,Macaca mulatta
NEUR_8310,Hypothalamus,140.7,46.3,Danio rerio
NEUR_5095,Striatum,71.07,87.55,Rattus norvegicus
NEUR_2083,Cortex,60.83,15.23,Macaca mulatta
NEUR_4531,Hypothalamus,84.37,79.63,Mus musculus
NEUR_6644,Hypothalamus,137.2,11.16,Mus musculus
NEUR_4796,Thalamus,80.63,27.55,Rattus norvegicus
NEUR_7279,Thalamus,49.38,88.94,Macaca mulatta
NEUR_6345,Thalamus,84.74,24.88,Rattus norvegicus
NEUR_8081,Thalamus,49.05,109.98,Danio rerio
NEUR_7881,Striatum,59.53,49.83,Danio rerio
NEUR_3717,Hypothalamus,123.85,36.64,Mus musculus
NEUR_3634,Hippocampus,108.02,19.85,Rattus norvegicus
NEUR_3374,Cerebellum,26.52,103.16,Danio rerio
NEUR_6504,Cortex,7.36,117.43,Macaca mulatta
NEUR_2857,Hypothalamus,0.62,91.64,Danio rerio
NEUR_3334,Thalamus,64.84,15.51,Rattus norvegicus
NEUR_5441,Thalamus,82.08,87.78,Danio rerio
NEUR_6806,Striatum,76.27,85.63,Rattus norvegicus
NEUR_6242,Striatum,124.48,63.17,Rattus norvegicus
NEUR_1743,Hippocampus,40.16,52.3,Mus musculus
NEUR_5428,Cerebellum,41.37,93.79,Macaca mulatta
NEUR_5877,Striatum,63.24,104.21,Danio rerio
NEUR_8850,Thalamus,132.25,92.46,Mus musculus
NEUR_1084,Striatum,125.85,102.96,Danio rerio
NEUR_7404,Hypothalamus,54.93,17.97,Rattus norvegicus
NEUR_4151,Amygdala,29.5,45.11,Macaca mulatta
NEUR_2050,Striatum,28.15,17.5,Danio rerio
NEUR_9111,Hypothalamus,95.61,114.42,Rattus norvegicus
NEUR_1483,Cerebellum,31.76,28.88,Mus musculus
NEUR_6447,Cortex,108.57,100.42,Mus musculus
NEUR_3898,Cortex,102.17,37.81,Danio rerio
NEUR_4748,Thalamus,31.06,70.05,Mus musculus
NEUR_4006,Cerebellum,110.48,102.81,Rattus norvegicus
NEUR_7759,Thalamus,88.14,108.62,Mus musculus
NEUR_7116,Cerebellum,37.25,83.53,Mus musculus
NEUR_2922,Hypothalamus,78.8,53.1,Danio rerio
NEUR_2039,Hypothalamus,83.61,116.45,Mus musculus
NEUR_6152,Cerebellum,79.58,69.92,Rattus norvegicus
NEUR_1807,Thalamus,89.68,34.26,Rattus norvegicus
NEUR_9699,Hippocampus,102.12,31.54,Danio rerio
NEUR_9154,Cerebellum,120.57,68.03,Rattus norvegicus
NEUR_7994,Amygdala,96.92,47.39,Mus musculus
NEUR_7203,Hypothalamus,99.33,101.77,Macaca mulatta
NEUR_3522,Cortex,148.53,28.75,Danio rerio
NEUR_5317,Thalamus,114.84,45.24,Danio rerio
NEUR_4329,Hippocampus,44.26,69.66,Mus musculus
NEUR_5561,Thalamus,122.15,48.25,Danio rerio
NEUR_1827,Hypothalamus,1.98,78.27,Danio rerio
NEUR_7635,Thalamus,53.6,89.34,Danio rerio
NEUR_5898,Thalamus,23.03,16.97,Mus musculus
NEUR_8163,Striatum,123.52,12.39,Danio rerio
NEUR_4350,Striatum,142.38,95.54,Macaca mulatta
NEUR_2296,Amygdala,132.02,84.36,Macaca mulatta
NEUR_1501,Hippocampus,106.65,115.69,Macaca mulatta
NEUR_7859,Cerebellum,9.91,37.37,Danio rerio
NEUR_4822,Striatum,56.53,99.18,Rattus norvegicus
NEUR_1937,Cerebellum,137.66,83.55,Mus musculus
NEUR_5888,Cerebellum,117.69,33.01,Danio rerio
NEUR_5677,Cortex,85.42,119.75,Rattus norvegicus
NEUR_2272,Cortex,130.63,59.86,Macaca mulatta
NEUR_4248,Hippocampus,92.24,72.85,Rattus norvegicus
NEUR_8857,Striatum,99.43,50.47,Macaca mulatta
NEUR_4085,Hippocampus,5.15,115.04,Danio rerio
NEUR_8252,Cerebellum,131.21,97.7,Mus musculus
NEUR_7463,Hypothalamus,49.75,51.82,Rattus norvegicus
NEUR_2855,Cortex,31.56,79.52,Rattus norvegicus
NEUR_6844,Thalamus,117.62,74.22,Rattus norvegicus
NEUR_9169,Hypothalamus,24.86,29.04,Danio rerio
NEUR_7400,Hippocampus,6.48,95.01,Rattus norvegicus
NEUR_2438,Hippocampus,138.67,104.39,Macaca mulatta
NEUR_5682,Cortex,95.07,23.32,Macaca mulatta
NEUR_8164,Thalamus,25.23,85.53,Mus musculus
NEUR_4732,Amygdala,72.09,94.07,Danio rerio
NEUR_9737,Striatum,140.05,76.11,Macaca mulatta
NEUR_6207,Cerebellum,125.57,107.6,Mus musculus
NEUR_2503,Cortex,28.48,57.96,Rattus norvegicus
NEUR_1190,Hippocampus,68.69,93.54,Macaca mulatta
NEUR_1781,Thalamus,114.9,102.13,Rattus norvegicus
NEUR_2113,Hypothalamus,20.3,35.95,Danio rerio
NEUR_2676,Hypothalamus,19.83,12.41,Danio rerio
NEUR_2907,Cerebellum,96.09,93.5,Danio rerio
NEUR_4004,Thalamus,30.91,74.7,Rattus norvegicus
NEUR_4994,Hippocampus,6.39,95.68,Danio rerio
NEUR_6540,Striatum,25.17,49.67,Rattus norvegicus
NEUR_9528,Cerebellum,25.06,38.7,Rattus norvegicus
NEUR_1680,Cortex,121.08,107.7,Rattus norvegicus
NEUR_3112,Hypothalamus,10.85,45.51,Macaca mulatta
NEUR_7675,Thalamus,109.6,31.26,Macaca mulatta
NEUR_3017,Amygdala,127.18,105.26,Rattus norvegicus
NEUR_1719,Amygdala,30.59,53.73,Danio rerio
NEUR_7484,Hypothalamus,12.92,20.0,Mus musculus
NEUR_1486,Thalamus,1.71,93.84,Macaca mulatta
NEUR_9292,Amygdala,86.13,115.51,Rattus norvegicus
NEUR_4226,Striatum,80.09,95.9,Danio rerio
NEUR_1426,Thalamus,0.48,33.09,Mus musculus
NEUR_5056,Amygdala,82.85,90.46,Danio rerio
NEUR_5494,Amygdala,77.72,13.37,Rattus norvegicus
NEUR_8502,Thalamus,75.89,20.83,Macaca mulatta
NEUR_7412,Hypothalamus,33.86,111.29,Danio rerio
NEUR_6043,Thalamus,13.53,113.19,Danio rerio
NEUR_8793,Thalamus,78.15,41.53,Mus musculus
NEUR_5620,Amygdala,71.33,32.96,Macaca mulatta
NEUR_9829,Hypothalamus,40.63,42.85,Macaca mulatta
NEUR_5658,Hypothalamus,113.79,10.97,Mus musculus
NEUR_8010,Amygdala,139.85,67.93,Macaca mulatta
NEUR_7380,Striatum,79.33,101.62,Macaca mulatta
NEUR_3505,Cortex,24.16,30.94,Danio rerio
NEUR_6785,Cerebellum,110.96,104.13,Danio rerio
NEUR_6450,Hippocampus,41.16,62.61,Danio rerio
NEUR_4287,Thalamus,61.45,72.41,Rattus norvegicus
NEUR_3264,Amygdala,55.46,112.89,Mus musculus
NEUR_9129,Cerebellum,70.24,59.97,Rattus norvegicus
NEUR_8414,Hippocampus,16.83,118.59,Macaca mulatta
NEUR_6783,Thalamus,92.44,34.7,Macaca mulatta
NEUR_5352,Hippocampus,11.96,22.06,Rattus norvegicus
NEUR_2789,Amygdala,122.93,77.66,Macaca mulatta
NEUR_4105,Cerebellum,13.53,13.33,Macaca mulatta
NEUR_6756,Striatum,13.57,47.98,Macaca mulatta
NEUR_9107,Hypothalamus,56.29,50.55,Danio rerio
NEUR_9492,Hypothalamus,113.11,12.74,Danio rerio
NEUR_8202,Thalamus,41.37,101.03,Mus musculus
NEUR_5671,Thalamus,43.59,67.0,Mus musculus
NEUR_6150,Thalamus,55.6,17.46,Rattus norvegicus
NEUR_3467,Hippocampus,104.71,31.16,Mus musculus
NEUR_7318,Hypothalamus,88.69,21.9,Mus musculus
NEUR_4522,Striatum,29.85,97.08,Macaca mulatta
NEUR_7521,Hippocampus,123.2,73.81,Rattus norvegicus
NEUR_6631,Hippocampus,1.3,70.1,Mus musculus
NEUR_1123,Hypothalamus,149.15,44.61,Rattus norvegicus
NEUR_8857,Thalamus,82.43,109.72,Macaca mulatta
NEUR_6541,Thalamus,92.5,26.6,Danio rerio
NEUR_7127,Cerebellum,98.67,24.41,Mus musculus
NEUR_8580,Amygdala,138.88,76.73,Mus musculus
NEUR_1045,Hypothalamus,33.16,66.44,Rattus norvegicus
NEUR_5012,Cerebellum,128.2,72.97,Macaca mulatta
NEUR_1969,Amygdala,53.81,51.6,Mus musculus
NEUR_6205,Thalamus,10.57,81.47,Macaca mulatta
NEUR_4954,Amygdala,99.68,66.84,Danio rerio
NEUR_2879,Thalamus,90.46,43.59,Rattus norvegicus
NEUR_1465,Hippocampus,136.7,59.32,Rattus norvegicus
NEUR_5665,Cortex,10.12,118.98,Rattus norvegicus
NEUR_5303,Cerebellum,128.9,18.92,Macaca mulatta
NEUR_4936,Striatum,114.5,118.94,Mus musculus
NEUR_5217,Striatum,147.16,87.47,Mus musculus
NEUR_3338,Cortex,123.52,27.91,Rattus norvegicus
NEUR_4883,Hippocampus,1.1,111.1,Mus musculus
NEUR_4087,Hypothalamus,39.25,35.06,Macaca mulatta
NEUR_7527,Cerebellum,95.11,50.62,Macaca mulatta
NEUR_5609,Cerebellum,109.4,48.46,Mus musculus
NEUR_4917,Hippocampus,55.31,74.17,Macaca mulatta
NEUR_8497,Hypothalamus,10.58,28.33,Rattus norvegicus
NEUR_8085,Cortex,35.03,33.0,Danio rerio
NEUR_8973,Cortex,27.68,79.2,Macaca mulatta
NEUR_8301,Cortex,33.95,102.19,Danio rerio
NEUR_4497,Cortex,5.34,61.04,Danio rerio
NEUR_3335,Cortex,36.83,61.2,Macaca mulatta
NEUR_3883,Cortex,4.73,99.92,Macaca mulatta
NEUR_3144,Striatum,56.91,80.32,Macaca mulatta
NEUR_6069,Cerebellum,12.13,92.38,Mus musculus
NEUR_3406,Hypothalamus,93.43,25.92,Rattus norvegicus
NEUR_4118,Hippocampus,30.9,96.45,Mus musculus
NEUR_3367,Cortex,87.9,27.35,Mus musculus
NEUR_9180,Cortex,98.01,89.01,Macaca mulatta
NEUR_1739,Striatum,92.35,37.56,Rattus norvegicus
NEUR_5295,Hypothalamus,92.99,102.57,Rattus norvegicus
NEUR_9411,Hypothalamus,85.28,75.75,Mus musculus
NEUR_1130,Striatum,139.8,70.46,Mus musculus
NEUR_6870,Amygdala,41.4,118.91,Macaca mulatta
NEUR_3105,Thalamus,88.51,12.75,Danio rerio
NEUR_1615,Hypothalamus,33.27,70.81,Danio rerio
NEUR_6434,Striatum,75.88,46.71,Macaca mulatta
NEUR_2610,Amygdala,83.9,106.17,Macaca mulatta
NEUR_9617,Hippocampus,136.56,87.8,Macaca mulatta
NEUR_7308,Striatum,135.35,56.18,Rattus norvegicus
NEUR_1446,Cortex,112.7,112.27,Danio rerio
NEUR_5920,Thalamus,45.09,27.13,Macaca mulatta
NEUR_3995,Cerebellum,43.55,64.98,Danio rerio
NEUR_2694,Hippocampus,134.28,105.8,Mus musculus
NEUR_8956,Hypothalamus,62.03,119.28,Danio rerio
NEUR_1278,Hippocampus,53.62,75.6,Danio rerio
NEUR_5144,Hippocampus,84.14,56.82,Mus musculus
NEUR_4158,Cortex,125.6,59.9,Danio rerio
NEUR_8077,Hypothalamus,126.68,18.13,Macaca mulatta
NEUR_9803,Thalamus,50.46,23.6,Danio rerio
NEUR_6555,Amygdala,104.94,66.26,Mus musculus
NEUR_9301,Thalamus,35.82,76.02,Macaca mulatta
NEUR_5425,Cortex,4.5,43.79,Rattus norvegicus
NEUR_9190,Hippocampus,126.63,45.33,Macaca mulatta
NEUR_7337,Hypothalamus,145.17,88.6,Macaca mulatta
NEUR_5261,Amygdala,63.37,22.51,Mus musculus
NEUR_8986,Thalamus,105.49,11.23,Mus musculus
NEUR_2223,Cerebellum,31.3,52.81,Rattus norvegicus
NEUR_3724,Amygdala,118.33,64.52,Macaca mulatta
NEUR_1618,Cerebellum,32.71,105.11,Danio rerio
NEUR_5167,Cerebellum,76.05,117.02,Rattus norvegicus
NEUR_5210,Hippocampus,106.74,110.69,Mus musculus
NEUR_1203,Hypothalamus,104.88,38.58,Danio rerio
NEUR_1368,Striatum,95.67,72.1,Mus musculus
NEUR_8206,Cortex,63.99,65.78,Macaca mulatta
NEUR_6228,Hypothalamus,120.49,71.66,Mus musculus
NEUR_4488,Striatum,0.69,28.97,Rattus norvegicus
NEUR_9434,Amygdala,71.37,108.35,Macaca mulatta
NEUR_4352,Hippocampus,95.62,23.94,Danio rerio
NEUR_3121,Cortex,147.13,41.93,Mus musculus
NEUR_9797,Striatum,45.43,74.2,Danio rerio
NEUR_9594,Amygdala,8.21,56.51,Macaca mulatta
NEUR_8744,Striatum,37.0,27.26,Rattus norvegicus
NEUR_3468,Hypothalamus,52.34,55.84,Macaca mulatta
NEUR_9433,Cortex,8.04,75.57,Rattus norvegicus
NEUR_7648,Thalamus,99.01,98.98,Macaca mulatta
NEUR_8483,Hypothalamus,126.94,45.46,Rattus norvegicus
NEUR_8878,Striatum,48.99,114.76,Danio rerio
NEUR_4146,Striatum,108.49,22.47,Macaca mulatta
NEUR_1127,Amygdala,17.51,22.23,Rattus norvegicus
NEUR_8663,Striatum,24.73,69.77,Danio rerio
NEUR_2155,Hypothalamus,109.04,57.79,Macaca mulatta
NEUR_5451,Thalamus,5.05,102.68,Danio rerio
NEUR_4063,Hypothalamus,15.1,75.05,Macaca mulatta
NEUR_6044,Amygdala,61.71,13.51,Mus musculus
NEUR_2402,Hypothalamus,116.96,101.11,Danio rerio
NEUR_3139,Striatum,70.14,52.09,Danio rerio
NEUR_1572,Striatum,103.35,62.58,Rattus norvegicus
NEUR_3593,Thalamus,72.37,46.91,Macaca mulatta
NEUR_6897,Cerebellum,88.58,64.57,Macaca mulatta
NEUR_2004,Hippocampus,91.5,106.55,Rattus norvegicus
NEUR_1837,Cerebellum,129.91,19.51,Danio rerio
NEUR_8588,Hypothalamus,101.19,118.84,Rattus norvegicus
NEUR_6571,Cerebellum,143.13,76.93,Rattus norvegicus
NEUR_6011,Hippocampus,134.29,79.93,Danio rerio
NEUR_6795,Striatum,107.93,33.1,Rattus norvegicus
NEUR_2404,Cerebellum,23.2,46.91,Mus musculus
NEUR_7459,Hypothalamus,71.69,74.1,Rattus norvegicus
NEUR_5305,Striatum,46.34,86.17,Macaca mulatta
NEUR_2931,Cerebellum,113.85,36.36,Mus musculus
NEUR_1416,Amygdala,53.0,77.42,Rattus norvegicus
NEUR_2102,Cerebellum,91.02,49.43,Danio rerio
NEUR_9766,Thalamus,37.93,48.87,Danio rerio
NEUR_4906,Hippocampus,76.65,57.92,Danio rerio
NEUR_1091,Amygdala,113.55,44.95,Mus musculus
NEUR_4450,Striatum,140.45,46.4,Mus musculus
NEUR_3180,Cortex,81.58,30.33,Danio rerio
NEUR_3445,Hippocampus,32.85,68.54,Mus musculus
NEUR_6430,Thalamus,45.22,26.86,Rattus norvegicus
NEUR_4749,Thalamus,77.2,49.21,Rattus norvegicus
NEUR_7065,Thalamus,32.89,75.38,Danio rerio
NEUR_9916,Amygdala,94.25,43.67,Danio rerio
NEUR_2681,Amygdala,21.77,91.14,Rattus norvegicus
NEUR_8644,Cortex,98.24,113.95,Mus musculus
NEUR_2268,Striatum,24.65,69.84,Danio rerio
NEUR_7579,Cerebellum,82.06,26.51,Macaca mulatta
NEUR_2483,Hypothalamus,8.19,105.41,Macaca mulatta
NEUR_7136,Striatum,23.38,28.3,Rattus norvegicus
NEUR_7347,Hippocampus,114.71,60.49,Rattus norvegicus
NEUR_6306,Striatum,54.63,68.01,Danio rerio
NEUR_9928,Cerebellum,43.37,112.19,Macaca mulatta
NEUR_2848,Striatum,100.13,75.52,Danio rerio
NEUR_2560,Hippocampus,37.13,10.67,Mus musculus
NEUR_9207,Thalamus,110.65,11.22,Mus musculus
NEUR_6651,Amygdala,4.9,14.54,Mus musculus
NEUR_2804,Hypothalamus,145.79,95.73,Rattus norvegicus
NEUR_6883,Cortex,3.73,77.49,Rattus norvegicus
NEUR_4574,Striatum,131.87,52.86,Mus musculus
NEUR_3186,Hippocampus,128.46,98.04,Macaca mulatta
NEUR_7514,Striatum,54.32,33.75,Danio rerio
NEUR_2381,Cerebellum,120.96,58.32,Rattus norvegicus
NEUR_2705,Hypothalamus,146.02,71.0,Rattus norvegicus
NEUR_5095,Hypothalamus,140.25,94.02,Danio rerio
NEUR_4773,Hypothalamus,17.17,106.1,Danio rerio
NEUR_2605,Thalamus,13.16,39.74,Rattus norvegicus
NEUR_6906,Cortex,13.26,15.05,Rattus norvegicus
NEUR_2785,Cortex,83.53,99.97,Mus musculus
NEUR_7543,Amygdala,146.46,55.09,Mus musculus
NEUR_1300,Hypothalamus,99.52,108.39,Rattus norvegicus
NEUR_7503,Thalamus,70.05,71.96,Mus musculus
NEUR_9443,Cortex,136.98,56.49,Mus musculus
NEUR_1166,Hypothalamus,67.35,73.63,Mus musculus
NEUR_1960,Striatum,137.96,74.21,Rattus norvegicus
NEUR_7208,Thalamus,78.18,16.38,Rattus norvegicus
NEUR_4250,Striatum,17.3,13.14,Macaca mulatta
NEUR_6255,Cerebellum,68.8,79.44,Mus musculus
NEUR_9431,Amygdala,86.11,47.2,Macaca mulatta
NEUR_8301,Cortex,83.34,64.61,Danio rerio
NEUR_7696,Striatum,90.29,108.6,Rattus norvegicus
NEUR_4169,Cerebellum,43.51,53.28,Rattus norvegicus
NEUR_2191,Amygdala,45.59,59.03,Rattus norvegicus
NEUR_1435,Amygdala,86.13,52.93,Rattus norvegicus
NEUR_1476,Striatum,149.97,82.98,Mus musculus
NEUR_9776,Amygdala,96.71,69.64,Danio rerio
NEUR_5388,Hypothalamus,92.73,69.66,Mus musculus
NEUR_9927,Striatum,117.07,60.16,Danio rerio
NEUR_9220,Amygdala,120.57,116.0,Rattus norvegicus
NEUR_8289,Cerebellum,141.69,109.81,Mus musculus
NEUR_6064,Striatum,117.35,86.55,Danio rerio
NEUR_4907,Amygdala,55.59,34.88,Macaca mulatta
NEUR_6541,Hypothalamus,10.97,118.37,Danio rerio
NEUR_6361,Cortex,7.4,68.92,Rattus norvegicus
NEUR_7624,Cerebellum,36.78,90.5,Macaca mulatta
NEUR_4526,Striatum,27.82,62.38,Rattus norvegicus
NEUR_5703,Striatum,99.1,117.28,Danio rerio
NEUR_1193,Hippocampus,34.35,66.37,Macaca mulatta
NEUR_6037,Amygdala,23.71,113.37,Danio rerio
NEUR_8433,Cerebellum,102.93,39.6,Mus musculus
NEUR_8166,Thalamus,37.27,76.63,Macaca mulatta
NEUR_8894,Striatum,38.29,66.11,Macaca mulatta
NEUR_5358,Amygdala,101.48,80.07,Mus musculus
NEUR_9928,Striatum,119.23,66.21,Rattus norvegicus
NEUR_1586,Amygdala,118.53,109.74,Mus musculus
NEUR_8528,Hippocampus,103.28,76.48,Danio rerio
NEUR_7194,Amygdala,29.72,78.16,Rattus norvegicus
NEUR_4138,Striatum,147.13,57.51,Mus musculus
NEUR_4752,Cerebellum,42.85,28.36,Macaca mulatta
NEUR_5842,Hippocampus,99.57,58.87,Mus musculus
NEUR_6195,Striatum,127.72,77.43,Rattus norvegicus
NEUR_7123,Hippocampus,40.77,88.71,Mus musculus
NEUR_2775,Striatum,85.19,47.56,Danio rerio
NEUR_8077,Amygdala,65.0,58.91,Macaca mulatta
NEUR_5092,Cerebellum,59.8,111.79,Rattus norvegicus
NEUR_4065,Hippocampus,61.6,71.87,Mus musculus
NEUR_8751,Thalamus,57.3,115.85,Macaca mulatta
NEUR_3395,Cortex,128.36,30.02,Macaca mulatta
NEUR_5807,Cerebellum,109.87,12.93,Macaca mulatta
NEUR_8423,Cerebellum,23.01,59.28,Mus musculus
NEUR_7886,Amygdala,127.46,27.5,Mus musculus
NEUR_4354,Cerebellum,130.33,49.7,Macaca mulatta
NEUR_7184,Cerebellum,93.99,14.02,Danio rerio
NEUR_9786,Thalamus,0.63,86.52,Danio rerio
NEUR_4718,Amygdala,93.37,75.52,Macaca mulatta
NEUR_7033,Cerebellum,111.4,44.99,Danio rerio
NEUR_5632,Thalamus,62.42,34.32,Rattus norvegicus
NEUR_7816,Striatum,76.85,13.17,Danio rerio
NEUR_2610,Striatum,91.14,50.31,Rattus norvegicus
NEUR_1993,Cortex,133.3,30.01,Macaca mulatta
NEUR_2796,Thalamus,116.82,118.14,Macaca mulatta
NEUR_6462,Hippocampus,43.09,58.62,Rattus norvegicus
NEUR_3998,Hippocampus,122.76,67.24,Macaca mulatta
NEUR_8489,Hypothalamus,39.06,53.23,Rattus norvegicus
NEUR_7322,Hippocampus,110.35,57.52,Macaca mulatta
NEUR_2452,Hypothalamus,59.9,72.06,Rattus norvegicus
NEUR_4808,Cortex,114.18,89.9,Mus musculus
NEUR_2290,Cortex,30.34,11.61,Macaca mulatta
NEUR_5374,Striatum,58.57,85.58,Danio rerio
NEUR_3325,Striatum,130.5,76.18,Rattus norvegicus
NEUR_7656,Thalamus,128.99,84.36,Mus musculus
NEUR_2218,Cerebellum,123.63,29.74,Danio rerio
NEUR_4894,Cortex,112.72,72.95,Macaca mulatta
NEUR_2634,Cortex,67.98,33.65,Danio rerio
NEUR_9036,Thalamus,63.89,48.81,Danio rerio
NEUR_1034,Striatum,9.73,92.23,Mus musculus
NEUR_3735,Hypothalamus,129.96,91.58,Rattus norvegicus
NEUR_5588,Cerebellum,2.18,30.88,Rattus norvegicus
NEUR_5485,Hippocampus,139.93,61.67,Macaca mulatta
NEUR_9279,Striatum,8.91,48.42,Mus musculus
NEUR_1460,Cortex,112.76,59.42,Danio rerio
NEUR_1938,Hippocampus,78.37,57.42,Macaca mulatta
NEUR_5701,Hippocampus,30.37,62.12,Macaca mulatta
NEUR_4295,Hypothalamus,144.5,15.29,Rattus norvegicus
NEUR_2723,Thalamus,13.84,64.05,Mus musculus
NEUR_8802,Amygdala,114.55,80.18,Macaca mulatta
NEUR_3639,Cortex,114.84,51.68,Macaca mulatta
NEUR_6255,Hippocampus,98.25,62.9,Rattus norvegicus
NEUR_5393,Hypothalamus,41.19,56.22,Rattus norvegicus
NEUR_2072,Thalamus,40.79,29.4,Rattus norvegicus
NEUR_1913,Thalamus,89.19,97.38,Rattus norvegicus
NEUR_2386,Hippocampus,75.34,15.16,Mus musculus
NEUR_5159,Hypothalamus,50.33,45.27,Macaca mulatta
NEUR_4839,Cerebellum,32.12,90.43,Mus musculus
NEUR_8791,Striatum,24.69,55.88,Rattus norvegicus
NEUR_3564,Amygdala,15.42,103.64,Macaca mulatta
NEUR_8966,Hypothalamus,124.37,32.94,Rattus norvegicus
NEUR_1086,Hypothalamus,37.01,86.06,Rattus norvegicus
NEUR_2332,Thalamus,48.45,30.79,Danio rerio
NEUR_9776,Striatum,21.32,108.61,Macaca mulatta
NEUR_1368,Cerebellum,27.87,99.76,Mus musculus
NEUR_1853,Thalamus,40.66,12.53,Rattus norvegicus
NEUR_8982,Hypothalamus,116.52,40.77,Macaca mulatta
NEUR_2439,Cerebellum,39.81,94.74,Mus musculus
NEUR_9741,Striatum,15.72,23.46,Macaca mulatta
NEUR_5451,Cortex,31.65,72.81,Danio rerio
NEUR_2001,Cerebellum,126.57,22.11,Macaca mulatta
NEUR_2768,Hippocampus,96.89,24.62,Macaca mulatta
NEUR_8017,Cortex,42.69,17.01,Mus musculus
NEUR_8744,Cerebellum,85.35,98.53,Danio rerio
NEUR_9857,Hypothalamus,3.38,21.99,Danio rerio
NEUR_7328,Hippocampus,50.37,14.6,Danio rerio
NEUR_9235,Hypothalamus,15.79,23.35,Macaca mulatta
NEUR_9798,Cerebellum,138.08,119.05,Mus musculus
NEUR_4014,Striatum,58.3,24.08,Mus musculus
NEUR_4435,Cortex,108.32,77.41,Rattus norvegicus
NEUR_8589,Hypothalamus,145.19,78.77,Macaca mulatta
NEUR_1733,Hypothalamus,10.13,67.07,Mus musculus
NEUR_4986,Hippocampus,144.73,51.34,Macaca mulatta
NEUR_7473,Striatum,117.09,46.55,Rattus norvegicus
NEUR_3027,Thalamus,14.73,92.07,Rattus norvegicus
NEUR_1423,Thalamus,78.64,98.87,Rattus norvegicus
NEUR_7772,Hypothalamus,17.83,36.23,Rattus norvegicus
NEUR_9366,Cerebellum,60.4,88.71,Mus musculus
NEUR_4066,Cortex,73.97,104.75,Danio rerio
NEUR_5896,Striatum,32.47,16.96,Rattus norvegicus
NEUR_4898,Striatum,36.43,16.3,Macaca mulatta
NEUR_7899,Cortex,135.77,80.13,Rattus norvegicus
NEUR_8105,Cerebellum,4.84,67.61,Macaca mulatta
NEUR_2625,Amygdala,68.25,86.18,Rattus norvegicus
NEUR_8999,Cortex,12.18,107.07,Mus musculus
NEUR_7729,Amygdala,2.82,61.16,Danio rerio
NEUR_9890,Hippocampus,46.55,91.79,Mus musculus
NEUR_7883,Cerebellum,75.44,119.84,Rattus norvegicus
NEUR_7573,Hippocampus,51.25,19.37,Rattus norvegicus
NEUR_3726,Cortex,112.99,84.46,Macaca mulatta
NEUR_4273,Cerebellum,120.1,38.82,Danio rerio
NEUR_3364,Cerebellum,89.94,105.07,Rattus norvegicus
NEUR_8272,Cortex,63.83,94.88,Rattus norvegicus
NEUR_9515,Hypothalamus,131.25,87.72,Danio rerio
NEUR_3146,Amygdala,24.54,57.35,Mus musculus
NEUR_1304,Amygdala,74.21,31.97,Danio rerio
NEUR_4827,Thalamus,123.47,14.22,Macaca mulatta
NEUR_9070,Striatum,113.06,67.64,Danio rerio
NEUR_1922,Amygdala,133.96,53.93,Danio rerio
NEUR_7187,Hippocampus,75.66,66.99,Macaca mulatta
NEUR_5238,Striatum,54.83,91.51,Mus musculus
NEUR_6643,Amygdala,8.82,59.81,Danio rerio
NEUR_9018,Cerebellum,96.96,78.87,Macaca mulatta
NEUR_5512,Hypothalamus,118.26,71.22,Rattus norvegicus
NEUR_3080,Thalamus,21.71,19.1,Macaca mulatta
NEUR_8325,Thalamus,135.18,91.2,Danio rerio
NEUR_1897,Cerebellum,13.25,56.86,Macaca mulatta
NEUR_7413,Striatum,12.03,93.95,Macaca mulatta
NEUR_4835,Cerebellum,149.91,110.63,Danio rerio
NEUR_8426,Hypothalamus,9.95,95.8,Macaca mulatta
NEUR_2396,Striatum,57.24,76.55,Rattus norvegicus
NEUR_1622,Striatum,61.72,41.22,Danio rerio
NEUR_4177,Cerebellum,8.71,15.05,Danio rerio
NEUR_1892,Hippocampus,59.11,64.57,Rattus norvegicus
NEUR_9432,Thalamus,11.29,119.42,Rattus norvegicus
NEUR_3982,Hippocampus,107.1,45.86,Mus musculus
NEUR_9401,Striatum,57.86,118.37,Macaca mulatta
NEUR_9065,Thalamus,34.29,37.63,Danio rerio
NEUR_6243,Thalamus,0.46,52.78,Macaca mulatta
NEUR_3187,Striatum,55.56,64.03,Rattus norvegicus
NEUR_6821,Thalamus,58.15,77.99,Rattus norvegicus
NEUR_8337,Amygdala,103.15,11.16,Rattus norvegicus
NEUR_8150,Cortex,61.82,59.14,Danio rerio
NEUR_9528,Cortex,28.5,76.58,Danio rerio
NEUR_1911,Thalamus,131.28,31.86,Rattus norvegicus
NEUR_7258,Amygdala,147.29,114.64,Macaca mulatta
NEUR_6766,Thalamus,133.81,63.12,Macaca mulatta
NEUR_8169,Hypothalamus,5.7,80.66,Mus musculus
NEUR_2785,Amygdala,73.19,18.58,Macaca mulatta
NEUR_4477,Amygdala,29.15,56.03,Danio rerio
NEUR_1648,Striatum,69.27,42.91,Mus musculus
NEUR_1142,Striatum,98.57,54.17,Mus musculus
NEUR_7626,Cortex,100.22,81.4,Rattus norvegicus
NEUR_3934,Hypothalamus,104.54,41.35,Macaca mulatta
NEUR_3909,Amygdala,86.45,103.37,Danio rerio
NEUR_6849,Hypothalamus,62.84,27.94,Macaca mulatta
NEUR_3490,Striatum,0.45,53.99,Danio rerio
NEUR_7448,Striatum,5.54,21.76,Rattus norvegicus
NEUR_1163,Hippocampus,76.05,30.2,Macaca mulatta
NEUR_6930,Striatum,81.04,36.84,Macaca mulatta
NEUR_6775,Cerebellum,93.13,27.62,Rattus norvegicus
NEUR_8673,Striatum,73.45,118.83,Macaca mulatta
NEUR_8594,Cerebellum,60.85,98.43,Macaca mulatta
NEUR_1484,Cerebellum,55.98,38.23,Macaca mulatta
NEUR_1415,Hypothalamus,107.82,115.59,Macaca mulatta
NEUR_7554,Cortex,97.24,35.21,Rattus norvegicus
NEUR_4137,Striatum,145.96,96.81,Rattus norvegicus
NEUR_4681,Striatum,69.43,25.4,Macaca mulatta
NEUR_2312,Cerebellum,141.24,47.91,Danio rerio
NEUR_3378,Amygdala,106.75,78.11,Mus musculus
NEUR_6175,Amygdala,128.46,79.99,Danio rerio
NEUR_9976,Cerebellum,140.02,82.04,Rattus norvegicus
NEUR_6378,Striatum,15.44,41.61,Mus musculus
NEUR_7506,Thalamus,16.5,53.59,Rattus norvegicus
NEUR_1714,Thalamus,75.54,70.55,Mus musculus
NEUR_7149,Hypothalamus,138.55,28.29,Rattus norvegicus
NEUR_1492,Cerebellum,100.42,33.46,Mus musculus
NEUR_2989,Striatum,101.6,104.33,Danio rerio
NEUR_3726,Amygdala,44.59,85.18,Rattus norvegicus
NEUR_3051,Cortex,95.51,95.06,Rattus norvegicus
NEUR_9641,Hypothalamus,36.99,45.42,Macaca mulatta
NEUR_3442,Cortex,78.48,112.78,Rattus norvegicus
NEUR_1377,Thalamus,92.87,100.73,Macaca mulatta
NEUR_8318,Hypothalamus,52.24,28.27,Mus musculus
NEUR_7600,Cortex,96.41,78.05,Rattus norvegicus
NEUR_8588,Amygdala,56.37,97.22,Mus musculus
NEUR_6404,Hippocampus,55.41,10.14,Mus musculus
NEUR_2482,Striatum,66.39,21.13,Macaca mulatta
NEUR_9342,Hippocampus,65.24,23.26,Mus musculus
NEUR_7564,Thalamus,39.29,12.68,Macaca mulatta
NEUR_5918,Hippocampus,2.35,24.0,Danio rerio
NEUR_8691,Hypothalamus,5.7,58.07,Mus musculus
NEUR_4071,Hippocampus,71.35,30.54,Rattus norvegicus
NEUR_7111,Hypothalamus,11.35,101.21,Macaca mulatta
NEUR_6434,Amygdala,19.94,45.09,Danio rerio
NEUR_6240,Hypothalamus,100.28,16.33,Danio rerio
NEUR_3319,Cerebellum,135.47,81.35,Macaca mulatta
NEUR_5751,Cerebellum,145.09,66.05,Macaca mulatta
NEUR_1990,Thalamus,146.71,90.28,Mus musculus
NEUR_2789,Cerebellum,149.54,30.66,Macaca mulatta
NEUR_2599,Hypothalamus,20.55,56.6,Mus musculus
NEUR_1115,Hippocampus,36.94,10.08,Rattus norvegicus
NEUR_9801,Hippocampus,105.79,107.52,Mus musculus
NEUR_3481,Thalamus,136.79,114.6,Danio rerio
NEUR_3159,Amygdala,104.96,26.86,Mus musculus
NEUR_5206,Hippocampus,105.08,33.59,Mus musculus
NEUR_3743,Amygdala,20.2,62.61,Danio rerio
NEUR_1478,Amygdala,9.47,46.46,Danio rerio
NEUR_7351,Hippocampus,124.09,40.06,Macaca mulatta
NEUR_2387,Cortex,4.9,25.94,Mus musculus
NEUR_3353,Amygdala,68.06,59.5,Macaca mulatta
NEUR_2944,Amygdala,23.2,88.01,Rattus norvegicus
NEUR_3160,Thalamus,7.46,63.73,Macaca mulatta
NEUR_4657,Hypothalamus,20.28,74.29,Rattus norvegicus
NEUR_6170,Cerebellum,59.99,75.98,Macaca mulatta
NEUR_8804,Hippocampus,101.9,40.12,Rattus norvegicus
NEUR_8712,Cerebellum,92.83,119.26,Danio rerio
NEUR_4331,Striatum,121.68,28.33,Danio rerio
NEUR_2438,Amygdala,35.74,23.45,Danio rerio
NEUR_7787,Thalamus,113.99,64.06,Mus musculus
NEUR_2837,Cerebellum,137.62,37.56,Rattus norvegicus
NEUR_2887,Cerebellum,23.39,38.33,Macaca mulatta
NEUR_9862,Hypothalamus,55.73,102.6,Macaca mulatta
NEUR_2040,Hypothalamus,131.55,85.32,Macaca mulatta
NEUR_8395,Hippocampus,107.95,112.86,Mus musculus
NEUR_7153,Hippocampus,55.34,106.71,Rattus norvegicus
NEUR_8246,Striatum,28.91,23.6,Macaca mulatta
NEUR_6260,Cortex,90.52,92.68,Danio rerio
NEUR_1709,Thalamus,31.18,43.05,Rattus norvegicus
NEUR_4324,Hippocampus,115.47,42.26,Mus musculus
NEUR_6867,Thalamus,54.2,55.7,Mus musculus
NEUR_4650,Striatum,134.76,23.16,Macaca mulatta
NEUR_7368,Amygdala,128.66,108.93,Rattus norvegicus
NEUR_2420,Hippocampus,12.39,38.29,Macaca mulatta
NEUR_9356,Thalamus,61.61,81.7,Mus musculus
NEUR_3578,Striatum,59.5,28.64,Danio rerio
NEUR_2809,Striatum,73.92,55.57,Macaca mulatta
NEUR_4330,Cerebellum,21.39,55.77,Macaca mulatta
NEUR_7158,Hypothalamus,115.69,113.77,Rattus norvegicus
NEUR_6660,Hippocampus,124.08,80.72,Macaca mulatta
NEUR_6034,Cortex,104.51,19.52,Macaca mulatta
NEUR_4166,Hypothalamus,88.91,43.38,Mus musculus
NEUR_1298,Cortex,10.32,29.15,Macaca mulatta
NEUR_3535,Striatum,61.57,81.09,Rattus norvegicus
NEUR_8547,Hippocampus,122.01,94.1,Macaca mulatta
NEUR_9306,Cerebellum,24.04,86.51,Danio rerio
NEUR_5619,Thalamus,137.53,95.08,Danio rerio
NEUR_8734,Striatum,4.28,34.83,Rattus norvegicus
NEUR_8643,Hypothalamus,78.25,109.64,Macaca mulatta
NEUR_9086,Cerebellum,18.74,45.41,Macaca mulatta
NEUR_5457,Hippocampus,60.85,47.61,Danio rerio
NEUR_2139,Thalamus,71.11,116.75,Danio rerio
NEUR_7753,Thalamus,41.75,34.51,Rattus norvegicus
NEUR_1047,Hippocampus,123.63,83.98,Rattus norvegicus
NEUR_8096,Cerebellum,5.25,14.81,Mus musculus
NEUR_2719,Cerebellum,88.78,55.42,Danio rerio
NEUR_9261,Hippocampus,23.06,108.73,Danio rerio
NEUR_2719,Amygdala,3.43,74.64,Macaca mulatta
NEUR_6355,Hippocampus,52.06,28.45,Rattus norvegicus
NEUR_6835,Striatum,149.94,57.61,Rattus norvegicus
NEUR_5419,Amygdala,1.22,92.45,Danio rerio
NEUR_9092,Hippocampus,64.37,20.13,Danio rerio
NEUR_6687,Striatum,140.34,88.49,Mus musculus
NEUR_4160,Thalamus,136.64,13.76,Rattus norvegicus
NEUR_4344,Hypothalamus,132.49,57.27,Danio rerio
NEUR_3011,Amygdala,34.75,74.36,Mus musculus
NEUR_3197,Striatum,141.67,25.63,Mus musculus
NEUR_4719,Hypothalamus,12.45,40.73,Mus musculus
NEUR_2083,Amygdala,141.65,73.15,Rattus norvegicus
NEUR_2880,Hippocampus,60.08,106.95,Rattus norvegicus
NEUR_1824,Cerebellum,7.77,90.22,Mus musculus
NEUR_4174,Cortex,7.88,48.4,Danio rerio
NEUR_7478,Cerebellum,123.21,58.93,Mus musculus
NEUR_5289,Thalamus,77.19,37.44,Mus musculus
NEUR_5175,Cortex,132.01,36.86,Danio rerio
NEUR_3308,Hippocampus,148.04,71.83,Mus musculus
NEUR_6206,Hypothalamus,63.14,91.97,Mus musculus
NEUR_3967,Hippocampus,38.76,18.3,Rattus norvegicus
NEUR_9081,Cortex,138.47,86.03,Rattus norvegicus
NEUR_6710,Cortex,25.84,79.89,Danio rerio
NEUR_5938,Thalamus,135.15,26.73,Rattus norvegicus
NEUR_8899,Amygdala,71.89,63.36,Rattus norvegicus
NEUR_7944,Hypothalamus,1.15,109.59,Danio rerio
NEUR_5873,Cortex,22.86,100.43,Macaca mulatta
NEUR_2684,Amygdala,61.36,39.38,Danio rerio
NEUR_8096,Cerebellum,43.38,106.44,Macaca mulatta
NEUR_4088,Hippocampus,32.24,111.61,Macaca mulatta
NEUR_5510,Cerebellum,100.62,57.99,Macaca mulatta
NEUR_9819,Cerebellum,131.53,54.08,Mus musculus
NEUR_4149,Hypothalamus,70.23,59.02,Macaca mulatta
NEUR_1998,Hypothalamus,106.69,87.45,Rattus norvegicus
NEUR_9088,Hypothalamus,103.89,71.19,Mus musculus
NEUR_8960,Cortex,34.34,108.53,Mus musculus
NEUR_8711,Thalamus,112.75,22.7,Macaca mulatta
NEUR_6570,Hypothalamus,140.36,42.91,Mus musculus
NEUR_9647,Thalamus,29.48,41.8,Macaca mulatta
NEUR_5024,Amygdala,81.49,98.94,Macaca mulatta
NEUR_4607,Thalamus,128.85,37.55,Rattus norvegicus
NEUR_6874,Hippocampus,118.63,12.41,Danio rerio
NEUR_7374,Amygdala,38.72,86.21,Mus musculus
NEUR_5290,Thalamus,147.11,77.54,Danio rerio
NEUR_4507,Hypothalamus,39.43,96.71,Danio rerio
NEUR_5307,Thalamus,14.75,76.11,Rattus norvegicus
NEUR_7547,Striatum,68.45,96.84,Mus musculus
NEUR_1048,Hippocampus,75.67,27.06,Macaca mulatta
NEUR_8807,Cortex,130.98,38.63,Danio rerio
NEUR_2305,Cerebellum,59.08,15.91,Danio rerio
NEUR_9217,Thalamus,17.97,44.46,Macaca mulatta
NEUR_3998,Thalamus,80.71,106.12,Mus musculus
NEUR_9856,Amygdala,88.48,52.34,Macaca mulatta
NEUR_4298,Cortex,16.63,22.39,Rattus norvegicus
NEUR_5878,Amygdala,72.12,31.48,Rattus norvegicus
NEUR_3119,Amygdala,98.2,58.19,Mus musculus
NEUR_4395,Amygdala,120.53,97.59,Rattus norvegicus
NEUR_7841,Cortex,15.99,22.68,Rattus norvegicus
NEUR_9910,Amygdala,134.31,94.76,Danio rerio
NEUR_2149,Hippocampus,50.01,13.16,Danio rerio
NEUR_3395,Thalamus,113.84,101.54,Rattus norvegicus
NEUR_9716,Thalamus,102.03,108.07,Mus musculus
NEUR_8316,Amygdala,109.97,95.88,Macaca mulatta
NEUR_6459,Cerebellum,88.5,63.26,Macaca mulatta
NEUR_6360,Cerebellum,94.73,103.77,Macaca mulatta
NEUR_1116,Cortex,79.92,18.1,Macaca mulatta
NEUR_9664,Cortex,126.98,94.77,Danio rerio
NEUR_8221,Striatum,76.72,80.02,Macaca mulatta
NEUR_4083,Hippocampus,41.56,44.35,Rattus norvegicus
NEUR_8247,Cortex,66.53,103.13,Rattus norvegicus
NEUR_1508,Hippocampus,144.7,102.91,Mus musculus
NEUR_3852,Hippocampus,24.88,35.02,Macaca mulatta
NEUR_9054,Striatum,29.87,77.89,Macaca mulatta
NEUR_1848,Hippocampus,25.84,86.23,Rattus norvegicus
NEUR_3318,Hippocampus,101.96,27.77,Macaca mulatta
NEUR_1623,Amygdala,93.38,78.0,Rattus norvegicus
NEUR_4440,Cerebellum,112.27,26.76,Rattus norvegicus
NEUR_6578,Amygdala,72.53,107.68,Mus musculus
NEUR_3507,Cerebellum,22.39,29.0,Danio rerio
NEUR_6316,Hippocampus,83.0,111.3,Mus musculus
NEUR_4262,Hippocampus,51.59,32.43,Danio rerio
NEUR_3778,Cerebellum,25.38,44.46,Mus musculus
NEUR_4726,Hippocampus,6.45,59.2,Danio rerio
NEUR_2414,Hypothalamus,111.07,93.08,Macaca mulatta
NEUR_1646,Hippocampus,113.25,112.82,Rattus norvegicus
NEUR_6647,Cerebellum,22.01,73.98,Rattus norvegicus
NEUR_8731,Cortex,100.67,19.41,Macaca mulatta
NEUR_5499,Cerebellum,90.65,106.23,Macaca mulatta
NEUR_9219,Amygdala,44.56,65.39,Danio rerio
NEUR_1169,Cortex,62.31,15.21,Danio rerio
NEUR_5491,Cerebellum,125.73,74.97,Danio rerio
NEUR_7499,Hypothalamus,97.96,88.92,Danio rerio
NEUR_5895,Hypothalamus,96.69,63.06,Macaca mulatta
NEUR_6935,Striatum,36.28,10.58,Macaca mulatta
NEUR_2971,Thalamus,96.68,91.28,Danio rerio
NEUR_1958,Hippocampus,51.82,102.7,Mus musculus
NEUR_6596,Hypothalamus,44.25,94.69,Mus musculus
NEUR_8105,Cortex,67.5,96.28,Macaca mulatta
NEUR_5727,Thalamus,144.63,61.45,Macaca mulatta
NEUR_2215,Amygdala,99.19,100.23,Rattus norvegicus
NEUR_6551,Amygdala,5.91,36.57,Danio rerio
NEUR_2451,Cortex,120.97,16.11,Mus musculus
NEUR_8697,Cortex,14.55,109.63,Danio rerio
NEUR_6611,Thalamus,54.64,50.27,Mus musculus
NEUR_6370,Hippocampus,116.6,10.65,Macaca mulatta
NEUR_5514,Striatum,21.74,22.07,Danio rerio
NEUR_2677,Hypothalamus,136.55,71.9,Rattus norvegicus
NEUR_7978,Cortex,89.71,109.19,Macaca mulatta
NEUR_4048,Amygdala,15.47,35.36,Danio rerio
NEUR_8304,Striatum,72.7,19.4,Rattus norvegicus
NEUR_6992,Thalamus,118.3,101.22,Mus musculus
NEUR_1584,Hippocampus,38.13,25.58,Macaca mulatta
NEUR_7324,Hypothalamus,69.14,68.24,Mus musculus
NEUR_6413,Cerebellum,18.71,43.62,Rattus norvegicus
NEUR_8692,Amygdala,131.73,118.25,Danio rerio
NEUR_9172,Striatum,62.53,85.09,Rattus norvegicus
NEUR_1433,Hypothalamus,25.01,114.78,Danio rerio
NEUR_4138,Amygdala,77.01,72.17,Macaca mulatta
NEUR_3514,Hypothalamus,24.93,77.7,Macaca mulatta
NEUR_9891,Hypothalamus,130.63,10.67,Mus musculus
NEUR_2043,Thalamus,82.96,60.11,Rattus norvegicus
NEUR_1782,Hypothalamus,137.34,104.06,Mus musculus
NEUR_2668,Thalamus,79.33,53.09,Rattus norvegicus
NEUR_8408,Amygdala,119.68,83.41,Danio rerio
NEUR_6409,Cerebellum,93.96,17.15,Rattus norvegicus
NEUR_2594,Amygdala,44.11,107.29,Rattus norvegicus
NEUR_9111,Thalamus,111.87,77.43,Rattus norvegicus
NEUR_8243,Cerebellum,129.12,78.1,Macaca mulatta
NEUR_7851,Hippocampus,53.4,26.06,Macaca mulatta
NEUR_9777,Hippocampus,9.22,55.1,Mus musculus
NEUR_9604,Cerebellum,107.83,93.5,Danio rerio
NEUR_8306,Thalamus,87.8,10.33,Macaca mulatta
NEUR_5533,Hippocampus,11.92,92.05,Rattus norvegicus
NEUR_4196,Hippocampus,20.02,102.98,Danio rerio
NEUR_1510,Hypothalamus,127.87,65.32,Rattus norvegicus
NEUR_6232,Striatum,107.02,88.76,Danio rerio
NEUR_4336,Cerebellum,5.49,57.81,Macaca mulatta
NEUR_9775,Cerebellum,57.11,97.5,Mus musculus
NEUR_6993,Hippocampus,141.83,74.32,Macaca mulatta
NEUR_8981,Hippocampus,27.41,18.47,Macaca mulatta
NEUR_1577,Hippocampus,90.72,10.42,Rattus norvegicus
NEUR_1843,Amygdala,131.24,16.24,Mus musculus
NEUR_9505,Hippocampus,106.36,113.48,Rattus norvegicus
NEUR_9269,Amygdala,21.08,102.05,Rattus norvegicus
NEUR_9102,Hypothalamus,104.11,30.13,Macaca mulatta
NEUR_8753,Amygdala,33.94,90.11,Macaca mulatta
NEUR_9243,Cerebellum,95.36,18.95,Macaca mulatta
NEUR_2859,Hypothalamus,62.7,65.72,Danio rerio
NEUR_4617,Cerebellum,128.47,103.92,Danio rerio
NEUR_4327,Cortex,40.29,75.21,Mus musculus
NEUR_4991,Striatum,52.39,50.92,Danio rerio
NEUR_3089,Cortex,75.18,80.28,Mus musculus
NEUR_9997,Cerebellum,56.98,31.15,Rattus norvegicus
NEUR_4934,Hypothalamus,95.46,48.43,Danio rerio
NEUR_7171,Cortex,143.65,77.03,Rattus norvegicus
NEUR_1163,Thalamus,98.63,66.68,Danio rerio
NEUR_1112,Amygdala,104.85,38.46,Mus musculus
NEUR_5844,Amygdala,22.47,98.66,Danio rerio
NEUR_2356,Cortex,49.73,51.96,Macaca mulatta
NEUR_3122,Striatum,53.31,22.61,Macaca mulatta
NEUR_7804,Amygdala,134.36,16.65,Macaca mulatta
NEUR_1739,Striatum,74.22,18.35,Danio rerio
NEUR_3322,Amygdala,114.1,96.0,Rattus norvegicus
NEUR_8750,Thalamus,57.25,104.21,Rattus norvegicus
NEUR_5976,Striatum,82.94,54.89,Macaca mulatta
NEUR_3713,Thalamus,15.6,53.2,Mus musculus
NEUR_7256,Amygdala,64.53,110.26,Mus musculus
NEUR_7955,Cerebellum,148.94,81.86,Macaca mulatta
NEUR_5786,Striatum,19.17,55.23,Danio rerio
NEUR_3243,Hypothalamus,88.73,92.51,Rattus norvegicus
NEUR_4306,Hippocampus,127.23,118.91,Danio rerio
NEUR_9597,Thalamus,46.21,104.22,Danio rerio
NEUR_2393,Hypothalamus,108.75,54.78,Mus musculus
NEUR_7964,Striatum,9.79,58.08,Mus musculus
NEUR_1022,Hypothalamus,117.61,72.71,Mus musculus
NEUR_7447,Striatum,132.22,26.49,Macaca mulatta
NEUR_7761,Hippocampus,27.06,115.35,Macaca mulatta
NEUR_1676,Hypothalamus,11.18,95.87,Rattus norvegicus
NEUR_3539,Striatum,95.8,21.88,Mus musculus
NEUR_6095,Hippocampus,104.29,30.04,Rattus norvegicus
NEUR_5034,Cerebellum,13.03,103.04,Danio rerio
NEUR_4215,Hypothalamus,53.88,85.32,Danio rerio
NEUR_9279,Hippocampus,36.73,38.35,Mus musculus
NEUR_1501,Hippocampus,81.55,23.89,Rattus norvegicus
NEUR_4765,Hippocampus,76.89,34.98,Mus musculus
NEUR_8887,Cerebellum,1.58,94.38,Macaca mulatta
NEUR_4115,Cerebellum,145.96,86.31,Danio rerio
NEUR_4373,Amygdala,81.8,15.27,Danio rerio
NEUR_1483,Striatum,138.98,12.37,Mus musculus
NEUR_2050,Cortex,105.16,106.01,Macaca mulatta
NEUR_8703,Striatum,112.59,15.96,Mus musculus
NEUR_7768,Thalamus,67.89,33.42,Danio rerio
NEUR_3908,Striatum,89.16,96.1,Mus musculus
NEUR_8251,Cerebellum,97.71,61.25,Rattus norvegicus
NEUR_3546,Hypothalamus,53.95,44.27,Macaca mulatta
NEUR_6376,Striatum,2.58,48.31,Rattus norvegicus
NEUR_3111,Cerebellum,58.13,32.95,Macaca mulatta
NEUR_6632,Striatum,34.18,82.97,Mus musculus
NEUR_7568,Amygdala,122.8,91.91,Mus musculus
NEUR_5530,Amygdala,148.32,114.74,Danio rerio
NEUR_9337,Hippocampus,58.89,36.7,Mus musculus
NEUR_4777,Striatum,17.75,42.64,Mus musculus
NEUR_8099,Cortex,50.74,34.52,Mus musculus
NEUR_6200,Cerebellum,17.15,86.8,Mus musculus
NEUR_7767,Thalamus,113.28,72.14,Mus musculus
NEUR_5297,Hypothalamus,25.49,31.76,Danio rerio
NEUR_9033,Amygdala,18.72,14.98,Rattus norvegicus
NEUR_5880,Cortex,42.2,17.46,Macaca mulatta
NEUR_9929,Amygdala,4.34,38.14,Mus musculus
NEUR_7382,Cortex,115.17,77.49,Danio rerio
NEUR_9869,Cerebellum,127.84,53.49,Mus musculus
NEUR_8067,Striatum,128.07,108.62,Macaca mulatta
NEUR_6122,Thalamus,83.91,36.38,Rattus norvegicus
NEUR_5992,Cortex,97.58,23.46,Mus musculus
NEUR_5008,Thalamus,15.36,109.53,Mus musculus
NEUR_3778,Cortex,22.23,15.21,Macaca mulatta
NEUR_1443,Cortex,13.86,117.1,Macaca mulatta
NEUR_3651,Amygdala,100.83,20.65,Macaca mulatta
NEUR_8992,Hippocampus,49.42,62.59,Mus musculus
NEUR_1153,Hippocampus,130.71,28.69,Macaca mulatta
NEUR_3788,Hippocampus,128.35,81.62,Macaca mulatta
NEUR_4998,Thalamus,43.78,53.91,Danio rerio
NEUR_7374,Striatum,128.9,31.42,Rattus norvegicus
NEUR_9583,Cortex,119.16,28.16,Danio rerio
NEUR_6030,Hippocampus,76.02,98.24,Macaca mulatta
NEUR_2099,Amygdala,148.14,91.91,Mus musculus
NEUR_1134,Striatum,23.84,22.79,Macaca mulatta
NEUR_5642,Cerebellum,130.5,92.33,Rattus norvegicus
NEUR_2299,Cerebellum,41.37,36.2,Mus musculus
NEUR_6800,Cortex,21.17,65.34,Mus musculus
NEUR_4311,Hippocampus,72.93,11.42,Danio rerio
NEUR_6485,Striatum,138.27,33.15,Mus musculus
NEUR_7585,Striatum,51.31,115.46,Rattus norvegicus
NEUR_4356,Thalamus,36.93,74.43,Danio rerio
NEUR_6159,Hypothalamus,64.77,52.55,Mus musculus
NEUR_1712,Amygdala,59.81,35.91,Rattus norvegicus
NEUR_4206,Cerebellum,32.16,13.56,Macaca mulatta
NEUR_5461,Hippocampus,99.16,84.22,Danio rerio
NEUR_4867,Cortex,19.23,33.42,Danio rerio
NEUR_3800,Striatum,142.2,54.52,Mus musculus
NEUR_3864,Hippocampus,108.8,50.52,Macaca mulatta
NEUR_4396,Amygdala,142.28,69.57,Rattus norvegicus
NEUR_9304,Cortex,87.98,63.98,Danio rerio
NEUR_7144,Hippocampus,55.01,14.49,Rattus norvegicus
NEUR_1026,Cerebellum,12.65,71.43,Mus musculus
NEUR_4361,Hippocampus,120.2,57.11,Rattus norvegicus
NEUR_9181,Amygdala,74.77,28.7,Rattus norvegicus
NEUR_2958,Cerebellum,89.16,64.03,Macaca mulatta
NEUR_1832,Amygdala,138.8,24.55,Rattus norvegicus
NEUR_7870,Amygdala,69.86,26.84,Danio rerio
NEUR_6424,Amygdala,120.88,70.26,Danio rerio
NEUR_7457,Thalamus,132.79,95.44,Mus musculus
NEUR_4607,Cortex,77.22,79.41,Danio rerio
NEUR_9478,Hypothalamus,0.85,32.33,Danio rerio
NEUR_5288,Thalamus,131.14,38.25,Macaca mulatta
NEUR_7946,Cerebellum,8.32,16.62,Rattus norvegicus
NEUR_3004,Hippocampus,90.16,116.53,Mus musculus
NEUR_6307,Cerebellum,103.37,75.88,Danio rerio
NEUR_4855,Hypothalamus,24.58,31.04,Danio rerio
NEUR_6728,Hippocampus,54.74,29.97,Danio rerio
NEUR_3840,Hippocampus,47.57,21.09,Danio rerio
NEUR_4510,Hypothalamus,10.06,112.79,Macaca mulatta
NEUR_6730,Striatum,2.38,18.76,Danio rerio
NEUR_3060,Amygdala,33.94,78.78,Mus musculus
NEUR_6199,Striatum,111.56,98.07,Danio rerio
NEUR_5804,Hippocampus,49.44,21.08,Mus musculus
NEUR_9828,Striatum,63.59,11.8,Mus musculus
NEUR_1774,Cerebellum,147.01,91.22,Macaca mulatta
NEUR_9321,Cortex,82.98,32.85,Danio rerio
NEUR_7087,Hippocampus,98.61,99.97,Macaca mulatta
NEUR_1818,Hypothalamus,47.31,113.83,Danio rerio
NEUR_2614,Hypothalamus,20.78,62.43,Mus musculus
NEUR_7516,Striatum,139.94,79.76,Macaca mulatta
NEUR_5853,Cortex,44.28,53.42,Danio rerio
NEUR_7549,Hippocampus,120.03,92.53,Rattus norvegicus
NEUR_8592,Cortex,33.88,17.0,Macaca mulatta
NEUR_6112,Thalamus,43.45,13.75,Mus musculus
NEUR_2256,Cerebellum,46.06,75.17,Danio rerio
NEUR_4962,Hypothalamus,89.38,74.52,Mus musculus
NEUR_7593,Hypothalamus,89.75,72.88,Mus musculus
NEUR_4356,Cerebellum,14.1,77.11,Danio rerio
NEUR_5018,Amygdala,121.43,72.95,Mus musculus
NEUR_8483,Hippocampus,139.36,14.43,Danio rerio
NEUR_1802,Cerebellum,7.83,80.9,Macaca mulatta
NEUR_5323,Cerebellum,123.27,40.15,Mus musculus
NEUR_6364,Amygdala,62.52,95.04,Macaca mulatta
NEUR_4142,Striatum,4.94,29.27,Rattus norvegicus
NEUR_8160,Thalamus,77.29,77.04,Macaca mulatta
NEUR_9279,Cortex,103.96,14.6,Danio rerio
NEUR_8523,Thalamus,132.48,22.1,Macaca mulatta
NEUR_7142,Cerebellum,55.46,119.36,Mus musculus
NEUR_8811,Hippocampus,79.2,62.81,Mus musculus
NEUR_9830,Hypothalamus,84.61,28.68,Macaca mulatta
NEUR_8623,Amygdala,107.39,53.85,Rattus norvegicus
NEUR_6862,Striatum,2.55,11.03,Macaca mulatta
NEUR_2000,Cerebellum,55.45,88.34,Rattus norvegicus
NEUR_9956,Hypothalamus,101.85,16.04,Macaca mulatta
NEUR_8900,Cerebellum,107.24,110.12,Mus musculus
NEUR_7474,Striatum,128.18,62.28,Macaca mulatta
NEUR_8180,Thalamus,98.78,33.05,Macaca mulatta
NEUR_2495,Cortex,148.55,74.46,Rattus norvegicus
NEUR_4256,Striatum,120.51,18.15,Mus musculus
NEUR_1068,Striatum,35.72,58.15,Rattus norvegicus
NEUR_4836,Thalamus,137.21,19.75,Macaca mulatta
NEUR_7149,Thalamus,149.04,16.86,Macaca mulatta
NEUR_6232,Amygdala,129.42,13.45,Macaca mulatta
NEUR_3939,Cerebellum,28.78,38.0,Macaca mulatta
NEUR_9952,Hippocampus,11.67,23.13,Mus musculus
NEUR_1605,Hypothalamus,10.08,84.61,Danio rerio
NEUR_4617,Amygdala,131.03,111.81,Danio rerio
NEUR_3678,Hypothalamus,45.36,29.98,Danio rerio
NEUR_2333,Hippocampus,125.76,97.31,Danio rerio
NEUR_9478,Hypothalamus,30.27,107.09,Danio rerio
NEUR_5267,Hippocampus,136.34,50.79,Danio rerio
NEUR_4192,Thalamus,145.78,71.91,Macaca mulatta
NEUR_5804,Hypothalamus,61.87,84.38,Mus musculus
NEUR_7095,Thalamus,101.6,95.72,Macaca mulatta
NEUR_5921,Thalamus,81.32,51.18,Rattus norvegicus
NEUR_4597,Cerebellum,52.35,70.8,Mus musculus
NEUR_3249,Hypothalamus,94.84,71.62,Mus musculus
NEUR_3759,Cerebellum,103.6,17.79,Macaca mulatta
NEUR_3997,Thalamus,102.87,55.47,Macaca mulatta
NEUR_1279,Hippocampus,113.5,47.6,Macaca mulatta
NEUR_9820,Hypothalamus,82.34,107.89,Rattus norvegicus
NEUR_5184,Amygdala,109.17,55.38,Macaca mulatta
NEUR_7580,Hippocampus,112.55,65.01,Rattus norvegicus
NEUR_9605,Amygdala,139.86,107.4,Rattus norvegicus
NEUR_2852,Cerebellum,52.47,91.38,Macaca mulatta
NEUR_1951,Striatum,94.51,54.96,Rattus norvegicus
NEUR_7375,Thalamus,147.72,54.09,Rattus norvegicus
NEUR_7916,Thalamus,71.96,114.16,Rattus norvegicus
NEUR_8755,Hypothalamus,95.39,30.08,Macaca mulatta
NEUR_2413,Striatum,145.85,96.76,Danio rerio
NEUR_7522,Hypothalamus,61.22,39.21,Mus musculus
NEUR_2463,Striatum,101.95,19.25,Mus musculus
NEUR_7564,Cerebellum,38.74,94.35,Danio rerio
NEUR_4049,Cerebellum,131.13,93.54,Mus musculus
NEUR_8257,Striatum,144.6,88.1,Macaca mulatta
NEUR_9625,Cerebellum,120.07,26.19,Danio rerio
NEUR_5466,Amygdala,95.04,70.7,Danio rerio
NEUR_5443,Amygdala,138.22,100.51,Danio rerio
NEUR_3666,Thalamus,74.86,12.78,Rattus norvegicus
NEUR_1358,Hypothalamus,145.09,62.39,Macaca mulatta
NEUR_5552,Hypothalamus,145.31,67.33,Macaca mulatta
NEUR_3550,Striatum,61.89,76.65,Mus musculus
NEUR_9951,Hippocampus,51.08,54.05,Rattus norvegicus
NEUR_7029,Hippocampus,10.84,80.13,Macaca mulatta
NEUR_6458,Hippocampus,32.47,108.61,Danio rerio
NEUR_1613,Amygdala,113.58,26.83,Danio rerio
NEUR_7646,Hippocampus,132.24,74.86,Rattus norvegicus
NEUR_7221,Amygdala,22.3,55.05,Danio rerio
NEUR_2281,Hippocampus,96.28,36.98,Rattus norvegicus
NEUR_1694,Cortex,116.68,82.24,Macaca mulatta
NEUR_2667,Thalamus,43.38,76.86,Mus musculus
NEUR_6229,Thalamus,103.95,117.76,Danio rerio
NEUR_4603,Cerebellum,122.89,68.25,Rattus norvegicus
NEUR_7129,Cortex,69.3,58.93,Macaca mulatta
NEUR_4191,Hippocampus,91.18,98.1,Rattus norvegicus
NEUR_8694,Hippocampus,19.88,67.27,Danio rerio
NEUR_1275,Hippocampus,90.79,92.67,Macaca mulatta
NEUR_1745,Hippocampus,89.3,94.08,Danio rerio
NEUR_3656,Striatum,105.54,77.71,Mus musculus
NEUR_7296,Thalamus,115.78,101.37,Mus musculus
NEUR_2117,Cortex,112.49,37.61,Mus musculus
NEUR_1857,Cerebellum,113.87,40.14,Macaca mulatta
NEUR_4213,Thalamus,70.94,116.51,Mus musculus
NEUR_9974,Hypothalamus,63.48,86.64,Mus musculus
NEUR_1675,Striatum,140.48,114.72,Rattus norvegicus
NEUR_5064,Striatum,129.96,17.41,Rattus norvegicus
NEUR_4253,Amygdala,62.07,119.39,Mus musculus
NEUR_4591,Striatum,46.59,52.4,Danio rerio
NEUR_7147,Hippocampus,3.67,65.2,Macaca mulatta
NEUR_1467,Striatum,5.34,64.15,Macaca mulatta
NEUR_3968,Striatum,68.41,40.48,Macaca mulatta
NEUR_7448,Amygdala,44.71,96.31,Danio rerio
NEUR_7811,Cortex,104.63,25.6,Macaca mulatta
NEUR_9707,Cerebellum,115.24,82.75,Rattus norvegicus
NEUR_9326,Cerebellum,117.68,10.77,Mus musculus
NEUR_4484,Thalamus,105.16,115.55,Macaca mulatta
NEUR_6882,Cerebellum,2.25,69.3,Rattus norvegicus
NEUR_4805,Amygdala,132.23,45.1,Danio rerio
NEUR_8023,Cerebellum,30.09,48.61,Macaca mulatta
NEUR_8434,Cerebellum,103.63,85.67,Rattus norvegicus
NEUR_2668,Striatum,72.56,86.64,Macaca mulatta
NEUR_8449,Hypothalamus,9.52,28.15,Mus musculus
NEUR_2377,Thalamus,91.09,101.11,Danio rerio
NEUR_5338,Hippocampus,18.95,43.18,Mus musculus
NEUR_3848,Thalamus,133.49,79.2,Danio rerio
NEUR_7142,Cerebellum,146.69,66.78,Mus musculus
NEUR_9196,Striatum,143.02,96.27,Rattus norvegicus
NEUR_5497,Striatum,36.19,95.75,Danio rerio
NEUR_5136,Cortex,81.16,117.08,Rattus norvegicus
NEUR_1804,Thalamus,69.27,113.53,Danio rerio
NEUR_2100,Amygdala,92.45,14.22,Danio rerio
NEUR_1072,Amygdala,77.62,104.16,Danio rerio
NEUR_8972,Hypothalamus,97.72,57.76,Mus musculus
NEUR_4289,Cortex,33.57,42.54,Danio rerio
NEUR_4222,Hypothalamus,98.94,64.33,Rattus norvegicus
NEUR_5666,Cortex,75.15,99.17,Mus musculus
NEUR_7962,Hippocampus,76.17,100.1,Danio rerio
NEUR_7714,Cerebellum,5.03,85.81,Rattus norvegicus
NEUR_4864,Hypothalamus,49.39,81.33,Rattus norvegicus
NEUR_4538,Hippocampus,41.58,19.59,Macaca mulatta
NEUR_6272,Cerebellum,64.5,23.35,Rattus norvegicus
NEUR_5250,Striatum,69.79,58.3,Danio rerio
NEUR_4883,Hypothalamus,27.47,40.6,Rattus norvegicus
NEUR_2474,Cortex,92.65,110.62,Macaca mulatta
NEUR_8566,Striatum,71.66,13.17,Danio rerio
NEUR_5064,Hippocampus,92.12,98.3,Macaca mulatta
NEUR_8399,Hypothalamus,81.2,20.98,Rattus norvegicus
NEUR_5747,Hippocampus,147.71,28.25,Danio rerio
NEUR_3827,Amygdala,32.95,60.22,Mus musculus
NEUR_6106,Hypothalamus,59.48,38.14,Rattus norvegicus
NEUR_3207,Thalamus,72.33,12.5,Danio rerio
NEUR_7186,Cortex,85.88,49.83,Macaca mulatta
NEUR_7468,Cerebellum,7.56,60.81,Macaca mulatta
NEUR_8840,Cortex,23.23,68.53,Rattus norvegicus
NEUR_3961,Hypothalamus,21.07,15.68,Macaca mulatta
NEUR_4469,Hypothalamus,2.18,62.62,Mus musculus
NEUR_6278,Cortex,81.01,65.87,Rattus norvegicus
NEUR_2772,Cortex,122.43,39.16,Rattus norvegicus
NEUR_2043,Amygdala,109.24,77.54,Macaca mulatta
NEUR_8463,Hippocampus,99.78,28.4,Rattus norvegicus
NEUR_3477,Thalamus,7.88,67.53,Mus musculus
NEUR_5680,Thalamus,119.95,32.89,Danio rerio
NEUR_3053,Striatum,83.55,42.67,Danio rerio
NEUR_3230,Hypothalamus,97.96,102.27,Rattus norvegicus
NEUR_1017,Amygdala,1.81,80.03,Mus musculus
NEUR_7306,Hippocampus,41.55,108.1,Rattus norvegicus
NEUR_2036,Cortex,136.41,43.33,Mus musculus
NEUR_1331,Cortex,47.29,83.21,Rattus norvegicus
NEUR_2575,Striatum,119.12,42.26,Mus musculus
NEUR_6901,Hypothalamus,78.48,41.54,Macaca mulatta
NEUR_2361,Amygdala,110.85,101.5,Macaca mulatta
NEUR_8965,Amygdala,149.4,58.89,Macaca mulatta
NEUR_3152,Cerebellum,142.56,13.52,Mus musculus
NEUR_6844,Hypothalamus,26.95,20.75,Rattus norvegicus
NEUR_7565,Hippocampus,33.84,45.74,Rattus norvegicus
NEUR_6919,Cortex,44.66,37.69,Mus musculus
NEUR_2497,Hippocampus,114.96,78.21,Mus musculus
NEUR_2772,Hypothalamus,60.37,119.94,Mus musculus
NEUR_7824,Cortex,73.63,93.17,Danio rerio
NEUR_3773,Cortex,61.7,26.02,Danio rerio
NEUR_8617,Thalamus,1.55,44.5,Rattus norvegicus
NEUR_8186,Hypothalamus,66.2,110.43,Mus musculus
NEUR_1020,Amygdala,145.5,34.6,Mus musculus
NEUR_3567,Cortex,44.12,29.69,Mus musculus
NEUR_2707,Thalamus,94.72,99.03,Macaca mulatta
NEUR_1578,Hypothalamus,5.89,117.54,Rattus norvegicus
NEUR_7682,Amygdala,39.53,40.73,Mus musculus
NEUR_9862,Thalamus,64.44,71.65,Macaca mulatta
NEUR_4401,Cortex,88.21,12.84,Macaca mulatta
NEUR_3253,Striatum,75.49,35.47,Mus musculus
NEUR_3402,Hippocampus,10.28,87.37,Rattus norvegicus
NEUR_3988,Hypothalamus,132.24,52.06,Danio rerio
NEUR_9856,Amygdala,49.91,36.05,Rattus norvegicus
NEUR_1687,Amygdala,36.35,31.79,Mus musculus
NEUR_6263,Cortex,95.79,99.57,Macaca mulatta
NEUR_5779,Striatum,93.44,91.76,Macaca mulatta
NEUR_9764,Hippocampus,62.54,77.68,Rattus norvegicus
NEUR_9633,Hypothalamus,60.32,58.31,Macaca mulatta
NEUR_2225,Cerebellum,26.27,56.79,Danio rerio
NEUR_7215,Amygdala,128.76,93.05,Rattus norvegicus
NEUR_8889,Cortex,61.71,69.86,Danio rerio
NEUR_7966,Thalamus,67.51,30.62,Mus musculus
NEUR_1805,Hippocampus,12.36,24.99,Mus musculus
NEUR_5036,Hippocampus,59.97,35.48,Danio rerio
NEUR_8755,Amygdala,51.21,89.15,Danio rerio
NEUR_4013,Cerebellum,59.82,106.79,Danio rerio
NEUR_9294,Cerebellum,87.04,25.68,Macaca mulatta
NEUR_4415,Striatum,129.41,23.25,Macaca mulatta
NEUR_3107,Thalamus,34.97,62.62,Rattus norvegicus
NEUR_7334,Hypothalamus,105.43,30.93,Danio rerio
NEUR_5725,Amygdala,8.46,10.77,Rattus norvegicus
NEUR_2214,Hypothalamus,138.05,77.52,Rattus norvegicus
NEUR_6225,Hippocampus,108.36,110.96,Mus musculus
NEUR_9567,Cerebellum,98.82,20.45,Danio rerio
NEUR_2570,Striatum,14.74,59.62,Mus musculus
NEUR_8535,Thalamus,33.85,97.88,Mus musculus
NEUR_9053,Amygdala,130.39,38.51,Macaca mulatta
NEUR_3108,Striatum,56.8,31.1,Danio rerio
NEUR_4751,Hypothalamus,144.96,73.49,Mus musculus
NEUR_6708,Hippocampus,117.71,49.59,Danio rerio
NEUR_1072,Amygdala,106.41,67.62,Danio rerio
NEUR_7752,Thalamus,146.11,106.54,Mus musculus
NEUR_5960,Hippocampus,79.03,115.27,Rattus norvegicus
NEUR_5093,Cerebellum,140.2,17.87,Mus musculus
NEUR_5538,Hypothalamus,99.69,106.57,Mus musculus
NEUR_5863,Cortex,67.97,45.31,Rattus norvegicus
NEUR_8816,Hypothalamus,116.26,115.54,Macaca mulatta
NEUR_2540,Amygdala,142.52,94.87,Danio rerio
NEUR_4341,Amygdala,24.37,66.49,Danio rerio
NEUR_6005,Striatum,50.42,21.21,Rattus norvegicus
NEUR_5131,Thalamus,148.46,106.91,Danio rerio
NEUR_9460,Hippocampus,96.25,78.11,Macaca mulatta
NEUR_9666,Cortex,56.32,12.36,Rattus norvegicus
NEUR_6019,Cortex,145.6,95.87,Danio rerio
NEUR_4345,Hypothalamus,51.02,48.52,Rattus norvegicus
NEUR_3762,Hippocampus,139.68,82.79,Rattus norvegicus
NEUR_6894,Cerebellum,102.97,92.48,Macaca mulatta
NEUR_2607,Cortex,141.57,98.59,Macaca mulatta
NEUR_9563,Amygdala,21.8,39.59,Mus musculus
NEUR_5616,Cerebellum,141.23,51.96,Mus musculus
NEUR_8959,Striatum,63.38,12.83,Macaca mulatta
NEUR_6496,Amygdala,61.72,86.61,Macaca mulatta
NEUR_8629,Thalamus,33.71,99.5,Mus musculus
NEUR_7564,Striatum,25.62,82.31,Rattus norvegicus
NEUR_4606,Hippocampus,104.56,116.1,Macaca mulatta
NEUR_6944,Cerebellum,52.62,38.77,Danio rerio
NEUR_9594,Cerebellum,34.98,59.63,Mus musculus
NEUR_9160,Hypothalamus,64.78,83.2,Rattus norvegicus
NEUR_2982,Thalamus,70.29,69.89,Rattus norvegicus
NEUR_6970,Hypothalamus,112.4,17.56,Macaca mulatta
NEUR_4011,Hypothalamus,93.52,48.86,Danio rerio
NEUR_4625,Cerebellum,110.35,113.96,Macaca mulatta
NEUR_3351,Striatum,111.13,112.7,Macaca mulatta
NEUR_2779,Hypothalamus,85.03,44.9,Macaca mulatta
NEUR_3639,Cortex,26.67,76.49,Danio rerio
NEUR_6888,Striatum,37.69,110.58,Rattus norvegicus
NEUR_5788,Cortex,58.4,56.0,Rattus norvegicus
NEUR_6574,Hypothalamus,64.31,39.15,Danio rerio
NEUR_8774,Striatum,35.93,77.93,Danio rerio
NEUR_9844,Amygdala,142.04,47.83,Macaca mulatta
NEUR_2902,Striatum,95.96,46.13,Mus musculus
NEUR_8606,Thalamus,12.98,90.42,Danio rerio
NEUR_8884,Striatum,124.67,39.71,Rattus norvegicus
NEUR_2320,Thalamus,148.44,85.13,Macaca mulatta
NEUR_2244,Thalamus,3.66,81.22,Macaca mulatta
NEUR_9930,Hypothalamus,67.25,64.08,Macaca mulatta
NEUR_2777,Hypothalamus,20.01,55.53,Danio rerio
NEUR_3125,Thalamus,36.24,70.94,Danio rerio
NEUR_3052,Cortex,24.4,90.09,Rattus norvegicus
NEUR_3373,Hypothalamus,12.81,28.43,Danio rerio
NEUR_2800,Hippocampus,146.44,38.48,Danio rerio
NEUR_3003,Cerebellum,83.21,73.76,Macaca mulatta
NEUR_7394,Amygdala,118.63,61.31,Macaca mulatta
NEUR_6018,Amygdala,42.95,72.88,Macaca mulatta
NEUR_5375,Amygdala,110.27,21.79,Macaca mulatta
NEUR_4423,Hypothalamus,92.97,116.67,Rattus norvegicus
NEUR_5656,Striatum,74.14,28.05,Mus musculus
NEUR_9661,Cerebellum,91.01,115.53,Rattus norvegicus
NEUR_3115,Cortex,70.76,40.88,Mus musculus
NEUR_3888,Amygdala,52.23,119.4,Rattus norvegicus
NEUR_5834,Cortex,95.34,113.1,Mus musculus
NEUR_6546,Hypothalamus,125.94,76.25,Mus musculus
NEUR_2865,Amygdala,149.26,32.33,Danio rerio
NEUR_1332,Thalamus,15.1,11.71,Mus musculus
NEUR_1259,Cerebellum,54.08,62.02,Rattus norvegicus
NEUR_6296,Hippocampus,45.88,72.81,Danio rerio
NEUR_9140,Cortex,147.44,20.65,Danio rerio
NEUR_7855,Amygdala,63.65,115.42,Mus musculus
NEUR_9074,Hypothalamus,56.89,26.25,Rattus norvegicus
NEUR_3220,Cerebellum,146.02,55.15,Macaca mulatta
NEUR_8974,Hippocampus,146.91,13.82,Mus musculus
NEUR_7472,Thalamus,78.29,79.23,Rattus norvegicus
NEUR_6269,Cortex,74.11,78.49,Danio rerio
NEUR_3709,Amygdala,109.59,70.9,Macaca mulatta
NEUR_6209,Striatum,59.85,119.7,Rattus norvegicus
NEUR_8813,Striatum,43.38,44.23,Macaca mulatta
NEUR_4361,Cerebellum,61.58,22.12,Macaca mulatta
NEUR_8101,Thalamus,61.31,67.91,Rattus norvegicus
NEUR_4194,Striatum,107.4,96.39,Mus musculus
NEUR_7694,Cerebellum,97.79,100.07,Danio rerio
NEUR_7800,Hypothalamus,132.59,63.88,Danio rerio
NEUR_8057,Hippocampus,128.91,70.45,Macaca mulatta
NEUR_7436,Thalamus,26.35,69.61,Rattus norvegicus
NEUR_1532,Hippocampus,48.15,76.3,Macaca mulatta
NEUR_6845,Hippocampus,66.95,23.77,Rattus norvegicus
NEUR_6047,Hypothalamus,107.79,54.21,Mus musculus
NEUR_5450,Striatum,140.42,118.99,Danio rerio
NEUR_1748,Hippocampus,115.01,21.43,Macaca mulatta
NEUR_3511,Cortex,39.84,84.38,Macaca mulatta
NEUR_9751,Hippocampus,60.91,108.52,Mus musculus
NEUR_5614,Thalamus,142.66,21.71,Danio rerio
NEUR_4355,Cerebellum,119.95,78.31,Danio rerio
NEUR_4117,Cerebellum,40.84,59.18,Danio rerio
NEUR_2753,Amygdala,135.55,47.72,Danio rerio
NEUR_1735,Cerebellum,131.02,74.7,Mus musculus
NEUR_5068,Amygdala,59.03,26.34,Mus musculus
NEUR_7789,Cortex,111.97,104.45,Rattus norvegicus
NEUR_5302,Cerebellum,78.91,68.49,Danio rerio
NEUR_8355,Cerebellum,25.72,68.07,Danio rerio
NEUR_7817,Cortex,101.52,45.57,Danio rerio
NEUR_9998,Striatum,72.77,76.39,Rattus norvegicus
NEUR_9460,Hypothalamus,72.73,61.58,Macaca mulatta
NEUR_7129,Thalamus,134.85,115.16,Mus musculus
NEUR_6004,Cerebellum,42.17,58.5,Mus musculus
NEUR_6022,Amygdala,131.09,89.54,Macaca mulatta
NEUR_3681,Cerebellum,20.56,14.35,Macaca mulatta
NEUR_9606,Cortex,115.59,22.29,Danio rerio
NEUR_2335,Thalamus,46.54,60.35,Danio rerio
NEUR_5234,Cerebellum,100.74,17.35,Mus musculus
NEUR_9154,Striatum,44.54,93.78,Danio rerio
NEUR_4850,Thalamus,147.99,31.36,Macaca mulatta
NEUR_2000,Hypothalamus,127.93,66.44,Danio rerio
NEUR_1625,Striatum,84.35,102.2,Mus musculus
NEUR_8985,Hypothalamus,117.47,109.27,Macaca mulatta
NEUR_8060,Striatum,123.63,23.44,Mus musculus
NEUR_6941,Thalamus,123.55,108.85,Mus musculus
NEUR_7498,Hippocampus,55.09,16.51,Danio rerio
NEUR_5927,Thalamus,134.79,82.81,Danio rerio
NEUR_6623,Thalamus,61.63,80.09,Rattus norvegicus
NEUR_5371,Thalamus,76.07,43.15,Mus musculus
NEUR_6619,Amygdala,23.0,104.87,Rattus norvegicus
NEUR_4412,Thalamus,41.41,55.59,Rattus norvegicus
NEUR_3665,Amygdala,54.76,13.94,Mus musculus
NEUR_9880,Amygdala,76.96,38.44,Macaca mulatta
NEUR_4372,Cortex,102.91,38.39,Rattus norvegicus
NEUR_3544,Striatum,138.94,67.62,Mus musculus
NEUR_3700,Cortex,50.18,115.61,Macaca mulatta
NEUR_8464,Cortex,143.32,99.09,Mus musculus
NEUR_4379,Striatum,97.12,90.82,Mus musculus
NEUR_4355,Hypothalamus,88.4,96.07,Mus musculus
NEUR_3423,Hypothalamus,87.48,93.97,Danio rerio
NEUR_4962,Hypothalamus,82.55,31.01,Rattus norvegicus
NEUR_4767,Hypothalamus,101.33,106.21,Danio rerio
NEUR_1215,Amygdala,106.6,106.45,Danio rerio
NEUR_6033,Amygdala,5.33,57.13,Mus musculus
NEUR_3202,Hypothalamus,65.83,40.04,Macaca mulatta
NEUR_9216,Striatum,62.08,64.25,Mus musculus
NEUR_9496,Cortex,126.52,99.28,Danio rerio
NEUR_1851,Cerebellum,131.97,20.41,Danio rerio
NEUR_3254,Hippocampus,89.92,56.58,Danio rerio
NEUR_6946,Cerebellum,60.59,63.17,Danio rerio
NEUR_4908,Hippocampus,54.99,22.99,Mus musculus
NEUR_5737,Thalamus,122.35,71.98,Macaca mulatta
NEUR_5396,Amygdala,33.57,109.38,Mus musculus
NEUR_4831,Cortex,96.88,106.1,Macaca mulatta
NEUR_1216,Cortex,124.2,69.96,Rattus norvegicus
NEUR_8666,Thalamus,64.39,20.93,Macaca mulatta
NEUR_6872,Cerebellum,51.24,108.76,Mus musculus
NEUR_7774,Cortex,35.14,82.95,Rattus norvegicus
NEUR_4378,Thalamus,88.93,95.97,Rattus norvegicus
NEUR_2649,Cortex,50.46,39.36,Danio rerio
NEUR_5081,Hypothalamus,96.27,99.99,Mus musculus
NEUR_5599,Cortex,25.84,101.02,Mus musculus
NEUR_8487,Hippocampus,116.7,25.1,Rattus norvegicus
NEUR_1666,Cortex,76.26,109.74,Mus musculus
NEUR_2191,Cerebellum,1.7,13.31,Mus musculus
NEUR_1347,Hypothalamus,43.1,21.19,Danio rerio
NEUR_2994,Striatum,103.34,113.52,Macaca mulatta
NEUR_8371,Cortex,12.35,75.75,Macaca mulatta
NEUR_8118,Cortex,102.48,68.24,Mus musculus
NEUR_7584,Hippocampus,20.63,41.78,Danio rerio
NEUR_8233,Cortex,35.59,22.45,Macaca mulatta
NEUR_2771,Cerebellum,39.41,107.44,Macaca mulatta
NEUR_5277,Cortex,46.4,43.91,Macaca mulatta
NEUR_3121,Amygdala,145.29,114.07,Rattus norvegicus
NEUR_7010,Thalamus,7.28,97.24,Rattus norvegicus
NEUR_1089,Hippocampus,128.08,38.72,Rattus norvegicus
NEUR_9547,Striatum,115.2,36.83,Danio rerio
NEUR_9681,Cerebellum,71.1,24.71,Macaca mulatta
NEUR_9795,Cortex,63.32,66.56,Rattus norvegicus
NEUR_8871,Hippocampus,139.45,73.6,Mus musculus
NEUR_6541,Thalamus,27.24,16.71,Macaca mulatta
NEUR_4008,Cortex,132.8,114.17,Danio rerio
NEUR_5453,Hypothalamus,20.04,86.97,Mus musculus
NEUR_2390,Hippocampus,112.99,49.73,Danio rerio
NEUR_4086,Amygdala,95.88,70.9,Macaca mulatta
NEUR_3842,Hypothalamus,81.69,109.15,Macaca mulatta
NEUR_3389,Cerebellum,113.65,22.51,Danio rerio
NEUR_6750,Cerebellum,136.77,69.55,Macaca mulatta
NEUR_6543,Striatum,29.54,81.87,Rattus norvegicus
NEUR_8241,Hypothalamus,118.85,61.37,Rattus norvegicus
NEUR_1523,Cerebellum,27.66,40.66,Danio rerio
NEUR_9454,Thalamus,27.3,22.58,Mus musculus
NEUR_5309,Cerebellum,37.03,30.18,Mus musculus
NEUR_9682,Cortex,102.81,103.06,Macaca mulatta
NEUR_1578,Striatum,88.1,78.27,Rattus norvegicus
NEUR_3250,Cortex,106.14,80.64,Danio rerio
NEUR_5263,Cerebellum,139.33,113.78,Mus musculus
NEUR_9057,Thalamus,47.51,57.64,Danio rerio
NEUR_3466,Amygdala,137.67,100.21,Rattus norvegicus
NEUR_7745,Amygdala,122.27,53.23,Rattus norvegicus
NEUR_8260,Cerebellum,142.5,12.77,Macaca mulatta
NEUR_7806,Striatum,64.04,25.61,Mus musculus
NEUR_1049,Cerebellum,74.33,47.67,Macaca mulatta
NEUR_6386,Cerebellum,44.23,16.65,Mus musculus
NEUR_5722,Striatum,117.7,37.85,Mus musculus
NEUR_5496,Cortex,129.39,93.38,Danio rerio
NEUR_3247,Hippocampus,87.91,73.68,Macaca mulatta
NEUR_7484,Cerebellum,4.46,37.21,Rattus norvegicus
NEUR_7460,Cortex,65.44,87.11,Rattus norvegicus
NEUR_2297,Hippocampus,149.64,55.54,Macaca mulatta
NEUR_5444,Hippocampus,86.39,21.3,Danio rerio
NEUR_8133,Amygdala,76.56,14.61,Rattus norvegicus
NEUR_5437,Striatum,120.55,113.97,Rattus norvegicus
NEUR_5959,Amygdala,24.5,24.88,Mus musculus
NEUR_9380,Amygdala,147.63,34.58,Rattus norvegicus
NEUR_2479,Striatum,146.12,72.23,Danio rerio
NEUR_3105,Striatum,58.61,103.41,Macaca mulatta
NEUR_2718,Hippocampus,39.64,41.76,Rattus norvegicus
NEUR_7869,Hypothalamus,140.59,20.16,Danio rerio
NEUR_6417,Hippocampus,145.79,52.79,Mus musculus
NEUR_2703,Striatum,1.48,30.58,Danio rerio
NEUR_4819,Hippocampus,73.91,100.81,Danio rerio
NEUR_9845,Hippocampus,15.41,36.21,Rattus norvegicus
NEUR_6274,Amygdala,102.25,24.54,Rattus norvegicus
NEUR_9091,Striatum,42.23,108.62,Danio rerio
NEUR_4484,Cortex,58.32,114.57,Danio rerio
NEUR_6621,Thalamus,9.58,49.05,Mus musculus
NEUR_3404,Hippocampus,138.62,58.26,Danio rerio
NEUR_9587,Thalamus,107.96,29.58,Rattus norvegicus
NEUR_6043,Amygdala,69.12,41.87,Danio rerio
NEUR_1302,Hypothalamus,107.43,41.74,Danio rerio
