neuron_id,region,firing_rate_hz,spike_amplitude_mv,subject_species
NEUR_8606,Hippocampus,49.39,15.12,Macaca mulatta
NEUR_2001,Cerebellum,139.93,103.67,Macaca mulatta
NEUR_1180,Thalamus,18.47,100.08,Rattus norvegicus
NEUR_6580,Striatum,5.25,15.15,Mus musculus
NEUR_1306,Cerebellum,121.23,66.84,Macaca mulatta
NEUR_3749,Amygdala,130.27,10.96,Mus musculus
NEUR_1382,Thalamus,49.16,66.42,Rattus norvegicus
NEUR_8031,Striatum,74.11,54.01,Danio rerio
NEUR_2084,Cortex,79.86,31.1,Rattus norvegicus
NEUR_9378,Striatum,118.05,84.78,Mus musculus
NEUR_9008,Amygdala,97.47,44.44,Danio rerio
NEUR_5582,Hippocampus,51.16,76.17,Rattus norvegicus
NEUR_2889,Cortex,56.11,61.05,Macaca mulatta
NEUR_4742,Cerebellum,113.82,11.38,Macaca mulatta
NEUR_3259,Amygdala,116.37,94.02,Macaca mulatta
NEUR_7802,Hippocampus,144.88,54.09,Mus musculus
NEUR_3585,Hypothalamus,126.83,38.49,Macaca mulatta
NEUR_9184,Cerebellum,142.61,115.12,Rattus norvegicus
NEUR_7002,Cortex,107.49,38.17,Mus musculus
NEUR_1385,Striatum,13.04,91.13,Macaca mulatta
NEUR_8069,Hippocampus,108.41,80.59,Rattus norvegicus
NEUR_4483,Hypothalamus,77.57,17.64,Macaca mulatta
NEUR_2909,Cortex,9.65,26.29,Danio rerio
NEUR_9540,Cortex,36.44,113.71,Danio rerio
NEUR_2838,Cerebellum,134.8,48.01,Danio rerio
NEUR_7410,Hypothalamus,82.12,63.07,Macaca mulatta
NEUR_1898,Hippocampus,90.01,91.43,Mus musculus
NEUR_4266,Hypothalamus,40.32,25.0,Macaca mulatta
NEUR_9320,Striatum,135.27,89.84,Mus musculus
NEUR_1236,Hypothalamus,92.59,87.74,Rattus norvegicus
NEUR_1188,Striatum,131.53,62.75,Rattus norvegicus
NEUR_8441,Hippocampus,24.22,31.53,Rattus norvegicus
NEUR_1228,Striatum,37.44,105.78,Danio rerio
NEUR_7991,Thalamus,139.83,111.46,Rattus norvegicus
NEUR_5033,Amygdala,79.01,78.73,Mus musculus
NEUR_8535,Cortex,26.99,57.47,Danio rerio
NEUR_8225,Cortex,60.39,104.03,Mus musculus
NEUR_6270,Cortex,126.52,44.11,Mus musculus
NEUR_2933,Cortex,146.81,112.19,Mus musculus
NEUR_4410,Cerebellum,55.39,78.61,Rattus norvegicus
NEUR_8742,Cerebellum,101.11,112.96,Macaca mulatta
NEUR_6840,Striatum,78.13,22.84,Rattus norvegicus
NEUR_2759,Thalamus,20.71,34.59,Mus musculus
NEUR_8792,Hippocampus,123.48,31.63,Rattus norvegicus
NEUR_7032,Striatum,68.52,106.2,Rattus norvegicus
NEUR_2218,Cortex,70.01,68.5,Mus musculus
NEUR_9113,Thalamus,66.22,13.68,Rattus norvegicus
NEUR_5999,Striatum,15.05,14.62,Mus musculus
NEUR_6213,Hypothalamus,26.59,27.41,Macaca mulatta
NEUR_5226,Amygdala,43.55,67.28,Danio rerio
NEUR_7821,Thalamus,106.53,57.69,Macaca mulatta
NEUR_4627,Cortex,87.31,83.39,Rattus norvegicus
NEUR_1179,Hypothalamus,30.61,107.96,Danio rerio
NEUR_5392,Hippocampus,97.34,37.79,Mus musculus
NEUR_8863,Cerebellum,143.62,74.89,Mus musculus
NEUR_8611,Thalamus,58.03,45.64,Macaca mulatta
NEUR_5043,Striatum,5.45,95.04,Macaca mulatta
NEUR_5144,Amygdala,98.11,67.31,Macaca mulatta
NEUR_4542,Amygdala,92.7,36.39,Danio rerio
NEUR_7288,Cortex,93.62,71.96,Macaca mulatta
NEUR_3556,Amygdala,135.79,70.92,Mus musculus
NEUR_4638,Cerebellum,67.97,23.35,Rattus norvegicus
NEUR_6398,Striatum,57.54,94.41,Rattus norvegicus
NEUR_9797,Striatum,52.34,44.02,Mus musculus
NEUR_9242,Cerebellum,0.26,110.12,Mus musculus
NEUR_4897,Cerebellum,122.11,107.97,Mus musculus
NEUR_2938,Hippocampus,122.05,42.32,Macaca mulatta
NEUR_3942,Hippocampus,83.18,41.19,Rattus norvegicus
NEUR_5204,Cortex,92.63,115.42,Mus musculus
NEUR_8435,Amygdala,50.31,75.91,Danio rerio
NEUR_7285,Striatum,11.64,115.06,Macaca mulatta
NEUR_4260,Hippocampus,144.85,35.52,Macaca mulatta
NEUR_5058,Cortex,10.03,54.14,Mus musculus
NEUR_9840,Cerebellum,18.85,114.56,Rattus norvegicus
NEUR_3924,Amygdala,42.17,118.43,Macaca mulatta
NEUR_5152,Striatum,79.21,28.71,Macaca mulatta
NEUR_1959,Striatum,146.37,91.45,Macaca mulatta
NEUR_8130,Thalamus,95.37,79.34,Mus musculus
NEUR_2677,Amygdala,41.52,15.67,Danio rerio
NEUR_1153,Hippocampus,102.38,71.02,Rattus norvegicus
NEUR_9850,Thalamus,115.25,51.34,Danio rerio
NEUR_7160,Amygdala,26.4,119.52,Danio rerio
NEUR_3316,Cortex,12.06,32.75,Rattus norvegicus
NEUR_4223,Striatum,12.35,32.64,Rattus norvegicus
NEUR_4322,Striatum,90.38,19.86,Macaca mulatta
NEUR_3078,Hippocampus,106.29,93.68,Macaca mulatta
NEUR_9264,Hippocampus,55.27,75.83,Mus musculus
NEUR_9890,Striatum,43.52,27.12,Rattus norvegicus
NEUR_3840,Amygdala,94.38,59.81,Mus musculus
NEUR_6066,Thalamus,7.5,103.21,Danio rerio
NEUR_7734,Amygdala,109.03,80.33,Rattus norvegicus
NEUR_8196,Amygdala,5.19,64.54,Rattus norvegicus
NEUR_6622,Thalamus,67.53,67.38,Rattus norvegicus
NEUR_2919,Hypothalamus,130.09,115.62,Rattus norvegicus
NEUR_5096,Cerebellum,82.17,119.88,Rattus norvegicus
NEUR_4472,Hypothalamus,6.5,69.12,Macaca mulatta
NEUR_5297,Striatum,99.33,71.3,Macaca mulatta
NEUR_2899,Thalamus,57.54,64.94,Mus musculus
NEUR_6355,Hypothalamus,112.17,20.9,Mus musculus
NEUR_1015,Cerebellum,75.34,92.61,Mus musculus
NEUR_5987,Hypothalamus,41.43,83.46,Rattus norvegicus
NEUR_2476,Cortex,16.37,107.84,Macaca mulatta
NEUR_6338,Hippocampus,119.04,55.7,Mus musculus
NEUR_5750,Striatum,123.4,37.03,Danio rerio
NEUR_5250,Hippocampus,134.39,79.3,Rattus norvegicus
NEUR_4887,Cerebellum,64.25,111.86,Rattus norvegicus
NEUR_4280,Thalamus,126.03,101.82,Rattus norvegicus
NEUR_2443,Hippocampus,31.43,63.09,Rattus norvegicus
NEUR_9077,Hippocampus,118.19,23.84,Mus musculus
NEUR_2749,Cerebellum,11.45,87.74,Danio rerio
NEUR_8516,Hypothalamus,143.94,76.97,Mus musculus
NEUR_7556,Amygdala,118.81,33.44,Mus musculus
NEUR_8903,Cortex,16.19,96.86,Macaca mulatta
NEUR_7250,Hypothalamus,143.44,58.28,Macaca mulatta
NEUR_9137,Hippocampus,141.5,73.5,Rattus norvegicus
NEUR_1080,Striatum,73.52,115.88,Danio rerio
NEUR_6869,Cortex,38.14,47.58,Rattus norvegicus
NEUR_2237,Striatum,128.79,12.09,Rattus norvegicus
NEUR_3568,Hypothalamus,18.22,105.78,Rattus norvegicus
NEUR_8483,Amygdala,55.55,70.71,Rattus norvegicus
NEUR_5509,Cerebellum,111.43,116.72,Rattus norvegicus
NEUR_9047,Striatum,96.96,75.12,Mus musculus
NEUR_7328,Amygdala,24.82,19.73,Macaca mulatta
NEUR_7171,Hippocampus,113.02,81.28,Rattus norvegicus
NEUR_9987,Striatum,2.61,27.17,Rattus norvegicus
NEUR_6232,Hippocampus,25.08,36.67,Macaca mulatta
NEUR_4573,Cerebellum,37.16,56.77,Macaca mulatta
NEUR_6921,Amygdala,46.68,42.48,Mus musculus
NEUR_2530,Hypothalamus,44.62,23.03,Danio rerio
NEUR_7442,Amygdala,53.11,90.49,Danio rerio
NEUR_8172,Striatum,119.39,57.94,Rattus norvegicus
NEUR_7185,Striatum,97.36,52.73,Danio rerio
NEUR_5250,Cortex,45.59,81.66,Danio rerio
NEUR_4982,Striatum,132.5,100.61,Rattus norvegicus
NEUR_6170,Amygdala,74.39,16.35,Danio rerio
NEUR_6833,Hypothalamus,86.18,11.19,Danio rerio
NEUR_5657,Striatum,148.71,15.46,Mus musculus
NEUR_7573,Amygdala,27.41,88.61,Mus musculus
NEUR_3346,Hippocampus,140.1,101.79,Macaca mulatta
NEUR_9818,Hippocampus,124.6,106.57,Macaca mulatta
NEUR_3132,Hypothalamus,88.73,34.25,Mus musculus
NEUR_7796,Amygdala,108.14,20.77,Macaca mulatta
NEUR_8573,Hypothalamus,76.53,101.35,Mus musculus
NEUR_3075,Hippocampus,44.3,40.9,Rattus norvegicus
NEUR_7186,Amygdala,33.85,96.31,Mus musculus
NEUR_5100,Cerebellum,66.04,21.49,Danio rerio
NEUR_4116,Hypothalamus,105.84,71.9,Macaca mulatta
NEUR_2558,Hippocampus,134.72,22.44,Mus musculus
NEUR_8056,Thalamus,124.72,112.19,Rattus norvegicus
NEUR_9197,Cerebellum,80.15,68.26,Macaca mulatta
NEUR_9703,Cortex,29.82,13.81,Mus musculus
NEUR_5938,Amygdala,140.1,116.97,Danio rerio
NEUR_3439,Striatum,38.98,81.76,Mus musculus
NEUR_5489,Amygdala,89.78,59.08,Macaca mulatta
NEUR_4853,Cortex,72.74,93.02,Mus musculus
NEUR_3078,Cortex,116.71,28.88,Danio rerio
NEUR_4676,Cerebellum,72.54,24.85,Mus musculus
NEUR_6236,Hypothalamus,26.2,112.5,Rattus norvegicus
NEUR_7420,Cortex,36.54,22.69,Rattus norvegicus
NEUR_4972,Cortex,95.57,46.69,Danio rerio
NEUR_7058,Striatum,66.77,105.52,Mus musculus
NEUR_8985,Cortex,72.96,29.31,Macaca mulatta
NEUR_4221,Striatum,30.54,81.27,Rattus norvegicus
NEUR_9143,Cerebellum,106.63,23.87,Rattus norvegicus
NEUR_1061,Hypothalamus,146.14,51.91,Danio rerio
NEUR_1536,Cerebellum,2.37,82.94,Rattus norvegicus
NEUR_3008,Cerebellum,33.49,56.49,Macaca mulatta
NEUR_1126,Cerebellum,134.91,118.85,Mus musculus
NEUR_4263,Hypothalamus,146.95,17.59,Macaca mulatta
NEUR_3556,Cerebellum,97.11,54.04,Macaca mulatta
NEUR_6181,Hippocampus,88.31,56.0,Macaca mulatta
NEUR_3779,Hippocampus,9.84,105.82,Rattus norvegicus
NEUR_3220,Thalamus,102.15,57.21,Macaca mulatta
NEUR_9696,Cerebellum,119.6,46.0,Macaca mulatta
NEUR_2991,Cortex,118.35,41.16,Mus musculus
NEUR_3220,Thalamus,17.97,98.85,Macaca mulatta
NEUR_5618,Amygdala,75.47,58.12,Mus musculus
NEUR_2084,Cerebellum,110.39,21.44,Danio rerio
NEUR_4573,Cortex,50.79,31.61,Mus musculus
NEUR_7457,Striatum,119.59,80.51,Macaca mulatta
NEUR_2637,Amygdala,115.71,81.79,Macaca mulatta
NEUR_2628,Striatum,50.12,14.7,Mus musculus
NEUR_8257,Thalamus,128.95,45.67,Rattus norvegicus
NEUR_8753,Striatum,140.19,119.57,Mus musculus
NEUR_8116,Cortex,45.27,104.3,Danio rerio
NEUR_5885,Hypothalamus,109.09,76.49,Rattus norvegicus
NEUR_8414,Amygdala,83.98,83.71,Rattus norvegicus
NEUR_5762,Hippocampus,80.63,82.36,Macaca mulatta
NEUR_5676,Cortex,67.73,12.71,Mus musculus
NEUR_9048,Cerebellum,72.59,98.2,Macaca mulatta
NEUR_6556,Hippocampus,126.71,85.65,Rattus norvegicus
NEUR_2360,Cerebellum,7.02,48.74,Danio rerio
NEUR_6619,Cerebellum,5.42,56.73,Mus musculus
NEUR_8665,Cerebellum,72.81,85.09,Rattus norvegicus
NEUR_8126,Cortex,139.23,115.39,Danio rerio
NEUR_7743,Thalamus,34.5,36.26,Rattus norvegicus
NEUR_1111,Cortex,67.68,107.1,Mus musculus
NEUR_9660,Hippocampus,38.84,49.37,Macaca mulatta
NEUR_9614,Thalamus,1.12,58.67,Macaca mulatta
NEUR_9456,Thalamus,41.44,24.17,Rattus norvegicus
NEUR_6815,Cerebellum,19.09,18.16,Mus musculus
NEUR_2068,Hypothalamus,20.41,97.94,Danio rerio
NEUR_6633,Thalamus,92.92,34.22,Rattus norvegicus
NEUR_6038,Cortex,139.04,63.46,Macaca mulatta
NEUR_1000,Amygdala,105.23,59.24,Rattus norvegicus
NEUR_3256,Striatum,75.51,115.21,Danio rerio
NEUR_8574,Amygdala,19.85,110.28,Rattus norvegicus
NEUR_3620,Cerebellum,69.15,56.63,Rattus norvegicus
NEUR_1859,Striatum,70.93,89.12,Rattus norvegicus
NEUR_1964,Cortex,142.85,77.73,Rattus norvegicus
NEUR_4260,Amygdala,75.17,68.49,Macaca mulatta
NEUR_5547,Striatum,4.01,96.01,Danio rerio
NEUR_6722,Amygdala,1.76,104.06,Mus musculus
NEUR_3735,Hippocampus,116.82,86.15,Rattus norvegicus
NEUR_7374,Cortex,55.95,32.57,Rattus norvegicus
NEUR_8804,Amygdala,96.93,61.78,Macaca mulatta
NEUR_9276,Hippocampus,32.73,93.08,Rattus norvegicus
NEUR_8074,Hypothalamus,111.55,28.22,Macaca mulatta
NEUR_5042,Thalamus,149.04,101.42,Rattus norvegicus
NEUR_6912,Hippocampus,57.65,23.26,Mus musculus
NEUR_8004,Thalamus,48.7,23.09,Rattus norvegicus
NEUR_6376,Hippocampus,77.32,11.18,Mus musculus
NEUR_8008,Hypothalamus,144.54,46.26,Rattus norvegicus
NEUR_8166,Cerebellum,144.26,53.11,Danio rerio
NEUR_7342,Cerebellum,123.9,105.02,Macaca mulatta
NEUR_5003,Cortex,53.59,13.7,Macaca mulatta
NEUR_9066,Hypothalamus,20.63,28.8,Macaca mulatta
NEUR_9141,Striatum,49.86,11.06,Rattus norvegicus
NEUR_8983,Thalamus,113.86,107.56,Rattus norvegicus
NEUR_1296,Cerebellum,108.75,107.05,Mus musculus
NEUR_2465,Cortex,112.13,25.33,Mus musculus
NEUR_4454,Hypothalamus,19.28,11.46,Macaca mulatta
NEUR_9411,Hypothalamus,71.17,16.43,Mus musculus
NEUR_9941,Hippocampus,142.88,30.99,Danio rerio
NEUR_8999,Hypothalamus,3.86,96.37,Mus musculus
NEUR_8198,Striatum,12.63,35.42,Danio rerio
NEUR_2139,Thalamus,66.56,111.29,Danio rerio
NEUR_7338,Cortex,35.33,30.15,Rattus norvegicus
NEUR_3791,Cerebellum,78.37,12.46,Rattus norvegicus
NEUR_8822,Hippocampus,79.32,44.3,Danio rerio
NEUR_9234,Hippocampus,59.82,62.9,Macaca mulatta
NEUR_5900,Cerebellum,48.33,31.32,Mus musculus
NEUR_6013,Hippocampus,48.66,83.71,Rattus norvegicus
NEUR_6289,Hypothalamus,132.59,93.86,Danio rerio
NEUR_4865,Cortex,101.81,23.45,Macaca mulatta
NEUR_9747,Thalamus,120.63,73.66,Danio rerio
NEUR_7906,Amygdala,75.76,59.69,Danio rerio
NEUR_9025,Amygdala,59.14,119.38,Danio rerio
NEUR_6521,Cerebellum,54.01,19.12,Macaca mulatta
NEUR_2753,Cerebellum,63.06,26.08,Danio rerio
NEUR_7253,Cortex,65.4,96.91,Rattus norvegicus
NEUR_2149,Hippocampus,76.03,55.36,Rattus norvegicus
NEUR_2496,Amygdala,86.99,58.21,Macaca mulatta
NEUR_4638,Hypothalamus,54.44,55.46,Mus musculus
NEUR_7191,Cortex,136.43,71.11,Rattus norvegicus
NEUR_5293,Thalamus,60.05,113.96,Mus musculus
NEUR_9772,Striatum,92.15,102.25,Rattus norvegicus
NEUR_7041,Striatum,118.43,80.08,Mus musculus
NEUR_8407,Hypothalamus,14.67,30.94,Macaca mulatta
NEUR_8015,Striatum,58.16,26.3,Mus musculus
NEUR_3743,Hippocampus,149.56,73.12,Rattus norvegicus
NEUR_6987,Hypothalamus,75.49,109.38,Mus musculus
NEUR_1421,Amygdala,56.15,36.92,Mus musculus
NEUR_5672,Thalamus,148.41,89.78,Rattus norvegicus
NEUR_5915,Striatum,124.13,52.54,Mus musculus
NEUR_1081,Amygdala,37.95,42.35,Rattus norvegicus
NEUR_8922,Striatum,145.89,12.6,Mus musculus
NEUR_3680,Cerebellum,25.95,19.59,Macaca mulatta
NEUR_1520,Thalamus,41.08,42.92,Macaca mulatta
NEUR_1883,Hippocampus,35.23,103.64,Macaca mulatta
NEUR_3472,Cortex,34.08,84.04,Mus musculus
NEUR_4335,Hypothalamus,73.49,28.91,Macaca mulatta
NEUR_1973,Thalamus,73.89,79.46,Mus musculus
NEUR_7525,Hypothalamus,50.07,71.69,Macaca mulatta
NEUR_1917,Amygdala,30.43,35.05,Macaca mulatta
NEUR_2120,Striatum,42.61,72.92,Rattus norvegicus
NEUR_6130,Hypothalamus,50.64,14.93,Macaca mulatta
NEUR_7741,Amygdala,16.32,87.64,Rattus norvegicus
NEUR_7849,Hypothalamus,116.78,110.02,Rattus norvegicus
NEUR_8919,Amygdala,22.45,91.75,Rattus norvegicus
NEUR_9192,Cerebellum,98.78,94.97,Danio rerio
NEUR_2602,Amygdala,49.11,102.34,Mus musculus
NEUR_9884,Striatum,148.18,82.69,Rattus norvegicus
NEUR_6064,Amygdala,44.11,34.4,Mus musculus
NEUR_6203,Amygdala,121.46,55.61,Mus musculus
NEUR_8784,Hippocampus,70.13,24.04,Macaca mulatta
NEUR_5253,Hypothalamus,133.08,35.58,Rattus norvegicus
NEUR_7787,Cortex,17.7,66.3,Macaca mulatta
NEUR_5902,Hippocampus,113.78,38.14,Macaca mulatta
NEUR_1099,Amygdala,141.61,102.85,Rattus norvegicus
NEUR_7224,Cerebellum,38.29,71.12,Macaca mulatta
NEUR_7545,Cortex,76.17,91.86,Macaca mulatta
NEUR_6250,Amygdala,59.77,11.04,Mus musculus
NEUR_1085,Cortex,101.48,11.31,Macaca mulatta
NEUR_9537,Hippocampus,5.02,99.06,Macaca mulatta
NEUR_3269,Striatum,10.36,38.71,Macaca mulatta
NEUR_1406,Thalamus,140.78,110.07,Mus musculus
NEUR_3659,Cerebellum,86.55,13.96,Macaca mulatta
NEUR_9769,Striatum,38.91,99.35,Macaca mulatta
NEUR_9543,Hippocampus,48.92,112.53,Mus musculus
NEUR_9944,Amygdala,67.46,117.71,Danio rerio
NEUR_1297,Thalamus,13.97,114.89,Macaca mulatta
NEUR_2879,Cerebellum,45.12,34.46,Rattus norvegicus
NEUR_8033,Hippocampus,85.92,46.52,Rattus norvegicus
NEUR_2942,Cerebellum,132.18,92.4,Rattus norvegicus
NEUR_5782,Hippocampus,68.3,85.08,Rattus norvegicus
NEUR_3480,Hippocampus,83.65,62.82,Rattus norvegicus
NEUR_4176,Striatum,55.72,112.7,Mus musculus
NEUR_2111,Hypothalamus,4.23,114.52,Rattus norvegicus
NEUR_7858,Cortex,89.07,108.3,Macaca mulatta
NEUR_2605,Cortex,18.12,119.68,Rattus norvegicus
NEUR_1575,Hypothalamus,19.74,55.3,Mus musculus
NEUR_2037,Cortex,35.13,112.81,Macaca mulatta
NEUR_8045,Hypothalamus,38.56,24.99,Macaca mulatta
NEUR_1125,Thalamus,97.44,27.5,Rattus norvegicus
NEUR_6873,Cortex,129.62,73.93,Mus musculus
NEUR_9783,Cortex,98.71,116.76,Rattus norvegicus
NEUR_6941,Amygdala,87.66,26.42,Mus musculus
NEUR_5800,Thalamus,133.0,106.21,Rattus norvegicus
NEUR_7915,Striatum,110.44,53.17,Mus musculus
NEUR_3990,Cortex,86.02,38.3,Macaca mulatta
NEUR_6995,Amygdala,115.24,53.0,Mus musculus
NEUR_8216,Hypothalamus,93.23,103.02,Macaca mulatta
NEUR_1157,Cortex,99.12,77.51,Macaca mulatta
NEUR_6067,Cerebellum,71.4,85.78,Macaca mulatta
NEUR_9677,Hypothalamus,149.91,50.31,Mus musculus
NEUR_7938,Cerebellum,59.72,102.05,Rattus norvegicus
NEUR_7886,Hypothalamus,78.17,62.34,Macaca mulatta
NEUR_1074,Amygdala,43.12,41.67,Rattus norvegicus
NEUR_6340,Hippocampus,21.83,24.1,Mus musculus
NEUR_1705,Hippocampus,1.57,10.0,Rattus norvegicus
NEUR_4616,Thalamus,149.78,59.11,Mus musculus
NEUR_6947,Hippocampus,142.84,85.01,Rattus norvegicus
NEUR_5328,Hippocampus,124.08,65.64,Macaca mulatta
NEUR_8904,Amygdala,58.29,38.78,Danio rerio
NEUR_1792,Hippocampus,143.01,52.91,Mus musculus
NEUR_5913,Striatum,109.46,99.76,Mus musculus
NEUR_8555,Thalamus,90.63,56.15,Macaca mulatta
NEUR_4251,Hippocampus,70.56,52.22,Danio rerio
NEUR_2278,Cortex,91.31,43.59,Macaca mulatta
NEUR_9055,Hippocampus,109.36,77.42,Rattus norvegicus
NEUR_9436,Thalamus,31.02,25.19,Macaca mulatta
NEUR_7662,Hippocampus,123.96,88.93,Mus musculus
NEUR_7715,Striatum,112.33,41.04,Macaca mulatta
NEUR_4381,Cortex,136.09,31.29,Mus musculus
NEUR_4070,Cerebellum,39.18,42.5,Rattus norvegicus
NEUR_2255,Hippocampus,67.09,54.33,Mus musculus
NEUR_6405,Hippocampus,136.11,60.09,Macaca mulatta
NEUR_6375,Cerebellum,93.14,57.53,Danio rerio
NEUR_9431,Striatum,136.66,81.77,Danio rerio
NEUR_3738,Thalamus,139.19,76.26,Danio rerio
NEUR_7645,Amygdala,36.63,65.14,Mus musculus
NEUR_2385,Hippocampus,94.48,66.57,Mus musculus
NEUR_3141,Amygdala,78.92,107.09,Rattus norvegicus
NEUR_7098,Cerebellum,7.31,74.22,Rattus norvegicus
NEUR_2039,Hippocampus,118.22,45.65,Danio rerio
NEUR_9982,Hypothalamus,42.61,91.35,Rattus norvegicus
NEUR_4627,Amygdala,30.3,66.62,Danio rerio
NEUR_9612,Hypothalamus,138.46,34.75,Macaca mulatta
NEUR_4665,Hypothalamus,65.63,40.27,Rattus norvegicus
NEUR_7995,Cortex,13.77,118.94,Danio rerio
NEUR_3927,Hippocampus,2.42,113.83,Rattus norvegicus
NEUR_6174,Cortex,104.89,25.63,Mus musculus
NEUR_5712,Hippocampus,18.28,104.68,Macaca mulatta
NEUR_9225,Amygdala,34.81,76.21,Danio rerio
NEUR_8048,Hypothalamus,46.12,27.34,Mus musculus
NEUR_8690,Hippocampus,96.52,79.12,Macaca mulatta
NEUR_4942,Thalamus,10.15,100.83,Danio rerio
NEUR_5215,Thalamus,39.87,91.15,Macaca mulatta
NEUR_5920,Striatum,87.9,90.13,Macaca mulatta
NEUR_8267,Striatum,133.89,47.7,Mus musculus
NEUR_5589,Thalamus,126.3,67.92,Mus musculus
NEUR_4914,Hypothalamus,63.71,23.7,Mus musculus
NEUR_5675,Striatum,73.14,71.09,Mus musculus
NEUR_8955,Hypothalamus,63.51,16.51,Danio rerio
NEUR_4957,Cerebellum,131.76,119.12,Rattus norvegicus
NEUR_5362,Thalamus,39.09,94.19,Rattus norvegicus
NEUR_7375,Thalamus,133.7,99.35,Rattus norvegicus
NEUR_5145,Striatum,27.68,73.57,Danio rerio
NEUR_3478,Striatum,94.2,108.85,Rattus norvegicus
NEUR_6030,Hypothalamus,89.18,27.62,Rattus norvegicus
NEUR_3813,Hypothalamus,110.86,92.93,Macaca mulatta
NEUR_4757,Hypothalamus,57.42,20.67,Rattus norvegicus
NEUR_4344,Cortex,26.7,30.32,Macaca mulatta
NEUR_3978,Hypothalamus,116.12,54.88,Mus musculus
NEUR_6443,Cortex,2.04,106.06,Mus musculus
NEUR_2910,Hippocampus,140.5,25.19,Mus musculus
NEUR_6385,Amygdala,47.09,10.47,Macaca mulatta
NEUR_2071,Striatum,50.31,45.09,Mus musculus
NEUR_8442,Amygdala,77.9,12.56,Mus musculus
NEUR_5465,Amygdala,112.14,86.19,Danio rerio
NEUR_5155,Thalamus,25.36,78.54,Macaca mulatta
NEUR_8751,Hypothalamus,73.02,19.76,Mus musculus
NEUR_3504,Thalamus,130.35,18.22,Mus musculus
NEUR_7701,Thalamus,12.22,75.53,Danio rerio
NEUR_4400,Cortex,68.49,34.96,Macaca mulatta
NEUR_2652,Amygdala,38.98,17.53,Rattus norvegicus
NEUR_5890,Hypothalamus,85.69,27.29,Danio rerio
NEUR_4724,Striatum,84.39,109.71,Danio rerio
NEUR_9068,Striatum,118.76,38.98,Mus musculus
NEUR_6232,Hypothalamus,71.28,15.56,Macaca mulatta
NEUR_4000,Cerebellum,18.85,16.37,Rattus norvegicus
NEUR_3368,Cerebellum,16.06,117.84,Mus musculus
NEUR_4364,Striatum,62.76,11.21,Rattus norvegicus
NEUR_4783,Hypothalamus,86.73,48.68,Mus musculus
NEUR_1246,Striatum,40.86,112.84,Rattus norvegicus
NEUR_3515,Amygdala,1.17,93.58,Danio rerio
NEUR_7510,Hippocampus,114.13,98.26,Macaca mulatta
NEUR_7252,Thalamus,26.04,74.88,Mus musculus
NEUR_9186,Striatum,113.43,25.39,Danio rerio
NEUR_2262,Cortex,114.34,98.49,Macaca mulatta
NEUR_2344,Thalamus,113.28,60.75,Mus musculus
NEUR_1943,Striatum,50.44,102.76,Danio rerio
NEUR_9922,Cortex,73.35,78.05,Danio rerio
NEUR_1092,Cortex,2.89,64.15,Macaca mulatta
NEUR_8183,Amygdala,119.29,12.66,Macaca mulatta
NEUR_2208,Cerebellum,0.58,39.46,Rattus norvegicus
NEUR_7685,Hypothalamus,143.37,25.56,Rattus norvegicus
NEUR_2195,Hypothalamus,15.53,89.56,Macaca mulatta
NEUR_9625,Hypothalamus,31.44,27.01,Danio rerio
NEUR_1248,Striatum,73.09,101.66,Danio rerio
NEUR_2366,Striatum,134.88,78.56,Macaca mulatta
NEUR_5414,Cerebellum,65.62,46.66,Mus musculus
NEUR_9622,Hypothalamus,118.31,101.4,Macaca mulatta
NEUR_4608,Hypothalamus,58.73,85.61,Mus musculus
NEUR_7993,Cerebellum,82.97,62.31,Danio rerio
NEUR_8047,Amygdala,34.96,14.55,Macaca mulatta
NEUR_2751,Amygdala,25.29,10.82,Rattus norvegicus
NEUR_9710,Cerebellum,136.97,96.52,Danio rerio
NEUR_3661,Thalamus,83.68,66.69,Macaca mulatta
NEUR_6609,Hippocampus,79.81,40.84,Macaca mulatta
NEUR_9350,Striatum,119.01,70.7,Danio rerio
NEUR_6323,Cerebellum,7.41,88.79,Rattus norvegicus
NEUR_9646,Striatum,53.36,29.98,Mus musculus
NEUR_6787,Thalamus,124.41,21.43,Danio rerio
NEUR_2664,Cortex,38.23,72.7,Danio rerio
NEUR_7772,Striatum,131.73,107.74,Danio rerio
NEUR_8264,Striatum,143.42,21.85,Mus musculus
NEUR_2603,Cerebellum,5.69,62.37,Mus musculus
NEUR_6476,Amygdala,141.74,11.24,Macaca mulatta
NEUR_5588,Cortex,8.41,39.95,Mus musculus
NEUR_6565,Amygdala,47.51,51.51,Danio rerio
NEUR_1278,Thalamus,122.25,42.03,Danio rerio
NEUR_9137,Amygdala,10.08,107.93,Danio rerio
NEUR_8198,Cortex,97.76,101.92,Rattus norvegicus
NEUR_8618,Hippocampus,71.44,30.53,Rattus norvegicus
NEUR_4326,Thalamus,88.11,91.72,Mus musculus
NEUR_1233,Striatum,51.04,106.66,Danio rerio
NEUR_1848,Hypothalamus,26.46,40.84,Macaca mulatta
NEUR_7208,Hippocampus,64.8,115.84,Rattus norvegicus
NEUR_2413,Striatum,124.12,107.92,Rattus norvegicus
NEUR_7338,Cerebellum,20.08,27.88,Rattus norvegicus
NEUR_4895,Cortex,115.0,64.66,Rattus norvegicus
NEUR_7586,Hypothalamus,91.3,105.18,Mus musculus
NEUR_9076,Amygdala,113.12,27.87,Danio rerio
NEUR_8443,Cortex,58.17,41.2,Danio rerio
NEUR_3797,Hippocampus,8.94,26.46,Mus musculus
NEUR_6017,Hypothalamus,27.07,115.04,Macaca mulatta
NEUR_6479,Cortex,111.44,35.23,Rattus norvegicus
NEUR_1558,Hippocampus,10.09,33.1,Mus musculus
NEUR_5393,Striatum,138.06,91.96,Macaca mulatta
NEUR_6377,Cortex,25.98,11.36,Mus musculus
NEUR_5417,Hippocampus,149.22,71.92,Macaca mulatta
NEUR_2287,Hippocampus,73.82,45.31,Mus musculus
NEUR_4870,Cortex,118.74,43.85,Mus musculus
NEUR_7921,Hypothalamus,81.9,80.53,Macaca mulatta
NEUR_4025,Striatum,148.62,59.65,Mus musculus
NEUR_1488,Thalamus,115.79,74.16,Rattus norvegicus
NEUR_6675,Thalamus,130.45,83.66,Rattus norvegicus
NEUR_4773,Amygdala,54.97,36.8,Mus musculus
NEUR_2483,Thalamus,146.49,76.95,Danio rerio
NEUR_2308,Thalamus,25.75,41.26,Mus musculus
NEUR_4834,Cerebellum,17.11,112.61,Rattus norvegicus
NEUR_9853,Striatum,104.25,46.85,Macaca mulatta
NEUR_2208,Striatum,58.42,29.85,Danio rerio
NEUR_6660,Hypothalamus,2.32,80.24,Danio rerio
NEUR_6646,Thalamus,11.07,82.49,Macaca mulatta
NEUR_4850,Cortex,64.77,76.68,Rattus norvegicus
NEUR_2972,Hippocampus,44.12,82.38,Mus musculus
NEUR_2271,Cortex,73.58,49.58,Mus musculus
NEUR_2216,Thalamus,126.07,112.12,Rattus norvegicus
NEUR_4555,Cortex,20.52,38.8,Macaca mulatta
NEUR_3046,Thalamus,51.56,14.34,Rattus norvegicus
NEUR_3680,Striatum,66.78,39.26,Macaca mulatta
NEUR_5960,Amygdala,144.38,110.41,Danio rerio
NEUR_6848,Cortex,4.79,34.39,Macaca mulatta
NEUR_6897,Cortex,65.01,100.99,Mus musculus
NEUR_8902,Cortex,26.34,14.64,Macaca mulatta
NEUR_7843,Hypothalamus,14.9,13.36,Danio rerio
NEUR_3091,Hippocampus,144.18,88.96,Macaca mulatta
NEUR_9522,Hippocampus,58.74,19.04,Danio rerio
NEUR_4747,Hippocampus,85.51,30.22,Rattus norvegicus
NEUR_7711,Cerebellum,121.22,53.33,Rattus norvegicus
NEUR_8157,Striatum,48.39,103.13,Rattus norvegicus
NEUR_2360,Striatum,115.53,29.58,Rattus norvegicus
NEUR_1010,Striatum,115.55,31.94,Rattus norvegicus
NEUR_6295,Hippocampus,68.79,22.91,Mus musculus
NEUR_3258,Striatum,75.7,49.62,Rattus norvegicus
NEUR_3712,Striatum,132.32,82.39,Rattus norvegicus
NEUR_1333,Hippocampus,132.85,78.86,Macaca mulatta
NEUR_1018,Thalamus,68.22,109.32,Rattus norvegicus
NEUR_9229,Thalamus,135.61,83.29,Rattus norvegicus
NEUR_8034,Cortex,76.43,30.16,Macaca mulatta
NEUR_2405,Thalamus,15.13,93.02,Mus musculus
NEUR_4234,Cortex,98.47,99.83,Mus musculus
NEUR_1281,Cerebellum,123.3,107.44,Rattus norvegicus
NEUR_6821,Striatum,122.82,21.12,Mus musculus
NEUR_9684,Thalamus,20.22,39.03,Danio rerio
NEUR_4835,Cortex,36.37,94.69,Macaca mulatta
NEUR_8398,Cerebellum,28.91,20.87,Mus musculus
NEUR_5501,Hypothalamus,12.86,115.16,Macaca mulatta
NEUR_6995,Amygdala,44.17,16.08,Mus musculus
NEUR_9681,Striatum,34.71,21.64,Macaca mulatta
NEUR_4404,Striatum,26.33,87.04,Macaca mulatta
NEUR_7318,Striatum,113.14,119.27,Danio rerio
NEUR_2018,Striatum,43.57,39.53,Mus musculus
NEUR_5949,Striatum,8.01,103.35,Danio rerio
NEUR_8543,Hypothalamus,46.27,20.91,Danio rerio
NEUR_1521,Thalamus,72.93,49.17,Mus musculus
NEUR_4946,Hippocampus,25.95,114.48,Rattus norvegicus
NEUR_6649,Hippocampus,131.2,39.05,Mus musculus
NEUR_2912,Cerebellum,63.8,54.0,Macaca mulatta
NEUR_9928,Cortex,71.53,97.4,Mus musculus
NEUR_9029,Cortex,42.32,58.64,Macaca mulatta
NEUR_6538,Hippocampus,141.73,61.5,Macaca mulatta
NEUR_5345,Thalamus,34.72,70.91,Mus musculus
NEUR_4845,Cerebellum,125.66,102.08,Rattus norvegicus
NEUR_7625,Striatum,8.12,82.18,Mus musculus
NEUR_5919,Hippocampus,128.14,81.81,Mus musculus
NEUR_4631,Cerebellum,96.71,80.3,Danio rerio
NEUR_3634,Thalamus,113.77,83.98,Rattus norvegicus
NEUR_8383,Hypothalamus,102.35,60.74,Mus musculus
NEUR_8712,Cortex,99.27,25.45,Danio rerio
NEUR_8934,Cortex,132.33,109.84,Mus musculus
NEUR_3605,Cerebellum,75.34,17.87,Danio rerio
NEUR_2268,Thalamus,127.95,42.29,Macaca mulatta
NEUR_7095,Hippocampus,36.19,35.07,Rattus norvegicus
NEUR_3485,Hippocampus,144.59,118.66,Rattus norvegicus
NEUR_6549,Cortex,143.98,105.48,Danio rerio
NEUR_3253,Amygdala,40.97,48.06,Macaca mulatta
NEUR_2927,Cortex,138.78,105.97,Rattus norvegicus
NEUR_8437,Hypothalamus,30.6,18.66,Danio rerio
NEUR_6003,Amygdala,6.77,65.43,Danio rerio
NEUR_6772,Hippocampus,125.72,30.16,Rattus norvegicus
NEUR_7325,Cerebellum,147.87,30.19,Danio rerio
NEUR_4286,Thalamus,68.47,30.9,Mus musculus
NEUR_6743,Cortex,17.48,32.67,Danio rerio
NEUR_2898,Cortex,1.43,64.94,Danio rerio
NEUR_1586,Striatum,87.44,115.71,Mus musculus
NEUR_3836,Cortex,54.44,95.78,Danio rerio
NEUR_9195,Hippocampus,130.02,107.15,Rattus norvegicus
NEUR_9035,Cerebellum,93.59,90.67,Rattus norvegicus
NEUR_6985,Hypothalamus,116.75,98.25,Mus musculus
NEUR_3867,Cortex,105.96,92.93,Rattus norvegicus
NEUR_7366,Thalamus,13.82,91.82,Mus musculus
NEUR_9379,Striatum,77.31,43.09,Rattus norvegicus
NEUR_3936,Thalamus,5.86,94.67,Mus musculus
NEUR_7107,Amygdala,52.59,101.35,Danio rerio
NEUR_5113,Amygdala,50.15,54.19,Macaca mulatta
NEUR_2314,Hypothalamus,136.22,79.24,Macaca mulatta
NEUR_5750,Thalamus,49.11,97.07,Macaca mulatta
NEUR_3284,Amygdala,146.21,81.2,Macaca mulatta
NEUR_2437,Cerebellum,138.63,71.9,Macaca mulatta
NEUR_8528,Cortex,134.06,107.98,Danio rerio
NEUR_6808,Cerebellum,132.44,117.73,Mus musculus
NEUR_9540,Hypothalamus,9.8,38.38,Rattus norvegicus
NEUR_4605,Hippocampus,92.18,24.61,Danio rerio
NEUR_2798,Striatum,128.66,98.08,Macaca mulatta
NEUR_8743,Amygdala,28.7,60.24,Danio rerio
NEUR_5129,Striatum,120.65,23.91,Macaca mulatta
NEUR_6306,Hypothalamus,32.78,19.15,Danio rerio
NEUR_7397,Hypothalamus,91.76,44.07,Macaca mulatta
NEUR_7704,Amygdala,64.59,75.54,Macaca mulatta
NEUR_1638,Striatum,9.79,32.77,Macaca mulatta
NEUR_1751,Hippocampus,127.52,43.11,Macaca mulatta
NEUR_5503,Hippocampus,113.63,97.9,Danio rerio
NEUR_5864,Cortex,140.01,70.62,Macaca mulatta
NEUR_8152,Thalamus,129.0,94.09,Mus musculus
NEUR_3384,Thalamus,52.21,80.07,Rattus norvegicus
NEUR_7777,Amygdala,145.07,55.5,Danio rerio
NEUR_9413,Hippocampus,29.75,98.44,Rattus norvegicus
NEUR_4604,Thalamus,20.37,69.71,Danio rerio
NEUR_1231,Cortex,9.34,26.08,Rattus norvegicus
NEUR_8732,Hippocampus,83.73,106.87,Rattus norvegicus
NEUR_2016,Hippocampus,70.51,32.15,Macaca mulatta
NEUR_7415,Hippocampus,98.63,72.89,Macaca mulatta
NEUR_2773,Cortex,90.5,68.41,Rattus norvegicus
NEUR_2823,Cortex,88.62,25.34,Macaca mulatta
NEUR_3436,Cortex,81.21,30.96,Macaca mulatta
NEUR_5755,Amygdala,56.91,37.31,Danio rerio
NEUR_3029,Cerebellum,4.82,24.7,Macaca mulatta
NEUR_7127,Striatum,36.13,32.38,Macaca mulatta
NEUR_2347,Thalamus,46.16,13.57,Mus musculus
NEUR_1579,Cortex,91.41,67.23,Macaca mulatta
NEUR_1641,Hippocampus,149.57,94.42,Danio rerio
NEUR_7792,Cerebellum,41.5,103.4,Macaca mulatta
NEUR_1907,Cortex,31.51,27.58,Macaca mulatta
NEUR_8315,Hippocampus,116.34,60.38,Danio rerio
NEUR_7326,Cortex,38.84,72.87,Mus musculus
NEUR_1221,Amygdala,82.78,41.12,Danio rerio
NEUR_9004,Cortex,146.97,79.5,Mus musculus
NEUR_9514,Cerebellum,63.13,69.7,Danio rerio
NEUR_6123,Striatum,84.06,20.17,Mus musculus
NEUR_2773,Cerebellum,52.16,21.15,Macaca mulatta
NEUR_7718,Hippocampus,134.46,67.29,Mus musculus
NEUR_3398,Hippocampus,88.84,44.89,Mus musculus
NEUR_4699,Cortex,58.48,109.29,Mus musculus
NEUR_5635,Amygdala,123.43,51.35,Rattus norvegicus
NEUR_4178,Cerebellum,15.01,32.78,Macaca mulatta
NEUR_2754,Cerebellum,13.68,50.7,Rattus norvegicus
NEUR_2444,Striatum,76.63,87.83,Macaca mulatta
NEUR_1334,Cortex,29.36,81.79,Rattus norvegicus
NEUR_1226,Striatum,33.85,18.2,Mus musculus
NEUR_1397,Striatum,37.67,37.0,Danio rerio
NEUR_6372,Hypothalamus,84.96,24.43,Mus musculus
NEUR_4384,Cortex,140.26,34.72,Mus musculus
NEUR_6156,Cerebellum,92.32,46.04,Danio rerio
NEUR_8693,Hypothalamus,56.45,81.84,Danio rerio
NEUR_8985,Hippocampus,38.24,84.91,Macaca mulatta
NEUR_1168,Thalamus,11.07,36.29,Mus musculus
NEUR_7520,Cortex,41.2,103.39,Rattus norvegicus
NEUR_3317,Amygdala,15.14,50.79,Mus musculus
NEUR_4991,Thalamus,116.66,56.27,Mus musculus
NEUR_5511,Cortex,22.2,90.79,Rattus norvegicus
NEUR_4094,Thalamus,55.51,65.06,Mus musculus
NEUR_4623,Thalamus,123.45,101.89,Danio rerio
NEUR_4320,Hypothalamus,109.76,101.64,Macaca mulatta
NEUR_3912,Striatum,19.11,45.84,Rattus norvegicus
NEUR_1436,Hippocampus,65.98,115.75,Danio rerio
NEUR_2160,Thalamus,113.12,101.18,Macaca mulatta
NEUR_2870,Cortex,104.76,107.67,Macaca mulatta
NEUR_2322,Cortex,117.87,49.57,Danio rerio
NEUR_3228,Hippocampus,143.64,41.04,Macaca mulatta
NEUR_8570,Hypothalamus,62.23,47.76,Rattus norvegicus
NEUR_8881,Hippocampus,100.22,51.84,Rattus norvegicus
NEUR_1148,Striatum,74.92,30.54,Danio rerio
NEUR_8688,Striatum,0.82,114.19,Danio rerio
NEUR_6682,Thalamus,38.51,97.36,Mus musculus
NEUR_5804,Amygdala,66.41,51.74,Danio rerio
NEUR_2887,Cortex,113.99,14.71,Macaca mulatta
NEUR_1705,Hippocampus,143.37,104.62,Macaca mulatta
NEUR_3443,Hippocampus,2.78,63.79,Danio rerio
NEUR_3312,Striatum,97.21,114.78,Danio rerio
NEUR_6358,Hypothalamus,116.84,108.88,Rattus norvegicus
NEUR_1295,Hypothalamus,46.18,63.12,Macaca mulatta
NEUR_6721,Thalamus,132.85,116.49,Mus musculus
NEUR_3660,Thalamus,134.99,42.72,Macaca mulatta
NEUR_4760,Cortex,110.14,24.79,Macaca mulatta
NEUR_5588,Amygdala,142.19,66.95,Mus musculus
NEUR_5928,Cerebellum,97.17,93.24,Rattus norvegicus
NEUR_6399,Thalamus,74.13,53.8,Rattus norvegicus
NEUR_6765,Hypothalamus,58.58,63.94,Mus musculus
NEUR_5810,Cerebellum,44.42,113.1,Mus musculus
NEUR_8071,Hypothalamus,115.71,93.79,Danio rerio
NEUR_6518,Hippocampus,143.99,77.63,Rattus norvegicus
NEUR_9947,Thalamus,100.51,34.45,Danio rerio
NEUR_3856,Thalamus,133.03,61.89,Macaca mulatta
NEUR_6121,Thalamus,71.31,38.19,Danio rerio
NEUR_4212,Hypothalamus,121.85,69.64,Rattus norvegicus
NEUR_5418,Thalamus,129.11,37.77,Rattus norvegicus
NEUR_8360,Cerebellum,5.41,64.29,Mus musculus
NEUR_1011,Thalamus,13.56,25.9,Danio rerio
NEUR_3043,Hippocampus,9.61,105.99,Mus musculus
NEUR_5696,Striatum,78.29,66.81,Mus musculus
NEUR_3411,Striatum,28.74,56.16,Macaca mulatta
NEUR_8221,Hypothalamus,91.78,119.29,Danio rerio
NEUR_4423,Striatum,29.64,12.24,Rattus norvegicus
NEUR_1953,Thalamus,83.54,103.23,Macaca mulatta
NEUR_9388,Amygdala,134.83,98.05,Macaca mulatta
NEUR_1430,Hippocampus,133.13,87.02,Macaca mulatta
NEUR_8463,Hippocampus,66.85,57.69,Rattus norvegicus
NEUR_4687,Amygdala,149.65,80.64,Mus musculus
NEUR_3609,Hippocampus,37.03,76.97,Mus musculus
NEUR_8361,Striatum,133.67,96.14,Rattus norvegicus
NEUR_3929,Hypothalamus,95.24,68.34,Danio rerio
NEUR_6775,Amygdala,29.04,17.96,Macaca mulatta
NEUR_4986,Hypothalamus,62.12,38.72,Mus musculus
NEUR_6224,Hypothalamus,86.33,102.71,Danio rerio
NEUR_3292,Amygdala,58.04,42.17,Mus musculus
NEUR_5396,Amygdala,112.01,18.76,Mus musculus
NEUR_6337,Thalamus,146.3,56.74,Rattus norvegicus
NEUR_4583,Hippocampus,10.31,103.53,Macaca mulatta
NEUR_3627,Cortex,85.55,65.36,Mus musculus
NEUR_6078,Hippocampus,73.12,31.14,Rattus norvegicus
NEUR_8261,Hippocampus,116.69,108.25,Rattus norvegicus
NEUR_1377,Striatum,129.88,18.32,Mus musculus
NEUR_9625,Amygdala,37.17,15.72,Mus musculus
NEUR_5460,Hypothalamus,132.24,69.45,Macaca mulatta
NEUR_7754,Thalamus,131.41,13.93,Rattus norvegicus
NEUR_3237,Cerebellum,11.19,76.53,Danio rerio
NEUR_1310,Amygdala,2.86,108.15,Danio rerio
NEUR_9022,Thalamus,81.16,22.6,Rattus norvegicus
NEUR_8075,Cortex,18.07,104.79,Rattus norvegicus
NEUR_5438,Hippocampus,97.12,56.77,Macaca mulatta
NEUR_5665,Amygdala,126.86,53.3,Danio rerio
NEUR_8387,Hypothalamus,71.19,67.56,Danio rerio
NEUR_2300,Amygdala,29.59,76.27,Danio rerio
NEUR_2914,Cortex,23.22,100.26,Rattus norvegicus
NEUR_4842,Thalamus,109.53,46.11,Macaca mulatta
NEUR_1449,Hypothalamus,132.2,63.98,Macaca mulatta
NEUR_8778,Amygdala,4.85,81.71,Mus musculus
NEUR_1824,Striatum,111.5,18.0,Macaca mulatta
NEUR_5124,Striatum,10.38,58.32,Danio rerio
NEUR_5258,Hippocampus,79.78,92.02,Danio rerio
NEUR_2758,Amygdala,117.82,58.19,Danio rerio
NEUR_1873,Thalamus,75.34,27.02,Rattus norvegicus
NEUR_5791,Striatum,126.96,94.97,Macaca mulatta
NEUR_7505,Cortex,45.12,20.57,Mus musculus
NEUR_7694,Amygdala,32.91,21.99,Mus musculus
NEUR_3018,Amygdala,57.38,73.46,Danio rerio
NEUR_9957,Cortex,91.01,19.74,Mus musculus
NEUR_5159,Hypothalamus,63.9,47.82,Rattus norvegicus
NEUR_1832,Cortex,138.35,78.79,Mus musculus
NEUR_1255,Thalamus,91.89,16.96,Rattus norvegicus
NEUR_8581,Striatum,139.71,41.9,Macaca mulatta
NEUR_9008,Cortex,33.62,39.39,Macaca mulatta
NEUR_7771,Hypothalamus,36.89,17.85,Danio rerio
NEUR_1370,Thalamus,27.98,29.68,Danio rerio
NEUR_5699,Thalamus,34.83,19.04,Danio rerio
NEUR_8900,Hypothalamus,64.33,20.38,Mus musculus
NEUR_1164,Hippocampus,11.74,111.24,Mus musculus
NEUR_4016,Hypothalamus,46.86,109.82,Rattus norvegicus
NEUR_1747,Hypothalamus,44.7,100.31,Macaca mulatta
NEUR_6651,Cortex,125.3,47.32,Rattus norvegicus
NEUR_5295,Cortex,4.29,99.24,Rattus norvegicus
NEUR_4449,Cortex,45.66,70.06,Rattus norvegicus
NEUR_6352,Striatum,111.35,106.77,Danio rerio
NEUR_7108,Hippocampus,8.8,32.6,Mus musculus
NEUR_9220,Amygdala,114.7,16.91,Mus musculus
NEUR_5568,Cortex,27.3,83.27,Danio rerio
NEUR_6869,Hippocampus,136.7,60.68,Mus musculus
NEUR_3758,Striatum,133.25,98.2,Danio rerio
NEUR_5275,Hippocampus,46.37,24.65,Rattus norvegicus
NEUR_9980,Cerebellum,98.91,92.81,Macaca mulatta
NEUR_3130,Amygdala,77.25,69.52,Mus musculus
NEUR_8556,Cortex,147.93,48.88,Rattus norvegicus
NEUR_5586,Cortex,98.13,103.4,Rattus norvegicus
NEUR_9814,Thalamus,30.13,56.95,Danio rerio
NEUR_9162,Hypothalamus,9.3,119.15,Macaca mulatta
NEUR_5464,Hippocampus,74.91,37.56,Rattus norvegicus
NEUR_3427,Hypothalamus,131.3,43.82,Macaca mulatta
NEUR_1217,Striatum,86.21,95.07,Mus musculus
NEUR_5985,Amygdala,22.9,70.12,Rattus norvegicus
NEUR_2310,Hypothalamus,92.86,79.22,Danio rerio
NEUR_4231,Cerebellum,50.26,92.42,Danio rerio
NEUR_2784,Cerebellum,107.55,58.59,Rattus norvegicus
NEUR_6931,Striatum,90.46,110.66,Macaca mulatta
NEUR_1338,Cortex,124.54,73.05,Rattus norvegicus
NEUR_1520,Cortex,136.12,80.18,Rattus norvegicus
NEUR_6400,Thalamus,4.95,17.55,Macaca mulatta
NEUR_5625,Cerebellum,56.7,86.64,Macaca mulatta
NEUR_7289,Hippocampus,145.9,44.41,Macaca mulatta
NEUR_9620,Hypothalamus,89.73,18.75,Danio rerio
NEUR_9096,Cerebellum,56.95,34.8,Danio rerio
NEUR_3311,Cerebellum,102.48,15.13,Danio rerio
NEUR_1082,Cerebellum,41.79,106.67,Mus musculus
NEUR_5694,Amygdala,102.28,95.08,Macaca mulatta
NEUR_6122,Amygdala,42.54,95.53,Macaca mulatta
NEUR_6704,Thalamus,84.49,113.99,Macaca mulatta
NEUR_1493,Thalamus,5.87,44.97,Danio rerio
NEUR_6388,Amygdala,2.86,39.69,Mus musculus
NEUR_4537,Cortex,27.25,12.48,Macaca mulatta
NEUR_5204,Thalamus,4.72,74.01,Danio rerio
NEUR_9442,Hippocampus,114.3,88.83,Macaca mulatta
NEUR_8784,Hypothalamus,45.92,76.12,Danio rerio
NEUR_8328,Hypothalamus,66.48,63.13,Rattus norvegicus
NEUR_6396,Striatum,25.67,16.37,Danio rerio
NEUR_3309,Amygdala,129.26,54.58,Macaca mulatta
NEUR_9253,Thalamus,16.39,21.54,Mus musculus
NEUR_2050,Hippocampus,26.27,64.23,Macaca mulatta
NEUR_6050,Amygdala,58.51,12.48,Mus musculus
NEUR_3256,Striatum,12.25,103.5,Mus musculus
NEUR_7923,Cortex,30.35,70.34,Mus musculus
NEUR_4497,Cerebellum,31.05,52.6,Macaca mulatta
NEUR_3478,Striatum,140.08,32.2,Macaca mulatta
NEUR_4045,Amygdala,34.28,107.53,Macaca mulatta
NEUR_4938,Hippocampus,97.23,16.38,Macaca mulatta
NEUR_9958,Hippocampus,145.17,10.38,Rattus norvegicus
NEUR_7143,Cerebellum,22.28,14.65,Mus musculus
NEUR_6453,Cerebellum,13.03,10.84,Danio rerio
NEUR_4765,Hypothalamus,143.76,111.92,Mus musculus
NEUR_6140,Hypothalamus,27.43,30.34,Macaca mulatta
NEUR_3741,Thalamus,125.33,13.39,Rattus norvegicus
NEUR_1289,Hippocampus,31.56,54.29,Macaca mulatta
NEUR_7825,Amygdala,97.84,33.53,Danio rerio
NEUR_3112,Amygdala,118.81,55.04,Rattus norvegicus
NEUR_8944,Cerebellum,121.79,80.26,Macaca mulatta
NEUR_9870,Cerebellum,100.04,66.81,Macaca mulatta
NEUR_3970,Striatum,37.13,37.78,Rattus norvegicus
NEUR_8651,Cerebellum,82.85,87.26,Rattus norvegicus
NEUR_3483,Hippocampus,17.59,101.8,Macaca mulatta
NEUR_7637,Amygdala,31.69,11.51,Rattus norvegicus
NEUR_1550,Hippocampus,126.7,77.96,Rattus norvegicus
NEUR_4611,Hypothalamus,85.06,26.02,Mus musculus
NEUR_8628,Cortex,54.53,29.16,Mus musculus
NEUR_2463,Striatum,49.05,106.1,Rattus norvegicus
NEUR_2049,Amygdala,71.83,69.12,Danio rerio
NEUR_6859,Thalamus,82.15,102.13,Mus musculus
NEUR_5372,Striatum,42.61,33.99,Mus musculus
NEUR_7638,Hypothalamus,65.33,58.89,Mus musculus
NEUR_5812,Hippocampus,105.53,63.53,Macaca mulatta
NEUR_4619,Cerebellum,43.58,116.56,Mus musculus
NEUR_7354,Cerebellum,82.96,90.72,Danio rerio
NEUR_3318,Cerebellum,70.64,90.33,Rattus norvegicus
NEUR_5204,Cortex,39.7,118.3,Mus musculus
NEUR_7874,Thalamus,76.27,82.93,Mus musculus
NEUR_3631,Amygdala,55.26,97.16,Mus musculus
NEUR_8757,Hippocampus,58.12,78.09,Macaca mulatta
NEUR_8341,Thalamus,14.04,30.1,Danio rerio
NEUR_1072,Striatum,66.85,67.93,Rattus norvegicus
NEUR_1984,Cerebellum,54.63,116.5,Rattus norvegicus
NEUR_1183,Cerebellum,82.41,104.28,Macaca mulatta
NEUR_4722,Hippocampus,44.8,65.94,Macaca mulatta
NEUR_2236,Thalamus,17.51,29.36,Danio rerio
NEUR_1349,Cerebellum,33.3,59.81,Rattus norvegicus
NEUR_9144,Thalamus,91.25,36.99,Danio rerio
NEUR_6572,Thalamus,43.39,56.11,Rattus norvegicus
NEUR_8561,Cortex,1.44,34.9,Danio rerio
NEUR_6086,Amygdala,101.58,115.7,Mus musculus
NEUR_3911,Hypothalamus,51.73,77.35,Danio rerio
NEUR_1888,Hypothalamus,6.28,40.28,Macaca mulatta
NEUR_9466,Hypothalamus,30.66,16.05,Rattus norvegicus
NEUR_8599,Cortex,24.58,24.87,Macaca mulatta
NEUR_7571,Amygdala,72.63,113.06,Rattus norvegicus
NEUR_9038,Striatum,41.2,14.58,Mus musculus
NEUR_9299,Thalamus,61.56,17.13,Macaca mulatta
NEUR_2660,Hippocampus,73.7,110.7,Rattus norvegicus
NEUR_1567,Striatum,44.98,117.67,Danio rerio
NEUR_9014,Hippocampus,10.9,62.96,Rattus norvegicus
NEUR_9863,Cortex,94.47,88.3,Danio rerio
NEUR_1691,Cerebellum,51.45,15.45,Rattus norvegicus
NEUR_5834,Cerebellum,23.2,72.73,Danio rerio
NEUR_6006,Hippocampus,25.56,12.5,Mus musculus
NEUR_8875,Thalamus,53.66,72.72,Rattus norvegicus
NEUR_6486,Thalamus,91.75,82.52,Rattus norvegicus
NEUR_4628,Striatum,114.86,45.8,Macaca mulatta
NEUR_3909,Cerebellum,56.76,39.23,Danio rerio
NEUR_6024,Cortex,66.21,96.13,Macaca mulatta
NEUR_8875,Cerebellum,64.39,89.9,Danio rerio
NEUR_9542,Thalamus,145.2,101.25,Mus musculus
NEUR_9683,Thalamus,15.14,17.66,Danio rerio
NEUR_8331,Amygdala,17.01,60.33,Mus musculus
NEUR_9790,Amygdala,1.62,62.11,Rattus norvegicus
NEUR_3890,Hippocampus,14.94,38.93,Macaca mulatta
NEUR_3027,Hypothalamus,111.91,118.68,Mus musculus
NEUR_3578,Striatum,59.01,15.42,Macaca mulatta
NEUR_5658,Cortex,119.12,85.68,Danio rerio
NEUR_8794,Hypothalamus,38.31,21.26,Rattus norvegicus
NEUR_4093,Cortex,145.8,21.25,Danio rerio
NEUR_3852,Hippocampus,110.35,101.39,Rattus norvegicus
NEUR_4182,Cortex,106.48,25.55,Macaca mulatta
NEUR_3110,Cortex,72.3,56.85,Rattus norvegicus
NEUR_1039,Hypothalamus,130.34,51.69,Rattus norvegicus
NEUR_5621,Cortex,148.88,97.39,Mus musculus
NEUR_3288,Cerebellum,38.26,106.92,Rattus norvegicus
NEUR_3635,Striatum,134.26,31.39,Rattus norvegicus
NEUR_6176,Hypothalamus,125.98,59.25,Mus musculus
NEUR_6019,Cortex,72.11,94.01,Rattus norvegicus
NEUR_7575,Amygdala,116.58,61.84,Macaca mulatta
NEUR_4874,Striatum,124.56,58.85,Rattus norvegicus
NEUR_4724,Cerebellum,93.01,12.23,Macaca mulatta
NEUR_1626,Hippocampus,130.84,13.28,Mus musculus
NEUR_5851,Thalamus,129.8,48.86,Rattus norvegicus
NEUR_7191,Hippocampus,124.38,69.55,Rattus norvegicus
NEUR_6444,Amygdala,77.08,119.98,Danio rerio
NEUR_9163,Hippocampus,32.71,36.32,Rattus norvegicus
NEUR_2074,Striatum,54.61,31.02,Rattus norvegicus
NEUR_7955,Cortex,112.17,35.61,Rattus norvegicus
NEUR_1168,Cerebellum,16.61,16.95,Mus musculus
NEUR_2449,Striatum,143.9,57.17,Rattus norvegicus
NEUR_8456,Thalamus,71.6,10.46,Mus musculus
NEUR_4442,Amygdala,42.89,115.79,Macaca mulatta
NEUR_1105,Cerebellum,148.4,56.06,Mus musculus
NEUR_9281,Cerebellum,129.2,53.69,Macaca mulatta
NEUR_1766,Thalamus,47.84,31.68,Danio rerio
NEUR_4716,Striatum,55.28,103.55,Mus musculus
NEUR_6161,Hypothalamus,71.63,21.25,Rattus norvegicus
NEUR_9714,Cortex,86.19,15.99,Macaca mulatta
NEUR_4313,Cerebellum,51.98,79.04,Danio rerio
NEUR_4029,Amygdala,47.03,119.63,Rattus norvegicus
NEUR_6761,Cortex,60.88,73.86,Rattus norvegicus
NEUR_3294,Cerebellum,105.99,79.7,Macaca mulatta
NEUR_9121,Thalamus,119.35,51.69,Rattus norvegicus
NEUR_4333,Cortex,107.03,77.73,Danio rerio
NEUR_3383,Cerebellum,6.79,117.77,Macaca mulatta
NEUR_8130,Hippocampus,128.36,54.2,Danio rerio
NEUR_2630,Amygdala,143.15,38.79,Danio rerio
NEUR_1927,Hypothalamus,46.44,77.72,Macaca mulatta
NEUR_8774,Striatum,121.48,39.94,Mus musculus
NEUR_4636,Amygdala,107.04,31.06,Danio rerio
NEUR_7641,Cortex,100.1,104.47,Danio rerio
NEUR_3769,Cortex,40.86,68.4,Mus musculus
NEUR_6522,Thalamus,14.14,70.31,Macaca mulatta
NEUR_8071,Hippocampus,81.69,95.94,Mus musculus
NEUR_9086,Hippocampus,61.01,36.61,Danio rerio
NEUR_9428,Thalamus,148.95,48.54,Rattus norvegicus
NEUR_3187,Hypothalamus,120.73,64.3,Macaca mulatta
NEUR_1628,Hypothalamus,135.62,119.91,Rattus norvegicus
NEUR_1130,Amygdala,84.63,51.8,Rattus norvegicus
NEUR_7002,Cerebellum,63.61,78.21,Macaca mulatta
NEUR_6419,Hypothalamus,118.7,30.04,Mus musculus
NEUR_8385,Hippocampus,120.9,88.27,Rattus norvegicus
NEUR_2467,Thalamus,42.12,33.38,Macaca mulatta
NEUR_6420,Cortex,39.68,31.62,Mus musculus
NEUR_1447,Cortex,44.67,11.54,Rattus norvegicus
NEUR_7484,Hypothalamus,48.09,68.1,Mus musculus
NEUR_4044,Amygdala,3.04,13.96,Danio rerio
NEUR_2217,Striatum,23.32,96.27,Macaca mulatta
NEUR_4863,Hippocampus,117.88,10.35,Macaca mulatta
NEUR_3094,Cortex,11.04,34.72,Macaca mulatta
NEUR_8989,Hypothalamus,49.42,43.35,Mus musculus
NEUR_8272,Thalamus,42.15,69.83,Danio rerio
NEUR_4230,Cortex,104.93,27.92,Danio rerio
NEUR_1648,Cortex,148.48,47.76,Mus musculus
NEUR_6875,Hippocampus,94.49,25.45,Rattus norvegicus
NEUR_7140,Thalamus,134.23,15.15,Rattus norvegicus
NEUR_7775,Striatum,15.17,54.84,Danio rerio
NEUR_1913,Hypothalamus,6.52,28.22,Macaca mulatta
NEUR_2191,Cortex,148.16,82.18,Mus musculus
NEUR_8763,Thalamus,3.09,79.68,Macaca mulatta
NEUR_1066,Amygdala,144.32,43.95,Danio rerio
NEUR_8718,Thalamus,28.75,65.71,Rattus norvegicus
NEUR_2752,Amygdala,25.02,76.16,Macaca mulatta
NEUR_3392,Cerebellum,1.82,90.91,Mus musculus
NEUR_1450,Hippocampus,145.23,53.27,Danio rerio
NEUR_1541,Thalamus,122.5,20.62,Rattus norvegicus
NEUR_3678,Cerebellum,106.62,108.41,Rattus norvegicus
NEUR_8157,Thalamus,113.04,97.95,Mus musculus
NEUR_2003,Striatum,3.72,24.3,Mus musculus
NEUR_4179,Hippocampus,123.09,18.42,Mus musculus
NEUR_5897,Thalamus,138.17,22.57,Macaca mulatta
NEUR_6051,Cortex,101.67,111.18,Macaca mulatta
NEUR_1704,Cerebellum,20.4,49.69,Rattus norvegicus
NEUR_9454,Hippocampus,34.61,20.69,Danio rerio
NEUR_2765,Cortex,94.13,90.16,Mus musculus
NEUR_6555,Cerebellum,5.72,94.51,Danio rerio
NEUR_2915,Striatum,2.42,60.93,Danio rerio
NEUR_6278,Hypothalamus,60.52,61.44,Danio rerio
NEUR_2824,Hypothalamus,53.54,76.42,Macaca mulatta
NEUR_2559,Hypothalamus,49.79,44.63,Macaca mulatta
NEUR_9692,Hippocampus,64.55,110.25,Danio rerio
NEUR_6869,Thalamus,57.27,84.31,Macaca mulatta
NEUR_4203,Striatum,118.26,93.75,Macaca mulatta
NEUR_4965,Amygdala,41.17,84.49,Macaca mulatta
NEUR_3658,Hippocampus,115.8,76.66,Macaca mulatta
NEUR_2915,Hypothalamus,38.85,91.99,Danio rerio
NEUR_1647,Thalamus,55.86,66.18,Rattus norvegicus
NEUR_2716,Cerebellum,116.34,35.55,Rattus norvegicus
NEUR_5287,Amygdala,54.14,30.76,Mus musculus
NEUR_8459,Amygdala,130.52,22.07,Rattus norvegicus
NEUR_9654,Amygdala,137.38,75.51,Rattus norvegicus
NEUR_4339,Hippocampus,107.62,113.08,Macaca mulatta
NEUR_3874,Cortex,108.31,119.54,Rattus norvegicus
NEUR_8513,Hippocampus,121.23,112.1,Mus musculus
NEUR_9855,Cortex,78.13,114.12,Macaca mulatta
NEUR_8633,Thalamus,86.73,19.93,Mus musculus
NEUR_8373,Hippocampus,148.08,117.22,Danio rerio
NEUR_4250,Thalamus,78.42,70.6,Rattus norvegicus
NEUR_5504,Thalamus,66.03,99.75,Danio rerio
NEUR_9994,Hippocampus,114.84,67.93,Rattus norvegicus
NEUR_2699,Striatum,56.63,10.1,Macaca mulatta
NEUR_2959,Thalamus,16.38,14.32,Rattus norvegicus
NEUR_2168,Hippocampus,84.81,26.66,Macaca mulatta
NEUR_9953,Hypothalamus,119.62,68.81,Danio rerio
NEUR_5501,Cortex,80.66,110.38,Rattus norvegicus
NEUR_7474,Striatum,12.52,99.38,Mus musculus
NEUR_8491,Cortex,42.04,63.42,Macaca mulatta
NEUR_2965,Amygdala,40.45,12.85,Rattus norvegicus
NEUR_8335,Striatum,105.38,67.97,Rattus norvegicus
NEUR_1075,Thalamus,19.37,19.16,Rattus norvegicus
NEUR_8879,Cerebellum,40.51,68.24,Mus musculus
NEUR_9455,Hypothalamus,116.57,48.55,Mus musculus
NEUR_3364,Cortex,146.41,103.54,Danio rerio
NEUR_2083,Hippocampus,132.87,112.25,Macaca mulatta
NEUR_5777,Cortex,112.19,118.2,Rattus norvegicus
NEUR_2345,Cerebellum,82.07,41.0,Macaca mulatta
NEUR_4216,Striatum,88.28,43.96,Macaca mulatta
NEUR_2267,Striatum,16.73,91.8,Danio rerio
NEUR_4556,Striatum,124.39,52.09,Danio rerio
NEUR_4901,Striatum,115.33,99.47,Macaca mulatta
NEUR_5252,Hippocampus,89.43,113.44,Macaca mulatta
NEUR_2337,Amygdala,49.44,24.39,Rattus norvegicus
NEUR_5860,Striatum,80.66,95.69,Macaca mulatta
NEUR_9851,Hypothalamus,88.41,44.12,Macaca mulatta
NEUR_5412,Thalamus,81.02,12.37,Danio rerio
NEUR_5016,Cortex,106.71,116.4,Rattus norvegicus
NEUR_9748,Hypothalamus,132.28,36.04,Mus musculus
NEUR_5730,Cerebellum,0.28,90.36,Macaca mulatta
NEUR_5389,Cerebellum,7.93,98.14,Rattus norvegicus
NEUR_2682,Cerebellum,12.62,75.9,Danio rerio
NEUR_2158,Cerebellum,109.97,79.66,Macaca mulatta
NEUR_9629,Thalamus,130.08,56.24,Macaca mulatta
NEUR_6263,Striatum,78.44,100.51,Macaca mulatta
NEUR_9262,Hippocampus,38.43,34.24,Danio rerio
NEUR_1108,Hypothalamus,136.97,36.7,Macaca mulatta
NEUR_3522,Hypothalamus,40.92,60.47,Macaca mulatta
NEUR_8023,Striatum,36.73,31.63,Danio rerio
NEUR_6405,Hippocampus,4.97,57.69,Macaca mulatta
NEUR_4989,Cortex,40.08,73.84,Mus musculus
NEUR_3080,Thalamus,99.55,100.83,Macaca mulatta
NEUR_5955,Thalamus,33.75,18.62,Macaca mulatta
NEUR_9436,Cortex,14.34,55.17,Rattus norvegicus
NEUR_2617,Amygdala,58.9,56.2,Mus musculus
NEUR_3585,Amygdala,20.15,16.22,Danio rerio
NEUR_7542,Cortex,67.49,38.21,Mus musculus
NEUR_6542,Hippocampus,42.25,84.06,Danio rerio
NEUR_6273,Cerebellum,139.97,80.85,Rattus norvegicus
NEUR_2004,Cerebellum,33.25,104.93,Macaca mulatta
NEUR_3022,Hippocampus,3.92,109.06,Danio rerio
NEUR_8957,Hippocampus,117.93,51.56,Danio rerio
NEUR_2248,Amygdala,14.59,31.84,Rattus norvegicus
NEUR_2233,Hypothalamus,23.6,60.75,Mus musculus
NEUR_4802,Thalamus,47.85,89.45,Mus musculus
NEUR_8303,Hypothalamus,84.66,19.69,Rattus norvegicus
NEUR_4510,Amygdala,45.95,63.81,Rattus norvegicus
NEUR_5592,Hippocampus,113.32,37.72,Mus musculus
NEUR_3021,Cerebellum,138.25,86.24,Mus musculus
NEUR_7949,Cortex,27.76,116.04,Danio rerio
NEUR_2910,Thalamus,94.96,80.05,Macaca mulatta
NEUR_5802,Amygdala,148.46,96.85,Macaca mulatta
NEUR_2629,Hypothalamus,98.56,90.71,Mus musculus
NEUR_8258,Cortex,92.41,94.28,Macaca mulatta
NEUR_4718,Thalamus,5.64,70.16,Rattus norvegicus
NEUR_8945,Hypothalamus,116.18,52.22,Mus musculus
NEUR_4940,Cerebellum,90.27,77.63,Danio rerio
NEUR_9817,Cortex,40.09,56.63,Danio rerio
NEUR_4326,Amygdala,56.14,111.19,Macaca mulatta
NEUR_7353,Cerebellum,72.74,92.55,Danio rerio
NEUR_9489,Hypothalamus,78.72,60.94,Mus musculus
NEUR_9000,Striatum,10.12,112.2,Mus musculus
NEUR_4804,Thalamus,138.77,14.83,Danio rerio
NEUR_1083,Thalamus,103.17,48.01,Macaca mulatta
NEUR_5147,Hippocampus,96.8,105.88,Rattus norvegicus
NEUR_9448,Thalamus,59.9,17.93,Danio rerio
NEUR_2306,Thalamus,90.52,103.67,Danio rerio
NEUR_6488,Amygdala,127.54,119.19,Danio rerio
NEUR_5576,Hippocampus,12.56,77.31,Danio rerio
NEUR_8227,Cortex,92.54,101.43,Danio rerio
NEUR_6606,Amygdala,147.29,30.15,Danio rerio
NEUR_6784,Cortex,72.84,65.93,Rattus norvegicus
NEUR_1314,Cerebellum,33.89,42.78,Macaca mulatta
NEUR_2514,Cortex,40.93,64.35,Mus musculus
NEUR_1174,Cerebellum,141.53,68.74,Macaca mulatta
NEUR_2934,Hippocampus,72.03,11.4,Macaca mulatta
NEUR_9761,Hypothalamus,95.6,101.18,Rattus norvegicus
NEUR_2229,Hippocampus,36.08,22.49,Danio rerio
NEUR_5240,Hypothalamus,127.76,45.95,Mus musculus
NEUR_5872,Hypothalamus,70.83,58.87,Mus musculus
NEUR_2030,Striatum,104.48,64.91,Danio rerio
NEUR_4832,Hippocampus,7.48,31.71,Danio rerio
NEUR_2655,Cerebellum,110.77,13.92,Mus musculus
NEUR_1912,Hippocampus,13.63,10.76,Rattus norvegicus
NEUR_3264,Thalamus,45.79,49.97,Danio rerio
NEUR_8802,Cortex,117.34,47.89,Danio rerio
NEUR_3726,Cerebellum,85.57,111.66,Mus musculus
NEUR_2153,Cerebellum,57.61,60.63,Rattus norvegicus
NEUR_5975,Cortex,36.06,10.42,Rattus norvegicus
NEUR_8998,Hypothalamus,41.6,29.37,Mus musculus
NEUR_5949,Hippocampus,10.32,42.47,Mus musculus
NEUR_1391,Hippocampus,82.59,74.74,Mus musculus
NEUR_9422,Thalamus,34.37,88.96,Macaca mulatta
NEUR_3121,Amygdala,106.36,98.84,Macaca mulatta
NEUR_3849,Hypothalamus,60.79,43.79,Danio rerio
NEUR_7434,Thalamus,84.79,54.51,Rattus norvegicus
NEUR_5932,Amygdala,50.08,19.59,Rattus norvegicus
NEUR_5058,Thalamus,70.99,101.55,Mus musculus
NEUR_4868,Striatum,66.14,42.85,Mus musculus
NEUR_2319,Cerebellum,110.88,90.79,Mus musculus
NEUR_9617,Amygdala,130.68,91.18,Mus musculus
NEUR_1587,Striatum,6.02,59.3,Mus musculus
NEUR_7234,Striatum,62.35,79.95,Mus musculus
NEUR_1011,Cortex,27.12,14.29,Rattus norvegicus
NEUR_2575,Hippocampus,36.88,94.83,Rattus norvegicus
NEUR_1634,Cortex,95.91,88.59,Rattus norvegicus
NEUR_7630,Hypothalamus,29.85,18.15,Danio rerio
NEUR_2081,Hypothalamus,99.06,103.69,Rattus norvegicus
NEUR_4104,Amygdala,97.45,21.38,Mus musculus
NEUR_8030,Hippocampus,9.16,104.11,Mus musculus
NEUR_4541,Hippocampus,66.75,116.46,Macaca mulatta
NEUR_7603,Thalamus,102.61,57.25,Mus musculus
NEUR_1329,Cerebellum,114.99,83.38,Danio rerio
NEUR_2707,Hippocampus,99.33,108.3,Macaca mulatta
NEUR_5391,Hippocampus,93.4,111.77,Mus musculus
NEUR_5479,Cortex,35.96,99.24,Macaca mulatta
NEUR_1404,Hypothalamus,89.54,109.23,Danio rerio
NEUR_3727,Thalamus,49.61,24.23,Macaca mulatta
NEUR_6264,Hippocampus,149.82,92.71,Macaca mulatta
NEUR_8344,Cortex,100.7,47.14,Mus musculus
NEUR_2436,Cerebellum,59.33,106.57,Danio rerio
NEUR_4762,Hypothalamus,94.1,35.24,Mus musculus
NEUR_1108,Thalamus,13.06,63.7,Mus musculus
NEUR_1584,Hippocampus,39.55,38.62,Danio rerio
NEUR_1243,Thalamus,106.75,74.8,Macaca mulatta
NEUR_7794,Cerebellum,9.88,85.81,Danio rerio
NEUR_9365,Cortex,22.79,54.51,Rattus norvegicus
NEUR_6474,Cerebellum,48.56,91.19,Macaca mulatta
NEUR_5789,Hippocampus,1.48,87.59,Danio rerio
NEUR_2196,Thalamus,2.54,77.72,Macaca mulatta
NEUR_1817,Amygdala,114.36,22.05,Danio rerio
NEUR_3282,Striatum,143.42,103.1,Danio rerio
NEUR_5326,Striatum,149.55,71.18,Macaca mulatta
NEUR_3396,Cortex,9.53,30.09,Rattus norvegicus
NEUR_5481,Striatum,76.34,78.3,Rattus norvegicus
NEUR_3658,Amygdala,62.42,99.86,Rattus norvegicus
NEUR_9100,Hippocampus,83.84,28.83,Rattus norvegicus
NEUR_9526,Hypothalamus,128.11,38.55,Macaca mulatta
NEUR_2274,Hippocampus,66.81,87.63,Mus musculus
NEUR_2010,Amygdala,123.38,67.22,Danio rerio
NEUR_8057,Hypothalamus,55.95,97.63,Macaca mulatta
NEUR_5962,Thalamus,47.9,65.08,Macaca mulatta
NEUR_5825,Cortex,98.8,108.06,Danio rerio
NEUR_5911,Hypothalamus,98.07,60.62,Mus musculus
NEUR_4711,Striatum,70.92,76.27,Rattus norvegicus
NEUR_4756,Cerebellum,110.34,65.6,Mus musculus
NEUR_1221,Hypothalamus,83.3,37.56,Macaca mulatta
NEUR_2198,Cerebellum,19.72,95.35,Rattus norvegicus
NEUR_9049,Thalamus,65.37,93.61,Macaca mulatta
NEUR_2371,Striatum,53.87,86.1,Danio rerio
NEUR_5532,Hippocampus,31.77,36.54,Danio rerio
NEUR_1821,Striatum,69.85,66.58,Rattus norvegicus
NEUR_4004,Hippocampus,56.51,65.93,Danio rerio
NEUR_1069,Thalamus,7.34,60.96,Danio rerio
NEUR_1506,Amygdala,18.86,46.14,Mus musculus
NEUR_8209,Hippocampus,149.35,99.67,Rattus norvegicus
NEUR_6967,Cortex,98.32,14.94,Macaca mulatta
NEUR_3035,Hippocampus,134.64,54.1,Mus musculus
NEUR_1754,Amygdala,50.36,77.04,Rattus norvegicus
NEUR_7286,Cortex,69.77,119.3,Mus musculus
NEUR_3352,Cerebellum,114.13,77.51,Mus musculus
NEUR_5800,Hypothalamus,51.85,91.08,Mus musculus
NEUR_5378,Striatum,78.55,64.35,Mus musculus
NEUR_6312,Striatum,114.09,57.03,Rattus norvegicus
NEUR_7980,Amygdala,57.63,97.7,Mus musculus
NEUR_6652,Cortex,51.42,20.25,Macaca mulatta
NEUR_3627,Hippocampus,101.82,19.68,Mus musculus
NEUR_2664,Striatum,132.82,107.55,Danio rerio
NEUR_1788,Hypothalamus,25.8,33.8,Mus musculus
NEUR_7401,Striatum,131.75,89.24,Mus musculus
NEUR_7063,Amygdala,138.9,106.15,Rattus norvegicus
NEUR_1720,Striatum,111.95,107.76,Macaca mulatta
NEUR_5378,Amygdala,130.37,99.97,Danio rerio
NEUR_9817,Amygdala,74.72,15.42,Danio rerio
NEUR_3304,Striatum,71.56,107.38,Mus musculus
NEUR_3699,Thalamus,3.77,78.31,Mus musculus
NEUR_8483,Striatum,64.44,30.85,Rattus norvegicus
NEUR_2937,Hypothalamus,43.21,63.51,Danio rerio
NEUR_3508,Amygdala,121.94,23.97,Macaca mulatta
NEUR_7936,Hippocampus,83.03,49.74,Rattus norvegicus
NEUR_9839,Hippocampus,45.06,30.52,Mus musculus
NEUR_8174,Hypothalamus,47.35,92.43,Rattus norvegicus
NEUR_7919,Cortex,119.3,103.4,Macaca mulatta
NEUR_7465,Thalamus,132.32,76.92,Danio rerio
NEUR_2450,Cortex,102.86,48.61,Rattus norvegicus
NEUR_4797,Thalamus,135.41,85.79,Rattus norvegicus
NEUR_6994,Amygdala,31.49,94.67,Rattus norvegicus
NEUR_4477,Hypothalamus,30.88,94.33,Macaca mulatta
NEUR_9237,Hypothalamus,135.49,23.82,Mus musculus
NEUR_4784,Cerebellum,77.62,59.22,Macaca mulatta
NEUR_5904,Cortex,5.64,112.34,Mus musculus
NEUR_2718,Hypothalamus,7.73,26.49,Mus musculus
NEUR_4622,Amygdala,79.65,117.15,Danio rerio
NEUR_7609,Hypothalamus,9.87,116.4,Rattus norvegicus
NEUR_9848,Striatum,109.34,33.55,Danio rerio
NEUR_1022,Cerebellum,94.73,39.19,Mus musculus
NEUR_4185,Amygdala,10.8,96.42,Macaca mulatta
NEUR_1969,Hypothalamus,15.18,69.97,Rattus norvegicus
NEUR_9984,Cortex,101.17,104.28,Macaca mulatta
NEUR_4083,Amygdala,80.95,35.39,Rattus norvegicus
NEUR_7309,Hypothalamus,31.59,89.06,Danio rerio
NEUR_8920,Striatum,73.67,72.97,Macaca mulatta
NEUR_4538,Striatum,134.64,45.14,Macaca mulatta
NEUR_2147,Hypothalamus,118.66,45.58,Danio rerio
NEUR_3298,Thalamus,9.23,102.6,Macaca mulatta
NEUR_5493,Hippocampus,40.64,79.25,Macaca mulatta
NEUR_6507,Cortex,136.58,45.46,Rattus norvegicus
NEUR_1238,Amygdala,29.64,33.87,Macaca mulatta
NEUR_5492,Hippocampus,142.96,34.82,Mus musculus
NEUR_5920,Cortex,42.22,67.92,Rattus norvegicus
NEUR_7640,Amygdala,49.84,55.78,Mus musculus
NEUR_5260,Striatum,60.4,81.64,Rattus norvegicus
NEUR_8796,Thalamus,145.48,61.48,Danio rerio
NEUR_5941,Cortex,75.88,24.68,Danio rerio
NEUR_5347,Cortex,25.79,50.29,Macaca mulatta
NEUR_3618,Hippocampus,21.48,93.42,Rattus norvegicus
NEUR_2014,Hypothalamus,81.94,69.03,Mus musculus
NEUR_4277,Cortex,149.24,35.1,Rattus norvegicus
NEUR_8804,Striatum,72.94,68.17,Macaca mulatta
NEUR_1285,Cortex,93.68,92.29,Macaca mulatta
NEUR_6192,Striatum,88.14,40.64,Danio rerio
NEUR_8152,Hypothalamus,47.75,75.5,Macaca mulatta
NEUR_9342,Hypothalamus,130.14,52.8,Macaca mulatta
NEUR_9235,Hippocampus,1.27,118.72,Mus musculus
NEUR_2122,Striatum,98.36,10.15,Danio rerio
NEUR_8232,Cortex,142.85,96.98,Macaca mulatta
NEUR_5752,Cerebellum,149.2,34.71,Danio rerio
NEUR_1512,Cortex,65.92,37.56,Rattus norvegicus
NEUR_9069,Striatum,73.77,103.22,Rattus norvegicus
NEUR_6663,Cerebellum,50.54,66.1,Macaca mulatta
NEUR_6261,Amygdala,114.73,28.0,Mus musculus
NEUR_6377,Amygdala,139.01,53.1,Danio rerio
NEUR_7864,Thalamus,125.44,19.5,Rattus norvegicus
NEUR_3114,Cerebellum,64.59,87.45,Rattus norvegicus
NEUR_6474,Amygdala,138.1,13.42,Rattus norvegicus
NEUR_9301,Amygdala,107.0,59.57,Macaca mulatta
NEUR_6007,Hippocampus,50.01,84.77,Mus musculus
NEUR_8185,Hypothalamus,80.93,118.27,Macaca mulatta
NEUR_2792,Cortex,122.23,104.81,Danio rerio
NEUR_4274,Cerebellum,124.61,77.09,Danio rerio
NEUR_3677,Thalamus,100.7,60.07,Rattus norvegicus
NEUR_9137,Hippocampus,79.16,81.42,Mus musculus
NEUR_1841,Cortex,78.93,99.11,Macaca mulatta
NEUR_5643,Amygdala,105.21,47.66,Macaca mulatta
NEUR_9137,Hippocampus,14.17,76.49,Rattus norvegicus
NEUR_5977,Amygdala,63.22,29.41,Danio rerio
NEUR_5816,Hippocampus,126.76,45.48,Macaca mulatta
NEUR_5755,Thalamus,107.59,92.81,Danio rerio
NEUR_6144,Hypothalamus,11.89,70.09,Macaca mulatta
NEUR_9053,Cerebellum,57.36,59.18,Mus musculus
NEUR_2762,Cerebellum,85.0,91.51,Macaca mulatta
NEUR_8980,Hippocampus,43.44,35.17,Rattus norvegicus
NEUR_3088,Striatum,107.58,111.84,Macaca mulatta
NEUR_7173,Thalamus,18.24,19.33,Danio rerio
NEUR_1655,Hippocampus,89.15,112.02,Macaca mulatta
NEUR_9644,Hippocampus,90.7,34.76,Rattus norvegicus
NEUR_9195,Thalamus,50.21,16.01,Mus musculus
NEUR_1370,Cerebellum,25.61,81.31,Rattus norvegicus
NEUR_8286,Cortex,101.38,47.47,Macaca mulatta
NEUR_5578,Striatum,20.34,117.13,Rattus norvegicus
NEUR_9946,Amygdala,93.85,119.73,Rattus norvegicus
NEUR_4007,Cerebellum,51.68,93.89,Rattus norvegicus
NEUR_9703,Hypothalamus,149.04,49.67,Macaca mulatta
NEUR_4194,Cerebellum,24.4,27.04,Macaca mulatta
NEUR_5734,Amygdala,107.46,34.97,Rattus norvegicus
NEUR_1452,Hypothalamus,14.91,54.31,Danio rerio
NEUR_6519,Hippocampus,49.63,73.03,Rattus norvegicus
NEUR_5341,Amygdala,72.9,27.97,Rattus norvegicus
NEUR_4617,Amygdala,5.74,56.36,Danio rerio
NEUR_3151,Hypothalamus,98.58,79.56,Danio rerio
NEUR_4801,Cortex,81.4,58.49,Mus musculus
NEUR_4599,Cerebellum,74.13,48.47,Macaca mulatta
NEUR_3952,Cortex,98.59,29.5,Rattus norvegicus
NEUR_3162,Cerebellum,109.13,47.2,Rattus norvegicus
NEUR_8092,Amygdala,116.34,87.84,Macaca mulatta
NEUR_7061,Amygdala,4.48,53.7,Danio rerio
NEUR_4027,Cerebellum,55.35,93.4,Danio rerio
NEUR_4630,Cortex,0.91,112.64,Mus musculus
NEUR_1974,Hippocampus,135.48,34.77,Macaca mulatta
NEUR_1010,Cerebellum,36.34,52.35,Rattus norvegicus
NEUR_5936,Cortex,55.35,10.03,Macaca mulatta
NEUR_2814,Amygdala,24.27,44.33,Danio rerio
NEUR_7250,Amygdala,145.06,69.45,Danio rerio
NEUR_1609,Hippocampus,58.21,77.95,Danio rerio
NEUR_2608,Striatum,96.68,47.43,Mus musculus
NEUR_6877,Hippocampus,134.85,103.57,Macaca mulatta
NEUR_5326,Amygdala,133.36,80.04,Macaca mulatta
NEUR_1781,Hypothalamus,109.56,12.99,Danio rerio
NEUR_6988,Striatum,42.96,58.36,Rattus norvegicus
NEUR_2064,Cortex,85.04,110.24,Mus musculus
NEUR_1471,Cortex,33.62,28.65,Mus musculus
NEUR_3071,Thalamus,87.24,51.85,Mus musculus
NEUR_9041,Cerebellum,104.76,60.87,Mus musculus
NEUR_9249,Striatum,48.94,19.26,Mus musculus
NEUR_2360,Hippocampus,7.16,50.69,Mus musculus
NEUR_7741,Amygdala,86.62,60.87,Mus musculus
NEUR_2902,Thalamus,116.74,77.08,Mus musculus
NEUR_7606,Cortex,47.98,59.54,Danio rerio
NEUR_8595,Thalamus,95.26,114.44,Macaca mulatta
NEUR_6883,Hypothalamus,93.73,99.63,Rattus norvegicus
NEUR_5122,Cortex,0.68,119.1,Rattus norvegicus
NEUR_6237,Thalamus,23.91,91.56,Danio rerio
NEUR_2933,Hypothalamus,27.77,34.14,Danio rerio
NEUR_8611,Hippocampus,105.76,112.58,Rattus norvegicus
NEUR_8790,Hippocampus,58.83,103.66,Macaca mulatta
NEUR_7288,Striatum,148.07,30.84,Rattus norvegicus
NEUR_3983,Thalamus,95.48,19.36,Macaca mulatta
NEUR_7033,Hypothalamus,68.44,93.36,Macaca mulatta
NEUR_3183,Hippocampus,34.7,34.84,Rattus norvegicus
NEUR_8170,Hippocampus,133.27,32.81,Mus musculus
NEUR_7449,Striatum,114.94,15.86,Macaca mulatta
NEUR_5143,Hippocampus,132.7,37.93,Mus musculus
NEUR_1777,Hypothalamus,131.01,64.23,Danio rerio
NEUR_3425,Striatum,94.46,15.0,Mus musculus
NEUR_3761,Hippocampus,118.67,76.97,Macaca mulatta
NEUR_4177,Hippocampus,17.35,34.58,Danio rerio
NEUR_2681,Thalamus,134.72,76.34,Macaca mulatta
NEUR_6612,Striatum,78.61,59.64,Mus musculus
NEUR_3314,Thalamus,125.85,57.27,Macaca mulatta
NEUR_9669,Cerebellum,70.54,58.92,Rattus norvegicus
NEUR_4695,Amygdala,40.54,41.17,Danio rerio
NEUR_4987,Amygdala,44.8,79.75,Macaca mulatta
NEUR_7686,Hypothalamus,20.69,50.59,Rattus norvegicus
NEUR_7131,Thalamus,126.7,40.72,Rattus norvegicus
NEUR_1351,Striatum,24.49,83.75,Rattus norvegicus
NEUR_7269,Striatum,104.57,69.07,Rattus norvegicus
NEUR_6113,Amygdala,109.51,87.24,Danio rerio
NEUR_1836,Thalamus,65.29,47.04,Danio rerio
NEUR_4548,Hypothalamus,79.75,46.3,Danio rerio
NEUR_5283,Hippocampus,143.78,103.09,Macaca mulatta
NEUR_4893,Cortex,25.19,80.22,Mus musculus
NEUR_2932,Cerebellum,95.47,35.37,Rattus norvegicus
NEUR_8436,Cerebellum,19.03,28.8,Danio rerio
NEUR_6130,Amygdala,19.4,64.13,Macaca mulatta
NEUR_8532,Hippocampus,55.84,48.26,Mus musculus
NEUR_1700,Thalamus,118.14,15.85,Rattus norvegicus
NEUR_9176,Hippocampus,4.22,56.03,Mus musculus
NEUR_2423,Cortex,15.95,98.6,Rattus norvegicus
NEUR_6144,Hypothalamus,11.34,75.76,Macaca mulatta
NEUR_3378,Thalamus,53.77,81.2,Rattus norvegicus
NEUR_4443,Cortex,10.9,42.13,Danio rerio
NEUR_7220,Thalamus,109.23,62.04,Mus musculus
NEUR_8891,Hippocampus,81.53,19.83,Danio rerio
NEUR_3012,Hippocampus,64.19,111.65,Danio rerio
NEUR_8160,Hypothalamus,5.65,70.17,Danio rerio
NEUR_9688,Hippocampus,8.7,93.86,Danio rerio
NEUR_6786,Cortex,51.98,101.58,Macaca mulatta
NEUR_3772,Thalamus,34.05,103.4,Danio rerio
NEUR_4811,Amygdala,16.05,113.61,Rattus norvegicus
NEUR_6582,Striatum,7.55,10.5,Macaca mulatta
NEUR_2679,Hypothalamus,33.08,68.05,Mus musculus
NEUR_7979,Striatum,109.61,50.12,Macaca mulatta
NEUR_2884,Striatum,41.98,19.92,Mus musculus
NEUR_8538,Amygdala,11.83,118.62,Rattus norvegicus
NEUR_8100,Hippocampus,127.51,74.93,Rattus norvegicus
NEUR_4754,Amygdala,123.05,63.52,Rattus norvegicus
NEUR_8915,Hippocampus,146.91,15.28,Macaca mulatta
NEUR_8068,Amygdala,95.48,42.59,Macaca mulatta
NEUR_1425,Hypothalamus,0.67,116.12,Macaca mulatta
NEUR_2917,Amygdala,144.8,39.59,Danio rerio
NEUR_5680,Cerebellum,50.56,24.71,Danio rerio
NEUR_5093,Cerebellum,131.73,97.65,Macaca mulatta
NEUR_1779,Hippocampus,93.31,31.53,Rattus norvegicus
NEUR_3466,Amygdala,2.3,103.63,Macaca mulatta
NEUR_6609,Cerebellum,15.35,87.64,Mus musculus
NEUR_8909,Cortex,110.64,34.66,Mus musculus
NEUR_8832,Thalamus,8.05,117.5,Rattus norvegicus
NEUR_8512,Thalamus,112.21,83.89,Rattus norvegicus
NEUR_5901,Thalamus,54.17,40.69,Danio rerio
NEUR_9817,Hippocampus,104.83,89.2,Danio rerio
NEUR_1726,Striatum,112.26,82.58,Mus musculus
NEUR_8198,Hippocampus,119.75,56.61,Macaca mulatta
NEUR_7239,Cerebellum,6.01,76.29,Rattus norvegicus
NEUR_4392,Cortex,116.1,12.41,Macaca mulatta
NEUR_5393,Striatum,15.62,73.3,Rattus norvegicus
NEUR_5953,Amygdala,70.73,89.1,Rattus norvegicus
NEUR_1696,Thalamus,147.41,12.43,Macaca mulatta
NEUR_6287,Thalamus,59.4,93.46,Rattus norvegicus
NEUR_3217,Thalamus,93.05,29.65,Rattus norvegicus
NEUR_8038,Hippocampus,85.41,29.1,Macaca mulatta
NEUR_1486,Cerebellum,72.02,108.07,Danio rerio
NEUR_4315,Amygdala,58.17,113.59,Macaca mulatta
NEUR_3504,Thalamus,100.87,23.47,Mus musculus
NEUR_7708,Hippocampus,73.7,17.94,Danio rerio
NEUR_2471,Hypothalamus,46.74,64.84,Macaca mulatta
NEUR_6970,Hypothalamus,4.27,16.96,Mus musculus
NEUR_2334,Striatum,107.89,37.21,Macaca mulatta
NEUR_3888,Cerebellum,133.96,38.79,Danio rerio
NEUR_5381,Hypothalamus,99.05,69.3,Danio rerio
NEUR_5603,Amygdala,40.4,99.88,Rattus norvegicus
NEUR_4495,Thalamus,39.21,57.82,Danio rerio
NEUR_7731,Amygdala,94.51,51.54,Danio rerio
NEUR_1918,Cortex,89.42,55.12,Macaca mulatta
NEUR_3614,Thalamus,119.8,117.61,Rattus norvegicus
NEUR_8558,Thalamus,148.49,10.16,Danio rerio
NEUR_3214,Thalamus,149.45,92.19,Mus musculus
NEUR_5187,Thalamus,116.69,72.62,Macaca mulatta
NEUR_9495,Cerebellum,134.94,42.78,Rattus norvegicus
NEUR_5984,Striatum,51.9,105.63,Danio rerio
NEUR_5303,Hypothalamus,147.07,29.31,Mus musculus
NEUR_4355,Thalamus,5.54,41.43,Macaca mulatta
NEUR_5335,Cortex,73.93,41.4,Mus musculus
NEUR_2642,Hypothalamus,14.59,100.94,Rattus norvegicus
NEUR_8803,Amygdala,26.78,79.04,Rattus norvegicus
NEUR_7514,Cerebellum,88.81,109.27,Rattus norvegicus
NEUR_4610,Cerebellum,97.27,19.28,Macaca mulatta
NEUR_2188,Hypothalamus,141.12,91.57,Danio rerio
NEUR_6798,Striatum,101.32,114.45,Rattus norvegicus
NEUR_8134,Thalamus,149.56,52.71,Danio rerio
NEUR_3655,Hippocampus,110.88,50.97,Mus musculus
NEUR_9661,Thalamus,149.97,33.89,Mus musculus
NEUR_4717,Hippocampus,103.12,94.36,Danio rerio
NEUR_2818,Striatum,141.01,38.73,Mus musculus
NEUR_9793,Thalamus,57.37,106.23,Rattus norvegicus
NEUR_1873,Thalamus,60.74,66.25,Danio rerio
NEUR_3194,Hypothalamus,148.17,81.81,Danio rerio
NEUR_2112,Hippocampus,123.72,70.31,Rattus norvegicus
NEUR_6866,Cerebellum,0.17,59.02,Danio rerio
NEUR_5804,Striatum,146.0,84.11,Mus musculus
NEUR_4923,Cerebellum,108.96,119.92,Mus musculus
NEUR_1601,Cortex,52.25,69.69,Rattus norvegicus
NEUR_9968,Hippocampus,88.78,107.45,Danio rerio
NEUR_4842,Cerebellum,119.0,29.02,Danio rerio
NEUR_3622,Striatum,41.62,26.94,Rattus norvegicus
NEUR_7108,Striatum,79.63,73.01,Danio rerio
NEUR_1364,Cerebellum,52.01,100.98,Danio rerio
NEUR_2796,Hypothalamus,13.15,110.03,Mus musculus
NEUR_7846,Striatum,143.88,117.81,Mus musculus
NEUR_1860,Thalamus,118.56,80.39,Mus musculus
NEUR_4523,Amygdala,43.8,57.31,Mus musculus
NEUR_2979,Striatum,118.58,111.45,Rattus norvegicus
NEUR_9046,Amygdala,72.71,56.06,Macaca mulatta
NEUR_3538,Amygdala,19.31,87.58,Macaca mulatta
NEUR_6231,Striatum,39.28,32.06,Mus musculus
NEUR_6529,Hypothalamus,102.92,77.35,Macaca mulatta
NEUR_3010,Thalamus,133.58,94.22,Danio rerio
NEUR_2704,Striatum,115.61,45.17,Rattus norvegicus
NEUR_3104,Hippocampus,62.51,71.37,Danio rerio
NEUR_3605,Hippocampus,83.21,60.23,Rattus norvegicus
NEUR_9533,Striatum,141.91,43.13,Danio rerio
NEUR_1726,Hippocampus,129.7,58.44,Macaca mulatta
NEUR_2708,Striatum,75.73,42.82,Mus musculus
NEUR_8523,Thalamus,40.18,104.96,Rattus norvegicus
NEUR_3441,Thalamus,11.74,108.14,Mus musculus
NEUR_4518,Cortex,122.34,86.94,Mus musculus
NEUR_6624,Cerebellum,120.01,38.6,Mus musculus
NEUR_3251,Hypothalamus,91.44,46.34,Mus musculus
NEUR_9653,Thalamus,120.7,103.12,Macaca mulatta
NEUR_7032,Cortex,56.4,69.49,Mus musculus
NEUR_9438,Amygdala,107.25,24.82,Macaca mulatta
NEUR_9236,Thalamus,87.3,98.61,Macaca mulatta
NEUR_3033,Cerebellum,117.65,119.16,Rattus norvegicus
NEUR_4407,Cerebellum,48.02,47.38,Danio rerio
NEUR_6038,Hippocampus,119.41,24.49,Mus musculus
NEUR_9241,Cerebellum,137.09,39.27,Macaca mulatta
NEUR_7138,Cortex,125.18,42.09,Macaca mulatta
NEUR_9635,Hypothalamus,56.62,24.84,Rattus norvegicus
NEUR_7361,Amygdala,48.54,26.65,Mus musculus
NEUR_7842,Amygdala,124.44,111.74,Macaca mulatta
NEUR_7530,Thalamus,69.11,119.05,Danio rerio
NEUR_4430,Hypothalamus,135.36,19.93,Rattus norvegicus
NEUR_7370,Hypothalamus,42.84,73.11,Danio rerio
NEUR_8032,Thalamus,57.3,109.03,Danio rerio
NEUR_8765,Amygdala,132.32,105.7,Rattus norvegicus
NEUR_2893,Thalamus,112.72,39.13,Rattus norvegicus
NEUR_5992,Hippocampus,54.09,63.79,Rattus norvegicus
NEUR_9743,Thalamus,80.46,74.66,Macaca mulatta
NEUR_9738,Hippocampus,42.23,103.35,Mus musculus
NEUR_2895,Hippocampus,118.69,35.67,Mus musculus
NEUR_8382,Hippocampus,132.1,105.12,Mus musculus
NEUR_3904,Cortex,149.77,54.44,Macaca mulatta
NEUR_5155,Striatum,60.3,23.67,Rattus norvegicus
NEUR_6862,Thalamus,116.58,44.18,Macaca mulatta
NEUR_6785,Amygdala,135.16,55.15,Macaca mulatta
NEUR_3054,Amygdala,126.19,33.33,Danio rerio
NEUR_5850,Amygdala,76.92,106.01,Danio rerio
NEUR_7151,Thalamus,67.76,69.7,Danio rerio
NEUR_1632,Hippocampus,46.82,65.81,Danio rerio
NEUR_2304,Amygdala,57.0,52.49,Macaca mulatta
NEUR_6769,Thalamus,23.75,21.33,Mus musculus
NEUR_2114,Cerebellum,129.22,87.43,Rattus norvegicus
NEUR_5363,Hypothalamus,106.84,64.49,Mus musculus
NEUR_1803,Cerebellum,67.22,115.44,Mus musculus
NEUR_7198,Cortex,29.05,102.51,Rattus norvegicus
NEUR_1323,Hypothalamus,113.09,91.23,Rattus norvegicus
NEUR_4734,Hypothalamus,144.61,30.77,Rattus norvegicus
NEUR_6695,Striatum,122.68,87.79,Mus musculus
NEUR_8279,Hypothalamus,14.49,105.61,Macaca mulatta
NEUR_3018,Cerebellum,149.36,10.86,Danio rerio
NEUR_3798,Hypothalamus,27.18,21.89,Mus musculus
NEUR_1435,Striatum,50.37,74.32,Danio rerio
NEUR_5982,Thalamus,139.84,78.75,Danio rerio
NEUR_6433,Amygdala,26.8,116.66,Rattus norvegicus
NEUR_2371,Hypothalamus,118.64,90.8,Rattus norvegicus
NEUR_6770,Thalamus,124.11,13.03,Mus musculus
NEUR_1762,Amygdala,11.1,52.55,Danio rerio
NEUR_2767,Striatum,32.6,97.58,Danio rerio
NEUR_2909,Hypothalamus,13.52,100.21,Macaca mulatta
NEUR_5394,Amygdala,133.97,46.89,Rattus norvegicus
NEUR_6502,Hippocampus,111.2,76.2,Macaca mulatta
NEUR_6405,Cerebellum,46.37,60.88,Mus musculus
NEUR_9253,Amygdala,127.85,42.12,Danio rerio
NEUR_4679,Thalamus,35.98,88.77,Mus musculus
NEUR_3487,Thalamus,34.36,37.76,Danio rerio
NEUR_6273,Thalamus,111.15,78.8,Macaca mulatta
NEUR_6879,Hippocampus,23.22,74.96,Danio rerio
NEUR_6425,Amygdala,88.74,51.04,Macaca mulatta
NEUR_3656,Amygdala,143.56,33.94,Macaca mulatta
NEUR_5126,Hippocampus,38.19,92.27,Mus musculus
NEUR_7039,Hypothalamus,75.66,69.73,Macaca mulatta
NEUR_3540,Thalamus,114.27,40.31,Rattus norvegicus
NEUR_2686,Hippocampus,116.18,58.72,Danio rerio
NEUR_4599,Striatum,97.27,57.16,Macaca mulatta
NEUR_7472,Striatum,14.86,51.47,Macaca mulatta
NEUR_6772,Cortex,11.12,81.86,Danio rerio
NEUR_9664,Cerebellum,117.56,72.84,Rattus norvegicus
NEUR_6645,Striatum,121.99,81.18,Danio rerio
NEUR_2239,Cerebellum,14.75,112.11,Macaca mulatta
NEUR_2397,Hypothalamus,2.65,26.0,Macaca mulatta
NEUR_1329,Amygdala,27.44,85.06,Macaca mulatta
NEUR_3733,Amygdala,127.58,108.2,Danio rerio
NEUR_1323,Thalamus,107.56,55.03,Rattus norvegicus
NEUR_1467,Cortex,101.18,88.23,Rattus norvegicus
NEUR_8497,Hypothalamus,106.93,96.96,Mus musculus
NEUR_6360,Striatum,102.72,83.24,Macaca mulatta
NEUR_6816,Thalamus,51.71,102.68,Rattus norvegicus
NEUR_7638,Hypothalamus,18.2,96.8,Rattus norvegicus
NEUR_8374,Cortex,23.39,57.62,Mus musculus
NEUR_7502,Amygdala,83.31,46.9,Macaca mulatta
NEUR_6950,Cortex,92.41,98.8,Mus musculus
NEUR_4602,Thalamus,45.61,81.71,Rattus norvegicus
NEUR_2164,Striatum,105.01,28.32,Rattus norvegicus
NEUR_7673,Amygdala,0.78,82.69,Mus musculus
NEUR_1382,Cortex,8.92,30.57,Danio rerio
NEUR_7687,Hypothalamus,17.75,71.28,Danio rerio
NEUR_3902,Striatum,49.02,112.41,Danio rerio
NEUR_1810,Hippocampus,108.75,95.0,Rattus norvegicus
NEUR_3600,Striatum,1.5,26.48,Danio rerio
NEUR_2449,Cerebellum,60.28,41.91,Macaca mulatta
NEUR_1300,Cerebellum,62.98,107.07,Danio rerio
NEUR_5707,Amygdala,108.81,43.15,Rattus norvegicus
NEUR_8647,Hypothalamus,73.6,22.68,Rattus norvegicus
NEUR_5726,Hippocampus,126.2,67.23,Mus musculus
NEUR_1634,Hypothalamus,128.5,26.63,Macaca mulatta
NEUR_5289,Thalamus,29.63,96.57,Danio rerio
NEUR_6409,Cortex,65.16,76.69,Rattus norvegicus
NEUR_4115,Amygdala,81.06,27.57,Macaca mulatta
NEUR_6143,Thalamus,114.72,92.49,Danio rerio
NEUR_8488,Hypothalamus,29.91,12.69,Macaca mulatta
NEUR_2077,Cortex,16.53,47.87,Danio rerio
NEUR_2635,Thalamus,86.13,102.6,Rattus norvegicus
NEUR_2178,Cortex,36.07,89.53,Mus musculus
NEUR_1331,Thalamus,0.23,94.59,Danio rerio
NEUR_4893,Hippocampus,10.54,107.78,Rattus norvegicus
NEUR_6265,Amygdala,10.89,56.82,Rattus norvegicus
NEUR_4297,Thalamus,68.77,74.66,Macaca mulatta
NEUR_3430,Striatum,111.28,119.59,Rattus norvegicus
NEUR_3401,Amygdala,20.47,108.28,Rattus norvegicus
NEUR_7767,Hypothalamus,55.27,49.91,Danio rerio
NEUR_6348,Cortex,10.66,104.38,Rattus norvegicus
NEUR_3793,Cortex,74.43,101.71,Rattus norvegicus
NEUR_2213,Thalamus,37.75,44.35,Macaca mulatta
NEUR_4494,Cortex,16.39,106.82,Macaca mulatta
NEUR_4720,Thalamus,89.04,50.2,Mus musculus
NEUR_1412,Cortex,53.18,37.74,Danio rerio
NEUR_6687,Cerebellum,85.22,106.96,Danio rerio
NEUR_9498,Hypothalamus,105.67,43.64,Macaca mulatta
NEUR_2058,Thalamus,22.93,54.43,Macaca mulatta
NEUR_8772,Cortex,98.13,60.88,Danio rerio
NEUR_5632,Hypothalamus,49.87,71.6,Mus musculus
NEUR_2732,Thalamus,122.47,38.7,Mus musculus
NEUR_8318,Hippocampus,145.27,15.7,Danio rerio
NEUR_4140,Cerebellum,104.96,56.98,Danio rerio
NEUR_6789,Cortex,63.6,69.93,Macaca mulatta
NEUR_6931,Striatum,148.68,12.36,Mus musculus
NEUR_9224,Amygdala,97.48,41.6,Danio rerio
NEUR_7617,Cortex,73.11,51.01,Danio rerio
NEUR_4004,Thalamus,102.1,97.53,Mus musculus
NEUR_1390,Cerebellum,40.03,37.81,Mus musculus
NEUR_9424,Cerebellum,47.75,14.4,Danio rerio
NEUR_1554,Thalamus,111.58,32.07,Mus musculus
NEUR_6194,Hypothalamus,56.43,35.44,Macaca mulatta
NEUR_3558,Thalamus,5.64,87.69,Mus musculus
NEUR_3615,Striatum,21.46,24.29,Mus musculus
NEUR_3980,Cerebellum,72.29,64.92,Macaca mulatta
NEUR_2949,Thalamus,62.2,109.48,Mus musculus
NEUR_2373,Amygdala,53.06,87.27,Macaca mulatta
NEUR_4029,Cortex,147.99,75.71,Rattus norvegicus
NEUR_4048,Cortex,2.34,62.65,Mus musculus
NEUR_5682,Hippocampus,114.07,74.64,Mus musculus
NEUR_6437,Thalamus,101.41,13.02,Danio rerio
NEUR_3038,Thalamus,89.58,75.61,Danio rerio
NEUR_8660,Thalamus,123.42,92.61,Mus musculus
NEUR_3376,Cerebellum,106.03,77.9,Danio rerio
NEUR_7134,Amygdala,138.02,103.4,Rattus norvegicus
NEUR_9007,Hippocampus,41.18,36.4,Mus musculus
NEUR_2324,Amygdala,25.2,94.79,Danio rerio
NEUR_5302,Thalamus,17.13,37.97,Rattus norvegicus
NEUR_4014,Hypothalamus,15.1,66.71,Mus musculus
NEUR_3757,Hypothalamus,87.85,83.02,Mus musculus
NEUR_7718,Thalamus,28.15,109.82,Rattus norvegicus
NEUR_4136,Hippocampus,3.32,64.3,Danio rerio
NEUR_1260,Hypothalamus,0.45,16.48,Rattus norvegicus
NEUR_6225,Amygdala,60.01,44.61,Mus musculus
NEUR_5744,Thalamus,23.78,66.62,Macaca mulatta
NEUR_1791,Hypothalamus,132.63,97.18,Danio rerio
NEUR_3243,Cortex,94.9,70.88,Macaca mulatta
NEUR_6389,Hypothalamus,28.8,24.32,Mus musculus
NEUR_3133,Striatum,103.58,56.87,Mus musculus
NEUR_2424,Thalamus,135.62,74.23,Macaca mulatta
NEUR_7850,Striatum,134.87,78.43,Mus musculus
NEUR_9357,Cerebellum,44.33,14.22,Rattus norvegicus
NEUR_5339,Thalamus,32.84,118.79,Macaca mulatta
NEUR_1874,Hypothalamus,84.78,119.2,Mus musculus
NEUR_8429,Hippocampus,113.11,75.14,Macaca mulatta
NEUR_7783,Cortex,108.25,113.66,Macaca mulatta
NEUR_3384,Cortex,95.47,84.13,Mus musculus
NEUR_2288,Hippocampus,135.52,77.72,Danio rerio
NEUR_5409,Amygdala,140.25,70.71,Danio rerio
NEUR_4838,Hypothalamus,58.75,11.02,Macaca mulatta
NEUR_3605,Hippocampus,4.97,61.84,Rattus norvegicus
NEUR_9249,Striatum,60.97,109.16,Mus musculus
NEUR_2075,Cerebellum,145.92,87.0,Rattus norvegicus
NEUR_3733,Hypothalamus,125.37,30.84,Rattus norvegicus
NEUR_3259,Hypothalamus,62.16,31.49,Rattus norvegicus
NEUR_8265,Hippocampus,97.85,30.34,Rattus norvegicus
NEUR_4792,Hypothalamus,52.71,25.83,Macaca mulatta
NEUR_4821,Amygdala,97.42,105.52,Macaca mulatta
NEUR_9003,Hippocampus,127.24,100.59,Macaca mulatta
NEUR_2807,Cortex,6.73,19.22,Mus musculus
NEUR_7365,Cortex,108.32,61.62,Mus musculus
NEUR_5569,Amygdala,139.81,19.68,Danio rerio
NEUR_9931,Hippocampus,11.77,70.86,Macaca mulatta
NEUR_1134,Thalamus,123.66,86.83,Danio rerio
NEUR_7069,Cortex,34.27,36.26,Mus musculus
NEUR_3893,Striatum,105.87,24.96,Mus musculus
NEUR_6293,Amygdala,40.28,72.88,Danio rerio
NEUR_4931,Hypothalamus,122.41,88.39,Macaca mulatta
NEUR_5883,Amygdala,88.79,106.11,Mus musculus
NEUR_8909,Amygdala,127.9,51.88,Mus musculus
NEUR_8862,Thalamus,65.82,51.77,Rattus norvegicus
NEUR_5069,Hypothalamus,108.51,69.73,Macaca mulatta
NEUR_3605,Striatum,14.32,46.08,Mus musculus
NEUR_8132,Amygdala,129.32,69.3,Danio rerio
NEUR_9397,Thalamus,64.66,90.47,Danio rerio
NEUR_1352,Hypothalamus,127.34,39.76,Mus musculus
NEUR_3992,Cerebellum,1.07,104.24,Mus musculus
NEUR_6508,Cortex,149.46,76.07,Macaca mulatta
NEUR_5686,Cerebellum,112.57,60.01,Danio rerio
NEUR_6789,Hippocampus,119.98,29.14,Danio rerio
NEUR_6147,Amygdala,139.32,18.48,Rattus norvegicus
NEUR_2263,Hypothalamus,103.13,110.64,Macaca mulatta
NEUR_9178,Hippocampus,42.82,119.79,Rattus norvegicus
NEUR_9726,Thalamus,46.41,19.22,Mus musculus
NEUR_2631,Thalamus,80.17,28.76,Mus musculus
NEUR_5885,Thalamus,47.72,66.92,Mus musculus
NEUR_4568,Amygdala,120.45,53.27,Danio rerio
NEUR_8333,Cortex,75.58,85.71,Danio rerio
NEUR_6381,Striatum,23.67,70.84,Rattus norvegicus
NEUR_1583,Hypothalamus,129.82,58.82,Mus musculus
NEUR_5912,Hippocampus,91.06,39.87,Rattus norvegicus
NEUR_1101,Amygdala,51.46,78.29,Rattus norvegicus
NEUR_9525,Cerebellum,81.79,65.23,Danio rerio
NEUR_6428,Striatum,35.12,103.87,Rattus norvegicus
NEUR_2956,Hippocampus,31.05,40.64,Danio rerio
NEUR_6868,Thalamus,125.19,83.65,Macaca mulatta
NEUR_8516,Cerebellum,55.93,83.27,Mus musculus
NEUR_2433,Hypothalamus,145.06,20.11,Rattus norvegicus
NEUR_8744,Thalamus,36.6,86.88,Rattus norvegicus
NEUR_3791,Hypothalamus,103.76,21.93,Mus musculus
NEUR_2412,Thalamus,126.83,101.32,Macaca mulatta
NEUR_1111,Hippocampus,56.25,38.35,Mus musculus
NEUR_6663,Striatum,68.51,27.02,Danio rerio
NEUR_1741,Hippocampus,68.61,28.11,Rattus norvegicus
NEUR_7134,Hypothalamus,140.27,55.88,Danio rerio
NEUR_4154,Thalamus,68.06,11.88,Macaca mulatta
NEUR_7296,Cerebellum,26.99,67.09,Macaca mulatta
NEUR_1025,Cerebellum,78.0,118.83,Macaca mulatta
NEUR_7975,Amygdala,123.75,24.06,Mus musculus
NEUR_1996,Hypothalamus,144.16,84.55,Mus musculus
NEUR_9353,Hypothalamus,149.6,40.36,Rattus norvegicus
NEUR_1302,Hippocampus,43.12,11.9,Mus musculus
NEUR_5321,Thalamus,8.57,67.87,Rattus norvegicus
NEUR_4246,Hippocampus,148.91,65.38,Mus musculus
NEUR_4508,Hypothalamus,74.36,108.4,Rattus norvegicus
NEUR_3595,Striatum,77.09,23.14,Danio rerio
NEUR_1569,Amygdala,119.66,49.54,Mus musculus
NEUR_4726,Hypothalamus,105.1,107.83,Danio rerio
NEUR_9746,Hippocampus,30.07,10.57,Mus musculus
NEUR_8570,Cortex,123.38,117.02,Danio rerio
NEUR_1745,Amygdala,144.14,117.53,Mus musculus
NEUR_9960,Cortex,116.66,83.87,Macaca mulatta
NEUR_7477,Cortex,101.25,24.88,Mus musculus
NEUR_1517,Hypothalamus,105.64,78.68,Rattus norvegicus
NEUR_2047,Hypothalamus,52.14,51.97,Danio rerio
NEUR_8345,Amygdala,44.22,13.14,Mus musculus
NEUR_9684,Amygdala,56.79,59.28,Mus musculus
NEUR_6445,Amygdala,136.83,33.74,Mus musculus
NEUR_9388,Hippocampus,25.86,63.68,Danio rerio
NEUR_7179,Hypothalamus,128.41,78.21,Macaca mulatta
NEUR_8884,Amygdala,134.25,32.23,Danio rerio
NEUR_9897,Striatum,51.51,63.12,Mus musculus
NEUR_8559,Amygdala,13.45,35.21,Danio rerio
NEUR_3011,Cortex,112.26,75.54,Macaca mulatta
NEUR_8484,Hippocampus,39.02,48.8,Macaca mulatta
NEUR_9734,Hippocampus,125.57,56.17,Danio rerio
NEUR_8369,Hypothalamus,11.2,81.69,Mus musculus
NEUR_1372,Cerebellum,129.45,49.32,Mus musculus
NEUR_8352,Thalamus,141.62,43.5,Macaca mulatta
NEUR_7839,Striatum,125.41,98.75,Danio rerio
NEUR_8320,Amygdala,124.58,14.28,Mus musculus
NEUR_4314,Thalamus,26.41,45.26,Rattus norvegicus
NEUR_3170,Hippocampus,43.84,68.97,Mus musculus
NEUR_2550,Hippocampus,148.63,44.72,Mus musculus
NEUR_1458,Cerebellum,68.37,21.22,Mus musculus
NEUR_6403,Hippocampus,86.42,25.63,Danio rerio
NEUR_3646,Hypothalamus,76.67,49.3,Macaca mulatta
NEUR_2111,Thalamus,23.77,35.88,Macaca mulatta
NEUR_9931,Thalamus,20.94,75.15,Danio rerio
NEUR_2532,Cortex,35.27,86.77,Danio rerio
NEUR_4973,Amygdala,77.74,82.04,Mus musculus
NEUR_4942,Amygdala,39.67,78.51,Mus musculus
NEUR_3324,Cerebellum,75.82,85.37,Rattus norvegicus
NEUR_9948,Amygdala,0.59,42.08,Macaca mulatta
NEUR_9506,Thalamus,65.08,44.24,Mus musculus
NEUR_3501,Thalamus,125.13,113.57,Mus musculus
NEUR_4897,Cerebellum,42.82,116.48,Macaca mulatta
NEUR_7052,Hypothalamus,9.34,22.61,Rattus norvegicus
NEUR_6771,Hypothalamus,64.8,27.78,Mus musculus
NEUR_8920,Thalamus,128.42,70.8,Macaca mulatta
NEUR_5760,Cortex,66.9,41.79,Danio rerio
NEUR_9513,Amygdala,143.11,103.06,Rattus norvegicus
NEUR_3051,Hippocampus,104.93,42.55,Mus musculus
NEUR_9431,Amygdala,136.39,25.92,Mus musculus
NEUR_3763,Cerebellum,118.55,104.87,Mus musculus
NEUR_7090,Striatum,14.58,100.49,Mus musculus
NEUR_7854,Hypothalamus,119.01,89.42,Macaca mulatta
NEUR_4369,Hypothalamus,149.43,32.64,Macaca mulatta
NEUR_3030,Striatum,130.31,107.0,Rattus norvegicus
NEUR_2091,Hippocampus,89.77,91.75,Danio rerio
NEUR_1405,Striatum,18.15,38.28,Mus musculus
NEUR_3986,Amygdala,1.05,26.88,Rattus norvegicus
NEUR_7828,Cerebellum,81.25,86.36,Mus musculus
NEUR_4586,Cerebellum,140.71,80.55,Rattus norvegicus
NEUR_2289,Cortex,55.18,59.5,Danio rerio
NEUR_3920,Cortex,40.54,71.16,Danio rerio
NEUR_4488,Amygdala,16.56,49.15,Macaca mulatta
NEUR_6178,Cortex,142.93,73.96,Rattus norvegicus
NEUR_1821,Hippocampus,108.96,63.84,Mus musculus
NEUR_2917,Hippocampus,73.48,52.01,Mus musculus
NEUR_7057,Thalamus,66.39,52.75,Rattus norvegicus
NEUR_8451,Thalamus,18.15,73.76,Macaca mulatta
NEUR_5961,Cerebellum,32.5,63.11,Macaca mulatta
NEUR_9364,Striatum,84.85,92.82,Macaca mulatta
NEUR_5231,Cerebellum,16.73,11.83,Mus musculus
NEUR_2519,Thalamus,68.07,61.95,Danio rerio
NEUR_8124,Cerebellum,84.65,37.18,Mus musculus
NEUR_3009,Cortex,2.4,106.46,Mus musculus
NEUR_5834,Cerebellum,51.45,29.19,Macaca mulatta
NEUR_8754,Thalamus,114.73,50.88,Danio rerio
NEUR_8687,Cerebellum,139.03,37.77,Mus musculus
NEUR_8551,Thalamus,4.55,82.07,Rattus norvegicus
NEUR_9875,Amygdala,109.97,56.94,Mus musculus
NEUR_6531,Hypothalamus,88.15,81.92,Rattus norvegicus
NEUR_2677,Striatum,83.23,61.92,Mus musculus
NEUR_2505,Striatum,66.41,10.54,Rattus norvegicus
NEUR_1271,Hypothalamus,120.91,23.08,Danio rerio
NEUR_9763,Cortex,73.09,38.24,Macaca mulatta
NEUR_8011,Cerebellum,72.26,86.25,Danio rerio
NEUR_4525,Hypothalamus,67.68,48.05,Rattus norvegicus
NEUR_4993,Cortex,93.19,34.11,Mus musculus
NEUR_5571,Thalamus,70.31,25.96,Mus musculus
NEUR_9989,Striatum,133.87,54.9,Rattus norvegicus
NEUR_7321,Hypothalamus,6.57,56.75,Rattus norvegicus
NEUR_7052,Cerebellum,54.69,89.89,Mus musculus
NEUR_1182,Hypothalamus,46.86,36.82,Mus musculus
NEUR_4097,Striatum,83.74,30.65,Macaca mulatta
NEUR_3004,Hypothalamus,123.47,46.59,Danio rerio
NEUR_4589,Thalamus,138.61,29.38,Mus musculus
NEUR_8389,Hippocampus,6.74,15.27,Danio rerio
NEUR_7283,Hippocampus,10.79,13.69,Mus musculus
NEUR_7056,Hypothalamus,103.67,90.54,Rattus norvegicus
NEUR_9534,Hypothalamus,91.2,42.5,Rattus norvegicus
NEUR_7295,Hippocampus,4.86,22.06,Danio rerio
NEUR_1304,Striatum,51.34,101.11,Mus musculus
NEUR_5149,Hypothalamus,87.35,68.89,Rattus norvegicus
NEUR_9222,Hippocampus,32.99,62.33,Danio rerio
NEUR_7971,Striatum,80.02,116.56,Mus musculus
NEUR_3292,Cerebellum,29.95,41.67,Mus musculus
NEUR_1070,Cerebellum,37.73,31.11,Mus musculus
NEUR_7491,Hippocampus,8.58,95.89,Mus musculus
NEUR_3844,Amygdala,56.17,56.93,Rattus norvegicus
NEUR_4385,Cortex,145.17,70.99,Macaca mulatta
NEUR_5649,Cortex,45.47,86.37,Danio rerio
NEUR_7626,Hippocampus,39.57,17.7,Rattus norvegicus
NEUR_6050,Cortex,138.59,37.36,Macaca mulatta
NEUR_6013,Cortex,49.1,40.62,Mus musculus
NEUR_4437,Striatum,92.85,24.35,Mus musculus
NEUR_7710,Cerebellum,104.67,92.57,Rattus norvegicus
NEUR_4346,Cortex,25.95,73.81,Macaca mulatta
NEUR_8951,Hippocampus,75.22,63.56,Rattus norvegicus
NEUR_1071,Striatum,128.63,23.46,Rattus norvegicus
NEUR_5016,Cerebellum,87.09,71.79,Rattus norvegicus
NEUR_3663,Cortex,85.21,84.04,Rattus norvegicus
NEUR_1012,Amygdala,42.98,59.23,Mus musculus
NEUR_8357,Hypothalamus,143.63,117.48,Danio rerio
NEUR_2301,Cerebellum,26.76,61.73,Mus musculus
NEUR_3508,Hypothalamus,9.87,77.58,Danio rerio
NEUR_6333,Amygdala,46.06,74.72,Danio rerio
NEUR_1596,Hippocampus,52.75,73.59,Danio rerio
NEUR_6368,Striatum,90.77,62.3,Mus musculus
NEUR_3806,Hypothalamus,65.01,22.5,Rattus norvegicus
NEUR_1386,Cerebellum,34.6,72.26,Danio rerio
NEUR_1071,Striatum,77.04,34.04,Danio rerio
NEUR_3241,Hippocampus,12.45,36.27,Rattus norvegicus
NEUR_9869,Cortex,95.41,97.35,Macaca mulatta
NEUR_3018,Hypothalamus,131.71,104.37,Rattus norvegicus
NEUR_1675,Hypothalamus,23.18,96.88,Danio rerio
NEUR_3553,Hippocampus,56.19,34.94,Rattus norvegicus
NEUR_8442,Hypothalamus,140.95,102.45,Macaca mulatta
NEUR_3391,Amygdala,113.19,32.88,Macaca mulatta
NEUR_2550,Cortex,102.57,14.84,Danio rerio
NEUR_8345,Amygdala,73.52,78.45,Macaca mulatta
NEUR_9987,Striatum,58.44,58.25,Macaca mulatta
NEUR_2908,Thalamus,17.5,114.19,Macaca mulatta
NEUR_7129,Striatum,55.68,61.67,Macaca mulatta
NEUR_7023,Thalamus,51.82,90.85,Danio rerio
NEUR_6333,Cortex,53.54,96.26,Mus musculus
NEUR_7843,Thalamus,31.72,52.63,Macaca mulatta
NEUR_7414,Cortex,85.66,29.5,Mus musculus
NEUR_5486,Thalamus,54.72,49.32,Mus musculus
NEUR_1626,Cerebellum,47.74,86.35,Rattus norvegicus
NEUR_5504,Hypothalamus,98.45,64.23,Rattus norvegicus
NEUR_9529,Hypothalamus,134.01,68.67,Danio rerio
NEUR_3624,Hypothalamus,0.73,115.96,Mus musculus
NEUR_2983,Striatum,104.52,89.9,Mus musculus
NEUR_5659,Hippocampus,77.04,110.31,Mus musculus
NEUR_9891,Hippocampus,83.03,28.13,Mus musculus
NEUR_1232,Amygdala,117.09,82.5,Mus musculus
NEUR_9235,Hypothalamus,148.41,114.3,Danio rerio
NEUR_3863,Hippocampus,92.85,27.1,Danio rerio
NEUR_9921,Cerebellum,15.85,103.64,Danio rerio
NEUR_6922,Thalamus,98.68,72.38,Rattus norvegicus
NEUR_1454,Cerebellum,7.48,94.38,Danio rerio
NEUR_2176,Hypothalamus,19.14,66.78,Rattus norvegicus
NEUR_6349,Cerebellum,41.46,92.22,Macaca mulatta
NEUR_5008,Cortex,137.13,118.76,Danio rerio
NEUR_3327,Thalamus,47.06,119.17,Mus musculus
NEUR_6867,Cerebellum,19.68,70.68,Macaca mulatta
NEUR_8484,Amygdala,32.91,78.89,Rattus norvegicus
NEUR_1080,Cortex,141.04,16.69,Mus musculus
NEUR_9891,Thalamus,66.09,28.99,Danio rerio
NEUR_8346,Amygdala,16.66,16.6,Macaca mulatta
NEUR_6644,Striatum,9.71,67.2,Rattus norvegicus
NEUR_9537,Amygdala,142.33,22.0,Danio rerio
NEUR_2256,Hippocampus,86.62,57.89,Macaca mulatta
NEUR_4194,Hippocampus,92.57,28.74,Mus musculus
NEUR_9678,Thalamus,21.57,46.0,Macaca mulatta
NEUR_7581,Cortex,75.15,114.79,Danio rerio
NEUR_2812,Hypothalamus,97.01,67.01,Mus musculus
NEUR_2996,Amygdala,3.12,79.15,Rattus norvegicus
NEUR_2996,Thalamus,13.14,96.19,Danio rerio
NEUR_7262,Hypothalamus,75.88,93.3,Danio rerio
NEUR_1998,Thalamus,93.18,68.02,Rattus norvegicus
NEUR_2935,Hippocampus,62.26,38.26,Rattus norvegicus
NEUR_9736,Amygdala,93.98,44.18,Macaca mulatta
NEUR_7672,Hippocampus,27.02,78.38,Mus musculus
NEUR_8139,Striatum,96.93,18.46,Danio rerio
NEUR_7891,Cortex,69.25,104.19,Rattus norvegicus
NEUR_2308,Cortex,86.62,36.53,Macaca mulatta
NEUR_7115,Hippocampus,0.13,112.82,Danio rerio
NEUR_8603,Striatum,75.01,38.66,Rattus norvegicus
NEUR_8423,Thalamus,59.65,104.52,Macaca mulatta
NEUR_3613,Amygdala,94.63,117.3,Mus musculus
NEUR_7189,Amygdala,82.74,106.93,Macaca mulatta
NEUR_9278,Hippocampus,52.33,16.88,Danio rerio
NEUR_9049,Hippocampus,142.98,42.85,Danio rerio
NEUR_9165,Amygdala,32.84,23.1,Macaca mulatta
NEUR_3541,Amygdala,52.31,25.85,Rattus norvegicus
NEUR_8802,Amygdala,121.3,39.34,Mus musculus
NEUR_6268,Striatum,17.24,72.16,Macaca mulatta
NEUR_5412,Hippocampus,134.68,112.53,Rattus norvegicus
NEUR_8071,Cerebellum,137.33,32.45,Danio rerio
NEUR_8344,Hypothalamus,88.76,39.87,Mus musculus
NEUR_7212,Cerebellum,47.87,109.7,Rattus norvegicus
NEUR_3017,Cortex,116.91,84.35,Danio rerio
NEUR_3860,Striatum,115.73,72.72,Mus musculus
NEUR_3076,Amygdala,135.25,39.59,Danio rerio
NEUR_6015,Cerebellum,33.73,15.27,Danio rerio
NEUR_4061,Hippocampus,54.81,101.94,Macaca mulatta
NEUR_9232,Cortex,44.69,86.19,Macaca mulatta
NEUR_9601,Hypothalamus,141.83,54.17,Rattus norvegicus
NEUR_4526,Hypothalamus,11.43,19.64,Rattus norvegicus
NEUR_3924,Amygdala,96.97,96.3,Rattus norvegicus
NEUR_2385,Cerebellum,1.53,14.37,Rattus norvegicus
NEUR_7633,Thalamus,108.28,118.63,Danio rerio
NEUR_2438,Hypothalamus,9.2,100.54,Danio rerio
NEUR_9218,Striatum,45.35,15.33,Macaca mulatta
NEUR_6955,Striatum,19.32,14.89,Macaca mulatta
NEUR_4282,Amygdala,68.21,34.48,Danio rerio
NEUR_2911,Cerebellum,24.07,62.58,Rattus norvegicus
NEUR_1399,Hippocampus,137.23,18.93,Mus musculus
NEUR_8403,Striatum,5.91,64.72,Danio rerio
NEUR_2547,Thalamus,93.42,55.4,Rattus norvegicus
NEUR_9987,Hippocampus,12.99,95.16,Mus musculus
NEUR_4119,Thalamus,91.35,10.36,Macaca mulatta
NEUR_4841,Cerebellum,17.76,50.42,Danio rerio
NEUR_4375,Cortex,46.79,13.2,Rattus norvegicus
NEUR_3513,Hypothalamus,110.46,92.73,Macaca mulatta
NEUR_4035,Amygdala,77.29,29.51,Danio rerio
NEUR_9654,Amygdala,148.46,101.98,Danio rerio
NEUR_4196,Amygdala,137.92,95.77,Macaca mulatta
NEUR_2643,Cortex,46.39,53.34,Macaca mulatta
NEUR_9918,Hippocampus,2.63,119.59,Danio rerio
NEUR_1068,Cerebellum,118.48,65.79,Mus musculus
NEUR_3148,Hippocampus,20.55,92.7,Macaca mulatta
NEUR_6606,Striatum,101.16,29.97,Macaca mulatta
NEUR_5981,Thalamus,77.66,67.96,Danio rerio
NEUR_5908,Cerebellum,62.92,77.8,Macaca mulatta
NEUR_4529,Thalamus,31.52,109.39,Rattus norvegicus
NEUR_7750,Amygdala,138.73,57.52,Danio rerio
NEUR_8225,Thalamus,0.13,103.49,Mus musculus
NEUR_1681,Hippocampus,111.39,100.27,Rattus norvegicus
NEUR_2199,Striatum,54.58,91.4,Danio rerio
NEUR_7750,Cortex,6.83,23.12,Mus musculus
NEUR_7555,Amygdala,121.39,29.69,Macaca mulatta
NEUR_5687,Thalamus,124.41,112.24,Macaca mulatta
NEUR_3359,Hippocampus,14.53,87.62,Danio rerio
NEUR_6195,Hippocampus,58.2,28.0,Mus musculus
NEUR_5067,Thalamus,29.62,13.4,Mus musculus
NEUR_4375,Cortex,113.13,28.02,Macaca mulatta
NEUR_9370,Cortex,69.23,13.79,Macaca mulatta
NEUR_7970,Thalamus,128.67,64.01,Mus musculus
NEUR_5806,Cortex,2.86,16.64,Danio rerio
NEUR_4748,Thalamus,4.28,115.23,Mus musculus
NEUR_2531,Hypothalamus,40.22,35.84,Macaca mulatta
NEUR_1457,Cortex,77.94,58.76,Mus musculus
NEUR_8393,Thalamus,63.26,61.55,Macaca mulatta
NEUR_1456,Cortex,87.95,44.3,Mus musculus
NEUR_4925,Hippocampus,95.02,72.52,Danio rerio
NEUR_7546,Cerebellum,141.91,95.67,Danio rerio
NEUR_6378,Striatum,105.97,35.8,Macaca mulatta
NEUR_2305,Amygdala,121.79,91.69,Mus musculus
NEUR_2072,Cerebellum,39.2,119.3,Mus musculus
NEUR_2026,Cortex,117.97,32.22,Mus musculus
NEUR_8729,Amygdala,139.16,26.52,Danio rerio
NEUR_7956,Cerebellum,25.94,109.38,Rattus norvegicus
NEUR_1012,Cortex,122.87,54.22,Mus musculus
NEUR_1296,Amygdala,48.51,76.43,Macaca mulatta
NEUR_4711,Thalamus,59.74,74.62,Rattus norvegicus
NEUR_8280,Striatum,108.33,116.48,Mus musculus
NEUR_8883,Striatum,55.21,66.85,Danio rerio
NEUR_1291,Hippocampus,131.03,23.51,Mus musculus
NEUR_9678,Hypothalamus,120.8,69.16,Mus musculus
NEUR_4717,Hippocampus,70.54,111.23,Macaca mulatta
NEUR_7976,Striatum,122.21,107.74,Macaca mulatta
NEUR_6471,Amygdala,144.16,90.13,Danio rerio
NEUR_8556,Hypothalamus,136.45,16.81,Danio rerio
NEUR_3663,Hypothalamus,63.43,93.21,Danio rerio
NEUR_8463,Thalamus,117.89,114.45,Rattus norvegicus
NEUR_5653,Amygdala,142.34,114.37,Rattus norvegicus
NEUR_7924,Thalamus,33.47,53.96,Macaca mulatta
NEUR_5453,Amygdala,29.22,19.69,Mus musculus
NEUR_4935,Hippocampus,101.74,33.23,Rattus norvegicus
NEUR_8025,Thalamus,51.79,21.0,Danio rerio
NEUR_5706,Hippocampus,112.65,61.83,Danio rerio
NEUR_1121,Thalamus,54.02,63.45,Macaca mulatta
NEUR_2846,Hypothalamus,41.81,22.81,Rattus norvegicus
NEUR_1009,Hypothalamus,145.74,56.67,Macaca mulatta
NEUR_6612,Thalamus,119.95,35.97,Danio rerio
NEUR_2196,Cortex,61.91,26.79,Danio rerio
NEUR_5315,Hypothalamus,84.87,66.36,Mus musculus
NEUR_6308,Cerebellum,149.36,81.03,Macaca mulatta
NEUR_6893,Thalamus,84.01,11.36,Mus musculus
NEUR_7037,Hypothalamus,22.87,18.45,Rattus norvegicus
NEUR_2807,Cortex,44.31,63.56,Danio rerio
NEUR_3125,Hippocampus,42.68,71.79,Rattus norvegicus
NEUR_3062,Cortex,119.38,13.97,Mus musculus
NEUR_1090,Cortex,72.24,23.02,Rattus norvegicus
NEUR_8464,Hippocampus,129.39,88.5,Rattus norvegicus
NEUR_7884,Cortex,71.13,77.24,Mus musculus
NEUR_7990,Striatum,71.96,72.66,Danio rerio
NEUR_8705,Hippocampus,87.05,58.96,Rattus norvegicus
NEUR_8061,Cerebellum,67.23,57.65,Macaca mulatta
NEUR_3450,Striatum,31.41,52.03,Macaca mulatta
NEUR_8693,Cerebellum,105.14,30.28,Rattus norvegicus
NEUR_7219,Hypothalamus,97.18,118.16,Danio rerio
NEUR_9798,Striatum,87.18,45.41,Rattus norvegicus
NEUR_7968,Cortex,33.87,96.4,Rattus norvegicus
NEUR_5358,Amygdala,51.33,78.82,Danio rerio
NEUR_4817,Amygdala,38.93,61.78,Rattus norvegicus
NEUR_6124,Thalamus,134.52,36.74,Danio rerio
NEUR_7614,Cerebellum,84.51,106.24,Rattus norvegicus
NEUR_5490,Thalamus,4.56,40.55,Danio rerio
NEUR_1152,Hippocampus,84.17,115.39,Rattus norvegicus
NEUR_9955,Thalamus,16.51,92.44,Rattus norvegicus
NEUR_5989,Cortex,74.43,48.86,Mus musculus
NEUR_7680,Cerebellum,142.92,104.64,Danio rerio
NEUR_8157,Hippocampus,113.67,26.52,Rattus norvegicus
NEUR_7203,Cortex,83.55,21.52,Rattus norvegicus
NEUR_4092,Cerebellum,81.54,80.11,Rattus norvegicus
NEUR_6916,Hypothalamus,143.45,111.18,Danio rerio
NEUR_2377,Hippocampus,110.51,48.65,Rattus norvegicus
NEUR_6366,Cortex,125.26,84.2,Rattus norvegicus
NEUR_8853,Striatum,76.49,18.26,Macaca mulatta
NEUR_7434,Amygdala,27.7,52.95,Rattus norvegicus
NEUR_5725,Amygdala,104.47,63.74,Mus musculus
NEUR_4519,Amygdala,87.27,111.93,Danio rerio
NEUR_6504,Striatum,84.6,16.83,Mus musculus
NEUR_8388,Cortex,29.21,24.72,Rattus norvegicus
NEUR_2503,Hippocampus,130.47,87.54,Danio rerio
NEUR_6625,Cortex,143.1,68.97,Macaca mulatta
NEUR_1379,Amygdala,45.62,96.35,Macaca mulatta
NEUR_2644,Thalamus,58.77,112.9,Mus musculus
NEUR_7596,Amygdala,86.98,84.4,Rattus norvegicus
NEUR_6771,Hypothalamus,113.33,44.61,Rattus norvegicus
NEUR_8602,Hippocampus,26.07,101.18,Macaca mulatta
NEUR_2391,Thalamus,8.91,30.08,Rattus norvegicus
NEUR_6408,Hippocampus,70.0,79.61,Danio rerio
NEUR_4319,Amygdala,102.86,23.02,Mus musculus
NEUR_9942,Hypothalamus,40.76,64.94,Mus musculus
NEUR_5796,Cortex,9.13,116.4,Rattus norvegicus
NEUR_8917,Striatum,12.44,19.38,Rattus norvegicus
NEUR_3096,Cerebellum,2.17,71.78,Rattus norvegicus
NEUR_4991,Cerebellum,60.62,115.04,Rattus norvegicus
NEUR_9589,Amygdala,78.04,81.37,Rattus norvegicus
NEUR_3918,Amygdala,62.2,54.89,Rattus norvegicus
NEUR_7856,Amygdala,127.01,74.03,Rattus norvegicus
NEUR_6875,Cortex,6.97,45.57,Rattus norvegicus
NEUR_3467,Cerebellum,9.27,22.58,Danio rerio
NEUR_1230,Hippocampus,25.8,71.18,Danio rerio
NEUR_5086,Cortex,70.23,100.85,Rattus norvegicus
NEUR_6587,Cortex,67.29,41.79,Macaca mulatta
NEUR_3466,Striatum,62.17,92.13,Rattus norvegicus
NEUR_3199,Cerebellum,70.0,33.05,Danio rerio
NEUR_3605,Striatum,97.44,80.5,Macaca mulatta
NEUR_1465,Thalamus,121.45,43.1,Rattus norvegicus
NEUR_4998,Amygdala,133.88,70.1,Mus musculus
NEUR_4661,Amygdala,142.96,17.13,Danio rerio
NEUR_9553,Hypothalamus,130.02,95.69,Danio rerio
NEUR_1003,Hypothalamus,107.74,116.73,Rattus norvegicus
NEUR_4787,Cerebellum,106.71,46.41,Rattus norvegicus
NEUR_1493,Thalamus,29.7,118.53,Macaca mulatta
NEUR_9332,Hypothalamus,47.73,76.67,Danio rerio
NEUR_5407,Hypothalamus,102.01,82.33,Macaca mulatta
NEUR_1783,Hippocampus,136.01,116.84,Macaca mulatta
NEUR_3580,Striatum,35.39,35.39,Danio rerio
NEUR_3153,Thalamus,23.62,75.88,Macaca mulatta
NEUR_1202,Striatum,47.68,91.2,Rattus norvegicus
NEUR_1265,Hippocampus,85.22,91.8,Danio rerio
NEUR_9798,Cerebellum,130.51,73.53,Rattus norvegicus
NEUR_2265,Thalamus,87.87,20.73,Danio rerio
NEUR_8070,Cerebellum,142.71,18.67,Rattus norvegicus
NEUR_4484,Thalamus,92.13,118.18,Rattus norvegicus
NEUR_9652,Hippocampus,31.08,70.0,Macaca mulatta
NEUR_4802,Cortex,9.51,106.15,Mus musculus
NEUR_7527,Cerebellum,48.56,67.87,Macaca mulatta
NEUR_5002,Striatum,50.38,90.11,Rattus norvegicus
NEUR_1777,Hypothalamus,99.46,22.08,Mus musculus
NEUR_4847,Striatum,32.97,35.33,Danio rerio
NEUR_7316,Cortex,63.8,80.91,Danio rerio
NEUR_8403,Amygdala,130.42,71.03,Danio rerio
NEUR_9099,Hypothalamus,137.98,91.31,Rattus norvegicus
NEUR_4574,Striatum,37.71,76.56,Macaca mulatta
NEUR_1014,Hippocampus,89.5,117.85,Rattus norvegicus
NEUR_5139,Cortex,72.74,103.95,Danio rerio
NEUR_2619,Striatum,142.55,58.89,Macaca mulatta
NEUR_4472,Striatum,11.4,68.8,Rattus norvegicus
NEUR_8768,Hippocampus,52.77,18.84,Rattus norvegicus
NEUR_1949,Striatum,2.98,79.88,Macaca mulatta
NEUR_1737,Hippocampus,12.48,44.05,Rattus norvegicus
NEUR_2264,Hippocampus,24.95,102.7,Danio rerio
NEUR_6868,Thalamus,24.77,37.77,Danio rerio
NEUR_4901,Cerebellum,43.85,107.83,Danio rerio
NEUR_8758,Hypothalamus,102.24,29.0,Danio rerio
NEUR_5363,Striatum,76.14,102.95,Danio rerio
NEUR_9795,Amygdala,91.42,107.33,Macaca mulatta
NEUR_2945,Hippocampus,5.39,63.54,Mus musculus
NEUR_5533,Amygdala,57.35,20.84,Macaca mulatta
NEUR_6759,Amygdala,100.3,74.76,Danio rerio
NEUR_9844,Striatum,108.39,92.31,Macaca mulatta
NEUR_9487,Hippocampus,25.13,39.06,Mus musculus
NEUR_4311,Hippocampus,87.02,41.09,Rattus norvegicus
NEUR_1556,Cortex,47.09,84.96,Danio rerio
NEUR_1391,Hippocampus,38.67,85.69,Rattus norvegicus
NEUR_1922,Hippocampus,45.35,31.3,Mus musculus
NEUR_5164,Hippocampus,45.75,19.51,Rattus norvegicus
NEUR_1331,Amygdala,56.49,49.66,Rattus norvegicus
NEUR_2194,Thalamus,102.32,30.66,Rattus norvegicus
NEUR_1681,Hippocampus,1.88,45.86,Danio rerio
NEUR_9989,Hippocampus,49.9,78.67,Mus musculus
NEUR_2396,Amygdala,114.34,40.08,Rattus norvegicus
NEUR_2984,Cortex,136.11,61.65,Macaca mulatta
NEUR_4427,Cortex,61.75,57.31,Danio rerio
NEUR_8869,Hypothalamus,79.0,54.12,Rattus norvegicus
NEUR_8727,Striatum,100.99,76.03,Mus musculus
NEUR_4850,Hippocampus,104.84,25.16,Macaca mulatta
NEUR_3400,Striatum,78.3,50.38,Mus musculus
NEUR_9409,Hypothalamus,27.28,107.9,Mus musculus
NEUR_7441,Cortex,94.24,51.31,Rattus norvegicus
NEUR_4066,Hypothalamus,23.82,50.13,Mus musculus
NEUR_1986,Striatum,58.22,96.6,Macaca mulatta
NEUR_7638,Striatum,30.08,60.45,Rattus norvegicus
NEUR_5249,Thalamus,11.46,38.38,Danio rerio
NEUR_8483,Hypothalamus,33.22,41.2,Rattus norvegicus
NEUR_6922,Cortex,145.22,45.35,Danio rerio
NEUR_3202,Cerebellum,125.16,38.45,Danio rerio
NEUR_5351,Hypothalamus,87.4,61.86,Rattus norvegicus
NEUR_9740,Cortex,50.24,79.24,Macaca mulatta
NEUR_4854,Cortex,72.98,89.97,Danio rerio
NEUR_2147,Hippocampus,47.15,90.04,Macaca mulatta
NEUR_5167,Striatum,32.46,97.53,Mus musculus
NEUR_4092,Cortex,77.18,12.98,Danio rerio
NEUR_5521,Cerebellum,38.01,106.92,Rattus norvegicus
NEUR_6297,Thalamus,118.15,112.23,Mus musculus
NEUR_9426,Cortex,97.22,44.39,Macaca mulatta
NEUR_6752,Hippocampus,140.3,49.18,Rattus norvegicus
NEUR_8840,Hypothalamus,145.25,69.52,Mus musculus
NEUR_5894,Cerebellum,11.96,82.63,Rattus norvegicus
NEUR_1696,Hypothalamus,98.97,22.41,Macaca mulatta
NEUR_3470,Thalamus,19.34,107.97,Mus musculus
NEUR_7736,Cortex,34.56,25.21,Mus musculus
NEUR_2792,Striatum,142.39,88.88,Rattus norvegicus
NEUR_6425,Cortex,61.08,59.38,Danio rerio
NEUR_6861,Cerebellum,38.96,44.56,Mus musculus
NEUR_6089,Striatum,25.4,39.29,Rattus norvegicus
NEUR_9801,Hypothalamus,9.75,20.43,Danio rerio
NEUR_7564,Striatum,90.05,52.25,Macaca mulatta
NEUR_5775,Amygdala,39.58,83.55,Rattus norvegicus
NEUR_1890,Amygdala,148.52,70.87,Macaca mulatta
NEUR_7199,Hypothalamus,54.97,28.03,Mus musculus
NEUR_2139,Amygdala,43.29,90.98,Danio rerio
NEUR_1059,Hypothalamus,122.29,73.21,Rattus norvegicus
NEUR_3567,Striatum,133.0,94.29,Mus musculus
NEUR_1858,Thalamus,75.74,20.73,Danio rerio
NEUR_1903,Hypothalamus,44.79,71.38,Mus musculus
NEUR_3236,Hypothalamus,118.77,80.03,Danio rerio
NEUR_3762,Cortex,137.73,89.06,Danio rerio
NEUR_7832,Cerebellum,42.48,119.99,Danio rerio
NEUR_6354,Cerebellum,1.92,29.8,Mus musculus
NEUR_9881,Hypothalamus,41.38,20.19,Mus musculus
NEUR_2342,Hippocampus,13.65,23.59,Rattus norvegicus
NEUR_6101,Hypothalamus,82.61,113.6,Rattus norvegicus
NEUR_3942,Hypothalamus,130.68,102.09,Macaca mulatta
NEUR_9092,Amygdala,132.94,83.62,Danio rerio
NEUR_1593,Thalamus,144.66,23.36,Macaca mulatta
NEUR_6543,Hypothalamus,14.35,101.65,Mus musculus
NEUR_7450,Hypothalamus,0.55,41.06,Mus musculus
NEUR_9175,Cortex,18.73,26.78,Danio rerio
NEUR_3760,Thalamus,44.6,74.43,Danio rerio
NEUR_6777,Hypothalamus,118.5,105.56,Macaca mulatta
NEUR_1865,Hippocampus,18.3,49.47,Danio rerio
NEUR_1257,Cortex,0.56,99.46,Mus musculus
NEUR_7774,Thalamus,149.44,51.09,Danio rerio
NEUR_6051,Hippocampus,55.12,50.05,Danio rerio
NEUR_4083,Cerebellum,16.48,89.58,Macaca mulatta
NEUR_3730,Amygdala,46.65,36.43,Rattus norvegicus
NEUR_3319,Cerebellum,16.95,33.12,Mus musculus
NEUR_7283,Cerebellum,101.41,76.15,Rattus norvegicus
NEUR_6560,Striatum,115.55,72.49,Danio rerio
NEUR_2430,Amygdala,107.72,92.55,Mus musculus
NEUR_7074,Cortex,34.69,78.28,Mus musculus
NEUR_6738,Cortex,52.47,63.65,Mus musculus
NEUR_1924,Striatum,25.02,94.69,Macaca mulatta
NEUR_4285,Cerebellum,77.85,20.4,Mus musculus
NEUR_2152,Striatum,96.06,35.83,Mus musculus
NEUR_3710,Cerebellum,148.74,15.14,Mus musculus
NEUR_7170,Hippocampus,0.44,113.92,Macaca mulatta
NEUR_6091,Hippocampus,22.97,71.22,Rattus norvegicus
NEUR_4767,Amygdala,52.31,41.36,Rattus norvegicus
NEUR_9580,Cortex,95.44,62.94,Danio rerio
NEUR_4106,Thalamus,93.05,10.93,Mus musculus
NEUR_8972,Striatum,128.38,65.36,Mus musculus
NEUR_6465,Cerebellum,136.3,80.81,Danio rerio
NEUR_6349,Amygdala,72.11,76.97,Rattus norvegicus
NEUR_4149,Cortex,137.42,57.61,Rattus norvegicus
NEUR_6424,Cerebellum,129.54,38.18,Rattus norvegicus
NEUR_9847,Thalamus,90.23,88.58,Danio rerio
NEUR_4436,Hypothalamus,76.32,106.61,Macaca mulatta
NEUR_6114,Amygdala,129.22,91.53,Mus musculus
NEUR_9245,Hippocampus,78.32,54.0,Mus musculus
NEUR_7392,Hippocampus,67.36,16.96,Rattus norvegicus
NEUR_6957,Hypothalamus,110.34,14.2,Macaca mulatta
NEUR_7759,Hippocampus,71.22,119.79,Danio rerio
NEUR_9843,Cerebellum,47.11,111.59,Danio rerio
NEUR_8822,Amygdala,79.46,112.44,Mus musculus
NEUR_1900,Thalamus,63.5,88.54,Danio rerio
NEUR_4640,Cerebellum,54.24,35.92,Mus musculus
NEUR_5964,Thalamus,0.53,49.73,Rattus norvegicus
NEUR_9489,Amygdala,77.66,109.39,Mus musculus
NEUR_9271,Cortex,90.6,66.88,Danio rerio
NEUR_1455,Thalamus,145.36,113.67,Macaca mulatta
NEUR_7826,Thalamus,10.4,57.49,Danio rerio
NEUR_8160,Cerebellum,26.92,71.19,Rattus norvegicus
NEUR_4424,Hippocampus,71.87,49.91,Danio rerio
NEUR_2972,Cortex,102.09,71.06,Rattus norvegicus
NEUR_6051,Striatum,135.28,109.34,Macaca mulatta
NEUR_5433,Thalamus,123.73,57.29,Rattus norvegicus
NEUR_5678,Thalamus,91.71,42.44,Mus musculus
NEUR_9831,Cerebellum,19.51,113.84,Danio rerio
NEUR_9224,Hippocampus,63.91,41.85,Mus musculus
NEUR_2365,Cerebellum,147.87,59.23,Macaca mulatta
NEUR_2539,Amygdala,85.88,89.33,Rattus norvegicus
NEUR_8957,Cortex,96.97,57.3,Danio rerio
NEUR_8792,Striatum,137.05,51.2,Macaca mulatta
NEUR_5451,Cerebellum,139.29,63.46,Mus musculus
NEUR_3935,Amygdala,41.73,48.24,Danio rerio
NEUR_6105,Cerebellum,98.55,87.07,Danio rerio
NEUR_7112,Amygdala,2.77,92.85,Macaca mulatta
NEUR_8356,Cerebellum,27.14,47.84,Mus musculus
NEUR_6127,Striatum,47.37,60.78,Danio rerio
NEUR_2182,Striatum,119.52,45.77,Mus musculus
NEUR_7709,Cerebellum,2.13,78.2,Mus musculus
NEUR_3697,Cortex,133.7,54.99,Rattus norvegicus
NEUR_6496,Cortex,47.39,53.81,Danio rerio
NEUR_5155,Hippocampus,16.13,83.11,Rattus norvegicus
NEUR_4872,Cortex,19.32,92.55,Mus musculus
NEUR_3156,Striatum,43.05,81.47,Macaca mulatta
NEUR_1290,Cortex,83.79,84.24,Macaca mulatta
NEUR_5875,Thalamus,33.79,27.84,Danio rerio
NEUR_3766,Striatum,50.59,64.81,Rattus norvegicus
NEUR_7042,Striatum,146.98,97.35,Macaca mulatta
NEUR_1270,Hypothalamus,26.93,101.27,Danio rerio
NEUR_2312,Cortex,123.61,94.93,Mus musculus
NEUR_7735,Hippocampus,10.95,23.68,Macaca mulatta
NEUR_9548,Striatum,74.29,17.38,Rattus norvegicus
NEUR_9758,Hypothalamus,95.42,13.8,Macaca mulatta
NEUR_2412,Hypothalamus,56.74,31.36,Rattus norvegicus
NEUR_7990,Amygdala,64.69,76.29,Mus musculus
NEUR_9842,Thalamus,115.32,32.53,Macaca mulatta
NEUR_5577,Cerebellum,73.96,49.35,Rattus norvegicus
NEUR_9467,Thalamus,51.0,76.49,Rattus norvegicus
NEUR_5517,Striatum,141.22,37.89,Mus musculus
NEUR_2423,Cerebellum,29.55,107.92,Rattus norvegicus
NEUR_7463,Thalamus,101.92,66.23,Macaca mulatta
NEUR_1220,Cerebellum,111.48,24.85,Macaca mulatta
NEUR_9514,Hippocampus,27.18,27.09,Danio rerio
NEUR_2362,Cerebellum,103.01,88.86,Mus musculus
NEUR_3394,Hypothalamus,118.71,103.04,Macaca mulatta
NEUR_4983,Amygdala,23.39,106.27,Macaca mulatta
NEUR_7190,Cerebellum,93.12,76.19,Rattus norvegicus
NEUR_9480,Thalamus,82.74,30.25,Danio rerio
NEUR_4706,Striatum,140.65,36.09,Mus musculus
NEUR_7138,Striatum,48.2,85.34,Rattus norvegicus
NEUR_6999,Cerebellum,140.27,86.75,Danio rerio
NEUR_7811,Cortex,55.79,48.93,Macaca mulatta
NEUR_7117,Cortex,35.79,23.9,Rattus norvegicus
NEUR_7095,Cortex,62.07,88.17,Mus musculus
NEUR_3898,Cortex,146.94,119.4,Danio rerio
NEUR_9535,Striatum,62.39,60.58,Macaca mulatta
NEUR_9405,Hypothalamus,92.24,50.09,Rattus norvegicus
NEUR_3230,Amygdala,3.77,37.11,Mus musculus
NEUR_9594,Thalamus,109.33,76.23,Danio rerio
NEUR_8377,Cortex,132.3,34.43,Danio rerio
NEUR_2881,Cortex,97.46,78.99,Mus musculus
NEUR_7462,Thalamus,113.73,14.57,Macaca mulatta
NEUR_5400,Cerebellum,67.65,58.3,Macaca mulatta
NEUR_3365,Hippocampus,118.68,92.91,Rattus norvegicus
NEUR_3590,Thalamus,112.09,83.44,Danio rerio
NEUR_4749,Amygdala,124.22,38.64,Rattus norvegicus
NEUR_8826,Striatum,141.89,37.78,Danio rerio
NEUR_7889,Hypothalamus,27.04,97.81,Mus musculus
NEUR_8700,Striatum,31.95,87.22,Mus musculus
NEUR_3334,Cerebellum,12.4,119.61,Mus musculus
NEUR_4546,Cerebellum,135.69,92.73,Mus musculus
NEUR_7483,Thalamus,50.62,53.62,Mus musculus
NEUR_1152,Cortex,18.88,105.09,Rattus norvegicus
NEUR_1484,Amygdala,54.96,97.44,Mus musculus
NEUR_8941,Hypothalamus,122.57,39.74,Macaca mulatta
NEUR_4346,Amygdala,125.75,73.41,Danio rerio
NEUR_7530,Hippocampus,11.97,42.47,Mus musculus
NEUR_1876,Hippocampus,68.02,116.15,Rattus norvegicus
NEUR_3812,Cortex,62.39,88.39,Mus musculus
NEUR_2091,Cortex,16.99,24.06,Rattus norvegicus
NEUR_6529,Cerebellum,108.46,64.35,Danio rerio
NEUR_6952,Cortex,105.7,44.95,Danio rerio
NEUR_8895,Cerebellum,98.66,53.49,Macaca mulatta
NEUR_9229,Hippocampus,98.38,56.69,Macaca mulatta
NEUR_7828,Cortex,128.96,89.51,Rattus norvegicus
NEUR_7169,Cortex,111.5,51.41,Mus musculus
NEUR_2144,Hypothalamus,59.85,12.36,Rattus norvegicus
NEUR_2334,Hypothalamus,46.38,114.55,Macaca mulatta
NEUR_7678,Cortex,73.14,97.19,Macaca mulatta
NEUR_1603,Hippocampus,119.99,20.92,Rattus norvegicus
NEUR_8562,Amygdala,113.52,43.63,Danio rerio
NEUR_2791,Thalamus,20.63,33.59,Danio rerio
NEUR_2468,Thalamus,101.0,114.25,Macaca mulatta
NEUR_6053,Striatum,41.74,20.94,Rattus norvegicus
NEUR_7018,Amygdala,64.93,17.83,Mus musculus
NEUR_6722,Hypothalamus,59.13,11.79,Macaca mulatta
NEUR_2610,Thalamus,135.26,36.97,Macaca mulatta
NEUR_7851,Hypothalamus,9.4,93.84,Macaca mulatta
NEUR_2601,Thalamus,23.04,12.19,Macaca mulatta
NEUR_1929,Striatum,90.58,82.55,Macaca mulatta
NEUR_6432,Striatum,70.86,31.02,Macaca mulatta
NEUR_3152,Amygdala,107.11,49.01,Macaca mulatta
NEUR_4678,Hippocampus,74.2,89.89,Macaca mulatta
NEUR_3126,Thalamus,10.67,99.46,Danio rerio
NEUR_2617,Hypothalamus,33.12,87.13,Danio rerio
NEUR_6195,Amygdala,106.59,78.57,Danio rerio
NEUR_4503,Hippocampus,22.84,63.96,Macaca mulatta
NEUR_2654,Cortex,100.79,12.81,Rattus norvegicus
NEUR_3489,Amygdala,104.41,74.49,Rattus norvegicus
NEUR_3468,Striatum,57.3,106.42,Rattus norvegicus
NEUR_7573,Striatum,140.1,55.08,Danio rerio
NEUR_6227,Hypothalamus,71.44,55.73,Danio rerio
NEUR_2028,Striatum,78.33,26.94,Rattus norvegicus
NEUR_4792,Cerebellum,18.96,44.75,Rattus norvegicus
NEUR_8325,Cortex,19.74,35.51,Mus musculus
NEUR_1974,Cortex,35.29,95.01,Rattus norvegicus
NEUR_6911,Hippocampus,108.03,105.11,Mus musculus
NEUR_5479,Hypothalamus,22.63,89.9,Danio rerio
NEUR_2831,Hippocampus,106.57,29.93,Rattus norvegicus
NEUR_1589,Striatum,80.29,90.95,Macaca mulatta
NEUR_4807,Thalamus,124.76,22.01,Mus musculus
NEUR_5075,Hippocampus,28.15,117.22,Mus musculus
NEUR_4203,Thalamus,109.61,81.75,Macaca mulatta
NEUR_4406,Cerebellum,30.27,110.53,Danio rerio
NEUR_2152,Cerebellum,66.17,20.82,Mus musculus
NEUR_4702,Striatum,111.94,68.57,Rattus norvegicus
NEUR_7046,Hypothalamus,95.5,16.11,Danio rerio
NEUR_3603,Amygdala,23.52,89.74,Mus musculus
NEUR_1250,Thalamus,103.25,88.91,Danio rerio
NEUR_4768,Striatum,120.72,38.61,Macaca mulatta
NEUR_8452,Hippocampus,4.16,111.15,Rattus norvegicus
NEUR_3447,Hypothalamus,68.55,109.72,Danio rerio
NEUR_6894,Cortex,81.0,56.94,Macaca mulatta
NEUR_6418,Cortex,70.23,31.13,Mus musculus
NEUR_8826,Thalamus,6.48,29.43,Mus musculus
NEUR_3193,Hippocampus,0.7,110.59,Macaca mulatta
NEUR_1682,Cerebellum,71.89,45.9,Mus musculus
NEUR_6090,Hypothalamus,120.46,116.48,Macaca mulatta
NEUR_8124,Hypothalamus,126.18,27.1,Rattus norvegicus
NEUR_6829,Hippocampus,132.46,90.91,Mus musculus
NEUR_1606,Hypothalamus,64.8,13.26,Danio rerio
NEUR_5086,Cortex,137.56,81.31,Rattus norvegicus
NEUR_7464,Amygdala,12.11,77.03,Rattus norvegicus
NEUR_8994,Thalamus,140.87,27.6,Mus musculus
NEUR_6407,Amygdala,134.04,88.17,Macaca mulatta
NEUR_2028,Cortex,98.43,109.38,Mus musculus
NEUR_8381,Thalamus,8.84,58.48,Rattus norvegicus
NEUR_2118,Hypothalamus,92.11,66.29,Mus musculus
NEUR_8065,Cerebellum,82.45,117.91,Macaca mulatta
NEUR_6318,Striatum,87.2,45.43,Mus musculus
NEUR_4666,Striatum,80.75,100.81,Macaca mulatta
NEUR_2915,Hippocampus,125.8,27.11,Rattus norvegicus
NEUR_8157,Cortex,70.92,78.32,Macaca mulatta
NEUR_4485,Thalamus,6.92,40.45,Danio rerio
NEUR_1892,Cortex,97.03,11.35,Macaca mulatta
NEUR_2496,Cortex,1.79,38.69,Rattus norvegicus
NEUR_1486,Cortex,108.36,101.71,Danio rerio
NEUR_8990,Amygdala,48.54,27.19,Rattus norvegicus
NEUR_7419,Hypothalamus,117.42,30.34,Danio rerio
NEUR_8032,Cortex,100.4,77.38,Mus musculus
NEUR_9955,Hippocampus,65.23,25.67,Mus musculus
NEUR_2901,Hippocampus,16.04,63.26,Danio rerio
NEUR_3102,Amygdala,49.06,26.39,Danio rerio
NEUR_3191,Hypothalamus,36.1,22.93,Macaca mulatta
NEUR_9187,Hypothalamus,124.84,35.69,Rattus norvegicus
NEUR_4288,Hippocampus,14.05,100.15,Macaca mulatta
NEUR_8516,Hippocampus,47.68,88.21,Mus musculus
NEUR_4513,Amygdala,129.38,111.65,Danio rerio
NEUR_5342,Hippocampus,87.35,102.8,Danio rerio
NEUR_9899,Cortex,127.19,76.89,Macaca mulatta
NEUR_3314,Cortex,37.48,72.79,Macaca mulatta
NEUR_3252,Hippocampus,90.77,80.43,Rattus norvegicus
NEUR_7908,Striatum,43.01,30.08,Danio rerio
NEUR_9669,Amygdala,20.29,89.91,Rattus norvegicus
NEUR_6180,Amygdala,67.86,21.1,Mus musculus
NEUR_2616,Amygdala,88.07,50.68,Mus musculus
NEUR_1254,Thalamus,46.27,88.47,Mus musculus
NEUR_3994,Striatum,65.85,90.65,Danio rerio
NEUR_2309,Cerebellum,133.78,78.61,Rattus norvegicus
NEUR_8447,Hypothalamus,128.58,90.83,Danio rerio
NEUR_4289,Hypothalamus,145.69,24.46,Danio rerio
NEUR_1685,Striatum,39.75,24.36,Mus musculus
NEUR_3951,Hypothalamus,88.73,70.89,Macaca mulatta
NEUR_7189,Cortex,126.96,63.31,Macaca mulatta
NEUR_9481,Hippocampus,106.44,106.81,Macaca mulatta
NEUR_7124,Amygdala,103.17,38.62,Rattus norvegicus
NEUR_3043,Hypothalamus,38.29,41.37,Macaca mulatta
NEUR_1627,Cerebellum,59.49,24.72,Macaca mulatta
NEUR_5375,Amygdala,110.81,71.48,Mus musculus
NEUR_4139,Hypothalamus,13.19,93.89,Rattus norvegicus
NEUR_4078,Cortex,9.0,32.02,Mus musculus
NEUR_7719,Hypothalamus,98.5,47.87,Rattus norvegicus
NEUR_2144,Striatum,80.08,82.11,Danio rerio
NEUR_3568,Hippocampus,97.58,55.47,Danio rerio
NEUR_2338,Cerebellum,93.02,55.08,Danio rerio
NEUR_9483,Cerebellum,95.91,97.58,Danio rerio
NEUR_6069,Amygdala,87.44,48.08,Rattus norvegicus
NEUR_3645,Cerebellum,63.59,85.99,Rattus norvegicus
NEUR_7735,Thalamus,21.82,110.41,Rattus norvegicus
NEUR_5162,Striatum,147.91,60.65,Mus musculus
NEUR_5042,Thalamus,79.82,93.04,Mus musculus
NEUR_4657,Thalamus,48.53,60.86,Rattus norvegicus
NEUR_7313,Hypothalamus,38.37,85.45,Mus musculus
NEUR_4230,Striatum,117.25,63.18,Danio rerio
NEUR_8959,Cerebellum,139.53,11.62,Mus musculus
NEUR_2822,Thalamus,103.36,106.05,Danio rerio
NEUR_7726,Striatum,93.3,51.52,Mus musculus
NEUR_1942,Amygdala,22.72,30.54,Danio rerio
NEUR_5825,Cortex,21.85,83.32,Macaca mulatta
NEUR_8231,Hippocampus,61.09,90.46,Macaca mulatta
NEUR_5736,Hypothalamus,104.16,27.86,Rattus norvegicus
NEUR_7783,Cerebellum,44.71,79.99,Macaca mulatta
NEUR_7650,Amygdala,68.13,119.68,Macaca mulatta
NEUR_5757,Striatum,29.99,53.18,Danio rerio
NEUR_5404,Hippocampus,23.99,64.53,Rattus norvegicus
NEUR_9716,Striatum,84.66,22.46,Macaca mulatta
NEUR_9486,Cortex,123.5,42.81,Mus musculus
NEUR_1655,Cerebellum,49.82,73.93,Danio rerio
NEUR_4183,Hippocampus,93.33,12.94,Danio rerio
NEUR_5223,Striatum,114.28,60.05,Rattus norvegicus
NEUR_8809,Cortex,58.97,83.37,Danio rerio
NEUR_2239,Amygdala,19.17,87.93,Macaca mulatta
NEUR_6226,Amygdala,110.64,58.4,Macaca mulatta
NEUR_2249,Cortex,136.97,116.54,Rattus norvegicus
NEUR_5311,Thalamus,58.11,57.72,Rattus norvegicus
NEUR_1855,Hypothalamus,79.49,15.67,Mus musculus
NEUR_5477,Thalamus,51.63,99.31,Mus musculus
NEUR_6764,Hippocampus,139.19,38.71,Danio rerio
NEUR_1669,Striatum,124.28,104.7,Danio rerio
NEUR_4601,Cortex,44.47,53.31,Rattus norvegicus
NEUR_5430,Hippocampus,33.12,103.87,Mus musculus
NEUR_4929,Cortex,19.56,36.57,Rattus norvegicus
NEUR_4013,Thalamus,100.92,112.31,Rattus norvegicus
NEUR_3079,Cortex,67.13,29.16,Danio rerio
NEUR_8915,Hypothalamus,46.53,51.9,Danio rerio
NEUR_9808,Amygdala,128.19,114.82,Macaca mulatta
NEUR_7846,Thalamus,110.44,99.07,Mus musculus
NEUR_8991,Cerebellum,49.18,77.37,Rattus norvegicus
NEUR_5036,Cortex,145.19,21.46,Mus musculus
NEUR_5376,Hypothalamus,8.59,19.55,Macaca mulatta
NEUR_5842,Cortex,87.19,96.35,Mus musculus
NEUR_5238,Hippocampus,29.87,34.57,Rattus norvegicus
NEUR_1577,Cortex,111.9,56.72,Macaca mulatta
NEUR_2178,Thalamus,141.93,36.12,Danio rerio
NEUR_7421,Striatum,79.84,56.54,Danio rerio
NEUR_6050,Amygdala,132.95,30.67,Danio rerio
NEUR_9643,Cortex,72.75,64.87,Mus musculus
NEUR_4769,Cortex,116.85,21.48,Macaca mulatta
NEUR_5123,Cerebellum,48.26,28.06,Danio rerio
NEUR_1210,Cerebellum,60.34,30.95,Danio rerio
NEUR_7028,Thalamus,107.7,46.5,Macaca mulatta
NEUR_4768,Striatum,120.1,90.23,Mus musculus
NEUR_2903,Hippocampus,104.74,110.44,Rattus norvegicus
NEUR_4101,Hypothalamus,75.09,89.62,Rattus norvegicus
NEUR_1559,Hippocampus,100.54,79.39,Danio rerio
NEUR_1948,Cortex,143.56,102.03,Danio rerio
NEUR_4235,Striatum,110.31,79.55,Mus musculus
NEUR_2794,Cerebellum,4.11,107.19,Rattus norvegicus
NEUR_2817,Amygdala,143.38,94.84,Danio rerio
NEUR_3281,Cerebellum,33.97,26.17,Rattus norvegicus
NEUR_6810,Thalamus,36.27,30.17,Rattus norvegicus
NEUR_9176,Cortex,136.83,76.2,Rattus norvegicus
NEUR_8442,Amygdala,49.22,109.19,Rattus norvegicus
NEUR_4321,Cerebellum,132.11,77.96,Rattus norvegicus
NEUR_2117,Striatum,146.49,46.29,Mus musculus
NEUR_2108,Striatum,26.4,61.98,Mus musculus
NEUR_4220,Cortex,108.42,59.91,Macaca mulatta
NEUR_3453,Amygdala,1.26,15.88,Mus musculus
NEUR_5354,Cerebellum,28.29,52.27,Macaca mulatta
NEUR_7415,Cortex,117.18,42.65,Rattus norvegicus
NEUR_1668,Amygdala,61.67,101.91,Mus musculus
NEUR_2547,Cerebellum,144.11,19.47,Mus musculus
NEUR_1013,Hypothalamus,91.84,110.79,Mus musculus
NEUR_4606,Amygdala,53.38,112.68,Danio rerio
NEUR_3158,Amygdala,0.15,96.08,Macaca mulatta
NEUR_2888,Thalamus,48.14,82.63,Mus musculus
NEUR_2194,Amygdala,2.21,57.95,Rattus norvegicus
NEUR_5480,Hypothalamus,82.02,38.93,Macaca mulatta
NEUR_2515,Cortex,110.9,30.64,Rattus norvegicus
NEUR_1247,Cerebellum,71.73,114.21,Macaca mulatta
NEUR_6754,Cerebellum,120.27,83.58,Rattus norvegicus
NEUR_7355,Thalamus,37.79,45.55,Rattus norvegicus
NEUR_5459,Cortex,128.19,115.06,Mus musculus
NEUR_8188,Cortex,141.43,66.16,Danio rerio
NEUR_5999,Thalamus,28.89,85.15,Danio rerio
NEUR_3020,Hippocampus,123.86,34.96,Mus musculus
NEUR_3625,Amygdala,32.02,32.12,Mus musculus
NEUR_8756,Cortex,74.45,93.81,Rattus norvegicus
NEUR_2949,Hippocampus,11.58,67.06,Mus musculus
NEUR_8061,Hypothalamus,65.61,42.96,Mus musculus
NEUR_2657,Cerebellum,14.23,52.71,Rattus norvegicus
NEUR_2220,Cerebellum,102.39,39.43,Rattus norvegicus
NEUR_1493,Cortex,37.54,13.78,Danio rerio
NEUR_2664,Hippocampus,82.75,80.37,Macaca mulatta
NEUR_8670,Hypothalamus,113.07,77.66,Macaca mulatta
NEUR_9172,Thalamus,4.26,48.57,Macaca mulatta
NEUR_3452,Cortex,92.64,19.35,Rattus norvegicus
NEUR_4772,Hypothalamus,44.44,94.75,Mus musculus
NEUR_1208,Cerebellum,80.06,40.07,Mus musculus
NEUR_7682,Hypothalamus,132.26,52.61,Danio rerio
NEUR_6080,Hypothalamus,119.82,71.54,Macaca mulatta
NEUR_5720,Hippocampus,86.41,118.12,Mus musculus
NEUR_1292,Hypothalamus,4.87,70.01,Rattus norvegicus
NEUR_3006,Striatum,48.43,47.67,Mus musculus
NEUR_6870,Cerebellum,90.24,35.19,Rattus norvegicus
NEUR_8751,Thalamus,61.12,59.26,Rattus norvegicus
NEUR_9688,Cerebellum,105.62,86.3,Mus musculus
NEUR_5018,Cerebellum,142.73,87.65,Rattus norvegicus
NEUR_2724,Hippocampus,87.8,97.67,Danio rerio
NEUR_8629,Hypothalamus,137.22,37.01,Danio rerio
NEUR_3277,Thalamus,30.19,100.08,Mus musculus
NEUR_7427,Hippocampus,48.04,74.55,Danio rerio
NEUR_3551,Thalamus,16.31,83.29,Mus musculus
NEUR_1682,Hippocampus,126.91,77.5,Mus musculus
NEUR_4489,Hippocampus,148.0,30.96,Danio rerio
NEUR_4003,Thalamus,137.46,49.52,Macaca mulatta
NEUR_1103,Striatum,76.13,117.88,Macaca mulatta
NEUR_1618,Cortex,66.31,32.88,Danio rerio
NEUR_3365,Cerebellum,28.87,35.37,Rattus norvegicus
NEUR_3739,Hypothalamus,61.79,74.24,Danio rerio
NEUR_1610,Hypothalamus,60.76,46.02,Danio rerio
NEUR_6335,Hypothalamus,118.9,94.6,Macaca mulatta
NEUR_3756,Cortex,59.45,74.91,Rattus norvegicus
NEUR_3343,Thalamus,46.27,75.91,Rattus norvegicus
NEUR_7910,Hippocampus,36.64,30.2,Mus musculus
NEUR_2942,Cerebellum,56.7,86.04,Danio rerio
NEUR_6698,Cortex,116.54,106.18,Rattus norvegicus
NEUR_2726,Thalamus,18.57,99.39,Danio rerio
NEUR_2440,Cerebellum,4.27,95.67,Danio rerio
NEUR_2426,Striatum,125.0,98.57,Danio rerio
NEUR_5486,Striatum,134.81,40.68,Rattus norvegicus
NEUR_6843,Hypothalamus,84.67,93.1,Macaca mulatta
NEUR_5880,Thalamus,36.46,105.89,Rattus norvegicus
NEUR_3693,Cerebellum,137.65,28.49,Mus musculus
NEUR_7329,Amygdala,69.72,36.4,Macaca mulatta
NEUR_9885,Amygdala,90.3,102.75,Mus musculus
NEUR_7110,Cerebellum,97.83,91.42,Mus musculus
NEUR_5772,Thalamus,81.09,18.38,Mus musculus
NEUR_3217,Striatum,15.13,65.64,Rattus norvegicus
NEUR_5173,Amygdala,146.65,21.75,Rattus norvegicus
NEUR_1584,Hippocampus,128.14,65.23,Danio rerio
NEUR_4900,Amygdala,22.42,38.96,Danio rerio
NEUR_7038,Striatum,94.54,119.23,Mus musculus
NEUR_2565,Cortex,30.18,15.43,Mus musculus
NEUR_1661,Hippocampus,67.57,31.73,Macaca mulatta
NEUR_2511,Hypothalamus,48.8,14.92,Macaca mulatta
NEUR_1044,Striatum,95.09,35.4,Macaca mulatta
NEUR_5561,Hippocampus,129.49,112.26,Rattus norvegicus
NEUR_2758,Striatum,86.31,88.2,Rattus norvegicus
NEUR_3518,Amygdala,26.86,19.36,Danio rerio
NEUR_6766,Amygdala,147.64,117.03,Danio rerio
NEUR_1233,Hypothalamus,38.3,84.66,Macaca mulatta
NEUR_2894,Hippocampus,148.77,40.59,Macaca mulatta
NEUR_3745,Thalamus,78.85,97.29,Danio rerio
NEUR_5097,Thalamus,21.3,71.64,Rattus norvegicus
NEUR_8212,Thalamus,18.71,73.16,Danio rerio
NEUR_9305,Hypothalamus,51.21,84.91,Rattus norvegicus
NEUR_3616,Cortex,74.37,19.48,Mus musculus
NEUR_6824,Hypothalamus,14.82,104.27,Danio rerio
NEUR_4480,Striatum,7.82,72.29,Mus musculus
NEUR_9390,Amygdala,2.53,67.17,Mus musculus
NEUR_7052,Amygdala,40.69,63.63,Mus musculus
NEUR_1459,Thalamus,117.89,13.63,Rattus norvegicus
NEUR_2781,Cortex,99.46,37.21,Mus musculus
NEUR_5927,Cerebellum,11.88,40.5,Rattus norvegicus
NEUR_2638,Striatum,140.12,119.72,Rattus norvegicus
NEUR_7894,Amygdala,73.1,18.03,Danio rerio
NEUR_9320,Hippocampus,0.54,103.89,Rattus norvegicus
NEUR_6485,Amygdala,39.18,13.54,Macaca mulatta
NEUR_3720,Hypothalamus,137.19,92.97,Rattus norvegicus
NEUR_9897,Hypothalamus,140.92,104.93,Mus musculus
NEUR_6677,Amygdala,52.66,91.32,Mus musculus
NEUR_9615,Thalamus,44.03,77.8,Mus musculus
NEUR_5039,Amygdala,44.45,65.11,Macaca mulatta
NEUR_5224,Hypothalamus,29.43,87.57,Mus musculus
NEUR_7543,Cortex,58.5,15.96,Macaca mulatta
NEUR_7043,Cortex,95.09,13.59,Danio rerio
NEUR_6472,Striatum,66.94,65.46,Danio rerio
NEUR_1816,Cerebellum,8.6,110.48,Danio rerio
NEUR_6319,Amygdala,142.68,26.34,Danio rerio
NEUR_7975,Hypothalamus,144.35,12.92,Danio rerio
NEUR_2845,Hippocampus,35.16,23.89,Macaca mulatta
NEUR_6504,Hippocampus,119.69,108.5,Mus musculus
NEUR_4087,Cortex,59.14,103.35,Macaca mulatta
NEUR_5949,Hippocampus,70.36,84.46,Mus musculus
NEUR_7570,Cerebellum,98.56,39.26,Mus musculus
NEUR_5221,Thalamus,9.51,53.4,Rattus norvegicus
NEUR_2346,Thalamus,50.17,56.56,Macaca mulatta
NEUR_8679,Cerebellum,7.95,55.01,Mus musculus
NEUR_6163,Striatum,132.86,77.5,Rattus norvegicus
NEUR_2274,Striatum,86.18,22.83,Danio rerio
NEUR_3412,Amygdala,138.81,12.75,Danio rerio
NEUR_3779,Amygdala,29.32,54.27,Rattus norvegicus
NEUR_3226,Thalamus,104.18,109.36,Rattus norvegicus
NEUR_1548,Cerebellum,30.64,43.07,Danio rerio
NEUR_6625,Cerebellum,79.87,47.68,Macaca mulatta
NEUR_2961,Cerebellum,103.35,80.94,Danio rerio
NEUR_2063,Thalamus,87.52,93.4,Mus musculus
NEUR_7824,Cerebellum,73.27,45.01,Macaca mulatta
NEUR_8506,Cortex,73.32,38.56,Rattus norvegicus
NEUR_1190,Hippocampus,129.25,107.13,Rattus norvegicus
NEUR_2417,Hippocampus,149.11,104.94,Mus musculus
NEUR_2935,Hippocampus,118.04,115.65,Macaca mulatta
NEUR_1863,Hippocampus,89.9,107.26,Danio rerio
NEUR_6013,Striatum,51.27,103.82,Rattus norvegicus
NEUR_8614,Cortex,107.9,66.16,Danio rerio
NEUR_1434,Thalamus,70.26,47.69,Mus musculus
NEUR_7189,Hypothalamus,99.14,12.44,Rattus norvegicus
NEUR_3462,Thalamus,119.41,110.85,Danio rerio
NEUR_8496,Hypothalamus,85.62,16.05,Rattus norvegicus
NEUR_7174,Striatum,38.26,107.07,Mus musculus
NEUR_4479,Hippocampus,114.58,116.93,Macaca mulatta
NEUR_7043,Hypothalamus,107.31,83.44,Mus musculus
NEUR_8438,Striatum,96.29,119.81,Macaca mulatta
NEUR_3286,Cerebellum,5.84,92.39,Danio rerio
NEUR_4684,Hippocampus,10.15,71.77,Mus musculus
NEUR_5353,Hypothalamus,56.71,56.73,Rattus norvegicus
NEUR_4519,Amygdala,143.36,94.02,Danio rerio
NEUR_2636,Cerebellum,62.77,10.35,Macaca mulatta
NEUR_4892,Hippocampus,32.75,17.86,Danio rerio
NEUR_7761,Cortex,36.23,60.35,Mus musculus
NEUR_2110,Hippocampus,45.09,17.96,Rattus norvegicus
NEUR_2000,Cerebellum,108.99,86.36,Danio rerio
NEUR_3184,Amygdala,124.53,49.16,Macaca mulatta
NEUR_8155,Striatum,90.03,79.15,Danio rerio
NEUR_8310,Cortex,21.65,82.32,Macaca mulatta
NEUR_3937,Hypothalamus,94.88,55.5,Mus musculus
NEUR_3849,Striatum,45.11,95.56,Danio rerio
NEUR_3824,Amygdala,28.11,46.46,Macaca mulatta
NEUR_7567,Cerebellum,68.19,77.41,Danio rerio
NEUR_3644,Hypothalamus,143.03,43.56,Mus musculus
NEUR_8339,Striatum,48.03,100.45,Mus musculus
NEUR_8470,Striatum,146.92,115.48,Danio rerio
NEUR_5480,Striatum,88.97,103.01,Macaca mulatta
NEUR_7173,Hypothalamus,67.05,104.05,Danio rerio
NEUR_7059,Thalamus,84.52,81.63,Macaca mulatta
NEUR_7896,Striatum,4.02,50.6,Rattus norvegicus
NEUR_2130,Hippocampus,21.4,81.03,Mus musculus
NEUR_8060,Cortex,83.89,19.62,Mus musculus
NEUR_9612,Hypothalamus,71.18,23.33,Macaca mulatta
NEUR_7081,Hippocampus,145.91,30.3,Mus musculus
NEUR_5470,Hippocampus,68.05,63.79,Mus musculus
NEUR_3512,Striatum,70.85,89.7,Macaca mulatta
NEUR_3994,Cortex,14.97,45.41,Macaca mulatta
NEUR_7667,Amygdala,146.53,55.66,Mus musculus
NEUR_9561,Cortex,23.76,64.21,Rattus norvegicus
NEUR_2676,Striatum,36.67,70.67,Danio rerio
NEUR_3818,Cerebellum,84.29,85.72,Mus musculus
NEUR_6818,Striatum,65.62,90.91,Macaca mulatta
NEUR_7303,Thalamus,83.7,73.97,Mus musculus
NEUR_2886,Amygdala,117.19,40.75,Macaca mulatta
NEUR_5638,Cerebellum,141.8,24.16,Danio rerio
NEUR_7394,Cortex,85.8,12.05,Macaca mulatta
NEUR_7600,Cerebellum,79.04,81.14,Macaca mulatta
NEUR_9553,Amygdala,139.38,115.4,Danio rerio
NEUR_9980,Striatum,87.35,66.11,Mus musculus
NEUR_2736,Cerebellum,15.04,96.4,Mus musculus
NEUR_4811,Hypothalamus,106.96,58.95,Mus musculus
NEUR_9128,Cortex,28.79,13.12,Danio rerio
NEUR_3574,Thalamus,26.98,36.49,Macaca mulatta
NEUR_3721,Thalamus,2.93,103.92,Danio rerio
NEUR_2816,Striatum,76.07,92.23,Mus musculus
NEUR_4125,Hypothalamus,51.49,79.66,Danio rerio
NEUR_7241,Thalamus,7.13,49.75,Danio rerio
NEUR_7147,Cerebellum,134.34,22.59,Danio rerio
NEUR_4848,Amygdala,97.89,25.75,Macaca mulatta
NEUR_9608,Hippocampus,144.84,76.81,Mus musculus
NEUR_4396,Amygdala,65.07,115.26,Macaca mulatta
NEUR_7599,Cortex,75.34,62.44,Mus musculus
NEUR_2849,Hypothalamus,116.48,78.6,Macaca mulatta
NEUR_6180,Amygdala,122.02,49.71,Macaca mulatta
NEUR_1254,Thalamus,5.88,12.37,Mus musculus
NEUR_8696,Hypothalamus,113.82,39.45,Danio rerio
NEUR_4319,Striatum,122.32,39.78,Rattus norvegicus
NEUR_5672,Hypothalamus,80.5,21.56,Rattus norvegicus
NEUR_7964,Cortex,142.44,28.5,Macaca mulatta
NEUR_8229,Hypothalamus,110.01,29.62,Macaca mulatta
NEUR_2507,Hypothalamus,118.55,73.86,Danio rerio
NEUR_7154,Striatum,25.64,113.21,Macaca mulatta
NEUR_8985,Thalamus,58.05,94.19,Rattus norvegicus
NEUR_5053,Cortex,76.74,43.46,Macaca mulatta
NEUR_2657,Hippocampus,116.72,69.53,Rattus norvegicus
NEUR_7035,Cortex,78.97,109.76,Rattus norvegicus
NEUR_4724,Cerebellum,146.66,78.68,Macaca mulatta
NEUR_5275,Hypothalamus,86.88,113.39,Danio rerio
NEUR_6485,Hypothalamus,124.17,34.4,Rattus norvegicus
NEUR_1380,Hypothalamus,60.73,97.09,Rattus norvegicus
NEUR_4505,Amygdala,1.87,11.15,Mus musculus
NEUR_5127,Cortex,83.95,47.75,Mus musculus
NEUR_5016,Amygdala,10.09,51.27,Mus musculus
NEUR_5092,Amygdala,13.25,115.16,Rattus norvegicus
NEUR_1998,Cortex,62.89,41.66,Macaca mulatta
NEUR_2876,Hippocampus,24.1,20.08,Danio rerio
NEUR_7534,Thalamus,146.31,71.77,Macaca mulatta
NEUR_4071,Cerebellum,17.45,16.02,Mus musculus
NEUR_8523,Cortex,47.47,49.58,Mus musculus
NEUR_3375,Thalamus,95.43,53.72,Rattus norvegicus
NEUR_3690,Hippocampus,98.42,116.02,Macaca mulatta
NEUR_4041,Hippocampus,3.52,67.21,Danio rerio
NEUR_9573,Amygdala,74.77,55.26,Macaca mulatta
NEUR_3436,Amygdala,91.08,72.62,Rattus norvegicus
NEUR_9842,Amygdala,48.31,49.46,Macaca mulatta
NEUR_5880,Hippocampus,82.5,47.51,Mus musculus
NEUR_7518,Thalamus,64.16,91.02,Mus musculus
NEUR_2181,Amygdala,41.71,111.12,Danio rerio
NEUR_5237,Hippocampus,35.77,57.41,Rattus norvegicus
NEUR_2638,Cortex,23.8,88.98,Danio rerio
NEUR_5158,Hypothalamus,116.98,37.57,Danio rerio
NEUR_5454,Amygdala,58.87,24.88,Danio rerio
NEUR_5442,Striatum,50.14,64.7,Rattus norvegicus
NEUR_5907,Striatum,147.59,21.1,Rattus norvegicus
NEUR_6333,Amygdala,123.42,55.54,Macaca mulatta
NEUR_1960,Cerebellum,99.79,25.05,Rattus norvegicus
NEUR_3932,Striatum,65.14,112.34,Rattus norvegicus
NEUR_1706,Hippocampus,100.04,72.21,Rattus norvegicus
NEUR_9249,Cerebellum,52.64,72.61,Danio rerio
NEUR_3080,Amygdala,55.79,73.47,Danio rerio
NEUR_4618,Cortex,6.95,27.49,Rattus norvegicus
NEUR_3695,Cerebellum,52.6,106.75,Danio rerio
NEUR_3792,Striatum,144.42,34.95,Rattus norvegicus
NEUR_6278,Cortex,48.43,99.18,Macaca mulatta
NEUR_7475,Hippocampus,131.82,68.21,Rattus norvegicus
NEUR_2155,Cerebellum,45.1,46.61,Danio rerio
NEUR_4740,Hippocampus,68.3,29.15,Danio rerio
NEUR_8305,Cerebellum,25.66,31.57,Rattus norvegicus
NEUR_3601,Striatum,58.25,24.68,Danio rerio
NEUR_2829,Amygdala,98.69,19.18,Rattus norvegicus
NEUR_4320,Cerebellum,81.69,15.05,Macaca mulatta
NEUR_7621,Striatum,100.93,67.39,Mus musculus
NEUR_1028,Thalamus,77.28,104.53,Mus musculus
NEUR_7585,Cortex,123.97,91.98,Mus musculus
NEUR_5803,Hypothalamus,146.61,116.68,Mus musculus
NEUR_2738,Cortex,98.15,47.95,Rattus norvegicus
NEUR_1235,Striatum,59.6,30.55,Mus musculus
NEUR_5967,Cortex,32.03,87.12,Macaca mulatta
NEUR_3544,Striatum,90.6,117.87,Danio rerio
NEUR_8107,Hypothalamus,70.67,93.51,Macaca mulatta
NEUR_5602,Amygdala,110.33,18.01,Mus musculus
NEUR_9600,Hypothalamus,111.42,95.86,Rattus norvegicus
NEUR_9120,Striatum,73.37,33.91,Mus musculus
NEUR_5121,Striatum,101.53,55.19,Danio rerio
NEUR_9771,Hippocampus,1.41,21.0,Danio rerio
NEUR_1997,Amygdala,38.36,84.0,Mus musculus
NEUR_3151,Amygdala,50.67,93.59,Rattus norvegicus
NEUR_7100,Striatum,108.72,22.23,Mus musculus
NEUR_4524,Hippocampus,16.98,24.72,Macaca mulatta
NEUR_7511,Thalamus,48.13,119.86,Rattus norvegicus
NEUR_5447,Striatum,16.78,92.27,Macaca mulatta
NEUR_1833,Thalamus,77.63,69.34,Mus musculus
NEUR_3807,Cortex,135.88,108.28,Mus musculus
NEUR_2546,Amygdala,90.27,86.74,Macaca mulatta
NEUR_1281,Hypothalamus,69.69,43.21,Macaca mulatta
NEUR_8073,Striatum,43.43,85.84,Rattus norvegicus
NEUR_1451,Amygdala,20.06,108.35,Mus musculus
NEUR_6439,Hypothalamus,33.74,83.24,Mus musculus
NEUR_5036,Hippocampus,72.69,65.05,Danio rerio
NEUR_3199,Cerebellum,89.57,102.72,Danio rerio
NEUR_9578,Hypothalamus,20.75,58.3,Macaca mulatta
NEUR_2288,Cerebellum,123.28,41.97,Macaca mulatta
NEUR_4945,Cerebellum,146.34,24.88,Mus musculus
NEUR_4803,Striatum,95.97,43.64,Danio rerio
NEUR_1867,Hypothalamus,138.78,66.4,Rattus norvegicus
NEUR_6873,Hypothalamus,80.03,32.35,Mus musculus
NEUR_2639,Hippocampus,7.73,80.35,Macaca mulatta
NEUR_8409,Hypothalamus,109.17,110.22,Danio rerio
NEUR_7360,Cerebellum,73.86,92.42,Rattus norvegicus
NEUR_5500,Hypothalamus,23.17,85.21,Danio rerio
NEUR_4032,Striatum,13.56,46.06,Danio rerio
NEUR_7463,Striatum,149.31,42.18,Rattus norvegicus
NEUR_3666,Cortex,46.14,94.42,Mus musculus
NEUR_8782,Amygdala,119.46,99.42,Danio rerio
NEUR_4913,Thalamus,110.06,11.4,Macaca mulatta
NEUR_5204,Hippocampus,60.17,108.14,Macaca mulatta
NEUR_6702,Striatum,32.52,84.24,Rattus norvegicus
NEUR_2645,Cerebellum,143.31,23.44,Rattus norvegicus
NEUR_1208,Cerebellum,146.32,60.73,Mus musculus
NEUR_4399,Striatum,121.29,111.56,Danio rerio
NEUR_3176,Hippocampus,111.34,117.84,Danio rerio
NEUR_3729,Hypothalamus,100.63,36.47,Rattus norvegicus
NEUR_3805,Amygdala,63.87,39.03,Rattus norvegicus
NEUR_8608,Hippocampus,96.85,18.02,Rattus norvegicus
NEUR_7032,Hippocampus,45.13,39.46,Rattus norvegicus
NEUR_3481,Cerebellum,41.68,31.87,Mus musculus
NEUR_3312,Hypothalamus,134.57,93.28,Danio rerio
NEUR_9455,Striatum,69.91,97.02,Rattus norvegicus
NEUR_8378,Striatum,70.06,94.25,Danio rerio
NEUR_1471,Hippocampus,31.0,22.78,Mus musculus
NEUR_4461,Hippocampus,25.46,78.68,Danio rerio
NEUR_8466,Cortex,27.28,28.86,Macaca mulatta
NEUR_2115,Cortex,48.36,97.41,Rattus norvegicus
NEUR_6152,Hypothalamus,71.43,59.38,Mus musculus
NEUR_7308,Cerebellum,69.92,113.05,Macaca mulatta
NEUR_5097,Hippocampus,112.67,61.67,Rattus norvegicus
NEUR_5531,Thalamus,84.57,65.34,Macaca mulatta
NEUR_7773,Cortex,117.62,19.14,Macaca mulatta
NEUR_2363,Hippocampus,76.29,95.79,Macaca mulatta
NEUR_6711,Striatum,10.9,100.63,Danio rerio
NEUR_5905,Cortex,52.99,104.33,Rattus norvegicus
NEUR_2743,Amygdala,94.07,92.02,Mus musculus
NEUR_5281,Cerebellum,9.77,24.31,Danio rerio
NEUR_5271,Hippocampus,107.38,37.46,Macaca mulatta
NEUR_8310,Striatum,42.41,44.26,Mus musculus
NEUR_8134,Hippocampus,127.44,42.36,Rattus norvegicus
NEUR_3046,Hypothalamus,21.2,21.31,Macaca mulatta
NEUR_9655,Thalamus,55.79,51.94,Mus musculus
NEUR_1191,Thalamus,126.46,119.27,Macaca mulatta
NEUR_9727,Cortex,72.74,66.35,Rattus norvegicus
NEUR_5135,Striatum,88.6,56.23,Danio rerio
NEUR_4167,Cortex,135.14,81.45,Danio rerio
NEUR_7696,Thalamus,147.34,39.97,Danio rerio
NEUR_6234,Hypothalamus,20.08,78.09,Rattus norvegicus
NEUR_1072,Amygdala,72.14,48.81,Macaca mulatta
NEUR_3288,Striatum,136.17,100.16,Macaca mulatta
NEUR_1104,Thalamus,46.83,90.19,Macaca mulatta
NEUR_8777,Thalamus,82.9,62.71,Danio rerio
NEUR_6679,Striatum,83.69,61.87,Mus musculus
NEUR_5902,Cerebellum,118.01,45.16,Macaca mulatta
NEUR_3328,Thalamus,112.15,50.74,Danio rerio
NEUR_2723,Cortex,78.78,105.7,Mus musculus
NEUR_2237,Cerebellum,126.64,75.3,Danio rerio
NEUR_9400,Thalamus,11.66,50.11,Danio rerio
NEUR_1218,Amygdala,128.25,110.33,Danio rerio
NEUR_2043,Striatum,103.56,15.26,Danio rerio
NEUR_6038,Striatum,75.79,26.84,Rattus norvegicus
NEUR_2203,Hypothalamus,28.68,63.46,Danio rerio
NEUR_3799,Cortex,8.22,58.61,Rattus norvegicus
NEUR_2838,Hippocampus,36.2,66.97,Rattus norvegicus
NEUR_4594,Hypothalamus,27.09,86.57,Danio rerio
NEUR_4953,Thalamus,103.37,53.01,Danio rerio
NEUR_8201,Hypothalamus,55.33,63.58,Mus musculus
NEUR_6284,Striatum,95.01,112.13,Danio rerio
NEUR_4068,Cortex,138.48,81.73,Rattus norvegicus
NEUR_7735,Thalamus,129.27,11.71,Rattus norvegicus
NEUR_9449,Cortex,10.97,47.75,Macaca mulatta
NEUR_4089,Cerebellum,50.37,95.97,Rattus norvegicus
NEUR_4052,Striatum,52.91,98.41,Mus musculus
NEUR_9958,Thalamus,17.37,21.35,Macaca mulatta
NEUR_5604,Cortex,124.65,37.89,Rattus norvegicus
NEUR_4522,Amygdala,1.69,60.36,Danio rerio
NEUR_7855,Striatum,90.37,33.57,Mus musculus
NEUR_1122,Thalamus,37.39,85.08,Macaca mulatta
NEUR_8867,Cerebellum,17.41,64.7,Rattus norvegicus
NEUR_6724,Thalamus,15.58,95.19,Mus musculus
NEUR_6835,Amygdala,135.0,93.85,Mus musculus
NEUR_7298,Thalamus,5.04,61.65,Danio rerio
NEUR_7285,Cerebellum,59.59,119.56,Danio rerio
NEUR_2935,Amygdala,148.36,41.03,Danio rerio
NEUR_8758,Cortex,61.33,100.16,Macaca mulatta
NEUR_7872,Cerebellum,1.22,51.01,Macaca mulatta
NEUR_4337,Hypothalamus,59.26,60.65,Macaca mulatta
NEUR_3827,Thalamus,110.09,54.16,Danio rerio
NEUR_8868,Hippocampus,93.94,97.52,Macaca mulatta
NEUR_3177,Cortex,126.97,89.18,Macaca mulatta
NEUR_1893,Cortex,26.91,98.01,Danio rerio
NEUR_4201,Cortex,124.49,59.29,Mus musculus
NEUR_6659,Cortex,74.6,81.88,Mus musculus
NEUR_2551,Cortex,134.8,26.46,Danio rerio
NEUR_8387,Cerebellum,108.92,40.36,Mus musculus
NEUR_6463,Striatum,91.53,87.9,Danio rerio
NEUR_8333,Striatum,110.14,63.25,Rattus norvegicus
NEUR_5632,Striatum,36.7,19.89,Mus musculus
NEUR_8355,Amygdala,118.9,93.0,Macaca mulatta
NEUR_7221,Hippocampus,6.62,86.24,Rattus norvegicus
NEUR_2782,Cortex,79.87,82.75,Rattus norvegicus
NEUR_3860,Thalamus,83.15,19.99,Macaca mulatta
NEUR_6031,Cerebellum,30.27,72.19,Danio rerio
NEUR_5588,Striatum,59.78,55.9,Danio rerio
NEUR_6630,Striatum,14.07,32.23,Macaca mulatta
NEUR_2436,Cerebellum,63.07,64.67,Mus musculus
NEUR_9416,Cerebellum,91.66,13.78,Mus musculus
NEUR_2862,Hypothalamus,108.29,49.89,Rattus norvegicus
NEUR_4399,Striatum,39.96,93.38,Macaca mulatta
NEUR_6597,Hypothalamus,108.21,27.23,Macaca mulatta
NEUR_7820,Amygdala,28.05,10.28,Danio rerio
NEUR_1936,Cerebellum,57.3,88.8,Macaca mulatta
NEUR_3901,Thalamus,84.64,85.75,Rattus norvegicus
NEUR_9767,Thalamus,145.87,102.53,Rattus norvegicus
NEUR_5309,Striatum,113.49,68.85,Danio rerio
NEUR_6857,Striatum,71.77,53.58,Danio rerio
NEUR_2608,Cortex,110.64,48.12,Macaca mulatta
NEUR_3319,Hippocampus,111.7,39.42,Macaca mulatta
NEUR_8951,Hippocampus,102.76,90.3,Danio rerio
NEUR_5467,Cerebellum,113.79,27.7,Macaca mulatta
NEUR_2465,Hypothalamus,144.19,35.16,Mus musculus
NEUR_6758,Striatum,122.64,51.52,Mus musculus
NEUR_2424,Thalamus,42.07,20.44,Danio rerio
NEUR_2361,Hippocampus,14.98,45.39,Macaca mulatta
NEUR_5836,Hippocampus,54.02,114.35,Mus musculus
NEUR_5064,Striatum,42.68,10.36,Mus musculus
NEUR_9031,Hippocampus,34.37,91.74,Danio rerio
NEUR_6795,Hippocampus,24.93,105.5,Macaca mulatta
NEUR_3827,Striatum,138.67,113.03,Rattus norvegicus
NEUR_1941,Striatum,109.7,73.61,Mus musculus
NEUR_3211,Cortex,25.58,72.67,Mus musculus
NEUR_2408,Cortex,33.35,59.79,Rattus norvegicus
NEUR_2520,Cerebellum,13.76,61.76,Macaca mulatta
NEUR_2445,Cerebellum,7.83,102.34,Rattus norvegicus
NEUR_3787,Amygdala,146.99,13.44,Danio rerio
NEUR_6201,Cortex,85.34,22.25,Danio rerio
NEUR_6308,Hippocampus,36.08,10.06,Rattus norvegicus
NEUR_1896,Striatum,64.37,97.32,Danio rerio
NEUR_2608,Hypothalamus,40.04,17.63,Rattus norvegicus
NEUR_4658,Amygdala,54.44,90.14,Mus musculus
NEUR_9000,Hypothalamus,136.86,26.84,Mus musculus
NEUR_9343,Hippocampus,82.65,56.14,Mus musculus
NEUR_4535,Hypothalamus,22.01,35.75,Rattus norvegicus
NEUR_8738,Hypothalamus,57.47,71.2,Macaca mulatta
NEUR_3843,Thalamus,50.42,96.41,Mus musculus
NEUR_3323,Hypothalamus,18.64,89.94,Mus musculus
NEUR_7060,Hypothalamus,95.26,87.87,Rattus norvegicus
NEUR_6305,Thalamus,1.61,111.74,Mus musculus
NEUR_9602,Hypothalamus,23.74,96.56,Macaca mulatta
NEUR_2877,Cortex,101.44,50.39,Danio rerio
NEUR_1605,Thalamus,144.64,108.9,Danio rerio
NEUR_7096,Amygdala,116.76,60.45,Danio rerio
NEUR_5462,Hippocampus,89.15,111.24,Macaca mulatta
NEUR_3824,Striatum,25.48,89.27,Macaca mulatta
NEUR_1547,Hypothalamus,147.36,48.75,Mus musculus
NEUR_5461,Hypothalamus,11.14,86.08,Rattus norvegicus
NEUR_3996,Hippocampus,50.49,33.33,Macaca mulatta
NEUR_6409,Hippocampus,118.31,53.05,Danio rerio
NEUR_4525,Striatum,82.79,60.22,Rattus norvegicus
NEUR_8640,Striatum,99.35,57.02,Danio rerio
NEUR_7936,Amygdala,56.39,51.22,Macaca mulatta
NEUR_3768,Hippocampus,45.38,112.06,Danio rerio
NEUR_5605,Thalamus,130.02,111.13,Macaca mulatta
NEUR_7234,Hippocampus,131.55,76.43,Mus musculus
NEUR_1380,Hypothalamus,135.71,73.6,Macaca mulatta
NEUR_6804,Striatum,41.67,112.07,Danio rerio
NEUR_7835,Hippocampus,68.76,61.75,Macaca mulatta
NEUR_8323,Cerebellum,140.36,11.23,Danio rerio
NEUR_6665,Hippocampus,82.51,118.57,Macaca mulatta
NEUR_9956,Cerebellum,7.0,54.38,Mus musculus
NEUR_8943,Striatum,18.07,93.79,Danio rerio
NEUR_9485,Striatum,16.72,89.8,Rattus norvegicus
NEUR_5800,Cerebellum,136.56,13.32,Macaca mulatta
NEUR_7333,Hypothalamus,146.8,81.18,Rattus norvegicus
NEUR_9741,Hippocampus,71.93,112.24,Macaca mulatta
NEUR_5434,Cerebellum,91.16,90.77,Macaca mulatta
NEUR_9167,Striatum,13.26,71.85,Danio rerio
NEUR_8018,Thalamus,81.51,73.38,Danio rerio
NEUR_2227,Hypothalamus,57.99,13.89,Mus musculus
NEUR_2126,Striatum,99.39,91.7,Danio rerio
NEUR_5103,Hippocampus,87.91,40.42,Macaca mulatta
NEUR_8199,Hypothalamus,125.06,25.57,Rattus norvegicus
NEUR_8958,Hypothalamus,28.76,22.22,Mus musculus
NEUR_6156,Cortex,95.61,22.39,Danio rerio
NEUR_8376,Cortex,105.88,100.64,Rattus norvegicus
NEUR_6699,Thalamus,32.65,34.89,Rattus norvegicus
NEUR_7859,Cortex,48.65,34.2,Mus musculus
NEUR_9170,Amygdala,64.66,86.94,Macaca mulatta
NEUR_1546,Striatum,140.37,50.19,Danio rerio
NEUR_1889,Hippocampus,15.82,98.78,Rattus norvegicus
NEUR_7894,Hypothalamus,59.73,49.01,Macaca mulatta
NEUR_8537,Hippocampus,8.26,36.36,Rattus norvegicus
NEUR_7561,Cortex,30.17,46.27,Macaca mulatta
NEUR_9609,Amygdala,114.42,97.72,Danio rerio
NEUR_3574,Cerebellum,95.03,64.92,Mus musculus
NEUR_6397,Hypothalamus,66.7,47.17,Danio rerio
NEUR_2500,Thalamus,76.22,90.8,Rattus norvegicus
NEUR_1287,Cerebellum,127.75,92.57,Mus musculus
NEUR_6606,Thalamus,59.29,83.69,Rattus norvegicus
NEUR_9443,Amygdala,38.86,15.41,Danio rerio
NEUR_3808,Striatum,43.29,41.74,Macaca mulatta
NEUR_8763,Hippocampus,48.79,41.47,Rattus norvegicus
NEUR_1688,Cerebellum,127.05,116.91,Mus musculus
NEUR_3307,Hippocampus,119.52,92.07,Macaca mulatta
NEUR_9396,Hypothalamus,18.04,73.13,Rattus norvegicus
NEUR_4009,Hypothalamus,75.06,92.17,Macaca mulatta
NEUR_5628,Cerebellum,80.54,30.33,Mus musculus
NEUR_6968,Cortex,99.11,77.69,Danio rerio
NEUR_7168,Cerebellum,39.59,17.8,Mus musculus
NEUR_4923,Thalamus,81.02,21.64,Danio rerio
NEUR_3999,Striatum,92.26,93.3,Danio rerio
NEUR_8208,Amygdala,33.94,115.96,Rattus norvegicus
NEUR_6973,Amygdala,11.87,18.08,Danio rerio
NEUR_5328,Cerebellum,70.37,37.26,Rattus norvegicus
NEUR_1560,Amygdala,47.26,72.59,Rattus norvegicus
NEUR_7678,Hypothalamus,147.36,53.27,Danio rerio
NEUR_6653,Cerebellum,121.51,41.48,Macaca mulatta
NEUR_1229,Striatum,62.93,41.65,Macaca mulatta
NEUR_3140,Hypothalamus,146.79,73.96,Rattus norvegicus
NEUR_5319,Hypothalamus,90.77,10.63,Rattus norvegicus
NEUR_3189,Cortex,120.65,47.81,Rattus norvegicus
NEUR_9436,Hypothalamus,75.96,66.59,Mus musculus
NEUR_4005,Amygdala,95.44,19.81,Mus musculus
NEUR_8774,Cerebellum,20.24,85.77,Danio rerio
NEUR_4347,Hippocampus,149.53,56.17,Rattus norvegicus
NEUR_4048,Thalamus,30.93,72.22,Rattus norvegicus
NEUR_7379,Striatum,119.39,42.05,Macaca mulatta
NEUR_5966,Amygdala,131.48,21.54,Macaca mulatta
NEUR_1760,Thalamus,106.54,32.29,Macaca mulatta
NEUR_1176,Thalamus,18.74,69.45,Macaca mulatta
NEUR_8623,Hippocampus,12.13,59.1,Mus musculus
NEUR_6890,Cortex,129.3,14.52,Danio rerio
NEUR_9406,Amygdala,59.16,67.35,Mus musculus
NEUR_2129,Cerebellum,1.67,37.91,Danio rerio
NEUR_9311,Cerebellum,148.87,73.6,Macaca mulatta
NEUR_7056,Amygdala,110.53,115.09,Mus musculus
NEUR_1143,Thalamus,46.95,41.38,Mus musculus
NEUR_3431,Hippocampus,34.12,51.82,Macaca mulatta
NEUR_1121,Hypothalamus,22.3,90.22,Rattus norvegicus
NEUR_8762,Hippocampus,126.6,99.5,Rattus norvegicus
NEUR_6304,Amygdala,67.74,35.23,Danio rerio
NEUR_9631,Striatum,126.99,102.81,Rattus norvegicus
NEUR_1989,Amygdala,14.28,53.83,Danio rerio
NEUR_5310,Amygdala,82.95,52.9,Danio rerio
NEUR_8005,Thalamus,143.59,13.26,Danio rerio
NEUR_3939,Cortex,123.42,81.55,Rattus norvegicus
NEUR_6138,Cerebellum,71.94,58.03,Mus musculus
NEUR_7189,Hippocampus,87.99,58.85,Mus musculus
NEUR_2507,Hippocampus,39.57,97.8,Rattus norvegicus
NEUR_3784,Cortex,93.28,54.28,Rattus norvegicus
NEUR_2295,Cerebellum,87.8,114.3,Rattus norvegicus
NEUR_8421,Thalamus,115.78,91.47,Rattus norvegicus
NEUR_2458,Hippocampus,105.43,44.07,Rattus norvegicus
NEUR_6330,Hippocampus,13.85,12.54,Mus musculus
NEUR_3174,Thalamus,141.92,98.25,Danio rerio
NEUR_6627,Cortex,118.82,74.77,Mus musculus
NEUR_4218,Hypothalamus,29.33,112.99,Mus musculus
NEUR_2001,Cerebellum,87.88,98.46,Rattus norvegicus
NEUR_5861,Hypothalamus,4.02,90.34,Rattus norvegicus
NEUR_9584,Hypothalamus,99.48,114.63,Mus musculus
NEUR_1571,Thalamus,140.45,58.15,Rattus norvegicus
NEUR_9284,Hypothalamus,106.09,43.5,Rattus norvegicus
NEUR_2600,Cerebellum,79.8,35.02,Mus musculus
NEUR_4190,Amygdala,129.64,105.81,Macaca mulatta
NEUR_5241,Cortex,125.03,80.42,Mus musculus
NEUR_3049,Hypothalamus,143.73,95.17,Rattus norvegicus
NEUR_3625,Cortex,43.52,29.43,Danio rerio
NEUR_4770,Striatum,133.14,76.54,Rattus norvegicus
NEUR_4972,Amygdala,15.94,17.53,Danio rerio
NEUR_7348,Hippocampus,106.0,47.17,Rattus norvegicus
NEUR_8786,Hypothalamus,113.93,54.34,Mus musculus
NEUR_8795,Cortex,83.41,103.93,Macaca mulatta
NEUR_5363,Striatum,136.88,68.93,Rattus norvegicus
NEUR_6117,Cerebellum,19.85,70.77,Mus musculus
NEUR_9986,Thalamus,49.91,91.04,Macaca mulatta
NEUR_4475,Hippocampus,78.44,16.03,Rattus norvegicus
NEUR_2434,Amygdala,56.34,74.11,Mus musculus
NEUR_7220,Hypothalamus,34.44,33.48,Rattus norvegicus
NEUR_2507,Cerebellum,14.11,12.17,Macaca mulatta
NEUR_9414,Hippocampus,107.88,69.15,Mus musculus
NEUR_6590,Hypothalamus,85.45,61.37,Danio rerio
NEUR_8988,Hypothalamus,90.19,16.94,Macaca mulatta
NEUR_7149,Thalamus,125.38,108.49,Rattus norvegicus
NEUR_8162,Hypothalamus,139.17,20.74,Danio rerio
NEUR_3417,Amygdala,142.84,54.89,Danio rerio
NEUR_5840,Hippocampus,1.89,27.84,Macaca mulatta
NEUR_8570,Striatum,38.45,71.79,Rattus norvegicus
NEUR_1949,Thalamus,69.07,91.53,Danio rerio
NEUR_3827,Hypothalamus,35.31,59.17,Macaca mulatta
NEUR_1562,Striatum,47.89,118.44,Macaca mulatta
NEUR_3492,Amygdala,117.16,114.68,Danio rerio
NEUR_3283,Cerebellum,100.16,37.54,Mus musculus
NEUR_5226,Hippocampus,85.73,54.85,Danio rerio
NEUR_2659,Cortex,18.03,28.89,Mus musculus
NEUR_2307,Cortex,54.91,98.64,Mus musculus
NEUR_5778,Cortex,27.01,69.42,Danio rerio
NEUR_2415,Striatum,51.86,80.08,Danio rerio
NEUR_2396,Hypothalamus,67.47,59.61,Rattus norvegicus
NEUR_1054,Hippocampus,10.69,110.54,Mus musculus
NEUR_5225,Thalamus,100.11,109.13,Rattus norvegicus
NEUR_4478,Cortex,52.67,115.99,Rattus norvegicus
NEUR_7114,Thalamus,0.4,89.65,Mus musculus
NEUR_9484,Striatum,74.58,68.74,Rattus norvegicus
NEUR_7726,Thalamus,83.31,15.15,Danio rerio
NEUR_8365,Hypothalamus,139.84,43.71,Mus musculus
NEUR_8233,Hippocampus,65.34,105.67,Danio rerio
NEUR_6959,Hypothalamus,41.06,52.26,Danio rerio
NEUR_8158,Hippocampus,95.02,31.86,Danio rerio
NEUR_3840,Cerebellum,127.88,42.15,Mus musculus
NEUR_3320,Amygdala,146.69,90.23,Danio rerio
NEUR_1971,Hypothalamus,20.25,59.82,Danio rerio
NEUR_6315,Cortex,87.55,112.84,Rattus norvegicus
NEUR_7050,Amygdala,17.96,40.81,Macaca mulatta
NEUR_8642,Hypothalamus,138.92,58.26,Rattus norvegicus
NEUR_1037,Hippocampus,139.39,34.88,Rattus norvegicus
NEUR_6114,Thalamus,9.66,73.52,Macaca mulatta
NEUR_3827,Cerebellum,26.24,52.63,Danio rerio
NEUR_3082,Hippocampus,111.94,29.7,Rattus norvegicus
NEUR_2098,Hippocampus,65.53,61.59,Danio rerio
NEUR_8873,Amygdala,2.05,22.24,Macaca mulatta
NEUR_4019,Amygdala,57.66,67.64,Mus musculus
NEUR_7933,Cortex,61.41,84.52,Macaca mulatta
NEUR_1842,Hippocampus,128.68,37.74,Macaca mulatta
NEUR_6675,Striatum,74.9,13.81,Macaca mulatta
NEUR_5926,Thalamus,67.3,40.39,Mus musculus
NEUR_5090,Striatum,135.68,17.1,Macaca mulatta
NEUR_9848,Hypothalamus,4.79,45.97,Mus musculus
NEUR_6150,Thalamus,98.07,22.0,Mus musculus
NEUR_2124,Striatum,51.9,61.1,Macaca mulatta
NEUR_7718,Striatum,77.5,60.17,Macaca mulatta
NEUR_9997,Cerebellum,95.16,23.22,Danio rerio
NEUR_3345,Amygdala,36.36,14.86,Rattus norvegicus
NEUR_6809,Cerebellum,101.08,40.07,Rattus norvegicus
NEUR_5880,Thalamus,116.22,39.05,Macaca mulatta
NEUR_3375,Cerebellum,5.33,11.76,Rattus norvegicus
NEUR_9420,Thalamus,108.62,50.57,Mus musculus
NEUR_8251,Hippocampus,72.87,81.56,Mus musculus
NEUR_9288,Cerebellum,84.07,86.77,Rattus norvegicus
NEUR_2364,Cortex,132.13,44.77,Macaca mulatta
NEUR_7482,Thalamus,96.61,22.64,Macaca mulatta
NEUR_9685,Hippocampus,127.31,58.35,Danio rerio
NEUR_7126,Cerebellum,76.52,85.95,Mus musculus
NEUR_2267,Cerebellum,83.25,77.57,Macaca mulatta
NEUR_1851,Cortex,118.35,70.55,Mus musculus
NEUR_9953,Cerebellum,141.77,71.12,Danio rerio
NEUR_1195,Hippocampus,29.53,67.43,Mus musculus
NEUR_7176,Cortex,112.33,74.01,Danio rerio
NEUR_7980,Thalamus,24.48,103.09,Rattus norvegicus
NEUR_6316,Cerebellum,136.3,83.09,Danio rerio
NEUR_5329,Hypothalamus,62.85,111.83,Mus musculus
NEUR_3218,Cerebellum,98.84,12.54,Mus musculus
NEUR_1991,Hippocampus,75.51,90.29,Mus musculus
NEUR_1627,Thalamus,5.03,101.85,Mus musculus
NEUR_2995,Hypothalamus,146.99,16.28,Macaca mulatta
NEUR_9888,Hypothalamus,40.07,56.37,Rattus norvegicus
NEUR_8977,Cortex,132.0,31.43,Danio rerio
NEUR_5734,Hypothalamus,100.91,97.32,Danio rerio
NEUR_3424,Hippocampus,66.77,108.55,Danio rerio
NEUR_4785,Hippocampus,11.54,40.38,Macaca mulatta
NEUR_7194,Cerebellum,126.37,46.5,Danio rerio
NEUR_2408,Cerebellum,106.01,33.94,Rattus norvegicus
NEUR_1998,Hippocampus,12.8,27.44,Rattus norvegicus
NEUR_4418,Hypothalamus,43.25,116.67,Danio rerio
NEUR_3118,Striatum,96.26,94.09,Rattus norvegicus
NEUR_2272,Hypothalamus,109.87,75.45,Mus musculus
NEUR_6220,Amygdala,142.5,86.35,Danio rerio
NEUR_4037,Hippocampus,87.1,51.82,Macaca mulatta
NEUR_3056,Cerebellum,43.75,81.03,Mus musculus
NEUR_2647,Striatum,75.08,95.53,Mus musculus
NEUR_5942,Striatum,63.98,93.67,Danio rerio
NEUR_5346,Hypothalamus,46.54,12.51,Mus musculus
NEUR_4655,Cortex,50.68,94.55,Danio rerio
NEUR_4575,Cortex,132.05,105.96,Rattus norvegicus
NEUR_4623,Striatum,90.86,85.5,Macaca mulatta
NEUR_2199,Amygdala,35.17,36.71,Rattus norvegicus
NEUR_4177,Thalamus,21.88,60.03,Rattus norvegicus
NEUR_7162,Hippocampus,105.65,12.99,Rattus norvegicus
NEUR_3931,Cerebellum,113.67,99.72,Mus musculus
NEUR_7149,Thalamus,11.75,95.19,Rattus norvegicus
NEUR_1057,Striatum,92.33,56.01,Mus musculus
NEUR_9554,Amygdala,46.08,68.89,Mus musculus
NEUR_7114,Amygdala,72.49,16.3,Rattus norvegicus
NEUR_8510,Striatum,40.74,119.55,Rattus norvegicus
NEUR_4894,Hypothalamus,56.7,107.21,Mus musculus
NEUR_1775,Cortex,66.35,22.4,Danio rerio
NEUR_3641,Cortex,33.11,38.36,Mus musculus
NEUR_4740,Cortex,137.3,58.23,Macaca mulatta
NEUR_1344,Hippocampus,25.26,115.31,Rattus norvegicus
NEUR_2110,Cerebellum,45.86,35.75,Rattus norvegicus
NEUR_9005,Amygdala,58.95,18.52,Macaca mulatta
NEUR_3827,Amygdala,108.64,18.79,Rattus norvegicus
NEUR_5389,Thalamus,100.67,13.59,Macaca mulatta
NEUR_8317,Cortex,149.27,26.15,Rattus norvegicus
NEUR_5038,Hippocampus,129.64,86.93,Macaca mulatta
NEUR_1372,Cortex,88.3,70.8,Danio rerio
NEUR_8125,Amygdala,85.92,55.48,Mus musculus
NEUR_9670,Cortex,140.85,99.32,Macaca mulatta
NEUR_9171,Thalamus,85.14,14.6,Macaca mulatta
NEUR_2931,Striatum,45.99,10.73,Danio rerio
NEUR_4614,Striatum,147.24,64.22,Mus musculus
NEUR_3806,Hippocampus,93.19,24.22,Mus musculus
NEUR_2707,Striatum,6.78,74.28,Danio rerio
NEUR_2885,Striatum,30.6,53.99,Macaca mulatta
NEUR_5618,Striatum,85.42,90.61,Mus musculus
NEUR_4942,Cortex,130.03,79.41,Macaca mulatta
NEUR_1602,Thalamus,13.09,93.45,Macaca mulatta
NEUR_5337,Striatum,101.26,95.15,Danio rerio
NEUR_6746,Hypothalamus,66.78,57.82,Mus musculus
NEUR_1567,Cortex,58.52,56.94,Rattus norvegicus
NEUR_1174,Hypothalamus,68.68,92.83,Mus musculus
NEUR_4081,Amygdala,107.2,66.02,Danio rerio
NEUR_9309,Hippocampus,109.09,63.08,Mus musculus
NEUR_4006,Cerebellum,99.68,73.02,Macaca mulatta
NEUR_9853,Hypothalamus,69.97,118.25,Rattus norvegicus
NEUR_3858,Striatum,134.0,20.61,Mus musculus
NEUR_4319,Striatum,40.33,69.03,Danio rerio
NEUR_7953,Cerebellum,117.26,111.07,Macaca mulatta
NEUR_5675,Cerebellum,3.99,85.58,Rattus norvegicus
NEUR_4592,Cortex,124.99,86.55,Danio rerio
NEUR_4951,Striatum,56.22,43.4,Danio rerio
NEUR_7718,Hippocampus,29.78,98.1,Rattus norvegicus
NEUR_4154,Cortex,19.55,15.32,Danio rerio
NEUR_1895,Thalamus,33.09,92.43,Mus musculus
NEUR_1954,Hypothalamus,76.67,14.75,Danio rerio
NEUR_2978,Amygdala,63.42,46.82,Mus musculus
NEUR_3830,Striatum,128.66,39.13,Macaca mulatta
NEUR_7528,Striatum,16.01,66.29,Mus musculus
NEUR_8256,Amygdala,54.94,26.74,Rattus norvegicus
NEUR_8505,Thalamus,13.53,30.02,Danio rerio
NEUR_2003,Cortex,141.87,85.51,Danio rerio
NEUR_7831,Hippocampus,59.88,25.21,Macaca mulatta
NEUR_3926,Hippocampus,63.42,10.36,Rattus norvegicus
NEUR_7577,Hippocampus,69.31,24.55,Mus musculus
NEUR_9378,Striatum,144.94,32.9,Mus musculus
NEUR_3873,Hypothalamus,47.66,51.7,Danio rerio
NEUR_2264,Amygdala,109.8,62.39,Macaca mulatta
NEUR_7094,Hippocampus,52.93,52.74,Mus musculus
NEUR_2542,Amygdala,95.82,84.01,Mus musculus
NEUR_3493,Cortex,83.84,116.95,Mus musculus
NEUR_6211,Cortex,0.62,116.52,Macaca mulatta
NEUR_8958,Hypothalamus,88.68,113.74,Mus musculus
NEUR_2693,Amygdala,114.88,47.59,Danio rerio
NEUR_4807,Hypothalamus,114.77,62.78,Macaca mulatta
NEUR_7399,Hypothalamus,42.32,112.55,Mus musculus
NEUR_7627,Hypothalamus,120.87,88.33,Rattus norvegicus
NEUR_1256,Striatum,91.03,24.48,Mus musculus
NEUR_1911,Cortex,50.96,21.37,Mus musculus
NEUR_9432,Amygdala,131.51,94.12,Danio rerio
NEUR_9417,Cerebellum,112.03,28.1,Danio rerio
NEUR_1110,Cerebellum,32.91,110.86,Mus musculus
NEUR_7275,Amygdala,43.66,10.55,Danio rerio
NEUR_7053,Striatum,20.97,114.39,Danio rerio
NEUR_4545,Cortex,15.68,97.12,Mus musculus
NEUR_7350,Cortex,115.03,87.09,Macaca mulatta
NEUR_6627,Hippocampus,148.23,57.95,Rattus norvegicus
NEUR_4073,Amygdala,61.54,25.89,Macaca mulatta
NEUR_6348,Hypothalamus,80.37,99.28,Danio rerio
NEUR_7232,Hippocampus,103.02,101.52,Macaca mulatta
NEUR_9509,Amygdala,48.46,90.8,Macaca mulatta
NEUR_7548,Striatum,148.45,18.55,Danio rerio
NEUR_4685,Hypothalamus,97.45,88.95,Macaca mulatta
NEUR_3400,Cortex,133.89,36.38,Macaca mulatta
NEUR_5849,Cerebellum,2.28,118.11,Mus musculus
NEUR_2638,Striatum,140.78,19.92,Mus musculus
NEUR_8253,Striatum,74.21,31.45,Mus musculus
NEUR_8446,Striatum,32.35,31.9,Mus musculus
NEUR_5484,Cerebellum,2.35,59.31,Macaca mulatta
NEUR_9495,Hypothalamus,57.52,114.72,Danio rerio
NEUR_1940,Amygdala,29.19,20.29,Mus musculus
NEUR_2326,Hippocampus,147.69,114.55,Danio rerio
NEUR_8587,Cerebellum,117.11,110.85,Macaca mulatta
NEUR_1111,Hypothalamus,126.8,27.12,Danio rerio
NEUR_1555,Amygdala,19.11,119.53,Mus musculus
NEUR_7649,Hippocampus,4.67,25.34,Macaca mulatta
NEUR_3356,Amygdala,11.96,69.12,Macaca mulatta
NEUR_8492,Striatum,116.47,65.39,Danio rerio
NEUR_7774,Amygdala,20.84,28.68,Rattus norvegicus
NEUR_5049,Hippocampus,70.39,84.47,Mus musculus
NEUR_3802,Striatum,90.5,59.52,Mus musculus
NEUR_2638,Cortex,133.6,108.05,Rattus norvegicus
NEUR_7601,Cerebellum,148.75,49.46,Macaca mulatta
NEUR_5905,Thalamus,71.79,104.98,Rattus norvegicus
NEUR_3511,Cerebellum,125.61,53.89,Rattus norvegicus
NEUR_7059,Hypothalamus,20.07,33.11,Danio rerio
NEUR_7174,Hippocampus,10.77,41.48,Danio rerio
NEUR_4085,Hypothalamus,6.29,116.92,Rattus norvegicus
NEUR_5186,Cerebellum,87.17,41.73,Danio rerio
NEUR_3055,Cortex,43.72,75.25,Rattus norvegicus
NEUR_3952,Striatum,90.81,57.09,Macaca mulatta
NEUR_3424,Cerebellum,44.31,62.12,Danio rerio
NEUR_2765,Thalamus,67.69,35.07,Mus musculus
NEUR_9030,Hippocampus,10.24,30.25,Macaca mulatta
NEUR_2640,Amygdala,138.03,98.79,Macaca mulatta
NEUR_2852,Cerebellum,44.55,46.12,Mus musculus
NEUR_8600,Hypothalamus,85.97,47.3,Macaca mulatta
NEUR_1922,Cortex,110.64,111.79,Macaca mulatta
NEUR_2671,Hippocampus,34.73,28.1,Rattus norvegicus
NEUR_9998,Hypothalamus,62.79,61.69,Danio rerio
NEUR_1959,Cortex,84.67,31.95,Macaca mulatta
NEUR_2957,Amygdala,52.73,34.1,Mus musculus
NEUR_2894,Amygdala,8.56,57.99,Macaca mulatta
NEUR_6777,Striatum,145.06,56.78,Mus musculus
NEUR_8944,Cortex,113.49,43.53,Macaca mulatta
NEUR_6810,Amygdala,41.77,113.74,Mus musculus
NEUR_2141,Thalamus,35.13,102.91,Macaca mulatta
NEUR_4238,Amygdala,7.71,14.27,Rattus norvegicus
NEUR_7446,Cortex,69.16,47.56,Danio rerio
NEUR_9863,Cortex,24.41,73.21,Rattus norvegicus
NEUR_8232,Hippocampus,148.39,43.43,Rattus norvegicus
NEUR_6540,Cortex,10.76,29.4,Macaca mulatta
NEUR_4053,Cerebellum,97.47,30.66,Mus musculus
NEUR_5074,Striatum,136.18,23.98,Mus musculus
NEUR_8459,Amygdala,111.86,18.92,Macaca mulatta
NEUR_3126,Cerebellum,149.98,87.14,Mus musculus
NEUR_2905,Cortex,105.83,104.11,Macaca mulatta
NEUR_4253,Cerebellum,96.15,44.11,Macaca mulatta
NEUR_2175,Cerebellum,137.45,81.1,Mus musculus
NEUR_6432,Hypothalamus,123.04,75.77,Mus musculus
NEUR_7675,Amygdala,76.94,25.68,Mus musculus
NEUR_2132,Amygdala,84.39,53.07,Danio rerio
NEUR_5518,Thalamus,44.06,34.81,Rattus norvegicus
NEUR_8586,Cerebellum,134.06,52.5,Danio rerio
NEUR_3664,Striatum,8.84,82.99,Danio rerio
NEUR_8887,Hippocampus,31.24,28.33,Mus musculus
NEUR_1006,Striatum,122.39,39.27,Danio rerio
NEUR_5846,Striatum,140.85,45.29,Mus musculus
NEUR_8568,Striatum,26.2,86.23,Danio rerio
NEUR_3869,Thalamus,39.9,37.93,Danio rerio
NEUR_8984,Amygdala,108.91,25.88,Macaca mulatta
NEUR_5272,Hypothalamus,80.83,85.15,Mus musculus
NEUR_7869,Cortex,99.53,64.69,Mus musculus
NEUR_5723,Cerebellum,85.49,91.97,Danio rerio
NEUR_5506,Hippocampus,99.62,55.29,Rattus norvegicus
NEUR_8942,Cortex,11.96,58.09,Danio rerio
NEUR_1272,Thalamus,76.05,89.76,Mus musculus
NEUR_1189,Striatum,138.74,13.71,Rattus norvegicus
NEUR_6182,Cerebellum,125.99,49.68,Rattus norvegicus
NEUR_2208,Thalamus,95.32,20.65,Rattus norvegicus
NEUR_8787,Cerebellum,142.85,61.85,Danio rerio
NEUR_1638,Hypothalamus,30.71,104.03,Danio rerio
NEUR_4917,Hypothalamus,71.27,32.3,Mus musculus
NEUR_8229,Cerebellum,122.36,96.41,Mus musculus
NEUR_5670,Hypothalamus,33.68,36.39,Macaca mulatta
NEUR_4660,Hippocampus,15.6,110.02,Macaca mulatta
NEUR_8862,Hippocampus,118.09,12.56,Danio rerio
NEUR_5622,Hypothalamus,37.02,24.08,Danio rerio
NEUR_2162,Cerebellum,113.9,66.68,Mus musculus
NEUR_9489,Hippocampus,62.54,57.48,Macaca mulatta
NEUR_2749,Thalamus,79.26,84.11,Macaca mulatta
NEUR_2297,Cortex,41.41,115.01,Macaca mulatta
NEUR_7754,Hippocampus,149.93,36.9,Macaca mulatta
NEUR_1238,Hypothalamus,108.41,117.31,Macaca mulatta
NEUR_6107,Striatum,5.14,95.52,Macaca mulatta
NEUR_8653,Amygdala,99.09,50.27,Danio rerio
NEUR_8623,Striatum,56.42,114.44,Mus musculus
NEUR_2325,Hippocampus,35.97,34.24,Rattus norvegicus
NEUR_6343,Thalamus,86.62,100.42,Macaca mulatta
NEUR_9403,Hippocampus,115.32,54.47,Macaca mulatta
NEUR_4935,Striatum,112.87,86.24,Macaca mulatta
NEUR_1693,Hippocampus,102.14,94.46,Macaca mulatta
NEUR_5184,Striatum,60.1,23.73,Rattus norvegicus
NEUR_1146,Hypothalamus,108.02,101.76,Macaca mulatta
NEUR_1006,Cortex,122.08,32.0,Mus musculus
NEUR_9818,Cortex,146.19,81.75,Macaca mulatta
NEUR_7575,Hippocampus,42.44,75.08,Mus musculus
NEUR_1986,Cerebellum,74.17,10.12,Mus musculus
NEUR_3003,Striatum,117.69,94.74,Macaca mulatta
NEUR_4249,Amygdala,138.32,34.24,Macaca mulatta
NEUR_8242,Cortex,49.0,82.41,Mus musculus
NEUR_1161,Cerebellum,90.94,44.48,Rattus norvegicus
NEUR_1078,Hypothalamus,122.36,20.3,Mus musculus
NEUR_1961,Cortex,28.98,15.99,Mus musculus
NEUR_8996,Cortex,103.32,18.5,Rattus norvegicus
NEUR_4095,Thalamus,67.79,103.57,Rattus norvegicus
NEUR_1956,Amygdala,25.84,30.73,Macaca mulatta
NEUR_7449,Cerebellum,35.64,12.4,Macaca mulatta
NEUR_6160,Hippocampus,112.1,98.13,Mus musculus
NEUR_2533,Hypothalamus,66.6,103.99,Macaca mulatta
NEUR_9787,Hippocampus,41.67,66.93,Mus musculus
NEUR_4129,Hippocampus,39.08,64.5,Rattus norvegicus
NEUR_8579,Striatum,48.66,119.29,Mus musculus
NEUR_8097,Cortex,2.18,67.3,Danio rerio
NEUR_2438,Striatum,63.73,85.25,Mus musculus
NEUR_3385,Amygdala,95.12,70.47,Rattus norvegicus
NEUR_1075,Hypothalamus,145.43,95.95,Macaca mulatta
NEUR_4400,Amygdala,126.52,30.51,Mus musculus
NEUR_9326,Striatum,44.75,96.48,Mus musculus
NEUR_5562,Thalamus,58.38,116.25,Macaca mulatta
NEUR_3967,Cerebellum,132.73,40.56,Danio rerio
NEUR_9904,Hypothalamus,76.1,82.03,Macaca mulatta
NEUR_9227,Cortex,148.26,91.56,Mus musculus
NEUR_1666,Cerebellum,125.43,37.4,Macaca mulatta
NEUR_9519,Cortex,51.05,67.9,Danio rerio
NEUR_2006,Hippocampus,118.38,117.63,Rattus norvegicus
NEUR_4389,Hypothalamus,118.79,88.13,Rattus norvegicus
NEUR_2357,Striatum,21.18,96.93,Macaca mulatta
NEUR_4282,Hippocampus,139.18,32.69,Macaca mulatta
NEUR_2428,Cortex,46.59,16.58,Danio rerio
NEUR_4091,Amygdala,2.42,113.39,Macaca mulatta
NEUR_2964,Thalamus,26.4,59.23,Danio rerio
NEUR_1569,Hypothalamus,35.61,14.54,Mus musculus
NEUR_5309,Striatum,14.44,103.76,Mus musculus
NEUR_3809,Hypothalamus,93.76,77.93,Mus musculus
NEUR_8478,Cortex,90.71,31.62,Macaca mulatta
NEUR_5755,Cerebellum,19.17,57.98,Danio rerio
NEUR_4641,Hypothalamus,66.69,62.65,Rattus norvegicus
NEUR_8677,Amygdala,92.99,103.37,Mus musculus
NEUR_3668,Amygdala,28.65,15.51,Mus musculus
NEUR_8345,Striatum,139.51,52.17,Mus musculus
NEUR_1140,Hippocampus,131.48,79.11,Rattus norvegicus
NEUR_5545,Cerebellum,5.77,18.44,Macaca mulatta
NEUR_7945,Cerebellum,18.65,111.03,Mus musculus
NEUR_6275,Cortex,52.41,106.43,Rattus norvegicus
NEUR_5571,Hippocampus,140.26,30.67,Macaca mulatta
NEUR_1979,Hypothalamus,45.48,15.13,Mus musculus
NEUR_1688,Cortex,43.83,91.24,Rattus norvegicus
NEUR_8155,Thalamus,30.49,51.96,Macaca mulatta
NEUR_2052,Amygdala,13.59,109.48,Mus musculus
NEUR_9636,Hippocampus,96.86,83.03,Mus musculus
NEUR_6800,Cortex,98.39,50.96,Rattus norvegicus
NEUR_9358,Cerebellum,67.65,93.36,Mus musculus
NEUR_1808,Cerebellum,135.49,112.25,Rattus norvegicus
NEUR_9718,Thalamus,128.61,24.84,Rattus norvegicus
NEUR_4027,Cortex,39.88,48.11,Macaca mulatta
NEUR_8620,Striatum,78.41,98.44,Macaca mulatta
NEUR_5605,Cortex,45.97,110.39,Rattus norvegicus
NEUR_5919,Cortex,110.57,78.56,Danio rerio
NEUR_5046,Cerebellum,4.03,58.32,Macaca mulatta
NEUR_4489,Thalamus,38.98,15.62,Danio rerio
NEUR_1820,Hypothalamus,104.18,63.11,Rattus norvegicus
NEUR_9066,Cortex,139.46,82.84,Rattus norvegicus
NEUR_4738,Hippocampus,67.35,88.0,Danio rerio
NEUR_6712,Cortex,18.82,109.99,Macaca mulatta
NEUR_7952,Thalamus,3.96,70.76,Danio rerio
