neuron_id,region,firing_rate_hz,spike_amplitude_mv,subject_species
NEUR_1070,Amygdala,42.76,39.53,Macaca mulatta
NEUR_2081,Thalamus,30.46,25.52,Danio rerio
NEUR_4368,Amygdala,114.45,86.69,Danio rerio
NEUR_4603,Amygdala,138.02,70.35,Mus musculus
NEUR_1102,Cortex,134.28,44.48,Danio rerio
NEUR_7318,Amygdala,76.34,16.09,Rattus norvegicus
NEUR_7383,Cerebellum,88.34,76.42,Macaca mulatta
NEUR_7135,Striatum,63.46,76.81,Mus musculus
NEUR_4583,Striatum,74.15,50.35,Rattus norvegicus
NEUR_6853,Hippocampus,98.56,51.48,Danio rerio
NEUR_6395,Hypothalamus,101.94,100.11,Rattus norvegicus
NEUR_7708,Striatum,26.77,62.64,Mus musculus
NEUR_3733,Hypothalamus,60.59,61.29,Danio rerio
NEUR_7115,Cortex,54.21,81.26,Macaca mulatta
NEUR_6767,Cerebellum,26.29,30.86,Danio rerio
NEUR_6832,Hippocampus,78.53,52.75,Mus musculus
NEUR_9648,Amygdala,84.51,47.79,Macaca mulatta
NEUR_1137,Cerebellum,10.18,23.5,Danio rerio
NEUR_6190,Striatum,12.68,46.71,Mus musculus
NEUR_1036,Striatum,62.72,109.35,Danio rerio
NEUR_9193,Thalamus,40.65,20.34,Danio rerio
NEUR_7603,Cortex,76.06,52.88,Macaca mulatta
NEUR_1837,Cortex,8.77,96.6,Rattus norvegicus
NEUR_3777,Cerebellum,2.9,53.19,Danio rerio
NEUR_3085,Amygdala,109.24,29.54,Rattus norvegicus
NEUR_8936,Hypothalamus,46.52,110.81,Rattus norvegicus
NEUR_3637,Thalamus,109.62,22.14,Macaca mulatta
NEUR_7216,Amygdala,12.61,62.04,Rattus norvegicus
NEUR_2320,Hypothalamus,100.46,100.13,Danio rerio
NEUR_2416,Thalamus,129.29,31.36,Rattus norvegicus
NEUR_2872,Thalamus,135.59,115.97,Macaca mulatta
NEUR_6838,Cerebellum,134.67,90.3,Rattus norvegicus
NEUR_1289,Striatum,51.47,96.95,Macaca mulatta
NEUR_3794,Striatum,77.84,92.02,Danio rerio
NEUR_3906,Cerebellum,4.63,91.05,Rattus norvegicus
NEUR_5060,Hippocampus,64.28,93.99,Macaca mulatta
NEUR_4472,Thalamus,101.32,113.39,Danio rerio
NEUR_7471,Thalamus,27.74,101.19,Mus musculus
NEUR_2593,Thalamus,30.12,69.06,Danio rerio
NEUR_1404,Hypothalamus,103.58,49.68,Macaca mulatta
NEUR_1287,Thalamus,68.42,81.81,Mus musculus
NEUR_7613,Cerebellum,13.93,30.49,Danio rerio
NEUR_1551,Cortex,14.09,72.15,Rattus norvegicus
NEUR_9144,Hippocampus,101.42,112.53,Macaca mulatta
NEUR_1481,Striatum,101.64,17.22,Mus musculus
NEUR_2280,Amygdala,124.67,118.17,Rattus norvegicus
NEUR_4672,Cortex,127.79,116.98,Danio rerio
NEUR_1387,Hypothalamus,105.6,43.99,Macaca mulatta
NEUR_1456,Striatum,30.11,92.52,Danio rerio
NEUR_8871,Striatum,13.15,65.12,Mus musculus
NEUR_3906,Amygdala,149.73,88.0,Macaca mulatta
NEUR_4457,Hippocampus,29.59,34.01,Mus musculus
NEUR_5660,Thalamus,135.93,88.74,Mus musculus
NEUR_5792,Hypothalamus,136.52,28.82,Danio rerio
NEUR_3487,Striatum,121.46,68.99,Macaca mulatta
NEUR_6355,Hypothalamus,69.47,58.63,Mus musculus
NEUR_5247,Amygdala,56.15,98.7,Mus musculus
NEUR_5885,Amygdala,1.46,67.79,Rattus norvegicus
NEUR_8064,Amygdala,33.84,107.47,Macaca mulatta
NEUR_1037,Hippocampus,32.02,44.3,Macaca mulatta
NEUR_2290,Cerebellum,105.61,44.98,Mus musculus
NEUR_5079,Amygdala,63.97,95.87,Mus musculus
NEUR_8361,Striatum,107.93,39.44,Macaca mulatta
NEUR_2108,Cerebellum,77.35,73.42,Macaca mulatta
NEUR_7980,Thalamus,51.41,16.56,Macaca mulatta
NEUR_4427,Hypothalamus,107.33,107.62,Rattus norvegicus
NEUR_7823,Amygdala,37.81,75.28,Macaca mulatta
NEUR_4348,Hippocampus,98.05,77.27,Macaca mulatta
NEUR_6263,Thalamus,74.13,12.05,Rattus norvegicus
NEUR_7954,Hippocampus,125.57,15.41,Mus musculus
NEUR_1969,Amygdala,11.27,103.24,Rattus norvegicus
NEUR_5259,Amygdala,40.41,89.97,Macaca mulatta
NEUR_6739,Amygdala,10.11,97.9,Rattus norvegicus
NEUR_7902,Amygdala,53.88,18.72,Rattus norvegicus
NEUR_8548,Hypothalamus,24.93,49.99,Danio rerio
NEUR_6714,Thalamus,132.77,26.02,Rattus norvegicus
NEUR_1545,Hypothalamus,101.08,20.64,Danio rerio
NEUR_7059,Hippocampus,57.02,17.58,Danio rerio
NEUR_9385,Hypothalamus,70.24,116.09,Danio rerio
NEUR_3792,Striatum,26.14,112.85,Macaca mulatta
NEUR_4746,Amygdala,75.23,36.66,Danio rerio
NEUR_3651,Striatum,40.96,71.53,Rattus norvegicus
NEUR_9135,Striatum,146.29,90.11,Rattus norvegicus
NEUR_3429,Amygdala,0.86,23.88,Macaca mulatta
NEUR_6288,Hypothalamus,120.25,16.83,Mus musculus
NEUR_8280,Hypothalamus,136.95,63.06,Macaca mulatta
NEUR_3447,Hypothalamus,46.09,112.64,Rattus norvegicus
NEUR_1618,Cortex,114.82,92.96,Danio rerio
NEUR_8872,Thalamus,89.49,44.0,Macaca mulatta
NEUR_9051,Cortex,149.65,27.85,Macaca mulatta
NEUR_2528,Thalamus,83.13,66.83,Rattus norvegicus
NEUR_7422,Amygdala,14.92,64.69,Macaca mulatta
NEUR_3136,Hippocampus,37.43,99.03,Macaca mulatta
NEUR_2978,Striatum,90.46,15.26,Danio rerio
NEUR_9602,Hippocampus,41.92,79.13,Rattus norvegicus
NEUR_1527,Striatum,135.68,30.4,Danio rerio
NEUR_5409,Striatum,130.27,57.11,Mus musculus
NEUR_4370,Cerebellum,124.79,111.32,Rattus norvegicus
NEUR_2341,Hypothalamus,129.38,97.54,Mus musculus
NEUR_1712,Cerebellum,143.01,36.53,Macaca mulatta
NEUR_9715,Hippocampus,125.46,118.24,Danio rerio
NEUR_2205,Hippocampus,52.73,114.4,Macaca mulatta
NEUR_1943,Amygdala,82.06,108.55,Mus musculus
NEUR_7922,Thalamus,114.28,95.33,Macaca mulatta
NEUR_9207,Hippocampus,149.2,84.52,Macaca mulatta
NEUR_4841,Amygdala,62.17,105.65,Macaca mulatta
NEUR_2133,Hippocampus,63.71,17.29,Mus musculus
NEUR_5721,Cerebellum,42.75,78.52,Mus musculus
NEUR_8335,Hippocampus,86.98,103.89,Mus musculus
NEUR_2458,Cerebellum,50.2,56.69,Danio rerio
NEUR_8042,Cortex,102.58,46.04,Macaca mulatta
NEUR_5674,Striatum,103.73,52.96,Danio rerio
NEUR_9033,Cortex,139.02,29.91,Mus musculus
NEUR_7716,Cortex,129.65,85.28,Danio rerio
NEUR_4374,Cerebellum,88.61,34.68,Danio rerio
NEUR_6905,Amygdala,42.92,88.42,Mus musculus
NEUR_4108,Striatum,106.99,69.88,Danio rerio
NEUR_1598,Striatum,145.42,70.86,Mus musculus
NEUR_1141,Hypothalamus,66.57,44.32,Mus musculus
NEUR_8812,Striatum,149.98,113.41,Macaca mulatta
NEUR_7013,Cortex,130.8,62.41,Rattus norvegicus
NEUR_7493,Hippocampus,72.32,31.89,Mus musculus
NEUR_5790,Cerebellum,105.47,45.67,Danio rerio
NEUR_4360,Cerebellum,87.4,64.28,Danio rerio
NEUR_4060,Cerebellum,136.82,55.58,Danio rerio
NEUR_7886,Hippocampus,37.58,78.04,Rattus norvegicus
NEUR_9296,Cerebellum,138.41,109.08,Danio rerio
NEUR_4141,Cortex,76.76,90.23,Mus musculus
NEUR_9037,Cerebellum,139.53,108.17,Macaca mulatta
NEUR_5744,Hypothalamus,70.96,118.14,Danio rerio
NEUR_7968,Amygdala,101.7,102.72,Rattus norvegicus
NEUR_3357,Striatum,61.52,60.49,Macaca mulatta
NEUR_3306,Hippocampus,23.93,68.03,Danio rerio
NEUR_4266,Hypothalamus,18.38,78.61,Macaca mulatta
NEUR_8761,Cortex,127.62,83.7,Mus musculus
NEUR_4115,Hypothalamus,59.44,23.65,Danio rerio
NEUR_7013,Thalamus,126.73,20.95,Macaca mulatta
NEUR_6915,Hippocampus,131.08,86.47,Macaca mulatta
NEUR_1561,Hippocampus,137.87,20.48,Macaca mulatta
NEUR_7791,Cerebellum,127.37,21.84,Mus musculus
NEUR_3690,Striatum,12.76,11.36,Danio rerio
NEUR_5073,Hypothalamus,82.75,79.01,Mus musculus
NEUR_6454,Amygdala,73.63,36.72,Rattus norvegicus
NEUR_9049,Hypothalamus,7.94,116.82,Mus musculus
NEUR_4991,Amygdala,135.74,89.44,Mus musculus
NEUR_6359,Hypothalamus,24.22,91.42,Mus musculus
NEUR_2871,Cortex,112.72,102.81,Rattus norvegicus
NEUR_9001,Cerebellum,91.76,37.1,Mus musculus
NEUR_1754,Thalamus,37.81,117.33,Macaca mulatta
NEUR_1960,Hippocampus,100.5,37.87,Macaca mulatta
NEUR_8379,Cerebellum,47.0,114.59,Mus musculus
NEUR_1203,Amygdala,75.72,14.18,Macaca mulatta
NEUR_6733,Cortex,111.53,92.88,Mus musculus
NEUR_2393,Hippocampus,17.19,33.65,Rattus norvegicus
NEUR_3155,Cortex,29.3,112.58,Rattus norvegicus
NEUR_9913,Cerebellum,68.65,33.28,Macaca mulatta
NEUR_3562,Cerebellum,70.36,27.94,Danio rerio
NEUR_2795,Hippocampus,124.57,29.17,Rattus norvegicus
NEUR_6168,Cortex,76.25,91.86,Danio rerio
NEUR_1596,Cortex,11.75,90.58,Danio rerio
NEUR_7498,Amygdala,126.22,32.2,Danio rerio
NEUR_6692,Hypothalamus,53.73,94.67,Macaca mulatta
NEUR_9702,Striatum,63.57,116.7,Danio rerio
NEUR_6364,Amygdala,110.43,101.72,Danio rerio
NEUR_8574,Hypothalamus,113.99,67.36,Danio rerio
NEUR_2983,Thalamus,135.97,25.13,Rattus norvegicus
NEUR_5161,Hypothalamus,56.91,62.22,Mus musculus
NEUR_8819,Thalamus,42.17,79.5,Danio rerio
NEUR_5256,Cortex,41.22,106.57,Danio rerio
NEUR_7489,Hypothalamus,102.07,24.87,Danio rerio
NEUR_8175,Amygdala,21.08,84.23,Macaca mulatta
NEUR_4259,Cortex,41.56,52.05,Mus musculus
NEUR_2087,Cortex,73.8,85.03,Mus musculus
NEUR_9574,Cortex,114.57,89.79,Danio rerio
NEUR_8979,Cerebellum,109.39,107.15,Mus musculus
NEUR_6880,Striatum,137.64,62.7,Mus musculus
NEUR_6958,Cerebellum,39.57,36.45,Mus musculus
NEUR_3772,Cortex,40.41,63.99,Mus musculus
NEUR_4562,Cerebellum,31.03,72.37,Mus musculus
NEUR_6890,Thalamus,50.93,15.84,Rattus norvegicus
NEUR_9647,Hippocampus,50.77,70.9,Rattus norvegicus
NEUR_5968,Striatum,72.56,75.67,Rattus norvegicus
NEUR_9000,Hippocampus,40.15,38.54,Danio rerio
NEUR_8132,Striatum,141.59,111.69,Mus musculus
NEUR_6567,Cortex,113.92,18.74,Mus musculus
NEUR_6467,Striatum,26.88,118.28,Rattus norvegicus
NEUR_6854,Hippocampus,71.89,52.93,Rattus norvegicus
NEUR_7592,Cerebellum,74.2,78.46,Rattus norvegicus
NEUR_1750,Cerebellum,19.99,88.41,Rattus norvegicus
NEUR_6654,Hippocampus,80.97,70.11,Rattus norvegicus
NEUR_9515,Amygdala,81.5,33.98,Rattus norvegicus
NEUR_8834,Cerebellum,8.23,116.69,Rattus norvegicus
NEUR_7896,Cerebellum,131.87,21.18,Macaca mulatta
NEUR_6536,Striatum,148.71,73.27,Danio rerio
NEUR_9324,Hypothalamus,147.08,119.11,Rattus norvegicus
NEUR_9224,Thalamus,112.12,118.93,Macaca mulatta
NEUR_4978,Hippocampus,39.23,19.45,Rattus norvegicus
NEUR_6105,Amygdala,133.79,97.16,Mus musculus
NEUR_3891,Amygdala,84.52,113.45,Danio rerio
NEUR_9639,Amygdala,99.61,42.0,Danio rerio
NEUR_8277,Cerebellum,128.13,34.85,Macaca mulatta
NEUR_2996,Thalamus,69.64,45.58,Macaca mulatta
NEUR_5734,Thalamus,65.11,33.02,Macaca mulatta
NEUR_9177,Hypothalamus,54.81,83.74,Rattus norvegicus
NEUR_7192,Hypothalamus,146.84,13.72,Mus musculus
NEUR_9457,Cortex,42.77,49.86,Mus musculus
NEUR_7206,Striatum,106.38,37.7,Macaca mulatta
NEUR_5045,Striatum,44.17,72.46,Mus musculus
NEUR_2365,Cortex,56.41,76.75,Danio rerio
NEUR_4827,Hypothalamus,30.44,20.68,Rattus norvegicus
NEUR_7337,Hypothalamus,55.18,116.25,Danio rerio
NEUR_5955,Cerebellum,38.26,116.34,Mus musculus
NEUR_5814,Amygdala,105.06,117.72,Rattus norvegicus
NEUR_6331,Amygdala,96.13,50.79,Macaca mulatta
NEUR_1420,Hypothalamus,39.8,25.49,Danio rerio
NEUR_1436,Thalamus,15.89,25.47,Macaca mulatta
NEUR_8556,Amygdala,80.21,72.78,Macaca mulatta
NEUR_9156,Hypothalamus,26.85,62.86,Rattus norvegicus
NEUR_2757,Hypothalamus,44.56,63.85,Danio rerio
NEUR_1908,Amygdala,69.57,52.04,Rattus norvegicus
NEUR_9400,Cerebellum,35.29,23.82,Macaca mulatta
NEUR_6083,Hippocampus,44.82,17.06,Danio rerio
NEUR_5187,Hippocampus,89.48,115.39,Mus musculus
NEUR_6389,Hypothalamus,107.05,76.95,Macaca mulatta
NEUR_3352,Hypothalamus,58.79,29.38,Mus musculus
NEUR_7149,Hypothalamus,149.23,81.76,Danio rerio
NEUR_8194,Cortex,88.2,62.47,Mus musculus
NEUR_5222,Hypothalamus,11.39,42.13,Rattus norvegicus
NEUR_7828,Hypothalamus,143.93,85.75,Danio rerio
NEUR_6233,Amygdala,110.9,38.08,Mus musculus
NEUR_2980,Hippocampus,50.26,37.29,Macaca mulatta
NEUR_2549,Striatum,3.18,31.32,Mus musculus
NEUR_2619,Amygdala,26.35,76.97,Danio rerio
NEUR_5750,Hypothalamus,102.94,10.34,Macaca mulatta
NEUR_5877,Striatum,34.06,40.75,Mus musculus
NEUR_5727,Hypothalamus,119.44,107.4,Rattus norvegicus
NEUR_4120,Thalamus,101.39,76.87,Macaca mulatta
NEUR_6113,Striatum,49.4,27.63,Rattus norvegicus
NEUR_6427,Cerebellum,122.27,109.05,Macaca mulatta
NEUR_6750,Cerebellum,28.59,35.58,Macaca mulatta
NEUR_5642,Hypothalamus,15.64,63.09,Rattus norvegicus
NEUR_7630,Thalamus,123.51,103.43,Mus musculus
NEUR_5056,Amygdala,75.27,108.93,Mus musculus
NEUR_9716,Hippocampus,25.06,111.84,Danio rerio
NEUR_8568,Cortex,36.05,119.95,Mus musculus
NEUR_8878,Hippocampus,71.45,59.95,Mus musculus
NEUR_9533,Amygdala,118.23,10.69,Macaca mulatta
NEUR_5656,Hippocampus,118.78,116.19,Rattus norvegicus
NEUR_3931,Hippocampus,74.57,14.39,Rattus norvegicus
NEUR_2972,Hypothalamus,31.56,48.09,Mus musculus
NEUR_2773,Thalamus,91.51,14.35,Rattus norvegicus
NEUR_9868,Cerebellum,77.76,21.19,Macaca mulatta
NEUR_8295,Hippocampus,37.44,73.6,Rattus norvegicus
NEUR_1864,Cortex,25.78,45.24,Macaca mulatta
NEUR_1322,Hippocampus,95.86,31.92,Rattus norvegicus
NEUR_9686,Hippocampus,79.84,15.76,Macaca mulatta
NEUR_8231,Hippocampus,0.44,88.1,Mus musculus
NEUR_2363,Hypothalamus,139.56,67.37,Mus musculus
NEUR_8765,Amygdala,14.07,61.02,Rattus norvegicus
NEUR_7277,Cerebellum,16.49,96.47,Danio rerio
NEUR_9237,Cerebellum,92.18,15.7,Rattus norvegicus
NEUR_7440,Thalamus,50.37,47.29,Danio rerio
NEUR_2613,Thalamus,10.3,56.51,Macaca mulatta
NEUR_7465,Hippocampus,61.36,116.03,Mus musculus
NEUR_3524,Hippocampus,13.8,50.28,Rattus norvegicus
NEUR_7655,Thalamus,53.16,30.88,Rattus norvegicus
NEUR_8205,Amygdala,90.73,51.32,Danio rerio
NEUR_4668,Hypothalamus,9.11,76.9,Danio rerio
NEUR_9204,Hypothalamus,106.68,25.6,Danio rerio
NEUR_9010,Hippocampus,15.0,99.79,Danio rerio
NEUR_6868,Hypothalamus,123.04,46.79,Danio rerio
NEUR_1930,Thalamus,82.42,117.66,Macaca mulatta
NEUR_8368,Hypothalamus,127.16,46.39,Rattus norvegicus
NEUR_7831,Cortex,53.56,11.99,Danio rerio
NEUR_4176,Hypothalamus,17.9,119.53,Rattus norvegicus
NEUR_3873,Striatum,89.54,104.83,Macaca mulatta
NEUR_1566,Hypothalamus,146.58,75.23,Macaca mulatta
NEUR_2459,Amygdala,147.27,47.11,Rattus norvegicus
NEUR_8775,Cortex,19.56,110.69,Mus musculus
NEUR_8328,Thalamus,102.06,20.59,Mus musculus
NEUR_2498,Striatum,20.38,47.16,Mus musculus
NEUR_1691,Hippocampus,72.53,117.12,Rattus norvegicus
NEUR_9976,Cerebellum,51.0,53.21,Macaca mulatta
NEUR_9016,Cerebellum,50.0,102.0,Macaca mulatta
NEUR_2389,Cerebellum,131.36,12.23,Danio rerio
NEUR_2066,Striatum,56.21,107.0,Rattus norvegicus
NEUR_2652,Striatum,85.99,27.05,Danio rerio
NEUR_1258,Hypothalamus,28.82,102.65,Mus musculus
NEUR_7230,Hypothalamus,60.64,14.04,Danio rerio
NEUR_9135,Striatum,54.62,20.6,Danio rerio
NEUR_1724,Thalamus,58.05,106.35,Rattus norvegicus
NEUR_6863,Thalamus,49.7,109.91,Danio rerio
NEUR_3258,Thalamus,17.82,13.19,Danio rerio
NEUR_9039,Cortex,14.27,55.99,Macaca mulatta
NEUR_2855,Cerebellum,24.8,51.74,Rattus norvegicus
NEUR_7671,Amygdala,34.31,13.06,Rattus norvegicus
NEUR_8055,Hypothalamus,140.62,37.45,Danio rerio
NEUR_1129,Cortex,99.31,83.92,Rattus norvegicus
NEUR_4887,Amygdala,75.44,60.57,Mus musculus
NEUR_1034,Hippocampus,122.79,16.73,Macaca mulatta
NEUR_2905,Amygdala,86.5,113.16,Mus musculus
NEUR_4556,Thalamus,124.43,79.24,Danio rerio
NEUR_4115,Hippocampus,58.15,11.75,Macaca mulatta
NEUR_6275,Hypothalamus,56.5,14.74,Mus musculus
NEUR_5322,Thalamus,59.93,35.16,Danio rerio
NEUR_7339,Striatum,44.93,101.57,Mus musculus
NEUR_5659,Cortex,98.34,36.74,Mus musculus
NEUR_3753,Cortex,31.7,49.59,Macaca mulatta
NEUR_3978,Cerebellum,33.46,28.9,Danio rerio
NEUR_3351,Cerebellum,25.26,79.12,Danio rerio
NEUR_5916,Thalamus,22.2,14.12,Mus musculus
NEUR_5575,Cerebellum,149.41,78.74,Rattus norvegicus
NEUR_4735,Cortex,28.5,78.85,Mus musculus
NEUR_2203,Cerebellum,112.49,73.55,Mus musculus
NEUR_4132,Hippocampus,142.36,23.33,Rattus norvegicus
NEUR_6709,Cortex,101.04,26.68,Rattus norvegicus
NEUR_5962,Hypothalamus,15.42,75.1,Macaca mulatta
NEUR_5883,Thalamus,133.54,86.19,Danio rerio
NEUR_9149,Cortex,100.72,90.22,Mus musculus
NEUR_5376,Hypothalamus,111.1,98.23,Macaca mulatta
NEUR_6952,Amygdala,21.67,18.57,Mus musculus
NEUR_3700,Striatum,84.81,115.61,Rattus norvegicus
NEUR_5528,Striatum,138.52,48.64,Mus musculus
NEUR_2198,Cortex,140.8,87.72,Danio rerio
NEUR_6698,Striatum,131.7,77.69,Macaca mulatta
NEUR_9815,Striatum,126.35,108.31,Macaca mulatta
NEUR_3625,Cerebellum,2.71,25.71,Rattus norvegicus
NEUR_8123,Cerebellum,148.26,90.26,Macaca mulatta
NEUR_3399,Striatum,49.6,11.61,Mus musculus
NEUR_6530,Hippocampus,62.43,68.78,Mus musculus
NEUR_8513,Cerebellum,147.61,37.87,Macaca mulatta
NEUR_9296,Cortex,44.5,110.74,Mus musculus
NEUR_7674,Amygdala,32.22,46.21,Rattus norvegicus
NEUR_4379,Cerebellum,95.69,107.44,Danio rerio
NEUR_9438,Cerebellum,143.62,70.56,Danio rerio
NEUR_3757,Cerebellum,135.51,30.16,Macaca mulatta
NEUR_6654,Cortex,3.08,106.14,Mus musculus
NEUR_8709,Striatum,60.49,37.92,Macaca mulatta
NEUR_8359,Striatum,49.6,76.52,Rattus norvegicus
NEUR_8321,Hypothalamus,42.81,83.75,Rattus norvegicus
NEUR_2157,Hippocampus,108.9,73.1,Mus musculus
NEUR_4507,Cortex,62.44,32.96,Rattus norvegicus
NEUR_3538,Hippocampus,104.23,44.14,Rattus norvegicus
NEUR_2801,Striatum,24.06,103.12,Danio rerio
NEUR_9444,Hypothalamus,5.36,68.99,Mus musculus
NEUR_9811,Thalamus,119.29,92.32,Danio rerio
NEUR_1113,Thalamus,11.89,112.48,Danio rerio
NEUR_6861,Hippocampus,74.65,82.83,Mus musculus
NEUR_3640,Amygdala,12.32,26.29,Danio rerio
NEUR_8787,Thalamus,41.76,98.49,Rattus norvegicus
NEUR_4855,Hippocampus,102.42,116.37,Rattus norvegicus
NEUR_6485,Amygdala,11.94,82.78,Danio rerio
NEUR_3849,Thalamus,49.53,34.51,Macaca mulatta
NEUR_3193,Cerebellum,19.11,28.5,Danio rerio
NEUR_7456,Hypothalamus,74.49,116.09,Danio rerio
NEUR_6862,Amygdala,99.07,84.27,Mus musculus
NEUR_7376,Cortex,60.74,34.65,Mus musculus
NEUR_4528,Amygdala,5.86,73.79,Macaca mulatta
NEUR_8946,Amygdala,111.41,33.42,Rattus norvegicus
NEUR_9034,Cortex,53.85,74.99,Rattus norvegicus
NEUR_6361,Thalamus,5.65,37.49,Mus musculus
NEUR_1471,Cortex,95.32,51.57,Macaca mulatta
NEUR_8204,Striatum,119.55,56.45,Mus musculus
NEUR_7681,Cortex,58.76,100.7,Danio rerio
NEUR_6627,Amygdala,102.53,75.13,Mus musculus
NEUR_2655,Thalamus,103.91,96.2,Mus musculus
NEUR_3536,Amygdala,85.44,34.87,Macaca mulatta
NEUR_3662,Hypothalamus,105.82,41.53,Danio rerio
NEUR_6995,Cortex,29.11,100.29,Danio rerio
NEUR_5176,Hypothalamus,148.89,19.2,Rattus norvegicus
NEUR_9800,Amygdala,78.86,79.39,Danio rerio
NEUR_6516,Amygdala,67.66,56.77,Mus musculus
NEUR_6367,Amygdala,45.81,114.86,Macaca mulatta
NEUR_9328,Striatum,24.28,39.5,Danio rerio
NEUR_2433,Thalamus,135.94,89.51,Danio rerio
NEUR_6209,Cortex,4.56,39.33,Mus musculus
NEUR_9883,Hypothalamus,11.17,67.79,Danio rerio
NEUR_7318,Cortex,19.64,84.54,Macaca mulatta
NEUR_2800,Striatum,98.3,85.1,Rattus norvegicus
NEUR_1323,Hippocampus,102.39,102.34,Mus musculus
NEUR_1639,Cerebellum,24.38,116.79,Danio rerio
NEUR_4676,Thalamus,76.96,91.47,Danio rerio
NEUR_2746,Cortex,66.74,41.07,Rattus norvegicus
NEUR_6094,Hypothalamus,114.42,28.93,Danio rerio
NEUR_2552,Hypothalamus,55.94,29.91,Mus musculus
NEUR_9271,Hypothalamus,45.23,118.76,Danio rerio
NEUR_7687,Striatum,53.95,25.72,Rattus norvegicus
NEUR_7369,Cortex,125.95,46.07,Macaca mulatta
NEUR_3252,Cerebellum,32.38,59.72,Mus musculus
NEUR_4911,Thalamus,19.41,103.46,Rattus norvegicus
NEUR_6051,Thalamus,143.11,45.61,Danio rerio
NEUR_5541,Striatum,92.48,27.19,Rattus norvegicus
NEUR_5760,Amygdala,36.79,104.23,Danio rerio
NEUR_4146,Striatum,33.22,95.22,Macaca mulatta
NEUR_7075,Striatum,75.2,109.79,Mus musculus
NEUR_7024,Hypothalamus,102.79,94.08,Danio rerio
NEUR_2407,Thalamus,84.36,39.53,Mus musculus
NEUR_6856,Amygdala,72.28,95.78,Rattus norvegicus
NEUR_2420,Hypothalamus,49.19,51.81,Rattus norvegicus
NEUR_7714,Cortex,10.61,17.03,Macaca mulatta
NEUR_7423,Thalamus,94.07,73.22,Mus musculus
NEUR_6960,Amygdala,75.98,24.07,Mus musculus
NEUR_4064,Hippocampus,51.1,47.08,Macaca mulatta
NEUR_4797,Cerebellum,106.16,63.29,Danio rerio
NEUR_6064,Cortex,137.95,10.94,Danio rerio
NEUR_9854,Cortex,103.92,54.27,Rattus norvegicus
NEUR_6882,Hypothalamus,96.06,38.09,Mus musculus
NEUR_1261,Striatum,126.65,40.4,Rattus norvegicus
NEUR_8087,Amygdala,93.62,42.07,Mus musculus
NEUR_5242,Thalamus,27.45,71.58,Mus musculus
NEUR_7757,Hippocampus,50.09,32.01,Danio rerio
NEUR_7444,Cortex,102.79,73.11,Mus musculus
NEUR_7149,Hypothalamus,104.19,95.33,Rattus norvegicus
NEUR_8224,Hypothalamus,17.42,46.11,Danio rerio
NEUR_1563,Hypothalamus,75.17,104.69,Macaca mulatta
NEUR_7686,Hippocampus,52.41,29.93,Mus musculus
NEUR_8232,Thalamus,104.33,102.35,Macaca mulatta
NEUR_2601,Thalamus,45.94,100.91,Danio rerio
NEUR_5605,Hippocampus,77.66,40.09,Danio rerio
NEUR_8372,Hippocampus,131.14,88.08,Rattus norvegicus
NEUR_4086,Striatum,72.65,97.85,Macaca mulatta
NEUR_8290,Striatum,91.87,43.95,Danio rerio
NEUR_7112,Cortex,14.25,107.86,Rattus norvegicus
NEUR_3689,Cortex,83.93,36.64,Macaca mulatta
NEUR_2092,Hypothalamus,30.79,89.29,Mus musculus
NEUR_8982,Hippocampus,132.39,106.81,Rattus norvegicus
NEUR_4403,Hippocampus,22.59,71.91,Mus musculus
NEUR_3524,Hypothalamus,4.52,30.62,Mus musculus
NEUR_1266,Striatum,72.95,56.84,Danio rerio
NEUR_2501,Hippocampus,64.76,21.73,Danio rerio
NEUR_5278,Cortex,10.41,73.3,Macaca mulatta
NEUR_8806,Hippocampus,69.76,70.89,Mus musculus
NEUR_8837,Hypothalamus,1.2,88.39,Macaca mulatta
NEUR_8280,Hypothalamus,149.29,80.66,Rattus norvegicus
NEUR_4446,Hippocampus,83.66,61.31,Danio rerio
NEUR_9081,Amygdala,109.14,74.31,Rattus norvegicus
NEUR_6939,Hypothalamus,144.1,39.13,Danio rerio
NEUR_9674,Hypothalamus,108.32,91.96,Danio rerio
NEUR_5980,Hippocampus,23.04,76.88,Macaca mulatta
NEUR_7740,Hypothalamus,38.04,101.56,Macaca mulatta
NEUR_7187,Cortex,70.88,97.32,Danio rerio
NEUR_6716,Cerebellum,147.86,110.15,Rattus norvegicus
NEUR_2658,Amygdala,12.06,107.05,Mus musculus
NEUR_5954,Hypothalamus,103.29,41.87,Danio rerio
NEUR_9120,Striatum,149.41,80.37,Mus musculus
NEUR_5245,Cerebellum,75.04,109.18,Macaca mulatta
NEUR_4285,Striatum,149.4,99.4,Mus musculus
NEUR_8927,Hypothalamus,111.39,45.85,Mus musculus
NEUR_8161,Hippocampus,142.09,21.15,Rattus norvegicus
NEUR_7543,Cortex,100.76,20.83,Macaca mulatta
NEUR_9528,Hypothalamus,138.92,28.06,Danio rerio
NEUR_1872,Thalamus,128.99,105.24,Danio rerio
NEUR_4345,Cerebellum,72.21,56.1,Macaca mulatta
NEUR_8850,Striatum,77.27,75.01,Mus musculus
NEUR_7507,Thalamus,20.26,90.28,Macaca mulatta
NEUR_8391,Amygdala,84.49,40.23,Rattus norvegicus
NEUR_2698,Striatum,66.44,73.08,Danio rerio
NEUR_9971,Hippocampus,45.79,11.97,Mus musculus
NEUR_9001,Striatum,29.13,112.56,Macaca mulatta
NEUR_6262,Cortex,36.63,71.63,Mus musculus
NEUR_1491,Cortex,128.04,83.17,Rattus norvegicus
NEUR_8410,Striatum,144.18,100.37,Mus musculus
NEUR_6763,Cerebellum,51.7,99.37,Rattus norvegicus
NEUR_6093,Cortex,145.99,107.9,Mus musculus
NEUR_3605,Cortex,25.37,68.26,Mus musculus
NEUR_9939,Amygdala,121.21,34.43,Mus musculus
NEUR_8769,Cerebellum,8.85,75.35,Mus musculus
NEUR_5038,Cortex,73.29,10.26,Rattus norvegicus
NEUR_2661,Thalamus,111.67,86.22,Macaca mulatta
NEUR_2794,Cortex,55.77,67.56,Macaca mulatta
NEUR_3940,Hypothalamus,68.14,85.26,Danio rerio
NEUR_8172,Cerebellum,126.31,85.64,Mus musculus
NEUR_8253,Thalamus,5.83,15.54,Macaca mulatta
NEUR_1939,Cerebellum,4.95,60.44,Mus musculus
NEUR_4439,Hypothalamus,104.31,102.75,Mus musculus
NEUR_9542,Amygdala,72.1,96.31,Macaca mulatta
NEUR_4681,Thalamus,129.9,20.61,Macaca mulatta
NEUR_9360,Amygdala,90.76,53.46,Danio rerio
NEUR_3128,Thalamus,89.82,76.83,Danio rerio
NEUR_1118,Thalamus,125.28,64.83,Danio rerio
NEUR_3302,Thalamus,74.79,107.47,Rattus norvegicus
NEUR_7613,Thalamus,148.82,13.07,Rattus norvegicus
NEUR_8681,Amygdala,88.85,34.92,Rattus norvegicus
NEUR_2900,Cerebellum,79.74,81.44,Macaca mulatta
NEUR_2705,Thalamus,99.71,12.3,Macaca mulatta
NEUR_2232,Cerebellum,36.71,50.68,Rattus norvegicus
NEUR_8372,Striatum,39.14,87.9,Danio rerio
NEUR_5284,Cerebellum,124.63,86.15,Macaca mulatta
NEUR_5932,Amygdala,123.08,22.09,Mus musculus
NEUR_5424,Striatum,40.7,19.41,Rattus norvegicus
NEUR_7612,Hypothalamus,131.54,104.91,Rattus norvegicus
NEUR_5829,Cortex,111.77,64.95,Mus musculus
NEUR_9344,Hypothalamus,85.09,47.95,Danio rerio
NEUR_1761,Hippocampus,147.15,83.16,Macaca mulatta
NEUR_7568,Amygdala,84.13,95.61,Macaca mulatta
NEUR_4368,Amygdala,13.5,26.97,Macaca mulatta
NEUR_9116,Amygdala,113.61,48.44,Macaca mulatta
NEUR_7702,Cerebellum,0.99,101.51,Mus musculus
NEUR_9504,Thalamus,18.99,51.07,Rattus norvegicus
NEUR_6405,Cortex,104.21,44.65,Danio rerio
NEUR_9769,Hypothalamus,119.34,91.65,Rattus norvegicus
NEUR_3180,Cerebellum,91.12,115.86,Mus musculus
NEUR_9877,Hippocampus,43.53,70.57,Rattus norvegicus
NEUR_3231,Amygdala,147.63,17.92,Macaca mulatta
NEUR_6740,Hypothalamus,70.35,74.89,Macaca mulatta
NEUR_8387,Striatum,4.81,48.39,Danio rerio
NEUR_5579,Hypothalamus,118.22,29.03,Mus musculus
NEUR_3269,Cortex,44.41,92.53,Macaca mulatta
NEUR_3679,Hippocampus,41.7,109.84,Macaca mulatta
NEUR_3987,Hypothalamus,137.03,37.4,Mus musculus
NEUR_4637,Amygdala,18.9,113.7,Mus musculus
NEUR_6686,Cortex,61.27,68.18,Macaca mulatta
NEUR_7120,Thalamus,15.02,31.6,Macaca mulatta
NEUR_6347,Striatum,115.62,12.57,Mus musculus
NEUR_9050,Cerebellum,29.81,14.06,Danio rerio
NEUR_4421,Hippocampus,134.83,79.26,Macaca mulatta
NEUR_7870,Hippocampus,32.53,55.47,Mus musculus
NEUR_3363,Cortex,6.92,106.62,Danio rerio
NEUR_2485,Hypothalamus,148.61,85.44,Rattus norvegicus
NEUR_4654,Amygdala,144.23,48.38,Rattus norvegicus
NEUR_9032,Thalamus,78.25,30.16,Danio rerio
NEUR_2130,Cerebellum,23.92,92.0,Macaca mulatta
NEUR_5841,Hippocampus,30.14,113.54,Rattus norvegicus
NEUR_7091,Cortex,41.17,38.83,Rattus norvegicus
NEUR_9339,Thalamus,27.3,84.3,Macaca mulatta
NEUR_8251,Thalamus,11.91,117.47,Macaca mulatta
NEUR_4129,Cerebellum,80.4,118.92,Mus musculus
NEUR_8872,Striatum,37.39,93.44,Mus musculus
NEUR_9614,Cortex,76.55,29.64,Rattus norvegicus
NEUR_9896,Hippocampus,146.39,31.87,Rattus norvegicus
NEUR_4694,Hippocampus,118.1,83.6,Mus musculus
NEUR_6170,Cerebellum,4.12,61.37,Rattus norvegicus
NEUR_3561,Thalamus,50.6,73.17,Macaca mulatta
NEUR_8862,Thalamus,127.8,92.13,Macaca mulatta
NEUR_9415,Hypothalamus,15.97,111.7,Mus musculus
NEUR_3438,Cortex,73.87,84.57,Rattus norvegicus
NEUR_2388,Amygdala,101.59,76.62,Danio rerio
NEUR_2342,Hypothalamus,31.55,86.61,Rattus norvegicus
NEUR_6814,Striatum,15.93,118.34,Danio rerio
NEUR_6826,Hypothalamus,147.54,44.52,Macaca mulatta
NEUR_9949,Thalamus,140.25,51.49,Macaca mulatta
NEUR_2442,Cortex,95.92,38.49,Mus musculus
NEUR_6853,Cerebellum,120.72,60.52,Rattus norvegicus
NEUR_3999,Thalamus,120.44,117.5,Macaca mulatta
NEUR_8147,Cortex,66.93,31.18,Macaca mulatta
NEUR_5089,Thalamus,28.92,38.42,Danio rerio
NEUR_3040,Thalamus,18.14,109.37,Rattus norvegicus
NEUR_5380,Hippocampus,15.07,109.53,Mus musculus
NEUR_7161,Thalamus,96.89,66.1,Rattus norvegicus
NEUR_8863,Thalamus,58.32,39.49,Rattus norvegicus
NEUR_5233,Cortex,32.63,42.26,Macaca mulatta
NEUR_4708,Hippocampus,137.45,57.73,Rattus norvegicus
NEUR_8310,Hypothalamus,31.79,32.33,Macaca mulatta
NEUR_2040,Striatum,143.28,17.45,Mus musculus
NEUR_1266,Striatum,102.6,22.66,Rattus norvegicus
NEUR_4451,Striatum,117.51,31.29,Danio rerio
NEUR_9815,Amygdala,3.25,70.23,Danio rerio
NEUR_5773,Striatum,63.66,109.63,Mus musculus
NEUR_4555,Hippocampus,50.56,115.55,Mus musculus
NEUR_8431,Thalamus,110.42,22.09,Rattus norvegicus
NEUR_2914,Hypothalamus,14.51,112.47,Mus musculus
NEUR_7112,Hippocampus,88.3,57.15,Macaca mulatta
NEUR_4935,Hypothalamus,131.87,99.34,Macaca mulatta
NEUR_9470,Hippocampus,104.2,16.57,Macaca mulatta
NEUR_9676,Thalamus,97.34,83.19,Mus musculus
NEUR_6487,Cortex,127.99,78.26,Mus musculus
NEUR_8121,Cortex,24.22,98.71,Rattus norvegicus
NEUR_1912,Hippocampus,16.98,104.44,Macaca mulatta
NEUR_3762,Hypothalamus,2.53,100.77,Rattus norvegicus
NEUR_8327,Cerebellum,35.49,102.38,Rattus norvegicus
NEUR_1205,Striatum,12.7,59.34,Mus musculus
NEUR_7677,Amygdala,0.13,83.95,Mus musculus
NEUR_2920,Amygdala,62.27,89.3,Mus musculus
NEUR_8086,Hippocampus,106.37,62.61,Danio rerio
NEUR_7201,Amygdala,109.21,10.43,Danio rerio
NEUR_1513,Amygdala,141.27,39.05,Macaca mulatta
NEUR_2575,Striatum,20.03,44.68,Macaca mulatta
NEUR_8952,Striatum,25.6,66.91,Mus musculus
NEUR_3422,Cortex,37.05,103.03,Danio rerio
NEUR_2768,Cortex,73.9,84.31,Danio rerio
NEUR_1731,Thalamus,34.97,12.59,Rattus norvegicus
NEUR_1739,Thalamus,62.99,91.9,Danio rerio
NEUR_4748,Cortex,60.69,39.21,Mus musculus
NEUR_3101,Cortex,96.04,75.04,Mus musculus
NEUR_1926,Cortex,62.21,74.44,Macaca mulatta
NEUR_7852,Striatum,127.6,94.0,Macaca mulatta
NEUR_4551,Amygdala,130.9,101.92,Danio rerio
NEUR_3887,Cortex,78.58,69.53,Mus musculus
NEUR_8742,Thalamus,84.84,20.31,Macaca mulatta
NEUR_6997,Striatum,44.28,105.3,Macaca mulatta
NEUR_3469,Cortex,72.09,77.93,Danio rerio
NEUR_3650,Cortex,81.36,97.93,Mus musculus
NEUR_9413,Hippocampus,118.02,107.43,Mus musculus
NEUR_3488,Cortex,102.31,60.41,Macaca mulatta
NEUR_3027,Cortex,53.16,31.76,Rattus norvegicus
NEUR_1442,Hippocampus,4.38,69.95,Macaca mulatta
NEUR_4768,Amygdala,86.74,19.04,Danio rerio
NEUR_7487,Cortex,90.35,13.55,Danio rerio
NEUR_1758,Cerebellum,107.97,79.85,Mus musculus
NEUR_1789,Cortex,48.43,111.85,Danio rerio
NEUR_7171,Amygdala,82.33,63.64,Mus musculus
NEUR_9641,Hippocampus,140.06,53.81,Macaca mulatta
NEUR_8747,Hypothalamus,109.58,98.99,Rattus norvegicus
NEUR_7258,Cortex,37.75,31.86,Mus musculus
NEUR_8669,Cortex,66.76,52.33,Danio rerio
NEUR_1363,Amygdala,97.76,34.16,Rattus norvegicus
NEUR_4358,Hypothalamus,138.26,75.82,Macaca mulatta
NEUR_5906,Cortex,30.48,116.34,Macaca mulatta
NEUR_8856,Amygdala,69.53,84.77,Danio rerio
NEUR_3319,Hippocampus,136.44,47.81,Mus musculus
NEUR_4297,Striatum,7.46,117.62,Rattus norvegicus
NEUR_5453,Striatum,94.39,36.69,Rattus norvegicus
NEUR_8835,Hypothalamus,16.89,97.36,Macaca mulatta
NEUR_8918,Amygdala,8.92,57.85,Rattus norvegicus
NEUR_5695,Thalamus,110.56,32.81,Rattus norvegicus
NEUR_9201,Cortex,54.37,103.15,Rattus norvegicus
NEUR_2904,Hippocampus,32.86,23.93,Danio rerio
NEUR_5771,Hippocampus,44.9,72.37,Rattus norvegicus
NEUR_1185,Amygdala,135.21,41.94,Macaca mulatta
NEUR_3391,Hippocampus,98.4,101.29,Macaca mulatta
NEUR_5132,Hypothalamus,5.9,64.87,Danio rerio
NEUR_2362,Cerebellum,14.32,72.33,Mus musculus
NEUR_3453,Striatum,78.86,26.51,Macaca mulatta
NEUR_7367,Striatum,135.69,45.42,Mus musculus
NEUR_5379,Thalamus,96.85,99.25,Mus musculus
NEUR_9213,Hippocampus,86.58,109.82,Macaca mulatta
NEUR_2306,Hypothalamus,6.8,31.62,Rattus norvegicus
NEUR_4019,Amygdala,95.08,52.29,Macaca mulatta
NEUR_4585,Striatum,124.41,115.94,Danio rerio
NEUR_8605,Hypothalamus,113.0,94.03,Rattus norvegicus
NEUR_6487,Striatum,52.89,79.53,Danio rerio
NEUR_7538,Amygdala,48.08,72.62,Rattus norvegicus
NEUR_6492,Amygdala,94.19,86.94,Mus musculus
NEUR_1335,Hypothalamus,113.41,78.24,Mus musculus
NEUR_9117,Hippocampus,65.38,68.49,Danio rerio
NEUR_2825,Striatum,114.56,13.46,Danio rerio
NEUR_2259,Striatum,36.38,112.23,Mus musculus
NEUR_2049,Striatum,136.98,61.47,Mus musculus
NEUR_9783,Hippocampus,30.99,23.98,Rattus norvegicus
NEUR_2434,Striatum,22.14,32.59,Danio rerio
NEUR_5903,Hypothalamus,86.12,102.91,Rattus norvegicus
NEUR_7985,Amygdala,88.97,82.82,Mus musculus
NEUR_3019,Striatum,53.19,54.62,Mus musculus
NEUR_2690,Hippocampus,75.94,82.35,Macaca mulatta
NEUR_5372,Hippocampus,52.18,40.93,Mus musculus
NEUR_9276,Cortex,13.97,61.56,Danio rerio
NEUR_1696,Cortex,109.88,93.69,Mus musculus
NEUR_9627,Cerebellum,44.87,75.88,Macaca mulatta
NEUR_3014,Cortex,8.39,98.01,Danio rerio
NEUR_7400,Thalamus,3.45,44.38,Mus musculus
NEUR_2020,Hippocampus,149.48,105.29,Macaca mulatta
NEUR_2637,Amygdala,112.2,67.38,Danio rerio
NEUR_6409,Cortex,2.59,41.02,Danio rerio
NEUR_8527,Hypothalamus,80.01,83.72,Danio rerio
NEUR_5303,Cerebellum,63.91,107.23,Macaca mulatta
NEUR_8246,Thalamus,60.59,119.77,Macaca mulatta
NEUR_1401,Hippocampus,79.01,68.52,Mus musculus
NEUR_6286,Thalamus,11.11,75.76,Macaca mulatta
NEUR_2612,Cortex,4.93,51.57,Danio rerio
NEUR_1498,Hippocampus,81.37,42.64,Danio rerio
NEUR_5558,Cortex,88.69,62.05,Rattus norvegicus
NEUR_5331,Hypothalamus,43.44,60.51,Macaca mulatta
NEUR_4007,Hippocampus,109.66,99.37,Danio rerio
NEUR_6483,Striatum,111.68,47.3,Danio rerio
NEUR_5254,Cortex,21.67,103.44,Mus musculus
NEUR_9920,Hippocampus,134.99,58.51,Macaca mulatta
NEUR_9253,Amygdala,35.38,23.17,Mus musculus
NEUR_3953,Cortex,129.31,104.6,Danio rerio
NEUR_2870,Amygdala,39.55,22.94,Macaca mulatta
NEUR_6792,Amygdala,81.22,92.35,Danio rerio
NEUR_3016,Amygdala,21.51,66.28,Macaca mulatta
NEUR_1804,Amygdala,75.59,57.4,Mus musculus
NEUR_1700,Amygdala,52.25,32.14,Mus musculus
NEUR_8224,Cerebellum,64.5,12.03,Danio rerio
NEUR_2329,Cerebellum,85.78,29.9,Mus musculus
NEUR_8951,Cortex,70.49,111.87,Mus musculus
NEUR_7345,Hypothalamus,47.53,26.92,Macaca mulatta
NEUR_3006,Cerebellum,89.06,106.56,Macaca mulatta
NEUR_4116,Cortex,55.08,71.78,Rattus norvegicus
NEUR_9170,Cerebellum,64.15,40.56,Danio rerio
NEUR_2887,Striatum,62.9,49.33,Rattus norvegicus
NEUR_7836,Amygdala,93.78,98.83,Danio rerio
NEUR_2883,Amygdala,7.31,40.33,Macaca mulatta
NEUR_6373,Striatum,61.99,72.09,Danio rerio
NEUR_3876,Hippocampus,123.03,14.22,Macaca mulatta
NEUR_6301,Cortex,103.75,65.62,Danio rerio
NEUR_5373,Hippocampus,51.47,28.72,Danio rerio
NEUR_4229,Hippocampus,62.51,88.22,Mus musculus
NEUR_9689,Amygdala,137.23,105.57,Danio rerio
NEUR_4581,Cerebellum,130.12,33.48,Danio rerio
NEUR_7658,Thalamus,115.63,59.02,Danio rerio
NEUR_4588,Cortex,37.01,85.23,Rattus norvegicus
NEUR_6464,Cerebellum,144.84,66.13,Macaca mulatta
NEUR_2700,Hypothalamus,101.51,12.77,Danio rerio
NEUR_2872,Cerebellum,64.05,94.01,Mus musculus
NEUR_9274,Striatum,82.02,18.74,Macaca mulatta
NEUR_2571,Cortex,75.52,41.49,Mus musculus
NEUR_8880,Cerebellum,144.78,68.7,Macaca mulatta
NEUR_9574,Hippocampus,71.71,82.46,Macaca mulatta
NEUR_9358,Amygdala,20.99,77.43,Rattus norvegicus
NEUR_8406,Hippocampus,35.53,99.95,Rattus norvegicus
NEUR_8313,Striatum,5.1,103.96,Macaca mulatta
NEUR_7810,Hippocampus,17.36,69.49,Mus musculus
NEUR_4984,Thalamus,118.35,20.68,Rattus norvegicus
NEUR_2212,Amygdala,51.8,92.94,Rattus norvegicus
NEUR_8166,Amygdala,67.69,62.03,Danio rerio
NEUR_4412,Cortex,115.18,35.11,Mus musculus
NEUR_1171,Hypothalamus,36.26,11.93,Mus musculus
NEUR_9513,Striatum,22.44,104.71,Macaca mulatta
NEUR_4862,Cortex,49.15,63.31,Rattus norvegicus
NEUR_9300,Cortex,85.47,17.02,Danio rerio
NEUR_3386,Hypothalamus,94.9,98.13,Danio rerio
NEUR_5169,Hippocampus,76.21,104.06,Mus musculus
NEUR_9981,Striatum,147.81,22.88,Rattus norvegicus
NEUR_7502,Hippocampus,75.74,100.71,Rattus norvegicus
NEUR_8461,Cerebellum,148.64,93.69,Rattus norvegicus
NEUR_1557,Striatum,70.88,91.19,Macaca mulatta
NEUR_8034,Thalamus,117.52,52.15,Danio rerio
NEUR_5220,Amygdala,42.79,19.45,Mus musculus
NEUR_7142,Striatum,98.84,57.16,Mus musculus
NEUR_8054,Striatum,62.67,15.38,Macaca mulatta
NEUR_7590,Cortex,26.49,115.64,Rattus norvegicus
NEUR_9764,Cortex,37.52,87.33,Macaca mulatta
NEUR_8777,Hypothalamus,97.03,40.96,Mus musculus
NEUR_2364,Hypothalamus,0.75,81.26,Rattus norvegicus
NEUR_8917,Thalamus,23.68,71.54,Mus musculus
NEUR_6233,Hypothalamus,36.46,33.34,Mus musculus
NEUR_2757,Amygdala,86.74,58.81,Danio rerio
NEUR_4107,Cortex,9.55,52.81,Macaca mulatta
NEUR_6542,Thalamus,93.7,34.32,Mus musculus
NEUR_7399,Hypothalamus,64.81,42.59,Danio rerio
NEUR_5545,Hypothalamus,73.19,85.6,Macaca mulatta
NEUR_7787,Cortex,124.95,41.86,Mus musculus
NEUR_3045,Hippocampus,77.97,43.21,Danio rerio
NEUR_7657,Hippocampus,33.72,17.36,Mus musculus
NEUR_5980,Striatum,106.84,108.93,Danio rerio
NEUR_2058,Hypothalamus,55.88,79.81,Danio rerio
NEUR_9588,Hypothalamus,136.74,80.86,Danio rerio
NEUR_9428,Cortex,57.58,50.2,Mus musculus
NEUR_3041,Hippocampus,22.65,17.02,Rattus norvegicus
NEUR_8036,Amygdala,126.85,52.14,Macaca mulatta
NEUR_7436,Cerebellum,73.8,19.86,Rattus norvegicus
NEUR_8762,Amygdala,82.92,102.83,Rattus norvegicus
NEUR_1888,Thalamus,83.16,80.4,Macaca mulatta
NEUR_3625,Cortex,137.4,106.41,Mus musculus
NEUR_1182,Thalamus,24.98,83.81,Danio rerio
NEUR_4575,Striatum,52.51,89.44,Rattus norvegicus
NEUR_4903,Striatum,119.71,39.51,Macaca mulatta
NEUR_7058,Cerebellum,114.37,11.99,Mus musculus
NEUR_8091,Thalamus,148.32,105.02,Danio rerio
NEUR_1801,Amygdala,23.05,58.44,Danio rerio
NEUR_9129,Amygdala,48.51,114.58,Mus musculus
NEUR_3416,Hypothalamus,113.74,82.23,Rattus norvegicus
NEUR_6507,Amygdala,136.68,86.26,Macaca mulatta
NEUR_7782,Striatum,61.49,102.22,Rattus norvegicus
NEUR_8160,Hypothalamus,149.54,84.35,Mus musculus
NEUR_5099,Cortex,102.23,54.31,Danio rerio
NEUR_6796,Hypothalamus,108.2,91.15,Danio rerio
NEUR_8709,Cerebellum,34.03,35.6,Mus musculus
NEUR_8910,Amygdala,135.3,81.34,Macaca mulatta
NEUR_6020,Hypothalamus,143.72,54.23,Macaca mulatta
NEUR_8867,Hippocampus,27.81,102.51,Macaca mulatta
NEUR_5106,Cerebellum,84.13,64.94,Danio rerio
NEUR_6222,Amygdala,148.34,107.57,Rattus norvegicus
NEUR_4696,Hypothalamus,28.74,17.73,Macaca mulatta
NEUR_4769,Striatum,103.68,109.5,Macaca mulatta
NEUR_8921,Thalamus,72.49,50.89,Rattus norvegicus
NEUR_5734,Hippocampus,109.32,18.64,Macaca mulatta
NEUR_8664,Hippocampus,140.18,70.17,Macaca mulatta
NEUR_6104,Thalamus,24.32,72.5,Danio rerio
NEUR_1418,Thalamus,60.26,40.33,Mus musculus
NEUR_5638,Thalamus,44.33,106.1,Macaca mulatta
NEUR_5528,Amygdala,15.18,60.99,Macaca mulatta
NEUR_3155,Cortex,141.68,55.97,Macaca mulatta
NEUR_2171,Cerebellum,96.67,69.61,Mus musculus
NEUR_2370,Thalamus,111.42,108.37,Rattus norvegicus
NEUR_5037,Thalamus,88.25,99.86,Rattus norvegicus
NEUR_1463,Thalamus,48.06,69.21,Rattus norvegicus
NEUR_5851,Amygdala,2.46,76.22,Rattus norvegicus
NEUR_4512,Hypothalamus,124.7,51.46,Rattus norvegicus
NEUR_1529,Thalamus,117.0,90.42,Macaca mulatta
NEUR_8553,Hypothalamus,6.27,58.66,Danio rerio
NEUR_8966,Hippocampus,62.82,70.97,Danio rerio
NEUR_6541,Hippocampus,14.83,116.62,Mus musculus
NEUR_2640,Hippocampus,148.58,79.92,Mus musculus
NEUR_3930,Hippocampus,74.49,71.17,Danio rerio
NEUR_3475,Hypothalamus,144.14,117.23,Macaca mulatta
NEUR_5626,Hippocampus,50.91,67.49,Danio rerio
NEUR_2511,Cortex,6.37,114.46,Rattus norvegicus
NEUR_1609,Thalamus,108.51,20.06,Danio rerio
NEUR_7717,Hippocampus,10.3,63.39,Rattus norvegicus
NEUR_8073,Hippocampus,99.22,91.95,Macaca mulatta
NEUR_1999,Amygdala,106.91,34.46,Mus musculus
NEUR_8979,Cortex,2.63,108.04,Macaca mulatta
NEUR_2310,Thalamus,101.21,104.07,Macaca mulatta
NEUR_3985,Hypothalamus,32.47,70.07,Mus musculus
NEUR_2523,Striatum,115.96,28.25,Mus musculus
NEUR_1277,Amygdala,95.37,76.11,Macaca mulatta
NEUR_8284,Thalamus,65.51,63.5,Danio rerio
NEUR_9838,Cortex,32.55,55.18,Danio rerio
NEUR_6949,Cerebellum,102.5,80.29,Mus musculus
NEUR_3079,Amygdala,42.68,102.44,Mus musculus
NEUR_6581,Amygdala,60.0,104.42,Mus musculus
NEUR_6021,Hippocampus,62.4,119.65,Mus musculus
NEUR_2289,Cortex,27.81,46.02,Macaca mulatta
NEUR_1231,Thalamus,80.44,38.99,Rattus norvegicus
NEUR_8863,Striatum,141.98,68.71,Rattus norvegicus
NEUR_8458,Amygdala,143.63,96.16,Danio rerio
NEUR_3431,Cerebellum,22.26,31.53,Macaca mulatta
NEUR_8483,Cortex,130.04,85.35,Danio rerio
NEUR_1518,Hippocampus,71.28,49.47,Macaca mulatta
NEUR_6350,Cortex,132.2,43.27,Rattus norvegicus
NEUR_4815,Striatum,51.65,60.33,Macaca mulatta
NEUR_7165,Hypothalamus,137.48,55.12,Danio rerio
NEUR_4327,Cortex,12.18,97.39,Danio rerio
NEUR_4104,Amygdala,142.89,30.76,Macaca mulatta
NEUR_3737,Cortex,91.49,16.93,Rattus norvegicus
NEUR_4851,Hippocampus,9.44,88.87,Rattus norvegicus
NEUR_2820,Amygdala,84.56,80.97,Rattus norvegicus
NEUR_1693,Thalamus,63.74,91.74,Macaca mulatta
NEUR_2512,Hippocampus,53.37,27.16,Macaca mulatta
NEUR_5447,Hippocampus,66.95,16.59,Macaca mulatta
NEUR_7291,Thalamus,122.74,23.61,Mus musculus
NEUR_6546,Cerebellum,100.65,100.81,Mus musculus
NEUR_8094,Cortex,110.14,54.31,Rattus norvegicus
NEUR_4278,Amygdala,18.43,100.46,Macaca mulatta
NEUR_7148,Cortex,15.22,56.16,Rattus norvegicus
NEUR_6417,Hypothalamus,27.61,43.45,Rattus norvegicus
NEUR_3949,Cerebellum,32.29,62.69,Macaca mulatta
NEUR_6404,Cortex,104.41,53.11,Danio rerio
NEUR_3059,Thalamus,24.08,14.84,Macaca mulatta
NEUR_2029,Cerebellum,16.9,112.33,Mus musculus
NEUR_3598,Hypothalamus,52.97,15.95,Rattus norvegicus
NEUR_4079,Hippocampus,87.68,59.58,Rattus norvegicus
NEUR_5947,Amygdala,19.31,39.52,Danio rerio
NEUR_9780,Hippocampus,67.87,65.84,Mus musculus
NEUR_1859,Hippocampus,26.06,13.07,Danio rerio
NEUR_6417,Hypothalamus,143.29,115.74,Danio rerio
NEUR_3104,Thalamus,78.33,85.7,Danio rerio
NEUR_8138,Hippocampus,98.48,107.94,Mus musculus
NEUR_8861,Striatum,77.26,43.72,Mus musculus
NEUR_4986,Amygdala,125.17,48.03,Rattus norvegicus
NEUR_2750,Thalamus,58.92,114.88,Danio rerio
NEUR_1090,Cerebellum,49.8,55.01,Mus musculus
NEUR_1005,Hippocampus,104.79,49.27,Mus musculus
NEUR_2119,Striatum,79.9,90.55,Mus musculus
NEUR_4859,Striatum,0.43,65.72,Rattus norvegicus
NEUR_5207,Striatum,76.22,12.29,Macaca mulatta
NEUR_1271,Cerebellum,147.51,100.63,Danio rerio
NEUR_4250,Striatum,94.06,39.76,Rattus norvegicus
NEUR_8857,Striatum,121.91,25.45,Macaca mulatta
NEUR_7544,Hypothalamus,64.17,53.61,Danio rerio
NEUR_5141,Cortex,107.05,43.69,Macaca mulatta
NEUR_5665,Striatum,91.19,27.74,Mus musculus
NEUR_1478,Hippocampus,2.4,25.95,Macaca mulatta
NEUR_6096,Hypothalamus,89.51,61.43,Danio rerio
NEUR_4833,Thalamus,43.4,29.68,Rattus norvegicus
NEUR_7192,Hypothalamus,135.92,26.97,Macaca mulatta
NEUR_4993,Hypothalamus,148.79,114.72,Macaca mulatta
NEUR_9337,Thalamus,68.2,82.11,Mus musculus
NEUR_3654,Cerebellum,129.71,59.58,Rattus norvegicus
NEUR_6086,Hypothalamus,8.63,100.85,Rattus norvegicus
NEUR_7443,Cortex,53.13,76.82,Rattus norvegicus
NEUR_7280,Hippocampus,128.39,77.86,Mus musculus
NEUR_8361,Cerebellum,94.94,52.25,Danio rerio
NEUR_7792,Cortex,133.94,37.47,Rattus norvegicus
NEUR_6201,Hypothalamus,8.27,96.89,Danio rerio
NEUR_9123,Thalamus,43.49,18.17,Mus musculus
NEUR_7639,Cerebellum,60.98,14.52,Mus musculus
NEUR_7156,Striatum,112.34,105.84,Mus musculus
NEUR_5668,Thalamus,132.58,87.82,Macaca mulatta
NEUR_5854,Thalamus,56.83,98.97,Rattus norvegicus
NEUR_8896,Hypothalamus,21.18,41.55,Rattus norvegicus
NEUR_5992,Hippocampus,88.67,41.21,Rattus norvegicus
NEUR_5297,Cortex,43.18,93.79,Mus musculus
NEUR_8455,Striatum,55.61,34.94,Danio rerio
NEUR_7164,Cerebellum,109.23,114.18,Rattus norvegicus
NEUR_2939,Thalamus,36.73,98.77,Danio rerio
NEUR_2172,Hippocampus,121.63,18.02,Mus musculus
NEUR_4854,Hypothalamus,120.0,76.2,Rattus norvegicus
NEUR_4499,Cerebellum,148.73,106.57,Macaca mulatta
NEUR_3458,Thalamus,55.45,74.37,Rattus norvegicus
NEUR_7805,Cerebellum,133.37,108.37,Danio rerio
NEUR_4353,Cerebellum,52.66,94.05,Mus musculus
NEUR_2671,Hippocampus,1.56,83.98,Rattus norvegicus
NEUR_2844,Amygdala,26.71,115.32,Danio rerio
NEUR_4083,Amygdala,148.21,51.49,Macaca mulatta
NEUR_4024,Cortex,118.71,35.24,Mus musculus
NEUR_9485,Striatum,125.99,14.86,Macaca mulatta
NEUR_3358,Cerebellum,37.08,75.67,Danio rerio
NEUR_3365,Cerebellum,122.02,117.73,Macaca mulatta
NEUR_5561,Amygdala,28.33,109.07,Macaca mulatta
NEUR_2617,Cerebellum,26.87,88.9,Mus musculus
NEUR_1458,Cerebellum,115.88,72.01,Mus musculus
NEUR_1420,Thalamus,64.97,48.81,Danio rerio
NEUR_2492,Hippocampus,145.83,27.81,Danio rerio
NEUR_7254,Striatum,7.14,18.6,Danio rerio
NEUR_2031,Thalamus,27.28,79.8,Danio rerio
NEUR_5993,Thalamus,99.32,72.04,Rattus norvegicus
NEUR_4527,Cortex,133.92,79.1,Rattus norvegicus
NEUR_9774,Hypothalamus,4.23,18.24,Macaca mulatta
NEUR_6298,Striatum,4.11,99.32,Danio rerio
NEUR_3778,Hippocampus,135.75,83.62,Rattus norvegicus
NEUR_2706,Cortex,13.03,111.74,Mus musculus
NEUR_4387,Hippocampus,30.75,29.86,Danio rerio
NEUR_7572,Cortex,20.88,64.43,Macaca mulatta
NEUR_1116,Striatum,133.04,52.83,Danio rerio
NEUR_2152,Cerebellum,138.79,68.42,Danio rerio
NEUR_5159,Cortex,113.78,111.74,Macaca mulatta
NEUR_2086,Striatum,145.51,20.78,Rattus norvegicus
NEUR_5473,Cortex,119.93,34.29,Mus musculus
NEUR_7069,Cortex,37.73,24.62,Mus musculus
NEUR_5820,Hypothalamus,40.83,27.11,Macaca mulatta
NEUR_7636,Hypothalamus,66.74,104.3,Danio rerio
NEUR_8527,Cortex,21.43,62.08,Danio rerio
NEUR_3747,Amygdala,82.06,40.65,Rattus norvegicus
NEUR_2020,Striatum,70.87,36.47,Danio rerio
NEUR_5174,Striatum,11.39,38.03,Danio rerio
NEUR_1180,Cortex,66.04,33.71,Danio rerio
NEUR_9579,Hippocampus,53.51,102.19,Mus musculus
NEUR_3384,Hippocampus,41.35,63.61,Mus musculus
NEUR_6947,Striatum,51.1,61.83,Macaca mulatta
NEUR_7756,Cerebellum,54.04,72.0,Danio rerio
NEUR_1921,Thalamus,3.08,67.51,Mus musculus
NEUR_2616,Amygdala,114.58,43.56,Mus musculus
NEUR_6659,Cerebellum,40.01,12.71,Danio rerio
NEUR_6528,Hippocampus,103.13,47.03,Rattus norvegicus
NEUR_1362,Cerebellum,120.2,91.99,Danio rerio
NEUR_4394,Striatum,76.13,80.29,Danio rerio
NEUR_8739,Thalamus,135.83,41.63,Danio rerio
NEUR_3389,Striatum,49.65,50.08,Macaca mulatta
NEUR_1928,Striatum,87.95,81.42,Macaca mulatta
NEUR_7413,Hypothalamus,23.05,92.62,Macaca mulatta
NEUR_4381,Thalamus,73.95,67.39,Mus musculus
NEUR_8511,Hypothalamus,88.28,80.61,Macaca mulatta
NEUR_7419,Cortex,9.34,43.33,Macaca mulatta
NEUR_4292,Cortex,42.62,111.71,Danio rerio
NEUR_6335,Cerebellum,104.93,94.97,Mus musculus
NEUR_8215,Striatum,125.35,78.4,Danio rerio
NEUR_6916,Cortex,116.66,47.88,Macaca mulatta
NEUR_2951,Thalamus,139.24,27.27,Macaca mulatta
NEUR_5979,Striatum,139.9,47.23,Danio rerio
NEUR_4497,Cerebellum,1.75,38.09,Danio rerio
NEUR_2111,Cortex,104.17,83.13,Mus musculus
NEUR_7624,Hypothalamus,14.71,89.28,Rattus norvegicus
NEUR_4601,Hypothalamus,101.27,23.76,Danio rerio
NEUR_7608,Striatum,80.58,106.31,Danio rerio
NEUR_6504,Striatum,89.26,25.76,Danio rerio
NEUR_9742,Cortex,50.11,91.53,Rattus norvegicus
NEUR_7360,Hypothalamus,8.62,49.23,Rattus norvegicus
NEUR_9722,Thalamus,84.6,82.32,Mus musculus
NEUR_4993,Hypothalamus,27.57,33.39,Macaca mulatta
NEUR_3265,Thalamus,43.86,57.83,Danio rerio
NEUR_2907,Cortex,119.26,65.38,Macaca mulatta
NEUR_8836,Thalamus,1.51,60.49,Rattus norvegicus
NEUR_7733,Hippocampus,60.07,42.73,Macaca mulatta
NEUR_2029,Hippocampus,115.82,67.3,Mus musculus
NEUR_8422,Thalamus,38.06,92.66,Danio rerio
NEUR_8331,Cortex,47.48,79.64,Danio rerio
NEUR_6472,Thalamus,99.41,118.68,Rattus norvegicus
NEUR_6115,Amygdala,127.6,55.0,Macaca mulatta
NEUR_8484,Thalamus,89.24,76.93,Rattus norvegicus
NEUR_3629,Hippocampus,65.89,34.31,Danio rerio
NEUR_4865,Hippocampus,128.09,77.72,Rattus norvegicus
NEUR_6787,Hippocampus,66.38,66.79,Macaca mulatta
NEUR_1241,Cerebellum,45.71,116.86,Mus musculus
NEUR_5012,Striatum,133.18,86.06,Macaca mulatta
NEUR_4628,Amygdala,149.75,69.12,Rattus norvegicus
NEUR_2684,Amygdala,117.69,108.79,Danio rerio
NEUR_1508,Cortex,148.34,109.44,Danio rerio
NEUR_4153,Hypothalamus,92.59,108.72,Macaca mulatta
NEUR_8999,Cortex,27.46,35.32,Mus musculus
NEUR_4994,Cortex,86.17,56.67,Mus musculus
NEUR_2310,Amygdala,94.04,88.64,Mus musculus
NEUR_4466,Hypothalamus,115.42,81.44,Macaca mulatta
NEUR_9520,Hypothalamus,140.75,54.39,Mus musculus
NEUR_9267,Striatum,129.95,106.48,Mus musculus
NEUR_4996,Thalamus,10.3,32.41,Rattus norvegicus
NEUR_3903,Hippocampus,67.16,47.55,Macaca mulatta
NEUR_1343,Striatum,86.48,98.73,Macaca mulatta
NEUR_7593,Hypothalamus,44.17,60.97,Mus musculus
NEUR_7993,Thalamus,21.87,61.07,Rattus norvegicus
NEUR_5060,Thalamus,103.21,50.64,Macaca mulatta
NEUR_7540,Hippocampus,5.78,71.45,Danio rerio
NEUR_8487,Thalamus,128.45,11.55,Mus musculus
NEUR_4659,Thalamus,68.76,54.01,Mus musculus
NEUR_3790,Thalamus,90.16,28.98,Danio rerio
NEUR_7817,Thalamus,51.49,90.52,Rattus norvegicus
NEUR_5530,Cortex,102.2,91.08,Macaca mulatta
NEUR_2965,Cortex,124.74,81.21,Mus musculus
NEUR_2020,Thalamus,10.39,32.48,Macaca mulatta
NEUR_8847,Hypothalamus,71.16,18.64,Danio rerio
NEUR_7216,Hippocampus,149.36,89.31,Macaca mulatta
NEUR_9826,Cortex,142.47,101.65,Mus musculus
NEUR_5886,Thalamus,27.35,83.32,Mus musculus
NEUR_9815,Cortex,92.23,83.23,Rattus norvegicus
NEUR_7499,Amygdala,69.75,49.01,Rattus norvegicus
NEUR_4176,Thalamus,69.35,10.6,Rattus norvegicus
NEUR_4673,Striatum,90.3,107.11,Rattus norvegicus
NEUR_9371,Hippocampus,27.45,55.72,Danio rerio
NEUR_9996,Cortex,49.76,109.21,Macaca mulatta
NEUR_7115,Cortex,104.03,19.84,Danio rerio
NEUR_4547,Amygdala,149.31,55.24,Danio rerio
NEUR_1067,Hypothalamus,55.23,37.02,Rattus norvegicus
NEUR_4879,Amygdala,128.65,63.67,Mus musculus
NEUR_4576,Hypothalamus,75.42,58.17,Mus musculus
NEUR_9994,Cortex,71.6,43.9,Rattus norvegicus
NEUR_8259,Cerebellum,149.07,105.23,Mus musculus
NEUR_1675,Hippocampus,142.94,22.18,Macaca mulatta
NEUR_9833,Hypothalamus,84.48,88.38,Macaca mulatta
NEUR_6917,Hippocampus,122.21,25.08,Mus musculus
NEUR_3506,Cerebellum,12.98,74.77,Rattus norvegicus
NEUR_4640,Striatum,125.69,95.58,Danio rerio
NEUR_5143,Thalamus,59.56,27.12,Macaca mulatta
NEUR_5626,Hypothalamus,90.74,80.52,Macaca mulatta
NEUR_5357,Amygdala,45.05,77.71,Macaca mulatta
NEUR_4841,Hippocampus,20.69,79.31,Macaca mulatta
NEUR_4865,Cortex,66.94,14.71,Macaca mulatta
NEUR_3344,Striatum,10.69,64.55,Mus musculus
NEUR_5930,Striatum,114.01,101.11,Macaca mulatta
NEUR_3140,Cerebellum,148.73,105.63,Rattus norvegicus
NEUR_4776,Cerebellum,117.04,103.25,Danio rerio
NEUR_5159,Hippocampus,43.01,35.51,Mus musculus
NEUR_2655,Cerebellum,147.66,106.56,Danio rerio
NEUR_4756,Thalamus,93.17,45.32,Macaca mulatta
NEUR_4308,Cerebellum,32.32,68.81,Danio rerio
NEUR_1740,Cortex,60.57,61.01,Rattus norvegicus
NEUR_7019,Hypothalamus,126.98,36.52,Mus musculus
NEUR_1862,Thalamus,33.51,56.49,Mus musculus
NEUR_6387,Hippocampus,21.2,45.95,Macaca mulatta
NEUR_5200,Hippocampus,96.57,108.7,Danio rerio
NEUR_3828,Amygdala,110.77,83.67,Rattus norvegicus
NEUR_4455,Amygdala,69.32,58.0,Rattus norvegicus
NEUR_1992,Hypothalamus,12.04,101.14,Rattus norvegicus
NEUR_3562,Hypothalamus,109.14,83.7,Mus musculus
NEUR_3431,Thalamus,4.49,93.84,Macaca mulatta
NEUR_7580,Hypothalamus,70.49,29.53,Macaca mulatta
NEUR_7107,Hippocampus,33.98,117.3,Mus musculus
NEUR_1782,Striatum,51.98,117.61,Rattus norvegicus
NEUR_2216,Amygdala,51.12,98.17,Macaca mulatta
NEUR_7700,Hypothalamus,129.85,89.74,Macaca mulatta
NEUR_5557,Hypothalamus,148.11,117.88,Macaca mulatta
NEUR_9052,Cerebellum,15.49,38.85,Danio rerio
NEUR_1522,Thalamus,71.69,13.08,Rattus norvegicus
NEUR_1796,Amygdala,62.03,54.76,Rattus norvegicus
NEUR_4920,Hypothalamus,143.38,91.01,Danio rerio
NEUR_4729,Cerebellum,56.35,111.07,Danio rerio
NEUR_2960,Cortex,68.05,113.86,Macaca mulatta
NEUR_7430,Hypothalamus,66.13,68.42,Mus musculus
NEUR_5359,Cerebellum,81.05,48.61,Macaca mulatta
NEUR_8674,Cerebellum,148.56,110.56,Mus musculus
NEUR_6937,Hippocampus,22.4,19.81,Rattus norvegicus
NEUR_1838,Cortex,88.16,25.28,Danio rerio
NEUR_4700,Amygdala,1.57,44.56,Mus musculus
NEUR_2897,Hippocampus,103.31,37.36,Rattus norvegicus
NEUR_6704,Cortex,44.33,64.1,Macaca mulatta
NEUR_4305,Cerebellum,59.88,13.99,Danio rerio
NEUR_1728,Thalamus,72.31,81.64,Danio rerio
NEUR_1935,Hypothalamus,149.21,47.77,Macaca mulatta
NEUR_4813,Hypothalamus,94.79,114.44,Macaca mulatta
NEUR_9610,Cortex,137.66,98.07,Macaca mulatta
NEUR_2016,Thalamus,142.91,96.94,Danio rerio
NEUR_9490,Cortex,134.17,39.96,Rattus norvegicus
NEUR_8287,Cortex,34.37,108.02,Macaca mulatta
NEUR_1890,Hypothalamus,138.56,117.6,Rattus norvegicus
NEUR_2484,Hypothalamus,55.83,32.47,Danio rerio
NEUR_9164,Hippocampus,92.99,99.78,Rattus norvegicus
NEUR_9645,Cerebellum,8.36,43.2,Rattus norvegicus
NEUR_7348,Cerebellum,6.23,43.23,Danio rerio
NEUR_1729,Amygdala,85.66,37.22,Danio rerio
NEUR_5054,Hippocampus,118.53,50.3,Macaca mulatta
NEUR_4962,Amygdala,43.56,18.53,Rattus norvegicus
NEUR_2554,Cerebellum,31.87,15.06,Danio rerio
NEUR_5788,Thalamus,50.02,101.07,Mus musculus
NEUR_5267,Hypothalamus,25.85,61.86,Danio rerio
NEUR_4906,Cortex,105.74,31.73,Mus musculus
NEUR_8266,Amygdala,132.52,34.12,Danio rerio
NEUR_7932,Thalamus,92.09,18.38,Danio rerio
NEUR_4348,Hippocampus,133.77,43.02,Macaca mulatta
NEUR_1527,Cerebellum,10.5,95.15,Macaca mulatta
NEUR_9717,Cerebellum,46.81,76.53,Rattus norvegicus
NEUR_6368,Cerebellum,92.22,62.08,Danio rerio
NEUR_4557,Hypothalamus,69.06,23.43,Mus musculus
NEUR_1148,Thalamus,14.28,13.65,Macaca mulatta
NEUR_9321,Cortex,95.25,15.88,Rattus norvegicus
NEUR_8858,Hippocampus,7.36,40.17,Rattus norvegicus
NEUR_5387,Hippocampus,95.45,45.43,Macaca mulatta
NEUR_7552,Hippocampus,109.08,43.84,Danio rerio
NEUR_2200,Hypothalamus,48.5,111.44,Mus musculus
NEUR_4974,Striatum,108.29,99.07,Rattus norvegicus
NEUR_6217,Striatum,119.39,76.16,Danio rerio
NEUR_3563,Striatum,52.67,37.88,Danio rerio
NEUR_5766,Thalamus,149.17,106.03,Rattus norvegicus
NEUR_7912,Cerebellum,46.82,102.08,Mus musculus
NEUR_7101,Cerebellum,99.59,91.15,Mus musculus
NEUR_5335,Cerebellum,67.52,20.9,Macaca mulatta
NEUR_8641,Cortex,8.06,82.31,Mus musculus
NEUR_5666,Striatum,87.51,81.9,Mus musculus
NEUR_6954,Thalamus,6.79,12.1,Rattus norvegicus
NEUR_7025,Thalamus,85.48,18.15,Macaca mulatta
NEUR_3251,Striatum,19.0,76.49,Mus musculus
NEUR_2031,Thalamus,62.09,18.27,Mus musculus
NEUR_2677,Striatum,40.35,71.29,Macaca mulatta
NEUR_2589,Amygdala,41.03,35.23,Rattus norvegicus
NEUR_8600,Cortex,125.43,39.32,Danio rerio
NEUR_7061,Hypothalamus,63.67,26.7,Mus musculus
NEUR_2651,Cerebellum,41.98,84.2,Danio rerio
NEUR_5631,Cerebellum,62.46,26.35,Danio rerio
NEUR_8667,Hippocampus,6.36,27.9,Rattus norvegicus
NEUR_7756,Amygdala,0.65,91.82,Macaca mulatta
NEUR_6451,Cortex,67.89,97.21,Macaca mulatta
NEUR_9202,Thalamus,49.63,73.46,Macaca mulatta
NEUR_2535,Cortex,15.47,102.07,Mus musculus
NEUR_6957,Amygdala,19.73,35.48,Mus musculus
NEUR_1499,Striatum,100.11,110.38,Danio rerio
NEUR_8608,Cortex,16.38,22.22,Macaca mulatta
NEUR_1793,Hippocampus,85.22,32.41,Macaca mulatta
NEUR_4595,Cortex,141.04,84.22,Danio rerio
NEUR_9422,Amygdala,147.82,59.02,Danio rerio
NEUR_8110,Amygdala,40.85,21.38,Macaca mulatta
NEUR_8170,Hypothalamus,91.38,22.81,Mus musculus
NEUR_3955,Cerebellum,17.71,93.41,Mus musculus
NEUR_1309,Hippocampus,133.79,43.69,Mus musculus
NEUR_1761,Striatum,13.97,57.01,Mus musculus
NEUR_3178,Thalamus,113.92,10.16,Mus musculus
NEUR_9198,Hippocampus,78.49,84.93,Macaca mulatta
NEUR_3442,Cerebellum,64.45,42.27,Rattus norvegicus
NEUR_5095,Hypothalamus,78.47,96.72,Macaca mulatta
NEUR_5429,Hypothalamus,98.23,20.08,Danio rerio
NEUR_1695,Amygdala,43.08,55.12,Rattus norvegicus
NEUR_1588,Cortex,1.61,38.2,Rattus norvegicus
NEUR_3369,Cortex,63.86,87.72,Danio rerio
NEUR_9799,Cortex,80.0,38.28,Rattus norvegicus
NEUR_6443,Amygdala,141.02,30.51,Rattus norvegicus
NEUR_2168,Cortex,48.62,103.32,Macaca mulatta
NEUR_6153,Thalamus,103.55,14.3,Danio rerio
NEUR_3834,Amygdala,128.11,22.98,Danio rerio
NEUR_1928,Striatum,42.17,80.51,Mus musculus
NEUR_6162,Cerebellum,121.43,109.54,Macaca mulatta
NEUR_2061,Cerebellum,78.71,118.75,Danio rerio
NEUR_7299,Cerebellum,50.61,77.04,Mus musculus
NEUR_8336,Hypothalamus,49.44,98.07,Danio rerio
NEUR_6560,Hypothalamus,24.19,56.7,Rattus norvegicus
NEUR_6950,Thalamus,31.36,74.19,Mus musculus
NEUR_6176,Thalamus,149.95,69.68,Danio rerio
NEUR_9769,Hippocampus,88.87,31.11,Macaca mulatta
NEUR_5399,Thalamus,41.24,79.89,Rattus norvegicus
NEUR_2493,Hypothalamus,132.03,61.58,Danio rerio
NEUR_8053,Cerebellum,6.83,18.75,Danio rerio
NEUR_4381,Amygdala,51.87,118.11,Rattus norvegicus
NEUR_5714,Thalamus,58.95,40.09,Danio rerio
NEUR_3694,Striatum,66.69,21.02,Rattus norvegicus
NEUR_6603,Amygdala,30.53,103.24,Mus musculus
NEUR_2949,Cerebellum,59.12,65.6,Macaca mulatta
NEUR_2592,Hypothalamus,58.86,53.73,Macaca mulatta
NEUR_8933,Cortex,109.82,81.36,Mus musculus
NEUR_6878,Striatum,112.82,78.67,Danio rerio
NEUR_6090,Hypothalamus,78.52,16.84,Rattus norvegicus
NEUR_1069,Cerebellum,36.38,70.37,Mus musculus
NEUR_7939,Cerebellum,140.02,50.96,Macaca mulatta
NEUR_7121,Thalamus,105.12,12.64,Danio rerio
NEUR_7897,Hippocampus,89.18,14.58,Mus musculus
NEUR_2129,Striatum,36.94,83.47,Macaca mulatta
NEUR_7840,Cortex,74.99,76.87,Macaca mulatta
NEUR_9760,Cerebellum,126.39,116.06,Macaca mulatta
NEUR_9365,Cerebellum,18.42,84.99,Danio rerio
NEUR_8878,Cortex,85.85,72.52,Mus musculus
NEUR_6493,Cortex,138.96,35.35,Rattus norvegicus
NEUR_9383,Hypothalamus,23.2,100.77,Rattus norvegicus
NEUR_7399,Thalamus,95.85,55.02,Rattus norvegicus
NEUR_6878,Hypothalamus,11.59,99.31,Danio rerio
NEUR_2518,Striatum,60.16,16.01,Macaca mulatta
NEUR_6905,Cerebellum,136.04,57.64,Danio rerio
NEUR_4059,Striatum,128.28,52.93,Rattus norvegicus
NEUR_2080,Amygdala,47.39,70.07,Danio rerio
NEUR_8517,Cerebellum,66.65,50.68,Mus musculus
NEUR_5395,Thalamus,140.57,57.27,Macaca mulatta
NEUR_2673,Striatum,3.35,65.65,Macaca mulatta
NEUR_4473,Hippocampus,37.9,98.95,Mus musculus
NEUR_6871,Striatum,108.03,87.27,Mus musculus
NEUR_7856,Amygdala,23.79,48.26,Rattus norvegicus
NEUR_7090,Hippocampus,113.39,85.18,Macaca mulatta
NEUR_8630,Thalamus,23.23,102.9,Danio rerio
NEUR_7842,Hypothalamus,132.15,44.97,Rattus norvegicus
NEUR_2390,Hypothalamus,73.33,58.37,Mus musculus
NEUR_1379,Hypothalamus,67.19,50.0,Rattus norvegicus
NEUR_6237,Hippocampus,71.71,10.31,Mus musculus
NEUR_4972,Hippocampus,20.22,11.5,Danio rerio
NEUR_4725,Striatum,62.84,104.82,Rattus norvegicus
NEUR_7022,Hippocampus,73.2,23.47,Danio rerio
NEUR_8197,Cortex,1.74,78.1,Mus musculus
NEUR_9324,Amygdala,10.39,36.14,Rattus norvegicus
NEUR_2052,Cortex,136.02,92.82,Rattus norvegicus
NEUR_9854,Cerebellum,61.07,69.46,Rattus norvegicus
NEUR_4769,Cerebellum,135.64,97.69,Rattus norvegicus
NEUR_3488,Amygdala,126.83,89.45,Macaca mulatta
NEUR_6982,Hippocampus,68.71,23.95,Rattus norvegicus
NEUR_6837,Striatum,85.07,107.79,Rattus norvegicus
NEUR_3331,Cortex,139.34,103.98,Danio rerio
NEUR_5582,Hippocampus,115.69,108.42,Macaca mulatta
NEUR_9426,Hippocampus,128.85,26.26,Rattus norvegicus
NEUR_5621,Hypothalamus,149.81,95.09,Danio rerio
NEUR_8818,Striatum,87.22,29.23,Macaca mulatta
NEUR_7367,Hypothalamus,18.09,79.44,Danio rerio
NEUR_3364,Thalamus,116.51,104.24,Danio rerio
NEUR_7923,Hypothalamus,4.79,56.31,Danio rerio
NEUR_7461,Striatum,92.46,97.52,Mus musculus
NEUR_4255,Cortex,41.47,14.92,Mus musculus
NEUR_3145,Amygdala,55.62,97.85,Macaca mulatta
NEUR_7431,Cerebellum,60.54,45.0,Rattus norvegicus
NEUR_8347,Hippocampus,20.4,76.62,Mus musculus
NEUR_8714,Hippocampus,106.96,66.5,Macaca mulatta
NEUR_7844,Amygdala,55.99,39.77,Rattus norvegicus
NEUR_9831,Striatum,126.92,24.84,Danio rerio
NEUR_4151,Cerebellum,30.04,33.09,Mus musculus
NEUR_7418,Hypothalamus,128.54,54.74,Mus musculus
NEUR_2313,Striatum,52.17,18.08,Macaca mulatta
NEUR_8804,Amygdala,24.54,75.11,Danio rerio
NEUR_2008,Thalamus,88.07,72.98,Rattus norvegicus
NEUR_9510,Cerebellum,61.18,25.33,Danio rerio
NEUR_6129,Cerebellum,144.94,109.79,Rattus norvegicus
NEUR_4142,Cerebellum,86.9,39.81,Macaca mulatta
NEUR_1526,Hippocampus,96.63,12.81,Rattus norvegicus
NEUR_4324,Striatum,140.82,81.27,Rattus norvegicus
NEUR_6288,Amygdala,145.83,98.24,Macaca mulatta
NEUR_6892,Thalamus,6.29,57.58,Rattus norvegicus
NEUR_2221,Striatum,38.77,45.74,Macaca mulatta
NEUR_7988,Hypothalamus,10.38,58.79,Rattus norvegicus
NEUR_2279,Striatum,120.25,50.06,Mus musculus
NEUR_6783,Thalamus,136.99,34.29,Macaca mulatta
NEUR_1031,Amygdala,62.88,22.79,Macaca mulatta
NEUR_3169,Cortex,13.36,100.32,Macaca mulatta
NEUR_4452,Amygdala,124.53,46.18,Mus musculus
NEUR_3141,Cerebellum,82.7,96.7,Danio rerio
NEUR_7651,Thalamus,48.1,67.24,Danio rerio
NEUR_7567,Hippocampus,61.72,64.02,Rattus norvegicus
NEUR_9614,Thalamus,17.54,107.22,Macaca mulatta
NEUR_7929,Striatum,32.89,27.29,Macaca mulatta
NEUR_3938,Cerebellum,117.32,62.66,Rattus norvegicus
NEUR_9192,Amygdala,97.13,79.06,Mus musculus
NEUR_3003,Hippocampus,68.19,29.99,Danio rerio
NEUR_9369,Thalamus,128.65,114.75,Rattus norvegicus
NEUR_8015,Striatum,132.26,84.58,Macaca mulatta
NEUR_2275,Amygdala,91.07,25.78,Macaca mulatta
NEUR_5761,Hippocampus,60.42,114.88,Rattus norvegicus
NEUR_8002,Hypothalamus,11.93,79.53,Rattus norvegicus
NEUR_8918,Hypothalamus,63.14,88.69,Macaca mulatta
NEUR_9634,Hypothalamus,123.02,115.5,Macaca mulatta
NEUR_6647,Cerebellum,8.33,60.15,Danio rerio
NEUR_5707,Hypothalamus,113.37,47.59,Rattus norvegicus
NEUR_5693,Thalamus,98.69,63.08,Macaca mulatta
NEUR_5629,Cortex,96.52,58.6,Rattus norvegicus
NEUR_8947,Cerebellum,29.23,63.14,Mus musculus
NEUR_8213,Cortex,101.44,55.46,Macaca mulatta
NEUR_4819,Cerebellum,123.11,27.46,Macaca mulatta
NEUR_3082,Cortex,55.79,100.77,Rattus norvegicus
NEUR_6789,Cortex,127.35,64.76,Mus musculus
NEUR_9208,Cerebellum,33.09,86.75,Danio rerio
NEUR_8550,Striatum,129.11,37.76,Mus musculus
NEUR_2374,Cerebellum,141.75,39.72,Mus musculus
NEUR_7291,Thalamus,141.14,76.85,Mus musculus
NEUR_7669,Striatum,104.42,28.78,Mus musculus
NEUR_6677,Thalamus,81.19,29.05,Danio rerio
NEUR_2556,Hypothalamus,133.15,57.89,Macaca mulatta
NEUR_3523,Hippocampus,133.03,72.9,Mus musculus
NEUR_7481,Cortex,101.66,44.33,Macaca mulatta
NEUR_6604,Striatum,16.89,85.56,Danio rerio
NEUR_7778,Striatum,125.06,69.66,Mus musculus
NEUR_6349,Hypothalamus,71.58,119.24,Mus musculus
NEUR_8271,Thalamus,43.82,30.87,Macaca mulatta
NEUR_2745,Amygdala,75.46,46.15,Mus musculus
NEUR_5779,Striatum,93.63,19.36,Danio rerio
NEUR_7496,Thalamus,65.66,23.94,Mus musculus
NEUR_8988,Hippocampus,33.38,33.54,Macaca mulatta
NEUR_6276,Amygdala,20.36,112.23,Rattus norvegicus
NEUR_5561,Hypothalamus,91.81,119.11,Rattus norvegicus
NEUR_3740,Thalamus,53.87,16.08,Rattus norvegicus
NEUR_6066,Striatum,130.61,106.44,Rattus norvegicus
NEUR_8648,Amygdala,91.65,40.02,Mus musculus
NEUR_4791,Hypothalamus,100.78,21.48,Danio rerio
NEUR_6643,Cortex,98.71,10.03,Rattus norvegicus
NEUR_7273,Hypothalamus,91.46,111.61,Rattus norvegicus
NEUR_5701,Cerebellum,49.27,88.31,Macaca mulatta
NEUR_2287,Cortex,66.09,48.05,Danio rerio
NEUR_6589,Cortex,33.35,94.12,Rattus norvegicus
NEUR_2990,Hypothalamus,96.85,107.23,Rattus norvegicus
NEUR_5847,Cortex,1.49,51.63,Danio rerio
NEUR_9278,Striatum,98.13,68.65,Rattus norvegicus
NEUR_1374,Cerebellum,125.62,22.74,Macaca mulatta
NEUR_2898,Cerebellum,39.6,19.29,Danio rerio
NEUR_2911,Striatum,52.12,26.52,Macaca mulatta
NEUR_1521,Cerebellum,21.69,34.99,Mus musculus
NEUR_7670,Cortex,4.39,80.38,Mus musculus
NEUR_5075,Cortex,129.8,33.65,Danio rerio
NEUR_5408,Hippocampus,7.32,46.03,Rattus norvegicus
NEUR_8966,Cerebellum,70.55,93.13,Macaca mulatta
NEUR_1289,Cortex,91.97,17.66,Macaca mulatta
NEUR_3821,Striatum,128.03,11.48,Rattus norvegicus
NEUR_7186,Cerebellum,138.64,49.79,Rattus norvegicus
NEUR_2945,Striatum,35.41,64.0,Macaca mulatta
NEUR_4045,Cortex,126.79,104.89,Rattus norvegicus
NEUR_1178,Hippocampus,140.26,107.13,Mus musculus
NEUR_7401,Thalamus,81.9,26.93,Danio rerio
NEUR_5604,Striatum,136.89,93.88,Mus musculus
NEUR_3432,Hypothalamus,48.67,62.11,Mus musculus
NEUR_1596,Amygdala,57.1,65.31,Macaca mulatta
NEUR_2545,Cortex,145.19,15.28,Mus musculus
NEUR_2304,Hippocampus,42.76,18.34,Mus musculus
NEUR_5615,Striatum,77.13,41.56,Mus musculus
NEUR_5918,Amygdala,132.84,32.86,Rattus norvegicus
NEUR_8255,Striatum,17.63,101.69,Rattus norvegicus
NEUR_7163,Hypothalamus,16.54,113.02,Rattus norvegicus
NEUR_1232,Amygdala,30.14,117.31,Macaca mulatta
NEUR_1117,Amygdala,111.3,106.77,Macaca mulatta
NEUR_1864,Thalamus,99.76,29.89,Rattus norvegicus
NEUR_6553,Amygdala,102.12,22.78,Danio rerio
NEUR_6509,Thalamus,0.12,71.63,Danio rerio
NEUR_4477,Amygdala,35.36,69.21,Mus musculus
NEUR_7791,Hippocampus,7.44,103.01,Danio rerio
NEUR_1756,Striatum,72.29,60.32,Macaca mulatta
NEUR_1491,Hippocampus,56.71,66.35,Mus musculus
NEUR_5214,Striatum,32.33,65.74,Macaca mulatta
NEUR_5339,Cortex,43.93,85.47,Rattus norvegicus
NEUR_8955,Amygdala,58.88,15.55,Mus musculus
NEUR_5346,Amygdala,126.85,109.52,Macaca mulatta
NEUR_4855,Cerebellum,133.3,32.88,Rattus norvegicus
NEUR_3468,Striatum,26.97,98.04,Macaca mulatta
NEUR_2409,Cerebellum,65.41,43.42,Mus musculus
NEUR_8963,Cortex,90.51,29.8,Rattus norvegicus
NEUR_1235,Amygdala,38.68,103.58,Mus musculus
NEUR_2557,Amygdala,21.62,33.26,Rattus norvegicus
NEUR_9207,Amygdala,98.8,19.96,Rattus norvegicus
NEUR_8006,Cerebellum,14.06,17.83,Mus musculus
NEUR_5414,Hippocampus,34.9,82.39,Danio rerio
NEUR_3927,Striatum,1.89,40.78,Macaca mulatta
NEUR_8506,Hippocampus,133.17,18.96,Danio rerio
NEUR_5491,Striatum,55.81,114.28,Mus musculus
NEUR_2118,Cortex,81.58,77.47,Mus musculus
NEUR_2054,Hypothalamus,140.06,51.64,Danio rerio
NEUR_7363,Cerebellum,103.73,25.86,Rattus norvegicus
NEUR_8059,Cerebellum,98.85,85.3,Danio rerio
NEUR_6364,Thalamus,89.97,110.52,Macaca mulatta
NEUR_5859,Amygdala,73.85,98.59,Rattus norvegicus
NEUR_3963,Hypothalamus,118.66,58.13,Mus musculus
NEUR_1735,Amygdala,53.07,107.29,Rattus norvegicus
NEUR_3191,Cortex,40.88,118.46,Mus musculus
NEUR_5599,Amygdala,4.63,23.15,Macaca mulatta
NEUR_1592,Hypothalamus,122.68,106.26,Macaca mulatta
NEUR_8230,Hypothalamus,56.33,81.79,Mus musculus
NEUR_4411,Amygdala,55.72,98.38,Mus musculus
NEUR_5622,Cortex,78.79,66.52,Rattus norvegicus
NEUR_9385,Cortex,80.86,35.32,Macaca mulatta
NEUR_4987,Striatum,3.63,85.31,Mus musculus
NEUR_3367,Cortex,119.98,21.56,Danio rerio
NEUR_7375,Cortex,103.16,115.71,Danio rerio
NEUR_4224,Hypothalamus,11.47,32.23,Rattus norvegicus
NEUR_8388,Hypothalamus,118.98,59.58,Macaca mulatta
NEUR_1498,Thalamus,56.51,72.67,Mus musculus
NEUR_4951,Cortex,108.97,119.02,Macaca mulatta
NEUR_8908,Cerebellum,13.73,15.59,Macaca mulatta
NEUR_4675,Hippocampus,130.38,10.47,Mus musculus
NEUR_8374,Hypothalamus,85.07,27.18,Danio rerio
NEUR_8931,Striatum,87.56,72.98,Danio rerio
NEUR_8527,Hippocampus,105.64,65.08,Rattus norvegicus
NEUR_8782,Hippocampus,65.94,58.84,Rattus norvegicus
NEUR_4172,Striatum,139.41,84.43,Danio rerio
NEUR_5980,Striatum,25.2,34.56,Macaca mulatta
NEUR_2753,Cortex,60.81,119.88,Danio rerio
NEUR_2628,Striatum,49.18,95.83,Danio rerio
NEUR_4156,Thalamus,127.83,49.09,Danio rerio
NEUR_9034,Hypothalamus,0.13,96.01,Mus musculus
NEUR_7485,Hippocampus,93.2,97.7,Mus musculus
NEUR_8250,Striatum,93.07,50.74,Mus musculus
NEUR_1800,Cerebellum,94.26,119.2,Rattus norvegicus
NEUR_1441,Thalamus,66.72,70.34,Mus musculus
NEUR_9656,Cortex,48.26,100.76,Macaca mulatta
NEUR_1732,Striatum,6.41,65.15,Danio rerio
NEUR_8710,Cortex,139.87,88.46,Danio rerio
NEUR_1152,Striatum,2.14,18.98,Danio rerio
NEUR_5749,Amygdala,19.23,60.21,Danio rerio
NEUR_2421,Striatum,18.48,81.32,Mus musculus
NEUR_9054,Cerebellum,48.97,11.35,Mus musculus
NEUR_2649,Cerebellum,95.11,59.61,Danio rerio
NEUR_7885,Hypothalamus,94.01,70.16,Mus musculus
NEUR_2715,Amygdala,124.41,63.04,Danio rerio
NEUR_2713,Cerebellum,68.19,92.12,Danio rerio
NEUR_1583,Striatum,19.02,99.69,Mus musculus
NEUR_3638,Hypothalamus,24.91,89.71,Mus musculus
NEUR_1078,Striatum,33.41,16.83,Mus musculus
NEUR_3164,Thalamus,140.24,66.1,Danio rerio
NEUR_2933,Striatum,16.9,108.28,Rattus norvegicus
NEUR_9730,Thalamus,99.3,42.41,Macaca mulatta
NEUR_8067,Hypothalamus,10.74,57.21,Macaca mulatta
NEUR_1770,Striatum,149.28,56.83,Danio rerio
NEUR_7416,Thalamus,59.06,30.8,Macaca mulatta
NEUR_4974,Thalamus,146.78,109.76,Macaca mulatta
NEUR_2111,Cortex,137.96,101.96,Macaca mulatta
NEUR_5842,Striatum,100.37,104.23,Macaca mulatta
NEUR_3711,Amygdala,134.31,33.75,Rattus norvegicus
NEUR_6550,Striatum,84.53,84.1,Macaca mulatta
NEUR_6312,Thalamus,127.19,105.98,Danio rerio
NEUR_9876,Amygdala,40.94,108.41,Mus musculus
NEUR_8112,Thalamus,77.28,44.9,Rattus norvegicus
NEUR_6505,Cortex,53.75,69.72,Macaca mulatta
NEUR_4457,Cortex,101.93,42.61,Macaca mulatta
NEUR_5207,Thalamus,124.58,34.96,Danio rerio
NEUR_8234,Amygdala,53.21,31.02,Danio rerio
NEUR_8505,Cerebellum,46.52,48.51,Macaca mulatta
NEUR_8709,Cerebellum,147.0,112.43,Danio rerio
NEUR_9798,Cortex,107.59,97.49,Rattus norvegicus
NEUR_9678,Cerebellum,59.0,68.52,Danio rerio
NEUR_2767,Hypothalamus,12.37,109.75,Mus musculus
NEUR_2732,Hippocampus,5.3,89.25,Macaca mulatta
NEUR_1532,Cortex,73.84,11.54,Danio rerio
NEUR_1840,Hippocampus,105.29,91.56,Rattus norvegicus
NEUR_4398,Thalamus,58.9,46.07,Rattus norvegicus
NEUR_7982,Cerebellum,94.44,83.09,Danio rerio
NEUR_2985,Hypothalamus,56.1,105.12,Rattus norvegicus
NEUR_4111,Amygdala,119.7,35.26,Rattus norvegicus
NEUR_4048,Hypothalamus,43.55,62.43,Rattus norvegicus
NEUR_2291,Hypothalamus,111.6,35.48,Danio rerio
NEUR_2899,Amygdala,87.98,68.03,Danio rerio
NEUR_8305,Thalamus,40.5,52.55,Mus musculus
NEUR_8395,Hippocampus,75.11,117.01,Mus musculus
NEUR_6682,Hypothalamus,120.97,72.1,Rattus norvegicus
NEUR_7518,Amygdala,44.31,48.32,Danio rerio
NEUR_2450,Striatum,4.91,92.47,Macaca mulatta
NEUR_5505,Hypothalamus,58.59,64.97,Danio rerio
NEUR_6596,Hippocampus,66.62,62.93,Macaca mulatta
NEUR_3082,Hypothalamus,35.37,70.7,Danio rerio
NEUR_3513,Striatum,83.41,23.71,Macaca mulatta
NEUR_4644,Striatum,56.08,118.2,Rattus norvegicus
NEUR_7559,Hypothalamus,96.92,27.52,Danio rerio
NEUR_2959,Cerebellum,28.73,116.51,Mus musculus
NEUR_6547,Amygdala,93.71,101.65,Danio rerio
NEUR_4837,Hippocampus,16.65,48.08,Rattus norvegicus
NEUR_8164,Cortex,2.25,31.82,Rattus norvegicus
NEUR_2103,Cortex,30.02,114.53,Rattus norvegicus
NEUR_2075,Cortex,64.87,52.0,Macaca mulatta
NEUR_9983,Thalamus,27.61,88.74,Macaca mulatta
NEUR_8227,Amygdala,111.45,30.99,Danio rerio
NEUR_6267,Thalamus,0.97,23.84,Mus musculus
NEUR_4477,Hypothalamus,119.26,12.72,Rattus norvegicus
NEUR_5746,Cerebellum,145.19,20.66,Danio rerio
NEUR_9596,Cerebellum,125.67,12.03,Rattus norvegicus
NEUR_4619,Cortex,33.7,61.75,Rattus norvegicus
NEUR_7988,Amygdala,17.78,100.32,Rattus norvegicus
NEUR_6538,Thalamus,71.38,10.31,Mus musculus
NEUR_9972,Thalamus,25.74,109.42,Macaca mulatta
NEUR_9249,Cortex,7.78,105.12,Rattus norvegicus
NEUR_4295,Amygdala,30.95,72.36,Mus musculus
NEUR_2319,Striatum,43.14,44.18,Macaca mulatta
NEUR_4399,Amygdala,148.52,60.2,Mus musculus
NEUR_5311,Thalamus,42.23,16.88,Rattus norvegicus
NEUR_2218,Cortex,67.83,43.32,Rattus norvegicus
NEUR_5446,Hippocampus,9.66,10.47,Macaca mulatta
NEUR_9718,Cortex,112.81,57.33,Mus musculus
NEUR_1739,Amygdala,53.76,44.75,Mus musculus
NEUR_6137,Striatum,13.77,89.66,Danio rerio
NEUR_5348,Striatum,53.61,53.79,Mus musculus
NEUR_3160,Striatum,85.56,25.81,Macaca mulatta
NEUR_2799,Amygdala,148.78,30.51,Rattus norvegicus
NEUR_2915,Hypothalamus,77.89,40.88,Macaca mulatta
NEUR_3246,Cerebellum,8.81,73.08,Rattus norvegicus
NEUR_7291,Cerebellum,28.16,44.48,Rattus norvegicus
NEUR_1187,Amygdala,84.13,107.53,Danio rerio
NEUR_4220,Amygdala,133.58,100.08,Rattus norvegicus
NEUR_4821,Cortex,135.58,47.42,Rattus norvegicus
NEUR_8037,Amygdala,0.64,106.53,Mus musculus
NEUR_5706,Thalamus,104.07,70.46,Mus musculus
NEUR_4102,Hippocampus,32.88,13.0,Mus musculus
NEUR_8860,Hippocampus,56.41,70.24,Danio rerio
NEUR_1945,Thalamus,53.81,62.15,Rattus norvegicus
NEUR_2340,Cerebellum,68.46,17.9,Macaca mulatta
NEUR_8928,Striatum,111.8,91.37,Mus musculus
NEUR_1111,Hippocampus,101.53,119.5,Rattus norvegicus
NEUR_4478,Thalamus,90.63,44.26,Rattus norvegicus
NEUR_4772,Thalamus,89.54,119.64,Danio rerio
NEUR_5077,Cerebellum,107.01,22.41,Mus musculus
NEUR_3935,Cortex,93.09,58.77,Rattus norvegicus
NEUR_8589,Hippocampus,100.19,27.65,Rattus norvegicus
NEUR_9267,Striatum,2.3,80.23,Danio rerio
NEUR_3954,Striatum,48.26,63.4,Rattus norvegicus
NEUR_5360,Striatum,140.3,37.68,Macaca mulatta
NEUR_5984,Thalamus,84.72,85.63,Rattus norvegicus
NEUR_8845,Hypothalamus,72.59,24.05,Rattus norvegicus
NEUR_2670,Amygdala,118.83,68.1,Mus musculus
NEUR_6675,Thalamus,39.12,68.99,Rattus norvegicus
NEUR_6125,Cortex,21.94,68.52,Mus musculus
NEUR_9449,Striatum,5.14,23.24,Rattus norvegicus
NEUR_3530,Amygdala,108.41,88.95,Rattus norvegicus
NEUR_2602,Amygdala,45.59,96.35,Rattus norvegicus
NEUR_9421,Thalamus,18.9,30.66,Macaca mulatta
NEUR_8199,Hippocampus,116.01,33.65,Mus musculus
NEUR_3571,Amygdala,86.77,117.97,Mus musculus
NEUR_6350,Cortex,8.16,28.37,Danio rerio
NEUR_6916,Thalamus,96.38,44.1,Danio rerio
NEUR_1447,Cerebellum,129.09,76.01,Macaca mulatta
NEUR_4361,Thalamus,97.84,26.61,Danio rerio
NEUR_3860,Cerebellum,64.17,11.6,Mus musculus
NEUR_9716,Hippocampus,2.96,51.97,Macaca mulatta
NEUR_9981,Hippocampus,88.76,45.45,Macaca mulatta
NEUR_3696,Striatum,74.45,75.06,Danio rerio
NEUR_8252,Cortex,45.1,82.62,Danio rerio
NEUR_6590,Striatum,60.94,30.62,Mus musculus
NEUR_9065,Hippocampus,108.33,41.28,Danio rerio
NEUR_1366,Cerebellum,117.14,101.3,Macaca mulatta
NEUR_1823,Thalamus,89.42,30.02,Macaca mulatta
NEUR_6538,Hypothalamus,20.81,104.12,Rattus norvegicus
NEUR_5429,Striatum,20.58,91.45,Mus musculus
NEUR_6463,Hypothalamus,88.62,119.16,Mus musculus
NEUR_2283,Amygdala,74.2,41.91,Mus musculus
NEUR_9231,Cerebellum,112.61,17.87,Mus musculus
NEUR_6039,Cerebellum,128.11,101.36,Mus musculus
NEUR_9611,Hippocampus,96.51,57.01,Rattus norvegicus
NEUR_6889,Thalamus,84.26,21.43,Rattus norvegicus
NEUR_6303,Amygdala,47.75,33.45,Macaca mulatta
NEUR_1611,Hypothalamus,33.76,54.36,Mus musculus
NEUR_6498,Amygdala,39.42,10.51,Macaca mulatta
NEUR_5357,Cortex,36.66,114.62,Macaca mulatta
NEUR_1470,Hypothalamus,52.21,83.4,Danio rerio
NEUR_8728,Hippocampus,46.42,67.36,Danio rerio
NEUR_2955,Thalamus,59.32,81.66,Macaca mulatta
NEUR_8393,Hippocampus,94.83,99.63,Rattus norvegicus
NEUR_7051,Striatum,80.01,116.11,Mus musculus
NEUR_8307,Thalamus,65.13,57.9,Macaca mulatta
NEUR_2046,Thalamus,124.95,57.36,Danio rerio
NEUR_6109,Hippocampus,58.38,29.28,Macaca mulatta
NEUR_7148,Amygdala,142.76,83.56,Mus musculus
NEUR_5702,Amygdala,110.63,85.02,Rattus norvegicus
NEUR_7802,Hypothalamus,118.19,113.38,Danio rerio
NEUR_7340,Thalamus,77.64,35.67,Danio rerio
NEUR_4292,Cerebellum,14.84,97.42,Mus musculus
NEUR_5179,Hypothalamus,43.34,110.16,Danio rerio
NEUR_4285,Hippocampus,49.61,97.71,Macaca mulatta
NEUR_2767,Hippocampus,48.82,101.41,Mus musculus
NEUR_4017,Thalamus,82.7,82.6,Mus musculus
NEUR_1838,Striatum,120.98,63.41,Rattus norvegicus
NEUR_1484,Cortex,60.27,115.13,Mus musculus
NEUR_4887,Cortex,10.54,61.96,Rattus norvegicus
NEUR_6395,Amygdala,18.63,29.63,Rattus norvegicus
NEUR_6494,Amygdala,98.56,48.35,Danio rerio
NEUR_3343,Thalamus,22.68,118.08,Mus musculus
NEUR_3965,Cortex,140.98,21.03,Mus musculus
NEUR_1747,Cerebellum,139.48,16.29,Rattus norvegicus
NEUR_9061,Hypothalamus,96.45,96.51,Mus musculus
NEUR_6036,Hippocampus,15.06,19.49,Macaca mulatta
NEUR_6999,Thalamus,107.47,76.24,Danio rerio
NEUR_1554,Hypothalamus,84.63,116.74,Mus musculus
NEUR_3585,Hypothalamus,108.71,117.69,Rattus norvegicus
NEUR_9849,Hypothalamus,94.92,59.04,Macaca mulatta
NEUR_5133,Striatum,4.12,34.95,Mus musculus
NEUR_6475,Hippocampus,48.49,56.74,Danio rerio
NEUR_6945,Hypothalamus,4.46,66.79,Mus musculus
NEUR_5672,Striatum,62.27,87.07,Macaca mulatta
NEUR_3217,Hippocampus,81.22,23.27,Macaca mulatta
NEUR_1926,Amygdala,9.17,85.67,Macaca mulatta
NEUR_7065,Hippocampus,69.83,111.34,Danio rerio
NEUR_9632,Striatum,123.8,16.74,Danio rerio
NEUR_7706,Hippocampus,93.59,58.12,Danio rerio
NEUR_7078,Striatum,89.2,37.61,Mus musculus
NEUR_7842,Striatum,21.19,102.48,Danio rerio
NEUR_9928,Hypothalamus,54.83,66.82,Rattus norvegicus
NEUR_1788,Thalamus,135.18,42.3,Danio rerio
NEUR_3288,Amygdala,129.38,39.99,Macaca mulatta
NEUR_2537,Hippocampus,72.26,42.48,Danio rerio
NEUR_2162,Amygdala,47.04,82.9,Danio rerio
NEUR_3557,Striatum,50.15,112.54,Macaca mulatta
NEUR_2682,Amygdala,132.38,92.79,Mus musculus
NEUR_8961,Hippocampus,35.67,18.42,Danio rerio
NEUR_4423,Hypothalamus,24.33,32.64,Mus musculus
NEUR_4121,Striatum,134.34,87.63,Macaca mulatta
NEUR_2738,Thalamus,72.95,82.73,Danio rerio
NEUR_7182,Thalamus,28.14,30.67,Mus musculus
NEUR_1368,Cerebellum,100.78,12.78,Mus musculus
NEUR_2007,Cortex,109.73,101.73,Danio rerio
NEUR_3836,Hypothalamus,135.75,32.47,Danio rerio
NEUR_8105,Amygdala,80.06,15.09,Mus musculus
NEUR_5081,Cortex,138.97,31.04,Rattus norvegicus
NEUR_6871,Cerebellum,80.67,56.21,Danio rerio
NEUR_2570,Striatum,18.49,66.51,Macaca mulatta
NEUR_2193,Cerebellum,54.83,85.1,Rattus norvegicus
NEUR_6874,Hippocampus,119.89,38.41,Mus musculus
NEUR_5190,Hippocampus,0.27,19.13,Danio rerio
NEUR_7923,Striatum,11.56,70.24,Macaca mulatta
NEUR_2895,Amygdala,3.95,43.22,Danio rerio
NEUR_3540,Hypothalamus,47.16,57.02,Danio rerio
NEUR_8743,Cerebellum,144.1,14.93,Macaca mulatta
NEUR_6646,Cerebellum,117.89,40.81,Danio rerio
NEUR_3434,Thalamus,30.26,34.17,Macaca mulatta
NEUR_1951,Striatum,33.7,104.29,Macaca mulatta
NEUR_7057,Amygdala,128.63,84.6,Danio rerio
NEUR_3532,Cortex,24.69,99.36,Mus musculus
NEUR_8497,Cortex,47.76,41.63,Rattus norvegicus
NEUR_6437,Striatum,93.56,49.46,Mus musculus
NEUR_9567,Cortex,21.38,58.46,Macaca mulatta
NEUR_6606,Striatum,53.35,102.14,Mus musculus
NEUR_8058,Striatum,95.64,65.85,Macaca mulatta
NEUR_2531,Hippocampus,96.23,107.88,Mus musculus
NEUR_4118,Hypothalamus,85.97,93.18,Danio rerio
NEUR_3547,Hypothalamus,24.81,47.09,Rattus norvegicus
NEUR_9363,Hypothalamus,135.75,100.89,Mus musculus
NEUR_9223,Striatum,70.71,28.04,Macaca mulatta
NEUR_9841,Cortex,120.37,83.41,Macaca mulatta
NEUR_3713,Hippocampus,49.21,116.33,Rattus norvegicus
NEUR_9170,Cortex,125.87,82.66,Rattus norvegicus
NEUR_7796,Cortex,126.36,36.66,Danio rerio
NEUR_1124,Hypothalamus,82.79,67.05,Mus musculus
NEUR_8190,Amygdala,126.68,40.86,Rattus norvegicus
NEUR_3935,Hippocampus,141.31,14.57,Danio rerio
NEUR_9262,Striatum,62.47,75.1,Rattus norvegicus
NEUR_4457,Thalamus,120.42,92.87,Danio rerio
NEUR_8637,Striatum,107.07,82.86,Rattus norvegicus
NEUR_2250,Amygdala,73.42,117.28,Rattus norvegicus
NEUR_1083,Thalamus,90.55,92.63,Mus musculus
NEUR_3141,Cerebellum,2.17,94.54,Macaca mulatta
NEUR_9772,Amygdala,84.87,13.43,Rattus norvegicus
NEUR_9250,Amygdala,36.62,101.26,Rattus norvegicus
NEUR_7856,Striatum,112.52,71.38,Rattus norvegicus
NEUR_8944,Cortex,84.09,37.64,Macaca mulatta
NEUR_7994,Thalamus,122.3,69.15,Macaca mulatta
NEUR_1880,Thalamus,125.66,111.15,Rattus norvegicus
NEUR_8791,Hypothalamus,85.97,116.0,Macaca mulatta
NEUR_8862,Hypothalamus,60.05,38.24,Mus musculus
NEUR_7741,Cortex,53.33,103.89,Mus musculus
NEUR_1440,Amygdala,97.53,85.42,Mus musculus
NEUR_1218,Cerebellum,130.7,87.35,Mus musculus
NEUR_5939,Thalamus,133.39,95.15,Macaca mulatta
NEUR_4082,Thalamus,18.83,91.13,Rattus norvegicus
NEUR_7532,Cortex,140.76,60.41,Danio rerio
NEUR_2253,Cortex,142.04,33.45,Rattus norvegicus
NEUR_6437,Hypothalamus,75.29,98.47,Mus musculus
NEUR_1240,Thalamus,11.02,61.52,Danio rerio
NEUR_6386,Amygdala,0.48,35.32,Macaca mulatta
NEUR_7005,Hypothalamus,20.12,32.21,Rattus norvegicus
NEUR_5058,Hippocampus,119.1,107.87,Mus musculus
NEUR_7395,Amygdala,136.59,114.71,Mus musculus
NEUR_7102,Hippocampus,17.33,25.04,Danio rerio
NEUR_8749,Striatum,139.19,85.59,Rattus norvegicus
NEUR_7041,Cortex,144.07,42.21,Mus musculus
NEUR_6200,Cortex,85.21,119.25,Mus musculus
NEUR_8475,Hypothalamus,19.6,15.37,Mus musculus
NEUR_5389,Hypothalamus,98.62,22.29,Rattus norvegicus
NEUR_4059,Hippocampus,102.77,103.52,Rattus norvegicus
NEUR_4208,Amygdala,136.37,116.31,Rattus norvegicus
NEUR_9483,Hippocampus,139.26,90.08,Mus musculus
NEUR_4960,Amygdala,9.45,49.46,Macaca mulatta
NEUR_2274,Thalamus,46.37,23.57,Mus musculus
NEUR_9468,Amygdala,85.68,111.68,Macaca mulatta
NEUR_9374,Thalamus,131.87,39.25,Mus musculus
NEUR_2911,Cerebellum,63.27,113.03,Macaca mulatta
NEUR_6790,Amygdala,136.76,110.57,Mus musculus
NEUR_8970,Amygdala,106.98,16.97,Danio rerio
NEUR_3431,Thalamus,41.35,67.7,Macaca mulatta
NEUR_1007,Cerebellum,5.52,103.83,Rattus norvegicus
NEUR_9424,Striatum,135.64,91.94,Mus musculus
NEUR_4104,Cerebellum,77.18,47.77,Macaca mulatta
NEUR_3713,Cortex,51.7,14.44,Macaca mulatta
NEUR_2825,Striatum,41.27,87.8,Macaca mulatta
NEUR_7428,Striatum,68.45,119.15,Mus musculus
NEUR_6257,Hypothalamus,63.14,51.08,Mus musculus
NEUR_1320,Cortex,18.36,41.36,Mus musculus
NEUR_5473,Thalamus,115.94,105.29,Macaca mulatta
NEUR_6527,Cortex,130.77,53.61,Macaca mulatta
NEUR_9703,Hypothalamus,123.39,47.15,Macaca mulatta
NEUR_2728,Cerebellum,21.05,16.94,Rattus norvegicus
NEUR_2753,Amygdala,116.74,103.31,Mus musculus
NEUR_5234,Hypothalamus,76.58,103.66,Mus musculus
NEUR_5428,Cortex,6.45,49.28,Macaca mulatta
NEUR_4273,Striatum,144.51,49.76,Macaca mulatta
NEUR_1437,Hippocampus,135.53,78.49,Rattus norvegicus
NEUR_5486,Cortex,15.26,22.15,Mus musculus
NEUR_1868,Striatum,42.23,26.19,Mus musculus
NEUR_3943,Amygdala,29.16,99.09,Macaca mulatta
NEUR_7534,Hypothalamus,36.04,61.76,Danio rerio
NEUR_2973,Cerebellum,130.58,61.9,Mus musculus
NEUR_3582,Hippocampus,15.11,22.76,Mus musculus
NEUR_7771,Cortex,100.08,100.1,Rattus norvegicus
NEUR_2950,Striatum,149.5,93.99,Mus musculus
NEUR_7974,Amygdala,93.87,106.95,Macaca mulatta
NEUR_9407,Cerebellum,92.25,82.83,Macaca mulatta
NEUR_1084,Hippocampus,79.45,19.08,Danio rerio
NEUR_1654,Cerebellum,69.63,30.45,Rattus norvegicus
NEUR_9196,Striatum,137.83,22.13,Macaca mulatta
NEUR_4009,Hippocampus,67.13,13.11,Mus musculus
NEUR_5734,Amygdala,72.55,40.8,Danio rerio
NEUR_8260,Thalamus,39.5,17.89,Macaca mulatta
NEUR_5152,Hippocampus,19.21,66.16,Rattus norvegicus
NEUR_5448,Striatum,40.88,17.56,Danio rerio
NEUR_4239,Hippocampus,144.92,118.86,Mus musculus
NEUR_9864,Striatum,85.54,65.61,Mus musculus
NEUR_9206,Cortex,145.81,48.61,Mus musculus
NEUR_8578,Cerebellum,49.42,71.73,Mus musculus
NEUR_8353,Hippocampus,106.15,100.15,Mus musculus
NEUR_3387,Striatum,18.74,81.43,Macaca mulatta
NEUR_9980,Cerebellum,118.26,24.17,Rattus norvegicus
NEUR_2271,Hypothalamus,103.75,93.87,Danio rerio
NEUR_6068,Amygdala,134.29,50.52,Danio rerio
NEUR_7873,Cortex,69.21,108.15,Danio rerio
NEUR_6058,Striatum,33.17,43.97,Danio rerio
NEUR_1474,Cerebellum,70.52,32.88,Mus musculus
NEUR_8188,Hippocampus,20.38,112.27,Mus musculus
NEUR_4570,Cortex,56.2,90.93,Rattus norvegicus
NEUR_4840,Hippocampus,81.16,78.91,Macaca mulatta
NEUR_3981,Hippocampus,85.33,62.16,Macaca mulatta
NEUR_8368,Amygdala,39.38,14.87,Mus musculus
NEUR_4105,Striatum,47.11,61.54,Macaca mulatta
NEUR_4205,Thalamus,121.62,52.17,Danio rerio
NEUR_8714,Striatum,90.97,117.22,Danio rerio
NEUR_8580,Hippocampus,89.26,75.82,Danio rerio
NEUR_9465,Striatum,17.24,32.4,Mus musculus
NEUR_2577,Hypothalamus,139.65,77.29,Mus musculus
NEUR_2100,Thalamus,74.89,53.56,Rattus norvegicus
NEUR_9620,Cortex,91.01,69.07,Danio rerio
NEUR_5532,Thalamus,87.86,79.77,Macaca mulatta
NEUR_3254,Amygdala,7.67,114.21,Rattus norvegicus
NEUR_4618,Cortex,85.95,34.62,Mus musculus
NEUR_2102,Cerebellum,106.96,91.94,Danio rerio
NEUR_7077,Amygdala,124.19,23.22,Danio rerio
NEUR_4492,Thalamus,55.52,94.98,Rattus norvegicus
NEUR_3651,Striatum,109.98,83.04,Mus musculus
NEUR_5030,Thalamus,39.47,26.75,Mus musculus
NEUR_3055,Amygdala,62.72,73.34,Mus musculus
NEUR_6976,Cortex,36.56,58.51,Danio rerio
NEUR_4073,Amygdala,111.66,89.18,Rattus norvegicus
NEUR_2811,Cortex,39.99,91.53,Rattus norvegicus
NEUR_6525,Amygdala,147.13,60.8,Mus musculus
NEUR_7730,Hypothalamus,137.98,43.27,Danio rerio
NEUR_7963,Hippocampus,97.34,58.57,Mus musculus
NEUR_2656,Cortex,131.87,42.83,Danio rerio
NEUR_3804,Cortex,116.73,40.3,Rattus norvegicus
NEUR_8052,Hypothalamus,62.45,37.3,Danio rerio
NEUR_9139,Hippocampus,83.27,52.4,Rattus norvegicus
NEUR_5221,Amygdala,124.94,52.65,Macaca mulatta
NEUR_4842,Cerebellum,109.43,113.25,Rattus norvegicus
NEUR_1740,Thalamus,74.02,28.13,Danio rerio
NEUR_3051,Hypothalamus,27.53,25.31,Danio rerio
NEUR_1510,Cerebellum,69.21,47.56,Mus musculus
NEUR_8506,Striatum,133.94,22.67,Danio rerio
NEUR_3219,Striatum,54.88,70.77,Mus musculus
NEUR_6947,Hippocampus,65.09,112.4,Danio rerio
NEUR_8892,Cortex,9.29,14.8,Mus musculus
NEUR_5210,Cortex,12.52,97.27,Danio rerio
NEUR_1191,Amygdala,100.3,35.47,Macaca mulatta
NEUR_6458,Hypothalamus,26.56,11.17,Rattus norvegicus
NEUR_3960,Cerebellum,7.97,111.95,Rattus norvegicus
NEUR_5007,Hippocampus,90.24,83.68,Danio rerio
NEUR_6326,Amygdala,43.14,45.71,Danio rerio
NEUR_6220,Amygdala,77.99,93.05,Mus musculus
NEUR_6868,Thalamus,83.57,81.2,Rattus norvegicus
NEUR_6904,Thalamus,57.17,33.56,Danio rerio
NEUR_8456,Cortex,144.02,108.94,Danio rerio
NEUR_2044,Hypothalamus,106.16,12.94,Mus musculus
NEUR_4740,Hypothalamus,62.4,111.01,Mus musculus
NEUR_7392,Cortex,30.58,16.42,Rattus norvegicus
NEUR_1876,Thalamus,56.5,56.08,Mus musculus
NEUR_8972,Amygdala,59.83,31.09,Mus musculus
NEUR_4436,Striatum,63.7,46.94,Mus musculus
NEUR_4773,Cortex,33.77,65.4,Macaca mulatta
NEUR_5993,Hypothalamus,85.91,68.62,Rattus norvegicus
NEUR_5819,Cerebellum,10.12,36.57,Rattus norvegicus
NEUR_7481,Amygdala,120.55,32.73,Macaca mulatta
NEUR_3952,Cerebellum,134.42,111.64,Rattus norvegicus
NEUR_4036,Cortex,87.86,102.41,Macaca mulatta
NEUR_6635,Hippocampus,21.39,58.23,Danio rerio
NEUR_6500,Amygdala,106.83,55.95,Macaca mulatta
NEUR_9540,Cerebellum,1.7,21.78,Macaca mulatta
NEUR_2800,Striatum,136.2,99.28,Mus musculus
NEUR_1763,Hypothalamus,79.02,116.7,Macaca mulatta
NEUR_9042,Amygdala,77.67,16.1,Danio rerio
NEUR_3834,Cerebellum,61.2,95.13,Danio rerio
NEUR_6849,Amygdala,98.13,49.73,Macaca mulatta
NEUR_6363,Thalamus,10.17,61.26,Macaca mulatta
NEUR_4358,Hippocampus,39.35,106.09,Macaca mulatta
NEUR_9557,Amygdala,112.05,12.44,Macaca mulatta
NEUR_9632,Striatum,35.67,92.21,Mus musculus
NEUR_1015,Amygdala,46.82,95.37,Rattus norvegicus
NEUR_7505,Cortex,107.29,109.37,Mus musculus
NEUR_3173,Cerebellum,66.17,95.94,Rattus norvegicus
NEUR_5055,Amygdala,58.8,86.19,Macaca mulatta
NEUR_2194,Striatum,81.93,39.4,Danio rerio
NEUR_4542,Cerebellum,46.91,111.14,Mus musculus
NEUR_2862,Cortex,26.29,80.37,Macaca mulatta
NEUR_3544,Thalamus,45.84,18.63,Macaca mulatta
NEUR_2721,Cortex,105.45,75.73,Mus musculus
NEUR_4014,Cortex,29.01,67.67,Macaca mulatta
NEUR_2308,Thalamus,108.96,41.07,Danio rerio
NEUR_2209,Cerebellum,67.13,11.94,Macaca mulatta
NEUR_6993,Striatum,142.04,119.54,Macaca mulatta
NEUR_4039,Thalamus,144.27,63.17,Rattus norvegicus
NEUR_3395,Cortex,73.31,54.08,Macaca mulatta
NEUR_1918,Hippocampus,45.01,67.29,Danio rerio
NEUR_4255,Striatum,17.44,68.4,Danio rerio
NEUR_8852,Striatum,128.24,67.11,Macaca mulatta
NEUR_5769,Hippocampus,77.96,56.34,Macaca mulatta
NEUR_8241,Cerebellum,40.38,45.35,Rattus norvegicus
NEUR_9621,Thalamus,130.54,43.35,Danio rerio
NEUR_2476,Striatum,88.68,75.81,Macaca mulatta
NEUR_2781,Thalamus,95.39,78.24,Danio rerio
NEUR_4827,Cerebellum,113.57,25.06,Danio rerio
NEUR_3012,Cortex,78.81,13.78,Macaca mulatta
NEUR_5234,Amygdala,0.9,74.9,Danio rerio
NEUR_9219,Cerebellum,20.2,80.39,Danio rerio
NEUR_1431,Amygdala,83.51,88.53,Macaca mulatta
NEUR_1772,Cortex,102.62,20.27,Mus musculus
NEUR_7785,Cerebellum,97.81,89.36,Danio rerio
NEUR_5083,Striatum,149.12,67.22,Rattus norvegicus
NEUR_8831,Amygdala,135.97,71.12,Danio rerio
NEUR_7909,Striatum,5.85,118.77,Rattus norvegicus
NEUR_9392,Hypothalamus,122.14,99.38,Rattus norvegicus
NEUR_8632,Amygdala,74.77,73.34,Macaca mulatta
NEUR_8907,Cortex,48.83,15.36,Danio rerio
NEUR_6605,Amygdala,115.54,56.42,Mus musculus
NEUR_1632,Amygdala,54.04,66.05,Mus musculus
NEUR_1863,Cerebellum,127.53,15.97,Danio rerio
NEUR_1839,Hypothalamus,32.57,119.77,Rattus norvegicus
NEUR_7742,Cerebellum,60.54,23.91,Mus musculus
NEUR_5351,Cortex,148.9,62.35,Macaca mulatta
NEUR_2240,Amygdala,113.07,79.82,Rattus norvegicus
NEUR_7699,Hypothalamus,70.68,110.72,Rattus norvegicus
NEUR_1797,Hippocampus,78.19,84.16,Macaca mulatta
NEUR_2507,Striatum,77.5,73.42,Danio rerio
NEUR_5148,Cerebellum,33.15,28.42,Danio rerio
NEUR_4380,Amygdala,115.26,42.22,Mus musculus
NEUR_8314,Amygdala,123.8,11.35,Macaca mulatta
NEUR_2576,Thalamus,29.81,21.92,Mus musculus
NEUR_6548,Amygdala,107.14,113.91,Mus musculus
NEUR_7473,Cortex,117.52,100.31,Rattus norvegicus
NEUR_4923,Hippocampus,122.52,64.8,Rattus norvegicus
NEUR_1274,Cerebellum,27.63,28.86,Mus musculus
NEUR_2618,Striatum,113.9,70.22,Rattus norvegicus
NEUR_4012,Cerebellum,35.63,91.51,Rattus norvegicus
NEUR_2461,Cerebellum,46.07,76.43,Danio rerio
NEUR_1270,Cortex,128.69,108.17,Danio rerio
NEUR_7902,Thalamus,45.32,18.85,Rattus norvegicus
NEUR_6306,Cerebellum,96.8,116.94,Macaca mulatta
NEUR_2361,Cortex,52.19,113.51,Danio rerio
NEUR_5944,Thalamus,108.88,76.55,Rattus norvegicus
NEUR_6589,Cerebellum,139.45,82.96,Danio rerio
NEUR_3540,Cortex,48.71,44.81,Rattus norvegicus
NEUR_5566,Striatum,113.91,47.54,Danio rerio
NEUR_4039,Hypothalamus,141.76,46.65,Macaca mulatta
NEUR_8992,Amygdala,2.11,22.91,Rattus norvegicus
NEUR_2305,Hippocampus,23.94,75.43,Mus musculus
NEUR_6568,Cortex,68.24,33.24,Mus musculus
NEUR_5458,Thalamus,78.32,95.45,Macaca mulatta
NEUR_5377,Cerebellum,149.51,60.81,Rattus norvegicus
NEUR_8342,Cortex,104.02,64.9,Macaca mulatta
NEUR_8618,Cerebellum,84.15,97.35,Macaca mulatta
NEUR_1836,Hypothalamus,66.81,48.99,Macaca mulatta
NEUR_4900,Cerebellum,114.9,69.22,Rattus norvegicus
NEUR_5355,Hippocampus,96.19,89.05,Rattus norvegicus
NEUR_4067,Cerebellum,42.37,25.18,Mus musculus
NEUR_2880,Cerebellum,80.05,47.48,Rattus norvegicus
NEUR_8454,Hippocampus,95.44,117.19,Danio rerio
NEUR_2261,Cortex,63.97,20.29,Mus musculus
NEUR_1297,Hippocampus,54.74,57.68,Rattus norvegicus
NEUR_8627,Hippocampus,41.86,92.96,Mus musculus
NEUR_3636,Striatum,87.65,104.53,Danio rerio
NEUR_5619,Amygdala,91.82,117.3,Macaca mulatta
NEUR_5749,Hippocampus,98.27,26.89,Danio rerio
NEUR_6619,Amygdala,7.04,39.04,Macaca mulatta
NEUR_5467,Striatum,100.35,96.52,Macaca mulatta
NEUR_4871,Amygdala,119.2,78.07,Rattus norvegicus
NEUR_5682,Hippocampus,51.26,47.54,Danio rerio
NEUR_8086,Cortex,30.06,107.85,Danio rerio
NEUR_7674,Hypothalamus,114.92,39.72,Danio rerio
NEUR_3202,Striatum,92.03,15.55,Rattus norvegicus
NEUR_8036,Cerebellum,138.29,44.71,Danio rerio
NEUR_2857,Thalamus,80.37,55.49,Mus musculus
NEUR_4453,Striatum,7.11,44.84,Mus musculus
NEUR_4181,Cortex,36.12,56.22,Rattus norvegicus
NEUR_3003,Hypothalamus,22.62,104.35,Mus musculus
NEUR_9196,Cortex,39.76,50.06,Mus musculus
NEUR_4907,Cortex,119.38,36.43,Danio rerio
NEUR_9828,Cortex,107.87,12.03,Macaca mulatta
NEUR_5659,Cerebellum,125.9,18.31,Danio rerio
NEUR_4705,Striatum,34.76,102.9,Danio rerio
NEUR_9227,Thalamus,99.49,86.37,Mus musculus
NEUR_3610,Amygdala,77.23,18.2,Danio rerio
NEUR_8331,Cerebellum,6.23,28.46,Danio rerio
NEUR_1546,Amygdala,95.41,115.8,Danio rerio
NEUR_8847,Cortex,106.07,11.72,Rattus norvegicus
NEUR_6253,Hippocampus,119.18,75.47,Danio rerio
NEUR_2016,Cerebellum,142.65,38.59,Mus musculus
NEUR_7225,Hypothalamus,30.88,52.41,Mus musculus
NEUR_2210,Hypothalamus,30.64,107.26,Mus musculus
NEUR_6181,Hippocampus,93.39,38.99,Mus musculus
NEUR_9590,Cortex,17.4,46.74,Macaca mulatta
NEUR_2502,Cortex,96.78,112.56,Rattus norvegicus
NEUR_7829,Amygdala,55.68,15.45,Mus musculus
NEUR_3576,Cortex,110.25,56.87,Danio rerio
NEUR_7454,Striatum,14.19,65.42,Macaca mulatta
NEUR_3336,Cortex,11.91,114.28,Danio rerio
NEUR_1362,Cortex,23.19,43.69,Danio rerio
NEUR_4636,Striatum,18.55,33.61,Rattus norvegicus
NEUR_3089,Striatum,54.64,93.43,Danio rerio
NEUR_7055,Striatum,101.58,115.57,Rattus norvegicus
NEUR_2015,Thalamus,133.6,87.21,Macaca mulatta
NEUR_4417,Striatum,74.79,103.27,Danio rerio
NEUR_8428,Hypothalamus,91.63,20.22,Danio rerio
NEUR_4800,Cerebellum,98.83,66.83,Rattus norvegicus
NEUR_2355,Hippocampus,121.98,24.36,Macaca mulatta
NEUR_7727,Cortex,92.85,32.1,Danio rerio
NEUR_9337,Thalamus,116.17,48.73,Macaca mulatta
NEUR_5084,Cortex,127.05,90.27,Danio rerio
NEUR_1293,Hippocampus,70.62,74.86,Macaca mulatta
NEUR_5621,Hippocampus,69.64,72.72,Danio rerio
NEUR_2535,Amygdala,38.54,47.89,Danio rerio
NEUR_3920,Thalamus,146.5,20.23,Macaca mulatta
NEUR_2431,Cortex,2.46,84.7,Macaca mulatta
NEUR_6512,Hippocampus,112.59,36.15,Danio rerio
NEUR_7932,Amygdala,107.03,64.76,Mus musculus
NEUR_5970,Cerebellum,88.23,93.54,Rattus norvegicus
NEUR_8462,Hippocampus,49.4,41.95,Macaca mulatta
NEUR_6099,Amygdala,145.04,102.64,Mus musculus
NEUR_7197,Cerebellum,32.67,69.49,Macaca mulatta
NEUR_7555,Hypothalamus,68.31,78.09,Danio rerio
NEUR_9177,Cortex,135.89,25.8,Mus musculus
NEUR_5062,Hypothalamus,27.45,31.97,Danio rerio
NEUR_2753,Striatum,94.49,98.34,Danio rerio
NEUR_8782,Thalamus,122.01,11.06,Rattus norvegicus
NEUR_6958,Thalamus,0.27,54.16,Mus musculus
NEUR_8910,Amygdala,94.69,86.85,Rattus norvegicus
NEUR_9014,Hippocampus,73.86,119.63,Macaca mulatta
NEUR_6986,Thalamus,5.24,85.15,Macaca mulatta
NEUR_5771,Thalamus,106.56,37.41,Mus musculus
NEUR_3880,Striatum,122.93,72.68,Rattus norvegicus
NEUR_2124,Hypothalamus,128.71,50.54,Mus musculus
NEUR_7475,Cortex,73.7,43.02,Danio rerio
NEUR_2206,Cerebellum,33.65,61.06,Danio rerio
NEUR_8059,Hippocampus,40.93,87.26,Danio rerio
NEUR_2417,Amygdala,81.47,41.27,Rattus norvegicus
NEUR_5821,Thalamus,43.81,38.92,Danio rerio
NEUR_9483,Cortex,18.92,22.95,Mus musculus
NEUR_5379,Cerebellum,75.04,70.21,Danio rerio
NEUR_9219,Thalamus,94.36,93.63,Mus musculus
NEUR_6117,Cortex,77.6,54.16,Rattus norvegicus
NEUR_2461,Amygdala,28.09,102.03,Rattus norvegicus
NEUR_9431,Thalamus,37.05,114.89,Rattus norvegicus
NEUR_4176,Amygdala,101.96,23.69,Danio rerio
NEUR_4204,Cerebellum,19.66,71.83,Mus musculus
NEUR_4094,Hippocampus,31.83,65.43,Mus musculus
NEUR_6106,Cortex,115.89,85.41,Macaca mulatta
NEUR_3063,Cortex,131.57,108.79,Rattus norvegicus
NEUR_6080,Striatum,7.12,96.81,Macaca mulatta
NEUR_8668,Cerebellum,56.46,92.86,Rattus norvegicus
NEUR_6746,Hypothalamus,10.26,43.18,Rattus norvegicus
NEUR_2379,Cerebellum,139.69,23.66,Rattus norvegicus
NEUR_5969,Hypothalamus,25.9,10.06,Macaca mulatta
NEUR_1990,Amygdala,11.51,29.38,Danio rerio
NEUR_3467,Amygdala,66.47,10.68,Macaca mulatta
NEUR_1053,Striatum,124.88,66.09,Rattus norvegicus
NEUR_5846,Hippocampus,84.79,65.63,Rattus norvegicus
NEUR_2607,Thalamus,118.47,42.49,Macaca mulatta
NEUR_5487,Cerebellum,61.53,106.37,Mus musculus
NEUR_8272,Amygdala,122.08,20.37,Danio rerio
NEUR_8136,Amygdala,57.97,57.43,Rattus norvegicus
NEUR_9291,Hippocampus,63.33,114.2,Danio rerio
NEUR_7999,Hippocampus,147.94,73.23,Macaca mulatta
NEUR_2649,Hippocampus,43.79,96.66,Danio rerio
NEUR_6833,Striatum,42.47,14.38,Rattus norvegicus
NEUR_4279,Cortex,71.7,28.51,Macaca mulatta
NEUR_9037,Amygdala,141.12,14.62,Mus musculus
NEUR_3758,Thalamus,37.37,36.44,Danio rerio
NEUR_1302,Cortex,96.37,94.39,Macaca mulatta
NEUR_2210,Hypothalamus,61.25,25.79,Mus musculus
NEUR_5161,Hypothalamus,104.55,35.13,Rattus norvegicus
NEUR_7595,Cerebellum,111.17,93.58,Danio rerio
NEUR_1492,Hippocampus,45.89,42.03,Macaca mulatta
NEUR_6912,Thalamus,144.72,65.6,Macaca mulatta
NEUR_7154,Cortex,100.82,18.33,Macaca mulatta
NEUR_7882,Hippocampus,64.38,119.09,Rattus norvegicus
NEUR_4581,Amygdala,139.76,105.93,Macaca mulatta
NEUR_5692,Thalamus,95.21,116.02,Rattus norvegicus
NEUR_2907,Hippocampus,143.5,18.51,Rattus norvegicus
NEUR_8619,Hypothalamus,60.08,32.09,Danio rerio
NEUR_8115,Cerebellum,97.36,112.78,Macaca mulatta
NEUR_4008,Cerebellum,71.84,95.91,Rattus norvegicus
NEUR_1096,Hypothalamus,78.22,38.62,Mus musculus
NEUR_3345,Hypothalamus,81.4,45.94,Rattus norvegicus
NEUR_9786,Hypothalamus,15.64,59.27,Macaca mulatta
NEUR_1434,Amygdala,95.52,91.4,Rattus norvegicus
NEUR_1329,Thalamus,128.03,11.24,Mus musculus
NEUR_5031,Cerebellum,35.92,38.52,Danio rerio
NEUR_7824,Cortex,59.3,15.16,Macaca mulatta
NEUR_9799,Cerebellum,42.92,47.88,Rattus norvegicus
NEUR_4339,Striatum,61.41,31.65,Macaca mulatta
NEUR_7142,Cerebellum,81.3,66.99,Danio rerio
NEUR_1251,Cortex,48.57,113.81,Rattus norvegicus
NEUR_8240,Striatum,48.85,69.44,Mus musculus
NEUR_3628,Cortex,117.64,54.08,Danio rerio
NEUR_8080,Amygdala,14.68,30.85,Macaca mulatta
NEUR_7319,Hippocampus,102.36,107.65,Mus musculus
NEUR_7533,Thalamus,84.55,58.37,Macaca mulatta
NEUR_5118,Hypothalamus,38.04,62.64,Danio rerio
NEUR_5724,Amygdala,32.53,48.3,Danio rerio
NEUR_6662,Hippocampus,66.99,106.1,Macaca mulatta
NEUR_3215,Thalamus,14.29,19.31,Rattus norvegicus
NEUR_6044,Hippocampus,35.69,92.08,Mus musculus
NEUR_7827,Cortex,63.59,91.19,Rattus norvegicus
NEUR_4880,Amygdala,28.49,59.76,Rattus norvegicus
NEUR_1253,Striatum,94.01,69.92,Macaca mulatta
NEUR_2608,Cortex,45.25,79.91,Mus musculus
NEUR_2425,Cerebellum,43.93,61.2,Macaca mulatta
NEUR_6803,Amygdala,45.98,39.2,Danio rerio
NEUR_6571,Hippocampus,29.24,86.76,Danio rerio
NEUR_5883,Cerebellum,73.29,44.79,Danio rerio
NEUR_7682,Hippocampus,39.58,42.45,Danio rerio
NEUR_1374,Cortex,84.81,37.56,Danio rerio
NEUR_6431,Striatum,97.62,20.35,Mus musculus
NEUR_5498,Hypothalamus,1.38,67.09,Macaca mulatta
NEUR_3291,Hippocampus,61.93,87.88,Mus musculus
NEUR_9614,Hippocampus,82.37,73.72,Macaca mulatta
NEUR_4965,Striatum,15.22,49.02,Macaca mulatta
NEUR_4873,Thalamus,47.41,96.31,Mus musculus
NEUR_4313,Hippocampus,138.66,30.12,Mus musculus
NEUR_7525,Thalamus,126.5,94.67,Rattus norvegicus
NEUR_9691,Cortex,112.84,88.52,Danio rerio
NEUR_9936,Striatum,66.74,66.94,Rattus norvegicus
NEUR_8589,Hippocampus,70.81,53.89,Rattus norvegicus
NEUR_6582,Hippocampus,99.01,63.49,Macaca mulatta
NEUR_3464,Hypothalamus,100.44,99.54,Danio rerio
NEUR_2847,Hippocampus,89.82,57.17,Mus musculus
NEUR_4962,Hypothalamus,79.17,108.5,Macaca mulatta
NEUR_2712,Hippocampus,64.02,21.07,Danio rerio
NEUR_7230,Striatum,0.44,104.68,Rattus norvegicus
NEUR_8331,Cerebellum,127.62,72.06,Danio rerio
NEUR_7919,Hypothalamus,48.53,105.56,Mus musculus
NEUR_8284,Cortex,142.73,97.71,Macaca mulatta
NEUR_5129,Thalamus,55.59,78.34,Mus musculus
NEUR_6705,Cerebellum,38.01,24.82,Macaca mulatta
NEUR_4895,Thalamus,137.95,87.28,Rattus norvegicus
NEUR_2950,Amygdala,137.35,14.39,Danio rerio
NEUR_9323,Amygdala,2.59,41.1,Macaca mulatta
NEUR_2033,Striatum,10.27,112.5,Danio rerio
NEUR_3812,Thalamus,101.98,13.64,Rattus norvegicus
NEUR_1432,Amygdala,124.61,22.04,Rattus norvegicus
NEUR_6511,Striatum,26.21,114.59,Macaca mulatta
NEUR_9936,Hippocampus,63.17,107.82,Rattus norvegicus
NEUR_7879,Amygdala,134.3,76.23,Danio rerio
NEUR_1188,Cortex,133.09,91.9,Danio rerio
NEUR_7802,Cerebellum,8.33,20.48,Danio rerio
NEUR_8688,Hippocampus,113.07,35.49,Rattus norvegicus
NEUR_5147,Hypothalamus,143.98,62.28,Mus musculus
NEUR_5320,Cerebellum,125.52,70.88,Macaca mulatta
NEUR_4984,Striatum,11.37,28.96,Danio rerio
NEUR_7769,Hypothalamus,103.1,114.95,Macaca mulatta
NEUR_4192,Cortex,13.96,39.79,Mus musculus
NEUR_6095,Hippocampus,90.4,84.01,Mus musculus
NEUR_4936,Hippocampus,3.46,102.31,Rattus norvegicus
NEUR_6692,Cortex,16.65,69.57,Macaca mulatta
NEUR_7394,Cortex,90.44,54.69,Macaca mulatta
NEUR_1051,Amygdala,78.61,70.19,Macaca mulatta
NEUR_7410,Cerebellum,67.64,72.37,Danio rerio
NEUR_8411,Amygdala,36.44,74.3,Danio rerio
NEUR_6984,Amygdala,12.22,61.22,Rattus norvegicus
NEUR_6508,Hypothalamus,100.53,70.02,Mus musculus
NEUR_1156,Thalamus,5.89,66.91,Rattus norvegicus
NEUR_1837,Striatum,97.31,50.42,Macaca mulatta
NEUR_1135,Cerebellum,3.27,57.84,Danio rerio
NEUR_2136,Cortex,71.38,87.58,Macaca mulatta
NEUR_1256,Striatum,11.91,119.88,Macaca mulatta
NEUR_9729,Cerebellum,80.33,86.17,Macaca mulatta
NEUR_5231,Hypothalamus,53.77,53.67,Macaca mulatta
NEUR_8885,Hypothalamus,149.39,81.52,Rattus norvegicus
NEUR_7459,Cerebellum,88.75,87.47,Mus musculus
NEUR_3530,Amygdala,95.61,92.95,Rattus norvegicus
NEUR_4920,Thalamus,38.91,30.74,Macaca mulatta
NEUR_4854,Hypothalamus,83.19,10.49,Macaca mulatta
NEUR_9105,Striatum,34.49,50.79,Rattus norvegicus
NEUR_5247,Cortex,18.89,117.34,Macaca mulatta
NEUR_4154,Hippocampus,42.29,42.1,Rattus norvegicus
NEUR_2302,Hypothalamus,125.82,116.01,Danio rerio
NEUR_9412,Thalamus,54.94,22.17,Macaca mulatta
NEUR_7361,Thalamus,48.98,118.1,Macaca mulatta
NEUR_7963,Striatum,130.76,91.21,Macaca mulatta
NEUR_3596,Thalamus,17.65,103.74,Mus musculus
NEUR_9197,Striatum,114.87,70.7,Macaca mulatta
NEUR_5973,Thalamus,66.91,51.16,Macaca mulatta
NEUR_6487,Hippocampus,24.65,84.75,Mus musculus
NEUR_1213,Thalamus,86.69,11.95,Danio rerio
NEUR_1264,Cerebellum,63.02,15.08,Macaca mulatta
NEUR_5627,Cerebellum,51.55,23.15,Mus musculus
NEUR_1879,Amygdala,8.07,102.05,Macaca mulatta
NEUR_8931,Cortex,117.26,93.5,Danio rerio
NEUR_6312,Hippocampus,52.2,12.18,Rattus norvegicus
NEUR_8969,Thalamus,147.51,109.85,Macaca mulatta
NEUR_9564,Amygdala,81.96,112.42,Danio rerio
NEUR_1549,Amygdala,88.61,53.55,Rattus norvegicus
NEUR_3834,Striatum,137.97,117.58,Mus musculus
NEUR_8555,Cortex,122.49,91.51,Macaca mulatta
NEUR_3769,Hippocampus,46.45,58.65,Macaca mulatta
NEUR_6123,Cortex,34.54,11.7,Danio rerio
NEUR_1526,Amygdala,147.09,110.14,Mus musculus
NEUR_5359,Hypothalamus,95.65,60.29,Rattus norvegicus
NEUR_9542,Cortex,102.51,78.89,Danio rerio
NEUR_5216,Hippocampus,26.02,56.66,Rattus norvegicus
NEUR_8265,Hypothalamus,1.15,94.99,Rattus norvegicus
NEUR_4881,Cortex,81.05,18.0,Rattus norvegicus
NEUR_4457,Cortex,21.1,89.87,Mus musculus
NEUR_9789,Cerebellum,144.55,60.42,Rattus norvegicus
NEUR_9669,Thalamus,66.12,10.43,Rattus norvegicus
NEUR_6797,Cerebellum,76.19,40.49,Mus musculus
NEUR_4572,Hypothalamus,25.55,36.25,Mus musculus
NEUR_8522,Cerebellum,44.06,19.44,Danio rerio
NEUR_6374,Hippocampus,129.71,92.51,Rattus norvegicus
NEUR_2468,Hypothalamus,126.58,81.68,Danio rerio
NEUR_6657,Thalamus,30.3,26.62,Mus musculus
NEUR_5709,Striatum,18.4,62.58,Mus musculus
NEUR_4758,Cortex,58.59,76.08,Mus musculus
NEUR_8629,Hippocampus,37.73,25.09,Rattus norvegicus
NEUR_6431,Amygdala,5.02,106.17,Macaca mulatta
NEUR_6954,Amygdala,40.67,43.23,Danio rerio
NEUR_1872,Hypothalamus,136.47,96.92,Macaca mulatta
NEUR_4462,Striatum,140.42,113.16,Macaca mulatta
NEUR_5066,Hippocampus,10.9,55.96,Mus musculus
NEUR_9481,Hippocampus,93.58,18.2,Mus musculus
NEUR_5300,Hypothalamus,14.97,58.11,Macaca mulatta
NEUR_7323,Hypothalamus,61.5,13.21,Danio rerio
NEUR_3540,Hippocampus,76.8,17.0,Mus musculus
NEUR_7368,Hypothalamus,19.06,73.69,Macaca mulatta
NEUR_8121,Thalamus,95.12,58.07,Danio rerio
NEUR_3432,Thalamus,93.7,72.27,Macaca mulatta
NEUR_9859,Hippocampus,39.26,23.72,Rattus norvegicus
NEUR_5901,Amygdala,117.18,97.16,Macaca mulatta
NEUR_4213,Cerebellum,15.54,95.61,Macaca mulatta
NEUR_2495,Striatum,71.54,119.18,Rattus norvegicus
NEUR_9430,Cortex,69.98,94.05,Macaca mulatta
NEUR_9952,Amygdala,129.59,66.45,Mus musculus
NEUR_5601,Hippocampus,104.25,64.8,Danio rerio
NEUR_1477,Hypothalamus,80.29,114.29,Macaca mulatta
NEUR_2577,Hippocampus,82.79,102.0,Danio rerio
NEUR_6809,Striatum,77.86,72.9,Rattus norvegicus
NEUR_6061,Hypothalamus,121.62,16.12,Macaca mulatta
NEUR_8748,Cortex,147.61,65.65,Rattus norvegicus
NEUR_1393,Amygdala,78.63,55.92,Rattus norvegicus
NEUR_6609,Striatum,25.32,95.69,Rattus norvegicus
NEUR_2350,Cerebellum,66.36,85.89,Danio rerio
NEUR_5598,Cortex,74.18,118.6,Mus musculus
NEUR_1352,Hypothalamus,142.54,48.06,Danio rerio
NEUR_9239,Hypothalamus,125.01,15.03,Danio rerio
NEUR_2956,Hypothalamus,94.99,58.17,Danio rerio
NEUR_2793,Hypothalamus,109.0,101.16,Rattus norvegicus
NEUR_6628,Hippocampus,77.84,78.91,Mus musculus
NEUR_5571,Cortex,128.95,31.37,Macaca mulatta
NEUR_8241,Cerebellum,109.29,57.84,Danio rerio
NEUR_8971,Amygdala,104.93,92.95,Mus musculus
NEUR_4236,Amygdala,69.68,88.55,Macaca mulatta
NEUR_5835,Hypothalamus,140.94,47.77,Mus musculus
NEUR_5616,Hippocampus,143.65,30.95,Macaca mulatta
NEUR_1077,Thalamus,145.21,46.83,Mus musculus
NEUR_6707,Cortex,10.38,11.87,Danio rerio
NEUR_2673,Amygdala,87.12,97.78,Macaca mulatta
NEUR_8976,Hippocampus,106.48,17.45,Danio rerio
NEUR_9141,Hippocampus,48.74,59.09,Danio rerio
NEUR_5099,Amygdala,101.68,21.63,Rattus norvegicus
NEUR_8288,Cerebellum,0.28,18.3,Mus musculus
NEUR_1642,Thalamus,19.16,84.75,Rattus norvegicus
NEUR_6049,Hippocampus,32.9,75.95,Danio rerio
NEUR_1775,Striatum,38.16,98.63,Mus musculus
NEUR_9997,Amygdala,147.01,51.22,Rattus norvegicus
NEUR_9254,Cortex,59.12,98.94,Danio rerio
NEUR_1082,Amygdala,32.81,30.93,Mus musculus
NEUR_6963,Hypothalamus,78.91,20.01,Rattus norvegicus
NEUR_4793,Striatum,142.89,77.49,Rattus norvegicus
NEUR_2165,Hypothalamus,25.7,97.92,Rattus norvegicus
NEUR_2289,Cerebellum,69.99,32.97,Rattus norvegicus
NEUR_9499,Amygdala,62.86,102.67,Mus musculus
NEUR_1319,Striatum,148.69,35.94,Macaca mulatta
NEUR_4775,Amygdala,22.37,81.0,Danio rerio
NEUR_3411,Thalamus,109.54,107.81,Rattus norvegicus
NEUR_2177,Cerebellum,63.16,93.92,Rattus norvegicus
NEUR_6970,Amygdala,137.56,26.62,Mus musculus
NEUR_7882,Thalamus,75.76,57.82,Danio rerio
NEUR_7605,Striatum,141.09,32.69,Mus musculus
NEUR_7209,Hypothalamus,129.96,105.87,Macaca mulatta
NEUR_6451,Hypothalamus,116.25,30.57,Danio rerio
NEUR_5687,Striatum,28.53,82.33,Rattus norvegicus
NEUR_5546,Cerebellum,149.61,23.32,Danio rerio
NEUR_8291,Hypothalamus,60.49,79.88,Macaca mulatta
NEUR_2388,Hippocampus,65.13,16.34,Rattus norvegicus
NEUR_8009,Striatum,137.46,52.71,Rattus norvegicus
NEUR_8890,Cortex,27.19,40.17,Macaca mulatta
NEUR_8564,Striatum,143.06,34.49,Macaca mulatta
NEUR_7886,Cortex,1.82,47.57,Danio rerio
NEUR_1226,Cerebellum,107.07,82.13,Rattus norvegicus
NEUR_8839,Hippocampus,109.19,105.47,Danio rerio
NEUR_9929,Hippocampus,44.14,89.2,Rattus norvegicus
NEUR_2882,Cerebellum,77.27,81.62,Mus musculus
NEUR_2540,Thalamus,111.47,10.47,Macaca mulatta
NEUR_8759,Thalamus,37.17,44.2,Macaca mulatta
NEUR_7948,Cerebellum,79.61,39.49,Mus musculus
NEUR_9507,Hippocampus,72.73,84.39,Rattus norvegicus
NEUR_7900,Hypothalamus,23.05,72.3,Macaca mulatta
NEUR_8107,Cortex,78.45,16.17,Rattus norvegicus
NEUR_3341,Hypothalamus,114.22,72.46,Danio rerio
NEUR_8126,Hippocampus,38.34,30.24,Danio rerio
NEUR_8736,Cortex,48.32,56.61,Mus musculus
NEUR_3073,Cerebellum,33.73,83.89,Danio rerio
NEUR_3163,Thalamus,133.44,99.88,Danio rerio
NEUR_8333,Amygdala,107.55,16.02,Mus musculus
NEUR_3108,Hippocampus,19.49,104.43,Mus musculus
NEUR_7712,Thalamus,0.46,61.91,Mus musculus
NEUR_4186,Striatum,91.02,60.54,Macaca mulatta
NEUR_9294,Cortex,76.74,47.24,Mus musculus
NEUR_6907,Amygdala,56.03,52.82,Rattus norvegicus
NEUR_6353,Amygdala,109.8,105.64,Macaca mulatta
NEUR_7874,Amygdala,80.48,37.79,Mus musculus
NEUR_6967,Hippocampus,145.73,50.09,Macaca mulatta
NEUR_1759,Cortex,22.54,51.12,Danio rerio
NEUR_1534,Cerebellum,62.34,70.34,Rattus norvegicus
NEUR_9797,Hippocampus,60.16,28.08,Rattus norvegicus
NEUR_6645,Amygdala,148.92,14.56,Rattus norvegicus
NEUR_3497,Hypothalamus,50.77,65.72,Danio rerio
NEUR_9784,Hippocampus,32.16,61.02,Macaca mulatta
NEUR_2863,Hypothalamus,34.91,10.03,Rattus norvegicus
NEUR_1235,Cerebellum,60.06,79.0,Mus musculus
NEUR_5600,Striatum,26.5,53.64,Danio rerio
NEUR_5775,Hypothalamus,77.74,57.04,Mus musculus
NEUR_6439,Amygdala,95.14,105.09,Danio rerio
NEUR_8039,Thalamus,79.87,32.87,Macaca mulatta
NEUR_1084,Amygdala,37.88,94.76,Danio rerio
NEUR_6768,Cortex,52.66,103.1,Danio rerio
NEUR_8896,Striatum,146.5,37.82,Rattus norvegicus
NEUR_6592,Hypothalamus,33.42,54.51,Rattus norvegicus
NEUR_7234,Hypothalamus,103.27,90.98,Macaca mulatta
NEUR_8036,Amygdala,117.17,82.87,Mus musculus
NEUR_6284,Striatum,129.8,69.91,Rattus norvegicus
NEUR_6011,Striatum,53.78,49.98,Rattus norvegicus
NEUR_4251,Amygdala,110.13,105.55,Danio rerio
NEUR_1027,Cerebellum,11.8,11.58,Macaca mulatta
NEUR_9597,Cortex,87.99,29.96,Rattus norvegicus
NEUR_3872,Hippocampus,42.2,12.87,Danio rerio
NEUR_9598,Striatum,75.53,55.61,Mus musculus
NEUR_7433,Striatum,72.28,33.51,Danio rerio
NEUR_9157,Striatum,99.09,82.09,Rattus norvegicus
NEUR_3783,Striatum,71.15,53.14,Rattus norvegicus
NEUR_5375,Cerebellum,64.26,15.31,Macaca mulatta
NEUR_7854,Striatum,108.3,98.44,Mus musculus
NEUR_4527,Amygdala,63.2,46.02,Mus musculus
NEUR_1228,Hypothalamus,31.05,36.25,Danio rerio
NEUR_3561,Amygdala,128.37,59.41,Macaca mulatta
NEUR_5061,Thalamus,32.67,27.52,Danio rerio
NEUR_3379,Cerebellum,103.37,25.22,Macaca mulatta
NEUR_2198,Cortex,63.12,95.05,Rattus norvegicus
NEUR_5925,Hippocampus,140.81,91.64,Danio rerio
NEUR_5579,Amygdala,142.47,77.89,Rattus norvegicus
NEUR_9616,Thalamus,52.73,58.17,Rattus norvegicus
NEUR_7975,Cortex,84.38,89.02,Macaca mulatta
NEUR_9890,Cerebellum,128.7,102.21,Mus musculus
NEUR_7512,Cortex,49.33,58.45,Mus musculus
NEUR_2551,Thalamus,33.06,97.95,Danio rerio
NEUR_3055,Amygdala,130.02,34.55,Rattus norvegicus
NEUR_8287,Amygdala,58.54,105.87,Mus musculus
NEUR_2532,Cortex,120.03,56.93,Rattus norvegicus
NEUR_6051,Thalamus,18.57,53.57,Macaca mulatta
NEUR_3692,Amygdala,84.76,17.51,Macaca mulatta
NEUR_1019,Thalamus,123.26,112.59,Danio rerio
NEUR_2139,Hippocampus,93.03,60.26,Danio rerio
NEUR_1206,Hippocampus,133.71,21.03,Macaca mulatta
NEUR_8258,Striatum,35.98,10.1,Mus musculus
NEUR_1022,Hippocampus,53.64,110.55,Rattus norvegicus
NEUR_1563,Striatum,10.14,83.37,Danio rerio
NEUR_8107,Hypothalamus,17.39,54.47,Mus musculus
NEUR_3014,Thalamus,67.5,13.09,Rattus norvegicus
NEUR_4253,Cerebellum,109.76,62.11,Danio rerio
NEUR_2368,Cortex,73.07,41.62,Mus musculus
NEUR_9956,Cortex,73.04,48.75,Macaca mulatta
NEUR_5510,Cerebellum,143.55,79.14,Rattus norvegicus
NEUR_4213,Thalamus,128.72,53.84,Rattus norvegicus
NEUR_9729,Hippocampus,64.31,102.14,Mus musculus
NEUR_7640,Hypothalamus,1.14,78.38,Rattus norvegicus
NEUR_7062,Thalamus,127.23,103.86,Macaca mulatta
NEUR_9595,Hippocampus,6.26,47.31,Macaca mulatta
NEUR_4044,Hypothalamus,110.66,43.65,Macaca mulatta
NEUR_6817,Amygdala,38.44,82.9,Danio rerio
NEUR_8167,Striatum,91.71,26.39,Macaca mulatta
NEUR_3515,Thalamus,75.25,95.78,Danio rerio
NEUR_2037,Amygdala,15.4,56.25,Rattus norvegicus
NEUR_4940,Striatum,59.14,105.29,Rattus norvegicus
NEUR_1864,Hippocampus,28.14,23.11,Rattus norvegicus
NEUR_8011,Cortex,118.94,14.5,Macaca mulatta
NEUR_2203,Striatum,104.02,21.59,Macaca mulatta
NEUR_3580,Striatum,103.94,68.75,Macaca mulatta
NEUR_5307,Thalamus,41.84,42.51,Macaca mulatta
NEUR_8085,Striatum,145.86,31.01,Danio rerio
NEUR_5064,Hippocampus,65.95,86.22,Mus musculus
NEUR_3517,Hypothalamus,11.27,88.13,Mus musculus
NEUR_3837,Striatum,55.41,37.11,Mus musculus
NEUR_9716,Hypothalamus,146.63,113.34,Rattus norvegicus
NEUR_9907,Cerebellum,58.01,99.59,Danio rerio
NEUR_1210,Thalamus,117.29,93.0,Danio rerio
NEUR_3994,Amygdala,136.26,58.73,Mus musculus
NEUR_1836,Hippocampus,91.57,106.25,Danio rerio
NEUR_9877,Cortex,74.9,56.03,Macaca mulatta
NEUR_5662,Cerebellum,14.77,69.18,Danio rerio
NEUR_5537,Thalamus,18.61,97.62,Mus musculus
NEUR_6430,Hippocampus,142.58,38.62,Rattus norvegicus
NEUR_3805,Hippocampus,26.1,88.86,Macaca mulatta
NEUR_4539,Cerebellum,85.89,45.78,Danio rerio
NEUR_2006,Amygdala,79.54,89.24,Macaca mulatta
NEUR_7411,Thalamus,39.89,46.24,Macaca mulatta
NEUR_6984,Striatum,115.71,100.29,Mus musculus
NEUR_2185,Hippocampus,51.27,106.54,Danio rerio
NEUR_8999,Striatum,11.09,89.81,Mus musculus
NEUR_5586,Cortex,71.44,80.34,Danio rerio
NEUR_5839,Hippocampus,81.43,113.17,Rattus norvegicus
NEUR_7496,Cerebellum,131.97,93.87,Mus musculus
NEUR_6965,Amygdala,120.74,66.74,Danio rerio
NEUR_6159,Hypothalamus,73.42,37.33,Rattus norvegicus
NEUR_6446,Cerebellum,143.15,102.96,Mus musculus
NEUR_4600,Cerebellum,128.26,59.27,Mus musculus
NEUR_7251,Cortex,65.3,83.29,Macaca mulatta
NEUR_3625,Amygdala,66.07,37.88,Rattus norvegicus
NEUR_8623,Thalamus,82.35,100.95,Rattus norvegicus
NEUR_5229,Amygdala,111.72,31.21,Mus musculus
NEUR_5089,Thalamus,98.31,67.84,Rattus norvegicus
NEUR_3935,Striatum,34.36,58.12,Mus musculus
NEUR_7331,Hippocampus,35.43,98.86,Danio rerio
NEUR_1438,Hippocampus,6.61,100.97,Danio rerio
NEUR_6452,Cortex,131.32,71.38,Danio rerio
NEUR_9666,Hippocampus,75.87,62.37,Macaca mulatta
NEUR_2744,Amygdala,78.75,91.9,Macaca mulatta
NEUR_2053,Cerebellum,106.02,106.66,Mus musculus
NEUR_5830,Hypothalamus,61.57,96.03,Danio rerio
NEUR_2804,Hippocampus,24.92,104.09,Macaca mulatta
NEUR_9776,Amygdala,3.19,81.93,Macaca mulatta
NEUR_5225,Cortex,32.04,13.51,Rattus norvegicus
NEUR_3242,Thalamus,90.95,30.01,Mus musculus
NEUR_7753,Cortex,89.64,20.84,Macaca mulatta
NEUR_9008,Thalamus,57.24,29.05,Mus musculus
NEUR_7734,Hypothalamus,147.92,61.72,Mus musculus
NEUR_2074,Thalamus,86.44,41.34,Rattus norvegicus
NEUR_6320,Cerebellum,29.71,61.7,Mus musculus
NEUR_9321,Thalamus,133.93,85.08,Mus musculus
NEUR_4514,Striatum,65.08,39.93,Mus musculus
NEUR_9163,Thalamus,57.08,56.55,Macaca mulatta
NEUR_6883,Hippocampus,16.2,104.45,Mus musculus
NEUR_8204,Hypothalamus,21.33,50.86,Macaca mulatta
NEUR_4149,Hippocampus,115.21,116.17,Danio rerio
NEUR_5605,Cerebellum,80.64,22.01,Rattus norvegicus
NEUR_8277,Cerebellum,55.48,67.61,Macaca mulatta
NEUR_1865,Amygdala,97.37,63.98,Macaca mulatta
NEUR_8038,Hypothalamus,134.8,11.0,Mus musculus
NEUR_4984,Striatum,23.03,40.6,Rattus norvegicus
NEUR_1532,Cerebellum,89.22,93.36,Macaca mulatta
NEUR_4626,Striatum,77.01,88.35,Mus musculus
NEUR_4568,Cortex,78.15,32.46,Danio rerio
NEUR_1931,Hippocampus,19.12,18.26,Danio rerio
NEUR_2284,Cerebellum,6.51,81.21,Rattus norvegicus
NEUR_4465,Cortex,124.4,26.99,Rattus norvegicus
NEUR_5973,Thalamus,140.33,58.4,Macaca mulatta
NEUR_4949,Hypothalamus,142.36,108.06,Danio rerio
NEUR_3049,Thalamus,19.77,79.24,Mus musculus
NEUR_9702,Cerebellum,99.93,91.02,Rattus norvegicus
NEUR_2463,Hippocampus,40.13,35.66,Macaca mulatta
NEUR_9253,Hypothalamus,17.4,57.22,Macaca mulatta
NEUR_6362,Amygdala,115.16,54.11,Macaca mulatta
NEUR_2344,Hippocampus,21.8,52.95,Rattus norvegicus
NEUR_9935,Amygdala,50.54,119.06,Macaca mulatta
NEUR_4659,Cerebellum,138.03,94.16,Danio rerio
NEUR_3389,Striatum,86.54,55.02,Mus musculus
NEUR_1915,Cerebellum,21.35,41.3,Danio rerio
NEUR_3644,Thalamus,96.77,33.87,Rattus norvegicus
NEUR_4438,Striatum,121.2,60.19,Mus musculus
NEUR_5329,Thalamus,146.02,80.83,Danio rerio
NEUR_9528,Hippocampus,18.48,24.03,Mus musculus
NEUR_2702,Cortex,89.58,101.82,Mus musculus
NEUR_9546,Hippocampus,119.45,16.24,Rattus norvegicus
NEUR_4767,Cerebellum,42.72,117.11,Macaca mulatta
NEUR_7951,Striatum,87.95,33.24,Rattus norvegicus
NEUR_5347,Striatum,57.44,81.76,Mus musculus
NEUR_1406,Cerebellum,58.2,41.9,Macaca mulatta
NEUR_2151,Hippocampus,6.84,33.38,Rattus norvegicus
NEUR_8370,Hippocampus,90.24,94.16,Danio rerio
NEUR_7041,Cerebellum,141.56,71.65,Rattus norvegicus
NEUR_5469,Thalamus,50.8,15.55,Macaca mulatta
NEUR_9625,Cerebellum,100.28,45.73,Macaca mulatta
NEUR_5184,Cortex,50.02,12.47,Mus musculus
NEUR_7602,Amygdala,10.08,87.56,Rattus norvegicus
NEUR_4039,Cortex,96.82,11.98,Danio rerio
NEUR_4454,Hypothalamus,116.89,50.77,Rattus norvegicus
NEUR_5552,Striatum,101.18,36.26,Rattus norvegicus
NEUR_2335,Amygdala,133.22,61.66,Danio rerio
NEUR_6779,Cortex,126.66,83.86,Macaca mulatta
NEUR_9007,Cortex,137.89,22.68,Rattus norvegicus
NEUR_7937,Amygdala,87.85,61.98,Macaca mulatta
NEUR_3637,Striatum,60.71,117.81,Danio rerio
NEUR_9586,Cortex,109.83,52.07,Rattus norvegicus
NEUR_7707,Hypothalamus,19.7,47.29,Macaca mulatta
NEUR_5278,Thalamus,136.7,86.07,Danio rerio
NEUR_8490,Thalamus,72.38,21.2,Mus musculus
NEUR_8806,Striatum,10.6,25.79,Danio rerio
NEUR_6167,Striatum,71.38,54.89,Macaca mulatta
NEUR_4173,Cerebellum,119.48,12.92,Mus musculus
NEUR_7807,Cortex,18.04,62.78,Danio rerio
NEUR_1001,Cerebellum,72.95,54.33,Rattus norvegicus
NEUR_8599,Hypothalamus,114.19,108.93,Mus musculus
NEUR_5307,Striatum,80.0,21.67,Mus musculus
NEUR_8075,Hypothalamus,144.45,66.72,Macaca mulatta
NEUR_6994,Amygdala,72.79,17.76,Macaca mulatta
NEUR_5385,Thalamus,137.56,48.1,Rattus norvegicus
NEUR_9370,Striatum,67.26,25.79,Rattus norvegicus
NEUR_1623,Cortex,41.53,16.39,Danio rerio
NEUR_6656,Amygdala,137.58,86.44,Macaca mulatta
NEUR_5937,Striatum,140.38,12.49,Mus musculus
NEUR_2937,Striatum,120.67,38.04,Mus musculus
NEUR_1895,Cerebellum,129.12,66.65,Danio rerio
NEUR_9449,Cerebellum,4.75,29.59,Macaca mulatta
NEUR_2824,Cerebellum,47.13,83.71,Rattus norvegicus
NEUR_9201,Thalamus,101.37,52.08,Rattus norvegicus
NEUR_1607,Striatum,117.43,97.82,Rattus norvegicus
NEUR_5063,Hippocampus,45.1,54.8,Mus musculus
NEUR_9723,Thalamus,18.54,109.72,Macaca mulatta
NEUR_4876,Striatum,49.87,100.71,Mus musculus
NEUR_4203,Cortex,37.87,47.95,Rattus norvegicus
NEUR_5976,Cerebellum,65.62,74.87,Macaca mulatta
NEUR_7383,Striatum,88.69,15.44,Danio rerio
NEUR_3635,Amygdala,118.94,63.17,Macaca mulatta
NEUR_7247,Hippocampus,107.37,87.74,Macaca mulatta
NEUR_5929,Amygdala,14.41,19.74,Danio rerio
NEUR_2773,Hypothalamus,146.14,97.01,Rattus norvegicus
NEUR_1687,Cerebellum,78.57,90.89,Danio rerio
NEUR_9853,Amygdala,116.86,35.17,Rattus norvegicus
NEUR_6958,Thalamus,51.08,104.49,Macaca mulatta
NEUR_3535,Cerebellum,52.04,49.26,Macaca mulatta
NEUR_3902,Amygdala,115.98,115.21,Mus musculus
NEUR_5743,Striatum,125.76,20.77,Mus musculus
NEUR_7848,Striatum,80.18,38.18,Danio rerio
NEUR_4945,Striatum,25.56,20.63,Mus musculus
NEUR_8593,Hippocampus,52.2,71.33,Danio rerio
NEUR_7356,Amygdala,142.56,76.1,Danio rerio
NEUR_1785,Hypothalamus,86.54,92.04,Macaca mulatta
NEUR_6248,Thalamus,67.77,72.67,Mus musculus
NEUR_1522,Amygdala,132.3,66.76,Rattus norvegicus
NEUR_5709,Cortex,117.17,14.47,Rattus norvegicus
NEUR_2262,Cerebellum,79.01,68.22,Mus musculus
NEUR_8725,Amygdala,89.04,31.52,Danio rerio
NEUR_1321,Amygdala,127.16,16.12,Rattus norvegicus
NEUR_9121,Hippocampus,63.26,65.21,Macaca mulatta
NEUR_2003,Cerebellum,24.17,14.92,Danio rerio
NEUR_4483,Striatum,106.74,69.78,Danio rerio
NEUR_1880,Hypothalamus,38.84,43.67,Macaca mulatta
NEUR_5460,Hippocampus,87.15,18.28,Rattus norvegicus
NEUR_9336,Cerebellum,64.98,44.74,Macaca mulatta
NEUR_1222,Hypothalamus,77.29,87.63,Rattus norvegicus
NEUR_8725,Thalamus,110.88,69.22,Rattus norvegicus
NEUR_2598,Hippocampus,38.42,25.22,Macaca mulatta
NEUR_3359,Thalamus,8.45,35.13,Mus musculus
NEUR_7933,Amygdala,55.23,77.67,Macaca mulatta
NEUR_8243,Hypothalamus,13.2,117.04,Macaca mulatta
NEUR_7138,Cerebellum,134.32,103.9,Danio rerio
NEUR_2878,Amygdala,60.42,81.1,Danio rerio
NEUR_4626,Amygdala,136.73,82.38,Mus musculus
NEUR_6505,Amygdala,148.2,73.97,Rattus norvegicus
NEUR_2996,Cerebellum,90.06,49.96,Rattus norvegicus
NEUR_6931,Amygdala,100.66,116.57,Macaca mulatta
NEUR_8055,Striatum,139.34,110.3,Macaca mulatta
NEUR_4183,Cerebellum,3.76,118.35,Danio rerio
NEUR_8922,Hypothalamus,49.7,117.79,Mus musculus
NEUR_1382,Hypothalamus,125.19,28.08,Danio rerio
NEUR_9983,Thalamus,18.97,43.94,Rattus norvegicus
NEUR_4262,Cortex,49.69,97.3,Danio rerio
NEUR_3343,Thalamus,122.35,100.99,Macaca mulatta
NEUR_6098,Hippocampus,135.36,54.41,Danio rerio
NEUR_6974,Striatum,33.22,19.25,Mus musculus
NEUR_5435,Striatum,121.69,109.71,Macaca mulatta
NEUR_1036,Striatum,61.22,103.34,Rattus norvegicus
NEUR_6756,Hypothalamus,8.73,79.96,Danio rerio
NEUR_3493,Cerebellum,68.99,92.92,Mus musculus
NEUR_5888,Striatum,88.89,45.51,Rattus norvegicus
NEUR_7634,Hippocampus,112.06,118.12,Rattus norvegicus
NEUR_4995,Thalamus,134.43,22.52,Macaca mulatta
NEUR_8148,Hippocampus,53.48,89.14,Mus musculus
NEUR_1581,Thalamus,29.58,73.67,Macaca mulatta
NEUR_2444,Thalamus,86.2,88.51,Danio rerio
NEUR_9341,Hypothalamus,95.78,28.83,Rattus norvegicus
NEUR_4207,Thalamus,93.92,46.94,Mus musculus
NEUR_6654,Cortex,65.96,95.63,Danio rerio
NEUR_7651,Thalamus,2.59,60.53,Macaca mulatta
NEUR_6547,Thalamus,36.55,21.02,Macaca mulatta
NEUR_2532,Cerebellum,75.13,41.38,Danio rerio
NEUR_6913,Cerebellum,37.02,86.71,Rattus norvegicus
NEUR_2784,Striatum,58.63,109.73,Rattus norvegicus
NEUR_4748,Hypothalamus,114.05,109.76,Mus musculus
NEUR_4585,Cortex,124.74,68.58,Mus musculus
NEUR_2050,Cortex,110.97,27.93,Rattus norvegicus
NEUR_4390,Thalamus,85.51,76.86,Rattus norvegicus
NEUR_7739,Hypothalamus,79.02,27.18,Macaca mulatta
NEUR_7263,Striatum,122.54,42.38,Danio rerio
NEUR_3319,Cerebellum,105.74,78.65,Rattus norvegicus
NEUR_9158,Hippocampus,96.53,109.82,Mus musculus
NEUR_1855,Hypothalamus,48.86,61.0,Mus musculus
NEUR_6441,Thalamus,135.16,28.58,Danio rerio
NEUR_1179,Cortex,40.15,46.15,Danio rerio
NEUR_9804,Thalamus,112.92,94.24,Rattus norvegicus
NEUR_2617,Striatum,28.01,62.75,Mus musculus
NEUR_8573,Striatum,24.29,106.27,Danio rerio
NEUR_5541,Cerebellum,76.99,49.92,Danio rerio
NEUR_1330,Hypothalamus,49.95,30.5,Mus musculus
NEUR_3340,Hypothalamus,53.22,75.76,Mus musculus
NEUR_1551,Cortex,134.33,90.42,Macaca mulatta
NEUR_4203,Striatum,1.46,80.27,Rattus norvegicus
NEUR_2741,Striatum,138.63,117.59,Mus musculus
NEUR_9711,Thalamus,68.88,26.07,Rattus norvegicus
NEUR_1700,Cerebellum,29.76,81.91,Mus musculus
NEUR_7842,Amygdala,75.77,55.41,Macaca mulatta
NEUR_8490,Hypothalamus,110.61,40.22,Danio rerio
NEUR_2529,Cortex,41.06,111.85,Mus musculus
NEUR_5239,Striatum,39.03,17.97,Macaca mulatta
NEUR_4547,Cortex,36.91,24.62,Rattus norvegicus
NEUR_5438,Cerebellum,119.43,38.12,Macaca mulatta
NEUR_5083,Cerebellum,44.89,88.23,Mus musculus
NEUR_4767,Striatum,16.67,37.06,Macaca mulatta
NEUR_1765,Striatum,6.92,66.07,Mus musculus
NEUR_4881,Hippocampus,11.09,25.62,Macaca mulatta
NEUR_6470,Cortex,0.33,11.57,Danio rerio
NEUR_3821,Cortex,0.18,115.09,Rattus norvegicus
NEUR_8053,Cortex,78.33,31.45,Mus musculus
NEUR_9042,Thalamus,101.75,85.49,Danio rerio
NEUR_8170,Thalamus,60.96,75.27,Macaca mulatta
NEUR_9345,Cerebellum,118.58,81.85,Mus musculus
NEUR_7605,Amygdala,144.29,118.75,Mus musculus
NEUR_6711,Thalamus,137.04,115.65,Rattus norvegicus
NEUR_4149,Hippocampus,115.49,33.82,Macaca mulatta
NEUR_8169,Cerebellum,112.85,70.28,Rattus norvegicus
NEUR_9437,Thalamus,57.22,91.54,Mus musculus
NEUR_2307,Cerebellum,130.51,95.34,Mus musculus
NEUR_2506,Thalamus,5.11,74.07,Danio rerio
NEUR_5145,Hypothalamus,114.87,85.43,Macaca mulatta
NEUR_7200,Striatum,143.93,59.21,Rattus norvegicus
NEUR_1429,Striatum,146.63,106.54,Danio rerio
NEUR_2386,Cerebellum,23.18,65.35,Rattus norvegicus
NEUR_9402,Amygdala,116.02,27.05,Mus musculus
NEUR_4008,Hypothalamus,77.2,31.12,Macaca mulatta
NEUR_1227,Cerebellum,28.5,24.77,Mus musculus
NEUR_3683,Cortex,71.64,33.74,Rattus norvegicus
NEUR_9254,Thalamus,121.85,51.48,Danio rerio
NEUR_4852,Hippocampus,119.13,11.28,Rattus norvegicus
NEUR_5207,Cerebellum,40.09,12.96,Danio rerio
NEUR_1219,Amygdala,119.47,88.68,Danio rerio
NEUR_1340,Hippocampus,19.03,113.14,Macaca mulatta
NEUR_9532,Amygdala,121.88,53.17,Danio rerio
NEUR_7887,Hippocampus,136.55,22.66,Danio rerio
NEUR_7850,Thalamus,84.83,62.38,Rattus norvegicus
NEUR_3478,Amygdala,129.65,18.51,Rattus norvegicus
NEUR_5811,Hippocampus,122.3,51.7,Rattus norvegicus
NEUR_5298,Striatum,122.09,28.89,Rattus norvegicus
NEUR_9220,Cerebellum,13.18,60.7,Mus musculus
NEUR_7296,Cerebellum,127.6,68.22,Mus musculus
NEUR_1635,Striatum,28.98,73.14,Macaca mulatta
NEUR_6289,Thalamus,10.51,84.01,Mus musculus
NEUR_8695,Amygdala,58.0,11.37,Danio rerio
NEUR_7954,Cerebellum,13.28,76.64,Rattus norvegicus
NEUR_4878,Amygdala,69.82,77.87,Rattus norvegicus
NEUR_2321,Amygdala,14.37,34.55,Rattus norvegicus
NEUR_5554,Amygdala,42.15,107.26,Mus musculus
NEUR_7862,Amygdala,6.34,93.96,Mus musculus
NEUR_4376,Thalamus,132.95,69.64,Macaca mulatta
NEUR_3235,Thalamus,46.0,17.89,Rattus norvegicus
NEUR_1955,Cerebellum,17.12,96.69,Macaca mulatta
NEUR_5979,Thalamus,135.07,47.75,Rattus norvegicus
NEUR_1423,Thalamus,68.43,35.59,Macaca mulatta
NEUR_8445,Cerebellum,33.49,56.14,Danio rerio
NEUR_5732,Hippocampus,89.14,48.83,Mus musculus
NEUR_7567,Striatum,24.5,88.42,Mus musculus
NEUR_7143,Amygdala,28.82,90.96,Mus musculus
NEUR_1490,Cerebellum,105.7,66.75,Rattus norvegicus
NEUR_2420,Hippocampus,145.26,38.23,Danio rerio
NEUR_3879,Cerebellum,128.56,42.19,Macaca mulatta
NEUR_4561,Amygdala,88.38,10.02,Danio rerio
NEUR_7135,Amygdala,82.53,17.8,Danio rerio
NEUR_3826,Thalamus,28.83,101.94,Macaca mulatta
NEUR_1968,Hypothalamus,105.61,34.59,Danio rerio
NEUR_8622,Cerebellum,69.24,39.9,Danio rerio
NEUR_3969,Thalamus,84.0,18.34,Danio rerio
NEUR_1044,Amygdala,20.08,76.56,Danio rerio
NEUR_3946,Hippocampus,3.73,36.57,Mus musculus
NEUR_4768,Striatum,104.8,17.28,Mus musculus
NEUR_2460,Hypothalamus,111.84,95.32,Danio rerio
NEUR_1044,Thalamus,96.28,42.42,Rattus norvegicus
NEUR_7719,Striatum,15.89,22.59,Danio rerio
NEUR_2712,Striatum,91.27,18.15,Danio rerio
NEUR_6088,Striatum,28.41,35.51,Danio rerio
NEUR_7998,Amygdala,126.92,51.44,Mus musculus
NEUR_3688,Hippocampus,149.84,75.37,Mus musculus
NEUR_6894,Thalamus,114.96,45.55,Rattus norvegicus
NEUR_9903,Hypothalamus,59.99,112.09,Macaca mulatta
NEUR_7833,Thalamus,134.76,44.86,Danio rerio
NEUR_1963,Cerebellum,34.13,82.93,Danio rerio
NEUR_3742,Cortex,33.97,85.49,Macaca mulatta
NEUR_6775,Hippocampus,116.39,96.73,Danio rerio
NEUR_9693,Hippocampus,134.43,38.87,Macaca mulatta
NEUR_9150,Hippocampus,45.81,93.71,Danio rerio
NEUR_3615,Cerebellum,2.09,106.85,Danio rerio
NEUR_3408,Striatum,27.76,14.55,Danio rerio
NEUR_5847,Hippocampus,139.18,12.29,Macaca mulatta
NEUR_9015,Hypothalamus,48.31,118.37,Rattus norvegicus
NEUR_6609,Striatum,48.49,86.36,Mus musculus
NEUR_8408,Thalamus,63.33,47.76,Rattus norvegicus
NEUR_8798,Cortex,72.24,90.49,Macaca mulatta
NEUR_1689,Hippocampus,28.36,39.1,Rattus norvegicus
NEUR_4704,Cerebellum,9.08,119.79,Rattus norvegicus
NEUR_1231,Cerebellum,139.67,95.58,Mus musculus
NEUR_9428,Hypothalamus,71.49,30.24,Macaca mulatta
NEUR_6658,Cerebellum,16.38,100.5,Danio rerio
NEUR_2352,Hypothalamus,29.09,40.24,Macaca mulatta
NEUR_1305,Hypothalamus,143.68,90.7,Macaca mulatta
NEUR_4007,Amygdala,2.35,67.2,Danio rerio
NEUR_9418,Cortex,20.05,34.84,Mus musculus
NEUR_6361,Cerebellum,43.75,46.04,Mus musculus
NEUR_4330,Hippocampus,66.28,52.66,Danio rerio
NEUR_8647,Striatum,74.7,40.24,Mus musculus
NEUR_1426,Striatum,62.92,73.76,Rattus norvegicus
NEUR_3088,Cortex,84.55,69.14,Rattus norvegicus
NEUR_1265,Cerebellum,16.25,99.79,Mus musculus
NEUR_6440,Cortex,34.26,32.53,Mus musculus
NEUR_9331,Cortex,90.36,39.6,Macaca mulatta
NEUR_3780,Hippocampus,88.88,72.4,Macaca mulatta
NEUR_8560,Amygdala,64.78,64.67,Danio rerio
NEUR_4943,Amygdala,127.66,40.99,Rattus norvegicus
NEUR_3739,Striatum,69.15,60.01,Rattus norvegicus
NEUR_3009,Striatum,26.8,63.83,Rattus norvegicus
NEUR_2641,Thalamus,123.69,70.18,Danio rerio
NEUR_7436,Cerebellum,66.15,44.14,Danio rerio
NEUR_3057,Striatum,70.3,78.6,Mus musculus
NEUR_4570,Cortex,112.81,55.38,Mus musculus
NEUR_7789,Hypothalamus,148.97,63.87,Danio rerio
NEUR_3036,Thalamus,64.91,106.41,Macaca mulatta
NEUR_4020,Thalamus,20.29,35.49,Rattus norvegicus
NEUR_8076,Cerebellum,114.32,73.37,Mus musculus
NEUR_7169,Hippocampus,129.38,12.07,Rattus norvegicus
NEUR_9292,Striatum,40.33,35.61,Danio rerio
NEUR_4335,Cerebellum,95.87,104.49,Rattus norvegicus
NEUR_2383,Cortex,57.15,69.37,Mus musculus
NEUR_7027,Cortex,136.61,112.63,Rattus norvegicus
NEUR_5164,Hypothalamus,69.49,38.24,Rattus norvegicus
NEUR_5387,Cerebellum,78.4,54.52,Rattus norvegicus
NEUR_9417,Hypothalamus,20.11,118.87,Rattus norvegicus
NEUR_7692,Hypothalamus,117.11,42.94,Danio rerio
NEUR_2609,Striatum,107.72,58.99,Mus musculus
NEUR_5275,Thalamus,21.83,32.96,Macaca mulatta
NEUR_3813,Amygdala,134.32,26.59,Mus musculus
NEUR_1714,Cortex,112.46,117.35,Danio rerio
NEUR_2326,Hippocampus,5.42,93.0,Macaca mulatta
NEUR_2933,Thalamus,56.68,67.53,Mus musculus
NEUR_9414,Amygdala,25.3,67.83,Mus musculus
NEUR_5863,Cerebellum,32.82,26.6,Rattus norvegicus
NEUR_8943,Cortex,126.27,64.28,Macaca mulatta
NEUR_9962,Thalamus,85.1,85.88,Rattus norvegicus
NEUR_8222,Hippocampus,72.95,27.12,Rattus norvegicus
NEUR_3307,Thalamus,123.36,46.0,Mus musculus
NEUR_3043,Striatum,13.32,61.25,Mus musculus
NEUR_3544,Cortex,42.7,119.5,Rattus norvegicus
NEUR_2846,Cortex,57.56,57.65,Rattus norvegicus
NEUR_6261,Striatum,121.02,106.73,Rattus norvegicus
NEUR_3336,Thalamus,128.79,109.47,Rattus norvegicus
NEUR_4880,Cortex,49.48,117.87,Danio rerio
NEUR_1087,Striatum,34.67,45.21,Macaca mulatta
NEUR_6144,Hypothalamus,9.3,32.65,Rattus norvegicus
NEUR_3336,Hippocampus,17.5,52.56,Rattus norvegicus
NEUR_3398,Hippocampus,100.75,61.1,Danio rerio
NEUR_5311,Hippocampus,138.8,76.23,Mus musculus
NEUR_4289,Amygdala,81.15,25.93,Danio rerio
NEUR_5640,Striatum,102.9,36.23,Rattus norvegicus
NEUR_3994,Hippocampus,22.01,40.05,Rattus norvegicus
NEUR_7088,Cerebellum,4.25,99.32,Macaca mulatta
NEUR_8267,Cortex,107.41,102.6,Rattus norvegicus
NEUR_9992,Striatum,92.6,33.74,Mus musculus
NEUR_2426,Thalamus,89.0,63.07,Rattus norvegicus
NEUR_7370,Amygdala,141.85,109.26,Rattus norvegicus
NEUR_6420,Thalamus,126.19,117.46,Rattus norvegicus
NEUR_2378,Hypothalamus,98.4,25.47,Mus musculus
NEUR_4987,Amygdala,89.48,12.71,Danio rerio
NEUR_6347,Hypothalamus,65.69,116.29,Mus musculus
NEUR_2574,Striatum,86.75,76.18,Macaca mulatta
NEUR_3327,Thalamus,19.22,42.52,Mus musculus
NEUR_6903,Cortex,6.26,90.3,Rattus norvegicus
NEUR_5556,Striatum,147.88,77.03,Danio rerio
NEUR_8553,Hypothalamus,100.04,117.4,Macaca mulatta
NEUR_8376,Cortex,128.72,79.02,Danio rerio
NEUR_5710,Cortex,43.15,115.57,Danio rerio
NEUR_4172,Amygdala,77.8,96.65,Mus musculus
NEUR_5283,Thalamus,135.48,111.45,Macaca mulatta
NEUR_5638,Cerebellum,62.58,61.83,Macaca mulatta
NEUR_3013,Cortex,66.47,55.29,Macaca mulatta
NEUR_4817,Hippocampus,143.71,43.38,Mus musculus
NEUR_2141,Hypothalamus,134.13,117.13,Danio rerio
NEUR_6011,Amygdala,70.11,37.08,Mus musculus
NEUR_5069,Thalamus,60.61,53.04,Macaca mulatta
NEUR_8073,Cerebellum,61.43,53.97,Mus musculus
NEUR_6481,Thalamus,2.92,88.02,Rattus norvegicus
NEUR_7445,Amygdala,88.14,105.14,Danio rerio
NEUR_4175,Cortex,103.58,43.05,Mus musculus
NEUR_6228,Hippocampus,99.1,13.09,Danio rerio
NEUR_4251,Cortex,51.03,92.92,Macaca mulatta
NEUR_8462,Amygdala,71.95,73.86,Danio rerio
NEUR_3073,Hippocampus,12.2,43.12,Macaca mulatta
NEUR_1126,Cerebellum,55.72,16.19,Mus musculus
NEUR_8464,Striatum,3.03,21.58,Danio rerio
NEUR_8616,Cortex,117.9,74.31,Macaca mulatta
NEUR_8632,Hypothalamus,72.92,25.53,Mus musculus
NEUR_4236,Cortex,5.36,44.64,Mus musculus
NEUR_9784,Cerebellum,31.71,74.41,Danio rerio
NEUR_1596,Cerebellum,136.87,48.33,Rattus norvegicus
NEUR_8457,Hippocampus,59.28,24.71,Rattus norvegicus
NEUR_6257,Cerebellum,134.35,26.25,Macaca mulatta
NEUR_6838,Thalamus,131.25,69.67,Mus musculus
NEUR_7525,Thalamus,143.61,40.16,Danio rerio
NEUR_7333,Amygdala,52.34,50.83,Macaca mulatta
NEUR_1105,Hippocampus,90.65,17.23,Rattus norvegicus
NEUR_3441,Hippocampus,66.46,12.54,Rattus norvegicus
NEUR_2405,Amygdala,148.57,88.18,Macaca mulatta
NEUR_5593,Hypothalamus,118.0,28.08,Macaca mulatta
NEUR_8100,Striatum,72.0,70.3,Rattus norvegicus
NEUR_2290,Hypothalamus,39.5,10.62,Macaca mulatta
NEUR_8447,Hippocampus,18.49,103.24,Mus musculus
NEUR_3328,Amygdala,34.13,13.5,Mus musculus
NEUR_3239,Hippocampus,71.71,19.28,Mus musculus
NEUR_2342,Hypothalamus,8.03,117.23,Macaca mulatta
NEUR_9241,Hypothalamus,90.25,81.44,Macaca mulatta
NEUR_6860,Amygdala,128.09,14.3,Rattus norvegicus
NEUR_3261,Amygdala,70.11,74.6,Rattus norvegicus
NEUR_7857,Striatum,76.46,15.58,Macaca mulatta
NEUR_3751,Amygdala,119.33,60.63,Rattus norvegicus
NEUR_3420,Thalamus,53.51,55.46,Mus musculus
NEUR_6348,Amygdala,30.37,25.14,Danio rerio
NEUR_3063,Hippocampus,102.57,25.53,Mus musculus
NEUR_2593,Cerebellum,8.74,20.99,Rattus norvegicus
NEUR_5232,Striatum,86.17,11.55,Rattus norvegicus
NEUR_8437,Hypothalamus,48.46,12.29,Danio rerio
NEUR_1332,Amygdala,122.04,108.86,Mus musculus
NEUR_2888,Striatum,16.31,86.42,Rattus norvegicus
NEUR_6821,Cerebellum,21.98,32.9,Mus musculus
NEUR_8369,Hippocampus,63.26,111.96,Rattus norvegicus
NEUR_2803,Cerebellum,66.2,15.48,Macaca mulatta
NEUR_8976,Cerebellum,72.57,93.92,Mus musculus
NEUR_4032,Amygdala,117.88,85.68,Macaca mulatta
NEUR_5108,Cortex,84.14,60.61,Macaca mulatta
NEUR_8920,Hippocampus,28.2,22.53,Macaca mulatta
NEUR_1607,Hippocampus,89.63,54.18,Rattus norvegicus
NEUR_1978,Hypothalamus,49.5,74.42,Rattus norvegicus
NEUR_9070,Cerebellum,52.8,21.09,Danio rerio
NEUR_4278,Thalamus,33.67,89.19,Danio rerio
NEUR_7255,Hypothalamus,31.21,59.31,Macaca mulatta
NEUR_4661,Hippocampus,69.65,112.45,Macaca mulatta
NEUR_6486,Hippocampus,39.91,61.68,Macaca mulatta
NEUR_1839,Hypothalamus,22.29,102.16,Mus musculus
NEUR_6438,Thalamus,87.03,30.15,Macaca mulatta
NEUR_9259,Hippocampus,74.13,33.7,Rattus norvegicus
NEUR_5318,Cortex,116.91,83.33,Macaca mulatta
NEUR_8131,Thalamus,55.66,20.38,Rattus norvegicus
NEUR_8619,Striatum,27.96,113.52,Danio rerio
NEUR_9244,Striatum,66.23,53.5,Rattus norvegicus
NEUR_4100,Striatum,57.08,119.59,Rattus norvegicus
NEUR_9982,Thalamus,56.69,87.68,Rattus norvegicus
NEUR_7572,Hypothalamus,41.71,55.54,Rattus norvegicus
NEUR_4061,Hypothalamus,45.65,32.32,Rattus norvegicus
NEUR_3693,Cerebellum,44.56,76.91,Macaca mulatta
NEUR_5541,Striatum,2.46,44.4,Danio rerio
NEUR_4792,Hippocampus,105.18,41.45,Mus musculus
NEUR_2237,Striatum,123.2,81.6,Rattus norvegicus
NEUR_5934,Cortex,7.33,106.69,Danio rerio
NEUR_4270,Cerebellum,33.04,46.26,Rattus norvegicus
NEUR_1815,Cortex,49.51,45.63,Rattus norvegicus
NEUR_6742,Thalamus,147.2,16.31,Mus musculus
NEUR_3436,Hippocampus,90.76,32.83,Danio rerio
NEUR_2718,Hypothalamus,134.78,66.86,Macaca mulatta
NEUR_3526,Hippocampus,14.45,19.19,Danio rerio
NEUR_6783,Cerebellum,62.23,19.79,Rattus norvegicus
NEUR_3284,Cerebellum,39.84,87.63,Mus musculus
NEUR_9055,Hippocampus,10.04,119.09,Rattus norvegicus
NEUR_4811,Striatum,33.43,23.3,Danio rerio
NEUR_2033,Hippocampus,57.86,89.73,Rattus norvegicus
NEUR_9988,Thalamus,51.48,21.91,Danio rerio
NEUR_2606,Hypothalamus,143.49,51.69,Rattus norvegicus
NEUR_5094,Cerebellum,37.0,48.46,Rattus norvegicus
NEUR_5747,Striatum,101.46,112.38,Danio rerio
NEUR_7404,Amygdala,37.87,64.17,Macaca mulatta
NEUR_3772,Cerebellum,98.02,69.01,Rattus norvegicus
NEUR_2953,Cerebellum,130.06,48.11,Rattus norvegicus
NEUR_4597,Cerebellum,147.47,27.21,Rattus norvegicus
NEUR_3350,Hippocampus,122.77,61.9,Danio rerio
NEUR_6492,Cortex,141.72,39.07,Macaca mulatta
NEUR_5070,Thalamus,88.59,117.12,Macaca mulatta
NEUR_8113,Amygdala,99.54,30.36,Macaca mulatta
NEUR_7033,Hypothalamus,88.1,71.31,Rattus norvegicus
NEUR_3379,Cerebellum,131.85,71.54,Macaca mulatta
NEUR_8071,Hippocampus,145.58,60.82,Macaca mulatta
NEUR_3006,Cortex,142.06,43.93,Mus musculus
NEUR_1669,Hypothalamus,90.38,89.07,Macaca mulatta
NEUR_7778,Striatum,37.22,29.6,Macaca mulatta
NEUR_7693,Thalamus,143.85,38.87,Danio rerio
NEUR_8313,Cortex,42.68,64.85,Danio rerio
NEUR_6539,Cortex,16.76,97.82,Rattus norvegicus
NEUR_4359,Cortex,87.52,102.73,Mus musculus
NEUR_1716,Hypothalamus,131.73,65.13,Macaca mulatta
NEUR_7385,Cerebellum,115.38,68.37,Macaca mulatta
NEUR_9364,Amygdala,105.38,103.19,Macaca mulatta
NEUR_4052,Thalamus,41.27,36.26,Rattus norvegicus
NEUR_7498,Striatum,93.27,80.96,Macaca mulatta
NEUR_7415,Cerebellum,53.95,108.13,Mus musculus
NEUR_8096,Striatum,68.91,16.71,Macaca mulatta
NEUR_5530,Thalamus,137.3,29.96,Danio rerio
NEUR_8015,Hippocampus,71.33,49.78,Danio rerio
NEUR_4894,Thalamus,52.45,109.7,Danio rerio
NEUR_8100,Cerebellum,126.75,103.79,Macaca mulatta
NEUR_7807,Cortex,78.55,91.72,Mus musculus
NEUR_3994,Thalamus,24.02,26.87,Mus musculus
NEUR_7172,Amygdala,69.05,106.79,Mus musculus
NEUR_2602,Hippocampus,60.05,11.82,Rattus norvegicus
NEUR_9459,Cerebellum,21.51,104.08,Macaca mulatta
NEUR_5120,Cortex,39.12,95.18,Macaca mulatta
NEUR_9116,Amygdala,25.69,47.29,Mus musculus
NEUR_4316,Thalamus,40.51,34.25,Danio rerio
NEUR_1691,Hippocampus,145.65,65.95,Mus musculus
NEUR_2639,Thalamus,16.35,103.01,Rattus norvegicus
NEUR_5293,Cerebellum,19.41,112.24,Rattus norvegicus
NEUR_5027,Hypothalamus,131.57,88.05,Danio rerio
NEUR_5312,Hypothalamus,20.08,114.79,Mus musculus
NEUR_1792,Hippocampus,143.36,64.58,Danio rerio
NEUR_9592,Cerebellum,140.67,38.76,Mus musculus
NEUR_1769,Amygdala,72.6,70.79,Rattus norvegicus
NEUR_9389,Cerebellum,81.52,52.01,Rattus norvegicus
NEUR_7792,Thalamus,113.74,34.94,Danio rerio
NEUR_6243,Hypothalamus,119.61,14.01,Rattus norvegicus
NEUR_4463,Cortex,85.67,59.5,Mus musculus
NEUR_1357,Cerebellum,126.46,25.37,Macaca mulatta
NEUR_6303,Cerebellum,90.89,94.29,Danio rerio
NEUR_8301,Thalamus,18.96,72.57,Macaca mulatta
NEUR_5138,Amygdala,1.6,99.88,Macaca mulatta
NEUR_1590,Hippocampus,138.81,118.77,Macaca mulatta
NEUR_9918,Cerebellum,128.15,99.97,Mus musculus
NEUR_8989,Cortex,139.23,43.5,Danio rerio
NEUR_6380,Cerebellum,93.63,33.22,Danio rerio
NEUR_5737,Cerebellum,118.08,100.54,Rattus norvegicus
NEUR_9723,Hypothalamus,5.1,20.16,Mus musculus
NEUR_8684,Cortex,93.55,114.57,Mus musculus
NEUR_2125,Hypothalamus,86.69,88.36,Rattus norvegicus
NEUR_8332,Thalamus,57.06,72.67,Macaca mulatta
NEUR_1256,Thalamus,76.88,57.97,Danio rerio
NEUR_7919,Cortex,14.76,40.54,Macaca mulatta
NEUR_1390,Thalamus,18.76,18.35,Danio rerio
NEUR_2546,Amygdala,41.37,40.15,Danio rerio
NEUR_9575,Cerebellum,82.77,107.78,Mus musculus
NEUR_8594,Thalamus,123.63,69.9,Macaca mulatta
NEUR_2470,Hippocampus,43.92,24.42,Rattus norvegicus
NEUR_2826,Thalamus,69.35,68.19,Macaca mulatta
NEUR_2381,Cerebellum,74.77,83.82,Danio rerio
NEUR_1402,Cerebellum,67.03,69.73,Mus musculus
NEUR_5421,Amygdala,10.26,20.43,Macaca mulatta
NEUR_3551,Hippocampus,35.48,90.19,Macaca mulatta
NEUR_7560,Cerebellum,43.74,34.69,Rattus norvegicus
NEUR_5863,Cerebellum,32.94,116.73,Danio rerio
NEUR_7643,Striatum,109.42,17.65,Macaca mulatta
NEUR_2503,Cortex,27.94,15.1,Rattus norvegicus
NEUR_6196,Thalamus,78.8,16.87,Rattus norvegicus
NEUR_3570,Hippocampus,133.06,30.15,Mus musculus
NEUR_9387,Thalamus,59.63,38.36,Rattus norvegicus
NEUR_3714,Amygdala,125.93,101.87,Danio rerio
NEUR_3991,Amygdala,103.11,92.6,Mus musculus
NEUR_6540,Hypothalamus,55.42,21.78,Rattus norvegicus
NEUR_4966,Hypothalamus,30.61,103.87,Mus musculus
NEUR_9318,Thalamus,114.59,44.92,Danio rerio
NEUR_4757,Thalamus,45.04,116.25,Rattus norvegicus
NEUR_2537,Cortex,21.76,35.6,Mus musculus
NEUR_2786,Cerebellum,43.22,23.56,Rattus norvegicus
NEUR_4751,Cerebellum,24.57,95.78,Mus musculus
NEUR_1246,Hippocampus,126.08,43.38,Mus musculus
NEUR_8437,Cerebellum,114.83,32.13,Rattus norvegicus
NEUR_5768,Thalamus,84.23,62.72,Mus musculus
NEUR_4024,Hypothalamus,49.73,87.28,Rattus norvegicus
NEUR_9746,Thalamus,67.16,84.41,Danio rerio
NEUR_6906,Striatum,29.26,81.64,Rattus norvegicus
NEUR_8397,Hippocampus,129.69,117.76,Macaca mulatta
NEUR_2878,Hippocampus,117.97,84.32,Danio rerio
NEUR_7204,Cortex,100.96,27.44,Macaca mulatta
NEUR_1902,Cerebellum,52.88,52.97,Danio rerio
NEUR_6399,Hypothalamus,48.08,112.91,Rattus norvegicus
NEUR_9393,Thalamus,25.05,97.35,Mus musculus
NEUR_4015,Striatum,137.56,63.14,Macaca mulatta
NEUR_3511,Amygdala,97.77,45.42,Rattus norvegicus
NEUR_9476,Cerebellum,41.33,44.72,Danio rerio
NEUR_5931,Hypothalamus,83.48,78.98,Mus musculus
NEUR_1500,Cerebellum,7.13,56.81,Danio rerio
NEUR_1199,Hippocampus,116.88,15.19,Danio rerio
NEUR_3088,Hypothalamus,58.31,10.47,Danio rerio
NEUR_9686,Amygdala,29.46,35.87,Mus musculus
NEUR_8794,Amygdala,34.42,73.39,Mus musculus
NEUR_2361,Striatum,128.36,29.63,Macaca mulatta
NEUR_3687,Hippocampus,96.19,95.5,Rattus norvegicus
NEUR_9203,Cortex,79.01,76.17,Macaca mulatta
NEUR_4327,Cortex,71.52,108.24,Rattus norvegicus
NEUR_9440,Hypothalamus,27.47,76.56,Macaca mulatta
NEUR_8398,Cortex,25.5,77.79,Rattus norvegicus
NEUR_4215,Striatum,56.12,119.12,Rattus norvegicus
NEUR_6640,Thalamus,74.3,40.86,Rattus norvegicus
NEUR_3707,Hypothalamus,2.73,83.61,Macaca mulatta
NEUR_3605,Striatum,92.62,15.66,Macaca mulatta
NEUR_3925,Amygdala,118.59,46.69,Macaca mulatta
NEUR_2926,Hippocampus,123.32,47.37,Mus musculus
NEUR_8930,Hypothalamus,62.62,75.07,Macaca mulatta
NEUR_4187,Thalamus,4.26,23.77,Macaca mulatta
NEUR_1426,Striatum,7.92,62.14,Macaca mulatta
NEUR_5805,Thalamus,50.61,94.78,Mus musculus
NEUR_8008,Striatum,36.97,52.11,Macaca mulatta
NEUR_6302,Thalamus,148.17,63.5,Macaca mulatta
NEUR_3904,Amygdala,147.32,30.5,Mus musculus
NEUR_2051,Amygdala,5.68,58.27,Macaca mulatta
NEUR_9642,Hypothalamus,100.13,51.49,Mus musculus
NEUR_9620,Hypothalamus,31.44,106.09,Rattus norvegicus
NEUR_1434,Striatum,145.71,26.49,Macaca mulatta
NEUR_9556,Amygdala,125.58,50.07,Rattus norvegicus
NEUR_8384,Cerebellum,76.15,17.73,Danio rerio
NEUR_1285,Cerebellum,111.76,43.71,Danio rerio
NEUR_2292,Thalamus,105.48,118.36,Mus musculus
NEUR_1947,Amygdala,35.58,16.62,Rattus norvegicus
NEUR_5404,Striatum,6.26,53.88,Danio rerio
NEUR_1934,Striatum,119.63,36.12,Mus musculus
NEUR_5936,Thalamus,1.44,22.38,Danio rerio
NEUR_4346,Amygdala,140.07,76.24,Rattus norvegicus
NEUR_5559,Cerebellum,67.29,94.87,Macaca mulatta
NEUR_1869,Hippocampus,70.16,103.44,Macaca mulatta
NEUR_9645,Hypothalamus,25.59,44.29,Macaca mulatta
NEUR_9505,Cortex,4.43,67.37,Danio rerio
NEUR_8755,Striatum,138.63,84.1,Rattus norvegicus
NEUR_1261,Hypothalamus,27.17,45.32,Macaca mulatta
NEUR_6802,Cerebellum,24.05,24.28,Rattus norvegicus
NEUR_3089,Amygdala,85.49,113.68,Rattus norvegicus
NEUR_8607,Hypothalamus,109.79,101.67,Macaca mulatta
NEUR_5830,Striatum,28.83,77.36,Mus musculus
NEUR_3476,Thalamus,109.57,61.31,Macaca mulatta
NEUR_7970,Amygdala,75.9,23.62,Rattus norvegicus
NEUR_2105,Cortex,56.31,111.34,Danio rerio
NEUR_8444,Cortex,61.66,81.51,Macaca mulatta
NEUR_1087,Striatum,141.62,35.1,Danio rerio
NEUR_2305,Hypothalamus,21.49,65.75,Macaca mulatta
NEUR_9365,Cortex,18.06,34.22,Rattus norvegicus
NEUR_2041,Thalamus,81.1,10.96,Rattus norvegicus
NEUR_8958,Striatum,98.87,82.63,Danio rerio
NEUR_7944,Thalamus,109.79,17.61,Danio rerio
NEUR_9987,Thalamus,121.51,108.2,Mus musculus
NEUR_8207,Cortex,104.38,83.13,Danio rerio
NEUR_8551,Thalamus,59.8,96.53,Danio rerio
NEUR_7104,Striatum,129.02,68.86,Mus musculus
NEUR_5179,Amygdala,139.17,98.52,Mus musculus
NEUR_2934,Amygdala,29.84,116.18,Rattus norvegicus
NEUR_8640,Amygdala,87.03,92.84,Rattus norvegicus
NEUR_2074,Hippocampus,76.64,68.44,Mus musculus
NEUR_1980,Thalamus,136.07,106.26,Danio rerio
NEUR_2656,Amygdala,53.84,82.36,Mus musculus
NEUR_2770,Hypothalamus,70.31,45.3,Macaca mulatta
NEUR_1290,Hypothalamus,44.91,104.1,Danio rerio
NEUR_6730,Striatum,54.74,14.49,Rattus norvegicus
NEUR_5978,Amygdala,34.11,28.4,Rattus norvegicus
NEUR_6491,Cortex,90.15,29.36,Macaca mulatta
NEUR_2071,Cerebellum,29.69,70.29,Rattus norvegicus
NEUR_5416,Hippocampus,126.01,81.93,Danio rerio
NEUR_1674,Cortex,44.42,31.53,Danio rerio
NEUR_8901,Amygdala,38.93,103.02,Danio rerio
NEUR_9958,Cortex,82.7,42.69,Rattus norvegicus
NEUR_7990,Cerebellum,26.28,82.23,Macaca mulatta
NEUR_1983,Striatum,141.39,100.5,Rattus norvegicus
NEUR_4984,Thalamus,14.89,94.21,Rattus norvegicus
NEUR_7743,Cortex,78.47,52.2,Rattus norvegicus
NEUR_6349,Cerebellum,28.67,90.09,Mus musculus
NEUR_9748,Thalamus,144.07,42.45,Mus musculus
NEUR_8468,Striatum,27.02,19.73,Danio rerio
NEUR_3140,Hypothalamus,73.09,29.67,Macaca mulatta
NEUR_6387,Thalamus,7.56,52.26,Danio rerio
NEUR_8374,Amygdala,112.39,106.23,Rattus norvegicus
NEUR_1696,Cortex,37.36,12.89,Macaca mulatta
NEUR_3395,Cortex,110.43,72.08,Mus musculus
NEUR_4883,Cortex,20.42,87.05,Rattus norvegicus
NEUR_9246,Cerebellum,120.84,73.21,Rattus norvegicus
NEUR_2834,Cerebellum,80.42,18.76,Mus musculus
NEUR_7226,Striatum,74.94,114.21,Rattus norvegicus
NEUR_3439,Cerebellum,39.27,67.12,Danio rerio
NEUR_6885,Hippocampus,76.93,26.84,Rattus norvegicus
NEUR_2863,Thalamus,108.0,59.74,Macaca mulatta
NEUR_1406,Cerebellum,4.71,44.16,Rattus norvegicus
NEUR_9393,Hippocampus,130.4,98.39,Danio rerio
NEUR_8738,Cerebellum,92.48,73.23,Danio rerio
NEUR_9504,Cerebellum,96.14,53.34,Macaca mulatta
NEUR_6832,Striatum,119.94,67.96,Danio rerio
NEUR_5982,Hypothalamus,76.15,89.43,Rattus norvegicus
NEUR_3309,Cortex,42.67,59.8,Macaca mulatta
NEUR_7595,Thalamus,100.38,51.02,Rattus norvegicus
NEUR_9781,Striatum,38.4,110.17,Mus musculus
NEUR_5178,Striatum,63.32,84.59,Rattus norvegicus
NEUR_9998,Striatum,139.74,47.65,Danio rerio
NEUR_5420,Hypothalamus,145.33,111.24,Rattus norvegicus
NEUR_5763,Cortex,51.41,49.86,Mus musculus
NEUR_3330,Amygdala,59.39,32.77,Rattus norvegicus
NEUR_7331,Cerebellum,78.06,93.69,Mus musculus
NEUR_3832,Amygdala,23.91,11.14,Macaca mulatta
NEUR_6946,Cortex,7.79,34.19,Mus musculus
NEUR_8771,Cortex,21.95,111.93,Mus musculus
NEUR_3308,Cortex,24.0,65.55,Macaca mulatta
NEUR_5157,Hypothalamus,130.68,42.57,Danio rerio
NEUR_3213,Thalamus,2.24,56.15,Danio rerio
NEUR_2640,Cortex,91.61,112.41,Macaca mulatta
NEUR_7962,Cerebellum,134.59,79.72,Rattus norvegicus
NEUR_3577,Cortex,18.47,47.85,Rattus norvegicus
NEUR_8495,Hippocampus,10.09,86.19,Macaca mulatta
NEUR_1453,Thalamus,50.69,92.37,Rattus norvegicus
NEUR_1812,Hypothalamus,3.54,66.53,Mus musculus
NEUR_4708,Cortex,78.81,99.09,Macaca mulatta
NEUR_6850,Hippocampus,51.84,49.4,Rattus norvegicus
NEUR_2728,Thalamus,99.14,47.71,Rattus norvegicus
NEUR_2330,Amygdala,74.88,20.51,Rattus norvegicus
NEUR_4167,Amygdala,121.63,80.53,Macaca mulatta
NEUR_4714,Amygdala,75.44,16.8,Mus musculus
NEUR_2799,Hippocampus,105.84,35.22,Rattus norvegicus
NEUR_9430,Amygdala,67.71,87.54,Rattus norvegicus
NEUR_5417,Amygdala,127.52,70.06,Macaca mulatta
NEUR_6715,Hippocampus,29.91,57.33,Rattus norvegicus
NEUR_5488,Hypothalamus,123.18,93.53,Mus musculus
NEUR_9738,Amygdala,135.63,83.93,Mus musculus
NEUR_5806,Cortex,61.17,45.58,Rattus norvegicus
NEUR_5856,Hippocampus,132.91,84.22,Mus musculus
NEUR_7050,Amygdala,74.73,32.17,Danio rerio
NEUR_2183,Hippocampus,123.75,16.93,Mus musculus
NEUR_5987,Striatum,82.2,91.84,Danio rerio
NEUR_3963,Hippocampus,97.81,93.0,Rattus norvegicus
NEUR_7732,Cerebellum,116.01,89.29,Rattus norvegicus
NEUR_8860,Hypothalamus,131.18,58.46,Macaca mulatta
NEUR_3506,Hippocampus,148.11,10.52,Rattus norvegicus
NEUR_9835,Striatum,9.46,68.28,Danio rerio
NEUR_2541,Hypothalamus,104.85,64.05,Mus musculus
NEUR_6261,Amygdala,100.38,63.3,Mus musculus
NEUR_7713,Hypothalamus,48.74,75.98,Mus musculus
NEUR_4338,Striatum,88.38,76.11,Mus musculus
NEUR_9108,Cortex,64.44,81.73,Mus musculus
NEUR_6282,Hippocampus,31.28,47.72,Macaca mulatta
NEUR_5870,Thalamus,83.89,41.4,Danio rerio
NEUR_4927,Cortex,44.96,10.47,Macaca mulatta
NEUR_5236,Cortex,71.59,50.43,Danio rerio
NEUR_7082,Cortex,139.8,27.91,Rattus norvegicus
NEUR_5321,Amygdala,52.59,32.49,Mus musculus
NEUR_5054,Hippocampus,84.02,15.1,Danio rerio
NEUR_1781,Hypothalamus,123.48,69.72,Danio rerio
NEUR_7945,Thalamus,2.7,13.67,Mus musculus
NEUR_3739,Amygdala,55.12,50.36,Rattus norvegicus
NEUR_1126,Striatum,29.66,28.34,Rattus norvegicus
NEUR_7218,Striatum,142.86,68.29,Danio rerio
NEUR_3779,Striatum,92.47,44.14,Mus musculus
NEUR_2991,Amygdala,101.86,30.51,Rattus norvegicus
NEUR_6179,Amygdala,4.36,39.11,Mus musculus
NEUR_1097,Cortex,79.12,54.85,Mus musculus
NEUR_7025,Hippocampus,118.24,18.7,Macaca mulatta
NEUR_1789,Cortex,101.42,50.06,Macaca mulatta
NEUR_7990,Striatum,72.21,110.92,Mus musculus
NEUR_8813,Thalamus,23.1,66.12,Macaca mulatta
NEUR_9448,Hippocampus,117.98,111.87,Macaca mulatta
NEUR_7381,Thalamus,73.86,47.93,Rattus norvegicus
NEUR_3844,Thalamus,111.8,103.04,Rattus norvegicus
NEUR_5294,Hippocampus,106.48,41.74,Danio rerio
NEUR_7111,Hypothalamus,87.34,118.76,Rattus norvegicus
NEUR_4311,Hypothalamus,110.86,96.16,Mus musculus
NEUR_2423,Cortex,43.05,71.14,Rattus norvegicus
NEUR_7655,Cortex,58.55,19.56,Macaca mulatta
NEUR_3138,Amygdala,69.75,89.96,Rattus norvegicus
NEUR_9819,Cortex,139.93,34.46,Danio rerio
NEUR_2159,Hypothalamus,32.76,92.96,Rattus norvegicus
NEUR_2306,Thalamus,33.43,111.07,Macaca mulatta
NEUR_8795,Hippocampus,100.49,55.29,Mus musculus
NEUR_1021,Cortex,51.97,43.59,Mus musculus
NEUR_6943,Amygdala,51.08,28.9,Danio rerio
NEUR_8200,Thalamus,88.42,62.63,Rattus norvegicus
NEUR_3539,Thalamus,27.32,99.93,Mus musculus
NEUR_7391,Striatum,139.63,63.16,Danio rerio
NEUR_2321,Thalamus,81.63,31.35,Mus musculus
NEUR_9272,Cortex,115.13,104.26,Macaca mulatta
NEUR_4095,Hippocampus,55.82,106.14,Mus musculus
NEUR_4521,Cortex,17.99,91.59,Mus musculus
NEUR_8920,Striatum,72.23,36.12,Danio rerio
NEUR_8662,Hypothalamus,103.01,82.42,Mus musculus
NEUR_6963,Amygdala,6.83,47.78,Macaca mulatta
NEUR_9161,Cerebellum,24.77,55.94,Danio rerio
NEUR_8154,Hippocampus,108.52,56.29,Mus musculus
NEUR_2062,Cortex,142.58,80.76,Macaca mulatta
NEUR_5892,Cortex,148.17,18.73,Mus musculus
NEUR_7554,Amygdala,8.3,87.34,Macaca mulatta
NEUR_6294,Cerebellum,135.79,15.4,Rattus norvegicus
NEUR_2838,Striatum,85.27,16.07,Mus musculus
NEUR_9795,Thalamus,8.16,114.3,Rattus norvegicus
NEUR_7935,Cortex,87.95,66.35,Macaca mulatta
NEUR_3700,Hippocampus,81.36,78.42,Danio rerio
NEUR_5945,Thalamus,100.35,17.27,Danio rerio
NEUR_8064,Thalamus,125.28,114.4,Danio rerio
NEUR_6521,Amygdala,136.09,37.05,Rattus norvegicus
NEUR_8951,Cortex,107.37,55.02,Danio rerio
NEUR_2304,Hypothalamus,1.67,65.71,Danio rerio
NEUR_4022,Amygdala,144.45,23.5,Macaca mulatta
NEUR_4109,Hypothalamus,48.56,46.74,Danio rerio
NEUR_8160,Hippocampus,16.74,67.86,Danio rerio
NEUR_3311,Amygdala,51.22,45.66,Danio rerio
NEUR_5493,Amygdala,46.62,80.24,Rattus norvegicus
NEUR_6870,Amygdala,145.35,101.95,Danio rerio
NEUR_2635,Thalamus,116.31,53.91,Rattus norvegicus
NEUR_4315,Cerebellum,31.01,64.21,Danio rerio
NEUR_2218,Hippocampus,133.34,57.48,Macaca mulatta
NEUR_5110,Hypothalamus,142.97,62.64,Rattus norvegicus
NEUR_2749,Cortex,93.95,18.2,Danio rerio
NEUR_8720,Hippocampus,89.6,115.13,Mus musculus
NEUR_9309,Amygdala,77.37,52.97,Danio rerio
NEUR_1894,Cortex,0.9,54.76,Rattus norvegicus
NEUR_1809,Cerebellum,63.35,23.26,Danio rerio
NEUR_9015,Thalamus,86.82,63.15,Mus musculus
NEUR_6647,Cortex,98.25,81.27,Macaca mulatta
NEUR_5542,Cortex,124.73,57.74,Macaca mulatta
NEUR_4812,Cortex,38.01,85.19,Mus musculus
NEUR_4750,Cortex,68.39,98.65,Rattus norvegicus
NEUR_5875,Cortex,136.86,74.2,Mus musculus
NEUR_5287,Striatum,78.28,116.99,Macaca mulatta
NEUR_2924,Hippocampus,67.7,16.73,Macaca mulatta
NEUR_5219,Cerebellum,79.44,99.89,Danio rerio
NEUR_4471,Thalamus,72.81,55.86,Danio rerio
NEUR_4901,Cortex,92.08,106.66,Mus musculus
NEUR_3443,Thalamus,106.22,22.12,Macaca mulatta
NEUR_6146,Cerebellum,129.17,47.01,Danio rerio
NEUR_5652,Amygdala,79.42,97.87,Danio rerio
NEUR_1559,Hypothalamus,109.48,20.26,Mus musculus
NEUR_2212,Hippocampus,101.48,47.86,Macaca mulatta
NEUR_6639,Thalamus,110.87,11.67,Rattus norvegicus
NEUR_9349,Striatum,26.71,113.3,Macaca mulatta
NEUR_8296,Striatum,128.25,53.85,Macaca mulatta
NEUR_4832,Hypothalamus,58.49,56.17,Rattus norvegicus
NEUR_2426,Hippocampus,132.62,44.86,Macaca mulatta
NEUR_4145,Thalamus,119.5,80.49,Macaca mulatta
NEUR_6680,Amygdala,111.26,100.03,Mus musculus
NEUR_4874,Cortex,73.28,50.92,Rattus norvegicus
NEUR_6173,Hippocampus,129.65,103.69,Rattus norvegicus
NEUR_7733,Amygdala,16.75,17.37,Rattus norvegicus
NEUR_6735,Cerebellum,40.57,30.23,Rattus norvegicus
NEUR_4106,Hypothalamus,3.36,117.94,Danio rerio
NEUR_7078,Cerebellum,112.23,10.86,Mus musculus
NEUR_3495,Striatum,116.49,51.42,Rattus norvegicus
NEUR_4915,Hypothalamus,126.69,83.91,Rattus norvegicus
NEUR_7670,Hypothalamus,6.4,118.03,Danio rerio
NEUR_1945,Hippocampus,25.51,99.05,Mus musculus
NEUR_8622,Thalamus,147.42,12.7,Mus musculus
NEUR_4258,Striatum,83.84,31.27,Mus musculus
NEUR_3021,Hypothalamus,50.5,41.87,Mus musculus
NEUR_5562,Hypothalamus,15.87,88.7,Rattus norvegicus
NEUR_4803,Cortex,100.22,65.05,Rattus norvegicus
NEUR_6275,Cortex,48.6,114.29,Macaca mulatta
NEUR_8143,Amygdala,4.54,39.15,Mus musculus
NEUR_4949,Cerebellum,80.43,115.16,Danio rerio
NEUR_2222,Cerebellum,71.91,76.95,Macaca mulatta
NEUR_5308,Striatum,143.09,104.59,Rattus norvegicus
NEUR_2531,Hypothalamus,36.74,27.29,Danio rerio
NEUR_2710,Hippocampus,41.91,33.78,Rattus norvegicus
NEUR_8492,Hippocampus,45.86,52.87,Macaca mulatta
NEUR_4756,Hypothalamus,35.78,66.01,Rattus norvegicus
NEUR_8960,Hippocampus,81.99,109.76,Mus musculus
NEUR_2408,Cerebellum,98.33,111.48,Mus musculus
NEUR_1382,Hippocampus,20.5,116.7,Danio rerio
NEUR_3581,Cerebellum,15.24,115.02,Danio rerio
NEUR_9495,Amygdala,20.44,10.19,Mus musculus
NEUR_7503,Thalamus,137.93,104.63,Mus musculus
NEUR_2939,Hippocampus,10.11,27.72,Danio rerio
NEUR_7109,Cortex,23.53,53.8,Mus musculus
NEUR_3707,Cortex,28.28,44.35,Macaca mulatta
NEUR_4006,Cortex,61.85,85.82,Danio rerio
NEUR_8981,Cerebellum,81.89,81.87,Macaca mulatta
NEUR_2396,Thalamus,4.14,115.2,Rattus norvegicus
NEUR_1805,Cortex,37.3,110.23,Danio rerio
NEUR_9470,Striatum,60.23,109.9,Mus musculus
NEUR_8691,Amygdala,39.93,92.67,Danio rerio
NEUR_8911,Hippocampus,123.33,86.35,Macaca mulatta
NEUR_3251,Hypothalamus,57.4,85.06,Danio rerio
NEUR_1450,Hippocampus,80.66,100.22,Macaca mulatta
NEUR_8706,Thalamus,11.65,19.23,Rattus norvegicus
NEUR_3664,Hypothalamus,148.09,10.13,Rattus norvegicus
NEUR_3435,Striatum,89.24,24.12,Macaca mulatta
NEUR_5122,Hypothalamus,19.68,48.01,Rattus norvegicus
NEUR_2876,Cerebellum,125.02,104.91,Macaca mulatta
NEUR_2917,Striatum,108.29,84.51,Mus musculus
NEUR_3554,Thalamus,56.88,35.84,Rattus norvegicus
NEUR_5002,Hypothalamus,95.67,99.41,Rattus norvegicus
NEUR_6335,Hippocampus,22.5,42.23,Rattus norvegicus
NEUR_1775,Cerebellum,60.65,28.23,Danio rerio
NEUR_8937,Hippocampus,43.29,70.95,Rattus norvegicus
NEUR_6713,Hippocampus,0.92,48.45,Macaca mulatta
NEUR_6879,Cerebellum,99.32,23.05,Rattus norvegicus
NEUR_1584,Striatum,39.31,118.5,Mus musculus
NEUR_4365,Cortex,126.39,16.66,Mus musculus
NEUR_3370,Thalamus,95.28,37.96,Danio rerio
NEUR_4703,Amygdala,6.1,105.78,Mus musculus
NEUR_7692,Amygdala,51.49,18.57,Macaca mulatta
NEUR_7427,Cortex,9.45,91.25,Macaca mulatta
NEUR_4353,Hippocampus,12.36,115.22,Mus musculus
NEUR_9460,Cortex,148.17,27.16,Danio rerio
NEUR_8898,Cortex,110.45,118.82,Danio rerio
NEUR_5523,Amygdala,42.4,100.65,Rattus norvegicus
NEUR_1019,Striatum,79.29,46.3,Macaca mulatta
NEUR_1148,Cortex,0.75,23.71,Danio rerio
NEUR_1030,Striatum,67.26,100.02,Macaca mulatta
NEUR_2493,Amygdala,12.11,73.14,Mus musculus
NEUR_5079,Cortex,58.21,112.8,Rattus norvegicus
NEUR_7658,Cerebellum,145.63,13.83,Macaca mulatta
NEUR_4110,Amygdala,65.67,33.84,Rattus norvegicus
NEUR_8452,Hypothalamus,74.84,112.51,Mus musculus
NEUR_6423,Hypothalamus,33.97,60.82,Danio rerio
NEUR_6111,Hypothalamus,148.22,116.2,Rattus norvegicus
NEUR_3946,Hypothalamus,114.12,118.62,Danio rerio
NEUR_3178,Hippocampus,104.3,118.86,Mus musculus
NEUR_9929,Striatum,120.55,46.26,Danio rerio
NEUR_7873,Cerebellum,33.79,47.21,Mus musculus
NEUR_1465,Cortex,84.65,118.06,Macaca mulatta
NEUR_3720,Hippocampus,136.95,95.54,Rattus norvegicus
NEUR_7665,Cortex,125.88,40.57,Macaca mulatta
NEUR_4841,Thalamus,12.54,50.96,Macaca mulatta
NEUR_9959,Hypothalamus,48.31,81.2,Macaca mulatta
NEUR_5303,Striatum,123.64,47.22,Mus musculus
NEUR_4031,Amygdala,68.55,45.21,Macaca mulatta
NEUR_4955,Thalamus,30.72,67.94,Macaca mulatta
NEUR_8123,Hypothalamus,86.31,86.71,Macaca mulatta
NEUR_7446,Cerebellum,106.83,14.68,Macaca mulatta
NEUR_6845,Striatum,19.87,103.7,Macaca mulatta
NEUR_2308,Hypothalamus,124.13,103.26,Rattus norvegicus
NEUR_5563,Thalamus,49.29,47.43,Macaca mulatta
NEUR_1173,Striatum,121.41,106.28,Rattus norvegicus
NEUR_2352,Cortex,147.0,50.99,Mus musculus
NEUR_2588,Hippocampus,46.14,73.34,Macaca mulatta
NEUR_1384,Cerebellum,42.5,55.12,Rattus norvegicus
NEUR_4693,Thalamus,112.66,24.95,Macaca mulatta
NEUR_3872,Striatum,92.31,103.06,Rattus norvegicus
NEUR_2869,Cerebellum,16.4,25.55,Danio rerio
NEUR_6240,Cerebellum,1.45,114.57,Rattus norvegicus
NEUR_6763,Hippocampus,89.77,72.1,Danio rerio
NEUR_6540,Thalamus,2.41,31.5,Macaca mulatta
NEUR_6778,Cortex,96.19,83.44,Macaca mulatta
NEUR_6704,Cortex,57.08,112.87,Rattus norvegicus
NEUR_6761,Hippocampus,95.71,52.43,Danio rerio
NEUR_6489,Thalamus,46.56,82.76,Danio rerio
NEUR_8438,Cerebellum,54.47,15.88,Mus musculus
NEUR_1867,Striatum,92.78,28.24,Danio rerio
NEUR_7208,Cerebellum,34.17,81.5,Rattus norvegicus
NEUR_9197,Thalamus,89.64,37.84,Rattus norvegicus
NEUR_5971,Hippocampus,147.54,34.74,Mus musculus
NEUR_2520,Hippocampus,107.08,84.83,Macaca mulatta
NEUR_4862,Hypothalamus,29.49,75.39,Macaca mulatta
NEUR_4984,Cortex,15.35,117.32,Macaca mulatta
NEUR_5260,Hypothalamus,110.5,91.14,Mus musculus
NEUR_5535,Hypothalamus,113.81,18.64,Rattus norvegicus
NEUR_5216,Thalamus,111.2,10.14,Rattus norvegicus
NEUR_3406,Amygdala,70.76,108.03,Macaca mulatta
NEUR_6932,Thalamus,148.34,17.46,Macaca mulatta
NEUR_8146,Hypothalamus,45.12,105.76,Danio rerio
NEUR_5812,Striatum,12.54,85.58,Mus musculus
NEUR_6664,Cerebellum,27.63,72.25,Mus musculus
NEUR_2389,Hippocampus,35.14,57.75,Macaca mulatta
NEUR_6987,Cerebellum,34.57,71.47,Mus musculus
NEUR_6250,Hypothalamus,12.36,25.94,Danio rerio
NEUR_4197,Hypothalamus,99.65,15.34,Mus musculus
NEUR_8317,Hypothalamus,95.7,56.06,Danio rerio
NEUR_1082,Thalamus,100.28,101.35,Macaca mulatta
NEUR_9155,Thalamus,84.14,106.78,Rattus norvegicus
NEUR_5436,Cortex,41.63,112.68,Mus musculus
NEUR_3550,Amygdala,123.06,62.9,Mus musculus
NEUR_8274,Hippocampus,29.28,62.0,Macaca mulatta
NEUR_6958,Amygdala,106.44,16.38,Rattus norvegicus
NEUR_8597,Hypothalamus,112.86,54.57,Macaca mulatta
NEUR_7369,Hypothalamus,18.36,48.38,Rattus norvegicus
NEUR_5973,Hippocampus,146.97,85.34,Macaca mulatta
NEUR_1065,Hypothalamus,8.82,26.82,Mus musculus
NEUR_9037,Striatum,108.82,45.66,Macaca mulatta
NEUR_5212,Hippocampus,14.09,64.38,Danio rerio
NEUR_3185,Hippocampus,9.2,27.1,Rattus norvegicus
NEUR_8059,Amygdala,90.88,44.35,Rattus norvegicus
NEUR_9403,Striatum,50.3,93.07,Danio rerio
NEUR_6333,Thalamus,113.78,47.98,Mus musculus
NEUR_1942,Striatum,92.58,78.56,Danio rerio
NEUR_6773,Cerebellum,121.78,43.99,Danio rerio
NEUR_2128,Amygdala,85.81,110.19,Danio rerio
NEUR_4363,Thalamus,79.97,74.81,Macaca mulatta
NEUR_5485,Hippocampus,2.42,65.61,Macaca mulatta
NEUR_3825,Amygdala,39.87,77.88,Mus musculus
NEUR_3044,Cerebellum,44.16,25.95,Macaca mulatta
NEUR_2606,Amygdala,120.24,42.65,Rattus norvegicus
NEUR_2552,Striatum,12.26,71.83,Rattus norvegicus
NEUR_4052,Striatum,130.9,36.38,Mus musculus
NEUR_1798,Hippocampus,144.77,14.47,Macaca mulatta
NEUR_3136,Cortex,3.59,18.24,Mus musculus
NEUR_8435,Cortex,33.06,66.89,Rattus norvegicus
NEUR_7137,Thalamus,19.13,51.21,Danio rerio
NEUR_2457,Amygdala,90.38,103.23,Danio rerio
NEUR_2455,Amygdala,81.64,28.45,Danio rerio
NEUR_7351,Hypothalamus,44.51,31.5,Rattus norvegicus
NEUR_9949,Hypothalamus,80.28,15.24,Macaca mulatta
NEUR_3381,Striatum,134.3,11.51,Mus musculus
NEUR_6618,Striatum,25.18,82.16,Macaca mulatta
NEUR_9746,Thalamus,141.76,21.21,Danio rerio
NEUR_1691,Cortex,56.23,20.05,Danio rerio
NEUR_9034,Hippocampus,36.6,35.27,Mus musculus
NEUR_7569,Amygdala,48.79,43.69,Mus musculus
NEUR_1256,Cerebellum,69.52,47.62,Mus musculus
NEUR_7686,Hypothalamus,54.15,50.58,Mus musculus
NEUR_2138,Cortex,75.51,108.51,Macaca mulatta
NEUR_9511,Cerebellum,130.0,36.86,Mus musculus
NEUR_7206,Cortex,76.7,28.08,Danio rerio
NEUR_4739,Hypothalamus,84.32,52.55,Macaca mulatta
NEUR_9300,Hypothalamus,40.04,68.13,Rattus norvegicus
NEUR_7310,Amygdala,7.45,109.64,Danio rerio
NEUR_1163,Striatum,133.2,15.77,Mus musculus
NEUR_6328,Cortex,125.08,27.67,Mus musculus
NEUR_2350,Striatum,11.87,106.96,Danio rerio
NEUR_9978,Hypothalamus,112.85,108.43,Macaca mulatta
NEUR_5800,Cerebellum,84.47,73.25,Rattus norvegicus
NEUR_6433,Striatum,128.91,19.09,Danio rerio
NEUR_1019,Amygdala,42.65,102.69,Rattus norvegicus
NEUR_6713,Cortex,88.09,23.29,Mus musculus
NEUR_8278,Cerebellum,19.34,32.24,Rattus norvegicus
NEUR_3821,Striatum,128.32,12.04,Mus musculus
NEUR_7689,Striatum,126.86,80.74,Danio rerio
NEUR_7408,Hypothalamus,0.8,33.19,Mus musculus
NEUR_7511,Cortex,40.5,10.07,Mus musculus
NEUR_2662,Cerebellum,127.32,72.65,Danio rerio
NEUR_7645,Cerebellum,110.18,112.79,Danio rerio
NEUR_1320,Hypothalamus,83.85,28.98,Macaca mulatta
NEUR_9146,Hippocampus,99.22,27.01,Mus musculus
NEUR_5375,Hippocampus,147.5,108.59,Danio rerio
NEUR_8395,Cortex,18.5,40.3,Danio rerio
NEUR_9048,Amygdala,28.22,88.63,Mus musculus
NEUR_4279,Hypothalamus,70.17,11.6,Macaca mulatta
NEUR_5563,Hippocampus,100.55,55.7,Danio rerio
NEUR_9707,Cortex,143.05,91.81,Mus musculus
NEUR_6445,Cerebellum,31.2,49.8,Mus musculus
NEUR_6437,Amygdala,59.38,62.57,Rattus norvegicus
NEUR_7663,Hypothalamus,16.0,64.08,Macaca mulatta
NEUR_4454,Cortex,39.17,21.01,Danio rerio
NEUR_4677,Amygdala,31.04,47.68,Danio rerio
NEUR_3454,Cerebellum,48.21,105.81,Danio rerio
NEUR_2854,Hippocampus,100.99,29.3,Rattus norvegicus
NEUR_2434,Amygdala,116.85,80.5,Macaca mulatta
NEUR_4339,Hippocampus,25.68,56.16,Rattus norvegicus
NEUR_7639,Striatum,74.88,119.39,Rattus norvegicus
NEUR_2056,Striatum,118.74,34.78,Danio rerio
NEUR_7632,Hippocampus,135.14,112.91,Danio rerio
NEUR_1683,Cerebellum,116.07,22.67,Mus musculus
NEUR_5263,Hypothalamus,146.97,78.26,Danio rerio
NEUR_2861,Hypothalamus,46.86,60.24,Mus musculus
NEUR_4048,Striatum,147.17,104.54,Rattus norvegicus
NEUR_1291,Striatum,55.24,57.26,Macaca mulatta
NEUR_3189,Cortex,141.07,66.48,Mus musculus
NEUR_3574,Striatum,103.71,36.67,Danio rerio
NEUR_3374,Thalamus,128.33,26.64,Macaca mulatta
NEUR_7586,Striatum,118.85,14.99,Danio rerio
NEUR_6307,Striatum,54.65,69.87,Mus musculus
NEUR_9843,Thalamus,84.32,44.85,Macaca mulatta
NEUR_2627,Striatum,38.9,29.43,Danio rerio
NEUR_4342,Thalamus,130.18,115.69,Mus musculus
NEUR_3628,Hypothalamus,116.99,26.28,Mus musculus
NEUR_6975,Cerebellum,44.25,100.26,Mus musculus
NEUR_1930,Striatum,46.23,85.45,Mus musculus
NEUR_1145,Hypothalamus,50.19,100.81,Mus musculus
NEUR_3611,Cerebellum,0.84,31.43,Rattus norvegicus
NEUR_2862,Cortex,12.65,75.16,Macaca mulatta
NEUR_2152,Cerebellum,3.56,77.01,Danio rerio
NEUR_9078,Cerebellum,139.12,59.27,Danio rerio
NEUR_1040,Amygdala,27.63,31.41,Danio rerio
NEUR_6626,Striatum,51.74,87.65,Rattus norvegicus
NEUR_1223,Cerebellum,108.4,85.55,Macaca mulatta
NEUR_2638,Hippocampus,32.86,66.3,Macaca mulatta
NEUR_3022,Cortex,7.63,55.4,Macaca mulatta
NEUR_1785,Hippocampus,96.49,26.79,Mus musculus
NEUR_5523,Striatum,0.1,53.9,Macaca mulatta
NEUR_5456,Cortex,7.28,107.07,Danio rerio
NEUR_8630,Thalamus,0.86,58.38,Rattus norvegicus
NEUR_1945,Amygdala,85.93,22.77,Macaca mulatta
NEUR_4231,Hippocampus,94.69,28.03,Danio rerio
NEUR_2520,Hippocampus,16.47,57.86,Rattus norvegicus
NEUR_8143,Striatum,128.03,70.35,Mus musculus
NEUR_2500,Cortex,111.03,95.83,Macaca mulatta
NEUR_5303,Amygdala,80.68,58.68,Rattus norvegicus
NEUR_2645,Thalamus,41.87,35.7,Mus musculus
NEUR_4650,Amygdala,61.43,45.37,Danio rerio
NEUR_8743,Amygdala,132.27,107.66,Danio rerio
NEUR_4185,Hypothalamus,126.95,70.66,Mus musculus
NEUR_6642,Amygdala,66.84,103.96,Danio rerio
NEUR_9359,Hypothalamus,65.48,108.43,Danio rerio
NEUR_4546,Amygdala,60.12,118.33,Danio rerio
NEUR_7567,Cerebellum,129.48,33.98,Mus musculus
NEUR_6653,Thalamus,128.68,64.67,Mus musculus
NEUR_7147,Cortex,12.55,111.71,Mus musculus
NEUR_5243,Hippocampus,49.96,29.14,Macaca mulatta
NEUR_3878,Hippocampus,110.56,34.66,Mus musculus
NEUR_3257,Cortex,37.54,69.19,Mus musculus
NEUR_9424,Striatum,93.1,75.8,Macaca mulatta
NEUR_8036,Cerebellum,35.28,23.63,Danio rerio
NEUR_5197,Hippocampus,83.88,114.07,Mus musculus
NEUR_2283,Cerebellum,43.53,70.72,Mus musculus
NEUR_2337,Thalamus,46.17,75.11,Mus musculus
NEUR_5340,Striatum,112.6,101.84,Macaca mulatta
NEUR_9565,Amygdala,140.0,91.09,Danio rerio
NEUR_3830,Hippocampus,78.26,33.6,Macaca mulatta
NEUR_8669,Cortex,17.12,65.63,Danio rerio
NEUR_4983,Cortex,41.53,73.19,Mus musculus
NEUR_3149,Thalamus,44.45,53.94,Rattus norvegicus
NEUR_7059,Cortex,30.25,52.46,Mus musculus
NEUR_7689,Striatum,14.97,47.74,Mus musculus
NEUR_8459,Amygdala,124.43,107.13,Danio rerio
NEUR_4979,Thalamus,66.64,28.58,Danio rerio
NEUR_9929,Striatum,1.88,104.44,Mus musculus
NEUR_9555,Striatum,45.47,110.99,Rattus norvegicus
NEUR_2027,Amygdala,48.24,104.0,Rattus norvegicus
NEUR_9904,Cerebellum,38.39,100.94,Mus musculus
NEUR_1471,Amygdala,101.65,114.8,Mus musculus
NEUR_2960,Amygdala,56.63,30.81,Mus musculus
NEUR_8143,Hippocampus,102.05,33.74,Mus musculus
NEUR_2981,Cerebellum,96.4,53.6,Mus musculus
NEUR_6838,Striatum,97.01,108.42,Macaca mulatta
NEUR_6664,Thalamus,7.75,57.1,Macaca mulatta
NEUR_4928,Thalamus,100.27,48.92,Danio rerio
NEUR_4899,Cortex,50.49,119.96,Mus musculus
NEUR_4567,Amygdala,45.87,12.62,Mus musculus
NEUR_3699,Hypothalamus,95.75,117.09,Rattus norvegicus
NEUR_9235,Amygdala,108.33,32.4,Macaca mulatta
NEUR_9288,Amygdala,68.5,14.23,Danio rerio
NEUR_7719,Striatum,66.24,56.9,Rattus norvegicus
NEUR_1402,Striatum,118.42,47.55,Rattus norvegicus
NEUR_9013,Thalamus,145.5,28.58,Mus musculus
NEUR_6185,Cortex,36.79,64.92,Mus musculus
NEUR_4672,Striatum,146.37,99.14,Macaca mulatta
NEUR_5261,Cerebellum,31.58,33.53,Rattus norvegicus
NEUR_2869,Cortex,85.53,72.64,Mus musculus
NEUR_7910,Cortex,147.8,72.75,Mus musculus
NEUR_7909,Hypothalamus,7.18,105.66,Mus musculus
NEUR_9451,Cortex,128.33,108.63,Rattus norvegicus
NEUR_1652,Hippocampus,33.41,93.05,Rattus norvegicus
NEUR_6042,Amygdala,139.41,11.42,Macaca mulatta
NEUR_8686,Amygdala,58.61,41.49,Mus musculus
NEUR_1333,Striatum,88.37,54.01,Mus musculus
NEUR_6310,Cortex,7.68,50.17,Mus musculus
NEUR_6622,Thalamus,115.86,85.01,Macaca mulatta
NEUR_3005,Amygdala,116.45,16.42,Mus musculus
NEUR_6189,Striatum,98.84,111.63,Rattus norvegicus
NEUR_9047,Amygdala,141.8,41.04,Rattus norvegicus
NEUR_2647,Hypothalamus,64.29,17.55,Danio rerio
NEUR_8894,Thalamus,50.02,50.65,Rattus norvegicus
NEUR_3665,Cerebellum,131.29,79.58,Mus musculus
NEUR_9549,Striatum,124.81,44.97,Mus musculus
NEUR_4653,Thalamus,42.71,73.26,Danio rerio
NEUR_6192,Cortex,58.58,47.98,Danio rerio
NEUR_6981,Thalamus,0.41,105.35,Rattus norvegicus
NEUR_5880,Thalamus,28.59,52.4,Mus musculus
NEUR_6896,Striatum,52.57,96.54,Macaca mulatta
NEUR_4710,Hippocampus,64.03,108.04,Rattus norvegicus
NEUR_4499,Thalamus,7.69,95.19,Danio rerio
NEUR_7970,Thalamus,23.47,35.34,Macaca mulatta
NEUR_8458,Cerebellum,141.73,113.74,Rattus norvegicus
NEUR_9715,Amygdala,6.72,86.48,Rattus norvegicus
NEUR_1620,Striatum,54.36,49.4,Danio rerio
NEUR_6052,Amygdala,70.78,110.66,Danio rerio
NEUR_9012,Hippocampus,120.91,71.34,Rattus norvegicus
NEUR_8198,Thalamus,8.99,15.86,Rattus norvegicus
NEUR_2025,Striatum,97.31,92.52,Danio rerio
NEUR_9525,Hippocampus,146.93,54.78,Macaca mulatta
NEUR_2301,Cerebellum,18.46,34.0,Danio rerio
NEUR_9408,Thalamus,6.46,39.64,Macaca mulatta
NEUR_6560,Hippocampus,101.33,44.09,Macaca mulatta
NEUR_2054,Cerebellum,84.54,41.22,Mus musculus
NEUR_1027,Cortex,24.28,32.64,Mus musculus
NEUR_2850,Thalamus,140.06,72.51,Mus musculus
NEUR_7144,Amygdala,7.81,68.45,Macaca mulatta
NEUR_1581,Hypothalamus,40.62,14.64,Rattus norvegicus
NEUR_7860,Amygdala,75.26,119.87,Danio rerio
NEUR_6166,Amygdala,84.98,14.36,Mus musculus
NEUR_4299,Cerebellum,110.93,33.45,Macaca mulatta
NEUR_3457,Cerebellum,78.79,26.04,Rattus norvegicus
NEUR_2061,Striatum,9.99,40.88,Mus musculus
NEUR_3373,Thalamus,118.32,119.91,Macaca mulatta
NEUR_2875,Cortex,108.04,31.99,Rattus norvegicus
NEUR_2729,Hypothalamus,56.48,100.06,Rattus norvegicus
NEUR_8076,Thalamus,98.35,24.0,Macaca mulatta
NEUR_2341,Thalamus,57.28,107.95,Danio rerio
NEUR_2216,Hippocampus,122.45,24.2,Danio rerio
NEUR_6840,Cortex,54.96,83.84,Macaca mulatta
NEUR_2852,Cerebellum,42.42,50.76,Macaca mulatta
NEUR_1306,Cerebellum,141.12,113.2,Danio rerio
NEUR_9765,Hippocampus,138.33,64.43,Macaca mulatta
NEUR_1907,Striatum,128.98,54.53,Mus musculus
NEUR_2280,Amygdala,74.23,108.73,Danio rerio
NEUR_3876,Striatum,116.17,69.65,Mus musculus
NEUR_1851,Cortex,66.37,17.46,Danio rerio
NEUR_8316,Striatum,78.9,96.23,Rattus norvegicus
NEUR_3472,Amygdala,100.99,96.71,Rattus norvegicus
NEUR_8601,Hypothalamus,50.34,66.72,Macaca mulatta
NEUR_6687,Amygdala,115.24,18.73,Rattus norvegicus
NEUR_4941,Amygdala,14.8,83.14,Macaca mulatta
NEUR_1955,Cortex,123.81,109.53,Danio rerio
NEUR_7594,Hippocampus,135.94,37.2,Mus musculus
NEUR_2463,Thalamus,67.11,105.29,Danio rerio
NEUR_9147,Striatum,48.06,37.95,Mus musculus
NEUR_6269,Amygdala,100.56,77.54,Macaca mulatta
NEUR_5478,Cerebellum,135.56,71.36,Rattus norvegicus
NEUR_7021,Amygdala,55.51,30.13,Rattus norvegicus
NEUR_5228,Hypothalamus,20.6,58.61,Rattus norvegicus
NEUR_3638,Hippocampus,140.83,59.8,Danio rerio
NEUR_5157,Striatum,82.56,31.96,Macaca mulatta
NEUR_3002,Thalamus,53.57,74.19,Mus musculus
NEUR_2011,Striatum,116.92,101.5,Rattus norvegicus
NEUR_6295,Striatum,53.49,52.94,Mus musculus
NEUR_4598,Cerebellum,148.72,45.02,Rattus norvegicus
NEUR_5147,Amygdala,34.03,116.46,Danio rerio
NEUR_9199,Hippocampus,17.96,45.4,Danio rerio
NEUR_4006,Hippocampus,77.64,43.73,Macaca mulatta
NEUR_2076,Cortex,8.87,35.06,Macaca mulatta
NEUR_1922,Cortex,75.86,13.25,Macaca mulatta
NEUR_6073,Amygdala,125.95,45.76,Rattus norvegicus
NEUR_3268,Cortex,5.87,20.69,Mus musculus
NEUR_9759,Hypothalamus,27.52,116.21,Danio rerio
NEUR_9396,Hypothalamus,141.03,46.23,Mus musculus
NEUR_8681,Thalamus,43.64,24.43,Mus musculus
NEUR_7123,Cerebellum,125.36,55.45,Rattus norvegicus
NEUR_5796,Cortex,58.32,58.92,Mus musculus
NEUR_4777,Thalamus,26.1,60.06,Danio rerio
NEUR_2893,Cortex,96.83,103.3,Mus musculus
NEUR_6197,Thalamus,76.89,59.41,Danio rerio
NEUR_2739,Cerebellum,3.85,57.89,Rattus norvegicus
NEUR_3235,Thalamus,149.84,85.02,Rattus norvegicus
NEUR_3884,Thalamus,149.22,80.47,Macaca mulatta
NEUR_2912,Striatum,149.51,25.89,Rattus norvegicus
NEUR_6157,Hippocampus,56.74,79.46,Mus musculus
NEUR_1920,Hypothalamus,33.54,73.27,Danio rerio
NEUR_4975,Hypothalamus,73.7,81.58,Danio rerio
NEUR_8652,Cortex,129.0,79.45,Rattus norvegicus
NEUR_6834,Amygdala,74.49,67.41,Rattus norvegicus
NEUR_8136,Striatum,12.84,91.76,Rattus norvegicus
NEUR_5386,Thalamus,83.17,22.57,Rattus norvegicus
NEUR_2018,Hippocampus,73.23,101.81,Danio rerio
NEUR_1036,Thalamus,31.16,97.14,Mus musculus
NEUR_1946,Hypothalamus,16.73,30.14,Mus musculus
NEUR_7693,Cerebellum,103.24,85.9,Mus musculus
NEUR_1555,Hippocampus,128.55,98.34,Rattus norvegicus
NEUR_7102,Cortex,98.1,88.42,Rattus norvegicus
NEUR_9428,Amygdala,104.75,64.16,Rattus norvegicus
NEUR_7087,Cortex,20.4,75.63,Danio rerio
NEUR_6945,Hippocampus,41.67,21.68,Danio rerio
NEUR_9060,Hippocampus,11.16,108.47,Macaca mulatta
NEUR_8436,Hypothalamus,72.08,81.02,Macaca mulatta
NEUR_7510,Cerebellum,110.23,25.18,Mus musculus
NEUR_6662,Hypothalamus,120.19,72.64,Macaca mulatta
NEUR_1996,Cerebellum,35.79,74.05,Rattus norvegicus
NEUR_2393,Hippocampus,5.57,26.81,Mus musculus
NEUR_6053,Amygdala,2.82,32.47,Macaca mulatta
NEUR_4227,Amygdala,50.34,63.25,Mus musculus
NEUR_2071,Cortex,7.42,34.87,Danio rerio
NEUR_4385,Cerebellum,99.35,84.51,Danio rerio
NEUR_9756,Amygdala,79.93,89.3,Macaca mulatta
NEUR_6087,Amygdala,64.22,14.1,Mus musculus
NEUR_4099,Cortex,78.36,108.97,Danio rerio
NEUR_8197,Striatum,7.79,32.69,Mus musculus
NEUR_4344,Hypothalamus,31.13,92.82,Rattus norvegicus
NEUR_9478,Cortex,42.03,110.87,Rattus norvegicus
NEUR_1200,Striatum,31.93,37.99,Rattus norvegicus
NEUR_8267,Thalamus,130.39,70.61,Macaca mulatta
NEUR_3476,Thalamus,53.43,112.27,Danio rerio
NEUR_8021,Cerebellum,19.22,79.36,Mus musculus
NEUR_2164,Hypothalamus,49.42,111.11,Rattus norvegicus
NEUR_1315,Hypothalamus,2.07,111.7,Macaca mulatta
NEUR_2752,Hypothalamus,39.92,106.99,Macaca mulatta
NEUR_5460,Amygdala,139.26,81.77,Mus musculus
NEUR_5967,Amygdala,133.51,104.64,Danio rerio
NEUR_7258,Striatum,34.12,99.61,Rattus norvegicus
NEUR_9260,Cerebellum,59.86,38.63,Mus musculus
NEUR_2841,Amygdala,115.86,17.76,Danio rerio
NEUR_9392,Striatum,79.28,57.3,Danio rerio
NEUR_3330,Cortex,26.89,50.44,Mus musculus
NEUR_7375,Striatum,13.36,44.55,Rattus norvegicus
NEUR_4899,Hypothalamus,65.72,49.49,Danio rerio
NEUR_2094,Amygdala,35.27,86.65,Mus musculus
NEUR_4293,Cortex,40.42,100.99,Danio rerio
NEUR_5729,Striatum,54.98,33.2,Mus musculus
NEUR_7668,Cerebellum,7.36,23.5,Rattus norvegicus
NEUR_8932,Thalamus,87.34,33.29,Mus musculus
NEUR_6681,Cerebellum,65.71,115.72,Rattus norvegicus
NEUR_2008,Hippocampus,4.13,58.54,Macaca mulatta
NEUR_6083,Amygdala,11.6,35.85,Macaca mulatta
NEUR_5696,Amygdala,20.63,24.67,Rattus norvegicus
NEUR_1885,Cortex,69.48,70.97,Rattus norvegicus
NEUR_3220,Cerebellum,113.15,20.56,Rattus norvegicus
NEUR_4062,Hippocampus,141.37,80.42,Mus musculus
NEUR_8290,Thalamus,144.74,17.91,Mus musculus
NEUR_1053,Cortex,28.8,88.32,Rattus norvegicus
NEUR_8556,Hippocampus,103.46,39.92,Macaca mulatta
NEUR_6747,Hypothalamus,59.34,19.97,Mus musculus
NEUR_5465,Cerebellum,14.31,24.19,Mus musculus
NEUR_3911,Cortex,101.29,95.77,Macaca mulatta
NEUR_3450,Striatum,138.01,110.92,Rattus norvegicus
NEUR_1843,Cerebellum,74.37,87.17,Macaca mulatta
NEUR_8293,Cortex,10.28,80.04,Mus musculus
NEUR_3458,Amygdala,40.62,70.21,Rattus norvegicus
NEUR_2500,Hypothalamus,59.72,87.26,Danio rerio
NEUR_2190,Hypothalamus,91.7,103.42,Macaca mulatta
NEUR_9373,Cerebellum,42.49,92.21,Macaca mulatta
NEUR_5482,Striatum,69.5,35.75,Mus musculus
NEUR_8318,Cortex,7.61,97.48,Danio rerio
NEUR_1653,Thalamus,70.71,94.42,Mus musculus
NEUR_3420,Thalamus,138.77,97.3,Macaca mulatta
NEUR_9221,Thalamus,69.77,94.89,Rattus norvegicus
NEUR_7224,Hypothalamus,14.36,91.42,Mus musculus
NEUR_8095,Hypothalamus,147.42,85.55,Rattus norvegicus
NEUR_8409,Hypothalamus,58.0,67.77,Macaca mulatta
NEUR_7747,Cerebellum,111.5,39.02,Danio rerio
NEUR_2857,Amygdala,19.75,56.61,Mus musculus
NEUR_7338,Striatum,13.51,38.13,Rattus norvegicus
NEUR_5919,Cortex,71.59,72.85,Rattus norvegicus
NEUR_6124,Cerebellum,15.7,66.76,Rattus norvegicus
NEUR_7459,Thalamus,83.89,10.68,Danio rerio
NEUR_5425,Hippocampus,94.85,90.81,Mus musculus
NEUR_2332,Hypothalamus,83.67,63.12,Rattus norvegicus
NEUR_6488,Striatum,72.49,27.52,Rattus norvegicus
NEUR_4224,Thalamus,109.41,39.95,Rattus norvegicus
NEUR_9681,Cortex,112.44,49.56,Rattus norvegicus
NEUR_3483,Striatum,15.88,79.9,Mus musculus
NEUR_5345,Thalamus,94.73,89.39,Danio rerio
NEUR_3067,Cerebellum,0.74,60.58,Rattus norvegicus
NEUR_6618,Striatum,11.38,87.94,Mus musculus
NEUR_4387,Striatum,129.09,36.3,Rattus norvegicus
NEUR_5496,Hypothalamus,29.2,91.7,Rattus norvegicus
NEUR_9409,Amygdala,148.74,113.43,Macaca mulatta
NEUR_9882,Hypothalamus,89.45,112.9,Macaca mulatta
NEUR_9356,Hippocampus,53.11,45.8,Mus musculus
NEUR_6485,Cortex,104.16,66.23,Rattus norvegicus
NEUR_5599,Amygdala,35.81,52.08,Rattus norvegicus
NEUR_9043,Thalamus,15.36,104.0,Danio rerio
NEUR_4675,Striatum,88.19,61.98,Mus musculus
NEUR_3292,Hippocampus,116.39,63.17,Macaca mulatta
NEUR_2781,Hippocampus,129.74,53.33,Rattus norvegicus
NEUR_9981,Hippocampus,106.87,53.05,Rattus norvegicus
NEUR_5901,Cerebellum,108.85,58.56,Macaca mulatta
NEUR_1342,Amygdala,15.21,23.58,Mus musculus
NEUR_1806,Cerebellum,149.4,85.48,Rattus norvegicus
NEUR_2543,Cortex,100.81,77.12,Mus musculus
NEUR_9900,Cortex,75.48,53.89,Rattus norvegicus
NEUR_1239,Amygdala,106.53,37.76,Macaca mulatta
NEUR_8056,Thalamus,149.88,65.63,Rattus norvegicus
NEUR_8701,Hypothalamus,116.21,56.34,Mus musculus
NEUR_3080,Hypothalamus,4.73,30.48,Rattus norvegicus
NEUR_8573,Striatum,148.04,79.37,Danio rerio
NEUR_4372,Cerebellum,105.34,94.27,Mus musculus
NEUR_3613,Cortex,8.12,71.65,Danio rerio
NEUR_5297,Cortex,19.0,44.66,Danio rerio
NEUR_7341,Striatum,102.7,62.06,Mus musculus
NEUR_4714,Cerebellum,140.25,93.65,Mus musculus
NEUR_1717,Hippocampus,6.31,73.67,Mus musculus
NEUR_2091,Hippocampus,128.63,14.31,Macaca mulatta
NEUR_5385,Thalamus,90.68,102.29,Danio rerio
NEUR_9879,Striatum,44.93,119.54,Danio rerio
NEUR_2294,Amygdala,14.84,94.56,Rattus norvegicus
NEUR_1493,Cerebellum,30.03,19.22,Rattus norvegicus
NEUR_4901,Striatum,75.34,35.16,Danio rerio
NEUR_4795,Cortex,38.56,98.26,Mus musculus
NEUR_8313,Striatum,77.93,23.33,Danio rerio
NEUR_1652,Hypothalamus,95.48,66.67,Macaca mulatta
NEUR_1765,Striatum,23.53,81.6,Macaca mulatta
NEUR_3711,Striatum,96.5,74.78,Danio rerio
NEUR_2756,Striatum,73.29,112.95,Macaca mulatta
NEUR_8354,Striatum,100.39,81.02,Mus musculus
NEUR_7931,Striatum,48.68,114.51,Danio rerio
NEUR_5746,Hippocampus,148.55,113.08,Rattus norvegicus
NEUR_9074,Thalamus,30.25,46.5,Danio rerio
NEUR_9444,Striatum,121.62,105.05,Rattus norvegicus
NEUR_6046,Amygdala,99.18,38.2,Macaca mulatta
NEUR_1732,Thalamus,139.43,94.65,Macaca mulatta
NEUR_9436,Cerebellum,66.46,38.1,Rattus norvegicus
NEUR_5465,Hypothalamus,54.56,46.49,Mus musculus
NEUR_1991,Cerebellum,144.95,95.75,Rattus norvegicus
NEUR_4792,Hypothalamus,110.6,93.35,Rattus norvegicus
NEUR_1589,Cerebellum,54.92,99.83,Danio rerio
NEUR_7736,Cerebellum,132.76,69.37,Macaca mulatta
NEUR_7825,Cerebellum,128.63,12.38,Macaca mulatta
NEUR_4543,Hypothalamus,121.46,104.31,Danio rerio
NEUR_7488,Amygdala,82.65,37.14,Rattus norvegicus
NEUR_1386,Cerebellum,27.73,71.31,Danio rerio
NEUR_2180,Thalamus,139.03,51.33,Mus musculus
NEUR_9436,Cortex,65.82,103.12,Macaca mulatta
NEUR_7658,Amygdala,40.88,116.96,Macaca mulatta
NEUR_2313,Hypothalamus,148.77,16.2,Mus musculus
NEUR_8061,Cortex,27.04,25.86,Danio rerio
NEUR_7908,Cortex,88.55,100.99,Danio rerio
NEUR_1543,Cortex,84.91,20.25,Rattus norvegicus
NEUR_3771,Striatum,127.72,19.45,Rattus norvegicus
NEUR_5920,Cortex,40.93,40.32,Macaca mulatta
NEUR_7524,Cerebellum,114.87,46.05,Mus musculus
NEUR_7882,Cerebellum,103.73,84.43,Rattus norvegicus
NEUR_6965,Striatum,114.86,75.3,Macaca mulatta
NEUR_5169,Thalamus,87.82,12.92,Macaca mulatta
NEUR_1999,Thalamus,31.04,92.42,Mus musculus
NEUR_4247,Hippocampus,108.24,86.83,Mus musculus
NEUR_7906,Striatum,66.98,24.52,Macaca mulatta
NEUR_1957,Cortex,138.04,39.98,Macaca mulatta
NEUR_1986,Cortex,61.05,119.81,Macaca mulatta
NEUR_4774,Striatum,50.95,110.08,Macaca mulatta
NEUR_9754,Amygdala,66.83,97.75,Mus musculus
NEUR_8099,Hypothalamus,127.25,34.97,Danio rerio
NEUR_9772,Thalamus,134.03,57.67,Mus musculus
NEUR_6290,Amygdala,59.58,100.43,Danio rerio
NEUR_4089,Striatum,25.5,50.1,Mus musculus
NEUR_7073,Cerebellum,145.55,15.21,Macaca mulatta
NEUR_9216,Cortex,72.32,12.91,Rattus norvegicus
NEUR_8070,Cortex,100.59,102.84,Rattus norvegicus
NEUR_4097,Amygdala,113.63,47.85,Rattus norvegicus
NEUR_3389,Thalamus,51.27,40.73,Macaca mulatta
NEUR_1082,Cortex,14.3,47.3,Mus musculus
NEUR_8402,Hippocampus,69.05,60.22,Rattus norvegicus
NEUR_6824,Cerebellum,49.09,56.98,Danio rerio
NEUR_8535,Hypothalamus,79.13,54.5,Rattus norvegicus
NEUR_1681,Thalamus,78.47,84.13,Danio rerio
NEUR_4109,Cerebellum,2.18,16.03,Mus musculus
NEUR_9137,Striatum,43.89,104.9,Rattus norvegicus
NEUR_5322,Cortex,58.35,77.87,Rattus norvegicus
NEUR_3738,Cerebellum,107.93,88.82,Danio rerio
NEUR_5876,Cerebellum,24.42,56.01,Mus musculus
NEUR_6047,Striatum,32.64,20.66,Danio rerio
NEUR_4279,Cerebellum,148.75,86.54,Rattus norvegicus
NEUR_7344,Hippocampus,65.25,49.39,Rattus norvegicus
NEUR_5196,Hypothalamus,14.43,40.23,Mus musculus
NEUR_1596,Thalamus,107.89,21.19,Rattus norvegicus
NEUR_1693,Amygdala,50.95,92.82,Danio rerio
NEUR_1165,Thalamus,142.66,22.44,Macaca mulatta
NEUR_4885,Cerebellum,143.64,75.05,Mus musculus
NEUR_4389,Thalamus,66.37,34.62,Mus musculus
NEUR_2079,Hippocampus,46.52,109.13,Danio rerio
NEUR_3980,Cerebellum,76.36,29.75,Mus musculus
NEUR_4241,Amygdala,66.34,61.59,Mus musculus
NEUR_3042,Cerebellum,131.33,41.81,Mus musculus
NEUR_2833,Hypothalamus,90.74,35.86,Macaca mulatta
NEUR_1440,Hippocampus,7.78,85.88,Danio rerio
NEUR_8019,Amygdala,51.75,72.16,Mus musculus
NEUR_2349,Cortex,113.44,87.78,Mus musculus
NEUR_8761,Thalamus,100.36,45.98,Macaca mulatta
NEUR_3128,Hippocampus,74.03,70.77,Rattus norvegicus
NEUR_9709,Thalamus,125.57,36.94,Macaca mulatta
NEUR_5739,Cortex,9.51,57.26,Danio rerio
NEUR_6562,Cerebellum,42.55,92.34,Danio rerio
NEUR_9359,Hypothalamus,25.25,13.15,Macaca mulatta
NEUR_5695,Thalamus,86.58,37.43,Mus musculus
NEUR_1658,Cortex,105.48,88.11,Rattus norvegicus
NEUR_6897,Cerebellum,100.66,89.11,Danio rerio
NEUR_9116,Hippocampus,21.62,73.62,Mus musculus
NEUR_7834,Amygdala,134.67,107.85,Danio rerio
NEUR_1446,Hippocampus,45.93,87.08,Danio rerio
NEUR_3649,Cerebellum,141.14,81.68,Rattus norvegicus
NEUR_4799,Cerebellum,82.95,27.34,Mus musculus
NEUR_4735,Cortex,78.18,70.78,Mus musculus
NEUR_4449,Cortex,104.4,50.62,Mus musculus
NEUR_7992,Cortex,66.24,28.13,Macaca mulatta
NEUR_6328,Hypothalamus,76.12,105.0,Macaca mulatta
NEUR_2532,Striatum,75.49,89.44,Macaca mulatta
NEUR_9392,Thalamus,92.47,17.99,Macaca mulatta
NEUR_7689,Thalamus,123.31,73.52,Macaca mulatta
NEUR_3061,Hypothalamus,34.24,49.59,Macaca mulatta
NEUR_5425,Amygdala,66.34,87.23,Rattus norvegicus
NEUR_3103,Thalamus,21.87,85.9,Mus musculus
NEUR_9534,Hypothalamus,42.68,96.48,Rattus norvegicus
NEUR_4021,Thalamus,97.28,119.23,Mus musculus
NEUR_9446,Cortex,7.59,13.22,Mus musculus
NEUR_5070,Thalamus,10.81,37.56,Danio rerio
NEUR_3754,Thalamus,118.19,31.78,Rattus norvegicus
NEUR_6625,Cerebellum,106.58,23.68,Danio rerio
NEUR_8449,Thalamus,85.78,115.61,Mus musculus
NEUR_8589,Cerebellum,118.82,58.66,Rattus norvegicus
NEUR_9549,Amygdala,22.71,62.19,Mus musculus
NEUR_9342,Cerebellum,90.56,110.44,Macaca mulatta
NEUR_1005,Hypothalamus,123.05,74.67,Danio rerio
NEUR_8202,Hypothalamus,75.12,42.16,Rattus norvegicus
NEUR_1512,Amygdala,17.04,111.85,Macaca mulatta
NEUR_9242,Hippocampus,63.49,18.54,Danio rerio
NEUR_6755,Striatum,21.71,58.95,Mus musculus
NEUR_6158,Cerebellum,72.7,30.71,Rattus norvegicus
NEUR_9879,Cortex,86.54,51.29,Macaca mulatta
NEUR_1924,Hypothalamus,35.19,106.65,Mus musculus
NEUR_2436,Cerebellum,147.18,92.31,Macaca mulatta
NEUR_6613,Amygdala,26.31,111.44,Rattus norvegicus
NEUR_5800,Hippocampus,26.75,115.74,Macaca mulatta
NEUR_3606,Thalamus,83.27,79.49,Rattus norvegicus
NEUR_2846,Hypothalamus,11.15,90.18,Danio rerio
NEUR_2241,Thalamus,39.86,70.4,Rattus norvegicus
NEUR_2706,Cortex,38.03,58.81,Danio rerio
NEUR_3000,Striatum,31.58,63.25,Rattus norvegicus
NEUR_3611,Hypothalamus,29.06,21.22,Mus musculus
NEUR_7676,Hippocampus,6.26,23.28,Mus musculus
NEUR_3817,Amygdala,73.73,49.87,Macaca mulatta
NEUR_5207,Amygdala,147.07,81.67,Rattus norvegicus
NEUR_1157,Hypothalamus,92.48,119.86,Danio rerio
NEUR_2358,Thalamus,54.67,76.23,Rattus norvegicus
NEUR_7042,Hippocampus,24.98,109.85,Mus musculus
NEUR_5890,Thalamus,70.35,113.42,Rattus norvegicus
NEUR_3329,Amygdala,69.04,26.78,Rattus norvegicus
NEUR_3674,Thalamus,68.29,27.08,Rattus norvegicus
NEUR_5361,Hypothalamus,1.75,18.05,Mus musculus
NEUR_6834,Striatum,19.92,52.41,Macaca mulatta
NEUR_9985,Amygdala,54.82,11.06,Mus musculus
NEUR_9263,Amygdala,103.84,54.14,Rattus norvegicus
NEUR_6676,Cerebellum,27.5,65.02,Macaca mulatta
NEUR_1437,Cerebellum,85.29,68.48,Macaca mulatta
NEUR_3426,Striatum,96.47,62.9,Danio rerio
NEUR_3108,Thalamus,74.89,38.48,Macaca mulatta
NEUR_1510,Hippocampus,58.19,61.4,Macaca mulatta
NEUR_5645,Thalamus,25.49,76.8,Macaca mulatta
NEUR_6418,Striatum,3.62,66.65,Rattus norvegicus
NEUR_5894,Amygdala,103.16,47.84,Danio rerio
NEUR_8050,Cortex,71.86,96.65,Mus musculus
NEUR_4018,Amygdala,22.1,76.48,Mus musculus
NEUR_4258,Cortex,109.52,83.34,Mus musculus
NEUR_1995,Cortex,70.88,44.23,Rattus norvegicus
NEUR_7421,Amygdala,29.17,51.01,Rattus norvegicus
NEUR_8416,Cerebellum,113.42,87.43,Rattus norvegicus
NEUR_7305,Striatum,52.64,29.35,Danio rerio
NEUR_4677,Hippocampus,5.2,110.88,Danio rerio
NEUR_5493,Thalamus,75.74,71.32,Danio rerio
NEUR_8724,Hypothalamus,59.27,73.19,Macaca mulatta
NEUR_2620,Amygdala,67.77,73.29,Mus musculus
NEUR_4057,Hypothalamus,115.33,72.27,Mus musculus
NEUR_4921,Cortex,63.14,57.38,Danio rerio
NEUR_2797,Hippocampus,0.96,59.59,Macaca mulatta
NEUR_9577,Striatum,63.65,108.97,Danio rerio
NEUR_9149,Hypothalamus,1.28,19.13,Mus musculus
NEUR_8548,Hypothalamus,90.04,17.23,Macaca mulatta
NEUR_8064,Hypothalamus,104.36,93.28,Danio rerio
NEUR_9176,Thalamus,124.0,22.92,Danio rerio
NEUR_6409,Amygdala,71.59,40.98,Macaca mulatta
NEUR_9422,Cortex,33.52,114.27,Rattus norvegicus
NEUR_3751,Amygdala,98.61,27.75,Danio rerio
NEUR_9088,Cortex,86.28,96.84,Mus musculus
NEUR_1153,Cortex,41.14,18.41,Mus musculus
NEUR_1605,Hypothalamus,102.72,12.17,Danio rerio
NEUR_2880,Cerebellum,24.58,119.87,Rattus norvegicus
NEUR_1955,Hypothalamus,66.08,39.83,Danio rerio
NEUR_9162,Thalamus,135.78,18.43,Rattus norvegicus
NEUR_3960,Striatum,38.52,45.62,Mus musculus
NEUR_1026,Cortex,15.83,103.57,Rattus norvegicus
NEUR_2665,Cortex,25.15,46.76,Macaca mulatta
NEUR_5379,Striatum,116.18,99.9,Rattus norvegicus
NEUR_4231,Hypothalamus,134.49,57.33,Rattus norvegicus
NEUR_4609,Hypothalamus,29.77,74.11,Rattus norvegicus
NEUR_4028,Hypothalamus,21.3,23.06,Mus musculus
NEUR_4930,Hippocampus,148.66,96.51,Danio rerio
NEUR_5844,Striatum,101.25,97.12,Danio rerio
NEUR_2420,Amygdala,38.05,23.44,Macaca mulatta
